100	0.03	0.04	0.04	0	0	0.03
200	0.03	0.06	0.06	0	0	0.03
300	0.03	0.04	0.04	0	0	0.03
400	0.02	0.05	0.05	0	0	0.02
500	0.02	0.05	0.05	0	0	0.02
600	0.02	0.05	0.05	0	0	0.02
700	0.01	0.05	0.05	0	0	0.01
800	0.01	0.05	0.05	0	0	0.01
900	0.01	0.05	0.05	0	0	0.01
1000	0.01	0.03	0.03	0	0	0.01
1100	0.02	0.02	0.02	0	0	0.02
1200	0.01	0.03	0.03	0	0	0.01
1300	0.02	0.02	0.02	0	0	0.02
1400	0.01	0.01	0.01	0	0	0.01
1500	0.02	0.01	0.01	0	0	0.02
1600	0.02	0.02	0.02	0	0	0.02
1700	0	0.02	0.02	0	0	0
1800	0	0.04	0.04	0	0	0
1900	0	0.05	0.05	0	0	0
2000	0	0.06	0.06	0	0	0
2100	0	0.09	0.09	0	0	0
2200	0	0.06	0.06	0	0	0
2300	0.01	0.03	0.03	0	0	0.01
2400	0.01	0.02	0.02	0	0	0.01
2500	0.01	0.03	0.03	0	0	0.01
2600	0.03	0.04	0.04	0	0	0.03
2700	0.02	0.04	0.04	0	0	0.02
2800	0.02	0.03	0.03	0	0	0.02
2900	0.02	0.03	0.03	0	0	0.02
3000	0.01	0.03	0.03	0	0	0.01
3100	0.02	0.02	0.02	0	0	0.02
3200	0.04	0.03	0.03	0	0	0.04
3300	0.04	0.04	0.04	0	0	0.04
3400	0.03	0.05	0.05	0	0	0.03
3500	0.02	0.04	0.04	0	0	0.02
3600	0.01	0.04	0.04	0	0	0.01
3700	0.01	0.05	0.05	0	0	0.01
3800	0.01	0.04	0.04	0	0	0.01
3900	0.01	0.03	0.03	0	0	0.01
4000	0.01	0.03	0.03	0	0	0.01
4100	0.01	0.02	0.02	0	0	0.01
4200	0.01	0.01	0.01	0	0	0.01
4300	0.01	0	0	0	0	0.01
4400	0.03	0.02	0.02	0	0	0.03
4500	0.04	0.03	0.03	0	0	0.04
4600	0.02	0.03	0.03	0	0	0.02
4700	0.04	0.02	0.02	0	0	0.04
4800	0.03	0.03	0.03	0	0	0.03
4900	0.03	0.02	0.02	0	0	0.03
5000	0.02	0.01	0.01	0	0	0.02
5100	0.02	0.02	0.02	0	0	0.02
5200	0.02	0.03	0.03	0	0	0.02
5300	0.03	0.03	0.03	0	0	0.03
5400	0.04	0.05	0.05	0	0	0.04
5500	0.05	0.04	0.04	0	0	0.05
5600	0.07	0.04	0.04	0	0	0.07
5700	0.08	0.03	0.03	0	0	0.08
5800	0.09	0.02	0.02	0	0	0.09
5900	0.09	0.03	0.03	0	0	0.09
6000	0.07	0.01	0.01	0	0	0.07
6100	0.02	0.02	0.02	0	0	0.02
6200	0.01	0.04	0.04	0	0	0.01
6300	0	0.03	0.03	0	0	0
6400	0	0.04	0.04	0	0	0
6500	0	0.04	0.04	0	0	0
6600	0	0.02	0.02	0	0	0
6700	0.02	0.02	0.02	0	0	0.02
6800	0.01	0.01	0.01	0	0	0.01
6900	0.01	0.03	0.03	0	0	0.01
7000	0.01	0.04	0.04	0	0	0.01
7100	0	0.05	0.05	0	0	0
7200	0.01	0.04	0.04	0	0	0.01
7300	0.01	0.04	0.04	0	0	0.01
7400	0.01	0.02	0.02	0	0	0.01
7500	0	0.03	0.03	0	0	0
7600	0.01	0.01	0.01	0	0	0.01
7700	0.02	0.03	0.03	0	0	0.02
7800	0	0.03	0.03	0	0	0
7900	0.01	0.04	0.04	0	0	0.01
8000	0	0.04	0.04	0	0	0
8100	0	0.05	0.05	0	0	0
8200	0.01	0.03	0.03	0	0	0.01
8300	0.02	0.02	0.02	0	0	0.02
8400	0.04	0.02	0.02	0	0	0.04
8500	0.05	0.02	0.02	0	0	0.05
8600	0.06	0.01	0.01	0	0	0.06
8700	0.06	0.02	0.02	0	0	0.06
8800	0.05	0.03	0.03	0	0	0.05
8900	0.04	0.02	0.02	0	0	0.04
9000	0.05	0.03	0.03	0	0	0.05
9100	0.05	0.03	0.03	0	0	0.05
9200	0.03	0.03	0.03	0	0	0.03
9300	0.05	0.03	0.03	0	0	0.05
9400	0.05	0.03	0.03	0	0	0.05
9500	0.06	0.02	0.02	0	0	0.06
9600	0.06	0.03	0.03	0	0	0.06
9700	0.07	0.04	0.04	0	0	0.07
9800	0.08	0.04	0.04	0	0	0.08
9900	0.07	0.05	0.05	0	0	0.07
10000	0.06	0.05	0.05	0	0	0.06
10100	0.06	0.06	0.06	0	0	0.06
10200	0.05	0.04	0.04	0	0	0.05
10300	0.04	0.06	0.06	0	0	0.04
10400	0.02	0.05	0.05	0	0	0.02
10500	0.01	0.05	0.05	0	0	0.01
10600	0.02	0.02	0.02	0	0	0.02
10700	0.02	0.01	0.01	0	0	0.02
10800	0.02	0.01	0.01	0	0	0.02
10900	0.03	0.02	0.02	0	0	0.03
11000	0.04	0.05	0.05	0	0	0.04
11100	0.02	0.06	0.06	0	0	0.02
11200	0.02	0.06	0.06	0	0	0.02
11300	0.02	0.07	0.07	0	0	0.02
11400	0.01	0.06	0.06	0	0	0.01
11500	0.02	0.05	0.05	0	0	0.02
11600	0.02	0.05	0.05	0	0	0.02
11700	0.02	0.04	0.04	0	0	0.02
11800	0.02	0.02	0.02	0	0	0.02
11900	0.03	0.02	0.02	0	0	0.03
12000	0.04	0.02	0.02	0	0	0.04
12100	0.03	0.04	0.04	0	0	0.03
12200	0.02	0.02	0.02	0	0	0.02
12300	0.03	0.03	0.03	0	0	0.03
12400	0.02	0.04	0.04	0	0	0.02
12500	0	0.03	0.03	0	0	0
12600	0	0.02	0.02	0	0	0
12700	0	0.02	0.02	0	0	0
12800	0	0.02	0.02	0	0	0
12900	0	0.02	0.02	0	0	0
13000	0.02	0.02	0.02	0	0	0.02
13100	0.02	0.02	0.02	0	0	0.02
13200	0.02	0.02	0.02	0	0	0.02
13300	0.03	0.01	0.01	0	0	0.03
13400	0.03	0.03	0.03	0	0	0.03
13500	0.02	0.03	0.03	0	0	0.02
13600	0.03	0.04	0.04	0	0	0.03
13700	0.03	0.06	0.06	0	0	0.03
13800	0.03	0.07	0.07	0	0	0.03
13900	0.05	0.05	0.05	0	0	0.05
14000	0.05	0.04	0.04	0	0	0.05
14100	0.06	0.05	0.05	0	0	0.06
14200	0.05	0.05	0.05	0	0	0.05
14300	0.05	0.06	0.06	0	0	0.05
14400	0.03	0.07	0.07	0	0	0.03
14500	0.06	0.05	0.05	0	0	0.06
14600	0.06	0.01	0.01	0	0	0.06
14700	0.06	0.02	0.02	0	0	0.06
14800	0.06	0.01	0.01	0	0	0.06
14900	0.04	0.02	0.02	0	0	0.04
15000	0.03	0.03	0.03	0	0	0.03
15100	0.03	0.03	0.03	0	0	0.03
15200	0.04	0.02	0.02	0	0	0.04
15300	0.04	0.03	0.03	0	0	0.04
15400	0.04	0.04	0.04	0	0	0.04
15500	0.02	0.04	0.04	0	0	0.02
15600	0.01	0.03	0.03	0	0	0.01
15700	0.01	0.03	0.03	0	0	0.01
15800	0.01	0.01	0.01	0	0	0.01
15900	0.03	0.02	0.02	0	0	0.03
16000	0.03	0.03	0.03	0	0	0.03
16100	0.03	0.03	0.03	0	0	0.03
16200	0.02	0.01	0.01	0	0	0.02
16300	0.02	0.01	0.01	0	0	0.02
16400	0.03	0.01	0.01	0	0	0.03
16500	0.01	0.01	0.01	0	0	0.01
16600	0.01	0.01	0.01	0	0	0.01
16700	0.03	0.01	0.01	0	0	0.03
16800	0.03	0.01	0.01	0	0	0.03
16900	0.03	0.02	0.02	0	0	0.03
17000	0.03	0.03	0.03	0	0	0.03
17100	0.03	0.03	0.03	0	0	0.03
17200	0.03	0.04	0.04	0	0	0.03
17300	0.01	0.05	0.05	0	0	0.01
17400	0	0.05	0.05	0	0	0
17500	0.01	0.04	0.04	0	0	0.01
17600	0.03	0.05	0.05	0	0	0.03
17700	0.05	0.04	0.04	0	0	0.05
17800	0.05	0.03	0.03	0	0	0.05
17900	0.04	0.02	0.02	0	0	0.04
18000	0.04	0.02	0.02	0	0	0.04
18100	0.04	0.03	0.03	0	0	0.04
18200	0.03	0.04	0.04	0	0	0.03
18300	0.01	0.03	0.03	0	0	0.01
18400	0	0.02	0.02	0	0	0
18500	0.03	0.02	0.02	0	0	0.03
18600	0.03	0.02	0.02	0	0	0.03
18700	0.03	0.01	0.01	0	0	0.03
18800	0.02	0.03	0.03	0	0	0.02
18900	0.02	0.02	0.02	0	0	0.02
19000	0.02	0.04	0.04	0	0	0.02
19100	0.02	0.08	0.08	0	0	0.02
19200	0.03	0.08	0.08	0	0	0.03
19300	0.02	0.07	0.07	0	0	0.02
19400	0.03	0.06	0.06	0	0	0.03
19500	0.03	0.06	0.06	0	0	0.03
19600	0.02	0.06	0.06	0	0	0.02
19700	0.02	0.09	0.09	0	0	0.02
19800	0.01	0.09	0.09	0	0	0.01
19900	0.01	0.1	0.1	0	0	0.01
20000	0.02	0.1	0.1	0	0	0.02
20100	0.02	0.12	0.12	0	0	0.02
20200	0.02	0.1	0.1	0	0	0.02
20300	0.03	0.11	0.11	0	0	0.03
20400	0.02	0.11	0.11	0	0	0.02
20500	0.01	0.12	0.12	0	0	0.01
20600	0.01	0.11	0.11	0	0	0.01
20700	0.03	0.11	0.11	0	0	0.03
20800	0.04	0.1	0.1	0	0	0.04
20900	0.04	0.1	0.1	0	0	0.04
21000	0.02	0.1	0.1	0	0	0.02
21100	0.01	0.1	0.1	0	0	0.01
21200	0.02	0.12	0.12	0	0	0.02
21300	0.04	0.11	0.11	0	0	0.04
21400	0.05	0.11	0.11	0	0	0.05
21500	0.04	0.12	0.12	0	0	0.04
21600	0.03	0.11	0.11	0	0	0.03
21700	0.01	0.11	0.11	0	0	0.01
21800	0.03	0.13	0.13	0	0	0.03
21900	0.05	0.13	0.13	0	0	0.05
22000	0.06	0.11	0.11	0	0	0.06
22100	0.06	0.13	0.13	0	0	0.06
22200	0.05	0.12	0.12	0	0	0.05
22300	0.05	0.1	0.1	0	0	0.05
22400	0.02	0.09	0.09	0	0	0.02
22500	0	0.1	0.1	0	0	0
22600	0.02	0.09	0.09	0	0	0.02
22700	0.03	0.1	0.1	0	0	0.03
22800	0.03	0.11	0.11	0	0	0.03
22900	0.04	0.12	0.12	0	0	0.04
23000	0.03	0.12	0.12	0	0	0.03
23100	0.03	0.1	0.1	0	0	0.03
23200	0.01	0.1	0.1	0	0	0.01
23300	0.01	0.11	0.11	0	0	0.01
23400	0.01	0.11	0.11	0	0	0.01
23500	0	0.12	0.12	0	0	0
23600	0.01	0.13	0.13	0	0	0.01
23700	0.03	0.12	0.12	0	0	0.03
23800	0.03	0.12	0.12	0	0	0.03
23900	0.02	0.12	0.12	0	0	0.02
24000	0.02	0.13	0.13	0	0	0.02
24100	0.01	0.15	0.15	0	0	0.01
24200	0	0.16	0.16	0	0	0
24300	0.01	0.17	0.17	0	0	0.01
24400	0.01	0.17	0.17	0	0	0.01
24500	0.01	0.16	0.16	0	0	0.01
24600	0.02	0.15	0.15	0	0	0.02
24700	0.02	0.16	0.16	0	0	0.02
24800	0.03	0.18	0.18	0	0	0.03
24900	0.01	0.18	0.18	0	0	0.01
25000	0.03	0.18	0.18	0	0	0.03
25100	0.03	0.17	0.17	0	0	0.03
25200	0.02	0.17	0.17	0	0	0.02
25300	0.01	0.17	0.17	0	0	0.01
25400	0.01	0.17	0.17	0	0	0.01
25500	0.01	0.17	0.17	0	0	0.01
25600	0.01	0.18	0.18	0	0	0.01
25700	0.01	0.18	0.18	0	0	0.01
25800	0.03	0.18	0.18	0	0	0.03
25900	0.02	0.18	0.18	0	0	0.02
26000	0	0.18	0.18	0	0	0
26100	0	0.19	0.19	0	0	0
26200	0.02	0.19	0.19	0	0	0.02
26300	0.03	0.2	0.2	0	0	0.03
26400	0.02	0.2	0.2	0	0	0.02
26500	0.04	0.2	0.2	0	0	0.04
26600	0.04	0.2	0.2	0	0	0.04
26700	0.04	0.19	0.19	0	0	0.04
26800	0.03	0.19	0.19	0	0	0.03
26900	0.02	0.2	0.2	0	0	0.02
27000	0.02	0.2	0.2	0	0	0.02
27100	0.01	0.2	0.2	0	0	0.01
27200	0	0.19	0.19	0	0	0
27300	0.01	0.19	0.19	0	0	0.01
27400	0.02	0.19	0.19	0	0	0.02
27500	0.01	0.19	0.19	0	0	0.01
27600	0.01	0.21	0.21	0	0	0.01
27700	0	0.23	0.23	0	0	0
27800	0	0.24	0.24	0	0	0
27900	0	0.23	0.23	0	0	0
28000	0	0.23	0.23	0	0	0
28100	0	0.23	0.23	0	0	0
28200	0	0.24	0.24	0	0	0
28300	0.02	0.24	0.24	0	0	0.02
28400	0.03	0.23	0.23	0	0	0.03
28500	0.03	0.24	0.24	0	0	0.03
28600	0.03	0.25	0.25	0	0	0.03
28700	0.03	0.26	0.26	0	0	0.03
28800	0.03	0.27	0.27	0	0	0.03
28900	0.04	0.27	0.27	0	0	0.04
29000	0.05	0.26	0.26	0	0	0.05
29100	0.07	0.24	0.24	0	0	0.07
29200	0.05	0.24	0.24	0	0	0.05
29300	0.03	0.24	0.24	0	0	0.03
29400	0.03	0.25	0.25	0	0	0.03
29500	0.04	0.25	0.25	0	0	0.04
29600	0.04	0.27	0.27	0	0	0.04
29700	0.04	0.28	0.28	0	0	0.04
29800	0.02	0.27	0.27	0	0	0.02
29900	0.01	0.27	0.27	0	0	0.01
30000	0	0.28	0.28	0	0	0
30100	0	0.29	0.29	0	0	0
30200	0.01	0.28	0.28	0	0	0.01
30300	0.01	0.28	0.28	0	0	0.01
30400	0	0.28	0.28	0	0	0
30500	0	0.28	0.28	0	0	0
30600	0	0.28	0.28	0	0	0
30700	0	0.28	0.28	0	0	0
30800	0	0.28	0.28	0	0	0
30900	0.01	0.29	0.29	0	0	0.01
31000	0.01	0.29	0.29	0	0	0.01
31100	0.03	0.29	0.29	0	0	0.03
31200	0.04	0.29	0.29	0	0	0.04
31300	0.05	0.29	0.29	0	0	0.05
31400	0.03	0.3	0.3	0	0	0.03
31500	0.03	0.31	0.31	0	0	0.03
31600	0.03	0.31	0.31	0	0	0.03
31700	0.04	0.31	0.31	0	0	0.04
31800	0.04	0.31	0.31	0	0	0.04
31900	0.04	0.3	0.3	0	0	0.04
32000	0.05	0.31	0.31	0	0	0.05
32100	0.06	0.32	0.32	0	0	0.06
32200	0.05	0.33	0.33	0	0	0.05
32300	0.05	0.33	0.33	0	0	0.05
32400	0.05	0.33	0.33	0	0	0.05
32500	0.04	0.33	0.33	0	0	0.04
32600	0.03	0.31	0.31	0	0	0.03
32700	0	0.3	0.3	0	0	0
32800	0.01	0.31	0.31	0	0	0.01
32900	0.02	0.31	0.31	0	0	0.02
33000	0.03	0.31	0.31	0	0	0.03
33100	0.03	0.31	0.31	0	0	0.03
33200	0.03	0.3	0.3	0	0	0.03
33300	0.03	0.3	0.3	0	0	0.03
33400	0.03	0.3	0.3	0	0	0.03
33500	0.02	0.3	0.3	0	0	0.02
33600	0	0.3	0.3	0	0	0
33700	0.02	0.31	0.31	0	0	0.02
33800	0.02	0.31	0.31	0	0	0.02
33900	0.02	0.32	0.32	0	0	0.02
34000	0.02	0.31	0.31	0	0	0.02
34100	0.01	0.32	0.32	0	0	0.01
34200	0.01	0.32	0.32	0	0	0.01
34300	0.01	0.32	0.32	0	0	0.01
34400	0.01	0.33	0.33	0	0	0.01
34500	0.01	0.33	0.33	0	0	0.01
34600	0.03	0.33	0.33	0	0	0.03
34700	0.03	0.33	0.33	0	0	0.03
34800	0.03	0.34	0.34	0	0	0.03
34900	0.01	0.33	0.33	0	0	0.01
35000	0.01	0.33	0.33	0	0	0.01
35100	0	0.35	0.35	0	0	0
35200	0.03	0.35	0.35	0	0	0.03
35300	0.05	0.35	0.35	0	0	0.05
35400	0.03	0.35	0.35	0	0	0.03
35500	0.04	0.35	0.35	0	0	0.04
35600	0.04	0.35	0.35	0	0	0.04
35700	0.05	0.33	0.33	0	0	0.05
35800	0.04	0.34	0.34	0	0	0.04
35900	0.03	0.34	0.34	0	0	0.03
36000	0.03	0.36	0.36	0	0	0.03
36100	0.02	0.36	0.36	0	0	0.02
36200	0.01	0.38	0.38	0	0	0.01
36300	0.01	0.38	0.38	0	0	0.01
36400	0.01	0.38	0.38	0	0	0.01
36500	0.01	0.38	0.38	0	0	0.01
36600	0.01	0.37	0.37	0	0	0.01
36700	0.03	0.37	0.37	0	0	0.03
36800	0.04	0.37	0.37	0	0	0.04
36900	0.04	0.37	0.37	0	0	0.04
37000	0.02	0.37	0.37	0	0	0.02
37100	0.03	0.37	0.37	0	0	0.03
37200	0.02	0.37	0.37	0	0	0.02
37300	0.03	0.37	0.37	0	0	0.03
37400	0.01	0.38	0.38	0	0	0.01
37500	0	0.38	0.38	0	0	0
37600	0.01	0.37	0.37	0	0	0.01
37700	0.02	0.37	0.37	0	0	0.02
37800	0.02	0.37	0.37	0	0	0.02
37900	0.04	0.37	0.37	0	0	0.04
38000	0.05	0.37	0.37	0	0	0.05
38100	0.07	0.37	0.37	0	0	0.07
38200	0.06	0.39	0.39	0	0	0.06
38300	0.05	0.4	0.4	0	0	0.05
38400	0.04	0.4	0.4	0	0	0.04
38500	0.03	0.4	0.4	0	0	0.03
38600	0.03	0.4	0.4	0	0	0.03
38700	0.03	0.4	0.4	0	0	0.03
38800	0.04	0.4	0.4	0	0	0.04
38900	0.04	0.4	0.4	0	0	0.04
39000	0.03	0.4	0.4	0	0	0.03
39100	0.02	0.4	0.4	0	0	0.02
39200	0.02	0.4	0.4	0	0	0.02
39300	0.02	0.42	0.42	0	0	0.02
39400	0.01	0.42	0.42	0	0	0.01
39500	0.02	0.42	0.42	0	0	0.02
39600	0.02	0.42	0.42	0	0	0.02
39700	0.04	0.41	0.41	0	0	0.04
39800	0.02	0.41	0.41	0	0	0.02
39900	0.02	0.41	0.41	0	0	0.02
40000	0.02	0.42	0.42	0	0	0.02
40100	0.02	0.42	0.42	0	0	0.02
40200	0	0.42	0.42	0	0	0
40300	0.01	0.43	0.43	0	0	0.01
40400	0.01	0.44	0.44	0	0	0.01
40500	0.01	0.44	0.44	0	0	0.01
40600	0.03	0.44	0.44	0	0	0.03
40700	0.03	0.45	0.45	0	0	0.03
40800	0.03	0.45	0.45	0	0	0.03
40900	0.02	0.45	0.45	0	0	0.02
41000	0.02	0.46	0.46	0	0	0.02
41100	0.03	0.46	0.46	0	0	0.03
41200	0.02	0.46	0.46	0	0	0.02
41300	0.03	0.46	0.46	0	0	0.03
41400	0.03	0.45	0.45	0	0	0.03
41500	0.05	0.45	0.45	0	0	0.05
41600	0.05	0.45	0.45	0	0	0.05
41700	0.06	0.45	0.45	0	0	0.06
41800	0.06	0.45	0.45	0	0	0.06
41900	0.05	0.45	0.45	0	0	0.05
42000	0.05	0.45	0.45	0	0	0.05
42100	0.02	0.45	0.45	0	0	0.02
42200	0.03	0.45	0.45	0	0	0.03
42300	0.04	0.45	0.45	0	0	0.04
42400	0.06	0.46	0.46	0	0	0.06
42500	0.05	0.45	0.45	0	0	0.05
42600	0.03	0.45	0.45	0	0	0.03
42700	0.04	0.45	0.45	0	0	0.04
42800	0.03	0.45	0.45	0	0	0.03
42900	0.01	0.45	0.45	0	0	0.01
43000	0.01	0.45	0.45	0	0	0.01
43100	0.02	0.45	0.45	0	0	0.02
43200	0.01	0.45	0.45	0	0	0.01
43300	0.01	0.45	0.45	0	0	0.01
43400	0.02	0.46	0.46	0	0	0.02
43500	0.03	0.46	0.46	0	0	0.03
43600	0.03	0.47	0.47	0	0	0.03
43700	0.03	0.48	0.48	0	0	0.03
43800	0.02	0.5	0.5	0	0	0.02
43900	0.01	0.5	0.5	0	0	0.01
44000	0.02	0.5	0.5	0	0	0.02
44100	0.02	0.51	0.51	0	0	0.02
44200	0.02	0.52	0.52	0	0	0.02
44300	0.01	0.51	0.51	0	0	0.01
44400	0.02	0.51	0.51	0	0	0.02
44500	0.02	0.5	0.5	0	0	0.02
44600	0.04	0.5	0.5	0	0	0.04
44700	0.03	0.51	0.51	0	0	0.03
44800	0.03	0.51	0.51	0	0	0.03
44900	0.03	0.49	0.49	0	0	0.03
45000	0.03	0.49	0.49	0	0	0.03
45100	0.02	0.49	0.49	0	0	0.02
45200	0.02	0.49	0.49	0	0	0.02
45300	0.02	0.49	0.49	0	0	0.02
45400	0	0.48	0.48	0	0	0
45500	0	0.48	0.48	0	0	0
45600	0	0.48	0.48	0	0	0
45700	0	0.48	0.48	0	0	0
45800	0	0.48	0.48	0	0	0
45900	0.01	0.48	0.48	0	0	0.01
46000	0.01	0.48	0.48	0	0	0.01
46100	0.01	0.48	0.48	0	0	0.01
46200	0.01	0.48	0.48	0	0	0.01
46300	0.01	0.48	0.48	0	0	0.01
46400	0.01	0.48	0.48	0	0	0.01
46500	0.01	0.48	0.48	0	0	0.01
46600	0	0.48	0.48	0	0	0
46700	0.03	0.48	0.48	0	0	0.03
46800	0.04	0.48	0.48	0	0	0.04
46900	0.04	0.48	0.48	0	0	0.04
47000	0.05	0.48	0.48	0	0	0.05
47100	0.04	0.48	0.48	0	0	0.04
47200	0.04	0.49	0.49	0	0	0.04
47300	0.04	0.49	0.49	0	0	0.04
47400	0.02	0.49	0.49	0	0	0.02
47500	0.03	0.49	0.49	0	0	0.03
47600	0.04	0.49	0.49	0	0	0.04
47700	0.04	0.49	0.49	0	0	0.04
47800	0.03	0.49	0.49	0	0	0.03
47900	0.01	0.49	0.49	0	0	0.01
48000	0.01	0.49	0.49	0	0	0.01
48100	0.01	0.49	0.49	0	0	0.01
48200	0.01	0.49	0.49	0	0	0.01
48300	0.01	0.5	0.5	0	0	0.01
48400	0.01	0.5	0.5	0	0	0.01
48500	0.01	0.5	0.5	0	0	0.01
48600	0	0.5	0.5	0	0	0
48700	0.01	0.5	0.5	0	0	0.01
48800	0.01	0.51	0.51	0	0	0.01
48900	0.01	0.51	0.51	0	0	0.01
49000	0.01	0.51	0.51	0	0	0.01
49100	0.01	0.51	0.51	0	0	0.01
49200	0.02	0.51	0.51	0	0	0.02
49300	0.02	0.51	0.51	0	0	0.02
49400	0.01	0.51	0.51	0	0	0.01
49500	0.03	0.51	0.51	0	0	0.03
49600	0.03	0.51	0.51	0	0	0.03
49700	0.03	0.51	0.51	0	0	0.03
49800	0.02	0.52	0.52	0	0	0.02
49900	0.03	0.52	0.52	0	0	0.03
50000	0.03	0.52	0.52	0	0	0.03
50100	0.03	0.52	0.52	0	0	0.03
50200	0.02	0.52	0.52	0	0	0.02
50300	0.01	0.52	0.52	0	0	0.01
50400	0.02	0.51	0.51	0	0	0.02
50500	0.03	0.51	0.51	0	0	0.03
50600	0.03	0.51	0.51	0	0	0.03
50700	0.05	0.51	0.51	0	0	0.05
50800	0.04	0.51	0.51	0	0	0.04
50900	0.02	0.51	0.51	0	0	0.02
51000	0.04	0.51	0.51	0	0	0.04
51100	0.04	0.51	0.51	0	0	0.04
51200	0.03	0.52	0.52	0	0	0.03
51300	0.03	0.51	0.51	0	0	0.03
51400	0.03	0.51	0.51	0	0	0.03
51500	0.03	0.51	0.51	0	0	0.03
51600	0.01	0.51	0.51	0	0	0.01
51700	0.01	0.51	0.51	0	0	0.01
51800	0.03	0.51	0.51	0	0	0.03
51900	0.05	0.51	0.51	0	0	0.05
52000	0.03	0.51	0.51	0	0	0.03
52100	0.02	0.51	0.51	0	0	0.02
52200	0.01	0.52	0.52	0	0	0.01
52300	0.01	0.52	0.52	0	0	0.01
52400	0.01	0.52	0.52	0	0	0.01
52500	0	0.52	0.52	0	0	0
52600	0.01	0.52	0.52	0	0	0.01
52700	0.02	0.52	0.52	0	0	0.02
52800	0.01	0.53	0.53	0	0	0.01
52900	0.01	0.53	0.53	0	0	0.01
53000	0.04	0.53	0.53	0	0	0.04
53100	0.04	0.53	0.53	0	0	0.04
53200	0.04	0.53	0.53	0	0	0.04
53300	0.03	0.53	0.53	0	0	0.03
53400	0.02	0.53	0.53	0	0	0.02
53500	0.01	0.54	0.54	0	0	0.01
53600	0.01	0.53	0.53	0	0	0.01
53700	0.01	0.53	0.53	0	0	0.01
53800	0.01	0.53	0.53	0	0	0.01
53900	0.02	0.53	0.53	0	0	0.02
54000	0.02	0.53	0.53	0	0	0.02
54100	0.02	0.53	0.53	0	0	0.02
54200	0.03	0.54	0.54	0	0	0.03
54300	0.01	0.54	0.54	0	0	0.01
54400	0.02	0.54	0.54	0	0	0.02
54500	0.01	0.54	0.54	0	0	0.01
54600	0	0.54	0.54	0	0	0
54700	0	0.54	0.54	0	0	0
54800	0	0.54	0.54	0	0	0
54900	0.01	0.55	0.55	0	0	0.01
55000	0.01	0.56	0.56	0	0	0.01
55100	0.02	0.56	0.56	0	0	0.02
55200	0.02	0.55	0.55	0	0	0.02
55300	0.02	0.55	0.55	0	0	0.02
55400	0.03	0.55	0.55	0	0	0.03
55500	0.02	0.55	0.55	0	0	0.02
55600	0.01	0.55	0.55	0	0	0.01
55700	0.01	0.55	0.55	0	0	0.01
55800	0.02	0.55	0.55	0	0	0.02
55900	0.02	0.54	0.54	0	0	0.02
56000	0.03	0.54	0.54	0	0	0.03
56100	0.03	0.54	0.54	0	0	0.03
56200	0.04	0.54	0.54	0	0	0.04
56300	0.02	0.54	0.54	0	0	0.02
56400	0.01	0.54	0.54	0	0	0.01
56500	0.01	0.53	0.53	0	0	0.01
56600	0.02	0.54	0.54	0	0	0.02
56700	0.02	0.54	0.54	0	0	0.02
56800	0.01	0.54	0.54	0	0	0.01
56900	0	0.54	0.54	0	0	0
57000	0	0.54	0.54	0	0	0
57100	0.03	0.54	0.54	0	0	0.03
57200	0.04	0.54	0.54	0	0	0.04
57300	0.03	0.54	0.54	0	0	0.03
57400	0.02	0.55	0.55	0	0	0.02
57500	0.03	0.54	0.54	0	0	0.03
57600	0.05	0.54	0.54	0	0	0.05
57700	0	0.54	0.54	0	0	0
57800	0.02	0.54	0.54	0	0	0.02
57900	0.03	0.54	0.54	0	0	0.03
58000	0.04	0.54	0.54	0	0	0.04
58100	0.04	0.54	0.54	0	0	0.04
58200	0.04	0.54	0.54	0	0	0.04
58300	0	0.54	0.54	0	0	0
58400	0	0.54	0.54	0	0	0
58500	0	0.54	0.54	0	0	0
58600	0	0.54	0.54	0	0	0
58700	0.02	0.54	0.54	0	0	0.02
58800	0.02	0.54	0.54	0	0	0.02
58900	0.01	0.54	0.54	0	0	0.01
59000	0.01	0.54	0.54	0	0	0.01
59100	0.01	0.54	0.54	0	0	0.01
59200	0.02	0.54	0.54	0	0	0.02
59300	0.02	0.54	0.54	0	0	0.02
59400	0.03	0.54	0.54	0	0	0.03
59500	0.02	0.54	0.54	0	0	0.02
59600	0.02	0.54	0.54	0	0	0.02
59700	0.02	0.54	0.54	0	0	0.02
59800	0.03	0.54	0.54	0	0	0.03
59900	0.01	0.54	0.54	0	0	0.01
60000	0.02	0.54	0.54	0	0	0.02
60100	0.02	0.55	0.55	0	0	0.02
60200	0.02	0.54	0.54	0	0	0.02
60300	0.02	0.55	0.55	0	0	0.02
60400	0.02	0.55	0.55	0	0	0.02
60500	0.01	0.55	0.55	0	0	0.01
60600	0.01	0.55	0.55	0	0	0.01
60700	0.01	0.55	0.55	0	0	0.01
60800	0.01	0.55	0.55	0	0	0.01
60900	0.02	0.55	0.55	0	0	0.02
61000	0.02	0.55	0.55	0	0	0.02
61100	0	0.55	0.55	0	0	0
61200	0.01	0.55	0.55	0	0	0.01
61300	0.01	0.55	0.55	0	0	0.01
61400	0.01	0.55	0.55	0	0	0.01
61500	0.01	0.55	0.55	0	0	0.01
61600	0.01	0.55	0.55	0	0	0.01
61700	0.01	0.55	0.55	0	0	0.01
61800	0.01	0.55	0.55	0	0	0.01
61900	0	0.55	0.55	0	0	0
62000	0	0.55	0.55	0	0	0
62100	0	0.55	0.55	0	0	0
62200	0.02	0.55	0.55	0	0	0.02
62300	0.02	0.55	0.55	0	0	0.02
62400	0.03	0.55	0.55	0	0	0.03
62500	0.04	0.55	0.55	0	0	0.04
62600	0.08	0.55	0.55	0	0	0.08
62700	0.05	0.55	0.55	0	0	0.05
62800	0.03	0.55	0.55	0	0	0.03
62900	0.02	0.55	0.55	0	0	0.02
63000	0.01	0.55	0.55	0	0	0.01
63100	0	0.55	0.55	0	0	0
63200	0	0.55	0.55	0	0	0
63300	0.03	0.55	0.55	0	0	0.03
63400	0.04	0.55	0.55	0	0	0.04
63500	0.04	0.55	0.55	0	0	0.04
63600	0.03	0.55	0.55	0	0	0.03
63700	0.03	0.55	0.55	0	0	0.03
63800	0.01	0.55	0.55	0	0	0.01
63900	0.01	0.55	0.55	0	0	0.01
64000	0.02	0.55	0.55	0	0	0.02
64100	0.03	0.55	0.55	0	0	0.03
64200	0.03	0.55	0.55	0	0	0.03
64300	0.03	0.56	0.56	0	0	0.03
64400	0.04	0.56	0.56	0	0	0.04
64500	0.05	0.56	0.56	0	0	0.05
64600	0.04	0.56	0.56	0	0	0.04
64700	0.04	0.56	0.56	0	0	0.04
64800	0.03	0.57	0.57	0	0	0.03
64900	0.02	0.57	0.57	0	0	0.02
65000	0	0.57	0.57	0	0	0
65100	0	0.57	0.57	0	0	0
65200	0	0.57	0.57	0	0	0
65300	0.01	0.57	0.57	0	0	0.01
65400	0.02	0.57	0.57	0	0	0.02
65500	0.03	0.57	0.57	0	0	0.03
65600	0.04	0.57	0.57	0	0	0.04
65700	0.04	0.57	0.57	0	0	0.04
65800	0.05	0.57	0.57	0	0	0.05
65900	0.04	0.57	0.57	0	0	0.04
66000	0.03	0.56	0.56	0	0	0.03
66100	0.01	0.56	0.56	0	0	0.01
66200	0.01	0.56	0.56	0	0	0.01
66300	0.02	0.56	0.56	0	0	0.02
66400	0.02	0.55	0.55	0	0	0.02
66500	0.02	0.55	0.55	0	0	0.02
66600	0.02	0.55	0.55	0	0	0.02
66700	0.01	0.55	0.55	0	0	0.01
66800	0.01	0.55	0.55	0	0	0.01
66900	0.03	0.54	0.54	0	0	0.03
67000	0.02	0.54	0.54	0	0	0.02
67100	0.01	0.55	0.55	0	0	0.01
67200	0.01	0.55	0.55	0	0	0.01
67300	0.01	0.55	0.55	0	0	0.01
67400	0.02	0.55	0.55	0	0	0.02
67500	0.01	0.55	0.55	0	0	0.01
67600	0.01	0.55	0.55	0	0	0.01
67700	0.01	0.54	0.54	0	0	0.01
67800	0.01	0.54	0.54	0	0	0.01
67900	0.01	0.54	0.54	0	0	0.01
68000	0.02	0.54	0.54	0	0	0.02
68100	0.04	0.54	0.54	0	0	0.04
68200	0.04	0.54	0.54	0	0	0.04
68300	0.03	0.54	0.54	0	0	0.03
68400	0.04	0.54	0.54	0	0	0.04
68500	0.03	0.54	0.54	0	0	0.03
68600	0.03	0.54	0.54	0	0	0.03
68700	0.02	0.54	0.54	0	0	0.02
68800	0	0.54	0.54	0	0	0
68900	0	0.54	0.54	0	0	0
69000	0.01	0.55	0.55	0	0	0.01
69100	0.02	0.55	0.55	0	0	0.02
69200	0.01	0.55	0.55	0	0	0.01
69300	0.01	0.55	0.55	0	0	0.01
69400	0.01	0.55	0.55	0	0	0.01
69500	0	0.55	0.55	0	0	0
69600	0.01	0.55	0.55	0	0	0.01
69700	0.01	0.55	0.55	0	0	0.01
69800	0.02	0.54	0.54	0	0	0.02
69900	0.02	0.54	0.54	0	0	0.02
70000	0.03	0.55	0.55	0	0	0.03
70100	0.03	0.55	0.55	0	0	0.03
70200	0.01	0.55	0.55	0	0	0.01
70300	0.01	0.55	0.55	0	0	0.01
70400	0.01	0.55	0.55	0	0	0.01
70500	0.01	0.56	0.56	0	0	0.01
70600	0.01	0.56	0.56	0	0	0.01
70700	0.01	0.56	0.56	0	0	0.01
70800	0.02	0.56	0.56	0	0	0.02
70900	0.04	0.56	0.56	0	0	0.04
71000	0.06	0.56	0.56	0	0	0.06
71100	0.03	0.56	0.56	0	0	0.03
71200	0.04	0.56	0.56	0	0	0.04
71300	0.02	0.56	0.56	0	0	0.02
71400	0.01	0.56	0.56	0	0	0.01
71500	0.02	0.56	0.56	0	0	0.02
71600	0.02	0.56	0.56	0	0	0.02
71700	0.03	0.56	0.56	0	0	0.03
71800	0.02	0.56	0.56	0	0	0.02
71900	0.01	0.56	0.56	0	0	0.01
72000	0.02	0.56	0.56	0	0	0.02
72100	0.01	0.56	0.56	0	0	0.01
72200	0.02	0.56	0.56	0	0	0.02
72300	0.03	0.56	0.56	0	0	0.03
72400	0.03	0.55	0.55	0	0	0.03
72500	0.03	0.55	0.55	0	0	0.03
72600	0.02	0.55	0.55	0	0	0.02
72700	0.01	0.56	0.56	0	0	0.01
72800	0.02	0.56	0.56	0	0	0.02
72900	0.04	0.57	0.57	0	0	0.04
73000	0.05	0.57	0.57	0	0	0.05
73100	0.04	0.58	0.58	0	0	0.04
73200	0.04	0.57	0.57	0	0	0.04
73300	0.05	0.57	0.57	0	0	0.05
73400	0.03	0.57	0.57	0	0	0.03
73500	0.03	0.57	0.57	0	0	0.03
73600	0.02	0.58	0.58	0	0	0.02
73700	0.02	0.58	0.58	0	0	0.02
73800	0.01	0.58	0.58	0	0	0.01
73900	0.02	0.58	0.58	0	0	0.02
74000	0.02	0.58	0.58	0	0	0.02
74100	0.05	0.58	0.58	0	0	0.05
74200	0.06	0.58	0.58	0	0	0.06
74300	0.07	0.58	0.58	0	0	0.07
74400	0.04	0.58	0.58	0	0	0.04
74500	0.03	0.58	0.58	0	0	0.03
74600	0.02	0.58	0.58	0	0	0.02
74700	0.04	0.58	0.58	0	0	0.04
74800	0.05	0.58	0.58	0	0	0.05
74900	0.03	0.58	0.58	0	0	0.03
75000	0.02	0.58	0.58	0	0	0.02
75100	0.03	0.58	0.58	0	0	0.03
75200	0.02	0.57	0.57	0	0	0.02
75300	0.01	0.57	0.57	0	0	0.01
75400	0.01	0.57	0.57	0	0	0.01
75500	0.01	0.57	0.57	0	0	0.01
75600	0.01	0.57	0.57	0	0	0.01
75700	0.01	0.57	0.57	0	0	0.01
75800	0.02	0.57	0.57	0	0	0.02
75900	0.02	0.57	0.57	0	0	0.02
76000	0.02	0.57	0.57	0	0	0.02
76100	0.02	0.57	0.57	0	0	0.02
76200	0.02	0.57	0.57	0	0	0.02
76300	0.01	0.57	0.57	0	0	0.01
76400	0.03	0.57	0.57	0	0	0.03
76500	0.02	0.57	0.57	0	0	0.02
76600	0.01	0.57	0.57	0	0	0.01
76700	0	0.57	0.57	0	0	0
76800	0	0.57	0.57	0	0	0
76900	0	0.57	0.57	0	0	0
77000	0	0.57	0.57	0	0	0
77100	0.01	0.57	0.57	0	0	0.01
77200	0.01	0.57	0.57	0	0	0.01
77300	0.02	0.57	0.57	0	0	0.02
77400	0.03	0.57	0.57	0	0	0.03
77500	0.03	0.57	0.57	0	0	0.03
77600	0.03	0.57	0.57	0	0	0.03
77700	0.04	0.57	0.57	0	0	0.04
77800	0.05	0.57	0.57	0	0	0.05
77900	0.03	0.57	0.57	0	0	0.03
78000	0.02	0.58	0.58	0	0	0.02
78100	0.03	0.58	0.58	0	0	0.03
78200	0.02	0.58	0.58	0	0	0.02
78300	0.01	0.58	0.58	0	0	0.01
78400	0.01	0.58	0.58	0	0	0.01
78500	0.01	0.58	0.58	0	0	0.01
78600	0.03	0.58	0.58	0	0	0.03
78700	0.03	0.58	0.58	0	0	0.03
78800	0.01	0.58	0.58	0	0	0.01
78900	0.02	0.58	0.58	0	0	0.02
79000	0.02	0.58	0.58	0	0	0.02
79100	0.02	0.58	0.58	0	0	0.02
79200	0.01	0.58	0.58	0	0	0.01
79300	0.01	0.58	0.58	0	0	0.01
79400	0.02	0.58	0.58	0	0	0.02
79500	0.02	0.58	0.58	0	0	0.02
79600	0	0.58	0.58	0	0	0
79700	0.02	0.58	0.58	0	0	0.02
79800	0.02	0.58	0.58	0	0	0.02
79900	0.03	0.58	0.58	0	0	0.03
80000	0.02	0.58	0.58	0	0	0.02
80100	0.03	0.58	0.58	0	0	0.03
80200	0.02	0.58	0.58	0	0	0.02
80300	0.04	0.58	0.58	0	0	0.04
80400	0.03	0.58	0.58	0	0	0.03
80500	0.03	0.58	0.58	0	0	0.03
80600	0.03	0.58	0.58	0	0	0.03
80700	0.02	0.58	0.58	0	0	0.02
80800	0.02	0.58	0.58	0	0	0.02
80900	0.01	0.58	0.58	0	0	0.01
81000	0.02	0.58	0.58	0	0	0.02
81100	0.01	0.58	0.58	0	0	0.01
81200	0	0.59	0.59	0	0	0
81300	0.02	0.58	0.58	0	0	0.02
81400	0.03	0.58	0.58	0	0	0.03
81500	0.03	0.58	0.58	0	0	0.03
81600	0.03	0.58	0.58	0	0	0.03
81700	0.01	0.58	0.58	0	0	0.01
81800	0.01	0.58	0.58	0	0	0.01
81900	0.01	0.58	0.58	0	0	0.01
82000	0.01	0.58	0.58	0	0	0.01
82100	0.01	0.58	0.58	0	0	0.01
82200	0.02	0.58	0.58	0	0	0.02
82300	0.02	0.58	0.58	0	0	0.02
82400	0.01	0.58	0.58	0	0	0.01
