100	0.09	0.04	0.04	0	0	0.09
200	0.09	0.06	0.06	0	0	0.09
300	0.07	0.05	0.05	0	0	0.07
400	0.06	0.05	0.05	0	0	0.06
500	0.07	0.05	0.05	0	0	0.07
600	0.09	0.05	0.05	0	0	0.09
700	0.09	0.05	0.05	0	0	0.09
800	0.08	0.04	0.04	0	0	0.08
900	0.08	0.04	0.04	0	0	0.08
1000	0.07	0.03	0.03	0	0	0.07
1100	0.09	0.02	0.02	0	0	0.09
1200	0.08	0.01	0.01	0	0	0.08
1300	0.07	0.01	0.01	0	0	0.07
1400	0.07	0.02	0.02	0	0	0.07
1500	0.07	0.02	0.02	0	0	0.07
1600	0.06	0.01	0.01	0	0	0.06
1700	0.07	0.01	0.01	0	0	0.07
1800	0.08	0	0	0	0	0.08
1900	0.08	0.02	0.02	0	0	0.08
2000	0.08	0.02	0.02	0	0	0.08
2100	0.09	0.01	0.01	0	0	0.09
2200	0.09	0.01	0.01	0	0	0.09
2300	0.1	0.01	0.01	0	0	0.1
2400	0.11	0.02	0.02	0	0	0.11
2500	0.1	0.02	0.02	0	0	0.1
2600	0.11	0.02	0.02	0	0	0.11
2700	0.08	0.01	0.01	0	0	0.08
2800	0.07	0.02	0.02	0	0	0.07
2900	0.08	0.02	0.02	0	0	0.08
3000	0.09	0.01	0.01	0	0	0.09
3100	0.1	0.01	0.01	0	0	0.1
3200	0.1	0.02	0.02	0	0	0.1
3300	0.1	0.04	0.04	0	0	0.1
3400	0.11	0.04	0.04	0	0	0.11
3500	0.11	0.03	0.03	0	0	0.11
3600	0.12	0.01	0.01	0	0	0.12
3700	0.12	0.01	0.01	0	0	0.12
3800	0.1	0.01	0.01	0	0	0.1
3900	0.12	0.01	0.01	0	0	0.12
4000	0.13	0.01	0.01	0	0	0.13
4100	0.14	0.01	0.01	0	0	0.14
4200	0.13	0.01	0.01	0	0	0.13
4300	0.13	0.02	0.02	0	0	0.13
4400	0.13	0.03	0.03	0	0	0.13
4500	0.13	0.03	0.03	0	0	0.13
4600	0.11	0.03	0.03	0	0	0.11
4700	0.1	0.02	0.02	0	0	0.1
4800	0.1	0.02	0.02	0	0	0.1
4900	0.13	0.01	0.01	0	0	0.13
5000	0.13	0.01	0.01	0	0	0.13
5100	0.14	0.01	0.01	0	0	0.14
5200	0.15	0.03	0.03	0	0	0.15
5300	0.18	0.03	0.03	0	0	0.18
5400	0.19	0.04	0.04	0	0	0.19
5500	0.2	0.04	0.04	0	0	0.2
5600	0.2	0.03	0.03	0	0	0.2
5700	0.21	0.03	0.03	0	0	0.21
5800	0.2	0.01	0.01	0	0	0.2
5900	0.22	0.04	0.04	0	0	0.22
6000	0.22	0.02	0.02	0	0	0.22
6100	0.22	0.02	0.02	0	0	0.22
6200	0.22	0.02	0.02	0	0	0.22
6300	0.21	0.02	0.02	0	0	0.21
6400	0.23	0	0	0	0	0.23
6500	0.26	0	0	0	0	0.26
6600	0.26	0	0	0	0	0.26
6700	0.26	0.02	0.02	0	0	0.26
6800	0.27	0.02	0.02	0	0	0.27
6900	0.28	0.02	0.02	0	0	0.28
7000	0.28	0.01	0.01	0	0	0.28
7100	0.3	0.01	0.01	0	0	0.3
7200	0.29	0.01	0.01	0	0	0.29
7300	0.3	0	0	0	0	0.3
7400	0.31	0.02	0.02	0	0	0.31
7500	0.31	0.02	0.02	0	0	0.31
7600	0.3	0.01	0.01	0	0	0.3
7700	0.31	0.02	0.02	0	0	0.31
7800	0.3	0.03	0.03	0	0	0.3
7900	0.31	0.02	0.02	0	0	0.31
8000	0.31	0.03	0.03	0	0	0.31
8100	0.31	0.02	0.02	0	0	0.31
8200	0.32	0.01	0.01	0	0	0.32
8300	0.32	0	0	0	0	0.32
8400	0.32	0	0	0	0	0.32
8500	0.33	0	0	0	0	0.33
8600	0.33	0	0	0	0	0.33
8700	0.33	0	0	0	0	0.33
8800	0.33	0	0	0	0	0.33
8900	0.32	0.01	0.01	0	0	0.32
9000	0.32	0.02	0.02	0	0	0.32
9100	0.34	0.03	0.03	0	0	0.34
9200	0.34	0.02	0.02	0	0	0.34
9300	0.35	0.01	0.01	0	0	0.35
9400	0.34	0.02	0.02	0	0	0.34
9500	0.35	0.01	0.01	0	0	0.35
9600	0.35	0.01	0.01	0	0	0.35
9700	0.36	0.02	0.02	0	0	0.36
9800	0.36	0.02	0.02	0	0	0.36
9900	0.37	0	0	0	0	0.37
10000	0.37	0	0	0	0	0.37
10100	0.37	0.01	0.01	0	0	0.37
10200	0.38	0.01	0.01	0	0	0.38
10300	0.38	0.01	0.01	0	0	0.38
10400	0.39	0.01	0.01	0	0	0.39
10500	0.39	0.01	0.01	0	0	0.39
10600	0.39	0.02	0.02	0	0	0.39
10700	0.38	0.04	0.04	0	0	0.38
10800	0.38	0.06	0.06	0	0	0.38
10900	0.37	0.05	0.05	0	0	0.37
11000	0.38	0.05	0.05	0	0	0.38
11100	0.39	0.04	0.04	0	0	0.39
11200	0.39	0.04	0.04	0	0	0.39
11300	0.38	0.03	0.03	0	0	0.38
11400	0.37	0.03	0.03	0	0	0.37
11500	0.38	0.04	0.04	0	0	0.38
11600	0.38	0.05	0.05	0	0	0.38
11700	0.37	0.05	0.05	0	0	0.37
11800	0.35	0.06	0.06	0	0	0.35
11900	0.35	0.07	0.07	0	0	0.35
12000	0.35	0.07	0.07	0	0	0.35
12100	0.35	0.07	0.07	0	0	0.35
12200	0.36	0.05	0.05	0	0	0.36
12300	0.38	0.05	0.05	0	0	0.38
12400	0.38	0.05	0.05	0	0	0.38
12500	0.39	0.05	0.05	0	0	0.39
12600	0.38	0.03	0.03	0	0	0.38
12700	0.39	0.02	0.02	0	0	0.39
12800	0.39	0.02	0.02	0	0	0.39
12900	0.39	0.02	0.02	0	0	0.39
13000	0.4	0.03	0.03	0	0	0.4
13100	0.39	0.02	0.02	0	0	0.39
13200	0.39	0.01	0.01	0	0	0.39
13300	0.39	0	0	0	0	0.39
13400	0.38	0.01	0.01	0	0	0.38
13500	0.4	0.01	0.01	0	0	0.4
13600	0.41	0.02	0.02	0	0	0.41
13700	0.41	0.02	0.02	0	0	0.41
13800	0.41	0.02	0.02	0	0	0.41
13900	0.41	0.04	0.04	0	0	0.41
14000	0.41	0.03	0.03	0	0	0.41
14100	0.41	0.03	0.03	0	0	0.41
14200	0.41	0.02	0.02	0	0	0.41
14300	0.41	0.03	0.03	0	0	0.41
14400	0.42	0.03	0.03	0	0	0.42
14500	0.43	0.02	0.02	0	0	0.43
14600	0.43	0.02	0.02	0	0	0.43
14700	0.43	0.02	0.02	0	0	0.43
14800	0.43	0.01	0.01	0	0	0.43
14900	0.43	0	0	0	0	0.43
15000	0.43	0.01	0.01	0	0	0.43
15100	0.43	0.01	0.01	0	0	0.43
15200	0.42	0	0	0	0	0.42
15300	0.42	0	0	0	0	0.42
15400	0.43	0	0	0	0	0.43
15500	0.44	0.01	0.01	0	0	0.44
15600	0.44	0	0	0	0	0.44
15700	0.43	0	0	0	0	0.43
15800	0.44	0.01	0.01	0	0	0.44
15900	0.44	0.02	0.02	0	0	0.44
16000	0.42	0.02	0.02	0	0	0.42
16100	0.42	0.02	0.02	0	0	0.42
16200	0.42	0.02	0.02	0	0	0.42
16300	0.42	0.02	0.02	0	0	0.42
16400	0.42	0.01	0.01	0	0	0.42
16500	0.42	0	0	0	0	0.42
16600	0.42	0	0	0	0	0.42
16700	0.42	0	0	0	0	0.42
16800	0.42	0	0	0	0	0.42
16900	0.42	0	0	0	0	0.42
17000	0.42	0	0	0	0	0.42
17100	0.42	0	0	0	0	0.42
17200	0.42	0	0	0	0	0.42
17300	0.43	0.01	0.01	0	0	0.43
17400	0.43	0.01	0.01	0	0	0.43
17500	0.43	0.01	0.01	0	0	0.43
17600	0.44	0.01	0.01	0	0	0.44
17700	0.44	0.02	0.02	0	0	0.44
17800	0.43	0	0	0	0	0.43
17900	0.42	0	0	0	0	0.42
18000	0.43	0	0	0	0	0.43
18100	0.43	0.01	0.01	0	0	0.43
18200	0.43	0.01	0.01	0	0	0.43
18300	0.44	0.01	0.01	0	0	0.44
18400	0.44	0.01	0.01	0	0	0.44
18500	0.44	0.01	0.01	0	0	0.44
18600	0.45	0.01	0.01	0	0	0.45
18700	0.45	0	0	0	0	0.45
18800	0.45	0	0	0	0	0.45
18900	0.45	0	0	0	0	0.45
19000	0.46	0.02	0.02	0	0	0.46
19100	0.47	0.03	0.03	0	0	0.47
19200	0.47	0.03	0.03	0	0	0.47
19300	0.47	0.04	0.04	0	0	0.47
19400	0.47	0.01	0.01	0	0	0.47
19500	0.46	0	0	0	0	0.46
19600	0.46	0	0	0	0	0.46
19700	0.46	0	0	0	0	0.46
19800	0.47	0.01	0.01	0	0	0.47
19900	0.47	0.01	0.01	0	0	0.47
20000	0.47	0	0	0	0	0.47
20100	0.47	0.01	0.01	0	0	0.47
20200	0.47	0.01	0.01	0	0	0.47
20300	0.47	0.01	0.01	0	0	0.47
20400	0.48	0.02	0.02	0	0	0.48
20500	0.48	0.02	0.02	0	0	0.48
20600	0.49	0.01	0.01	0	0	0.49
20700	0.49	0.01	0.01	0	0	0.49
20800	0.5	0	0	0	0	0.5
20900	0.5	0	0	0	0	0.5
21000	0.5	0.01	0.01	0	0	0.5
21100	0.5	0.01	0.01	0	0	0.5
21200	0.5	0.03	0.03	0	0	0.5
21300	0.5	0.03	0.03	0	0	0.5
21400	0.5	0.04	0.04	0	0	0.5
21500	0.5	0.05	0.05	0	0	0.5
21600	0.51	0.05	0.05	0	0	0.51
21700	0.5	0.03	0.03	0	0	0.5
21800	0.51	0.01	0.01	0	0	0.51
21900	0.51	0.01	0.01	0	0	0.51
22000	0.51	0.01	0.01	0	0	0.51
22100	0.51	0.02	0.02	0	0	0.51
22200	0.51	0.02	0.02	0	0	0.51
22300	0.51	0.02	0.02	0	0	0.51
22400	0.52	0.02	0.02	0	0	0.52
22500	0.52	0.03	0.03	0	0	0.52
22600	0.52	0.04	0.04	0	0	0.52
22700	0.52	0.03	0.03	0	0	0.52
22800	0.53	0.03	0.03	0	0	0.53
22900	0.53	0.03	0.03	0	0	0.53
23000	0.53	0.05	0.05	0	0	0.53
23100	0.53	0.05	0.05	0	0	0.53
23200	0.53	0.04	0.04	0	0	0.53
23300	0.53	0.03	0.03	0	0	0.53
23400	0.53	0.02	0.02	0	0	0.53
23500	0.54	0	0	0	0	0.54
23600	0.54	0	0	0	0	0.54
23700	0.54	0.01	0.01	0	0	0.54
23800	0.55	0.01	0.01	0	0	0.55
23900	0.57	0.01	0.01	0	0	0.57
24000	0.57	0.01	0.01	0	0	0.57
24100	0.57	0.01	0.01	0	0	0.57
24200	0.57	0.01	0.01	0	0	0.57
24300	0.57	0.02	0.02	0	0	0.57
24400	0.57	0.04	0.04	0	0	0.57
24500	0.57	0.04	0.04	0	0	0.57
24600	0.57	0.04	0.04	0	0	0.57
24700	0.57	0.05	0.05	0	0	0.57
24800	0.57	0.03	0.03	0	0	0.57
24900	0.58	0.02	0.02	0	0	0.58
25000	0.58	0.02	0.02	0	0	0.58
25100	0.58	0.03	0.03	0	0	0.58
25200	0.58	0.03	0.03	0	0	0.58
25300	0.58	0.02	0.02	0	0	0.58
25400	0.58	0.02	0.02	0	0	0.58
25500	0.59	0.02	0.02	0	0	0.59
25600	0.59	0.02	0.02	0	0	0.59
25700	0.59	0.01	0.01	0	0	0.59
25800	0.59	0.01	0.01	0	0	0.59
25900	0.59	0.02	0.02	0	0	0.59
26000	0.59	0.02	0.02	0	0	0.59
26100	0.58	0.01	0.01	0	0	0.58
26200	0.58	0.02	0.02	0	0	0.58
26300	0.57	0.01	0.01	0	0	0.57
26400	0.57	0.01	0.01	0	0	0.57
26500	0.57	0.01	0.01	0	0	0.57
26600	0.57	0.02	0.02	0	0	0.57
26700	0.57	0.02	0.02	0	0	0.57
26800	0.57	0.01	0.01	0	0	0.57
26900	0.57	0	0	0	0	0.57
27000	0.58	0.01	0.01	0	0	0.58
27100	0.58	0.01	0.01	0	0	0.58
27200	0.6	0.01	0.01	0	0	0.6
27300	0.6	0.04	0.04	0	0	0.6
27400	0.6	0.04	0.04	0	0	0.6
27500	0.61	0.04	0.04	0	0	0.61
27600	0.61	0.04	0.04	0	0	0.61
27700	0.61	0.04	0.04	0	0	0.61
27800	0.61	0.02	0.02	0	0	0.61
27900	0.61	0.01	0.01	0	0	0.61
28000	0.61	0	0	0	0	0.61
28100	0.62	0	0	0	0	0.62
28200	0.62	0.01	0.01	0	0	0.62
28300	0.62	0.02	0.02	0	0	0.62
28400	0.63	0.02	0.02	0	0	0.63
28500	0.63	0	0	0	0	0.63
28600	0.63	0	0	0	0	0.63
28700	0.63	0.01	0.01	0	0	0.63
28800	0.63	0.01	0.01	0	0	0.63
28900	0.62	0.01	0.01	0	0	0.62
29000	0.62	0.02	0.02	0	0	0.62
29100	0.62	0.03	0.03	0	0	0.62
29200	0.62	0.02	0.02	0	0	0.62
29300	0.62	0.03	0.03	0	0	0.62
29400	0.63	0.04	0.04	0	0	0.63
29500	0.63	0.04	0.04	0	0	0.63
29600	0.63	0.04	0.04	0	0	0.63
29700	0.63	0.05	0.05	0	0	0.63
29800	0.63	0.05	0.05	0	0	0.63
29900	0.63	0.04	0.04	0	0	0.63
30000	0.63	0.05	0.05	0	0	0.63
30100	0.63	0.05	0.05	0	0	0.63
30200	0.63	0.06	0.06	0	0	0.63
30300	0.63	0.06	0.06	0	0	0.63
30400	0.63	0.06	0.06	0	0	0.63
30500	0.63	0.05	0.05	0	0	0.63
30600	0.63	0.05	0.05	0	0	0.63
30700	0.63	0.05	0.05	0	0	0.63
30800	0.63	0.03	0.03	0	0	0.63
30900	0.63	0.03	0.03	0	0	0.63
31000	0.63	0.04	0.04	0	0	0.63
31100	0.63	0.01	0.01	0	0	0.63
31200	0.63	0.01	0.01	0	0	0.63
31300	0.64	0	0	0	0	0.64
31400	0.64	0.01	0.01	0	0	0.64
31500	0.64	0.01	0.01	0	0	0.64
31600	0.64	0.01	0.01	0	0	0.64
31700	0.64	0.01	0.01	0	0	0.64
31800	0.64	0.01	0.01	0	0	0.64
31900	0.64	0.02	0.02	0	0	0.64
32000	0.64	0.02	0.02	0	0	0.64
32100	0.64	0.02	0.02	0	0	0.64
32200	0.64	0.02	0.02	0	0	0.64
32300	0.64	0.03	0.03	0	0	0.64
32400	0.64	0.02	0.02	0	0	0.64
32500	0.64	0.03	0.03	0	0	0.64
32600	0.64	0.02	0.02	0	0	0.64
32700	0.64	0.03	0.03	0	0	0.64
32800	0.64	0.04	0.04	0	0	0.64
32900	0.64	0.02	0.02	0	0	0.64
33000	0.64	0.01	0.01	0	0	0.64
33100	0.64	0.01	0.01	0	0	0.64
33200	0.64	0.01	0.01	0	0	0.64
33300	0.63	0.02	0.02	0	0	0.63
33400	0.63	0.02	0.02	0	0	0.63
33500	0.63	0.01	0.01	0	0	0.63
33600	0.63	0.01	0.01	0	0	0.63
33700	0.63	0.01	0.01	0	0	0.63
33800	0.63	0.01	0.01	0	0	0.63
33900	0.62	0.02	0.02	0	0	0.62
34000	0.62	0.01	0.01	0	0	0.62
34100	0.62	0.02	0.02	0	0	0.62
34200	0.62	0.02	0.02	0	0	0.62
34300	0.62	0.03	0.03	0	0	0.62
34400	0.62	0.03	0.03	0	0	0.62
34500	0.62	0.03	0.03	0	0	0.62
34600	0.62	0.03	0.03	0	0	0.62
34700	0.62	0.03	0.03	0	0	0.62
34800	0.62	0.02	0.02	0	0	0.62
34900	0.62	0.02	0.02	0	0	0.62
35000	0.62	0.02	0.02	0	0	0.62
35100	0.62	0	0	0	0	0.62
35200	0.62	0	0	0	0	0.62
35300	0.61	0	0	0	0	0.61
35400	0.61	0	0	0	0	0.61
35500	0.61	0.02	0.02	0	0	0.61
35600	0.61	0.03	0.03	0	0	0.61
35700	0.6	0.03	0.03	0	0	0.6
35800	0.6	0.04	0.04	0	0	0.6
35900	0.6	0.04	0.04	0	0	0.6
36000	0.6	0.02	0.02	0	0	0.6
36100	0.6	0.01	0.01	0	0	0.6
36200	0.6	0.01	0.01	0	0	0.6
36300	0.6	0.01	0.01	0	0	0.6
36400	0.6	0.01	0.01	0	0	0.6
36500	0.6	0.02	0.02	0	0	0.6
36600	0.6	0.04	0.04	0	0	0.6
36700	0.6	0.04	0.04	0	0	0.6
36800	0.6	0.03	0.03	0	0	0.6
36900	0.6	0.03	0.03	0	0	0.6
37000	0.6	0.03	0.03	0	0	0.6
37100	0.61	0.03	0.03	0	0	0.61
37200	0.61	0.03	0.03	0	0	0.61
37300	0.62	0.02	0.02	0	0	0.62
37400	0.62	0.02	0.02	0	0	0.62
37500	0.63	0.03	0.03	0	0	0.63
37600	0.62	0.02	0.02	0	0	0.62
37700	0.62	0.02	0.02	0	0	0.62
37800	0.62	0.02	0.02	0	0	0.62
37900	0.62	0.01	0.01	0	0	0.62
38000	0.62	0.01	0.01	0	0	0.62
38100	0.62	0.01	0.01	0	0	0.62
38200	0.62	0.01	0.01	0	0	0.62
38300	0.63	0	0	0	0	0.63
38400	0.63	0.03	0.03	0	0	0.63
38500	0.62	0.03	0.03	0	0	0.62
38600	0.62	0.03	0.03	0	0	0.62
38700	0.62	0.04	0.04	0	0	0.62
38800	0.62	0.04	0.04	0	0	0.62
38900	0.62	0.04	0.04	0	0	0.62
39000	0.62	0.02	0.02	0	0	0.62
39100	0.62	0.02	0.02	0	0	0.62
39200	0.62	0.01	0.01	0	0	0.62
39300	0.62	0.02	0.02	0	0	0.62
39400	0.62	0.04	0.04	0	0	0.62
39500	0.62	0.03	0.03	0	0	0.62
39600	0.62	0.02	0.02	0	0	0.62
39700	0.62	0.01	0.01	0	0	0.62
39800	0.62	0.01	0.01	0	0	0.62
39900	0.62	0.01	0.01	0	0	0.62
40000	0.62	0.01	0.01	0	0	0.62
40100	0.62	0.01	0.01	0	0	0.62
40200	0.62	0.01	0.01	0	0	0.62
40300	0.62	0	0	0	0	0.62
40400	0.62	0.01	0.01	0	0	0.62
40500	0.62	0	0	0	0	0.62
40600	0.62	0	0	0	0	0.62
40700	0.62	0	0	0	0	0.62
40800	0.62	0	0	0	0	0.62
40900	0.62	0	0	0	0	0.62
41000	0.62	0	0	0	0	0.62
41100	0.62	0	0	0	0	0.62
41200	0.62	0.01	0.01	0	0	0.62
41300	0.62	0.03	0.03	0	0	0.62
41400	0.62	0.02	0.02	0	0	0.62
41500	0.62	0.02	0.02	0	0	0.62
41600	0.62	0.02	0.02	0	0	0.62
41700	0.62	0.01	0.01	0	0	0.62
41800	0.62	0.02	0.02	0	0	0.62
41900	0.62	0.01	0.01	0	0	0.62
42000	0.62	0.01	0.01	0	0	0.62
42100	0.62	0.01	0.01	0	0	0.62
42200	0.62	0.01	0.01	0	0	0.62
42300	0.62	0.01	0.01	0	0	0.62
42400	0.62	0.02	0.02	0	0	0.62
42500	0.62	0.03	0.03	0	0	0.62
42600	0.62	0.03	0.03	0	0	0.62
42700	0.62	0.01	0.01	0	0	0.62
42800	0.62	0	0	0	0	0.62
42900	0.62	0	0	0	0	0.62
43000	0.62	0	0	0	0	0.62
43100	0.62	0.01	0.01	0	0	0.62
43200	0.62	0.01	0.01	0	0	0.62
43300	0.62	0.01	0.01	0	0	0.62
43400	0.62	0.01	0.01	0	0	0.62
43500	0.62	0.01	0.01	0	0	0.62
43600	0.62	0.02	0.02	0	0	0.62
43700	0.62	0.03	0.03	0	0	0.62
43800	0.62	0.02	0.02	0	0	0.62
43900	0.62	0.02	0.02	0	0	0.62
44000	0.62	0.02	0.02	0	0	0.62
44100	0.62	0.02	0.02	0	0	0.62
44200	0.62	0.01	0.01	0	0	0.62
44300	0.62	0	0	0	0	0.62
44400	0.62	0.01	0.01	0	0	0.62
44500	0.62	0.01	0.01	0	0	0.62
44600	0.62	0.03	0.03	0	0	0.62
44700	0.62	0.03	0.03	0	0	0.62
44800	0.62	0.04	0.04	0	0	0.62
44900	0.62	0.04	0.04	0	0	0.62
45000	0.62	0.03	0.03	0	0	0.62
45100	0.62	0.02	0.02	0	0	0.62
45200	0.62	0.02	0.02	0	0	0.62
45300	0.62	0.02	0.02	0	0	0.62
45400	0.62	0.02	0.02	0	0	0.62
45500	0.62	0.02	0.02	0	0	0.62
45600	0.62	0.02	0.02	0	0	0.62
45700	0.62	0.02	0.02	0	0	0.62
45800	0.63	0.02	0.02	0	0	0.63
45900	0.63	0.03	0.03	0	0	0.63
46000	0.64	0.04	0.04	0	0	0.64
46100	0.64	0.03	0.03	0	0	0.64
46200	0.64	0.02	0.02	0	0	0.64
46300	0.64	0.02	0.02	0	0	0.64
46400	0.64	0.01	0.01	0	0	0.64
46500	0.64	0.02	0.02	0	0	0.64
46600	0.64	0.01	0.01	0	0	0.64
46700	0.64	0.01	0.01	0	0	0.64
46800	0.64	0	0	0	0	0.64
46900	0.64	0	0	0	0	0.64
47000	0.64	0	0	0	0	0.64
47100	0.64	0.01	0.01	0	0	0.64
47200	0.65	0.01	0.01	0	0	0.65
47300	0.65	0.02	0.02	0	0	0.65
47400	0.65	0.02	0.02	0	0	0.65
47500	0.65	0.04	0.04	0	0	0.65
47600	0.65	0.03	0.03	0	0	0.65
47700	0.65	0.03	0.03	0	0	0.65
47800	0.66	0.02	0.02	0	0	0.66
47900	0.66	0.02	0.02	0	0	0.66
48000	0.66	0.01	0.01	0	0	0.66
48100	0.66	0	0	0	0	0.66
48200	0.66	0.02	0.02	0	0	0.66
48300	0.66	0.02	0.02	0	0	0.66
48400	0.65	0.03	0.03	0	0	0.65
48500	0.65	0.04	0.04	0	0	0.65
48600	0.65	0.03	0.03	0	0	0.65
48700	0.65	0.02	0.02	0	0	0.65
48800	0.65	0.02	0.02	0	0	0.65
48900	0.65	0.01	0.01	0	0	0.65
49000	0.65	0	0	0	0	0.65
49100	0.65	0	0	0	0	0.65
49200	0.65	0.01	0.01	0	0	0.65
49300	0.65	0.01	0.01	0	0	0.65
49400	0.65	0.01	0.01	0	0	0.65
49500	0.65	0.01	0.01	0	0	0.65
49600	0.65	0.01	0.01	0	0	0.65
49700	0.65	0	0	0	0	0.65
49800	0.65	0	0	0	0	0.65
49900	0.65	0	0	0	0	0.65
50000	0.65	0	0	0	0	0.65
50100	0.65	0.01	0.01	0	0	0.65
50200	0.65	0.01	0.01	0	0	0.65
50300	0.65	0.03	0.03	0	0	0.65
50400	0.65	0.03	0.03	0	0	0.65
50500	0.65	0.04	0.04	0	0	0.65
50600	0.65	0.02	0.02	0	0	0.65
50700	0.65	0.02	0.02	0	0	0.65
50800	0.65	0.01	0.01	0	0	0.65
50900	0.65	0.01	0.01	0	0	0.65
51000	0.65	0.01	0.01	0	0	0.65
51100	0.65	0.01	0.01	0	0	0.65
51200	0.65	0.01	0.01	0	0	0.65
51300	0.65	0.01	0.01	0	0	0.65
51400	0.65	0.01	0.01	0	0	0.65
51500	0.66	0.02	0.02	0	0	0.66
51600	0.66	0.01	0.01	0	0	0.66
51700	0.66	0.01	0.01	0	0	0.66
51800	0.65	0.02	0.02	0	0	0.65
51900	0.65	0.01	0.01	0	0	0.65
52000	0.65	0.02	0.02	0	0	0.65
52100	0.65	0.02	0.02	0	0	0.65
52200	0.65	0.02	0.02	0	0	0.65
52300	0.66	0.01	0.01	0	0	0.66
52400	0.66	0.01	0.01	0	0	0.66
52500	0.66	0.02	0.02	0	0	0.66
52600	0.66	0.02	0.02	0	0	0.66
52700	0.66	0.02	0.02	0	0	0.66
52800	0.66	0.01	0.01	0	0	0.66
52900	0.66	0.01	0.01	0	0	0.66
53000	0.67	0	0	0	0	0.67
53100	0.67	0.01	0.01	0	0	0.67
53200	0.67	0.02	0.02	0	0	0.67
53300	0.67	0.02	0.02	0	0	0.67
53400	0.67	0.02	0.02	0	0	0.67
53500	0.67	0.02	0.02	0	0	0.67
53600	0.67	0.02	0.02	0	0	0.67
53700	0.67	0.03	0.03	0	0	0.67
53800	0.67	0.01	0.01	0	0	0.67
53900	0.67	0.01	0.01	0	0	0.67
54000	0.66	0	0	0	0	0.66
54100	0.66	0	0	0	0	0.66
54200	0.67	0	0	0	0	0.67
54300	0.67	0	0	0	0	0.67
54400	0.67	0	0	0	0	0.67
54500	0.67	0	0	0	0	0.67
54600	0.67	0	0	0	0	0.67
54700	0.67	0	0	0	0	0.67
54800	0.67	0	0	0	0	0.67
54900	0.67	0.01	0.01	0	0	0.67
55000	0.67	0.03	0.03	0	0	0.67
55100	0.67	0.02	0.02	0	0	0.67
55200	0.67	0.02	0.02	0	0	0.67
55300	0.67	0.02	0.02	0	0	0.67
55400	0.67	0.02	0.02	0	0	0.67
55500	0.67	0.02	0.02	0	0	0.67
55600	0.67	0.02	0.02	0	0	0.67
55700	0.67	0.01	0.01	0	0	0.67
55800	0.67	0	0	0	0	0.67
55900	0.67	0	0	0	0	0.67
56000	0.67	0.01	0.01	0	0	0.67
56100	0.67	0.01	0.01	0	0	0.67
56200	0.67	0.01	0.01	0	0	0.67
56300	0.66	0.01	0.01	0	0	0.66
56400	0.66	0.02	0.02	0	0	0.66
56500	0.66	0.02	0.02	0	0	0.66
56600	0.66	0.01	0.01	0	0	0.66
56700	0.66	0.02	0.02	0	0	0.66
56800	0.66	0.03	0.03	0	0	0.66
56900	0.67	0.04	0.04	0	0	0.67
57000	0.67	0.04	0.04	0	0	0.67
57100	0.67	0.05	0.05	0	0	0.67
57200	0.67	0.05	0.05	0	0	0.67
57300	0.67	0.01	0.01	0	0	0.67
57400	0.67	0	0	0	0	0.67
57500	0.67	0.02	0.02	0	0	0.67
57600	0.68	0.02	0.02	0	0	0.68
57700	0.68	0.02	0.02	0	0	0.68
57800	0.68	0.02	0.02	0	0	0.68
57900	0.68	0.02	0.02	0	0	0.68
58000	0.68	0.02	0.02	0	0	0.68
58100	0.68	0	0	0	0	0.68
58200	0.67	0	0	0	0	0.67
58300	0.67	0	0	0	0	0.67
58400	0.67	0	0	0	0	0.67
58500	0.67	0.02	0.02	0	0	0.67
58600	0.67	0.02	0.02	0	0	0.67
58700	0.67	0.03	0.03	0	0	0.67
58800	0.67	0.03	0.03	0	0	0.67
58900	0.67	0.03	0.03	0	0	0.67
59000	0.67	0.02	0.02	0	0	0.67
59100	0.67	0.01	0.01	0	0	0.67
59200	0.67	0.03	0.03	0	0	0.67
59300	0.67	0.03	0.03	0	0	0.67
59400	0.67	0.01	0.01	0	0	0.67
59500	0.67	0	0	0	0	0.67
59600	0.67	0.01	0.01	0	0	0.67
59700	0.67	0.02	0.02	0	0	0.67
59800	0.67	0.02	0.02	0	0	0.67
59900	0.67	0.03	0.03	0	0	0.67
60000	0.67	0.04	0.04	0	0	0.67
60100	0.67	0.04	0.04	0	0	0.67
60200	0.67	0.04	0.04	0	0	0.67
60300	0.67	0.06	0.06	0	0	0.67
60400	0.68	0.04	0.04	0	0	0.68
60500	0.68	0.06	0.06	0	0	0.68
60600	0.67	0.04	0.04	0	0	0.67
60700	0.67	0.02	0.02	0	0	0.67
60800	0.67	0	0	0	0	0.67
60900	0.68	0	0	0	0	0.68
61000	0.68	0	0	0	0	0.68
61100	0.68	0.01	0.01	0	0	0.68
61200	0.68	0.01	0.01	0	0	0.68
61300	0.68	0.01	0.01	0	0	0.68
61400	0.68	0.01	0.01	0	0	0.68
61500	0.68	0.01	0.01	0	0	0.68
61600	0.68	0.01	0.01	0	0	0.68
61700	0.68	0	0	0	0	0.68
61800	0.68	0	0	0	0	0.68
61900	0.68	0	0	0	0	0.68
62000	0.68	0	0	0	0	0.68
62100	0.68	0	0	0	0	0.68
62200	0.68	0	0	0	0	0.68
62300	0.68	0	0	0	0	0.68
62400	0.68	0.02	0.02	0	0	0.68
62500	0.68	0.02	0.02	0	0	0.68
62600	0.68	0.02	0.02	0	0	0.68
62700	0.68	0.02	0.02	0	0	0.68
62800	0.68	0.01	0.01	0	0	0.68
62900	0.68	0.01	0.01	0	0	0.68
63000	0.68	0.01	0.01	0	0	0.68
63100	0.68	0	0	0	0	0.68
63200	0.68	0	0	0	0	0.68
63300	0.68	0.01	0.01	0	0	0.68
63400	0.68	0.01	0.01	0	0	0.68
63500	0.68	0.01	0.01	0	0	0.68
63600	0.68	0.01	0.01	0	0	0.68
63700	0.68	0.01	0.01	0	0	0.68
63800	0.68	0.01	0.01	0	0	0.68
63900	0.68	0	0	0	0	0.68
64000	0.68	0	0	0	0	0.68
64100	0.69	0	0	0	0	0.69
64200	0.69	0.01	0.01	0	0	0.69
64300	0.69	0.01	0.01	0	0	0.69
64400	0.69	0	0	0	0	0.69
64500	0.69	0	0	0	0	0.69
64600	0.69	0	0	0	0	0.69
64700	0.69	0.01	0.01	0	0	0.69
64800	0.7	0.02	0.02	0	0	0.7
64900	0.7	0.02	0.02	0	0	0.7
65000	0.7	0.02	0.02	0	0	0.7
65100	0.7	0.03	0.03	0	0	0.7
65200	0.7	0.03	0.03	0	0	0.7
65300	0.7	0.03	0.03	0	0	0.7
65400	0.7	0.03	0.03	0	0	0.7
65500	0.7	0.03	0.03	0	0	0.7
65600	0.7	0.02	0.02	0	0	0.7
65700	0.7	0.02	0.02	0	0	0.7
65800	0.7	0.02	0.02	0	0	0.7
65900	0.7	0.01	0.01	0	0	0.7
66000	0.7	0.01	0.01	0	0	0.7
66100	0.7	0.02	0.02	0	0	0.7
66200	0.7	0.02	0.02	0	0	0.7
66300	0.7	0.02	0.02	0	0	0.7
66400	0.7	0.02	0.02	0	0	0.7
66500	0.7	0.03	0.03	0	0	0.7
66600	0.7	0.03	0.03	0	0	0.7
66700	0.7	0.02	0.02	0	0	0.7
66800	0.7	0.02	0.02	0	0	0.7
66900	0.7	0.03	0.03	0	0	0.7
67000	0.7	0.02	0.02	0	0	0.7
67100	0.7	0.03	0.03	0	0	0.7
67200	0.7	0.03	0.03	0	0	0.7
67300	0.7	0.02	0.02	0	0	0.7
67400	0.7	0.03	0.03	0	0	0.7
67500	0.7	0.04	0.04	0	0	0.7
67600	0.7	0.04	0.04	0	0	0.7
67700	0.7	0.03	0.03	0	0	0.7
67800	0.7	0.02	0.02	0	0	0.7
67900	0.7	0.04	0.04	0	0	0.7
68000	0.7	0.03	0.03	0	0	0.7
68100	0.7	0.03	0.03	0	0	0.7
68200	0.7	0.03	0.03	0	0	0.7
68300	0.7	0.03	0.03	0	0	0.7
68400	0.7	0.04	0.04	0	0	0.7
68500	0.7	0.02	0.02	0	0	0.7
68600	0.7	0.01	0.01	0	0	0.7
68700	0.7	0.01	0.01	0	0	0.7
68800	0.7	0	0	0	0	0.7
68900	0.7	0	0	0	0	0.7
69000	0.7	0.01	0.01	0	0	0.7
69100	0.7	0.01	0.01	0	0	0.7
69200	0.7	0.01	0.01	0	0	0.7
69300	0.7	0.01	0.01	0	0	0.7
69400	0.7	0.01	0.01	0	0	0.7
69500	0.7	0.02	0.02	0	0	0.7
69600	0.7	0.03	0.03	0	0	0.7
69700	0.7	0.03	0.03	0	0	0.7
69800	0.7	0.02	0.02	0	0	0.7
69900	0.7	0.01	0.01	0	0	0.7
70000	0.7	0.01	0.01	0	0	0.7
70100	0.7	0.02	0.02	0	0	0.7
70200	0.7	0.02	0.02	0	0	0.7
70300	0.7	0.01	0.01	0	0	0.7
70400	0.7	0.02	0.02	0	0	0.7
70500	0.7	0.03	0.03	0	0	0.7
70600	0.7	0.03	0.03	0	0	0.7
70700	0.7	0.03	0.03	0	0	0.7
70800	0.7	0.01	0.01	0	0	0.7
70900	0.7	0.01	0.01	0	0	0.7
71000	0.7	0.02	0.02	0	0	0.7
71100	0.7	0.02	0.02	0	0	0.7
71200	0.7	0.01	0.01	0	0	0.7
71300	0.7	0	0	0	0	0.7
71400	0.7	0	0	0	0	0.7
71500	0.7	0	0	0	0	0.7
71600	0.7	0	0	0	0	0.7
71700	0.7	0	0	0	0	0.7
71800	0.7	0	0	0	0	0.7
71900	0.7	0	0	0	0	0.7
72000	0.7	0.02	0.02	0	0	0.7
72100	0.7	0.02	0.02	0	0	0.7
72200	0.7	0.02	0.02	0	0	0.7
72300	0.7	0.02	0.02	0	0	0.7
72400	0.7	0.01	0.01	0	0	0.7
72500	0.7	0	0	0	0	0.7
72600	0.7	0	0	0	0	0.7
72700	0.7	0	0	0	0	0.7
72800	0.7	0	0	0	0	0.7
72900	0.7	0	0	0	0	0.7
73000	0.7	0.01	0.01	0	0	0.7
73100	0.7	0.02	0.02	0	0	0.7
73200	0.7	0.02	0.02	0	0	0.7
73300	0.7	0.04	0.04	0	0	0.7
73400	0.7	0.05	0.05	0	0	0.7
73500	0.7	0.04	0.04	0	0	0.7
73600	0.7	0.03	0.03	0	0	0.7
73700	0.7	0.02	0.02	0	0	0.7
73800	0.7	0	0	0	0	0.7
73900	0.7	0	0	0	0	0.7
74000	0.7	0	0	0	0	0.7
74100	0.7	0	0	0	0	0.7
74200	0.7	0	0	0	0	0.7
74300	0.7	0	0	0	0	0.7
74400	0.7	0	0	0	0	0.7
74500	0.7	0	0	0	0	0.7
74600	0.7	0	0	0	0	0.7
74700	0.7	0	0	0	0	0.7
74800	0.7	0	0	0	0	0.7
74900	0.7	0.02	0.02	0	0	0.7
75000	0.7	0.02	0.02	0	0	0.7
75100	0.7	0.02	0.02	0	0	0.7
75200	0.7	0.02	0.02	0	0	0.7
75300	0.7	0.02	0.02	0	0	0.7
75400	0.7	0.01	0.01	0	0	0.7
75500	0.7	0.02	0.02	0	0	0.7
75600	0.7	0.03	0.03	0	0	0.7
75700	0.7	0.03	0.03	0	0	0.7
75800	0.7	0.03	0.03	0	0	0.7
75900	0.7	0.03	0.03	0	0	0.7
76000	0.7	0.01	0.01	0	0	0.7
76100	0.7	0	0	0	0	0.7
76200	0.7	0	0	0	0	0.7
76300	0.7	0.01	0.01	0	0	0.7
76400	0.7	0.01	0.01	0	0	0.7
76500	0.7	0.02	0.02	0	0	0.7
76600	0.7	0.02	0.02	0	0	0.7
76700	0.7	0.02	0.02	0	0	0.7
76800	0.7	0.03	0.03	0	0	0.7
76900	0.7	0.04	0.04	0	0	0.7
77000	0.7	0.03	0.03	0	0	0.7
77100	0.7	0.01	0.01	0	0	0.7
77200	0.7	0	0	0	0	0.7
77300	0.7	0.01	0.01	0	0	0.7
77400	0.7	0.01	0.01	0	0	0.7
77500	0.7	0.02	0.02	0	0	0.7
77600	0.7	0.02	0.02	0	0	0.7
77700	0.7	0.02	0.02	0	0	0.7
77800	0.7	0.02	0.02	0	0	0.7
77900	0.7	0.01	0.01	0	0	0.7
78000	0.7	0.01	0.01	0	0	0.7
78100	0.7	0.01	0.01	0	0	0.7
78200	0.7	0.01	0.01	0	0	0.7
78300	0.7	0.01	0.01	0	0	0.7
78400	0.7	0.01	0.01	0	0	0.7
78500	0.7	0.03	0.03	0	0	0.7
78600	0.7	0.02	0.02	0	0	0.7
78700	0.7	0.02	0.02	0	0	0.7
78800	0.7	0.02	0.02	0	0	0.7
78900	0.7	0.02	0.02	0	0	0.7
79000	0.7	0.02	0.02	0	0	0.7
79100	0.7	0.03	0.03	0	0	0.7
79200	0.7	0.04	0.04	0	0	0.7
79300	0.7	0.03	0.03	0	0	0.7
79400	0.7	0.03	0.03	0	0	0.7
79500	0.7	0.04	0.04	0	0	0.7
79600	0.7	0.04	0.04	0	0	0.7
79700	0.7	0.04	0.04	0	0	0.7
79800	0.7	0.02	0.02	0	0	0.7
79900	0.7	0.03	0.03	0	0	0.7
80000	0.7	0.03	0.03	0	0	0.7
80100	0.7	0.02	0.02	0	0	0.7
80200	0.7	0.01	0.01	0	0	0.7
80300	0.7	0.01	0.01	0	0	0.7
80400	0.7	0	0	0	0	0.7
80500	0.7	0	0	0	0	0.7
80600	0.7	0	0	0	0	0.7
80700	0.7	0.01	0.01	0	0	0.7
80800	0.7	0.01	0.01	0	0	0.7
80900	0.7	0.01	0.01	0	0	0.7
81000	0.7	0.01	0.01	0	0	0.7
81100	0.7	0.01	0.01	0	0	0.7
81200	0.7	0.02	0.02	0	0	0.7
81300	0.7	0	0	0	0	0.7
81400	0.7	0	0	0	0	0.7
81500	0.7	0.01	0.01	0	0	0.7
81600	0.7	0.02	0.02	0	0	0.7
81700	0.7	0.02	0.02	0	0	0.7
81800	0.7	0.02	0.02	0	0	0.7
81900	0.69	0.02	0.02	0	0	0.69
82000	0.69	0.03	0.03	0	0	0.69
82100	0.69	0.03	0.03	0	0	0.69
82200	0.69	0.01	0.01	0	0	0.69
82300	0.69	0.03	0.03	0	0	0.69
82400	0.69	0.04	0.04	0	0	0.69
82500	0.69	0.03	0.03	0	0	0.69
82600	0.69	0.01	0.01	0	0	0.69
82700	0.69	0.01	0.01	0	0	0.69
82800	0.69	0.01	0.01	0	0	0.69
82900	0.69	0.01	0.01	0	0	0.69
83000	0.69	0	0	0	0	0.69
83100	0.69	0.01	0.01	0	0	0.69
83200	0.69	0.01	0.01	0	0	0.69
83300	0.69	0.01	0.01	0	0	0.69
83400	0.68	0.01	0.01	0	0	0.68
83500	0.68	0.01	0.01	0	0	0.68
83600	0.68	0.02	0.02	0	0	0.68
83700	0.68	0.02	0.02	0	0	0.68
83800	0.68	0.02	0.02	0	0	0.68
83900	0.68	0.02	0.02	0	0	0.68
84000	0.68	0.04	0.04	0	0	0.68
84100	0.68	0.03	0.03	0	0	0.68
84200	0.68	0.02	0.02	0	0	0.68
84300	0.68	0.02	0.02	0	0	0.68
84400	0.68	0.02	0.02	0	0	0.68
84500	0.68	0.03	0.03	0	0	0.68
84600	0.68	0.01	0.01	0	0	0.68
84700	0.68	0.02	0.02	0	0	0.68
84800	0.68	0.02	0.02	0	0	0.68
84900	0.68	0.02	0.02	0	0	0.68
85000	0.68	0.01	0.01	0	0	0.68
85100	0.68	0.02	0.02	0	0	0.68
85200	0.68	0.02	0.02	0	0	0.68
85300	0.68	0.01	0.01	0	0	0.68
85400	0.68	0.02	0.02	0	0	0.68
85500	0.68	0.02	0.02	0	0	0.68
85600	0.68	0.02	0.02	0	0	0.68
85700	0.68	0.01	0.01	0	0	0.68
85800	0.68	0.01	0.01	0	0	0.68
85900	0.68	0	0	0	0	0.68
86000	0.68	0	0	0	0	0.68
86100	0.68	0.03	0.03	0	0	0.68
86200	0.68	0.03	0.03	0	0	0.68
86300	0.68	0.04	0.04	0	0	0.68
86400	0.68	0.05	0.05	0	0	0.68
86500	0.68	0.06	0.06	0	0	0.68
86600	0.68	0.07	0.07	0	0	0.68
86700	0.68	0.04	0.04	0	0	0.68
86800	0.68	0.03	0.03	0	0	0.68
86900	0.68	0.01	0.01	0	0	0.68
87000	0.68	0.01	0.01	0	0	0.68
87100	0.68	0.01	0.01	0	0	0.68
87200	0.68	0.01	0.01	0	0	0.68
87300	0.67	0.02	0.02	0	0	0.67
87400	0.67	0.02	0.02	0	0	0.67
87500	0.67	0.02	0.02	0	0	0.67
87600	0.67	0.02	0.02	0	0	0.67
87700	0.67	0	0	0	0	0.67
87800	0.67	0.01	0.01	0	0	0.67
87900	0.67	0.01	0.01	0	0	0.67
88000	0.67	0.01	0.01	0	0	0.67
88100	0.67	0.02	0.02	0	0	0.67
88200	0.67	0.02	0.02	0	0	0.67
88300	0.67	0.02	0.02	0	0	0.67
88400	0.67	0.01	0.01	0	0	0.67
88500	0.67	0.01	0.01	0	0	0.67
88600	0.67	0.01	0.01	0	0	0.67
88700	0.67	0	0	0	0	0.67
88800	0.67	0	0	0	0	0.67
88900	0.67	0	0	0	0	0.67
89000	0.67	0	0	0	0	0.67
89100	0.67	0	0	0	0	0.67
89200	0.67	0	0	0	0	0.67
89300	0.67	0	0	0	0	0.67
89400	0.67	0	0	0	0	0.67
89500	0.67	0.02	0.02	0	0	0.67
89600	0.67	0.01	0.01	0	0	0.67
89700	0.67	0.01	0.01	0	0	0.67
89800	0.67	0.01	0.01	0	0	0.67
89900	0.67	0	0	0	0	0.67
90000	0.67	0	0	0	0	0.67
90100	0.67	0	0	0	0	0.67
90200	0.67	0.01	0.01	0	0	0.67
90300	0.67	0.01	0.01	0	0	0.67
90400	0.67	0.03	0.03	0	0	0.67
90500	0.67	0.03	0.03	0	0	0.67
90600	0.67	0.02	0.02	0	0	0.67
90700	0.69	0	0	0	0	0.69
90800	0.69	0	0	0	0	0.69
90900	0.69	0	0	0	0	0.69
91000	0.69	0	0	0	0	0.69
91100	0.68	0	0	0	0	0.68
91200	0.68	0.01	0.01	0	0	0.68
91300	0.68	0.02	0.02	0	0	0.68
91400	0.68	0.01	0.01	0	0	0.68
91500	0.68	0.02	0.02	0	0	0.68
91600	0.68	0.03	0.03	0	0	0.68
91700	0.68	0.03	0.03	0	0	0.68
91800	0.68	0.03	0.03	0	0	0.68
91900	0.68	0.02	0.02	0	0	0.68
92000	0.68	0.04	0.04	0	0	0.68
92100	0.68	0.03	0.03	0	0	0.68
92200	0.68	0.02	0.02	0	0	0.68
92300	0.68	0.02	0.02	0	0	0.68
92400	0.69	0.02	0.02	0	0	0.69
92500	0.69	0.01	0.01	0	0	0.69
92600	0.69	0	0	0	0	0.69
92700	0.69	0.01	0.01	0	0	0.69
92800	0.69	0.01	0.01	0	0	0.69
92900	0.68	0.01	0.01	0	0	0.68
93000	0.68	0.01	0.01	0	0	0.68
93100	0.69	0.02	0.02	0	0	0.69
93200	0.69	0.01	0.01	0	0	0.69
93300	0.69	0	0	0	0	0.69
93400	0.69	0	0	0	0	0.69
93500	0.69	0.01	0.01	0	0	0.69
93600	0.69	0.02	0.02	0	0	0.69
93700	0.69	0.02	0.02	0	0	0.69
93800	0.69	0.02	0.02	0	0	0.69
93900	0.69	0.03	0.03	0	0	0.69
94000	0.69	0.02	0.02	0	0	0.69
94100	0.69	0.03	0.03	0	0	0.69
94200	0.69	0.02	0.02	0	0	0.69
94300	0.69	0.02	0.02	0	0	0.69
94400	0.69	0.03	0.03	0	0	0.69
94500	0.69	0.02	0.02	0	0	0.69
94600	0.69	0.01	0.01	0	0	0.69
94700	0.69	0.01	0.01	0	0	0.69
94800	0.69	0.01	0.01	0	0	0.69
94900	0.69	0.01	0.01	0	0	0.69
95000	0.69	0.01	0.01	0	0	0.69
95100	0.69	0.01	0.01	0	0	0.69
95200	0.69	0	0	0	0	0.69
95300	0.69	0	0	0	0	0.69
95400	0.69	0	0	0	0	0.69
95500	0.69	0.02	0.02	0	0	0.69
95600	0.69	0.02	0.02	0	0	0.69
95700	0.69	0.03	0.03	0	0	0.69
95800	0.69	0.03	0.03	0	0	0.69
95900	0.69	0.03	0.03	0	0	0.69
96000	0.69	0.03	0.03	0	0	0.69
96100	0.69	0	0	0	0	0.69
96200	0.69	0	0	0	0	0.69
96300	0.69	0	0	0	0	0.69
96400	0.69	0.01	0.01	0	0	0.69
96500	0.69	0.02	0.02	0	0	0.69
96600	0.69	0.02	0.02	0	0	0.69
96700	0.69	0.02	0.02	0	0	0.69
96800	0.69	0.02	0.02	0	0	0.69
96900	0.69	0.02	0.02	0	0	0.69
97000	0.69	0.01	0.01	0	0	0.69
97100	0.69	0	0	0	0	0.69
97200	0.69	0	0	0	0	0.69
97300	0.69	0	0	0	0	0.69
97400	0.69	0	0	0	0	0.69
97500	0.69	0	0	0	0	0.69
97600	0.69	0	0	0	0	0.69
97700	0.69	0.01	0.01	0	0	0.69
97800	0.69	0.02	0.02	0	0	0.69
97900	0.69	0.02	0.02	0	0	0.69
98000	0.69	0.01	0.01	0	0	0.69
98100	0.69	0.01	0.01	0	0	0.69
98200	0.69	0.01	0.01	0	0	0.69
98300	0.69	0.01	0.01	0	0	0.69
98400	0.69	0.01	0.01	0	0	0.69
98500	0.69	0.01	0.01	0	0	0.69
98600	0.69	0.01	0.01	0	0	0.69
98700	0.69	0	0	0	0	0.69
98800	0.69	0.01	0.01	0	0	0.69
98900	0.69	0.01	0.01	0	0	0.69
99000	0.69	0.02	0.02	0	0	0.69
99100	0.69	0.03	0.03	0	0	0.69
99200	0.69	0.03	0.03	0	0	0.69
99300	0.69	0.03	0.03	0	0	0.69
99400	0.69	0.02	0.02	0	0	0.69
99500	0.69	0	0	0	0	0.69
99600	0.69	0	0	0	0	0.69
99700	0.69	0.01	0.01	0	0	0.69
99800	0.69	0.01	0.01	0	0	0.69
99900	0.69	0.01	0.01	0	0	0.69
100000	0.69	0.01	0.01	0	0	0.69
100100	0.69	0.01	0.01	0	0	0.69
100200	0.69	0	0	0	0	0.69
100300	0.69	0	0	0	0	0.69
100400	0.69	0	0	0	0	0.69
100500	0.69	0	0	0	0	0.69
100600	0.69	0	0	0	0	0.69
100700	0.69	0	0	0	0	0.69
100800	0.69	0	0	0	0	0.69
100900	0.69	0.01	0.01	0	0	0.69
101000	0.69	0.01	0.01	0	0	0.69
101100	0.69	0.01	0.01	0	0	0.69
101200	0.69	0.01	0.01	0	0	0.69
101300	0.69	0	0	0	0	0.69
101400	0.69	0	0	0	0	0.69
101500	0.69	0	0	0	0	0.69
101600	0.69	0.01	0.01	0	0	0.69
101700	0.69	0.01	0.01	0	0	0.69
101800	0.69	0.01	0.01	0	0	0.69
101900	0.69	0	0	0	0	0.69
102000	0.69	0	0	0	0	0.69
102100	0.69	0.01	0.01	0	0	0.69
102200	0.69	0.01	0.01	0	0	0.69
102300	0.69	0.01	0.01	0	0	0.69
102400	0.69	0.01	0.01	0	0	0.69
102500	0.69	0	0	0	0	0.69
102600	0.69	0.01	0.01	0	0	0.69
102700	0.69	0.02	0.02	0	0	0.69
102800	0.69	0.02	0.02	0	0	0.69
102900	0.69	0.02	0.02	0	0	0.69
103000	0.69	0.03	0.03	0	0	0.69
103100	0.69	0.02	0.02	0	0	0.69
103200	0.69	0	0	0	0	0.69
103300	0.69	0	0	0	0	0.69
103400	0.69	0.01	0.01	0	0	0.69
103500	0.69	0.01	0.01	0	0	0.69
103600	0.69	0.01	0.01	0	0	0.69
103700	0.69	0.02	0.02	0	0	0.69
103800	0.69	0.02	0.02	0	0	0.69
103900	0.69	0.01	0.01	0	0	0.69
104000	0.69	0	0	0	0	0.69
104100	0.69	0	0	0	0	0.69
104200	0.69	0.02	0.02	0	0	0.69
104300	0.69	0.02	0.02	0	0	0.69
104400	0.69	0.02	0.02	0	0	0.69
104500	0.69	0.01	0.01	0	0	0.69
104600	0.7	0	0	0	0	0.7
104700	0.7	0	0	0	0	0.7
104800	0.69	0.02	0.02	0	0	0.69
104900	0.69	0.02	0.02	0	0	0.69
105000	0.69	0.01	0.01	0	0	0.69
105100	0.69	0.01	0.01	0	0	0.69
105200	0.69	0.01	0.01	0	0	0.69
105300	0.69	0.01	0.01	0	0	0.69
105400	0.69	0.02	0.02	0	0	0.69
105500	0.69	0.02	0.02	0	0	0.69
105600	0.69	0.02	0.02	0	0	0.69
105700	0.69	0.01	0.01	0	0	0.69
105800	0.69	0.01	0.01	0	0	0.69
105900	0.69	0.01	0.01	0	0	0.69
106000	0.69	0.02	0.02	0	0	0.69
106100	0.69	0	0	0	0	0.69
106200	0.69	0	0	0	0	0.69
106300	0.69	0	0	0	0	0.69
106400	0.69	0	0	0	0	0.69
106500	0.69	0.03	0.03	0	0	0.69
106600	0.69	0.03	0.03	0	0	0.69
106700	0.69	0.02	0.02	0	0	0.69
106800	0.69	0.02	0.02	0	0	0.69
106900	0.69	0.03	0.03	0	0	0.69
107000	0.69	0.01	0.01	0	0	0.69
107100	0.69	0.01	0.01	0	0	0.69
107200	0.69	0.02	0.02	0	0	0.69
107300	0.69	0.01	0.01	0	0	0.69
107400	0.69	0.01	0.01	0	0	0.69
107500	0.69	0.01	0.01	0	0	0.69
107600	0.69	0.02	0.02	0	0	0.69
107700	0.69	0.01	0.01	0	0	0.69
107800	0.69	0.01	0.01	0	0	0.69
107900	0.69	0.01	0.01	0	0	0.69
108000	0.69	0.01	0.01	0	0	0.69
108100	0.69	0.01	0.01	0	0	0.69
108200	0.69	0	0	0	0	0.69
108300	0.69	0.01	0.01	0	0	0.69
108400	0.69	0.01	0.01	0	0	0.69
108500	0.69	0.01	0.01	0	0	0.69
108600	0.69	0.01	0.01	0	0	0.69
108700	0.69	0.01	0.01	0	0	0.69
108800	0.69	0.01	0.01	0	0	0.69
108900	0.69	0.01	0.01	0	0	0.69
109000	0.69	0.02	0.02	0	0	0.69
109100	0.69	0.02	0.02	0	0	0.69
109200	0.69	0.02	0.02	0	0	0.69
109300	0.69	0.03	0.03	0	0	0.69
109400	0.69	0.02	0.02	0	0	0.69
109500	0.69	0.01	0.01	0	0	0.69
109600	0.69	0.01	0.01	0	0	0.69
109700	0.69	0.01	0.01	0	0	0.69
109800	0.69	0.01	0.01	0	0	0.69
109900	0.69	0.01	0.01	0	0	0.69
110000	0.69	0.01	0.01	0	0	0.69
110100	0.69	0.01	0.01	0	0	0.69
110200	0.69	0	0	0	0	0.69
110300	0.7	0	0	0	0	0.7
110400	0.7	0	0	0	0	0.7
110500	0.7	0	0	0	0	0.7
110600	0.7	0.01	0.01	0	0	0.7
110700	0.7	0.01	0.01	0	0	0.7
110800	0.7	0	0	0	0	0.7
110900	0.7	0	0	0	0	0.7
111000	0.7	0	0	0	0	0.7
111100	0.7	0.01	0.01	0	0	0.7
111200	0.7	0.01	0.01	0	0	0.7
111300	0.7	0.01	0.01	0	0	0.7
111400	0.7	0.01	0.01	0	0	0.7
111500	0.7	0.01	0.01	0	0	0.7
111600	0.7	0.01	0.01	0	0	0.7
111700	0.7	0	0	0	0	0.7
111800	0.7	0	0	0	0	0.7
111900	0.7	0	0	0	0	0.7
112000	0.7	0	0	0	0	0.7
112100	0.7	0	0	0	0	0.7
112200	0.7	0	0	0	0	0.7
112300	0.7	0.01	0.01	0	0	0.7
112400	0.7	0.01	0.01	0	0	0.7
112500	0.7	0.01	0.01	0	0	0.7
112600	0.7	0.01	0.01	0	0	0.7
112700	0.7	0	0	0	0	0.7
112800	0.7	0	0	0	0	0.7
112900	0.7	0	0	0	0	0.7
113000	0.7	0.01	0.01	0	0	0.7
113100	0.7	0.02	0.02	0	0	0.7
113200	0.7	0.02	0.02	0	0	0.7
113300	0.7	0.01	0.01	0	0	0.7
113400	0.7	0.01	0.01	0	0	0.7
113500	0.7	0	0	0	0	0.7
113600	0.7	0	0	0	0	0.7
113700	0.7	0	0	0	0	0.7
113800	0.7	0.01	0.01	0	0	0.7
113900	0.7	0.02	0.02	0	0	0.7
114000	0.7	0.02	0.02	0	0	0.7
114100	0.7	0.01	0.01	0	0	0.7
114200	0.7	0.01	0.01	0	0	0.7
114300	0.7	0.01	0.01	0	0	0.7
114400	0.7	0.02	0.02	0	0	0.7
114500	0.7	0.02	0.02	0	0	0.7
114600	0.7	0.02	0.02	0	0	0.7
114700	0.7	0.01	0.01	0	0	0.7
114800	0.7	0.01	0.01	0	0	0.7
114900	0.7	0.03	0.03	0	0	0.7
115000	0.7	0.02	0.02	0	0	0.7
115100	0.7	0	0	0	0	0.7
115200	0.7	0	0	0	0	0.7
115300	0.7	0.01	0.01	0	0	0.7
115400	0.7	0.02	0.02	0	0	0.7
115500	0.7	0.03	0.03	0	0	0.7
115600	0.7	0.04	0.04	0	0	0.7
115700	0.7	0.03	0.03	0	0	0.7
115800	0.7	0.03	0.03	0	0	0.7
115900	0.7	0.02	0.02	0	0	0.7
116000	0.7	0.02	0.02	0	0	0.7
116100	0.7	0.02	0.02	0	0	0.7
116200	0.7	0.01	0.01	0	0	0.7
116300	0.7	0.01	0.01	0	0	0.7
116400	0.7	0.01	0.01	0	0	0.7
116500	0.7	0.01	0.01	0	0	0.7
116600	0.7	0.03	0.03	0	0	0.7
116700	0.7	0.03	0.03	0	0	0.7
116800	0.7	0.03	0.03	0	0	0.7
116900	0.7	0.02	0.02	0	0	0.7
117000	0.7	0.02	0.02	0	0	0.7
117100	0.7	0.01	0.01	0	0	0.7
117200	0.7	0.01	0.01	0	0	0.7
117300	0.7	0.02	0.02	0	0	0.7
117400	0.7	0.03	0.03	0	0	0.7
117500	0.7	0.03	0.03	0	0	0.7
117600	0.7	0.03	0.03	0	0	0.7
117700	0.7	0.04	0.04	0	0	0.7
117800	0.7	0.04	0.04	0	0	0.7
117900	0.7	0.05	0.05	0	0	0.7
118000	0.7	0.05	0.05	0	0	0.7
118100	0.7	0.04	0.04	0	0	0.7
118200	0.7	0.04	0.04	0	0	0.7
118300	0.7	0.05	0.05	0	0	0.7
118400	0.7	0.04	0.04	0	0	0.7
118500	0.7	0.03	0.03	0	0	0.7
118600	0.7	0.02	0.02	0	0	0.7
118700	0.7	0	0	0	0	0.7
118800	0.7	0	0	0	0	0.7
118900	0.7	0	0	0	0	0.7
119000	0.7	0	0	0	0	0.7
119100	0.7	0.01	0.01	0	0	0.7
119200	0.7	0.01	0.01	0	0	0.7
119300	0.7	0.02	0.02	0	0	0.7
119400	0.7	0.03	0.03	0	0	0.7
119500	0.7	0.02	0.02	0	0	0.7
119600	0.7	0.02	0.02	0	0	0.7
119700	0.7	0.04	0.04	0	0	0.7
119800	0.7	0.02	0.02	0	0	0.7
119900	0.7	0.02	0.02	0	0	0.7
120000	0.7	0.01	0.01	0	0	0.7
120100	0.7	0.01	0.01	0	0	0.7
120200	0.7	0.01	0.01	0	0	0.7
120300	0.7	0.01	0.01	0	0	0.7
120400	0.7	0.01	0.01	0	0	0.7
120500	0.7	0.01	0.01	0	0	0.7
120600	0.7	0.01	0.01	0	0	0.7
120700	0.7	0.02	0.02	0	0	0.7
120800	0.7	0.04	0.04	0	0	0.7
120900	0.7	0.04	0.04	0	0	0.7
121000	0.7	0.03	0.03	0	0	0.7
121100	0.7	0.04	0.04	0	0	0.7
121200	0.7	0.05	0.05	0	0	0.7
121300	0.7	0.04	0.04	0	0	0.7
121400	0.7	0.03	0.03	0	0	0.7
121500	0.7	0.03	0.03	0	0	0.7
121600	0.7	0.02	0.02	0	0	0.7
121700	0.7	0.03	0.03	0	0	0.7
121800	0.7	0.02	0.02	0	0	0.7
121900	0.7	0.01	0.01	0	0	0.7
122000	0.7	0	0	0	0	0.7
122100	0.7	0.01	0.01	0	0	0.7
122200	0.7	0.02	0.02	0	0	0.7
122300	0.7	0.01	0.01	0	0	0.7
122400	0.7	0.02	0.02	0	0	0.7
122500	0.7	0.03	0.03	0	0	0.7
122600	0.7	0.03	0.03	0	0	0.7
122700	0.7	0.01	0.01	0	0	0.7
122800	0.7	0	0	0	0	0.7
122900	0.7	0.01	0.01	0	0	0.7
123000	0.7	0.01	0.01	0	0	0.7
123100	0.7	0.02	0.02	0	0	0.7
123200	0.7	0.02	0.02	0	0	0.7
123300	0.7	0.03	0.03	0	0	0.7
123400	0.7	0.02	0.02	0	0	0.7
123500	0.7	0.01	0.01	0	0	0.7
123600	0.7	0.01	0.01	0	0	0.7
123700	0.7	0	0	0	0	0.7
123800	0.7	0.01	0.01	0	0	0.7
123900	0.7	0.03	0.03	0	0	0.7
124000	0.7	0.02	0.02	0	0	0.7
124100	0.7	0.03	0.03	0	0	0.7
124200	0.7	0.03	0.03	0	0	0.7
124300	0.7	0.03	0.03	0	0	0.7
124400	0.7	0.02	0.02	0	0	0.7
124500	0.7	0.03	0.03	0	0	0.7
124600	0.7	0.02	0.02	0	0	0.7
124700	0.7	0	0	0	0	0.7
124800	0.7	0	0	0	0	0.7
124900	0.7	0	0	0	0	0.7
125000	0.7	0	0	0	0	0.7
125100	0.7	0	0	0	0	0.7
125200	0.7	0.02	0.02	0	0	0.7
125300	0.7	0.01	0.01	0	0	0.7
125400	0.7	0.01	0.01	0	0	0.7
125500	0.7	0.01	0.01	0	0	0.7
125600	0.7	0.01	0.01	0	0	0.7
125700	0.7	0.01	0.01	0	0	0.7
125800	0.7	0.01	0.01	0	0	0.7
125900	0.7	0	0	0	0	0.7
126000	0.7	0.01	0.01	0	0	0.7
126100	0.7	0.02	0.02	0	0	0.7
126200	0.7	0.03	0.03	0	0	0.7
126300	0.7	0.03	0.03	0	0	0.7
126400	0.7	0.01	0.01	0	0	0.7
126500	0.7	0.01	0.01	0	0	0.7
126600	0.7	0.01	0.01	0	0	0.7
126700	0.7	0	0	0	0	0.7
126800	0.7	0	0	0	0	0.7
126900	0.7	0	0	0	0	0.7
127000	0.7	0	0	0	0	0.7
127100	0.7	0.01	0.01	0	0	0.7
127200	0.7	0.01	0.01	0	0	0.7
127300	0.7	0.01	0.01	0	0	0.7
127400	0.7	0.01	0.01	0	0	0.7
127500	0.7	0.01	0.01	0	0	0.7
127600	0.7	0.02	0.02	0	0	0.7
127700	0.7	0.02	0.02	0	0	0.7
127800	0.7	0.01	0.01	0	0	0.7
127900	0.7	0.02	0.02	0	0	0.7
128000	0.7	0.03	0.03	0	0	0.7
128100	0.7	0.03	0.03	0	0	0.7
128200	0.7	0.02	0.02	0	0	0.7
128300	0.7	0.02	0.02	0	0	0.7
128400	0.7	0.01	0.01	0	0	0.7
128500	0.7	0.01	0.01	0	0	0.7
128600	0.7	0.01	0.01	0	0	0.7
128700	0.7	0.02	0.02	0	0	0.7
128800	0.7	0.03	0.03	0	0	0.7
128900	0.7	0.02	0.02	0	0	0.7
129000	0.7	0.02	0.02	0	0	0.7
129100	0.7	0.02	0.02	0	0	0.7
129200	0.7	0.03	0.03	0	0	0.7
129300	0.7	0.01	0.01	0	0	0.7
129400	0.7	0.02	0.02	0	0	0.7
129500	0.7	0.02	0.02	0	0	0.7
129600	0.69	0.03	0.03	0	0	0.69
129700	0.69	0.02	0.02	0	0	0.69
129800	0.69	0.01	0.01	0	0	0.69
129900	0.69	0.01	0.01	0	0	0.69
130000	0.69	0	0	0	0	0.69
130100	0.69	0	0	0	0	0.69
130200	0.69	0.01	0.01	0	0	0.69
130300	0.69	0.01	0.01	0	0	0.69
130400	0.69	0.01	0.01	0	0	0.69
130500	0.69	0.01	0.01	0	0	0.69
130600	0.69	0.01	0.01	0	0	0.69
130700	0.69	0.01	0.01	0	0	0.69
130800	0.69	0.01	0.01	0	0	0.69
130900	0.69	0.02	0.02	0	0	0.69
131000	0.69	0.02	0.02	0	0	0.69
131100	0.69	0.02	0.02	0	0	0.69
131200	0.69	0.02	0.02	0	0	0.69
131300	0.69	0.03	0.03	0	0	0.69
131400	0.69	0.03	0.03	0	0	0.69
131500	0.69	0	0	0	0	0.69
131600	0.69	0.02	0.02	0	0	0.69
131700	0.69	0.03	0.03	0	0	0.69
131800	0.69	0.03	0.03	0	0	0.69
131900	0.69	0.03	0.03	0	0	0.69
132000	0.69	0.02	0.02	0	0	0.69
132100	0.69	0.02	0.02	0	0	0.69
132200	0.69	0.01	0.01	0	0	0.69
132300	0.69	0.01	0.01	0	0	0.69
132400	0.69	0.03	0.03	0	0	0.69
132500	0.69	0.05	0.05	0	0	0.69
132600	0.69	0.03	0.03	0	0	0.69
132700	0.69	0.03	0.03	0	0	0.69
132800	0.69	0.01	0.01	0	0	0.69
132900	0.69	0.01	0.01	0	0	0.69
133000	0.69	0.02	0.02	0	0	0.69
133100	0.69	0.02	0.02	0	0	0.69
133200	0.69	0.01	0.01	0	0	0.69
133300	0.69	0.02	0.02	0	0	0.69
133400	0.69	0.02	0.02	0	0	0.69
133500	0.69	0.04	0.04	0	0	0.69
133600	0.69	0.04	0.04	0	0	0.69
133700	0.69	0.03	0.03	0	0	0.69
133800	0.69	0.01	0.01	0	0	0.69
133900	0.69	0.02	0.02	0	0	0.69
134000	0.69	0.01	0.01	0	0	0.69
134100	0.69	0.01	0.01	0	0	0.69
134200	0.69	0.01	0.01	0	0	0.69
134300	0.69	0.02	0.02	0	0	0.69
134400	0.69	0.03	0.03	0	0	0.69
134500	0.69	0.03	0.03	0	0	0.69
134600	0.69	0.03	0.03	0	0	0.69
134700	0.69	0.03	0.03	0	0	0.69
134800	0.69	0.01	0.01	0	0	0.69
134900	0.69	0.01	0.01	0	0	0.69
135000	0.69	0	0	0	0	0.69
135100	0.69	0.01	0.01	0	0	0.69
135200	0.69	0.01	0.01	0	0	0.69
135300	0.69	0.01	0.01	0	0	0.69
135400	0.69	0.01	0.01	0	0	0.69
135500	0.68	0.01	0.01	0	0	0.68
135600	0.68	0	0	0	0	0.68
135700	0.68	0.02	0.02	0	0	0.68
135800	0.68	0.02	0.02	0	0	0.68
135900	0.68	0.02	0.02	0	0	0.68
136000	0.68	0.02	0.02	0	0	0.68
136100	0.68	0.02	0.02	0	0	0.68
136200	0.68	0.02	0.02	0	0	0.68
136300	0.68	0.01	0.01	0	0	0.68
136400	0.69	0	0	0	0	0.69
136500	0.69	0.01	0.01	0	0	0.69
136600	0.69	0.01	0.01	0	0	0.69
136700	0.69	0.02	0.02	0	0	0.69
136800	0.69	0.03	0.03	0	0	0.69
136900	0.69	0.04	0.04	0	0	0.69
137000	0.69	0.02	0.02	0	0	0.69
137100	0.69	0.02	0.02	0	0	0.69
137200	0.69	0.01	0.01	0	0	0.69
137300	0.69	0.01	0.01	0	0	0.69
137400	0.69	0.01	0.01	0	0	0.69
137500	0.69	0.01	0.01	0	0	0.69
137600	0.69	0.01	0.01	0	0	0.69
137700	0.69	0.01	0.01	0	0	0.69
137800	0.69	0.02	0.02	0	0	0.69
137900	0.69	0.03	0.03	0	0	0.69
138000	0.69	0.02	0.02	0	0	0.69
138100	0.69	0.02	0.02	0	0	0.69
138200	0.69	0.01	0.01	0	0	0.69
138300	0.69	0.01	0.01	0	0	0.69
138400	0.69	0.01	0.01	0	0	0.69
138500	0.69	0.01	0.01	0	0	0.69
138600	0.69	0.01	0.01	0	0	0.69
138700	0.69	0.01	0.01	0	0	0.69
138800	0.69	0.02	0.02	0	0	0.69
138900	0.69	0.02	0.02	0	0	0.69
139000	0.69	0.02	0.02	0	0	0.69
139100	0.69	0.02	0.02	0	0	0.69
139200	0.69	0.03	0.03	0	0	0.69
139300	0.69	0.01	0.01	0	0	0.69
139400	0.69	0.02	0.02	0	0	0.69
139500	0.69	0.02	0.02	0	0	0.69
139600	0.69	0.02	0.02	0	0	0.69
139700	0.69	0.02	0.02	0	0	0.69
139800	0.69	0.02	0.02	0	0	0.69
139900	0.69	0.02	0.02	0	0	0.69
140000	0.69	0.01	0.01	0	0	0.69
140100	0.69	0.01	0.01	0	0	0.69
140200	0.69	0.01	0.01	0	0	0.69
140300	0.69	0.01	0.01	0	0	0.69
140400	0.69	0.02	0.02	0	0	0.69
140500	0.69	0.02	0.02	0	0	0.69
140600	0.69	0.01	0.01	0	0	0.69
140700	0.69	0.01	0.01	0	0	0.69
140800	0.69	0.01	0.01	0	0	0.69
140900	0.69	0.01	0.01	0	0	0.69
141000	0.69	0.02	0.02	0	0	0.69
141100	0.69	0.02	0.02	0	0	0.69
141200	0.69	0.02	0.02	0	0	0.69
141300	0.69	0.03	0.03	0	0	0.69
141400	0.69	0.03	0.03	0	0	0.69
141500	0.69	0.02	0.02	0	0	0.69
141600	0.69	0.02	0.02	0	0	0.69
141700	0.69	0.03	0.03	0	0	0.69
141800	0.69	0.02	0.02	0	0	0.69
141900	0.69	0.01	0.01	0	0	0.69
142000	0.69	0.01	0.01	0	0	0.69
142100	0.69	0.01	0.01	0	0	0.69
142200	0.69	0.02	0.02	0	0	0.69
142300	0.69	0.02	0.02	0	0	0.69
142400	0.69	0.04	0.04	0	0	0.69
142500	0.69	0.04	0.04	0	0	0.69
142600	0.69	0.01	0.01	0	0	0.69
142700	0.69	0.01	0.01	0	0	0.69
142800	0.69	0.01	0.01	0	0	0.69
142900	0.69	0.02	0.02	0	0	0.69
143000	0.69	0.01	0.01	0	0	0.69
143100	0.69	0.01	0.01	0	0	0.69
143200	0.69	0.02	0.02	0	0	0.69
143300	0.69	0.01	0.01	0	0	0.69
143400	0.69	0	0	0	0	0.69
143500	0.69	0.02	0.02	0	0	0.69
143600	0.68	0.01	0.01	0	0	0.68
143700	0.68	0.01	0.01	0	0	0.68
143800	0.68	0	0	0	0	0.68
143900	0.68	0.01	0.01	0	0	0.68
144000	0.68	0.01	0.01	0	0	0.68
144100	0.68	0.01	0.01	0	0	0.68
144200	0.68	0.01	0.01	0	0	0.68
144300	0.68	0.01	0.01	0	0	0.68
144400	0.68	0.01	0.01	0	0	0.68
144500	0.68	0	0	0	0	0.68
144600	0.68	0	0	0	0	0.68
144700	0.68	0.01	0.01	0	0	0.68
144800	0.68	0	0	0	0	0.68
144900	0.68	0	0	0	0	0.68
145000	0.68	0.01	0.01	0	0	0.68
145100	0.68	0.02	0.02	0	0	0.68
145200	0.68	0.03	0.03	0	0	0.68
145300	0.69	0.03	0.03	0	0	0.69
145400	0.69	0.04	0.04	0	0	0.69
145500	0.68	0.01	0.01	0	0	0.68
145600	0.68	0.01	0.01	0	0	0.68
145700	0.68	0	0	0	0	0.68
145800	0.67	0	0	0	0	0.67
145900	0.67	0	0	0	0	0.67
146000	0.67	0	0	0	0	0.67
146100	0.67	0.01	0.01	0	0	0.67
146200	0.67	0.01	0.01	0	0	0.67
146300	0.67	0.01	0.01	0	0	0.67
146400	0.67	0.01	0.01	0	0	0.67
146500	0.67	0.01	0.01	0	0	0.67
146600	0.67	0.02	0.02	0	0	0.67
146700	0.68	0.01	0.01	0	0	0.68
146800	0.68	0.02	0.02	0	0	0.68
146900	0.68	0.02	0.02	0	0	0.68
147000	0.68	0.02	0.02	0	0	0.68
147100	0.68	0.02	0.02	0	0	0.68
147200	0.68	0.01	0.01	0	0	0.68
147300	0.68	0	0	0	0	0.68
147400	0.68	0	0	0	0	0.68
147500	0.67	0	0	0	0	0.67
147600	0.67	0	0	0	0	0.67
147700	0.67	0	0	0	0	0.67
147800	0.67	0.01	0.01	0	0	0.67
147900	0.67	0.01	0.01	0	0	0.67
148000	0.67	0.01	0.01	0	0	0.67
148100	0.67	0.01	0.01	0	0	0.67
148200	0.67	0.01	0.01	0	0	0.67
148300	0.67	0	0	0	0	0.67
148400	0.67	0.01	0.01	0	0	0.67
148500	0.67	0.02	0.02	0	0	0.67
148600	0.67	0.01	0.01	0	0	0.67
148700	0.68	0.01	0.01	0	0	0.68
148800	0.68	0	0	0	0	0.68
148900	0.67	0	0	0	0	0.67
149000	0.67	0.03	0.03	0	0	0.67
149100	0.67	0.03	0.03	0	0	0.67
149200	0.67	0.03	0.03	0	0	0.67
149300	0.67	0.03	0.03	0	0	0.67
149400	0.67	0.03	0.03	0	0	0.67
149500	0.67	0.03	0.03	0	0	0.67
149600	0.67	0	0	0	0	0.67
149700	0.67	0.01	0.01	0	0	0.67
149800	0.67	0.01	0.01	0	0	0.67
149900	0.67	0.01	0.01	0	0	0.67
150000	0.67	0.01	0.01	0	0	0.67
150100	0.67	0.01	0.01	0	0	0.67
150200	0.67	0	0	0	0	0.67
150300	0.67	0	0	0	0	0.67
150400	0.67	0	0	0	0	0.67
150500	0.67	0	0	0	0	0.67
150600	0.67	0	0	0	0	0.67
150700	0.67	0.01	0.01	0	0	0.67
150800	0.67	0.01	0.01	0	0	0.67
150900	0.67	0.01	0.01	0	0	0.67
151000	0.67	0.02	0.02	0	0	0.67
151100	0.68	0.03	0.03	0	0	0.68
151200	0.68	0.02	0.02	0	0	0.68
151300	0.68	0.03	0.03	0	0	0.68
151400	0.68	0.03	0.03	0	0	0.68
151500	0.68	0.03	0.03	0	0	0.68
151600	0.68	0.03	0.03	0	0	0.68
151700	0.68	0.04	0.04	0	0	0.68
151800	0.68	0.04	0.04	0	0	0.68
151900	0.68	0.01	0.01	0	0	0.68
152000	0.68	0.01	0.01	0	0	0.68
152100	0.68	0	0	0	0	0.68
152200	0.68	0.01	0.01	0	0	0.68
152300	0.68	0.01	0.01	0	0	0.68
152400	0.68	0.01	0.01	0	0	0.68
152500	0.68	0.02	0.02	0	0	0.68
152600	0.68	0.02	0.02	0	0	0.68
152700	0.68	0.01	0.01	0	0	0.68
152800	0.68	0.02	0.02	0	0	0.68
152900	0.68	0.02	0.02	0	0	0.68
153000	0.68	0.01	0.01	0	0	0.68
153100	0.68	0.01	0.01	0	0	0.68
153200	0.68	0.02	0.02	0	0	0.68
153300	0.68	0.02	0.02	0	0	0.68
153400	0.68	0.02	0.02	0	0	0.68
153500	0.68	0.02	0.02	0	0	0.68
153600	0.68	0.01	0.01	0	0	0.68
153700	0.68	0.01	0.01	0	0	0.68
153800	0.68	0	0	0	0	0.68
153900	0.68	0	0	0	0	0.68
154000	0.68	0	0	0	0	0.68
154100	0.68	0	0	0	0	0.68
154200	0.68	0.01	0.01	0	0	0.68
154300	0.68	0.01	0.01	0	0	0.68
154400	0.68	0.01	0.01	0	0	0.68
154500	0.68	0.02	0.02	0	0	0.68
154600	0.68	0.02	0.02	0	0	0.68
154700	0.68	0.02	0.02	0	0	0.68
154800	0.68	0.03	0.03	0	0	0.68
154900	0.68	0.02	0.02	0	0	0.68
155000	0.68	0.02	0.02	0	0	0.68
155100	0.68	0.02	0.02	0	0	0.68
155200	0.68	0.02	0.02	0	0	0.68
155300	0.68	0.01	0.01	0	0	0.68
155400	0.68	0	0	0	0	0.68
155500	0.68	0	0	0	0	0.68
155600	0.68	0	0	0	0	0.68
155700	0.68	0.01	0.01	0	0	0.68
155800	0.68	0.01	0.01	0	0	0.68
155900	0.68	0.02	0.02	0	0	0.68
156000	0.68	0.02	0.02	0	0	0.68
156100	0.68	0.02	0.02	0	0	0.68
156200	0.68	0.03	0.03	0	0	0.68
156300	0.68	0.02	0.02	0	0	0.68
156400	0.68	0.03	0.03	0	0	0.68
156500	0.68	0.02	0.02	0	0	0.68
156600	0.68	0.02	0.02	0	0	0.68
156700	0.68	0.02	0.02	0	0	0.68
156800	0.68	0.02	0.02	0	0	0.68
156900	0.68	0.01	0.01	0	0	0.68
157000	0.68	0.01	0.01	0	0	0.68
157100	0.68	0	0	0	0	0.68
157200	0.68	0	0	0	0	0.68
157300	0.68	0	0	0	0	0.68
157400	0.68	0	0	0	0	0.68
157500	0.68	0	0	0	0	0.68
157600	0.68	0	0	0	0	0.68
157700	0.68	0	0	0	0	0.68
157800	0.68	0	0	0	0	0.68
157900	0.68	0	0	0	0	0.68
158000	0.68	0	0	0	0	0.68
158100	0.68	0	0	0	0	0.68
158200	0.68	0	0	0	0	0.68
158300	0.67	0.01	0.01	0	0	0.67
158400	0.67	0.03	0.03	0	0	0.67
158500	0.67	0.02	0.02	0	0	0.67
158600	0.67	0.01	0.01	0	0	0.67
158700	0.67	0.01	0.01	0	0	0.67
158800	0.67	0.01	0.01	0	0	0.67
158900	0.67	0.01	0.01	0	0	0.67
159000	0.67	0.01	0.01	0	0	0.67
159100	0.67	0.01	0.01	0	0	0.67
159200	0.67	0.01	0.01	0	0	0.67
159300	0.67	0.02	0.02	0	0	0.67
159400	0.67	0.01	0.01	0	0	0.67
159500	0.67	0.03	0.03	0	0	0.67
159600	0.67	0.03	0.03	0	0	0.67
159700	0.67	0.02	0.02	0	0	0.67
159800	0.67	0.02	0.02	0	0	0.67
159900	0.67	0.03	0.03	0	0	0.67
160000	0.67	0.02	0.02	0	0	0.67
160100	0.67	0.03	0.03	0	0	0.67
160200	0.67	0.04	0.04	0	0	0.67
160300	0.67	0.03	0.03	0	0	0.67
160400	0.67	0.02	0.02	0	0	0.67
160500	0.67	0.02	0.02	0	0	0.67
160600	0.67	0.02	0.02	0	0	0.67
160700	0.67	0.01	0.01	0	0	0.67
160800	0.67	0	0	0	0	0.67
160900	0.67	0	0	0	0	0.67
161000	0.67	0	0	0	0	0.67
161100	0.67	0	0	0	0	0.67
161200	0.67	0	0	0	0	0.67
161300	0.67	0	0	0	0	0.67
161400	0.67	0	0	0	0	0.67
161500	0.67	0	0	0	0	0.67
161600	0.67	0	0	0	0	0.67
161700	0.67	0	0	0	0	0.67
161800	0.67	0.01	0.01	0	0	0.67
161900	0.67	0.03	0.03	0	0	0.67
162000	0.67	0.03	0.03	0	0	0.67
162100	0.67	0.02	0.02	0	0	0.67
162200	0.67	0.01	0.01	0	0	0.67
162300	0.67	0.01	0.01	0	0	0.67
162400	0.67	0.01	0.01	0	0	0.67
162500	0.67	0	0	0	0	0.67
162600	0.67	0.02	0.02	0	0	0.67
162700	0.67	0.02	0.02	0	0	0.67
162800	0.67	0.02	0.02	0	0	0.67
162900	0.67	0.02	0.02	0	0	0.67
163000	0.67	0.02	0.02	0	0	0.67
163100	0.67	0.03	0.03	0	0	0.67
163200	0.67	0.02	0.02	0	0	0.67
163300	0.67	0.02	0.02	0	0	0.67
163400	0.67	0.02	0.02	0	0	0.67
163500	0.67	0.02	0.02	0	0	0.67
163600	0.67	0.01	0.01	0	0	0.67
163700	0.67	0.02	0.02	0	0	0.67
163800	0.67	0.02	0.02	0	0	0.67
163900	0.67	0.03	0.03	0	0	0.67
164000	0.67	0.04	0.04	0	0	0.67
164100	0.67	0.06	0.06	0	0	0.67
164200	0.68	0.04	0.04	0	0	0.68
164300	0.68	0.03	0.03	0	0	0.68
164400	0.68	0.02	0.02	0	0	0.68
164500	0.68	0.02	0.02	0	0	0.68
164600	0.68	0.01	0.01	0	0	0.68
164700	0.68	0.02	0.02	0	0	0.68
164800	0.69	0.02	0.02	0	0	0.69
164900	0.69	0.01	0.01	0	0	0.69
165000	0.69	0.01	0.01	0	0	0.69
165100	0.69	0.01	0.01	0	0	0.69
165200	0.69	0	0	0	0	0.69
165300	0.69	0	0	0	0	0.69
165400	0.69	0	0	0	0	0.69
165500	0.69	0.01	0.01	0	0	0.69
165600	0.69	0.01	0.01	0	0	0.69
165700	0.69	0.01	0.01	0	0	0.69
165800	0.69	0.03	0.03	0	0	0.69
165900	0.69	0.02	0.02	0	0	0.69
166000	0.69	0.02	0.02	0	0	0.69
166100	0.69	0.01	0.01	0	0	0.69
166200	0.69	0.02	0.02	0	0	0.69
166300	0.7	0.03	0.03	0	0	0.7
166400	0.7	0.03	0.03	0	0	0.7
166500	0.7	0.02	0.02	0	0	0.7
166600	0.69	0.03	0.03	0	0	0.69
166700	0.69	0.03	0.03	0	0	0.69
166800	0.69	0.03	0.03	0	0	0.69
166900	0.69	0.03	0.03	0	0	0.69
167000	0.69	0.01	0.01	0	0	0.69
167100	0.69	0.01	0.01	0	0	0.69
167200	0.69	0.01	0.01	0	0	0.69
167300	0.69	0.02	0.02	0	0	0.69
167400	0.69	0.02	0.02	0	0	0.69
167500	0.69	0.01	0.01	0	0	0.69
167600	0.69	0.02	0.02	0	0	0.69
167700	0.69	0.03	0.03	0	0	0.69
167800	0.69	0.03	0.03	0	0	0.69
167900	0.69	0.03	0.03	0	0	0.69
168000	0.69	0.02	0.02	0	0	0.69
168100	0.69	0.01	0.01	0	0	0.69
168200	0.69	0.01	0.01	0	0	0.69
168300	0.69	0.01	0.01	0	0	0.69
168400	0.69	0.01	0.01	0	0	0.69
168500	0.69	0.02	0.02	0	0	0.69
168600	0.69	0.02	0.02	0	0	0.69
168700	0.69	0.02	0.02	0	0	0.69
168800	0.69	0.02	0.02	0	0	0.69
168900	0.69	0.01	0.01	0	0	0.69
169000	0.69	0.02	0.02	0	0	0.69
169100	0.69	0.03	0.03	0	0	0.69
169200	0.69	0.04	0.04	0	0	0.69
169300	0.69	0.03	0.03	0	0	0.69
169400	0.69	0.02	0.02	0	0	0.69
169500	0.69	0.02	0.02	0	0	0.69
169600	0.69	0.01	0.01	0	0	0.69
169700	0.69	0.02	0.02	0	0	0.69
169800	0.69	0.02	0.02	0	0	0.69
169900	0.68	0.02	0.02	0	0	0.68
170000	0.68	0.04	0.04	0	0	0.68
170100	0.68	0.04	0.04	0	0	0.68
170200	0.68	0.01	0.01	0	0	0.68
170300	0.68	0.01	0.01	0	0	0.68
170400	0.68	0	0	0	0	0.68
170500	0.68	0	0	0	0	0.68
170600	0.68	0.01	0.01	0	0	0.68
170700	0.68	0.01	0.01	0	0	0.68
170800	0.68	0.01	0.01	0	0	0.68
170900	0.68	0.02	0.02	0	0	0.68
171000	0.68	0.01	0.01	0	0	0.68
171100	0.68	0.02	0.02	0	0	0.68
171200	0.69	0.03	0.03	0	0	0.69
171300	0.69	0.03	0.03	0	0	0.69
171400	0.69	0.03	0.03	0	0	0.69
171500	0.69	0.02	0.02	0	0	0.69
171600	0.69	0.02	0.02	0	0	0.69
171700	0.69	0.02	0.02	0	0	0.69
171800	0.69	0.02	0.02	0	0	0.69
171900	0.69	0.03	0.03	0	0	0.69
172000	0.69	0.03	0.03	0	0	0.69
172100	0.69	0.03	0.03	0	0	0.69
172200	0.69	0.04	0.04	0	0	0.69
172300	0.69	0.02	0.02	0	0	0.69
172400	0.69	0.03	0.03	0	0	0.69
172500	0.7	0.03	0.03	0	0	0.7
172600	0.7	0.03	0.03	0	0	0.7
172700	0.69	0.02	0.02	0	0	0.69
172800	0.69	0.02	0.02	0	0	0.69
172900	0.69	0.04	0.04	0	0	0.69
173000	0.69	0.04	0.04	0	0	0.69
173100	0.69	0.04	0.04	0	0	0.69
173200	0.69	0.02	0.02	0	0	0.69
173300	0.69	0.02	0.02	0	0	0.69
173400	0.69	0.01	0.01	0	0	0.69
173500	0.69	0.01	0.01	0	0	0.69
173600	0.69	0.01	0.01	0	0	0.69
173700	0.69	0.01	0.01	0	0	0.69
173800	0.69	0.01	0.01	0	0	0.69
173900	0.69	0.03	0.03	0	0	0.69
174000	0.69	0.04	0.04	0	0	0.69
174100	0.69	0.04	0.04	0	0	0.69
174200	0.69	0.02	0.02	0	0	0.69
174300	0.69	0.01	0.01	0	0	0.69
174400	0.69	0	0	0	0	0.69
174500	0.69	0	0	0	0	0.69
174600	0.69	0	0	0	0	0.69
174700	0.69	0	0	0	0	0.69
174800	0.69	0	0	0	0	0.69
174900	0.69	0	0	0	0	0.69
175000	0.69	0	0	0	0	0.69
175100	0.69	0.01	0.01	0	0	0.69
175200	0.69	0.01	0.01	0	0	0.69
175300	0.69	0	0	0	0	0.69
175400	0.69	0.02	0.02	0	0	0.69
175500	0.69	0.04	0.04	0	0	0.69
175600	0.69	0.03	0.03	0	0	0.69
175700	0.69	0.03	0.03	0	0	0.69
175800	0.69	0.03	0.03	0	0	0.69
175900	0.69	0.02	0.02	0	0	0.69
176000	0.69	0.02	0.02	0	0	0.69
176100	0.69	0.01	0.01	0	0	0.69
176200	0.69	0.01	0.01	0	0	0.69
176300	0.69	0.02	0.02	0	0	0.69
176400	0.69	0.02	0.02	0	0	0.69
176500	0.69	0.02	0.02	0	0	0.69
176600	0.69	0	0	0	0	0.69
176700	0.69	0.03	0.03	0	0	0.69
176800	0.69	0.05	0.05	0	0	0.69
176900	0.69	0.05	0.05	0	0	0.69
177000	0.69	0.05	0.05	0	0	0.69
177100	0.69	0.04	0.04	0	0	0.69
177200	0.69	0.03	0.03	0	0	0.69
177300	0.69	0.02	0.02	0	0	0.69
177400	0.69	0	0	0	0	0.69
177500	0.69	0	0	0	0	0.69
177600	0.69	0.01	0.01	0	0	0.69
177700	0.69	0.01	0.01	0	0	0.69
177800	0.69	0.02	0.02	0	0	0.69
177900	0.69	0.02	0.02	0	0	0.69
178000	0.69	0.03	0.03	0	0	0.69
178100	0.69	0.03	0.03	0	0	0.69
178200	0.69	0.04	0.04	0	0	0.69
178300	0.69	0.06	0.06	0	0	0.69
178400	0.69	0.04	0.04	0	0	0.69
178500	0.69	0.04	0.04	0	0	0.69
178600	0.69	0.02	0.02	0	0	0.69
178700	0.69	0.02	0.02	0	0	0.69
178800	0.69	0	0	0	0	0.69
178900	0.69	0	0	0	0	0.69
179000	0.69	0	0	0	0	0.69
179100	0.69	0	0	0	0	0.69
179200	0.69	0	0	0	0	0.69
179300	0.69	0	0	0	0	0.69
179400	0.69	0.01	0.01	0	0	0.69
179500	0.69	0.01	0.01	0	0	0.69
179600	0.69	0.01	0.01	0	0	0.69
179700	0.69	0.01	0.01	0	0	0.69
179800	0.69	0.01	0.01	0	0	0.69
179900	0.69	0.01	0.01	0	0	0.69
180000	0.68	0	0	0	0	0.68
180100	0.68	0.01	0.01	0	0	0.68
180200	0.68	0.01	0.01	0	0	0.68
180300	0.68	0.02	0.02	0	0	0.68
180400	0.68	0.03	0.03	0	0	0.68
180500	0.68	0.02	0.02	0	0	0.68
180600	0.68	0.03	0.03	0	0	0.68
180700	0.68	0.03	0.03	0	0	0.68
180800	0.68	0.04	0.04	0	0	0.68
180900	0.68	0.01	0.01	0	0	0.68
181000	0.68	0.01	0.01	0	0	0.68
181100	0.68	0.03	0.03	0	0	0.68
181200	0.68	0.03	0.03	0	0	0.68
181300	0.68	0.04	0.04	0	0	0.68
181400	0.68	0.03	0.03	0	0	0.68
181500	0.68	0.04	0.04	0	0	0.68
181600	0.68	0.06	0.06	0	0	0.68
181700	0.68	0.05	0.05	0	0	0.68
181800	0.68	0.04	0.04	0	0	0.68
181900	0.68	0.04	0.04	0	0	0.68
182000	0.68	0.04	0.04	0	0	0.68
182100	0.68	0.01	0.01	0	0	0.68
182200	0.68	0.02	0.02	0	0	0.68
182300	0.68	0.01	0.01	0	0	0.68
182400	0.68	0.01	0.01	0	0	0.68
182500	0.68	0.01	0.01	0	0	0.68
182600	0.68	0.02	0.02	0	0	0.68
182700	0.68	0.01	0.01	0	0	0.68
182800	0.68	0.01	0.01	0	0	0.68
182900	0.68	0.01	0.01	0	0	0.68
183000	0.68	0.01	0.01	0	0	0.68
183100	0.68	0.01	0.01	0	0	0.68
183200	0.68	0.01	0.01	0	0	0.68
183300	0.68	0	0	0	0	0.68
183400	0.68	0.03	0.03	0	0	0.68
183500	0.68	0.02	0.02	0	0	0.68
183600	0.68	0.03	0.03	0	0	0.68
183700	0.68	0.03	0.03	0	0	0.68
183800	0.68	0.04	0.04	0	0	0.68
183900	0.68	0.04	0.04	0	0	0.68
184000	0.68	0.02	0.02	0	0	0.68
184100	0.68	0.01	0.01	0	0	0.68
184200	0.68	0.01	0.01	0	0	0.68
184300	0.68	0.01	0.01	0	0	0.68
184400	0.68	0.02	0.02	0	0	0.68
184500	0.68	0.02	0.02	0	0	0.68
184600	0.68	0.02	0.02	0	0	0.68
184700	0.69	0.02	0.02	0	0	0.69
184800	0.69	0.02	0.02	0	0	0.69
184900	0.69	0.01	0.01	0	0	0.69
185000	0.68	0.01	0.01	0	0	0.68
185100	0.68	0	0	0	0	0.68
185200	0.68	0	0	0	0	0.68
185300	0.68	0	0	0	0	0.68
185400	0.68	0.01	0.01	0	0	0.68
185500	0.68	0.02	0.02	0	0	0.68
185600	0.68	0.01	0.01	0	0	0.68
185700	0.68	0.01	0.01	0	0	0.68
185800	0.68	0.01	0.01	0	0	0.68
185900	0.68	0.01	0.01	0	0	0.68
186000	0.68	0.01	0.01	0	0	0.68
186100	0.68	0.01	0.01	0	0	0.68
186200	0.68	0.01	0.01	0	0	0.68
186300	0.68	0.01	0.01	0	0	0.68
186400	0.68	0.03	0.03	0	0	0.68
186500	0.68	0.06	0.06	0	0	0.68
186600	0.69	0.06	0.06	0	0	0.69
186700	0.69	0.05	0.05	0	0	0.69
186800	0.69	0.05	0.05	0	0	0.69
186900	0.69	0.03	0.03	0	0	0.69
187000	0.69	0.03	0.03	0	0	0.69
187100	0.69	0.02	0.02	0	0	0.69
187200	0.68	0.02	0.02	0	0	0.68
187300	0.68	0.03	0.03	0	0	0.68
187400	0.68	0.03	0.03	0	0	0.68
187500	0.68	0.01	0.01	0	0	0.68
187600	0.68	0.02	0.02	0	0	0.68
187700	0.68	0.01	0.01	0	0	0.68
187800	0.68	0.01	0.01	0	0	0.68
187900	0.68	0.01	0.01	0	0	0.68
188000	0.68	0.02	0.02	0	0	0.68
188100	0.68	0.02	0.02	0	0	0.68
188200	0.68	0.03	0.03	0	0	0.68
188300	0.68	0.03	0.03	0	0	0.68
188400	0.68	0.03	0.03	0	0	0.68
188500	0.68	0.03	0.03	0	0	0.68
188600	0.68	0.01	0.01	0	0	0.68
188700	0.68	0.01	0.01	0	0	0.68
188800	0.68	0.01	0.01	0	0	0.68
188900	0.68	0.02	0.02	0	0	0.68
189000	0.68	0.02	0.02	0	0	0.68
189100	0.68	0.02	0.02	0	0	0.68
189200	0.68	0.02	0.02	0	0	0.68
189300	0.68	0.02	0.02	0	0	0.68
189400	0.68	0.02	0.02	0	0	0.68
189500	0.68	0.01	0.01	0	0	0.68
189600	0.68	0.02	0.02	0	0	0.68
189700	0.68	0.02	0.02	0	0	0.68
189800	0.68	0.03	0.03	0	0	0.68
189900	0.68	0.03	0.03	0	0	0.68
190000	0.68	0.02	0.02	0	0	0.68
190100	0.68	0.01	0.01	0	0	0.68
190200	0.68	0.01	0.01	0	0	0.68
190300	0.68	0	0	0	0	0.68
190400	0.68	0	0	0	0	0.68
190500	0.68	0	0	0	0	0.68
190600	0.68	0	0	0	0	0.68
190700	0.68	0	0	0	0	0.68
190800	0.68	0	0	0	0	0.68
190900	0.68	0	0	0	0	0.68
191000	0.68	0	0	0	0	0.68
191100	0.68	0.01	0.01	0	0	0.68
191200	0.68	0.01	0.01	0	0	0.68
191300	0.68	0.02	0.02	0	0	0.68
191400	0.68	0.01	0.01	0	0	0.68
191500	0.68	0.02	0.02	0	0	0.68
191600	0.68	0.02	0.02	0	0	0.68
191700	0.68	0.05	0.05	0	0	0.68
191800	0.68	0.05	0.05	0	0	0.68
191900	0.68	0.04	0.04	0	0	0.68
192000	0.68	0.03	0.03	0	0	0.68
192100	0.69	0.03	0.03	0	0	0.69
192200	0.69	0.03	0.03	0	0	0.69
192300	0.69	0.03	0.03	0	0	0.69
192400	0.69	0.02	0.02	0	0	0.69
192500	0.69	0.01	0.01	0	0	0.69
192600	0.69	0	0	0	0	0.69
192700	0.69	0.01	0.01	0	0	0.69
192800	0.69	0.02	0.02	0	0	0.69
192900	0.69	0.02	0.02	0	0	0.69
193000	0.69	0.02	0.02	0	0	0.69
193100	0.69	0.02	0.02	0	0	0.69
193200	0.69	0.01	0.01	0	0	0.69
193300	0.69	0.01	0.01	0	0	0.69
193400	0.69	0.01	0.01	0	0	0.69
193500	0.69	0	0	0	0	0.69
193600	0.69	0	0	0	0	0.69
193700	0.69	0	0	0	0	0.69
193800	0.69	0.01	0.01	0	0	0.69
193900	0.69	0.01	0.01	0	0	0.69
194000	0.69	0.03	0.03	0	0	0.69
194100	0.69	0.06	0.06	0	0	0.69
194200	0.69	0.04	0.04	0	0	0.69
194300	0.69	0.03	0.03	0	0	0.69
194400	0.69	0.03	0.03	0	0	0.69
194500	0.69	0.03	0.03	0	0	0.69
194600	0.69	0.03	0.03	0	0	0.69
194700	0.69	0.03	0.03	0	0	0.69
194800	0.69	0.04	0.04	0	0	0.69
194900	0.69	0.04	0.04	0	0	0.69
195000	0.69	0.02	0.02	0	0	0.69
195100	0.69	0.02	0.02	0	0	0.69
195200	0.69	0.02	0.02	0	0	0.69
195300	0.69	0.03	0.03	0	0	0.69
195400	0.69	0.02	0.02	0	0	0.69
195500	0.69	0.02	0.02	0	0	0.69
195600	0.69	0.02	0.02	0	0	0.69
195700	0.69	0.01	0.01	0	0	0.69
195800	0.69	0	0	0	0	0.69
195900	0.69	0.02	0.02	0	0	0.69
196000	0.69	0.02	0.02	0	0	0.69
196100	0.69	0.02	0.02	0	0	0.69
196200	0.69	0.02	0.02	0	0	0.69
196300	0.69	0.01	0.01	0	0	0.69
196400	0.69	0.01	0.01	0	0	0.69
196500	0.69	0.01	0.01	0	0	0.69
196600	0.69	0.01	0.01	0	0	0.69
196700	0.69	0.01	0.01	0	0	0.69
196800	0.69	0.01	0.01	0	0	0.69
196900	0.69	0	0	0	0	0.69
197000	0.69	0	0	0	0	0.69
197100	0.69	0	0	0	0	0.69
197200	0.69	0	0	0	0	0.69
197300	0.69	0	0	0	0	0.69
197400	0.69	0.01	0.01	0	0	0.69
197500	0.69	0.02	0.02	0	0	0.69
197600	0.69	0.02	0.02	0	0	0.69
197700	0.69	0.02	0.02	0	0	0.69
197800	0.69	0.01	0.01	0	0	0.69
197900	0.69	0.02	0.02	0	0	0.69
198000	0.69	0.03	0.03	0	0	0.69
198100	0.69	0.03	0.03	0	0	0.69
198200	0.69	0.03	0.03	0	0	0.69
198300	0.69	0.02	0.02	0	0	0.69
198400	0.69	0	0	0	0	0.69
198500	0.69	0	0	0	0	0.69
198600	0.69	0	0	0	0	0.69
198700	0.69	0.01	0.01	0	0	0.69
198800	0.69	0.01	0.01	0	0	0.69
198900	0.69	0.02	0.02	0	0	0.69
199000	0.69	0.03	0.03	0	0	0.69
199100	0.69	0.05	0.05	0	0	0.69
199200	0.69	0.04	0.04	0	0	0.69
199300	0.69	0.04	0.04	0	0	0.69
199400	0.69	0.04	0.04	0	0	0.69
199500	0.69	0.02	0.02	0	0	0.69
199600	0.69	0.02	0.02	0	0	0.69
199700	0.69	0.01	0.01	0	0	0.69
199800	0.69	0.01	0.01	0	0	0.69
199900	0.69	0.01	0.01	0	0	0.69
200000	0.69	0.01	0.01	0	0	0.69
200100	0.69	0.02	0.02	0	0	0.69
200200	0.69	0.02	0.02	0	0	0.69
200300	0.69	0.01	0.01	0	0	0.69
200400	0.69	0.01	0.01	0	0	0.69
200500	0.69	0.01	0.01	0	0	0.69
200600	0.69	0.01	0.01	0	0	0.69
200700	0.69	0	0	0	0	0.69
200800	0.69	0.01	0.01	0	0	0.69
200900	0.69	0.01	0.01	0	0	0.69
201000	0.69	0.01	0.01	0	0	0.69
201100	0.69	0.01	0.01	0	0	0.69
201200	0.69	0.01	0.01	0	0	0.69
201300	0.69	0	0	0	0	0.69
201400	0.69	0	0	0	0	0.69
201500	0.69	0	0	0	0	0.69
201600	0.69	0.01	0.01	0	0	0.69
201700	0.69	0.01	0.01	0	0	0.69
201800	0.69	0.01	0.01	0	0	0.69
201900	0.69	0.03	0.03	0	0	0.69
202000	0.69	0.02	0.02	0	0	0.69
202100	0.69	0.01	0.01	0	0	0.69
202200	0.69	0.02	0.02	0	0	0.69
202300	0.69	0.02	0.02	0	0	0.69
202400	0.69	0	0	0	0	0.69
202500	0.69	0	0	0	0	0.69
202600	0.69	0	0	0	0	0.69
202700	0.69	0	0	0	0	0.69
202800	0.69	0.02	0.02	0	0	0.69
202900	0.69	0.02	0.02	0	0	0.69
203000	0.69	0.03	0.03	0	0	0.69
203100	0.69	0.03	0.03	0	0	0.69
203200	0.69	0.04	0.04	0	0	0.69
203300	0.69	0.03	0.03	0	0	0.69
203400	0.69	0.02	0.02	0	0	0.69
203500	0.69	0.01	0.01	0	0	0.69
203600	0.69	0.01	0.01	0	0	0.69
203700	0.69	0.01	0.01	0	0	0.69
203800	0.69	0.01	0.01	0	0	0.69
203900	0.69	0.02	0.02	0	0	0.69
204000	0.69	0.02	0.02	0	0	0.69
204100	0.69	0.02	0.02	0	0	0.69
204200	0.69	0.03	0.03	0	0	0.69
204300	0.69	0.03	0.03	0	0	0.69
204400	0.69	0.03	0.03	0	0	0.69
204500	0.69	0.01	0.01	0	0	0.69
204600	0.69	0.01	0.01	0	0	0.69
204700	0.69	0.01	0.01	0	0	0.69
204800	0.69	0	0	0	0	0.69
204900	0.69	0	0	0	0	0.69
205000	0.69	0	0	0	0	0.69
205100	0.69	0	0	0	0	0.69
205200	0.69	0	0	0	0	0.69
205300	0.68	0	0	0	0	0.68
205400	0.68	0.01	0.01	0	0	0.68
205500	0.68	0.01	0.01	0	0	0.68
205600	0.68	0.02	0.02	0	0	0.68
205700	0.68	0.02	0.02	0	0	0.68
205800	0.68	0.03	0.03	0	0	0.68
205900	0.68	0.03	0.03	0	0	0.68
206000	0.68	0.02	0.02	0	0	0.68
206100	0.68	0.02	0.02	0	0	0.68
206200	0.68	0.02	0.02	0	0	0.68
206300	0.68	0.03	0.03	0	0	0.68
206400	0.68	0.03	0.03	0	0	0.68
206500	0.68	0.04	0.04	0	0	0.68
206600	0.68	0.05	0.05	0	0	0.68
206700	0.68	0.03	0.03	0	0	0.68
206800	0.69	0.02	0.02	0	0	0.69
206900	0.69	0.02	0.02	0	0	0.69
207000	0.69	0.01	0.01	0	0	0.69
207100	0.69	0.01	0.01	0	0	0.69
207200	0.69	0	0	0	0	0.69
207300	0.69	0	0	0	0	0.69
207400	0.69	0	0	0	0	0.69
207500	0.69	0	0	0	0	0.69
207600	0.69	0	0	0	0	0.69
207700	0.69	0.02	0.02	0	0	0.69
207800	0.69	0.03	0.03	0	0	0.69
207900	0.69	0.03	0.03	0	0	0.69
208000	0.69	0.03	0.03	0	0	0.69
208100	0.69	0.03	0.03	0	0	0.69
208200	0.69	0.02	0.02	0	0	0.69
208300	0.69	0.01	0.01	0	0	0.69
208400	0.69	0.01	0.01	0	0	0.69
208500	0.69	0.01	0.01	0	0	0.69
208600	0.69	0.01	0.01	0	0	0.69
208700	0.69	0.01	0.01	0	0	0.69
208800	0.69	0.01	0.01	0	0	0.69
208900	0.69	0.01	0.01	0	0	0.69
209000	0.69	0.01	0.01	0	0	0.69
209100	0.69	0.01	0.01	0	0	0.69
209200	0.69	0.01	0.01	0	0	0.69
209300	0.69	0.01	0.01	0	0	0.69
209400	0.69	0.01	0.01	0	0	0.69
209500	0.69	0.01	0.01	0	0	0.69
209600	0.69	0	0	0	0	0.69
209700	0.69	0.01	0.01	0	0	0.69
209800	0.69	0.02	0.02	0	0	0.69
209900	0.69	0.04	0.04	0	0	0.69
210000	0.69	0.03	0.03	0	0	0.69
210100	0.69	0.02	0.02	0	0	0.69
210200	0.69	0.02	0.02	0	0	0.69
210300	0.69	0.02	0.02	0	0	0.69
210400	0.69	0.02	0.02	0	0	0.69
210500	0.69	0.01	0.01	0	0	0.69
210600	0.69	0.01	0.01	0	0	0.69
210700	0.69	0.01	0.01	0	0	0.69
210800	0.69	0.02	0.02	0	0	0.69
210900	0.69	0.02	0.02	0	0	0.69
211000	0.69	0.01	0.01	0	0	0.69
211100	0.69	0.01	0.01	0	0	0.69
211200	0.69	0.01	0.01	0	0	0.69
211300	0.69	0.01	0.01	0	0	0.69
211400	0.69	0.01	0.01	0	0	0.69
211500	0.69	0.01	0.01	0	0	0.69
211600	0.69	0.02	0.02	0	0	0.69
211700	0.69	0.02	0.02	0	0	0.69
211800	0.69	0.02	0.02	0	0	0.69
211900	0.69	0.03	0.03	0	0	0.69
212000	0.69	0.03	0.03	0	0	0.69
212100	0.69	0.03	0.03	0	0	0.69
212200	0.69	0.02	0.02	0	0	0.69
212300	0.69	0.02	0.02	0	0	0.69
212400	0.69	0.03	0.03	0	0	0.69
212500	0.69	0.02	0.02	0	0	0.69
212600	0.69	0.01	0.01	0	0	0.69
212700	0.69	0	0	0	0	0.69
212800	0.69	0	0	0	0	0.69
212900	0.69	0.01	0.01	0	0	0.69
213000	0.69	0.01	0.01	0	0	0.69
213100	0.69	0.02	0.02	0	0	0.69
213200	0.69	0.03	0.03	0	0	0.69
213300	0.69	0.03	0.03	0	0	0.69
213400	0.69	0.04	0.04	0	0	0.69
213500	0.7	0.01	0.01	0	0	0.7
213600	0.7	0.02	0.02	0	0	0.7
213700	0.7	0.04	0.04	0	0	0.7
213800	0.7	0.03	0.03	0	0	0.7
213900	0.7	0.03	0.03	0	0	0.7
214000	0.7	0.03	0.03	0	0	0.7
214100	0.7	0.02	0.02	0	0	0.7
214200	0.7	0.02	0.02	0	0	0.7
214300	0.7	0.02	0.02	0	0	0.7
214400	0.7	0.01	0.01	0	0	0.7
214500	0.7	0.01	0.01	0	0	0.7
214600	0.7	0	0	0	0	0.7
214700	0.7	0	0	0	0	0.7
214800	0.7	0	0	0	0	0.7
214900	0.7	0	0	0	0	0.7
215000	0.7	0	0	0	0	0.7
215100	0.7	0.01	0.01	0	0	0.7
215200	0.7	0.01	0.01	0	0	0.7
215300	0.7	0.02	0.02	0	0	0.7
215400	0.7	0.01	0.01	0	0	0.7
215500	0.7	0.01	0.01	0	0	0.7
215600	0.7	0.02	0.02	0	0	0.7
215700	0.7	0.02	0.02	0	0	0.7
215800	0.7	0.02	0.02	0	0	0.7
215900	0.7	0.03	0.03	0	0	0.7
216000	0.7	0.03	0.03	0	0	0.7
216100	0.7	0.04	0.04	0	0	0.7
216200	0.7	0.04	0.04	0	0	0.7
216300	0.7	0.03	0.03	0	0	0.7
216400	0.7	0.03	0.03	0	0	0.7
216500	0.7	0.03	0.03	0	0	0.7
216600	0.7	0.01	0.01	0	0	0.7
216700	0.7	0.01	0.01	0	0	0.7
216800	0.7	0.01	0.01	0	0	0.7
216900	0.7	0.01	0.01	0	0	0.7
217000	0.7	0.02	0.02	0	0	0.7
217100	0.7	0.01	0.01	0	0	0.7
217200	0.7	0.01	0.01	0	0	0.7
217300	0.7	0.01	0.01	0	0	0.7
217400	0.7	0.01	0.01	0	0	0.7
217500	0.7	0.01	0.01	0	0	0.7
217600	0.7	0	0	0	0	0.7
217700	0.7	0	0	0	0	0.7
217800	0.7	0.01	0.01	0	0	0.7
217900	0.7	0.02	0.02	0	0	0.7
218000	0.7	0.03	0.03	0	0	0.7
218100	0.7	0.02	0.02	0	0	0.7
218200	0.7	0.02	0.02	0	0	0.7
218300	0.7	0	0	0	0	0.7
218400	0.7	0.01	0.01	0	0	0.7
218500	0.7	0.02	0.02	0	0	0.7
218600	0.7	0.01	0.01	0	0	0.7
218700	0.7	0.01	0.01	0	0	0.7
218800	0.7	0.01	0.01	0	0	0.7
218900	0.7	0.02	0.02	0	0	0.7
219000	0.7	0.01	0.01	0	0	0.7
219100	0.7	0.01	0.01	0	0	0.7
219200	0.7	0	0	0	0	0.7
219300	0.7	0	0	0	0	0.7
219400	0.7	0.01	0.01	0	0	0.7
219500	0.7	0.01	0.01	0	0	0.7
219600	0.7	0.01	0.01	0	0	0.7
219700	0.7	0.01	0.01	0	0	0.7
219800	0.7	0.01	0.01	0	0	0.7
219900	0.7	0	0	0	0	0.7
220000	0.7	0	0	0	0	0.7
220100	0.7	0	0	0	0	0.7
220200	0.7	0.02	0.02	0	0	0.7
220300	0.7	0.02	0.02	0	0	0.7
220400	0.7	0.02	0.02	0	0	0.7
220500	0.7	0.01	0.01	0	0	0.7
220600	0.7	0.01	0.01	0	0	0.7
220700	0.7	0.01	0.01	0	0	0.7
220800	0.7	0	0	0	0	0.7
220900	0.7	0.01	0.01	0	0	0.7
221000	0.7	0.01	0.01	0	0	0.7
221100	0.7	0.03	0.03	0	0	0.7
221200	0.7	0.03	0.03	0	0	0.7
221300	0.7	0.02	0.02	0	0	0.7
221400	0.7	0.03	0.03	0	0	0.7
221500	0.7	0.03	0.03	0	0	0.7
221600	0.7	0.03	0.03	0	0	0.7
221700	0.7	0.03	0.03	0	0	0.7
221800	0.7	0.03	0.03	0	0	0.7
221900	0.7	0.04	0.04	0	0	0.7
222000	0.7	0.03	0.03	0	0	0.7
222100	0.7	0.03	0.03	0	0	0.7
222200	0.7	0.02	0.02	0	0	0.7
222300	0.7	0.01	0.01	0	0	0.7
222400	0.7	0.01	0.01	0	0	0.7
222500	0.7	0	0	0	0	0.7
222600	0.7	0	0	0	0	0.7
222700	0.7	0	0	0	0	0.7
222800	0.7	0	0	0	0	0.7
222900	0.7	0.01	0.01	0	0	0.7
223000	0.7	0.02	0.02	0	0	0.7
223100	0.7	0.02	0.02	0	0	0.7
223200	0.7	0.02	0.02	0	0	0.7
223300	0.7	0.02	0.02	0	0	0.7
223400	0.7	0.01	0.01	0	0	0.7
223500	0.7	0	0	0	0	0.7
223600	0.7	0	0	0	0	0.7
223700	0.7	0	0	0	0	0.7
223800	0.7	0	0	0	0	0.7
223900	0.7	0	0	0	0	0.7
224000	0.7	0.01	0.01	0	0	0.7
224100	0.7	0.01	0.01	0	0	0.7
224200	0.7	0.01	0.01	0	0	0.7
224300	0.7	0.03	0.03	0	0	0.7
224400	0.7	0.03	0.03	0	0	0.7
224500	0.7	0.04	0.04	0	0	0.7
224600	0.7	0.03	0.03	0	0	0.7
224700	0.7	0.03	0.03	0	0	0.7
224800	0.7	0.05	0.05	0	0	0.7
224900	0.7	0.02	0.02	0	0	0.7
225000	0.7	0.01	0.01	0	0	0.7
225100	0.7	0.01	0.01	0	0	0.7
225200	0.7	0.03	0.03	0	0	0.7
225300	0.7	0.03	0.03	0	0	0.7
225400	0.7	0.03	0.03	0	0	0.7
225500	0.7	0.04	0.04	0	0	0.7
225600	0.7	0.04	0.04	0	0	0.7
225700	0.7	0.03	0.03	0	0	0.7
225800	0.7	0.02	0.02	0	0	0.7
225900	0.7	0.02	0.02	0	0	0.7
226000	0.7	0	0	0	0	0.7
226100	0.7	0.01	0.01	0	0	0.7
226200	0.7	0.01	0.01	0	0	0.7
226300	0.7	0.01	0.01	0	0	0.7
226400	0.7	0.01	0.01	0	0	0.7
226500	0.7	0.02	0.02	0	0	0.7
226600	0.7	0.01	0.01	0	0	0.7
226700	0.7	0.02	0.02	0	0	0.7
226800	0.7	0.04	0.04	0	0	0.7
226900	0.7	0.03	0.03	0	0	0.7
227000	0.7	0.02	0.02	0	0	0.7
227100	0.7	0.02	0.02	0	0	0.7
227200	0.7	0.02	0.02	0	0	0.7
227300	0.7	0.02	0.02	0	0	0.7
227400	0.7	0.02	0.02	0	0	0.7
227500	0.7	0.01	0.01	0	0	0.7
227600	0.7	0.01	0.01	0	0	0.7
227700	0.7	0	0	0	0	0.7
227800	0.7	0	0	0	0	0.7
227900	0.7	0	0	0	0	0.7
228000	0.7	0.01	0.01	0	0	0.7
228100	0.7	0.01	0.01	0	0	0.7
228200	0.7	0.02	0.02	0	0	0.7
228300	0.69	0.02	0.02	0	0	0.69
228400	0.69	0.02	0.02	0	0	0.69
228500	0.69	0.02	0.02	0	0	0.69
228600	0.69	0.03	0.03	0	0	0.69
228700	0.69	0.04	0.04	0	0	0.69
228800	0.69	0.03	0.03	0	0	0.69
228900	0.69	0.04	0.04	0	0	0.69
229000	0.69	0.02	0.02	0	0	0.69
229100	0.69	0.03	0.03	0	0	0.69
229200	0.69	0.02	0.02	0	0	0.69
229300	0.69	0.01	0.01	0	0	0.69
229400	0.69	0.01	0.01	0	0	0.69
229500	0.69	0.01	0.01	0	0	0.69
229600	0.69	0.02	0.02	0	0	0.69
229700	0.69	0.01	0.01	0	0	0.69
229800	0.69	0.01	0.01	0	0	0.69
229900	0.69	0.02	0.02	0	0	0.69
230000	0.69	0.02	0.02	0	0	0.69
230100	0.69	0.02	0.02	0	0	0.69
230200	0.69	0.02	0.02	0	0	0.69
230300	0.69	0	0	0	0	0.69
230400	0.69	0	0	0	0	0.69
230500	0.69	0	0	0	0	0.69
230600	0.69	0	0	0	0	0.69
230700	0.69	0	0	0	0	0.69
230800	0.69	0	0	0	0	0.69
230900	0.69	0	0	0	0	0.69
231000	0.69	0	0	0	0	0.69
231100	0.69	0	0	0	0	0.69
231200	0.69	0	0	0	0	0.69
231300	0.69	0	0	0	0	0.69
231400	0.69	0	0	0	0	0.69
231500	0.69	0.01	0.01	0	0	0.69
231600	0.7	0.01	0.01	0	0	0.7
231700	0.7	0.02	0.02	0	0	0.7
231800	0.7	0.03	0.03	0	0	0.7
231900	0.69	0.04	0.04	0	0	0.69
232000	0.69	0.04	0.04	0	0	0.69
232100	0.69	0.03	0.03	0	0	0.69
232200	0.69	0.03	0.03	0	0	0.69
232300	0.69	0.01	0.01	0	0	0.69
232400	0.69	0	0	0	0	0.69
232500	0.69	0	0	0	0	0.69
232600	0.69	0.01	0.01	0	0	0.69
232700	0.69	0.01	0.01	0	0	0.69
232800	0.69	0.01	0.01	0	0	0.69
232900	0.69	0	0	0	0	0.69
233000	0.69	0	0	0	0	0.69
233100	0.69	0.01	0.01	0	0	0.69
233200	0.69	0.01	0.01	0	0	0.69
233300	0.69	0.02	0.02	0	0	0.69
233400	0.69	0.03	0.03	0	0	0.69
233500	0.69	0.03	0.03	0	0	0.69
233600	0.69	0.03	0.03	0	0	0.69
233700	0.69	0.02	0.02	0	0	0.69
233800	0.69	0.02	0.02	0	0	0.69
233900	0.69	0	0	0	0	0.69
234000	0.69	0.01	0.01	0	0	0.69
234100	0.7	0.01	0.01	0	0	0.7
234200	0.7	0.01	0.01	0	0	0.7
234300	0.7	0.01	0.01	0	0	0.7
234400	0.7	0.01	0.01	0	0	0.7
234500	0.7	0.01	0.01	0	0	0.7
234600	0.7	0	0	0	0	0.7
234700	0.7	0	0	0	0	0.7
234800	0.7	0	0	0	0	0.7
234900	0.7	0	0	0	0	0.7
235000	0.7	0	0	0	0	0.7
235100	0.7	0	0	0	0	0.7
235200	0.69	0	0	0	0	0.69
235300	0.69	0	0	0	0	0.69
235400	0.69	0	0	0	0	0.69
235500	0.69	0.01	0.01	0	0	0.69
235600	0.69	0.01	0.01	0	0	0.69
235700	0.69	0.01	0.01	0	0	0.69
235800	0.69	0.02	0.02	0	0	0.69
235900	0.69	0.02	0.02	0	0	0.69
236000	0.69	0.01	0.01	0	0	0.69
236100	0.69	0.01	0.01	0	0	0.69
236200	0.69	0.01	0.01	0	0	0.69
236300	0.69	0.01	0.01	0	0	0.69
236400	0.69	0.01	0.01	0	0	0.69
236500	0.69	0.01	0.01	0	0	0.69
236600	0.69	0	0	0	0	0.69
236700	0.69	0.01	0.01	0	0	0.69
236800	0.69	0.01	0.01	0	0	0.69
236900	0.69	0.01	0.01	0	0	0.69
237000	0.69	0.01	0.01	0	0	0.69
237100	0.69	0.01	0.01	0	0	0.69
237200	0.69	0.01	0.01	0	0	0.69
237300	0.69	0	0	0	0	0.69
237400	0.69	0.01	0.01	0	0	0.69
237500	0.69	0.01	0.01	0	0	0.69
237600	0.69	0.02	0.02	0	0	0.69
237700	0.69	0.04	0.04	0	0	0.69
237800	0.69	0.04	0.04	0	0	0.69
237900	0.69	0.03	0.03	0	0	0.69
238000	0.69	0.03	0.03	0	0	0.69
238100	0.69	0.02	0.02	0	0	0.69
238200	0.69	0.03	0.03	0	0	0.69
238300	0.69	0.03	0.03	0	0	0.69
238400	0.69	0.02	0.02	0	0	0.69
238500	0.69	0.02	0.02	0	0	0.69
238600	0.69	0	0	0	0	0.69
238700	0.69	0.01	0.01	0	0	0.69
238800	0.69	0.01	0.01	0	0	0.69
238900	0.69	0.01	0.01	0	0	0.69
239000	0.69	0.01	0.01	0	0	0.69
239100	0.69	0.02	0.02	0	0	0.69
239200	0.69	0.02	0.02	0	0	0.69
239300	0.69	0.02	0.02	0	0	0.69
239400	0.69	0.02	0.02	0	0	0.69
239500	0.69	0.02	0.02	0	0	0.69
239600	0.69	0.03	0.03	0	0	0.69
239700	0.69	0.01	0.01	0	0	0.69
239800	0.7	0.02	0.02	0	0	0.7
239900	0.7	0.01	0.01	0	0	0.7
240000	0.7	0.01	0.01	0	0	0.7
240100	0.7	0.01	0.01	0	0	0.7
240200	0.7	0.01	0.01	0	0	0.7
240300	0.7	0.01	0.01	0	0	0.7
240400	0.7	0.02	0.02	0	0	0.7
240500	0.7	0.02	0.02	0	0	0.7
240600	0.7	0.01	0.01	0	0	0.7
240700	0.7	0.01	0.01	0	0	0.7
240800	0.7	0.01	0.01	0	0	0.7
240900	0.7	0.02	0.02	0	0	0.7
241000	0.7	0.02	0.02	0	0	0.7
241100	0.7	0	0	0	0	0.7
241200	0.7	0	0	0	0	0.7
241300	0.7	0	0	0	0	0.7
241400	0.7	0.01	0.01	0	0	0.7
241500	0.7	0.01	0.01	0	0	0.7
241600	0.7	0	0	0	0	0.7
241700	0.7	0	0	0	0	0.7
241800	0.7	0	0	0	0	0.7
241900	0.7	0	0	0	0	0.7
242000	0.7	0.01	0.01	0	0	0.7
242100	0.7	0.01	0.01	0	0	0.7
242200	0.7	0.01	0.01	0	0	0.7
242300	0.7	0.01	0.01	0	0	0.7
242400	0.7	0.02	0.02	0	0	0.7
242500	0.7	0.04	0.04	0	0	0.7
242600	0.7	0.04	0.04	0	0	0.7
242700	0.7	0.03	0.03	0	0	0.7
242800	0.7	0.03	0.03	0	0	0.7
242900	0.7	0.02	0.02	0	0	0.7
243000	0.7	0.01	0.01	0	0	0.7
243100	0.7	0	0	0	0	0.7
243200	0.7	0.01	0.01	0	0	0.7
243300	0.7	0.02	0.02	0	0	0.7
243400	0.7	0.02	0.02	0	0	0.7
243500	0.7	0.02	0.02	0	0	0.7
243600	0.7	0.02	0.02	0	0	0.7
243700	0.7	0	0	0	0	0.7
243800	0.7	0	0	0	0	0.7
243900	0.7	0	0	0	0	0.7
244000	0.7	0	0	0	0	0.7
244100	0.7	0.01	0.01	0	0	0.7
244200	0.7	0.01	0.01	0	0	0.7
244300	0.7	0.01	0.01	0	0	0.7
244400	0.7	0.01	0.01	0	0	0.7
244500	0.7	0.02	0.02	0	0	0.7
244600	0.7	0.02	0.02	0	0	0.7
244700	0.7	0.02	0.02	0	0	0.7
244800	0.7	0.03	0.03	0	0	0.7
244900	0.7	0.02	0.02	0	0	0.7
245000	0.7	0.01	0.01	0	0	0.7
245100	0.7	0	0	0	0	0.7
245200	0.7	0.02	0.02	0	0	0.7
245300	0.7	0.03	0.03	0	0	0.7
245400	0.7	0.03	0.03	0	0	0.7
245500	0.7	0.03	0.03	0	0	0.7
245600	0.7	0.04	0.04	0	0	0.7
245700	0.7	0.03	0.03	0	0	0.7
245800	0.7	0.01	0.01	0	0	0.7
245900	0.7	0.01	0.01	0	0	0.7
246000	0.7	0.01	0.01	0	0	0.7
246100	0.7	0.02	0.02	0	0	0.7
246200	0.7	0.03	0.03	0	0	0.7
246300	0.7	0.03	0.03	0	0	0.7
246400	0.7	0.01	0.01	0	0	0.7
246500	0.7	0.01	0.01	0	0	0.7
246600	0.7	0.01	0.01	0	0	0.7
246700	0.7	0	0	0	0	0.7
246800	0.7	0	0	0	0	0.7
246900	0.7	0	0	0	0	0.7
247000	0.7	0	0	0	0	0.7
247100	0.7	0.01	0.01	0	0	0.7
247200	0.7	0.01	0.01	0	0	0.7
247300	0.7	0.01	0.01	0	0	0.7
247400	0.7	0.01	0.01	0	0	0.7
247500	0.7	0.01	0.01	0	0	0.7
247600	0.7	0.02	0.02	0	0	0.7
247700	0.7	0.02	0.02	0	0	0.7
247800	0.7	0.02	0.02	0	0	0.7
247900	0.7	0.03	0.03	0	0	0.7
248000	0.7	0.03	0.03	0	0	0.7
248100	0.7	0.03	0.03	0	0	0.7
248200	0.7	0.03	0.03	0	0	0.7
248300	0.7	0.02	0.02	0	0	0.7
248400	0.7	0.01	0.01	0	0	0.7
248500	0.7	0.01	0.01	0	0	0.7
248600	0.7	0	0	0	0	0.7
248700	0.7	0	0	0	0	0.7
248800	0.7	0	0	0	0	0.7
248900	0.7	0	0	0	0	0.7
249000	0.7	0.01	0.01	0	0	0.7
249100	0.7	0.01	0.01	0	0	0.7
249200	0.7	0.02	0.02	0	0	0.7
249300	0.7	0.03	0.03	0	0	0.7
249400	0.7	0.02	0.02	0	0	0.7
249500	0.7	0.03	0.03	0	0	0.7
249600	0.7	0.04	0.04	0	0	0.7
249700	0.7	0.05	0.05	0	0	0.7
249800	0.7	0.02	0.02	0	0	0.7
249900	0.7	0.02	0.02	0	0	0.7
250000	0.7	0.02	0.02	0	0	0.7
250100	0.7	0.02	0.02	0	0	0.7
250200	0.7	0.01	0.01	0	0	0.7
250300	0.7	0.01	0.01	0	0	0.7
250400	0.7	0	0	0	0	0.7
250500	0.7	0	0	0	0	0.7
250600	0.7	0	0	0	0	0.7
250700	0.7	0.02	0.02	0	0	0.7
250800	0.7	0.02	0.02	0	0	0.7
250900	0.7	0.02	0.02	0	0	0.7
251000	0.7	0.02	0.02	0	0	0.7
251100	0.7	0.02	0.02	0	0	0.7
251200	0.7	0	0	0	0	0.7
251300	0.7	0	0	0	0	0.7
251400	0.7	0.01	0.01	0	0	0.7
251500	0.7	0.01	0.01	0	0	0.7
251600	0.7	0.01	0.01	0	0	0.7
251700	0.7	0.01	0.01	0	0	0.7
251800	0.7	0.01	0.01	0	0	0.7
251900	0.7	0.01	0.01	0	0	0.7
252000	0.7	0.02	0.02	0	0	0.7
252100	0.7	0.01	0.01	0	0	0.7
252200	0.7	0.01	0.01	0	0	0.7
252300	0.7	0.01	0.01	0	0	0.7
252400	0.7	0.01	0.01	0	0	0.7
252500	0.7	0.01	0.01	0	0	0.7
252600	0.7	0	0	0	0	0.7
252700	0.7	0	0	0	0	0.7
252800	0.7	0	0	0	0	0.7
252900	0.7	0	0	0	0	0.7
253000	0.7	0	0	0	0	0.7
253100	0.7	0	0	0	0	0.7
253200	0.7	0	0	0	0	0.7
253300	0.7	0.02	0.02	0	0	0.7
253400	0.7	0.02	0.02	0	0	0.7
253500	0.7	0.03	0.03	0	0	0.7
253600	0.7	0.03	0.03	0	0	0.7
253700	0.7	0.02	0.02	0	0	0.7
253800	0.7	0.03	0.03	0	0	0.7
253900	0.7	0.04	0.04	0	0	0.7
254000	0.7	0.04	0.04	0	0	0.7
254100	0.7	0.03	0.03	0	0	0.7
254200	0.7	0.02	0.02	0	0	0.7
254300	0.7	0.04	0.04	0	0	0.7
254400	0.7	0.03	0.03	0	0	0.7
254500	0.7	0.02	0.02	0	0	0.7
254600	0.7	0.03	0.03	0	0	0.7
254700	0.7	0.02	0.02	0	0	0.7
254800	0.7	0.02	0.02	0	0	0.7
254900	0.7	0.02	0.02	0	0	0.7
255000	0.69	0.02	0.02	0	0	0.69
255100	0.69	0.03	0.03	0	0	0.69
255200	0.69	0.02	0.02	0	0	0.69
255300	0.69	0.01	0.01	0	0	0.69
255400	0.69	0.01	0.01	0	0	0.69
255500	0.69	0.02	0.02	0	0	0.69
255600	0.69	0.01	0.01	0	0	0.69
255700	0.69	0.01	0.01	0	0	0.69
255800	0.69	0.02	0.02	0	0	0.69
255900	0.69	0.02	0.02	0	0	0.69
256000	0.69	0	0	0	0	0.69
256100	0.69	0	0	0	0	0.69
256200	0.69	0	0	0	0	0.69
256300	0.69	0.01	0.01	0	0	0.69
256400	0.69	0.01	0.01	0	0	0.69
256500	0.69	0.02	0.02	0	0	0.69
256600	0.69	0.03	0.03	0	0	0.69
256700	0.69	0.03	0.03	0	0	0.69
256800	0.69	0.02	0.02	0	0	0.69
256900	0.69	0.02	0.02	0	0	0.69
257000	0.69	0.03	0.03	0	0	0.69
257100	0.69	0.01	0.01	0	0	0.69
257200	0.69	0.02	0.02	0	0	0.69
257300	0.69	0.02	0.02	0	0	0.69
257400	0.69	0.02	0.02	0	0	0.69
257500	0.69	0.02	0.02	0	0	0.69
257600	0.69	0.01	0.01	0	0	0.69
257700	0.69	0.03	0.03	0	0	0.69
257800	0.69	0.02	0.02	0	0	0.69
257900	0.69	0.02	0.02	0	0	0.69
258000	0.69	0.01	0.01	0	0	0.69
258100	0.69	0	0	0	0	0.69
258200	0.69	0.01	0.01	0	0	0.69
258300	0.69	0.02	0.02	0	0	0.69
258400	0.69	0.02	0.02	0	0	0.69
258500	0.69	0.01	0.01	0	0	0.69
258600	0.69	0.01	0.01	0	0	0.69
258700	0.69	0.01	0.01	0	0	0.69
258800	0.69	0	0	0	0	0.69
258900	0.69	0	0	0	0	0.69
259000	0.69	0	0	0	0	0.69
259100	0.69	0	0	0	0	0.69
259200	0.69	0	0	0	0	0.69
259300	0.69	0	0	0	0	0.69
259400	0.69	0.01	0.01	0	0	0.69
259500	0.69	0.01	0.01	0	0	0.69
259600	0.69	0.01	0.01	0	0	0.69
259700	0.69	0.03	0.03	0	0	0.69
259800	0.69	0.03	0.03	0	0	0.69
259900	0.69	0.02	0.02	0	0	0.69
260000	0.69	0.03	0.03	0	0	0.69
260100	0.69	0.03	0.03	0	0	0.69
260200	0.69	0.03	0.03	0	0	0.69
260300	0.69	0.01	0.01	0	0	0.69
260400	0.69	0.01	0.01	0	0	0.69
260500	0.69	0.01	0.01	0	0	0.69
260600	0.69	0.01	0.01	0	0	0.69
260700	0.69	0	0	0	0	0.69
260800	0.69	0	0	0	0	0.69
260900	0.69	0	0	0	0	0.69
261000	0.69	0	0	0	0	0.69
261100	0.69	0	0	0	0	0.69
261200	0.69	0.01	0.01	0	0	0.69
261300	0.69	0	0	0	0	0.69
261400	0.69	0	0	0	0	0.69
261500	0.69	0	0	0	0	0.69
261600	0.69	0	0	0	0	0.69
261700	0.69	0	0	0	0	0.69
261800	0.69	0.01	0.01	0	0	0.69
261900	0.69	0.01	0.01	0	0	0.69
262000	0.69	0.02	0.02	0	0	0.69
262100	0.69	0.03	0.03	0	0	0.69
262200	0.69	0.01	0.01	0	0	0.69
262300	0.69	0.01	0.01	0	0	0.69
262400	0.69	0	0	0	0	0.69
262500	0.69	0.03	0.03	0	0	0.69
262600	0.69	0.03	0.03	0	0	0.69
262700	0.69	0.04	0.04	0	0	0.69
262800	0.69	0.03	0.03	0	0	0.69
262900	0.69	0.03	0.03	0	0	0.69
263000	0.69	0.01	0.01	0	0	0.69
263100	0.69	0.01	0.01	0	0	0.69
263200	0.69	0.01	0.01	0	0	0.69
263300	0.69	0.02	0.02	0	0	0.69
263400	0.69	0.02	0.02	0	0	0.69
263500	0.69	0.03	0.03	0	0	0.69
263600	0.69	0.03	0.03	0	0	0.69
263700	0.69	0.03	0.03	0	0	0.69
263800	0.69	0.04	0.04	0	0	0.69
263900	0.69	0.04	0.04	0	0	0.69
264000	0.69	0.04	0.04	0	0	0.69
264100	0.69	0.03	0.03	0	0	0.69
264200	0.69	0.03	0.03	0	0	0.69
264300	0.69	0.03	0.03	0	0	0.69
264400	0.69	0.03	0.03	0	0	0.69
264500	0.69	0.01	0.01	0	0	0.69
264600	0.69	0	0	0	0	0.69
264700	0.69	0.01	0.01	0	0	0.69
264800	0.7	0.01	0.01	0	0	0.7
264900	0.7	0.02	0.02	0	0	0.7
265000	0.7	0.05	0.05	0	0	0.7
265100	0.7	0.05	0.05	0	0	0.7
265200	0.7	0.03	0.03	0	0	0.7
265300	0.7	0.03	0.03	0	0	0.7
265400	0.7	0.02	0.02	0	0	0.7
265500	0.7	0	0	0	0	0.7
265600	0.7	0	0	0	0	0.7
265700	0.7	0.01	0.01	0	0	0.7
265800	0.7	0.01	0.01	0	0	0.7
265900	0.7	0.01	0.01	0	0	0.7
266000	0.7	0.01	0.01	0	0	0.7
266100	0.7	0.01	0.01	0	0	0.7
266200	0.7	0.01	0.01	0	0	0.7
266300	0.7	0.01	0.01	0	0	0.7
266400	0.7	0.02	0.02	0	0	0.7
266500	0.7	0.02	0.02	0	0	0.7
266600	0.7	0.03	0.03	0	0	0.7
266700	0.7	0.02	0.02	0	0	0.7
266800	0.7	0.01	0.01	0	0	0.7
266900	0.7	0.01	0.01	0	0	0.7
267000	0.7	0.01	0.01	0	0	0.7
267100	0.7	0.02	0.02	0	0	0.7
267200	0.7	0	0	0	0	0.7
267300	0.7	0	0	0	0	0.7
267400	0.7	0	0	0	0	0.7
267500	0.7	0	0	0	0	0.7
267600	0.7	0	0	0	0	0.7
267700	0.7	0.01	0.01	0	0	0.7
267800	0.7	0.01	0.01	0	0	0.7
267900	0.7	0.01	0.01	0	0	0.7
268000	0.7	0.01	0.01	0	0	0.7
268100	0.7	0.02	0.02	0	0	0.7
268200	0.7	0.03	0.03	0	0	0.7
268300	0.7	0.04	0.04	0	0	0.7
268400	0.7	0.02	0.02	0	0	0.7
268500	0.7	0.02	0.02	0	0	0.7
268600	0.7	0.01	0.01	0	0	0.7
268700	0.7	0.01	0.01	0	0	0.7
268800	0.7	0.01	0.01	0	0	0.7
268900	0.7	0.01	0.01	0	0	0.7
269000	0.7	0.01	0.01	0	0	0.7
269100	0.7	0.01	0.01	0	0	0.7
269200	0.7	0.02	0.02	0	0	0.7
269300	0.7	0.02	0.02	0	0	0.7
269400	0.7	0.02	0.02	0	0	0.7
269500	0.7	0.02	0.02	0	0	0.7
269600	0.7	0.01	0.01	0	0	0.7
269700	0.7	0.01	0.01	0	0	0.7
269800	0.7	0.01	0.01	0	0	0.7
269900	0.7	0.01	0.01	0	0	0.7
270000	0.7	0	0	0	0	0.7
270100	0.7	0	0	0	0	0.7
270200	0.7	0	0	0	0	0.7
270300	0.7	0	0	0	0	0.7
270400	0.7	0	0	0	0	0.7
270500	0.7	0	0	0	0	0.7
270600	0.7	0.01	0.01	0	0	0.7
270700	0.7	0.02	0.02	0	0	0.7
270800	0.7	0.02	0.02	0	0	0.7
270900	0.7	0.03	0.03	0	0	0.7
271000	0.7	0.03	0.03	0	0	0.7
271100	0.7	0.03	0.03	0	0	0.7
271200	0.7	0.02	0.02	0	0	0.7
271300	0.7	0.02	0.02	0	0	0.7
271400	0.7	0.01	0.01	0	0	0.7
271500	0.7	0	0	0	0	0.7
271600	0.7	0	0	0	0	0.7
271700	0.7	0	0	0	0	0.7
271800	0.7	0	0	0	0	0.7
271900	0.7	0	0	0	0	0.7
272000	0.7	0	0	0	0	0.7
272100	0.7	0	0	0	0	0.7
272200	0.7	0	0	0	0	0.7
272300	0.7	0.01	0.01	0	0	0.7
272400	0.7	0.02	0.02	0	0	0.7
272500	0.7	0.02	0.02	0	0	0.7
272600	0.7	0.02	0.02	0	0	0.7
272700	0.7	0	0	0	0	0.7
272800	0.7	0.01	0.01	0	0	0.7
272900	0.7	0.01	0.01	0	0	0.7
273000	0.7	0.01	0.01	0	0	0.7
273100	0.7	0.01	0.01	0	0	0.7
273200	0.7	0.01	0.01	0	0	0.7
273300	0.7	0.02	0.02	0	0	0.7
273400	0.7	0.01	0.01	0	0	0.7
273500	0.7	0.01	0.01	0	0	0.7
273600	0.7	0.01	0.01	0	0	0.7
273700	0.7	0.01	0.01	0	0	0.7
273800	0.7	0.02	0.02	0	0	0.7
273900	0.7	0.01	0.01	0	0	0.7
274000	0.7	0.01	0.01	0	0	0.7
274100	0.7	0.02	0.02	0	0	0.7
274200	0.7	0.01	0.01	0	0	0.7
274300	0.7	0	0	0	0	0.7
274400	0.7	0	0	0	0	0.7
274500	0.7	0	0	0	0	0.7
274600	0.7	0	0	0	0	0.7
274700	0.7	0	0	0	0	0.7
274800	0.7	0	0	0	0	0.7
274900	0.7	0.01	0.01	0	0	0.7
275000	0.7	0.01	0.01	0	0	0.7
275100	0.7	0.01	0.01	0	0	0.7
275200	0.7	0.01	0.01	0	0	0.7
275300	0.7	0.01	0.01	0	0	0.7
275400	0.7	0.01	0.01	0	0	0.7
275500	0.7	0.01	0.01	0	0	0.7
275600	0.7	0.01	0.01	0	0	0.7
275700	0.7	0.01	0.01	0	0	0.7
275800	0.7	0.01	0.01	0	0	0.7
275900	0.7	0	0	0	0	0.7
276000	0.7	0.02	0.02	0	0	0.7
276100	0.7	0.02	0.02	0	0	0.7
276200	0.7	0.02	0.02	0	0	0.7
276300	0.7	0.01	0.01	0	0	0.7
276400	0.7	0.02	0.02	0	0	0.7
276500	0.7	0.02	0.02	0	0	0.7
276600	0.7	0.02	0.02	0	0	0.7
276700	0.7	0.03	0.03	0	0	0.7
276800	0.7	0.02	0.02	0	0	0.7
276900	0.7	0.01	0.01	0	0	0.7
277000	0.7	0.02	0.02	0	0	0.7
277100	0.7	0.02	0.02	0	0	0.7
277200	0.7	0.04	0.04	0	0	0.7
277300	0.7	0.03	0.03	0	0	0.7
277400	0.7	0.03	0.03	0	0	0.7
277500	0.7	0.03	0.03	0	0	0.7
277600	0.7	0.05	0.05	0	0	0.7
277700	0.7	0.05	0.05	0	0	0.7
277800	0.7	0	0	0	0	0.7
277900	0.7	0.01	0.01	0	0	0.7
278000	0.7	0	0	0	0	0.7
278100	0.7	0	0	0	0	0.7
278200	0.7	0	0	0	0	0.7
278300	0.7	0.01	0.01	0	0	0.7
278400	0.7	0.01	0.01	0	0	0.7
278500	0.7	0.03	0.03	0	0	0.7
278600	0.7	0.03	0.03	0	0	0.7
278700	0.7	0.02	0.02	0	0	0.7
278800	0.7	0.03	0.03	0	0	0.7
278900	0.7	0.04	0.04	0	0	0.7
279000	0.7	0.02	0.02	0	0	0.7
279100	0.7	0.01	0.01	0	0	0.7
279200	0.7	0.01	0.01	0	0	0.7
279300	0.7	0.01	0.01	0	0	0.7
279400	0.7	0	0	0	0	0.7
279500	0.7	0	0	0	0	0.7
279600	0.7	0	0	0	0	0.7
279700	0.7	0	0	0	0	0.7
279800	0.7	0	0	0	0	0.7
279900	0.7	0.01	0.01	0	0	0.7
280000	0.7	0.01	0.01	0	0	0.7
280100	0.7	0.01	0.01	0	0	0.7
280200	0.7	0.01	0.01	0	0	0.7
280300	0.7	0.01	0.01	0	0	0.7
280400	0.7	0	0	0	0	0.7
280500	0.7	0.01	0.01	0	0	0.7
280600	0.7	0.02	0.02	0	0	0.7
280700	0.7	0.02	0.02	0	0	0.7
280800	0.7	0.03	0.03	0	0	0.7
280900	0.7	0.03	0.03	0	0	0.7
281000	0.7	0.02	0.02	0	0	0.7
281100	0.7	0.03	0.03	0	0	0.7
281200	0.7	0.02	0.02	0	0	0.7
281300	0.7	0.04	0.04	0	0	0.7
281400	0.71	0.01	0.01	0	0	0.71
281500	0.71	0.02	0.02	0	0	0.71
281600	0.71	0	0	0	0	0.71
281700	0.7	0	0	0	0	0.7
281800	0.7	0	0	0	0	0.7
281900	0.7	0	0	0	0	0.7
282000	0.7	0	0	0	0	0.7
282100	0.7	0	0	0	0	0.7
282200	0.7	0.02	0.02	0	0	0.7
282300	0.7	0.03	0.03	0	0	0.7
282400	0.7	0.05	0.05	0	0	0.7
282500	0.7	0.05	0.05	0	0	0.7
282600	0.7	0.02	0.02	0	0	0.7
282700	0.7	0.02	0.02	0	0	0.7
282800	0.7	0.02	0.02	0	0	0.7
282900	0.7	0.01	0.01	0	0	0.7
283000	0.7	0	0	0	0	0.7
283100	0.7	0	0	0	0	0.7
283200	0.7	0.01	0.01	0	0	0.7
283300	0.7	0.01	0.01	0	0	0.7
283400	0.7	0.01	0.01	0	0	0.7
283500	0.7	0.02	0.02	0	0	0.7
283600	0.7	0.01	0.01	0	0	0.7
283700	0.7	0.01	0.01	0	0	0.7
283800	0.7	0.02	0.02	0	0	0.7
283900	0.7	0.01	0.01	0	0	0.7
284000	0.7	0.01	0.01	0	0	0.7
284100	0.7	0.01	0.01	0	0	0.7
284200	0.7	0.01	0.01	0	0	0.7
284300	0.7	0.01	0.01	0	0	0.7
284400	0.7	0.01	0.01	0	0	0.7
284500	0.7	0.01	0.01	0	0	0.7
284600	0.7	0.01	0.01	0	0	0.7
284700	0.7	0.01	0.01	0	0	0.7
284800	0.7	0.01	0.01	0	0	0.7
284900	0.7	0.02	0.02	0	0	0.7
285000	0.7	0.01	0.01	0	0	0.7
285100	0.7	0.02	0.02	0	0	0.7
285200	0.7	0.02	0.02	0	0	0.7
285300	0.7	0.02	0.02	0	0	0.7
285400	0.7	0.02	0.02	0	0	0.7
285500	0.7	0.02	0.02	0	0	0.7
285600	0.7	0.01	0.01	0	0	0.7
285700	0.7	0.01	0.01	0	0	0.7
285800	0.7	0.01	0.01	0	0	0.7
285900	0.7	0.01	0.01	0	0	0.7
286000	0.7	0.02	0.02	0	0	0.7
286100	0.7	0.02	0.02	0	0	0.7
286200	0.7	0.04	0.04	0	0	0.7
286300	0.7	0.03	0.03	0	0	0.7
286400	0.7	0.02	0.02	0	0	0.7
286500	0.7	0.01	0.01	0	0	0.7
286600	0.7	0	0	0	0	0.7
286700	0.7	0.02	0.02	0	0	0.7
286800	0.7	0.02	0.02	0	0	0.7
286900	0.7	0.01	0.01	0	0	0.7
287000	0.7	0	0	0	0	0.7
287100	0.7	0	0	0	0	0.7
287200	0.7	0	0	0	0	0.7
287300	0.7	0	0	0	0	0.7
287400	0.7	0	0	0	0	0.7
287500	0.7	0.01	0.01	0	0	0.7
287600	0.7	0.01	0.01	0	0	0.7
287700	0.7	0.01	0.01	0	0	0.7
287800	0.7	0.01	0.01	0	0	0.7
287900	0.7	0.01	0.01	0	0	0.7
288000	0.7	0.01	0.01	0	0	0.7
288100	0.7	0.02	0.02	0	0	0.7
288200	0.7	0.02	0.02	0	0	0.7
288300	0.7	0.02	0.02	0	0	0.7
288400	0.7	0.02	0.02	0	0	0.7
288500	0.7	0.03	0.03	0	0	0.7
288600	0.7	0.02	0.02	0	0	0.7
288700	0.7	0.02	0.02	0	0	0.7
288800	0.7	0.03	0.03	0	0	0.7
288900	0.7	0.03	0.03	0	0	0.7
289000	0.7	0.03	0.03	0	0	0.7
289100	0.7	0.01	0.01	0	0	0.7
289200	0.7	0.01	0.01	0	0	0.7
289300	0.7	0.01	0.01	0	0	0.7
289400	0.7	0	0	0	0	0.7
289500	0.7	0	0	0	0	0.7
289600	0.7	0	0	0	0	0.7
289700	0.7	0	0	0	0	0.7
289800	0.7	0	0	0	0	0.7
289900	0.7	0	0	0	0	0.7
290000	0.7	0	0	0	0	0.7
290100	0.7	0	0	0	0	0.7
290200	0.7	0.01	0.01	0	0	0.7
290300	0.7	0.01	0.01	0	0	0.7
290400	0.7	0.01	0.01	0	0	0.7
290500	0.7	0	0	0	0	0.7
290600	0.7	0	0	0	0	0.7
290700	0.7	0	0	0	0	0.7
290800	0.7	0	0	0	0	0.7
290900	0.7	0	0	0	0	0.7
291000	0.7	0	0	0	0	0.7
291100	0.7	0.02	0.02	0	0	0.7
291200	0.7	0.03	0.03	0	0	0.7
291300	0.7	0.03	0.03	0	0	0.7
291400	0.7	0.01	0.01	0	0	0.7
291500	0.7	0.01	0.01	0	0	0.7
291600	0.7	0.01	0.01	0	0	0.7
291700	0.7	0	0	0	0	0.7
291800	0.7	0.01	0.01	0	0	0.7
291900	0.7	0.01	0.01	0	0	0.7
292000	0.7	0.02	0.02	0	0	0.7
292100	0.7	0.03	0.03	0	0	0.7
292200	0.7	0.03	0.03	0	0	0.7
292300	0.7	0.02	0.02	0	0	0.7
292400	0.7	0.04	0.04	0	0	0.7
292500	0.7	0.02	0.02	0	0	0.7
292600	0.7	0.03	0.03	0	0	0.7
292700	0.7	0.02	0.02	0	0	0.7
292800	0.7	0.01	0.01	0	0	0.7
292900	0.7	0.01	0.01	0	0	0.7
293000	0.7	0	0	0	0	0.7
293100	0.7	0.01	0.01	0	0	0.7
293200	0.7	0	0	0	0	0.7
293300	0.7	0.01	0.01	0	0	0.7
293400	0.7	0.01	0.01	0	0	0.7
293500	0.7	0.01	0.01	0	0	0.7
293600	0.7	0.01	0.01	0	0	0.7
293700	0.7	0.01	0.01	0	0	0.7
293800	0.7	0	0	0	0	0.7
293900	0.7	0.01	0.01	0	0	0.7
294000	0.7	0.01	0.01	0	0	0.7
294100	0.7	0.01	0.01	0	0	0.7
294200	0.7	0.03	0.03	0	0	0.7
294300	0.7	0.02	0.02	0	0	0.7
294400	0.7	0.02	0.02	0	0	0.7
294500	0.7	0.02	0.02	0	0	0.7
294600	0.7	0.01	0.01	0	0	0.7
294700	0.7	0	0	0	0	0.7
294800	0.7	0	0	0	0	0.7
294900	0.7	0	0	0	0	0.7
295000	0.7	0	0	0	0	0.7
295100	0.7	0	0	0	0	0.7
295200	0.7	0	0	0	0	0.7
295300	0.7	0	0	0	0	0.7
295400	0.7	0.01	0.01	0	0	0.7
295500	0.7	0.03	0.03	0	0	0.7
295600	0.7	0.02	0.02	0	0	0.7
295700	0.7	0.02	0.02	0	0	0.7
295800	0.7	0.02	0.02	0	0	0.7
295900	0.7	0.01	0.01	0	0	0.7
296000	0.7	0.01	0.01	0	0	0.7
296100	0.7	0	0	0	0	0.7
296200	0.7	0	0	0	0	0.7
296300	0.7	0	0	0	0	0.7
296400	0.7	0	0	0	0	0.7
296500	0.7	0	0	0	0	0.7
296600	0.7	0	0	0	0	0.7
296700	0.7	0	0	0	0	0.7
296800	0.7	0.01	0.01	0	0	0.7
296900	0.7	0.03	0.03	0	0	0.7
297000	0.7	0.03	0.03	0	0	0.7
297100	0.7	0.04	0.04	0	0	0.7
297200	0.7	0.05	0.05	0	0	0.7
297300	0.7	0.05	0.05	0	0	0.7
297400	0.7	0.05	0.05	0	0	0.7
297500	0.7	0.01	0.01	0	0	0.7
297600	0.7	0.02	0.02	0	0	0.7
297700	0.7	0.01	0.01	0	0	0.7
297800	0.7	0.01	0.01	0	0	0.7
297900	0.7	0.03	0.03	0	0	0.7
298000	0.7	0.02	0.02	0	0	0.7
298100	0.7	0.02	0.02	0	0	0.7
298200	0.7	0.02	0.02	0	0	0.7
298300	0.7	0.02	0.02	0	0	0.7
298400	0.7	0.04	0.04	0	0	0.7
298500	0.7	0.04	0.04	0	0	0.7
298600	0.7	0.04	0.04	0	0	0.7
298700	0.7	0.04	0.04	0	0	0.7
298800	0.7	0.03	0.03	0	0	0.7
298900	0.7	0.03	0.03	0	0	0.7
299000	0.7	0.02	0.02	0	0	0.7
299100	0.7	0.02	0.02	0	0	0.7
299200	0.7	0.01	0.01	0	0	0.7
299300	0.7	0	0	0	0	0.7
299400	0.7	0	0	0	0	0.7
299500	0.7	0.02	0.02	0	0	0.7
299600	0.7	0.02	0.02	0	0	0.7
299700	0.7	0.04	0.04	0	0	0.7
299800	0.7	0.02	0.02	0	0	0.7
299900	0.7	0.03	0.03	0	0	0.7
300000	0.7	0.02	0.02	0	0	0.7
