100	0.05	0.01	0.01	0	0	0.05
200	0.07	0.01	0.01	0	0	0.07
300	0.09	0	0	0	0	0.09
400	0.07	0.01	0.01	0	0	0.07
500	0.04	0.01	0.01	0	0	0.04
600	0.01	0.01	0.01	0	0	0.01
700	0.02	0.01	0.01	0	0	0.02
800	0.03	0.02	0.02	0	0	0.03
900	0.05	0.02	0.02	0	0	0.05
1000	0.03	0.01	0.01	0	0	0.03
1100	0.03	0	0	0	0	0.03
1200	0.03	0	0	0	0	0.03
1300	0.03	0	0	0	0	0.03
1400	0.04	0	0	0	0	0.04
1500	0.03	0	0	0	0	0.03
1600	0.04	0	0	0	0	0.04
1700	0.04	0	0	0	0	0.04
1800	0.04	0	0	0	0	0.04
1900	0.07	0	0	0	0	0.07
2000	0.03	0.01	0.01	0	0	0.03
2100	0.01	0.01	0.01	0	0	0.01
2200	0.01	0.02	0.02	0	0	0.01
2300	0.01	0.02	0.02	0	0	0.01
2400	0.01	0.02	0.02	0	0	0.01
2500	0.02	0.03	0.03	0	0	0.02
2600	0.02	0.04	0.04	0	0	0.02
2700	0.04	0.04	0.04	0	0	0.04
2800	0.05	0.04	0.04	0	0	0.05
2900	0.05	0.04	0.04	0	0	0.05
3000	0.06	0.04	0.04	0	0	0.06
3100	0.07	0.04	0.04	0	0	0.07
3200	0.05	0.03	0.03	0	0	0.05
3300	0.06	0.03	0.03	0	0	0.06
3400	0.05	0.03	0.03	0	0	0.05
3500	0.05	0.01	0.01	0	0	0.05
3600	0.05	0.02	0.02	0	0	0.05
3700	0.07	0.03	0.03	0	0	0.07
3800	0.07	0.02	0.02	0	0	0.07
3900	0.07	0.03	0.03	0	0	0.07
4000	0.08	0.03	0.03	0	0	0.08
4100	0.07	0.03	0.03	0	0	0.07
4200	0.09	0.03	0.03	0	0	0.09
4300	0.1	0.04	0.04	0	0	0.1
4400	0.08	0.04	0.04	0	0	0.08
4500	0.07	0.02	0.02	0	0	0.07
4600	0.09	0.02	0.02	0	0	0.09
4700	0.09	0.02	0.02	0	0	0.09
4800	0.1	0.02	0.02	0	0	0.1
4900	0.09	0.02	0.02	0	0	0.09
5000	0.09	0.02	0.02	0	0	0.09
5100	0.1	0.01	0.01	0	0	0.1
5200	0.09	0.01	0.01	0	0	0.09
5300	0.11	0	0	0	0	0.11
5400	0.09	0	0	0	0	0.09
5500	0.09	0	0	0	0	0.09
5600	0.07	0	0	0	0	0.07
5700	0.08	0.01	0.01	0	0	0.08
5800	0.07	0.02	0.02	0	0	0.07
5900	0.07	0.02	0.02	0	0	0.07
6000	0.07	0.01	0.01	0	0	0.07
6100	0.07	0.02	0.02	0	0	0.07
6200	0.09	0.02	0.02	0	0	0.09
6300	0.1	0.01	0.01	0	0	0.1
6400	0.1	0.01	0.01	0	0	0.1
6500	0.12	0.01	0.01	0	0	0.12
6600	0.13	0	0	0	0	0.13
6700	0.15	0	0	0	0	0.15
6800	0.16	0	0	0	0	0.16
6900	0.17	0	0	0	0	0.17
7000	0.18	0	0	0	0	0.18
7100	0.16	0	0	0	0	0.16
7200	0.14	0.01	0.01	0	0	0.14
7300	0.14	0.02	0.02	0	0	0.14
7400	0.16	0.03	0.03	0	0	0.16
7500	0.17	0.03	0.03	0	0	0.17
7600	0.16	0.02	0.02	0	0	0.16
7700	0.16	0.02	0.02	0	0	0.16
7800	0.17	0.02	0.02	0	0	0.17
7900	0.16	0.03	0.03	0	0	0.16
8000	0.16	0.01	0.01	0	0	0.16
8100	0.15	0.01	0.01	0	0	0.15
8200	0.14	0.01	0.01	0	0	0.14
8300	0.15	0	0	0	0	0.15
8400	0.16	0	0	0	0	0.16
8500	0.17	0	0	0	0	0.17
8600	0.18	0.02	0.02	0	0	0.18
8700	0.19	0.02	0.02	0	0	0.19
8800	0.19	0.01	0.01	0	0	0.19
8900	0.18	0.02	0.02	0	0	0.18
9000	0.18	0.02	0.02	0	0	0.18
9100	0.19	0.02	0.02	0	0	0.19
9200	0.19	0.02	0.02	0	0	0.19
9300	0.2	0.03	0.03	0	0	0.2
9400	0.2	0.05	0.05	0	0	0.2
9500	0.21	0.04	0.04	0	0	0.21
9600	0.22	0.05	0.05	0	0	0.22
9700	0.22	0.03	0.03	0	0	0.22
9800	0.22	0.01	0.01	0	0	0.22
9900	0.22	0.01	0.01	0	0	0.22
10000	0.22	0.01	0.01	0	0	0.22
10100	0.22	0	0	0	0	0.22
10200	0.22	0	0	0	0	0.22
10300	0.23	0	0	0	0	0.23
10400	0.23	0	0	0	0	0.23
10500	0.23	0	0	0	0	0.23
10600	0.23	0	0	0	0	0.23
10700	0.25	0	0	0	0	0.25
10800	0.25	0.01	0.01	0	0	0.25
10900	0.26	0.01	0.01	0	0	0.26
11000	0.25	0.01	0.01	0	0	0.25
11100	0.27	0.02	0.02	0	0	0.27
11200	0.26	0.03	0.03	0	0	0.26
11300	0.26	0.03	0.03	0	0	0.26
11400	0.26	0.03	0.03	0	0	0.26
11500	0.26	0.03	0.03	0	0	0.26
11600	0.26	0.02	0.02	0	0	0.26
11700	0.26	0.02	0.02	0	0	0.26
11800	0.27	0.02	0.02	0	0	0.27
11900	0.27	0.02	0.02	0	0	0.27
12000	0.27	0.02	0.02	0	0	0.27
12100	0.27	0.01	0.01	0	0	0.27
12200	0.28	0.01	0.01	0	0	0.28
12300	0.29	0.01	0.01	0	0	0.29
12400	0.3	0.02	0.02	0	0	0.3
12500	0.29	0	0	0	0	0.29
12600	0.3	0	0	0	0	0.3
12700	0.3	0	0	0	0	0.3
12800	0.31	0	0	0	0	0.31
12900	0.3	0	0	0	0	0.3
13000	0.31	0	0	0	0	0.31
13100	0.3	0	0	0	0	0.3
13200	0.29	0	0	0	0	0.29
13300	0.29	0	0	0	0	0.29
13400	0.3	0	0	0	0	0.3
13500	0.31	0.01	0.01	0	0	0.31
13600	0.31	0.02	0.02	0	0	0.31
13700	0.3	0.03	0.03	0	0	0.3
13800	0.3	0.02	0.02	0	0	0.3
13900	0.31	0.04	0.04	0	0	0.31
14000	0.31	0.04	0.04	0	0	0.31
14100	0.31	0.05	0.05	0	0	0.31
14200	0.32	0.04	0.04	0	0	0.32
14300	0.34	0.03	0.03	0	0	0.34
14400	0.34	0.01	0.01	0	0	0.34
14500	0.36	0	0	0	0	0.36
14600	0.36	0	0	0	0	0.36
14700	0.36	0	0	0	0	0.36
14800	0.36	0	0	0	0	0.36
14900	0.37	0	0	0	0	0.37
15000	0.37	0.02	0.02	0	0	0.37
15100	0.38	0.02	0.02	0	0	0.38
15200	0.39	0	0	0	0	0.39
15300	0.39	0	0	0	0	0.39
15400	0.39	0	0	0	0	0.39
15500	0.39	0.02	0.02	0	0	0.39
15600	0.39	0.03	0.03	0	0	0.39
15700	0.39	0.02	0.02	0	0	0.39
15800	0.39	0.02	0.02	0	0	0.39
15900	0.4	0.03	0.03	0	0	0.4
16000	0.4	0.02	0.02	0	0	0.4
16100	0.41	0.01	0.01	0	0	0.41
16200	0.41	0	0	0	0	0.41
16300	0.41	0	0	0	0	0.41
16400	0.42	0	0	0	0	0.42
16500	0.42	0	0	0	0	0.42
16600	0.42	0	0	0	0	0.42
16700	0.41	0	0	0	0	0.41
16800	0.41	0	0	0	0	0.41
16900	0.41	0	0	0	0	0.41
17000	0.41	0	0	0	0	0.41
17100	0.41	0	0	0	0	0.41
17200	0.43	0	0	0	0	0.43
17300	0.43	0	0	0	0	0.43
17400	0.44	0	0	0	0	0.44
17500	0.45	0	0	0	0	0.45
17600	0.45	0	0	0	0	0.45
17700	0.44	0.02	0.02	0	0	0.44
17800	0.44	0.02	0.02	0	0	0.44
17900	0.46	0.03	0.03	0	0	0.46
18000	0.47	0.02	0.02	0	0	0.47
18100	0.48	0.02	0.02	0	0	0.48
18200	0.48	0.01	0.01	0	0	0.48
18300	0.48	0.01	0.01	0	0	0.48
18400	0.48	0	0	0	0	0.48
18500	0.49	0	0	0	0	0.49
18600	0.5	0.01	0.01	0	0	0.5
18700	0.5	0.01	0.01	0	0	0.5
18800	0.5	0.01	0.01	0	0	0.5
18900	0.5	0.01	0.01	0	0	0.5
19000	0.5	0.01	0.01	0	0	0.5
19100	0.5	0.01	0.01	0	0	0.5
19200	0.51	0.01	0.01	0	0	0.51
19300	0.51	0.01	0.01	0	0	0.51
19400	0.51	0.02	0.02	0	0	0.51
19500	0.51	0.03	0.03	0	0	0.51
19600	0.52	0.02	0.02	0	0	0.52
19700	0.52	0.03	0.03	0	0	0.52
19800	0.53	0.04	0.04	0	0	0.53
19900	0.53	0.02	0.02	0	0	0.53
20000	0.53	0.01	0.01	0	0	0.53
20100	0.53	0.01	0.01	0	0	0.53
20200	0.53	0.02	0.02	0	0	0.53
20300	0.53	0.02	0.02	0	0	0.53
20400	0.54	0.01	0.01	0	0	0.54
20500	0.54	0.01	0.01	0	0	0.54
20600	0.54	0.01	0.01	0	0	0.54
20700	0.54	0.01	0.01	0	0	0.54
20800	0.54	0.03	0.03	0	0	0.54
20900	0.55	0.02	0.02	0	0	0.55
21000	0.55	0.01	0.01	0	0	0.55
21100	0.55	0.01	0.01	0	0	0.55
21200	0.55	0	0	0	0	0.55
21300	0.55	0	0	0	0	0.55
21400	0.55	0.01	0.01	0	0	0.55
21500	0.56	0.01	0.01	0	0	0.56
21600	0.56	0.01	0.01	0	0	0.56
21700	0.56	0.03	0.03	0	0	0.56
21800	0.56	0.04	0.04	0	0	0.56
21900	0.55	0.06	0.06	0	0	0.55
22000	0.55	0.06	0.06	0	0	0.55
22100	0.55	0.04	0.04	0	0	0.55
22200	0.55	0.02	0.02	0	0	0.55
22300	0.56	0.01	0.01	0	0	0.56
22400	0.56	0.01	0.01	0	0	0.56
22500	0.56	0	0	0	0	0.56
22600	0.56	0	0	0	0	0.56
22700	0.56	0	0	0	0	0.56
22800	0.56	0	0	0	0	0.56
22900	0.57	0	0	0	0	0.57
23000	0.57	0	0	0	0	0.57
23100	0.57	0	0	0	0	0.57
23200	0.57	0	0	0	0	0.57
23300	0.57	0.01	0.01	0	0	0.57
23400	0.58	0.01	0.01	0	0	0.58
23500	0.58	0.03	0.03	0	0	0.58
23600	0.58	0.02	0.02	0	0	0.58
23700	0.58	0.02	0.02	0	0	0.58
23800	0.58	0.02	0.02	0	0	0.58
23900	0.58	0.02	0.02	0	0	0.58
24000	0.58	0.02	0.02	0	0	0.58
24100	0.58	0.02	0.02	0	0	0.58
24200	0.58	0.02	0.02	0	0	0.58
24300	0.58	0	0	0	0	0.58
24400	0.58	0.01	0.01	0	0	0.58
24500	0.58	0.02	0.02	0	0	0.58
24600	0.58	0.02	0.02	0	0	0.58
24700	0.58	0	0	0	0	0.58
24800	0.58	0	0	0	0	0.58
24900	0.58	0	0	0	0	0.58
25000	0.58	0	0	0	0	0.58
25100	0.58	0	0	0	0	0.58
25200	0.58	0.01	0.01	0	0	0.58
25300	0.58	0.02	0.02	0	0	0.58
25400	0.58	0.02	0.02	0	0	0.58
25500	0.58	0.02	0.02	0	0	0.58
25600	0.58	0.01	0.01	0	0	0.58
25700	0.58	0.01	0.01	0	0	0.58
25800	0.58	0.01	0.01	0	0	0.58
25900	0.58	0.01	0.01	0	0	0.58
26000	0.59	0	0	0	0	0.59
26100	0.59	0	0	0	0	0.59
26200	0.59	0.01	0.01	0	0	0.59
26300	0.59	0.01	0.01	0	0	0.59
26400	0.59	0.02	0.02	0	0	0.59
26500	0.59	0.02	0.02	0	0	0.59
26600	0.6	0.03	0.03	0	0	0.6
26700	0.6	0.02	0.02	0	0	0.6
26800	0.59	0.02	0.02	0	0	0.59
26900	0.58	0.01	0.01	0	0	0.58
27000	0.58	0.01	0.01	0	0	0.58
27100	0.58	0.01	0.01	0	0	0.58
27200	0.58	0.01	0.01	0	0	0.58
27300	0.58	0.01	0.01	0	0	0.58
27400	0.58	0	0	0	0	0.58
27500	0.58	0	0	0	0	0.58
27600	0.58	0.01	0.01	0	0	0.58
27700	0.58	0.01	0.01	0	0	0.58
27800	0.58	0.01	0.01	0	0	0.58
27900	0.58	0.01	0.01	0	0	0.58
28000	0.57	0.01	0.01	0	0	0.57
28100	0.57	0	0	0	0	0.57
28200	0.57	0.01	0.01	0	0	0.57
28300	0.57	0.01	0.01	0	0	0.57
28400	0.57	0.01	0.01	0	0	0.57
28500	0.57	0.02	0.02	0	0	0.57
28600	0.57	0.03	0.03	0	0	0.57
28700	0.57	0.03	0.03	0	0	0.57
28800	0.57	0.02	0.02	0	0	0.57
28900	0.57	0	0	0	0	0.57
29000	0.57	0	0	0	0	0.57
29100	0.57	0.01	0.01	0	0	0.57
29200	0.57	0.02	0.02	0	0	0.57
29300	0.57	0.02	0.02	0	0	0.57
29400	0.57	0.03	0.03	0	0	0.57
29500	0.57	0.03	0.03	0	0	0.57
29600	0.57	0.03	0.03	0	0	0.57
29700	0.57	0.03	0.03	0	0	0.57
29800	0.57	0	0	0	0	0.57
29900	0.57	0	0	0	0	0.57
30000	0.57	0	0	0	0	0.57
30100	0.57	0	0	0	0	0.57
30200	0.57	0	0	0	0	0.57
30300	0.58	0	0	0	0	0.58
30400	0.58	0.01	0.01	0	0	0.58
30500	0.58	0.02	0.02	0	0	0.58
30600	0.58	0.02	0.02	0	0	0.58
30700	0.58	0.01	0.01	0	0	0.58
30800	0.58	0.01	0.01	0	0	0.58
30900	0.58	0.01	0.01	0	0	0.58
31000	0.59	0.01	0.01	0	0	0.59
31100	0.59	0.01	0.01	0	0	0.59
31200	0.59	0.01	0.01	0	0	0.59
31300	0.59	0.01	0.01	0	0	0.59
31400	0.59	0.01	0.01	0	0	0.59
31500	0.6	0.01	0.01	0	0	0.6
31600	0.6	0.03	0.03	0	0	0.6
31700	0.6	0.04	0.04	0	0	0.6
31800	0.6	0.03	0.03	0	0	0.6
31900	0.6	0.02	0.02	0	0	0.6
32000	0.6	0.02	0.02	0	0	0.6
32100	0.6	0.01	0.01	0	0	0.6
32200	0.6	0.02	0.02	0	0	0.6
32300	0.6	0.01	0.01	0	0	0.6
32400	0.6	0	0	0	0	0.6
32500	0.61	0.02	0.02	0	0	0.61
32600	0.61	0.02	0.02	0	0	0.61
32700	0.61	0.02	0.02	0	0	0.61
32800	0.61	0.01	0.01	0	0	0.61
32900	0.61	0.01	0.01	0	0	0.61
33000	0.6	0	0	0	0	0.6
33100	0.6	0	0	0	0	0.6
33200	0.6	0	0	0	0	0.6
33300	0.6	0	0	0	0	0.6
33400	0.6	0.01	0.01	0	0	0.6
33500	0.6	0.02	0.02	0	0	0.6
33600	0.6	0.02	0.02	0	0	0.6
33700	0.6	0.02	0.02	0	0	0.6
33800	0.6	0.02	0.02	0	0	0.6
33900	0.6	0.02	0.02	0	0	0.6
34000	0.6	0.02	0.02	0	0	0.6
34100	0.6	0.01	0.01	0	0	0.6
34200	0.6	0.03	0.03	0	0	0.6
34300	0.6	0.02	0.02	0	0	0.6
34400	0.6	0.02	0.02	0	0	0.6
34500	0.61	0.02	0.02	0	0	0.61
34600	0.61	0.02	0.02	0	0	0.61
34700	0.61	0.02	0.02	0	0	0.61
34800	0.61	0.02	0.02	0	0	0.61
34900	0.61	0.02	0.02	0	0	0.61
35000	0.61	0.02	0.02	0	0	0.61
35100	0.61	0.02	0.02	0	0	0.61
35200	0.61	0.01	0.01	0	0	0.61
35300	0.61	0.02	0.02	0	0	0.61
35400	0.61	0.02	0.02	0	0	0.61
35500	0.61	0.03	0.03	0	0	0.61
35600	0.61	0.02	0.02	0	0	0.61
35700	0.62	0.02	0.02	0	0	0.62
35800	0.62	0.01	0.01	0	0	0.62
35900	0.62	0.01	0.01	0	0	0.62
36000	0.62	0	0	0	0	0.62
36100	0.62	0	0	0	0	0.62
36200	0.62	0.01	0.01	0	0	0.62
36300	0.62	0.01	0.01	0	0	0.62
36400	0.62	0.01	0.01	0	0	0.62
36500	0.62	0.01	0.01	0	0	0.62
36600	0.63	0.01	0.01	0	0	0.63
36700	0.64	0.01	0.01	0	0	0.64
36800	0.64	0.01	0.01	0	0	0.64
36900	0.64	0.01	0.01	0	0	0.64
37000	0.64	0.01	0.01	0	0	0.64
37100	0.64	0.01	0.01	0	0	0.64
37200	0.64	0	0	0	0	0.64
37300	0.64	0	0	0	0	0.64
37400	0.64	0.01	0.01	0	0	0.64
37500	0.64	0.01	0.01	0	0	0.64
37600	0.64	0.03	0.03	0	0	0.64
37700	0.64	0.03	0.03	0	0	0.64
37800	0.64	0.03	0.03	0	0	0.64
37900	0.64	0.05	0.05	0	0	0.64
38000	0.64	0.04	0.04	0	0	0.64
38100	0.64	0.05	0.05	0	0	0.64
38200	0.64	0.03	0.03	0	0	0.64
38300	0.65	0.04	0.04	0	0	0.65
38400	0.65	0.02	0.02	0	0	0.65
38500	0.65	0.03	0.03	0	0	0.65
38600	0.65	0.02	0.02	0	0	0.65
38700	0.64	0.01	0.01	0	0	0.64
38800	0.64	0.02	0.02	0	0	0.64
38900	0.64	0	0	0	0	0.64
39000	0.64	0	0	0	0	0.64
39100	0.64	0	0	0	0	0.64
39200	0.64	0	0	0	0	0.64
39300	0.64	0	0	0	0	0.64
39400	0.64	0	0	0	0	0.64
39500	0.64	0	0	0	0	0.64
39600	0.64	0	0	0	0	0.64
39700	0.64	0.01	0.01	0	0	0.64
39800	0.64	0.03	0.03	0	0	0.64
39900	0.64	0.04	0.04	0	0	0.64
40000	0.65	0.05	0.05	0	0	0.65
40100	0.65	0.04	0.04	0	0	0.65
40200	0.65	0.02	0.02	0	0	0.65
40300	0.65	0	0	0	0	0.65
40400	0.65	0	0	0	0	0.65
40500	0.65	0	0	0	0	0.65
40600	0.65	0	0	0	0	0.65
40700	0.65	0	0	0	0	0.65
40800	0.65	0	0	0	0	0.65
40900	0.65	0	0	0	0	0.65
41000	0.65	0.01	0.01	0	0	0.65
41100	0.65	0.02	0.02	0	0	0.65
41200	0.65	0.02	0.02	0	0	0.65
41300	0.65	0.04	0.04	0	0	0.65
41400	0.65	0.05	0.05	0	0	0.65
41500	0.65	0.03	0.03	0	0	0.65
41600	0.65	0.02	0.02	0	0	0.65
41700	0.65	0.02	0.02	0	0	0.65
41800	0.65	0.01	0.01	0	0	0.65
41900	0.65	0.01	0.01	0	0	0.65
42000	0.65	0	0	0	0	0.65
42100	0.65	0	0	0	0	0.65
42200	0.65	0	0	0	0	0.65
42300	0.65	0	0	0	0	0.65
42400	0.65	0	0	0	0	0.65
42500	0.64	0	0	0	0	0.64
42600	0.64	0.01	0.01	0	0	0.64
42700	0.64	0.03	0.03	0	0	0.64
42800	0.64	0.04	0.04	0	0	0.64
42900	0.64	0.04	0.04	0	0	0.64
43000	0.64	0.03	0.03	0	0	0.64
43100	0.64	0.03	0.03	0	0	0.64
43200	0.64	0	0	0	0	0.64
43300	0.64	0	0	0	0	0.64
43400	0.64	0	0	0	0	0.64
43500	0.64	0.01	0.01	0	0	0.64
43600	0.64	0.02	0.02	0	0	0.64
43700	0.64	0.02	0.02	0	0	0.64
43800	0.64	0.05	0.05	0	0	0.64
43900	0.64	0.03	0.03	0	0	0.64
44000	0.64	0.03	0.03	0	0	0.64
44100	0.64	0.02	0.02	0	0	0.64
44200	0.64	0.01	0.01	0	0	0.64
44300	0.64	0.02	0.02	0	0	0.64
44400	0.64	0.03	0.03	0	0	0.64
44500	0.64	0.03	0.03	0	0	0.64
44600	0.64	0.02	0.02	0	0	0.64
44700	0.64	0.02	0.02	0	0	0.64
44800	0.64	0.01	0.01	0	0	0.64
44900	0.64	0.01	0.01	0	0	0.64
45000	0.65	0.02	0.02	0	0	0.65
45100	0.65	0.01	0.01	0	0	0.65
45200	0.65	0.01	0.01	0	0	0.65
45300	0.65	0.02	0.02	0	0	0.65
45400	0.65	0.01	0.01	0	0	0.65
45500	0.65	0.01	0.01	0	0	0.65
45600	0.65	0.01	0.01	0	0	0.65
45700	0.65	0.01	0.01	0	0	0.65
45800	0.65	0.01	0.01	0	0	0.65
45900	0.65	0.02	0.02	0	0	0.65
46000	0.65	0.01	0.01	0	0	0.65
46100	0.65	0.02	0.02	0	0	0.65
46200	0.65	0.02	0.02	0	0	0.65
46300	0.65	0.02	0.02	0	0	0.65
46400	0.65	0	0	0	0	0.65
46500	0.65	0	0	0	0	0.65
46600	0.65	0	0	0	0	0.65
46700	0.65	0	0	0	0	0.65
46800	0.65	0.01	0.01	0	0	0.65
46900	0.65	0.02	0.02	0	0	0.65
47000	0.65	0.02	0.02	0	0	0.65
47100	0.65	0.02	0.02	0	0	0.65
47200	0.65	0.01	0.01	0	0	0.65
47300	0.65	0.01	0.01	0	0	0.65
47400	0.65	0.02	0.02	0	0	0.65
47500	0.65	0.02	0.02	0	0	0.65
47600	0.65	0.02	0.02	0	0	0.65
47700	0.65	0.02	0.02	0	0	0.65
47800	0.65	0.03	0.03	0	0	0.65
47900	0.65	0.04	0.04	0	0	0.65
48000	0.65	0.02	0.02	0	0	0.65
48100	0.65	0.02	0.02	0	0	0.65
48200	0.65	0.02	0.02	0	0	0.65
48300	0.65	0.02	0.02	0	0	0.65
48400	0.65	0.02	0.02	0	0	0.65
48500	0.66	0.03	0.03	0	0	0.66
48600	0.65	0.01	0.01	0	0	0.65
48700	0.65	0	0	0	0	0.65
48800	0.65	0.01	0.01	0	0	0.65
48900	0.65	0.02	0.02	0	0	0.65
49000	0.65	0.01	0.01	0	0	0.65
49100	0.65	0.01	0.01	0	0	0.65
49200	0.65	0.01	0.01	0	0	0.65
49300	0.65	0.01	0.01	0	0	0.65
49400	0.65	0	0	0	0	0.65
49500	0.65	0	0	0	0	0.65
49600	0.65	0	0	0	0	0.65
49700	0.65	0	0	0	0	0.65
49800	0.65	0.01	0.01	0	0	0.65
49900	0.65	0.02	0.02	0	0	0.65
50000	0.65	0.02	0.02	0	0	0.65
50100	0.65	0.02	0.02	0	0	0.65
50200	0.65	0.02	0.02	0	0	0.65
50300	0.65	0.02	0.02	0	0	0.65
50400	0.65	0.01	0.01	0	0	0.65
50500	0.65	0	0	0	0	0.65
50600	0.65	0	0	0	0	0.65
50700	0.65	0	0	0	0	0.65
50800	0.66	0	0	0	0	0.66
50900	0.66	0.01	0.01	0	0	0.66
51000	0.65	0.02	0.02	0	0	0.65
51100	0.65	0.03	0.03	0	0	0.65
51200	0.65	0.02	0.02	0	0	0.65
51300	0.64	0.02	0.02	0	0	0.64
51400	0.65	0.02	0.02	0	0	0.65
51500	0.65	0.02	0.02	0	0	0.65
51600	0.65	0.03	0.03	0	0	0.65
51700	0.65	0.05	0.05	0	0	0.65
51800	0.64	0.05	0.05	0	0	0.64
51900	0.64	0.04	0.04	0	0	0.64
52000	0.64	0.03	0.03	0	0	0.64
52100	0.64	0.02	0.02	0	0	0.64
52200	0.64	0.02	0.02	0	0	0.64
52300	0.64	0.02	0.02	0	0	0.64
52400	0.65	0.01	0.01	0	0	0.65
52500	0.65	0.01	0.01	0	0	0.65
52600	0.65	0.01	0.01	0	0	0.65
52700	0.65	0.01	0.01	0	0	0.65
52800	0.65	0	0	0	0	0.65
52900	0.65	0	0	0	0	0.65
53000	0.65	0	0	0	0	0.65
53100	0.65	0	0	0	0	0.65
53200	0.65	0	0	0	0	0.65
53300	0.65	0.01	0.01	0	0	0.65
53400	0.65	0.01	0.01	0	0	0.65
53500	0.65	0.01	0.01	0	0	0.65
53600	0.65	0.01	0.01	0	0	0.65
53700	0.65	0	0	0	0	0.65
53800	0.65	0	0	0	0	0.65
53900	0.65	0.01	0.01	0	0	0.65
54000	0.65	0	0	0	0	0.65
54100	0.65	0.01	0.01	0	0	0.65
54200	0.65	0.02	0.02	0	0	0.65
54300	0.65	0.02	0.02	0	0	0.65
54400	0.65	0.01	0.01	0	0	0.65
54500	0.65	0.01	0.01	0	0	0.65
54600	0.64	0.03	0.03	0	0	0.64
54700	0.64	0.03	0.03	0	0	0.64
54800	0.64	0.03	0.03	0	0	0.64
54900	0.64	0.02	0.02	0	0	0.64
55000	0.64	0.02	0.02	0	0	0.64
55100	0.64	0.02	0.02	0	0	0.64
55200	0.64	0.01	0.01	0	0	0.64
55300	0.64	0.01	0.01	0	0	0.64
55400	0.64	0.02	0.02	0	0	0.64
55500	0.64	0.02	0.02	0	0	0.64
55600	0.64	0.01	0.01	0	0	0.64
55700	0.64	0.03	0.03	0	0	0.64
55800	0.64	0.03	0.03	0	0	0.64
55900	0.64	0.03	0.03	0	0	0.64
56000	0.64	0.02	0.02	0	0	0.64
56100	0.64	0	0	0	0	0.64
56200	0.64	0	0	0	0	0.64
56300	0.64	0	0	0	0	0.64
56400	0.64	0	0	0	0	0.64
56500	0.64	0.02	0.02	0	0	0.64
56600	0.64	0.02	0.02	0	0	0.64
56700	0.64	0.02	0.02	0	0	0.64
56800	0.65	0.02	0.02	0	0	0.65
56900	0.65	0.02	0.02	0	0	0.65
57000	0.65	0.02	0.02	0	0	0.65
57100	0.65	0.02	0.02	0	0	0.65
57200	0.65	0.02	0.02	0	0	0.65
57300	0.65	0.03	0.03	0	0	0.65
57400	0.65	0.03	0.03	0	0	0.65
57500	0.65	0.04	0.04	0	0	0.65
57600	0.65	0.01	0.01	0	0	0.65
57700	0.66	0.01	0.01	0	0	0.66
57800	0.66	0	0	0	0	0.66
57900	0.66	0	0	0	0	0.66
58000	0.66	0	0	0	0	0.66
58100	0.66	0	0	0	0	0.66
58200	0.66	0	0	0	0	0.66
58300	0.66	0.01	0.01	0	0	0.66
58400	0.66	0.02	0.02	0	0	0.66
58500	0.66	0.02	0.02	0	0	0.66
58600	0.66	0.02	0.02	0	0	0.66
58700	0.66	0.03	0.03	0	0	0.66
58800	0.66	0.02	0.02	0	0	0.66
58900	0.66	0.02	0.02	0	0	0.66
59000	0.66	0.02	0.02	0	0	0.66
59100	0.66	0.03	0.03	0	0	0.66
59200	0.66	0.02	0.02	0	0	0.66
59300	0.66	0.02	0.02	0	0	0.66
59400	0.66	0.01	0.01	0	0	0.66
59500	0.66	0	0	0	0	0.66
59600	0.66	0	0	0	0	0.66
59700	0.66	0	0	0	0	0.66
59800	0.65	0	0	0	0	0.65
59900	0.65	0.01	0.01	0	0	0.65
60000	0.65	0.01	0.01	0	0	0.65
60100	0.65	0.01	0.01	0	0	0.65
60200	0.64	0.02	0.02	0	0	0.64
60300	0.64	0.02	0.02	0	0	0.64
60400	0.64	0.01	0.01	0	0	0.64
60500	0.64	0.01	0.01	0	0	0.64
60600	0.64	0.01	0.01	0	0	0.64
60700	0.64	0	0	0	0	0.64
60800	0.65	0.01	0.01	0	0	0.65
60900	0.65	0.03	0.03	0	0	0.65
61000	0.65	0.03	0.03	0	0	0.65
61100	0.65	0.02	0.02	0	0	0.65
61200	0.65	0.03	0.03	0	0	0.65
61300	0.65	0.01	0.01	0	0	0.65
61400	0.65	0.02	0.02	0	0	0.65
61500	0.65	0.01	0.01	0	0	0.65
61600	0.65	0.01	0.01	0	0	0.65
61700	0.65	0	0	0	0	0.65
61800	0.65	0	0	0	0	0.65
61900	0.65	0.01	0.01	0	0	0.65
62000	0.65	0.01	0.01	0	0	0.65
62100	0.65	0.01	0.01	0	0	0.65
62200	0.65	0.01	0.01	0	0	0.65
62300	0.65	0.02	0.02	0	0	0.65
62400	0.65	0.02	0.02	0	0	0.65
62500	0.65	0	0	0	0	0.65
62600	0.65	0	0	0	0	0.65
62700	0.65	0.01	0.01	0	0	0.65
62800	0.65	0.02	0.02	0	0	0.65
62900	0.65	0.01	0.01	0	0	0.65
63000	0.65	0.01	0.01	0	0	0.65
63100	0.65	0	0	0	0	0.65
63200	0.65	0	0	0	0	0.65
63300	0.66	0.01	0.01	0	0	0.66
63400	0.66	0.03	0.03	0	0	0.66
63500	0.65	0.04	0.04	0	0	0.65
63600	0.65	0.04	0.04	0	0	0.65
63700	0.65	0.05	0.05	0	0	0.65
63800	0.65	0.05	0.05	0	0	0.65
63900	0.65	0.03	0.03	0	0	0.65
64000	0.65	0.02	0.02	0	0	0.65
64100	0.65	0.02	0.02	0	0	0.65
64200	0.65	0.02	0.02	0	0	0.65
64300	0.66	0.02	0.02	0	0	0.66
64400	0.66	0.01	0.01	0	0	0.66
64500	0.66	0.02	0.02	0	0	0.66
64600	0.66	0.02	0.02	0	0	0.66
64700	0.66	0.02	0.02	0	0	0.66
64800	0.66	0.01	0.01	0	0	0.66
64900	0.66	0.01	0.01	0	0	0.66
65000	0.66	0	0	0	0	0.66
65100	0.66	0	0	0	0	0.66
65200	0.66	0.01	0.01	0	0	0.66
65300	0.66	0	0	0	0	0.66
65400	0.66	0.01	0.01	0	0	0.66
65500	0.65	0.01	0.01	0	0	0.65
65600	0.65	0.01	0.01	0	0	0.65
65700	0.65	0.02	0.02	0	0	0.65
65800	0.65	0.02	0.02	0	0	0.65
65900	0.65	0.01	0.01	0	0	0.65
66000	0.65	0.02	0.02	0	0	0.65
66100	0.65	0.03	0.03	0	0	0.65
66200	0.65	0.01	0.01	0	0	0.65
66300	0.65	0.01	0.01	0	0	0.65
66400	0.65	0.02	0.02	0	0	0.65
66500	0.65	0.02	0.02	0	0	0.65
66600	0.65	0.02	0.02	0	0	0.65
66700	0.65	0.02	0.02	0	0	0.65
66800	0.65	0.02	0.02	0	0	0.65
66900	0.65	0.02	0.02	0	0	0.65
67000	0.65	0	0	0	0	0.65
67100	0.65	0	0	0	0	0.65
67200	0.65	0.01	0.01	0	0	0.65
67300	0.65	0.02	0.02	0	0	0.65
67400	0.65	0.02	0.02	0	0	0.65
67500	0.65	0.01	0.01	0	0	0.65
67600	0.65	0.02	0.02	0	0	0.65
67700	0.65	0.01	0.01	0	0	0.65
67800	0.65	0.01	0.01	0	0	0.65
67900	0.65	0.01	0.01	0	0	0.65
68000	0.65	0.02	0.02	0	0	0.65
68100	0.65	0.04	0.04	0	0	0.65
68200	0.66	0.04	0.04	0	0	0.66
68300	0.66	0.03	0.03	0	0	0.66
68400	0.66	0.03	0.03	0	0	0.66
68500	0.66	0.02	0.02	0	0	0.66
68600	0.66	0.01	0.01	0	0	0.66
68700	0.66	0	0	0	0	0.66
68800	0.66	0.01	0.01	0	0	0.66
68900	0.66	0.01	0.01	0	0	0.66
69000	0.66	0.01	0.01	0	0	0.66
69100	0.66	0.01	0.01	0	0	0.66
69200	0.66	0.01	0.01	0	0	0.66
69300	0.66	0.02	0.02	0	0	0.66
69400	0.66	0.02	0.02	0	0	0.66
69500	0.66	0.02	0.02	0	0	0.66
69600	0.66	0.02	0.02	0	0	0.66
69700	0.66	0.01	0.01	0	0	0.66
69800	0.66	0.02	0.02	0	0	0.66
69900	0.66	0.01	0.01	0	0	0.66
70000	0.66	0.01	0.01	0	0	0.66
70100	0.65	0.01	0.01	0	0	0.65
70200	0.65	0.02	0.02	0	0	0.65
70300	0.66	0.02	0.02	0	0	0.66
70400	0.66	0.02	0.02	0	0	0.66
70500	0.66	0.02	0.02	0	0	0.66
70600	0.66	0.01	0.01	0	0	0.66
70700	0.65	0.02	0.02	0	0	0.65
70800	0.65	0.01	0.01	0	0	0.65
70900	0.65	0.02	0.02	0	0	0.65
71000	0.65	0.02	0.02	0	0	0.65
71100	0.65	0.01	0.01	0	0	0.65
71200	0.65	0.01	0.01	0	0	0.65
71300	0.65	0.01	0.01	0	0	0.65
71400	0.65	0.01	0.01	0	0	0.65
71500	0.65	0	0	0	0	0.65
71600	0.65	0	0	0	0	0.65
71700	0.65	0	0	0	0	0.65
71800	0.65	0	0	0	0	0.65
71900	0.65	0.01	0.01	0	0	0.65
72000	0.65	0.02	0.02	0	0	0.65
72100	0.65	0.03	0.03	0	0	0.65
72200	0.65	0.03	0.03	0	0	0.65
72300	0.65	0.03	0.03	0	0	0.65
72400	0.65	0.03	0.03	0	0	0.65
72500	0.65	0.03	0.03	0	0	0.65
72600	0.65	0	0	0	0	0.65
72700	0.65	0	0	0	0	0.65
72800	0.66	0.01	0.01	0	0	0.66
72900	0.66	0.01	0.01	0	0	0.66
73000	0.66	0.01	0.01	0	0	0.66
73100	0.66	0.02	0.02	0	0	0.66
73200	0.65	0.01	0.01	0	0	0.65
73300	0.65	0.02	0.02	0	0	0.65
73400	0.65	0.01	0.01	0	0	0.65
73500	0.65	0.01	0.01	0	0	0.65
73600	0.65	0.01	0.01	0	0	0.65
73700	0.65	0.01	0.01	0	0	0.65
73800	0.65	0.02	0.02	0	0	0.65
73900	0.65	0.03	0.03	0	0	0.65
74000	0.65	0.03	0.03	0	0	0.65
74100	0.65	0.01	0.01	0	0	0.65
74200	0.65	0.01	0.01	0	0	0.65
74300	0.65	0	0	0	0	0.65
74400	0.65	0.01	0.01	0	0	0.65
74500	0.65	0.03	0.03	0	0	0.65
74600	0.65	0.02	0.02	0	0	0.65
74700	0.65	0.03	0.03	0	0	0.65
74800	0.65	0.03	0.03	0	0	0.65
74900	0.65	0.04	0.04	0	0	0.65
75000	0.65	0.04	0.04	0	0	0.65
75100	0.65	0.03	0.03	0	0	0.65
75200	0.65	0.04	0.04	0	0	0.65
75300	0.65	0.03	0.03	0	0	0.65
75400	0.65	0.04	0.04	0	0	0.65
75500	0.65	0.05	0.05	0	0	0.65
75600	0.66	0.05	0.05	0	0	0.66
75700	0.65	0.05	0.05	0	0	0.65
75800	0.65	0.02	0.02	0	0	0.65
75900	0.65	0.01	0.01	0	0	0.65
76000	0.65	0.01	0.01	0	0	0.65
76100	0.65	0	0	0	0	0.65
76200	0.65	0	0	0	0	0.65
76300	0.65	0	0	0	0	0.65
76400	0.65	0	0	0	0	0.65
76500	0.65	0.02	0.02	0	0	0.65
76600	0.65	0.02	0.02	0	0	0.65
76700	0.65	0.02	0.02	0	0	0.65
76800	0.65	0.03	0.03	0	0	0.65
76900	0.65	0.02	0.02	0	0	0.65
77000	0.65	0.02	0.02	0	0	0.65
77100	0.65	0.01	0.01	0	0	0.65
77200	0.65	0.01	0.01	0	0	0.65
77300	0.65	0	0	0	0	0.65
77400	0.65	0	0	0	0	0.65
77500	0.66	0.02	0.02	0	0	0.66
77600	0.66	0.01	0.01	0	0	0.66
77700	0.66	0	0	0	0	0.66
77800	0.66	0.01	0.01	0	0	0.66
77900	0.65	0.01	0.01	0	0	0.65
78000	0.65	0.01	0.01	0	0	0.65
78100	0.65	0.02	0.02	0	0	0.65
78200	0.65	0.02	0.02	0	0	0.65
78300	0.65	0.03	0.03	0	0	0.65
78400	0.65	0.03	0.03	0	0	0.65
78500	0.65	0.02	0.02	0	0	0.65
78600	0.65	0.02	0.02	0	0	0.65
78700	0.65	0.03	0.03	0	0	0.65
78800	0.65	0.03	0.03	0	0	0.65
78900	0.65	0.04	0.04	0	0	0.65
79000	0.65	0.02	0.02	0	0	0.65
79100	0.65	0.01	0.01	0	0	0.65
79200	0.65	0.01	0.01	0	0	0.65
79300	0.65	0.03	0.03	0	0	0.65
79400	0.65	0.03	0.03	0	0	0.65
79500	0.66	0.03	0.03	0	0	0.66
79600	0.66	0.02	0.02	0	0	0.66
79700	0.66	0.01	0.01	0	0	0.66
79800	0.66	0.03	0.03	0	0	0.66
79900	0.66	0.01	0.01	0	0	0.66
80000	0.67	0	0	0	0	0.67
80100	0.66	0.01	0.01	0	0	0.66
80200	0.66	0.01	0.01	0	0	0.66
80300	0.66	0.01	0.01	0	0	0.66
80400	0.66	0.01	0.01	0	0	0.66
80500	0.67	0.01	0.01	0	0	0.67
80600	0.67	0.02	0.02	0	0	0.67
80700	0.67	0.01	0.01	0	0	0.67
80800	0.67	0.01	0.01	0	0	0.67
80900	0.67	0.01	0.01	0	0	0.67
81000	0.67	0.01	0.01	0	0	0.67
81100	0.67	0	0	0	0	0.67
81200	0.67	0	0	0	0	0.67
81300	0.67	0.01	0.01	0	0	0.67
81400	0.67	0.01	0.01	0	0	0.67
81500	0.67	0.01	0.01	0	0	0.67
81600	0.67	0.01	0.01	0	0	0.67
81700	0.67	0.01	0.01	0	0	0.67
81800	0.67	0.01	0.01	0	0	0.67
81900	0.67	0	0	0	0	0.67
82000	0.67	0	0	0	0	0.67
82100	0.67	0.02	0.02	0	0	0.67
82200	0.67	0.02	0.02	0	0	0.67
82300	0.67	0.03	0.03	0	0	0.67
82400	0.67	0.03	0.03	0	0	0.67
82500	0.67	0.01	0.01	0	0	0.67
82600	0.67	0.01	0.01	0	0	0.67
82700	0.67	0.01	0.01	0	0	0.67
82800	0.67	0.01	0.01	0	0	0.67
82900	0.67	0.01	0.01	0	0	0.67
83000	0.67	0	0	0	0	0.67
83100	0.67	0.02	0.02	0	0	0.67
83200	0.67	0.02	0.02	0	0	0.67
83300	0.67	0.02	0.02	0	0	0.67
83400	0.67	0.02	0.02	0	0	0.67
83500	0.67	0.03	0.03	0	0	0.67
83600	0.67	0.01	0.01	0	0	0.67
83700	0.67	0.03	0.03	0	0	0.67
83800	0.67	0.03	0.03	0	0	0.67
83900	0.67	0.02	0.02	0	0	0.67
84000	0.67	0.02	0.02	0	0	0.67
84100	0.67	0.02	0.02	0	0	0.67
84200	0.67	0.01	0.01	0	0	0.67
84300	0.67	0.01	0.01	0	0	0.67
84400	0.67	0	0	0	0	0.67
84500	0.67	0	0	0	0	0.67
84600	0.67	0	0	0	0	0.67
84700	0.67	0.01	0.01	0	0	0.67
84800	0.67	0.01	0.01	0	0	0.67
84900	0.67	0.04	0.04	0	0	0.67
85000	0.67	0.04	0.04	0	0	0.67
85100	0.66	0.05	0.05	0	0	0.66
85200	0.66	0.06	0.06	0	0	0.66
85300	0.66	0.05	0.05	0	0	0.66
85400	0.66	0.05	0.05	0	0	0.66
85500	0.66	0.03	0.03	0	0	0.66
85600	0.66	0	0	0	0	0.66
85700	0.66	0.01	0.01	0	0	0.66
85800	0.66	0.01	0.01	0	0	0.66
85900	0.66	0.01	0.01	0	0	0.66
86000	0.66	0.01	0.01	0	0	0.66
86100	0.66	0.01	0.01	0	0	0.66
86200	0.66	0.02	0.02	0	0	0.66
86300	0.67	0.01	0.01	0	0	0.67
86400	0.67	0.02	0.02	0	0	0.67
86500	0.67	0.02	0.02	0	0	0.67
86600	0.67	0.03	0.03	0	0	0.67
86700	0.67	0.04	0.04	0	0	0.67
86800	0.67	0.03	0.03	0	0	0.67
86900	0.67	0.01	0.01	0	0	0.67
87000	0.67	0.01	0.01	0	0	0.67
87100	0.67	0.02	0.02	0	0	0.67
87200	0.67	0.02	0.02	0	0	0.67
87300	0.67	0.01	0.01	0	0	0.67
87400	0.67	0.03	0.03	0	0	0.67
87500	0.67	0.03	0.03	0	0	0.67
87600	0.67	0.01	0.01	0	0	0.67
87700	0.67	0.01	0.01	0	0	0.67
87800	0.68	0.02	0.02	0	0	0.68
87900	0.68	0.03	0.03	0	0	0.68
88000	0.68	0.02	0.02	0	0	0.68
88100	0.68	0.03	0.03	0	0	0.68
88200	0.68	0.03	0.03	0	0	0.68
88300	0.68	0.03	0.03	0	0	0.68
88400	0.68	0.02	0.02	0	0	0.68
88500	0.68	0.02	0.02	0	0	0.68
88600	0.68	0.02	0.02	0	0	0.68
88700	0.68	0.02	0.02	0	0	0.68
88800	0.68	0.02	0.02	0	0	0.68
88900	0.68	0.01	0.01	0	0	0.68
89000	0.68	0.03	0.03	0	0	0.68
89100	0.68	0.03	0.03	0	0	0.68
89200	0.68	0.04	0.04	0	0	0.68
89300	0.68	0.03	0.03	0	0	0.68
89400	0.68	0.02	0.02	0	0	0.68
89500	0.68	0.03	0.03	0	0	0.68
89600	0.68	0.02	0.02	0	0	0.68
89700	0.68	0.02	0.02	0	0	0.68
89800	0.67	0.02	0.02	0	0	0.67
89900	0.67	0.03	0.03	0	0	0.67
90000	0.67	0.03	0.03	0	0	0.67
90100	0.67	0.02	0.02	0	0	0.67
90200	0.67	0.02	0.02	0	0	0.67
90300	0.67	0.01	0.01	0	0	0.67
90400	0.67	0.02	0.02	0	0	0.67
90500	0.67	0.02	0.02	0	0	0.67
90600	0.67	0.01	0.01	0	0	0.67
90700	0.67	0.02	0.02	0	0	0.67
90800	0.67	0.02	0.02	0	0	0.67
90900	0.67	0.02	0.02	0	0	0.67
91000	0.67	0.02	0.02	0	0	0.67
91100	0.67	0.02	0.02	0	0	0.67
91200	0.67	0.01	0.01	0	0	0.67
91300	0.67	0	0	0	0	0.67
91400	0.67	0	0	0	0	0.67
91500	0.67	0.01	0.01	0	0	0.67
91600	0.67	0.01	0.01	0	0	0.67
91700	0.67	0.02	0.02	0	0	0.67
91800	0.67	0.04	0.04	0	0	0.67
91900	0.67	0.03	0.03	0	0	0.67
92000	0.67	0.02	0.02	0	0	0.67
92100	0.67	0.02	0.02	0	0	0.67
92200	0.67	0.02	0.02	0	0	0.67
92300	0.67	0.01	0.01	0	0	0.67
92400	0.67	0	0	0	0	0.67
92500	0.68	0	0	0	0	0.68
92600	0.68	0.01	0.01	0	0	0.68
92700	0.68	0.01	0.01	0	0	0.68
92800	0.68	0.01	0.01	0	0	0.68
92900	0.68	0.01	0.01	0	0	0.68
93000	0.68	0.02	0.02	0	0	0.68
93100	0.68	0.02	0.02	0	0	0.68
93200	0.69	0.01	0.01	0	0	0.69
93300	0.69	0.03	0.03	0	0	0.69
93400	0.69	0.03	0.03	0	0	0.69
93500	0.69	0.02	0.02	0	0	0.69
93600	0.69	0.02	0.02	0	0	0.69
93700	0.69	0.02	0.02	0	0	0.69
93800	0.69	0.02	0.02	0	0	0.69
93900	0.69	0	0	0	0	0.69
94000	0.69	0.01	0.01	0	0	0.69
94100	0.69	0.01	0.01	0	0	0.69
94200	0.69	0.02	0.02	0	0	0.69
94300	0.68	0.02	0.02	0	0	0.68
94400	0.68	0.01	0.01	0	0	0.68
94500	0.68	0.01	0.01	0	0	0.68
94600	0.68	0.01	0.01	0	0	0.68
94700	0.68	0.01	0.01	0	0	0.68
94800	0.68	0.01	0.01	0	0	0.68
94900	0.68	0.01	0.01	0	0	0.68
95000	0.68	0.01	0.01	0	0	0.68
95100	0.68	0.01	0.01	0	0	0.68
95200	0.68	0.01	0.01	0	0	0.68
95300	0.68	0.02	0.02	0	0	0.68
95400	0.68	0.01	0.01	0	0	0.68
95500	0.68	0.01	0.01	0	0	0.68
95600	0.68	0.01	0.01	0	0	0.68
95700	0.68	0.02	0.02	0	0	0.68
95800	0.68	0.02	0.02	0	0	0.68
95900	0.68	0.01	0.01	0	0	0.68
96000	0.68	0.01	0.01	0	0	0.68
96100	0.68	0.01	0.01	0	0	0.68
96200	0.68	0	0	0	0	0.68
96300	0.68	0	0	0	0	0.68
96400	0.68	0	0	0	0	0.68
96500	0.68	0	0	0	0	0.68
96600	0.68	0.01	0.01	0	0	0.68
96700	0.68	0.01	0.01	0	0	0.68
96800	0.68	0.01	0.01	0	0	0.68
96900	0.68	0.04	0.04	0	0	0.68
97000	0.68	0.04	0.04	0	0	0.68
97100	0.68	0.05	0.05	0	0	0.68
97200	0.68	0.04	0.04	0	0	0.68
97300	0.68	0.05	0.05	0	0	0.68
97400	0.68	0.02	0.02	0	0	0.68
97500	0.68	0.01	0.01	0	0	0.68
97600	0.68	0.01	0.01	0	0	0.68
97700	0.68	0.02	0.02	0	0	0.68
97800	0.68	0.02	0.02	0	0	0.68
97900	0.68	0.04	0.04	0	0	0.68
98000	0.68	0.02	0.02	0	0	0.68
98100	0.68	0.02	0.02	0	0	0.68
98200	0.68	0.02	0.02	0	0	0.68
98300	0.68	0.01	0.01	0	0	0.68
98400	0.68	0.02	0.02	0	0	0.68
98500	0.68	0.02	0.02	0	0	0.68
98600	0.68	0.01	0.01	0	0	0.68
98700	0.68	0.01	0.01	0	0	0.68
98800	0.68	0.01	0.01	0	0	0.68
98900	0.68	0.01	0.01	0	0	0.68
99000	0.68	0.01	0.01	0	0	0.68
99100	0.68	0.03	0.03	0	0	0.68
99200	0.68	0.02	0.02	0	0	0.68
99300	0.68	0.02	0.02	0	0	0.68
99400	0.68	0.02	0.02	0	0	0.68
99500	0.68	0.02	0.02	0	0	0.68
99600	0.68	0.01	0.01	0	0	0.68
99700	0.68	0	0	0	0	0.68
99800	0.68	0	0	0	0	0.68
99900	0.68	0	0	0	0	0.68
100000	0.68	0	0	0	0	0.68
100100	0.68	0.01	0.01	0	0	0.68
100200	0.68	0.01	0.01	0	0	0.68
100300	0.68	0.02	0.02	0	0	0.68
100400	0.68	0.02	0.02	0	0	0.68
100500	0.68	0.02	0.02	0	0	0.68
100600	0.68	0.03	0.03	0	0	0.68
100700	0.68	0.02	0.02	0	0	0.68
100800	0.68	0.01	0.01	0	0	0.68
100900	0.68	0.01	0.01	0	0	0.68
101000	0.68	0.01	0.01	0	0	0.68
101100	0.68	0.01	0.01	0	0	0.68
101200	0.68	0.01	0.01	0	0	0.68
101300	0.68	0.02	0.02	0	0	0.68
101400	0.68	0.02	0.02	0	0	0.68
101500	0.68	0.02	0.02	0	0	0.68
101600	0.68	0.03	0.03	0	0	0.68
101700	0.68	0.02	0.02	0	0	0.68
101800	0.68	0.02	0.02	0	0	0.68
101900	0.68	0.01	0.01	0	0	0.68
102000	0.68	0.01	0.01	0	0	0.68
102100	0.68	0	0	0	0	0.68
102200	0.68	0	0	0	0	0.68
102300	0.68	0	0	0	0	0.68
102400	0.68	0	0	0	0	0.68
102500	0.68	0	0	0	0	0.68
102600	0.68	0	0	0	0	0.68
102700	0.68	0.01	0.01	0	0	0.68
102800	0.68	0.01	0.01	0	0	0.68
102900	0.68	0.01	0.01	0	0	0.68
103000	0.68	0.02	0.02	0	0	0.68
103100	0.68	0.03	0.03	0	0	0.68
103200	0.69	0.04	0.04	0	0	0.69
103300	0.69	0.04	0.04	0	0	0.69
103400	0.69	0.02	0.02	0	0	0.69
103500	0.68	0.02	0.02	0	0	0.68
103600	0.68	0.02	0.02	0	0	0.68
103700	0.68	0	0	0	0	0.68
103800	0.68	0.01	0.01	0	0	0.68
103900	0.68	0.01	0.01	0	0	0.68
104000	0.68	0.01	0.01	0	0	0.68
104100	0.68	0.01	0.01	0	0	0.68
104200	0.68	0.01	0.01	0	0	0.68
104300	0.68	0.02	0.02	0	0	0.68
104400	0.68	0.01	0.01	0	0	0.68
104500	0.68	0.01	0.01	0	0	0.68
104600	0.68	0.01	0.01	0	0	0.68
104700	0.68	0.02	0.02	0	0	0.68
104800	0.68	0.03	0.03	0	0	0.68
104900	0.68	0.03	0.03	0	0	0.68
105000	0.68	0.04	0.04	0	0	0.68
105100	0.68	0.05	0.05	0	0	0.68
105200	0.68	0.03	0.03	0	0	0.68
105300	0.68	0.04	0.04	0	0	0.68
105400	0.68	0.01	0.01	0	0	0.68
105500	0.68	0.02	0.02	0	0	0.68
105600	0.68	0.02	0.02	0	0	0.68
105700	0.68	0.03	0.03	0	0	0.68
105800	0.68	0.02	0.02	0	0	0.68
105900	0.68	0.02	0.02	0	0	0.68
106000	0.67	0.02	0.02	0	0	0.67
106100	0.67	0.01	0.01	0	0	0.67
106200	0.67	0.01	0.01	0	0	0.67
106300	0.67	0.02	0.02	0	0	0.67
106400	0.67	0.01	0.01	0	0	0.67
106500	0.67	0.02	0.02	0	0	0.67
106600	0.67	0.02	0.02	0	0	0.67
106700	0.67	0.01	0.01	0	0	0.67
106800	0.67	0.01	0.01	0	0	0.67
106900	0.67	0.01	0.01	0	0	0.67
107000	0.67	0.01	0.01	0	0	0.67
107100	0.67	0	0	0	0	0.67
107200	0.67	0	0	0	0	0.67
107300	0.67	0.01	0.01	0	0	0.67
107400	0.67	0.01	0.01	0	0	0.67
107500	0.67	0.01	0.01	0	0	0.67
107600	0.67	0.02	0.02	0	0	0.67
107700	0.67	0.02	0.02	0	0	0.67
107800	0.67	0.02	0.02	0	0	0.67
107900	0.67	0.02	0.02	0	0	0.67
108000	0.67	0.02	0.02	0	0	0.67
108100	0.67	0.03	0.03	0	0	0.67
108200	0.67	0	0	0	0	0.67
108300	0.67	0	0	0	0	0.67
108400	0.67	0	0	0	0	0.67
108500	0.67	0	0	0	0	0.67
108600	0.67	0	0	0	0	0.67
108700	0.67	0	0	0	0	0.67
108800	0.67	0	0	0	0	0.67
108900	0.67	0	0	0	0	0.67
109000	0.67	0	0	0	0	0.67
109100	0.67	0	0	0	0	0.67
109200	0.67	0	0	0	0	0.67
109300	0.67	0	0	0	0	0.67
109400	0.67	0	0	0	0	0.67
109500	0.67	0	0	0	0	0.67
109600	0.67	0	0	0	0	0.67
109700	0.67	0	0	0	0	0.67
109800	0.67	0	0	0	0	0.67
109900	0.67	0	0	0	0	0.67
110000	0.67	0	0	0	0	0.67
110100	0.67	0.01	0.01	0	0	0.67
110200	0.67	0.01	0.01	0	0	0.67
110300	0.67	0.01	0.01	0	0	0.67
110400	0.67	0.01	0.01	0	0	0.67
110500	0.67	0.01	0.01	0	0	0.67
110600	0.67	0.02	0.02	0	0	0.67
110700	0.67	0.01	0.01	0	0	0.67
110800	0.67	0.03	0.03	0	0	0.67
110900	0.67	0.03	0.03	0	0	0.67
111000	0.67	0.03	0.03	0	0	0.67
111100	0.67	0.03	0.03	0	0	0.67
111200	0.67	0.02	0.02	0	0	0.67
111300	0.67	0	0	0	0	0.67
111400	0.67	0.01	0.01	0	0	0.67
111500	0.67	0.01	0.01	0	0	0.67
111600	0.67	0.01	0.01	0	0	0.67
111700	0.67	0.01	0.01	0	0	0.67
111800	0.67	0.01	0.01	0	0	0.67
111900	0.67	0	0	0	0	0.67
112000	0.67	0.01	0.01	0	0	0.67
112100	0.67	0.01	0.01	0	0	0.67
112200	0.68	0.02	0.02	0	0	0.68
112300	0.68	0.03	0.03	0	0	0.68
112400	0.68	0.03	0.03	0	0	0.68
112500	0.68	0.03	0.03	0	0	0.68
112600	0.68	0.03	0.03	0	0	0.68
112700	0.68	0.03	0.03	0	0	0.68
112800	0.68	0.02	0.02	0	0	0.68
112900	0.68	0	0	0	0	0.68
113000	0.68	0	0	0	0	0.68
113100	0.68	0	0	0	0	0.68
113200	0.68	0	0	0	0	0.68
113300	0.68	0	0	0	0	0.68
113400	0.68	0	0	0	0	0.68
113500	0.68	0	0	0	0	0.68
113600	0.68	0	0	0	0	0.68
113700	0.68	0	0	0	0	0.68
113800	0.68	0.01	0.01	0	0	0.68
113900	0.68	0.02	0.02	0	0	0.68
114000	0.68	0.02	0.02	0	0	0.68
114100	0.68	0.03	0.03	0	0	0.68
114200	0.68	0.03	0.03	0	0	0.68
114300	0.68	0.03	0.03	0	0	0.68
114400	0.68	0.01	0.01	0	0	0.68
114500	0.68	0	0	0	0	0.68
114600	0.68	0	0	0	0	0.68
114700	0.68	0	0	0	0	0.68
114800	0.68	0	0	0	0	0.68
114900	0.68	0	0	0	0	0.68
115000	0.68	0	0	0	0	0.68
115100	0.68	0.01	0.01	0	0	0.68
115200	0.68	0.01	0.01	0	0	0.68
115300	0.68	0.01	0.01	0	0	0.68
115400	0.68	0.01	0.01	0	0	0.68
115500	0.68	0.02	0.02	0	0	0.68
115600	0.68	0.02	0.02	0	0	0.68
115700	0.68	0.01	0.01	0	0	0.68
115800	0.68	0.01	0.01	0	0	0.68
115900	0.68	0.02	0.02	0	0	0.68
116000	0.68	0.04	0.04	0	0	0.68
116100	0.68	0.04	0.04	0	0	0.68
116200	0.68	0.05	0.05	0	0	0.68
116300	0.68	0.04	0.04	0	0	0.68
116400	0.68	0.03	0.03	0	0	0.68
116500	0.68	0.03	0.03	0	0	0.68
116600	0.68	0.02	0.02	0	0	0.68
116700	0.68	0	0	0	0	0.68
116800	0.68	0	0	0	0	0.68
116900	0.68	0.01	0.01	0	0	0.68
117000	0.68	0.01	0.01	0	0	0.68
117100	0.68	0.01	0.01	0	0	0.68
117200	0.68	0	0	0	0	0.68
117300	0.68	0	0	0	0	0.68
117400	0.68	0.01	0.01	0	0	0.68
117500	0.68	0.01	0.01	0	0	0.68
117600	0.68	0.02	0.02	0	0	0.68
117700	0.68	0.03	0.03	0	0	0.68
117800	0.68	0.03	0.03	0	0	0.68
117900	0.68	0.03	0.03	0	0	0.68
118000	0.68	0.02	0.02	0	0	0.68
118100	0.68	0.02	0.02	0	0	0.68
118200	0.68	0.02	0.02	0	0	0.68
118300	0.68	0.01	0.01	0	0	0.68
118400	0.68	0.01	0.01	0	0	0.68
118500	0.68	0.01	0.01	0	0	0.68
118600	0.68	0.01	0.01	0	0	0.68
118700	0.68	0	0	0	0	0.68
118800	0.67	0	0	0	0	0.67
118900	0.67	0.01	0.01	0	0	0.67
119000	0.67	0.02	0.02	0	0	0.67
119100	0.67	0.03	0.03	0	0	0.67
119200	0.67	0.04	0.04	0	0	0.67
119300	0.67	0.03	0.03	0	0	0.67
119400	0.67	0.03	0.03	0	0	0.67
119500	0.67	0	0	0	0	0.67
119600	0.67	0.02	0.02	0	0	0.67
119700	0.67	0.02	0.02	0	0	0.67
119800	0.67	0.02	0.02	0	0	0.67
119900	0.68	0.03	0.03	0	0	0.68
120000	0.68	0.03	0.03	0	0	0.68
120100	0.68	0.03	0.03	0	0	0.68
120200	0.68	0.02	0.02	0	0	0.68
120300	0.68	0.01	0.01	0	0	0.68
120400	0.68	0.01	0.01	0	0	0.68
120500	0.68	0.01	0.01	0	0	0.68
120600	0.68	0	0	0	0	0.68
120700	0.68	0	0	0	0	0.68
120800	0.68	0	0	0	0	0.68
120900	0.68	0	0	0	0	0.68
121000	0.68	0	0	0	0	0.68
121100	0.68	0	0	0	0	0.68
121200	0.68	0	0	0	0	0.68
121300	0.68	0	0	0	0	0.68
121400	0.68	0	0	0	0	0.68
121500	0.68	0	0	0	0	0.68
121600	0.68	0	0	0	0	0.68
121700	0.68	0	0	0	0	0.68
121800	0.68	0.01	0.01	0	0	0.68
121900	0.68	0.01	0.01	0	0	0.68
122000	0.68	0.02	0.02	0	0	0.68
122100	0.68	0.03	0.03	0	0	0.68
122200	0.68	0.03	0.03	0	0	0.68
122300	0.68	0.03	0.03	0	0	0.68
122400	0.68	0.02	0.02	0	0	0.68
122500	0.68	0.02	0.02	0	0	0.68
122600	0.68	0.02	0.02	0	0	0.68
122700	0.68	0.02	0.02	0	0	0.68
122800	0.68	0.04	0.04	0	0	0.68
122900	0.68	0.03	0.03	0	0	0.68
123000	0.68	0.05	0.05	0	0	0.68
123100	0.68	0.06	0.06	0	0	0.68
123200	0.68	0.04	0.04	0	0	0.68
123300	0.68	0.05	0.05	0	0	0.68
123400	0.68	0.05	0.05	0	0	0.68
123500	0.68	0.04	0.04	0	0	0.68
123600	0.68	0.03	0.03	0	0	0.68
123700	0.68	0.02	0.02	0	0	0.68
123800	0.68	0.01	0.01	0	0	0.68
123900	0.68	0.02	0.02	0	0	0.68
124000	0.68	0.03	0.03	0	0	0.68
124100	0.68	0.04	0.04	0	0	0.68
124200	0.68	0.03	0.03	0	0	0.68
124300	0.68	0.04	0.04	0	0	0.68
124400	0.68	0.02	0.02	0	0	0.68
124500	0.68	0.04	0.04	0	0	0.68
124600	0.68	0.03	0.03	0	0	0.68
124700	0.68	0.02	0.02	0	0	0.68
124800	0.68	0.01	0.01	0	0	0.68
124900	0.68	0	0	0	0	0.68
125000	0.68	0.01	0.01	0	0	0.68
125100	0.68	0.01	0.01	0	0	0.68
125200	0.68	0.03	0.03	0	0	0.68
125300	0.68	0.03	0.03	0	0	0.68
125400	0.68	0.03	0.03	0	0	0.68
125500	0.68	0.01	0.01	0	0	0.68
125600	0.68	0.01	0.01	0	0	0.68
125700	0.68	0	0	0	0	0.68
125800	0.68	0.02	0.02	0	0	0.68
125900	0.68	0.03	0.03	0	0	0.68
126000	0.68	0.03	0.03	0	0	0.68
126100	0.68	0.04	0.04	0	0	0.68
126200	0.68	0.04	0.04	0	0	0.68
126300	0.68	0.04	0.04	0	0	0.68
126400	0.68	0.03	0.03	0	0	0.68
126500	0.68	0.06	0.06	0	0	0.68
126600	0.68	0.02	0.02	0	0	0.68
126700	0.68	0.01	0.01	0	0	0.68
126800	0.68	0.01	0.01	0	0	0.68
126900	0.68	0	0	0	0	0.68
127000	0.68	0.01	0.01	0	0	0.68
127100	0.68	0.01	0.01	0	0	0.68
127200	0.68	0.01	0.01	0	0	0.68
127300	0.68	0	0	0	0	0.68
127400	0.68	0	0	0	0	0.68
127500	0.68	0	0	0	0	0.68
127600	0.68	0.01	0.01	0	0	0.68
127700	0.68	0.01	0.01	0	0	0.68
127800	0.67	0.02	0.02	0	0	0.67
127900	0.67	0	0	0	0	0.67
128000	0.67	0.01	0.01	0	0	0.67
128100	0.67	0.01	0.01	0	0	0.67
128200	0.67	0.01	0.01	0	0	0.67
128300	0.67	0.02	0.02	0	0	0.67
128400	0.67	0.01	0.01	0	0	0.67
128500	0.67	0.02	0.02	0	0	0.67
128600	0.67	0	0	0	0	0.67
128700	0.67	0	0	0	0	0.67
128800	0.67	0	0	0	0	0.67
128900	0.67	0.01	0.01	0	0	0.67
129000	0.67	0.01	0.01	0	0	0.67
129100	0.67	0.01	0.01	0	0	0.67
129200	0.67	0.03	0.03	0	0	0.67
129300	0.68	0.04	0.04	0	0	0.68
129400	0.68	0.03	0.03	0	0	0.68
129500	0.68	0.03	0.03	0	0	0.68
129600	0.68	0.02	0.02	0	0	0.68
129700	0.68	0.03	0.03	0	0	0.68
129800	0.68	0.03	0.03	0	0	0.68
129900	0.68	0.03	0.03	0	0	0.68
130000	0.68	0.03	0.03	0	0	0.68
130100	0.68	0.02	0.02	0	0	0.68
130200	0.68	0.02	0.02	0	0	0.68
130300	0.68	0.01	0.01	0	0	0.68
130400	0.68	0.03	0.03	0	0	0.68
130500	0.68	0.02	0.02	0	0	0.68
130600	0.68	0.01	0.01	0	0	0.68
130700	0.68	0.03	0.03	0	0	0.68
130800	0.68	0.02	0.02	0	0	0.68
130900	0.68	0.03	0.03	0	0	0.68
131000	0.68	0.05	0.05	0	0	0.68
131100	0.68	0.04	0.04	0	0	0.68
131200	0.68	0.03	0.03	0	0	0.68
131300	0.68	0.03	0.03	0	0	0.68
131400	0.68	0.04	0.04	0	0	0.68
131500	0.68	0.02	0.02	0	0	0.68
131600	0.68	0.01	0.01	0	0	0.68
131700	0.68	0.01	0.01	0	0	0.68
131800	0.68	0.01	0.01	0	0	0.68
131900	0.68	0.01	0.01	0	0	0.68
132000	0.68	0.01	0.01	0	0	0.68
132100	0.68	0.01	0.01	0	0	0.68
132200	0.68	0.01	0.01	0	0	0.68
132300	0.68	0.01	0.01	0	0	0.68
132400	0.68	0	0	0	0	0.68
132500	0.68	0	0	0	0	0.68
132600	0.68	0	0	0	0	0.68
132700	0.69	0	0	0	0	0.69
132800	0.69	0	0	0	0	0.69
132900	0.68	0	0	0	0	0.68
133000	0.68	0.01	0.01	0	0	0.68
133100	0.68	0.01	0.01	0	0	0.68
133200	0.68	0.01	0.01	0	0	0.68
133300	0.68	0.01	0.01	0	0	0.68
133400	0.68	0.02	0.02	0	0	0.68
133500	0.68	0.01	0.01	0	0	0.68
133600	0.68	0.01	0.01	0	0	0.68
133700	0.68	0.01	0.01	0	0	0.68
133800	0.68	0.01	0.01	0	0	0.68
133900	0.68	0	0	0	0	0.68
134000	0.68	0.01	0.01	0	0	0.68
134100	0.68	0.01	0.01	0	0	0.68
134200	0.68	0.02	0.02	0	0	0.68
134300	0.68	0.02	0.02	0	0	0.68
134400	0.68	0.03	0.03	0	0	0.68
134500	0.68	0.03	0.03	0	0	0.68
134600	0.68	0.01	0.01	0	0	0.68
134700	0.68	0.01	0.01	0	0	0.68
134800	0.68	0	0	0	0	0.68
134900	0.68	0	0	0	0	0.68
135000	0.68	0	0	0	0	0.68
135100	0.68	0	0	0	0	0.68
135200	0.68	0	0	0	0	0.68
135300	0.68	0	0	0	0	0.68
135400	0.68	0	0	0	0	0.68
135500	0.68	0	0	0	0	0.68
135600	0.68	0	0	0	0	0.68
135700	0.68	0	0	0	0	0.68
135800	0.68	0.01	0.01	0	0	0.68
135900	0.68	0.01	0.01	0	0	0.68
136000	0.68	0.01	0.01	0	0	0.68
136100	0.68	0.01	0.01	0	0	0.68
136200	0.68	0.02	0.02	0	0	0.68
136300	0.69	0.02	0.02	0	0	0.69
136400	0.69	0.02	0.02	0	0	0.69
136500	0.69	0.02	0.02	0	0	0.69
136600	0.69	0.01	0.01	0	0	0.69
136700	0.7	0.01	0.01	0	0	0.7
136800	0.7	0.01	0.01	0	0	0.7
136900	0.69	0.01	0.01	0	0	0.69
137000	0.69	0	0	0	0	0.69
137100	0.69	0	0	0	0	0.69
137200	0.69	0	0	0	0	0.69
137300	0.69	0.01	0.01	0	0	0.69
137400	0.69	0.03	0.03	0	0	0.69
137500	0.69	0.04	0.04	0	0	0.69
137600	0.69	0.04	0.04	0	0	0.69
137700	0.69	0.03	0.03	0	0	0.69
137800	0.69	0.04	0.04	0	0	0.69
137900	0.69	0.03	0.03	0	0	0.69
138000	0.69	0.02	0.02	0	0	0.69
138100	0.69	0.02	0.02	0	0	0.69
138200	0.69	0.03	0.03	0	0	0.69
138300	0.69	0.03	0.03	0	0	0.69
138400	0.69	0.02	0.02	0	0	0.69
138500	0.69	0.01	0.01	0	0	0.69
138600	0.69	0.02	0.02	0	0	0.69
138700	0.69	0.02	0.02	0	0	0.69
138800	0.69	0.01	0.01	0	0	0.69
138900	0.69	0.01	0.01	0	0	0.69
139000	0.69	0.01	0.01	0	0	0.69
139100	0.69	0.01	0.01	0	0	0.69
139200	0.69	0	0	0	0	0.69
139300	0.69	0.01	0.01	0	0	0.69
139400	0.69	0.01	0.01	0	0	0.69
139500	0.69	0.02	0.02	0	0	0.69
139600	0.69	0.03	0.03	0	0	0.69
139700	0.69	0.03	0.03	0	0	0.69
139800	0.69	0.04	0.04	0	0	0.69
139900	0.69	0.01	0.01	0	0	0.69
140000	0.69	0	0	0	0	0.69
140100	0.69	0	0	0	0	0.69
140200	0.69	0	0	0	0	0.69
140300	0.69	0.01	0.01	0	0	0.69
140400	0.69	0.01	0.01	0	0	0.69
140500	0.69	0.02	0.02	0	0	0.69
140600	0.69	0.02	0.02	0	0	0.69
140700	0.69	0.02	0.02	0	0	0.69
140800	0.69	0.02	0.02	0	0	0.69
140900	0.69	0.02	0.02	0	0	0.69
141000	0.69	0.03	0.03	0	0	0.69
141100	0.69	0.02	0.02	0	0	0.69
141200	0.69	0.01	0.01	0	0	0.69
141300	0.69	0.01	0.01	0	0	0.69
141400	0.69	0.03	0.03	0	0	0.69
141500	0.69	0.02	0.02	0	0	0.69
141600	0.69	0.01	0.01	0	0	0.69
141700	0.69	0.02	0.02	0	0	0.69
141800	0.69	0.01	0.01	0	0	0.69
141900	0.69	0.01	0.01	0	0	0.69
142000	0.69	0.02	0.02	0	0	0.69
142100	0.69	0.02	0.02	0	0	0.69
142200	0.69	0.01	0.01	0	0	0.69
142300	0.69	0.01	0.01	0	0	0.69
142400	0.69	0.01	0.01	0	0	0.69
142500	0.69	0	0	0	0	0.69
142600	0.69	0	0	0	0	0.69
142700	0.69	0.02	0.02	0	0	0.69
142800	0.69	0.01	0.01	0	0	0.69
142900	0.69	0.01	0.01	0	0	0.69
143000	0.69	0.01	0.01	0	0	0.69
143100	0.69	0.01	0.01	0	0	0.69
143200	0.69	0.01	0.01	0	0	0.69
143300	0.69	0.01	0.01	0	0	0.69
143400	0.69	0.01	0.01	0	0	0.69
143500	0.69	0.01	0.01	0	0	0.69
143600	0.69	0.01	0.01	0	0	0.69
143700	0.69	0.01	0.01	0	0	0.69
143800	0.69	0	0	0	0	0.69
143900	0.69	0	0	0	0	0.69
144000	0.69	0	0	0	0	0.69
144100	0.69	0.01	0.01	0	0	0.69
144200	0.69	0.02	0.02	0	0	0.69
144300	0.69	0.03	0.03	0	0	0.69
144400	0.69	0.03	0.03	0	0	0.69
144500	0.69	0.02	0.02	0	0	0.69
144600	0.69	0	0	0	0	0.69
144700	0.69	0	0	0	0	0.69
144800	0.69	0	0	0	0	0.69
144900	0.69	0.01	0.01	0	0	0.69
145000	0.69	0.01	0.01	0	0	0.69
145100	0.69	0.02	0.02	0	0	0.69
145200	0.69	0.02	0.02	0	0	0.69
145300	0.69	0.04	0.04	0	0	0.69
145400	0.69	0.03	0.03	0	0	0.69
145500	0.69	0.04	0.04	0	0	0.69
145600	0.69	0.04	0.04	0	0	0.69
145700	0.69	0.02	0.02	0	0	0.69
145800	0.69	0.03	0.03	0	0	0.69
145900	0.69	0.03	0.03	0	0	0.69
146000	0.69	0.01	0.01	0	0	0.69
146100	0.69	0	0	0	0	0.69
146200	0.69	0	0	0	0	0.69
146300	0.69	0	0	0	0	0.69
146400	0.69	0	0	0	0	0.69
146500	0.69	0	0	0	0	0.69
146600	0.69	0	0	0	0	0.69
146700	0.69	0	0	0	0	0.69
146800	0.69	0	0	0	0	0.69
146900	0.69	0	0	0	0	0.69
147000	0.69	0	0	0	0	0.69
147100	0.69	0.02	0.02	0	0	0.69
147200	0.69	0.02	0.02	0	0	0.69
147300	0.69	0.02	0.02	0	0	0.69
147400	0.69	0.02	0.02	0	0	0.69
147500	0.69	0.03	0.03	0	0	0.69
147600	0.69	0.03	0.03	0	0	0.69
147700	0.69	0.02	0.02	0	0	0.69
147800	0.69	0.02	0.02	0	0	0.69
147900	0.69	0.02	0.02	0	0	0.69
148000	0.69	0.02	0.02	0	0	0.69
148100	0.69	0.01	0.01	0	0	0.69
148200	0.69	0.03	0.03	0	0	0.69
148300	0.69	0.01	0.01	0	0	0.69
148400	0.69	0.03	0.03	0	0	0.69
148500	0.69	0.01	0.01	0	0	0.69
148600	0.69	0.01	0.01	0	0	0.69
148700	0.69	0.01	0.01	0	0	0.69
148800	0.69	0	0	0	0	0.69
148900	0.69	0	0	0	0	0.69
149000	0.69	0	0	0	0	0.69
149100	0.69	0.01	0.01	0	0	0.69
149200	0.69	0.01	0.01	0	0	0.69
149300	0.69	0.02	0.02	0	0	0.69
149400	0.69	0.02	0.02	0	0	0.69
149500	0.69	0.02	0.02	0	0	0.69
149600	0.69	0.03	0.03	0	0	0.69
149700	0.69	0.02	0.02	0	0	0.69
149800	0.69	0.02	0.02	0	0	0.69
149900	0.69	0.02	0.02	0	0	0.69
150000	0.7	0.01	0.01	0	0	0.7
150100	0.7	0	0	0	0	0.7
150200	0.7	0	0	0	0	0.7
150300	0.7	0	0	0	0	0.7
150400	0.7	0	0	0	0	0.7
150500	0.7	0	0	0	0	0.7
150600	0.7	0.02	0.02	0	0	0.7
150700	0.7	0.02	0.02	0	0	0.7
150800	0.7	0.01	0.01	0	0	0.7
150900	0.7	0	0	0	0	0.7
151000	0.7	0.01	0.01	0	0	0.7
151100	0.7	0.01	0.01	0	0	0.7
151200	0.7	0.03	0.03	0	0	0.7
151300	0.7	0.03	0.03	0	0	0.7
151400	0.7	0.03	0.03	0	0	0.7
151500	0.7	0.04	0.04	0	0	0.7
151600	0.7	0.03	0.03	0	0	0.7
151700	0.7	0.03	0.03	0	0	0.7
151800	0.7	0.01	0.01	0	0	0.7
151900	0.7	0.02	0.02	0	0	0.7
152000	0.7	0.02	0.02	0	0	0.7
152100	0.7	0.01	0.01	0	0	0.7
152200	0.7	0.02	0.02	0	0	0.7
152300	0.7	0.02	0.02	0	0	0.7
152400	0.7	0.02	0.02	0	0	0.7
152500	0.7	0.01	0.01	0	0	0.7
152600	0.7	0.01	0.01	0	0	0.7
152700	0.7	0.01	0.01	0	0	0.7
152800	0.7	0.01	0.01	0	0	0.7
152900	0.7	0	0	0	0	0.7
153000	0.7	0	0	0	0	0.7
153100	0.7	0.02	0.02	0	0	0.7
153200	0.7	0.03	0.03	0	0	0.7
153300	0.7	0.03	0.03	0	0	0.7
153400	0.7	0.03	0.03	0	0	0.7
153500	0.7	0.02	0.02	0	0	0.7
153600	0.7	0.02	0.02	0	0	0.7
153700	0.7	0.01	0.01	0	0	0.7
153800	0.7	0	0	0	0	0.7
153900	0.7	0	0	0	0	0.7
154000	0.7	0	0	0	0	0.7
154100	0.7	0	0	0	0	0.7
154200	0.7	0.01	0.01	0	0	0.7
154300	0.7	0.01	0.01	0	0	0.7
154400	0.7	0.01	0.01	0	0	0.7
154500	0.7	0.01	0.01	0	0	0.7
154600	0.7	0.01	0.01	0	0	0.7
154700	0.7	0.01	0.01	0	0	0.7
154800	0.7	0	0	0	0	0.7
154900	0.7	0	0	0	0	0.7
155000	0.7	0.02	0.02	0	0	0.7
155100	0.7	0.02	0.02	0	0	0.7
155200	0.7	0.02	0.02	0	0	0.7
155300	0.7	0.02	0.02	0	0	0.7
155400	0.7	0.04	0.04	0	0	0.7
155500	0.7	0.05	0.05	0	0	0.7
155600	0.7	0.03	0.03	0	0	0.7
155700	0.7	0.03	0.03	0	0	0.7
155800	0.7	0.03	0.03	0	0	0.7
155900	0.7	0.01	0.01	0	0	0.7
156000	0.7	0.01	0.01	0	0	0.7
156100	0.7	0.01	0.01	0	0	0.7
156200	0.7	0.01	0.01	0	0	0.7
156300	0.7	0.02	0.02	0	0	0.7
156400	0.7	0.02	0.02	0	0	0.7
156500	0.7	0.01	0.01	0	0	0.7
156600	0.7	0.01	0.01	0	0	0.7
156700	0.7	0.01	0.01	0	0	0.7
156800	0.7	0.01	0.01	0	0	0.7
156900	0.7	0.02	0.02	0	0	0.7
157000	0.7	0.02	0.02	0	0	0.7
157100	0.7	0.03	0.03	0	0	0.7
157200	0.7	0.04	0.04	0	0	0.7
157300	0.7	0.02	0.02	0	0	0.7
157400	0.7	0.01	0.01	0	0	0.7
157500	0.69	0	0	0	0	0.69
157600	0.69	0	0	0	0	0.69
157700	0.69	0	0	0	0	0.69
157800	0.69	0.01	0.01	0	0	0.69
157900	0.69	0.01	0.01	0	0	0.69
158000	0.69	0.01	0.01	0	0	0.69
158100	0.69	0.01	0.01	0	0	0.69
158200	0.69	0.01	0.01	0	0	0.69
158300	0.69	0.01	0.01	0	0	0.69
158400	0.69	0.01	0.01	0	0	0.69
158500	0.69	0.01	0.01	0	0	0.69
158600	0.69	0.02	0.02	0	0	0.69
158700	0.69	0.03	0.03	0	0	0.69
158800	0.69	0.03	0.03	0	0	0.69
158900	0.69	0.02	0.02	0	0	0.69
159000	0.69	0.02	0.02	0	0	0.69
159100	0.69	0.02	0.02	0	0	0.69
159200	0.69	0.03	0.03	0	0	0.69
159300	0.7	0.02	0.02	0	0	0.7
159400	0.7	0.01	0.01	0	0	0.7
159500	0.7	0.01	0.01	0	0	0.7
159600	0.7	0.01	0.01	0	0	0.7
159700	0.7	0	0	0	0	0.7
159800	0.7	0	0	0	0	0.7
159900	0.7	0.01	0.01	0	0	0.7
160000	0.7	0.01	0.01	0	0	0.7
160100	0.7	0.02	0.02	0	0	0.7
160200	0.7	0.02	0.02	0	0	0.7
160300	0.7	0.03	0.03	0	0	0.7
160400	0.7	0.03	0.03	0	0	0.7
160500	0.7	0.04	0.04	0	0	0.7
160600	0.7	0.03	0.03	0	0	0.7
160700	0.7	0.04	0.04	0	0	0.7
160800	0.7	0.04	0.04	0	0	0.7
160900	0.7	0.02	0.02	0	0	0.7
161000	0.7	0	0	0	0	0.7
161100	0.7	0.01	0.01	0	0	0.7
161200	0.7	0.02	0.02	0	0	0.7
161300	0.7	0.03	0.03	0	0	0.7
161400	0.7	0.03	0.03	0	0	0.7
161500	0.7	0.03	0.03	0	0	0.7
161600	0.7	0.02	0.02	0	0	0.7
161700	0.7	0.01	0.01	0	0	0.7
161800	0.7	0.01	0.01	0	0	0.7
161900	0.7	0.01	0.01	0	0	0.7
162000	0.7	0.01	0.01	0	0	0.7
162100	0.7	0.01	0.01	0	0	0.7
162200	0.7	0	0	0	0	0.7
162300	0.7	0	0	0	0	0.7
162400	0.7	0	0	0	0	0.7
162500	0.7	0	0	0	0	0.7
162600	0.7	0.01	0.01	0	0	0.7
162700	0.7	0.01	0.01	0	0	0.7
162800	0.7	0.01	0.01	0	0	0.7
162900	0.7	0.02	0.02	0	0	0.7
163000	0.7	0.03	0.03	0	0	0.7
163100	0.7	0.02	0.02	0	0	0.7
163200	0.7	0.03	0.03	0	0	0.7
163300	0.7	0.03	0.03	0	0	0.7
163400	0.7	0.02	0.02	0	0	0.7
163500	0.7	0.02	0.02	0	0	0.7
163600	0.7	0.02	0.02	0	0	0.7
163700	0.7	0.03	0.03	0	0	0.7
163800	0.7	0.04	0.04	0	0	0.7
163900	0.7	0.03	0.03	0	0	0.7
164000	0.7	0.03	0.03	0	0	0.7
164100	0.7	0.02	0.02	0	0	0.7
164200	0.7	0	0	0	0	0.7
164300	0.7	0	0	0	0	0.7
164400	0.7	0	0	0	0	0.7
164500	0.7	0	0	0	0	0.7
164600	0.7	0	0	0	0	0.7
164700	0.7	0.01	0.01	0	0	0.7
164800	0.7	0.01	0.01	0	0	0.7
164900	0.7	0.02	0.02	0	0	0.7
165000	0.7	0.02	0.02	0	0	0.7
165100	0.7	0.03	0.03	0	0	0.7
165200	0.7	0.04	0.04	0	0	0.7
165300	0.7	0.05	0.05	0	0	0.7
165400	0.7	0.05	0.05	0	0	0.7
165500	0.7	0.03	0.03	0	0	0.7
165600	0.7	0.02	0.02	0	0	0.7
165700	0.7	0.02	0.02	0	0	0.7
165800	0.7	0.01	0.01	0	0	0.7
165900	0.7	0	0	0	0	0.7
166000	0.7	0.02	0.02	0	0	0.7
166100	0.7	0.02	0.02	0	0	0.7
166200	0.7	0.02	0.02	0	0	0.7
166300	0.7	0.03	0.03	0	0	0.7
166400	0.7	0.04	0.04	0	0	0.7
166500	0.7	0.02	0.02	0	0	0.7
166600	0.7	0.03	0.03	0	0	0.7
166700	0.7	0.04	0.04	0	0	0.7
166800	0.7	0.03	0.03	0	0	0.7
166900	0.7	0.02	0.02	0	0	0.7
167000	0.7	0.02	0.02	0	0	0.7
167100	0.7	0.03	0.03	0	0	0.7
167200	0.7	0.02	0.02	0	0	0.7
167300	0.7	0.02	0.02	0	0	0.7
167400	0.7	0.02	0.02	0	0	0.7
167500	0.7	0.02	0.02	0	0	0.7
167600	0.7	0.01	0.01	0	0	0.7
167700	0.7	0.03	0.03	0	0	0.7
167800	0.7	0.03	0.03	0	0	0.7
167900	0.7	0.03	0.03	0	0	0.7
168000	0.7	0.03	0.03	0	0	0.7
168100	0.7	0.02	0.02	0	0	0.7
168200	0.7	0.01	0.01	0	0	0.7
168300	0.7	0.01	0.01	0	0	0.7
168400	0.7	0.01	0.01	0	0	0.7
168500	0.7	0.01	0.01	0	0	0.7
168600	0.7	0	0	0	0	0.7
168700	0.7	0.01	0.01	0	0	0.7
168800	0.7	0	0	0	0	0.7
168900	0.7	0	0	0	0	0.7
169000	0.7	0.01	0.01	0	0	0.7
169100	0.7	0.01	0.01	0	0	0.7
169200	0.7	0.02	0.02	0	0	0.7
169300	0.7	0.02	0.02	0	0	0.7
169400	0.7	0.02	0.02	0	0	0.7
169500	0.7	0	0	0	0	0.7
169600	0.7	0.02	0.02	0	0	0.7
169700	0.7	0.03	0.03	0	0	0.7
169800	0.7	0.04	0.04	0	0	0.7
169900	0.7	0.04	0.04	0	0	0.7
170000	0.7	0.02	0.02	0	0	0.7
170100	0.7	0.01	0.01	0	0	0.7
170200	0.7	0.01	0.01	0	0	0.7
170300	0.7	0.02	0.02	0	0	0.7
170400	0.7	0.02	0.02	0	0	0.7
170500	0.7	0.02	0.02	0	0	0.7
170600	0.7	0.02	0.02	0	0	0.7
170700	0.7	0.01	0.01	0	0	0.7
170800	0.7	0	0	0	0	0.7
170900	0.7	0	0	0	0	0.7
171000	0.7	0.01	0.01	0	0	0.7
171100	0.7	0.01	0.01	0	0	0.7
171200	0.7	0.01	0.01	0	0	0.7
171300	0.7	0.01	0.01	0	0	0.7
171400	0.7	0.02	0.02	0	0	0.7
171500	0.7	0.03	0.03	0	0	0.7
171600	0.7	0.02	0.02	0	0	0.7
171700	0.7	0.02	0.02	0	0	0.7
171800	0.7	0.01	0.01	0	0	0.7
171900	0.7	0.01	0.01	0	0	0.7
172000	0.7	0.03	0.03	0	0	0.7
172100	0.7	0.03	0.03	0	0	0.7
172200	0.7	0.03	0.03	0	0	0.7
172300	0.7	0.04	0.04	0	0	0.7
172400	0.7	0.03	0.03	0	0	0.7
172500	0.7	0.02	0.02	0	0	0.7
172600	0.7	0.01	0.01	0	0	0.7
172700	0.7	0.01	0.01	0	0	0.7
172800	0.7	0.03	0.03	0	0	0.7
172900	0.7	0.03	0.03	0	0	0.7
173000	0.7	0.05	0.05	0	0	0.7
173100	0.7	0.04	0.04	0	0	0.7
173200	0.7	0.04	0.04	0	0	0.7
173300	0.7	0.04	0.04	0	0	0.7
173400	0.7	0.03	0.03	0	0	0.7
173500	0.7	0.02	0.02	0	0	0.7
173600	0.7	0.02	0.02	0	0	0.7
173700	0.7	0.01	0.01	0	0	0.7
173800	0.7	0.02	0.02	0	0	0.7
173900	0.7	0.02	0.02	0	0	0.7
174000	0.7	0.03	0.03	0	0	0.7
174100	0.7	0.03	0.03	0	0	0.7
174200	0.7	0.02	0.02	0	0	0.7
174300	0.7	0.04	0.04	0	0	0.7
174400	0.7	0.04	0.04	0	0	0.7
174500	0.7	0.02	0.02	0	0	0.7
174600	0.7	0.01	0.01	0	0	0.7
174700	0.7	0.01	0.01	0	0	0.7
174800	0.7	0.01	0.01	0	0	0.7
174900	0.7	0	0	0	0	0.7
175000	0.7	0	0	0	0	0.7
175100	0.7	0.01	0.01	0	0	0.7
175200	0.7	0	0	0	0	0.7
175300	0.7	0	0	0	0	0.7
175400	0.7	0.01	0.01	0	0	0.7
175500	0.7	0.01	0.01	0	0	0.7
175600	0.7	0.02	0.02	0	0	0.7
175700	0.7	0.02	0.02	0	0	0.7
175800	0.7	0.02	0.02	0	0	0.7
175900	0.7	0.02	0.02	0	0	0.7
176000	0.7	0.01	0.01	0	0	0.7
176100	0.7	0.01	0.01	0	0	0.7
176200	0.7	0.01	0.01	0	0	0.7
176300	0.7	0.01	0.01	0	0	0.7
176400	0.7	0.01	0.01	0	0	0.7
176500	0.7	0.02	0.02	0	0	0.7
176600	0.7	0.02	0.02	0	0	0.7
176700	0.7	0.02	0.02	0	0	0.7
176800	0.7	0.01	0.01	0	0	0.7
176900	0.7	0.01	0.01	0	0	0.7
177000	0.7	0.01	0.01	0	0	0.7
177100	0.7	0.03	0.03	0	0	0.7
177200	0.7	0.03	0.03	0	0	0.7
177300	0.7	0.03	0.03	0	0	0.7
177400	0.7	0.03	0.03	0	0	0.7
177500	0.7	0.03	0.03	0	0	0.7
177600	0.7	0.03	0.03	0	0	0.7
177700	0.7	0.03	0.03	0	0	0.7
177800	0.7	0.03	0.03	0	0	0.7
177900	0.7	0.03	0.03	0	0	0.7
178000	0.7	0.03	0.03	0	0	0.7
178100	0.7	0.02	0.02	0	0	0.7
178200	0.7	0.04	0.04	0	0	0.7
178300	0.7	0.04	0.04	0	0	0.7
178400	0.7	0.03	0.03	0	0	0.7
178500	0.7	0.03	0.03	0	0	0.7
178600	0.7	0.03	0.03	0	0	0.7
178700	0.7	0.03	0.03	0	0	0.7
178800	0.7	0	0	0	0	0.7
178900	0.7	0	0	0	0	0.7
179000	0.7	0	0	0	0	0.7
179100	0.7	0	0	0	0	0.7
179200	0.7	0	0	0	0	0.7
179300	0.7	0	0	0	0	0.7
179400	0.7	0	0	0	0	0.7
179500	0.7	0	0	0	0	0.7
179600	0.7	0	0	0	0	0.7
179700	0.7	0.02	0.02	0	0	0.7
179800	0.7	0.03	0.03	0	0	0.7
179900	0.7	0.03	0.03	0	0	0.7
180000	0.7	0.04	0.04	0	0	0.7
180100	0.7	0.04	0.04	0	0	0.7
180200	0.7	0.02	0.02	0	0	0.7
180300	0.7	0.01	0.01	0	0	0.7
180400	0.7	0.02	0.02	0	0	0.7
180500	0.7	0.02	0.02	0	0	0.7
180600	0.7	0.04	0.04	0	0	0.7
180700	0.7	0.03	0.03	0	0	0.7
180800	0.7	0.02	0.02	0	0	0.7
180900	0.7	0.03	0.03	0	0	0.7
181000	0.7	0.03	0.03	0	0	0.7
181100	0.7	0.03	0.03	0	0	0.7
181200	0.7	0.02	0.02	0	0	0.7
181300	0.7	0.02	0.02	0	0	0.7
181400	0.7	0.02	0.02	0	0	0.7
181500	0.7	0.02	0.02	0	0	0.7
181600	0.7	0.01	0.01	0	0	0.7
181700	0.7	0.01	0.01	0	0	0.7
181800	0.7	0	0	0	0	0.7
181900	0.7	0.01	0.01	0	0	0.7
182000	0.7	0	0	0	0	0.7
182100	0.7	0	0	0	0	0.7
182200	0.7	0	0	0	0	0.7
182300	0.7	0	0	0	0	0.7
182400	0.7	0	0	0	0	0.7
182500	0.7	0.01	0.01	0	0	0.7
182600	0.7	0.01	0.01	0	0	0.7
182700	0.7	0.01	0.01	0	0	0.7
182800	0.7	0.03	0.03	0	0	0.7
182900	0.7	0.03	0.03	0	0	0.7
183000	0.7	0.05	0.05	0	0	0.7
183100	0.7	0.03	0.03	0	0	0.7
183200	0.7	0.03	0.03	0	0	0.7
183300	0.7	0.02	0.02	0	0	0.7
183400	0.7	0.02	0.02	0	0	0.7
183500	0.7	0.02	0.02	0	0	0.7
183600	0.7	0.01	0.01	0	0	0.7
183700	0.7	0.01	0.01	0	0	0.7
183800	0.7	0.01	0.01	0	0	0.7
183900	0.7	0.02	0.02	0	0	0.7
184000	0.7	0.03	0.03	0	0	0.7
184100	0.7	0.02	0.02	0	0	0.7
184200	0.7	0.03	0.03	0	0	0.7
184300	0.7	0.03	0.03	0	0	0.7
184400	0.7	0.03	0.03	0	0	0.7
184500	0.7	0.01	0.01	0	0	0.7
184600	0.7	0.01	0.01	0	0	0.7
184700	0.7	0.01	0.01	0	0	0.7
184800	0.7	0	0	0	0	0.7
184900	0.7	0	0	0	0	0.7
185000	0.7	0	0	0	0	0.7
185100	0.7	0	0	0	0	0.7
185200	0.7	0	0	0	0	0.7
185300	0.7	0	0	0	0	0.7
185400	0.7	0	0	0	0	0.7
185500	0.7	0.01	0.01	0	0	0.7
185600	0.7	0.01	0.01	0	0	0.7
185700	0.7	0.03	0.03	0	0	0.7
185800	0.7	0.02	0.02	0	0	0.7
185900	0.7	0.03	0.03	0	0	0.7
186000	0.7	0.03	0.03	0	0	0.7
186100	0.7	0.02	0.02	0	0	0.7
186200	0.7	0.02	0.02	0	0	0.7
186300	0.7	0.02	0.02	0	0	0.7
186400	0.7	0.01	0.01	0	0	0.7
186500	0.7	0.01	0.01	0	0	0.7
186600	0.7	0.02	0.02	0	0	0.7
186700	0.7	0.02	0.02	0	0	0.7
186800	0.7	0.01	0.01	0	0	0.7
186900	0.7	0.02	0.02	0	0	0.7
187000	0.7	0.02	0.02	0	0	0.7
187100	0.7	0.01	0.01	0	0	0.7
187200	0.7	0	0	0	0	0.7
187300	0.7	0.01	0.01	0	0	0.7
187400	0.7	0.01	0.01	0	0	0.7
187500	0.7	0.01	0.01	0	0	0.7
187600	0.7	0.01	0.01	0	0	0.7
187700	0.7	0.01	0.01	0	0	0.7
187800	0.7	0.01	0.01	0	0	0.7
187900	0.7	0	0	0	0	0.7
188000	0.7	0	0	0	0	0.7
188100	0.7	0	0	0	0	0.7
188200	0.7	0	0	0	0	0.7
188300	0.7	0	0	0	0	0.7
188400	0.7	0	0	0	0	0.7
188500	0.7	0.01	0.01	0	0	0.7
188600	0.7	0.01	0.01	0	0	0.7
188700	0.7	0.02	0.02	0	0	0.7
188800	0.7	0.03	0.03	0	0	0.7
188900	0.7	0.04	0.04	0	0	0.7
189000	0.7	0.04	0.04	0	0	0.7
189100	0.7	0.02	0.02	0	0	0.7
189200	0.7	0.02	0.02	0	0	0.7
189300	0.7	0.02	0.02	0	0	0.7
189400	0.7	0.03	0.03	0	0	0.7
189500	0.7	0.04	0.04	0	0	0.7
189600	0.7	0.04	0.04	0	0	0.7
189700	0.7	0.03	0.03	0	0	0.7
189800	0.7	0.03	0.03	0	0	0.7
189900	0.7	0.01	0.01	0	0	0.7
190000	0.7	0.01	0.01	0	0	0.7
190100	0.7	0.02	0.02	0	0	0.7
190200	0.7	0.02	0.02	0	0	0.7
190300	0.7	0.02	0.02	0	0	0.7
190400	0.7	0.01	0.01	0	0	0.7
190500	0.7	0.01	0.01	0	0	0.7
190600	0.7	0.01	0.01	0	0	0.7
190700	0.7	0	0	0	0	0.7
190800	0.7	0	0	0	0	0.7
190900	0.7	0	0	0	0	0.7
191000	0.7	0	0	0	0	0.7
191100	0.7	0.02	0.02	0	0	0.7
191200	0.7	0.03	0.03	0	0	0.7
191300	0.7	0.03	0.03	0	0	0.7
191400	0.7	0.03	0.03	0	0	0.7
191500	0.7	0.03	0.03	0	0	0.7
191600	0.7	0.02	0.02	0	0	0.7
191700	0.7	0	0	0	0	0.7
191800	0.7	0.01	0.01	0	0	0.7
191900	0.7	0.01	0.01	0	0	0.7
192000	0.7	0.01	0.01	0	0	0.7
192100	0.7	0.01	0.01	0	0	0.7
192200	0.7	0.01	0.01	0	0	0.7
192300	0.7	0.02	0.02	0	0	0.7
192400	0.7	0.01	0.01	0	0	0.7
192500	0.7	0.03	0.03	0	0	0.7
192600	0.7	0.01	0.01	0	0	0.7
192700	0.7	0.01	0.01	0	0	0.7
192800	0.7	0.01	0.01	0	0	0.7
192900	0.7	0	0	0	0	0.7
193000	0.7	0.02	0.02	0	0	0.7
193100	0.7	0.02	0.02	0	0	0.7
193200	0.7	0.03	0.03	0	0	0.7
193300	0.7	0.03	0.03	0	0	0.7
193400	0.7	0.03	0.03	0	0	0.7
193500	0.7	0.03	0.03	0	0	0.7
193600	0.7	0.01	0.01	0	0	0.7
193700	0.7	0.01	0.01	0	0	0.7
193800	0.7	0.01	0.01	0	0	0.7
193900	0.7	0.01	0.01	0	0	0.7
194000	0.7	0	0	0	0	0.7
194100	0.7	0	0	0	0	0.7
194200	0.7	0.03	0.03	0	0	0.7
194300	0.7	0.02	0.02	0	0	0.7
194400	0.7	0.02	0.02	0	0	0.7
194500	0.7	0.02	0.02	0	0	0.7
194600	0.7	0.03	0.03	0	0	0.7
194700	0.7	0.02	0.02	0	0	0.7
194800	0.7	0.02	0.02	0	0	0.7
194900	0.7	0.02	0.02	0	0	0.7
195000	0.7	0.02	0.02	0	0	0.7
195100	0.7	0.02	0.02	0	0	0.7
195200	0.7	0.02	0.02	0	0	0.7
195300	0.7	0	0	0	0	0.7
195400	0.7	0	0	0	0	0.7
195500	0.7	0	0	0	0	0.7
195600	0.7	0	0	0	0	0.7
195700	0.7	0.01	0.01	0	0	0.7
195800	0.7	0.01	0.01	0	0	0.7
195900	0.7	0.01	0.01	0	0	0.7
196000	0.7	0.01	0.01	0	0	0.7
196100	0.7	0.03	0.03	0	0	0.7
196200	0.7	0	0	0	0	0.7
196300	0.7	0	0	0	0	0.7
196400	0.7	0	0	0	0	0.7
196500	0.7	0	0	0	0	0.7
196600	0.7	0	0	0	0	0.7
196700	0.7	0	0	0	0	0.7
196800	0.7	0	0	0	0	0.7
196900	0.7	0	0	0	0	0.7
197000	0.7	0	0	0	0	0.7
197100	0.7	0	0	0	0	0.7
197200	0.7	0	0	0	0	0.7
197300	0.7	0	0	0	0	0.7
197400	0.7	0	0	0	0	0.7
197500	0.7	0.01	0.01	0	0	0.7
197600	0.7	0.01	0.01	0	0	0.7
197700	0.7	0.02	0.02	0	0	0.7
197800	0.7	0.02	0.02	0	0	0.7
197900	0.7	0.02	0.02	0	0	0.7
198000	0.7	0.04	0.04	0	0	0.7
198100	0.7	0.01	0.01	0	0	0.7
198200	0.7	0.01	0.01	0	0	0.7
198300	0.7	0.01	0.01	0	0	0.7
198400	0.7	0.01	0.01	0	0	0.7
198500	0.7	0.02	0.02	0	0	0.7
198600	0.7	0.02	0.02	0	0	0.7
198700	0.7	0.02	0.02	0	0	0.7
198800	0.7	0.02	0.02	0	0	0.7
198900	0.7	0.02	0.02	0	0	0.7
199000	0.7	0.01	0.01	0	0	0.7
199100	0.7	0.02	0.02	0	0	0.7
199200	0.7	0.02	0.02	0	0	0.7
199300	0.7	0.02	0.02	0	0	0.7
199400	0.7	0.02	0.02	0	0	0.7
199500	0.7	0.01	0.01	0	0	0.7
199600	0.7	0	0	0	0	0.7
199700	0.7	0.02	0.02	0	0	0.7
199800	0.7	0.02	0.02	0	0	0.7
199900	0.7	0.02	0.02	0	0	0.7
200000	0.7	0.02	0.02	0	0	0.7
200100	0.7	0.02	0.02	0	0	0.7
200200	0.7	0.01	0.01	0	0	0.7
200300	0.7	0.01	0.01	0	0	0.7
200400	0.7	0	0	0	0	0.7
200500	0.7	0.01	0.01	0	0	0.7
200600	0.7	0.01	0.01	0	0	0.7
200700	0.7	0.02	0.02	0	0	0.7
200800	0.7	0.02	0.02	0	0	0.7
200900	0.7	0.02	0.02	0	0	0.7
201000	0.7	0.02	0.02	0	0	0.7
201100	0.7	0.03	0.03	0	0	0.7
201200	0.7	0.03	0.03	0	0	0.7
201300	0.7	0.03	0.03	0	0	0.7
201400	0.7	0.01	0.01	0	0	0.7
201500	0.7	0.01	0.01	0	0	0.7
201600	0.7	0	0	0	0	0.7
201700	0.7	0	0	0	0	0.7
201800	0.7	0.01	0.01	0	0	0.7
201900	0.7	0.01	0.01	0	0	0.7
202000	0.7	0.03	0.03	0	0	0.7
202100	0.7	0.04	0.04	0	0	0.7
202200	0.7	0.04	0.04	0	0	0.7
202300	0.7	0.03	0.03	0	0	0.7
202400	0.7	0	0	0	0	0.7
202500	0.7	0	0	0	0	0.7
202600	0.7	0.01	0.01	0	0	0.7
202700	0.7	0.03	0.03	0	0	0.7
202800	0.7	0.03	0.03	0	0	0.7
202900	0.7	0.03	0.03	0	0	0.7
203000	0.7	0.02	0.02	0	0	0.7
203100	0.7	0.03	0.03	0	0	0.7
203200	0.7	0.03	0.03	0	0	0.7
203300	0.7	0.01	0.01	0	0	0.7
203400	0.7	0.01	0.01	0	0	0.7
203500	0.7	0.01	0.01	0	0	0.7
203600	0.7	0.02	0.02	0	0	0.7
203700	0.7	0.01	0.01	0	0	0.7
203800	0.7	0.01	0.01	0	0	0.7
203900	0.7	0.01	0.01	0	0	0.7
204000	0.7	0.01	0.01	0	0	0.7
204100	0.7	0.02	0.02	0	0	0.7
204200	0.7	0.02	0.02	0	0	0.7
204300	0.7	0.02	0.02	0	0	0.7
204400	0.7	0.01	0.01	0	0	0.7
204500	0.7	0.01	0.01	0	0	0.7
204600	0.7	0.02	0.02	0	0	0.7
204700	0.7	0.01	0.01	0	0	0.7
204800	0.7	0.01	0.01	0	0	0.7
204900	0.7	0	0	0	0	0.7
205000	0.7	0.01	0.01	0	0	0.7
205100	0.7	0.01	0.01	0	0	0.7
205200	0.7	0	0	0	0	0.7
205300	0.7	0	0	0	0	0.7
205400	0.7	0	0	0	0	0.7
205500	0.7	0.02	0.02	0	0	0.7
205600	0.7	0.02	0.02	0	0	0.7
205700	0.71	0.02	0.02	0	0	0.71
205800	0.7	0.02	0.02	0	0	0.7
205900	0.7	0.01	0.01	0	0	0.7
206000	0.7	0.01	0.01	0	0	0.7
206100	0.7	0.01	0.01	0	0	0.7
206200	0.7	0.01	0.01	0	0	0.7
206300	0.7	0.03	0.03	0	0	0.7
206400	0.7	0.04	0.04	0	0	0.7
206500	0.7	0.02	0.02	0	0	0.7
206600	0.7	0.03	0.03	0	0	0.7
206700	0.7	0.03	0.03	0	0	0.7
206800	0.7	0.02	0.02	0	0	0.7
206900	0.7	0.01	0.01	0	0	0.7
207000	0.7	0.01	0.01	0	0	0.7
207100	0.7	0.02	0.02	0	0	0.7
207200	0.7	0.01	0.01	0	0	0.7
207300	0.7	0.02	0.02	0	0	0.7
207400	0.7	0.02	0.02	0	0	0.7
207500	0.7	0.03	0.03	0	0	0.7
207600	0.7	0.02	0.02	0	0	0.7
207700	0.7	0.01	0.01	0	0	0.7
207800	0.7	0.03	0.03	0	0	0.7
207900	0.7	0.03	0.03	0	0	0.7
208000	0.7	0.03	0.03	0	0	0.7
208100	0.7	0.03	0.03	0	0	0.7
208200	0.7	0.03	0.03	0	0	0.7
208300	0.7	0.01	0.01	0	0	0.7
208400	0.7	0.01	0.01	0	0	0.7
208500	0.7	0.01	0.01	0	0	0.7
208600	0.7	0.02	0.02	0	0	0.7
208700	0.7	0.03	0.03	0	0	0.7
208800	0.7	0.02	0.02	0	0	0.7
208900	0.7	0	0	0	0	0.7
209000	0.7	0	0	0	0	0.7
209100	0.7	0	0	0	0	0.7
209200	0.7	0	0	0	0	0.7
209300	0.7	0.01	0.01	0	0	0.7
209400	0.7	0.02	0.02	0	0	0.7
209500	0.7	0.03	0.03	0	0	0.7
209600	0.7	0.03	0.03	0	0	0.7
209700	0.7	0.02	0.02	0	0	0.7
209800	0.7	0.01	0.01	0	0	0.7
209900	0.7	0.01	0.01	0	0	0.7
210000	0.7	0.01	0.01	0	0	0.7
210100	0.7	0.01	0.01	0	0	0.7
210200	0.7	0.01	0.01	0	0	0.7
210300	0.7	0.03	0.03	0	0	0.7
210400	0.7	0.02	0.02	0	0	0.7
210500	0.7	0.01	0.01	0	0	0.7
210600	0.7	0	0	0	0	0.7
210700	0.7	0	0	0	0	0.7
210800	0.7	0	0	0	0	0.7
210900	0.7	0	0	0	0	0.7
211000	0.7	0.01	0.01	0	0	0.7
211100	0.7	0.01	0.01	0	0	0.7
211200	0.7	0.02	0.02	0	0	0.7
211300	0.7	0.03	0.03	0	0	0.7
211400	0.7	0.03	0.03	0	0	0.7
211500	0.7	0.02	0.02	0	0	0.7
211600	0.7	0.03	0.03	0	0	0.7
211700	0.7	0.04	0.04	0	0	0.7
211800	0.7	0.03	0.03	0	0	0.7
211900	0.7	0.01	0.01	0	0	0.7
212000	0.7	0.01	0.01	0	0	0.7
212100	0.7	0.01	0.01	0	0	0.7
212200	0.7	0.02	0.02	0	0	0.7
212300	0.7	0.03	0.03	0	0	0.7
212400	0.7	0.03	0.03	0	0	0.7
212500	0.7	0.03	0.03	0	0	0.7
212600	0.7	0.02	0.02	0	0	0.7
212700	0.7	0.02	0.02	0	0	0.7
212800	0.7	0.03	0.03	0	0	0.7
212900	0.7	0.03	0.03	0	0	0.7
213000	0.7	0.02	0.02	0	0	0.7
213100	0.7	0.01	0.01	0	0	0.7
213200	0.7	0.02	0.02	0	0	0.7
213300	0.7	0.01	0.01	0	0	0.7
213400	0.7	0.02	0.02	0	0	0.7
213500	0.7	0.03	0.03	0	0	0.7
213600	0.7	0.03	0.03	0	0	0.7
213700	0.7	0.02	0.02	0	0	0.7
213800	0.7	0.02	0.02	0	0	0.7
213900	0.7	0.01	0.01	0	0	0.7
214000	0.7	0.02	0.02	0	0	0.7
214100	0.7	0.02	0.02	0	0	0.7
214200	0.7	0.03	0.03	0	0	0.7
214300	0.7	0.05	0.05	0	0	0.7
214400	0.7	0.06	0.06	0	0	0.7
214500	0.7	0.05	0.05	0	0	0.7
214600	0.7	0.04	0.04	0	0	0.7
214700	0.7	0.04	0.04	0	0	0.7
214800	0.7	0.01	0.01	0	0	0.7
214900	0.7	0.01	0.01	0	0	0.7
215000	0.7	0.02	0.02	0	0	0.7
215100	0.7	0.03	0.03	0	0	0.7
215200	0.7	0.04	0.04	0	0	0.7
215300	0.7	0.04	0.04	0	0	0.7
215400	0.7	0.03	0.03	0	0	0.7
215500	0.7	0.02	0.02	0	0	0.7
215600	0.7	0.02	0.02	0	0	0.7
215700	0.7	0.01	0.01	0	0	0.7
215800	0.7	0.01	0.01	0	0	0.7
215900	0.7	0	0	0	0	0.7
216000	0.7	0	0	0	0	0.7
216100	0.7	0.01	0.01	0	0	0.7
216200	0.7	0.01	0.01	0	0	0.7
216300	0.7	0.01	0.01	0	0	0.7
216400	0.7	0.01	0.01	0	0	0.7
216500	0.7	0.03	0.03	0	0	0.7
216600	0.7	0.02	0.02	0	0	0.7
216700	0.7	0.02	0.02	0	0	0.7
216800	0.7	0.02	0.02	0	0	0.7
216900	0.7	0.01	0.01	0	0	0.7
217000	0.7	0.01	0.01	0	0	0.7
217100	0.7	0.03	0.03	0	0	0.7
217200	0.7	0.03	0.03	0	0	0.7
217300	0.7	0.03	0.03	0	0	0.7
217400	0.7	0.02	0.02	0	0	0.7
217500	0.7	0.01	0.01	0	0	0.7
217600	0.7	0	0	0	0	0.7
217700	0.7	0.01	0.01	0	0	0.7
217800	0.7	0.01	0.01	0	0	0.7
217900	0.7	0	0	0	0	0.7
218000	0.7	0	0	0	0	0.7
218100	0.7	0.03	0.03	0	0	0.7
218200	0.7	0.03	0.03	0	0	0.7
218300	0.7	0.03	0.03	0	0	0.7
218400	0.7	0.02	0.02	0	0	0.7
218500	0.7	0.01	0.01	0	0	0.7
218600	0.7	0	0	0	0	0.7
218700	0.7	0	0	0	0	0.7
218800	0.7	0	0	0	0	0.7
218900	0.7	0.01	0.01	0	0	0.7
219000	0.7	0.02	0.02	0	0	0.7
219100	0.7	0.02	0.02	0	0	0.7
219200	0.7	0.02	0.02	0	0	0.7
219300	0.7	0	0	0	0	0.7
219400	0.7	0	0	0	0	0.7
219500	0.7	0.01	0.01	0	0	0.7
219600	0.7	0.01	0.01	0	0	0.7
219700	0.7	0	0	0	0	0.7
219800	0.7	0	0	0	0	0.7
219900	0.7	0	0	0	0	0.7
220000	0.7	0	0	0	0	0.7
220100	0.7	0.01	0.01	0	0	0.7
220200	0.7	0.01	0.01	0	0	0.7
220300	0.7	0.01	0.01	0	0	0.7
220400	0.7	0.01	0.01	0	0	0.7
220500	0.7	0.01	0.01	0	0	0.7
220600	0.7	0	0	0	0	0.7
220700	0.7	0	0	0	0	0.7
220800	0.7	0	0	0	0	0.7
220900	0.7	0	0	0	0	0.7
221000	0.7	0	0	0	0	0.7
221100	0.7	0	0	0	0	0.7
221200	0.7	0	0	0	0	0.7
221300	0.7	0	0	0	0	0.7
221400	0.7	0.01	0.01	0	0	0.7
221500	0.7	0.03	0.03	0	0	0.7
221600	0.7	0.03	0.03	0	0	0.7
221700	0.7	0.03	0.03	0	0	0.7
221800	0.7	0.03	0.03	0	0	0.7
221900	0.7	0.01	0.01	0	0	0.7
222000	0.7	0.01	0.01	0	0	0.7
222100	0.7	0.02	0.02	0	0	0.7
222200	0.7	0.03	0.03	0	0	0.7
222300	0.7	0.02	0.02	0	0	0.7
222400	0.7	0	0	0	0	0.7
222500	0.7	0	0	0	0	0.7
222600	0.7	0.01	0.01	0	0	0.7
222700	0.7	0.01	0.01	0	0	0.7
222800	0.7	0.01	0.01	0	0	0.7
222900	0.7	0.02	0.02	0	0	0.7
223000	0.7	0	0	0	0	0.7
223100	0.7	0	0	0	0	0.7
223200	0.7	0.01	0.01	0	0	0.7
223300	0.7	0.02	0.02	0	0	0.7
223400	0.7	0	0	0	0	0.7
223500	0.7	0	0	0	0	0.7
223600	0.7	0.01	0.01	0	0	0.7
223700	0.7	0.01	0.01	0	0	0.7
223800	0.7	0.02	0.02	0	0	0.7
223900	0.7	0.02	0.02	0	0	0.7
224000	0.7	0.02	0.02	0	0	0.7
224100	0.7	0.01	0.01	0	0	0.7
224200	0.7	0.04	0.04	0	0	0.7
224300	0.7	0.03	0.03	0	0	0.7
224400	0.7	0.03	0.03	0	0	0.7
224500	0.7	0.03	0.03	0	0	0.7
224600	0.7	0.04	0.04	0	0	0.7
224700	0.7	0.02	0.02	0	0	0.7
224800	0.7	0.01	0.01	0	0	0.7
224900	0.7	0	0	0	0	0.7
225000	0.7	0	0	0	0	0.7
225100	0.7	0	0	0	0	0.7
225200	0.7	0	0	0	0	0.7
225300	0.7	0	0	0	0	0.7
225400	0.7	0	0	0	0	0.7
225500	0.7	0	0	0	0	0.7
225600	0.7	0.01	0.01	0	0	0.7
225700	0.7	0.01	0.01	0	0	0.7
225800	0.7	0.02	0.02	0	0	0.7
225900	0.7	0.03	0.03	0	0	0.7
226000	0.7	0.04	0.04	0	0	0.7
226100	0.7	0.04	0.04	0	0	0.7
226200	0.7	0.03	0.03	0	0	0.7
226300	0.7	0.03	0.03	0	0	0.7
226400	0.7	0.01	0.01	0	0	0.7
226500	0.7	0.04	0.04	0	0	0.7
226600	0.7	0.04	0.04	0	0	0.7
226700	0.7	0.02	0.02	0	0	0.7
226800	0.7	0.02	0.02	0	0	0.7
226900	0.7	0.02	0.02	0	0	0.7
227000	0.7	0.03	0.03	0	0	0.7
227100	0.7	0.04	0.04	0	0	0.7
227200	0.7	0.04	0.04	0	0	0.7
227300	0.7	0.03	0.03	0	0	0.7
227400	0.7	0.03	0.03	0	0	0.7
227500	0.7	0.02	0.02	0	0	0.7
227600	0.7	0.02	0.02	0	0	0.7
227700	0.7	0.01	0.01	0	0	0.7
227800	0.7	0.01	0.01	0	0	0.7
227900	0.7	0.01	0.01	0	0	0.7
228000	0.7	0	0	0	0	0.7
228100	0.7	0.01	0.01	0	0	0.7
228200	0.7	0.01	0.01	0	0	0.7
228300	0.7	0.01	0.01	0	0	0.7
228400	0.7	0.01	0.01	0	0	0.7
228500	0.7	0.01	0.01	0	0	0.7
228600	0.7	0.01	0.01	0	0	0.7
228700	0.7	0.01	0.01	0	0	0.7
228800	0.7	0.01	0.01	0	0	0.7
228900	0.7	0.03	0.03	0	0	0.7
229000	0.7	0.03	0.03	0	0	0.7
229100	0.7	0.03	0.03	0	0	0.7
229200	0.7	0.04	0.04	0	0	0.7
229300	0.7	0.03	0.03	0	0	0.7
229400	0.7	0.02	0.02	0	0	0.7
229500	0.7	0.02	0.02	0	0	0.7
229600	0.7	0.01	0.01	0	0	0.7
229700	0.7	0.02	0.02	0	0	0.7
229800	0.7	0.02	0.02	0	0	0.7
229900	0.7	0.02	0.02	0	0	0.7
230000	0.7	0.02	0.02	0	0	0.7
230100	0.7	0.01	0.01	0	0	0.7
230200	0.7	0.01	0.01	0	0	0.7
230300	0.7	0	0	0	0	0.7
230400	0.7	0	0	0	0	0.7
230500	0.7	0	0	0	0	0.7
230600	0.7	0.01	0.01	0	0	0.7
230700	0.7	0.02	0.02	0	0	0.7
230800	0.7	0.03	0.03	0	0	0.7
230900	0.7	0.02	0.02	0	0	0.7
231000	0.7	0.02	0.02	0	0	0.7
231100	0.7	0.02	0.02	0	0	0.7
231200	0.7	0.03	0.03	0	0	0.7
231300	0.7	0.02	0.02	0	0	0.7
231400	0.7	0.01	0.01	0	0	0.7
231500	0.7	0.01	0.01	0	0	0.7
231600	0.7	0.01	0.01	0	0	0.7
231700	0.7	0	0	0	0	0.7
231800	0.7	0	0	0	0	0.7
231900	0.7	0	0	0	0	0.7
232000	0.7	0.01	0.01	0	0	0.7
232100	0.7	0.01	0.01	0	0	0.7
232200	0.7	0.01	0.01	0	0	0.7
232300	0.7	0.01	0.01	0	0	0.7
232400	0.7	0.01	0.01	0	0	0.7
232500	0.7	0.01	0.01	0	0	0.7
232600	0.7	0.01	0.01	0	0	0.7
232700	0.7	0.01	0.01	0	0	0.7
232800	0.7	0.01	0.01	0	0	0.7
232900	0.7	0.01	0.01	0	0	0.7
233000	0.7	0.01	0.01	0	0	0.7
233100	0.7	0.01	0.01	0	0	0.7
233200	0.7	0.01	0.01	0	0	0.7
233300	0.7	0	0	0	0	0.7
233400	0.7	0	0	0	0	0.7
233500	0.7	0.02	0.02	0	0	0.7
233600	0.7	0.03	0.03	0	0	0.7
233700	0.7	0.05	0.05	0	0	0.7
233800	0.7	0.04	0.04	0	0	0.7
233900	0.7	0.05	0.05	0	0	0.7
234000	0.7	0.03	0.03	0	0	0.7
234100	0.7	0.02	0.02	0	0	0.7
234200	0.7	0	0	0	0	0.7
234300	0.7	0	0	0	0	0.7
234400	0.7	0	0	0	0	0.7
234500	0.7	0	0	0	0	0.7
234600	0.7	0.01	0.01	0	0	0.7
234700	0.7	0.03	0.03	0	0	0.7
234800	0.7	0.01	0.01	0	0	0.7
234900	0.7	0	0	0	0	0.7
235000	0.7	0	0	0	0	0.7
235100	0.7	0	0	0	0	0.7
235200	0.7	0.01	0.01	0	0	0.7
235300	0.7	0.01	0.01	0	0	0.7
235400	0.7	0.01	0.01	0	0	0.7
235500	0.7	0.01	0.01	0	0	0.7
235600	0.7	0.01	0.01	0	0	0.7
235700	0.7	0	0	0	0	0.7
235800	0.7	0	0	0	0	0.7
235900	0.7	0	0	0	0	0.7
236000	0.7	0	0	0	0	0.7
236100	0.7	0	0	0	0	0.7
236200	0.7	0.01	0.01	0	0	0.7
236300	0.7	0.02	0.02	0	0	0.7
236400	0.7	0.02	0.02	0	0	0.7
236500	0.7	0.01	0.01	0	0	0.7
236600	0.7	0.01	0.01	0	0	0.7
236700	0.7	0.01	0.01	0	0	0.7
236800	0.7	0.02	0.02	0	0	0.7
236900	0.7	0.02	0.02	0	0	0.7
237000	0.7	0.01	0.01	0	0	0.7
237100	0.7	0	0	0	0	0.7
237200	0.69	0	0	0	0	0.69
237300	0.69	0	0	0	0	0.69
237400	0.69	0	0	0	0	0.69
237500	0.69	0.01	0.01	0	0	0.69
237600	0.69	0.02	0.02	0	0	0.69
237700	0.69	0.04	0.04	0	0	0.69
237800	0.69	0.03	0.03	0	0	0.69
237900	0.69	0.03	0.03	0	0	0.69
238000	0.69	0.03	0.03	0	0	0.69
238100	0.69	0.01	0.01	0	0	0.69
238200	0.69	0.01	0.01	0	0	0.69
238300	0.69	0.02	0.02	0	0	0.69
238400	0.69	0.03	0.03	0	0	0.69
238500	0.69	0.03	0.03	0	0	0.69
238600	0.69	0.03	0.03	0	0	0.69
238700	0.69	0.02	0.02	0	0	0.69
238800	0.69	0.02	0.02	0	0	0.69
238900	0.69	0.02	0.02	0	0	0.69
239000	0.69	0.01	0.01	0	0	0.69
239100	0.69	0.01	0.01	0	0	0.69
239200	0.69	0	0	0	0	0.69
239300	0.69	0.01	0.01	0	0	0.69
239400	0.69	0.01	0.01	0	0	0.69
239500	0.69	0.02	0.02	0	0	0.69
239600	0.69	0.02	0.02	0	0	0.69
239700	0.69	0.02	0.02	0	0	0.69
239800	0.69	0.02	0.02	0	0	0.69
239900	0.69	0.01	0.01	0	0	0.69
240000	0.69	0.01	0.01	0	0	0.69
240100	0.69	0.03	0.03	0	0	0.69
240200	0.69	0.03	0.03	0	0	0.69
240300	0.69	0.02	0.02	0	0	0.69
240400	0.69	0.02	0.02	0	0	0.69
240500	0.69	0.02	0.02	0	0	0.69
240600	0.69	0.01	0.01	0	0	0.69
240700	0.69	0.01	0.01	0	0	0.69
240800	0.69	0	0	0	0	0.69
240900	0.69	0.02	0.02	0	0	0.69
241000	0.69	0.02	0.02	0	0	0.69
241100	0.69	0.02	0.02	0	0	0.69
241200	0.69	0.03	0.03	0	0	0.69
241300	0.69	0.04	0.04	0	0	0.69
241400	0.69	0.01	0.01	0	0	0.69
241500	0.69	0.03	0.03	0	0	0.69
241600	0.69	0.03	0.03	0	0	0.69
241700	0.69	0.03	0.03	0	0	0.69
241800	0.69	0.02	0.02	0	0	0.69
241900	0.69	0.01	0.01	0	0	0.69
242000	0.69	0.01	0.01	0	0	0.69
242100	0.69	0.01	0.01	0	0	0.69
242200	0.69	0.02	0.02	0	0	0.69
242300	0.69	0.02	0.02	0	0	0.69
242400	0.69	0.02	0.02	0	0	0.69
242500	0.69	0.01	0.01	0	0	0.69
242600	0.69	0.02	0.02	0	0	0.69
242700	0.69	0.03	0.03	0	0	0.69
242800	0.69	0.02	0.02	0	0	0.69
242900	0.69	0.03	0.03	0	0	0.69
243000	0.69	0.03	0.03	0	0	0.69
243100	0.69	0.05	0.05	0	0	0.69
243200	0.69	0.05	0.05	0	0	0.69
243300	0.69	0.04	0.04	0	0	0.69
243400	0.69	0.03	0.03	0	0	0.69
243500	0.69	0.01	0.01	0	0	0.69
243600	0.69	0.01	0.01	0	0	0.69
243700	0.69	0.01	0.01	0	0	0.69
243800	0.69	0.01	0.01	0	0	0.69
243900	0.69	0.01	0.01	0	0	0.69
244000	0.69	0.02	0.02	0	0	0.69
244100	0.69	0.03	0.03	0	0	0.69
244200	0.69	0	0	0	0	0.69
244300	0.69	0	0	0	0	0.69
244400	0.69	0.02	0.02	0	0	0.69
244500	0.69	0.02	0.02	0	0	0.69
244600	0.69	0.02	0.02	0	0	0.69
244700	0.69	0	0	0	0	0.69
244800	0.69	0	0	0	0	0.69
244900	0.69	0.02	0.02	0	0	0.69
245000	0.69	0.02	0.02	0	0	0.69
245100	0.69	0.02	0.02	0	0	0.69
245200	0.69	0.03	0.03	0	0	0.69
245300	0.69	0.02	0.02	0	0	0.69
245400	0.69	0.02	0.02	0	0	0.69
245500	0.69	0.01	0.01	0	0	0.69
245600	0.69	0	0	0	0	0.69
245700	0.69	0.02	0.02	0	0	0.69
245800	0.69	0.02	0.02	0	0	0.69
245900	0.69	0.03	0.03	0	0	0.69
246000	0.69	0.04	0.04	0	0	0.69
246100	0.69	0.04	0.04	0	0	0.69
246200	0.69	0.03	0.03	0	0	0.69
246300	0.69	0	0	0	0	0.69
246400	0.69	0	0	0	0	0.69
246500	0.69	0	0	0	0	0.69
246600	0.69	0.01	0.01	0	0	0.69
246700	0.69	0.01	0.01	0	0	0.69
246800	0.69	0.03	0.03	0	0	0.69
246900	0.69	0.04	0.04	0	0	0.69
247000	0.69	0.02	0.02	0	0	0.69
247100	0.69	0.02	0.02	0	0	0.69
247200	0.69	0.03	0.03	0	0	0.69
247300	0.69	0.04	0.04	0	0	0.69
247400	0.69	0.03	0.03	0	0	0.69
247500	0.69	0.01	0.01	0	0	0.69
247600	0.69	0.02	0.02	0	0	0.69
247700	0.69	0.04	0.04	0	0	0.69
247800	0.69	0.03	0.03	0	0	0.69
247900	0.69	0.03	0.03	0	0	0.69
248000	0.69	0.03	0.03	0	0	0.69
248100	0.69	0.03	0.03	0	0	0.69
248200	0.69	0.02	0.02	0	0	0.69
248300	0.69	0.02	0.02	0	0	0.69
248400	0.69	0.03	0.03	0	0	0.69
248500	0.69	0.03	0.03	0	0	0.69
248600	0.69	0.03	0.03	0	0	0.69
248700	0.69	0.01	0.01	0	0	0.69
248800	0.69	0.02	0.02	0	0	0.69
248900	0.69	0.02	0.02	0	0	0.69
249000	0.69	0.03	0.03	0	0	0.69
249100	0.69	0.01	0.01	0	0	0.69
249200	0.69	0	0	0	0	0.69
249300	0.69	0.01	0.01	0	0	0.69
249400	0.69	0.02	0.02	0	0	0.69
249500	0.69	0.03	0.03	0	0	0.69
249600	0.69	0.04	0.04	0	0	0.69
249700	0.69	0.05	0.05	0	0	0.69
249800	0.69	0.05	0.05	0	0	0.69
249900	0.69	0.04	0.04	0	0	0.69
250000	0.69	0.02	0.02	0	0	0.69
250100	0.69	0.04	0.04	0	0	0.69
250200	0.69	0.04	0.04	0	0	0.69
250300	0.69	0.03	0.03	0	0	0.69
250400	0.69	0.04	0.04	0	0	0.69
250500	0.69	0.02	0.02	0	0	0.69
250600	0.69	0.03	0.03	0	0	0.69
250700	0.69	0.03	0.03	0	0	0.69
250800	0.69	0.02	0.02	0	0	0.69
250900	0.69	0.02	0.02	0	0	0.69
251000	0.69	0.02	0.02	0	0	0.69
251100	0.69	0.02	0.02	0	0	0.69
251200	0.69	0.01	0.01	0	0	0.69
251300	0.69	0.01	0.01	0	0	0.69
251400	0.69	0.02	0.02	0	0	0.69
251500	0.69	0.02	0.02	0	0	0.69
251600	0.69	0.02	0.02	0	0	0.69
251700	0.69	0.02	0.02	0	0	0.69
251800	0.69	0.04	0.04	0	0	0.69
251900	0.69	0.03	0.03	0	0	0.69
252000	0.69	0.01	0.01	0	0	0.69
252100	0.69	0.01	0.01	0	0	0.69
252200	0.69	0.01	0.01	0	0	0.69
252300	0.69	0	0	0	0	0.69
252400	0.69	0.03	0.03	0	0	0.69
252500	0.69	0.03	0.03	0	0	0.69
252600	0.69	0.03	0.03	0	0	0.69
252700	0.69	0.03	0.03	0	0	0.69
252800	0.69	0.03	0.03	0	0	0.69
252900	0.69	0.02	0.02	0	0	0.69
253000	0.69	0.02	0.02	0	0	0.69
253100	0.69	0.01	0.01	0	0	0.69
253200	0.69	0.01	0.01	0	0	0.69
253300	0.69	0.02	0.02	0	0	0.69
253400	0.69	0.02	0.02	0	0	0.69
253500	0.69	0.02	0.02	0	0	0.69
253600	0.69	0.02	0.02	0	0	0.69
253700	0.69	0.02	0.02	0	0	0.69
253800	0.69	0.01	0.01	0	0	0.69
253900	0.69	0.02	0.02	0	0	0.69
254000	0.69	0.02	0.02	0	0	0.69
254100	0.69	0.02	0.02	0	0	0.69
254200	0.69	0.04	0.04	0	0	0.69
254300	0.69	0.05	0.05	0	0	0.69
254400	0.69	0.06	0.06	0	0	0.69
254500	0.69	0.03	0.03	0	0	0.69
254600	0.69	0.02	0.02	0	0	0.69
254700	0.69	0.02	0.02	0	0	0.69
254800	0.69	0.02	0.02	0	0	0.69
254900	0.69	0.01	0.01	0	0	0.69
255000	0.69	0.03	0.03	0	0	0.69
255100	0.69	0.04	0.04	0	0	0.69
255200	0.69	0.04	0.04	0	0	0.69
255300	0.69	0.03	0.03	0	0	0.69
255400	0.69	0.03	0.03	0	0	0.69
255500	0.69	0.02	0.02	0	0	0.69
255600	0.69	0.02	0.02	0	0	0.69
255700	0.69	0.02	0.02	0	0	0.69
255800	0.69	0.01	0.01	0	0	0.69
255900	0.69	0.01	0.01	0	0	0.69
256000	0.69	0.02	0.02	0	0	0.69
256100	0.69	0.02	0.02	0	0	0.69
256200	0.69	0.03	0.03	0	0	0.69
256300	0.69	0.01	0.01	0	0	0.69
256400	0.69	0	0	0	0	0.69
256500	0.69	0	0	0	0	0.69
256600	0.69	0	0	0	0	0.69
256700	0.69	0	0	0	0	0.69
256800	0.69	0	0	0	0	0.69
256900	0.69	0	0	0	0	0.69
257000	0.69	0.01	0.01	0	0	0.69
257100	0.69	0.01	0.01	0	0	0.69
257200	0.69	0.02	0.02	0	0	0.69
257300	0.69	0.02	0.02	0	0	0.69
257400	0.69	0.02	0.02	0	0	0.69
257500	0.69	0.02	0.02	0	0	0.69
257600	0.69	0.02	0.02	0	0	0.69
257700	0.69	0.02	0.02	0	0	0.69
257800	0.69	0.02	0.02	0	0	0.69
257900	0.69	0.02	0.02	0	0	0.69
258000	0.69	0.01	0.01	0	0	0.69
258100	0.69	0.01	0.01	0	0	0.69
258200	0.69	0.01	0.01	0	0	0.69
258300	0.69	0.02	0.02	0	0	0.69
258400	0.69	0.03	0.03	0	0	0.69
258500	0.69	0.02	0.02	0	0	0.69
258600	0.69	0	0	0	0	0.69
258700	0.69	0.01	0.01	0	0	0.69
258800	0.69	0.02	0.02	0	0	0.69
258900	0.69	0.03	0.03	0	0	0.69
259000	0.69	0.02	0.02	0	0	0.69
259100	0.69	0	0	0	0	0.69
259200	0.69	0	0	0	0	0.69
259300	0.69	0	0	0	0	0.69
259400	0.69	0	0	0	0	0.69
259500	0.69	0	0	0	0	0.69
259600	0.69	0.02	0.02	0	0	0.69
259700	0.69	0.02	0.02	0	0	0.69
259800	0.69	0.03	0.03	0	0	0.69
259900	0.69	0.02	0.02	0	0	0.69
260000	0.69	0.02	0.02	0	0	0.69
260100	0.69	0.02	0.02	0	0	0.69
260200	0.69	0.02	0.02	0	0	0.69
260300	0.69	0.02	0.02	0	0	0.69
260400	0.69	0.01	0.01	0	0	0.69
260500	0.69	0	0	0	0	0.69
260600	0.69	0	0	0	0	0.69
260700	0.69	0.01	0.01	0	0	0.69
260800	0.69	0.01	0.01	0	0	0.69
260900	0.69	0.01	0.01	0	0	0.69
261000	0.69	0.02	0.02	0	0	0.69
261100	0.69	0.02	0.02	0	0	0.69
261200	0.69	0.02	0.02	0	0	0.69
261300	0.69	0.01	0.01	0	0	0.69
261400	0.69	0.01	0.01	0	0	0.69
261500	0.69	0.01	0.01	0	0	0.69
261600	0.69	0	0	0	0	0.69
261700	0.69	0	0	0	0	0.69
261800	0.69	0	0	0	0	0.69
261900	0.69	0	0	0	0	0.69
262000	0.69	0.02	0.02	0	0	0.69
262100	0.68	0.02	0.02	0	0	0.68
262200	0.68	0.02	0.02	0	0	0.68
262300	0.68	0.03	0.03	0	0	0.68
262400	0.68	0.01	0.01	0	0	0.68
262500	0.68	0.03	0.03	0	0	0.68
262600	0.68	0.03	0.03	0	0	0.68
262700	0.68	0.02	0.02	0	0	0.68
262800	0.68	0.02	0.02	0	0	0.68
262900	0.68	0.01	0.01	0	0	0.68
263000	0.68	0.01	0.01	0	0	0.68
263100	0.68	0.01	0.01	0	0	0.68
263200	0.68	0.01	0.01	0	0	0.68
263300	0.68	0.01	0.01	0	0	0.68
263400	0.68	0	0	0	0	0.68
263500	0.68	0	0	0	0	0.68
263600	0.68	0	0	0	0	0.68
263700	0.68	0	0	0	0	0.68
263800	0.68	0.01	0.01	0	0	0.68
263900	0.68	0.02	0.02	0	0	0.68
264000	0.68	0.02	0.02	0	0	0.68
264100	0.68	0.02	0.02	0	0	0.68
264200	0.68	0	0	0	0	0.68
264300	0.68	0	0	0	0	0.68
264400	0.68	0	0	0	0	0.68
264500	0.68	0	0	0	0	0.68
264600	0.68	0	0	0	0	0.68
264700	0.68	0.02	0.02	0	0	0.68
264800	0.68	0.02	0.02	0	0	0.68
264900	0.68	0.03	0.03	0	0	0.68
265000	0.68	0.03	0.03	0	0	0.68
265100	0.68	0.05	0.05	0	0	0.68
265200	0.68	0.04	0.04	0	0	0.68
265300	0.68	0.02	0.02	0	0	0.68
265400	0.68	0.01	0.01	0	0	0.68
265500	0.68	0.01	0.01	0	0	0.68
265600	0.68	0.02	0.02	0	0	0.68
265700	0.68	0.01	0.01	0	0	0.68
265800	0.68	0.02	0.02	0	0	0.68
265900	0.68	0.02	0.02	0	0	0.68
266000	0.68	0.03	0.03	0	0	0.68
266100	0.68	0.03	0.03	0	0	0.68
266200	0.68	0.02	0.02	0	0	0.68
266300	0.68	0.01	0.01	0	0	0.68
266400	0.68	0.02	0.02	0	0	0.68
266500	0.68	0.02	0.02	0	0	0.68
266600	0.68	0.03	0.03	0	0	0.68
266700	0.68	0.04	0.04	0	0	0.68
266800	0.68	0.04	0.04	0	0	0.68
266900	0.68	0.03	0.03	0	0	0.68
267000	0.68	0.03	0.03	0	0	0.68
267100	0.68	0.03	0.03	0	0	0.68
267200	0.68	0.02	0.02	0	0	0.68
267300	0.68	0	0	0	0	0.68
267400	0.68	0	0	0	0	0.68
267500	0.68	0.01	0.01	0	0	0.68
267600	0.68	0.01	0.01	0	0	0.68
267700	0.68	0.02	0.02	0	0	0.68
267800	0.68	0.02	0.02	0	0	0.68
267900	0.68	0.02	0.02	0	0	0.68
268000	0.68	0.02	0.02	0	0	0.68
268100	0.68	0.01	0.01	0	0	0.68
268200	0.68	0.01	0.01	0	0	0.68
268300	0.68	0.01	0.01	0	0	0.68
268400	0.68	0	0	0	0	0.68
268500	0.68	0	0	0	0	0.68
268600	0.68	0	0	0	0	0.68
268700	0.68	0	0	0	0	0.68
268800	0.68	0.01	0.01	0	0	0.68
268900	0.68	0.02	0.02	0	0	0.68
269000	0.68	0.03	0.03	0	0	0.68
269100	0.7	0.01	0.01	0	0	0.7
269200	0.7	0	0	0	0	0.7
269300	0.7	0.01	0.01	0	0	0.7
269400	0.7	0.01	0.01	0	0	0.7
269500	0.7	0.02	0.02	0	0	0.7
269600	0.7	0.02	0.02	0	0	0.7
269700	0.7	0.03	0.03	0	0	0.7
269800	0.7	0.04	0.04	0	0	0.7
269900	0.7	0.03	0.03	0	0	0.7
270000	0.7	0.01	0.01	0	0	0.7
270100	0.7	0.01	0.01	0	0	0.7
270200	0.7	0.01	0.01	0	0	0.7
270300	0.7	0	0	0	0	0.7
270400	0.7	0.02	0.02	0	0	0.7
270500	0.7	0.03	0.03	0	0	0.7
270600	0.7	0.04	0.04	0	0	0.7
270700	0.7	0.03	0.03	0	0	0.7
270800	0.7	0.01	0.01	0	0	0.7
270900	0.7	0	0	0	0	0.7
271000	0.7	0	0	0	0	0.7
271100	0.7	0.02	0.02	0	0	0.7
271200	0.7	0.02	0.02	0	0	0.7
271300	0.7	0.02	0.02	0	0	0.7
271400	0.7	0.01	0.01	0	0	0.7
271500	0.7	0.01	0.01	0	0	0.7
271600	0.7	0.01	0.01	0	0	0.7
271700	0.7	0.02	0.02	0	0	0.7
271800	0.7	0.02	0.02	0	0	0.7
271900	0.7	0.02	0.02	0	0	0.7
272000	0.7	0	0	0	0	0.7
272100	0.7	0	0	0	0	0.7
272200	0.7	0	0	0	0	0.7
272300	0.7	0	0	0	0	0.7
272400	0.7	0	0	0	0	0.7
272500	0.7	0.01	0.01	0	0	0.7
272600	0.7	0.01	0.01	0	0	0.7
272700	0.7	0.01	0.01	0	0	0.7
272800	0.7	0.02	0.02	0	0	0.7
272900	0.7	0.02	0.02	0	0	0.7
273000	0.7	0.03	0.03	0	0	0.7
273100	0.7	0.03	0.03	0	0	0.7
273200	0.7	0.06	0.06	0	0	0.7
273300	0.7	0.04	0.04	0	0	0.7
273400	0.7	0.05	0.05	0	0	0.7
273500	0.7	0.04	0.04	0	0	0.7
273600	0.7	0.03	0.03	0	0	0.7
273700	0.7	0.03	0.03	0	0	0.7
273800	0.7	0.01	0.01	0	0	0.7
273900	0.7	0.01	0.01	0	0	0.7
274000	0.7	0.01	0.01	0	0	0.7
274100	0.7	0.01	0.01	0	0	0.7
274200	0.7	0.01	0.01	0	0	0.7
274300	0.7	0	0	0	0	0.7
274400	0.7	0	0	0	0	0.7
274500	0.7	0	0	0	0	0.7
274600	0.7	0	0	0	0	0.7
274700	0.7	0	0	0	0	0.7
274800	0.7	0	0	0	0	0.7
274900	0.7	0	0	0	0	0.7
275000	0.7	0	0	0	0	0.7
275100	0.7	0.01	0.01	0	0	0.7
275200	0.7	0.02	0.02	0	0	0.7
275300	0.7	0.02	0.02	0	0	0.7
275400	0.7	0.02	0.02	0	0	0.7
275500	0.7	0.03	0.03	0	0	0.7
275600	0.7	0.03	0.03	0	0	0.7
275700	0.7	0.03	0.03	0	0	0.7
275800	0.7	0.03	0.03	0	0	0.7
275900	0.7	0.03	0.03	0	0	0.7
276000	0.7	0.02	0.02	0	0	0.7
276100	0.7	0.02	0.02	0	0	0.7
276200	0.7	0.01	0.01	0	0	0.7
276300	0.7	0	0	0	0	0.7
276400	0.7	0	0	0	0	0.7
276500	0.7	0	0	0	0	0.7
276600	0.7	0	0	0	0	0.7
276700	0.7	0	0	0	0	0.7
276800	0.7	0	0	0	0	0.7
276900	0.7	0	0	0	0	0.7
277000	0.7	0	0	0	0	0.7
277100	0.7	0.03	0.03	0	0	0.7
277200	0.7	0.03	0.03	0	0	0.7
277300	0.7	0.02	0.02	0	0	0.7
277400	0.7	0.02	0.02	0	0	0.7
277500	0.7	0.02	0.02	0	0	0.7
277600	0.7	0.02	0.02	0	0	0.7
277700	0.7	0.02	0.02	0	0	0.7
277800	0.7	0.01	0.01	0	0	0.7
277900	0.7	0.01	0.01	0	0	0.7
278000	0.7	0.01	0.01	0	0	0.7
278100	0.7	0.01	0.01	0	0	0.7
278200	0.7	0.02	0.02	0	0	0.7
278300	0.7	0.02	0.02	0	0	0.7
278400	0.7	0	0	0	0	0.7
278500	0.7	0	0	0	0	0.7
278600	0.7	0	0	0	0	0.7
278700	0.7	0	0	0	0	0.7
278800	0.7	0.01	0.01	0	0	0.7
278900	0.7	0.02	0.02	0	0	0.7
279000	0.7	0.02	0.02	0	0	0.7
279100	0.7	0.02	0.02	0	0	0.7
279200	0.7	0.02	0.02	0	0	0.7
279300	0.7	0.03	0.03	0	0	0.7
279400	0.7	0.02	0.02	0	0	0.7
279500	0.7	0	0	0	0	0.7
279600	0.7	0.01	0.01	0	0	0.7
279700	0.7	0.01	0.01	0	0	0.7
279800	0.7	0.01	0.01	0	0	0.7
279900	0.7	0.01	0.01	0	0	0.7
280000	0.7	0	0	0	0	0.7
280100	0.7	0	0	0	0	0.7
280200	0.7	0.01	0.01	0	0	0.7
280300	0.7	0.01	0.01	0	0	0.7
280400	0.7	0.01	0.01	0	0	0.7
280500	0.7	0	0	0	0	0.7
280600	0.7	0	0	0	0	0.7
280700	0.7	0.01	0.01	0	0	0.7
280800	0.7	0.01	0.01	0	0	0.7
280900	0.7	0.02	0.02	0	0	0.7
281000	0.7	0.01	0.01	0	0	0.7
281100	0.7	0.03	0.03	0	0	0.7
281200	0.7	0.03	0.03	0	0	0.7
281300	0.7	0.03	0.03	0	0	0.7
281400	0.7	0.03	0.03	0	0	0.7
281500	0.7	0.01	0.01	0	0	0.7
281600	0.7	0	0	0	0	0.7
281700	0.7	0.01	0.01	0	0	0.7
281800	0.7	0	0	0	0	0.7
281900	0.7	0.04	0.04	0	0	0.7
282000	0.7	0.05	0.05	0	0	0.7
282100	0.7	0.05	0.05	0	0	0.7
282200	0.7	0.04	0.04	0	0	0.7
282300	0.7	0.02	0.02	0	0	0.7
282400	0.7	0.01	0.01	0	0	0.7
282500	0.7	0.01	0.01	0	0	0.7
282600	0.7	0.01	0.01	0	0	0.7
282700	0.7	0.01	0.01	0	0	0.7
282800	0.7	0.03	0.03	0	0	0.7
282900	0.7	0.03	0.03	0	0	0.7
283000	0.7	0.02	0.02	0	0	0.7
283100	0.7	0.02	0.02	0	0	0.7
283200	0.7	0.03	0.03	0	0	0.7
283300	0.7	0.01	0.01	0	0	0.7
283400	0.7	0.01	0.01	0	0	0.7
283500	0.7	0.01	0.01	0	0	0.7
283600	0.7	0.02	0.02	0	0	0.7
283700	0.7	0.03	0.03	0	0	0.7
283800	0.7	0.04	0.04	0	0	0.7
283900	0.7	0.03	0.03	0	0	0.7
284000	0.7	0.03	0.03	0	0	0.7
284100	0.7	0.02	0.02	0	0	0.7
284200	0.7	0.01	0.01	0	0	0.7
284300	0.7	0.01	0.01	0	0	0.7
284400	0.7	0	0	0	0	0.7
284500	0.7	0	0	0	0	0.7
284600	0.7	0	0	0	0	0.7
284700	0.7	0	0	0	0	0.7
284800	0.7	0	0	0	0	0.7
284900	0.7	0.02	0.02	0	0	0.7
285000	0.7	0.02	0.02	0	0	0.7
285100	0.7	0.02	0.02	0	0	0.7
285200	0.7	0	0	0	0	0.7
285300	0.7	0.01	0.01	0	0	0.7
285400	0.7	0.01	0.01	0	0	0.7
285500	0.7	0.02	0.02	0	0	0.7
285600	0.7	0.02	0.02	0	0	0.7
285700	0.7	0.03	0.03	0	0	0.7
285800	0.7	0.02	0.02	0	0	0.7
285900	0.7	0.02	0.02	0	0	0.7
286000	0.7	0.02	0.02	0	0	0.7
286100	0.7	0.02	0.02	0	0	0.7
286200	0.7	0.02	0.02	0	0	0.7
286300	0.7	0.02	0.02	0	0	0.7
286400	0.7	0.02	0.02	0	0	0.7
286500	0.7	0.02	0.02	0	0	0.7
286600	0.7	0.03	0.03	0	0	0.7
286700	0.7	0.02	0.02	0	0	0.7
286800	0.7	0.03	0.03	0	0	0.7
286900	0.7	0.02	0.02	0	0	0.7
287000	0.7	0.02	0.02	0	0	0.7
287100	0.7	0.02	0.02	0	0	0.7
287200	0.7	0.02	0.02	0	0	0.7
287300	0.7	0.02	0.02	0	0	0.7
287400	0.7	0.02	0.02	0	0	0.7
287500	0.7	0.03	0.03	0	0	0.7
287600	0.7	0.03	0.03	0	0	0.7
287700	0.7	0.03	0.03	0	0	0.7
287800	0.7	0.01	0.01	0	0	0.7
287900	0.7	0.01	0.01	0	0	0.7
288000	0.7	0.02	0.02	0	0	0.7
288100	0.7	0.02	0.02	0	0	0.7
288200	0.7	0.03	0.03	0	0	0.7
288300	0.7	0.03	0.03	0	0	0.7
288400	0.7	0.02	0.02	0	0	0.7
288500	0.7	0.01	0.01	0	0	0.7
288600	0.7	0.01	0.01	0	0	0.7
288700	0.7	0.01	0.01	0	0	0.7
288800	0.7	0.02	0.02	0	0	0.7
288900	0.7	0.02	0.02	0	0	0.7
289000	0.7	0.01	0.01	0	0	0.7
289100	0.7	0.01	0.01	0	0	0.7
289200	0.7	0.01	0.01	0	0	0.7
289300	0.7	0	0	0	0	0.7
289400	0.7	0	0	0	0	0.7
289500	0.7	0	0	0	0	0.7
289600	0.7	0.01	0.01	0	0	0.7
289700	0.7	0.01	0.01	0	0	0.7
289800	0.7	0.01	0.01	0	0	0.7
289900	0.7	0.01	0.01	0	0	0.7
290000	0.7	0.01	0.01	0	0	0.7
290100	0.7	0.02	0.02	0	0	0.7
290200	0.7	0.03	0.03	0	0	0.7
290300	0.7	0.02	0.02	0	0	0.7
290400	0.7	0.01	0.01	0	0	0.7
290500	0.7	0.02	0.02	0	0	0.7
290600	0.7	0.02	0.02	0	0	0.7
290700	0.7	0.01	0.01	0	0	0.7
290800	0.7	0.01	0.01	0	0	0.7
290900	0.7	0.01	0.01	0	0	0.7
291000	0.7	0	0	0	0	0.7
291100	0.7	0	0	0	0	0.7
291200	0.7	0	0	0	0	0.7
291300	0.7	0	0	0	0	0.7
291400	0.7	0.01	0.01	0	0	0.7
291500	0.7	0.01	0.01	0	0	0.7
291600	0.7	0.02	0.02	0	0	0.7
291700	0.7	0.04	0.04	0	0	0.7
291800	0.7	0.05	0.05	0	0	0.7
291900	0.7	0.03	0.03	0	0	0.7
292000	0.7	0.03	0.03	0	0	0.7
292100	0.7	0.02	0.02	0	0	0.7
292200	0.7	0.02	0.02	0	0	0.7
292300	0.7	0.01	0.01	0	0	0.7
292400	0.7	0.01	0.01	0	0	0.7
292500	0.7	0.02	0.02	0	0	0.7
292600	0.7	0.03	0.03	0	0	0.7
292700	0.7	0.02	0.02	0	0	0.7
292800	0.7	0	0	0	0	0.7
292900	0.7	0	0	0	0	0.7
293000	0.7	0	0	0	0	0.7
293100	0.7	0	0	0	0	0.7
293200	0.7	0	0	0	0	0.7
293300	0.7	0.02	0.02	0	0	0.7
293400	0.7	0.02	0.02	0	0	0.7
293500	0.7	0.02	0.02	0	0	0.7
293600	0.7	0.02	0.02	0	0	0.7
293700	0.7	0.02	0.02	0	0	0.7
293800	0.7	0.01	0.01	0	0	0.7
293900	0.7	0.01	0.01	0	0	0.7
294000	0.7	0.03	0.03	0	0	0.7
294100	0.7	0.02	0.02	0	0	0.7
294200	0.7	0.02	0.02	0	0	0.7
294300	0.7	0.02	0.02	0	0	0.7
294400	0.7	0.02	0.02	0	0	0.7
294500	0.7	0.02	0.02	0	0	0.7
294600	0.7	0.02	0.02	0	0	0.7
294700	0.7	0.01	0.01	0	0	0.7
294800	0.7	0.02	0.02	0	0	0.7
294900	0.7	0.02	0.02	0	0	0.7
295000	0.7	0.02	0.02	0	0	0.7
295100	0.7	0.01	0.01	0	0	0.7
295200	0.7	0.01	0.01	0	0	0.7
295300	0.7	0.01	0.01	0	0	0.7
295400	0.7	0.01	0.01	0	0	0.7
295500	0.7	0.01	0.01	0	0	0.7
295600	0.7	0.02	0.02	0	0	0.7
295700	0.7	0.02	0.02	0	0	0.7
295800	0.7	0.03	0.03	0	0	0.7
295900	0.7	0.03	0.03	0	0	0.7
296000	0.7	0.03	0.03	0	0	0.7
296100	0.7	0.02	0.02	0	0	0.7
296200	0.7	0.01	0.01	0	0	0.7
296300	0.7	0.03	0.03	0	0	0.7
296400	0.7	0.03	0.03	0	0	0.7
296500	0.7	0.02	0.02	0	0	0.7
296600	0.7	0.02	0.02	0	0	0.7
296700	0.7	0.02	0.02	0	0	0.7
296800	0.7	0.03	0.03	0	0	0.7
296900	0.7	0.04	0.04	0	0	0.7
297000	0.7	0.04	0.04	0	0	0.7
297100	0.7	0.03	0.03	0	0	0.7
297200	0.7	0.03	0.03	0	0	0.7
297300	0.7	0.02	0.02	0	0	0.7
297400	0.7	0	0	0	0	0.7
297500	0.7	0	0	0	0	0.7
297600	0.7	0.01	0.01	0	0	0.7
297700	0.7	0.01	0.01	0	0	0.7
297800	0.7	0.01	0.01	0	0	0.7
297900	0.7	0.01	0.01	0	0	0.7
298000	0.7	0.01	0.01	0	0	0.7
298100	0.7	0.03	0.03	0	0	0.7
298200	0.7	0.02	0.02	0	0	0.7
298300	0.7	0.03	0.03	0	0	0.7
298400	0.7	0.05	0.05	0	0	0.7
298500	0.7	0.04	0.04	0	0	0.7
298600	0.7	0.03	0.03	0	0	0.7
298700	0.7	0.03	0.03	0	0	0.7
298800	0.7	0.04	0.04	0	0	0.7
298900	0.7	0.03	0.03	0	0	0.7
299000	0.7	0.02	0.02	0	0	0.7
299100	0.7	0.02	0.02	0	0	0.7
299200	0.7	0.01	0.01	0	0	0.7
299300	0.7	0.02	0.02	0	0	0.7
299400	0.7	0.01	0.01	0	0	0.7
299500	0.7	0.01	0.01	0	0	0.7
299600	0.7	0.01	0.01	0	0	0.7
299700	0.7	0.01	0.01	0	0	0.7
299800	0.7	0.02	0.02	0	0	0.7
299900	0.7	0.01	0.01	0	0	0.7
300000	0.7	0.01	0.01	0	0	0.7
