100	0.06	0	0	0	0	0.06
200	0.04	0	0	0	0	0.04
300	0.03	0	0	0	0	0.03
400	0.04	0	0	0	0	0.04
500	0.02	0	0	0	0	0.02
600	0.03	0	0	0	0	0.03
700	0.05	0	0	0	0	0.05
800	0.05	0	0	0	0	0.05
900	0.03	0.01	0.01	0	0	0.03
1000	0.01	0.01	0.01	0	0	0.01
1100	0.02	0.01	0.01	0	0	0.02
1200	0.01	0.02	0.02	0	0	0.01
1300	0.01	0.01	0.01	0	0	0.01
1400	0.01	0.01	0.01	0	0	0.01
1500	0.03	0.01	0.01	0	0	0.03
1600	0.04	0.02	0.02	0	0	0.04
1700	0.07	0.01	0.01	0	0	0.07
1800	0.07	0.02	0.02	0	0	0.07
1900	0.05	0.02	0.02	0	0	0.05
2000	0.06	0.01	0.01	0	0	0.06
2100	0.05	0.01	0.01	0	0	0.05
2200	0.05	0.01	0.01	0	0	0.05
2300	0.05	0.01	0.01	0	0	0.05
2400	0.05	0	0	0	0	0.05
2500	0.05	0	0	0	0	0.05
2600	0.05	0	0	0	0	0.05
2700	0.05	0	0	0	0	0.05
2800	0.06	0	0	0	0	0.06
2900	0.04	0	0	0	0	0.04
3000	0.05	0	0	0	0	0.05
3100	0.04	0	0	0	0	0.04
3200	0.03	0	0	0	0	0.03
3300	0.04	0	0	0	0	0.04
3400	0.01	0	0	0	0	0.01
3500	0.01	0	0	0	0	0.01
3600	0.04	0.01	0.01	0	0	0.04
3700	0.05	0.02	0.02	0	0	0.05
3800	0.05	0.02	0.02	0	0	0.05
3900	0.07	0.01	0.01	0	0	0.07
4000	0.06	0.02	0.02	0	0	0.06
4100	0.06	0.02	0.02	0	0	0.06
4200	0.05	0.02	0.02	0	0	0.05
4300	0.07	0.02	0.02	0	0	0.07
4400	0.07	0.02	0.02	0	0	0.07
4500	0.06	0.02	0.02	0	0	0.06
4600	0.04	0	0	0	0	0.04
4700	0.02	0	0	0	0	0.02
4800	0.01	0	0	0	0	0.01
4900	0.03	0	0	0	0	0.03
5000	0.03	0.01	0.01	0	0	0.03
5100	0.04	0.02	0.02	0	0	0.04
5200	0.05	0.01	0.01	0	0	0.05
5300	0.06	0.01	0.01	0	0	0.06
5400	0.05	0.01	0.01	0	0	0.05
5500	0.06	0.01	0.01	0	0	0.06
5600	0.05	0.01	0.01	0	0	0.05
5700	0.08	0.02	0.02	0	0	0.08
5800	0.09	0.03	0.03	0	0	0.09
5900	0.07	0.03	0.03	0	0	0.07
6000	0.07	0.03	0.03	0	0	0.07
6100	0.06	0.03	0.03	0	0	0.06
6200	0.05	0.03	0.03	0	0	0.05
6300	0.06	0.03	0.03	0	0	0.06
6400	0.07	0.02	0.02	0	0	0.07
6500	0.08	0.02	0.02	0	0	0.08
6600	0.1	0.02	0.02	0	0	0.1
6700	0.09	0.01	0.01	0	0	0.09
6800	0.1	0.01	0.01	0	0	0.1
6900	0.13	0	0	0	0	0.13
7000	0.16	0.01	0.01	0	0	0.16
7100	0.14	0.02	0.02	0	0	0.14
7200	0.15	0.03	0.03	0	0	0.15
7300	0.17	0.03	0.03	0	0	0.17
7400	0.16	0.05	0.05	0	0	0.16
7500	0.17	0.05	0.05	0	0	0.17
7600	0.17	0.05	0.05	0	0	0.17
7700	0.17	0.04	0.04	0	0	0.17
7800	0.14	0.02	0.02	0	0	0.14
7900	0.14	0.01	0.01	0	0	0.14
8000	0.15	0	0	0	0	0.15
8100	0.16	0	0	0	0	0.16
8200	0.16	0	0	0	0	0.16
8300	0.16	0	0	0	0	0.16
8400	0.16	0.02	0.02	0	0	0.16
8500	0.18	0.03	0.03	0	0	0.18
8600	0.19	0.02	0.02	0	0	0.19
8700	0.19	0.02	0.02	0	0	0.19
8800	0.18	0.02	0.02	0	0	0.18
8900	0.18	0.02	0.02	0	0	0.18
9000	0.19	0.02	0.02	0	0	0.19
9100	0.17	0.01	0.01	0	0	0.17
9200	0.18	0.01	0.01	0	0	0.18
9300	0.18	0.01	0.01	0	0	0.18
9400	0.16	0	0	0	0	0.16
9500	0.17	0	0	0	0	0.17
9600	0.18	0	0	0	0	0.18
9700	0.19	0	0	0	0	0.19
9800	0.2	0	0	0	0	0.2
9900	0.21	0	0	0	0	0.21
10000	0.2	0	0	0	0	0.2
10100	0.19	0	0	0	0	0.19
10200	0.19	0	0	0	0	0.19
10300	0.2	0.01	0.01	0	0	0.2
10400	0.21	0.01	0.01	0	0	0.21
10500	0.21	0.02	0.02	0	0	0.21
10600	0.22	0.02	0.02	0	0	0.22
10700	0.22	0.03	0.03	0	0	0.22
10800	0.22	0.02	0.02	0	0	0.22
10900	0.22	0.02	0.02	0	0	0.22
11000	0.21	0	0	0	0	0.21
11100	0.22	0	0	0	0	0.22
11200	0.21	0	0	0	0	0.21
11300	0.21	0	0	0	0	0.21
11400	0.23	0	0	0	0	0.23
11500	0.24	0.01	0.01	0	0	0.24
11600	0.23	0.01	0.01	0	0	0.23
11700	0.23	0	0	0	0	0.23
11800	0.23	0.01	0.01	0	0	0.23
11900	0.23	0.01	0.01	0	0	0.23
12000	0.23	0.01	0.01	0	0	0.23
12100	0.24	0	0	0	0	0.24
12200	0.24	0.02	0.02	0	0	0.24
12300	0.25	0.02	0.02	0	0	0.25
12400	0.26	0.02	0.02	0	0	0.26
12500	0.26	0.02	0.02	0	0	0.26
12600	0.26	0.02	0.02	0	0	0.26
12700	0.25	0.01	0.01	0	0	0.25
12800	0.24	0	0	0	0	0.24
12900	0.25	0.01	0.01	0	0	0.25
13000	0.24	0.02	0.02	0	0	0.24
13100	0.24	0.03	0.03	0	0	0.24
13200	0.27	0.03	0.03	0	0	0.27
13300	0.29	0.04	0.04	0	0	0.29
13400	0.29	0.05	0.05	0	0	0.29
13500	0.29	0.03	0.03	0	0	0.29
13600	0.27	0.02	0.02	0	0	0.27
13700	0.27	0.01	0.01	0	0	0.27
13800	0.26	0.01	0.01	0	0	0.26
13900	0.26	0	0	0	0	0.26
14000	0.27	0	0	0	0	0.27
14100	0.29	0.01	0.01	0	0	0.29
14200	0.28	0.01	0.01	0	0	0.28
14300	0.27	0.03	0.03	0	0	0.27
14400	0.27	0.04	0.04	0	0	0.27
14500	0.27	0.04	0.04	0	0	0.27
14600	0.29	0.05	0.05	0	0	0.29
14700	0.29	0.04	0.04	0	0	0.29
14800	0.31	0.02	0.02	0	0	0.31
14900	0.32	0.02	0.02	0	0	0.32
15000	0.34	0	0	0	0	0.34
15100	0.35	0	0	0	0	0.35
15200	0.33	0	0	0	0	0.33
15300	0.32	0	0	0	0	0.32
15400	0.32	0.01	0.01	0	0	0.32
15500	0.33	0.02	0.02	0	0	0.33
15600	0.33	0.02	0.02	0	0	0.33
15700	0.33	0.01	0.01	0	0	0.33
15800	0.34	0.01	0.01	0	0	0.34
15900	0.35	0.01	0.01	0	0	0.35
16000	0.35	0	0	0	0	0.35
16100	0.36	0	0	0	0	0.36
16200	0.37	0	0	0	0	0.37
16300	0.37	0.01	0.01	0	0	0.37
16400	0.37	0.01	0.01	0	0	0.37
16500	0.37	0.02	0.02	0	0	0.37
16600	0.38	0.03	0.03	0	0	0.38
16700	0.4	0.01	0.01	0	0	0.4
16800	0.4	0.01	0.01	0	0	0.4
16900	0.39	0.01	0.01	0	0	0.39
17000	0.39	0.01	0.01	0	0	0.39
17100	0.39	0.01	0.01	0	0	0.39
17200	0.39	0.01	0.01	0	0	0.39
17300	0.39	0.02	0.02	0	0	0.39
17400	0.39	0.01	0.01	0	0	0.39
17500	0.39	0.02	0.02	0	0	0.39
17600	0.39	0.03	0.03	0	0	0.39
17700	0.4	0.04	0.04	0	0	0.4
17800	0.4	0.02	0.02	0	0	0.4
17900	0.4	0.01	0.01	0	0	0.4
18000	0.41	0	0	0	0	0.41
18100	0.42	0	0	0	0	0.42
18200	0.42	0.01	0.01	0	0	0.42
18300	0.42	0.01	0.01	0	0	0.42
18400	0.43	0.04	0.04	0	0	0.43
18500	0.44	0.04	0.04	0	0	0.44
18600	0.45	0.02	0.02	0	0	0.45
18700	0.44	0.02	0.02	0	0	0.44
18800	0.45	0.02	0.02	0	0	0.45
18900	0.45	0	0	0	0	0.45
19000	0.45	0	0	0	0	0.45
19100	0.45	0.01	0.01	0	0	0.45
19200	0.44	0.01	0.01	0	0	0.44
19300	0.44	0.01	0.01	0	0	0.44
19400	0.45	0.01	0.01	0	0	0.45
19500	0.45	0	0	0	0	0.45
19600	0.45	0.01	0.01	0	0	0.45
19700	0.45	0.01	0.01	0	0	0.45
19800	0.45	0.01	0.01	0	0	0.45
19900	0.45	0.01	0.01	0	0	0.45
20000	0.46	0.02	0.02	0	0	0.46
20100	0.46	0.04	0.04	0	0	0.46
20200	0.47	0.04	0.04	0	0	0.47
20300	0.48	0.05	0.05	0	0	0.48
20400	0.48	0.08	0.08	0	0	0.48
20500	0.49	0.06	0.06	0	0	0.49
20600	0.49	0.06	0.06	0	0	0.49
20700	0.49	0.06	0.06	0	0	0.49
20800	0.51	0.03	0.03	0	0	0.51
20900	0.52	0.02	0.02	0	0	0.52
21000	0.52	0.02	0.02	0	0	0.52
21100	0.52	0.02	0.02	0	0	0.52
21200	0.54	0.01	0.01	0	0	0.54
21300	0.54	0.03	0.03	0	0	0.54
21400	0.54	0.02	0.02	0	0	0.54
21500	0.54	0.01	0.01	0	0	0.54
21600	0.55	0.01	0.01	0	0	0.55
21700	0.55	0.01	0.01	0	0	0.55
21800	0.55	0.02	0.02	0	0	0.55
21900	0.55	0.03	0.03	0	0	0.55
22000	0.55	0.03	0.03	0	0	0.55
22100	0.55	0.02	0.02	0	0	0.55
22200	0.55	0.02	0.02	0	0	0.55
22300	0.55	0.02	0.02	0	0	0.55
22400	0.55	0.02	0.02	0	0	0.55
22500	0.55	0.03	0.03	0	0	0.55
22600	0.55	0.03	0.03	0	0	0.55
22700	0.56	0.02	0.02	0	0	0.56
22800	0.56	0.04	0.04	0	0	0.56
22900	0.56	0.02	0.02	0	0	0.56
23000	0.57	0.02	0.02	0	0	0.57
23100	0.57	0.02	0.02	0	0	0.57
23200	0.57	0.01	0.01	0	0	0.57
23300	0.58	0.01	0.01	0	0	0.58
23400	0.58	0	0	0	0	0.58
23500	0.58	0	0	0	0	0.58
23600	0.59	0	0	0	0	0.59
23700	0.59	0	0	0	0	0.59
23800	0.59	0.01	0.01	0	0	0.59
23900	0.59	0.01	0.01	0	0	0.59
24000	0.59	0.01	0.01	0	0	0.59
24100	0.59	0.01	0.01	0	0	0.59
24200	0.59	0.02	0.02	0	0	0.59
24300	0.59	0.02	0.02	0	0	0.59
24400	0.59	0.02	0.02	0	0	0.59
24500	0.59	0.01	0.01	0	0	0.59
24600	0.59	0.01	0.01	0	0	0.59
24700	0.6	0	0	0	0	0.6
24800	0.6	0.01	0.01	0	0	0.6
24900	0.6	0.01	0.01	0	0	0.6
25000	0.6	0.01	0.01	0	0	0.6
25100	0.6	0.01	0.01	0	0	0.6
25200	0.6	0.03	0.03	0	0	0.6
25300	0.61	0.03	0.03	0	0	0.61
25400	0.61	0.02	0.02	0	0	0.61
25500	0.61	0.02	0.02	0	0	0.61
25600	0.61	0.01	0.01	0	0	0.61
25700	0.61	0.02	0.02	0	0	0.61
25800	0.61	0.01	0.01	0	0	0.61
25900	0.61	0.01	0.01	0	0	0.61
26000	0.61	0.01	0.01	0	0	0.61
26100	0.61	0.03	0.03	0	0	0.61
26200	0.61	0.02	0.02	0	0	0.61
26300	0.61	0.01	0.01	0	0	0.61
26400	0.61	0.01	0.01	0	0	0.61
26500	0.61	0.01	0.01	0	0	0.61
26600	0.61	0.02	0.02	0	0	0.61
26700	0.61	0.02	0.02	0	0	0.61
26800	0.61	0.02	0.02	0	0	0.61
26900	0.61	0.01	0.01	0	0	0.61
27000	0.61	0.01	0.01	0	0	0.61
27100	0.61	0.02	0.02	0	0	0.61
27200	0.61	0.01	0.01	0	0	0.61
27300	0.61	0.01	0.01	0	0	0.61
27400	0.61	0.05	0.05	0	0	0.61
27500	0.61	0.03	0.03	0	0	0.61
27600	0.61	0.03	0.03	0	0	0.61
27700	0.61	0.03	0.03	0	0	0.61
27800	0.62	0.02	0.02	0	0	0.62
27900	0.62	0.01	0.01	0	0	0.62
28000	0.62	0	0	0	0	0.62
28100	0.62	0.01	0.01	0	0	0.62
28200	0.62	0.01	0.01	0	0	0.62
28300	0.62	0.01	0.01	0	0	0.62
28400	0.62	0.02	0.02	0	0	0.62
28500	0.62	0.03	0.03	0	0	0.62
28600	0.62	0.03	0.03	0	0	0.62
28700	0.62	0.02	0.02	0	0	0.62
28800	0.62	0.02	0.02	0	0	0.62
28900	0.62	0.02	0.02	0	0	0.62
29000	0.62	0.01	0.01	0	0	0.62
29100	0.62	0	0	0	0	0.62
29200	0.62	0	0	0	0	0.62
29300	0.63	0	0	0	0	0.63
29400	0.63	0	0	0	0	0.63
29500	0.64	0.01	0.01	0	0	0.64
29600	0.64	0.01	0.01	0	0	0.64
29700	0.64	0.01	0.01	0	0	0.64
29800	0.64	0.02	0.02	0	0	0.64
29900	0.64	0.02	0.02	0	0	0.64
30000	0.64	0.01	0.01	0	0	0.64
30100	0.64	0.01	0.01	0	0	0.64
30200	0.65	0	0	0	0	0.65
30300	0.65	0	0	0	0	0.65
30400	0.65	0	0	0	0	0.65
30500	0.65	0	0	0	0	0.65
30600	0.66	0	0	0	0	0.66
30700	0.66	0.01	0.01	0	0	0.66
30800	0.66	0.02	0.02	0	0	0.66
30900	0.65	0.02	0.02	0	0	0.65
31000	0.65	0.01	0.01	0	0	0.65
31100	0.65	0.01	0.01	0	0	0.65
31200	0.65	0.01	0.01	0	0	0.65
31300	0.65	0.01	0.01	0	0	0.65
31400	0.65	0.01	0.01	0	0	0.65
31500	0.65	0.02	0.02	0	0	0.65
31600	0.65	0.03	0.03	0	0	0.65
31700	0.65	0.04	0.04	0	0	0.65
31800	0.65	0.04	0.04	0	0	0.65
31900	0.65	0.04	0.04	0	0	0.65
32000	0.65	0.03	0.03	0	0	0.65
32100	0.65	0.02	0.02	0	0	0.65
32200	0.65	0.03	0.03	0	0	0.65
32300	0.65	0.02	0.02	0	0	0.65
32400	0.65	0.02	0.02	0	0	0.65
32500	0.65	0.05	0.05	0	0	0.65
32600	0.65	0.03	0.03	0	0	0.65
32700	0.65	0.02	0.02	0	0	0.65
32800	0.65	0.02	0.02	0	0	0.65
32900	0.65	0.02	0.02	0	0	0.65
33000	0.64	0.01	0.01	0	0	0.64
33100	0.64	0	0	0	0	0.64
33200	0.64	0.01	0.01	0	0	0.64
33300	0.64	0.01	0.01	0	0	0.64
33400	0.64	0.01	0.01	0	0	0.64
33500	0.64	0.02	0.02	0	0	0.64
33600	0.64	0.02	0.02	0	0	0.64
33700	0.64	0.01	0.01	0	0	0.64
33800	0.64	0.01	0.01	0	0	0.64
33900	0.64	0.01	0.01	0	0	0.64
34000	0.64	0.02	0.02	0	0	0.64
34100	0.64	0.02	0.02	0	0	0.64
34200	0.64	0.02	0.02	0	0	0.64
34300	0.64	0.02	0.02	0	0	0.64
34400	0.64	0.01	0.01	0	0	0.64
34500	0.64	0.02	0.02	0	0	0.64
34600	0.64	0.02	0.02	0	0	0.64
34700	0.64	0.02	0.02	0	0	0.64
34800	0.64	0.01	0.01	0	0	0.64
34900	0.65	0.01	0.01	0	0	0.65
35000	0.65	0	0	0	0	0.65
35100	0.65	0	0	0	0	0.65
35200	0.65	0.01	0.01	0	0	0.65
35300	0.65	0.01	0.01	0	0	0.65
35400	0.65	0.01	0.01	0	0	0.65
35500	0.65	0.04	0.04	0	0	0.65
35600	0.65	0.03	0.03	0	0	0.65
35700	0.65	0.03	0.03	0	0	0.65
35800	0.65	0.02	0.02	0	0	0.65
35900	0.65	0.02	0.02	0	0	0.65
36000	0.64	0.04	0.04	0	0	0.64
36100	0.64	0.04	0.04	0	0	0.64
36200	0.64	0.04	0.04	0	0	0.64
36300	0.64	0.03	0.03	0	0	0.64
36400	0.64	0.02	0.02	0	0	0.64
36500	0.64	0.03	0.03	0	0	0.64
36600	0.64	0.02	0.02	0	0	0.64
36700	0.64	0.01	0.01	0	0	0.64
36800	0.64	0	0	0	0	0.64
36900	0.64	0	0	0	0	0.64
37000	0.64	0	0	0	0	0.64
37100	0.64	0.02	0.02	0	0	0.64
37200	0.64	0.02	0.02	0	0	0.64
37300	0.64	0.02	0.02	0	0	0.64
37400	0.64	0.01	0.01	0	0	0.64
37500	0.64	0.01	0.01	0	0	0.64
37600	0.64	0.01	0.01	0	0	0.64
37700	0.64	0	0	0	0	0.64
37800	0.64	0	0	0	0	0.64
37900	0.64	0.01	0.01	0	0	0.64
38000	0.64	0.02	0.02	0	0	0.64
38100	0.64	0.02	0.02	0	0	0.64
38200	0.64	0.03	0.03	0	0	0.64
38300	0.65	0.03	0.03	0	0	0.65
38400	0.65	0.03	0.03	0	0	0.65
38500	0.65	0.02	0.02	0	0	0.65
38600	0.65	0.02	0.02	0	0	0.65
38700	0.64	0.03	0.03	0	0	0.64
38800	0.64	0.03	0.03	0	0	0.64
38900	0.64	0	0	0	0	0.64
39000	0.64	0.01	0.01	0	0	0.64
39100	0.64	0.01	0.01	0	0	0.64
39200	0.64	0.01	0.01	0	0	0.64
39300	0.64	0	0	0	0	0.64
39400	0.64	0	0	0	0	0.64
39500	0.64	0	0	0	0	0.64
39600	0.64	0	0	0	0	0.64
39700	0.64	0.01	0.01	0	0	0.64
39800	0.64	0.01	0.01	0	0	0.64
39900	0.64	0.02	0.02	0	0	0.64
40000	0.64	0.02	0.02	0	0	0.64
40100	0.64	0.04	0.04	0	0	0.64
40200	0.64	0.04	0.04	0	0	0.64
40300	0.64	0.02	0.02	0	0	0.64
40400	0.65	0.02	0.02	0	0	0.65
40500	0.65	0	0	0	0	0.65
40600	0.65	0	0	0	0	0.65
40700	0.65	0.01	0.01	0	0	0.65
40800	0.65	0.01	0.01	0	0	0.65
40900	0.65	0	0	0	0	0.65
41000	0.65	0	0	0	0	0.65
41100	0.65	0.01	0.01	0	0	0.65
41200	0.65	0.01	0.01	0	0	0.65
41300	0.65	0.01	0.01	0	0	0.65
41400	0.65	0.01	0.01	0	0	0.65
41500	0.65	0.01	0.01	0	0	0.65
41600	0.65	0	0	0	0	0.65
41700	0.65	0	0	0	0	0.65
41800	0.65	0.01	0.01	0	0	0.65
41900	0.66	0.02	0.02	0	0	0.66
42000	0.66	0.03	0.03	0	0	0.66
42100	0.66	0.02	0.02	0	0	0.66
42200	0.66	0.01	0.01	0	0	0.66
42300	0.66	0	0	0	0	0.66
42400	0.66	0.01	0.01	0	0	0.66
42500	0.66	0.02	0.02	0	0	0.66
42600	0.66	0.02	0.02	0	0	0.66
42700	0.65	0.02	0.02	0	0	0.65
42800	0.65	0.01	0.01	0	0	0.65
42900	0.65	0.02	0.02	0	0	0.65
43000	0.65	0	0	0	0	0.65
43100	0.65	0.01	0.01	0	0	0.65
43200	0.65	0.02	0.02	0	0	0.65
43300	0.66	0.02	0.02	0	0	0.66
43400	0.66	0.03	0.03	0	0	0.66
43500	0.66	0.03	0.03	0	0	0.66
43600	0.66	0.02	0.02	0	0	0.66
43700	0.66	0.03	0.03	0	0	0.66
43800	0.66	0.02	0.02	0	0	0.66
43900	0.66	0.02	0.02	0	0	0.66
44000	0.66	0.02	0.02	0	0	0.66
44100	0.66	0.02	0.02	0	0	0.66
44200	0.66	0.01	0.01	0	0	0.66
44300	0.66	0.02	0.02	0	0	0.66
44400	0.66	0.02	0.02	0	0	0.66
44500	0.66	0.01	0.01	0	0	0.66
44600	0.66	0.01	0.01	0	0	0.66
44700	0.67	0.01	0.01	0	0	0.67
44800	0.67	0.01	0.01	0	0	0.67
44900	0.66	0.01	0.01	0	0	0.66
45000	0.66	0.01	0.01	0	0	0.66
45100	0.66	0.01	0.01	0	0	0.66
45200	0.66	0.01	0.01	0	0	0.66
45300	0.66	0	0	0	0	0.66
45400	0.67	0	0	0	0	0.67
45500	0.67	0.02	0.02	0	0	0.67
45600	0.66	0.02	0.02	0	0	0.66
45700	0.66	0.01	0.01	0	0	0.66
45800	0.66	0.01	0.01	0	0	0.66
45900	0.66	0.01	0.01	0	0	0.66
46000	0.66	0.01	0.01	0	0	0.66
46100	0.66	0	0	0	0	0.66
46200	0.66	0	0	0	0	0.66
46300	0.66	0.01	0.01	0	0	0.66
46400	0.66	0.02	0.02	0	0	0.66
46500	0.66	0.02	0.02	0	0	0.66
46600	0.66	0.03	0.03	0	0	0.66
46700	0.66	0.03	0.03	0	0	0.66
46800	0.66	0.02	0.02	0	0	0.66
46900	0.66	0.01	0.01	0	0	0.66
47000	0.66	0.02	0.02	0	0	0.66
47100	0.66	0.01	0.01	0	0	0.66
47200	0.66	0.01	0.01	0	0	0.66
47300	0.66	0.01	0.01	0	0	0.66
47400	0.66	0.01	0.01	0	0	0.66
47500	0.66	0.01	0.01	0	0	0.66
47600	0.66	0.01	0.01	0	0	0.66
47700	0.66	0.01	0.01	0	0	0.66
47800	0.66	0.01	0.01	0	0	0.66
47900	0.66	0.01	0.01	0	0	0.66
48000	0.66	0	0	0	0	0.66
48100	0.66	0.01	0.01	0	0	0.66
48200	0.66	0	0	0	0	0.66
48300	0.66	0	0	0	0	0.66
48400	0.66	0.01	0.01	0	0	0.66
48500	0.66	0	0	0	0	0.66
48600	0.66	0.01	0.01	0	0	0.66
48700	0.66	0.01	0.01	0	0	0.66
48800	0.66	0.02	0.02	0	0	0.66
48900	0.66	0.03	0.03	0	0	0.66
49000	0.66	0.02	0.02	0	0	0.66
49100	0.66	0	0	0	0	0.66
49200	0.66	0.01	0.01	0	0	0.66
49300	0.66	0.01	0.01	0	0	0.66
49400	0.66	0.03	0.03	0	0	0.66
49500	0.66	0.04	0.04	0	0	0.66
49600	0.66	0.04	0.04	0	0	0.66
49700	0.66	0.05	0.05	0	0	0.66
49800	0.67	0.03	0.03	0	0	0.67
49900	0.67	0.04	0.04	0	0	0.67
50000	0.67	0.02	0.02	0	0	0.67
50100	0.67	0.02	0.02	0	0	0.67
50200	0.67	0.01	0.01	0	0	0.67
50300	0.67	0.01	0.01	0	0	0.67
50400	0.67	0	0	0	0	0.67
50500	0.67	0	0	0	0	0.67
50600	0.66	0	0	0	0	0.66
50700	0.66	0	0	0	0	0.66
50800	0.66	0	0	0	0	0.66
50900	0.66	0.01	0.01	0	0	0.66
51000	0.66	0.02	0.02	0	0	0.66
51100	0.66	0	0	0	0	0.66
51200	0.66	0	0	0	0	0.66
51300	0.66	0.01	0.01	0	0	0.66
51400	0.66	0.01	0.01	0	0	0.66
51500	0.66	0.01	0.01	0	0	0.66
51600	0.66	0.02	0.02	0	0	0.66
51700	0.66	0.02	0.02	0	0	0.66
51800	0.66	0.02	0.02	0	0	0.66
51900	0.66	0.03	0.03	0	0	0.66
52000	0.66	0.03	0.03	0	0	0.66
52100	0.66	0.02	0.02	0	0	0.66
52200	0.66	0.03	0.03	0	0	0.66
52300	0.66	0.04	0.04	0	0	0.66
52400	0.66	0.03	0.03	0	0	0.66
52500	0.66	0.03	0.03	0	0	0.66
52600	0.66	0.03	0.03	0	0	0.66
52700	0.66	0.03	0.03	0	0	0.66
52800	0.66	0.02	0.02	0	0	0.66
52900	0.66	0	0	0	0	0.66
53000	0.66	0	0	0	0	0.66
53100	0.66	0	0	0	0	0.66
53200	0.66	0.01	0.01	0	0	0.66
53300	0.66	0.01	0.01	0	0	0.66
53400	0.66	0.01	0.01	0	0	0.66
53500	0.66	0.01	0.01	0	0	0.66
53600	0.66	0.02	0.02	0	0	0.66
53700	0.66	0.02	0.02	0	0	0.66
53800	0.66	0.01	0.01	0	0	0.66
53900	0.66	0	0	0	0	0.66
54000	0.66	0	0	0	0	0.66
54100	0.66	0.01	0.01	0	0	0.66
54200	0.66	0.01	0.01	0	0	0.66
54300	0.66	0.01	0.01	0	0	0.66
54400	0.66	0.01	0.01	0	0	0.66
54500	0.66	0.01	0.01	0	0	0.66
54600	0.66	0	0	0	0	0.66
54700	0.66	0	0	0	0	0.66
54800	0.66	0.01	0.01	0	0	0.66
54900	0.66	0.03	0.03	0	0	0.66
55000	0.66	0.03	0.03	0	0	0.66
55100	0.66	0.03	0.03	0	0	0.66
55200	0.66	0.02	0.02	0	0	0.66
55300	0.66	0.03	0.03	0	0	0.66
55400	0.66	0.01	0.01	0	0	0.66
55500	0.66	0.02	0.02	0	0	0.66
55600	0.66	0.03	0.03	0	0	0.66
55700	0.66	0.03	0.03	0	0	0.66
55800	0.66	0.03	0.03	0	0	0.66
55900	0.67	0.03	0.03	0	0	0.67
56000	0.67	0.03	0.03	0	0	0.67
56100	0.67	0.01	0.01	0	0	0.67
56200	0.68	0	0	0	0	0.68
56300	0.68	0.02	0.02	0	0	0.68
56400	0.68	0.02	0.02	0	0	0.68
56500	0.68	0.03	0.03	0	0	0.68
56600	0.68	0.03	0.03	0	0	0.68
56700	0.68	0.04	0.04	0	0	0.68
56800	0.68	0.02	0.02	0	0	0.68
56900	0.68	0.02	0.02	0	0	0.68
57000	0.68	0.02	0.02	0	0	0.68
57100	0.68	0.01	0.01	0	0	0.68
57200	0.68	0.01	0.01	0	0	0.68
57300	0.68	0.01	0.01	0	0	0.68
57400	0.68	0.03	0.03	0	0	0.68
57500	0.68	0.02	0.02	0	0	0.68
57600	0.68	0.03	0.03	0	0	0.68
57700	0.68	0.04	0.04	0	0	0.68
57800	0.68	0.03	0.03	0	0	0.68
57900	0.68	0.03	0.03	0	0	0.68
58000	0.68	0.03	0.03	0	0	0.68
58100	0.68	0.03	0.03	0	0	0.68
58200	0.68	0.02	0.02	0	0	0.68
58300	0.68	0.01	0.01	0	0	0.68
58400	0.68	0.01	0.01	0	0	0.68
58500	0.68	0	0	0	0	0.68
58600	0.68	0.02	0.02	0	0	0.68
58700	0.68	0.02	0.02	0	0	0.68
58800	0.68	0.02	0.02	0	0	0.68
58900	0.68	0.02	0.02	0	0	0.68
59000	0.68	0.03	0.03	0	0	0.68
59100	0.68	0.03	0.03	0	0	0.68
59200	0.68	0.02	0.02	0	0	0.68
59300	0.68	0.04	0.04	0	0	0.68
59400	0.68	0.02	0.02	0	0	0.68
59500	0.68	0	0	0	0	0.68
59600	0.68	0	0	0	0	0.68
59700	0.68	0	0	0	0	0.68
59800	0.68	0.01	0.01	0	0	0.68
59900	0.68	0.01	0.01	0	0	0.68
60000	0.68	0.01	0.01	0	0	0.68
60100	0.68	0.02	0.02	0	0	0.68
60200	0.68	0.02	0.02	0	0	0.68
60300	0.68	0.01	0.01	0	0	0.68
60400	0.68	0.02	0.02	0	0	0.68
60500	0.68	0.02	0.02	0	0	0.68
60600	0.68	0.02	0.02	0	0	0.68
60700	0.68	0.01	0.01	0	0	0.68
60800	0.68	0.01	0.01	0	0	0.68
60900	0.68	0.02	0.02	0	0	0.68
61000	0.68	0.01	0.01	0	0	0.68
61100	0.68	0.01	0.01	0	0	0.68
61200	0.68	0.01	0.01	0	0	0.68
61300	0.68	0.02	0.02	0	0	0.68
61400	0.68	0.01	0.01	0	0	0.68
61500	0.68	0.01	0.01	0	0	0.68
61600	0.68	0.02	0.02	0	0	0.68
61700	0.68	0.02	0.02	0	0	0.68
61800	0.68	0.02	0.02	0	0	0.68
61900	0.68	0.01	0.01	0	0	0.68
62000	0.68	0	0	0	0	0.68
62100	0.68	0	0	0	0	0.68
62200	0.68	0.01	0.01	0	0	0.68
62300	0.68	0.01	0.01	0	0	0.68
62400	0.67	0.01	0.01	0	0	0.67
62500	0.67	0.01	0.01	0	0	0.67
62600	0.66	0.01	0.01	0	0	0.66
62700	0.66	0.01	0.01	0	0	0.66
62800	0.66	0.02	0.02	0	0	0.66
62900	0.66	0.02	0.02	0	0	0.66
63000	0.66	0.02	0.02	0	0	0.66
63100	0.66	0.03	0.03	0	0	0.66
63200	0.67	0.02	0.02	0	0	0.67
63300	0.67	0.01	0.01	0	0	0.67
63400	0.67	0.01	0.01	0	0	0.67
63500	0.67	0.01	0.01	0	0	0.67
63600	0.67	0.01	0.01	0	0	0.67
63700	0.67	0.02	0.02	0	0	0.67
63800	0.67	0.04	0.04	0	0	0.67
63900	0.67	0.06	0.06	0	0	0.67
64000	0.67	0.05	0.05	0	0	0.67
64100	0.67	0.03	0.03	0	0	0.67
64200	0.67	0.02	0.02	0	0	0.67
64300	0.67	0.02	0.02	0	0	0.67
64400	0.66	0.02	0.02	0	0	0.66
64500	0.66	0.01	0.01	0	0	0.66
64600	0.66	0.01	0.01	0	0	0.66
64700	0.66	0.01	0.01	0	0	0.66
64800	0.66	0.01	0.01	0	0	0.66
64900	0.66	0.04	0.04	0	0	0.66
65000	0.66	0.02	0.02	0	0	0.66
65100	0.66	0.02	0.02	0	0	0.66
65200	0.66	0.04	0.04	0	0	0.66
65300	0.66	0.04	0.04	0	0	0.66
65400	0.66	0.03	0.03	0	0	0.66
65500	0.66	0.05	0.05	0	0	0.66
65600	0.66	0.04	0.04	0	0	0.66
65700	0.66	0.05	0.05	0	0	0.66
65800	0.66	0.03	0.03	0	0	0.66
65900	0.66	0.03	0.03	0	0	0.66
66000	0.65	0.02	0.02	0	0	0.65
66100	0.65	0.02	0.02	0	0	0.65
66200	0.65	0.01	0.01	0	0	0.65
66300	0.65	0.01	0.01	0	0	0.65
66400	0.65	0.01	0.01	0	0	0.65
66500	0.65	0	0	0	0	0.65
66600	0.65	0	0	0	0	0.65
66700	0.65	0	0	0	0	0.65
66800	0.64	0	0	0	0	0.64
66900	0.64	0.01	0.01	0	0	0.64
67000	0.64	0.01	0.01	0	0	0.64
67100	0.63	0.04	0.04	0	0	0.63
67200	0.63	0.01	0.01	0	0	0.63
67300	0.63	0.01	0.01	0	0	0.63
67400	0.63	0.02	0.02	0	0	0.63
67500	0.63	0.03	0.03	0	0	0.63
67600	0.64	0.03	0.03	0	0	0.64
67700	0.64	0.03	0.03	0	0	0.64
67800	0.64	0.02	0.02	0	0	0.64
67900	0.64	0.01	0.01	0	0	0.64
68000	0.64	0.02	0.02	0	0	0.64
68100	0.64	0.02	0.02	0	0	0.64
68200	0.64	0.01	0.01	0	0	0.64
68300	0.65	0.01	0.01	0	0	0.65
68400	0.65	0.02	0.02	0	0	0.65
68500	0.65	0.03	0.03	0	0	0.65
68600	0.65	0.03	0.03	0	0	0.65
68700	0.65	0.02	0.02	0	0	0.65
68800	0.65	0.01	0.01	0	0	0.65
68900	0.65	0.01	0.01	0	0	0.65
69000	0.65	0.01	0.01	0	0	0.65
69100	0.65	0.02	0.02	0	0	0.65
69200	0.65	0.04	0.04	0	0	0.65
69300	0.65	0.04	0.04	0	0	0.65
69400	0.65	0.02	0.02	0	0	0.65
69500	0.65	0.02	0.02	0	0	0.65
69600	0.65	0.01	0.01	0	0	0.65
69700	0.65	0.02	0.02	0	0	0.65
69800	0.65	0.03	0.03	0	0	0.65
69900	0.65	0.02	0.02	0	0	0.65
70000	0.65	0.01	0.01	0	0	0.65
70100	0.65	0.01	0.01	0	0	0.65
70200	0.65	0.01	0.01	0	0	0.65
70300	0.65	0.01	0.01	0	0	0.65
70400	0.65	0.01	0.01	0	0	0.65
70500	0.65	0.01	0.01	0	0	0.65
70600	0.65	0.01	0.01	0	0	0.65
70700	0.65	0.01	0.01	0	0	0.65
70800	0.65	0.01	0.01	0	0	0.65
70900	0.65	0.01	0.01	0	0	0.65
71000	0.65	0.01	0.01	0	0	0.65
71100	0.66	0.01	0.01	0	0	0.66
71200	0.66	0.01	0.01	0	0	0.66
71300	0.66	0	0	0	0	0.66
71400	0.66	0	0	0	0	0.66
71500	0.66	0	0	0	0	0.66
71600	0.66	0	0	0	0	0.66
71700	0.66	0	0	0	0	0.66
71800	0.66	0	0	0	0	0.66
71900	0.66	0	0	0	0	0.66
72000	0.66	0.01	0.01	0	0	0.66
72100	0.66	0.02	0.02	0	0	0.66
72200	0.66	0.01	0.01	0	0	0.66
72300	0.66	0	0	0	0	0.66
72400	0.66	0	0	0	0	0.66
72500	0.66	0	0	0	0	0.66
72600	0.66	0	0	0	0	0.66
72700	0.66	0.01	0.01	0	0	0.66
72800	0.66	0.01	0.01	0	0	0.66
72900	0.66	0.01	0.01	0	0	0.66
73000	0.66	0.01	0.01	0	0	0.66
73100	0.66	0.01	0.01	0	0	0.66
73200	0.66	0	0	0	0	0.66
73300	0.66	0	0	0	0	0.66
73400	0.66	0.01	0.01	0	0	0.66
73500	0.66	0.01	0.01	0	0	0.66
73600	0.66	0.02	0.02	0	0	0.66
73700	0.66	0.04	0.04	0	0	0.66
73800	0.66	0.03	0.03	0	0	0.66
73900	0.66	0.04	0.04	0	0	0.66
74000	0.66	0.01	0.01	0	0	0.66
74100	0.67	0.03	0.03	0	0	0.67
74200	0.67	0.03	0.03	0	0	0.67
74300	0.67	0.03	0.03	0	0	0.67
74400	0.67	0.04	0.04	0	0	0.67
74500	0.67	0.04	0.04	0	0	0.67
74600	0.67	0.03	0.03	0	0	0.67
74700	0.67	0.01	0.01	0	0	0.67
74800	0.67	0.02	0.02	0	0	0.67
74900	0.67	0.02	0.02	0	0	0.67
75000	0.67	0.02	0.02	0	0	0.67
75100	0.67	0.02	0.02	0	0	0.67
75200	0.67	0.02	0.02	0	0	0.67
75300	0.67	0.02	0.02	0	0	0.67
75400	0.67	0	0	0	0	0.67
75500	0.67	0	0	0	0	0.67
75600	0.67	0	0	0	0	0.67
75700	0.67	0	0	0	0	0.67
75800	0.67	0.01	0.01	0	0	0.67
75900	0.67	0.02	0.02	0	0	0.67
76000	0.67	0.01	0.01	0	0	0.67
76100	0.67	0.02	0.02	0	0	0.67
76200	0.67	0.02	0.02	0	0	0.67
76300	0.67	0.01	0.01	0	0	0.67
76400	0.67	0.01	0.01	0	0	0.67
76500	0.67	0.01	0.01	0	0	0.67
76600	0.67	0.03	0.03	0	0	0.67
76700	0.68	0.02	0.02	0	0	0.68
76800	0.68	0.04	0.04	0	0	0.68
76900	0.68	0.03	0.03	0	0	0.68
77000	0.68	0.03	0.03	0	0	0.68
77100	0.68	0.02	0.02	0	0	0.68
77200	0.67	0.02	0.02	0	0	0.67
77300	0.67	0.01	0.01	0	0	0.67
77400	0.67	0.01	0.01	0	0	0.67
77500	0.66	0	0	0	0	0.66
77600	0.66	0	0	0	0	0.66
77700	0.66	0	0	0	0	0.66
77800	0.66	0	0	0	0	0.66
77900	0.66	0	0	0	0	0.66
78000	0.66	0	0	0	0	0.66
78100	0.66	0.01	0.01	0	0	0.66
78200	0.66	0.02	0.02	0	0	0.66
78300	0.66	0.03	0.03	0	0	0.66
78400	0.66	0.02	0.02	0	0	0.66
78500	0.66	0.01	0.01	0	0	0.66
78600	0.66	0.01	0.01	0	0	0.66
78700	0.67	0.01	0.01	0	0	0.67
78800	0.67	0.01	0.01	0	0	0.67
78900	0.67	0.04	0.04	0	0	0.67
79000	0.67	0.04	0.04	0	0	0.67
79100	0.67	0.01	0.01	0	0	0.67
79200	0.67	0.01	0.01	0	0	0.67
79300	0.67	0.02	0.02	0	0	0.67
79400	0.67	0.01	0.01	0	0	0.67
79500	0.67	0.01	0.01	0	0	0.67
79600	0.67	0.01	0.01	0	0	0.67
79700	0.67	0.01	0.01	0	0	0.67
79800	0.67	0.03	0.03	0	0	0.67
79900	0.67	0.02	0.02	0	0	0.67
80000	0.67	0.03	0.03	0	0	0.67
80100	0.67	0.02	0.02	0	0	0.67
80200	0.67	0.02	0.02	0	0	0.67
80300	0.67	0.02	0.02	0	0	0.67
80400	0.67	0.01	0.01	0	0	0.67
80500	0.67	0.01	0.01	0	0	0.67
80600	0.67	0.02	0.02	0	0	0.67
80700	0.67	0.01	0.01	0	0	0.67
80800	0.67	0.01	0.01	0	0	0.67
80900	0.67	0.01	0.01	0	0	0.67
81000	0.67	0.02	0.02	0	0	0.67
81100	0.67	0.03	0.03	0	0	0.67
81200	0.67	0.03	0.03	0	0	0.67
81300	0.67	0.03	0.03	0	0	0.67
81400	0.67	0.03	0.03	0	0	0.67
81500	0.67	0.04	0.04	0	0	0.67
81600	0.67	0.02	0.02	0	0	0.67
81700	0.67	0.01	0.01	0	0	0.67
81800	0.67	0.02	0.02	0	0	0.67
81900	0.67	0.02	0.02	0	0	0.67
82000	0.67	0.01	0.01	0	0	0.67
82100	0.67	0.01	0.01	0	0	0.67
82200	0.67	0.01	0.01	0	0	0.67
82300	0.67	0.02	0.02	0	0	0.67
82400	0.67	0.03	0.03	0	0	0.67
82500	0.67	0.06	0.06	0	0	0.67
82600	0.67	0.06	0.06	0	0	0.67
82700	0.67	0.07	0.07	0	0	0.67
82800	0.67	0.05	0.05	0	0	0.67
82900	0.67	0.05	0.05	0	0	0.67
83000	0.67	0.02	0.02	0	0	0.67
83100	0.67	0.01	0.01	0	0	0.67
83200	0.67	0.01	0.01	0	0	0.67
83300	0.67	0	0	0	0	0.67
83400	0.67	0	0	0	0	0.67
83500	0.67	0.01	0.01	0	0	0.67
83600	0.67	0.02	0.02	0	0	0.67
83700	0.67	0.04	0.04	0	0	0.67
83800	0.67	0.04	0.04	0	0	0.67
83900	0.67	0.05	0.05	0	0	0.67
84000	0.67	0.05	0.05	0	0	0.67
84100	0.67	0.04	0.04	0	0	0.67
84200	0.67	0.03	0.03	0	0	0.67
84300	0.67	0.03	0.03	0	0	0.67
84400	0.67	0.03	0.03	0	0	0.67
84500	0.68	0.03	0.03	0	0	0.68
84600	0.68	0.03	0.03	0	0	0.68
84700	0.68	0.02	0.02	0	0	0.68
84800	0.68	0.02	0.02	0	0	0.68
84900	0.68	0.02	0.02	0	0	0.68
85000	0.68	0.02	0.02	0	0	0.68
85100	0.68	0.01	0.01	0	0	0.68
85200	0.68	0.01	0.01	0	0	0.68
85300	0.68	0.02	0.02	0	0	0.68
85400	0.68	0.02	0.02	0	0	0.68
85500	0.68	0.02	0.02	0	0	0.68
85600	0.68	0.01	0.01	0	0	0.68
85700	0.68	0	0	0	0	0.68
85800	0.68	0.01	0.01	0	0	0.68
85900	0.68	0.01	0.01	0	0	0.68
86000	0.68	0.01	0.01	0	0	0.68
86100	0.68	0.02	0.02	0	0	0.68
86200	0.68	0.02	0.02	0	0	0.68
86300	0.67	0.01	0.01	0	0	0.67
86400	0.67	0.01	0.01	0	0	0.67
86500	0.67	0.01	0.01	0	0	0.67
86600	0.67	0.02	0.02	0	0	0.67
86700	0.67	0.01	0.01	0	0	0.67
86800	0.67	0.01	0.01	0	0	0.67
86900	0.67	0.04	0.04	0	0	0.67
87000	0.68	0.04	0.04	0	0	0.68
87100	0.68	0.04	0.04	0	0	0.68
87200	0.68	0.04	0.04	0	0	0.68
87300	0.68	0.04	0.04	0	0	0.68
87400	0.68	0.02	0.02	0	0	0.68
87500	0.68	0.01	0.01	0	0	0.68
87600	0.68	0.01	0.01	0	0	0.68
87700	0.68	0.02	0.02	0	0	0.68
87800	0.68	0.01	0.01	0	0	0.68
87900	0.68	0.01	0.01	0	0	0.68
88000	0.68	0.03	0.03	0	0	0.68
88100	0.68	0.03	0.03	0	0	0.68
88200	0.68	0.01	0.01	0	0	0.68
88300	0.68	0.01	0.01	0	0	0.68
88400	0.68	0.01	0.01	0	0	0.68
88500	0.68	0.01	0.01	0	0	0.68
88600	0.68	0.01	0.01	0	0	0.68
88700	0.68	0.01	0.01	0	0	0.68
88800	0.68	0.01	0.01	0	0	0.68
88900	0.68	0.01	0.01	0	0	0.68
89000	0.68	0.01	0.01	0	0	0.68
89100	0.68	0.01	0.01	0	0	0.68
89200	0.68	0	0	0	0	0.68
89300	0.68	0.02	0.02	0	0	0.68
89400	0.68	0.02	0.02	0	0	0.68
89500	0.68	0.01	0.01	0	0	0.68
89600	0.68	0.01	0.01	0	0	0.68
89700	0.68	0.01	0.01	0	0	0.68
89800	0.68	0.01	0.01	0	0	0.68
89900	0.68	0	0	0	0	0.68
90000	0.68	0	0	0	0	0.68
90100	0.68	0	0	0	0	0.68
90200	0.68	0.01	0.01	0	0	0.68
90300	0.69	0.01	0.01	0	0	0.69
90400	0.69	0.01	0.01	0	0	0.69
90500	0.69	0.01	0.01	0	0	0.69
90600	0.69	0.01	0.01	0	0	0.69
90700	0.69	0.01	0.01	0	0	0.69
90800	0.69	0.01	0.01	0	0	0.69
90900	0.69	0.01	0.01	0	0	0.69
91000	0.69	0.01	0.01	0	0	0.69
91100	0.69	0.01	0.01	0	0	0.69
91200	0.69	0.01	0.01	0	0	0.69
91300	0.69	0	0	0	0	0.69
91400	0.69	0.01	0.01	0	0	0.69
91500	0.69	0.01	0.01	0	0	0.69
91600	0.69	0.01	0.01	0	0	0.69
91700	0.69	0.01	0.01	0	0	0.69
91800	0.69	0.03	0.03	0	0	0.69
91900	0.69	0.04	0.04	0	0	0.69
92000	0.68	0.03	0.03	0	0	0.68
92100	0.68	0.03	0.03	0	0	0.68
92200	0.69	0.03	0.03	0	0	0.69
92300	0.69	0.02	0.02	0	0	0.69
92400	0.69	0.01	0.01	0	0	0.69
92500	0.69	0.01	0.01	0	0	0.69
92600	0.69	0	0	0	0	0.69
92700	0.69	0	0	0	0	0.69
92800	0.69	0	0	0	0	0.69
92900	0.69	0	0	0	0	0.69
93000	0.69	0	0	0	0	0.69
93100	0.69	0	0	0	0	0.69
93200	0.69	0	0	0	0	0.69
93300	0.69	0	0	0	0	0.69
93400	0.69	0	0	0	0	0.69
93500	0.69	0	0	0	0	0.69
93600	0.69	0	0	0	0	0.69
93700	0.69	0	0	0	0	0.69
93800	0.69	0.01	0.01	0	0	0.69
93900	0.69	0.03	0.03	0	0	0.69
94000	0.69	0.04	0.04	0	0	0.69
94100	0.69	0.05	0.05	0	0	0.69
94200	0.69	0.04	0.04	0	0	0.69
94300	0.69	0.01	0.01	0	0	0.69
94400	0.69	0.01	0.01	0	0	0.69
94500	0.69	0	0	0	0	0.69
94600	0.69	0	0	0	0	0.69
94700	0.69	0.02	0.02	0	0	0.69
94800	0.69	0.03	0.03	0	0	0.69
94900	0.69	0.03	0.03	0	0	0.69
95000	0.69	0.02	0.02	0	0	0.69
95100	0.69	0.02	0.02	0	0	0.69
95200	0.69	0.02	0.02	0	0	0.69
95300	0.69	0.02	0.02	0	0	0.69
95400	0.69	0.02	0.02	0	0	0.69
95500	0.69	0.02	0.02	0	0	0.69
95600	0.69	0.02	0.02	0	0	0.69
95700	0.69	0.02	0.02	0	0	0.69
95800	0.69	0	0	0	0	0.69
95900	0.69	0.02	0.02	0	0	0.69
96000	0.69	0.02	0.02	0	0	0.69
96100	0.69	0.03	0.03	0	0	0.69
96200	0.69	0.03	0.03	0	0	0.69
96300	0.69	0.03	0.03	0	0	0.69
96400	0.69	0.02	0.02	0	0	0.69
96500	0.69	0	0	0	0	0.69
96600	0.69	0	0	0	0	0.69
96700	0.68	0	0	0	0	0.68
96800	0.68	0.01	0.01	0	0	0.68
96900	0.68	0.01	0.01	0	0	0.68
97000	0.68	0.01	0.01	0	0	0.68
97100	0.68	0.02	0.02	0	0	0.68
97200	0.68	0.02	0.02	0	0	0.68
97300	0.68	0.01	0.01	0	0	0.68
97400	0.68	0.02	0.02	0	0	0.68
97500	0.68	0.02	0.02	0	0	0.68
97600	0.68	0.02	0.02	0	0	0.68
97700	0.68	0.02	0.02	0	0	0.68
97800	0.68	0.02	0.02	0	0	0.68
97900	0.68	0.01	0.01	0	0	0.68
98000	0.68	0	0	0	0	0.68
98100	0.68	0.01	0.01	0	0	0.68
98200	0.68	0.03	0.03	0	0	0.68
98300	0.68	0.02	0.02	0	0	0.68
98400	0.68	0.02	0.02	0	0	0.68
98500	0.68	0.02	0.02	0	0	0.68
98600	0.68	0.01	0.01	0	0	0.68
98700	0.68	0.01	0.01	0	0	0.68
98800	0.68	0	0	0	0	0.68
98900	0.68	0.01	0.01	0	0	0.68
99000	0.68	0	0	0	0	0.68
99100	0.68	0.01	0.01	0	0	0.68
99200	0.68	0.02	0.02	0	0	0.68
99300	0.68	0.03	0.03	0	0	0.68
99400	0.68	0.04	0.04	0	0	0.68
99500	0.68	0.04	0.04	0	0	0.68
99600	0.68	0.02	0.02	0	0	0.68
99700	0.68	0.01	0.01	0	0	0.68
99800	0.68	0.01	0.01	0	0	0.68
99900	0.68	0.01	0.01	0	0	0.68
100000	0.68	0	0	0	0	0.68
100100	0.68	0.01	0.01	0	0	0.68
100200	0.68	0.02	0.02	0	0	0.68
100300	0.68	0.02	0.02	0	0	0.68
100400	0.68	0.01	0.01	0	0	0.68
100500	0.68	0	0	0	0	0.68
100600	0.68	0.01	0.01	0	0	0.68
100700	0.68	0.01	0.01	0	0	0.68
100800	0.68	0.02	0.02	0	0	0.68
100900	0.68	0.03	0.03	0	0	0.68
101000	0.68	0.04	0.04	0	0	0.68
101100	0.68	0.03	0.03	0	0	0.68
101200	0.68	0.04	0.04	0	0	0.68
101300	0.68	0.04	0.04	0	0	0.68
101400	0.68	0.04	0.04	0	0	0.68
101500	0.68	0.03	0.03	0	0	0.68
101600	0.68	0.02	0.02	0	0	0.68
101700	0.68	0	0	0	0	0.68
101800	0.68	0	0	0	0	0.68
101900	0.68	0	0	0	0	0.68
102000	0.68	0	0	0	0	0.68
102100	0.68	0	0	0	0	0.68
102200	0.68	0	0	0	0	0.68
102300	0.68	0	0	0	0	0.68
102400	0.68	0	0	0	0	0.68
102500	0.68	0.01	0.01	0	0	0.68
102600	0.68	0.01	0.01	0	0	0.68
102700	0.68	0.01	0.01	0	0	0.68
102800	0.68	0.02	0.02	0	0	0.68
102900	0.68	0.02	0.02	0	0	0.68
103000	0.68	0.03	0.03	0	0	0.68
103100	0.68	0.02	0.02	0	0	0.68
103200	0.68	0.03	0.03	0	0	0.68
103300	0.68	0.05	0.05	0	0	0.68
103400	0.68	0.05	0.05	0	0	0.68
103500	0.68	0.04	0.04	0	0	0.68
103600	0.68	0.02	0.02	0	0	0.68
103700	0.68	0.01	0.01	0	0	0.68
103800	0.68	0.01	0.01	0	0	0.68
103900	0.68	0.01	0.01	0	0	0.68
104000	0.68	0.01	0.01	0	0	0.68
104100	0.68	0.01	0.01	0	0	0.68
104200	0.68	0.02	0.02	0	0	0.68
104300	0.68	0.03	0.03	0	0	0.68
104400	0.68	0.04	0.04	0	0	0.68
104500	0.68	0.05	0.05	0	0	0.68
104600	0.68	0.04	0.04	0	0	0.68
104700	0.67	0.03	0.03	0	0	0.67
104800	0.67	0.01	0.01	0	0	0.67
104900	0.67	0.02	0.02	0	0	0.67
105000	0.67	0.02	0.02	0	0	0.67
105100	0.67	0.02	0.02	0	0	0.67
105200	0.67	0.02	0.02	0	0	0.67
105300	0.67	0.02	0.02	0	0	0.67
105400	0.68	0.01	0.01	0	0	0.68
105500	0.68	0.01	0.01	0	0	0.68
105600	0.68	0.01	0.01	0	0	0.68
105700	0.67	0.01	0.01	0	0	0.67
105800	0.67	0.01	0.01	0	0	0.67
105900	0.67	0.01	0.01	0	0	0.67
106000	0.67	0.01	0.01	0	0	0.67
106100	0.67	0.03	0.03	0	0	0.67
106200	0.67	0.03	0.03	0	0	0.67
106300	0.67	0.03	0.03	0	0	0.67
106400	0.67	0.03	0.03	0	0	0.67
106500	0.67	0.02	0.02	0	0	0.67
106600	0.67	0.03	0.03	0	0	0.67
106700	0.67	0.02	0.02	0	0	0.67
106800	0.67	0.02	0.02	0	0	0.67
106900	0.67	0.02	0.02	0	0	0.67
107000	0.67	0.01	0.01	0	0	0.67
107100	0.67	0.01	0.01	0	0	0.67
107200	0.67	0.01	0.01	0	0	0.67
107300	0.67	0	0	0	0	0.67
107400	0.67	0	0	0	0	0.67
107500	0.67	0	0	0	0	0.67
107600	0.67	0	0	0	0	0.67
107700	0.67	0.01	0.01	0	0	0.67
107800	0.67	0.02	0.02	0	0	0.67
107900	0.67	0.02	0.02	0	0	0.67
108000	0.67	0.02	0.02	0	0	0.67
108100	0.67	0.02	0.02	0	0	0.67
108200	0.67	0.02	0.02	0	0	0.67
108300	0.67	0.02	0.02	0	0	0.67
108400	0.67	0.02	0.02	0	0	0.67
108500	0.67	0.02	0.02	0	0	0.67
108600	0.67	0.02	0.02	0	0	0.67
108700	0.67	0.01	0.01	0	0	0.67
108800	0.67	0.02	0.02	0	0	0.67
108900	0.67	0	0	0	0	0.67
109000	0.67	0	0	0	0	0.67
109100	0.67	0	0	0	0	0.67
109200	0.67	0	0	0	0	0.67
109300	0.67	0	0	0	0	0.67
109400	0.67	0	0	0	0	0.67
109500	0.67	0	0	0	0	0.67
109600	0.67	0	0	0	0	0.67
109700	0.67	0	0	0	0	0.67
109800	0.67	0	0	0	0	0.67
109900	0.67	0	0	0	0	0.67
110000	0.67	0	0	0	0	0.67
110100	0.67	0.01	0.01	0	0	0.67
110200	0.67	0.01	0.01	0	0	0.67
110300	0.67	0.01	0.01	0	0	0.67
110400	0.67	0.02	0.02	0	0	0.67
110500	0.67	0.02	0.02	0	0	0.67
110600	0.67	0.02	0.02	0	0	0.67
110700	0.67	0.03	0.03	0	0	0.67
110800	0.67	0.03	0.03	0	0	0.67
110900	0.67	0.01	0.01	0	0	0.67
111000	0.67	0.01	0.01	0	0	0.67
111100	0.67	0.01	0.01	0	0	0.67
111200	0.67	0.01	0.01	0	0	0.67
111300	0.67	0	0	0	0	0.67
111400	0.67	0	0	0	0	0.67
111500	0.67	0.01	0.01	0	0	0.67
111600	0.67	0.01	0.01	0	0	0.67
111700	0.67	0	0	0	0	0.67
111800	0.67	0	0	0	0	0.67
111900	0.67	0.01	0.01	0	0	0.67
112000	0.67	0.01	0.01	0	0	0.67
112100	0.67	0.01	0.01	0	0	0.67
112200	0.67	0	0	0	0	0.67
112300	0.67	0	0	0	0	0.67
112400	0.67	0	0	0	0	0.67
112500	0.67	0.01	0.01	0	0	0.67
112600	0.67	0.02	0.02	0	0	0.67
112700	0.67	0.03	0.03	0	0	0.67
112800	0.67	0.05	0.05	0	0	0.67
112900	0.67	0.05	0.05	0	0	0.67
113000	0.67	0.05	0.05	0	0	0.67
113100	0.67	0.04	0.04	0	0	0.67
113200	0.67	0.03	0.03	0	0	0.67
113300	0.67	0.03	0.03	0	0	0.67
113400	0.67	0.01	0.01	0	0	0.67
113500	0.67	0.01	0.01	0	0	0.67
113600	0.67	0.02	0.02	0	0	0.67
113700	0.67	0.02	0.02	0	0	0.67
113800	0.67	0.02	0.02	0	0	0.67
113900	0.67	0.01	0.01	0	0	0.67
114000	0.67	0.01	0.01	0	0	0.67
114100	0.67	0	0	0	0	0.67
114200	0.67	0	0	0	0	0.67
114300	0.67	0	0	0	0	0.67
114400	0.67	0	0	0	0	0.67
114500	0.67	0	0	0	0	0.67
114600	0.67	0	0	0	0	0.67
114700	0.67	0	0	0	0	0.67
114800	0.67	0.02	0.02	0	0	0.67
114900	0.67	0.02	0.02	0	0	0.67
115000	0.67	0.03	0.03	0	0	0.67
115100	0.67	0.02	0.02	0	0	0.67
115200	0.67	0.03	0.03	0	0	0.67
115300	0.67	0.02	0.02	0	0	0.67
115400	0.67	0.01	0.01	0	0	0.67
115500	0.67	0.01	0.01	0	0	0.67
115600	0.66	0.01	0.01	0	0	0.66
115700	0.66	0.01	0.01	0	0	0.66
115800	0.66	0	0	0	0	0.66
115900	0.66	0	0	0	0	0.66
116000	0.66	0.01	0.01	0	0	0.66
116100	0.66	0.02	0.02	0	0	0.66
116200	0.66	0.02	0.02	0	0	0.66
116300	0.66	0.02	0.02	0	0	0.66
116400	0.66	0.01	0.01	0	0	0.66
116500	0.67	0.01	0.01	0	0	0.67
116600	0.67	0.01	0.01	0	0	0.67
116700	0.67	0.02	0.02	0	0	0.67
116800	0.67	0.02	0.02	0	0	0.67
116900	0.67	0.02	0.02	0	0	0.67
117000	0.67	0.03	0.03	0	0	0.67
117100	0.67	0.03	0.03	0	0	0.67
117200	0.67	0.01	0.01	0	0	0.67
117300	0.67	0	0	0	0	0.67
117400	0.67	0	0	0	0	0.67
117500	0.67	0.02	0.02	0	0	0.67
117600	0.67	0.03	0.03	0	0	0.67
117700	0.67	0.04	0.04	0	0	0.67
117800	0.67	0.05	0.05	0	0	0.67
117900	0.67	0.05	0.05	0	0	0.67
118000	0.67	0.04	0.04	0	0	0.67
118100	0.67	0.04	0.04	0	0	0.67
118200	0.67	0.03	0.03	0	0	0.67
118300	0.67	0.03	0.03	0	0	0.67
118400	0.67	0.04	0.04	0	0	0.67
118500	0.67	0.04	0.04	0	0	0.67
118600	0.67	0.03	0.03	0	0	0.67
118700	0.67	0.02	0.02	0	0	0.67
118800	0.67	0.01	0.01	0	0	0.67
118900	0.67	0.01	0.01	0	0	0.67
119000	0.67	0	0	0	0	0.67
119100	0.67	0.01	0.01	0	0	0.67
119200	0.67	0.02	0.02	0	0	0.67
119300	0.67	0.01	0.01	0	0	0.67
119400	0.67	0.01	0.01	0	0	0.67
119500	0.67	0.01	0.01	0	0	0.67
119600	0.67	0.02	0.02	0	0	0.67
119700	0.67	0.03	0.03	0	0	0.67
119800	0.67	0	0	0	0	0.67
119900	0.67	0	0	0	0	0.67
120000	0.67	0	0	0	0	0.67
120100	0.67	0.02	0.02	0	0	0.67
120200	0.67	0.02	0.02	0	0	0.67
120300	0.67	0.02	0.02	0	0	0.67
120400	0.67	0.01	0.01	0	0	0.67
120500	0.67	0.01	0.01	0	0	0.67
120600	0.67	0.01	0.01	0	0	0.67
120700	0.67	0.01	0.01	0	0	0.67
120800	0.67	0.01	0.01	0	0	0.67
120900	0.67	0.01	0.01	0	0	0.67
121000	0.66	0.01	0.01	0	0	0.66
121100	0.66	0.01	0.01	0	0	0.66
121200	0.66	0.01	0.01	0	0	0.66
121300	0.66	0.01	0.01	0	0	0.66
121400	0.66	0.01	0.01	0	0	0.66
121500	0.66	0.01	0.01	0	0	0.66
121600	0.66	0.02	0.02	0	0	0.66
121700	0.66	0.01	0.01	0	0	0.66
121800	0.66	0.01	0.01	0	0	0.66
121900	0.66	0.02	0.02	0	0	0.66
122000	0.66	0.02	0.02	0	0	0.66
122100	0.66	0.03	0.03	0	0	0.66
122200	0.66	0	0	0	0	0.66
122300	0.66	0	0	0	0	0.66
122400	0.66	0	0	0	0	0.66
122500	0.66	0.01	0.01	0	0	0.66
122600	0.66	0.01	0.01	0	0	0.66
122700	0.66	0.01	0.01	0	0	0.66
122800	0.66	0.01	0.01	0	0	0.66
122900	0.66	0.02	0.02	0	0	0.66
123000	0.66	0.01	0.01	0	0	0.66
123100	0.67	0	0	0	0	0.67
123200	0.67	0	0	0	0	0.67
123300	0.67	0	0	0	0	0.67
123400	0.66	0.01	0.01	0	0	0.66
123500	0.66	0.02	0.02	0	0	0.66
123600	0.66	0.02	0.02	0	0	0.66
123700	0.66	0.03	0.03	0	0	0.66
123800	0.66	0.01	0.01	0	0	0.66
123900	0.66	0.01	0.01	0	0	0.66
124000	0.66	0.01	0.01	0	0	0.66
124100	0.66	0	0	0	0	0.66
124200	0.66	0	0	0	0	0.66
124300	0.66	0.01	0.01	0	0	0.66
124400	0.66	0.02	0.02	0	0	0.66
124500	0.66	0.02	0.02	0	0	0.66
124600	0.67	0.02	0.02	0	0	0.67
124700	0.67	0.03	0.03	0	0	0.67
124800	0.67	0.03	0.03	0	0	0.67
124900	0.67	0.01	0.01	0	0	0.67
125000	0.67	0.01	0.01	0	0	0.67
125100	0.67	0.01	0.01	0	0	0.67
125200	0.67	0.01	0.01	0	0	0.67
125300	0.67	0.01	0.01	0	0	0.67
125400	0.67	0.01	0.01	0	0	0.67
125500	0.67	0.01	0.01	0	0	0.67
125600	0.67	0.01	0.01	0	0	0.67
125700	0.67	0.01	0.01	0	0	0.67
125800	0.67	0.01	0.01	0	0	0.67
125900	0.67	0	0	0	0	0.67
126000	0.67	0.01	0.01	0	0	0.67
126100	0.68	0.01	0.01	0	0	0.68
126200	0.68	0.02	0.02	0	0	0.68
126300	0.68	0.02	0.02	0	0	0.68
126400	0.68	0.02	0.02	0	0	0.68
126500	0.68	0.02	0.02	0	0	0.68
126600	0.68	0	0	0	0	0.68
126700	0.68	0	0	0	0	0.68
126800	0.68	0.01	0.01	0	0	0.68
126900	0.68	0.02	0.02	0	0	0.68
127000	0.68	0.02	0.02	0	0	0.68
127100	0.68	0.02	0.02	0	0	0.68
127200	0.68	0.03	0.03	0	0	0.68
127300	0.68	0.03	0.03	0	0	0.68
127400	0.68	0.03	0.03	0	0	0.68
127500	0.68	0.02	0.02	0	0	0.68
127600	0.68	0.01	0.01	0	0	0.68
127700	0.68	0.02	0.02	0	0	0.68
127800	0.68	0.02	0.02	0	0	0.68
127900	0.68	0.02	0.02	0	0	0.68
128000	0.68	0.03	0.03	0	0	0.68
128100	0.68	0.03	0.03	0	0	0.68
128200	0.68	0.02	0.02	0	0	0.68
128300	0.68	0.02	0.02	0	0	0.68
128400	0.68	0.02	0.02	0	0	0.68
128500	0.68	0.02	0.02	0	0	0.68
128600	0.68	0.01	0.01	0	0	0.68
128700	0.68	0.01	0.01	0	0	0.68
128800	0.68	0.01	0.01	0	0	0.68
128900	0.67	0.01	0.01	0	0	0.67
129000	0.67	0.01	0.01	0	0	0.67
129100	0.67	0.01	0.01	0	0	0.67
129200	0.67	0	0	0	0	0.67
129300	0.67	0	0	0	0	0.67
129400	0.67	0.01	0.01	0	0	0.67
129500	0.67	0.01	0.01	0	0	0.67
129600	0.67	0.01	0.01	0	0	0.67
129700	0.67	0.02	0.02	0	0	0.67
129800	0.67	0.01	0.01	0	0	0.67
129900	0.67	0.01	0.01	0	0	0.67
130000	0.67	0	0	0	0	0.67
130100	0.67	0	0	0	0	0.67
130200	0.67	0.01	0.01	0	0	0.67
130300	0.67	0.02	0.02	0	0	0.67
130400	0.67	0.01	0.01	0	0	0.67
130500	0.67	0.01	0.01	0	0	0.67
130600	0.67	0.02	0.02	0	0	0.67
130700	0.67	0.01	0.01	0	0	0.67
130800	0.67	0	0	0	0	0.67
130900	0.67	0.02	0.02	0	0	0.67
131000	0.67	0.02	0.02	0	0	0.67
131100	0.67	0.02	0.02	0	0	0.67
131200	0.66	0.02	0.02	0	0	0.66
131300	0.66	0.02	0.02	0	0	0.66
131400	0.66	0.01	0.01	0	0	0.66
131500	0.67	0.01	0.01	0	0	0.67
131600	0.67	0.02	0.02	0	0	0.67
131700	0.67	0.02	0.02	0	0	0.67
131800	0.67	0.02	0.02	0	0	0.67
131900	0.67	0.02	0.02	0	0	0.67
132000	0.67	0.01	0.01	0	0	0.67
132100	0.67	0.02	0.02	0	0	0.67
132200	0.67	0.01	0.01	0	0	0.67
132300	0.67	0.01	0.01	0	0	0.67
132400	0.67	0.01	0.01	0	0	0.67
132500	0.67	0.01	0.01	0	0	0.67
132600	0.67	0.01	0.01	0	0	0.67
132700	0.67	0.05	0.05	0	0	0.67
132800	0.67	0.05	0.05	0	0	0.67
132900	0.67	0.06	0.06	0	0	0.67
133000	0.67	0.01	0.01	0	0	0.67
133100	0.67	0.01	0.01	0	0	0.67
133200	0.67	0.01	0.01	0	0	0.67
133300	0.67	0.01	0.01	0	0	0.67
133400	0.67	0.01	0.01	0	0	0.67
133500	0.67	0.01	0.01	0	0	0.67
133600	0.67	0.02	0.02	0	0	0.67
133700	0.67	0.01	0.01	0	0	0.67
133800	0.67	0	0	0	0	0.67
133900	0.67	0	0	0	0	0.67
134000	0.67	0.01	0.01	0	0	0.67
134100	0.67	0.01	0.01	0	0	0.67
134200	0.67	0.01	0.01	0	0	0.67
134300	0.67	0.02	0.02	0	0	0.67
134400	0.67	0.03	0.03	0	0	0.67
134500	0.67	0.03	0.03	0	0	0.67
134600	0.67	0.01	0.01	0	0	0.67
134700	0.67	0.02	0.02	0	0	0.67
134800	0.68	0.04	0.04	0	0	0.68
134900	0.68	0.03	0.03	0	0	0.68
135000	0.68	0.03	0.03	0	0	0.68
135100	0.68	0.04	0.04	0	0	0.68
135200	0.68	0.02	0.02	0	0	0.68
135300	0.68	0.03	0.03	0	0	0.68
135400	0.68	0.02	0.02	0	0	0.68
135500	0.68	0.02	0.02	0	0	0.68
135600	0.68	0.02	0.02	0	0	0.68
135700	0.68	0.01	0.01	0	0	0.68
135800	0.68	0.01	0.01	0	0	0.68
135900	0.68	0.01	0.01	0	0	0.68
136000	0.68	0.01	0.01	0	0	0.68
136100	0.68	0.02	0.02	0	0	0.68
136200	0.68	0.02	0.02	0	0	0.68
136300	0.68	0.01	0.01	0	0	0.68
136400	0.68	0.03	0.03	0	0	0.68
136500	0.68	0.03	0.03	0	0	0.68
136600	0.68	0.02	0.02	0	0	0.68
136700	0.68	0.02	0.02	0	0	0.68
136800	0.68	0.02	0.02	0	0	0.68
136900	0.68	0	0	0	0	0.68
137000	0.68	0	0	0	0	0.68
137100	0.68	0	0	0	0	0.68
137200	0.68	0	0	0	0	0.68
137300	0.68	0	0	0	0	0.68
137400	0.68	0.01	0.01	0	0	0.68
137500	0.68	0.01	0.01	0	0	0.68
137600	0.68	0.01	0.01	0	0	0.68
137700	0.68	0.01	0.01	0	0	0.68
137800	0.68	0.02	0.02	0	0	0.68
137900	0.69	0.03	0.03	0	0	0.69
138000	0.69	0.02	0.02	0	0	0.69
138100	0.69	0.02	0.02	0	0	0.69
138200	0.69	0.01	0.01	0	0	0.69
138300	0.69	0.01	0.01	0	0	0.69
138400	0.69	0.01	0.01	0	0	0.69
138500	0.69	0	0	0	0	0.69
138600	0.69	0	0	0	0	0.69
138700	0.69	0	0	0	0	0.69
138800	0.69	0	0	0	0	0.69
138900	0.69	0	0	0	0	0.69
139000	0.69	0	0	0	0	0.69
139100	0.69	0.01	0.01	0	0	0.69
139200	0.69	0.01	0.01	0	0	0.69
139300	0.69	0.01	0.01	0	0	0.69
139400	0.69	0.01	0.01	0	0	0.69
139500	0.69	0	0	0	0	0.69
139600	0.69	0	0	0	0	0.69
139700	0.69	0	0	0	0	0.69
139800	0.69	0	0	0	0	0.69
139900	0.69	0	0	0	0	0.69
140000	0.69	0	0	0	0	0.69
140100	0.69	0	0	0	0	0.69
140200	0.69	0.01	0.01	0	0	0.69
140300	0.69	0.01	0.01	0	0	0.69
140400	0.69	0.01	0.01	0	0	0.69
140500	0.69	0.02	0.02	0	0	0.69
140600	0.69	0.03	0.03	0	0	0.69
140700	0.69	0.03	0.03	0	0	0.69
140800	0.69	0.02	0.02	0	0	0.69
140900	0.69	0.01	0.01	0	0	0.69
141000	0.69	0.03	0.03	0	0	0.69
141100	0.69	0.02	0.02	0	0	0.69
141200	0.69	0.02	0.02	0	0	0.69
141300	0.69	0.01	0.01	0	0	0.69
141400	0.69	0.01	0.01	0	0	0.69
141500	0.69	0.01	0.01	0	0	0.69
141600	0.69	0.01	0.01	0	0	0.69
141700	0.69	0.01	0.01	0	0	0.69
141800	0.69	0.02	0.02	0	0	0.69
141900	0.69	0.01	0.01	0	0	0.69
142000	0.69	0.03	0.03	0	0	0.69
142100	0.69	0.04	0.04	0	0	0.69
142200	0.69	0.02	0.02	0	0	0.69
142300	0.69	0.02	0.02	0	0	0.69
142400	0.69	0.01	0.01	0	0	0.69
142500	0.69	0	0	0	0	0.69
142600	0.69	0	0	0	0	0.69
142700	0.69	0	0	0	0	0.69
142800	0.69	0	0	0	0	0.69
142900	0.69	0.02	0.02	0	0	0.69
143000	0.69	0.02	0.02	0	0	0.69
143100	0.69	0.02	0.02	0	0	0.69
143200	0.69	0.02	0.02	0	0	0.69
143300	0.69	0.02	0.02	0	0	0.69
143400	0.69	0.01	0.01	0	0	0.69
143500	0.69	0.01	0.01	0	0	0.69
143600	0.69	0.01	0.01	0	0	0.69
143700	0.69	0.01	0.01	0	0	0.69
143800	0.69	0.01	0.01	0	0	0.69
143900	0.69	0.01	0.01	0	0	0.69
144000	0.69	0.01	0.01	0	0	0.69
144100	0.69	0.01	0.01	0	0	0.69
144200	0.69	0.01	0.01	0	0	0.69
144300	0.69	0.01	0.01	0	0	0.69
144400	0.69	0.01	0.01	0	0	0.69
144500	0.69	0	0	0	0	0.69
144600	0.69	0	0	0	0	0.69
144700	0.69	0.01	0.01	0	0	0.69
144800	0.69	0.01	0.01	0	0	0.69
144900	0.69	0.01	0.01	0	0	0.69
145000	0.69	0.01	0.01	0	0	0.69
145100	0.69	0.02	0.02	0	0	0.69
145200	0.69	0.01	0.01	0	0	0.69
145300	0.69	0.01	0.01	0	0	0.69
145400	0.69	0.02	0.02	0	0	0.69
145500	0.69	0.02	0.02	0	0	0.69
145600	0.69	0.02	0.02	0	0	0.69
145700	0.69	0	0	0	0	0.69
145800	0.69	0	0	0	0	0.69
145900	0.69	0	0	0	0	0.69
146000	0.69	0.01	0.01	0	0	0.69
146100	0.69	0.01	0.01	0	0	0.69
146200	0.69	0.02	0.02	0	0	0.69
146300	0.69	0.02	0.02	0	0	0.69
146400	0.69	0.02	0.02	0	0	0.69
146500	0.69	0.01	0.01	0	0	0.69
146600	0.69	0.02	0.02	0	0	0.69
146700	0.69	0.02	0.02	0	0	0.69
146800	0.69	0.01	0.01	0	0	0.69
146900	0.69	0	0	0	0	0.69
147000	0.69	0	0	0	0	0.69
147100	0.69	0	0	0	0	0.69
147200	0.69	0.01	0.01	0	0	0.69
147300	0.69	0.01	0.01	0	0	0.69
147400	0.69	0.02	0.02	0	0	0.69
147500	0.69	0.04	0.04	0	0	0.69
147600	0.69	0.02	0.02	0	0	0.69
147700	0.69	0.02	0.02	0	0	0.69
147800	0.69	0.03	0.03	0	0	0.69
147900	0.69	0.04	0.04	0	0	0.69
148000	0.69	0.03	0.03	0	0	0.69
148100	0.69	0.02	0.02	0	0	0.69
148200	0.69	0.01	0.01	0	0	0.69
148300	0.69	0.01	0.01	0	0	0.69
148400	0.69	0.02	0.02	0	0	0.69
148500	0.69	0.02	0.02	0	0	0.69
148600	0.69	0.02	0.02	0	0	0.69
148700	0.69	0.02	0.02	0	0	0.69
148800	0.69	0.02	0.02	0	0	0.69
148900	0.69	0.02	0.02	0	0	0.69
149000	0.69	0.03	0.03	0	0	0.69
149100	0.69	0.03	0.03	0	0	0.69
149200	0.69	0.02	0.02	0	0	0.69
149300	0.69	0.02	0.02	0	0	0.69
149400	0.69	0.01	0.01	0	0	0.69
149500	0.69	0.01	0.01	0	0	0.69
149600	0.69	0.01	0.01	0	0	0.69
149700	0.69	0	0	0	0	0.69
149800	0.69	0	0	0	0	0.69
149900	0.69	0	0	0	0	0.69
150000	0.69	0	0	0	0	0.69
150100	0.69	0	0	0	0	0.69
150200	0.69	0	0	0	0	0.69
150300	0.69	0	0	0	0	0.69
150400	0.69	0	0	0	0	0.69
150500	0.69	0	0	0	0	0.69
150600	0.69	0	0	0	0	0.69
150700	0.69	0	0	0	0	0.69
150800	0.69	0	0	0	0	0.69
150900	0.69	0	0	0	0	0.69
151000	0.69	0	0	0	0	0.69
151100	0.69	0	0	0	0	0.69
151200	0.69	0	0	0	0	0.69
151300	0.69	0.01	0.01	0	0	0.69
151400	0.69	0.01	0.01	0	0	0.69
151500	0.69	0.01	0.01	0	0	0.69
151600	0.69	0.02	0.02	0	0	0.69
151700	0.69	0.04	0.04	0	0	0.69
151800	0.69	0.04	0.04	0	0	0.69
151900	0.69	0.02	0.02	0	0	0.69
152000	0.69	0.02	0.02	0	0	0.69
152100	0.69	0.02	0.02	0	0	0.69
152200	0.69	0.01	0.01	0	0	0.69
152300	0.69	0	0	0	0	0.69
152400	0.69	0	0	0	0	0.69
152500	0.69	0.01	0.01	0	0	0.69
152600	0.69	0.01	0.01	0	0	0.69
152700	0.69	0.01	0.01	0	0	0.69
152800	0.69	0.03	0.03	0	0	0.69
152900	0.69	0.01	0.01	0	0	0.69
153000	0.69	0.01	0.01	0	0	0.69
153100	0.69	0.02	0.02	0	0	0.69
153200	0.69	0.02	0.02	0	0	0.69
153300	0.69	0.03	0.03	0	0	0.69
153400	0.7	0.03	0.03	0	0	0.7
153500	0.69	0.02	0.02	0	0	0.69
153600	0.69	0.02	0.02	0	0	0.69
153700	0.69	0.01	0.01	0	0	0.69
153800	0.69	0.01	0.01	0	0	0.69
153900	0.69	0.01	0.01	0	0	0.69
154000	0.69	0.02	0.02	0	0	0.69
154100	0.69	0.02	0.02	0	0	0.69
154200	0.69	0.02	0.02	0	0	0.69
154300	0.69	0.02	0.02	0	0	0.69
154400	0.69	0.01	0.01	0	0	0.69
154500	0.69	0.01	0.01	0	0	0.69
154600	0.69	0	0	0	0	0.69
154700	0.69	0	0	0	0	0.69
154800	0.69	0	0	0	0	0.69
154900	0.69	0.01	0.01	0	0	0.69
155000	0.69	0.01	0.01	0	0	0.69
155100	0.69	0.01	0.01	0	0	0.69
155200	0.69	0.02	0.02	0	0	0.69
155300	0.69	0.02	0.02	0	0	0.69
155400	0.69	0.03	0.03	0	0	0.69
155500	0.69	0.02	0.02	0	0	0.69
155600	0.69	0.03	0.03	0	0	0.69
155700	0.69	0.04	0.04	0	0	0.69
155800	0.69	0.03	0.03	0	0	0.69
155900	0.69	0.03	0.03	0	0	0.69
156000	0.69	0.02	0.02	0	0	0.69
156100	0.69	0.03	0.03	0	0	0.69
156200	0.69	0.03	0.03	0	0	0.69
156300	0.69	0.02	0.02	0	0	0.69
156400	0.69	0.02	0.02	0	0	0.69
156500	0.69	0.01	0.01	0	0	0.69
156600	0.69	0.02	0.02	0	0	0.69
156700	0.69	0.02	0.02	0	0	0.69
156800	0.69	0.01	0.01	0	0	0.69
156900	0.69	0.01	0.01	0	0	0.69
157000	0.69	0.02	0.02	0	0	0.69
157100	0.69	0.02	0.02	0	0	0.69
157200	0.69	0.02	0.02	0	0	0.69
157300	0.69	0.01	0.01	0	0	0.69
157400	0.69	0.01	0.01	0	0	0.69
157500	0.69	0.01	0.01	0	0	0.69
157600	0.69	0.02	0.02	0	0	0.69
157700	0.69	0.02	0.02	0	0	0.69
157800	0.69	0.02	0.02	0	0	0.69
157900	0.69	0.03	0.03	0	0	0.69
158000	0.69	0.04	0.04	0	0	0.69
158100	0.69	0.04	0.04	0	0	0.69
158200	0.69	0.02	0.02	0	0	0.69
158300	0.69	0.02	0.02	0	0	0.69
158400	0.69	0.01	0.01	0	0	0.69
158500	0.69	0.02	0.02	0	0	0.69
158600	0.69	0.01	0.01	0	0	0.69
158700	0.69	0.02	0.02	0	0	0.69
158800	0.69	0.01	0.01	0	0	0.69
158900	0.69	0.01	0.01	0	0	0.69
159000	0.69	0.02	0.02	0	0	0.69
159100	0.69	0.02	0.02	0	0	0.69
159200	0.69	0.03	0.03	0	0	0.69
159300	0.69	0.03	0.03	0	0	0.69
159400	0.69	0.02	0.02	0	0	0.69
159500	0.69	0.03	0.03	0	0	0.69
159600	0.69	0.02	0.02	0	0	0.69
159700	0.69	0.02	0.02	0	0	0.69
159800	0.69	0.02	0.02	0	0	0.69
159900	0.69	0.02	0.02	0	0	0.69
160000	0.69	0.02	0.02	0	0	0.69
160100	0.69	0.01	0.01	0	0	0.69
160200	0.69	0.01	0.01	0	0	0.69
160300	0.69	0.01	0.01	0	0	0.69
160400	0.69	0.01	0.01	0	0	0.69
160500	0.68	0.01	0.01	0	0	0.68
160600	0.68	0.02	0.02	0	0	0.68
160700	0.68	0.02	0.02	0	0	0.68
160800	0.68	0.01	0.01	0	0	0.68
160900	0.68	0.02	0.02	0	0	0.68
161000	0.68	0.02	0.02	0	0	0.68
161100	0.68	0.02	0.02	0	0	0.68
161200	0.68	0.02	0.02	0	0	0.68
161300	0.68	0.01	0.01	0	0	0.68
161400	0.68	0.01	0.01	0	0	0.68
161500	0.68	0	0	0	0	0.68
161600	0.68	0	0	0	0	0.68
161700	0.68	0	0	0	0	0.68
161800	0.68	0.01	0.01	0	0	0.68
161900	0.68	0.02	0.02	0	0	0.68
162000	0.68	0.02	0.02	0	0	0.68
162100	0.69	0.02	0.02	0	0	0.69
162200	0.69	0.02	0.02	0	0	0.69
162300	0.69	0.03	0.03	0	0	0.69
162400	0.69	0.03	0.03	0	0	0.69
162500	0.69	0.01	0.01	0	0	0.69
162600	0.69	0.02	0.02	0	0	0.69
162700	0.69	0.02	0.02	0	0	0.69
162800	0.69	0	0	0	0	0.69
162900	0.69	0	0	0	0	0.69
163000	0.69	0	0	0	0	0.69
163100	0.69	0.01	0.01	0	0	0.69
163200	0.69	0.01	0.01	0	0	0.69
163300	0.69	0.02	0.02	0	0	0.69
163400	0.69	0.03	0.03	0	0	0.69
163500	0.69	0.03	0.03	0	0	0.69
163600	0.69	0.02	0.02	0	0	0.69
163700	0.69	0.02	0.02	0	0	0.69
163800	0.69	0.01	0.01	0	0	0.69
163900	0.69	0.02	0.02	0	0	0.69
164000	0.69	0.01	0.01	0	0	0.69
164100	0.69	0.01	0.01	0	0	0.69
164200	0.69	0.01	0.01	0	0	0.69
164300	0.69	0.01	0.01	0	0	0.69
164400	0.69	0.01	0.01	0	0	0.69
164500	0.69	0	0	0	0	0.69
164600	0.69	0.01	0.01	0	0	0.69
164700	0.69	0.01	0.01	0	0	0.69
164800	0.69	0.02	0.02	0	0	0.69
164900	0.69	0.02	0.02	0	0	0.69
165000	0.69	0.02	0.02	0	0	0.69
165100	0.69	0.01	0.01	0	0	0.69
165200	0.69	0.03	0.03	0	0	0.69
165300	0.69	0.02	0.02	0	0	0.69
165400	0.69	0.02	0.02	0	0	0.69
165500	0.69	0.01	0.01	0	0	0.69
165600	0.69	0.01	0.01	0	0	0.69
165700	0.69	0	0	0	0	0.69
165800	0.69	0	0	0	0	0.69
165900	0.69	0.01	0.01	0	0	0.69
166000	0.69	0.01	0.01	0	0	0.69
166100	0.69	0.01	0.01	0	0	0.69
166200	0.69	0	0	0	0	0.69
166300	0.69	0	0	0	0	0.69
166400	0.69	0	0	0	0	0.69
166500	0.69	0	0	0	0	0.69
166600	0.69	0.01	0.01	0	0	0.69
166700	0.69	0.01	0.01	0	0	0.69
166800	0.69	0.01	0.01	0	0	0.69
166900	0.69	0.01	0.01	0	0	0.69
167000	0.69	0.01	0.01	0	0	0.69
167100	0.69	0	0	0	0	0.69
167200	0.69	0	0	0	0	0.69
167300	0.69	0	0	0	0	0.69
167400	0.69	0.01	0.01	0	0	0.69
167500	0.69	0.01	0.01	0	0	0.69
167600	0.69	0.02	0.02	0	0	0.69
167700	0.69	0.03	0.03	0	0	0.69
167800	0.69	0.02	0.02	0	0	0.69
167900	0.69	0.02	0.02	0	0	0.69
168000	0.69	0.01	0.01	0	0	0.69
168100	0.69	0.01	0.01	0	0	0.69
168200	0.69	0.01	0.01	0	0	0.69
168300	0.69	0.02	0.02	0	0	0.69
168400	0.69	0.02	0.02	0	0	0.69
168500	0.69	0.02	0.02	0	0	0.69
168600	0.69	0.01	0.01	0	0	0.69
168700	0.69	0.01	0.01	0	0	0.69
168800	0.69	0.01	0.01	0	0	0.69
168900	0.69	0	0	0	0	0.69
169000	0.69	0	0	0	0	0.69
169100	0.69	0	0	0	0	0.69
169200	0.69	0	0	0	0	0.69
169300	0.69	0.01	0.01	0	0	0.69
169400	0.69	0.01	0.01	0	0	0.69
169500	0.69	0.01	0.01	0	0	0.69
169600	0.69	0.01	0.01	0	0	0.69
169700	0.69	0.01	0.01	0	0	0.69
169800	0.69	0	0	0	0	0.69
169900	0.69	0	0	0	0	0.69
170000	0.69	0.01	0.01	0	0	0.69
170100	0.69	0.01	0.01	0	0	0.69
170200	0.69	0.01	0.01	0	0	0.69
170300	0.69	0.01	0.01	0	0	0.69
170400	0.69	0	0	0	0	0.69
170500	0.69	0	0	0	0	0.69
170600	0.69	0	0	0	0	0.69
170700	0.69	0	0	0	0	0.69
170800	0.69	0	0	0	0	0.69
170900	0.69	0	0	0	0	0.69
171000	0.69	0	0	0	0	0.69
171100	0.69	0	0	0	0	0.69
171200	0.69	0.03	0.03	0	0	0.69
171300	0.69	0.03	0.03	0	0	0.69
171400	0.69	0.04	0.04	0	0	0.69
171500	0.69	0.04	0.04	0	0	0.69
171600	0.69	0.03	0.03	0	0	0.69
171700	0.69	0	0	0	0	0.69
171800	0.69	0	0	0	0	0.69
171900	0.69	0.01	0.01	0	0	0.69
172000	0.69	0.01	0.01	0	0	0.69
172100	0.69	0.01	0.01	0	0	0.69
172200	0.69	0.02	0.02	0	0	0.69
172300	0.69	0.01	0.01	0	0	0.69
172400	0.69	0.01	0.01	0	0	0.69
172500	0.69	0.01	0.01	0	0	0.69
172600	0.69	0.01	0.01	0	0	0.69
172700	0.69	0.02	0.02	0	0	0.69
172800	0.69	0.02	0.02	0	0	0.69
172900	0.69	0.01	0.01	0	0	0.69
173000	0.69	0.02	0.02	0	0	0.69
173100	0.69	0.02	0.02	0	0	0.69
173200	0.69	0.03	0.03	0	0	0.69
173300	0.69	0.03	0.03	0	0	0.69
173400	0.69	0.03	0.03	0	0	0.69
173500	0.69	0.03	0.03	0	0	0.69
173600	0.69	0.02	0.02	0	0	0.69
173700	0.69	0.02	0.02	0	0	0.69
173800	0.69	0.01	0.01	0	0	0.69
173900	0.69	0.01	0.01	0	0	0.69
174000	0.69	0.02	0.02	0	0	0.69
174100	0.69	0.02	0.02	0	0	0.69
174200	0.69	0.02	0.02	0	0	0.69
174300	0.69	0.02	0.02	0	0	0.69
174400	0.69	0.01	0.01	0	0	0.69
174500	0.69	0	0	0	0	0.69
174600	0.69	0.02	0.02	0	0	0.69
174700	0.69	0.02	0.02	0	0	0.69
174800	0.69	0.03	0.03	0	0	0.69
174900	0.69	0.02	0.02	0	0	0.69
175000	0.69	0.03	0.03	0	0	0.69
175100	0.69	0.02	0.02	0	0	0.69
175200	0.68	0.01	0.01	0	0	0.68
175300	0.68	0.03	0.03	0	0	0.68
175400	0.68	0.02	0.02	0	0	0.68
175500	0.68	0.02	0.02	0	0	0.68
175600	0.68	0.01	0.01	0	0	0.68
175700	0.68	0.01	0.01	0	0	0.68
175800	0.68	0.01	0.01	0	0	0.68
175900	0.68	0.02	0.02	0	0	0.68
176000	0.68	0.03	0.03	0	0	0.68
176100	0.68	0.03	0.03	0	0	0.68
176200	0.68	0.03	0.03	0	0	0.68
176300	0.68	0.03	0.03	0	0	0.68
176400	0.68	0.02	0.02	0	0	0.68
176500	0.68	0.02	0.02	0	0	0.68
176600	0.68	0.01	0.01	0	0	0.68
176700	0.68	0.01	0.01	0	0	0.68
176800	0.68	0.01	0.01	0	0	0.68
176900	0.68	0	0	0	0	0.68
177000	0.68	0.01	0.01	0	0	0.68
177100	0.68	0.01	0.01	0	0	0.68
177200	0.67	0.02	0.02	0	0	0.67
177300	0.67	0.02	0.02	0	0	0.67
177400	0.67	0.02	0.02	0	0	0.67
177500	0.67	0.02	0.02	0	0	0.67
177600	0.67	0	0	0	0	0.67
177700	0.67	0.03	0.03	0	0	0.67
177800	0.67	0.03	0.03	0	0	0.67
177900	0.67	0.03	0.03	0	0	0.67
178000	0.67	0.03	0.03	0	0	0.67
178100	0.67	0.03	0.03	0	0	0.67
178200	0.67	0.02	0.02	0	0	0.67
178300	0.67	0.01	0.01	0	0	0.67
178400	0.67	0.01	0.01	0	0	0.67
178500	0.67	0	0	0	0	0.67
178600	0.67	0	0	0	0	0.67
178700	0.67	0.01	0.01	0	0	0.67
178800	0.67	0.01	0.01	0	0	0.67
178900	0.67	0.01	0.01	0	0	0.67
179000	0.67	0	0	0	0	0.67
179100	0.67	0	0	0	0	0.67
179200	0.67	0.01	0.01	0	0	0.67
179300	0.67	0.02	0.02	0	0	0.67
179400	0.67	0.02	0.02	0	0	0.67
179500	0.67	0.02	0.02	0	0	0.67
179600	0.67	0.04	0.04	0	0	0.67
179700	0.67	0.03	0.03	0	0	0.67
179800	0.68	0.03	0.03	0	0	0.68
179900	0.68	0.02	0.02	0	0	0.68
180000	0.68	0.02	0.02	0	0	0.68
180100	0.68	0.02	0.02	0	0	0.68
180200	0.68	0.01	0.01	0	0	0.68
180300	0.68	0	0	0	0	0.68
180400	0.68	0	0	0	0	0.68
180500	0.68	0	0	0	0	0.68
180600	0.68	0	0	0	0	0.68
180700	0.68	0	0	0	0	0.68
180800	0.68	0.01	0.01	0	0	0.68
180900	0.68	0.01	0.01	0	0	0.68
181000	0.68	0.01	0.01	0	0	0.68
181100	0.68	0.03	0.03	0	0	0.68
181200	0.68	0.03	0.03	0	0	0.68
181300	0.68	0.03	0.03	0	0	0.68
181400	0.68	0.02	0.02	0	0	0.68
181500	0.68	0.01	0.01	0	0	0.68
181600	0.68	0	0	0	0	0.68
181700	0.68	0	0	0	0	0.68
181800	0.68	0	0	0	0	0.68
181900	0.68	0	0	0	0	0.68
182000	0.69	0	0	0	0	0.69
182100	0.69	0	0	0	0	0.69
182200	0.69	0.02	0.02	0	0	0.69
182300	0.69	0.05	0.05	0	0	0.69
182400	0.69	0.05	0.05	0	0	0.69
182500	0.69	0.04	0.04	0	0	0.69
182600	0.69	0.04	0.04	0	0	0.69
182700	0.69	0.03	0.03	0	0	0.69
182800	0.69	0.01	0.01	0	0	0.69
182900	0.69	0.01	0.01	0	0	0.69
183000	0.69	0.01	0.01	0	0	0.69
183100	0.69	0.02	0.02	0	0	0.69
183200	0.69	0.01	0.01	0	0	0.69
183300	0.69	0.01	0.01	0	0	0.69
183400	0.69	0.01	0.01	0	0	0.69
183500	0.69	0.01	0.01	0	0	0.69
183600	0.69	0.01	0.01	0	0	0.69
183700	0.69	0	0	0	0	0.69
183800	0.69	0.01	0.01	0	0	0.69
183900	0.69	0.01	0.01	0	0	0.69
184000	0.69	0.02	0.02	0	0	0.69
184100	0.69	0.05	0.05	0	0	0.69
184200	0.69	0.05	0.05	0	0	0.69
184300	0.69	0.03	0.03	0	0	0.69
184400	0.69	0.02	0.02	0	0	0.69
184500	0.69	0.02	0.02	0	0	0.69
184600	0.69	0.01	0.01	0	0	0.69
184700	0.69	0.01	0.01	0	0	0.69
184800	0.69	0.01	0.01	0	0	0.69
184900	0.69	0.02	0.02	0	0	0.69
185000	0.69	0.01	0.01	0	0	0.69
185100	0.69	0.01	0.01	0	0	0.69
185200	0.69	0.01	0.01	0	0	0.69
185300	0.69	0.02	0.02	0	0	0.69
185400	0.69	0.02	0.02	0	0	0.69
185500	0.69	0.03	0.03	0	0	0.69
185600	0.69	0.04	0.04	0	0	0.69
185700	0.69	0.05	0.05	0	0	0.69
185800	0.69	0.05	0.05	0	0	0.69
185900	0.69	0.04	0.04	0	0	0.69
186000	0.69	0.02	0.02	0	0	0.69
186100	0.69	0.01	0.01	0	0	0.69
186200	0.69	0.01	0.01	0	0	0.69
186300	0.69	0	0	0	0	0.69
186400	0.69	0.01	0.01	0	0	0.69
186500	0.69	0.01	0.01	0	0	0.69
186600	0.69	0.02	0.02	0	0	0.69
186700	0.69	0.01	0.01	0	0	0.69
186800	0.69	0.02	0.02	0	0	0.69
186900	0.69	0.01	0.01	0	0	0.69
187000	0.69	0.01	0.01	0	0	0.69
187100	0.69	0.01	0.01	0	0	0.69
187200	0.69	0	0	0	0	0.69
187300	0.69	0.01	0.01	0	0	0.69
187400	0.69	0.01	0.01	0	0	0.69
187500	0.69	0.01	0.01	0	0	0.69
187600	0.69	0.02	0.02	0	0	0.69
187700	0.69	0.02	0.02	0	0	0.69
187800	0.69	0.03	0.03	0	0	0.69
187900	0.69	0.03	0.03	0	0	0.69
188000	0.69	0.02	0.02	0	0	0.69
188100	0.69	0.02	0.02	0	0	0.69
188200	0.69	0.01	0.01	0	0	0.69
188300	0.69	0.01	0.01	0	0	0.69
188400	0.69	0	0	0	0	0.69
188500	0.69	0.01	0.01	0	0	0.69
188600	0.69	0.02	0.02	0	0	0.69
188700	0.69	0.02	0.02	0	0	0.69
188800	0.69	0.02	0.02	0	0	0.69
188900	0.69	0.02	0.02	0	0	0.69
189000	0.69	0.01	0.01	0	0	0.69
189100	0.69	0.03	0.03	0	0	0.69
189200	0.69	0.02	0.02	0	0	0.69
189300	0.69	0.02	0.02	0	0	0.69
189400	0.69	0.02	0.02	0	0	0.69
189500	0.69	0.03	0.03	0	0	0.69
189600	0.69	0.02	0.02	0	0	0.69
189700	0.68	0.02	0.02	0	0	0.68
189800	0.68	0.02	0.02	0	0	0.68
189900	0.68	0.01	0.01	0	0	0.68
190000	0.68	0	0	0	0	0.68
190100	0.68	0.01	0.01	0	0	0.68
190200	0.68	0.01	0.01	0	0	0.68
190300	0.68	0.01	0.01	0	0	0.68
190400	0.68	0.01	0.01	0	0	0.68
190500	0.68	0.01	0.01	0	0	0.68
190600	0.68	0.03	0.03	0	0	0.68
190700	0.68	0.03	0.03	0	0	0.68
190800	0.68	0.03	0.03	0	0	0.68
190900	0.68	0.02	0.02	0	0	0.68
191000	0.68	0.01	0.01	0	0	0.68
191100	0.68	0.04	0.04	0	0	0.68
191200	0.68	0.04	0.04	0	0	0.68
191300	0.68	0.01	0.01	0	0	0.68
191400	0.68	0.01	0.01	0	0	0.68
191500	0.68	0.01	0.01	0	0	0.68
191600	0.68	0.01	0.01	0	0	0.68
191700	0.68	0.01	0.01	0	0	0.68
191800	0.68	0.01	0.01	0	0	0.68
191900	0.68	0.02	0.02	0	0	0.68
192000	0.68	0.01	0.01	0	0	0.68
192100	0.68	0.01	0.01	0	0	0.68
192200	0.68	0.02	0.02	0	0	0.68
192300	0.68	0.02	0.02	0	0	0.68
192400	0.68	0.02	0.02	0	0	0.68
192500	0.68	0.01	0.01	0	0	0.68
192600	0.68	0.02	0.02	0	0	0.68
192700	0.68	0.03	0.03	0	0	0.68
192800	0.68	0.01	0.01	0	0	0.68
192900	0.68	0.02	0.02	0	0	0.68
193000	0.68	0.02	0.02	0	0	0.68
193100	0.68	0.02	0.02	0	0	0.68
193200	0.68	0.03	0.03	0	0	0.68
193300	0.68	0.03	0.03	0	0	0.68
193400	0.68	0.01	0.01	0	0	0.68
193500	0.68	0.01	0.01	0	0	0.68
193600	0.68	0.03	0.03	0	0	0.68
193700	0.68	0.03	0.03	0	0	0.68
193800	0.68	0.02	0.02	0	0	0.68
193900	0.68	0.02	0.02	0	0	0.68
194000	0.68	0.01	0.01	0	0	0.68
194100	0.68	0.01	0.01	0	0	0.68
194200	0.68	0.01	0.01	0	0	0.68
194300	0.68	0.01	0.01	0	0	0.68
194400	0.68	0	0	0	0	0.68
194500	0.68	0	0	0	0	0.68
194600	0.68	0	0	0	0	0.68
194700	0.68	0	0	0	0	0.68
194800	0.68	0	0	0	0	0.68
194900	0.68	0.02	0.02	0	0	0.68
195000	0.68	0.03	0.03	0	0	0.68
195100	0.68	0.01	0.01	0	0	0.68
195200	0.68	0.01	0.01	0	0	0.68
195300	0.68	0.02	0.02	0	0	0.68
195400	0.68	0.02	0.02	0	0	0.68
195500	0.68	0.01	0.01	0	0	0.68
195600	0.68	0.01	0.01	0	0	0.68
195700	0.68	0.02	0.02	0	0	0.68
195800	0.68	0.03	0.03	0	0	0.68
195900	0.68	0.02	0.02	0	0	0.68
196000	0.68	0.01	0.01	0	0	0.68
196100	0.68	0.02	0.02	0	0	0.68
196200	0.68	0.01	0.01	0	0	0.68
196300	0.68	0.01	0.01	0	0	0.68
196400	0.68	0.02	0.02	0	0	0.68
196500	0.67	0.02	0.02	0	0	0.67
196600	0.67	0.03	0.03	0	0	0.67
196700	0.67	0.02	0.02	0	0	0.67
196800	0.67	0.02	0.02	0	0	0.67
196900	0.67	0.01	0.01	0	0	0.67
197000	0.67	0	0	0	0	0.67
197100	0.67	0.01	0.01	0	0	0.67
197200	0.67	0.01	0.01	0	0	0.67
197300	0.67	0.01	0.01	0	0	0.67
197400	0.67	0.03	0.03	0	0	0.67
197500	0.67	0.03	0.03	0	0	0.67
197600	0.67	0.03	0.03	0	0	0.67
197700	0.67	0.01	0.01	0	0	0.67
197800	0.66	0.01	0.01	0	0	0.66
197900	0.65	0.01	0.01	0	0	0.65
198000	0.66	0	0	0	0	0.66
198100	0.66	0.02	0.02	0	0	0.66
198200	0.66	0.03	0.03	0	0	0.66
198300	0.66	0.02	0.02	0	0	0.66
198400	0.66	0.03	0.03	0	0	0.66
198500	0.65	0.02	0.02	0	0	0.65
198600	0.65	0.03	0.03	0	0	0.65
198700	0.65	0.03	0.03	0	0	0.65
198800	0.65	0.03	0.03	0	0	0.65
198900	0.65	0.04	0.04	0	0	0.65
199000	0.65	0.03	0.03	0	0	0.65
199100	0.65	0.02	0.02	0	0	0.65
199200	0.65	0.02	0.02	0	0	0.65
199300	0.65	0.01	0.01	0	0	0.65
199400	0.65	0.01	0.01	0	0	0.65
199500	0.65	0.01	0.01	0	0	0.65
199600	0.65	0.02	0.02	0	0	0.65
199700	0.65	0.03	0.03	0	0	0.65
199800	0.65	0.03	0.03	0	0	0.65
199900	0.65	0.01	0.01	0	0	0.65
200000	0.65	0.01	0.01	0	0	0.65
200100	0.65	0.01	0.01	0	0	0.65
200200	0.65	0.01	0.01	0	0	0.65
200300	0.65	0.01	0.01	0	0	0.65
200400	0.65	0.01	0.01	0	0	0.65
200500	0.66	0.01	0.01	0	0	0.66
200600	0.67	0.01	0.01	0	0	0.67
200700	0.67	0.01	0.01	0	0	0.67
200800	0.67	0.02	0.02	0	0	0.67
200900	0.67	0.01	0.01	0	0	0.67
201000	0.67	0.02	0.02	0	0	0.67
201100	0.67	0.04	0.04	0	0	0.67
201200	0.67	0.04	0.04	0	0	0.67
201300	0.67	0.06	0.06	0	0	0.67
201400	0.67	0.06	0.06	0	0	0.67
201500	0.67	0.05	0.05	0	0	0.67
201600	0.67	0.04	0.04	0	0	0.67
201700	0.67	0.04	0.04	0	0	0.67
201800	0.67	0.03	0.03	0	0	0.67
201900	0.67	0.02	0.02	0	0	0.67
202000	0.66	0	0	0	0	0.66
202100	0.66	0	0	0	0	0.66
202200	0.66	0	0	0	0	0.66
202300	0.66	0.01	0.01	0	0	0.66
202400	0.66	0	0	0	0	0.66
202500	0.66	0	0	0	0	0.66
202600	0.66	0.01	0.01	0	0	0.66
202700	0.66	0.02	0.02	0	0	0.66
202800	0.66	0.03	0.03	0	0	0.66
202900	0.66	0.02	0.02	0	0	0.66
203000	0.66	0.03	0.03	0	0	0.66
203100	0.67	0.03	0.03	0	0	0.67
203200	0.67	0.03	0.03	0	0	0.67
203300	0.67	0.02	0.02	0	0	0.67
203400	0.67	0.02	0.02	0	0	0.67
203500	0.67	0.01	0.01	0	0	0.67
203600	0.67	0.01	0.01	0	0	0.67
203700	0.67	0.01	0.01	0	0	0.67
203800	0.68	0.02	0.02	0	0	0.68
203900	0.68	0.02	0.02	0	0	0.68
204000	0.69	0.02	0.02	0	0	0.69
204100	0.69	0.02	0.02	0	0	0.69
204200	0.69	0.02	0.02	0	0	0.69
204300	0.69	0.02	0.02	0	0	0.69
204400	0.69	0	0	0	0	0.69
204500	0.69	0	0	0	0	0.69
204600	0.69	0	0	0	0	0.69
204700	0.69	0.01	0.01	0	0	0.69
204800	0.69	0.01	0.01	0	0	0.69
204900	0.69	0.02	0.02	0	0	0.69
205000	0.69	0.03	0.03	0	0	0.69
205100	0.69	0	0	0	0	0.69
205200	0.69	0	0	0	0	0.69
205300	0.69	0	0	0	0	0.69
205400	0.69	0.01	0.01	0	0	0.69
205500	0.69	0	0	0	0	0.69
205600	0.69	0.01	0.01	0	0	0.69
205700	0.69	0.01	0.01	0	0	0.69
205800	0.69	0.02	0.02	0	0	0.69
205900	0.69	0.02	0.02	0	0	0.69
206000	0.69	0.03	0.03	0	0	0.69
206100	0.69	0.05	0.05	0	0	0.69
206200	0.69	0.04	0.04	0	0	0.69
206300	0.69	0.04	0.04	0	0	0.69
206400	0.69	0.04	0.04	0	0	0.69
206500	0.69	0.03	0.03	0	0	0.69
206600	0.69	0.02	0.02	0	0	0.69
206700	0.69	0.03	0.03	0	0	0.69
206800	0.69	0.04	0.04	0	0	0.69
206900	0.69	0.03	0.03	0	0	0.69
207000	0.69	0.01	0.01	0	0	0.69
207100	0.69	0.01	0.01	0	0	0.69
207200	0.69	0	0	0	0	0.69
207300	0.69	0.01	0.01	0	0	0.69
207400	0.69	0.01	0.01	0	0	0.69
207500	0.69	0.02	0.02	0	0	0.69
207600	0.69	0.02	0.02	0	0	0.69
207700	0.69	0.02	0.02	0	0	0.69
207800	0.69	0.03	0.03	0	0	0.69
207900	0.69	0.03	0.03	0	0	0.69
208000	0.69	0.02	0.02	0	0	0.69
208100	0.69	0.01	0.01	0	0	0.69
208200	0.69	0.02	0.02	0	0	0.69
208300	0.69	0.02	0.02	0	0	0.69
208400	0.69	0.03	0.03	0	0	0.69
208500	0.69	0.04	0.04	0	0	0.69
208600	0.69	0.04	0.04	0	0	0.69
208700	0.69	0.04	0.04	0	0	0.69
208800	0.69	0.02	0.02	0	0	0.69
208900	0.69	0.02	0.02	0	0	0.69
209000	0.69	0.01	0.01	0	0	0.69
209100	0.69	0	0	0	0	0.69
209200	0.69	0	0	0	0	0.69
209300	0.69	0.01	0.01	0	0	0.69
209400	0.69	0.01	0.01	0	0	0.69
209500	0.69	0.01	0.01	0	0	0.69
209600	0.69	0.01	0.01	0	0	0.69
209700	0.69	0.02	0.02	0	0	0.69
209800	0.69	0	0	0	0	0.69
209900	0.69	0	0	0	0	0.69
210000	0.69	0	0	0	0	0.69
210100	0.69	0.01	0.01	0	0	0.69
210200	0.69	0.01	0.01	0	0	0.69
210300	0.69	0.01	0.01	0	0	0.69
210400	0.69	0.02	0.02	0	0	0.69
210500	0.69	0.02	0.02	0	0	0.69
210600	0.69	0.04	0.04	0	0	0.69
210700	0.69	0.05	0.05	0	0	0.69
210800	0.69	0.07	0.07	0	0	0.69
210900	0.69	0.06	0.06	0	0	0.69
211000	0.69	0.04	0.04	0	0	0.69
211100	0.69	0.03	0.03	0	0	0.69
211200	0.69	0.01	0.01	0	0	0.69
211300	0.69	0.01	0.01	0	0	0.69
211400	0.69	0.01	0.01	0	0	0.69
211500	0.69	0.02	0.02	0	0	0.69
211600	0.69	0.02	0.02	0	0	0.69
211700	0.69	0.02	0.02	0	0	0.69
211800	0.69	0.02	0.02	0	0	0.69
211900	0.69	0.01	0.01	0	0	0.69
212000	0.69	0.02	0.02	0	0	0.69
212100	0.69	0.01	0.01	0	0	0.69
212200	0.69	0.02	0.02	0	0	0.69
212300	0.69	0.02	0.02	0	0	0.69
212400	0.69	0.02	0.02	0	0	0.69
212500	0.69	0.01	0.01	0	0	0.69
212600	0.69	0.01	0.01	0	0	0.69
212700	0.69	0	0	0	0	0.69
212800	0.69	0	0	0	0	0.69
212900	0.69	0.02	0.02	0	0	0.69
213000	0.69	0.02	0.02	0	0	0.69
213100	0.69	0.04	0.04	0	0	0.69
213200	0.69	0.02	0.02	0	0	0.69
213300	0.69	0.02	0.02	0	0	0.69
213400	0.69	0.02	0.02	0	0	0.69
213500	0.69	0.02	0.02	0	0	0.69
213600	0.69	0.03	0.03	0	0	0.69
213700	0.69	0.02	0.02	0	0	0.69
213800	0.69	0.02	0.02	0	0	0.69
213900	0.69	0.03	0.03	0	0	0.69
214000	0.69	0.03	0.03	0	0	0.69
214100	0.69	0.03	0.03	0	0	0.69
214200	0.69	0.06	0.06	0	0	0.69
214300	0.69	0.05	0.05	0	0	0.69
214400	0.69	0.04	0.04	0	0	0.69
214500	0.69	0.03	0.03	0	0	0.69
214600	0.69	0.02	0.02	0	0	0.69
214700	0.69	0.02	0.02	0	0	0.69
214800	0.69	0.01	0.01	0	0	0.69
214900	0.69	0.01	0.01	0	0	0.69
215000	0.69	0.01	0.01	0	0	0.69
215100	0.69	0.01	0.01	0	0	0.69
215200	0.69	0.01	0.01	0	0	0.69
215300	0.69	0	0	0	0	0.69
215400	0.69	0.01	0.01	0	0	0.69
215500	0.69	0.01	0.01	0	0	0.69
215600	0.69	0.02	0.02	0	0	0.69
215700	0.69	0.05	0.05	0	0	0.69
215800	0.69	0.05	0.05	0	0	0.69
215900	0.69	0.04	0.04	0	0	0.69
216000	0.69	0.05	0.05	0	0	0.69
216100	0.69	0.03	0.03	0	0	0.69
216200	0.69	0.04	0.04	0	0	0.69
216300	0.69	0.03	0.03	0	0	0.69
216400	0.69	0.04	0.04	0	0	0.69
216500	0.69	0.03	0.03	0	0	0.69
216600	0.69	0.02	0.02	0	0	0.69
216700	0.69	0.02	0.02	0	0	0.69
216800	0.69	0.02	0.02	0	0	0.69
216900	0.69	0.02	0.02	0	0	0.69
217000	0.69	0.02	0.02	0	0	0.69
217100	0.69	0.02	0.02	0	0	0.69
217200	0.69	0.02	0.02	0	0	0.69
217300	0.69	0	0	0	0	0.69
217400	0.69	0.01	0.01	0	0	0.69
217500	0.69	0.01	0.01	0	0	0.69
217600	0.69	0.01	0.01	0	0	0.69
217700	0.69	0.02	0.02	0	0	0.69
217800	0.69	0.02	0.02	0	0	0.69
217900	0.69	0.02	0.02	0	0	0.69
218000	0.69	0.01	0.01	0	0	0.69
218100	0.69	0.02	0.02	0	0	0.69
218200	0.69	0.01	0.01	0	0	0.69
218300	0.69	0.01	0.01	0	0	0.69
218400	0.69	0.01	0.01	0	0	0.69
218500	0.69	0.01	0.01	0	0	0.69
218600	0.69	0.02	0.02	0	0	0.69
218700	0.69	0.03	0.03	0	0	0.69
218800	0.69	0.02	0.02	0	0	0.69
218900	0.69	0.03	0.03	0	0	0.69
219000	0.69	0.03	0.03	0	0	0.69
219100	0.69	0.03	0.03	0	0	0.69
219200	0.69	0.02	0.02	0	0	0.69
219300	0.69	0.02	0.02	0	0	0.69
219400	0.69	0.02	0.02	0	0	0.69
219500	0.69	0.02	0.02	0	0	0.69
219600	0.69	0.02	0.02	0	0	0.69
219700	0.69	0.02	0.02	0	0	0.69
219800	0.69	0.02	0.02	0	0	0.69
219900	0.69	0.02	0.02	0	0	0.69
220000	0.69	0.02	0.02	0	0	0.69
220100	0.69	0.02	0.02	0	0	0.69
220200	0.69	0.02	0.02	0	0	0.69
220300	0.69	0.02	0.02	0	0	0.69
220400	0.69	0.02	0.02	0	0	0.69
220500	0.69	0.02	0.02	0	0	0.69
220600	0.69	0.02	0.02	0	0	0.69
220700	0.69	0.02	0.02	0	0	0.69
220800	0.69	0.02	0.02	0	0	0.69
220900	0.69	0.01	0.01	0	0	0.69
221000	0.69	0.01	0.01	0	0	0.69
221100	0.69	0	0	0	0	0.69
221200	0.69	0	0	0	0	0.69
221300	0.69	0.02	0.02	0	0	0.69
221400	0.69	0.03	0.03	0	0	0.69
221500	0.69	0.03	0.03	0	0	0.69
221600	0.69	0.03	0.03	0	0	0.69
221700	0.69	0.02	0.02	0	0	0.69
221800	0.69	0.03	0.03	0	0	0.69
221900	0.69	0.01	0.01	0	0	0.69
222000	0.69	0.01	0.01	0	0	0.69
222100	0.69	0.02	0.02	0	0	0.69
222200	0.69	0.03	0.03	0	0	0.69
222300	0.69	0.03	0.03	0	0	0.69
222400	0.69	0.02	0.02	0	0	0.69
222500	0.68	0.02	0.02	0	0	0.68
222600	0.68	0.01	0.01	0	0	0.68
222700	0.68	0.01	0.01	0	0	0.68
222800	0.68	0	0	0	0	0.68
222900	0.68	0.01	0.01	0	0	0.68
223000	0.68	0.01	0.01	0	0	0.68
223100	0.68	0.01	0.01	0	0	0.68
223200	0.68	0.01	0.01	0	0	0.68
223300	0.68	0.01	0.01	0	0	0.68
223400	0.68	0.02	0.02	0	0	0.68
223500	0.68	0.03	0.03	0	0	0.68
223600	0.68	0.03	0.03	0	0	0.68
223700	0.68	0.02	0.02	0	0	0.68
223800	0.68	0.01	0.01	0	0	0.68
223900	0.68	0.01	0.01	0	0	0.68
224000	0.68	0.01	0.01	0	0	0.68
224100	0.68	0	0	0	0	0.68
224200	0.68	0	0	0	0	0.68
224300	0.68	0	0	0	0	0.68
224400	0.68	0	0	0	0	0.68
224500	0.68	0	0	0	0	0.68
224600	0.68	0	0	0	0	0.68
224700	0.68	0.01	0.01	0	0	0.68
224800	0.68	0.01	0.01	0	0	0.68
224900	0.68	0.02	0.02	0	0	0.68
225000	0.68	0.01	0.01	0	0	0.68
225100	0.68	0.03	0.03	0	0	0.68
225200	0.68	0.03	0.03	0	0	0.68
225300	0.68	0.03	0.03	0	0	0.68
225400	0.68	0.02	0.02	0	0	0.68
225500	0.68	0.02	0.02	0	0	0.68
225600	0.68	0.03	0.03	0	0	0.68
225700	0.68	0.03	0.03	0	0	0.68
225800	0.68	0.03	0.03	0	0	0.68
225900	0.68	0.02	0.02	0	0	0.68
226000	0.68	0.02	0.02	0	0	0.68
226100	0.68	0.04	0.04	0	0	0.68
226200	0.68	0.05	0.05	0	0	0.68
226300	0.68	0.05	0.05	0	0	0.68
226400	0.68	0.03	0.03	0	0	0.68
226500	0.68	0.02	0.02	0	0	0.68
226600	0.68	0.02	0.02	0	0	0.68
226700	0.68	0.01	0.01	0	0	0.68
226800	0.68	0.01	0.01	0	0	0.68
226900	0.68	0.01	0.01	0	0	0.68
227000	0.68	0.01	0.01	0	0	0.68
227100	0.68	0.01	0.01	0	0	0.68
227200	0.68	0.01	0.01	0	0	0.68
227300	0.68	0.01	0.01	0	0	0.68
227400	0.68	0.01	0.01	0	0	0.68
227500	0.68	0	0	0	0	0.68
227600	0.68	0	0	0	0	0.68
227700	0.68	0.02	0.02	0	0	0.68
227800	0.68	0.04	0.04	0	0	0.68
227900	0.68	0.05	0.05	0	0	0.68
228000	0.68	0.04	0.04	0	0	0.68
228100	0.68	0.03	0.03	0	0	0.68
228200	0.68	0.02	0.02	0	0	0.68
228300	0.68	0.02	0.02	0	0	0.68
228400	0.68	0.01	0.01	0	0	0.68
228500	0.68	0	0	0	0	0.68
228600	0.68	0.01	0.01	0	0	0.68
228700	0.68	0.01	0.01	0	0	0.68
228800	0.68	0.01	0.01	0	0	0.68
228900	0.69	0.01	0.01	0	0	0.69
229000	0.69	0.01	0.01	0	0	0.69
229100	0.69	0	0	0	0	0.69
229200	0.69	0	0	0	0	0.69
229300	0.69	0	0	0	0	0.69
229400	0.69	0.01	0.01	0	0	0.69
229500	0.69	0.01	0.01	0	0	0.69
229600	0.69	0.01	0.01	0	0	0.69
229700	0.69	0.02	0.02	0	0	0.69
229800	0.69	0.04	0.04	0	0	0.69
229900	0.69	0.03	0.03	0	0	0.69
230000	0.69	0.02	0.02	0	0	0.69
230100	0.69	0.02	0.02	0	0	0.69
230200	0.69	0.01	0.01	0	0	0.69
230300	0.69	0.01	0.01	0	0	0.69
230400	0.69	0.01	0.01	0	0	0.69
230500	0.69	0.02	0.02	0	0	0.69
230600	0.69	0.02	0.02	0	0	0.69
230700	0.69	0.02	0.02	0	0	0.69
230800	0.69	0.02	0.02	0	0	0.69
230900	0.69	0.02	0.02	0	0	0.69
231000	0.69	0.02	0.02	0	0	0.69
231100	0.69	0.03	0.03	0	0	0.69
231200	0.69	0.01	0.01	0	0	0.69
231300	0.69	0.01	0.01	0	0	0.69
231400	0.69	0.01	0.01	0	0	0.69
231500	0.69	0	0	0	0	0.69
231600	0.69	0.01	0.01	0	0	0.69
231700	0.69	0.01	0.01	0	0	0.69
231800	0.69	0	0	0	0	0.69
231900	0.69	0	0	0	0	0.69
232000	0.69	0	0	0	0	0.69
232100	0.69	0	0	0	0	0.69
232200	0.69	0	0	0	0	0.69
232300	0.69	0	0	0	0	0.69
232400	0.69	0	0	0	0	0.69
232500	0.69	0	0	0	0	0.69
232600	0.69	0.03	0.03	0	0	0.69
232700	0.69	0.03	0.03	0	0	0.69
232800	0.69	0.03	0.03	0	0	0.69
232900	0.69	0.03	0.03	0	0	0.69
233000	0.69	0.02	0.02	0	0	0.69
233100	0.69	0.01	0.01	0	0	0.69
233200	0.69	0	0	0	0	0.69
233300	0.69	0.01	0.01	0	0	0.69
233400	0.69	0.02	0.02	0	0	0.69
233500	0.69	0.02	0.02	0	0	0.69
233600	0.69	0.01	0.01	0	0	0.69
233700	0.69	0.02	0.02	0	0	0.69
233800	0.69	0.04	0.04	0	0	0.69
233900	0.69	0.03	0.03	0	0	0.69
234000	0.69	0.02	0.02	0	0	0.69
234100	0.69	0.02	0.02	0	0	0.69
234200	0.69	0.02	0.02	0	0	0.69
234300	0.69	0.01	0.01	0	0	0.69
234400	0.69	0.01	0.01	0	0	0.69
234500	0.69	0.01	0.01	0	0	0.69
234600	0.69	0.01	0.01	0	0	0.69
234700	0.69	0.01	0.01	0	0	0.69
234800	0.69	0.01	0.01	0	0	0.69
234900	0.69	0.01	0.01	0	0	0.69
235000	0.69	0.01	0.01	0	0	0.69
235100	0.69	0.01	0.01	0	0	0.69
235200	0.69	0.02	0.02	0	0	0.69
235300	0.69	0.02	0.02	0	0	0.69
235400	0.69	0.01	0.01	0	0	0.69
235500	0.69	0.01	0.01	0	0	0.69
235600	0.69	0.01	0.01	0	0	0.69
235700	0.69	0.02	0.02	0	0	0.69
235800	0.69	0.01	0.01	0	0	0.69
235900	0.69	0.01	0.01	0	0	0.69
236000	0.69	0	0	0	0	0.69
236100	0.69	0	0	0	0	0.69
236200	0.69	0.01	0.01	0	0	0.69
236300	0.69	0.01	0.01	0	0	0.69
236400	0.69	0.01	0.01	0	0	0.69
236500	0.69	0.01	0.01	0	0	0.69
236600	0.69	0.01	0.01	0	0	0.69
236700	0.69	0.02	0.02	0	0	0.69
236800	0.69	0.03	0.03	0	0	0.69
236900	0.69	0.03	0.03	0	0	0.69
237000	0.69	0.03	0.03	0	0	0.69
237100	0.69	0.02	0.02	0	0	0.69
237200	0.69	0.04	0.04	0	0	0.69
237300	0.69	0.02	0.02	0	0	0.69
237400	0.69	0.02	0.02	0	0	0.69
237500	0.69	0.01	0.01	0	0	0.69
237600	0.69	0.01	0.01	0	0	0.69
237700	0.69	0.02	0.02	0	0	0.69
237800	0.69	0.01	0.01	0	0	0.69
237900	0.69	0.01	0.01	0	0	0.69
238000	0.69	0.01	0.01	0	0	0.69
238100	0.69	0	0	0	0	0.69
238200	0.69	0.01	0.01	0	0	0.69
238300	0.69	0.02	0.02	0	0	0.69
238400	0.69	0.03	0.03	0	0	0.69
238500	0.69	0.02	0.02	0	0	0.69
238600	0.69	0.01	0.01	0	0	0.69
238700	0.69	0.01	0.01	0	0	0.69
238800	0.69	0.01	0.01	0	0	0.69
238900	0.69	0.01	0.01	0	0	0.69
239000	0.69	0	0	0	0	0.69
239100	0.69	0.01	0.01	0	0	0.69
239200	0.69	0.01	0.01	0	0	0.69
239300	0.69	0.02	0.02	0	0	0.69
239400	0.69	0	0	0	0	0.69
239500	0.69	0	0	0	0	0.69
239600	0.69	0	0	0	0	0.69
239700	0.69	0	0	0	0	0.69
239800	0.69	0	0	0	0	0.69
239900	0.69	0	0	0	0	0.69
240000	0.69	0.02	0.02	0	0	0.69
240100	0.69	0.02	0.02	0	0	0.69
240200	0.69	0.03	0.03	0	0	0.69
240300	0.69	0.04	0.04	0	0	0.69
240400	0.69	0.05	0.05	0	0	0.69
240500	0.69	0.05	0.05	0	0	0.69
240600	0.69	0.04	0.04	0	0	0.69
240700	0.69	0.03	0.03	0	0	0.69
240800	0.69	0.03	0.03	0	0	0.69
240900	0.69	0.03	0.03	0	0	0.69
241000	0.69	0.02	0.02	0	0	0.69
241100	0.69	0.02	0.02	0	0	0.69
241200	0.69	0.01	0.01	0	0	0.69
241300	0.69	0.01	0.01	0	0	0.69
241400	0.69	0.01	0.01	0	0	0.69
241500	0.69	0.01	0.01	0	0	0.69
241600	0.69	0.02	0.02	0	0	0.69
241700	0.69	0.03	0.03	0	0	0.69
241800	0.69	0.02	0.02	0	0	0.69
241900	0.69	0.02	0.02	0	0	0.69
242000	0.69	0.01	0.01	0	0	0.69
242100	0.69	0.01	0.01	0	0	0.69
242200	0.69	0.01	0.01	0	0	0.69
242300	0.69	0.01	0.01	0	0	0.69
242400	0.69	0.01	0.01	0	0	0.69
242500	0.69	0	0	0	0	0.69
242600	0.69	0.01	0.01	0	0	0.69
242700	0.69	0.01	0.01	0	0	0.69
242800	0.69	0.01	0.01	0	0	0.69
242900	0.69	0.01	0.01	0	0	0.69
243000	0.69	0.02	0.02	0	0	0.69
243100	0.69	0.02	0.02	0	0	0.69
243200	0.69	0.02	0.02	0	0	0.69
243300	0.69	0.02	0.02	0	0	0.69
243400	0.69	0.02	0.02	0	0	0.69
243500	0.69	0.02	0.02	0	0	0.69
243600	0.69	0.02	0.02	0	0	0.69
243700	0.69	0.02	0.02	0	0	0.69
243800	0.69	0.03	0.03	0	0	0.69
243900	0.69	0.03	0.03	0	0	0.69
244000	0.69	0.03	0.03	0	0	0.69
244100	0.69	0.03	0.03	0	0	0.69
244200	0.69	0.03	0.03	0	0	0.69
244300	0.69	0.01	0.01	0	0	0.69
244400	0.69	0	0	0	0	0.69
244500	0.69	0	0	0	0	0.69
244600	0.69	0	0	0	0	0.69
244700	0.69	0	0	0	0	0.69
244800	0.69	0	0	0	0	0.69
244900	0.69	0	0	0	0	0.69
245000	0.69	0	0	0	0	0.69
245100	0.69	0	0	0	0	0.69
245200	0.69	0	0	0	0	0.69
245300	0.69	0.02	0.02	0	0	0.69
245400	0.69	0.02	0.02	0	0	0.69
245500	0.69	0.02	0.02	0	0	0.69
245600	0.69	0.03	0.03	0	0	0.69
245700	0.69	0.03	0.03	0	0	0.69
245800	0.69	0.02	0.02	0	0	0.69
245900	0.69	0.01	0.01	0	0	0.69
246000	0.69	0.02	0.02	0	0	0.69
246100	0.69	0.02	0.02	0	0	0.69
246200	0.69	0.01	0.01	0	0	0.69
246300	0.69	0.01	0.01	0	0	0.69
246400	0.69	0	0	0	0	0.69
246500	0.69	0	0	0	0	0.69
246600	0.69	0	0	0	0	0.69
246700	0.69	0.01	0.01	0	0	0.69
246800	0.69	0.01	0.01	0	0	0.69
246900	0.69	0.01	0.01	0	0	0.69
247000	0.69	0.01	0.01	0	0	0.69
247100	0.69	0.01	0.01	0	0	0.69
247200	0.69	0	0	0	0	0.69
247300	0.69	0	0	0	0	0.69
247400	0.69	0	0	0	0	0.69
247500	0.69	0	0	0	0	0.69
247600	0.69	0	0	0	0	0.69
247700	0.69	0.01	0.01	0	0	0.69
247800	0.69	0.02	0.02	0	0	0.69
247900	0.69	0.02	0.02	0	0	0.69
248000	0.69	0.01	0.01	0	0	0.69
248100	0.69	0.01	0.01	0	0	0.69
248200	0.69	0.01	0.01	0	0	0.69
248300	0.69	0.02	0.02	0	0	0.69
248400	0.69	0.03	0.03	0	0	0.69
248500	0.69	0.04	0.04	0	0	0.69
248600	0.69	0.05	0.05	0	0	0.69
248700	0.69	0.03	0.03	0	0	0.69
248800	0.69	0.02	0.02	0	0	0.69
248900	0.69	0.03	0.03	0	0	0.69
249000	0.69	0.02	0.02	0	0	0.69
249100	0.69	0.01	0.01	0	0	0.69
249200	0.69	0	0	0	0	0.69
249300	0.69	0.01	0.01	0	0	0.69
249400	0.69	0.01	0.01	0	0	0.69
249500	0.69	0.02	0.02	0	0	0.69
249600	0.69	0.02	0.02	0	0	0.69
249700	0.69	0.03	0.03	0	0	0.69
249800	0.69	0.02	0.02	0	0	0.69
249900	0.69	0.02	0.02	0	0	0.69
250000	0.69	0.03	0.03	0	0	0.69
250100	0.69	0.01	0.01	0	0	0.69
250200	0.69	0.03	0.03	0	0	0.69
250300	0.69	0.03	0.03	0	0	0.69
250400	0.69	0.03	0.03	0	0	0.69
250500	0.69	0.02	0.02	0	0	0.69
250600	0.69	0.02	0.02	0	0	0.69
250700	0.69	0.03	0.03	0	0	0.69
250800	0.69	0.02	0.02	0	0	0.69
250900	0.69	0.01	0.01	0	0	0.69
251000	0.69	0.01	0.01	0	0	0.69
251100	0.69	0.01	0.01	0	0	0.69
251200	0.69	0.03	0.03	0	0	0.69
251300	0.69	0.03	0.03	0	0	0.69
251400	0.69	0.02	0.02	0	0	0.69
251500	0.69	0.03	0.03	0	0	0.69
251600	0.69	0.01	0.01	0	0	0.69
251700	0.69	0	0	0	0	0.69
251800	0.69	0	0	0	0	0.69
251900	0.69	0	0	0	0	0.69
252000	0.69	0.01	0.01	0	0	0.69
252100	0.69	0.01	0.01	0	0	0.69
252200	0.69	0.02	0.02	0	0	0.69
252300	0.69	0.03	0.03	0	0	0.69
252400	0.69	0.03	0.03	0	0	0.69
252500	0.69	0.02	0.02	0	0	0.69
252600	0.69	0.01	0.01	0	0	0.69
252700	0.69	0.01	0.01	0	0	0.69
252800	0.69	0.01	0.01	0	0	0.69
252900	0.69	0.01	0.01	0	0	0.69
253000	0.69	0.01	0.01	0	0	0.69
253100	0.69	0.01	0.01	0	0	0.69
253200	0.69	0.01	0.01	0	0	0.69
253300	0.69	0.01	0.01	0	0	0.69
253400	0.69	0.01	0.01	0	0	0.69
253500	0.69	0.01	0.01	0	0	0.69
253600	0.69	0.01	0.01	0	0	0.69
253700	0.69	0.03	0.03	0	0	0.69
253800	0.69	0.03	0.03	0	0	0.69
253900	0.69	0.02	0.02	0	0	0.69
254000	0.69	0.02	0.02	0	0	0.69
254100	0.69	0.02	0.02	0	0	0.69
254200	0.69	0.01	0.01	0	0	0.69
254300	0.69	0.01	0.01	0	0	0.69
254400	0.69	0.01	0.01	0	0	0.69
254500	0.69	0.02	0.02	0	0	0.69
254600	0.69	0.01	0.01	0	0	0.69
254700	0.69	0.03	0.03	0	0	0.69
254800	0.69	0.02	0.02	0	0	0.69
254900	0.69	0.02	0.02	0	0	0.69
255000	0.69	0.01	0.01	0	0	0.69
255100	0.69	0	0	0	0	0.69
255200	0.69	0	0	0	0	0.69
255300	0.69	0.02	0.02	0	0	0.69
255400	0.69	0.02	0.02	0	0	0.69
255500	0.69	0.03	0.03	0	0	0.69
255600	0.69	0.03	0.03	0	0	0.69
255700	0.69	0.02	0.02	0	0	0.69
255800	0.69	0	0	0	0	0.69
255900	0.69	0	0	0	0	0.69
256000	0.69	0	0	0	0	0.69
256100	0.69	0	0	0	0	0.69
256200	0.69	0	0	0	0	0.69
256300	0.69	0	0	0	0	0.69
256400	0.69	0.01	0.01	0	0	0.69
256500	0.69	0.01	0.01	0	0	0.69
256600	0.69	0.02	0.02	0	0	0.69
256700	0.69	0.02	0.02	0	0	0.69
256800	0.69	0.01	0.01	0	0	0.69
256900	0.69	0.01	0.01	0	0	0.69
257000	0.69	0.02	0.02	0	0	0.69
257100	0.69	0.01	0.01	0	0	0.69
257200	0.69	0.02	0.02	0	0	0.69
257300	0.69	0.02	0.02	0	0	0.69
257400	0.69	0.03	0.03	0	0	0.69
257500	0.69	0.02	0.02	0	0	0.69
257600	0.69	0.02	0.02	0	0	0.69
257700	0.69	0.04	0.04	0	0	0.69
257800	0.69	0.03	0.03	0	0	0.69
257900	0.69	0.03	0.03	0	0	0.69
258000	0.69	0.03	0.03	0	0	0.69
258100	0.69	0.03	0.03	0	0	0.69
258200	0.69	0.02	0.02	0	0	0.69
258300	0.69	0.02	0.02	0	0	0.69
258400	0.69	0.03	0.03	0	0	0.69
258500	0.69	0.02	0.02	0	0	0.69
258600	0.69	0.01	0.01	0	0	0.69
258700	0.69	0.02	0.02	0	0	0.69
258800	0.69	0.01	0.01	0	0	0.69
258900	0.69	0.01	0.01	0	0	0.69
259000	0.69	0.01	0.01	0	0	0.69
259100	0.69	0.01	0.01	0	0	0.69
259200	0.69	0	0	0	0	0.69
259300	0.69	0	0	0	0	0.69
259400	0.69	0	0	0	0	0.69
259500	0.69	0.01	0.01	0	0	0.69
259600	0.69	0.02	0.02	0	0	0.69
259700	0.69	0.03	0.03	0	0	0.69
259800	0.69	0.05	0.05	0	0	0.69
259900	0.69	0.05	0.05	0	0	0.69
260000	0.69	0.04	0.04	0	0	0.69
260100	0.69	0.02	0.02	0	0	0.69
260200	0.69	0.02	0.02	0	0	0.69
260300	0.69	0.02	0.02	0	0	0.69
260400	0.69	0.02	0.02	0	0	0.69
260500	0.69	0.01	0.01	0	0	0.69
260600	0.69	0.02	0.02	0	0	0.69
260700	0.69	0.02	0.02	0	0	0.69
260800	0.69	0.01	0.01	0	0	0.69
260900	0.69	0.01	0.01	0	0	0.69
261000	0.69	0.01	0.01	0	0	0.69
261100	0.69	0.02	0.02	0	0	0.69
261200	0.69	0.02	0.02	0	0	0.69
261300	0.69	0.02	0.02	0	0	0.69
261400	0.69	0.02	0.02	0	0	0.69
261500	0.69	0.04	0.04	0	0	0.69
261600	0.69	0.02	0.02	0	0	0.69
261700	0.69	0.01	0.01	0	0	0.69
261800	0.69	0.01	0.01	0	0	0.69
261900	0.69	0.01	0.01	0	0	0.69
262000	0.69	0.01	0.01	0	0	0.69
262100	0.69	0	0	0	0	0.69
262200	0.69	0	0	0	0	0.69
262300	0.69	0	0	0	0	0.69
262400	0.69	0.01	0.01	0	0	0.69
262500	0.69	0.02	0.02	0	0	0.69
262600	0.69	0.02	0.02	0	0	0.69
262700	0.69	0.01	0.01	0	0	0.69
262800	0.69	0.01	0.01	0	0	0.69
262900	0.69	0.02	0.02	0	0	0.69
263000	0.69	0.01	0.01	0	0	0.69
263100	0.69	0.01	0.01	0	0	0.69
263200	0.69	0.01	0.01	0	0	0.69
263300	0.69	0.01	0.01	0	0	0.69
263400	0.69	0.01	0.01	0	0	0.69
263500	0.69	0.01	0.01	0	0	0.69
263600	0.69	0.01	0.01	0	0	0.69
263700	0.69	0.03	0.03	0	0	0.69
263800	0.69	0.03	0.03	0	0	0.69
263900	0.69	0.04	0.04	0	0	0.69
264000	0.69	0.04	0.04	0	0	0.69
264100	0.69	0.03	0.03	0	0	0.69
264200	0.69	0.02	0.02	0	0	0.69
264300	0.69	0.01	0.01	0	0	0.69
264400	0.69	0	0	0	0	0.69
264500	0.69	0.01	0.01	0	0	0.69
264600	0.69	0.01	0.01	0	0	0.69
264700	0.69	0.01	0.01	0	0	0.69
264800	0.69	0	0	0	0	0.69
264900	0.69	0.01	0.01	0	0	0.69
265000	0.69	0.01	0.01	0	0	0.69
265100	0.69	0.01	0.01	0	0	0.69
265200	0.69	0.01	0.01	0	0	0.69
265300	0.69	0.01	0.01	0	0	0.69
265400	0.69	0.02	0.02	0	0	0.69
265500	0.69	0.02	0.02	0	0	0.69
265600	0.69	0.03	0.03	0	0	0.69
265700	0.69	0.02	0.02	0	0	0.69
265800	0.69	0.01	0.01	0	0	0.69
265900	0.69	0.01	0.01	0	0	0.69
266000	0.69	0.01	0.01	0	0	0.69
266100	0.69	0.03	0.03	0	0	0.69
266200	0.69	0.04	0.04	0	0	0.69
266300	0.69	0.04	0.04	0	0	0.69
266400	0.69	0.03	0.03	0	0	0.69
266500	0.69	0.04	0.04	0	0	0.69
266600	0.69	0.02	0.02	0	0	0.69
266700	0.69	0.01	0.01	0	0	0.69
266800	0.69	0	0	0	0	0.69
266900	0.69	0.01	0.01	0	0	0.69
267000	0.69	0.01	0.01	0	0	0.69
267100	0.69	0.02	0.02	0	0	0.69
267200	0.69	0.03	0.03	0	0	0.69
267300	0.69	0.03	0.03	0	0	0.69
267400	0.69	0.01	0.01	0	0	0.69
267500	0.69	0.02	0.02	0	0	0.69
267600	0.69	0.01	0.01	0	0	0.69
267700	0.69	0.02	0.02	0	0	0.69
267800	0.69	0.03	0.03	0	0	0.69
267900	0.69	0.01	0.01	0	0	0.69
268000	0.69	0.01	0.01	0	0	0.69
268100	0.69	0.03	0.03	0	0	0.69
268200	0.69	0.03	0.03	0	0	0.69
268300	0.69	0.02	0.02	0	0	0.69
268400	0.69	0.02	0.02	0	0	0.69
268500	0.69	0.02	0.02	0	0	0.69
268600	0.69	0	0	0	0	0.69
268700	0.69	0	0	0	0	0.69
268800	0.69	0.02	0.02	0	0	0.69
268900	0.69	0.02	0.02	0	0	0.69
269000	0.68	0.02	0.02	0	0	0.68
269100	0.68	0.03	0.03	0	0	0.68
269200	0.68	0.03	0.03	0	0	0.68
269300	0.68	0.02	0.02	0	0	0.68
269400	0.68	0.02	0.02	0	0	0.68
269500	0.68	0.02	0.02	0	0	0.68
269600	0.68	0.02	0.02	0	0	0.68
269700	0.68	0.03	0.03	0	0	0.68
269800	0.68	0.04	0.04	0	0	0.68
269900	0.68	0.04	0.04	0	0	0.68
270000	0.68	0.04	0.04	0	0	0.68
270100	0.68	0.02	0.02	0	0	0.68
270200	0.68	0.01	0.01	0	0	0.68
270300	0.68	0	0	0	0	0.68
270400	0.68	0	0	0	0	0.68
270500	0.68	0	0	0	0	0.68
270600	0.68	0.01	0.01	0	0	0.68
270700	0.68	0.01	0.01	0	0	0.68
270800	0.68	0.01	0.01	0	0	0.68
270900	0.68	0.01	0.01	0	0	0.68
271000	0.68	0.01	0.01	0	0	0.68
271100	0.68	0.02	0.02	0	0	0.68
271200	0.68	0.03	0.03	0	0	0.68
271300	0.68	0.03	0.03	0	0	0.68
271400	0.68	0.03	0.03	0	0	0.68
271500	0.68	0.02	0.02	0	0	0.68
271600	0.69	0.01	0.01	0	0	0.69
271700	0.69	0.01	0.01	0	0	0.69
271800	0.69	0.01	0.01	0	0	0.69
271900	0.69	0.01	0.01	0	0	0.69
272000	0.69	0.01	0.01	0	0	0.69
272100	0.69	0.01	0.01	0	0	0.69
272200	0.69	0.01	0.01	0	0	0.69
272300	0.69	0.01	0.01	0	0	0.69
272400	0.69	0.01	0.01	0	0	0.69
272500	0.69	0.02	0.02	0	0	0.69
272600	0.69	0.04	0.04	0	0	0.69
272700	0.69	0.03	0.03	0	0	0.69
272800	0.69	0.04	0.04	0	0	0.69
272900	0.69	0.03	0.03	0	0	0.69
273000	0.69	0.03	0.03	0	0	0.69
273100	0.69	0.02	0.02	0	0	0.69
273200	0.69	0.02	0.02	0	0	0.69
273300	0.69	0.02	0.02	0	0	0.69
273400	0.69	0.01	0.01	0	0	0.69
273500	0.69	0.01	0.01	0	0	0.69
273600	0.69	0.01	0.01	0	0	0.69
273700	0.69	0.01	0.01	0	0	0.69
273800	0.69	0	0	0	0	0.69
273900	0.69	0.02	0.02	0	0	0.69
274000	0.69	0.03	0.03	0	0	0.69
274100	0.69	0.03	0.03	0	0	0.69
274200	0.69	0.04	0.04	0	0	0.69
274300	0.69	0.04	0.04	0	0	0.69
274400	0.69	0.02	0.02	0	0	0.69
274500	0.69	0.01	0.01	0	0	0.69
274600	0.69	0.02	0.02	0	0	0.69
274700	0.69	0.01	0.01	0	0	0.69
274800	0.69	0.01	0.01	0	0	0.69
274900	0.69	0.01	0.01	0	0	0.69
275000	0.69	0.01	0.01	0	0	0.69
275100	0.69	0.01	0.01	0	0	0.69
275200	0.69	0	0	0	0	0.69
275300	0.69	0	0	0	0	0.69
275400	0.69	0	0	0	0	0.69
275500	0.69	0	0	0	0	0.69
275600	0.69	0	0	0	0	0.69
275700	0.69	0.01	0.01	0	0	0.69
275800	0.69	0.01	0.01	0	0	0.69
275900	0.69	0.02	0.02	0	0	0.69
276000	0.69	0.02	0.02	0	0	0.69
276100	0.69	0.03	0.03	0	0	0.69
276200	0.69	0.02	0.02	0	0	0.69
276300	0.69	0.03	0.03	0	0	0.69
276400	0.69	0.03	0.03	0	0	0.69
276500	0.69	0.03	0.03	0	0	0.69
276600	0.69	0.01	0.01	0	0	0.69
276700	0.69	0.01	0.01	0	0	0.69
276800	0.69	0.01	0.01	0	0	0.69
276900	0.69	0.01	0.01	0	0	0.69
277000	0.69	0.01	0.01	0	0	0.69
277100	0.69	0.02	0.02	0	0	0.69
277200	0.69	0.02	0.02	0	0	0.69
277300	0.69	0.03	0.03	0	0	0.69
277400	0.69	0.02	0.02	0	0	0.69
277500	0.69	0	0	0	0	0.69
277600	0.69	0	0	0	0	0.69
277700	0.69	0	0	0	0	0.69
277800	0.69	0	0	0	0	0.69
277900	0.69	0	0	0	0	0.69
278000	0.69	0.01	0.01	0	0	0.69
278100	0.69	0.01	0.01	0	0	0.69
278200	0.69	0.01	0.01	0	0	0.69
278300	0.69	0.01	0.01	0	0	0.69
278400	0.69	0.01	0.01	0	0	0.69
278500	0.69	0	0	0	0	0.69
278600	0.69	0	0	0	0	0.69
278700	0.69	0.02	0.02	0	0	0.69
278800	0.69	0.02	0.02	0	0	0.69
278900	0.69	0.02	0.02	0	0	0.69
279000	0.68	0.02	0.02	0	0	0.68
279100	0.68	0.02	0.02	0	0	0.68
279200	0.68	0.01	0.01	0	0	0.68
279300	0.68	0.01	0.01	0	0	0.68
279400	0.68	0.01	0.01	0	0	0.68
279500	0.68	0.01	0.01	0	0	0.68
279600	0.68	0.01	0.01	0	0	0.68
279700	0.68	0.01	0.01	0	0	0.68
279800	0.68	0.01	0.01	0	0	0.68
279900	0.68	0.01	0.01	0	0	0.68
280000	0.68	0.01	0.01	0	0	0.68
280100	0.68	0.01	0.01	0	0	0.68
280200	0.68	0	0	0	0	0.68
280300	0.68	0.01	0.01	0	0	0.68
280400	0.68	0.02	0.02	0	0	0.68
280500	0.68	0	0	0	0	0.68
280600	0.68	0	0	0	0	0.68
280700	0.68	0	0	0	0	0.68
280800	0.68	0	0	0	0	0.68
280900	0.68	0	0	0	0	0.68
281000	0.68	0.01	0.01	0	0	0.68
281100	0.68	0.01	0.01	0	0	0.68
281200	0.68	0.02	0.02	0	0	0.68
281300	0.68	0.02	0.02	0	0	0.68
281400	0.68	0.03	0.03	0	0	0.68
281500	0.68	0.02	0.02	0	0	0.68
281600	0.68	0.04	0.04	0	0	0.68
281700	0.68	0.04	0.04	0	0	0.68
281800	0.68	0.02	0.02	0	0	0.68
281900	0.68	0.01	0.01	0	0	0.68
282000	0.68	0.01	0.01	0	0	0.68
282100	0.68	0	0	0	0	0.68
282200	0.68	0.02	0.02	0	0	0.68
282300	0.68	0.04	0.04	0	0	0.68
282400	0.68	0.04	0.04	0	0	0.68
282500	0.68	0.04	0.04	0	0	0.68
282600	0.68	0.04	0.04	0	0	0.68
282700	0.68	0.06	0.06	0	0	0.68
282800	0.68	0.05	0.05	0	0	0.68
282900	0.68	0.02	0.02	0	0	0.68
283000	0.68	0.02	0.02	0	0	0.68
283100	0.68	0.01	0.01	0	0	0.68
283200	0.68	0.01	0.01	0	0	0.68
283300	0.68	0.01	0.01	0	0	0.68
283400	0.68	0.02	0.02	0	0	0.68
283500	0.68	0.02	0.02	0	0	0.68
283600	0.68	0.02	0.02	0	0	0.68
283700	0.68	0.01	0.01	0	0	0.68
283800	0.68	0.01	0.01	0	0	0.68
283900	0.68	0.01	0.01	0	0	0.68
284000	0.68	0.01	0.01	0	0	0.68
284100	0.68	0.01	0.01	0	0	0.68
284200	0.69	0.02	0.02	0	0	0.69
284300	0.69	0.03	0.03	0	0	0.69
284400	0.69	0.04	0.04	0	0	0.69
284500	0.69	0.04	0.04	0	0	0.69
284600	0.69	0.03	0.03	0	0	0.69
284700	0.69	0.01	0.01	0	0	0.69
284800	0.69	0.01	0.01	0	0	0.69
284900	0.69	0.01	0.01	0	0	0.69
285000	0.69	0	0	0	0	0.69
285100	0.69	0	0	0	0	0.69
285200	0.69	0	0	0	0	0.69
285300	0.69	0	0	0	0	0.69
285400	0.69	0	0	0	0	0.69
285500	0.69	0.01	0.01	0	0	0.69
285600	0.69	0.02	0.02	0	0	0.69
285700	0.69	0.02	0.02	0	0	0.69
285800	0.69	0.01	0.01	0	0	0.69
285900	0.69	0.01	0.01	0	0	0.69
286000	0.69	0.01	0.01	0	0	0.69
286100	0.69	0.03	0.03	0	0	0.69
286200	0.69	0.03	0.03	0	0	0.69
286300	0.69	0.03	0.03	0	0	0.69
286400	0.69	0.02	0.02	0	0	0.69
286500	0.69	0.02	0.02	0	0	0.69
286600	0.69	0.01	0.01	0	0	0.69
286700	0.69	0.02	0.02	0	0	0.69
286800	0.69	0.02	0.02	0	0	0.69
286900	0.69	0.01	0.01	0	0	0.69
287000	0.69	0.03	0.03	0	0	0.69
287100	0.69	0.02	0.02	0	0	0.69
287200	0.69	0.02	0.02	0	0	0.69
287300	0.69	0.03	0.03	0	0	0.69
287400	0.69	0.01	0.01	0	0	0.69
287500	0.69	0.01	0.01	0	0	0.69
287600	0.69	0.01	0.01	0	0	0.69
287700	0.69	0	0	0	0	0.69
287800	0.69	0	0	0	0	0.69
287900	0.69	0	0	0	0	0.69
288000	0.69	0.01	0.01	0	0	0.69
288100	0.69	0.02	0.02	0	0	0.69
288200	0.69	0.02	0.02	0	0	0.69
288300	0.69	0.01	0.01	0	0	0.69
288400	0.69	0.01	0.01	0	0	0.69
288500	0.69	0	0	0	0	0.69
288600	0.69	0	0	0	0	0.69
288700	0.69	0	0	0	0	0.69
288800	0.69	0	0	0	0	0.69
288900	0.69	0	0	0	0	0.69
289000	0.69	0	0	0	0	0.69
289100	0.69	0.01	0.01	0	0	0.69
289200	0.69	0.01	0.01	0	0	0.69
289300	0.69	0.01	0.01	0	0	0.69
289400	0.69	0.01	0.01	0	0	0.69
289500	0.69	0.02	0.02	0	0	0.69
289600	0.69	0.03	0.03	0	0	0.69
289700	0.69	0.04	0.04	0	0	0.69
289800	0.69	0.04	0.04	0	0	0.69
289900	0.69	0.05	0.05	0	0	0.69
290000	0.69	0.05	0.05	0	0	0.69
290100	0.69	0.03	0.03	0	0	0.69
290200	0.69	0.02	0.02	0	0	0.69
290300	0.69	0.01	0.01	0	0	0.69
290400	0.69	0.02	0.02	0	0	0.69
290500	0.69	0.02	0.02	0	0	0.69
290600	0.69	0.02	0.02	0	0	0.69
290700	0.69	0.01	0.01	0	0	0.69
290800	0.69	0.01	0.01	0	0	0.69
290900	0.69	0.01	0.01	0	0	0.69
291000	0.69	0	0	0	0	0.69
291100	0.68	0.01	0.01	0	0	0.68
291200	0.68	0.03	0.03	0	0	0.68
291300	0.68	0.04	0.04	0	0	0.68
291400	0.68	0.03	0.03	0	0	0.68
291500	0.68	0.02	0.02	0	0	0.68
291600	0.68	0.02	0.02	0	0	0.68
291700	0.68	0	0	0	0	0.68
291800	0.68	0	0	0	0	0.68
291900	0.68	0.01	0.01	0	0	0.68
292000	0.68	0.01	0.01	0	0	0.68
292100	0.68	0.01	0.01	0	0	0.68
292200	0.68	0.01	0.01	0	0	0.68
292300	0.68	0.02	0.02	0	0	0.68
292400	0.68	0.02	0.02	0	0	0.68
292500	0.68	0	0	0	0	0.68
292600	0.68	0	0	0	0	0.68
292700	0.68	0	0	0	0	0.68
292800	0.68	0	0	0	0	0.68
292900	0.68	0.01	0.01	0	0	0.68
293000	0.68	0.02	0.02	0	0	0.68
293100	0.68	0.02	0.02	0	0	0.68
293200	0.68	0.02	0.02	0	0	0.68
293300	0.68	0.02	0.02	0	0	0.68
293400	0.68	0.04	0.04	0	0	0.68
293500	0.68	0.04	0.04	0	0	0.68
293600	0.68	0.02	0.02	0	0	0.68
293700	0.68	0.02	0.02	0	0	0.68
293800	0.68	0.01	0.01	0	0	0.68
293900	0.68	0.01	0.01	0	0	0.68
294000	0.68	0	0	0	0	0.68
294100	0.68	0.01	0.01	0	0	0.68
294200	0.68	0.02	0.02	0	0	0.68
294300	0.68	0.02	0.02	0	0	0.68
294400	0.68	0.02	0.02	0	0	0.68
294500	0.68	0.03	0.03	0	0	0.68
294600	0.68	0.03	0.03	0	0	0.68
294700	0.68	0.02	0.02	0	0	0.68
294800	0.68	0.01	0.01	0	0	0.68
294900	0.68	0.02	0.02	0	0	0.68
295000	0.68	0.02	0.02	0	0	0.68
295100	0.68	0.02	0.02	0	0	0.68
295200	0.68	0.01	0.01	0	0	0.68
295300	0.68	0.01	0.01	0	0	0.68
295400	0.68	0.02	0.02	0	0	0.68
295500	0.68	0.03	0.03	0	0	0.68
295600	0.69	0.03	0.03	0	0	0.69
295700	0.69	0.03	0.03	0	0	0.69
295800	0.69	0.02	0.02	0	0	0.69
295900	0.68	0.02	0.02	0	0	0.68
296000	0.68	0.01	0.01	0	0	0.68
296100	0.68	0.01	0.01	0	0	0.68
296200	0.68	0	0	0	0	0.68
296300	0.68	0	0	0	0	0.68
296400	0.68	0	0	0	0	0.68
296500	0.68	0.01	0.01	0	0	0.68
296600	0.68	0.01	0.01	0	0	0.68
296700	0.68	0.01	0.01	0	0	0.68
296800	0.68	0.02	0.02	0	0	0.68
296900	0.68	0.01	0.01	0	0	0.68
297000	0.68	0.01	0.01	0	0	0.68
297100	0.68	0.01	0.01	0	0	0.68
297200	0.67	0.01	0.01	0	0	0.67
297300	0.67	0	0	0	0	0.67
297400	0.68	0	0	0	0	0.68
297500	0.68	0	0	0	0	0.68
297600	0.68	0	0	0	0	0.68
297700	0.68	0	0	0	0	0.68
297800	0.68	0	0	0	0	0.68
297900	0.68	0	0	0	0	0.68
298000	0.68	0.01	0.01	0	0	0.68
298100	0.68	0.02	0.02	0	0	0.68
298200	0.68	0.02	0.02	0	0	0.68
298300	0.68	0.03	0.03	0	0	0.68
298400	0.68	0.02	0.02	0	0	0.68
298500	0.68	0.02	0.02	0	0	0.68
298600	0.68	0.02	0.02	0	0	0.68
298700	0.68	0.01	0.01	0	0	0.68
298800	0.68	0.01	0.01	0	0	0.68
298900	0.68	0.01	0.01	0	0	0.68
299000	0.68	0.02	0.02	0	0	0.68
299100	0.68	0.02	0.02	0	0	0.68
299200	0.68	0.03	0.03	0	0	0.68
299300	0.68	0.02	0.02	0	0	0.68
299400	0.68	0.03	0.03	0	0	0.68
299500	0.68	0.02	0.02	0	0	0.68
299600	0.68	0.02	0.02	0	0	0.68
299700	0.68	0.02	0.02	0	0	0.68
299800	0.68	0	0	0	0	0.68
299900	0.69	0.02	0.02	0	0	0.69
300000	0.69	0.03	0.03	0	0	0.69
