100	0.03	0.03	0.03	0	0	0.03
200	0.04	0.04	0.04	0	0	0.04
300	0.03	0.04	0.04	0	0	0.03
400	0.05	0.03	0.03	0	0	0.05
500	0.04	0.03	0.03	0	0	0.04
600	0.06	0.02	0.02	0	0	0.06
700	0.06	0.01	0.01	0	0	0.06
800	0.04	0.02	0.02	0	0	0.04
900	0.03	0.02	0.02	0	0	0.03
1000	0.03	0.03	0.03	0	0	0.03
1100	0.04	0.02	0.02	0	0	0.04
1200	0.06	0.01	0.01	0	0	0.06
1300	0.06	0.02	0.02	0	0	0.06
1400	0.04	0.01	0.01	0	0	0.04
1500	0.02	0.02	0.02	0	0	0.02
1600	0.02	0.04	0.04	0	0	0.02
1700	0.03	0.03	0.03	0	0	0.03
1800	0.06	0.02	0.02	0	0	0.06
1900	0.05	0.03	0.03	0	0	0.05
2000	0.04	0.03	0.03	0	0	0.04
2100	0.04	0.03	0.03	0	0	0.04
2200	0.04	0.02	0.02	0	0	0.04
2300	0.03	0.02	0.02	0	0	0.03
2400	0.01	0.02	0.02	0	0	0.01
2500	0.04	0.01	0.01	0	0	0.04
2600	0.03	0	0	0	0	0.03
2700	0.02	0	0	0	0	0.02
2800	0.03	0.01	0.01	0	0	0.03
2900	0.03	0.01	0.01	0	0	0.03
3000	0.02	0.01	0.01	0	0	0.02
3100	0.05	0.01	0.01	0	0	0.05
3200	0.06	0	0	0	0	0.06
3300	0.05	0	0	0	0	0.05
3400	0.03	0.02	0.02	0	0	0.03
3500	0.03	0.02	0.02	0	0	0.03
3600	0.01	0.02	0.02	0	0	0.01
3700	0.01	0.03	0.03	0	0	0.01
3800	0.03	0.03	0.03	0	0	0.03
3900	0.04	0.02	0.02	0	0	0.04
4000	0.04	0.01	0.01	0	0	0.04
4100	0.03	0.02	0.02	0	0	0.03
4200	0.02	0.01	0.01	0	0	0.02
4300	0.01	0.02	0.02	0	0	0.01
4400	0.03	0.02	0.02	0	0	0.03
4500	0.05	0.04	0.04	0	0	0.05
4600	0.05	0.02	0.02	0	0	0.05
4700	0.05	0.01	0.01	0	0	0.05
4800	0.07	0	0	0	0	0.07
4900	0.08	0	0	0	0	0.08
5000	0.07	0.01	0.01	0	0	0.07
5100	0.03	0.01	0.01	0	0	0.03
5200	0.03	0.01	0.01	0	0	0.03
5300	0.03	0	0	0	0	0.03
5400	0.06	0	0	0	0	0.06
5500	0.06	0	0	0	0	0.06
5600	0.07	0	0	0	0	0.07
5700	0.06	0	0	0	0	0.06
5800	0.06	0	0	0	0	0.06
5900	0.04	0	0	0	0	0.04
6000	0.02	0	0	0	0	0.02
6100	0.01	0.02	0.02	0	0	0.01
6200	0.01	0.01	0.01	0	0	0.01
6300	0.03	0.01	0.01	0	0	0.03
6400	0.05	0.01	0.01	0	0	0.05
6500	0.05	0.01	0.01	0	0	0.05
6600	0.05	0.01	0.01	0	0	0.05
6700	0.07	0.01	0.01	0	0	0.07
6800	0.05	0.02	0.02	0	0	0.05
6900	0.04	0.02	0.02	0	0	0.04
7000	0.03	0.01	0.01	0	0	0.03
7100	0.04	0.02	0.02	0	0	0.04
7200	0.03	0.01	0.01	0	0	0.03
7300	0.04	0.01	0.01	0	0	0.04
7400	0.04	0.03	0.03	0	0	0.04
7500	0.03	0	0	0	0	0.03
7600	0.02	0	0	0	0	0.02
7700	0.02	0	0	0	0	0.02
7800	0.03	0	0	0	0	0.03
7900	0.06	0	0	0	0	0.06
8000	0.08	0	0	0	0	0.08
8100	0.08	0	0	0	0	0.08
8200	0.06	0	0	0	0	0.06
8300	0.06	0	0	0	0	0.06
8400	0.08	0	0	0	0	0.08
8500	0.07	0	0	0	0	0.07
8600	0.06	0.01	0.01	0	0	0.06
8700	0.05	0.01	0.01	0	0	0.05
8800	0.06	0.01	0.01	0	0	0.06
8900	0.06	0.01	0.01	0	0	0.06
9000	0.02	0.01	0.01	0	0	0.02
9100	0.03	0.01	0.01	0	0	0.03
9200	0.03	0	0	0	0	0.03
9300	0.02	0	0	0	0	0.02
9400	0.01	0.01	0.01	0	0	0.01
9500	0.01	0.01	0.01	0	0	0.01
9600	0.02	0	0	0	0	0.02
9700	0.04	0	0	0	0	0.04
9800	0.03	0.01	0.01	0	0	0.03
9900	0.06	0.02	0.02	0	0	0.06
10000	0.07	0.02	0.02	0	0	0.07
10100	0.02	0.01	0.01	0	0	0.02
10200	0.02	0.01	0.01	0	0	0.02
10300	0.05	0	0	0	0	0.05
10400	0.06	0	0	0	0	0.06
10500	0.06	0.01	0.01	0	0	0.06
10600	0.06	0.01	0.01	0	0	0.06
10700	0.06	0.01	0.01	0	0	0.06
10800	0.05	0	0	0	0	0.05
10900	0.06	0	0	0	0	0.06
11000	0.08	0.01	0.01	0	0	0.08
11100	0.08	0.04	0.04	0	0	0.08
11200	0.07	0.04	0.04	0	0	0.07
11300	0.06	0.03	0.03	0	0	0.06
11400	0.04	0.03	0.03	0	0	0.04
11500	0.01	0.02	0.02	0	0	0.01
11600	0.01	0.01	0.01	0	0	0.01
11700	0.02	0.02	0.02	0	0	0.02
11800	0.03	0	0	0	0	0.03
11900	0.03	0	0	0	0	0.03
12000	0.05	0	0	0	0	0.05
12100	0.05	0	0	0	0	0.05
12200	0.03	0	0	0	0	0.03
12300	0.02	0	0	0	0	0.02
12400	0.03	0.02	0.02	0	0	0.03
12500	0.04	0.02	0.02	0	0	0.04
12600	0.02	0.03	0.03	0	0	0.02
12700	0.03	0.03	0.03	0	0	0.03
12800	0.04	0.05	0.05	0	0	0.04
12900	0.06	0.04	0.04	0	0	0.06
13000	0.08	0.02	0.02	0	0	0.08
13100	0.1	0.04	0.04	0	0	0.1
13200	0.08	0.02	0.02	0	0	0.08
13300	0.09	0.02	0.02	0	0	0.09
13400	0.07	0.02	0.02	0	0	0.07
13500	0.05	0.01	0.01	0	0	0.05
13600	0.02	0.01	0.01	0	0	0.02
13700	0	0.01	0.01	0	0	0
13800	0.01	0.01	0.01	0	0	0.01
13900	0.02	0.03	0.03	0	0	0.02
14000	0.03	0.02	0.02	0	0	0.03
14100	0.04	0.03	0.03	0	0	0.04
14200	0.05	0.04	0.04	0	0	0.05
14300	0.06	0.05	0.05	0	0	0.06
14400	0.06	0.06	0.06	0	0	0.06
14500	0.05	0.06	0.06	0	0	0.05
14600	0.02	0.06	0.06	0	0	0.02
14700	0.03	0.02	0.02	0	0	0.03
14800	0.03	0.01	0.01	0	0	0.03
14900	0.02	0.01	0.01	0	0	0.02
15000	0.02	0	0	0	0	0.02
15100	0.04	0.01	0.01	0	0	0.04
15200	0.03	0.02	0.02	0	0	0.03
15300	0.03	0.02	0.02	0	0	0.03
15400	0.03	0.02	0.02	0	0	0.03
15500	0.04	0.04	0.04	0	0	0.04
15600	0.04	0.03	0.03	0	0	0.04
15700	0.06	0.04	0.04	0	0	0.06
15800	0.06	0.03	0.03	0	0	0.06
15900	0.07	0.04	0.04	0	0	0.07
16000	0.08	0.04	0.04	0	0	0.08
16100	0.07	0.03	0.03	0	0	0.07
16200	0.08	0.04	0.04	0	0	0.08
16300	0.06	0.04	0.04	0	0	0.06
16400	0.05	0.02	0.02	0	0	0.05
16500	0.05	0.02	0.02	0	0	0.05
16600	0.01	0.02	0.02	0	0	0.01
16700	0.02	0.01	0.01	0	0	0.02
16800	0.03	0.03	0.03	0	0	0.03
16900	0.03	0.02	0.02	0	0	0.03
17000	0.04	0.01	0.01	0	0	0.04
17100	0.03	0.01	0.01	0	0	0.03
17200	0	0	0	0	0	0
17300	0.02	0	0	0	0	0.02
17400	0.04	0	0	0	0	0.04
17500	0.03	0.01	0.01	0	0	0.03
17600	0.04	0.01	0.01	0	0	0.04
17700	0.04	0.01	0.01	0	0	0.04
17800	0.05	0.02	0.02	0	0	0.05
17900	0.04	0.03	0.03	0	0	0.04
18000	0.04	0.03	0.03	0	0	0.04
18100	0.04	0.03	0.03	0	0	0.04
18200	0.03	0.02	0.02	0	0	0.03
18300	0.04	0.01	0.01	0	0	0.04
18400	0.06	0.02	0.02	0	0	0.06
18500	0.06	0.02	0.02	0	0	0.06
18600	0.01	0.02	0.02	0	0	0.01
18700	0.02	0.01	0.01	0	0	0.02
18800	0.06	0.01	0.01	0	0	0.06
18900	0.05	0.01	0.01	0	0	0.05
19000	0.04	0.02	0.02	0	0	0.04
19100	0.03	0.02	0.02	0	0	0.03
19200	0.04	0.02	0.02	0	0	0.04
19300	0.04	0.02	0.02	0	0	0.04
19400	0.04	0.04	0.04	0	0	0.04
19500	0.05	0.03	0.03	0	0	0.05
19600	0.08	0.02	0.02	0	0	0.08
19700	0.08	0.02	0.02	0	0	0.08
19800	0.06	0.01	0.01	0	0	0.06
19900	0.07	0.01	0.01	0	0	0.07
20000	0.06	0.01	0.01	0	0	0.06
20100	0.04	0.01	0.01	0	0	0.04
20200	0.01	0.01	0.01	0	0	0.01
20300	0	0.01	0.01	0	0	0
20400	0	0.01	0.01	0	0	0
20500	0.01	0.01	0.01	0	0	0.01
20600	0.02	0.01	0.01	0	0	0.02
20700	0.02	0.01	0.01	0	0	0.02
20800	0.03	0.01	0.01	0	0	0.03
20900	0.03	0.01	0.01	0	0	0.03
21000	0.02	0	0	0	0	0.02
21100	0.01	0	0	0	0	0.01
21200	0.01	0	0	0	0	0.01
21300	0.01	0	0	0	0	0.01
21400	0.03	0.01	0.01	0	0	0.03
21500	0.05	0.01	0.01	0	0	0.05
21600	0.07	0.01	0.01	0	0	0.07
21700	0.07	0	0	0	0	0.07
21800	0.06	0	0	0	0	0.06
21900	0.08	0.01	0.01	0	0	0.08
22000	0.04	0.01	0.01	0	0	0.04
22100	0.02	0.01	0.01	0	0	0.02
22200	0.03	0.01	0.01	0	0	0.03
22300	0.02	0.01	0.01	0	0	0.02
22400	0.02	0.01	0.01	0	0	0.02
22500	0.03	0	0	0	0	0.03
22600	0.03	0	0	0	0	0.03
22700	0.02	0	0	0	0	0.02
22800	0.03	0	0	0	0	0.03
22900	0.02	0	0	0	0	0.02
23000	0.03	0	0	0	0	0.03
23100	0.02	0.01	0.01	0	0	0.02
23200	0.01	0.01	0.01	0	0	0.01
23300	0.02	0	0	0	0	0.02
23400	0.02	0	0	0	0	0.02
23500	0.02	0	0	0	0	0.02
23600	0.02	0	0	0	0	0.02
23700	0.05	0	0	0	0	0.05
23800	0.03	0	0	0	0	0.03
23900	0.06	0	0	0	0	0.06
24000	0.08	0	0	0	0	0.08
24100	0.11	0	0	0	0	0.11
24200	0.11	0	0	0	0	0.11
24300	0.11	0	0	0	0	0.11
24400	0.1	0	0	0	0	0.1
24500	0.1	0	0	0	0	0.1
24600	0.12	0.01	0.01	0	0	0.12
24700	0.11	0.01	0.01	0	0	0.11
24800	0.1	0.01	0.01	0	0	0.1
24900	0.1	0.01	0.01	0	0	0.1
25000	0.1	0	0	0	0	0.1
25100	0.12	0	0	0	0	0.12
25200	0.13	0	0	0	0	0.13
25300	0.12	0	0	0	0	0.12
25400	0.14	0.01	0.01	0	0	0.14
25500	0.15	0.01	0.01	0	0	0.15
25600	0.14	0.01	0.01	0	0	0.14
25700	0.14	0.02	0.02	0	0	0.14
25800	0.15	0.01	0.01	0	0	0.15
25900	0.15	0.01	0.01	0	0	0.15
26000	0.14	0.01	0.01	0	0	0.14
26100	0.15	0.01	0.01	0	0	0.15
26200	0.18	0.01	0.01	0	0	0.18
26300	0.17	0	0	0	0	0.17
26400	0.17	0	0	0	0	0.17
26500	0.18	0	0	0	0	0.18
26600	0.19	0	0	0	0	0.19
26700	0.19	0.01	0.01	0	0	0.19
26800	0.21	0.01	0.01	0	0	0.21
26900	0.23	0.02	0.02	0	0	0.23
27000	0.23	0.02	0.02	0	0	0.23
27100	0.22	0.02	0.02	0	0	0.22
27200	0.23	0.02	0.02	0	0	0.23
27300	0.23	0.01	0.01	0	0	0.23
27400	0.22	0.02	0.02	0	0	0.22
27500	0.21	0.02	0.02	0	0	0.21
27600	0.22	0.02	0.02	0	0	0.22
27700	0.22	0.02	0.02	0	0	0.22
27800	0.2	0.01	0.01	0	0	0.2
27900	0.21	0.01	0.01	0	0	0.21
28000	0.21	0.01	0.01	0	0	0.21
28100	0.21	0.01	0.01	0	0	0.21
28200	0.21	0.01	0.01	0	0	0.21
28300	0.21	0	0	0	0	0.21
28400	0.25	0.01	0.01	0	0	0.25
28500	0.25	0.01	0.01	0	0	0.25
28600	0.26	0.01	0.01	0	0	0.26
28700	0.25	0.03	0.03	0	0	0.25
28800	0.23	0.03	0.03	0	0	0.23
28900	0.23	0.02	0.02	0	0	0.23
29000	0.23	0.01	0.01	0	0	0.23
29100	0.24	0.01	0.01	0	0	0.24
29200	0.25	0.02	0.02	0	0	0.25
29300	0.25	0.01	0.01	0	0	0.25
29400	0.25	0	0	0	0	0.25
29500	0.26	0	0	0	0	0.26
29600	0.29	0	0	0	0	0.29
29700	0.29	0	0	0	0	0.29
29800	0.28	0	0	0	0	0.28
29900	0.29	0.01	0.01	0	0	0.29
30000	0.3	0	0	0	0	0.3
30100	0.28	0	0	0	0	0.28
30200	0.29	0	0	0	0	0.29
30300	0.28	0	0	0	0	0.28
30400	0.28	0	0	0	0	0.28
30500	0.27	0.01	0.01	0	0	0.27
30600	0.27	0.01	0.01	0	0	0.27
30700	0.27	0.01	0.01	0	0	0.27
30800	0.27	0.03	0.03	0	0	0.27
30900	0.28	0.02	0.02	0	0	0.28
31000	0.29	0.03	0.03	0	0	0.29
31100	0.29	0.04	0.04	0	0	0.29
31200	0.28	0.04	0.04	0	0	0.28
31300	0.28	0.05	0.05	0	0	0.28
31400	0.31	0.05	0.05	0	0	0.31
31500	0.32	0.06	0.06	0	0	0.32
31600	0.32	0.04	0.04	0	0	0.32
31700	0.32	0.02	0.02	0	0	0.32
31800	0.33	0.02	0.02	0	0	0.33
31900	0.33	0.01	0.01	0	0	0.33
32000	0.31	0	0	0	0	0.31
32100	0.31	0	0	0	0	0.31
32200	0.32	0.01	0.01	0	0	0.32
32300	0.34	0.03	0.03	0	0	0.34
32400	0.33	0.04	0.04	0	0	0.33
32500	0.31	0.03	0.03	0	0	0.31
32600	0.32	0.03	0.03	0	0	0.32
32700	0.32	0.02	0.02	0	0	0.32
32800	0.32	0.01	0.01	0	0	0.32
32900	0.32	0.01	0.01	0	0	0.32
33000	0.32	0	0	0	0	0.32
33100	0.33	0.01	0.01	0	0	0.33
33200	0.32	0.01	0.01	0	0	0.32
33300	0.32	0.01	0.01	0	0	0.32
33400	0.32	0.01	0.01	0	0	0.32
33500	0.32	0.01	0.01	0	0	0.32
33600	0.33	0	0	0	0	0.33
33700	0.33	0	0	0	0	0.33
33800	0.33	0.01	0.01	0	0	0.33
33900	0.34	0.03	0.03	0	0	0.34
34000	0.35	0.05	0.05	0	0	0.35
34100	0.36	0.04	0.04	0	0	0.36
34200	0.35	0.04	0.04	0	0	0.35
34300	0.35	0.06	0.06	0	0	0.35
34400	0.35	0.07	0.07	0	0	0.35
34500	0.35	0.05	0.05	0	0	0.35
34600	0.35	0.04	0.04	0	0	0.35
34700	0.35	0.03	0.03	0	0	0.35
34800	0.35	0.03	0.03	0	0	0.35
34900	0.35	0.02	0.02	0	0	0.35
35000	0.35	0.01	0.01	0	0	0.35
35100	0.35	0	0	0	0	0.35
35200	0.35	0.01	0.01	0	0	0.35
35300	0.36	0.01	0.01	0	0	0.36
35400	0.38	0.03	0.03	0	0	0.38
35500	0.37	0.03	0.03	0	0	0.37
35600	0.37	0.02	0.02	0	0	0.37
35700	0.39	0.01	0.01	0	0	0.39
35800	0.39	0.01	0.01	0	0	0.39
35900	0.37	0.02	0.02	0	0	0.37
36000	0.37	0.01	0.01	0	0	0.37
36100	0.38	0	0	0	0	0.38
36200	0.37	0	0	0	0	0.37
36300	0.37	0	0	0	0	0.37
36400	0.37	0	0	0	0	0.37
36500	0.37	0	0	0	0	0.37
36600	0.37	0	0	0	0	0.37
36700	0.36	0	0	0	0	0.36
36800	0.36	0	0	0	0	0.36
36900	0.36	0	0	0	0	0.36
37000	0.38	0	0	0	0	0.38
37100	0.38	0.01	0.01	0	0	0.38
37200	0.38	0.01	0.01	0	0	0.38
37300	0.38	0	0	0	0	0.38
37400	0.38	0	0	0	0	0.38
37500	0.38	0	0	0	0	0.38
37600	0.4	0.02	0.02	0	0	0.4
37700	0.41	0.02	0.02	0	0	0.41
37800	0.4	0.02	0.02	0	0	0.4
37900	0.4	0.02	0.02	0	0	0.4
38000	0.4	0.03	0.03	0	0	0.4
38100	0.4	0.03	0.03	0	0	0.4
38200	0.4	0.02	0.02	0	0	0.4
38300	0.4	0.02	0.02	0	0	0.4
38400	0.4	0.01	0.01	0	0	0.4
38500	0.42	0.01	0.01	0	0	0.42
38600	0.42	0.01	0.01	0	0	0.42
38700	0.43	0.01	0.01	0	0	0.43
38800	0.44	0.02	0.02	0	0	0.44
38900	0.44	0.01	0.01	0	0	0.44
39000	0.44	0.01	0.01	0	0	0.44
39100	0.45	0.02	0.02	0	0	0.45
39200	0.44	0.02	0.02	0	0	0.44
39300	0.45	0.02	0.02	0	0	0.45
39400	0.45	0.02	0.02	0	0	0.45
39500	0.45	0.01	0.01	0	0	0.45
39600	0.45	0	0	0	0	0.45
39700	0.45	0	0	0	0	0.45
39800	0.45	0	0	0	0	0.45
39900	0.45	0.01	0.01	0	0	0.45
40000	0.45	0.01	0.01	0	0	0.45
40100	0.45	0.01	0.01	0	0	0.45
40200	0.45	0.01	0.01	0	0	0.45
40300	0.45	0.01	0.01	0	0	0.45
40400	0.46	0.01	0.01	0	0	0.46
40500	0.45	0.01	0.01	0	0	0.45
40600	0.45	0.01	0.01	0	0	0.45
40700	0.45	0.01	0.01	0	0	0.45
40800	0.46	0.02	0.02	0	0	0.46
40900	0.46	0.02	0.02	0	0	0.46
41000	0.46	0.02	0.02	0	0	0.46
41100	0.47	0.02	0.02	0	0	0.47
41200	0.47	0.02	0.02	0	0	0.47
41300	0.47	0.02	0.02	0	0	0.47
41400	0.47	0.02	0.02	0	0	0.47
41500	0.47	0.02	0.02	0	0	0.47
41600	0.47	0.02	0.02	0	0	0.47
41700	0.47	0.02	0.02	0	0	0.47
41800	0.47	0.02	0.02	0	0	0.47
41900	0.47	0.01	0.01	0	0	0.47
42000	0.48	0	0	0	0	0.48
42100	0.49	0	0	0	0	0.49
42200	0.5	0.01	0.01	0	0	0.5
42300	0.5	0.01	0.01	0	0	0.5
42400	0.5	0.01	0.01	0	0	0.5
42500	0.48	0.02	0.02	0	0	0.48
42600	0.48	0.01	0.01	0	0	0.48
42700	0.48	0.01	0.01	0	0	0.48
42800	0.49	0.02	0.02	0	0	0.49
42900	0.49	0.03	0.03	0	0	0.49
43000	0.49	0.01	0.01	0	0	0.49
43100	0.51	0	0	0	0	0.51
43200	0.51	0.01	0.01	0	0	0.51
43300	0.51	0.01	0.01	0	0	0.51
43400	0.51	0.02	0.02	0	0	0.51
43500	0.52	0.03	0.03	0	0	0.52
43600	0.52	0.04	0.04	0	0	0.52
43700	0.53	0.04	0.04	0	0	0.53
43800	0.54	0.03	0.03	0	0	0.54
43900	0.54	0.02	0.02	0	0	0.54
44000	0.54	0.02	0.02	0	0	0.54
44100	0.55	0.03	0.03	0	0	0.55
44200	0.56	0	0	0	0	0.56
44300	0.56	0.01	0.01	0	0	0.56
44400	0.56	0.02	0.02	0	0	0.56
44500	0.57	0.02	0.02	0	0	0.57
44600	0.58	0.02	0.02	0	0	0.58
44700	0.58	0.01	0.01	0	0	0.58
44800	0.58	0.01	0.01	0	0	0.58
44900	0.58	0	0	0	0	0.58
45000	0.58	0	0	0	0	0.58
45100	0.58	0	0	0	0	0.58
45200	0.59	0.01	0.01	0	0	0.59
45300	0.59	0.02	0.02	0	0	0.59
45400	0.59	0.02	0.02	0	0	0.59
45500	0.59	0.03	0.03	0	0	0.59
45600	0.59	0.03	0.03	0	0	0.59
45700	0.59	0.01	0.01	0	0	0.59
45800	0.59	0.02	0.02	0	0	0.59
45900	0.6	0.03	0.03	0	0	0.6
46000	0.58	0.04	0.04	0	0	0.58
46100	0.58	0.04	0.04	0	0	0.58
46200	0.58	0.05	0.05	0	0	0.58
46300	0.58	0.03	0.03	0	0	0.58
46400	0.58	0.02	0.02	0	0	0.58
46500	0.58	0.01	0.01	0	0	0.58
46600	0.58	0.02	0.02	0	0	0.58
46700	0.58	0.02	0.02	0	0	0.58
46800	0.58	0.02	0.02	0	0	0.58
46900	0.58	0.01	0.01	0	0	0.58
47000	0.58	0.03	0.03	0	0	0.58
47100	0.58	0.02	0.02	0	0	0.58
47200	0.58	0.02	0.02	0	0	0.58
47300	0.58	0.03	0.03	0	0	0.58
47400	0.58	0.03	0.03	0	0	0.58
47500	0.58	0.02	0.02	0	0	0.58
47600	0.58	0.02	0.02	0	0	0.58
47700	0.58	0.02	0.02	0	0	0.58
47800	0.58	0.02	0.02	0	0	0.58
47900	0.58	0.01	0.01	0	0	0.58
48000	0.59	0.02	0.02	0	0	0.59
48100	0.59	0.01	0.01	0	0	0.59
48200	0.59	0.01	0.01	0	0	0.59
48300	0.59	0.02	0.02	0	0	0.59
48400	0.59	0.03	0.03	0	0	0.59
48500	0.59	0.02	0.02	0	0	0.59
48600	0.6	0.03	0.03	0	0	0.6
48700	0.61	0.01	0.01	0	0	0.61
48800	0.61	0.02	0.02	0	0	0.61
48900	0.61	0.02	0.02	0	0	0.61
49000	0.61	0.01	0.01	0	0	0.61
49100	0.61	0.01	0.01	0	0	0.61
49200	0.61	0	0	0	0	0.61
49300	0.62	0.01	0.01	0	0	0.62
49400	0.62	0.01	0.01	0	0	0.62
49500	0.62	0.01	0.01	0	0	0.62
49600	0.62	0	0	0	0	0.62
49700	0.62	0	0	0	0	0.62
49800	0.62	0	0	0	0	0.62
49900	0.62	0.01	0.01	0	0	0.62
50000	0.62	0.01	0.01	0	0	0.62
50100	0.62	0.01	0.01	0	0	0.62
50200	0.62	0	0	0	0	0.62
50300	0.62	0.01	0.01	0	0	0.62
50400	0.62	0	0	0	0	0.62
50500	0.62	0.01	0.01	0	0	0.62
50600	0.62	0.01	0.01	0	0	0.62
50700	0.62	0.01	0.01	0	0	0.62
50800	0.62	0.02	0.02	0	0	0.62
50900	0.62	0.02	0.02	0	0	0.62
51000	0.62	0.02	0.02	0	0	0.62
51100	0.62	0.02	0.02	0	0	0.62
51200	0.62	0.04	0.04	0	0	0.62
51300	0.62	0.04	0.04	0	0	0.62
51400	0.62	0.02	0.02	0	0	0.62
51500	0.62	0.01	0.01	0	0	0.62
51600	0.62	0.01	0.01	0	0	0.62
51700	0.62	0.01	0.01	0	0	0.62
51800	0.62	0.01	0.01	0	0	0.62
51900	0.62	0	0	0	0	0.62
52000	0.62	0	0	0	0	0.62
52100	0.62	0.01	0.01	0	0	0.62
52200	0.62	0.01	0.01	0	0	0.62
52300	0.62	0.02	0.02	0	0	0.62
52400	0.62	0.02	0.02	0	0	0.62
52500	0.62	0.02	0.02	0	0	0.62
52600	0.62	0.02	0.02	0	0	0.62
52700	0.62	0.01	0.01	0	0	0.62
52800	0.62	0.01	0.01	0	0	0.62
52900	0.62	0.01	0.01	0	0	0.62
53000	0.62	0.01	0.01	0	0	0.62
53100	0.62	0.02	0.02	0	0	0.62
53200	0.62	0.02	0.02	0	0	0.62
53300	0.62	0.02	0.02	0	0	0.62
53400	0.62	0.04	0.04	0	0	0.62
53500	0.62	0.03	0.03	0	0	0.62
53600	0.62	0.03	0.03	0	0	0.62
53700	0.62	0.02	0.02	0	0	0.62
53800	0.62	0.02	0.02	0	0	0.62
53900	0.62	0	0	0	0	0.62
54000	0.62	0	0	0	0	0.62
54100	0.62	0.01	0.01	0	0	0.62
54200	0.62	0.02	0.02	0	0	0.62
54300	0.62	0.01	0.01	0	0	0.62
54400	0.62	0.01	0.01	0	0	0.62
54500	0.62	0.01	0.01	0	0	0.62
54600	0.61	0.01	0.01	0	0	0.61
54700	0.61	0.01	0.01	0	0	0.61
54800	0.61	0	0	0	0	0.61
54900	0.61	0	0	0	0	0.61
55000	0.61	0	0	0	0	0.61
55100	0.61	0	0	0	0	0.61
55200	0.61	0.01	0.01	0	0	0.61
55300	0.61	0.02	0.02	0	0	0.61
55400	0.61	0.03	0.03	0	0	0.61
55500	0.61	0.03	0.03	0	0	0.61
55600	0.62	0.03	0.03	0	0	0.62
55700	0.62	0.03	0.03	0	0	0.62
55800	0.63	0.02	0.02	0	0	0.63
55900	0.63	0.02	0.02	0	0	0.63
56000	0.64	0.01	0.01	0	0	0.64
56100	0.64	0.01	0.01	0	0	0.64
56200	0.64	0.01	0.01	0	0	0.64
56300	0.64	0.01	0.01	0	0	0.64
56400	0.64	0	0	0	0	0.64
56500	0.64	0	0	0	0	0.64
56600	0.64	0	0	0	0	0.64
56700	0.64	0	0	0	0	0.64
56800	0.64	0	0	0	0	0.64
56900	0.64	0	0	0	0	0.64
57000	0.64	0	0	0	0	0.64
57100	0.64	0	0	0	0	0.64
57200	0.64	0	0	0	0	0.64
57300	0.65	0	0	0	0	0.65
57400	0.65	0	0	0	0	0.65
57500	0.65	0	0	0	0	0.65
57600	0.65	0	0	0	0	0.65
57700	0.65	0	0	0	0	0.65
57800	0.65	0	0	0	0	0.65
57900	0.65	0	0	0	0	0.65
58000	0.65	0	0	0	0	0.65
58100	0.65	0	0	0	0	0.65
58200	0.65	0.01	0.01	0	0	0.65
58300	0.65	0.01	0.01	0	0	0.65
58400	0.65	0	0	0	0	0.65
58500	0.65	0	0	0	0	0.65
58600	0.65	0.01	0.01	0	0	0.65
58700	0.65	0.01	0.01	0	0	0.65
58800	0.65	0.01	0.01	0	0	0.65
58900	0.65	0.01	0.01	0	0	0.65
59000	0.65	0.01	0.01	0	0	0.65
59100	0.65	0	0	0	0	0.65
59200	0.65	0	0	0	0	0.65
59300	0.65	0	0	0	0	0.65
59400	0.65	0	0	0	0	0.65
59500	0.65	0.01	0.01	0	0	0.65
59600	0.65	0.01	0.01	0	0	0.65
59700	0.65	0.01	0.01	0	0	0.65
59800	0.65	0.01	0.01	0	0	0.65
59900	0.65	0.02	0.02	0	0	0.65
60000	0.65	0.02	0.02	0	0	0.65
60100	0.65	0.03	0.03	0	0	0.65
60200	0.65	0.04	0.04	0	0	0.65
60300	0.65	0.06	0.06	0	0	0.65
60400	0.65	0.04	0.04	0	0	0.65
60500	0.65	0	0	0	0	0.65
60600	0.65	0	0	0	0	0.65
60700	0.65	0	0	0	0	0.65
60800	0.65	0	0	0	0	0.65
60900	0.65	0.01	0.01	0	0	0.65
61000	0.65	0.01	0.01	0	0	0.65
61100	0.65	0.02	0.02	0	0	0.65
61200	0.65	0.04	0.04	0	0	0.65
61300	0.65	0.04	0.04	0	0	0.65
61400	0.65	0.03	0.03	0	0	0.65
61500	0.65	0.02	0.02	0	0	0.65
61600	0.65	0.02	0.02	0	0	0.65
61700	0.65	0.04	0.04	0	0	0.65
61800	0.65	0.04	0.04	0	0	0.65
61900	0.65	0.04	0.04	0	0	0.65
62000	0.65	0.03	0.03	0	0	0.65
62100	0.65	0.02	0.02	0	0	0.65
62200	0.65	0.02	0.02	0	0	0.65
62300	0.65	0.01	0.01	0	0	0.65
62400	0.65	0	0	0	0	0.65
62500	0.65	0.01	0.01	0	0	0.65
62600	0.65	0.01	0.01	0	0	0.65
62700	0.65	0.01	0.01	0	0	0.65
62800	0.65	0.01	0.01	0	0	0.65
62900	0.65	0.01	0.01	0	0	0.65
63000	0.65	0.01	0.01	0	0	0.65
63100	0.65	0.01	0.01	0	0	0.65
63200	0.65	0.01	0.01	0	0	0.65
63300	0.65	0.01	0.01	0	0	0.65
63400	0.65	0.01	0.01	0	0	0.65
63500	0.65	0.01	0.01	0	0	0.65
63600	0.65	0.01	0.01	0	0	0.65
63700	0.65	0.03	0.03	0	0	0.65
63800	0.65	0.02	0.02	0	0	0.65
63900	0.65	0.02	0.02	0	0	0.65
64000	0.65	0.03	0.03	0	0	0.65
64100	0.65	0.03	0.03	0	0	0.65
64200	0.65	0.03	0.03	0	0	0.65
64300	0.65	0	0	0	0	0.65
64400	0.65	0.01	0.01	0	0	0.65
64500	0.65	0.01	0.01	0	0	0.65
64600	0.65	0.01	0.01	0	0	0.65
64700	0.65	0.02	0.02	0	0	0.65
64800	0.65	0.02	0.02	0	0	0.65
64900	0.65	0.02	0.02	0	0	0.65
65000	0.65	0.02	0.02	0	0	0.65
65100	0.65	0.03	0.03	0	0	0.65
65200	0.65	0.02	0.02	0	0	0.65
65300	0.65	0.01	0.01	0	0	0.65
65400	0.65	0.03	0.03	0	0	0.65
65500	0.65	0.02	0.02	0	0	0.65
65600	0.65	0.02	0.02	0	0	0.65
65700	0.65	0.02	0.02	0	0	0.65
65800	0.65	0.03	0.03	0	0	0.65
65900	0.65	0.03	0.03	0	0	0.65
66000	0.65	0.02	0.02	0	0	0.65
66100	0.65	0.02	0.02	0	0	0.65
66200	0.65	0.02	0.02	0	0	0.65
66300	0.66	0.03	0.03	0	0	0.66
66400	0.66	0.02	0.02	0	0	0.66
66500	0.66	0.02	0.02	0	0	0.66
66600	0.66	0.03	0.03	0	0	0.66
66700	0.66	0.03	0.03	0	0	0.66
66800	0.66	0.02	0.02	0	0	0.66
66900	0.66	0.02	0.02	0	0	0.66
67000	0.66	0.01	0.01	0	0	0.66
67100	0.66	0.02	0.02	0	0	0.66
67200	0.66	0.01	0.01	0	0	0.66
67300	0.66	0.01	0.01	0	0	0.66
67400	0.66	0	0	0	0	0.66
67500	0.66	0	0	0	0	0.66
67600	0.66	0	0	0	0	0.66
67700	0.67	0	0	0	0	0.67
67800	0.66	0	0	0	0	0.66
67900	0.66	0	0	0	0	0.66
68000	0.66	0.01	0.01	0	0	0.66
68100	0.66	0.01	0.01	0	0	0.66
68200	0.66	0.01	0.01	0	0	0.66
68300	0.66	0.01	0.01	0	0	0.66
68400	0.66	0.01	0.01	0	0	0.66
68500	0.66	0.01	0.01	0	0	0.66
68600	0.66	0.01	0.01	0	0	0.66
68700	0.66	0	0	0	0	0.66
68800	0.67	0	0	0	0	0.67
68900	0.67	0.01	0.01	0	0	0.67
69000	0.67	0.01	0.01	0	0	0.67
69100	0.67	0.02	0.02	0	0	0.67
69200	0.67	0.02	0.02	0	0	0.67
69300	0.67	0.02	0.02	0	0	0.67
69400	0.67	0.01	0.01	0	0	0.67
69500	0.67	0.01	0.01	0	0	0.67
69600	0.67	0.01	0.01	0	0	0.67
69700	0.67	0.02	0.02	0	0	0.67
69800	0.67	0.02	0.02	0	0	0.67
69900	0.67	0.03	0.03	0	0	0.67
70000	0.67	0.03	0.03	0	0	0.67
70100	0.67	0.02	0.02	0	0	0.67
70200	0.67	0	0	0	0	0.67
70300	0.67	0.02	0.02	0	0	0.67
70400	0.67	0.03	0.03	0	0	0.67
70500	0.67	0.04	0.04	0	0	0.67
70600	0.67	0.03	0.03	0	0	0.67
70700	0.68	0.02	0.02	0	0	0.68
70800	0.67	0.02	0.02	0	0	0.67
70900	0.67	0.01	0.01	0	0	0.67
71000	0.67	0.01	0.01	0	0	0.67
71100	0.67	0.01	0.01	0	0	0.67
71200	0.67	0.01	0.01	0	0	0.67
71300	0.67	0.01	0.01	0	0	0.67
71400	0.67	0.02	0.02	0	0	0.67
71500	0.67	0.02	0.02	0	0	0.67
71600	0.67	0.03	0.03	0	0	0.67
71700	0.66	0.03	0.03	0	0	0.66
71800	0.67	0.02	0.02	0	0	0.67
71900	0.66	0.02	0.02	0	0	0.66
72000	0.66	0.01	0.01	0	0	0.66
72100	0.66	0.01	0.01	0	0	0.66
72200	0.66	0.01	0.01	0	0	0.66
72300	0.66	0	0	0	0	0.66
72400	0.66	0.01	0.01	0	0	0.66
72500	0.66	0.01	0.01	0	0	0.66
72600	0.66	0.01	0.01	0	0	0.66
72700	0.66	0.01	0.01	0	0	0.66
72800	0.66	0.01	0.01	0	0	0.66
72900	0.66	0.02	0.02	0	0	0.66
73000	0.66	0.02	0.02	0	0	0.66
73100	0.66	0.02	0.02	0	0	0.66
73200	0.66	0	0	0	0	0.66
73300	0.66	0.01	0.01	0	0	0.66
73400	0.66	0.01	0.01	0	0	0.66
73500	0.66	0.02	0.02	0	0	0.66
73600	0.66	0.01	0.01	0	0	0.66
73700	0.66	0.01	0.01	0	0	0.66
73800	0.66	0	0	0	0	0.66
73900	0.66	0	0	0	0	0.66
74000	0.66	0.01	0.01	0	0	0.66
74100	0.66	0.01	0.01	0	0	0.66
74200	0.66	0.01	0.01	0	0	0.66
74300	0.66	0.01	0.01	0	0	0.66
74400	0.66	0.01	0.01	0	0	0.66
74500	0.66	0.01	0.01	0	0	0.66
74600	0.66	0	0	0	0	0.66
74700	0.66	0	0	0	0	0.66
74800	0.66	0.01	0.01	0	0	0.66
74900	0.66	0.01	0.01	0	0	0.66
75000	0.66	0.03	0.03	0	0	0.66
75100	0.67	0.03	0.03	0	0	0.67
75200	0.67	0.03	0.03	0	0	0.67
75300	0.67	0.03	0.03	0	0	0.67
75400	0.67	0.02	0.02	0	0	0.67
75500	0.67	0.01	0.01	0	0	0.67
75600	0.67	0	0	0	0	0.67
75700	0.67	0	0	0	0	0.67
75800	0.67	0.01	0.01	0	0	0.67
75900	0.67	0.01	0.01	0	0	0.67
76000	0.67	0.02	0.02	0	0	0.67
76100	0.67	0.02	0.02	0	0	0.67
76200	0.67	0.03	0.03	0	0	0.67
76300	0.67	0.01	0.01	0	0	0.67
76400	0.67	0.01	0.01	0	0	0.67
76500	0.67	0.02	0.02	0	0	0.67
76600	0.67	0.02	0.02	0	0	0.67
76700	0.67	0.03	0.03	0	0	0.67
76800	0.67	0.04	0.04	0	0	0.67
76900	0.67	0.04	0.04	0	0	0.67
77000	0.67	0.01	0.01	0	0	0.67
77100	0.67	0	0	0	0	0.67
77200	0.67	0.01	0.01	0	0	0.67
77300	0.67	0.02	0.02	0	0	0.67
77400	0.67	0.01	0.01	0	0	0.67
77500	0.67	0.01	0.01	0	0	0.67
77600	0.67	0.02	0.02	0	0	0.67
77700	0.67	0.02	0.02	0	0	0.67
77800	0.67	0.01	0.01	0	0	0.67
77900	0.67	0.01	0.01	0	0	0.67
78000	0.67	0.01	0.01	0	0	0.67
78100	0.67	0.04	0.04	0	0	0.67
78200	0.68	0.03	0.03	0	0	0.68
78300	0.68	0.03	0.03	0	0	0.68
78400	0.68	0.04	0.04	0	0	0.68
78500	0.68	0.03	0.03	0	0	0.68
78600	0.68	0.04	0.04	0	0	0.68
78700	0.68	0.02	0.02	0	0	0.68
78800	0.68	0.02	0.02	0	0	0.68
78900	0.68	0.01	0.01	0	0	0.68
79000	0.68	0.01	0.01	0	0	0.68
79100	0.69	0	0	0	0	0.69
79200	0.69	0	0	0	0	0.69
79300	0.69	0.01	0.01	0	0	0.69
79400	0.69	0.01	0.01	0	0	0.69
79500	0.69	0.01	0.01	0	0	0.69
79600	0.69	0.02	0.02	0	0	0.69
79700	0.69	0.02	0.02	0	0	0.69
79800	0.69	0.01	0.01	0	0	0.69
79900	0.69	0.02	0.02	0	0	0.69
80000	0.69	0.03	0.03	0	0	0.69
80100	0.69	0.02	0.02	0	0	0.69
80200	0.69	0	0	0	0	0.69
80300	0.69	0	0	0	0	0.69
80400	0.69	0.01	0.01	0	0	0.69
80500	0.69	0.02	0.02	0	0	0.69
80600	0.69	0.02	0.02	0	0	0.69
80700	0.69	0.02	0.02	0	0	0.69
80800	0.69	0.02	0.02	0	0	0.69
80900	0.69	0.04	0.04	0	0	0.69
81000	0.69	0.04	0.04	0	0	0.69
81100	0.69	0.04	0.04	0	0	0.69
81200	0.69	0.03	0.03	0	0	0.69
81300	0.69	0.02	0.02	0	0	0.69
81400	0.69	0.01	0.01	0	0	0.69
81500	0.69	0.02	0.02	0	0	0.69
81600	0.69	0.02	0.02	0	0	0.69
81700	0.69	0.03	0.03	0	0	0.69
81800	0.69	0.02	0.02	0	0	0.69
81900	0.69	0.01	0.01	0	0	0.69
82000	0.69	0.01	0.01	0	0	0.69
82100	0.69	0.01	0.01	0	0	0.69
82200	0.69	0.02	0.02	0	0	0.69
82300	0.69	0.02	0.02	0	0	0.69
82400	0.69	0.02	0.02	0	0	0.69
82500	0.69	0.02	0.02	0	0	0.69
82600	0.69	0.03	0.03	0	0	0.69
82700	0.69	0.03	0.03	0	0	0.69
82800	0.69	0.01	0.01	0	0	0.69
82900	0.69	0	0	0	0	0.69
83000	0.69	0	0	0	0	0.69
83100	0.69	0.01	0.01	0	0	0.69
83200	0.69	0.02	0.02	0	0	0.69
83300	0.69	0.02	0.02	0	0	0.69
83400	0.69	0.02	0.02	0	0	0.69
83500	0.69	0.02	0.02	0	0	0.69
83600	0.69	0.02	0.02	0	0	0.69
83700	0.69	0.04	0.04	0	0	0.69
83800	0.69	0.03	0.03	0	0	0.69
83900	0.69	0.03	0.03	0	0	0.69
84000	0.69	0.03	0.03	0	0	0.69
84100	0.69	0.01	0.01	0	0	0.69
84200	0.69	0.01	0.01	0	0	0.69
84300	0.69	0.01	0.01	0	0	0.69
84400	0.69	0.02	0.02	0	0	0.69
84500	0.69	0.02	0.02	0	0	0.69
84600	0.69	0.02	0.02	0	0	0.69
84700	0.69	0.02	0.02	0	0	0.69
84800	0.69	0.02	0.02	0	0	0.69
84900	0.69	0.01	0.01	0	0	0.69
85000	0.69	0.01	0.01	0	0	0.69
85100	0.69	0.01	0.01	0	0	0.69
85200	0.69	0.02	0.02	0	0	0.69
85300	0.69	0.01	0.01	0	0	0.69
85400	0.69	0	0	0	0	0.69
85500	0.69	0	0	0	0	0.69
85600	0.69	0	0	0	0	0.69
85700	0.69	0	0	0	0	0.69
85800	0.69	0	0	0	0	0.69
85900	0.69	0	0	0	0	0.69
86000	0.69	0.01	0.01	0	0	0.69
86100	0.69	0.01	0.01	0	0	0.69
86200	0.69	0	0	0	0	0.69
86300	0.69	0.01	0.01	0	0	0.69
86400	0.69	0.03	0.03	0	0	0.69
86500	0.69	0.03	0.03	0	0	0.69
86600	0.69	0.02	0.02	0	0	0.69
86700	0.69	0.01	0.01	0	0	0.69
86800	0.69	0.01	0.01	0	0	0.69
86900	0.69	0.01	0.01	0	0	0.69
87000	0.69	0	0	0	0	0.69
87100	0.69	0	0	0	0	0.69
87200	0.69	0.01	0.01	0	0	0.69
87300	0.69	0.01	0.01	0	0	0.69
87400	0.69	0.01	0.01	0	0	0.69
87500	0.69	0.01	0.01	0	0	0.69
87600	0.69	0.02	0.02	0	0	0.69
87700	0.69	0.02	0.02	0	0	0.69
87800	0.69	0.02	0.02	0	0	0.69
87900	0.69	0.02	0.02	0	0	0.69
88000	0.69	0.03	0.03	0	0	0.69
88100	0.69	0.03	0.03	0	0	0.69
88200	0.69	0.01	0.01	0	0	0.69
88300	0.69	0.01	0.01	0	0	0.69
88400	0.69	0.01	0.01	0	0	0.69
88500	0.69	0	0	0	0	0.69
88600	0.69	0	0	0	0	0.69
88700	0.69	0.01	0.01	0	0	0.69
88800	0.69	0.01	0.01	0	0	0.69
88900	0.69	0.02	0.02	0	0	0.69
89000	0.69	0.02	0.02	0	0	0.69
89100	0.69	0.02	0.02	0	0	0.69
89200	0.69	0.02	0.02	0	0	0.69
89300	0.69	0.01	0.01	0	0	0.69
89400	0.69	0.01	0.01	0	0	0.69
89500	0.69	0.03	0.03	0	0	0.69
89600	0.69	0.03	0.03	0	0	0.69
89700	0.69	0.04	0.04	0	0	0.69
89800	0.69	0.04	0.04	0	0	0.69
89900	0.69	0.02	0.02	0	0	0.69
90000	0.69	0.01	0.01	0	0	0.69
90100	0.69	0.01	0.01	0	0	0.69
90200	0.69	0.01	0.01	0	0	0.69
90300	0.69	0.02	0.02	0	0	0.69
90400	0.69	0.03	0.03	0	0	0.69
90500	0.69	0.03	0.03	0	0	0.69
90600	0.69	0.04	0.04	0	0	0.69
90700	0.69	0.03	0.03	0	0	0.69
90800	0.69	0.03	0.03	0	0	0.69
90900	0.69	0.01	0.01	0	0	0.69
91000	0.69	0.01	0.01	0	0	0.69
91100	0.69	0	0	0	0	0.69
91200	0.69	0	0	0	0	0.69
91300	0.69	0	0	0	0	0.69
91400	0.69	0	0	0	0	0.69
91500	0.69	0	0	0	0	0.69
91600	0.69	0.01	0.01	0	0	0.69
91700	0.69	0.01	0.01	0	0	0.69
91800	0.69	0.02	0.02	0	0	0.69
91900	0.69	0.02	0.02	0	0	0.69
92000	0.69	0.01	0.01	0	0	0.69
92100	0.69	0.02	0.02	0	0	0.69
92200	0.69	0.02	0.02	0	0	0.69
92300	0.69	0.02	0.02	0	0	0.69
92400	0.69	0.01	0.01	0	0	0.69
92500	0.69	0.01	0.01	0	0	0.69
92600	0.69	0.01	0.01	0	0	0.69
92700	0.69	0	0	0	0	0.69
92800	0.69	0	0	0	0	0.69
92900	0.69	0.01	0.01	0	0	0.69
93000	0.69	0.02	0.02	0	0	0.69
93100	0.69	0.03	0.03	0	0	0.69
93200	0.69	0.03	0.03	0	0	0.69
93300	0.69	0.02	0.02	0	0	0.69
93400	0.69	0.03	0.03	0	0	0.69
93500	0.69	0.05	0.05	0	0	0.69
93600	0.69	0.04	0.04	0	0	0.69
93700	0.69	0.02	0.02	0	0	0.69
93800	0.69	0.03	0.03	0	0	0.69
93900	0.69	0.01	0.01	0	0	0.69
94000	0.69	0.03	0.03	0	0	0.69
94100	0.69	0.04	0.04	0	0	0.69
94200	0.69	0.02	0.02	0	0	0.69
94300	0.69	0.02	0.02	0	0	0.69
94400	0.69	0.02	0.02	0	0	0.69
94500	0.69	0.01	0.01	0	0	0.69
94600	0.69	0	0	0	0	0.69
94700	0.69	0	0	0	0	0.69
94800	0.69	0	0	0	0	0.69
94900	0.69	0	0	0	0	0.69
95000	0.69	0.01	0.01	0	0	0.69
95100	0.69	0.02	0.02	0	0	0.69
95200	0.69	0.02	0.02	0	0	0.69
95300	0.69	0.02	0.02	0	0	0.69
95400	0.69	0.03	0.03	0	0	0.69
95500	0.69	0.02	0.02	0	0	0.69
95600	0.69	0.01	0.01	0	0	0.69
95700	0.69	0.02	0.02	0	0	0.69
95800	0.69	0.01	0.01	0	0	0.69
95900	0.69	0.02	0.02	0	0	0.69
96000	0.69	0.02	0.02	0	0	0.69
96100	0.69	0.03	0.03	0	0	0.69
96200	0.69	0.03	0.03	0	0	0.69
96300	0.69	0.02	0.02	0	0	0.69
96400	0.69	0.03	0.03	0	0	0.69
96500	0.69	0.02	0.02	0	0	0.69
96600	0.69	0.01	0.01	0	0	0.69
96700	0.69	0.02	0.02	0	0	0.69
96800	0.69	0.02	0.02	0	0	0.69
96900	0.69	0.02	0.02	0	0	0.69
97000	0.69	0.03	0.03	0	0	0.69
97100	0.69	0.03	0.03	0	0	0.69
97200	0.69	0.03	0.03	0	0	0.69
97300	0.69	0.02	0.02	0	0	0.69
97400	0.69	0	0	0	0	0.69
97500	0.69	0.01	0.01	0	0	0.69
97600	0.69	0.02	0.02	0	0	0.69
97700	0.69	0.02	0.02	0	0	0.69
97800	0.69	0.01	0.01	0	0	0.69
97900	0.69	0.01	0.01	0	0	0.69
98000	0.69	0.01	0.01	0	0	0.69
98100	0.69	0.01	0.01	0	0	0.69
98200	0.69	0	0	0	0	0.69
98300	0.69	0	0	0	0	0.69
98400	0.69	0	0	0	0	0.69
98500	0.7	0.02	0.02	0	0	0.7
98600	0.69	0.02	0.02	0	0	0.69
98700	0.69	0.02	0.02	0	0	0.69
98800	0.69	0.02	0.02	0	0	0.69
98900	0.69	0.02	0.02	0	0	0.69
99000	0.69	0.01	0.01	0	0	0.69
99100	0.69	0.01	0.01	0	0	0.69
99200	0.69	0.01	0.01	0	0	0.69
99300	0.69	0.03	0.03	0	0	0.69
99400	0.69	0.02	0.02	0	0	0.69
99500	0.69	0.03	0.03	0	0	0.69
99600	0.69	0.02	0.02	0	0	0.69
99700	0.69	0.02	0.02	0	0	0.69
99800	0.69	0.01	0.01	0	0	0.69
99900	0.69	0.01	0.01	0	0	0.69
100000	0.69	0.01	0.01	0	0	0.69
100100	0.69	0.01	0.01	0	0	0.69
100200	0.69	0.02	0.02	0	0	0.69
100300	0.69	0.02	0.02	0	0	0.69
100400	0.69	0.01	0.01	0	0	0.69
100500	0.69	0.02	0.02	0	0	0.69
100600	0.69	0.03	0.03	0	0	0.69
100700	0.69	0.02	0.02	0	0	0.69
100800	0.69	0.02	0.02	0	0	0.69
100900	0.69	0.02	0.02	0	0	0.69
101000	0.69	0.01	0.01	0	0	0.69
101100	0.69	0	0	0	0	0.69
101200	0.69	0	0	0	0	0.69
101300	0.69	0.01	0.01	0	0	0.69
101400	0.69	0.02	0.02	0	0	0.69
101500	0.69	0.02	0.02	0	0	0.69
101600	0.69	0.03	0.03	0	0	0.69
101700	0.69	0.03	0.03	0	0	0.69
101800	0.69	0.01	0.01	0	0	0.69
101900	0.7	0.01	0.01	0	0	0.7
102000	0.7	0	0	0	0	0.7
102100	0.7	0.01	0.01	0	0	0.7
102200	0.7	0.01	0.01	0	0	0.7
102300	0.7	0.01	0.01	0	0	0.7
102400	0.7	0.01	0.01	0	0	0.7
102500	0.7	0.01	0.01	0	0	0.7
102600	0.7	0.01	0.01	0	0	0.7
102700	0.7	0.01	0.01	0	0	0.7
102800	0.7	0.01	0.01	0	0	0.7
102900	0.7	0.01	0.01	0	0	0.7
103000	0.7	0.03	0.03	0	0	0.7
103100	0.7	0.02	0.02	0	0	0.7
103200	0.7	0.01	0.01	0	0	0.7
103300	0.7	0.02	0.02	0	0	0.7
103400	0.7	0.02	0.02	0	0	0.7
103500	0.7	0.03	0.03	0	0	0.7
103600	0.7	0.03	0.03	0	0	0.7
103700	0.7	0.02	0.02	0	0	0.7
103800	0.7	0.03	0.03	0	0	0.7
103900	0.7	0.02	0.02	0	0	0.7
104000	0.7	0.02	0.02	0	0	0.7
104100	0.7	0.02	0.02	0	0	0.7
104200	0.7	0.02	0.02	0	0	0.7
104300	0.7	0.01	0.01	0	0	0.7
104400	0.7	0	0	0	0	0.7
104500	0.7	0	0	0	0	0.7
104600	0.7	0	0	0	0	0.7
104700	0.71	0.01	0.01	0	0	0.71
104800	0.71	0.01	0.01	0	0	0.71
104900	0.7	0.02	0.02	0	0	0.7
105000	0.7	0.04	0.04	0	0	0.7
105100	0.7	0.03	0.03	0	0	0.7
105200	0.7	0.04	0.04	0	0	0.7
105300	0.7	0.02	0.02	0	0	0.7
105400	0.7	0.01	0.01	0	0	0.7
105500	0.7	0.01	0.01	0	0	0.7
105600	0.7	0.02	0.02	0	0	0.7
105700	0.7	0.01	0.01	0	0	0.7
105800	0.7	0.01	0.01	0	0	0.7
105900	0.7	0.01	0.01	0	0	0.7
106000	0.7	0.01	0.01	0	0	0.7
106100	0.69	0.01	0.01	0	0	0.69
106200	0.69	0.01	0.01	0	0	0.69
106300	0.69	0.01	0.01	0	0	0.69
106400	0.69	0.01	0.01	0	0	0.69
106500	0.69	0.01	0.01	0	0	0.69
106600	0.69	0.01	0.01	0	0	0.69
106700	0.69	0.01	0.01	0	0	0.69
106800	0.69	0	0	0	0	0.69
106900	0.69	0	0	0	0	0.69
107000	0.69	0	0	0	0	0.69
107100	0.69	0.01	0.01	0	0	0.69
107200	0.69	0.01	0.01	0	0	0.69
107300	0.69	0.01	0.01	0	0	0.69
107400	0.69	0.01	0.01	0	0	0.69
107500	0.69	0.01	0.01	0	0	0.69
107600	0.69	0.01	0.01	0	0	0.69
107700	0.69	0.01	0.01	0	0	0.69
107800	0.69	0.01	0.01	0	0	0.69
107900	0.69	0.01	0.01	0	0	0.69
108000	0.69	0.01	0.01	0	0	0.69
108100	0.69	0.01	0.01	0	0	0.69
108200	0.69	0	0	0	0	0.69
108300	0.69	0.01	0.01	0	0	0.69
108400	0.69	0.02	0.02	0	0	0.69
108500	0.69	0.02	0.02	0	0	0.69
108600	0.69	0.02	0.02	0	0	0.69
108700	0.69	0.02	0.02	0	0	0.69
108800	0.69	0.01	0.01	0	0	0.69
108900	0.69	0.01	0.01	0	0	0.69
109000	0.69	0.02	0.02	0	0	0.69
109100	0.69	0.03	0.03	0	0	0.69
109200	0.69	0.02	0.02	0	0	0.69
109300	0.69	0.03	0.03	0	0	0.69
109400	0.69	0.03	0.03	0	0	0.69
109500	0.69	0.02	0.02	0	0	0.69
109600	0.69	0.01	0.01	0	0	0.69
109700	0.69	0.02	0.02	0	0	0.69
109800	0.69	0.01	0.01	0	0	0.69
109900	0.69	0.02	0.02	0	0	0.69
110000	0.69	0.03	0.03	0	0	0.69
110100	0.69	0.04	0.04	0	0	0.69
110200	0.69	0.04	0.04	0	0	0.69
110300	0.69	0.02	0.02	0	0	0.69
110400	0.69	0.03	0.03	0	0	0.69
110500	0.69	0.04	0.04	0	0	0.69
110600	0.69	0.01	0.01	0	0	0.69
110700	0.69	0.02	0.02	0	0	0.69
110800	0.7	0.03	0.03	0	0	0.7
110900	0.7	0.03	0.03	0	0	0.7
111000	0.7	0.03	0.03	0	0	0.7
111100	0.7	0.02	0.02	0	0	0.7
111200	0.69	0.02	0.02	0	0	0.69
111300	0.69	0.03	0.03	0	0	0.69
111400	0.69	0.03	0.03	0	0	0.69
111500	0.69	0.03	0.03	0	0	0.69
111600	0.69	0.02	0.02	0	0	0.69
111700	0.69	0.02	0.02	0	0	0.69
111800	0.69	0.02	0.02	0	0	0.69
111900	0.69	0.01	0.01	0	0	0.69
112000	0.69	0	0	0	0	0.69
112100	0.69	0.01	0.01	0	0	0.69
112200	0.69	0.01	0.01	0	0	0.69
112300	0.7	0	0	0	0	0.7
112400	0.7	0	0	0	0	0.7
112500	0.7	0	0	0	0	0.7
112600	0.7	0	0	0	0	0.7
112700	0.7	0.02	0.02	0	0	0.7
112800	0.7	0.02	0.02	0	0	0.7
112900	0.7	0.03	0.03	0	0	0.7
113000	0.7	0.02	0.02	0	0	0.7
113100	0.7	0.02	0.02	0	0	0.7
113200	0.7	0.02	0.02	0	0	0.7
113300	0.7	0.01	0.01	0	0	0.7
113400	0.7	0.01	0.01	0	0	0.7
113500	0.7	0.01	0.01	0	0	0.7
113600	0.7	0.03	0.03	0	0	0.7
113700	0.69	0.02	0.02	0	0	0.69
113800	0.69	0.02	0.02	0	0	0.69
113900	0.69	0.02	0.02	0	0	0.69
114000	0.69	0.02	0.02	0	0	0.69
114100	0.69	0.01	0.01	0	0	0.69
114200	0.68	0	0	0	0	0.68
114300	0.68	0	0	0	0	0.68
114400	0.68	0	0	0	0	0.68
114500	0.68	0.01	0.01	0	0	0.68
114600	0.68	0.01	0.01	0	0	0.68
114700	0.68	0.02	0.02	0	0	0.68
114800	0.69	0.02	0.02	0	0	0.69
114900	0.69	0.03	0.03	0	0	0.69
115000	0.69	0.01	0.01	0	0	0.69
115100	0.69	0.01	0.01	0	0	0.69
115200	0.69	0.01	0.01	0	0	0.69
115300	0.69	0.02	0.02	0	0	0.69
115400	0.69	0.02	0.02	0	0	0.69
115500	0.69	0.01	0.01	0	0	0.69
115600	0.69	0.02	0.02	0	0	0.69
115700	0.69	0.02	0.02	0	0	0.69
115800	0.69	0.02	0.02	0	0	0.69
115900	0.69	0.03	0.03	0	0	0.69
116000	0.69	0.02	0.02	0	0	0.69
116100	0.69	0.01	0.01	0	0	0.69
116200	0.69	0.01	0.01	0	0	0.69
116300	0.69	0.01	0.01	0	0	0.69
116400	0.69	0.03	0.03	0	0	0.69
116500	0.69	0.04	0.04	0	0	0.69
116600	0.69	0.03	0.03	0	0	0.69
116700	0.69	0.03	0.03	0	0	0.69
116800	0.69	0.04	0.04	0	0	0.69
116900	0.69	0.03	0.03	0	0	0.69
117000	0.69	0.03	0.03	0	0	0.69
117100	0.69	0.01	0.01	0	0	0.69
117200	0.69	0.01	0.01	0	0	0.69
117300	0.69	0.02	0.02	0	0	0.69
117400	0.69	0.03	0.03	0	0	0.69
117500	0.69	0.03	0.03	0	0	0.69
117600	0.69	0.03	0.03	0	0	0.69
117700	0.69	0.03	0.03	0	0	0.69
117800	0.69	0.02	0.02	0	0	0.69
117900	0.69	0	0	0	0	0.69
118000	0.69	0	0	0	0	0.69
118100	0.69	0	0	0	0	0.69
118200	0.69	0	0	0	0	0.69
118300	0.69	0.01	0.01	0	0	0.69
118400	0.69	0.01	0.01	0	0	0.69
118500	0.69	0.01	0.01	0	0	0.69
118600	0.69	0.01	0.01	0	0	0.69
118700	0.69	0.01	0.01	0	0	0.69
118800	0.69	0	0	0	0	0.69
118900	0.69	0	0	0	0	0.69
119000	0.69	0	0	0	0	0.69
119100	0.69	0	0	0	0	0.69
119200	0.69	0	0	0	0	0.69
119300	0.69	0	0	0	0	0.69
119400	0.69	0	0	0	0	0.69
119500	0.69	0	0	0	0	0.69
119600	0.69	0.01	0.01	0	0	0.69
119700	0.69	0.01	0.01	0	0	0.69
119800	0.69	0.02	0.02	0	0	0.69
119900	0.69	0.02	0.02	0	0	0.69
120000	0.69	0.02	0.02	0	0	0.69
120100	0.69	0.02	0.02	0	0	0.69
120200	0.69	0.01	0.01	0	0	0.69
120300	0.69	0.02	0.02	0	0	0.69
120400	0.69	0.01	0.01	0	0	0.69
120500	0.69	0.01	0.01	0	0	0.69
120600	0.69	0.03	0.03	0	0	0.69
120700	0.69	0.04	0.04	0	0	0.69
120800	0.69	0.04	0.04	0	0	0.69
120900	0.69	0.03	0.03	0	0	0.69
121000	0.69	0.03	0.03	0	0	0.69
121100	0.69	0.02	0.02	0	0	0.69
121200	0.69	0.02	0.02	0	0	0.69
121300	0.69	0.01	0.01	0	0	0.69
121400	0.69	0.01	0.01	0	0	0.69
121500	0.69	0.01	0.01	0	0	0.69
121600	0.69	0.01	0.01	0	0	0.69
121700	0.69	0	0	0	0	0.69
121800	0.69	0.01	0.01	0	0	0.69
121900	0.69	0.01	0.01	0	0	0.69
122000	0.69	0.01	0.01	0	0	0.69
122100	0.69	0.03	0.03	0	0	0.69
122200	0.69	0.03	0.03	0	0	0.69
122300	0.69	0.03	0.03	0	0	0.69
122400	0.69	0.03	0.03	0	0	0.69
122500	0.69	0.03	0.03	0	0	0.69
122600	0.69	0.01	0.01	0	0	0.69
122700	0.69	0.01	0.01	0	0	0.69
122800	0.69	0.02	0.02	0	0	0.69
122900	0.69	0.02	0.02	0	0	0.69
123000	0.69	0.03	0.03	0	0	0.69
123100	0.69	0.04	0.04	0	0	0.69
123200	0.69	0.04	0.04	0	0	0.69
123300	0.69	0.03	0.03	0	0	0.69
123400	0.7	0.02	0.02	0	0	0.7
123500	0.7	0.02	0.02	0	0	0.7
123600	0.7	0.03	0.03	0	0	0.7
123700	0.7	0.03	0.03	0	0	0.7
123800	0.7	0.05	0.05	0	0	0.7
123900	0.7	0.04	0.04	0	0	0.7
124000	0.7	0.03	0.03	0	0	0.7
124100	0.7	0.01	0.01	0	0	0.7
124200	0.7	0.01	0.01	0	0	0.7
124300	0.7	0	0	0	0	0.7
124400	0.7	0.03	0.03	0	0	0.7
124500	0.7	0.07	0.07	0	0	0.7
124600	0.7	0.06	0.06	0	0	0.7
124700	0.7	0.05	0.05	0	0	0.7
124800	0.7	0.04	0.04	0	0	0.7
124900	0.7	0.04	0.04	0	0	0.7
125000	0.7	0.02	0.02	0	0	0.7
125100	0.7	0.02	0.02	0	0	0.7
125200	0.7	0.02	0.02	0	0	0.7
125300	0.7	0.01	0.01	0	0	0.7
125400	0.7	0	0	0	0	0.7
125500	0.7	0.01	0.01	0	0	0.7
125600	0.7	0.02	0.02	0	0	0.7
125700	0.7	0.04	0.04	0	0	0.7
125800	0.7	0.03	0.03	0	0	0.7
125900	0.7	0.03	0.03	0	0	0.7
126000	0.7	0.03	0.03	0	0	0.7
126100	0.7	0.02	0.02	0	0	0.7
126200	0.7	0.01	0.01	0	0	0.7
126300	0.7	0.01	0.01	0	0	0.7
126400	0.7	0.01	0.01	0	0	0.7
126500	0.7	0	0	0	0	0.7
126600	0.7	0.03	0.03	0	0	0.7
126700	0.7	0.03	0.03	0	0	0.7
126800	0.7	0.03	0.03	0	0	0.7
126900	0.7	0.03	0.03	0	0	0.7
127000	0.7	0.02	0.02	0	0	0.7
127100	0.7	0.02	0.02	0	0	0.7
127200	0.7	0.02	0.02	0	0	0.7
127300	0.7	0.01	0.01	0	0	0.7
127400	0.7	0.01	0.01	0	0	0.7
127500	0.7	0	0	0	0	0.7
127600	0.7	0.01	0.01	0	0	0.7
127700	0.7	0	0	0	0	0.7
127800	0.7	0	0	0	0	0.7
127900	0.7	0	0	0	0	0.7
128000	0.7	0.01	0.01	0	0	0.7
128100	0.7	0.01	0.01	0	0	0.7
128200	0.7	0.01	0.01	0	0	0.7
128300	0.7	0.01	0.01	0	0	0.7
128400	0.7	0.02	0.02	0	0	0.7
128500	0.7	0.01	0.01	0	0	0.7
128600	0.7	0.01	0.01	0	0	0.7
128700	0.7	0.02	0.02	0	0	0.7
128800	0.7	0.02	0.02	0	0	0.7
128900	0.7	0.04	0.04	0	0	0.7
129000	0.7	0.04	0.04	0	0	0.7
129100	0.7	0.03	0.03	0	0	0.7
129200	0.7	0.03	0.03	0	0	0.7
129300	0.7	0.02	0.02	0	0	0.7
129400	0.7	0	0	0	0	0.7
129500	0.7	0.01	0.01	0	0	0.7
129600	0.7	0.01	0.01	0	0	0.7
129700	0.7	0.01	0.01	0	0	0.7
129800	0.7	0.02	0.02	0	0	0.7
129900	0.7	0.02	0.02	0	0	0.7
130000	0.7	0.02	0.02	0	0	0.7
130100	0.7	0.01	0.01	0	0	0.7
130200	0.7	0	0	0	0	0.7
130300	0.7	0.01	0.01	0	0	0.7
130400	0.7	0.01	0.01	0	0	0.7
130500	0.69	0.01	0.01	0	0	0.69
130600	0.69	0.01	0.01	0	0	0.69
130700	0.69	0.02	0.02	0	0	0.69
130800	0.69	0.02	0.02	0	0	0.69
130900	0.69	0.03	0.03	0	0	0.69
131000	0.69	0.02	0.02	0	0	0.69
131100	0.69	0.02	0.02	0	0	0.69
131200	0.69	0.03	0.03	0	0	0.69
131300	0.69	0.03	0.03	0	0	0.69
131400	0.69	0.02	0.02	0	0	0.69
131500	0.69	0.02	0.02	0	0	0.69
131600	0.69	0.02	0.02	0	0	0.69
131700	0.69	0.03	0.03	0	0	0.69
131800	0.69	0.03	0.03	0	0	0.69
131900	0.69	0.02	0.02	0	0	0.69
132000	0.69	0	0	0	0	0.69
132100	0.69	0	0	0	0	0.69
132200	0.69	0	0	0	0	0.69
132300	0.69	0.02	0.02	0	0	0.69
132400	0.69	0.02	0.02	0	0	0.69
132500	0.69	0.03	0.03	0	0	0.69
132600	0.69	0.03	0.03	0	0	0.69
132700	0.69	0.02	0.02	0	0	0.69
132800	0.69	0.02	0.02	0	0	0.69
132900	0.7	0.02	0.02	0	0	0.7
133000	0.7	0.03	0.03	0	0	0.7
133100	0.7	0	0	0	0	0.7
133200	0.7	0.01	0.01	0	0	0.7
133300	0.7	0.01	0.01	0	0	0.7
133400	0.69	0.01	0.01	0	0	0.69
133500	0.69	0.01	0.01	0	0	0.69
133600	0.69	0.01	0.01	0	0	0.69
133700	0.69	0.01	0.01	0	0	0.69
133800	0.69	0	0	0	0	0.69
133900	0.69	0.01	0.01	0	0	0.69
134000	0.69	0.02	0.02	0	0	0.69
134100	0.69	0.01	0.01	0	0	0.69
134200	0.69	0.02	0.02	0	0	0.69
134300	0.69	0.02	0.02	0	0	0.69
134400	0.69	0.03	0.03	0	0	0.69
134500	0.69	0.02	0.02	0	0	0.69
134600	0.69	0.01	0.01	0	0	0.69
134700	0.69	0.01	0.01	0	0	0.69
134800	0.69	0	0	0	0	0.69
134900	0.69	0	0	0	0	0.69
135000	0.69	0.02	0.02	0	0	0.69
135100	0.69	0.02	0.02	0	0	0.69
135200	0.69	0.02	0.02	0	0	0.69
135300	0.69	0.02	0.02	0	0	0.69
135400	0.69	0.01	0.01	0	0	0.69
135500	0.69	0.02	0.02	0	0	0.69
135600	0.69	0	0	0	0	0.69
135700	0.69	0.02	0.02	0	0	0.69
135800	0.69	0.03	0.03	0	0	0.69
135900	0.69	0.03	0.03	0	0	0.69
136000	0.69	0.03	0.03	0	0	0.69
136100	0.69	0.02	0.02	0	0	0.69
136200	0.69	0.01	0.01	0	0	0.69
136300	0.69	0.01	0.01	0	0	0.69
136400	0.69	0.01	0.01	0	0	0.69
136500	0.69	0	0	0	0	0.69
136600	0.69	0	0	0	0	0.69
136700	0.69	0	0	0	0	0.69
136800	0.69	0	0	0	0	0.69
136900	0.69	0	0	0	0	0.69
137000	0.69	0	0	0	0	0.69
137100	0.69	0.02	0.02	0	0	0.69
137200	0.69	0.02	0.02	0	0	0.69
137300	0.69	0.03	0.03	0	0	0.69
137400	0.69	0.03	0.03	0	0	0.69
137500	0.69	0.03	0.03	0	0	0.69
137600	0.69	0.03	0.03	0	0	0.69
137700	0.69	0.01	0.01	0	0	0.69
137800	0.69	0.01	0.01	0	0	0.69
137900	0.69	0	0	0	0	0.69
138000	0.69	0	0	0	0	0.69
138100	0.69	0.04	0.04	0	0	0.69
138200	0.69	0.03	0.03	0	0	0.69
138300	0.69	0.03	0.03	0	0	0.69
138400	0.69	0.03	0.03	0	0	0.69
138500	0.69	0.04	0.04	0	0	0.69
138600	0.69	0.03	0.03	0	0	0.69
138700	0.69	0.03	0.03	0	0	0.69
138800	0.69	0.02	0.02	0	0	0.69
138900	0.69	0.03	0.03	0	0	0.69
139000	0.69	0.03	0.03	0	0	0.69
139100	0.69	0.02	0.02	0	0	0.69
139200	0.69	0.01	0.01	0	0	0.69
139300	0.69	0.01	0.01	0	0	0.69
139400	0.69	0.01	0.01	0	0	0.69
139500	0.69	0.03	0.03	0	0	0.69
139600	0.69	0.02	0.02	0	0	0.69
139700	0.69	0.02	0.02	0	0	0.69
139800	0.69	0.03	0.03	0	0	0.69
139900	0.69	0.03	0.03	0	0	0.69
140000	0.69	0.03	0.03	0	0	0.69
140100	0.69	0.02	0.02	0	0	0.69
140200	0.69	0.01	0.01	0	0	0.69
140300	0.69	0.01	0.01	0	0	0.69
140400	0.69	0.01	0.01	0	0	0.69
140500	0.69	0.01	0.01	0	0	0.69
140600	0.69	0.01	0.01	0	0	0.69
140700	0.69	0	0	0	0	0.69
140800	0.69	0.02	0.02	0	0	0.69
140900	0.69	0.02	0.02	0	0	0.69
141000	0.69	0.03	0.03	0	0	0.69
141100	0.69	0.03	0.03	0	0	0.69
141200	0.69	0.03	0.03	0	0	0.69
141300	0.69	0.01	0.01	0	0	0.69
141400	0.69	0	0	0	0	0.69
141500	0.69	0	0	0	0	0.69
141600	0.69	0	0	0	0	0.69
141700	0.69	0	0	0	0	0.69
141800	0.69	0.01	0.01	0	0	0.69
141900	0.69	0.01	0.01	0	0	0.69
142000	0.69	0	0	0	0	0.69
142100	0.69	0	0	0	0	0.69
142200	0.69	0	0	0	0	0.69
142300	0.69	0	0	0	0	0.69
142400	0.69	0.01	0.01	0	0	0.69
142500	0.69	0.01	0.01	0	0	0.69
142600	0.69	0.01	0.01	0	0	0.69
142700	0.69	0.02	0.02	0	0	0.69
142800	0.69	0.02	0.02	0	0	0.69
142900	0.69	0.02	0.02	0	0	0.69
143000	0.69	0.02	0.02	0	0	0.69
143100	0.69	0.01	0.01	0	0	0.69
143200	0.69	0.01	0.01	0	0	0.69
143300	0.69	0.01	0.01	0	0	0.69
143400	0.69	0.01	0.01	0	0	0.69
143500	0.69	0.01	0.01	0	0	0.69
143600	0.69	0.01	0.01	0	0	0.69
143700	0.69	0.01	0.01	0	0	0.69
143800	0.69	0.02	0.02	0	0	0.69
143900	0.69	0.02	0.02	0	0	0.69
144000	0.69	0.01	0.01	0	0	0.69
144100	0.69	0.03	0.03	0	0	0.69
144200	0.69	0.04	0.04	0	0	0.69
144300	0.69	0.04	0.04	0	0	0.69
144400	0.69	0.04	0.04	0	0	0.69
144500	0.7	0.04	0.04	0	0	0.7
144600	0.69	0.04	0.04	0	0	0.69
144700	0.69	0.02	0.02	0	0	0.69
144800	0.69	0	0	0	0	0.69
144900	0.69	0	0	0	0	0.69
145000	0.69	0.01	0.01	0	0	0.69
145100	0.69	0.01	0.01	0	0	0.69
145200	0.69	0.01	0.01	0	0	0.69
145300	0.69	0.01	0.01	0	0	0.69
145400	0.69	0.01	0.01	0	0	0.69
145500	0.69	0.02	0.02	0	0	0.69
145600	0.69	0.03	0.03	0	0	0.69
145700	0.69	0.03	0.03	0	0	0.69
145800	0.69	0.03	0.03	0	0	0.69
145900	0.69	0.01	0.01	0	0	0.69
146000	0.69	0.02	0.02	0	0	0.69
146100	0.69	0.01	0.01	0	0	0.69
146200	0.69	0.02	0.02	0	0	0.69
146300	0.69	0.01	0.01	0	0	0.69
146400	0.69	0.01	0.01	0	0	0.69
146500	0.69	0.01	0.01	0	0	0.69
146600	0.69	0.02	0.02	0	0	0.69
146700	0.69	0.02	0.02	0	0	0.69
146800	0.69	0.01	0.01	0	0	0.69
146900	0.69	0	0	0	0	0.69
147000	0.69	0	0	0	0	0.69
147100	0.69	0	0	0	0	0.69
147200	0.69	0.01	0.01	0	0	0.69
147300	0.69	0.01	0.01	0	0	0.69
147400	0.69	0.02	0.02	0	0	0.69
147500	0.69	0.02	0.02	0	0	0.69
147600	0.69	0.02	0.02	0	0	0.69
147700	0.69	0.01	0.01	0	0	0.69
147800	0.69	0.01	0.01	0	0	0.69
147900	0.69	0	0	0	0	0.69
148000	0.69	0	0	0	0	0.69
148100	0.69	0.01	0.01	0	0	0.69
148200	0.69	0.01	0.01	0	0	0.69
148300	0.69	0.01	0.01	0	0	0.69
148400	0.69	0.01	0.01	0	0	0.69
148500	0.69	0.01	0.01	0	0	0.69
148600	0.69	0.02	0.02	0	0	0.69
148700	0.69	0.02	0.02	0	0	0.69
148800	0.7	0.02	0.02	0	0	0.7
148900	0.7	0.02	0.02	0	0	0.7
149000	0.7	0.02	0.02	0	0	0.7
149100	0.7	0.01	0.01	0	0	0.7
149200	0.7	0	0	0	0	0.7
149300	0.7	0	0	0	0	0.7
149400	0.7	0	0	0	0	0.7
149500	0.7	0.01	0.01	0	0	0.7
149600	0.7	0.01	0.01	0	0	0.7
149700	0.7	0.01	0.01	0	0	0.7
149800	0.7	0.01	0.01	0	0	0.7
149900	0.7	0.02	0.02	0	0	0.7
150000	0.7	0.01	0.01	0	0	0.7
150100	0.7	0.01	0.01	0	0	0.7
150200	0.7	0.01	0.01	0	0	0.7
150300	0.7	0.01	0.01	0	0	0.7
150400	0.7	0.01	0.01	0	0	0.7
150500	0.7	0.02	0.02	0	0	0.7
150600	0.7	0.03	0.03	0	0	0.7
150700	0.7	0.02	0.02	0	0	0.7
150800	0.7	0.01	0.01	0	0	0.7
150900	0.7	0	0	0	0	0.7
151000	0.7	0.02	0.02	0	0	0.7
151100	0.7	0.01	0.01	0	0	0.7
151200	0.7	0.01	0.01	0	0	0.7
151300	0.7	0.01	0.01	0	0	0.7
151400	0.7	0.03	0.03	0	0	0.7
151500	0.7	0.03	0.03	0	0	0.7
151600	0.7	0.02	0.02	0	0	0.7
151700	0.7	0.02	0.02	0	0	0.7
151800	0.7	0.02	0.02	0	0	0.7
151900	0.7	0.02	0.02	0	0	0.7
152000	0.7	0.01	0.01	0	0	0.7
152100	0.7	0.01	0.01	0	0	0.7
152200	0.7	0.01	0.01	0	0	0.7
152300	0.7	0.01	0.01	0	0	0.7
152400	0.7	0	0	0	0	0.7
152500	0.7	0	0	0	0	0.7
152600	0.7	0.02	0.02	0	0	0.7
152700	0.7	0.02	0.02	0	0	0.7
152800	0.7	0.02	0.02	0	0	0.7
152900	0.7	0.02	0.02	0	0	0.7
153000	0.7	0.01	0.01	0	0	0.7
153100	0.7	0.01	0.01	0	0	0.7
153200	0.7	0.01	0.01	0	0	0.7
153300	0.7	0.01	0.01	0	0	0.7
153400	0.7	0	0	0	0	0.7
153500	0.7	0	0	0	0	0.7
153600	0.7	0	0	0	0	0.7
153700	0.7	0	0	0	0	0.7
153800	0.7	0	0	0	0	0.7
153900	0.69	0	0	0	0	0.69
154000	0.69	0	0	0	0	0.69
154100	0.69	0.01	0.01	0	0	0.69
154200	0.69	0.01	0.01	0	0	0.69
154300	0.69	0.01	0.01	0	0	0.69
154400	0.69	0.01	0.01	0	0	0.69
154500	0.69	0.02	0.02	0	0	0.69
154600	0.69	0.02	0.02	0	0	0.69
154700	0.69	0.01	0.01	0	0	0.69
154800	0.69	0.01	0.01	0	0	0.69
154900	0.69	0.01	0.01	0	0	0.69
155000	0.69	0.01	0.01	0	0	0.69
155100	0.69	0.01	0.01	0	0	0.69
155200	0.69	0	0	0	0	0.69
155300	0.69	0	0	0	0	0.69
155400	0.69	0	0	0	0	0.69
155500	0.69	0	0	0	0	0.69
155600	0.69	0	0	0	0	0.69
155700	0.69	0	0	0	0	0.69
155800	0.69	0	0	0	0	0.69
155900	0.69	0.01	0.01	0	0	0.69
156000	0.69	0.01	0.01	0	0	0.69
156100	0.69	0.02	0.02	0	0	0.69
156200	0.69	0.01	0.01	0	0	0.69
156300	0.69	0.02	0.02	0	0	0.69
156400	0.69	0.03	0.03	0	0	0.69
156500	0.69	0.03	0.03	0	0	0.69
156600	0.69	0.02	0.02	0	0	0.69
156700	0.69	0	0	0	0	0.69
156800	0.69	0	0	0	0	0.69
156900	0.68	0	0	0	0	0.68
157000	0.68	0	0	0	0	0.68
157100	0.68	0.01	0.01	0	0	0.68
157200	0.68	0.02	0.02	0	0	0.68
157300	0.68	0.02	0.02	0	0	0.68
157400	0.68	0.02	0.02	0	0	0.68
157500	0.68	0.02	0.02	0	0	0.68
157600	0.68	0.01	0.01	0	0	0.68
157700	0.68	0.01	0.01	0	0	0.68
157800	0.68	0	0	0	0	0.68
157900	0.68	0	0	0	0	0.68
158000	0.68	0	0	0	0	0.68
158100	0.68	0.02	0.02	0	0	0.68
158200	0.68	0.02	0.02	0	0	0.68
158300	0.68	0	0	0	0	0.68
158400	0.68	0	0	0	0	0.68
158500	0.68	0.02	0.02	0	0	0.68
158600	0.68	0.02	0.02	0	0	0.68
158700	0.68	0.02	0.02	0	0	0.68
158800	0.68	0.01	0.01	0	0	0.68
158900	0.68	0.01	0.01	0	0	0.68
159000	0.68	0	0	0	0	0.68
159100	0.68	0	0	0	0	0.68
159200	0.68	0.02	0.02	0	0	0.68
159300	0.68	0.02	0.02	0	0	0.68
159400	0.68	0.03	0.03	0	0	0.68
159500	0.68	0.02	0.02	0	0	0.68
159600	0.68	0.02	0.02	0	0	0.68
159700	0.68	0.02	0.02	0	0	0.68
159800	0.68	0.02	0.02	0	0	0.68
159900	0.68	0.01	0.01	0	0	0.68
160000	0.68	0	0	0	0	0.68
160100	0.68	0.02	0.02	0	0	0.68
160200	0.68	0.03	0.03	0	0	0.68
160300	0.68	0.03	0.03	0	0	0.68
160400	0.68	0.03	0.03	0	0	0.68
160500	0.68	0.02	0.02	0	0	0.68
160600	0.68	0.03	0.03	0	0	0.68
160700	0.68	0.03	0.03	0	0	0.68
160800	0.68	0.02	0.02	0	0	0.68
160900	0.68	0.03	0.03	0	0	0.68
161000	0.68	0.04	0.04	0	0	0.68
161100	0.68	0.04	0.04	0	0	0.68
161200	0.68	0.04	0.04	0	0	0.68
161300	0.68	0.02	0.02	0	0	0.68
161400	0.68	0.01	0.01	0	0	0.68
161500	0.68	0.01	0.01	0	0	0.68
161600	0.69	0	0	0	0	0.69
161700	0.69	0	0	0	0	0.69
161800	0.69	0	0	0	0	0.69
161900	0.69	0	0	0	0	0.69
162000	0.69	0.03	0.03	0	0	0.69
162100	0.69	0.04	0.04	0	0	0.69
162200	0.69	0.04	0.04	0	0	0.69
162300	0.69	0.03	0.03	0	0	0.69
162400	0.69	0.01	0.01	0	0	0.69
162500	0.69	0	0	0	0	0.69
162600	0.68	0	0	0	0	0.68
162700	0.68	0	0	0	0	0.68
162800	0.68	0	0	0	0	0.68
162900	0.68	0	0	0	0	0.68
163000	0.68	0.01	0.01	0	0	0.68
163100	0.68	0.01	0.01	0	0	0.68
163200	0.68	0.03	0.03	0	0	0.68
163300	0.68	0.03	0.03	0	0	0.68
163400	0.68	0.03	0.03	0	0	0.68
163500	0.68	0.02	0.02	0	0	0.68
163600	0.67	0.02	0.02	0	0	0.67
163700	0.67	0.03	0.03	0	0	0.67
163800	0.67	0.02	0.02	0	0	0.67
163900	0.67	0.01	0.01	0	0	0.67
164000	0.67	0.01	0.01	0	0	0.67
164100	0.67	0.01	0.01	0	0	0.67
164200	0.67	0.03	0.03	0	0	0.67
164300	0.67	0.03	0.03	0	0	0.67
164400	0.67	0.03	0.03	0	0	0.67
164500	0.67	0.01	0.01	0	0	0.67
164600	0.67	0.02	0.02	0	0	0.67
164700	0.67	0.02	0.02	0	0	0.67
164800	0.67	0.01	0.01	0	0	0.67
164900	0.67	0.01	0.01	0	0	0.67
165000	0.67	0.01	0.01	0	0	0.67
165100	0.67	0	0	0	0	0.67
165200	0.67	0	0	0	0	0.67
165300	0.67	0	0	0	0	0.67
165400	0.67	0.01	0.01	0	0	0.67
165500	0.67	0.02	0.02	0	0	0.67
165600	0.67	0.02	0.02	0	0	0.67
165700	0.67	0.03	0.03	0	0	0.67
165800	0.67	0.03	0.03	0	0	0.67
165900	0.67	0.05	0.05	0	0	0.67
166000	0.67	0.03	0.03	0	0	0.67
166100	0.67	0.03	0.03	0	0	0.67
166200	0.67	0.03	0.03	0	0	0.67
166300	0.67	0.04	0.04	0	0	0.67
166400	0.67	0.03	0.03	0	0	0.67
166500	0.67	0.01	0.01	0	0	0.67
166600	0.67	0.01	0.01	0	0	0.67
166700	0.67	0.01	0.01	0	0	0.67
166800	0.67	0	0	0	0	0.67
166900	0.67	0.01	0.01	0	0	0.67
167000	0.67	0.01	0.01	0	0	0.67
167100	0.67	0.01	0.01	0	0	0.67
167200	0.67	0.01	0.01	0	0	0.67
167300	0.67	0.01	0.01	0	0	0.67
167400	0.67	0.01	0.01	0	0	0.67
167500	0.67	0.01	0.01	0	0	0.67
167600	0.67	0.01	0.01	0	0	0.67
167700	0.67	0.03	0.03	0	0	0.67
167800	0.67	0.02	0.02	0	0	0.67
167900	0.67	0.02	0.02	0	0	0.67
168000	0.67	0.03	0.03	0	0	0.67
168100	0.67	0.03	0.03	0	0	0.67
168200	0.67	0.03	0.03	0	0	0.67
168300	0.67	0	0	0	0	0.67
168400	0.67	0	0	0	0	0.67
168500	0.67	0	0	0	0	0.67
168600	0.67	0.01	0.01	0	0	0.67
168700	0.67	0.02	0.02	0	0	0.67
168800	0.67	0.03	0.03	0	0	0.67
168900	0.67	0.03	0.03	0	0	0.67
169000	0.67	0.04	0.04	0	0	0.67
169100	0.67	0.03	0.03	0	0	0.67
169200	0.67	0.03	0.03	0	0	0.67
169300	0.67	0.02	0.02	0	0	0.67
169400	0.67	0.02	0.02	0	0	0.67
169500	0.67	0.01	0.01	0	0	0.67
169600	0.67	0.04	0.04	0	0	0.67
169700	0.67	0.02	0.02	0	0	0.67
169800	0.67	0.03	0.03	0	0	0.67
169900	0.67	0.04	0.04	0	0	0.67
170000	0.67	0.03	0.03	0	0	0.67
170100	0.67	0.03	0.03	0	0	0.67
170200	0.67	0.02	0.02	0	0	0.67
170300	0.67	0.02	0.02	0	0	0.67
170400	0.67	0.01	0.01	0	0	0.67
170500	0.67	0.02	0.02	0	0	0.67
170600	0.67	0.03	0.03	0	0	0.67
170700	0.67	0.03	0.03	0	0	0.67
170800	0.67	0.03	0.03	0	0	0.67
170900	0.68	0.02	0.02	0	0	0.68
171000	0.68	0.01	0.01	0	0	0.68
171100	0.68	0.01	0.01	0	0	0.68
171200	0.68	0.02	0.02	0	0	0.68
171300	0.68	0.02	0.02	0	0	0.68
171400	0.68	0.01	0.01	0	0	0.68
171500	0.68	0.02	0.02	0	0	0.68
171600	0.68	0.03	0.03	0	0	0.68
171700	0.68	0.02	0.02	0	0	0.68
171800	0.68	0.01	0.01	0	0	0.68
171900	0.68	0.02	0.02	0	0	0.68
172000	0.68	0.02	0.02	0	0	0.68
172100	0.68	0.02	0.02	0	0	0.68
172200	0.68	0.02	0.02	0	0	0.68
172300	0.68	0.02	0.02	0	0	0.68
172400	0.68	0.04	0.04	0	0	0.68
172500	0.68	0.04	0.04	0	0	0.68
172600	0.68	0.04	0.04	0	0	0.68
172700	0.68	0.04	0.04	0	0	0.68
172800	0.68	0.03	0.03	0	0	0.68
172900	0.68	0.04	0.04	0	0	0.68
173000	0.68	0.07	0.07	0	0	0.68
173100	0.68	0.07	0.07	0	0	0.68
173200	0.68	0.03	0.03	0	0	0.68
173300	0.68	0.02	0.02	0	0	0.68
173400	0.68	0.01	0.01	0	0	0.68
173500	0.68	0.02	0.02	0	0	0.68
173600	0.68	0.01	0.01	0	0	0.68
173700	0.68	0.01	0.01	0	0	0.68
173800	0.68	0.01	0.01	0	0	0.68
173900	0.68	0.01	0.01	0	0	0.68
174000	0.68	0.02	0.02	0	0	0.68
174100	0.68	0.01	0.01	0	0	0.68
174200	0.68	0.02	0.02	0	0	0.68
174300	0.68	0.02	0.02	0	0	0.68
174400	0.68	0.02	0.02	0	0	0.68
174500	0.68	0	0	0	0	0.68
174600	0.68	0.01	0.01	0	0	0.68
174700	0.68	0.01	0.01	0	0	0.68
174800	0.68	0.01	0.01	0	0	0.68
174900	0.68	0.02	0.02	0	0	0.68
175000	0.68	0.02	0.02	0	0	0.68
175100	0.68	0.02	0.02	0	0	0.68
175200	0.68	0.04	0.04	0	0	0.68
175300	0.68	0.03	0.03	0	0	0.68
175400	0.68	0.04	0.04	0	0	0.68
175500	0.68	0.04	0.04	0	0	0.68
175600	0.68	0.04	0.04	0	0	0.68
175700	0.68	0.04	0.04	0	0	0.68
175800	0.68	0.02	0.02	0	0	0.68
175900	0.68	0.01	0.01	0	0	0.68
176000	0.68	0	0	0	0	0.68
176100	0.68	0.01	0.01	0	0	0.68
176200	0.68	0.02	0.02	0	0	0.68
176300	0.68	0.02	0.02	0	0	0.68
176400	0.67	0.02	0.02	0	0	0.67
176500	0.67	0.03	0.03	0	0	0.67
176600	0.67	0.03	0.03	0	0	0.67
176700	0.67	0.02	0.02	0	0	0.67
176800	0.67	0.02	0.02	0	0	0.67
176900	0.67	0.04	0.04	0	0	0.67
177000	0.68	0.03	0.03	0	0	0.68
177100	0.68	0.03	0.03	0	0	0.68
177200	0.68	0.04	0.04	0	0	0.68
177300	0.68	0.04	0.04	0	0	0.68
177400	0.68	0.01	0.01	0	0	0.68
177500	0.68	0.01	0.01	0	0	0.68
177600	0.68	0.01	0.01	0	0	0.68
177700	0.68	0.02	0.02	0	0	0.68
177800	0.68	0.01	0.01	0	0	0.68
177900	0.68	0.01	0.01	0	0	0.68
178000	0.68	0.01	0.01	0	0	0.68
178100	0.68	0.01	0.01	0	0	0.68
178200	0.68	0.01	0.01	0	0	0.68
178300	0.68	0	0	0	0	0.68
178400	0.68	0	0	0	0	0.68
178500	0.68	0.01	0.01	0	0	0.68
178600	0.69	0.01	0.01	0	0	0.69
178700	0.69	0.01	0.01	0	0	0.69
178800	0.69	0.03	0.03	0	0	0.69
178900	0.69	0.04	0.04	0	0	0.69
179000	0.69	0.04	0.04	0	0	0.69
179100	0.69	0.01	0.01	0	0	0.69
179200	0.69	0.03	0.03	0	0	0.69
179300	0.69	0.03	0.03	0	0	0.69
179400	0.69	0.03	0.03	0	0	0.69
179500	0.69	0.01	0.01	0	0	0.69
179600	0.69	0	0	0	0	0.69
179700	0.69	0	0	0	0	0.69
179800	0.69	0	0	0	0	0.69
179900	0.69	0	0	0	0	0.69
180000	0.69	0	0	0	0	0.69
180100	0.69	0.02	0.02	0	0	0.69
180200	0.69	0.02	0.02	0	0	0.69
180300	0.69	0.03	0.03	0	0	0.69
180400	0.69	0.02	0.02	0	0	0.69
180500	0.69	0.02	0.02	0	0	0.69
180600	0.69	0.03	0.03	0	0	0.69
180700	0.69	0.03	0.03	0	0	0.69
180800	0.69	0.03	0.03	0	0	0.69
180900	0.69	0.03	0.03	0	0	0.69
181000	0.69	0.03	0.03	0	0	0.69
181100	0.69	0	0	0	0	0.69
181200	0.69	0	0	0	0	0.69
181300	0.69	0.01	0.01	0	0	0.69
181400	0.69	0.01	0.01	0	0	0.69
181500	0.69	0.01	0.01	0	0	0.69
181600	0.69	0.01	0.01	0	0	0.69
181700	0.69	0.02	0.02	0	0	0.69
181800	0.69	0.02	0.02	0	0	0.69
181900	0.69	0.02	0.02	0	0	0.69
182000	0.69	0.01	0.01	0	0	0.69
182100	0.69	0.01	0.01	0	0	0.69
182200	0.69	0	0	0	0	0.69
182300	0.69	0	0	0	0	0.69
182400	0.69	0	0	0	0	0.69
182500	0.7	0	0	0	0	0.7
182600	0.7	0.02	0.02	0	0	0.7
182700	0.7	0.02	0.02	0	0	0.7
182800	0.7	0.03	0.03	0	0	0.7
182900	0.7	0.04	0.04	0	0	0.7
183000	0.7	0.04	0.04	0	0	0.7
183100	0.7	0.04	0.04	0	0	0.7
183200	0.7	0.04	0.04	0	0	0.7
183300	0.7	0.05	0.05	0	0	0.7
183400	0.7	0.03	0.03	0	0	0.7
183500	0.7	0.01	0.01	0	0	0.7
183600	0.7	0.01	0.01	0	0	0.7
183700	0.7	0.01	0.01	0	0	0.7
183800	0.7	0.01	0.01	0	0	0.7
183900	0.7	0.02	0.02	0	0	0.7
184000	0.7	0.02	0.02	0	0	0.7
184100	0.7	0.02	0.02	0	0	0.7
184200	0.7	0.03	0.03	0	0	0.7
184300	0.7	0.02	0.02	0	0	0.7
184400	0.7	0.02	0.02	0	0	0.7
184500	0.7	0.02	0.02	0	0	0.7
184600	0.7	0.01	0.01	0	0	0.7
184700	0.7	0.01	0.01	0	0	0.7
184800	0.7	0.03	0.03	0	0	0.7
184900	0.7	0.03	0.03	0	0	0.7
185000	0.7	0.03	0.03	0	0	0.7
185100	0.7	0.03	0.03	0	0	0.7
185200	0.7	0.04	0.04	0	0	0.7
185300	0.7	0.02	0.02	0	0	0.7
185400	0.7	0.01	0.01	0	0	0.7
185500	0.7	0.01	0.01	0	0	0.7
185600	0.7	0.01	0.01	0	0	0.7
185700	0.7	0.01	0.01	0	0	0.7
185800	0.7	0	0	0	0	0.7
185900	0.7	0	0	0	0	0.7
186000	0.7	0.01	0.01	0	0	0.7
186100	0.7	0.01	0.01	0	0	0.7
186200	0.7	0.01	0.01	0	0	0.7
186300	0.7	0.01	0.01	0	0	0.7
186400	0.7	0.02	0.02	0	0	0.7
186500	0.7	0.03	0.03	0	0	0.7
186600	0.69	0.03	0.03	0	0	0.69
186700	0.69	0.03	0.03	0	0	0.69
186800	0.69	0.01	0.01	0	0	0.69
186900	0.69	0.03	0.03	0	0	0.69
187000	0.69	0.04	0.04	0	0	0.69
187100	0.69	0.03	0.03	0	0	0.69
187200	0.69	0.04	0.04	0	0	0.69
187300	0.69	0.04	0.04	0	0	0.69
187400	0.69	0.04	0.04	0	0	0.69
187500	0.69	0.03	0.03	0	0	0.69
187600	0.69	0	0	0	0	0.69
187700	0.69	0	0	0	0	0.69
187800	0.69	0.02	0.02	0	0	0.69
187900	0.69	0.03	0.03	0	0	0.69
188000	0.69	0.05	0.05	0	0	0.69
188100	0.69	0.01	0.01	0	0	0.69
188200	0.68	0.01	0.01	0	0	0.68
188300	0.68	0.02	0.02	0	0	0.68
188400	0.68	0.03	0.03	0	0	0.68
188500	0.68	0.03	0.03	0	0	0.68
188600	0.68	0.01	0.01	0	0	0.68
188700	0.68	0.01	0.01	0	0	0.68
188800	0.68	0.02	0.02	0	0	0.68
188900	0.68	0.02	0.02	0	0	0.68
189000	0.68	0.02	0.02	0	0	0.68
189100	0.68	0.01	0.01	0	0	0.68
189200	0.69	0.02	0.02	0	0	0.69
189300	0.68	0.02	0.02	0	0	0.68
189400	0.68	0.02	0.02	0	0	0.68
189500	0.68	0.02	0.02	0	0	0.68
189600	0.7	0.02	0.02	0	0	0.7
189700	0.7	0.01	0.01	0	0	0.7
189800	0.69	0.01	0.01	0	0	0.69
189900	0.69	0.01	0.01	0	0	0.69
190000	0.69	0.01	0.01	0	0	0.69
190100	0.69	0.01	0.01	0	0	0.69
190200	0.69	0.03	0.03	0	0	0.69
190300	0.69	0.03	0.03	0	0	0.69
190400	0.69	0.04	0.04	0	0	0.69
190500	0.69	0.03	0.03	0	0	0.69
190600	0.69	0.03	0.03	0	0	0.69
190700	0.69	0.03	0.03	0	0	0.69
190800	0.69	0.02	0.02	0	0	0.69
190900	0.69	0.02	0.02	0	0	0.69
191000	0.69	0.01	0.01	0	0	0.69
191100	0.69	0	0	0	0	0.69
191200	0.69	0	0	0	0	0.69
191300	0.69	0	0	0	0	0.69
191400	0.69	0.01	0.01	0	0	0.69
191500	0.69	0.01	0.01	0	0	0.69
191600	0.69	0.02	0.02	0	0	0.69
191700	0.69	0.02	0.02	0	0	0.69
191800	0.69	0.02	0.02	0	0	0.69
191900	0.68	0	0	0	0	0.68
192000	0.68	0.01	0.01	0	0	0.68
192100	0.68	0	0	0	0	0.68
192200	0.68	0.02	0.02	0	0	0.68
192300	0.68	0.02	0.02	0	0	0.68
192400	0.68	0.02	0.02	0	0	0.68
192500	0.68	0.02	0.02	0	0	0.68
192600	0.68	0.01	0.01	0	0	0.68
192700	0.68	0.01	0.01	0	0	0.68
192800	0.68	0.01	0.01	0	0	0.68
192900	0.68	0	0	0	0	0.68
193000	0.68	0	0	0	0	0.68
193100	0.68	0	0	0	0	0.68
193200	0.68	0.01	0.01	0	0	0.68
193300	0.68	0.01	0.01	0	0	0.68
193400	0.68	0.01	0.01	0	0	0.68
193500	0.68	0.01	0.01	0	0	0.68
193600	0.68	0.02	0.02	0	0	0.68
193700	0.68	0.02	0.02	0	0	0.68
193800	0.68	0.02	0.02	0	0	0.68
193900	0.67	0.02	0.02	0	0	0.67
194000	0.67	0.04	0.04	0	0	0.67
194100	0.67	0.02	0.02	0	0	0.67
194200	0.67	0.01	0.01	0	0	0.67
194300	0.67	0.01	0.01	0	0	0.67
194400	0.67	0.02	0.02	0	0	0.67
194500	0.67	0.02	0.02	0	0	0.67
194600	0.67	0.02	0.02	0	0	0.67
194700	0.68	0.03	0.03	0	0	0.68
194800	0.68	0.01	0.01	0	0	0.68
194900	0.68	0.01	0.01	0	0	0.68
195000	0.68	0.02	0.02	0	0	0.68
195100	0.67	0.02	0.02	0	0	0.67
195200	0.67	0.03	0.03	0	0	0.67
195300	0.67	0.03	0.03	0	0	0.67
195400	0.67	0.03	0.03	0	0	0.67
195500	0.66	0.03	0.03	0	0	0.66
195600	0.66	0.01	0.01	0	0	0.66
195700	0.66	0.01	0.01	0	0	0.66
195800	0.66	0	0	0	0	0.66
195900	0.66	0	0	0	0	0.66
196000	0.66	0	0	0	0	0.66
196100	0.66	0	0	0	0	0.66
196200	0.66	0	0	0	0	0.66
196300	0.66	0.01	0.01	0	0	0.66
196400	0.66	0.02	0.02	0	0	0.66
196500	0.66	0.02	0.02	0	0	0.66
196600	0.66	0.02	0.02	0	0	0.66
196700	0.66	0	0	0	0	0.66
196800	0.66	0	0	0	0	0.66
196900	0.66	0.01	0.01	0	0	0.66
197000	0.66	0.01	0.01	0	0	0.66
197100	0.66	0.02	0.02	0	0	0.66
197200	0.66	0.02	0.02	0	0	0.66
197300	0.66	0.01	0.01	0	0	0.66
197400	0.66	0.01	0.01	0	0	0.66
197500	0.66	0.01	0.01	0	0	0.66
197600	0.66	0.01	0.01	0	0	0.66
197700	0.66	0	0	0	0	0.66
197800	0.66	0	0	0	0	0.66
197900	0.66	0	0	0	0	0.66
198000	0.66	0	0	0	0	0.66
198100	0.66	0.01	0.01	0	0	0.66
198200	0.66	0.01	0.01	0	0	0.66
198300	0.66	0.01	0.01	0	0	0.66
198400	0.66	0.01	0.01	0	0	0.66
198500	0.66	0.01	0.01	0	0	0.66
198600	0.66	0.02	0.02	0	0	0.66
198700	0.66	0.01	0.01	0	0	0.66
198800	0.66	0.01	0.01	0	0	0.66
198900	0.66	0.01	0.01	0	0	0.66
199000	0.66	0.01	0.01	0	0	0.66
199100	0.65	0.01	0.01	0	0	0.65
199200	0.65	0.01	0.01	0	0	0.65
199300	0.65	0.01	0.01	0	0	0.65
199400	0.65	0.01	0.01	0	0	0.65
199500	0.65	0	0	0	0	0.65
199600	0.66	0.01	0.01	0	0	0.66
199700	0.66	0.01	0.01	0	0	0.66
199800	0.66	0.02	0.02	0	0	0.66
199900	0.66	0.02	0.02	0	0	0.66
200000	0.66	0.02	0.02	0	0	0.66
200100	0.66	0.02	0.02	0	0	0.66
200200	0.66	0.03	0.03	0	0	0.66
200300	0.66	0.02	0.02	0	0	0.66
200400	0.66	0.01	0.01	0	0	0.66
200500	0.66	0.01	0.01	0	0	0.66
200600	0.66	0.01	0.01	0	0	0.66
200700	0.66	0.01	0.01	0	0	0.66
200800	0.66	0.01	0.01	0	0	0.66
200900	0.66	0.01	0.01	0	0	0.66
201000	0.66	0.01	0.01	0	0	0.66
201100	0.66	0.01	0.01	0	0	0.66
201200	0.66	0.01	0.01	0	0	0.66
201300	0.66	0.01	0.01	0	0	0.66
201400	0.66	0	0	0	0	0.66
201500	0.66	0	0	0	0	0.66
201600	0.66	0	0	0	0	0.66
201700	0.66	0	0	0	0	0.66
201800	0.66	0.01	0.01	0	0	0.66
201900	0.66	0.01	0.01	0	0	0.66
202000	0.66	0.01	0.01	0	0	0.66
202100	0.66	0.01	0.01	0	0	0.66
202200	0.66	0.01	0.01	0	0	0.66
202300	0.66	0.01	0.01	0	0	0.66
202400	0.66	0	0	0	0	0.66
202500	0.66	0	0	0	0	0.66
202600	0.66	0.01	0.01	0	0	0.66
202700	0.66	0.01	0.01	0	0	0.66
202800	0.67	0.02	0.02	0	0	0.67
202900	0.67	0.02	0.02	0	0	0.67
203000	0.67	0.02	0.02	0	0	0.67
203100	0.67	0.02	0.02	0	0	0.67
203200	0.67	0.01	0.01	0	0	0.67
203300	0.67	0	0	0	0	0.67
203400	0.67	0	0	0	0	0.67
203500	0.67	0	0	0	0	0.67
203600	0.67	0	0	0	0	0.67
203700	0.67	0.01	0.01	0	0	0.67
203800	0.67	0.01	0.01	0	0	0.67
203900	0.67	0.01	0.01	0	0	0.67
204000	0.67	0.01	0.01	0	0	0.67
204100	0.67	0.02	0.02	0	0	0.67
204200	0.67	0.02	0.02	0	0	0.67
204300	0.67	0.01	0.01	0	0	0.67
204400	0.67	0	0	0	0	0.67
204500	0.67	0	0	0	0	0.67
204600	0.67	0.01	0.01	0	0	0.67
204700	0.66	0.01	0.01	0	0	0.66
204800	0.66	0.01	0.01	0	0	0.66
204900	0.66	0.03	0.03	0	0	0.66
205000	0.66	0.04	0.04	0	0	0.66
205100	0.66	0.03	0.03	0	0	0.66
205200	0.66	0.03	0.03	0	0	0.66
205300	0.66	0.02	0.02	0	0	0.66
205400	0.66	0.02	0.02	0	0	0.66
205500	0.66	0.01	0.01	0	0	0.66
205600	0.66	0	0	0	0	0.66
205700	0.66	0	0	0	0	0.66
205800	0.66	0	0	0	0	0.66
205900	0.66	0	0	0	0	0.66
206000	0.66	0	0	0	0	0.66
206100	0.67	0.01	0.01	0	0	0.67
206200	0.67	0.02	0.02	0	0	0.67
206300	0.67	0.02	0.02	0	0	0.67
206400	0.67	0.01	0.01	0	0	0.67
206500	0.67	0.01	0.01	0	0	0.67
206600	0.67	0.01	0.01	0	0	0.67
206700	0.67	0.03	0.03	0	0	0.67
206800	0.67	0.03	0.03	0	0	0.67
206900	0.67	0.02	0.02	0	0	0.67
207000	0.67	0.03	0.03	0	0	0.67
207100	0.67	0.03	0.03	0	0	0.67
207200	0.67	0.01	0.01	0	0	0.67
207300	0.67	0.02	0.02	0	0	0.67
207400	0.67	0.02	0.02	0	0	0.67
207500	0.68	0.01	0.01	0	0	0.68
207600	0.68	0.02	0.02	0	0	0.68
207700	0.68	0.03	0.03	0	0	0.68
207800	0.68	0.03	0.03	0	0	0.68
207900	0.68	0.03	0.03	0	0	0.68
208000	0.68	0.02	0.02	0	0	0.68
208100	0.68	0.02	0.02	0	0	0.68
208200	0.68	0.02	0.02	0	0	0.68
208300	0.68	0.02	0.02	0	0	0.68
208400	0.68	0.01	0.01	0	0	0.68
208500	0.68	0.01	0.01	0	0	0.68
208600	0.69	0.01	0.01	0	0	0.69
208700	0.69	0	0	0	0	0.69
208800	0.69	0	0	0	0	0.69
208900	0.69	0	0	0	0	0.69
209000	0.69	0	0	0	0	0.69
209100	0.69	0	0	0	0	0.69
209200	0.69	0	0	0	0	0.69
209300	0.69	0	0	0	0	0.69
209400	0.69	0	0	0	0	0.69
209500	0.69	0	0	0	0	0.69
209600	0.69	0.01	0.01	0	0	0.69
209700	0.69	0.01	0.01	0	0	0.69
209800	0.69	0.01	0.01	0	0	0.69
209900	0.69	0.01	0.01	0	0	0.69
210000	0.69	0.01	0.01	0	0	0.69
210100	0.69	0	0	0	0	0.69
210200	0.69	0.01	0.01	0	0	0.69
210300	0.69	0.02	0.02	0	0	0.69
210400	0.69	0.02	0.02	0	0	0.69
210500	0.69	0.02	0.02	0	0	0.69
210600	0.69	0.02	0.02	0	0	0.69
210700	0.69	0.02	0.02	0	0	0.69
210800	0.69	0.02	0.02	0	0	0.69
210900	0.69	0.02	0.02	0	0	0.69
211000	0.69	0.02	0.02	0	0	0.69
211100	0.69	0	0	0	0	0.69
211200	0.69	0.01	0.01	0	0	0.69
211300	0.69	0.02	0.02	0	0	0.69
211400	0.69	0.02	0.02	0	0	0.69
211500	0.69	0.03	0.03	0	0	0.69
211600	0.69	0.03	0.03	0	0	0.69
211700	0.69	0.03	0.03	0	0	0.69
211800	0.69	0.03	0.03	0	0	0.69
211900	0.69	0.02	0.02	0	0	0.69
212000	0.69	0.01	0.01	0	0	0.69
212100	0.69	0.01	0.01	0	0	0.69
212200	0.69	0.01	0.01	0	0	0.69
212300	0.69	0.01	0.01	0	0	0.69
212400	0.69	0.01	0.01	0	0	0.69
212500	0.69	0.01	0.01	0	0	0.69
212600	0.69	0.01	0.01	0	0	0.69
212700	0.69	0.03	0.03	0	0	0.69
212800	0.69	0.03	0.03	0	0	0.69
212900	0.69	0.01	0.01	0	0	0.69
213000	0.69	0	0	0	0	0.69
213100	0.69	0.01	0.01	0	0	0.69
213200	0.69	0	0	0	0	0.69
213300	0.69	0	0	0	0	0.69
213400	0.69	0.01	0.01	0	0	0.69
213500	0.69	0.01	0.01	0	0	0.69
213600	0.69	0.02	0.02	0	0	0.69
213700	0.69	0.02	0.02	0	0	0.69
213800	0.69	0.02	0.02	0	0	0.69
213900	0.68	0.02	0.02	0	0	0.68
214000	0.68	0.02	0.02	0	0	0.68
214100	0.68	0.01	0.01	0	0	0.68
214200	0.68	0.01	0.01	0	0	0.68
214300	0.68	0.01	0.01	0	0	0.68
214400	0.68	0.01	0.01	0	0	0.68
214500	0.68	0.01	0.01	0	0	0.68
214600	0.68	0.02	0.02	0	0	0.68
214700	0.68	0.02	0.02	0	0	0.68
214800	0.68	0.02	0.02	0	0	0.68
214900	0.68	0.02	0.02	0	0	0.68
215000	0.68	0.01	0.01	0	0	0.68
215100	0.68	0	0	0	0	0.68
215200	0.68	0	0	0	0	0.68
215300	0.68	0	0	0	0	0.68
215400	0.68	0	0	0	0	0.68
215500	0.68	0.01	0.01	0	0	0.68
215600	0.68	0.01	0.01	0	0	0.68
215700	0.68	0.01	0.01	0	0	0.68
215800	0.69	0.01	0.01	0	0	0.69
215900	0.69	0.01	0.01	0	0	0.69
216000	0.69	0	0	0	0	0.69
216100	0.69	0	0	0	0	0.69
216200	0.69	0	0	0	0	0.69
216300	0.69	0.02	0.02	0	0	0.69
216400	0.68	0.02	0.02	0	0	0.68
216500	0.68	0.02	0.02	0	0	0.68
216600	0.68	0.03	0.03	0	0	0.68
216700	0.68	0.02	0.02	0	0	0.68
216800	0.68	0	0	0	0	0.68
216900	0.68	0.01	0.01	0	0	0.68
217000	0.68	0.01	0.01	0	0	0.68
217100	0.68	0.02	0.02	0	0	0.68
217200	0.68	0.02	0.02	0	0	0.68
217300	0.68	0.01	0.01	0	0	0.68
217400	0.68	0.01	0.01	0	0	0.68
217500	0.68	0.02	0.02	0	0	0.68
217600	0.69	0.02	0.02	0	0	0.69
217700	0.69	0.01	0.01	0	0	0.69
217800	0.69	0.01	0.01	0	0	0.69
217900	0.69	0.01	0.01	0	0	0.69
218000	0.69	0.01	0.01	0	0	0.69
218100	0.69	0	0	0	0	0.69
218200	0.69	0.01	0.01	0	0	0.69
218300	0.69	0.01	0.01	0	0	0.69
218400	0.69	0.01	0.01	0	0	0.69
218500	0.69	0.01	0.01	0	0	0.69
218600	0.69	0.02	0.02	0	0	0.69
218700	0.69	0.02	0.02	0	0	0.69
218800	0.69	0.01	0.01	0	0	0.69
218900	0.69	0	0	0	0	0.69
219000	0.69	0	0	0	0	0.69
219100	0.69	0	0	0	0	0.69
219200	0.69	0	0	0	0	0.69
219300	0.69	0	0	0	0	0.69
219400	0.69	0.01	0.01	0	0	0.69
219500	0.69	0.01	0.01	0	0	0.69
219600	0.69	0.02	0.02	0	0	0.69
219700	0.7	0.03	0.03	0	0	0.7
219800	0.7	0.03	0.03	0	0	0.7
219900	0.7	0.01	0.01	0	0	0.7
220000	0.7	0.02	0.02	0	0	0.7
220100	0.7	0.03	0.03	0	0	0.7
220200	0.7	0.03	0.03	0	0	0.7
220300	0.7	0.03	0.03	0	0	0.7
220400	0.7	0.01	0.01	0	0	0.7
220500	0.7	0.02	0.02	0	0	0.7
220600	0.7	0.03	0.03	0	0	0.7
220700	0.7	0.05	0.05	0	0	0.7
220800	0.7	0.04	0.04	0	0	0.7
220900	0.7	0.04	0.04	0	0	0.7
221000	0.7	0.03	0.03	0	0	0.7
221100	0.7	0	0	0	0	0.7
221200	0.7	0	0	0	0	0.7
221300	0.7	0	0	0	0	0.7
221400	0.7	0	0	0	0	0.7
221500	0.7	0.01	0.01	0	0	0.7
221600	0.7	0.01	0.01	0	0	0.7
221700	0.7	0.02	0.02	0	0	0.7
221800	0.7	0.02	0.02	0	0	0.7
221900	0.7	0.04	0.04	0	0	0.7
222000	0.7	0.04	0.04	0	0	0.7
222100	0.7	0.02	0.02	0	0	0.7
222200	0.7	0.02	0.02	0	0	0.7
222300	0.7	0.01	0.01	0	0	0.7
222400	0.7	0.01	0.01	0	0	0.7
222500	0.7	0.02	0.02	0	0	0.7
222600	0.7	0.04	0.04	0	0	0.7
222700	0.7	0.05	0.05	0	0	0.7
222800	0.7	0.05	0.05	0	0	0.7
222900	0.7	0.07	0.07	0	0	0.7
223000	0.7	0.05	0.05	0	0	0.7
223100	0.7	0.04	0.04	0	0	0.7
223200	0.7	0.05	0.05	0	0	0.7
223300	0.7	0.04	0.04	0	0	0.7
223400	0.7	0.02	0.02	0	0	0.7
223500	0.7	0.02	0.02	0	0	0.7
223600	0.7	0.02	0.02	0	0	0.7
223700	0.7	0.03	0.03	0	0	0.7
223800	0.7	0.02	0.02	0	0	0.7
223900	0.7	0.01	0.01	0	0	0.7
224000	0.7	0.01	0.01	0	0	0.7
224100	0.7	0.01	0.01	0	0	0.7
224200	0.7	0.02	0.02	0	0	0.7
224300	0.7	0.02	0.02	0	0	0.7
224400	0.7	0.01	0.01	0	0	0.7
224500	0.7	0.01	0.01	0	0	0.7
224600	0.7	0.01	0.01	0	0	0.7
224700	0.7	0.01	0.01	0	0	0.7
224800	0.7	0	0	0	0	0.7
224900	0.7	0.02	0.02	0	0	0.7
225000	0.7	0.03	0.03	0	0	0.7
225100	0.7	0.03	0.03	0	0	0.7
225200	0.7	0.02	0.02	0	0	0.7
225300	0.7	0.02	0.02	0	0	0.7
225400	0.7	0.01	0.01	0	0	0.7
225500	0.7	0.02	0.02	0	0	0.7
225600	0.7	0.03	0.03	0	0	0.7
225700	0.7	0.03	0.03	0	0	0.7
225800	0.7	0.01	0.01	0	0	0.7
225900	0.7	0.01	0.01	0	0	0.7
226000	0.7	0.01	0.01	0	0	0.7
226100	0.7	0.01	0.01	0	0	0.7
226200	0.7	0.02	0.02	0	0	0.7
226300	0.7	0.01	0.01	0	0	0.7
226400	0.7	0.01	0.01	0	0	0.7
226500	0.7	0.02	0.02	0	0	0.7
226600	0.7	0.03	0.03	0	0	0.7
226700	0.7	0.03	0.03	0	0	0.7
226800	0.7	0.01	0.01	0	0	0.7
226900	0.7	0	0	0	0	0.7
227000	0.7	0	0	0	0	0.7
227100	0.7	0.01	0.01	0	0	0.7
227200	0.7	0.01	0.01	0	0	0.7
227300	0.7	0.02	0.02	0	0	0.7
227400	0.7	0	0	0	0	0.7
227500	0.7	0	0	0	0	0.7
227600	0.7	0	0	0	0	0.7
227700	0.7	0	0	0	0	0.7
227800	0.7	0	0	0	0	0.7
227900	0.7	0	0	0	0	0.7
228000	0.7	0	0	0	0	0.7
228100	0.7	0	0	0	0	0.7
228200	0.7	0	0	0	0	0.7
228300	0.7	0	0	0	0	0.7
228400	0.7	0	0	0	0	0.7
228500	0.7	0	0	0	0	0.7
228600	0.7	0	0	0	0	0.7
228700	0.7	0	0	0	0	0.7
228800	0.7	0.01	0.01	0	0	0.7
228900	0.7	0.01	0.01	0	0	0.7
229000	0.7	0.01	0.01	0	0	0.7
229100	0.7	0.03	0.03	0	0	0.7
229200	0.7	0.03	0.03	0	0	0.7
229300	0.7	0.03	0.03	0	0	0.7
229400	0.7	0.03	0.03	0	0	0.7
229500	0.7	0.02	0.02	0	0	0.7
229600	0.7	0.01	0.01	0	0	0.7
229700	0.7	0.01	0.01	0	0	0.7
229800	0.7	0.01	0.01	0	0	0.7
229900	0.7	0	0	0	0	0.7
230000	0.7	0	0	0	0	0.7
230100	0.7	0	0	0	0	0.7
230200	0.7	0	0	0	0	0.7
230300	0.7	0.01	0.01	0	0	0.7
230400	0.7	0.02	0.02	0	0	0.7
230500	0.7	0.02	0.02	0	0	0.7
230600	0.7	0.03	0.03	0	0	0.7
230700	0.7	0.02	0.02	0	0	0.7
230800	0.7	0.02	0.02	0	0	0.7
230900	0.7	0	0	0	0	0.7
231000	0.7	0.01	0.01	0	0	0.7
231100	0.7	0.01	0.01	0	0	0.7
231200	0.7	0.01	0.01	0	0	0.7
231300	0.7	0	0	0	0	0.7
231400	0.71	0	0	0	0	0.71
231500	0.71	0	0	0	0	0.71
231600	0.7	0	0	0	0	0.7
231700	0.7	0.01	0.01	0	0	0.7
231800	0.7	0.01	0.01	0	0	0.7
231900	0.7	0.01	0.01	0	0	0.7
232000	0.7	0.02	0.02	0	0	0.7
232100	0.7	0.03	0.03	0	0	0.7
232200	0.7	0.04	0.04	0	0	0.7
232300	0.7	0.04	0.04	0	0	0.7
232400	0.7	0.05	0.05	0	0	0.7
232500	0.7	0.03	0.03	0	0	0.7
232600	0.7	0.02	0.02	0	0	0.7
232700	0.7	0.03	0.03	0	0	0.7
232800	0.7	0.02	0.02	0	0	0.7
232900	0.7	0	0	0	0	0.7
233000	0.7	0	0	0	0	0.7
233100	0.7	0.01	0.01	0	0	0.7
233200	0.7	0.01	0.01	0	0	0.7
233300	0.7	0.01	0.01	0	0	0.7
233400	0.7	0.01	0.01	0	0	0.7
233500	0.7	0.02	0.02	0	0	0.7
233600	0.7	0.02	0.02	0	0	0.7
233700	0.7	0.02	0.02	0	0	0.7
233800	0.7	0.04	0.04	0	0	0.7
233900	0.7	0.01	0.01	0	0	0.7
234000	0.7	0.02	0.02	0	0	0.7
234100	0.7	0.01	0.01	0	0	0.7
234200	0.7	0.01	0.01	0	0	0.7
234300	0.7	0.01	0.01	0	0	0.7
234400	0.7	0.01	0.01	0	0	0.7
234500	0.7	0.01	0.01	0	0	0.7
234600	0.7	0.01	0.01	0	0	0.7
234700	0.7	0.01	0.01	0	0	0.7
234800	0.7	0.01	0.01	0	0	0.7
234900	0.7	0.01	0.01	0	0	0.7
235000	0.7	0.01	0.01	0	0	0.7
235100	0.7	0.01	0.01	0	0	0.7
235200	0.7	0	0	0	0	0.7
235300	0.7	0.01	0.01	0	0	0.7
235400	0.7	0.01	0.01	0	0	0.7
235500	0.7	0.02	0.02	0	0	0.7
235600	0.7	0.01	0.01	0	0	0.7
235700	0.69	0	0	0	0	0.69
235800	0.68	0	0	0	0	0.68
235900	0.68	0	0	0	0	0.68
236000	0.68	0.01	0.01	0	0	0.68
236100	0.68	0.01	0.01	0	0	0.68
236200	0.68	0.01	0.01	0	0	0.68
236300	0.68	0.01	0.01	0	0	0.68
236400	0.68	0.01	0.01	0	0	0.68
236500	0.68	0.01	0.01	0	0	0.68
236600	0.68	0.01	0.01	0	0	0.68
236700	0.68	0.01	0.01	0	0	0.68
236800	0.68	0.01	0.01	0	0	0.68
236900	0.68	0.02	0.02	0	0	0.68
237000	0.68	0.01	0.01	0	0	0.68
237100	0.68	0.01	0.01	0	0	0.68
237200	0.68	0.02	0.02	0	0	0.68
237300	0.68	0	0	0	0	0.68
237400	0.68	0.02	0.02	0	0	0.68
237500	0.68	0.02	0.02	0	0	0.68
237600	0.68	0.03	0.03	0	0	0.68
237700	0.68	0.03	0.03	0	0	0.68
237800	0.68	0.03	0.03	0	0	0.68
237900	0.68	0.02	0.02	0	0	0.68
238000	0.69	0.02	0.02	0	0	0.69
238100	0.69	0.01	0.01	0	0	0.69
238200	0.69	0.01	0.01	0	0	0.69
238300	0.69	0.01	0.01	0	0	0.69
238400	0.69	0.01	0.01	0	0	0.69
238500	0.69	0.03	0.03	0	0	0.69
238600	0.69	0.02	0.02	0	0	0.69
238700	0.68	0.03	0.03	0	0	0.68
238800	0.68	0.02	0.02	0	0	0.68
238900	0.68	0.02	0.02	0	0	0.68
239000	0.68	0.01	0.01	0	0	0.68
239100	0.69	0.01	0.01	0	0	0.69
239200	0.69	0	0	0	0	0.69
239300	0.69	0	0	0	0	0.69
239400	0.69	0.02	0.02	0	0	0.69
239500	0.69	0.02	0.02	0	0	0.69
239600	0.69	0.02	0.02	0	0	0.69
239700	0.69	0.03	0.03	0	0	0.69
239800	0.69	0.04	0.04	0	0	0.69
239900	0.69	0.03	0.03	0	0	0.69
240000	0.69	0.04	0.04	0	0	0.69
240100	0.69	0.01	0.01	0	0	0.69
240200	0.69	0	0	0	0	0.69
240300	0.69	0	0	0	0	0.69
240400	0.69	0	0	0	0	0.69
240500	0.69	0	0	0	0	0.69
240600	0.69	0	0	0	0	0.69
240700	0.69	0	0	0	0	0.69
240800	0.69	0	0	0	0	0.69
240900	0.69	0	0	0	0	0.69
241000	0.69	0	0	0	0	0.69
241100	0.69	0	0	0	0	0.69
241200	0.69	0.01	0.01	0	0	0.69
241300	0.69	0.01	0.01	0	0	0.69
241400	0.69	0.01	0.01	0	0	0.69
241500	0.69	0.01	0.01	0	0	0.69
241600	0.68	0.02	0.02	0	0	0.68
241700	0.68	0.03	0.03	0	0	0.68
241800	0.68	0.04	0.04	0	0	0.68
241900	0.68	0.04	0.04	0	0	0.68
242000	0.68	0.05	0.05	0	0	0.68
242100	0.68	0.04	0.04	0	0	0.68
242200	0.68	0.02	0.02	0	0	0.68
242300	0.68	0.03	0.03	0	0	0.68
242400	0.68	0.02	0.02	0	0	0.68
242500	0.68	0.02	0.02	0	0	0.68
242600	0.68	0.02	0.02	0	0	0.68
242700	0.68	0.02	0.02	0	0	0.68
242800	0.68	0	0	0	0	0.68
242900	0.68	0	0	0	0	0.68
243000	0.68	0	0	0	0	0.68
243100	0.68	0.01	0.01	0	0	0.68
243200	0.68	0.01	0.01	0	0	0.68
243300	0.68	0.01	0.01	0	0	0.68
243400	0.68	0.01	0.01	0	0	0.68
243500	0.68	0.02	0.02	0	0	0.68
243600	0.68	0.01	0.01	0	0	0.68
243700	0.68	0.01	0.01	0	0	0.68
243800	0.68	0.03	0.03	0	0	0.68
243900	0.68	0.03	0.03	0	0	0.68
244000	0.68	0.02	0.02	0	0	0.68
244100	0.68	0.01	0.01	0	0	0.68
244200	0.68	0.01	0.01	0	0	0.68
244300	0.68	0	0	0	0	0.68
244400	0.68	0.01	0.01	0	0	0.68
244500	0.68	0.01	0.01	0	0	0.68
244600	0.68	0.01	0.01	0	0	0.68
244700	0.68	0.01	0.01	0	0	0.68
244800	0.69	0.01	0.01	0	0	0.69
244900	0.69	0.01	0.01	0	0	0.69
245000	0.69	0	0	0	0	0.69
245100	0.69	0.02	0.02	0	0	0.69
245200	0.69	0.03	0.03	0	0	0.69
245300	0.69	0.03	0.03	0	0	0.69
245400	0.69	0.03	0.03	0	0	0.69
245500	0.69	0.03	0.03	0	0	0.69
245600	0.69	0.01	0.01	0	0	0.69
245700	0.69	0	0	0	0	0.69
245800	0.69	0.01	0.01	0	0	0.69
245900	0.69	0.01	0.01	0	0	0.69
246000	0.69	0.01	0.01	0	0	0.69
246100	0.69	0.01	0.01	0	0	0.69
246200	0.69	0.02	0.02	0	0	0.69
246300	0.69	0.01	0.01	0	0	0.69
246400	0.69	0.01	0.01	0	0	0.69
246500	0.69	0.01	0.01	0	0	0.69
246600	0.68	0.01	0.01	0	0	0.68
246700	0.68	0.02	0.02	0	0	0.68
246800	0.68	0.02	0.02	0	0	0.68
246900	0.68	0.02	0.02	0	0	0.68
247000	0.68	0.01	0.01	0	0	0.68
247100	0.68	0.01	0.01	0	0	0.68
247200	0.68	0.01	0.01	0	0	0.68
247300	0.68	0.01	0.01	0	0	0.68
247400	0.68	0.01	0.01	0	0	0.68
247500	0.68	0	0	0	0	0.68
247600	0.68	0	0	0	0	0.68
247700	0.68	0	0	0	0	0.68
247800	0.68	0.02	0.02	0	0	0.68
247900	0.68	0.02	0.02	0	0	0.68
248000	0.67	0.02	0.02	0	0	0.67
248100	0.67	0.02	0.02	0	0	0.67
248200	0.67	0.02	0.02	0	0	0.67
248300	0.67	0.01	0.01	0	0	0.67
248400	0.68	0	0	0	0	0.68
248500	0.68	0	0	0	0	0.68
248600	0.68	0	0	0	0	0.68
248700	0.68	0	0	0	0	0.68
248800	0.68	0	0	0	0	0.68
248900	0.68	0	0	0	0	0.68
249000	0.68	0	0	0	0	0.68
249100	0.68	0	0	0	0	0.68
249200	0.68	0.01	0.01	0	0	0.68
249300	0.68	0.01	0.01	0	0	0.68
249400	0.68	0.03	0.03	0	0	0.68
249500	0.68	0.02	0.02	0	0	0.68
249600	0.68	0.02	0.02	0	0	0.68
249700	0.68	0.02	0.02	0	0	0.68
249800	0.68	0.02	0.02	0	0	0.68
249900	0.68	0.02	0.02	0	0	0.68
250000	0.68	0.01	0.01	0	0	0.68
250100	0.68	0.01	0.01	0	0	0.68
250200	0.68	0.01	0.01	0	0	0.68
250300	0.68	0.03	0.03	0	0	0.68
250400	0.68	0.02	0.02	0	0	0.68
250500	0.68	0.02	0.02	0	0	0.68
250600	0.68	0.01	0.01	0	0	0.68
250700	0.68	0.01	0.01	0	0	0.68
250800	0.68	0.02	0.02	0	0	0.68
250900	0.68	0.01	0.01	0	0	0.68
251000	0.68	0.01	0.01	0	0	0.68
251100	0.68	0.01	0.01	0	0	0.68
251200	0.68	0.01	0.01	0	0	0.68
251300	0.68	0.01	0.01	0	0	0.68
251400	0.68	0.01	0.01	0	0	0.68
251500	0.67	0.01	0.01	0	0	0.67
251600	0.67	0.01	0.01	0	0	0.67
251700	0.68	0	0	0	0	0.68
251800	0.68	0	0	0	0	0.68
251900	0.68	0	0	0	0	0.68
252000	0.68	0	0	0	0	0.68
252100	0.68	0	0	0	0	0.68
252200	0.68	0.01	0.01	0	0	0.68
252300	0.68	0.03	0.03	0	0	0.68
252400	0.68	0.03	0.03	0	0	0.68
252500	0.68	0.05	0.05	0	0	0.68
252600	0.68	0.04	0.04	0	0	0.68
252700	0.68	0.02	0.02	0	0	0.68
252800	0.68	0	0	0	0	0.68
252900	0.68	0.01	0.01	0	0	0.68
253000	0.68	0.01	0.01	0	0	0.68
253100	0.68	0.03	0.03	0	0	0.68
253200	0.68	0.04	0.04	0	0	0.68
253300	0.68	0.04	0.04	0	0	0.68
253400	0.68	0.02	0.02	0	0	0.68
253500	0.68	0.01	0.01	0	0	0.68
253600	0.68	0.01	0.01	0	0	0.68
253700	0.68	0.01	0.01	0	0	0.68
253800	0.68	0.01	0.01	0	0	0.68
253900	0.68	0.02	0.02	0	0	0.68
254000	0.68	0.02	0.02	0	0	0.68
254100	0.68	0.01	0.01	0	0	0.68
254200	0.68	0	0	0	0	0.68
254300	0.67	0	0	0	0	0.67
254400	0.67	0	0	0	0	0.67
254500	0.67	0	0	0	0	0.67
254600	0.67	0	0	0	0	0.67
254700	0.67	0.01	0.01	0	0	0.67
254800	0.67	0.01	0.01	0	0	0.67
254900	0.67	0.02	0.02	0	0	0.67
255000	0.67	0.04	0.04	0	0	0.67
255100	0.67	0.03	0.03	0	0	0.67
255200	0.67	0.02	0.02	0	0	0.67
255300	0.67	0.01	0.01	0	0	0.67
255400	0.67	0.01	0.01	0	0	0.67
255500	0.67	0	0	0	0	0.67
255600	0.67	0.01	0.01	0	0	0.67
255700	0.67	0.01	0.01	0	0	0.67
255800	0.67	0.01	0.01	0	0	0.67
255900	0.67	0.01	0.01	0	0	0.67
256000	0.67	0.01	0.01	0	0	0.67
256100	0.67	0.02	0.02	0	0	0.67
256200	0.68	0.01	0.01	0	0	0.68
256300	0.68	0.01	0.01	0	0	0.68
256400	0.68	0.02	0.02	0	0	0.68
256500	0.68	0.02	0.02	0	0	0.68
256600	0.68	0.01	0.01	0	0	0.68
256700	0.68	0.01	0.01	0	0	0.68
256800	0.68	0.01	0.01	0	0	0.68
256900	0.68	0.02	0.02	0	0	0.68
257000	0.67	0.02	0.02	0	0	0.67
257100	0.67	0.02	0.02	0	0	0.67
257200	0.67	0.02	0.02	0	0	0.67
257300	0.67	0.01	0.01	0	0	0.67
257400	0.67	0.01	0.01	0	0	0.67
257500	0.67	0.01	0.01	0	0	0.67
257600	0.67	0	0	0	0	0.67
257700	0.67	0	0	0	0	0.67
257800	0.67	0	0	0	0	0.67
257900	0.67	0.01	0.01	0	0	0.67
258000	0.67	0.01	0.01	0	0	0.67
258100	0.67	0.01	0.01	0	0	0.67
258200	0.67	0.01	0.01	0	0	0.67
258300	0.67	0.02	0.02	0	0	0.67
258400	0.67	0.03	0.03	0	0	0.67
258500	0.67	0.03	0.03	0	0	0.67
258600	0.67	0.03	0.03	0	0	0.67
258700	0.67	0.02	0.02	0	0	0.67
258800	0.67	0.02	0.02	0	0	0.67
258900	0.67	0.03	0.03	0	0	0.67
259000	0.67	0.01	0.01	0	0	0.67
259100	0.67	0.01	0.01	0	0	0.67
259200	0.67	0	0	0	0	0.67
259300	0.67	0	0	0	0	0.67
259400	0.67	0	0	0	0	0.67
259500	0.67	0	0	0	0	0.67
259600	0.67	0	0	0	0	0.67
259700	0.67	0.02	0.02	0	0	0.67
259800	0.67	0.04	0.04	0	0	0.67
259900	0.67	0.04	0.04	0	0	0.67
260000	0.67	0.03	0.03	0	0	0.67
260100	0.67	0.02	0.02	0	0	0.67
260200	0.67	0.01	0.01	0	0	0.67
260300	0.67	0.03	0.03	0	0	0.67
260400	0.67	0.02	0.02	0	0	0.67
260500	0.67	0.02	0.02	0	0	0.67
260600	0.67	0.02	0.02	0	0	0.67
260700	0.67	0.02	0.02	0	0	0.67
260800	0.67	0.02	0.02	0	0	0.67
260900	0.67	0.01	0.01	0	0	0.67
261000	0.67	0.01	0.01	0	0	0.67
261100	0.67	0	0	0	0	0.67
261200	0.67	0	0	0	0	0.67
261300	0.67	0	0	0	0	0.67
261400	0.67	0.02	0.02	0	0	0.67
261500	0.67	0.03	0.03	0	0	0.67
261600	0.67	0.03	0.03	0	0	0.67
261700	0.67	0.05	0.05	0	0	0.67
261800	0.67	0.05	0.05	0	0	0.67
261900	0.67	0.04	0.04	0	0	0.67
262000	0.67	0.03	0.03	0	0	0.67
262100	0.67	0.02	0.02	0	0	0.67
262200	0.67	0.02	0.02	0	0	0.67
262300	0.67	0.04	0.04	0	0	0.67
262400	0.68	0.04	0.04	0	0	0.68
262500	0.68	0.03	0.03	0	0	0.68
262600	0.68	0.03	0.03	0	0	0.68
262700	0.68	0.03	0.03	0	0	0.68
262800	0.68	0.01	0.01	0	0	0.68
262900	0.68	0.02	0.02	0	0	0.68
263000	0.68	0.02	0.02	0	0	0.68
263100	0.68	0.03	0.03	0	0	0.68
263200	0.68	0.04	0.04	0	0	0.68
263300	0.68	0.04	0.04	0	0	0.68
263400	0.68	0.05	0.05	0	0	0.68
263500	0.68	0.03	0.03	0	0	0.68
263600	0.68	0.01	0.01	0	0	0.68
263700	0.68	0.01	0.01	0	0	0.68
263800	0.68	0.02	0.02	0	0	0.68
263900	0.68	0.01	0.01	0	0	0.68
264000	0.68	0.01	0.01	0	0	0.68
264100	0.68	0.02	0.02	0	0	0.68
264200	0.68	0.02	0.02	0	0	0.68
264300	0.68	0.03	0.03	0	0	0.68
264400	0.68	0.04	0.04	0	0	0.68
264500	0.68	0.05	0.05	0	0	0.68
264600	0.68	0.05	0.05	0	0	0.68
264700	0.68	0.03	0.03	0	0	0.68
264800	0.68	0.05	0.05	0	0	0.68
264900	0.68	0.05	0.05	0	0	0.68
265000	0.68	0.02	0.02	0	0	0.68
265100	0.68	0.04	0.04	0	0	0.68
265200	0.68	0.03	0.03	0	0	0.68
265300	0.68	0.02	0.02	0	0	0.68
265400	0.68	0.01	0.01	0	0	0.68
265500	0.68	0.01	0.01	0	0	0.68
265600	0.68	0.02	0.02	0	0	0.68
265700	0.68	0	0	0	0	0.68
265800	0.68	0	0	0	0	0.68
265900	0.68	0.03	0.03	0	0	0.68
266000	0.68	0.03	0.03	0	0	0.68
266100	0.68	0.03	0.03	0	0	0.68
266200	0.68	0.02	0.02	0	0	0.68
266300	0.68	0.04	0.04	0	0	0.68
266400	0.68	0.03	0.03	0	0	0.68
266500	0.68	0.05	0.05	0	0	0.68
266600	0.68	0.04	0.04	0	0	0.68
266700	0.68	0.01	0.01	0	0	0.68
266800	0.68	0.01	0.01	0	0	0.68
266900	0.68	0.01	0.01	0	0	0.68
267000	0.68	0.01	0.01	0	0	0.68
267100	0.68	0.01	0.01	0	0	0.68
267200	0.68	0	0	0	0	0.68
267300	0.68	0	0	0	0	0.68
267400	0.68	0	0	0	0	0.68
267500	0.68	0	0	0	0	0.68
267600	0.68	0	0	0	0	0.68
267700	0.68	0.01	0.01	0	0	0.68
267800	0.68	0.02	0.02	0	0	0.68
267900	0.68	0.03	0.03	0	0	0.68
268000	0.68	0.01	0.01	0	0	0.68
268100	0.68	0.01	0.01	0	0	0.68
268200	0.68	0	0	0	0	0.68
268300	0.68	0	0	0	0	0.68
268400	0.68	0	0	0	0	0.68
268500	0.68	0	0	0	0	0.68
268600	0.68	0	0	0	0	0.68
268700	0.68	0	0	0	0	0.68
268800	0.68	0	0	0	0	0.68
268900	0.68	0	0	0	0	0.68
269000	0.68	0.01	0.01	0	0	0.68
269100	0.68	0.01	0.01	0	0	0.68
269200	0.68	0.02	0.02	0	0	0.68
269300	0.68	0.04	0.04	0	0	0.68
269400	0.69	0.05	0.05	0	0	0.69
269500	0.69	0.04	0.04	0	0	0.69
269600	0.69	0.02	0.02	0	0	0.69
269700	0.69	0.02	0.02	0	0	0.69
269800	0.69	0.02	0.02	0	0	0.69
269900	0.69	0.02	0.02	0	0	0.69
270000	0.69	0.01	0.01	0	0	0.69
270100	0.69	0.01	0.01	0	0	0.69
270200	0.69	0.01	0.01	0	0	0.69
270300	0.69	0.01	0.01	0	0	0.69
270400	0.69	0.01	0.01	0	0	0.69
270500	0.69	0	0	0	0	0.69
270600	0.69	0.01	0.01	0	0	0.69
270700	0.69	0.02	0.02	0	0	0.69
270800	0.69	0.02	0.02	0	0	0.69
270900	0.69	0.03	0.03	0	0	0.69
271000	0.69	0.03	0.03	0	0	0.69
271100	0.69	0.01	0.01	0	0	0.69
271200	0.69	0.01	0.01	0	0	0.69
271300	0.69	0.01	0.01	0	0	0.69
271400	0.69	0.02	0.02	0	0	0.69
271500	0.69	0.01	0.01	0	0	0.69
271600	0.69	0.01	0.01	0	0	0.69
271700	0.69	0.02	0.02	0	0	0.69
271800	0.69	0.02	0.02	0	0	0.69
271900	0.69	0.02	0.02	0	0	0.69
272000	0.69	0.02	0.02	0	0	0.69
272100	0.69	0.02	0.02	0	0	0.69
272200	0.69	0.02	0.02	0	0	0.69
272300	0.69	0.02	0.02	0	0	0.69
272400	0.7	0.03	0.03	0	0	0.7
272500	0.7	0.03	0.03	0	0	0.7
272600	0.7	0.02	0.02	0	0	0.7
272700	0.7	0.02	0.02	0	0	0.7
272800	0.7	0.03	0.03	0	0	0.7
272900	0.7	0.03	0.03	0	0	0.7
273000	0.7	0.03	0.03	0	0	0.7
273100	0.7	0.03	0.03	0	0	0.7
273200	0.7	0.02	0.02	0	0	0.7
273300	0.7	0.02	0.02	0	0	0.7
273400	0.7	0.01	0.01	0	0	0.7
273500	0.7	0	0	0	0	0.7
273600	0.7	0	0	0	0	0.7
273700	0.7	0	0	0	0	0.7
273800	0.7	0	0	0	0	0.7
273900	0.7	0	0	0	0	0.7
274000	0.7	0	0	0	0	0.7
274100	0.7	0	0	0	0	0.7
274200	0.7	0.01	0.01	0	0	0.7
274300	0.7	0.03	0.03	0	0	0.7
274400	0.7	0.03	0.03	0	0	0.7
274500	0.7	0.03	0.03	0	0	0.7
274600	0.7	0.03	0.03	0	0	0.7
274700	0.7	0.04	0.04	0	0	0.7
274800	0.7	0.02	0.02	0	0	0.7
274900	0.7	0.02	0.02	0	0	0.7
275000	0.7	0.02	0.02	0	0	0.7
275100	0.7	0.02	0.02	0	0	0.7
275200	0.7	0.02	0.02	0	0	0.7
275300	0.7	0	0	0	0	0.7
275400	0.7	0.01	0.01	0	0	0.7
275500	0.7	0.01	0.01	0	0	0.7
275600	0.7	0.02	0.02	0	0	0.7
275700	0.7	0.02	0.02	0	0	0.7
275800	0.7	0.02	0.02	0	0	0.7
275900	0.7	0.03	0.03	0	0	0.7
276000	0.7	0.03	0.03	0	0	0.7
276100	0.7	0.02	0.02	0	0	0.7
276200	0.7	0.01	0.01	0	0	0.7
276300	0.7	0.03	0.03	0	0	0.7
276400	0.7	0.02	0.02	0	0	0.7
276500	0.7	0.02	0.02	0	0	0.7
276600	0.7	0.02	0.02	0	0	0.7
276700	0.7	0.03	0.03	0	0	0.7
276800	0.7	0.02	0.02	0	0	0.7
276900	0.7	0	0	0	0	0.7
277000	0.7	0.03	0.03	0	0	0.7
277100	0.7	0.04	0.04	0	0	0.7
277200	0.7	0.05	0.05	0	0	0.7
277300	0.69	0.04	0.04	0	0	0.69
277400	0.69	0.05	0.05	0	0	0.69
277500	0.69	0.03	0.03	0	0	0.69
277600	0.69	0.03	0.03	0	0	0.69
277700	0.69	0.02	0.02	0	0	0.69
277800	0.69	0.03	0.03	0	0	0.69
277900	0.69	0.03	0.03	0	0	0.69
278000	0.69	0.03	0.03	0	0	0.69
278100	0.69	0.02	0.02	0	0	0.69
278200	0.69	0.02	0.02	0	0	0.69
278300	0.69	0.02	0.02	0	0	0.69
278400	0.69	0.03	0.03	0	0	0.69
278500	0.69	0.04	0.04	0	0	0.69
278600	0.69	0.01	0.01	0	0	0.69
278700	0.69	0.01	0.01	0	0	0.69
278800	0.69	0.01	0.01	0	0	0.69
278900	0.69	0.02	0.02	0	0	0.69
279000	0.69	0.01	0.01	0	0	0.69
279100	0.69	0.03	0.03	0	0	0.69
279200	0.69	0.03	0.03	0	0	0.69
279300	0.69	0.03	0.03	0	0	0.69
279400	0.69	0.03	0.03	0	0	0.69
279500	0.7	0.02	0.02	0	0	0.7
279600	0.7	0.02	0.02	0	0	0.7
279700	0.7	0.01	0.01	0	0	0.7
279800	0.7	0.01	0.01	0	0	0.7
279900	0.7	0.01	0.01	0	0	0.7
280000	0.7	0.01	0.01	0	0	0.7
280100	0.7	0.01	0.01	0	0	0.7
280200	0.7	0.01	0.01	0	0	0.7
280300	0.7	0.01	0.01	0	0	0.7
280400	0.7	0.02	0.02	0	0	0.7
280500	0.7	0.03	0.03	0	0	0.7
280600	0.7	0.03	0.03	0	0	0.7
280700	0.7	0.03	0.03	0	0	0.7
280800	0.69	0.02	0.02	0	0	0.69
280900	0.69	0.01	0.01	0	0	0.69
281000	0.69	0.01	0.01	0	0	0.69
281100	0.69	0.02	0.02	0	0	0.69
281200	0.69	0.04	0.04	0	0	0.69
281300	0.69	0.03	0.03	0	0	0.69
281400	0.69	0.02	0.02	0	0	0.69
281500	0.69	0	0	0	0	0.69
281600	0.69	0	0	0	0	0.69
281700	0.69	0.01	0.01	0	0	0.69
281800	0.69	0.03	0.03	0	0	0.69
281900	0.69	0.03	0.03	0	0	0.69
282000	0.69	0.05	0.05	0	0	0.69
282100	0.69	0.03	0.03	0	0	0.69
282200	0.69	0.01	0.01	0	0	0.69
282300	0.69	0.01	0.01	0	0	0.69
282400	0.69	0.01	0.01	0	0	0.69
282500	0.69	0.01	0.01	0	0	0.69
282600	0.69	0.01	0.01	0	0	0.69
282700	0.69	0.01	0.01	0	0	0.69
282800	0.69	0	0	0	0	0.69
282900	0.69	0.01	0.01	0	0	0.69
283000	0.69	0.01	0.01	0	0	0.69
283100	0.69	0.01	0.01	0	0	0.69
283200	0.69	0.01	0.01	0	0	0.69
283300	0.69	0.01	0.01	0	0	0.69
283400	0.69	0	0	0	0	0.69
283500	0.69	0	0	0	0	0.69
283600	0.69	0	0	0	0	0.69
283700	0.69	0	0	0	0	0.69
283800	0.69	0.01	0.01	0	0	0.69
283900	0.69	0.02	0.02	0	0	0.69
284000	0.69	0.03	0.03	0	0	0.69
284100	0.69	0.04	0.04	0	0	0.69
284200	0.7	0.05	0.05	0	0	0.7
284300	0.7	0.04	0.04	0	0	0.7
284400	0.7	0	0	0	0	0.7
284500	0.7	0.01	0.01	0	0	0.7
284600	0.7	0.01	0.01	0	0	0.7
284700	0.7	0.01	0.01	0	0	0.7
284800	0.69	0.01	0.01	0	0	0.69
284900	0.69	0.01	0.01	0	0	0.69
285000	0.69	0.02	0.02	0	0	0.69
285100	0.69	0.01	0.01	0	0	0.69
285200	0.69	0.02	0.02	0	0	0.69
285300	0.69	0.01	0.01	0	0	0.69
285400	0.69	0.01	0.01	0	0	0.69
285500	0.69	0.01	0.01	0	0	0.69
285600	0.69	0.01	0.01	0	0	0.69
285700	0.69	0.01	0.01	0	0	0.69
285800	0.69	0.01	0.01	0	0	0.69
285900	0.69	0.01	0.01	0	0	0.69
286000	0.69	0.01	0.01	0	0	0.69
286100	0.69	0.01	0.01	0	0	0.69
286200	0.69	0	0	0	0	0.69
286300	0.69	0.01	0.01	0	0	0.69
286400	0.69	0.01	0.01	0	0	0.69
286500	0.69	0.02	0.02	0	0	0.69
286600	0.69	0.02	0.02	0	0	0.69
286700	0.69	0.01	0.01	0	0	0.69
286800	0.69	0.01	0.01	0	0	0.69
286900	0.69	0.03	0.03	0	0	0.69
287000	0.69	0.03	0.03	0	0	0.69
287100	0.69	0.03	0.03	0	0	0.69
287200	0.69	0.04	0.04	0	0	0.69
287300	0.69	0.03	0.03	0	0	0.69
287400	0.69	0.03	0.03	0	0	0.69
287500	0.69	0.01	0.01	0	0	0.69
287600	0.69	0.01	0.01	0	0	0.69
287700	0.69	0.01	0.01	0	0	0.69
287800	0.69	0.01	0.01	0	0	0.69
287900	0.69	0.01	0.01	0	0	0.69
288000	0.69	0.01	0.01	0	0	0.69
288100	0.69	0	0	0	0	0.69
288200	0.69	0.02	0.02	0	0	0.69
288300	0.69	0.03	0.03	0	0	0.69
288400	0.69	0.03	0.03	0	0	0.69
288500	0.69	0.05	0.05	0	0	0.69
288600	0.69	0.04	0.04	0	0	0.69
288700	0.7	0.03	0.03	0	0	0.7
288800	0.7	0.02	0.02	0	0	0.7
288900	0.7	0.02	0.02	0	0	0.7
289000	0.7	0.02	0.02	0	0	0.7
289100	0.7	0.01	0.01	0	0	0.7
289200	0.71	0.01	0.01	0	0	0.71
289300	0.7	0.02	0.02	0	0	0.7
289400	0.7	0.01	0.01	0	0	0.7
289500	0.7	0	0	0	0	0.7
289600	0.7	0	0	0	0	0.7
289700	0.7	0.01	0.01	0	0	0.7
289800	0.7	0.03	0.03	0	0	0.7
289900	0.7	0.04	0.04	0	0	0.7
290000	0.7	0.03	0.03	0	0	0.7
290100	0.7	0.02	0.02	0	0	0.7
290200	0.7	0.02	0.02	0	0	0.7
290300	0.7	0	0	0	0	0.7
290400	0.7	0.01	0.01	0	0	0.7
290500	0.7	0.01	0.01	0	0	0.7
290600	0.7	0.01	0.01	0	0	0.7
290700	0.7	0.01	0.01	0	0	0.7
290800	0.7	0.01	0.01	0	0	0.7
290900	0.7	0	0	0	0	0.7
291000	0.7	0.01	0.01	0	0	0.7
291100	0.7	0.01	0.01	0	0	0.7
291200	0.7	0.01	0.01	0	0	0.7
291300	0.7	0.01	0.01	0	0	0.7
291400	0.7	0.02	0.02	0	0	0.7
291500	0.7	0.02	0.02	0	0	0.7
291600	0.7	0.02	0.02	0	0	0.7
291700	0.71	0.02	0.02	0	0	0.71
291800	0.7	0.02	0.02	0	0	0.7
291900	0.7	0.03	0.03	0	0	0.7
292000	0.7	0.03	0.03	0	0	0.7
292100	0.7	0.02	0.02	0	0	0.7
292200	0.7	0.04	0.04	0	0	0.7
292300	0.7	0.02	0.02	0	0	0.7
292400	0.7	0.03	0.03	0	0	0.7
292500	0.7	0.02	0.02	0	0	0.7
292600	0.7	0.02	0.02	0	0	0.7
292700	0.7	0.01	0.01	0	0	0.7
292800	0.7	0.01	0.01	0	0	0.7
292900	0.7	0.01	0.01	0	0	0.7
293000	0.7	0.01	0.01	0	0	0.7
293100	0.7	0	0	0	0	0.7
293200	0.7	0	0	0	0	0.7
293300	0.7	0.02	0.02	0	0	0.7
293400	0.7	0.02	0.02	0	0	0.7
293500	0.7	0.02	0.02	0	0	0.7
293600	0.69	0.01	0.01	0	0	0.69
293700	0.69	0.01	0.01	0	0	0.69
293800	0.69	0.01	0.01	0	0	0.69
293900	0.69	0.01	0.01	0	0	0.69
294000	0.69	0.01	0.01	0	0	0.69
294100	0.69	0.01	0.01	0	0	0.69
294200	0.69	0.02	0.02	0	0	0.69
294300	0.69	0.02	0.02	0	0	0.69
294400	0.69	0.02	0.02	0	0	0.69
294500	0.69	0.03	0.03	0	0	0.69
294600	0.69	0.02	0.02	0	0	0.69
294700	0.69	0.02	0.02	0	0	0.69
294800	0.69	0	0	0	0	0.69
294900	0.69	0.01	0.01	0	0	0.69
295000	0.69	0.01	0.01	0	0	0.69
295100	0.69	0.01	0.01	0	0	0.69
295200	0.69	0	0	0	0	0.69
295300	0.69	0	0	0	0	0.69
295400	0.69	0	0	0	0	0.69
295500	0.69	0.01	0.01	0	0	0.69
295600	0.69	0.01	0.01	0	0	0.69
295700	0.69	0.01	0.01	0	0	0.69
295800	0.69	0.01	0.01	0	0	0.69
295900	0.69	0.01	0.01	0	0	0.69
296000	0.69	0.01	0.01	0	0	0.69
296100	0.69	0.02	0.02	0	0	0.69
296200	0.69	0.02	0.02	0	0	0.69
296300	0.69	0.02	0.02	0	0	0.69
296400	0.69	0.01	0.01	0	0	0.69
296500	0.69	0.01	0.01	0	0	0.69
296600	0.69	0.01	0.01	0	0	0.69
296700	0.69	0	0	0	0	0.69
296800	0.69	0	0	0	0	0.69
296900	0.69	0.02	0.02	0	0	0.69
297000	0.69	0.02	0.02	0	0	0.69
297100	0.69	0.04	0.04	0	0	0.69
297200	0.69	0.04	0.04	0	0	0.69
297300	0.69	0.02	0.02	0	0	0.69
297400	0.69	0.01	0.01	0	0	0.69
297500	0.69	0.01	0.01	0	0	0.69
297600	0.69	0	0	0	0	0.69
297700	0.69	0.01	0.01	0	0	0.69
297800	0.69	0.01	0.01	0	0	0.69
297900	0.69	0.01	0.01	0	0	0.69
298000	0.69	0.01	0.01	0	0	0.69
298100	0.69	0.03	0.03	0	0	0.69
298200	0.69	0.02	0.02	0	0	0.69
298300	0.69	0.03	0.03	0	0	0.69
298400	0.69	0.04	0.04	0	0	0.69
298500	0.69	0.04	0.04	0	0	0.69
298600	0.69	0.04	0.04	0	0	0.69
298700	0.69	0.04	0.04	0	0	0.69
298800	0.69	0.03	0.03	0	0	0.69
298900	0.69	0.02	0.02	0	0	0.69
299000	0.69	0.02	0.02	0	0	0.69
299100	0.69	0.02	0.02	0	0	0.69
299200	0.69	0.02	0.02	0	0	0.69
299300	0.69	0.02	0.02	0	0	0.69
299400	0.69	0.03	0.03	0	0	0.69
299500	0.69	0.03	0.03	0	0	0.69
299600	0.69	0.02	0.02	0	0	0.69
299700	0.69	0.01	0.01	0	0	0.69
299800	0.69	0.02	0.02	0	0	0.69
299900	0.69	0.02	0.02	0	0	0.69
300000	0.69	0.02	0.02	0	0	0.69
