100	0.08	0.03	0.03	0	0	0.08
200	0.06	0.02	0.02	0	0	0.06
300	0.05	0.03	0.03	0	0	0.05
400	0.04	0.03	0.03	0	0	0.04
500	0.06	0.04	0.04	0	0	0.06
600	0.06	0.04	0.04	0	0	0.06
700	0.07	0.03	0.03	0	0	0.07
800	0.08	0.03	0.03	0	0	0.08
900	0.08	0.03	0.03	0	0	0.08
1000	0.09	0.01	0.01	0	0	0.09
1100	0.09	0.01	0.01	0	0	0.09
1200	0.09	0	0	0	0	0.09
1300	0.07	0	0	0	0	0.07
1400	0.08	0.01	0.01	0	0	0.08
1500	0.08	0.01	0.01	0	0	0.08
1600	0.08	0.01	0.01	0	0	0.08
1700	0.06	0.02	0.02	0	0	0.06
1800	0.06	0.02	0.02	0	0	0.06
1900	0.07	0	0	0	0	0.07
2000	0.06	0	0	0	0	0.06
2100	0.06	0	0	0	0	0.06
2200	0.03	0.03	0.03	0	0	0.03
2300	0.03	0.02	0.02	0	0	0.03
2400	0.01	0.02	0.02	0	0	0.01
2500	0.03	0.02	0.02	0	0	0.03
2600	0.04	0.02	0.02	0	0	0.04
2700	0.05	0.02	0.02	0	0	0.05
2800	0.07	0.02	0.02	0	0	0.07
2900	0.09	0.01	0.01	0	0	0.09
3000	0.07	0	0	0	0	0.07
3100	0.05	0	0	0	0	0.05
3200	0.04	0	0	0	0	0.04
3300	0.05	0	0	0	0	0.05
3400	0.03	0	0	0	0	0.03
3500	0.01	0	0	0	0	0.01
3600	0.04	0	0	0	0	0.04
3700	0.05	0.02	0.02	0	0	0.05
3800	0.04	0.03	0.03	0	0	0.04
3900	0.04	0.03	0.03	0	0	0.04
4000	0.02	0.01	0.01	0	0	0.02
4100	0.01	0.01	0.01	0	0	0.01
4200	0.03	0	0	0	0	0.03
4300	0.05	0	0	0	0	0.05
4400	0.06	0.02	0.02	0	0	0.06
4500	0.06	0.01	0.01	0	0	0.06
4600	0.05	0.03	0.03	0	0	0.05
4700	0.04	0.03	0.03	0	0	0.04
4800	0.03	0.04	0.04	0	0	0.03
4900	0.04	0	0	0	0	0.04
5000	0.03	0.01	0.01	0	0	0.03
5100	0.01	0.01	0.01	0	0	0.01
5200	0.03	0.02	0.02	0	0	0.03
5300	0.03	0.03	0.03	0	0	0.03
5400	0.02	0.03	0.03	0	0	0.02
5500	0.02	0.01	0.01	0	0	0.02
5600	0.02	0.01	0.01	0	0	0.02
5700	0.03	0.01	0.01	0	0	0.03
5800	0.03	0	0	0	0	0.03
5900	0.01	0.02	0.02	0	0	0.01
6000	0.02	0.03	0.03	0	0	0.02
6100	0.02	0.04	0.04	0	0	0.02
6200	0.02	0.03	0.03	0	0	0.02
6300	0.02	0.02	0.02	0	0	0.02
6400	0.02	0.01	0.01	0	0	0.02
6500	0.02	0	0	0	0	0.02
6600	0.02	0.02	0.02	0	0	0.02
6700	0.02	0.03	0.03	0	0	0.02
6800	0.01	0.03	0.03	0	0	0.01
6900	0.01	0.04	0.04	0	0	0.01
7000	0.01	0.04	0.04	0	0	0.01
7100	0.02	0.03	0.03	0	0	0.02
7200	0.02	0.01	0.01	0	0	0.02
7300	0.01	0.02	0.02	0	0	0.01
7400	0.02	0.02	0.02	0	0	0.02
7500	0.05	0.02	0.02	0	0	0.05
7600	0.04	0.01	0.01	0	0	0.04
7700	0.07	0.01	0.01	0	0	0.07
7800	0.05	0	0	0	0	0.05
7900	0.05	0.01	0.01	0	0	0.05
8000	0.02	0.02	0.02	0	0	0.02
8100	0.02	0.05	0.05	0	0	0.02
8200	0.01	0.06	0.06	0	0	0.01
8300	0	0.07	0.07	0	0	0
8400	0	0.09	0.09	0	0	0
8500	0	0.09	0.09	0	0	0
8600	0	0.06	0.06	0	0	0
8700	0.01	0.06	0.06	0	0	0.01
8800	0.02	0.07	0.07	0	0	0.02
8900	0.03	0.06	0.06	0	0	0.03
9000	0.04	0.04	0.04	0	0	0.04
9100	0.03	0.04	0.04	0	0	0.03
9200	0.02	0.05	0.05	0	0	0.02
9300	0.02	0.05	0.05	0	0	0.02
9400	0.02	0.05	0.05	0	0	0.02
9500	0.02	0.06	0.06	0	0	0.02
9600	0.04	0.07	0.07	0	0	0.04
9700	0.04	0.08	0.08	0	0	0.04
9800	0	0.07	0.07	0	0	0
9900	0.01	0.07	0.07	0	0	0.01
10000	0.03	0.07	0.07	0	0	0.03
10100	0.04	0.05	0.05	0	0	0.04
10200	0.04	0.05	0.05	0	0	0.04
10300	0.01	0.05	0.05	0	0	0.01
10400	0	0.07	0.07	0	0	0
10500	0.01	0.06	0.06	0	0	0.01
10600	0	0.04	0.04	0	0	0
10700	0.01	0.04	0.04	0	0	0.01
10800	0.01	0.06	0.06	0	0	0.01
10900	0.04	0.06	0.06	0	0	0.04
11000	0.03	0.04	0.04	0	0	0.03
11100	0.02	0.04	0.04	0	0	0.02
11200	0	0.04	0.04	0	0	0
11300	0	0.02	0.02	0	0	0
11400	0.01	0.02	0.02	0	0	0.01
11500	0.05	0.02	0.02	0	0	0.05
11600	0.06	0.01	0.01	0	0	0.06
11700	0.07	0.01	0.01	0	0	0.07
11800	0.06	0.01	0.01	0	0	0.06
11900	0.06	0.01	0.01	0	0	0.06
12000	0.05	0.02	0.02	0	0	0.05
12100	0.03	0.03	0.03	0	0	0.03
12200	0.01	0.04	0.04	0	0	0.01
12300	0.04	0.05	0.05	0	0	0.04
12400	0.04	0.08	0.08	0	0	0.04
12500	0.03	0.08	0.08	0	0	0.03
12600	0.02	0.05	0.05	0	0	0.02
12700	0.02	0.04	0.04	0	0	0.02
12800	0.02	0.04	0.04	0	0	0.02
12900	0.03	0.03	0.03	0	0	0.03
13000	0.02	0.02	0.02	0	0	0.02
13100	0.03	0.01	0.01	0	0	0.03
13200	0.03	0.01	0.01	0	0	0.03
13300	0.01	0.01	0.01	0	0	0.01
13400	0.01	0.01	0.01	0	0	0.01
13500	0.01	0.01	0.01	0	0	0.01
13600	0.01	0.01	0.01	0	0	0.01
13700	0	0.03	0.03	0	0	0
13800	0	0.03	0.03	0	0	0
13900	0	0.01	0.01	0	0	0
14000	0.01	0.02	0.02	0	0	0.01
14100	0.02	0.03	0.03	0	0	0.02
14200	0.02	0.03	0.03	0	0	0.02
14300	0.02	0.04	0.04	0	0	0.02
14400	0.04	0.04	0.04	0	0	0.04
14500	0.04	0.03	0.03	0	0	0.04
14600	0.04	0.02	0.02	0	0	0.04
14700	0.05	0.04	0.04	0	0	0.05
14800	0.06	0.04	0.04	0	0	0.06
14900	0.04	0.06	0.06	0	0	0.04
15000	0.03	0.06	0.06	0	0	0.03
15100	0.03	0.07	0.07	0	0	0.03
15200	0.03	0.06	0.06	0	0	0.03
15300	0.03	0.05	0.05	0	0	0.03
15400	0.05	0.04	0.04	0	0	0.05
15500	0.06	0.03	0.03	0	0	0.06
15600	0.02	0.01	0.01	0	0	0.02
15700	0.01	0	0	0	0	0.01
15800	0.02	0.02	0.02	0	0	0.02
15900	0.02	0.03	0.03	0	0	0.02
16000	0.01	0.04	0.04	0	0	0.01
16100	0.01	0.05	0.05	0	0	0.01
16200	0.01	0.07	0.07	0	0	0.01
16300	0.02	0.07	0.07	0	0	0.02
16400	0.04	0.06	0.06	0	0	0.04
16500	0.06	0.07	0.07	0	0	0.06
16600	0.04	0.06	0.06	0	0	0.04
16700	0.03	0.06	0.06	0	0	0.03
16800	0.02	0.05	0.05	0	0	0.02
16900	0.02	0.01	0.01	0	0	0.02
17000	0.02	0	0	0	0	0.02
17100	0.01	0.01	0.01	0	0	0.01
17200	0.01	0.01	0.01	0	0	0.01
17300	0.01	0.03	0.03	0	0	0.01
17400	0	0.03	0.03	0	0	0
17500	0	0.03	0.03	0	0	0
17600	0.01	0.03	0.03	0	0	0.01
17700	0.01	0.03	0.03	0	0	0.01
17800	0.02	0.03	0.03	0	0	0.02
17900	0.02	0.03	0.03	0	0	0.02
18000	0.03	0.03	0.03	0	0	0.03
18100	0.04	0.02	0.02	0	0	0.04
18200	0.02	0	0	0	0	0.02
18300	0.02	0	0	0	0	0.02
18400	0.01	0	0	0	0	0.01
18500	0	0	0	0	0	0
18600	0	0.02	0.02	0	0	0
18700	0	0.03	0.03	0	0	0
18800	0.01	0.04	0.04	0	0	0.01
18900	0.02	0.06	0.06	0	0	0.02
19000	0.04	0.07	0.07	0	0	0.04
19100	0.03	0.05	0.05	0	0	0.03
19200	0.03	0.05	0.05	0	0	0.03
19300	0.03	0.06	0.06	0	0	0.03
19400	0.02	0.05	0.05	0	0	0.02
19500	0.02	0.05	0.05	0	0	0.02
19600	0.04	0.06	0.06	0	0	0.04
19700	0.03	0.07	0.07	0	0	0.03
19800	0.02	0.08	0.08	0	0	0.02
19900	0.02	0.07	0.07	0	0	0.02
20000	0.02	0.05	0.05	0	0	0.02
20100	0	0.04	0.04	0	0	0
20200	0	0.03	0.03	0	0	0
20300	0	0.04	0.04	0	0	0
20400	0.01	0.04	0.04	0	0	0.01
20500	0.01	0.02	0.02	0	0	0.01
20600	0.01	0.03	0.03	0	0	0.01
20700	0.03	0.04	0.04	0	0	0.03
20800	0.04	0.04	0.04	0	0	0.04
20900	0.04	0.03	0.03	0	0	0.04
21000	0.03	0.04	0.04	0	0	0.03
21100	0.04	0.04	0.04	0	0	0.04
21200	0.04	0.04	0.04	0	0	0.04
21300	0.04	0.02	0.02	0	0	0.04
21400	0.05	0.02	0.02	0	0	0.05
21500	0.05	0.01	0.01	0	0	0.05
21600	0.04	0.03	0.03	0	0	0.04
21700	0.03	0.04	0.04	0	0	0.03
21800	0.05	0.04	0.04	0	0	0.05
21900	0.04	0.05	0.05	0	0	0.04
22000	0.03	0.04	0.04	0	0	0.03
22100	0.03	0.04	0.04	0	0	0.03
22200	0.02	0.03	0.03	0	0	0.02
22300	0.05	0.02	0.02	0	0	0.05
22400	0.04	0.02	0.02	0	0	0.04
22500	0.03	0.01	0.01	0	0	0.03
22600	0.03	0	0	0	0	0.03
22700	0.01	0	0	0	0	0.01
22800	0.01	0	0	0	0	0.01
22900	0.02	0.01	0.01	0	0	0.02
23000	0.03	0.01	0.01	0	0	0.03
23100	0.02	0.02	0.02	0	0	0.02
23200	0.02	0.01	0.01	0	0	0.02
23300	0.01	0	0	0	0	0.01
23400	0.02	0	0	0	0	0.02
23500	0.02	0.01	0.01	0	0	0.02
23600	0.04	0.01	0.01	0	0	0.04
23700	0.04	0.02	0.02	0	0	0.04
23800	0.03	0.02	0.02	0	0	0.03
23900	0.03	0.02	0.02	0	0	0.03
24000	0.02	0.03	0.03	0	0	0.02
24100	0.02	0.02	0.02	0	0	0.02
24200	0.05	0.03	0.03	0	0	0.05
24300	0.07	0.02	0.02	0	0	0.07
24400	0.07	0.02	0.02	0	0	0.07
24500	0.08	0.03	0.03	0	0	0.08
24600	0.08	0.04	0.04	0	0	0.08
24700	0.08	0.03	0.03	0	0	0.08
24800	0.04	0.02	0.02	0	0	0.04
24900	0.04	0.02	0.02	0	0	0.04
25000	0.05	0.02	0.02	0	0	0.05
25100	0.04	0.01	0.01	0	0	0.04
25200	0.04	0.02	0.02	0	0	0.04
25300	0.05	0.02	0.02	0	0	0.05
25400	0.04	0.03	0.03	0	0	0.04
25500	0.04	0.01	0.01	0	0	0.04
25600	0.02	0.02	0.02	0	0	0.02
25700	0	0.03	0.03	0	0	0
25800	0.01	0.03	0.03	0	0	0.01
25900	0.02	0.04	0.04	0	0	0.02
26000	0.01	0.04	0.04	0	0	0.01
26100	0.01	0.05	0.05	0	0	0.01
26200	0.03	0.1	0.1	0	0	0.03
26300	0.04	0.07	0.07	0	0	0.04
26400	0.05	0.09	0.09	0	0	0.05
26500	0.05	0.1	0.1	0	0	0.05
26600	0.04	0.09	0.09	0	0	0.04
26700	0.04	0.08	0.08	0	0	0.04
26800	0.03	0.05	0.05	0	0	0.03
26900	0.02	0.05	0.05	0	0	0.02
27000	0.02	0.05	0.05	0	0	0.02
27100	0.02	0.05	0.05	0	0	0.02
27200	0.03	0.01	0.01	0	0	0.03
27300	0.04	0.02	0.02	0	0	0.04
27400	0.04	0.02	0.02	0	0	0.04
27500	0.04	0.04	0.04	0	0	0.04
27600	0.03	0.04	0.04	0	0	0.03
27700	0.02	0.02	0.02	0	0	0.02
27800	0.02	0.04	0.04	0	0	0.02
27900	0.02	0.05	0.05	0	0	0.02
28000	0.02	0.05	0.05	0	0	0.02
28100	0.02	0.04	0.04	0	0	0.02
28200	0.03	0.03	0.03	0	0	0.03
28300	0.04	0.04	0.04	0	0	0.04
28400	0.05	0.04	0.04	0	0	0.05
28500	0.05	0.03	0.03	0	0	0.05
28600	0.04	0.02	0.02	0	0	0.04
28700	0.02	0.04	0.04	0	0	0.02
28800	0	0.03	0.03	0	0	0
28900	0.01	0.01	0.01	0	0	0.01
29000	0.03	0	0	0	0	0.03
29100	0.03	0	0	0	0	0.03
29200	0.03	0	0	0	0	0.03
29300	0.03	0.01	0.01	0	0	0.03
29400	0.02	0.02	0.02	0	0	0.02
29500	0.02	0.04	0.04	0	0	0.02
29600	0.02	0.02	0.02	0	0	0.02
29700	0.02	0.01	0.01	0	0	0.02
29800	0.03	0.04	0.04	0	0	0.03
29900	0.07	0.04	0.04	0	0	0.07
30000	0.06	0.03	0.03	0	0	0.06
30100	0.03	0.03	0.03	0	0	0.03
30200	0.03	0	0	0	0	0.03
30300	0.04	0.01	0.01	0	0	0.04
30400	0.06	0.01	0.01	0	0	0.06
30500	0.06	0.01	0.01	0	0	0.06
30600	0.07	0.01	0.01	0	0	0.07
30700	0.04	0.02	0.02	0	0	0.04
30800	0.02	0.03	0.03	0	0	0.02
30900	0	0.02	0.02	0	0	0
31000	0	0.03	0.03	0	0	0
31100	0.01	0.02	0.02	0	0	0.01
31200	0.02	0.01	0.01	0	0	0.02
31300	0.03	0.01	0.01	0	0	0.03
31400	0.05	0.01	0.01	0	0	0.05
31500	0.04	0.01	0.01	0	0	0.04
31600	0.05	0.02	0.02	0	0	0.05
31700	0.06	0.01	0.01	0	0	0.06
31800	0.06	0.03	0.03	0	0	0.06
31900	0.04	0.02	0.02	0	0	0.04
32000	0.05	0.02	0.02	0	0	0.05
32100	0.09	0.03	0.03	0	0	0.09
32200	0.11	0.04	0.04	0	0	0.11
32300	0.1	0.03	0.03	0	0	0.1
32400	0.07	0.03	0.03	0	0	0.07
32500	0.06	0.03	0.03	0	0	0.06
32600	0.06	0.02	0.02	0	0	0.06
32700	0.04	0.02	0.02	0	0	0.04
32800	0.04	0.01	0.01	0	0	0.04
32900	0.02	0	0	0	0	0.02
33000	0.01	0.02	0.02	0	0	0.01
33100	0.02	0.02	0.02	0	0	0.02
33200	0.03	0.03	0.03	0	0	0.03
33300	0.03	0.05	0.05	0	0	0.03
33400	0.01	0.03	0.03	0	0	0.01
33500	0.02	0.02	0.02	0	0	0.02
33600	0.02	0.01	0.01	0	0	0.02
33700	0.02	0.01	0.01	0	0	0.02
33800	0.02	0.01	0.01	0	0	0.02
33900	0.03	0	0	0	0	0.03
34000	0.03	0.01	0.01	0	0	0.03
34100	0.04	0.01	0.01	0	0	0.04
34200	0.04	0.01	0.01	0	0	0.04
34300	0.05	0	0	0	0	0.05
34400	0.05	0	0	0	0	0.05
34500	0.03	0	0	0	0	0.03
34600	0.03	0.02	0.02	0	0	0.03
34700	0.04	0.01	0.01	0	0	0.04
34800	0.01	0.03	0.03	0	0	0.01
34900	0.02	0.02	0.02	0	0	0.02
35000	0.05	0.02	0.02	0	0	0.05
35100	0.05	0.01	0.01	0	0	0.05
35200	0.03	0.01	0.01	0	0	0.03
35300	0.05	0.02	0.02	0	0	0.05
35400	0.05	0.02	0.02	0	0	0.05
35500	0.02	0.03	0.03	0	0	0.02
35600	0	0.03	0.03	0	0	0
35700	0.01	0.05	0.05	0	0	0.01
35800	0.04	0.03	0.03	0	0	0.04
35900	0.05	0.04	0.04	0	0	0.05
36000	0.02	0.04	0.04	0	0	0.02
36100	0.02	0.03	0.03	0	0	0.02
36200	0	0.02	0.02	0	0	0
36300	0	0.06	0.06	0	0	0
36400	0.02	0.06	0.06	0	0	0.02
36500	0.03	0.06	0.06	0	0	0.03
36600	0.02	0.06	0.06	0	0	0.02
36700	0.01	0.05	0.05	0	0	0.01
36800	0.01	0.06	0.06	0	0	0.01
36900	0.03	0.07	0.07	0	0	0.03
37000	0.02	0.07	0.07	0	0	0.02
37100	0.01	0.07	0.07	0	0	0.01
37200	0.01	0.08	0.08	0	0	0.01
37300	0.01	0.08	0.08	0	0	0.01
37400	0.03	0.09	0.09	0	0	0.03
37500	0.03	0.09	0.09	0	0	0.03
37600	0.02	0.1	0.1	0	0	0.02
37700	0.02	0.1	0.1	0	0	0.02
37800	0.01	0.1	0.1	0	0	0.01
37900	0	0.08	0.08	0	0	0
38000	0.01	0.08	0.08	0	0	0.01
38100	0.02	0.09	0.09	0	0	0.02
38200	0.05	0.08	0.08	0	0	0.05
38300	0.05	0.08	0.08	0	0	0.05
38400	0.04	0.07	0.07	0	0	0.04
38500	0.04	0.08	0.08	0	0	0.04
38600	0.04	0.09	0.09	0	0	0.04
38700	0.03	0.1	0.1	0	0	0.03
38800	0.01	0.09	0.09	0	0	0.01
38900	0.01	0.1	0.1	0	0	0.01
39000	0.01	0.09	0.09	0	0	0.01
39100	0.01	0.09	0.09	0	0	0.01
39200	0.01	0.06	0.06	0	0	0.01
39300	0	0.05	0.05	0	0	0
39400	0.01	0.06	0.06	0	0	0.01
39500	0.02	0.07	0.07	0	0	0.02
39600	0.04	0.07	0.07	0	0	0.04
39700	0.03	0.07	0.07	0	0	0.03
39800	0.02	0.07	0.07	0	0	0.02
39900	0.04	0.06	0.06	0	0	0.04
40000	0.05	0.06	0.06	0	0	0.05
40100	0.04	0.07	0.07	0	0	0.04
40200	0.05	0.07	0.07	0	0	0.05
40300	0.03	0.07	0.07	0	0	0.03
40400	0.03	0.06	0.06	0	0	0.03
40500	0.02	0.05	0.05	0	0	0.02
40600	0.02	0.07	0.07	0	0	0.02
40700	0.01	0.06	0.06	0	0	0.01
40800	0.01	0.06	0.06	0	0	0.01
40900	0.01	0.05	0.05	0	0	0.01
41000	0.02	0.04	0.04	0	0	0.02
41100	0.04	0.05	0.05	0	0	0.04
41200	0.06	0.04	0.04	0	0	0.06
41300	0.07	0.06	0.06	0	0	0.07
41400	0.06	0.07	0.07	0	0	0.06
41500	0.08	0.05	0.05	0	0	0.08
41600	0.09	0.04	0.04	0	0	0.09
41700	0.06	0.04	0.04	0	0	0.06
41800	0.06	0.04	0.04	0	0	0.06
41900	0.06	0.05	0.05	0	0	0.06
42000	0.07	0.05	0.05	0	0	0.07
42100	0.1	0.04	0.04	0	0	0.1
42200	0.11	0.04	0.04	0	0	0.11
42300	0.1	0.04	0.04	0	0	0.1
42400	0.09	0.01	0.01	0	0	0.09
42500	0.09	0.01	0.01	0	0	0.09
42600	0.09	0.01	0.01	0	0	0.09
42700	0.11	0.01	0.01	0	0	0.11
42800	0.13	0.02	0.02	0	0	0.13
42900	0.12	0.04	0.04	0	0	0.12
43000	0.11	0.06	0.06	0	0	0.11
43100	0.12	0.05	0.05	0	0	0.12
43200	0.12	0.04	0.04	0	0	0.12
43300	0.13	0.06	0.06	0	0	0.13
43400	0.11	0.07	0.07	0	0	0.11
43500	0.11	0.08	0.08	0	0	0.11
43600	0.11	0.07	0.07	0	0	0.11
43700	0.1	0.07	0.07	0	0	0.1
43800	0.1	0.08	0.08	0	0	0.1
43900	0.11	0.08	0.08	0	0	0.11
44000	0.12	0.08	0.08	0	0	0.12
44100	0.13	0.09	0.09	0	0	0.13
44200	0.14	0.08	0.08	0	0	0.14
44300	0.14	0.09	0.09	0	0	0.14
44400	0.13	0.08	0.08	0	0	0.13
44500	0.12	0.08	0.08	0	0	0.12
44600	0.12	0.09	0.09	0	0	0.12
44700	0.13	0.09	0.09	0	0	0.13
44800	0.13	0.09	0.09	0	0	0.13
44900	0.12	0.1	0.1	0	0	0.12
45000	0.13	0.09	0.09	0	0	0.13
45100	0.14	0.1	0.1	0	0	0.14
45200	0.14	0.09	0.09	0	0	0.14
45300	0.14	0.1	0.1	0	0	0.14
45400	0.13	0.1	0.1	0	0	0.13
45500	0.13	0.1	0.1	0	0	0.13
45600	0.14	0.09	0.09	0	0	0.14
45700	0.14	0.11	0.11	0	0	0.14
45800	0.14	0.11	0.11	0	0	0.14
45900	0.15	0.11	0.11	0	0	0.15
46000	0.16	0.11	0.11	0	0	0.16
46100	0.16	0.12	0.12	0	0	0.16
46200	0.17	0.09	0.09	0	0	0.17
46300	0.16	0.1	0.1	0	0	0.16
46400	0.16	0.1	0.1	0	0	0.16
46500	0.17	0.13	0.13	0	0	0.17
46600	0.17	0.15	0.15	0	0	0.17
46700	0.16	0.15	0.15	0	0	0.16
46800	0.15	0.15	0.15	0	0	0.15
46900	0.16	0.16	0.16	0	0	0.16
47000	0.16	0.14	0.14	0	0	0.16
47100	0.16	0.14	0.14	0	0	0.16
47200	0.16	0.15	0.15	0	0	0.16
47300	0.17	0.15	0.15	0	0	0.17
47400	0.17	0.15	0.15	0	0	0.17
47500	0.17	0.15	0.15	0	0	0.17
47600	0.17	0.14	0.14	0	0	0.17
47700	0.17	0.14	0.14	0	0	0.17
47800	0.16	0.12	0.12	0	0	0.16
47900	0.17	0.14	0.14	0	0	0.17
48000	0.17	0.14	0.14	0	0	0.17
48100	0.17	0.15	0.15	0	0	0.17
48200	0.17	0.14	0.14	0	0	0.17
48300	0.16	0.14	0.14	0	0	0.16
48400	0.18	0.13	0.13	0	0	0.18
48500	0.18	0.13	0.13	0	0	0.18
48600	0.18	0.13	0.13	0	0	0.18
48700	0.17	0.14	0.14	0	0	0.17
48800	0.17	0.14	0.14	0	0	0.17
48900	0.16	0.16	0.16	0	0	0.16
49000	0.16	0.17	0.17	0	0	0.16
49100	0.16	0.18	0.18	0	0	0.16
49200	0.16	0.14	0.14	0	0	0.16
49300	0.16	0.14	0.14	0	0	0.16
49400	0.16	0.14	0.14	0	0	0.16
49500	0.17	0.14	0.14	0	0	0.17
49600	0.17	0.15	0.15	0	0	0.17
49700	0.18	0.14	0.14	0	0	0.18
49800	0.18	0.14	0.14	0	0	0.18
49900	0.19	0.14	0.14	0	0	0.19
50000	0.19	0.14	0.14	0	0	0.19
50100	0.18	0.13	0.13	0	0	0.18
50200	0.18	0.13	0.13	0	0	0.18
50300	0.17	0.13	0.13	0	0	0.17
50400	0.17	0.13	0.13	0	0	0.17
50500	0.18	0.13	0.13	0	0	0.18
50600	0.18	0.14	0.14	0	0	0.18
50700	0.2	0.13	0.13	0	0	0.2
50800	0.2	0.13	0.13	0	0	0.2
50900	0.19	0.14	0.14	0	0	0.19
51000	0.2	0.14	0.14	0	0	0.2
51100	0.19	0.14	0.14	0	0	0.19
51200	0.19	0.16	0.16	0	0	0.19
51300	0.21	0.16	0.16	0	0	0.21
51400	0.2	0.15	0.15	0	0	0.2
51500	0.23	0.16	0.16	0	0	0.23
51600	0.22	0.16	0.16	0	0	0.22
51700	0.21	0.16	0.16	0	0	0.21
51800	0.21	0.16	0.16	0	0	0.21
51900	0.21	0.16	0.16	0	0	0.21
52000	0.21	0.15	0.15	0	0	0.21
52100	0.2	0.15	0.15	0	0	0.2
52200	0.21	0.15	0.15	0	0	0.21
52300	0.21	0.17	0.17	0	0	0.21
52400	0.21	0.17	0.17	0	0	0.21
52500	0.21	0.16	0.16	0	0	0.21
52600	0.22	0.17	0.17	0	0	0.22
52700	0.23	0.17	0.17	0	0	0.23
52800	0.24	0.19	0.19	0	0	0.24
52900	0.24	0.2	0.2	0	0	0.24
53000	0.25	0.2	0.2	0	0	0.25
53100	0.23	0.21	0.21	0	0	0.23
53200	0.23	0.21	0.21	0	0	0.23
53300	0.23	0.2	0.2	0	0	0.23
53400	0.22	0.22	0.22	0	0	0.22
53500	0.22	0.23	0.23	0	0	0.22
53600	0.21	0.24	0.24	0	0	0.21
53700	0.21	0.24	0.24	0	0	0.21
53800	0.21	0.23	0.23	0	0	0.21
53900	0.21	0.23	0.23	0	0	0.21
54000	0.21	0.24	0.24	0	0	0.21
54100	0.21	0.24	0.24	0	0	0.21
54200	0.22	0.24	0.24	0	0	0.22
54300	0.22	0.24	0.24	0	0	0.22
54400	0.22	0.25	0.25	0	0	0.22
54500	0.22	0.25	0.25	0	0	0.22
54600	0.22	0.26	0.26	0	0	0.22
54700	0.22	0.26	0.26	0	0	0.22
54800	0.23	0.26	0.26	0	0	0.23
54900	0.24	0.27	0.27	0	0	0.24
55000	0.24	0.27	0.27	0	0	0.24
55100	0.24	0.27	0.27	0	0	0.24
55200	0.23	0.27	0.27	0	0	0.23
55300	0.22	0.27	0.27	0	0	0.22
55400	0.23	0.27	0.27	0	0	0.23
55500	0.23	0.27	0.27	0	0	0.23
55600	0.24	0.27	0.27	0	0	0.24
55700	0.26	0.27	0.27	0	0	0.26
55800	0.27	0.27	0.27	0	0	0.27
55900	0.27	0.27	0.27	0	0	0.27
56000	0.28	0.26	0.26	0	0	0.28
56100	0.28	0.27	0.27	0	0	0.28
56200	0.28	0.27	0.27	0	0	0.28
56300	0.29	0.27	0.27	0	0	0.29
56400	0.29	0.28	0.28	0	0	0.29
56500	0.29	0.28	0.28	0	0	0.29
56600	0.29	0.28	0.28	0	0	0.29
56700	0.3	0.29	0.29	0	0	0.3
56800	0.3	0.3	0.3	0	0	0.3
56900	0.3	0.3	0.3	0	0	0.3
57000	0.3	0.3	0.3	0	0	0.3
57100	0.3	0.3	0.3	0	0	0.3
57200	0.3	0.3	0.3	0	0	0.3
57300	0.3	0.31	0.31	0	0	0.3
57400	0.3	0.31	0.31	0	0	0.3
57500	0.32	0.32	0.32	0	0	0.32
57600	0.33	0.32	0.32	0	0	0.33
57700	0.33	0.31	0.31	0	0	0.33
57800	0.33	0.32	0.32	0	0	0.33
57900	0.32	0.31	0.31	0	0	0.32
58000	0.33	0.31	0.31	0	0	0.33
58100	0.33	0.31	0.31	0	0	0.33
58200	0.33	0.31	0.31	0	0	0.33
58300	0.33	0.31	0.31	0	0	0.33
58400	0.33	0.3	0.3	0	0	0.33
58500	0.33	0.3	0.3	0	0	0.33
58600	0.33	0.3	0.3	0	0	0.33
58700	0.33	0.31	0.31	0	0	0.33
58800	0.33	0.31	0.31	0	0	0.33
58900	0.33	0.32	0.32	0	0	0.33
59000	0.34	0.32	0.32	0	0	0.34
59100	0.36	0.32	0.32	0	0	0.36
59200	0.35	0.32	0.32	0	0	0.35
59300	0.35	0.33	0.33	0	0	0.35
59400	0.36	0.33	0.33	0	0	0.36
59500	0.36	0.33	0.33	0	0	0.36
59600	0.36	0.33	0.33	0	0	0.36
59700	0.36	0.33	0.33	0	0	0.36
59800	0.36	0.33	0.33	0	0	0.36
59900	0.36	0.34	0.34	0	0	0.36
60000	0.36	0.34	0.34	0	0	0.36
60100	0.36	0.34	0.34	0	0	0.36
60200	0.36	0.34	0.34	0	0	0.36
60300	0.36	0.34	0.34	0	0	0.36
60400	0.37	0.34	0.34	0	0	0.37
60500	0.37	0.34	0.34	0	0	0.37
60600	0.37	0.34	0.34	0	0	0.37
60700	0.37	0.35	0.35	0	0	0.37
60800	0.37	0.35	0.35	0	0	0.37
60900	0.38	0.36	0.36	0	0	0.38
61000	0.38	0.36	0.36	0	0	0.38
61100	0.37	0.36	0.36	0	0	0.37
61200	0.37	0.36	0.36	0	0	0.37
61300	0.37	0.36	0.36	0	0	0.37
61400	0.37	0.36	0.36	0	0	0.37
61500	0.37	0.37	0.37	0	0	0.37
61600	0.37	0.36	0.36	0	0	0.37
61700	0.37	0.36	0.36	0	0	0.37
61800	0.37	0.37	0.37	0	0	0.37
61900	0.37	0.36	0.36	0	0	0.37
62000	0.39	0.36	0.36	0	0	0.39
62100	0.4	0.38	0.38	0	0	0.4
62200	0.4	0.38	0.38	0	0	0.4
62300	0.41	0.38	0.38	0	0	0.41
62400	0.41	0.39	0.39	0	0	0.41
62500	0.41	0.39	0.39	0	0	0.41
62600	0.41	0.38	0.38	0	0	0.41
62700	0.41	0.38	0.38	0	0	0.41
62800	0.41	0.38	0.38	0	0	0.41
62900	0.41	0.38	0.38	0	0	0.41
63000	0.41	0.38	0.38	0	0	0.41
63100	0.4	0.38	0.38	0	0	0.4
63200	0.41	0.38	0.38	0	0	0.41
63300	0.41	0.38	0.38	0	0	0.41
63400	0.41	0.38	0.38	0	0	0.41
63500	0.41	0.38	0.38	0	0	0.41
63600	0.41	0.39	0.39	0	0	0.41
63700	0.42	0.38	0.38	0	0	0.42
63800	0.42	0.38	0.38	0	0	0.42
63900	0.42	0.38	0.38	0	0	0.42
64000	0.42	0.38	0.38	0	0	0.42
64100	0.42	0.39	0.39	0	0	0.42
64200	0.42	0.4	0.4	0	0	0.42
64300	0.42	0.4	0.4	0	0	0.42
64400	0.41	0.39	0.39	0	0	0.41
64500	0.42	0.41	0.41	0	0	0.42
64600	0.43	0.41	0.41	0	0	0.43
64700	0.43	0.42	0.42	0	0	0.43
64800	0.43	0.41	0.41	0	0	0.43
64900	0.44	0.41	0.41	0	0	0.44
65000	0.44	0.41	0.41	0	0	0.44
65100	0.44	0.41	0.41	0	0	0.44
65200	0.44	0.41	0.41	0	0	0.44
65300	0.44	0.41	0.41	0	0	0.44
65400	0.45	0.41	0.41	0	0	0.45
65500	0.44	0.42	0.42	0	0	0.44
65600	0.44	0.43	0.43	0	0	0.44
65700	0.44	0.43	0.43	0	0	0.44
65800	0.44	0.44	0.44	0	0	0.44
65900	0.44	0.44	0.44	0	0	0.44
66000	0.44	0.43	0.43	0	0	0.44
66100	0.44	0.43	0.43	0	0	0.44
66200	0.44	0.44	0.44	0	0	0.44
66300	0.44	0.43	0.43	0	0	0.44
66400	0.44	0.43	0.43	0	0	0.44
66500	0.44	0.43	0.43	0	0	0.44
66600	0.44	0.43	0.43	0	0	0.44
66700	0.44	0.43	0.43	0	0	0.44
66800	0.44	0.43	0.43	0	0	0.44
66900	0.44	0.43	0.43	0	0	0.44
67000	0.44	0.43	0.43	0	0	0.44
67100	0.44	0.43	0.43	0	0	0.44
67200	0.44	0.43	0.43	0	0	0.44
67300	0.44	0.44	0.44	0	0	0.44
67400	0.44	0.44	0.44	0	0	0.44
67500	0.44	0.44	0.44	0	0	0.44
67600	0.44	0.44	0.44	0	0	0.44
67700	0.44	0.44	0.44	0	0	0.44
67800	0.44	0.44	0.44	0	0	0.44
67900	0.44	0.44	0.44	0	0	0.44
68000	0.45	0.45	0.45	0	0	0.45
68100	0.46	0.45	0.45	0	0	0.46
68200	0.46	0.45	0.45	0	0	0.46
68300	0.46	0.45	0.45	0	0	0.46
68400	0.45	0.45	0.45	0	0	0.45
68500	0.45	0.45	0.45	0	0	0.45
68600	0.45	0.46	0.46	0	0	0.45
68700	0.45	0.47	0.47	0	0	0.45
68800	0.45	0.47	0.47	0	0	0.45
68900	0.45	0.46	0.46	0	0	0.45
69000	0.45	0.46	0.46	0	0	0.45
69100	0.45	0.46	0.46	0	0	0.45
69200	0.45	0.46	0.46	0	0	0.45
69300	0.45	0.46	0.46	0	0	0.45
69400	0.45	0.46	0.46	0	0	0.45
69500	0.45	0.46	0.46	0	0	0.45
69600	0.45	0.46	0.46	0	0	0.45
69700	0.45	0.46	0.46	0	0	0.45
69800	0.46	0.46	0.46	0	0	0.46
69900	0.46	0.46	0.46	0	0	0.46
70000	0.46	0.46	0.46	0	0	0.46
70100	0.46	0.46	0.46	0	0	0.46
70200	0.46	0.46	0.46	0	0	0.46
70300	0.46	0.46	0.46	0	0	0.46
70400	0.46	0.46	0.46	0	0	0.46
70500	0.46	0.46	0.46	0	0	0.46
70600	0.46	0.47	0.47	0	0	0.46
70700	0.46	0.46	0.46	0	0	0.46
70800	0.46	0.46	0.46	0	0	0.46
70900	0.46	0.46	0.46	0	0	0.46
71000	0.46	0.46	0.46	0	0	0.46
71100	0.46	0.46	0.46	0	0	0.46
71200	0.46	0.46	0.46	0	0	0.46
71300	0.46	0.46	0.46	0	0	0.46
71400	0.46	0.47	0.47	0	0	0.46
71500	0.46	0.47	0.47	0	0	0.46
71600	0.46	0.47	0.47	0	0	0.46
71700	0.46	0.47	0.47	0	0	0.46
71800	0.46	0.48	0.48	0	0	0.46
71900	0.46	0.47	0.47	0	0	0.46
72000	0.46	0.48	0.48	0	0	0.46
72100	0.46	0.48	0.48	0	0	0.46
72200	0.46	0.47	0.47	0	0	0.46
72300	0.46	0.47	0.47	0	0	0.46
72400	0.46	0.47	0.47	0	0	0.46
72500	0.46	0.47	0.47	0	0	0.46
72600	0.46	0.47	0.47	0	0	0.46
72700	0.46	0.48	0.48	0	0	0.46
72800	0.46	0.48	0.48	0	0	0.46
72900	0.46	0.48	0.48	0	0	0.46
73000	0.46	0.48	0.48	0	0	0.46
73100	0.46	0.48	0.48	0	0	0.46
73200	0.46	0.48	0.48	0	0	0.46
73300	0.46	0.49	0.49	0	0	0.46
73400	0.46	0.49	0.49	0	0	0.46
73500	0.46	0.49	0.49	0	0	0.46
73600	0.46	0.48	0.48	0	0	0.46
73700	0.46	0.48	0.48	0	0	0.46
73800	0.46	0.48	0.48	0	0	0.46
73900	0.46	0.49	0.49	0	0	0.46
74000	0.46	0.5	0.5	0	0	0.46
74100	0.46	0.5	0.5	0	0	0.46
74200	0.46	0.5	0.5	0	0	0.46
74300	0.46	0.5	0.5	0	0	0.46
74400	0.46	0.5	0.5	0	0	0.46
74500	0.46	0.5	0.5	0	0	0.46
74600	0.46	0.5	0.5	0	0	0.46
74700	0.46	0.5	0.5	0	0	0.46
74800	0.46	0.5	0.5	0	0	0.46
74900	0.46	0.5	0.5	0	0	0.46
75000	0.46	0.5	0.5	0	0	0.46
75100	0.46	0.5	0.5	0	0	0.46
75200	0.46	0.5	0.5	0	0	0.46
75300	0.46	0.49	0.49	0	0	0.46
75400	0.46	0.49	0.49	0	0	0.46
75500	0.46	0.49	0.49	0	0	0.46
75600	0.46	0.49	0.49	0	0	0.46
75700	0.46	0.49	0.49	0	0	0.46
75800	0.46	0.49	0.49	0	0	0.46
75900	0.46	0.49	0.49	0	0	0.46
76000	0.46	0.49	0.49	0	0	0.46
76100	0.46	0.49	0.49	0	0	0.46
76200	0.46	0.49	0.49	0	0	0.46
76300	0.46	0.49	0.49	0	0	0.46
76400	0.46	0.49	0.49	0	0	0.46
76500	0.46	0.49	0.49	0	0	0.46
76600	0.45	0.49	0.49	0	0	0.45
76700	0.45	0.49	0.49	0	0	0.45
76800	0.45	0.49	0.49	0	0	0.45
76900	0.45	0.49	0.49	0	0	0.45
77000	0.45	0.49	0.49	0	0	0.45
77100	0.45	0.49	0.49	0	0	0.45
77200	0.45	0.49	0.49	0	0	0.45
77300	0.45	0.49	0.49	0	0	0.45
77400	0.45	0.49	0.49	0	0	0.45
77500	0.45	0.49	0.49	0	0	0.45
77600	0.45	0.49	0.49	0	0	0.45
77700	0.45	0.49	0.49	0	0	0.45
77800	0.45	0.49	0.49	0	0	0.45
77900	0.45	0.49	0.49	0	0	0.45
78000	0.45	0.49	0.49	0	0	0.45
78100	0.45	0.49	0.49	0	0	0.45
78200	0.45	0.49	0.49	0	0	0.45
78300	0.45	0.49	0.49	0	0	0.45
78400	0.45	0.49	0.49	0	0	0.45
78500	0.46	0.49	0.49	0	0	0.46
78600	0.46	0.49	0.49	0	0	0.46
78700	0.46	0.49	0.49	0	0	0.46
78800	0.46	0.5	0.5	0	0	0.46
78900	0.46	0.5	0.5	0	0	0.46
79000	0.46	0.5	0.5	0	0	0.46
79100	0.46	0.5	0.5	0	0	0.46
79200	0.46	0.5	0.5	0	0	0.46
79300	0.46	0.5	0.5	0	0	0.46
79400	0.46	0.5	0.5	0	0	0.46
79500	0.46	0.5	0.5	0	0	0.46
79600	0.46	0.5	0.5	0	0	0.46
79700	0.46	0.5	0.5	0	0	0.46
79800	0.46	0.5	0.5	0	0	0.46
79900	0.46	0.5	0.5	0	0	0.46
80000	0.46	0.5	0.5	0	0	0.46
80100	0.46	0.5	0.5	0	0	0.46
80200	0.46	0.5	0.5	0	0	0.46
80300	0.46	0.5	0.5	0	0	0.46
80400	0.46	0.5	0.5	0	0	0.46
80500	0.46	0.5	0.5	0	0	0.46
80600	0.46	0.5	0.5	0	0	0.46
80700	0.45	0.5	0.5	0	0	0.45
80800	0.45	0.5	0.5	0	0	0.45
80900	0.45	0.5	0.5	0	0	0.45
81000	0.45	0.5	0.5	0	0	0.45
81100	0.45	0.5	0.5	0	0	0.45
81200	0.45	0.5	0.5	0	0	0.45
81300	0.45	0.5	0.5	0	0	0.45
81400	0.45	0.5	0.5	0	0	0.45
81500	0.45	0.5	0.5	0	0	0.45
81600	0.45	0.5	0.5	0	0	0.45
81700	0.45	0.5	0.5	0	0	0.45
81800	0.45	0.5	0.5	0	0	0.45
81900	0.46	0.5	0.5	0	0	0.46
82000	0.46	0.5	0.5	0	0	0.46
82100	0.46	0.5	0.5	0	0	0.46
82200	0.46	0.5	0.5	0	0	0.46
82300	0.46	0.5	0.5	0	0	0.46
82400	0.46	0.5	0.5	0	0	0.46
82500	0.46	0.5	0.5	0	0	0.46
82600	0.46	0.5	0.5	0	0	0.46
82700	0.46	0.5	0.5	0	0	0.46
82800	0.46	0.5	0.5	0	0	0.46
82900	0.46	0.5	0.5	0	0	0.46
83000	0.46	0.5	0.5	0	0	0.46
83100	0.46	0.5	0.5	0	0	0.46
83200	0.46	0.5	0.5	0	0	0.46
83300	0.46	0.5	0.5	0	0	0.46
83400	0.46	0.5	0.5	0	0	0.46
83500	0.46	0.51	0.51	0	0	0.46
83600	0.46	0.51	0.51	0	0	0.46
83700	0.46	0.51	0.51	0	0	0.46
83800	0.46	0.51	0.51	0	0	0.46
83900	0.46	0.51	0.51	0	0	0.46
84000	0.46	0.51	0.51	0	0	0.46
84100	0.46	0.51	0.51	0	0	0.46
84200	0.46	0.51	0.51	0	0	0.46
84300	0.46	0.51	0.51	0	0	0.46
84400	0.46	0.51	0.51	0	0	0.46
84500	0.46	0.51	0.51	0	0	0.46
84600	0.46	0.51	0.51	0	0	0.46
84700	0.46	0.51	0.51	0	0	0.46
84800	0.46	0.51	0.51	0	0	0.46
84900	0.46	0.51	0.51	0	0	0.46
85000	0.46	0.51	0.51	0	0	0.46
85100	0.46	0.51	0.51	0	0	0.46
85200	0.46	0.51	0.51	0	0	0.46
85300	0.46	0.51	0.51	0	0	0.46
85400	0.46	0.51	0.51	0	0	0.46
85500	0.46	0.51	0.51	0	0	0.46
85600	0.46	0.51	0.51	0	0	0.46
85700	0.46	0.51	0.51	0	0	0.46
85800	0.46	0.51	0.51	0	0	0.46
85900	0.46	0.52	0.52	0	0	0.46
86000	0.46	0.52	0.52	0	0	0.46
86100	0.46	0.52	0.52	0	0	0.46
86200	0.46	0.52	0.52	0	0	0.46
86300	0.46	0.52	0.52	0	0	0.46
86400	0.46	0.52	0.52	0	0	0.46
86500	0.46	0.52	0.52	0	0	0.46
86600	0.46	0.52	0.52	0	0	0.46
86700	0.46	0.52	0.52	0	0	0.46
86800	0.46	0.52	0.52	0	0	0.46
86900	0.46	0.52	0.52	0	0	0.46
87000	0.46	0.52	0.52	0	0	0.46
87100	0.46	0.52	0.52	0	0	0.46
87200	0.46	0.52	0.52	0	0	0.46
87300	0.46	0.52	0.52	0	0	0.46
87400	0.46	0.52	0.52	0	0	0.46
87500	0.46	0.52	0.52	0	0	0.46
87600	0.46	0.52	0.52	0	0	0.46
87700	0.46	0.52	0.52	0	0	0.46
87800	0.46	0.52	0.52	0	0	0.46
87900	0.46	0.52	0.52	0	0	0.46
88000	0.46	0.52	0.52	0	0	0.46
88100	0.46	0.52	0.52	0	0	0.46
88200	0.46	0.52	0.52	0	0	0.46
88300	0.46	0.52	0.52	0	0	0.46
88400	0.46	0.52	0.52	0	0	0.46
88500	0.46	0.52	0.52	0	0	0.46
88600	0.46	0.52	0.52	0	0	0.46
88700	0.46	0.52	0.52	0	0	0.46
88800	0.46	0.52	0.52	0	0	0.46
88900	0.46	0.52	0.52	0	0	0.46
89000	0.46	0.52	0.52	0	0	0.46
89100	0.46	0.52	0.52	0	0	0.46
89200	0.46	0.52	0.52	0	0	0.46
89300	0.46	0.52	0.52	0	0	0.46
89400	0.46	0.52	0.52	0	0	0.46
89500	0.46	0.52	0.52	0	0	0.46
89600	0.46	0.52	0.52	0	0	0.46
89700	0.46	0.52	0.52	0	0	0.46
89800	0.46	0.52	0.52	0	0	0.46
89900	0.46	0.52	0.52	0	0	0.46
90000	0.46	0.52	0.52	0	0	0.46
90100	0.46	0.52	0.52	0	0	0.46
90200	0.46	0.52	0.52	0	0	0.46
90300	0.46	0.52	0.52	0	0	0.46
90400	0.46	0.52	0.52	0	0	0.46
90500	0.46	0.52	0.52	0	0	0.46
90600	0.46	0.52	0.52	0	0	0.46
90700	0.46	0.52	0.52	0	0	0.46
90800	0.46	0.52	0.52	0	0	0.46
90900	0.46	0.52	0.52	0	0	0.46
91000	0.46	0.52	0.52	0	0	0.46
91100	0.46	0.52	0.52	0	0	0.46
91200	0.46	0.52	0.52	0	0	0.46
91300	0.46	0.52	0.52	0	0	0.46
91400	0.46	0.52	0.52	0	0	0.46
91500	0.46	0.52	0.52	0	0	0.46
91600	0.46	0.52	0.52	0	0	0.46
91700	0.46	0.52	0.52	0	0	0.46
91800	0.46	0.52	0.52	0	0	0.46
91900	0.46	0.52	0.52	0	0	0.46
92000	0.46	0.52	0.52	0	0	0.46
92100	0.46	0.52	0.52	0	0	0.46
92200	0.45	0.52	0.52	0	0	0.45
92300	0.45	0.52	0.52	0	0	0.45
92400	0.45	0.52	0.52	0	0	0.45
92500	0.45	0.52	0.52	0	0	0.45
92600	0.45	0.52	0.52	0	0	0.45
92700	0.45	0.52	0.52	0	0	0.45
92800	0.45	0.52	0.52	0	0	0.45
92900	0.45	0.52	0.52	0	0	0.45
93000	0.45	0.52	0.52	0	0	0.45
93100	0.45	0.52	0.52	0	0	0.45
93200	0.45	0.52	0.52	0	0	0.45
93300	0.45	0.52	0.52	0	0	0.45
93400	0.45	0.52	0.52	0	0	0.45
93500	0.45	0.52	0.52	0	0	0.45
93600	0.45	0.52	0.52	0	0	0.45
93700	0.45	0.52	0.52	0	0	0.45
93800	0.45	0.52	0.52	0	0	0.45
93900	0.45	0.52	0.52	0	0	0.45
94000	0.45	0.52	0.52	0	0	0.45
94100	0.45	0.52	0.52	0	0	0.45
94200	0.45	0.52	0.52	0	0	0.45
94300	0.45	0.52	0.52	0	0	0.45
94400	0.45	0.52	0.52	0	0	0.45
94500	0.45	0.52	0.52	0	0	0.45
94600	0.45	0.52	0.52	0	0	0.45
94700	0.45	0.52	0.52	0	0	0.45
94800	0.45	0.52	0.52	0	0	0.45
94900	0.45	0.52	0.52	0	0	0.45
95000	0.45	0.52	0.52	0	0	0.45
95100	0.45	0.52	0.52	0	0	0.45
95200	0.45	0.52	0.52	0	0	0.45
95300	0.45	0.52	0.52	0	0	0.45
95400	0.45	0.53	0.53	0	0	0.45
95500	0.45	0.53	0.53	0	0	0.45
95600	0.45	0.53	0.53	0	0	0.45
95700	0.45	0.53	0.53	0	0	0.45
95800	0.45	0.53	0.53	0	0	0.45
95900	0.45	0.53	0.53	0	0	0.45
96000	0.45	0.53	0.53	0	0	0.45
96100	0.45	0.53	0.53	0	0	0.45
96200	0.45	0.53	0.53	0	0	0.45
96300	0.45	0.53	0.53	0	0	0.45
96400	0.45	0.52	0.52	0	0	0.45
96500	0.45	0.52	0.52	0	0	0.45
96600	0.45	0.52	0.52	0	0	0.45
96700	0.45	0.52	0.52	0	0	0.45
96800	0.45	0.52	0.52	0	0	0.45
96900	0.45	0.52	0.52	0	0	0.45
97000	0.45	0.52	0.52	0	0	0.45
97100	0.45	0.52	0.52	0	0	0.45
97200	0.45	0.52	0.52	0	0	0.45
97300	0.45	0.52	0.52	0	0	0.45
97400	0.45	0.52	0.52	0	0	0.45
97500	0.45	0.52	0.52	0	0	0.45
97600	0.45	0.52	0.52	0	0	0.45
97700	0.45	0.52	0.52	0	0	0.45
97800	0.45	0.52	0.52	0	0	0.45
97900	0.45	0.52	0.52	0	0	0.45
98000	0.45	0.52	0.52	0	0	0.45
98100	0.45	0.52	0.52	0	0	0.45
98200	0.45	0.52	0.52	0	0	0.45
98300	0.45	0.52	0.52	0	0	0.45
98400	0.45	0.52	0.52	0	0	0.45
98500	0.45	0.52	0.52	0	0	0.45
98600	0.45	0.52	0.52	0	0	0.45
98700	0.45	0.52	0.52	0	0	0.45
98800	0.45	0.52	0.52	0	0	0.45
98900	0.45	0.52	0.52	0	0	0.45
99000	0.45	0.52	0.52	0	0	0.45
99100	0.45	0.52	0.52	0	0	0.45
99200	0.45	0.52	0.52	0	0	0.45
99300	0.45	0.52	0.52	0	0	0.45
99400	0.45	0.52	0.52	0	0	0.45
99500	0.45	0.52	0.52	0	0	0.45
99600	0.45	0.52	0.52	0	0	0.45
99700	0.45	0.52	0.52	0	0	0.45
99800	0.45	0.52	0.52	0	0	0.45
99900	0.45	0.52	0.52	0	0	0.45
100000	0.45	0.52	0.52	0	0	0.45
100100	0.45	0.52	0.52	0	0	0.45
100200	0.45	0.52	0.52	0	0	0.45
100300	0.45	0.52	0.52	0	0	0.45
100400	0.45	0.52	0.52	0	0	0.45
100500	0.45	0.53	0.53	0	0	0.45
100600	0.45	0.53	0.53	0	0	0.45
100700	0.45	0.53	0.53	0	0	0.45
100800	0.45	0.53	0.53	0	0	0.45
100900	0.45	0.53	0.53	0	0	0.45
101000	0.45	0.53	0.53	0	0	0.45
101100	0.45	0.53	0.53	0	0	0.45
101200	0.45	0.53	0.53	0	0	0.45
101300	0.45	0.53	0.53	0	0	0.45
101400	0.45	0.53	0.53	0	0	0.45
101500	0.45	0.53	0.53	0	0	0.45
101600	0.45	0.53	0.53	0	0	0.45
101700	0.45	0.53	0.53	0	0	0.45
101800	0.45	0.53	0.53	0	0	0.45
101900	0.45	0.53	0.53	0	0	0.45
102000	0.45	0.53	0.53	0	0	0.45
102100	0.45	0.53	0.53	0	0	0.45
102200	0.45	0.53	0.53	0	0	0.45
102300	0.45	0.53	0.53	0	0	0.45
102400	0.45	0.53	0.53	0	0	0.45
102500	0.45	0.53	0.53	0	0	0.45
102600	0.45	0.53	0.53	0	0	0.45
102700	0.45	0.53	0.53	0	0	0.45
102800	0.45	0.53	0.53	0	0	0.45
102900	0.45	0.53	0.53	0	0	0.45
103000	0.45	0.53	0.53	0	0	0.45
103100	0.45	0.53	0.53	0	0	0.45
103200	0.45	0.53	0.53	0	0	0.45
103300	0.45	0.53	0.53	0	0	0.45
103400	0.45	0.53	0.53	0	0	0.45
103500	0.45	0.53	0.53	0	0	0.45
103600	0.45	0.53	0.53	0	0	0.45
103700	0.45	0.53	0.53	0	0	0.45
103800	0.45	0.53	0.53	0	0	0.45
103900	0.45	0.53	0.53	0	0	0.45
104000	0.45	0.53	0.53	0	0	0.45
104100	0.45	0.53	0.53	0	0	0.45
104200	0.45	0.53	0.53	0	0	0.45
104300	0.45	0.53	0.53	0	0	0.45
104400	0.45	0.53	0.53	0	0	0.45
104500	0.45	0.53	0.53	0	0	0.45
104600	0.45	0.53	0.53	0	0	0.45
104700	0.45	0.53	0.53	0	0	0.45
104800	0.45	0.53	0.53	0	0	0.45
104900	0.45	0.53	0.53	0	0	0.45
105000	0.45	0.53	0.53	0	0	0.45
105100	0.46	0.53	0.53	0	0	0.46
105200	0.46	0.53	0.53	0	0	0.46
105300	0.46	0.53	0.53	0	0	0.46
105400	0.46	0.53	0.53	0	0	0.46
105500	0.46	0.53	0.53	0	0	0.46
105600	0.46	0.53	0.53	0	0	0.46
105700	0.46	0.53	0.53	0	0	0.46
105800	0.46	0.53	0.53	0	0	0.46
105900	0.46	0.53	0.53	0	0	0.46
106000	0.46	0.53	0.53	0	0	0.46
106100	0.46	0.53	0.53	0	0	0.46
106200	0.46	0.53	0.53	0	0	0.46
106300	0.46	0.53	0.53	0	0	0.46
106400	0.46	0.53	0.53	0	0	0.46
106500	0.46	0.53	0.53	0	0	0.46
106600	0.46	0.53	0.53	0	0	0.46
106700	0.46	0.53	0.53	0	0	0.46
106800	0.46	0.53	0.53	0	0	0.46
106900	0.46	0.53	0.53	0	0	0.46
107000	0.46	0.53	0.53	0	0	0.46
107100	0.46	0.53	0.53	0	0	0.46
107200	0.46	0.53	0.53	0	0	0.46
107300	0.46	0.53	0.53	0	0	0.46
107400	0.46	0.53	0.53	0	0	0.46
107500	0.46	0.53	0.53	0	0	0.46
107600	0.46	0.53	0.53	0	0	0.46
107700	0.46	0.53	0.53	0	0	0.46
107800	0.46	0.53	0.53	0	0	0.46
107900	0.46	0.53	0.53	0	0	0.46
108000	0.46	0.53	0.53	0	0	0.46
108100	0.46	0.53	0.53	0	0	0.46
108200	0.46	0.53	0.53	0	0	0.46
108300	0.46	0.53	0.53	0	0	0.46
108400	0.46	0.53	0.53	0	0	0.46
108500	0.46	0.53	0.53	0	0	0.46
108600	0.46	0.53	0.53	0	0	0.46
108700	0.46	0.53	0.53	0	0	0.46
108800	0.46	0.53	0.53	0	0	0.46
108900	0.46	0.53	0.53	0	0	0.46
109000	0.46	0.53	0.53	0	0	0.46
109100	0.46	0.53	0.53	0	0	0.46
109200	0.46	0.53	0.53	0	0	0.46
109300	0.46	0.53	0.53	0	0	0.46
109400	0.46	0.53	0.53	0	0	0.46
109500	0.46	0.53	0.53	0	0	0.46
109600	0.47	0.53	0.53	0	0	0.47
109700	0.47	0.53	0.53	0	0	0.47
109800	0.47	0.53	0.53	0	0	0.47
109900	0.47	0.53	0.53	0	0	0.47
110000	0.47	0.53	0.53	0	0	0.47
110100	0.46	0.53	0.53	0	0	0.46
110200	0.46	0.53	0.53	0	0	0.46
110300	0.46	0.53	0.53	0	0	0.46
110400	0.46	0.53	0.53	0	0	0.46
110500	0.46	0.53	0.53	0	0	0.46
110600	0.46	0.53	0.53	0	0	0.46
110700	0.46	0.53	0.53	0	0	0.46
110800	0.46	0.53	0.53	0	0	0.46
110900	0.46	0.53	0.53	0	0	0.46
111000	0.46	0.53	0.53	0	0	0.46
111100	0.46	0.53	0.53	0	0	0.46
111200	0.46	0.53	0.53	0	0	0.46
111300	0.46	0.53	0.53	0	0	0.46
111400	0.46	0.53	0.53	0	0	0.46
111500	0.46	0.53	0.53	0	0	0.46
111600	0.46	0.53	0.53	0	0	0.46
111700	0.46	0.53	0.53	0	0	0.46
111800	0.46	0.53	0.53	0	0	0.46
111900	0.47	0.53	0.53	0	0	0.47
112000	0.47	0.53	0.53	0	0	0.47
112100	0.47	0.53	0.53	0	0	0.47
112200	0.47	0.53	0.53	0	0	0.47
112300	0.47	0.53	0.53	0	0	0.47
112400	0.47	0.53	0.53	0	0	0.47
112500	0.47	0.53	0.53	0	0	0.47
112600	0.47	0.53	0.53	0	0	0.47
112700	0.47	0.53	0.53	0	0	0.47
112800	0.47	0.53	0.53	0	0	0.47
112900	0.47	0.53	0.53	0	0	0.47
113000	0.47	0.53	0.53	0	0	0.47
113100	0.47	0.53	0.53	0	0	0.47
113200	0.47	0.53	0.53	0	0	0.47
113300	0.47	0.53	0.53	0	0	0.47
113400	0.47	0.53	0.53	0	0	0.47
113500	0.47	0.53	0.53	0	0	0.47
113600	0.47	0.53	0.53	0	0	0.47
113700	0.47	0.53	0.53	0	0	0.47
113800	0.47	0.53	0.53	0	0	0.47
113900	0.47	0.53	0.53	0	0	0.47
114000	0.47	0.53	0.53	0	0	0.47
114100	0.47	0.53	0.53	0	0	0.47
114200	0.47	0.53	0.53	0	0	0.47
114300	0.47	0.53	0.53	0	0	0.47
114400	0.47	0.53	0.53	0	0	0.47
114500	0.47	0.53	0.53	0	0	0.47
114600	0.47	0.53	0.53	0	0	0.47
114700	0.47	0.53	0.53	0	0	0.47
114800	0.47	0.53	0.53	0	0	0.47
114900	0.47	0.53	0.53	0	0	0.47
115000	0.47	0.53	0.53	0	0	0.47
115100	0.47	0.53	0.53	0	0	0.47
115200	0.47	0.53	0.53	0	0	0.47
115300	0.47	0.53	0.53	0	0	0.47
115400	0.47	0.53	0.53	0	0	0.47
115500	0.47	0.53	0.53	0	0	0.47
115600	0.47	0.53	0.53	0	0	0.47
115700	0.47	0.53	0.53	0	0	0.47
115800	0.47	0.53	0.53	0	0	0.47
115900	0.47	0.53	0.53	0	0	0.47
116000	0.47	0.53	0.53	0	0	0.47
116100	0.47	0.53	0.53	0	0	0.47
116200	0.47	0.53	0.53	0	0	0.47
116300	0.47	0.53	0.53	0	0	0.47
116400	0.47	0.53	0.53	0	0	0.47
116500	0.47	0.53	0.53	0	0	0.47
116600	0.47	0.53	0.53	0	0	0.47
116700	0.47	0.53	0.53	0	0	0.47
116800	0.47	0.53	0.53	0	0	0.47
116900	0.47	0.53	0.53	0	0	0.47
117000	0.47	0.53	0.53	0	0	0.47
117100	0.47	0.53	0.53	0	0	0.47
117200	0.47	0.53	0.53	0	0	0.47
117300	0.47	0.53	0.53	0	0	0.47
117400	0.47	0.53	0.53	0	0	0.47
117500	0.47	0.53	0.53	0	0	0.47
117600	0.47	0.53	0.53	0	0	0.47
117700	0.47	0.53	0.53	0	0	0.47
117800	0.47	0.53	0.53	0	0	0.47
117900	0.47	0.53	0.53	0	0	0.47
118000	0.47	0.53	0.53	0	0	0.47
118100	0.47	0.53	0.53	0	0	0.47
118200	0.47	0.53	0.53	0	0	0.47
118300	0.47	0.53	0.53	0	0	0.47
118400	0.47	0.53	0.53	0	0	0.47
118500	0.47	0.53	0.53	0	0	0.47
118600	0.47	0.53	0.53	0	0	0.47
118700	0.47	0.53	0.53	0	0	0.47
118800	0.47	0.53	0.53	0	0	0.47
118900	0.47	0.53	0.53	0	0	0.47
119000	0.47	0.53	0.53	0	0	0.47
119100	0.47	0.53	0.53	0	0	0.47
119200	0.47	0.53	0.53	0	0	0.47
119300	0.47	0.53	0.53	0	0	0.47
119400	0.47	0.53	0.53	0	0	0.47
119500	0.47	0.53	0.53	0	0	0.47
119600	0.47	0.53	0.53	0	0	0.47
119700	0.47	0.53	0.53	0	0	0.47
119800	0.47	0.53	0.53	0	0	0.47
119900	0.47	0.53	0.53	0	0	0.47
120000	0.47	0.53	0.53	0	0	0.47
120100	0.47	0.53	0.53	0	0	0.47
120200	0.47	0.53	0.53	0	0	0.47
120300	0.47	0.53	0.53	0	0	0.47
120400	0.47	0.53	0.53	0	0	0.47
120500	0.47	0.53	0.53	0	0	0.47
120600	0.47	0.53	0.53	0	0	0.47
120700	0.47	0.53	0.53	0	0	0.47
120800	0.47	0.53	0.53	0	0	0.47
120900	0.47	0.53	0.53	0	0	0.47
121000	0.47	0.53	0.53	0	0	0.47
121100	0.47	0.53	0.53	0	0	0.47
121200	0.47	0.53	0.53	0	0	0.47
121300	0.47	0.53	0.53	0	0	0.47
121400	0.47	0.53	0.53	0	0	0.47
121500	0.47	0.53	0.53	0	0	0.47
121600	0.47	0.53	0.53	0	0	0.47
121700	0.47	0.53	0.53	0	0	0.47
121800	0.47	0.53	0.53	0	0	0.47
121900	0.47	0.53	0.53	0	0	0.47
122000	0.47	0.53	0.53	0	0	0.47
122100	0.47	0.53	0.53	0	0	0.47
122200	0.47	0.53	0.53	0	0	0.47
122300	0.47	0.53	0.53	0	0	0.47
122400	0.47	0.53	0.53	0	0	0.47
122500	0.47	0.53	0.53	0	0	0.47
122600	0.47	0.53	0.53	0	0	0.47
122700	0.47	0.53	0.53	0	0	0.47
122800	0.47	0.53	0.53	0	0	0.47
122900	0.47	0.53	0.53	0	0	0.47
123000	0.47	0.53	0.53	0	0	0.47
123100	0.47	0.53	0.53	0	0	0.47
123200	0.47	0.53	0.53	0	0	0.47
123300	0.47	0.53	0.53	0	0	0.47
123400	0.47	0.53	0.53	0	0	0.47
123500	0.47	0.53	0.53	0	0	0.47
123600	0.47	0.53	0.53	0	0	0.47
123700	0.47	0.53	0.53	0	0	0.47
123800	0.47	0.53	0.53	0	0	0.47
123900	0.47	0.53	0.53	0	0	0.47
124000	0.47	0.53	0.53	0	0	0.47
124100	0.47	0.53	0.53	0	0	0.47
124200	0.47	0.53	0.53	0	0	0.47
124300	0.47	0.53	0.53	0	0	0.47
124400	0.47	0.53	0.53	0	0	0.47
124500	0.47	0.53	0.53	0	0	0.47
124600	0.47	0.53	0.53	0	0	0.47
124700	0.47	0.53	0.53	0	0	0.47
124800	0.47	0.53	0.53	0	0	0.47
124900	0.47	0.53	0.53	0	0	0.47
125000	0.47	0.53	0.53	0	0	0.47
125100	0.47	0.53	0.53	0	0	0.47
125200	0.47	0.53	0.53	0	0	0.47
125300	0.47	0.53	0.53	0	0	0.47
125400	0.47	0.53	0.53	0	0	0.47
125500	0.47	0.53	0.53	0	0	0.47
125600	0.47	0.53	0.53	0	0	0.47
125700	0.47	0.53	0.53	0	0	0.47
125800	0.47	0.53	0.53	0	0	0.47
125900	0.47	0.53	0.53	0	0	0.47
126000	0.47	0.53	0.53	0	0	0.47
126100	0.47	0.53	0.53	0	0	0.47
126200	0.47	0.53	0.53	0	0	0.47
126300	0.47	0.53	0.53	0	0	0.47
126400	0.47	0.53	0.53	0	0	0.47
126500	0.47	0.53	0.53	0	0	0.47
126600	0.47	0.53	0.53	0	0	0.47
126700	0.47	0.53	0.53	0	0	0.47
126800	0.47	0.53	0.53	0	0	0.47
126900	0.47	0.53	0.53	0	0	0.47
127000	0.47	0.53	0.53	0	0	0.47
127100	0.47	0.53	0.53	0	0	0.47
127200	0.47	0.53	0.53	0	0	0.47
127300	0.47	0.53	0.53	0	0	0.47
127400	0.47	0.53	0.53	0	0	0.47
127500	0.47	0.53	0.53	0	0	0.47
127600	0.47	0.53	0.53	0	0	0.47
127700	0.47	0.53	0.53	0	0	0.47
127800	0.47	0.53	0.53	0	0	0.47
127900	0.47	0.53	0.53	0	0	0.47
128000	0.47	0.53	0.53	0	0	0.47
128100	0.47	0.53	0.53	0	0	0.47
128200	0.47	0.53	0.53	0	0	0.47
128300	0.47	0.53	0.53	0	0	0.47
128400	0.47	0.53	0.53	0	0	0.47
128500	0.47	0.53	0.53	0	0	0.47
128600	0.47	0.53	0.53	0	0	0.47
128700	0.47	0.53	0.53	0	0	0.47
128800	0.47	0.53	0.53	0	0	0.47
128900	0.47	0.53	0.53	0	0	0.47
129000	0.46	0.53	0.53	0	0	0.46
129100	0.46	0.53	0.53	0	0	0.46
129200	0.46	0.53	0.53	0	0	0.46
129300	0.46	0.53	0.53	0	0	0.46
129400	0.46	0.53	0.53	0	0	0.46
129500	0.46	0.53	0.53	0	0	0.46
129600	0.46	0.53	0.53	0	0	0.46
129700	0.46	0.53	0.53	0	0	0.46
129800	0.46	0.53	0.53	0	0	0.46
129900	0.46	0.53	0.53	0	0	0.46
130000	0.46	0.53	0.53	0	0	0.46
130100	0.46	0.53	0.53	0	0	0.46
130200	0.46	0.53	0.53	0	0	0.46
130300	0.46	0.53	0.53	0	0	0.46
130400	0.46	0.53	0.53	0	0	0.46
130500	0.46	0.53	0.53	0	0	0.46
130600	0.46	0.53	0.53	0	0	0.46
130700	0.46	0.53	0.53	0	0	0.46
130800	0.46	0.53	0.53	0	0	0.46
130900	0.46	0.53	0.53	0	0	0.46
131000	0.46	0.53	0.53	0	0	0.46
131100	0.46	0.53	0.53	0	0	0.46
131200	0.46	0.53	0.53	0	0	0.46
131300	0.46	0.53	0.53	0	0	0.46
131400	0.46	0.53	0.53	0	0	0.46
131500	0.46	0.53	0.53	0	0	0.46
131600	0.46	0.53	0.53	0	0	0.46
131700	0.46	0.53	0.53	0	0	0.46
131800	0.46	0.53	0.53	0	0	0.46
131900	0.46	0.53	0.53	0	0	0.46
132000	0.46	0.53	0.53	0	0	0.46
132100	0.46	0.53	0.53	0	0	0.46
132200	0.46	0.53	0.53	0	0	0.46
132300	0.46	0.53	0.53	0	0	0.46
132400	0.46	0.53	0.53	0	0	0.46
132500	0.46	0.53	0.53	0	0	0.46
132600	0.46	0.53	0.53	0	0	0.46
132700	0.46	0.53	0.53	0	0	0.46
132800	0.46	0.53	0.53	0	0	0.46
132900	0.46	0.53	0.53	0	0	0.46
133000	0.46	0.53	0.53	0	0	0.46
133100	0.46	0.53	0.53	0	0	0.46
133200	0.46	0.53	0.53	0	0	0.46
133300	0.46	0.53	0.53	0	0	0.46
133400	0.46	0.53	0.53	0	0	0.46
133500	0.46	0.53	0.53	0	0	0.46
133600	0.46	0.53	0.53	0	0	0.46
133700	0.46	0.53	0.53	0	0	0.46
133800	0.46	0.53	0.53	0	0	0.46
133900	0.47	0.53	0.53	0	0	0.47
134000	0.47	0.53	0.53	0	0	0.47
134100	0.47	0.53	0.53	0	0	0.47
134200	0.47	0.53	0.53	0	0	0.47
134300	0.47	0.53	0.53	0	0	0.47
134400	0.47	0.53	0.53	0	0	0.47
134500	0.47	0.53	0.53	0	0	0.47
134600	0.47	0.53	0.53	0	0	0.47
134700	0.47	0.53	0.53	0	0	0.47
134800	0.47	0.53	0.53	0	0	0.47
134900	0.47	0.53	0.53	0	0	0.47
135000	0.47	0.53	0.53	0	0	0.47
135100	0.47	0.53	0.53	0	0	0.47
135200	0.47	0.53	0.53	0	0	0.47
135300	0.47	0.53	0.53	0	0	0.47
135400	0.47	0.53	0.53	0	0	0.47
135500	0.47	0.53	0.53	0	0	0.47
135600	0.47	0.53	0.53	0	0	0.47
135700	0.47	0.53	0.53	0	0	0.47
135800	0.47	0.53	0.53	0	0	0.47
135900	0.47	0.53	0.53	0	0	0.47
136000	0.47	0.53	0.53	0	0	0.47
136100	0.47	0.53	0.53	0	0	0.47
136200	0.47	0.53	0.53	0	0	0.47
136300	0.47	0.53	0.53	0	0	0.47
136400	0.47	0.53	0.53	0	0	0.47
136500	0.47	0.53	0.53	0	0	0.47
136600	0.47	0.53	0.53	0	0	0.47
136700	0.47	0.53	0.53	0	0	0.47
136800	0.47	0.53	0.53	0	0	0.47
136900	0.46	0.52	0.52	0	0	0.46
137000	0.46	0.52	0.52	0	0	0.46
137100	0.46	0.52	0.52	0	0	0.46
137200	0.46	0.52	0.52	0	0	0.46
137300	0.46	0.52	0.52	0	0	0.46
137400	0.46	0.52	0.52	0	0	0.46
137500	0.46	0.52	0.52	0	0	0.46
137600	0.46	0.52	0.52	0	0	0.46
137700	0.46	0.52	0.52	0	0	0.46
137800	0.46	0.52	0.52	0	0	0.46
137900	0.46	0.52	0.52	0	0	0.46
138000	0.46	0.52	0.52	0	0	0.46
138100	0.46	0.52	0.52	0	0	0.46
138200	0.46	0.52	0.52	0	0	0.46
138300	0.46	0.52	0.52	0	0	0.46
138400	0.46	0.52	0.52	0	0	0.46
138500	0.46	0.52	0.52	0	0	0.46
138600	0.46	0.52	0.52	0	0	0.46
138700	0.46	0.52	0.52	0	0	0.46
138800	0.46	0.52	0.52	0	0	0.46
138900	0.46	0.52	0.52	0	0	0.46
139000	0.46	0.52	0.52	0	0	0.46
139100	0.46	0.52	0.52	0	0	0.46
139200	0.46	0.52	0.52	0	0	0.46
139300	0.46	0.52	0.52	0	0	0.46
139400	0.46	0.52	0.52	0	0	0.46
139500	0.46	0.52	0.52	0	0	0.46
139600	0.46	0.52	0.52	0	0	0.46
139700	0.46	0.52	0.52	0	0	0.46
139800	0.46	0.52	0.52	0	0	0.46
139900	0.46	0.52	0.52	0	0	0.46
140000	0.46	0.52	0.52	0	0	0.46
140100	0.46	0.52	0.52	0	0	0.46
140200	0.46	0.52	0.52	0	0	0.46
140300	0.46	0.52	0.52	0	0	0.46
140400	0.46	0.52	0.52	0	0	0.46
140500	0.46	0.52	0.52	0	0	0.46
140600	0.46	0.52	0.52	0	0	0.46
140700	0.46	0.52	0.52	0	0	0.46
140800	0.46	0.52	0.52	0	0	0.46
140900	0.46	0.52	0.52	0	0	0.46
141000	0.46	0.52	0.52	0	0	0.46
141100	0.46	0.52	0.52	0	0	0.46
141200	0.46	0.52	0.52	0	0	0.46
141300	0.46	0.52	0.52	0	0	0.46
141400	0.46	0.52	0.52	0	0	0.46
141500	0.46	0.52	0.52	0	0	0.46
141600	0.46	0.52	0.52	0	0	0.46
141700	0.46	0.52	0.52	0	0	0.46
141800	0.46	0.52	0.52	0	0	0.46
141900	0.46	0.52	0.52	0	0	0.46
142000	0.46	0.52	0.52	0	0	0.46
142100	0.46	0.52	0.52	0	0	0.46
142200	0.46	0.52	0.52	0	0	0.46
142300	0.46	0.52	0.52	0	0	0.46
142400	0.46	0.52	0.52	0	0	0.46
142500	0.46	0.52	0.52	0	0	0.46
142600	0.46	0.52	0.52	0	0	0.46
142700	0.46	0.52	0.52	0	0	0.46
142800	0.46	0.52	0.52	0	0	0.46
142900	0.46	0.52	0.52	0	0	0.46
143000	0.46	0.52	0.52	0	0	0.46
143100	0.46	0.52	0.52	0	0	0.46
143200	0.46	0.52	0.52	0	0	0.46
143300	0.46	0.52	0.52	0	0	0.46
143400	0.46	0.52	0.52	0	0	0.46
143500	0.46	0.52	0.52	0	0	0.46
143600	0.46	0.52	0.52	0	0	0.46
143700	0.46	0.52	0.52	0	0	0.46
143800	0.46	0.52	0.52	0	0	0.46
143900	0.46	0.52	0.52	0	0	0.46
144000	0.46	0.52	0.52	0	0	0.46
144100	0.46	0.52	0.52	0	0	0.46
144200	0.46	0.52	0.52	0	0	0.46
144300	0.46	0.52	0.52	0	0	0.46
144400	0.46	0.52	0.52	0	0	0.46
144500	0.46	0.52	0.52	0	0	0.46
144600	0.46	0.52	0.52	0	0	0.46
144700	0.46	0.52	0.52	0	0	0.46
144800	0.46	0.52	0.52	0	0	0.46
144900	0.46	0.52	0.52	0	0	0.46
145000	0.46	0.52	0.52	0	0	0.46
145100	0.46	0.52	0.52	0	0	0.46
145200	0.46	0.52	0.52	0	0	0.46
145300	0.46	0.52	0.52	0	0	0.46
145400	0.46	0.52	0.52	0	0	0.46
145500	0.46	0.52	0.52	0	0	0.46
145600	0.46	0.52	0.52	0	0	0.46
145700	0.46	0.52	0.52	0	0	0.46
145800	0.46	0.52	0.52	0	0	0.46
145900	0.46	0.52	0.52	0	0	0.46
146000	0.46	0.52	0.52	0	0	0.46
146100	0.46	0.52	0.52	0	0	0.46
146200	0.46	0.52	0.52	0	0	0.46
146300	0.46	0.52	0.52	0	0	0.46
146400	0.46	0.52	0.52	0	0	0.46
146500	0.46	0.52	0.52	0	0	0.46
146600	0.46	0.52	0.52	0	0	0.46
146700	0.46	0.52	0.52	0	0	0.46
146800	0.46	0.52	0.52	0	0	0.46
146900	0.46	0.52	0.52	0	0	0.46
147000	0.46	0.52	0.52	0	0	0.46
147100	0.46	0.52	0.52	0	0	0.46
147200	0.46	0.52	0.52	0	0	0.46
147300	0.46	0.52	0.52	0	0	0.46
147400	0.46	0.52	0.52	0	0	0.46
147500	0.46	0.52	0.52	0	0	0.46
147600	0.46	0.52	0.52	0	0	0.46
147700	0.46	0.52	0.52	0	0	0.46
147800	0.46	0.52	0.52	0	0	0.46
147900	0.46	0.52	0.52	0	0	0.46
148000	0.46	0.52	0.52	0	0	0.46
148100	0.46	0.52	0.52	0	0	0.46
148200	0.46	0.52	0.52	0	0	0.46
148300	0.46	0.52	0.52	0	0	0.46
148400	0.46	0.52	0.52	0	0	0.46
148500	0.46	0.52	0.52	0	0	0.46
148600	0.46	0.52	0.52	0	0	0.46
148700	0.46	0.52	0.52	0	0	0.46
148800	0.46	0.52	0.52	0	0	0.46
148900	0.46	0.52	0.52	0	0	0.46
149000	0.46	0.52	0.52	0	0	0.46
149100	0.46	0.52	0.52	0	0	0.46
149200	0.46	0.52	0.52	0	0	0.46
149300	0.46	0.52	0.52	0	0	0.46
149400	0.46	0.52	0.52	0	0	0.46
149500	0.46	0.52	0.52	0	0	0.46
149600	0.46	0.52	0.52	0	0	0.46
149700	0.46	0.52	0.52	0	0	0.46
149800	0.46	0.52	0.52	0	0	0.46
149900	0.46	0.52	0.52	0	0	0.46
150000	0.46	0.52	0.52	0	0	0.46
150100	0.46	0.52	0.52	0	0	0.46
150200	0.46	0.52	0.52	0	0	0.46
150300	0.46	0.52	0.52	0	0	0.46
150400	0.46	0.52	0.52	0	0	0.46
150500	0.46	0.52	0.52	0	0	0.46
150600	0.46	0.52	0.52	0	0	0.46
150700	0.46	0.52	0.52	0	0	0.46
150800	0.46	0.52	0.52	0	0	0.46
150900	0.46	0.52	0.52	0	0	0.46
151000	0.46	0.52	0.52	0	0	0.46
151100	0.45	0.52	0.52	0	0	0.45
151200	0.45	0.52	0.52	0	0	0.45
151300	0.45	0.52	0.52	0	0	0.45
151400	0.45	0.52	0.52	0	0	0.45
151500	0.45	0.52	0.52	0	0	0.45
151600	0.45	0.52	0.52	0	0	0.45
151700	0.45	0.52	0.52	0	0	0.45
151800	0.45	0.52	0.52	0	0	0.45
151900	0.45	0.52	0.52	0	0	0.45
152000	0.45	0.52	0.52	0	0	0.45
152100	0.45	0.52	0.52	0	0	0.45
152200	0.45	0.52	0.52	0	0	0.45
152300	0.46	0.52	0.52	0	0	0.46
152400	0.46	0.52	0.52	0	0	0.46
152500	0.46	0.52	0.52	0	0	0.46
152600	0.46	0.52	0.52	0	0	0.46
152700	0.46	0.52	0.52	0	0	0.46
152800	0.46	0.52	0.52	0	0	0.46
152900	0.46	0.52	0.52	0	0	0.46
153000	0.46	0.52	0.52	0	0	0.46
153100	0.46	0.52	0.52	0	0	0.46
153200	0.46	0.52	0.52	0	0	0.46
153300	0.46	0.52	0.52	0	0	0.46
153400	0.46	0.52	0.52	0	0	0.46
153500	0.46	0.52	0.52	0	0	0.46
153600	0.46	0.52	0.52	0	0	0.46
153700	0.46	0.52	0.52	0	0	0.46
153800	0.46	0.52	0.52	0	0	0.46
153900	0.45	0.52	0.52	0	0	0.45
154000	0.45	0.52	0.52	0	0	0.45
154100	0.45	0.52	0.52	0	0	0.45
154200	0.45	0.52	0.52	0	0	0.45
154300	0.45	0.52	0.52	0	0	0.45
154400	0.45	0.52	0.52	0	0	0.45
154500	0.45	0.52	0.52	0	0	0.45
154600	0.45	0.52	0.52	0	0	0.45
154700	0.45	0.52	0.52	0	0	0.45
154800	0.45	0.52	0.52	0	0	0.45
154900	0.45	0.52	0.52	0	0	0.45
155000	0.46	0.52	0.52	0	0	0.46
155100	0.46	0.52	0.52	0	0	0.46
155200	0.46	0.52	0.52	0	0	0.46
155300	0.46	0.52	0.52	0	0	0.46
155400	0.46	0.52	0.52	0	0	0.46
155500	0.46	0.52	0.52	0	0	0.46
155600	0.46	0.52	0.52	0	0	0.46
155700	0.46	0.52	0.52	0	0	0.46
155800	0.46	0.52	0.52	0	0	0.46
155900	0.46	0.52	0.52	0	0	0.46
156000	0.46	0.52	0.52	0	0	0.46
156100	0.46	0.52	0.52	0	0	0.46
156200	0.46	0.52	0.52	0	0	0.46
156300	0.46	0.53	0.53	0	0	0.46
156400	0.46	0.52	0.52	0	0	0.46
156500	0.46	0.52	0.52	0	0	0.46
156600	0.46	0.52	0.52	0	0	0.46
156700	0.46	0.52	0.52	0	0	0.46
156800	0.46	0.52	0.52	0	0	0.46
156900	0.46	0.52	0.52	0	0	0.46
157000	0.46	0.52	0.52	0	0	0.46
157100	0.46	0.52	0.52	0	0	0.46
157200	0.45	0.52	0.52	0	0	0.45
157300	0.45	0.52	0.52	0	0	0.45
157400	0.45	0.52	0.52	0	0	0.45
157500	0.45	0.52	0.52	0	0	0.45
157600	0.45	0.52	0.52	0	0	0.45
157700	0.46	0.52	0.52	0	0	0.46
157800	0.46	0.52	0.52	0	0	0.46
157900	0.46	0.52	0.52	0	0	0.46
158000	0.46	0.52	0.52	0	0	0.46
158100	0.46	0.52	0.52	0	0	0.46
158200	0.46	0.52	0.52	0	0	0.46
158300	0.46	0.52	0.52	0	0	0.46
158400	0.46	0.52	0.52	0	0	0.46
158500	0.46	0.52	0.52	0	0	0.46
158600	0.46	0.52	0.52	0	0	0.46
158700	0.46	0.52	0.52	0	0	0.46
158800	0.46	0.52	0.52	0	0	0.46
158900	0.46	0.52	0.52	0	0	0.46
159000	0.45	0.52	0.52	0	0	0.45
159100	0.45	0.52	0.52	0	0	0.45
159200	0.45	0.52	0.52	0	0	0.45
159300	0.45	0.52	0.52	0	0	0.45
159400	0.45	0.52	0.52	0	0	0.45
159500	0.45	0.52	0.52	0	0	0.45
159600	0.45	0.52	0.52	0	0	0.45
159700	0.45	0.52	0.52	0	0	0.45
159800	0.45	0.52	0.52	0	0	0.45
159900	0.45	0.52	0.52	0	0	0.45
160000	0.45	0.52	0.52	0	0	0.45
160100	0.45	0.52	0.52	0	0	0.45
160200	0.45	0.52	0.52	0	0	0.45
160300	0.45	0.52	0.52	0	0	0.45
160400	0.45	0.52	0.52	0	0	0.45
160500	0.45	0.52	0.52	0	0	0.45
160600	0.44	0.52	0.52	0	0	0.44
160700	0.44	0.52	0.52	0	0	0.44
160800	0.44	0.53	0.53	0	0	0.44
160900	0.44	0.53	0.53	0	0	0.44
161000	0.44	0.53	0.53	0	0	0.44
161100	0.44	0.53	0.53	0	0	0.44
161200	0.44	0.53	0.53	0	0	0.44
161300	0.45	0.52	0.52	0	0	0.45
161400	0.45	0.52	0.52	0	0	0.45
161500	0.45	0.52	0.52	0	0	0.45
161600	0.45	0.52	0.52	0	0	0.45
161700	0.45	0.52	0.52	0	0	0.45
161800	0.45	0.52	0.52	0	0	0.45
161900	0.45	0.52	0.52	0	0	0.45
162000	0.46	0.52	0.52	0	0	0.46
162100	0.46	0.52	0.52	0	0	0.46
162200	0.46	0.52	0.52	0	0	0.46
162300	0.46	0.53	0.53	0	0	0.46
162400	0.46	0.53	0.53	0	0	0.46
162500	0.46	0.53	0.53	0	0	0.46
162600	0.46	0.53	0.53	0	0	0.46
162700	0.45	0.53	0.53	0	0	0.45
162800	0.45	0.53	0.53	0	0	0.45
162900	0.45	0.53	0.53	0	0	0.45
163000	0.45	0.53	0.53	0	0	0.45
163100	0.45	0.53	0.53	0	0	0.45
163200	0.45	0.53	0.53	0	0	0.45
163300	0.45	0.53	0.53	0	0	0.45
163400	0.45	0.53	0.53	0	0	0.45
163500	0.45	0.53	0.53	0	0	0.45
163600	0.44	0.53	0.53	0	0	0.44
163700	0.44	0.53	0.53	0	0	0.44
163800	0.44	0.53	0.53	0	0	0.44
163900	0.44	0.53	0.53	0	0	0.44
164000	0.44	0.53	0.53	0	0	0.44
164100	0.44	0.53	0.53	0	0	0.44
164200	0.44	0.53	0.53	0	0	0.44
164300	0.44	0.53	0.53	0	0	0.44
164400	0.44	0.53	0.53	0	0	0.44
164500	0.44	0.53	0.53	0	0	0.44
164600	0.43	0.53	0.53	0	0	0.43
164700	0.43	0.53	0.53	0	0	0.43
164800	0.43	0.53	0.53	0	0	0.43
164900	0.43	0.53	0.53	0	0	0.43
165000	0.44	0.53	0.53	0	0	0.44
165100	0.44	0.53	0.53	0	0	0.44
165200	0.44	0.53	0.53	0	0	0.44
165300	0.44	0.53	0.53	0	0	0.44
165400	0.44	0.53	0.53	0	0	0.44
165500	0.44	0.53	0.53	0	0	0.44
165600	0.44	0.53	0.53	0	0	0.44
165700	0.44	0.53	0.53	0	0	0.44
165800	0.45	0.53	0.53	0	0	0.45
165900	0.45	0.53	0.53	0	0	0.45
166000	0.45	0.53	0.53	0	0	0.45
166100	0.45	0.53	0.53	0	0	0.45
166200	0.45	0.53	0.53	0	0	0.45
166300	0.44	0.53	0.53	0	0	0.44
166400	0.44	0.53	0.53	0	0	0.44
166500	0.44	0.53	0.53	0	0	0.44
166600	0.44	0.53	0.53	0	0	0.44
166700	0.44	0.53	0.53	0	0	0.44
166800	0.44	0.53	0.53	0	0	0.44
166900	0.44	0.53	0.53	0	0	0.44
167000	0.44	0.53	0.53	0	0	0.44
167100	0.44	0.53	0.53	0	0	0.44
167200	0.44	0.53	0.53	0	0	0.44
167300	0.44	0.53	0.53	0	0	0.44
167400	0.44	0.53	0.53	0	0	0.44
167500	0.44	0.53	0.53	0	0	0.44
167600	0.44	0.53	0.53	0	0	0.44
167700	0.44	0.53	0.53	0	0	0.44
167800	0.44	0.53	0.53	0	0	0.44
167900	0.44	0.53	0.53	0	0	0.44
168000	0.45	0.53	0.53	0	0	0.45
168100	0.45	0.53	0.53	0	0	0.45
168200	0.45	0.53	0.53	0	0	0.45
168300	0.45	0.53	0.53	0	0	0.45
168400	0.45	0.53	0.53	0	0	0.45
168500	0.44	0.53	0.53	0	0	0.44
168600	0.44	0.53	0.53	0	0	0.44
168700	0.44	0.53	0.53	0	0	0.44
168800	0.44	0.53	0.53	0	0	0.44
168900	0.44	0.53	0.53	0	0	0.44
169000	0.44	0.53	0.53	0	0	0.44
169100	0.44	0.53	0.53	0	0	0.44
169200	0.44	0.53	0.53	0	0	0.44
169300	0.44	0.53	0.53	0	0	0.44
169400	0.44	0.53	0.53	0	0	0.44
169500	0.44	0.53	0.53	0	0	0.44
169600	0.44	0.53	0.53	0	0	0.44
169700	0.44	0.53	0.53	0	0	0.44
169800	0.44	0.53	0.53	0	0	0.44
169900	0.44	0.53	0.53	0	0	0.44
170000	0.44	0.53	0.53	0	0	0.44
170100	0.44	0.53	0.53	0	0	0.44
170200	0.44	0.53	0.53	0	0	0.44
170300	0.44	0.53	0.53	0	0	0.44
170400	0.44	0.53	0.53	0	0	0.44
170500	0.44	0.53	0.53	0	0	0.44
170600	0.44	0.53	0.53	0	0	0.44
170700	0.45	0.53	0.53	0	0	0.45
170800	0.45	0.53	0.53	0	0	0.45
170900	0.44	0.53	0.53	0	0	0.44
171000	0.44	0.53	0.53	0	0	0.44
171100	0.44	0.53	0.53	0	0	0.44
171200	0.44	0.53	0.53	0	0	0.44
171300	0.44	0.53	0.53	0	0	0.44
171400	0.44	0.53	0.53	0	0	0.44
171500	0.44	0.53	0.53	0	0	0.44
171600	0.44	0.53	0.53	0	0	0.44
171700	0.44	0.53	0.53	0	0	0.44
171800	0.44	0.53	0.53	0	0	0.44
171900	0.44	0.53	0.53	0	0	0.44
172000	0.44	0.53	0.53	0	0	0.44
172100	0.44	0.53	0.53	0	0	0.44
172200	0.45	0.53	0.53	0	0	0.45
172300	0.45	0.53	0.53	0	0	0.45
172400	0.45	0.53	0.53	0	0	0.45
172500	0.45	0.53	0.53	0	0	0.45
172600	0.45	0.53	0.53	0	0	0.45
172700	0.45	0.53	0.53	0	0	0.45
172800	0.45	0.53	0.53	0	0	0.45
172900	0.45	0.53	0.53	0	0	0.45
173000	0.45	0.53	0.53	0	0	0.45
173100	0.45	0.53	0.53	0	0	0.45
173200	0.45	0.53	0.53	0	0	0.45
173300	0.45	0.53	0.53	0	0	0.45
173400	0.45	0.53	0.53	0	0	0.45
173500	0.45	0.53	0.53	0	0	0.45
173600	0.45	0.53	0.53	0	0	0.45
173700	0.45	0.53	0.53	0	0	0.45
173800	0.45	0.53	0.53	0	0	0.45
173900	0.45	0.53	0.53	0	0	0.45
174000	0.45	0.53	0.53	0	0	0.45
174100	0.45	0.53	0.53	0	0	0.45
174200	0.45	0.53	0.53	0	0	0.45
174300	0.45	0.53	0.53	0	0	0.45
174400	0.45	0.53	0.53	0	0	0.45
174500	0.45	0.53	0.53	0	0	0.45
174600	0.45	0.53	0.53	0	0	0.45
174700	0.45	0.53	0.53	0	0	0.45
174800	0.45	0.53	0.53	0	0	0.45
174900	0.45	0.53	0.53	0	0	0.45
175000	0.45	0.53	0.53	0	0	0.45
175100	0.45	0.53	0.53	0	0	0.45
175200	0.45	0.53	0.53	0	0	0.45
175300	0.45	0.53	0.53	0	0	0.45
175400	0.45	0.53	0.53	0	0	0.45
175500	0.45	0.53	0.53	0	0	0.45
175600	0.45	0.53	0.53	0	0	0.45
175700	0.45	0.53	0.53	0	0	0.45
175800	0.45	0.53	0.53	0	0	0.45
175900	0.45	0.53	0.53	0	0	0.45
176000	0.45	0.53	0.53	0	0	0.45
176100	0.45	0.53	0.53	0	0	0.45
176200	0.45	0.53	0.53	0	0	0.45
176300	0.45	0.53	0.53	0	0	0.45
176400	0.45	0.53	0.53	0	0	0.45
176500	0.45	0.53	0.53	0	0	0.45
176600	0.44	0.53	0.53	0	0	0.44
176700	0.44	0.53	0.53	0	0	0.44
176800	0.44	0.53	0.53	0	0	0.44
176900	0.44	0.53	0.53	0	0	0.44
177000	0.44	0.53	0.53	0	0	0.44
177100	0.44	0.53	0.53	0	0	0.44
177200	0.44	0.53	0.53	0	0	0.44
177300	0.44	0.53	0.53	0	0	0.44
177400	0.44	0.53	0.53	0	0	0.44
177500	0.44	0.53	0.53	0	0	0.44
177600	0.44	0.53	0.53	0	0	0.44
177700	0.43	0.53	0.53	0	0	0.43
177800	0.43	0.53	0.53	0	0	0.43
177900	0.43	0.53	0.53	0	0	0.43
178000	0.43	0.53	0.53	0	0	0.43
178100	0.43	0.53	0.53	0	0	0.43
178200	0.43	0.53	0.53	0	0	0.43
178300	0.43	0.53	0.53	0	0	0.43
178400	0.43	0.53	0.53	0	0	0.43
178500	0.43	0.53	0.53	0	0	0.43
178600	0.43	0.53	0.53	0	0	0.43
178700	0.43	0.53	0.53	0	0	0.43
178800	0.44	0.53	0.53	0	0	0.44
178900	0.44	0.53	0.53	0	0	0.44
179000	0.44	0.53	0.53	0	0	0.44
179100	0.44	0.53	0.53	0	0	0.44
179200	0.43	0.53	0.53	0	0	0.43
179300	0.43	0.53	0.53	0	0	0.43
179400	0.43	0.53	0.53	0	0	0.43
179500	0.43	0.53	0.53	0	0	0.43
179600	0.43	0.53	0.53	0	0	0.43
179700	0.43	0.53	0.53	0	0	0.43
179800	0.43	0.53	0.53	0	0	0.43
179900	0.43	0.53	0.53	0	0	0.43
180000	0.43	0.53	0.53	0	0	0.43
180100	0.43	0.53	0.53	0	0	0.43
180200	0.43	0.53	0.53	0	0	0.43
180300	0.43	0.53	0.53	0	0	0.43
180400	0.43	0.53	0.53	0	0	0.43
180500	0.43	0.53	0.53	0	0	0.43
180600	0.43	0.53	0.53	0	0	0.43
180700	0.44	0.53	0.53	0	0	0.44
180800	0.44	0.53	0.53	0	0	0.44
180900	0.44	0.53	0.53	0	0	0.44
181000	0.44	0.53	0.53	0	0	0.44
181100	0.44	0.53	0.53	0	0	0.44
181200	0.44	0.53	0.53	0	0	0.44
181300	0.44	0.53	0.53	0	0	0.44
181400	0.44	0.53	0.53	0	0	0.44
181500	0.44	0.53	0.53	0	0	0.44
181600	0.44	0.53	0.53	0	0	0.44
181700	0.44	0.53	0.53	0	0	0.44
181800	0.44	0.53	0.53	0	0	0.44
181900	0.44	0.53	0.53	0	0	0.44
182000	0.44	0.53	0.53	0	0	0.44
182100	0.44	0.53	0.53	0	0	0.44
182200	0.44	0.53	0.53	0	0	0.44
182300	0.44	0.53	0.53	0	0	0.44
182400	0.44	0.53	0.53	0	0	0.44
182500	0.44	0.53	0.53	0	0	0.44
182600	0.44	0.53	0.53	0	0	0.44
182700	0.44	0.53	0.53	0	0	0.44
182800	0.44	0.53	0.53	0	0	0.44
182900	0.44	0.53	0.53	0	0	0.44
183000	0.44	0.53	0.53	0	0	0.44
183100	0.44	0.53	0.53	0	0	0.44
183200	0.44	0.53	0.53	0	0	0.44
183300	0.44	0.53	0.53	0	0	0.44
183400	0.44	0.53	0.53	0	0	0.44
183500	0.44	0.53	0.53	0	0	0.44
183600	0.44	0.53	0.53	0	0	0.44
183700	0.44	0.53	0.53	0	0	0.44
183800	0.44	0.53	0.53	0	0	0.44
183900	0.44	0.53	0.53	0	0	0.44
184000	0.44	0.53	0.53	0	0	0.44
184100	0.44	0.53	0.53	0	0	0.44
184200	0.44	0.53	0.53	0	0	0.44
184300	0.44	0.53	0.53	0	0	0.44
184400	0.44	0.53	0.53	0	0	0.44
184500	0.44	0.53	0.53	0	0	0.44
184600	0.44	0.53	0.53	0	0	0.44
184700	0.44	0.53	0.53	0	0	0.44
184800	0.44	0.53	0.53	0	0	0.44
184900	0.44	0.53	0.53	0	0	0.44
185000	0.44	0.53	0.53	0	0	0.44
185100	0.44	0.53	0.53	0	0	0.44
185200	0.44	0.53	0.53	0	0	0.44
185300	0.45	0.53	0.53	0	0	0.45
185400	0.46	0.53	0.53	0	0	0.46
185500	0.46	0.53	0.53	0	0	0.46
185600	0.46	0.53	0.53	0	0	0.46
185700	0.46	0.53	0.53	0	0	0.46
185800	0.46	0.53	0.53	0	0	0.46
185900	0.46	0.53	0.53	0	0	0.46
186000	0.46	0.53	0.53	0	0	0.46
186100	0.46	0.53	0.53	0	0	0.46
186200	0.46	0.53	0.53	0	0	0.46
186300	0.46	0.53	0.53	0	0	0.46
186400	0.46	0.53	0.53	0	0	0.46
186500	0.46	0.53	0.53	0	0	0.46
186600	0.46	0.53	0.53	0	0	0.46
186700	0.46	0.53	0.53	0	0	0.46
186800	0.46	0.52	0.52	0	0	0.46
186900	0.46	0.52	0.52	0	0	0.46
187000	0.46	0.52	0.52	0	0	0.46
187100	0.46	0.52	0.52	0	0	0.46
187200	0.46	0.52	0.52	0	0	0.46
187300	0.46	0.52	0.52	0	0	0.46
187400	0.46	0.52	0.52	0	0	0.46
187500	0.46	0.52	0.52	0	0	0.46
187600	0.46	0.52	0.52	0	0	0.46
187700	0.46	0.52	0.52	0	0	0.46
187800	0.46	0.52	0.52	0	0	0.46
187900	0.46	0.52	0.52	0	0	0.46
188000	0.46	0.52	0.52	0	0	0.46
188100	0.46	0.52	0.52	0	0	0.46
188200	0.45	0.52	0.52	0	0	0.45
188300	0.45	0.52	0.52	0	0	0.45
188400	0.45	0.52	0.52	0	0	0.45
188500	0.45	0.52	0.52	0	0	0.45
188600	0.45	0.52	0.52	0	0	0.45
188700	0.45	0.52	0.52	0	0	0.45
188800	0.45	0.52	0.52	0	0	0.45
188900	0.45	0.52	0.52	0	0	0.45
189000	0.45	0.52	0.52	0	0	0.45
189100	0.45	0.52	0.52	0	0	0.45
189200	0.45	0.52	0.52	0	0	0.45
189300	0.45	0.52	0.52	0	0	0.45
189400	0.45	0.52	0.52	0	0	0.45
189500	0.44	0.53	0.53	0	0	0.44
189600	0.44	0.53	0.53	0	0	0.44
189700	0.44	0.53	0.53	0	0	0.44
189800	0.44	0.53	0.53	0	0	0.44
189900	0.44	0.53	0.53	0	0	0.44
190000	0.44	0.53	0.53	0	0	0.44
190100	0.44	0.53	0.53	0	0	0.44
190200	0.44	0.53	0.53	0	0	0.44
190300	0.44	0.53	0.53	0	0	0.44
190400	0.44	0.53	0.53	0	0	0.44
190500	0.44	0.53	0.53	0	0	0.44
190600	0.44	0.53	0.53	0	0	0.44
190700	0.44	0.53	0.53	0	0	0.44
190800	0.44	0.53	0.53	0	0	0.44
190900	0.44	0.53	0.53	0	0	0.44
191000	0.44	0.53	0.53	0	0	0.44
191100	0.44	0.53	0.53	0	0	0.44
191200	0.44	0.53	0.53	0	0	0.44
191300	0.44	0.53	0.53	0	0	0.44
191400	0.44	0.53	0.53	0	0	0.44
191500	0.44	0.53	0.53	0	0	0.44
191600	0.44	0.53	0.53	0	0	0.44
191700	0.44	0.53	0.53	0	0	0.44
191800	0.44	0.53	0.53	0	0	0.44
191900	0.44	0.53	0.53	0	0	0.44
192000	0.44	0.53	0.53	0	0	0.44
192100	0.44	0.53	0.53	0	0	0.44
192200	0.44	0.53	0.53	0	0	0.44
192300	0.44	0.53	0.53	0	0	0.44
192400	0.44	0.53	0.53	0	0	0.44
192500	0.44	0.53	0.53	0	0	0.44
192600	0.44	0.53	0.53	0	0	0.44
192700	0.44	0.53	0.53	0	0	0.44
192800	0.44	0.53	0.53	0	0	0.44
192900	0.44	0.53	0.53	0	0	0.44
193000	0.44	0.53	0.53	0	0	0.44
193100	0.45	0.53	0.53	0	0	0.45
193200	0.45	0.53	0.53	0	0	0.45
193300	0.45	0.53	0.53	0	0	0.45
193400	0.45	0.53	0.53	0	0	0.45
193500	0.45	0.53	0.53	0	0	0.45
193600	0.45	0.53	0.53	0	0	0.45
193700	0.45	0.53	0.53	0	0	0.45
193800	0.45	0.53	0.53	0	0	0.45
193900	0.45	0.53	0.53	0	0	0.45
194000	0.45	0.53	0.53	0	0	0.45
194100	0.45	0.53	0.53	0	0	0.45
194200	0.45	0.53	0.53	0	0	0.45
194300	0.45	0.53	0.53	0	0	0.45
194400	0.45	0.53	0.53	0	0	0.45
194500	0.45	0.53	0.53	0	0	0.45
194600	0.45	0.53	0.53	0	0	0.45
194700	0.45	0.53	0.53	0	0	0.45
194800	0.45	0.53	0.53	0	0	0.45
194900	0.45	0.53	0.53	0	0	0.45
195000	0.45	0.53	0.53	0	0	0.45
195100	0.45	0.53	0.53	0	0	0.45
195200	0.45	0.53	0.53	0	0	0.45
195300	0.45	0.53	0.53	0	0	0.45
195400	0.45	0.53	0.53	0	0	0.45
195500	0.45	0.53	0.53	0	0	0.45
195600	0.45	0.53	0.53	0	0	0.45
195700	0.45	0.53	0.53	0	0	0.45
195800	0.45	0.53	0.53	0	0	0.45
195900	0.45	0.53	0.53	0	0	0.45
196000	0.45	0.53	0.53	0	0	0.45
196100	0.45	0.53	0.53	0	0	0.45
196200	0.45	0.53	0.53	0	0	0.45
196300	0.45	0.53	0.53	0	0	0.45
196400	0.45	0.53	0.53	0	0	0.45
196500	0.45	0.53	0.53	0	0	0.45
196600	0.45	0.53	0.53	0	0	0.45
196700	0.45	0.53	0.53	0	0	0.45
196800	0.45	0.53	0.53	0	0	0.45
196900	0.45	0.53	0.53	0	0	0.45
197000	0.45	0.53	0.53	0	0	0.45
197100	0.45	0.53	0.53	0	0	0.45
197200	0.45	0.53	0.53	0	0	0.45
197300	0.45	0.53	0.53	0	0	0.45
197400	0.45	0.53	0.53	0	0	0.45
197500	0.45	0.53	0.53	0	0	0.45
197600	0.45	0.53	0.53	0	0	0.45
197700	0.45	0.53	0.53	0	0	0.45
197800	0.45	0.53	0.53	0	0	0.45
197900	0.45	0.53	0.53	0	0	0.45
198000	0.45	0.53	0.53	0	0	0.45
198100	0.45	0.53	0.53	0	0	0.45
198200	0.45	0.53	0.53	0	0	0.45
198300	0.45	0.53	0.53	0	0	0.45
198400	0.45	0.53	0.53	0	0	0.45
198500	0.45	0.53	0.53	0	0	0.45
198600	0.45	0.53	0.53	0	0	0.45
198700	0.45	0.53	0.53	0	0	0.45
198800	0.45	0.53	0.53	0	0	0.45
198900	0.45	0.53	0.53	0	0	0.45
199000	0.45	0.53	0.53	0	0	0.45
199100	0.45	0.53	0.53	0	0	0.45
199200	0.45	0.53	0.53	0	0	0.45
199300	0.45	0.53	0.53	0	0	0.45
199400	0.45	0.53	0.53	0	0	0.45
199500	0.45	0.53	0.53	0	0	0.45
199600	0.45	0.53	0.53	0	0	0.45
199700	0.45	0.53	0.53	0	0	0.45
199800	0.45	0.53	0.53	0	0	0.45
199900	0.45	0.53	0.53	0	0	0.45
200000	0.45	0.53	0.53	0	0	0.45
200100	0.45	0.53	0.53	0	0	0.45
200200	0.45	0.53	0.53	0	0	0.45
200300	0.45	0.53	0.53	0	0	0.45
200400	0.45	0.53	0.53	0	0	0.45
200500	0.45	0.53	0.53	0	0	0.45
200600	0.45	0.53	0.53	0	0	0.45
200700	0.45	0.53	0.53	0	0	0.45
200800	0.45	0.53	0.53	0	0	0.45
200900	0.45	0.53	0.53	0	0	0.45
201000	0.45	0.53	0.53	0	0	0.45
201100	0.45	0.52	0.52	0	0	0.45
201200	0.45	0.52	0.52	0	0	0.45
201300	0.45	0.52	0.52	0	0	0.45
201400	0.45	0.52	0.52	0	0	0.45
201500	0.45	0.52	0.52	0	0	0.45
201600	0.45	0.52	0.52	0	0	0.45
201700	0.45	0.52	0.52	0	0	0.45
201800	0.45	0.52	0.52	0	0	0.45
201900	0.45	0.52	0.52	0	0	0.45
202000	0.46	0.52	0.52	0	0	0.46
202100	0.46	0.52	0.52	0	0	0.46
202200	0.46	0.52	0.52	0	0	0.46
202300	0.46	0.52	0.52	0	0	0.46
202400	0.46	0.52	0.52	0	0	0.46
202500	0.46	0.52	0.52	0	0	0.46
202600	0.46	0.52	0.52	0	0	0.46
202700	0.46	0.52	0.52	0	0	0.46
202800	0.46	0.52	0.52	0	0	0.46
202900	0.46	0.52	0.52	0	0	0.46
203000	0.46	0.52	0.52	0	0	0.46
203100	0.46	0.52	0.52	0	0	0.46
203200	0.46	0.52	0.52	0	0	0.46
203300	0.46	0.52	0.52	0	0	0.46
203400	0.46	0.52	0.52	0	0	0.46
203500	0.46	0.52	0.52	0	0	0.46
203600	0.46	0.52	0.52	0	0	0.46
203700	0.46	0.52	0.52	0	0	0.46
203800	0.46	0.52	0.52	0	0	0.46
203900	0.46	0.52	0.52	0	0	0.46
204000	0.46	0.52	0.52	0	0	0.46
204100	0.46	0.52	0.52	0	0	0.46
204200	0.46	0.52	0.52	0	0	0.46
204300	0.46	0.52	0.52	0	0	0.46
204400	0.46	0.52	0.52	0	0	0.46
204500	0.46	0.52	0.52	0	0	0.46
204600	0.46	0.52	0.52	0	0	0.46
204700	0.46	0.53	0.53	0	0	0.46
204800	0.47	0.53	0.53	0	0	0.47
204900	0.47	0.53	0.53	0	0	0.47
205000	0.47	0.53	0.53	0	0	0.47
205100	0.47	0.53	0.53	0	0	0.47
205200	0.47	0.53	0.53	0	0	0.47
205300	0.47	0.53	0.53	0	0	0.47
205400	0.47	0.53	0.53	0	0	0.47
205500	0.47	0.53	0.53	0	0	0.47
205600	0.47	0.53	0.53	0	0	0.47
205700	0.47	0.53	0.53	0	0	0.47
205800	0.47	0.53	0.53	0	0	0.47
205900	0.47	0.53	0.53	0	0	0.47
206000	0.47	0.53	0.53	0	0	0.47
206100	0.47	0.53	0.53	0	0	0.47
206200	0.47	0.53	0.53	0	0	0.47
206300	0.47	0.53	0.53	0	0	0.47
206400	0.47	0.53	0.53	0	0	0.47
206500	0.47	0.53	0.53	0	0	0.47
206600	0.47	0.53	0.53	0	0	0.47
206700	0.47	0.53	0.53	0	0	0.47
206800	0.47	0.53	0.53	0	0	0.47
206900	0.47	0.53	0.53	0	0	0.47
207000	0.47	0.53	0.53	0	0	0.47
207100	0.47	0.53	0.53	0	0	0.47
207200	0.47	0.53	0.53	0	0	0.47
207300	0.47	0.53	0.53	0	0	0.47
207400	0.47	0.53	0.53	0	0	0.47
207500	0.47	0.53	0.53	0	0	0.47
207600	0.47	0.53	0.53	0	0	0.47
207700	0.47	0.53	0.53	0	0	0.47
207800	0.47	0.53	0.53	0	0	0.47
207900	0.47	0.53	0.53	0	0	0.47
208000	0.47	0.53	0.53	0	0	0.47
208100	0.47	0.53	0.53	0	0	0.47
208200	0.47	0.53	0.53	0	0	0.47
208300	0.47	0.53	0.53	0	0	0.47
208400	0.47	0.53	0.53	0	0	0.47
208500	0.47	0.53	0.53	0	0	0.47
208600	0.47	0.53	0.53	0	0	0.47
208700	0.47	0.53	0.53	0	0	0.47
208800	0.47	0.53	0.53	0	0	0.47
208900	0.47	0.53	0.53	0	0	0.47
209000	0.47	0.53	0.53	0	0	0.47
209100	0.47	0.53	0.53	0	0	0.47
209200	0.47	0.53	0.53	0	0	0.47
209300	0.47	0.53	0.53	0	0	0.47
209400	0.47	0.53	0.53	0	0	0.47
209500	0.47	0.53	0.53	0	0	0.47
209600	0.47	0.53	0.53	0	0	0.47
209700	0.47	0.53	0.53	0	0	0.47
209800	0.47	0.53	0.53	0	0	0.47
209900	0.47	0.53	0.53	0	0	0.47
210000	0.47	0.53	0.53	0	0	0.47
210100	0.47	0.53	0.53	0	0	0.47
210200	0.47	0.53	0.53	0	0	0.47
210300	0.47	0.53	0.53	0	0	0.47
210400	0.47	0.53	0.53	0	0	0.47
210500	0.47	0.53	0.53	0	0	0.47
210600	0.47	0.53	0.53	0	0	0.47
210700	0.47	0.53	0.53	0	0	0.47
210800	0.47	0.53	0.53	0	0	0.47
210900	0.47	0.53	0.53	0	0	0.47
211000	0.47	0.53	0.53	0	0	0.47
211100	0.47	0.53	0.53	0	0	0.47
211200	0.47	0.53	0.53	0	0	0.47
211300	0.47	0.53	0.53	0	0	0.47
211400	0.47	0.53	0.53	0	0	0.47
211500	0.47	0.53	0.53	0	0	0.47
211600	0.47	0.53	0.53	0	0	0.47
211700	0.47	0.53	0.53	0	0	0.47
211800	0.47	0.53	0.53	0	0	0.47
211900	0.47	0.53	0.53	0	0	0.47
212000	0.47	0.53	0.53	0	0	0.47
212100	0.47	0.53	0.53	0	0	0.47
212200	0.47	0.53	0.53	0	0	0.47
212300	0.47	0.53	0.53	0	0	0.47
212400	0.47	0.53	0.53	0	0	0.47
212500	0.47	0.53	0.53	0	0	0.47
212600	0.47	0.53	0.53	0	0	0.47
212700	0.47	0.53	0.53	0	0	0.47
212800	0.47	0.53	0.53	0	0	0.47
212900	0.47	0.53	0.53	0	0	0.47
213000	0.47	0.53	0.53	0	0	0.47
213100	0.47	0.53	0.53	0	0	0.47
213200	0.47	0.53	0.53	0	0	0.47
213300	0.47	0.53	0.53	0	0	0.47
213400	0.47	0.53	0.53	0	0	0.47
213500	0.47	0.53	0.53	0	0	0.47
213600	0.47	0.53	0.53	0	0	0.47
213700	0.47	0.53	0.53	0	0	0.47
213800	0.47	0.53	0.53	0	0	0.47
213900	0.47	0.53	0.53	0	0	0.47
214000	0.47	0.53	0.53	0	0	0.47
214100	0.47	0.53	0.53	0	0	0.47
214200	0.47	0.53	0.53	0	0	0.47
214300	0.47	0.53	0.53	0	0	0.47
214400	0.47	0.53	0.53	0	0	0.47
214500	0.47	0.53	0.53	0	0	0.47
214600	0.47	0.53	0.53	0	0	0.47
214700	0.47	0.53	0.53	0	0	0.47
214800	0.47	0.53	0.53	0	0	0.47
214900	0.47	0.53	0.53	0	0	0.47
215000	0.47	0.53	0.53	0	0	0.47
215100	0.47	0.53	0.53	0	0	0.47
215200	0.47	0.53	0.53	0	0	0.47
215300	0.47	0.53	0.53	0	0	0.47
215400	0.47	0.53	0.53	0	0	0.47
215500	0.47	0.53	0.53	0	0	0.47
215600	0.47	0.53	0.53	0	0	0.47
215700	0.47	0.53	0.53	0	0	0.47
215800	0.47	0.53	0.53	0	0	0.47
215900	0.47	0.53	0.53	0	0	0.47
216000	0.47	0.53	0.53	0	0	0.47
216100	0.47	0.53	0.53	0	0	0.47
216200	0.47	0.53	0.53	0	0	0.47
216300	0.47	0.53	0.53	0	0	0.47
216400	0.47	0.53	0.53	0	0	0.47
216500	0.47	0.53	0.53	0	0	0.47
216600	0.47	0.53	0.53	0	0	0.47
216700	0.47	0.53	0.53	0	0	0.47
216800	0.47	0.53	0.53	0	0	0.47
216900	0.47	0.53	0.53	0	0	0.47
217000	0.47	0.53	0.53	0	0	0.47
217100	0.47	0.53	0.53	0	0	0.47
217200	0.47	0.53	0.53	0	0	0.47
217300	0.47	0.53	0.53	0	0	0.47
217400	0.47	0.53	0.53	0	0	0.47
217500	0.47	0.53	0.53	0	0	0.47
217600	0.47	0.53	0.53	0	0	0.47
217700	0.47	0.53	0.53	0	0	0.47
217800	0.47	0.53	0.53	0	0	0.47
217900	0.47	0.53	0.53	0	0	0.47
218000	0.47	0.53	0.53	0	0	0.47
218100	0.47	0.53	0.53	0	0	0.47
218200	0.47	0.53	0.53	0	0	0.47
218300	0.47	0.53	0.53	0	0	0.47
218400	0.47	0.53	0.53	0	0	0.47
218500	0.47	0.53	0.53	0	0	0.47
218600	0.47	0.53	0.53	0	0	0.47
218700	0.47	0.53	0.53	0	0	0.47
218800	0.47	0.53	0.53	0	0	0.47
218900	0.47	0.53	0.53	0	0	0.47
219000	0.47	0.53	0.53	0	0	0.47
219100	0.47	0.53	0.53	0	0	0.47
219200	0.47	0.53	0.53	0	0	0.47
219300	0.47	0.53	0.53	0	0	0.47
219400	0.47	0.53	0.53	0	0	0.47
219500	0.47	0.53	0.53	0	0	0.47
219600	0.47	0.53	0.53	0	0	0.47
219700	0.47	0.53	0.53	0	0	0.47
219800	0.47	0.53	0.53	0	0	0.47
219900	0.47	0.53	0.53	0	0	0.47
220000	0.47	0.53	0.53	0	0	0.47
220100	0.47	0.53	0.53	0	0	0.47
220200	0.47	0.53	0.53	0	0	0.47
220300	0.47	0.53	0.53	0	0	0.47
220400	0.47	0.53	0.53	0	0	0.47
220500	0.47	0.53	0.53	0	0	0.47
220600	0.47	0.53	0.53	0	0	0.47
220700	0.47	0.53	0.53	0	0	0.47
220800	0.47	0.53	0.53	0	0	0.47
220900	0.47	0.53	0.53	0	0	0.47
221000	0.47	0.53	0.53	0	0	0.47
221100	0.47	0.53	0.53	0	0	0.47
221200	0.47	0.53	0.53	0	0	0.47
221300	0.47	0.53	0.53	0	0	0.47
221400	0.47	0.53	0.53	0	0	0.47
221500	0.47	0.53	0.53	0	0	0.47
221600	0.47	0.53	0.53	0	0	0.47
221700	0.47	0.53	0.53	0	0	0.47
221800	0.47	0.53	0.53	0	0	0.47
221900	0.47	0.53	0.53	0	0	0.47
222000	0.47	0.53	0.53	0	0	0.47
222100	0.47	0.53	0.53	0	0	0.47
222200	0.47	0.53	0.53	0	0	0.47
222300	0.47	0.53	0.53	0	0	0.47
222400	0.47	0.53	0.53	0	0	0.47
222500	0.47	0.53	0.53	0	0	0.47
222600	0.47	0.53	0.53	0	0	0.47
222700	0.47	0.53	0.53	0	0	0.47
222800	0.47	0.53	0.53	0	0	0.47
222900	0.47	0.53	0.53	0	0	0.47
223000	0.47	0.53	0.53	0	0	0.47
223100	0.47	0.53	0.53	0	0	0.47
223200	0.47	0.53	0.53	0	0	0.47
223300	0.47	0.53	0.53	0	0	0.47
223400	0.47	0.53	0.53	0	0	0.47
223500	0.47	0.53	0.53	0	0	0.47
223600	0.47	0.53	0.53	0	0	0.47
223700	0.47	0.53	0.53	0	0	0.47
223800	0.47	0.53	0.53	0	0	0.47
223900	0.47	0.53	0.53	0	0	0.47
224000	0.47	0.53	0.53	0	0	0.47
224100	0.47	0.53	0.53	0	0	0.47
224200	0.47	0.53	0.53	0	0	0.47
224300	0.47	0.53	0.53	0	0	0.47
224400	0.47	0.53	0.53	0	0	0.47
224500	0.47	0.53	0.53	0	0	0.47
224600	0.47	0.53	0.53	0	0	0.47
224700	0.47	0.53	0.53	0	0	0.47
224800	0.47	0.53	0.53	0	0	0.47
224900	0.47	0.53	0.53	0	0	0.47
225000	0.47	0.53	0.53	0	0	0.47
225100	0.47	0.53	0.53	0	0	0.47
225200	0.47	0.53	0.53	0	0	0.47
225300	0.47	0.53	0.53	0	0	0.47
225400	0.47	0.53	0.53	0	0	0.47
225500	0.47	0.53	0.53	0	0	0.47
225600	0.47	0.53	0.53	0	0	0.47
225700	0.47	0.53	0.53	0	0	0.47
225800	0.47	0.53	0.53	0	0	0.47
225900	0.47	0.53	0.53	0	0	0.47
226000	0.47	0.53	0.53	0	0	0.47
226100	0.47	0.53	0.53	0	0	0.47
226200	0.47	0.53	0.53	0	0	0.47
226300	0.47	0.53	0.53	0	0	0.47
226400	0.47	0.53	0.53	0	0	0.47
226500	0.47	0.53	0.53	0	0	0.47
226600	0.47	0.53	0.53	0	0	0.47
226700	0.47	0.53	0.53	0	0	0.47
226800	0.47	0.53	0.53	0	0	0.47
226900	0.47	0.53	0.53	0	0	0.47
227000	0.47	0.53	0.53	0	0	0.47
227100	0.47	0.53	0.53	0	0	0.47
227200	0.47	0.53	0.53	0	0	0.47
227300	0.47	0.53	0.53	0	0	0.47
227400	0.47	0.53	0.53	0	0	0.47
227500	0.47	0.53	0.53	0	0	0.47
227600	0.47	0.53	0.53	0	0	0.47
227700	0.47	0.53	0.53	0	0	0.47
227800	0.47	0.53	0.53	0	0	0.47
227900	0.47	0.53	0.53	0	0	0.47
228000	0.47	0.53	0.53	0	0	0.47
228100	0.47	0.53	0.53	0	0	0.47
228200	0.47	0.53	0.53	0	0	0.47
228300	0.47	0.53	0.53	0	0	0.47
228400	0.47	0.53	0.53	0	0	0.47
228500	0.47	0.53	0.53	0	0	0.47
228600	0.47	0.53	0.53	0	0	0.47
228700	0.47	0.53	0.53	0	0	0.47
228800	0.47	0.53	0.53	0	0	0.47
228900	0.47	0.53	0.53	0	0	0.47
229000	0.47	0.53	0.53	0	0	0.47
229100	0.47	0.53	0.53	0	0	0.47
229200	0.47	0.53	0.53	0	0	0.47
229300	0.47	0.53	0.53	0	0	0.47
229400	0.47	0.53	0.53	0	0	0.47
229500	0.47	0.53	0.53	0	0	0.47
229600	0.47	0.53	0.53	0	0	0.47
229700	0.47	0.53	0.53	0	0	0.47
229800	0.46	0.53	0.53	0	0	0.46
229900	0.46	0.53	0.53	0	0	0.46
230000	0.46	0.53	0.53	0	0	0.46
230100	0.46	0.53	0.53	0	0	0.46
230200	0.46	0.53	0.53	0	0	0.46
230300	0.46	0.53	0.53	0	0	0.46
230400	0.46	0.53	0.53	0	0	0.46
230500	0.46	0.53	0.53	0	0	0.46
230600	0.46	0.53	0.53	0	0	0.46
230700	0.46	0.53	0.53	0	0	0.46
230800	0.46	0.53	0.53	0	0	0.46
230900	0.46	0.53	0.53	0	0	0.46
231000	0.46	0.53	0.53	0	0	0.46
231100	0.46	0.53	0.53	0	0	0.46
231200	0.46	0.53	0.53	0	0	0.46
231300	0.46	0.53	0.53	0	0	0.46
231400	0.46	0.53	0.53	0	0	0.46
231500	0.46	0.53	0.53	0	0	0.46
231600	0.46	0.53	0.53	0	0	0.46
231700	0.46	0.53	0.53	0	0	0.46
231800	0.46	0.53	0.53	0	0	0.46
231900	0.46	0.53	0.53	0	0	0.46
232000	0.46	0.53	0.53	0	0	0.46
232100	0.46	0.53	0.53	0	0	0.46
232200	0.46	0.53	0.53	0	0	0.46
232300	0.46	0.53	0.53	0	0	0.46
232400	0.46	0.53	0.53	0	0	0.46
232500	0.46	0.53	0.53	0	0	0.46
232600	0.46	0.53	0.53	0	0	0.46
232700	0.46	0.53	0.53	0	0	0.46
232800	0.46	0.53	0.53	0	0	0.46
232900	0.46	0.53	0.53	0	0	0.46
233000	0.46	0.53	0.53	0	0	0.46
233100	0.46	0.53	0.53	0	0	0.46
233200	0.46	0.53	0.53	0	0	0.46
233300	0.46	0.53	0.53	0	0	0.46
233400	0.46	0.53	0.53	0	0	0.46
233500	0.46	0.53	0.53	0	0	0.46
233600	0.46	0.53	0.53	0	0	0.46
233700	0.46	0.53	0.53	0	0	0.46
233800	0.46	0.53	0.53	0	0	0.46
233900	0.46	0.53	0.53	0	0	0.46
234000	0.46	0.53	0.53	0	0	0.46
234100	0.46	0.53	0.53	0	0	0.46
234200	0.45	0.53	0.53	0	0	0.45
234300	0.45	0.53	0.53	0	0	0.45
234400	0.45	0.53	0.53	0	0	0.45
234500	0.45	0.53	0.53	0	0	0.45
234600	0.45	0.53	0.53	0	0	0.45
234700	0.45	0.53	0.53	0	0	0.45
234800	0.45	0.53	0.53	0	0	0.45
234900	0.45	0.53	0.53	0	0	0.45
235000	0.45	0.53	0.53	0	0	0.45
235100	0.45	0.53	0.53	0	0	0.45
235200	0.45	0.53	0.53	0	0	0.45
235300	0.45	0.53	0.53	0	0	0.45
235400	0.45	0.53	0.53	0	0	0.45
235500	0.45	0.53	0.53	0	0	0.45
235600	0.45	0.53	0.53	0	0	0.45
235700	0.45	0.53	0.53	0	0	0.45
235800	0.45	0.53	0.53	0	0	0.45
235900	0.45	0.53	0.53	0	0	0.45
236000	0.45	0.53	0.53	0	0	0.45
236100	0.45	0.53	0.53	0	0	0.45
236200	0.45	0.53	0.53	0	0	0.45
236300	0.45	0.53	0.53	0	0	0.45
236400	0.45	0.53	0.53	0	0	0.45
236500	0.45	0.53	0.53	0	0	0.45
236600	0.45	0.53	0.53	0	0	0.45
236700	0.45	0.53	0.53	0	0	0.45
236800	0.45	0.53	0.53	0	0	0.45
236900	0.45	0.53	0.53	0	0	0.45
237000	0.45	0.53	0.53	0	0	0.45
237100	0.45	0.53	0.53	0	0	0.45
237200	0.45	0.53	0.53	0	0	0.45
237300	0.45	0.53	0.53	0	0	0.45
237400	0.45	0.53	0.53	0	0	0.45
237500	0.45	0.53	0.53	0	0	0.45
237600	0.45	0.53	0.53	0	0	0.45
237700	0.45	0.53	0.53	0	0	0.45
237800	0.45	0.53	0.53	0	0	0.45
237900	0.45	0.53	0.53	0	0	0.45
238000	0.45	0.53	0.53	0	0	0.45
238100	0.45	0.53	0.53	0	0	0.45
238200	0.45	0.53	0.53	0	0	0.45
238300	0.45	0.53	0.53	0	0	0.45
238400	0.44	0.53	0.53	0	0	0.44
238500	0.44	0.53	0.53	0	0	0.44
238600	0.44	0.53	0.53	0	0	0.44
238700	0.44	0.53	0.53	0	0	0.44
238800	0.44	0.53	0.53	0	0	0.44
238900	0.44	0.53	0.53	0	0	0.44
239000	0.44	0.53	0.53	0	0	0.44
239100	0.44	0.53	0.53	0	0	0.44
239200	0.44	0.53	0.53	0	0	0.44
239300	0.44	0.53	0.53	0	0	0.44
239400	0.44	0.53	0.53	0	0	0.44
239500	0.44	0.53	0.53	0	0	0.44
239600	0.44	0.53	0.53	0	0	0.44
239700	0.44	0.53	0.53	0	0	0.44
239800	0.44	0.53	0.53	0	0	0.44
239900	0.44	0.53	0.53	0	0	0.44
240000	0.44	0.53	0.53	0	0	0.44
240100	0.44	0.53	0.53	0	0	0.44
240200	0.44	0.53	0.53	0	0	0.44
240300	0.44	0.53	0.53	0	0	0.44
240400	0.44	0.53	0.53	0	0	0.44
240500	0.44	0.53	0.53	0	0	0.44
240600	0.44	0.53	0.53	0	0	0.44
240700	0.44	0.53	0.53	0	0	0.44
240800	0.44	0.53	0.53	0	0	0.44
240900	0.44	0.53	0.53	0	0	0.44
241000	0.44	0.53	0.53	0	0	0.44
241100	0.44	0.53	0.53	0	0	0.44
241200	0.44	0.53	0.53	0	0	0.44
241300	0.44	0.53	0.53	0	0	0.44
241400	0.44	0.53	0.53	0	0	0.44
241500	0.44	0.53	0.53	0	0	0.44
241600	0.44	0.53	0.53	0	0	0.44
241700	0.44	0.53	0.53	0	0	0.44
241800	0.44	0.53	0.53	0	0	0.44
241900	0.44	0.53	0.53	0	0	0.44
242000	0.44	0.53	0.53	0	0	0.44
242100	0.44	0.53	0.53	0	0	0.44
242200	0.44	0.53	0.53	0	0	0.44
242300	0.44	0.53	0.53	0	0	0.44
242400	0.44	0.53	0.53	0	0	0.44
242500	0.44	0.53	0.53	0	0	0.44
242600	0.44	0.53	0.53	0	0	0.44
242700	0.45	0.53	0.53	0	0	0.45
242800	0.46	0.53	0.53	0	0	0.46
242900	0.46	0.53	0.53	0	0	0.46
243000	0.46	0.53	0.53	0	0	0.46
243100	0.46	0.53	0.53	0	0	0.46
243200	0.46	0.53	0.53	0	0	0.46
243300	0.46	0.53	0.53	0	0	0.46
243400	0.46	0.53	0.53	0	0	0.46
243500	0.46	0.53	0.53	0	0	0.46
243600	0.46	0.53	0.53	0	0	0.46
243700	0.46	0.53	0.53	0	0	0.46
243800	0.46	0.53	0.53	0	0	0.46
243900	0.46	0.53	0.53	0	0	0.46
244000	0.46	0.53	0.53	0	0	0.46
244100	0.46	0.53	0.53	0	0	0.46
244200	0.46	0.53	0.53	0	0	0.46
244300	0.46	0.53	0.53	0	0	0.46
244400	0.46	0.53	0.53	0	0	0.46
244500	0.46	0.53	0.53	0	0	0.46
244600	0.46	0.53	0.53	0	0	0.46
244700	0.47	0.53	0.53	0	0	0.47
244800	0.47	0.53	0.53	0	0	0.47
244900	0.47	0.53	0.53	0	0	0.47
245000	0.47	0.53	0.53	0	0	0.47
245100	0.47	0.53	0.53	0	0	0.47
245200	0.47	0.53	0.53	0	0	0.47
245300	0.47	0.53	0.53	0	0	0.47
245400	0.47	0.53	0.53	0	0	0.47
245500	0.47	0.53	0.53	0	0	0.47
245600	0.47	0.53	0.53	0	0	0.47
245700	0.47	0.53	0.53	0	0	0.47
245800	0.47	0.53	0.53	0	0	0.47
245900	0.47	0.53	0.53	0	0	0.47
246000	0.47	0.53	0.53	0	0	0.47
246100	0.47	0.53	0.53	0	0	0.47
246200	0.47	0.53	0.53	0	0	0.47
246300	0.47	0.53	0.53	0	0	0.47
246400	0.47	0.53	0.53	0	0	0.47
246500	0.47	0.53	0.53	0	0	0.47
246600	0.47	0.53	0.53	0	0	0.47
246700	0.47	0.53	0.53	0	0	0.47
246800	0.47	0.53	0.53	0	0	0.47
246900	0.47	0.53	0.53	0	0	0.47
247000	0.47	0.53	0.53	0	0	0.47
247100	0.47	0.53	0.53	0	0	0.47
247200	0.47	0.53	0.53	0	0	0.47
247300	0.47	0.53	0.53	0	0	0.47
247400	0.47	0.53	0.53	0	0	0.47
247500	0.47	0.53	0.53	0	0	0.47
247600	0.47	0.53	0.53	0	0	0.47
247700	0.47	0.53	0.53	0	0	0.47
247800	0.47	0.53	0.53	0	0	0.47
247900	0.47	0.53	0.53	0	0	0.47
248000	0.47	0.53	0.53	0	0	0.47
248100	0.47	0.53	0.53	0	0	0.47
248200	0.47	0.53	0.53	0	0	0.47
248300	0.47	0.53	0.53	0	0	0.47
248400	0.47	0.53	0.53	0	0	0.47
248500	0.47	0.53	0.53	0	0	0.47
248600	0.47	0.53	0.53	0	0	0.47
248700	0.47	0.53	0.53	0	0	0.47
248800	0.47	0.53	0.53	0	0	0.47
248900	0.47	0.53	0.53	0	0	0.47
249000	0.47	0.53	0.53	0	0	0.47
249100	0.47	0.53	0.53	0	0	0.47
249200	0.47	0.53	0.53	0	0	0.47
249300	0.47	0.53	0.53	0	0	0.47
249400	0.47	0.53	0.53	0	0	0.47
249500	0.47	0.53	0.53	0	0	0.47
249600	0.47	0.53	0.53	0	0	0.47
249700	0.47	0.53	0.53	0	0	0.47
249800	0.47	0.53	0.53	0	0	0.47
249900	0.47	0.53	0.53	0	0	0.47
250000	0.47	0.53	0.53	0	0	0.47
250100	0.47	0.53	0.53	0	0	0.47
250200	0.47	0.53	0.53	0	0	0.47
250300	0.47	0.53	0.53	0	0	0.47
250400	0.47	0.53	0.53	0	0	0.47
250500	0.47	0.53	0.53	0	0	0.47
250600	0.47	0.53	0.53	0	0	0.47
250700	0.47	0.53	0.53	0	0	0.47
250800	0.47	0.53	0.53	0	0	0.47
250900	0.47	0.53	0.53	0	0	0.47
251000	0.47	0.53	0.53	0	0	0.47
251100	0.47	0.53	0.53	0	0	0.47
251200	0.47	0.53	0.53	0	0	0.47
251300	0.47	0.53	0.53	0	0	0.47
251400	0.47	0.53	0.53	0	0	0.47
251500	0.47	0.53	0.53	0	0	0.47
251600	0.47	0.53	0.53	0	0	0.47
251700	0.47	0.53	0.53	0	0	0.47
251800	0.47	0.53	0.53	0	0	0.47
251900	0.47	0.53	0.53	0	0	0.47
252000	0.47	0.53	0.53	0	0	0.47
252100	0.47	0.53	0.53	0	0	0.47
252200	0.47	0.53	0.53	0	0	0.47
252300	0.47	0.53	0.53	0	0	0.47
252400	0.47	0.53	0.53	0	0	0.47
252500	0.47	0.53	0.53	0	0	0.47
252600	0.47	0.53	0.53	0	0	0.47
252700	0.47	0.53	0.53	0	0	0.47
252800	0.47	0.53	0.53	0	0	0.47
252900	0.47	0.53	0.53	0	0	0.47
253000	0.47	0.53	0.53	0	0	0.47
253100	0.47	0.53	0.53	0	0	0.47
253200	0.47	0.53	0.53	0	0	0.47
253300	0.47	0.53	0.53	0	0	0.47
253400	0.47	0.53	0.53	0	0	0.47
253500	0.47	0.53	0.53	0	0	0.47
253600	0.47	0.53	0.53	0	0	0.47
253700	0.47	0.53	0.53	0	0	0.47
253800	0.47	0.53	0.53	0	0	0.47
253900	0.47	0.53	0.53	0	0	0.47
254000	0.47	0.53	0.53	0	0	0.47
254100	0.47	0.53	0.53	0	0	0.47
254200	0.47	0.53	0.53	0	0	0.47
254300	0.47	0.53	0.53	0	0	0.47
254400	0.47	0.53	0.53	0	0	0.47
254500	0.47	0.53	0.53	0	0	0.47
254600	0.47	0.53	0.53	0	0	0.47
254700	0.47	0.53	0.53	0	0	0.47
254800	0.47	0.53	0.53	0	0	0.47
254900	0.47	0.53	0.53	0	0	0.47
255000	0.47	0.53	0.53	0	0	0.47
255100	0.47	0.53	0.53	0	0	0.47
255200	0.47	0.53	0.53	0	0	0.47
255300	0.47	0.53	0.53	0	0	0.47
255400	0.47	0.53	0.53	0	0	0.47
255500	0.47	0.53	0.53	0	0	0.47
255600	0.47	0.53	0.53	0	0	0.47
255700	0.47	0.53	0.53	0	0	0.47
255800	0.47	0.53	0.53	0	0	0.47
255900	0.47	0.53	0.53	0	0	0.47
256000	0.47	0.53	0.53	0	0	0.47
256100	0.47	0.53	0.53	0	0	0.47
256200	0.47	0.53	0.53	0	0	0.47
256300	0.47	0.53	0.53	0	0	0.47
256400	0.47	0.53	0.53	0	0	0.47
256500	0.47	0.53	0.53	0	0	0.47
256600	0.47	0.53	0.53	0	0	0.47
256700	0.47	0.53	0.53	0	0	0.47
256800	0.47	0.53	0.53	0	0	0.47
256900	0.47	0.53	0.53	0	0	0.47
257000	0.47	0.53	0.53	0	0	0.47
257100	0.47	0.53	0.53	0	0	0.47
257200	0.47	0.53	0.53	0	0	0.47
257300	0.47	0.53	0.53	0	0	0.47
257400	0.47	0.53	0.53	0	0	0.47
257500	0.47	0.53	0.53	0	0	0.47
257600	0.47	0.53	0.53	0	0	0.47
257700	0.47	0.53	0.53	0	0	0.47
257800	0.47	0.53	0.53	0	0	0.47
257900	0.47	0.53	0.53	0	0	0.47
258000	0.47	0.53	0.53	0	0	0.47
258100	0.47	0.53	0.53	0	0	0.47
258200	0.47	0.53	0.53	0	0	0.47
258300	0.47	0.53	0.53	0	0	0.47
258400	0.47	0.53	0.53	0	0	0.47
258500	0.47	0.53	0.53	0	0	0.47
258600	0.47	0.53	0.53	0	0	0.47
258700	0.47	0.53	0.53	0	0	0.47
258800	0.47	0.53	0.53	0	0	0.47
258900	0.47	0.53	0.53	0	0	0.47
259000	0.47	0.53	0.53	0	0	0.47
259100	0.47	0.53	0.53	0	0	0.47
259200	0.47	0.53	0.53	0	0	0.47
259300	0.47	0.53	0.53	0	0	0.47
259400	0.47	0.53	0.53	0	0	0.47
259500	0.47	0.53	0.53	0	0	0.47
259600	0.47	0.53	0.53	0	0	0.47
259700	0.47	0.53	0.53	0	0	0.47
259800	0.47	0.53	0.53	0	0	0.47
259900	0.47	0.53	0.53	0	0	0.47
260000	0.47	0.53	0.53	0	0	0.47
260100	0.47	0.53	0.53	0	0	0.47
260200	0.47	0.53	0.53	0	0	0.47
260300	0.47	0.53	0.53	0	0	0.47
260400	0.47	0.53	0.53	0	0	0.47
260500	0.47	0.53	0.53	0	0	0.47
260600	0.47	0.53	0.53	0	0	0.47
260700	0.47	0.53	0.53	0	0	0.47
260800	0.47	0.53	0.53	0	0	0.47
260900	0.47	0.53	0.53	0	0	0.47
261000	0.47	0.53	0.53	0	0	0.47
261100	0.47	0.53	0.53	0	0	0.47
261200	0.47	0.53	0.53	0	0	0.47
261300	0.47	0.53	0.53	0	0	0.47
261400	0.47	0.53	0.53	0	0	0.47
261500	0.47	0.53	0.53	0	0	0.47
261600	0.47	0.53	0.53	0	0	0.47
261700	0.47	0.53	0.53	0	0	0.47
261800	0.47	0.53	0.53	0	0	0.47
261900	0.47	0.53	0.53	0	0	0.47
262000	0.47	0.53	0.53	0	0	0.47
262100	0.47	0.53	0.53	0	0	0.47
262200	0.47	0.53	0.53	0	0	0.47
262300	0.47	0.53	0.53	0	0	0.47
262400	0.47	0.53	0.53	0	0	0.47
262500	0.47	0.53	0.53	0	0	0.47
262600	0.47	0.53	0.53	0	0	0.47
262700	0.47	0.53	0.53	0	0	0.47
262800	0.47	0.53	0.53	0	0	0.47
262900	0.47	0.53	0.53	0	0	0.47
263000	0.47	0.53	0.53	0	0	0.47
263100	0.47	0.53	0.53	0	0	0.47
263200	0.46	0.53	0.53	0	0	0.46
263300	0.46	0.53	0.53	0	0	0.46
263400	0.46	0.53	0.53	0	0	0.46
263500	0.46	0.53	0.53	0	0	0.46
263600	0.46	0.53	0.53	0	0	0.46
263700	0.46	0.53	0.53	0	0	0.46
263800	0.46	0.53	0.53	0	0	0.46
263900	0.46	0.53	0.53	0	0	0.46
264000	0.46	0.53	0.53	0	0	0.46
264100	0.46	0.53	0.53	0	0	0.46
264200	0.46	0.53	0.53	0	0	0.46
264300	0.45	0.53	0.53	0	0	0.45
264400	0.45	0.53	0.53	0	0	0.45
264500	0.45	0.53	0.53	0	0	0.45
264600	0.45	0.53	0.53	0	0	0.45
264700	0.45	0.53	0.53	0	0	0.45
264800	0.45	0.53	0.53	0	0	0.45
264900	0.45	0.53	0.53	0	0	0.45
265000	0.45	0.53	0.53	0	0	0.45
265100	0.45	0.53	0.53	0	0	0.45
265200	0.45	0.53	0.53	0	0	0.45
265300	0.45	0.53	0.53	0	0	0.45
265400	0.45	0.53	0.53	0	0	0.45
265500	0.45	0.53	0.53	0	0	0.45
265600	0.45	0.53	0.53	0	0	0.45
265700	0.45	0.53	0.53	0	0	0.45
265800	0.45	0.53	0.53	0	0	0.45
265900	0.45	0.53	0.53	0	0	0.45
266000	0.45	0.53	0.53	0	0	0.45
266100	0.45	0.53	0.53	0	0	0.45
266200	0.45	0.53	0.53	0	0	0.45
266300	0.45	0.53	0.53	0	0	0.45
266400	0.45	0.53	0.53	0	0	0.45
266500	0.45	0.53	0.53	0	0	0.45
266600	0.45	0.53	0.53	0	0	0.45
266700	0.45	0.53	0.53	0	0	0.45
266800	0.45	0.53	0.53	0	0	0.45
266900	0.45	0.53	0.53	0	0	0.45
267000	0.45	0.53	0.53	0	0	0.45
267100	0.45	0.53	0.53	0	0	0.45
267200	0.45	0.53	0.53	0	0	0.45
267300	0.45	0.53	0.53	0	0	0.45
267400	0.45	0.53	0.53	0	0	0.45
267500	0.45	0.53	0.53	0	0	0.45
267600	0.45	0.53	0.53	0	0	0.45
267700	0.45	0.53	0.53	0	0	0.45
267800	0.45	0.53	0.53	0	0	0.45
267900	0.45	0.53	0.53	0	0	0.45
268000	0.45	0.53	0.53	0	0	0.45
268100	0.45	0.53	0.53	0	0	0.45
268200	0.45	0.53	0.53	0	0	0.45
268300	0.45	0.53	0.53	0	0	0.45
268400	0.45	0.53	0.53	0	0	0.45
268500	0.45	0.53	0.53	0	0	0.45
268600	0.45	0.53	0.53	0	0	0.45
268700	0.45	0.53	0.53	0	0	0.45
268800	0.45	0.53	0.53	0	0	0.45
268900	0.45	0.53	0.53	0	0	0.45
269000	0.45	0.53	0.53	0	0	0.45
269100	0.45	0.53	0.53	0	0	0.45
269200	0.45	0.53	0.53	0	0	0.45
269300	0.45	0.53	0.53	0	0	0.45
269400	0.45	0.53	0.53	0	0	0.45
269500	0.45	0.53	0.53	0	0	0.45
269600	0.45	0.53	0.53	0	0	0.45
269700	0.45	0.53	0.53	0	0	0.45
269800	0.45	0.53	0.53	0	0	0.45
269900	0.46	0.53	0.53	0	0	0.46
270000	0.46	0.53	0.53	0	0	0.46
270100	0.46	0.53	0.53	0	0	0.46
270200	0.46	0.53	0.53	0	0	0.46
270300	0.46	0.53	0.53	0	0	0.46
270400	0.46	0.53	0.53	0	0	0.46
270500	0.46	0.53	0.53	0	0	0.46
270600	0.46	0.53	0.53	0	0	0.46
270700	0.46	0.53	0.53	0	0	0.46
270800	0.46	0.53	0.53	0	0	0.46
270900	0.46	0.53	0.53	0	0	0.46
271000	0.46	0.53	0.53	0	0	0.46
271100	0.46	0.53	0.53	0	0	0.46
271200	0.46	0.53	0.53	0	0	0.46
271300	0.46	0.53	0.53	0	0	0.46
271400	0.46	0.53	0.53	0	0	0.46
271500	0.46	0.53	0.53	0	0	0.46
271600	0.46	0.53	0.53	0	0	0.46
271700	0.46	0.53	0.53	0	0	0.46
271800	0.47	0.53	0.53	0	0	0.47
271900	0.47	0.53	0.53	0	0	0.47
272000	0.47	0.53	0.53	0	0	0.47
272100	0.47	0.53	0.53	0	0	0.47
272200	0.47	0.53	0.53	0	0	0.47
272300	0.47	0.53	0.53	0	0	0.47
272400	0.47	0.53	0.53	0	0	0.47
272500	0.47	0.53	0.53	0	0	0.47
272600	0.47	0.53	0.53	0	0	0.47
272700	0.47	0.53	0.53	0	0	0.47
272800	0.47	0.53	0.53	0	0	0.47
272900	0.47	0.53	0.53	0	0	0.47
273000	0.47	0.53	0.53	0	0	0.47
273100	0.47	0.53	0.53	0	0	0.47
273200	0.47	0.53	0.53	0	0	0.47
273300	0.47	0.53	0.53	0	0	0.47
273400	0.47	0.53	0.53	0	0	0.47
273500	0.47	0.53	0.53	0	0	0.47
273600	0.47	0.53	0.53	0	0	0.47
273700	0.47	0.53	0.53	0	0	0.47
273800	0.47	0.53	0.53	0	0	0.47
273900	0.47	0.53	0.53	0	0	0.47
274000	0.47	0.53	0.53	0	0	0.47
274100	0.47	0.53	0.53	0	0	0.47
274200	0.47	0.53	0.53	0	0	0.47
274300	0.47	0.53	0.53	0	0	0.47
274400	0.47	0.53	0.53	0	0	0.47
274500	0.47	0.53	0.53	0	0	0.47
274600	0.47	0.53	0.53	0	0	0.47
274700	0.47	0.53	0.53	0	0	0.47
274800	0.47	0.53	0.53	0	0	0.47
274900	0.47	0.53	0.53	0	0	0.47
275000	0.47	0.53	0.53	0	0	0.47
275100	0.47	0.53	0.53	0	0	0.47
275200	0.47	0.53	0.53	0	0	0.47
275300	0.47	0.53	0.53	0	0	0.47
275400	0.47	0.53	0.53	0	0	0.47
275500	0.47	0.53	0.53	0	0	0.47
275600	0.47	0.53	0.53	0	0	0.47
275700	0.47	0.53	0.53	0	0	0.47
275800	0.47	0.53	0.53	0	0	0.47
275900	0.47	0.53	0.53	0	0	0.47
276000	0.47	0.53	0.53	0	0	0.47
276100	0.47	0.53	0.53	0	0	0.47
276200	0.47	0.53	0.53	0	0	0.47
276300	0.47	0.53	0.53	0	0	0.47
276400	0.47	0.53	0.53	0	0	0.47
276500	0.47	0.53	0.53	0	0	0.47
276600	0.47	0.53	0.53	0	0	0.47
276700	0.47	0.53	0.53	0	0	0.47
276800	0.47	0.53	0.53	0	0	0.47
276900	0.47	0.53	0.53	0	0	0.47
277000	0.47	0.53	0.53	0	0	0.47
277100	0.47	0.53	0.53	0	0	0.47
277200	0.47	0.53	0.53	0	0	0.47
277300	0.47	0.53	0.53	0	0	0.47
277400	0.47	0.53	0.53	0	0	0.47
277500	0.47	0.53	0.53	0	0	0.47
277600	0.47	0.53	0.53	0	0	0.47
277700	0.47	0.53	0.53	0	0	0.47
277800	0.47	0.53	0.53	0	0	0.47
277900	0.47	0.53	0.53	0	0	0.47
278000	0.47	0.53	0.53	0	0	0.47
278100	0.47	0.53	0.53	0	0	0.47
278200	0.47	0.53	0.53	0	0	0.47
278300	0.47	0.53	0.53	0	0	0.47
278400	0.47	0.53	0.53	0	0	0.47
278500	0.47	0.53	0.53	0	0	0.47
278600	0.47	0.53	0.53	0	0	0.47
278700	0.47	0.53	0.53	0	0	0.47
278800	0.47	0.53	0.53	0	0	0.47
278900	0.47	0.53	0.53	0	0	0.47
279000	0.47	0.53	0.53	0	0	0.47
279100	0.47	0.53	0.53	0	0	0.47
279200	0.47	0.53	0.53	0	0	0.47
279300	0.47	0.53	0.53	0	0	0.47
279400	0.47	0.53	0.53	0	0	0.47
279500	0.47	0.53	0.53	0	0	0.47
279600	0.47	0.53	0.53	0	0	0.47
279700	0.47	0.53	0.53	0	0	0.47
279800	0.47	0.53	0.53	0	0	0.47
279900	0.47	0.53	0.53	0	0	0.47
280000	0.47	0.53	0.53	0	0	0.47
280100	0.47	0.53	0.53	0	0	0.47
280200	0.47	0.53	0.53	0	0	0.47
280300	0.47	0.53	0.53	0	0	0.47
280400	0.47	0.53	0.53	0	0	0.47
280500	0.47	0.53	0.53	0	0	0.47
280600	0.47	0.53	0.53	0	0	0.47
280700	0.47	0.53	0.53	0	0	0.47
280800	0.47	0.53	0.53	0	0	0.47
280900	0.47	0.53	0.53	0	0	0.47
281000	0.47	0.53	0.53	0	0	0.47
281100	0.47	0.53	0.53	0	0	0.47
281200	0.47	0.53	0.53	0	0	0.47
281300	0.47	0.53	0.53	0	0	0.47
281400	0.47	0.53	0.53	0	0	0.47
281500	0.47	0.53	0.53	0	0	0.47
281600	0.47	0.53	0.53	0	0	0.47
281700	0.47	0.53	0.53	0	0	0.47
281800	0.47	0.53	0.53	0	0	0.47
281900	0.47	0.53	0.53	0	0	0.47
282000	0.47	0.53	0.53	0	0	0.47
282100	0.47	0.53	0.53	0	0	0.47
282200	0.47	0.53	0.53	0	0	0.47
282300	0.47	0.53	0.53	0	0	0.47
282400	0.47	0.53	0.53	0	0	0.47
282500	0.47	0.53	0.53	0	0	0.47
282600	0.47	0.53	0.53	0	0	0.47
282700	0.47	0.53	0.53	0	0	0.47
282800	0.47	0.53	0.53	0	0	0.47
282900	0.47	0.53	0.53	0	0	0.47
283000	0.47	0.53	0.53	0	0	0.47
283100	0.47	0.53	0.53	0	0	0.47
283200	0.47	0.53	0.53	0	0	0.47
283300	0.47	0.53	0.53	0	0	0.47
283400	0.47	0.53	0.53	0	0	0.47
283500	0.47	0.53	0.53	0	0	0.47
283600	0.47	0.53	0.53	0	0	0.47
283700	0.47	0.53	0.53	0	0	0.47
283800	0.47	0.53	0.53	0	0	0.47
283900	0.47	0.53	0.53	0	0	0.47
284000	0.47	0.53	0.53	0	0	0.47
284100	0.47	0.53	0.53	0	0	0.47
284200	0.47	0.53	0.53	0	0	0.47
284300	0.47	0.53	0.53	0	0	0.47
284400	0.47	0.53	0.53	0	0	0.47
284500	0.47	0.53	0.53	0	0	0.47
284600	0.47	0.53	0.53	0	0	0.47
284700	0.47	0.53	0.53	0	0	0.47
284800	0.47	0.53	0.53	0	0	0.47
284900	0.47	0.53	0.53	0	0	0.47
285000	0.47	0.53	0.53	0	0	0.47
285100	0.47	0.53	0.53	0	0	0.47
285200	0.47	0.53	0.53	0	0	0.47
285300	0.47	0.53	0.53	0	0	0.47
285400	0.47	0.53	0.53	0	0	0.47
285500	0.47	0.53	0.53	0	0	0.47
285600	0.47	0.53	0.53	0	0	0.47
285700	0.47	0.53	0.53	0	0	0.47
285800	0.47	0.53	0.53	0	0	0.47
285900	0.47	0.53	0.53	0	0	0.47
286000	0.47	0.53	0.53	0	0	0.47
286100	0.47	0.53	0.53	0	0	0.47
286200	0.47	0.53	0.53	0	0	0.47
286300	0.47	0.53	0.53	0	0	0.47
286400	0.47	0.53	0.53	0	0	0.47
286500	0.47	0.53	0.53	0	0	0.47
286600	0.47	0.53	0.53	0	0	0.47
286700	0.47	0.53	0.53	0	0	0.47
286800	0.47	0.53	0.53	0	0	0.47
286900	0.47	0.53	0.53	0	0	0.47
287000	0.47	0.53	0.53	0	0	0.47
287100	0.47	0.53	0.53	0	0	0.47
287200	0.47	0.53	0.53	0	0	0.47
287300	0.47	0.53	0.53	0	0	0.47
287400	0.47	0.53	0.53	0	0	0.47
287500	0.47	0.53	0.53	0	0	0.47
287600	0.47	0.53	0.53	0	0	0.47
287700	0.47	0.53	0.53	0	0	0.47
287800	0.47	0.53	0.53	0	0	0.47
287900	0.47	0.53	0.53	0	0	0.47
288000	0.47	0.53	0.53	0	0	0.47
288100	0.47	0.53	0.53	0	0	0.47
288200	0.47	0.53	0.53	0	0	0.47
288300	0.47	0.53	0.53	0	0	0.47
288400	0.47	0.53	0.53	0	0	0.47
288500	0.47	0.53	0.53	0	0	0.47
288600	0.47	0.53	0.53	0	0	0.47
288700	0.47	0.53	0.53	0	0	0.47
288800	0.47	0.53	0.53	0	0	0.47
288900	0.47	0.53	0.53	0	0	0.47
289000	0.47	0.53	0.53	0	0	0.47
289100	0.47	0.53	0.53	0	0	0.47
289200	0.47	0.53	0.53	0	0	0.47
289300	0.47	0.53	0.53	0	0	0.47
289400	0.47	0.53	0.53	0	0	0.47
289500	0.47	0.53	0.53	0	0	0.47
289600	0.47	0.53	0.53	0	0	0.47
289700	0.47	0.53	0.53	0	0	0.47
289800	0.47	0.53	0.53	0	0	0.47
289900	0.47	0.53	0.53	0	0	0.47
290000	0.47	0.53	0.53	0	0	0.47
290100	0.47	0.53	0.53	0	0	0.47
290200	0.47	0.53	0.53	0	0	0.47
290300	0.47	0.53	0.53	0	0	0.47
290400	0.47	0.53	0.53	0	0	0.47
290500	0.47	0.53	0.53	0	0	0.47
290600	0.47	0.53	0.53	0	0	0.47
290700	0.47	0.53	0.53	0	0	0.47
290800	0.47	0.53	0.53	0	0	0.47
290900	0.47	0.53	0.53	0	0	0.47
291000	0.47	0.53	0.53	0	0	0.47
291100	0.47	0.53	0.53	0	0	0.47
291200	0.47	0.53	0.53	0	0	0.47
291300	0.47	0.53	0.53	0	0	0.47
291400	0.47	0.53	0.53	0	0	0.47
291500	0.47	0.53	0.53	0	0	0.47
291600	0.47	0.53	0.53	0	0	0.47
291700	0.47	0.53	0.53	0	0	0.47
291800	0.47	0.53	0.53	0	0	0.47
291900	0.47	0.53	0.53	0	0	0.47
292000	0.47	0.53	0.53	0	0	0.47
292100	0.47	0.53	0.53	0	0	0.47
292200	0.47	0.53	0.53	0	0	0.47
292300	0.47	0.53	0.53	0	0	0.47
292400	0.47	0.53	0.53	0	0	0.47
292500	0.47	0.53	0.53	0	0	0.47
292600	0.47	0.53	0.53	0	0	0.47
292700	0.47	0.53	0.53	0	0	0.47
292800	0.47	0.53	0.53	0	0	0.47
292900	0.47	0.53	0.53	0	0	0.47
293000	0.47	0.53	0.53	0	0	0.47
293100	0.47	0.53	0.53	0	0	0.47
293200	0.47	0.53	0.53	0	0	0.47
293300	0.47	0.53	0.53	0	0	0.47
293400	0.47	0.53	0.53	0	0	0.47
293500	0.47	0.53	0.53	0	0	0.47
293600	0.47	0.53	0.53	0	0	0.47
293700	0.47	0.53	0.53	0	0	0.47
293800	0.47	0.53	0.53	0	0	0.47
293900	0.47	0.53	0.53	0	0	0.47
294000	0.47	0.53	0.53	0	0	0.47
294100	0.47	0.53	0.53	0	0	0.47
294200	0.47	0.53	0.53	0	0	0.47
294300	0.47	0.53	0.53	0	0	0.47
294400	0.47	0.53	0.53	0	0	0.47
294500	0.47	0.53	0.53	0	0	0.47
294600	0.47	0.53	0.53	0	0	0.47
294700	0.47	0.53	0.53	0	0	0.47
294800	0.47	0.53	0.53	0	0	0.47
294900	0.47	0.53	0.53	0	0	0.47
295000	0.47	0.53	0.53	0	0	0.47
295100	0.47	0.53	0.53	0	0	0.47
295200	0.47	0.53	0.53	0	0	0.47
295300	0.47	0.53	0.53	0	0	0.47
295400	0.47	0.53	0.53	0	0	0.47
295500	0.47	0.53	0.53	0	0	0.47
295600	0.47	0.53	0.53	0	0	0.47
295700	0.47	0.53	0.53	0	0	0.47
295800	0.47	0.53	0.53	0	0	0.47
295900	0.47	0.53	0.53	0	0	0.47
296000	0.47	0.53	0.53	0	0	0.47
296100	0.47	0.53	0.53	0	0	0.47
296200	0.47	0.53	0.53	0	0	0.47
296300	0.47	0.53	0.53	0	0	0.47
296400	0.47	0.53	0.53	0	0	0.47
296500	0.47	0.53	0.53	0	0	0.47
296600	0.47	0.53	0.53	0	0	0.47
296700	0.47	0.53	0.53	0	0	0.47
296800	0.47	0.53	0.53	0	0	0.47
296900	0.47	0.53	0.53	0	0	0.47
297000	0.47	0.53	0.53	0	0	0.47
297100	0.47	0.53	0.53	0	0	0.47
297200	0.47	0.53	0.53	0	0	0.47
297300	0.47	0.53	0.53	0	0	0.47
297400	0.47	0.53	0.53	0	0	0.47
297500	0.47	0.53	0.53	0	0	0.47
297600	0.47	0.53	0.53	0	0	0.47
297700	0.47	0.53	0.53	0	0	0.47
297800	0.47	0.53	0.53	0	0	0.47
297900	0.47	0.53	0.53	0	0	0.47
298000	0.47	0.53	0.53	0	0	0.47
298100	0.47	0.53	0.53	0	0	0.47
298200	0.47	0.53	0.53	0	0	0.47
298300	0.47	0.53	0.53	0	0	0.47
298400	0.47	0.53	0.53	0	0	0.47
298500	0.47	0.53	0.53	0	0	0.47
298600	0.47	0.53	0.53	0	0	0.47
298700	0.47	0.53	0.53	0	0	0.47
298800	0.47	0.53	0.53	0	0	0.47
298900	0.47	0.53	0.53	0	0	0.47
299000	0.47	0.53	0.53	0	0	0.47
299100	0.47	0.53	0.53	0	0	0.47
299200	0.47	0.53	0.53	0	0	0.47
299300	0.47	0.53	0.53	0	0	0.47
299400	0.47	0.53	0.53	0	0	0.47
299500	0.47	0.53	0.53	0	0	0.47
299600	0.47	0.53	0.53	0	0	0.47
299700	0.47	0.53	0.53	0	0	0.47
299800	0.47	0.53	0.53	0	0	0.47
299900	0.47	0.53	0.53	0	0	0.47
300000	0.47	0.53	0.53	0	0	0.47
