100	0.06	0.04	0.04	0	0	0.06
200	0.07	0.06	0.06	0	0	0.07
300	0.05	0.08	0.08	0	0	0.05
400	0.03	0.1	0.1	0	0	0.03
500	0.03	0.1	0.1	0	0	0.03
600	0.02	0.1	0.1	0	0	0.02
700	0.03	0.09	0.09	0	0	0.03
800	0.03	0.11	0.11	0	0	0.03
900	0.01	0.12	0.12	0	0	0.01
1000	0.02	0.14	0.14	0	0	0.02
1100	0.03	0.15	0.15	0	0	0.03
1200	0.03	0.14	0.14	0	0	0.03
1300	0.04	0.14	0.14	0	0	0.04
1400	0.03	0.12	0.12	0	0	0.03
1500	0.04	0.09	0.09	0	0	0.04
1600	0.03	0.09	0.09	0	0	0.03
1700	0.04	0.09	0.09	0	0	0.04
1800	0.04	0.09	0.09	0	0	0.04
1900	0.03	0.1	0.1	0	0	0.03
2000	0.03	0.12	0.12	0	0	0.03
2100	0.03	0.11	0.11	0	0	0.03
2200	0.05	0.1	0.1	0	0	0.05
2300	0.06	0.09	0.09	0	0	0.06
2400	0.09	0.1	0.1	0	0	0.09
2500	0.07	0.13	0.13	0	0	0.07
2600	0.06	0.13	0.13	0	0	0.06
2700	0.06	0.13	0.13	0	0	0.06
2800	0.05	0.13	0.13	0	0	0.05
2900	0.05	0.14	0.14	0	0	0.05
3000	0.04	0.14	0.14	0	0	0.04
3100	0.02	0.14	0.14	0	0	0.02
3200	0.01	0.14	0.14	0	0	0.01
3300	0	0.14	0.14	0	0	0
3400	0.01	0.15	0.15	0	0	0.01
3500	0.04	0.15	0.15	0	0	0.04
3600	0.04	0.16	0.16	0	0	0.04
3700	0.04	0.17	0.17	0	0	0.04
3800	0.03	0.16	0.16	0	0	0.03
3900	0.04	0.17	0.17	0	0	0.04
4000	0.03	0.17	0.17	0	0	0.03
4100	0.03	0.17	0.17	0	0	0.03
4200	0.04	0.17	0.17	0	0	0.04
4300	0.04	0.17	0.17	0	0	0.04
4400	0.03	0.18	0.18	0	0	0.03
4500	0.02	0.19	0.19	0	0	0.02
4600	0.01	0.21	0.21	0	0	0.01
4700	0.01	0.22	0.22	0	0	0.01
4800	0	0.22	0.22	0	0	0
4900	0.01	0.22	0.22	0	0	0.01
5000	0.03	0.22	0.22	0	0	0.03
5100	0.04	0.21	0.21	0	0	0.04
5200	0.03	0.21	0.21	0	0	0.03
5300	0.01	0.2	0.2	0	0	0.01
5400	0.02	0.2	0.2	0	0	0.02
5500	0.01	0.2	0.2	0	0	0.01
5600	0.01	0.2	0.2	0	0	0.01
5700	0.02	0.21	0.21	0	0	0.02
5800	0.03	0.21	0.21	0	0	0.03
5900	0.02	0.21	0.21	0	0	0.02
6000	0.01	0.21	0.21	0	0	0.01
6100	0.01	0.21	0.21	0	0	0.01
6200	0.02	0.22	0.22	0	0	0.02
6300	0.05	0.22	0.22	0	0	0.05
6400	0.06	0.22	0.22	0	0	0.06
6500	0.07	0.22	0.22	0	0	0.07
6600	0.07	0.21	0.21	0	0	0.07
6700	0.08	0.23	0.23	0	0	0.08
6800	0.08	0.26	0.26	0	0	0.08
6900	0.09	0.29	0.29	0	0	0.09
7000	0.08	0.3	0.3	0	0	0.08
7100	0.07	0.28	0.28	0	0	0.07
7200	0.04	0.28	0.28	0	0	0.04
7300	0.05	0.27	0.27	0	0	0.05
7400	0.05	0.27	0.27	0	0	0.05
7500	0.02	0.27	0.27	0	0	0.02
7600	0.02	0.29	0.29	0	0	0.02
7700	0.02	0.29	0.29	0	0	0.02
7800	0.03	0.3	0.3	0	0	0.03
7900	0.03	0.3	0.3	0	0	0.03
8000	0.05	0.33	0.33	0	0	0.05
8100	0.06	0.33	0.33	0	0	0.06
8200	0.04	0.33	0.33	0	0	0.04
8300	0.03	0.32	0.32	0	0	0.03
8400	0.03	0.32	0.32	0	0	0.03
8500	0.03	0.32	0.32	0	0	0.03
8600	0.01	0.32	0.32	0	0	0.01
8700	0.02	0.32	0.32	0	0	0.02
8800	0.01	0.33	0.33	0	0	0.01
8900	0.01	0.32	0.32	0	0	0.01
9000	0.02	0.33	0.33	0	0	0.02
9100	0.01	0.33	0.33	0	0	0.01
9200	0.01	0.32	0.32	0	0	0.01
9300	0.01	0.32	0.32	0	0	0.01
9400	0.01	0.32	0.32	0	0	0.01
9500	0.03	0.32	0.32	0	0	0.03
9600	0.02	0.33	0.33	0	0	0.02
9700	0.04	0.33	0.33	0	0	0.04
9800	0.04	0.33	0.33	0	0	0.04
9900	0.05	0.33	0.33	0	0	0.05
10000	0.08	0.34	0.34	0	0	0.08
10100	0.07	0.34	0.34	0	0	0.07
10200	0.09	0.34	0.34	0	0	0.09
10300	0.07	0.34	0.34	0	0	0.07
10400	0.04	0.35	0.35	0	0	0.04
10500	0.03	0.35	0.35	0	0	0.03
10600	0.02	0.35	0.35	0	0	0.02
10700	0.01	0.37	0.37	0	0	0.01
10800	0.02	0.38	0.38	0	0	0.02
10900	0.02	0.38	0.38	0	0	0.02
11000	0.01	0.38	0.38	0	0	0.01
11100	0.02	0.37	0.37	0	0	0.02
11200	0.01	0.37	0.37	0	0	0.01
11300	0.01	0.37	0.37	0	0	0.01
11400	0.02	0.38	0.38	0	0	0.02
11500	0.03	0.38	0.38	0	0	0.03
11600	0.06	0.4	0.4	0	0	0.06
11700	0.05	0.38	0.38	0	0	0.05
11800	0.03	0.38	0.38	0	0	0.03
11900	0.02	0.38	0.38	0	0	0.02
12000	0.02	0.38	0.38	0	0	0.02
12100	0.02	0.39	0.39	0	0	0.02
12200	0.01	0.4	0.4	0	0	0.01
12300	0	0.4	0.4	0	0	0
12400	0.02	0.4	0.4	0	0	0.02
12500	0.03	0.4	0.4	0	0	0.03
12600	0.03	0.4	0.4	0	0	0.03
12700	0.04	0.41	0.41	0	0	0.04
12800	0.04	0.41	0.41	0	0	0.04
12900	0.04	0.41	0.41	0	0	0.04
13000	0.03	0.41	0.41	0	0	0.03
13100	0.03	0.41	0.41	0	0	0.03
13200	0.01	0.42	0.42	0	0	0.01
13300	0.01	0.42	0.42	0	0	0.01
13400	0.02	0.42	0.42	0	0	0.02
13500	0.03	0.42	0.42	0	0	0.03
13600	0.03	0.42	0.42	0	0	0.03
13700	0.02	0.42	0.42	0	0	0.02
13800	0.04	0.42	0.42	0	0	0.04
13900	0.06	0.42	0.42	0	0	0.06
14000	0.04	0.42	0.42	0	0	0.04
14100	0.05	0.42	0.42	0	0	0.05
14200	0.05	0.42	0.42	0	0	0.05
14300	0.04	0.43	0.43	0	0	0.04
14400	0.03	0.43	0.43	0	0	0.03
14500	0.04	0.43	0.43	0	0	0.04
14600	0.03	0.43	0.43	0	0	0.03
14700	0.03	0.43	0.43	0	0	0.03
14800	0.01	0.44	0.44	0	0	0.01
14900	0.01	0.44	0.44	0	0	0.01
15000	0.01	0.44	0.44	0	0	0.01
15100	0.02	0.44	0.44	0	0	0.02
15200	0.02	0.44	0.44	0	0	0.02
15300	0	0.44	0.44	0	0	0
15400	0	0.44	0.44	0	0	0
15500	0	0.44	0.44	0	0	0
15600	0.01	0.44	0.44	0	0	0.01
15700	0.01	0.45	0.45	0	0	0.01
15800	0.02	0.46	0.46	0	0	0.02
15900	0.04	0.46	0.46	0	0	0.04
16000	0.05	0.46	0.46	0	0	0.05
16100	0.06	0.46	0.46	0	0	0.06
16200	0.05	0.46	0.46	0	0	0.05
16300	0.05	0.47	0.47	0	0	0.05
16400	0.05	0.47	0.47	0	0	0.05
16500	0.04	0.48	0.48	0	0	0.04
16600	0.03	0.48	0.48	0	0	0.03
16700	0.03	0.48	0.48	0	0	0.03
16800	0.03	0.48	0.48	0	0	0.03
16900	0.01	0.47	0.47	0	0	0.01
17000	0.01	0.47	0.47	0	0	0.01
17100	0.03	0.47	0.47	0	0	0.03
17200	0.03	0.48	0.48	0	0	0.03
17300	0.04	0.5	0.5	0	0	0.04
17400	0.05	0.49	0.49	0	0	0.05
17500	0.07	0.48	0.48	0	0	0.07
17600	0.07	0.48	0.48	0	0	0.07
17700	0.05	0.48	0.48	0	0	0.05
17800	0.05	0.48	0.48	0	0	0.05
17900	0.05	0.48	0.48	0	0	0.05
18000	0.06	0.48	0.48	0	0	0.06
18100	0.05	0.48	0.48	0	0	0.05
18200	0.05	0.48	0.48	0	0	0.05
18300	0.04	0.48	0.48	0	0	0.04
18400	0.04	0.48	0.48	0	0	0.04
18500	0.01	0.48	0.48	0	0	0.01
18600	0.02	0.48	0.48	0	0	0.02
18700	0.01	0.48	0.48	0	0	0.01
18800	0.03	0.48	0.48	0	0	0.03
18900	0.04	0.48	0.48	0	0	0.04
19000	0.04	0.48	0.48	0	0	0.04
19100	0.04	0.49	0.49	0	0	0.04
19200	0.04	0.48	0.48	0	0	0.04
19300	0.04	0.47	0.47	0	0	0.04
19400	0.01	0.47	0.47	0	0	0.01
19500	0.01	0.47	0.47	0	0	0.01
19600	0.01	0.47	0.47	0	0	0.01
19700	0.01	0.48	0.48	0	0	0.01
19800	0.02	0.48	0.48	0	0	0.02
19900	0.02	0.48	0.48	0	0	0.02
20000	0.01	0.48	0.48	0	0	0.01
20100	0.01	0.48	0.48	0	0	0.01
20200	0	0.48	0.48	0	0	0
20300	0.01	0.49	0.49	0	0	0.01
20400	0.01	0.49	0.49	0	0	0.01
20500	0.03	0.5	0.5	0	0	0.03
20600	0.03	0.5	0.5	0	0	0.03
20700	0.03	0.5	0.5	0	0	0.03
20800	0.05	0.5	0.5	0	0	0.05
20900	0.03	0.51	0.51	0	0	0.03
21000	0.02	0.5	0.5	0	0	0.02
21100	0.02	0.5	0.5	0	0	0.02
21200	0.02	0.5	0.5	0	0	0.02
21300	0.02	0.5	0.5	0	0	0.02
21400	0.01	0.5	0.5	0	0	0.01
21500	0.01	0.5	0.5	0	0	0.01
21600	0.02	0.5	0.5	0	0	0.02
21700	0.02	0.5	0.5	0	0	0.02
21800	0.01	0.5	0.5	0	0	0.01
21900	0.02	0.5	0.5	0	0	0.02
22000	0.03	0.5	0.5	0	0	0.03
22100	0.02	0.5	0.5	0	0	0.02
22200	0.01	0.51	0.51	0	0	0.01
22300	0.02	0.51	0.51	0	0	0.02
22400	0.02	0.51	0.51	0	0	0.02
22500	0.02	0.51	0.51	0	0	0.02
22600	0.03	0.51	0.51	0	0	0.03
22700	0.02	0.51	0.51	0	0	0.02
22800	0.03	0.51	0.51	0	0	0.03
22900	0.01	0.51	0.51	0	0	0.01
23000	0	0.52	0.52	0	0	0
23100	0	0.52	0.52	0	0	0
23200	0	0.52	0.52	0	0	0
23300	0	0.52	0.52	0	0	0
23400	0	0.52	0.52	0	0	0
23500	0	0.52	0.52	0	0	0
23600	0.02	0.52	0.52	0	0	0.02
23700	0.01	0.52	0.52	0	0	0.01
23800	0.01	0.52	0.52	0	0	0.01
23900	0.01	0.52	0.52	0	0	0.01
24000	0.02	0.52	0.52	0	0	0.02
24100	0.02	0.53	0.53	0	0	0.02
24200	0.02	0.53	0.53	0	0	0.02
24300	0.02	0.53	0.53	0	0	0.02
24400	0.03	0.53	0.53	0	0	0.03
24500	0.02	0.52	0.52	0	0	0.02
24600	0.02	0.52	0.52	0	0	0.02
24700	0.02	0.52	0.52	0	0	0.02
24800	0.05	0.52	0.52	0	0	0.05
24900	0.06	0.52	0.52	0	0	0.06
25000	0.05	0.52	0.52	0	0	0.05
25100	0.03	0.52	0.52	0	0	0.03
25200	0.03	0.52	0.52	0	0	0.03
25300	0.02	0.52	0.52	0	0	0.02
25400	0.03	0.52	0.52	0	0	0.03
25500	0.03	0.52	0.52	0	0	0.03
25600	0.02	0.53	0.53	0	0	0.02
25700	0.01	0.52	0.52	0	0	0.01
25800	0.01	0.52	0.52	0	0	0.01
25900	0.02	0.52	0.52	0	0	0.02
26000	0.01	0.52	0.52	0	0	0.01
26100	0.01	0.52	0.52	0	0	0.01
26200	0.01	0.52	0.52	0	0	0.01
26300	0.01	0.52	0.52	0	0	0.01
26400	0.02	0.52	0.52	0	0	0.02
26500	0.02	0.53	0.53	0	0	0.02
26600	0.03	0.53	0.53	0	0	0.03
26700	0.03	0.53	0.53	0	0	0.03
26800	0.05	0.53	0.53	0	0	0.05
26900	0.06	0.53	0.53	0	0	0.06
27000	0.05	0.54	0.54	0	0	0.05
27100	0.02	0.54	0.54	0	0	0.02
27200	0.03	0.54	0.54	0	0	0.03
27300	0.02	0.54	0.54	0	0	0.02
27400	0.02	0.54	0.54	0	0	0.02
27500	0.03	0.54	0.54	0	0	0.03
27600	0.02	0.54	0.54	0	0	0.02
27700	0.01	0.54	0.54	0	0	0.01
27800	0.01	0.54	0.54	0	0	0.01
27900	0.02	0.54	0.54	0	0	0.02
28000	0.02	0.54	0.54	0	0	0.02
28100	0.02	0.54	0.54	0	0	0.02
28200	0.03	0.54	0.54	0	0	0.03
28300	0.02	0.54	0.54	0	0	0.02
28400	0.03	0.54	0.54	0	0	0.03
28500	0.02	0.54	0.54	0	0	0.02
28600	0.01	0.54	0.54	0	0	0.01
28700	0.02	0.54	0.54	0	0	0.02
28800	0.02	0.54	0.54	0	0	0.02
28900	0.02	0.54	0.54	0	0	0.02
29000	0.03	0.54	0.54	0	0	0.03
29100	0.04	0.54	0.54	0	0	0.04
29200	0.04	0.54	0.54	0	0	0.04
29300	0.02	0.54	0.54	0	0	0.02
29400	0.02	0.54	0.54	0	0	0.02
29500	0.01	0.54	0.54	0	0	0.01
29600	0.01	0.54	0.54	0	0	0.01
29700	0.01	0.55	0.55	0	0	0.01
29800	0.02	0.54	0.54	0	0	0.02
29900	0.02	0.54	0.54	0	0	0.02
30000	0.02	0.53	0.53	0	0	0.02
30100	0.03	0.54	0.54	0	0	0.03
30200	0.04	0.54	0.54	0	0	0.04
30300	0.03	0.54	0.54	0	0	0.03
30400	0.04	0.53	0.53	0	0	0.04
30500	0.04	0.53	0.53	0	0	0.04
30600	0.02	0.53	0.53	0	0	0.02
30700	0.02	0.53	0.53	0	0	0.02
30800	0.02	0.54	0.54	0	0	0.02
30900	0.02	0.54	0.54	0	0	0.02
31000	0.04	0.54	0.54	0	0	0.04
31100	0.03	0.54	0.54	0	0	0.03
31200	0.02	0.54	0.54	0	0	0.02
31300	0.02	0.54	0.54	0	0	0.02
31400	0.02	0.54	0.54	0	0	0.02
31500	0.02	0.54	0.54	0	0	0.02
31600	0	0.55	0.55	0	0	0
31700	0.01	0.55	0.55	0	0	0.01
31800	0.04	0.55	0.55	0	0	0.04
31900	0.05	0.54	0.54	0	0	0.05
32000	0.06	0.54	0.54	0	0	0.06
32100	0.06	0.54	0.54	0	0	0.06
32200	0.05	0.55	0.55	0	0	0.05
32300	0.06	0.55	0.55	0	0	0.06
32400	0.04	0.55	0.55	0	0	0.04
32500	0.02	0.55	0.55	0	0	0.02
32600	0.02	0.55	0.55	0	0	0.02
32700	0.02	0.55	0.55	0	0	0.02
32800	0	0.55	0.55	0	0	0
32900	0.02	0.55	0.55	0	0	0.02
33000	0.02	0.55	0.55	0	0	0.02
33100	0.03	0.55	0.55	0	0	0.03
33200	0.05	0.55	0.55	0	0	0.05
33300	0.05	0.55	0.55	0	0	0.05
33400	0.04	0.55	0.55	0	0	0.04
33500	0.03	0.55	0.55	0	0	0.03
33600	0.02	0.55	0.55	0	0	0.02
33700	0.04	0.55	0.55	0	0	0.04
33800	0.03	0.55	0.55	0	0	0.03
33900	0.04	0.55	0.55	0	0	0.04
34000	0.01	0.55	0.55	0	0	0.01
34100	0.02	0.55	0.55	0	0	0.02
34200	0.02	0.55	0.55	0	0	0.02
34300	0.01	0.55	0.55	0	0	0.01
34400	0.02	0.55	0.55	0	0	0.02
34500	0.02	0.55	0.55	0	0	0.02
34600	0.02	0.55	0.55	0	0	0.02
34700	0.02	0.55	0.55	0	0	0.02
34800	0.03	0.55	0.55	0	0	0.03
34900	0.01	0.55	0.55	0	0	0.01
35000	0	0.55	0.55	0	0	0
35100	0	0.55	0.55	0	0	0
35200	0	0.55	0.55	0	0	0
35300	0	0.55	0.55	0	0	0
35400	0	0.56	0.56	0	0	0
35500	0.02	0.55	0.55	0	0	0.02
35600	0.02	0.55	0.55	0	0	0.02
35700	0.02	0.55	0.55	0	0	0.02
35800	0.03	0.55	0.55	0	0	0.03
35900	0.02	0.55	0.55	0	0	0.02
36000	0.04	0.55	0.55	0	0	0.04
36100	0.03	0.55	0.55	0	0	0.03
36200	0.04	0.55	0.55	0	0	0.04
36300	0.05	0.55	0.55	0	0	0.05
36400	0.04	0.55	0.55	0	0	0.04
36500	0.05	0.55	0.55	0	0	0.05
36600	0.03	0.55	0.55	0	0	0.03
36700	0.02	0.55	0.55	0	0	0.02
36800	0.01	0.55	0.55	0	0	0.01
36900	0.01	0.55	0.55	0	0	0.01
37000	0.02	0.55	0.55	0	0	0.02
37100	0.02	0.56	0.56	0	0	0.02
37200	0.05	0.56	0.56	0	0	0.05
37300	0.06	0.56	0.56	0	0	0.06
37400	0.06	0.56	0.56	0	0	0.06
37500	0.05	0.56	0.56	0	0	0.05
37600	0.04	0.56	0.56	0	0	0.04
37700	0.01	0.56	0.56	0	0	0.01
37800	0	0.56	0.56	0	0	0
37900	0	0.56	0.56	0	0	0
38000	0.01	0.56	0.56	0	0	0.01
38100	0.01	0.56	0.56	0	0	0.01
38200	0.01	0.56	0.56	0	0	0.01
38300	0.01	0.56	0.56	0	0	0.01
38400	0.02	0.56	0.56	0	0	0.02
38500	0.02	0.56	0.56	0	0	0.02
38600	0.04	0.56	0.56	0	0	0.04
38700	0.05	0.57	0.57	0	0	0.05
38800	0.04	0.57	0.57	0	0	0.04
38900	0.04	0.57	0.57	0	0	0.04
39000	0.02	0.57	0.57	0	0	0.02
39100	0.02	0.57	0.57	0	0	0.02
39200	0.04	0.57	0.57	0	0	0.04
39300	0.04	0.57	0.57	0	0	0.04
39400	0.03	0.57	0.57	0	0	0.03
39500	0.04	0.57	0.57	0	0	0.04
39600	0.03	0.57	0.57	0	0	0.03
39700	0.03	0.57	0.57	0	0	0.03
39800	0.01	0.57	0.57	0	0	0.01
39900	0	0.57	0.57	0	0	0
40000	0.01	0.57	0.57	0	0	0.01
40100	0.02	0.57	0.57	0	0	0.02
40200	0.02	0.57	0.57	0	0	0.02
40300	0.02	0.57	0.57	0	0	0.02
40400	0.03	0.57	0.57	0	0	0.03
40500	0.01	0.57	0.57	0	0	0.01
40600	0.01	0.57	0.57	0	0	0.01
40700	0.01	0.57	0.57	0	0	0.01
40800	0.01	0.57	0.57	0	0	0.01
40900	0.02	0.58	0.58	0	0	0.02
41000	0.03	0.58	0.58	0	0	0.03
41100	0.04	0.58	0.58	0	0	0.04
41200	0.03	0.58	0.58	0	0	0.03
41300	0.02	0.58	0.58	0	0	0.02
41400	0.01	0.58	0.58	0	0	0.01
41500	0.03	0.58	0.58	0	0	0.03
41600	0.03	0.58	0.58	0	0	0.03
41700	0.01	0.58	0.58	0	0	0.01
41800	0.02	0.57	0.57	0	0	0.02
41900	0.03	0.57	0.57	0	0	0.03
42000	0.02	0.57	0.57	0	0	0.02
42100	0.01	0.57	0.57	0	0	0.01
42200	0.01	0.57	0.57	0	0	0.01
42300	0.03	0.57	0.57	0	0	0.03
42400	0.04	0.57	0.57	0	0	0.04
42500	0.04	0.57	0.57	0	0	0.04
42600	0.04	0.57	0.57	0	0	0.04
42700	0.03	0.57	0.57	0	0	0.03
42800	0.04	0.57	0.57	0	0	0.04
42900	0.02	0.57	0.57	0	0	0.02
43000	0.02	0.57	0.57	0	0	0.02
43100	0.01	0.57	0.57	0	0	0.01
43200	0.01	0.57	0.57	0	0	0.01
43300	0.01	0.57	0.57	0	0	0.01
43400	0.01	0.57	0.57	0	0	0.01
43500	0.02	0.57	0.57	0	0	0.02
43600	0.02	0.57	0.57	0	0	0.02
43700	0.03	0.57	0.57	0	0	0.03
43800	0.02	0.57	0.57	0	0	0.02
43900	0.02	0.57	0.57	0	0	0.02
44000	0.04	0.57	0.57	0	0	0.04
44100	0.02	0.57	0.57	0	0	0.02
44200	0.03	0.57	0.57	0	0	0.03
44300	0.03	0.57	0.57	0	0	0.03
44400	0.03	0.57	0.57	0	0	0.03
44500	0.03	0.58	0.58	0	0	0.03
44600	0.02	0.58	0.58	0	0	0.02
44700	0.02	0.58	0.58	0	0	0.02
44800	0.03	0.58	0.58	0	0	0.03
44900	0.03	0.58	0.58	0	0	0.03
45000	0.02	0.58	0.58	0	0	0.02
45100	0.02	0.58	0.58	0	0	0.02
45200	0.01	0.58	0.58	0	0	0.01
45300	0.02	0.58	0.58	0	0	0.02
45400	0.03	0.58	0.58	0	0	0.03
45500	0.03	0.58	0.58	0	0	0.03
45600	0.03	0.57	0.57	0	0	0.03
45700	0.03	0.57	0.57	0	0	0.03
45800	0.03	0.57	0.57	0	0	0.03
45900	0.02	0.57	0.57	0	0	0.02
46000	0.02	0.57	0.57	0	0	0.02
46100	0.02	0.57	0.57	0	0	0.02
46200	0.02	0.57	0.57	0	0	0.02
46300	0	0.57	0.57	0	0	0
46400	0	0.57	0.57	0	0	0
46500	0	0.57	0.57	0	0	0
46600	0	0.57	0.57	0	0	0
46700	0.02	0.57	0.57	0	0	0.02
46800	0.02	0.57	0.57	0	0	0.02
46900	0.02	0.57	0.57	0	0	0.02
47000	0.02	0.57	0.57	0	0	0.02
47100	0.03	0.57	0.57	0	0	0.03
47200	0.04	0.57	0.57	0	0	0.04
47300	0	0.57	0.57	0	0	0
47400	0.01	0.57	0.57	0	0	0.01
47500	0.03	0.57	0.57	0	0	0.03
47600	0.04	0.57	0.57	0	0	0.04
47700	0.05	0.57	0.57	0	0	0.05
47800	0.04	0.57	0.57	0	0	0.04
47900	0.05	0.57	0.57	0	0	0.05
48000	0.04	0.57	0.57	0	0	0.04
48100	0.03	0.57	0.57	0	0	0.03
48200	0.02	0.57	0.57	0	0	0.02
48300	0.02	0.57	0.57	0	0	0.02
48400	0.01	0.57	0.57	0	0	0.01
48500	0.02	0.57	0.57	0	0	0.02
48600	0.02	0.57	0.57	0	0	0.02
48700	0.03	0.57	0.57	0	0	0.03
48800	0.02	0.57	0.57	0	0	0.02
48900	0.02	0.57	0.57	0	0	0.02
49000	0	0.57	0.57	0	0	0
49100	0	0.57	0.57	0	0	0
49200	0.01	0.57	0.57	0	0	0.01
49300	0	0.57	0.57	0	0	0
49400	0.02	0.57	0.57	0	0	0.02
49500	0.04	0.57	0.57	0	0	0.04
49600	0.03	0.57	0.57	0	0	0.03
49700	0.04	0.57	0.57	0	0	0.04
49800	0.03	0.57	0.57	0	0	0.03
49900	0.03	0.57	0.57	0	0	0.03
50000	0.03	0.57	0.57	0	0	0.03
50100	0.02	0.57	0.57	0	0	0.02
50200	0.02	0.57	0.57	0	0	0.02
50300	0.03	0.58	0.58	0	0	0.03
50400	0.05	0.58	0.58	0	0	0.05
50500	0.04	0.58	0.58	0	0	0.04
50600	0.04	0.57	0.57	0	0	0.04
50700	0.03	0.57	0.57	0	0	0.03
50800	0.02	0.57	0.57	0	0	0.02
50900	0.03	0.57	0.57	0	0	0.03
51000	0.01	0.57	0.57	0	0	0.01
51100	0.02	0.57	0.57	0	0	0.02
51200	0.02	0.57	0.57	0	0	0.02
51300	0.02	0.57	0.57	0	0	0.02
51400	0.03	0.57	0.57	0	0	0.03
51500	0.03	0.57	0.57	0	0	0.03
51600	0.03	0.57	0.57	0	0	0.03
51700	0.02	0.57	0.57	0	0	0.02
51800	0.02	0.57	0.57	0	0	0.02
51900	0.01	0.57	0.57	0	0	0.01
52000	0.02	0.57	0.57	0	0	0.02
52100	0.03	0.57	0.57	0	0	0.03
52200	0.01	0.57	0.57	0	0	0.01
52300	0.02	0.57	0.57	0	0	0.02
52400	0.03	0.57	0.57	0	0	0.03
52500	0.02	0.57	0.57	0	0	0.02
52600	0.02	0.57	0.57	0	0	0.02
52700	0.02	0.57	0.57	0	0	0.02
52800	0.02	0.57	0.57	0	0	0.02
52900	0	0.57	0.57	0	0	0
53000	0	0.57	0.57	0	0	0
53100	0.01	0.57	0.57	0	0	0.01
53200	0.01	0.57	0.57	0	0	0.01
53300	0.01	0.57	0.57	0	0	0.01
53400	0	0.57	0.57	0	0	0
53500	0.02	0.57	0.57	0	0	0.02
53600	0.03	0.57	0.57	0	0	0.03
53700	0.03	0.57	0.57	0	0	0.03
53800	0.04	0.57	0.57	0	0	0.04
53900	0.05	0.57	0.57	0	0	0.05
54000	0.03	0.57	0.57	0	0	0.03
54100	0.02	0.57	0.57	0	0	0.02
54200	0.01	0.57	0.57	0	0	0.01
54300	0.01	0.57	0.57	0	0	0.01
54400	0.01	0.57	0.57	0	0	0.01
54500	0.01	0.57	0.57	0	0	0.01
54600	0.01	0.57	0.57	0	0	0.01
54700	0.01	0.57	0.57	0	0	0.01
54800	0.01	0.57	0.57	0	0	0.01
54900	0.01	0.57	0.57	0	0	0.01
55000	0	0.57	0.57	0	0	0
55100	0	0.57	0.57	0	0	0
55200	0	0.57	0.57	0	0	0
55300	0	0.57	0.57	0	0	0
55400	0.03	0.57	0.57	0	0	0.03
55500	0.03	0.57	0.57	0	0	0.03
55600	0.02	0.57	0.57	0	0	0.02
55700	0.01	0.57	0.57	0	0	0.01
55800	0.01	0.57	0.57	0	0	0.01
55900	0.02	0.57	0.57	0	0	0.02
56000	0.01	0.57	0.57	0	0	0.01
56100	0.01	0.57	0.57	0	0	0.01
56200	0.01	0.57	0.57	0	0	0.01
56300	0.03	0.57	0.57	0	0	0.03
56400	0.03	0.57	0.57	0	0	0.03
56500	0.02	0.57	0.57	0	0	0.02
56600	0.01	0.57	0.57	0	0	0.01
56700	0.02	0.57	0.57	0	0	0.02
56800	0.01	0.56	0.56	0	0	0.01
56900	0.02	0.56	0.56	0	0	0.02
57000	0.02	0.56	0.56	0	0	0.02
57100	0.02	0.56	0.56	0	0	0.02
57200	0.02	0.56	0.56	0	0	0.02
57300	0.03	0.56	0.56	0	0	0.03
57400	0.02	0.56	0.56	0	0	0.02
57500	0.02	0.56	0.56	0	0	0.02
57600	0.02	0.56	0.56	0	0	0.02
57700	0.01	0.56	0.56	0	0	0.01
57800	0	0.56	0.56	0	0	0
57900	0.01	0.56	0.56	0	0	0.01
58000	0	0.56	0.56	0	0	0
58100	0.01	0.56	0.56	0	0	0.01
58200	0.03	0.56	0.56	0	0	0.03
58300	0.03	0.56	0.56	0	0	0.03
58400	0.04	0.56	0.56	0	0	0.04
58500	0.06	0.56	0.56	0	0	0.06
58600	0.04	0.56	0.56	0	0	0.04
58700	0.05	0.56	0.56	0	0	0.05
58800	0.04	0.56	0.56	0	0	0.04
58900	0.04	0.56	0.56	0	0	0.04
59000	0.04	0.56	0.56	0	0	0.04
59100	0.02	0.56	0.56	0	0	0.02
59200	0.01	0.56	0.56	0	0	0.01
59300	0.01	0.56	0.56	0	0	0.01
59400	0.01	0.56	0.56	0	0	0.01
59500	0.03	0.56	0.56	0	0	0.03
59600	0.03	0.56	0.56	0	0	0.03
59700	0.02	0.56	0.56	0	0	0.02
59800	0.02	0.56	0.56	0	0	0.02
59900	0.02	0.56	0.56	0	0	0.02
60000	0.02	0.56	0.56	0	0	0.02
60100	0.01	0.56	0.56	0	0	0.01
60200	0	0.56	0.56	0	0	0
60300	0	0.56	0.56	0	0	0
60400	0.02	0.56	0.56	0	0	0.02
60500	0.02	0.56	0.56	0	0	0.02
60600	0.02	0.56	0.56	0	0	0.02
60700	0.02	0.56	0.56	0	0	0.02
60800	0.03	0.56	0.56	0	0	0.03
60900	0.03	0.56	0.56	0	0	0.03
61000	0.01	0.56	0.56	0	0	0.01
61100	0.03	0.56	0.56	0	0	0.03
61200	0.03	0.56	0.56	0	0	0.03
61300	0.02	0.56	0.56	0	0	0.02
61400	0.02	0.56	0.56	0	0	0.02
61500	0.05	0.56	0.56	0	0	0.05
61600	0.06	0.56	0.56	0	0	0.06
61700	0.06	0.56	0.56	0	0	0.06
61800	0.03	0.56	0.56	0	0	0.03
61900	0.01	0.56	0.56	0	0	0.01
62000	0.01	0.55	0.55	0	0	0.01
62100	0.02	0.55	0.55	0	0	0.02
62200	0.02	0.55	0.55	0	0	0.02
62300	0.03	0.55	0.55	0	0	0.03
62400	0.03	0.55	0.55	0	0	0.03
62500	0.04	0.55	0.55	0	0	0.04
62600	0.04	0.55	0.55	0	0	0.04
62700	0.03	0.55	0.55	0	0	0.03
62800	0	0.55	0.55	0	0	0
62900	0	0.55	0.55	0	0	0
63000	0	0.55	0.55	0	0	0
63100	0.01	0.55	0.55	0	0	0.01
63200	0.02	0.55	0.55	0	0	0.02
63300	0.04	0.55	0.55	0	0	0.04
63400	0.04	0.55	0.55	0	0	0.04
63500	0.05	0.55	0.55	0	0	0.05
63600	0.05	0.55	0.55	0	0	0.05
63700	0.03	0.55	0.55	0	0	0.03
63800	0.02	0.55	0.55	0	0	0.02
63900	0.01	0.55	0.55	0	0	0.01
64000	0.02	0.55	0.55	0	0	0.02
64100	0.01	0.55	0.55	0	0	0.01
64200	0.01	0.55	0.55	0	0	0.01
64300	0.02	0.55	0.55	0	0	0.02
64400	0.02	0.55	0.55	0	0	0.02
64500	0.02	0.55	0.55	0	0	0.02
64600	0.02	0.55	0.55	0	0	0.02
64700	0.02	0.55	0.55	0	0	0.02
64800	0.03	0.55	0.55	0	0	0.03
64900	0.03	0.55	0.55	0	0	0.03
65000	0.03	0.55	0.55	0	0	0.03
65100	0.02	0.55	0.55	0	0	0.02
65200	0.02	0.55	0.55	0	0	0.02
65300	0.01	0.55	0.55	0	0	0.01
65400	0.01	0.55	0.55	0	0	0.01
65500	0.01	0.55	0.55	0	0	0.01
65600	0.01	0.55	0.55	0	0	0.01
65700	0.01	0.55	0.55	0	0	0.01
65800	0.01	0.55	0.55	0	0	0.01
65900	0.01	0.55	0.55	0	0	0.01
66000	0	0.55	0.55	0	0	0
66100	0.01	0.55	0.55	0	0	0.01
66200	0.02	0.55	0.55	0	0	0.02
66300	0.03	0.55	0.55	0	0	0.03
66400	0.03	0.55	0.55	0	0	0.03
66500	0.03	0.55	0.55	0	0	0.03
66600	0.05	0.56	0.56	0	0	0.05
66700	0.05	0.56	0.56	0	0	0.05
66800	0.05	0.56	0.56	0	0	0.05
66900	0.04	0.56	0.56	0	0	0.04
67000	0.04	0.56	0.56	0	0	0.04
67100	0.04	0.56	0.56	0	0	0.04
67200	0.04	0.56	0.56	0	0	0.04
67300	0.03	0.56	0.56	0	0	0.03
67400	0.03	0.56	0.56	0	0	0.03
67500	0.01	0.56	0.56	0	0	0.01
67600	0.01	0.56	0.56	0	0	0.01
67700	0.02	0.56	0.56	0	0	0.02
67800	0.02	0.56	0.56	0	0	0.02
67900	0.01	0.56	0.56	0	0	0.01
68000	0.01	0.56	0.56	0	0	0.01
68100	0.01	0.56	0.56	0	0	0.01
68200	0.01	0.56	0.56	0	0	0.01
68300	0.02	0.56	0.56	0	0	0.02
68400	0.02	0.56	0.56	0	0	0.02
68500	0.03	0.56	0.56	0	0	0.03
68600	0.05	0.56	0.56	0	0	0.05
68700	0.05	0.56	0.56	0	0	0.05
68800	0.03	0.56	0.56	0	0	0.03
68900	0.02	0.56	0.56	0	0	0.02
69000	0.03	0.56	0.56	0	0	0.03
69100	0.02	0.56	0.56	0	0	0.02
69200	0.01	0.56	0.56	0	0	0.01
69300	0.02	0.56	0.56	0	0	0.02
69400	0.03	0.56	0.56	0	0	0.03
69500	0.04	0.56	0.56	0	0	0.04
69600	0.05	0.56	0.56	0	0	0.05
69700	0.04	0.56	0.56	0	0	0.04
69800	0.02	0.56	0.56	0	0	0.02
69900	0.02	0.56	0.56	0	0	0.02
70000	0.01	0.56	0.56	0	0	0.01
70100	0.01	0.56	0.56	0	0	0.01
70200	0.02	0.56	0.56	0	0	0.02
70300	0.03	0.56	0.56	0	0	0.03
70400	0.04	0.56	0.56	0	0	0.04
70500	0.02	0.56	0.56	0	0	0.02
70600	0.02	0.56	0.56	0	0	0.02
70700	0.03	0.56	0.56	0	0	0.03
70800	0.04	0.56	0.56	0	0	0.04
70900	0.03	0.57	0.57	0	0	0.03
71000	0.03	0.57	0.57	0	0	0.03
71100	0.03	0.57	0.57	0	0	0.03
71200	0.01	0.56	0.56	0	0	0.01
71300	0.01	0.56	0.56	0	0	0.01
71400	0.01	0.56	0.56	0	0	0.01
71500	0.02	0.56	0.56	0	0	0.02
71600	0.02	0.56	0.56	0	0	0.02
71700	0.03	0.57	0.57	0	0	0.03
71800	0.03	0.57	0.57	0	0	0.03
71900	0.03	0.57	0.57	0	0	0.03
72000	0.04	0.57	0.57	0	0	0.04
72100	0.06	0.57	0.57	0	0	0.06
72200	0.07	0.56	0.56	0	0	0.07
72300	0.06	0.56	0.56	0	0	0.06
72400	0.05	0.56	0.56	0	0	0.05
72500	0.03	0.56	0.56	0	0	0.03
72600	0.02	0.56	0.56	0	0	0.02
72700	0.01	0.56	0.56	0	0	0.01
72800	0.01	0.56	0.56	0	0	0.01
72900	0.01	0.56	0.56	0	0	0.01
73000	0.01	0.56	0.56	0	0	0.01
73100	0.01	0.56	0.56	0	0	0.01
73200	0.01	0.56	0.56	0	0	0.01
73300	0.02	0.56	0.56	0	0	0.02
73400	0.01	0.56	0.56	0	0	0.01
73500	0.01	0.57	0.57	0	0	0.01
73600	0.02	0.57	0.57	0	0	0.02
73700	0.02	0.57	0.57	0	0	0.02
73800	0.02	0.57	0.57	0	0	0.02
73900	0.02	0.57	0.57	0	0	0.02
74000	0.02	0.57	0.57	0	0	0.02
74100	0.04	0.57	0.57	0	0	0.04
74200	0.04	0.57	0.57	0	0	0.04
74300	0.02	0.57	0.57	0	0	0.02
74400	0.02	0.57	0.57	0	0	0.02
74500	0.02	0.57	0.57	0	0	0.02
74600	0.04	0.57	0.57	0	0	0.04
74700	0.05	0.57	0.57	0	0	0.05
74800	0.04	0.57	0.57	0	0	0.04
74900	0.03	0.57	0.57	0	0	0.03
75000	0.01	0.57	0.57	0	0	0.01
75100	0.04	0.57	0.57	0	0	0.04
75200	0.05	0.58	0.58	0	0	0.05
75300	0.05	0.59	0.59	0	0	0.05
75400	0.04	0.58	0.58	0	0	0.04
75500	0.01	0.58	0.58	0	0	0.01
75600	0	0.57	0.57	0	0	0
75700	0	0.57	0.57	0	0	0
75800	0.04	0.57	0.57	0	0	0.04
75900	0.05	0.57	0.57	0	0	0.05
76000	0.05	0.57	0.57	0	0	0.05
76100	0.05	0.57	0.57	0	0	0.05
76200	0.03	0.57	0.57	0	0	0.03
76300	0.06	0.57	0.57	0	0	0.06
76400	0.02	0.57	0.57	0	0	0.02
76500	0.02	0.57	0.57	0	0	0.02
76600	0.02	0.57	0.57	0	0	0.02
76700	0.02	0.57	0.57	0	0	0.02
76800	0.02	0.57	0.57	0	0	0.02
76900	0.02	0.57	0.57	0	0	0.02
77000	0.02	0.57	0.57	0	0	0.02
77100	0.01	0.57	0.57	0	0	0.01
77200	0.01	0.57	0.57	0	0	0.01
77300	0.02	0.57	0.57	0	0	0.02
77400	0.02	0.57	0.57	0	0	0.02
77500	0.03	0.57	0.57	0	0	0.03
77600	0.02	0.57	0.57	0	0	0.02
77700	0.03	0.57	0.57	0	0	0.03
77800	0.03	0.57	0.57	0	0	0.03
77900	0.03	0.57	0.57	0	0	0.03
78000	0.03	0.57	0.57	0	0	0.03
78100	0.02	0.57	0.57	0	0	0.02
78200	0.01	0.57	0.57	0	0	0.01
78300	0.01	0.57	0.57	0	0	0.01
78400	0.01	0.57	0.57	0	0	0.01
78500	0.01	0.57	0.57	0	0	0.01
78600	0.01	0.57	0.57	0	0	0.01
78700	0.03	0.57	0.57	0	0	0.03
78800	0.03	0.57	0.57	0	0	0.03
78900	0.03	0.57	0.57	0	0	0.03
79000	0.02	0.57	0.57	0	0	0.02
79100	0.02	0.57	0.57	0	0	0.02
79200	0.03	0.57	0.57	0	0	0.03
79300	0.03	0.57	0.57	0	0	0.03
79400	0.02	0.57	0.57	0	0	0.02
79500	0.02	0.57	0.57	0	0	0.02
79600	0.02	0.57	0.57	0	0	0.02
79700	0.02	0.57	0.57	0	0	0.02
79800	0.03	0.57	0.57	0	0	0.03
79900	0.04	0.57	0.57	0	0	0.04
80000	0.01	0.57	0.57	0	0	0.01
80100	0.01	0.57	0.57	0	0	0.01
80200	0.01	0.57	0.57	0	0	0.01
80300	0.03	0.57	0.57	0	0	0.03
80400	0.04	0.57	0.57	0	0	0.04
80500	0.03	0.57	0.57	0	0	0.03
80600	0.02	0.57	0.57	0	0	0.02
80700	0.02	0.57	0.57	0	0	0.02
80800	0.02	0.57	0.57	0	0	0.02
80900	0	0.57	0.57	0	0	0
81000	0	0.57	0.57	0	0	0
81100	0	0.57	0.57	0	0	0
81200	0.01	0.57	0.57	0	0	0.01
81300	0.01	0.57	0.57	0	0	0.01
81400	0.02	0.57	0.57	0	0	0.02
81500	0.03	0.57	0.57	0	0	0.03
81600	0.03	0.57	0.57	0	0	0.03
81700	0.03	0.57	0.57	0	0	0.03
81800	0.02	0.57	0.57	0	0	0.02
81900	0	0.57	0.57	0	0	0
82000	0.01	0.57	0.57	0	0	0.01
82100	0.01	0.57	0.57	0	0	0.01
82200	0.03	0.57	0.57	0	0	0.03
82300	0.03	0.57	0.57	0	0	0.03
82400	0.01	0.57	0.57	0	0	0.01
82500	0	0.57	0.57	0	0	0
82600	0	0.57	0.57	0	0	0
82700	0	0.57	0.57	0	0	0
82800	0	0.57	0.57	0	0	0
82900	0	0.58	0.58	0	0	0
83000	0	0.58	0.58	0	0	0
83100	0	0.58	0.58	0	0	0
83200	0.02	0.58	0.58	0	0	0.02
83300	0.03	0.57	0.57	0	0	0.03
83400	0.02	0.57	0.57	0	0	0.02
83500	0.03	0.57	0.57	0	0	0.03
83600	0.04	0.57	0.57	0	0	0.04
83700	0.03	0.57	0.57	0	0	0.03
83800	0.02	0.57	0.57	0	0	0.02
83900	0.02	0.57	0.57	0	0	0.02
84000	0.02	0.57	0.57	0	0	0.02
84100	0.01	0.57	0.57	0	0	0.01
84200	0.03	0.57	0.57	0	0	0.03
84300	0.02	0.57	0.57	0	0	0.02
84400	0.02	0.57	0.57	0	0	0.02
84500	0.02	0.57	0.57	0	0	0.02
84600	0.02	0.57	0.57	0	0	0.02
84700	0.05	0.57	0.57	0	0	0.05
84800	0.06	0.57	0.57	0	0	0.06
84900	0.04	0.57	0.57	0	0	0.04
85000	0.04	0.57	0.57	0	0	0.04
85100	0.05	0.57	0.57	0	0	0.05
85200	0.04	0.57	0.57	0	0	0.04
85300	0.03	0.57	0.57	0	0	0.03
85400	0.02	0.57	0.57	0	0	0.02
85500	0.02	0.57	0.57	0	0	0.02
85600	0.04	0.57	0.57	0	0	0.04
85700	0.01	0.57	0.57	0	0	0.01
85800	0.02	0.57	0.57	0	0	0.02
85900	0.03	0.57	0.57	0	0	0.03
86000	0.05	0.57	0.57	0	0	0.05
86100	0.05	0.57	0.57	0	0	0.05
86200	0.04	0.57	0.57	0	0	0.04
86300	0.03	0.57	0.57	0	0	0.03
86400	0.02	0.57	0.57	0	0	0.02
86500	0.02	0.57	0.57	0	0	0.02
86600	0.03	0.57	0.57	0	0	0.03
86700	0.03	0.57	0.57	0	0	0.03
86800	0.01	0.57	0.57	0	0	0.01
86900	0	0.57	0.57	0	0	0
87000	0	0.57	0.57	0	0	0
87100	0	0.57	0.57	0	0	0
87200	0.01	0.57	0.57	0	0	0.01
87300	0.02	0.57	0.57	0	0	0.02
87400	0.03	0.57	0.57	0	0	0.03
87500	0.04	0.56	0.56	0	0	0.04
87600	0.05	0.56	0.56	0	0	0.05
87700	0.05	0.56	0.56	0	0	0.05
87800	0.02	0.56	0.56	0	0	0.02
87900	0.04	0.56	0.56	0	0	0.04
88000	0.02	0.56	0.56	0	0	0.02
88100	0.03	0.56	0.56	0	0	0.03
88200	0.01	0.56	0.56	0	0	0.01
88300	0.01	0.55	0.55	0	0	0.01
88400	0.01	0.56	0.56	0	0	0.01
88500	0.02	0.56	0.56	0	0	0.02
88600	0.02	0.56	0.56	0	0	0.02
88700	0.01	0.56	0.56	0	0	0.01
88800	0	0.56	0.56	0	0	0
88900	0.02	0.56	0.56	0	0	0.02
89000	0.02	0.56	0.56	0	0	0.02
89100	0.02	0.56	0.56	0	0	0.02
89200	0.02	0.56	0.56	0	0	0.02
89300	0.02	0.56	0.56	0	0	0.02
89400	0.02	0.56	0.56	0	0	0.02
89500	0.01	0.56	0.56	0	0	0.01
89600	0.01	0.56	0.56	0	0	0.01
89700	0	0.56	0.56	0	0	0
89800	0.02	0.56	0.56	0	0	0.02
89900	0.02	0.56	0.56	0	0	0.02
90000	0.03	0.56	0.56	0	0	0.03
90100	0.02	0.56	0.56	0	0	0.02
90200	0.01	0.56	0.56	0	0	0.01
90300	0.01	0.55	0.55	0	0	0.01
90400	0.02	0.55	0.55	0	0	0.02
90500	0.02	0.55	0.55	0	0	0.02
90600	0.03	0.55	0.55	0	0	0.03
90700	0.03	0.55	0.55	0	0	0.03
90800	0.02	0.55	0.55	0	0	0.02
90900	0.01	0.55	0.55	0	0	0.01
91000	0.02	0.55	0.55	0	0	0.02
91100	0.03	0.55	0.55	0	0	0.03
91200	0.04	0.55	0.55	0	0	0.04
91300	0.03	0.55	0.55	0	0	0.03
91400	0.02	0.55	0.55	0	0	0.02
91500	0.03	0.55	0.55	0	0	0.03
91600	0.03	0.55	0.55	0	0	0.03
91700	0.04	0.55	0.55	0	0	0.04
91800	0.03	0.55	0.55	0	0	0.03
91900	0.03	0.56	0.56	0	0	0.03
92000	0.03	0.56	0.56	0	0	0.03
92100	0.02	0.56	0.56	0	0	0.02
92200	0.01	0.56	0.56	0	0	0.01
92300	0.01	0.56	0.56	0	0	0.01
92400	0	0.56	0.56	0	0	0
92500	0.02	0.56	0.56	0	0	0.02
92600	0.02	0.56	0.56	0	0	0.02
92700	0.01	0.56	0.56	0	0	0.01
92800	0.01	0.56	0.56	0	0	0.01
92900	0.01	0.56	0.56	0	0	0.01
93000	0	0.56	0.56	0	0	0
93100	0	0.56	0.56	0	0	0
93200	0.03	0.56	0.56	0	0	0.03
93300	0.03	0.56	0.56	0	0	0.03
93400	0.02	0.56	0.56	0	0	0.02
93500	0.03	0.56	0.56	0	0	0.03
93600	0.03	0.56	0.56	0	0	0.03
93700	0.02	0.56	0.56	0	0	0.02
93800	0.02	0.56	0.56	0	0	0.02
93900	0.03	0.56	0.56	0	0	0.03
94000	0.03	0.55	0.55	0	0	0.03
94100	0.03	0.55	0.55	0	0	0.03
94200	0.03	0.55	0.55	0	0	0.03
94300	0.03	0.55	0.55	0	0	0.03
94400	0.03	0.55	0.55	0	0	0.03
94500	0.02	0.55	0.55	0	0	0.02
94600	0.01	0.55	0.55	0	0	0.01
94700	0.02	0.55	0.55	0	0	0.02
94800	0.02	0.55	0.55	0	0	0.02
94900	0.01	0.55	0.55	0	0	0.01
95000	0.02	0.55	0.55	0	0	0.02
95100	0.03	0.55	0.55	0	0	0.03
95200	0.01	0.55	0.55	0	0	0.01
95300	0.01	0.55	0.55	0	0	0.01
95400	0.01	0.55	0.55	0	0	0.01
95500	0.01	0.55	0.55	0	0	0.01
95600	0.02	0.56	0.56	0	0	0.02
95700	0.03	0.56	0.56	0	0	0.03
95800	0.04	0.56	0.56	0	0	0.04
95900	0.05	0.56	0.56	0	0	0.05
96000	0.04	0.56	0.56	0	0	0.04
96100	0.04	0.56	0.56	0	0	0.04
96200	0.02	0.56	0.56	0	0	0.02
96300	0.02	0.56	0.56	0	0	0.02
96400	0.03	0.56	0.56	0	0	0.03
96500	0.03	0.56	0.56	0	0	0.03
96600	0.04	0.56	0.56	0	0	0.04
96700	0.04	0.56	0.56	0	0	0.04
96800	0.05	0.56	0.56	0	0	0.05
96900	0.03	0.56	0.56	0	0	0.03
97000	0.03	0.56	0.56	0	0	0.03
97100	0.02	0.56	0.56	0	0	0.02
97200	0.04	0.56	0.56	0	0	0.04
97300	0.04	0.56	0.56	0	0	0.04
97400	0.04	0.56	0.56	0	0	0.04
97500	0.03	0.56	0.56	0	0	0.03
97600	0.04	0.56	0.56	0	0	0.04
97700	0.05	0.56	0.56	0	0	0.05
97800	0.04	0.56	0.56	0	0	0.04
97900	0.02	0.56	0.56	0	0	0.02
98000	0.01	0.56	0.56	0	0	0.01
98100	0.01	0.57	0.57	0	0	0.01
98200	0.01	0.57	0.57	0	0	0.01
98300	0.01	0.57	0.57	0	0	0.01
98400	0.01	0.57	0.57	0	0	0.01
98500	0	0.57	0.57	0	0	0
98600	0	0.57	0.57	0	0	0
98700	0.02	0.57	0.57	0	0	0.02
98800	0.02	0.57	0.57	0	0	0.02
98900	0.03	0.57	0.57	0	0	0.03
99000	0.04	0.56	0.56	0	0	0.04
99100	0.04	0.56	0.56	0	0	0.04
99200	0.04	0.56	0.56	0	0	0.04
99300	0.03	0.56	0.56	0	0	0.03
99400	0.01	0.56	0.56	0	0	0.01
99500	0	0.56	0.56	0	0	0
99600	0.01	0.56	0.56	0	0	0.01
99700	0.01	0.56	0.56	0	0	0.01
99800	0.01	0.56	0.56	0	0	0.01
99900	0.01	0.57	0.57	0	0	0.01
100000	0.02	0.56	0.56	0	0	0.02
100100	0.03	0.56	0.56	0	0	0.03
100200	0.02	0.56	0.56	0	0	0.02
100300	0.02	0.56	0.56	0	0	0.02
100400	0.03	0.56	0.56	0	0	0.03
100500	0.03	0.56	0.56	0	0	0.03
100600	0.02	0.56	0.56	0	0	0.02
100700	0	0.56	0.56	0	0	0
100800	0.01	0.57	0.57	0	0	0.01
100900	0.01	0.57	0.57	0	0	0.01
101000	0.01	0.57	0.57	0	0	0.01
101100	0.01	0.57	0.57	0	0	0.01
101200	0.02	0.57	0.57	0	0	0.02
101300	0.02	0.57	0.57	0	0	0.02
101400	0.01	0.57	0.57	0	0	0.01
101500	0	0.57	0.57	0	0	0
101600	0	0.57	0.57	0	0	0
101700	0	0.57	0.57	0	0	0
101800	0	0.57	0.57	0	0	0
101900	0	0.57	0.57	0	0	0
102000	0	0.57	0.57	0	0	0
102100	0.01	0.57	0.57	0	0	0.01
102200	0.01	0.57	0.57	0	0	0.01
102300	0.01	0.57	0.57	0	0	0.01
102400	0.01	0.57	0.57	0	0	0.01
102500	0.02	0.57	0.57	0	0	0.02
102600	0.02	0.57	0.57	0	0	0.02
102700	0.01	0.57	0.57	0	0	0.01
102800	0	0.57	0.57	0	0	0
102900	0	0.57	0.57	0	0	0
103000	0	0.57	0.57	0	0	0
103100	0.01	0.57	0.57	0	0	0.01
103200	0.01	0.57	0.57	0	0	0.01
103300	0.01	0.56	0.56	0	0	0.01
103400	0.01	0.56	0.56	0	0	0.01
103500	0.02	0.56	0.56	0	0	0.02
103600	0.02	0.56	0.56	0	0	0.02
103700	0.02	0.56	0.56	0	0	0.02
103800	0.02	0.56	0.56	0	0	0.02
103900	0.01	0.56	0.56	0	0	0.01
104000	0.01	0.56	0.56	0	0	0.01
104100	0.01	0.56	0.56	0	0	0.01
104200	0.02	0.56	0.56	0	0	0.02
104300	0.02	0.56	0.56	0	0	0.02
104400	0.04	0.55	0.55	0	0	0.04
104500	0.04	0.55	0.55	0	0	0.04
104600	0.01	0.55	0.55	0	0	0.01
104700	0.01	0.55	0.55	0	0	0.01
104800	0	0.55	0.55	0	0	0
104900	0.02	0.55	0.55	0	0	0.02
105000	0.02	0.55	0.55	0	0	0.02
105100	0.03	0.55	0.55	0	0	0.03
105200	0.03	0.55	0.55	0	0	0.03
105300	0.03	0.55	0.55	0	0	0.03
105400	0.01	0.55	0.55	0	0	0.01
105500	0.01	0.54	0.54	0	0	0.01
105600	0.02	0.54	0.54	0	0	0.02
105700	0.02	0.54	0.54	0	0	0.02
105800	0.03	0.55	0.55	0	0	0.03
105900	0.03	0.55	0.55	0	0	0.03
106000	0.03	0.55	0.55	0	0	0.03
106100	0.03	0.55	0.55	0	0	0.03
106200	0.02	0.55	0.55	0	0	0.02
106300	0.01	0.55	0.55	0	0	0.01
106400	0.02	0.55	0.55	0	0	0.02
106500	0.02	0.56	0.56	0	0	0.02
106600	0.01	0.56	0.56	0	0	0.01
106700	0.01	0.56	0.56	0	0	0.01
106800	0.03	0.56	0.56	0	0	0.03
106900	0.03	0.56	0.56	0	0	0.03
107000	0	0.56	0.56	0	0	0
107100	0	0.56	0.56	0	0	0
107200	0	0.56	0.56	0	0	0
107300	0	0.56	0.56	0	0	0
107400	0	0.56	0.56	0	0	0
107500	0.02	0.56	0.56	0	0	0.02
107600	0.02	0.56	0.56	0	0	0.02
107700	0.02	0.56	0.56	0	0	0.02
107800	0.03	0.56	0.56	0	0	0.03
107900	0.04	0.56	0.56	0	0	0.04
108000	0.03	0.56	0.56	0	0	0.03
108100	0.02	0.56	0.56	0	0	0.02
108200	0.02	0.56	0.56	0	0	0.02
108300	0.03	0.56	0.56	0	0	0.03
108400	0.03	0.56	0.56	0	0	0.03
108500	0.03	0.56	0.56	0	0	0.03
108600	0.04	0.56	0.56	0	0	0.04
108700	0.04	0.56	0.56	0	0	0.04
108800	0.04	0.56	0.56	0	0	0.04
108900	0.03	0.56	0.56	0	0	0.03
109000	0.05	0.56	0.56	0	0	0.05
109100	0.05	0.56	0.56	0	0	0.05
109200	0.04	0.56	0.56	0	0	0.04
109300	0.01	0.56	0.56	0	0	0.01
109400	0.01	0.56	0.56	0	0	0.01
109500	0	0.56	0.56	0	0	0
109600	0.01	0.56	0.56	0	0	0.01
109700	0.01	0.56	0.56	0	0	0.01
109800	0.02	0.56	0.56	0	0	0.02
109900	0.02	0.56	0.56	0	0	0.02
110000	0.02	0.56	0.56	0	0	0.02
110100	0.03	0.56	0.56	0	0	0.03
110200	0.02	0.56	0.56	0	0	0.02
110300	0.01	0.56	0.56	0	0	0.01
110400	0.01	0.56	0.56	0	0	0.01
110500	0	0.56	0.56	0	0	0
110600	0.01	0.56	0.56	0	0	0.01
110700	0.01	0.56	0.56	0	0	0.01
110800	0	0.56	0.56	0	0	0
110900	0.02	0.57	0.57	0	0	0.02
111000	0.02	0.57	0.57	0	0	0.02
111100	0.02	0.57	0.57	0	0	0.02
111200	0.02	0.57	0.57	0	0	0.02
111300	0.02	0.57	0.57	0	0	0.02
111400	0.01	0.57	0.57	0	0	0.01
111500	0.02	0.57	0.57	0	0	0.02
111600	0.02	0.56	0.56	0	0	0.02
111700	0	0.56	0.56	0	0	0
111800	0	0.56	0.56	0	0	0
111900	0.01	0.56	0.56	0	0	0.01
112000	0.02	0.56	0.56	0	0	0.02
112100	0.03	0.56	0.56	0	0	0.03
112200	0.03	0.56	0.56	0	0	0.03
112300	0.03	0.56	0.56	0	0	0.03
112400	0.03	0.56	0.56	0	0	0.03
112500	0.03	0.56	0.56	0	0	0.03
112600	0.04	0.56	0.56	0	0	0.04
112700	0.05	0.56	0.56	0	0	0.05
112800	0.04	0.56	0.56	0	0	0.04
112900	0.02	0.56	0.56	0	0	0.02
113000	0	0.56	0.56	0	0	0
113100	0.02	0.56	0.56	0	0	0.02
113200	0.02	0.56	0.56	0	0	0.02
113300	0.02	0.56	0.56	0	0	0.02
113400	0.02	0.56	0.56	0	0	0.02
113500	0.02	0.56	0.56	0	0	0.02
113600	0.04	0.56	0.56	0	0	0.04
113700	0.02	0.56	0.56	0	0	0.02
113800	0.02	0.56	0.56	0	0	0.02
113900	0.01	0.56	0.56	0	0	0.01
114000	0.02	0.56	0.56	0	0	0.02
114100	0	0.56	0.56	0	0	0
114200	0.01	0.56	0.56	0	0	0.01
114300	0.01	0.57	0.57	0	0	0.01
114400	0.02	0.57	0.57	0	0	0.02
114500	0.03	0.57	0.57	0	0	0.03
114600	0.03	0.57	0.57	0	0	0.03
114700	0.05	0.56	0.56	0	0	0.05
114800	0.03	0.56	0.56	0	0	0.03
114900	0.02	0.56	0.56	0	0	0.02
115000	0.01	0.56	0.56	0	0	0.01
115100	0.02	0.56	0.56	0	0	0.02
115200	0.01	0.56	0.56	0	0	0.01
115300	0.01	0.56	0.56	0	0	0.01
115400	0.01	0.56	0.56	0	0	0.01
115500	0.01	0.57	0.57	0	0	0.01
115600	0.02	0.57	0.57	0	0	0.02
115700	0.01	0.57	0.57	0	0	0.01
115800	0.02	0.57	0.57	0	0	0.02
115900	0.02	0.56	0.56	0	0	0.02
116000	0.03	0.56	0.56	0	0	0.03
116100	0.01	0.56	0.56	0	0	0.01
116200	0	0.56	0.56	0	0	0
116300	0	0.56	0.56	0	0	0
116400	0	0.56	0.56	0	0	0
116500	0.01	0.56	0.56	0	0	0.01
116600	0.01	0.56	0.56	0	0	0.01
116700	0.01	0.56	0.56	0	0	0.01
116800	0.02	0.56	0.56	0	0	0.02
116900	0.03	0.56	0.56	0	0	0.03
117000	0.04	0.56	0.56	0	0	0.04
117100	0.03	0.56	0.56	0	0	0.03
117200	0.02	0.56	0.56	0	0	0.02
117300	0.04	0.56	0.56	0	0	0.04
117400	0.05	0.56	0.56	0	0	0.05
117500	0.05	0.56	0.56	0	0	0.05
117600	0.03	0.56	0.56	0	0	0.03
117700	0.01	0.56	0.56	0	0	0.01
117800	0.01	0.56	0.56	0	0	0.01
117900	0.01	0.56	0.56	0	0	0.01
118000	0.01	0.56	0.56	0	0	0.01
118100	0.03	0.56	0.56	0	0	0.03
118200	0.03	0.56	0.56	0	0	0.03
118300	0.01	0.56	0.56	0	0	0.01
118400	0.02	0.56	0.56	0	0	0.02
118500	0.02	0.56	0.56	0	0	0.02
118600	0.01	0.56	0.56	0	0	0.01
118700	0	0.56	0.56	0	0	0
118800	0.01	0.56	0.56	0	0	0.01
118900	0.02	0.56	0.56	0	0	0.02
119000	0.02	0.56	0.56	0	0	0.02
119100	0.02	0.56	0.56	0	0	0.02
119200	0.02	0.56	0.56	0	0	0.02
119300	0.01	0.56	0.56	0	0	0.01
119400	0.01	0.56	0.56	0	0	0.01
119500	0.01	0.56	0.56	0	0	0.01
119600	0.01	0.56	0.56	0	0	0.01
119700	0.01	0.56	0.56	0	0	0.01
119800	0.02	0.56	0.56	0	0	0.02
119900	0.04	0.56	0.56	0	0	0.04
120000	0.03	0.56	0.56	0	0	0.03
120100	0.03	0.56	0.56	0	0	0.03
120200	0.04	0.56	0.56	0	0	0.04
120300	0.03	0.56	0.56	0	0	0.03
120400	0.02	0.56	0.56	0	0	0.02
120500	0.01	0.56	0.56	0	0	0.01
120600	0.02	0.56	0.56	0	0	0.02
120700	0.03	0.56	0.56	0	0	0.03
120800	0.03	0.56	0.56	0	0	0.03
120900	0.03	0.56	0.56	0	0	0.03
121000	0.03	0.56	0.56	0	0	0.03
121100	0.02	0.56	0.56	0	0	0.02
121200	0	0.56	0.56	0	0	0
121300	0.01	0.56	0.56	0	0	0.01
121400	0.01	0.56	0.56	0	0	0.01
121500	0.02	0.56	0.56	0	0	0.02
121600	0.02	0.56	0.56	0	0	0.02
121700	0.03	0.56	0.56	0	0	0.03
121800	0.06	0.56	0.56	0	0	0.06
121900	0.03	0.56	0.56	0	0	0.03
122000	0.02	0.56	0.56	0	0	0.02
122100	0.01	0.56	0.56	0	0	0.01
122200	0.01	0.56	0.56	0	0	0.01
122300	0.01	0.56	0.56	0	0	0.01
122400	0	0.56	0.56	0	0	0
122500	0	0.56	0.56	0	0	0
122600	0.01	0.57	0.57	0	0	0.01
122700	0.01	0.57	0.57	0	0	0.01
122800	0.01	0.57	0.57	0	0	0.01
122900	0	0.57	0.57	0	0	0
123000	0	0.57	0.57	0	0	0
123100	0	0.57	0.57	0	0	0
123200	0	0.57	0.57	0	0	0
123300	0.02	0.57	0.57	0	0	0.02
123400	0.02	0.57	0.57	0	0	0.02
123500	0.02	0.57	0.57	0	0	0.02
123600	0.02	0.57	0.57	0	0	0.02
123700	0.03	0.57	0.57	0	0	0.03
123800	0.03	0.57	0.57	0	0	0.03
123900	0.02	0.57	0.57	0	0	0.02
124000	0.02	0.57	0.57	0	0	0.02
124100	0.02	0.57	0.57	0	0	0.02
124200	0.02	0.57	0.57	0	0	0.02
124300	0.02	0.57	0.57	0	0	0.02
124400	0.02	0.57	0.57	0	0	0.02
124500	0.02	0.57	0.57	0	0	0.02
124600	0.03	0.57	0.57	0	0	0.03
124700	0.02	0.57	0.57	0	0	0.02
124800	0.01	0.57	0.57	0	0	0.01
124900	0.01	0.57	0.57	0	0	0.01
125000	0	0.57	0.57	0	0	0
125100	0	0.57	0.57	0	0	0
125200	0.01	0.57	0.57	0	0	0.01
125300	0.02	0.57	0.57	0	0	0.02
125400	0.03	0.57	0.57	0	0	0.03
125500	0.02	0.57	0.57	0	0	0.02
125600	0.02	0.57	0.57	0	0	0.02
125700	0.03	0.57	0.57	0	0	0.03
125800	0.01	0.57	0.57	0	0	0.01
125900	0.03	0.57	0.57	0	0	0.03
126000	0.02	0.57	0.57	0	0	0.02
126100	0.02	0.57	0.57	0	0	0.02
126200	0.02	0.57	0.57	0	0	0.02
126300	0.03	0.57	0.57	0	0	0.03
126400	0.03	0.57	0.57	0	0	0.03
126500	0.05	0.57	0.57	0	0	0.05
126600	0.02	0.57	0.57	0	0	0.02
126700	0.01	0.57	0.57	0	0	0.01
126800	0.01	0.58	0.58	0	0	0.01
126900	0.01	0.58	0.58	0	0	0.01
127000	0.02	0.57	0.57	0	0	0.02
127100	0.02	0.57	0.57	0	0	0.02
127200	0.03	0.56	0.56	0	0	0.03
127300	0.04	0.56	0.56	0	0	0.04
127400	0.06	0.56	0.56	0	0	0.06
127500	0.05	0.56	0.56	0	0	0.05
127600	0.04	0.56	0.56	0	0	0.04
127700	0.02	0.56	0.56	0	0	0.02
127800	0.02	0.56	0.56	0	0	0.02
127900	0.02	0.56	0.56	0	0	0.02
128000	0.01	0.56	0.56	0	0	0.01
128100	0.01	0.56	0.56	0	0	0.01
128200	0.01	0.56	0.56	0	0	0.01
128300	0.01	0.56	0.56	0	0	0.01
128400	0.03	0.56	0.56	0	0	0.03
128500	0.02	0.56	0.56	0	0	0.02
128600	0.04	0.56	0.56	0	0	0.04
128700	0.03	0.56	0.56	0	0	0.03
128800	0.02	0.56	0.56	0	0	0.02
128900	0.02	0.56	0.56	0	0	0.02
129000	0.01	0.56	0.56	0	0	0.01
129100	0.02	0.57	0.57	0	0	0.02
129200	0.02	0.56	0.56	0	0	0.02
129300	0.02	0.56	0.56	0	0	0.02
129400	0.02	0.56	0.56	0	0	0.02
129500	0.01	0.56	0.56	0	0	0.01
129600	0.01	0.56	0.56	0	0	0.01
129700	0.01	0.56	0.56	0	0	0.01
129800	0.01	0.56	0.56	0	0	0.01
129900	0.01	0.56	0.56	0	0	0.01
130000	0.02	0.56	0.56	0	0	0.02
130100	0.01	0.56	0.56	0	0	0.01
130200	0.01	0.56	0.56	0	0	0.01
130300	0.01	0.56	0.56	0	0	0.01
130400	0	0.57	0.57	0	0	0
130500	0	0.57	0.57	0	0	0
130600	0.01	0.57	0.57	0	0	0.01
130700	0.01	0.57	0.57	0	0	0.01
130800	0	0.57	0.57	0	0	0
130900	0	0.57	0.57	0	0	0
131000	0.01	0.57	0.57	0	0	0.01
131100	0.04	0.57	0.57	0	0	0.04
131200	0.04	0.57	0.57	0	0	0.04
131300	0.05	0.57	0.57	0	0	0.05
131400	0.06	0.57	0.57	0	0	0.06
131500	0.06	0.57	0.57	0	0	0.06
131600	0.05	0.56	0.56	0	0	0.05
131700	0.05	0.56	0.56	0	0	0.05
131800	0.02	0.56	0.56	0	0	0.02
131900	0.01	0.56	0.56	0	0	0.01
132000	0.01	0.56	0.56	0	0	0.01
132100	0	0.56	0.56	0	0	0
132200	0	0.57	0.57	0	0	0
132300	0.01	0.57	0.57	0	0	0.01
132400	0.01	0.57	0.57	0	0	0.01
132500	0.02	0.57	0.57	0	0	0.02
132600	0.04	0.57	0.57	0	0	0.04
132700	0.05	0.57	0.57	0	0	0.05
132800	0.04	0.57	0.57	0	0	0.04
132900	0.02	0.57	0.57	0	0	0.02
133000	0.01	0.57	0.57	0	0	0.01
133100	0.01	0.57	0.57	0	0	0.01
133200	0.02	0.57	0.57	0	0	0.02
133300	0.02	0.57	0.57	0	0	0.02
133400	0.02	0.57	0.57	0	0	0.02
133500	0.02	0.57	0.57	0	0	0.02
133600	0.03	0.57	0.57	0	0	0.03
133700	0.03	0.57	0.57	0	0	0.03
133800	0.05	0.57	0.57	0	0	0.05
133900	0.03	0.57	0.57	0	0	0.03
134000	0.01	0.57	0.57	0	0	0.01
134100	0	0.57	0.57	0	0	0
134200	0	0.57	0.57	0	0	0
134300	0	0.57	0.57	0	0	0
134400	0	0.57	0.57	0	0	0
134500	0	0.57	0.57	0	0	0
134600	0.01	0.57	0.57	0	0	0.01
134700	0.02	0.57	0.57	0	0	0.02
134800	0.02	0.57	0.57	0	0	0.02
134900	0.02	0.57	0.57	0	0	0.02
135000	0.02	0.57	0.57	0	0	0.02
135100	0.02	0.57	0.57	0	0	0.02
135200	0.02	0.57	0.57	0	0	0.02
135300	0.04	0.57	0.57	0	0	0.04
135400	0.05	0.57	0.57	0	0	0.05
135500	0.05	0.57	0.57	0	0	0.05
135600	0.04	0.57	0.57	0	0	0.04
135700	0.02	0.57	0.57	0	0	0.02
135800	0.02	0.56	0.56	0	0	0.02
135900	0.01	0.56	0.56	0	0	0.01
136000	0.01	0.56	0.56	0	0	0.01
136100	0.01	0.56	0.56	0	0	0.01
136200	0.02	0.56	0.56	0	0	0.02
136300	0.02	0.56	0.56	0	0	0.02
136400	0.01	0.56	0.56	0	0	0.01
136500	0.01	0.56	0.56	0	0	0.01
136600	0.02	0.56	0.56	0	0	0.02
136700	0.03	0.56	0.56	0	0	0.03
136800	0.03	0.56	0.56	0	0	0.03
136900	0.03	0.56	0.56	0	0	0.03
137000	0.05	0.56	0.56	0	0	0.05
137100	0.05	0.56	0.56	0	0	0.05
137200	0.06	0.56	0.56	0	0	0.06
137300	0.05	0.56	0.56	0	0	0.05
137400	0.04	0.56	0.56	0	0	0.04
137500	0.04	0.56	0.56	0	0	0.04
137600	0.05	0.57	0.57	0	0	0.05
137700	0.05	0.57	0.57	0	0	0.05
137800	0.05	0.57	0.57	0	0	0.05
137900	0.03	0.57	0.57	0	0	0.03
138000	0.03	0.57	0.57	0	0	0.03
138100	0.02	0.57	0.57	0	0	0.02
138200	0.02	0.57	0.57	0	0	0.02
138300	0.02	0.57	0.57	0	0	0.02
138400	0.02	0.57	0.57	0	0	0.02
138500	0.02	0.57	0.57	0	0	0.02
138600	0.02	0.57	0.57	0	0	0.02
138700	0.02	0.57	0.57	0	0	0.02
138800	0.03	0.57	0.57	0	0	0.03
138900	0.01	0.57	0.57	0	0	0.01
139000	0.03	0.57	0.57	0	0	0.03
139100	0.03	0.57	0.57	0	0	0.03
139200	0.02	0.57	0.57	0	0	0.02
139300	0.03	0.57	0.57	0	0	0.03
139400	0	0.57	0.57	0	0	0
139500	0.01	0.57	0.57	0	0	0.01
139600	0.02	0.57	0.57	0	0	0.02
139700	0.02	0.58	0.58	0	0	0.02
139800	0.02	0.59	0.59	0	0	0.02
139900	0.02	0.59	0.59	0	0	0.02
140000	0.02	0.57	0.57	0	0	0.02
140100	0.01	0.57	0.57	0	0	0.01
140200	0.01	0.57	0.57	0	0	0.01
140300	0.01	0.57	0.57	0	0	0.01
140400	0.01	0.57	0.57	0	0	0.01
140500	0.01	0.57	0.57	0	0	0.01
140600	0.02	0.57	0.57	0	0	0.02
140700	0.02	0.57	0.57	0	0	0.02
140800	0.04	0.57	0.57	0	0	0.04
140900	0.04	0.57	0.57	0	0	0.04
141000	0.04	0.57	0.57	0	0	0.04
141100	0.03	0.57	0.57	0	0	0.03
141200	0.03	0.57	0.57	0	0	0.03
141300	0.04	0.57	0.57	0	0	0.04
141400	0.05	0.57	0.57	0	0	0.05
141500	0.07	0.57	0.57	0	0	0.07
141600	0.06	0.57	0.57	0	0	0.06
141700	0.06	0.57	0.57	0	0	0.06
141800	0.05	0.57	0.57	0	0	0.05
141900	0.05	0.56	0.56	0	0	0.05
142000	0.05	0.56	0.56	0	0	0.05
142100	0.03	0.56	0.56	0	0	0.03
142200	0.02	0.56	0.56	0	0	0.02
142300	0.02	0.56	0.56	0	0	0.02
142400	0.02	0.57	0.57	0	0	0.02
142500	0.02	0.57	0.57	0	0	0.02
142600	0.02	0.57	0.57	0	0	0.02
142700	0.01	0.57	0.57	0	0	0.01
142800	0.01	0.57	0.57	0	0	0.01
142900	0	0.57	0.57	0	0	0
143000	0.01	0.57	0.57	0	0	0.01
143100	0.02	0.56	0.56	0	0	0.02
143200	0.02	0.56	0.56	0	0	0.02
143300	0.03	0.56	0.56	0	0	0.03
143400	0.03	0.56	0.56	0	0	0.03
143500	0.05	0.56	0.56	0	0	0.05
143600	0.06	0.56	0.56	0	0	0.06
143700	0.04	0.56	0.56	0	0	0.04
143800	0.04	0.56	0.56	0	0	0.04
143900	0.05	0.56	0.56	0	0	0.05
144000	0.04	0.56	0.56	0	0	0.04
144100	0.03	0.56	0.56	0	0	0.03
144200	0.03	0.56	0.56	0	0	0.03
144300	0.02	0.56	0.56	0	0	0.02
144400	0.01	0.56	0.56	0	0	0.01
144500	0	0.56	0.56	0	0	0
144600	0	0.56	0.56	0	0	0
144700	0	0.56	0.56	0	0	0
144800	0.01	0.56	0.56	0	0	0.01
144900	0.02	0.56	0.56	0	0	0.02
145000	0.02	0.56	0.56	0	0	0.02
145100	0.02	0.56	0.56	0	0	0.02
145200	0.03	0.56	0.56	0	0	0.03
145300	0.03	0.56	0.56	0	0	0.03
145400	0.01	0.56	0.56	0	0	0.01
145500	0.01	0.56	0.56	0	0	0.01
145600	0.01	0.56	0.56	0	0	0.01
145700	0.01	0.56	0.56	0	0	0.01
145800	0.02	0.56	0.56	0	0	0.02
145900	0.02	0.56	0.56	0	0	0.02
146000	0	0.56	0.56	0	0	0
146100	0	0.56	0.56	0	0	0
146200	0.01	0.56	0.56	0	0	0.01
146300	0.02	0.56	0.56	0	0	0.02
146400	0.04	0.56	0.56	0	0	0.04
146500	0.05	0.56	0.56	0	0	0.05
146600	0.04	0.56	0.56	0	0	0.04
146700	0.03	0.56	0.56	0	0	0.03
146800	0.04	0.56	0.56	0	0	0.04
146900	0.06	0.56	0.56	0	0	0.06
147000	0.05	0.56	0.56	0	0	0.05
147100	0.07	0.56	0.56	0	0	0.07
147200	0.06	0.56	0.56	0	0	0.06
147300	0.06	0.56	0.56	0	0	0.06
147400	0.04	0.56	0.56	0	0	0.04
147500	0.02	0.56	0.56	0	0	0.02
147600	0.02	0.56	0.56	0	0	0.02
147700	0.01	0.56	0.56	0	0	0.01
147800	0	0.56	0.56	0	0	0
147900	0	0.56	0.56	0	0	0
148000	0	0.56	0.56	0	0	0
148100	0.01	0.56	0.56	0	0	0.01
148200	0.01	0.56	0.56	0	0	0.01
148300	0.02	0.56	0.56	0	0	0.02
148400	0.01	0.56	0.56	0	0	0.01
148500	0.02	0.56	0.56	0	0	0.02
148600	0.02	0.56	0.56	0	0	0.02
148700	0.03	0.56	0.56	0	0	0.03
148800	0.03	0.56	0.56	0	0	0.03
148900	0.03	0.56	0.56	0	0	0.03
149000	0.03	0.56	0.56	0	0	0.03
149100	0.03	0.56	0.56	0	0	0.03
149200	0.02	0.56	0.56	0	0	0.02
149300	0.02	0.56	0.56	0	0	0.02
149400	0.02	0.56	0.56	0	0	0.02
149500	0.02	0.56	0.56	0	0	0.02
149600	0.02	0.56	0.56	0	0	0.02
149700	0.02	0.56	0.56	0	0	0.02
149800	0.01	0.56	0.56	0	0	0.01
149900	0	0.56	0.56	0	0	0
150000	0	0.57	0.57	0	0	0
150100	0	0.57	0.57	0	0	0
150200	0	0.57	0.57	0	0	0
150300	0	0.57	0.57	0	0	0
150400	0	0.57	0.57	0	0	0
150500	0	0.58	0.58	0	0	0
150600	0	0.58	0.58	0	0	0
150700	0.01	0.58	0.58	0	0	0.01
150800	0.01	0.58	0.58	0	0	0.01
150900	0.01	0.58	0.58	0	0	0.01
151000	0.01	0.58	0.58	0	0	0.01
151100	0.03	0.58	0.58	0	0	0.03
151200	0.04	0.58	0.58	0	0	0.04
151300	0.06	0.59	0.59	0	0	0.06
151400	0.07	0.58	0.58	0	0	0.07
151500	0.06	0.58	0.58	0	0	0.06
151600	0.05	0.58	0.58	0	0	0.05
151700	0.05	0.58	0.58	0	0	0.05
151800	0.04	0.58	0.58	0	0	0.04
151900	0.01	0.58	0.58	0	0	0.01
152000	0.01	0.58	0.58	0	0	0.01
152100	0.01	0.58	0.58	0	0	0.01
152200	0.01	0.58	0.58	0	0	0.01
152300	0.02	0.58	0.58	0	0	0.02
152400	0.01	0.58	0.58	0	0	0.01
152500	0.01	0.58	0.58	0	0	0.01
152600	0.01	0.58	0.58	0	0	0.01
152700	0.01	0.58	0.58	0	0	0.01
152800	0	0.58	0.58	0	0	0
152900	0	0.58	0.58	0	0	0
153000	0.01	0.58	0.58	0	0	0.01
153100	0.01	0.58	0.58	0	0	0.01
153200	0.01	0.58	0.58	0	0	0.01
153300	0.01	0.58	0.58	0	0	0.01
153400	0.01	0.58	0.58	0	0	0.01
153500	0.02	0.58	0.58	0	0	0.02
153600	0.01	0.58	0.58	0	0	0.01
153700	0.01	0.58	0.58	0	0	0.01
153800	0.02	0.58	0.58	0	0	0.02
153900	0.02	0.58	0.58	0	0	0.02
154000	0.02	0.58	0.58	0	0	0.02
154100	0.02	0.58	0.58	0	0	0.02
154200	0.01	0.58	0.58	0	0	0.01
154300	0.02	0.58	0.58	0	0	0.02
154400	0.04	0.58	0.58	0	0	0.04
154500	0.01	0.58	0.58	0	0	0.01
154600	0	0.58	0.58	0	0	0
154700	0.01	0.58	0.58	0	0	0.01
154800	0.01	0.58	0.58	0	0	0.01
154900	0.02	0.58	0.58	0	0	0.02
155000	0.02	0.58	0.58	0	0	0.02
155100	0.03	0.58	0.58	0	0	0.03
155200	0.03	0.58	0.58	0	0	0.03
155300	0.03	0.58	0.58	0	0	0.03
155400	0.03	0.58	0.58	0	0	0.03
155500	0.02	0.58	0.58	0	0	0.02
155600	0.01	0.58	0.58	0	0	0.01
155700	0.02	0.58	0.58	0	0	0.02
155800	0.02	0.58	0.58	0	0	0.02
155900	0.04	0.58	0.58	0	0	0.04
156000	0.04	0.58	0.58	0	0	0.04
156100	0.04	0.58	0.58	0	0	0.04
156200	0.01	0.58	0.58	0	0	0.01
156300	0.02	0.58	0.58	0	0	0.02
156400	0.01	0.58	0.58	0	0	0.01
156500	0.01	0.58	0.58	0	0	0.01
156600	0.02	0.58	0.58	0	0	0.02
156700	0.02	0.58	0.58	0	0	0.02
156800	0	0.58	0.58	0	0	0
156900	0.01	0.58	0.58	0	0	0.01
157000	0.02	0.58	0.58	0	0	0.02
157100	0.03	0.58	0.58	0	0	0.03
157200	0.03	0.58	0.58	0	0	0.03
157300	0.04	0.58	0.58	0	0	0.04
157400	0.03	0.58	0.58	0	0	0.03
157500	0.03	0.58	0.58	0	0	0.03
157600	0.05	0.58	0.58	0	0	0.05
157700	0.05	0.58	0.58	0	0	0.05
157800	0.04	0.58	0.58	0	0	0.04
157900	0.01	0.58	0.58	0	0	0.01
158000	0.01	0.58	0.58	0	0	0.01
158100	0.01	0.58	0.58	0	0	0.01
158200	0.02	0.58	0.58	0	0	0.02
158300	0.02	0.58	0.58	0	0	0.02
158400	0.02	0.58	0.58	0	0	0.02
158500	0.03	0.58	0.58	0	0	0.03
158600	0.02	0.58	0.58	0	0	0.02
158700	0.01	0.58	0.58	0	0	0.01
158800	0.01	0.58	0.58	0	0	0.01
158900	0.01	0.58	0.58	0	0	0.01
159000	0	0.58	0.58	0	0	0
159100	0.01	0.58	0.58	0	0	0.01
159200	0.02	0.58	0.58	0	0	0.02
159300	0.02	0.58	0.58	0	0	0.02
159400	0.01	0.58	0.58	0	0	0.01
159500	0.01	0.58	0.58	0	0	0.01
159600	0.01	0.58	0.58	0	0	0.01
159700	0	0.58	0.58	0	0	0
159800	0	0.58	0.58	0	0	0
159900	0.01	0.58	0.58	0	0	0.01
160000	0.02	0.58	0.58	0	0	0.02
160100	0.02	0.58	0.58	0	0	0.02
160200	0.02	0.58	0.58	0	0	0.02
160300	0.02	0.58	0.58	0	0	0.02
160400	0.02	0.58	0.58	0	0	0.02
160500	0.02	0.58	0.58	0	0	0.02
160600	0.01	0.58	0.58	0	0	0.01
160700	0.02	0.58	0.58	0	0	0.02
160800	0.02	0.58	0.58	0	0	0.02
160900	0.01	0.58	0.58	0	0	0.01
161000	0	0.58	0.58	0	0	0
161100	0.01	0.58	0.58	0	0	0.01
161200	0.01	0.58	0.58	0	0	0.01
161300	0.01	0.58	0.58	0	0	0.01
161400	0.01	0.59	0.59	0	0	0.01
161500	0.01	0.58	0.58	0	0	0.01
161600	0	0.58	0.58	0	0	0
161700	0.01	0.58	0.58	0	0	0.01
161800	0.01	0.58	0.58	0	0	0.01
161900	0.01	0.58	0.58	0	0	0.01
162000	0.01	0.58	0.58	0	0	0.01
162100	0.01	0.58	0.58	0	0	0.01
162200	0	0.58	0.58	0	0	0
162300	0	0.58	0.58	0	0	0
162400	0	0.58	0.58	0	0	0
162500	0.01	0.58	0.58	0	0	0.01
162600	0.01	0.58	0.58	0	0	0.01
162700	0.01	0.58	0.58	0	0	0.01
162800	0.02	0.58	0.58	0	0	0.02
162900	0.01	0.58	0.58	0	0	0.01
163000	0.01	0.58	0.58	0	0	0.01
163100	0	0.58	0.58	0	0	0
163200	0.01	0.58	0.58	0	0	0.01
163300	0.04	0.58	0.58	0	0	0.04
163400	0.04	0.58	0.58	0	0	0.04
163500	0.04	0.58	0.58	0	0	0.04
163600	0.05	0.58	0.58	0	0	0.05
163700	0.05	0.58	0.58	0	0	0.05
163800	0.04	0.58	0.58	0	0	0.04
163900	0.02	0.58	0.58	0	0	0.02
164000	0.02	0.58	0.58	0	0	0.02
164100	0.01	0.58	0.58	0	0	0.01
164200	0	0.58	0.58	0	0	0
164300	0.01	0.58	0.58	0	0	0.01
164400	0.02	0.58	0.58	0	0	0.02
164500	0.03	0.58	0.58	0	0	0.03
164600	0.03	0.58	0.58	0	0	0.03
164700	0.05	0.58	0.58	0	0	0.05
164800	0.02	0.58	0.58	0	0	0.02
164900	0	0.58	0.58	0	0	0
165000	0.01	0.58	0.58	0	0	0.01
165100	0.02	0.58	0.58	0	0	0.02
165200	0.02	0.58	0.58	0	0	0.02
165300	0.03	0.58	0.58	0	0	0.03
165400	0.02	0.58	0.58	0	0	0.02
165500	0.02	0.58	0.58	0	0	0.02
165600	0.03	0.58	0.58	0	0	0.03
165700	0.03	0.58	0.58	0	0	0.03
165800	0.03	0.58	0.58	0	0	0.03
165900	0.02	0.58	0.58	0	0	0.02
166000	0.03	0.58	0.58	0	0	0.03
166100	0.03	0.58	0.58	0	0	0.03
166200	0.03	0.58	0.58	0	0	0.03
166300	0.03	0.58	0.58	0	0	0.03
166400	0.04	0.58	0.58	0	0	0.04
166500	0.02	0.58	0.58	0	0	0.02
166600	0.01	0.58	0.58	0	0	0.01
166700	0.02	0.58	0.58	0	0	0.02
166800	0.02	0.58	0.58	0	0	0.02
166900	0.03	0.58	0.58	0	0	0.03
167000	0.03	0.58	0.58	0	0	0.03
167100	0.07	0.58	0.58	0	0	0.07
167200	0.06	0.58	0.58	0	0	0.06
167300	0.08	0.58	0.58	0	0	0.08
167400	0.06	0.58	0.58	0	0	0.06
167500	0.04	0.58	0.58	0	0	0.04
167600	0.04	0.58	0.58	0	0	0.04
167700	0.05	0.58	0.58	0	0	0.05
167800	0.04	0.58	0.58	0	0	0.04
167900	0	0.58	0.58	0	0	0
168000	0	0.58	0.58	0	0	0
168100	0	0.58	0.58	0	0	0
168200	0	0.58	0.58	0	0	0
168300	0	0.58	0.58	0	0	0
168400	0	0.58	0.58	0	0	0
168500	0	0.58	0.58	0	0	0
168600	0.01	0.58	0.58	0	0	0.01
168700	0.01	0.58	0.58	0	0	0.01
168800	0.01	0.58	0.58	0	0	0.01
168900	0.02	0.58	0.58	0	0	0.02
169000	0.02	0.58	0.58	0	0	0.02
169100	0.02	0.58	0.58	0	0	0.02
169200	0.01	0.58	0.58	0	0	0.01
169300	0.02	0.58	0.58	0	0	0.02
169400	0.01	0.58	0.58	0	0	0.01
169500	0	0.58	0.58	0	0	0
169600	0	0.58	0.58	0	0	0
169700	0	0.58	0.58	0	0	0
169800	0	0.58	0.58	0	0	0
169900	0.01	0.58	0.58	0	0	0.01
170000	0	0.58	0.58	0	0	0
170100	0.01	0.58	0.58	0	0	0.01
170200	0.02	0.57	0.57	0	0	0.02
170300	0.03	0.57	0.57	0	0	0.03
170400	0.02	0.57	0.57	0	0	0.02
170500	0.01	0.57	0.57	0	0	0.01
170600	0.02	0.57	0.57	0	0	0.02
170700	0.03	0.57	0.57	0	0	0.03
170800	0.02	0.57	0.57	0	0	0.02
170900	0.03	0.57	0.57	0	0	0.03
171000	0.03	0.57	0.57	0	0	0.03
171100	0.04	0.57	0.57	0	0	0.04
171200	0.04	0.57	0.57	0	0	0.04
171300	0.03	0.57	0.57	0	0	0.03
171400	0.03	0.57	0.57	0	0	0.03
171500	0	0.57	0.57	0	0	0
171600	0	0.57	0.57	0	0	0
171700	0.01	0.57	0.57	0	0	0.01
171800	0.02	0.57	0.57	0	0	0.02
171900	0.02	0.57	0.57	0	0	0.02
172000	0.02	0.57	0.57	0	0	0.02
172100	0.02	0.57	0.57	0	0	0.02
172200	0.01	0.57	0.57	0	0	0.01
172300	0	0.57	0.57	0	0	0
172400	0.01	0.57	0.57	0	0	0.01
172500	0.01	0.57	0.57	0	0	0.01
172600	0.01	0.57	0.57	0	0	0.01
172700	0.01	0.57	0.57	0	0	0.01
172800	0.02	0.57	0.57	0	0	0.02
172900	0.03	0.57	0.57	0	0	0.03
173000	0.03	0.57	0.57	0	0	0.03
173100	0.03	0.57	0.57	0	0	0.03
173200	0.01	0.57	0.57	0	0	0.01
173300	0.01	0.57	0.57	0	0	0.01
173400	0.03	0.57	0.57	0	0	0.03
173500	0.04	0.57	0.57	0	0	0.04
173600	0.01	0.57	0.57	0	0	0.01
173700	0.02	0.58	0.58	0	0	0.02
173800	0.02	0.58	0.58	0	0	0.02
173900	0.02	0.58	0.58	0	0	0.02
174000	0.03	0.58	0.58	0	0	0.03
174100	0.03	0.58	0.58	0	0	0.03
174200	0.02	0.58	0.58	0	0	0.02
174300	0.02	0.58	0.58	0	0	0.02
174400	0.02	0.58	0.58	0	0	0.02
174500	0.02	0.57	0.57	0	0	0.02
174600	0.03	0.57	0.57	0	0	0.03
174700	0.03	0.57	0.57	0	0	0.03
174800	0.02	0.57	0.57	0	0	0.02
174900	0.01	0.57	0.57	0	0	0.01
175000	0.02	0.57	0.57	0	0	0.02
175100	0.02	0.57	0.57	0	0	0.02
175200	0.02	0.57	0.57	0	0	0.02
175300	0.02	0.57	0.57	0	0	0.02
175400	0.02	0.57	0.57	0	0	0.02
175500	0.02	0.57	0.57	0	0	0.02
175600	0.02	0.57	0.57	0	0	0.02
175700	0.01	0.57	0.57	0	0	0.01
175800	0.01	0.57	0.57	0	0	0.01
175900	0.01	0.57	0.57	0	0	0.01
176000	0.01	0.57	0.57	0	0	0.01
176100	0.01	0.58	0.58	0	0	0.01
176200	0	0.58	0.58	0	0	0
176300	0	0.58	0.58	0	0	0
176400	0	0.58	0.58	0	0	0
176500	0	0.58	0.58	0	0	0
176600	0	0.58	0.58	0	0	0
176700	0.01	0.58	0.58	0	0	0.01
176800	0.02	0.58	0.58	0	0	0.02
176900	0.03	0.58	0.58	0	0	0.03
177000	0.04	0.58	0.58	0	0	0.04
177100	0.04	0.58	0.58	0	0	0.04
177200	0.03	0.58	0.58	0	0	0.03
177300	0.03	0.58	0.58	0	0	0.03
177400	0.01	0.58	0.58	0	0	0.01
177500	0.01	0.57	0.57	0	0	0.01
177600	0.01	0.57	0.57	0	0	0.01
177700	0.01	0.57	0.57	0	0	0.01
177800	0.03	0.57	0.57	0	0	0.03
177900	0.03	0.57	0.57	0	0	0.03
178000	0.03	0.57	0.57	0	0	0.03
178100	0.01	0.57	0.57	0	0	0.01
178200	0.02	0.57	0.57	0	0	0.02
178300	0.02	0.57	0.57	0	0	0.02
178400	0.02	0.57	0.57	0	0	0.02
178500	0.02	0.57	0.57	0	0	0.02
178600	0.04	0.57	0.57	0	0	0.04
178700	0.04	0.57	0.57	0	0	0.04
178800	0.04	0.57	0.57	0	0	0.04
178900	0.03	0.57	0.57	0	0	0.03
179000	0.02	0.57	0.57	0	0	0.02
179100	0.02	0.57	0.57	0	0	0.02
179200	0.02	0.57	0.57	0	0	0.02
179300	0.02	0.57	0.57	0	0	0.02
179400	0.02	0.57	0.57	0	0	0.02
179500	0.03	0.57	0.57	0	0	0.03
179600	0.02	0.57	0.57	0	0	0.02
179700	0.03	0.57	0.57	0	0	0.03
179800	0.03	0.57	0.57	0	0	0.03
179900	0.03	0.57	0.57	0	0	0.03
180000	0.01	0.57	0.57	0	0	0.01
180100	0.02	0.57	0.57	0	0	0.02
180200	0.01	0.57	0.57	0	0	0.01
180300	0.02	0.57	0.57	0	0	0.02
180400	0.03	0.57	0.57	0	0	0.03
180500	0.04	0.57	0.57	0	0	0.04
180600	0.04	0.57	0.57	0	0	0.04
180700	0.03	0.57	0.57	0	0	0.03
180800	0.03	0.57	0.57	0	0	0.03
180900	0.03	0.57	0.57	0	0	0.03
181000	0.06	0.58	0.58	0	0	0.06
181100	0.06	0.58	0.58	0	0	0.06
181200	0.04	0.58	0.58	0	0	0.04
181300	0.04	0.58	0.58	0	0	0.04
181400	0.02	0.58	0.58	0	0	0.02
181500	0.02	0.58	0.58	0	0	0.02
181600	0.02	0.58	0.58	0	0	0.02
181700	0	0.58	0.58	0	0	0
181800	0	0.58	0.58	0	0	0
181900	0	0.58	0.58	0	0	0
182000	0.02	0.58	0.58	0	0	0.02
182100	0.03	0.58	0.58	0	0	0.03
182200	0.06	0.58	0.58	0	0	0.06
182300	0.06	0.58	0.58	0	0	0.06
182400	0.04	0.58	0.58	0	0	0.04
182500	0.02	0.58	0.58	0	0	0.02
182600	0.01	0.58	0.58	0	0	0.01
182700	0.01	0.58	0.58	0	0	0.01
182800	0.01	0.58	0.58	0	0	0.01
182900	0.04	0.58	0.58	0	0	0.04
183000	0.04	0.58	0.58	0	0	0.04
183100	0.04	0.58	0.58	0	0	0.04
183200	0.02	0.58	0.58	0	0	0.02
183300	0.02	0.58	0.58	0	0	0.02
183400	0.01	0.58	0.58	0	0	0.01
183500	0.02	0.58	0.58	0	0	0.02
183600	0.01	0.58	0.58	0	0	0.01
183700	0.01	0.58	0.58	0	0	0.01
183800	0.02	0.58	0.58	0	0	0.02
183900	0.02	0.58	0.58	0	0	0.02
184000	0.02	0.58	0.58	0	0	0.02
184100	0.03	0.58	0.58	0	0	0.03
184200	0.03	0.58	0.58	0	0	0.03
184300	0.03	0.58	0.58	0	0	0.03
184400	0.04	0.58	0.58	0	0	0.04
184500	0.03	0.58	0.58	0	0	0.03
184600	0.02	0.58	0.58	0	0	0.02
184700	0.02	0.58	0.58	0	0	0.02
184800	0.03	0.58	0.58	0	0	0.03
184900	0.03	0.58	0.58	0	0	0.03
185000	0.04	0.58	0.58	0	0	0.04
185100	0.03	0.58	0.58	0	0	0.03
185200	0.04	0.58	0.58	0	0	0.04
185300	0.03	0.58	0.58	0	0	0.03
185400	0.04	0.58	0.58	0	0	0.04
185500	0.03	0.58	0.58	0	0	0.03
185600	0.02	0.58	0.58	0	0	0.02
185700	0.03	0.58	0.58	0	0	0.03
185800	0.01	0.58	0.58	0	0	0.01
185900	0.02	0.58	0.58	0	0	0.02
186000	0.02	0.58	0.58	0	0	0.02
186100	0.06	0.58	0.58	0	0	0.06
186200	0.05	0.58	0.58	0	0	0.05
186300	0.03	0.58	0.58	0	0	0.03
186400	0.01	0.58	0.58	0	0	0.01
186500	0.01	0.58	0.58	0	0	0.01
186600	0.01	0.58	0.58	0	0	0.01
186700	0	0.58	0.58	0	0	0
186800	0.01	0.58	0.58	0	0	0.01
186900	0.02	0.58	0.58	0	0	0.02
187000	0.03	0.58	0.58	0	0	0.03
187100	0.03	0.58	0.58	0	0	0.03
187200	0.04	0.58	0.58	0	0	0.04
187300	0.03	0.58	0.58	0	0	0.03
187400	0.02	0.58	0.58	0	0	0.02
187500	0.02	0.58	0.58	0	0	0.02
187600	0	0.58	0.58	0	0	0
187700	0	0.58	0.58	0	0	0
187800	0.02	0.58	0.58	0	0	0.02
187900	0.02	0.58	0.58	0	0	0.02
188000	0.02	0.58	0.58	0	0	0.02
188100	0.02	0.58	0.58	0	0	0.02
188200	0.03	0.58	0.58	0	0	0.03
188300	0.02	0.58	0.58	0	0	0.02
188400	0.04	0.58	0.58	0	0	0.04
188500	0.03	0.58	0.58	0	0	0.03
188600	0.02	0.58	0.58	0	0	0.02
188700	0.03	0.58	0.58	0	0	0.03
188800	0.03	0.58	0.58	0	0	0.03
188900	0.02	0.58	0.58	0	0	0.02
189000	0	0.58	0.58	0	0	0
189100	0	0.58	0.58	0	0	0
189200	0	0.58	0.58	0	0	0
189300	0	0.58	0.58	0	0	0
189400	0.01	0.58	0.58	0	0	0.01
189500	0.01	0.58	0.58	0	0	0.01
189600	0.01	0.58	0.58	0	0	0.01
189700	0.02	0.58	0.58	0	0	0.02
189800	0.04	0.58	0.58	0	0	0.04
189900	0.03	0.58	0.58	0	0	0.03
190000	0.02	0.58	0.58	0	0	0.02
190100	0.02	0.58	0.58	0	0	0.02
190200	0.02	0.58	0.58	0	0	0.02
190300	0.01	0.58	0.58	0	0	0.01
190400	0.01	0.58	0.58	0	0	0.01
190500	0.02	0.58	0.58	0	0	0.02
190600	0.02	0.58	0.58	0	0	0.02
190700	0.01	0.58	0.58	0	0	0.01
190800	0.01	0.58	0.58	0	0	0.01
190900	0.02	0.58	0.58	0	0	0.02
191000	0.02	0.58	0.58	0	0	0.02
191100	0.02	0.58	0.58	0	0	0.02
191200	0.02	0.58	0.58	0	0	0.02
191300	0.02	0.58	0.58	0	0	0.02
191400	0.03	0.58	0.58	0	0	0.03
191500	0.02	0.58	0.58	0	0	0.02
191600	0.02	0.58	0.58	0	0	0.02
191700	0.02	0.58	0.58	0	0	0.02
191800	0.02	0.58	0.58	0	0	0.02
191900	0.02	0.58	0.58	0	0	0.02
192000	0.01	0.58	0.58	0	0	0.01
192100	0	0.58	0.58	0	0	0
192200	0.01	0.58	0.58	0	0	0.01
192300	0.01	0.58	0.58	0	0	0.01
192400	0.03	0.58	0.58	0	0	0.03
192500	0.01	0.58	0.58	0	0	0.01
192600	0.02	0.58	0.58	0	0	0.02
192700	0.03	0.58	0.58	0	0	0.03
192800	0.03	0.58	0.58	0	0	0.03
192900	0.04	0.59	0.59	0	0	0.04
193000	0.03	0.59	0.59	0	0	0.03
193100	0.04	0.59	0.59	0	0	0.04
193200	0.06	0.59	0.59	0	0	0.06
193300	0.05	0.59	0.59	0	0	0.05
193400	0.04	0.59	0.59	0	0	0.04
193500	0.01	0.59	0.59	0	0	0.01
193600	0.02	0.59	0.59	0	0	0.02
193700	0.01	0.59	0.59	0	0	0.01
193800	0	0.59	0.59	0	0	0
193900	0.02	0.59	0.59	0	0	0.02
194000	0.02	0.59	0.59	0	0	0.02
194100	0.02	0.59	0.59	0	0	0.02
194200	0.02	0.59	0.59	0	0	0.02
194300	0.02	0.59	0.59	0	0	0.02
194400	0.02	0.59	0.59	0	0	0.02
194500	0.01	0.59	0.59	0	0	0.01
194600	0.01	0.59	0.59	0	0	0.01
194700	0.01	0.59	0.59	0	0	0.01
194800	0.03	0.59	0.59	0	0	0.03
194900	0.02	0.59	0.59	0	0	0.02
195000	0.01	0.59	0.59	0	0	0.01
195100	0.01	0.59	0.59	0	0	0.01
195200	0.01	0.59	0.59	0	0	0.01
195300	0.01	0.59	0.59	0	0	0.01
195400	0	0.59	0.59	0	0	0
195500	0	0.59	0.59	0	0	0
195600	0	0.59	0.59	0	0	0
195700	0.01	0.59	0.59	0	0	0.01
195800	0.01	0.59	0.59	0	0	0.01
195900	0.01	0.59	0.59	0	0	0.01
196000	0.01	0.59	0.59	0	0	0.01
196100	0	0.59	0.59	0	0	0
196200	0	0.59	0.59	0	0	0
196300	0	0.59	0.59	0	0	0
196400	0.01	0.59	0.59	0	0	0.01
196500	0.01	0.59	0.59	0	0	0.01
196600	0.02	0.59	0.59	0	0	0.02
196700	0.02	0.59	0.59	0	0	0.02
196800	0.04	0.59	0.59	0	0	0.04
196900	0.03	0.59	0.59	0	0	0.03
197000	0.05	0.59	0.59	0	0	0.05
197100	0.05	0.59	0.59	0	0	0.05
197200	0.04	0.59	0.59	0	0	0.04
197300	0.03	0.59	0.59	0	0	0.03
197400	0.01	0.59	0.59	0	0	0.01
197500	0.02	0.59	0.59	0	0	0.02
197600	0.02	0.59	0.59	0	0	0.02
197700	0.04	0.59	0.59	0	0	0.04
197800	0.03	0.59	0.59	0	0	0.03
197900	0.04	0.59	0.59	0	0	0.04
198000	0.04	0.59	0.59	0	0	0.04
198100	0.04	0.59	0.59	0	0	0.04
198200	0.02	0.59	0.59	0	0	0.02
198300	0.03	0.59	0.59	0	0	0.03
198400	0.02	0.59	0.59	0	0	0.02
198500	0.02	0.59	0.59	0	0	0.02
198600	0.01	0.59	0.59	0	0	0.01
198700	0.01	0.59	0.59	0	0	0.01
198800	0.02	0.59	0.59	0	0	0.02
198900	0.02	0.59	0.59	0	0	0.02
199000	0.02	0.59	0.59	0	0	0.02
199100	0.04	0.59	0.59	0	0	0.04
199200	0.03	0.59	0.59	0	0	0.03
199300	0.03	0.59	0.59	0	0	0.03
199400	0.05	0.59	0.59	0	0	0.05
199500	0.03	0.59	0.59	0	0	0.03
199600	0.03	0.59	0.59	0	0	0.03
199700	0	0.59	0.59	0	0	0
199800	0.01	0.59	0.59	0	0	0.01
199900	0.01	0.59	0.59	0	0	0.01
200000	0.03	0.59	0.59	0	0	0.03
200100	0.03	0.59	0.59	0	0	0.03
200200	0.03	0.59	0.59	0	0	0.03
200300	0.02	0.59	0.59	0	0	0.02
200400	0.01	0.59	0.59	0	0	0.01
200500	0	0.59	0.59	0	0	0
200600	0.02	0.59	0.59	0	0	0.02
200700	0.03	0.59	0.59	0	0	0.03
200800	0.03	0.59	0.59	0	0	0.03
200900	0.03	0.59	0.59	0	0	0.03
201000	0.03	0.59	0.59	0	0	0.03
201100	0.01	0.59	0.59	0	0	0.01
201200	0.04	0.59	0.59	0	0	0.04
201300	0.04	0.59	0.59	0	0	0.04
201400	0.03	0.59	0.59	0	0	0.03
201500	0.03	0.59	0.59	0	0	0.03
201600	0.03	0.59	0.59	0	0	0.03
201700	0.02	0.59	0.59	0	0	0.02
201800	0.01	0.59	0.59	0	0	0.01
201900	0.02	0.59	0.59	0	0	0.02
202000	0.03	0.59	0.59	0	0	0.03
202100	0.04	0.59	0.59	0	0	0.04
202200	0.03	0.59	0.59	0	0	0.03
202300	0.03	0.59	0.59	0	0	0.03
202400	0.03	0.59	0.59	0	0	0.03
202500	0.01	0.59	0.59	0	0	0.01
202600	0.01	0.59	0.59	0	0	0.01
202700	0.01	0.59	0.59	0	0	0.01
202800	0.01	0.59	0.59	0	0	0.01
202900	0.01	0.59	0.59	0	0	0.01
203000	0.01	0.59	0.59	0	0	0.01
203100	0.03	0.59	0.59	0	0	0.03
203200	0.02	0.59	0.59	0	0	0.02
203300	0.03	0.59	0.59	0	0	0.03
203400	0.04	0.59	0.59	0	0	0.04
203500	0.05	0.59	0.59	0	0	0.05
203600	0.04	0.59	0.59	0	0	0.04
203700	0.05	0.59	0.59	0	0	0.05
203800	0.05	0.59	0.59	0	0	0.05
203900	0.05	0.59	0.59	0	0	0.05
204000	0.07	0.59	0.59	0	0	0.07
204100	0.06	0.59	0.59	0	0	0.06
204200	0.05	0.59	0.59	0	0	0.05
204300	0.03	0.59	0.59	0	0	0.03
204400	0.03	0.59	0.59	0	0	0.03
204500	0.04	0.59	0.59	0	0	0.04
204600	0.03	0.59	0.59	0	0	0.03
204700	0.04	0.59	0.59	0	0	0.04
204800	0.03	0.59	0.59	0	0	0.03
204900	0.03	0.59	0.59	0	0	0.03
205000	0.03	0.59	0.59	0	0	0.03
205100	0.03	0.59	0.59	0	0	0.03
205200	0.03	0.59	0.59	0	0	0.03
205300	0.05	0.59	0.59	0	0	0.05
205400	0.03	0.59	0.59	0	0	0.03
205500	0.02	0.59	0.59	0	0	0.02
205600	0.02	0.59	0.59	0	0	0.02
205700	0.03	0.59	0.59	0	0	0.03
205800	0.03	0.59	0.59	0	0	0.03
205900	0.02	0.59	0.59	0	0	0.02
206000	0.04	0.59	0.59	0	0	0.04
206100	0.06	0.59	0.59	0	0	0.06
206200	0.05	0.59	0.59	0	0	0.05
206300	0.03	0.59	0.59	0	0	0.03
206400	0.03	0.59	0.59	0	0	0.03
206500	0	0.59	0.59	0	0	0
206600	0	0.59	0.59	0	0	0
206700	0.03	0.59	0.59	0	0	0.03
206800	0.03	0.59	0.59	0	0	0.03
206900	0.03	0.59	0.59	0	0	0.03
207000	0.02	0.59	0.59	0	0	0.02
207100	0.02	0.59	0.59	0	0	0.02
207200	0.02	0.59	0.59	0	0	0.02
207300	0.03	0.59	0.59	0	0	0.03
207400	0.02	0.59	0.59	0	0	0.02
207500	0.01	0.59	0.59	0	0	0.01
207600	0.01	0.59	0.59	0	0	0.01
207700	0.01	0.59	0.59	0	0	0.01
207800	0.01	0.59	0.59	0	0	0.01
207900	0.03	0.59	0.59	0	0	0.03
208000	0.01	0.59	0.59	0	0	0.01
208100	0.02	0.59	0.59	0	0	0.02
208200	0.03	0.59	0.59	0	0	0.03
208300	0.03	0.59	0.59	0	0	0.03
208400	0.03	0.59	0.59	0	0	0.03
208500	0.01	0.59	0.59	0	0	0.01
208600	0.02	0.59	0.59	0	0	0.02
208700	0.01	0.59	0.59	0	0	0.01
208800	0.03	0.59	0.59	0	0	0.03
208900	0.02	0.59	0.59	0	0	0.02
209000	0.03	0.59	0.59	0	0	0.03
209100	0.02	0.59	0.59	0	0	0.02
209200	0.02	0.59	0.59	0	0	0.02
209300	0.03	0.59	0.59	0	0	0.03
209400	0.03	0.59	0.59	0	0	0.03
209500	0.02	0.59	0.59	0	0	0.02
209600	0.02	0.59	0.59	0	0	0.02
209700	0.02	0.59	0.59	0	0	0.02
209800	0.02	0.58	0.58	0	0	0.02
209900	0.01	0.58	0.58	0	0	0.01
210000	0.01	0.58	0.58	0	0	0.01
210100	0.01	0.58	0.58	0	0	0.01
210200	0.01	0.58	0.58	0	0	0.01
210300	0.01	0.58	0.58	0	0	0.01
210400	0.01	0.58	0.58	0	0	0.01
210500	0.02	0.58	0.58	0	0	0.02
210600	0.02	0.58	0.58	0	0	0.02
210700	0.02	0.58	0.58	0	0	0.02
210800	0.03	0.58	0.58	0	0	0.03
210900	0.04	0.58	0.58	0	0	0.04
211000	0.03	0.58	0.58	0	0	0.03
211100	0.03	0.58	0.58	0	0	0.03
211200	0.03	0.58	0.58	0	0	0.03
211300	0.03	0.58	0.58	0	0	0.03
211400	0.02	0.58	0.58	0	0	0.02
211500	0.02	0.58	0.58	0	0	0.02
211600	0.03	0.58	0.58	0	0	0.03
211700	0.04	0.58	0.58	0	0	0.04
211800	0.05	0.58	0.58	0	0	0.05
211900	0.06	0.58	0.58	0	0	0.06
212000	0.03	0.58	0.58	0	0	0.03
212100	0.01	0.58	0.58	0	0	0.01
212200	0.01	0.58	0.58	0	0	0.01
212300	0.01	0.58	0.58	0	0	0.01
212400	0.02	0.58	0.58	0	0	0.02
212500	0.03	0.58	0.58	0	0	0.03
212600	0.04	0.58	0.58	0	0	0.04
212700	0.05	0.58	0.58	0	0	0.05
212800	0.04	0.58	0.58	0	0	0.04
212900	0.03	0.58	0.58	0	0	0.03
213000	0.04	0.58	0.58	0	0	0.04
213100	0.04	0.58	0.58	0	0	0.04
213200	0.04	0.58	0.58	0	0	0.04
213300	0.05	0.58	0.58	0	0	0.05
213400	0.03	0.58	0.58	0	0	0.03
213500	0.01	0.58	0.58	0	0	0.01
213600	0.01	0.58	0.58	0	0	0.01
213700	0.01	0.58	0.58	0	0	0.01
213800	0.01	0.58	0.58	0	0	0.01
213900	0.01	0.58	0.58	0	0	0.01
214000	0.02	0.57	0.57	0	0	0.02
214100	0.02	0.57	0.57	0	0	0.02
214200	0.02	0.57	0.57	0	0	0.02
214300	0.02	0.57	0.57	0	0	0.02
214400	0.02	0.57	0.57	0	0	0.02
214500	0.02	0.57	0.57	0	0	0.02
214600	0.02	0.57	0.57	0	0	0.02
214700	0.04	0.57	0.57	0	0	0.04
214800	0.01	0.57	0.57	0	0	0.01
214900	0.01	0.58	0.58	0	0	0.01
215000	0.02	0.58	0.58	0	0	0.02
215100	0.03	0.58	0.58	0	0	0.03
215200	0.03	0.58	0.58	0	0	0.03
215300	0.02	0.58	0.58	0	0	0.02
215400	0.02	0.58	0.58	0	0	0.02
215500	0.02	0.58	0.58	0	0	0.02
215600	0.03	0.58	0.58	0	0	0.03
215700	0.02	0.58	0.58	0	0	0.02
215800	0.01	0.58	0.58	0	0	0.01
215900	0	0.58	0.58	0	0	0
216000	0.02	0.58	0.58	0	0	0.02
216100	0.02	0.58	0.58	0	0	0.02
216200	0.01	0.58	0.58	0	0	0.01
216300	0.03	0.58	0.58	0	0	0.03
216400	0.01	0.58	0.58	0	0	0.01
216500	0.03	0.58	0.58	0	0	0.03
216600	0.01	0.58	0.58	0	0	0.01
216700	0.03	0.58	0.58	0	0	0.03
216800	0.03	0.58	0.58	0	0	0.03
216900	0.03	0.58	0.58	0	0	0.03
217000	0.03	0.58	0.58	0	0	0.03
217100	0.04	0.58	0.58	0	0	0.04
217200	0.03	0.58	0.58	0	0	0.03
217300	0.03	0.58	0.58	0	0	0.03
217400	0	0.58	0.58	0	0	0
217500	0	0.58	0.58	0	0	0
217600	0	0.58	0.58	0	0	0
217700	0.02	0.58	0.58	0	0	0.02
217800	0.03	0.58	0.58	0	0	0.03
217900	0.04	0.58	0.58	0	0	0.04
218000	0.04	0.58	0.58	0	0	0.04
218100	0.04	0.58	0.58	0	0	0.04
218200	0.03	0.58	0.58	0	0	0.03
218300	0.02	0.58	0.58	0	0	0.02
218400	0.04	0.58	0.58	0	0	0.04
218500	0.04	0.58	0.58	0	0	0.04
218600	0.02	0.58	0.58	0	0	0.02
218700	0.01	0.58	0.58	0	0	0.01
218800	0.01	0.58	0.58	0	0	0.01
218900	0.02	0.58	0.58	0	0	0.02
219000	0.02	0.58	0.58	0	0	0.02
219100	0.02	0.58	0.58	0	0	0.02
219200	0.04	0.58	0.58	0	0	0.04
219300	0.04	0.58	0.58	0	0	0.04
219400	0.04	0.58	0.58	0	0	0.04
219500	0.03	0.58	0.58	0	0	0.03
219600	0.04	0.58	0.58	0	0	0.04
219700	0.06	0.58	0.58	0	0	0.06
219800	0.03	0.58	0.58	0	0	0.03
219900	0.02	0.58	0.58	0	0	0.02
220000	0.02	0.58	0.58	0	0	0.02
220100	0.02	0.58	0.58	0	0	0.02
220200	0.02	0.58	0.58	0	0	0.02
220300	0.02	0.58	0.58	0	0	0.02
220400	0.02	0.57	0.57	0	0	0.02
220500	0.02	0.57	0.57	0	0	0.02
220600	0.01	0.57	0.57	0	0	0.01
220700	0.01	0.57	0.57	0	0	0.01
220800	0.02	0.57	0.57	0	0	0.02
220900	0.03	0.57	0.57	0	0	0.03
221000	0.04	0.57	0.57	0	0	0.04
221100	0.04	0.57	0.57	0	0	0.04
221200	0.04	0.57	0.57	0	0	0.04
221300	0.04	0.57	0.57	0	0	0.04
221400	0.05	0.57	0.57	0	0	0.05
221500	0.03	0.57	0.57	0	0	0.03
221600	0.01	0.57	0.57	0	0	0.01
221700	0	0.57	0.57	0	0	0
221800	0.01	0.57	0.57	0	0	0.01
221900	0.01	0.57	0.57	0	0	0.01
222000	0.02	0.57	0.57	0	0	0.02
222100	0.03	0.58	0.58	0	0	0.03
222200	0.04	0.58	0.58	0	0	0.04
222300	0.03	0.57	0.57	0	0	0.03
222400	0.03	0.57	0.57	0	0	0.03
222500	0.02	0.57	0.57	0	0	0.02
222600	0.01	0.57	0.57	0	0	0.01
222700	0.01	0.57	0.57	0	0	0.01
222800	0.01	0.57	0.57	0	0	0.01
222900	0.01	0.57	0.57	0	0	0.01
223000	0	0.57	0.57	0	0	0
223100	0.02	0.57	0.57	0	0	0.02
223200	0.02	0.57	0.57	0	0	0.02
223300	0	0.58	0.58	0	0	0
223400	0	0.58	0.58	0	0	0
223500	0	0.6	0.6	0	0	0
223600	0	0.57	0.57	0	0	0
223700	0.01	0.57	0.57	0	0	0.01
223800	0.01	0.57	0.57	0	0	0.01
223900	0.02	0.57	0.57	0	0	0.02
224000	0.03	0.57	0.57	0	0	0.03
224100	0.03	0.57	0.57	0	0	0.03
224200	0.03	0.57	0.57	0	0	0.03
224300	0.02	0.57	0.57	0	0	0.02
224400	0.02	0.58	0.58	0	0	0.02
224500	0.02	0.58	0.58	0	0	0.02
224600	0.01	0.58	0.58	0	0	0.01
224700	0.01	0.58	0.58	0	0	0.01
224800	0.01	0.58	0.58	0	0	0.01
224900	0.01	0.58	0.58	0	0	0.01
225000	0	0.58	0.58	0	0	0
225100	0.03	0.58	0.58	0	0	0.03
225200	0.04	0.58	0.58	0	0	0.04
225300	0.04	0.58	0.58	0	0	0.04
225400	0.04	0.58	0.58	0	0	0.04
225500	0.02	0.58	0.58	0	0	0.02
225600	0.03	0.58	0.58	0	0	0.03
225700	0.02	0.58	0.58	0	0	0.02
225800	0	0.58	0.58	0	0	0
225900	0	0.58	0.58	0	0	0
226000	0.01	0.59	0.59	0	0	0.01
226100	0.01	0.59	0.59	0	0	0.01
226200	0.02	0.59	0.59	0	0	0.02
226300	0.02	0.59	0.59	0	0	0.02
226400	0.02	0.59	0.59	0	0	0.02
226500	0.01	0.59	0.59	0	0	0.01
226600	0.01	0.59	0.59	0	0	0.01
226700	0.01	0.59	0.59	0	0	0.01
226800	0.01	0.59	0.59	0	0	0.01
226900	0.01	0.59	0.59	0	0	0.01
227000	0.01	0.59	0.59	0	0	0.01
227100	0.01	0.59	0.59	0	0	0.01
227200	0.02	0.59	0.59	0	0	0.02
227300	0.01	0.59	0.59	0	0	0.01
227400	0.01	0.59	0.59	0	0	0.01
227500	0.01	0.59	0.59	0	0	0.01
227600	0.01	0.59	0.59	0	0	0.01
227700	0	0.59	0.59	0	0	0
227800	0.01	0.59	0.59	0	0	0.01
227900	0.01	0.59	0.59	0	0	0.01
228000	0.01	0.59	0.59	0	0	0.01
228100	0.01	0.59	0.59	0	0	0.01
228200	0.03	0.59	0.59	0	0	0.03
228300	0.02	0.59	0.59	0	0	0.02
228400	0.02	0.59	0.59	0	0	0.02
228500	0.02	0.59	0.59	0	0	0.02
228600	0.02	0.59	0.59	0	0	0.02
228700	0.03	0.59	0.59	0	0	0.03
228800	0.01	0.59	0.59	0	0	0.01
228900	0.01	0.59	0.59	0	0	0.01
229000	0.03	0.59	0.59	0	0	0.03
229100	0.02	0.59	0.59	0	0	0.02
229200	0.02	0.59	0.59	0	0	0.02
229300	0.02	0.59	0.59	0	0	0.02
229400	0.01	0.59	0.59	0	0	0.01
229500	0	0.59	0.59	0	0	0
229600	0	0.59	0.59	0	0	0
229700	0	0.59	0.59	0	0	0
229800	0.01	0.59	0.59	0	0	0.01
229900	0.01	0.59	0.59	0	0	0.01
230000	0.02	0.59	0.59	0	0	0.02
230100	0.03	0.59	0.59	0	0	0.03
230200	0.04	0.59	0.59	0	0	0.04
230300	0.04	0.59	0.59	0	0	0.04
230400	0.03	0.59	0.59	0	0	0.03
230500	0.03	0.59	0.59	0	0	0.03
230600	0.05	0.59	0.59	0	0	0.05
230700	0.02	0.59	0.59	0	0	0.02
230800	0.01	0.59	0.59	0	0	0.01
230900	0	0.59	0.59	0	0	0
231000	0.01	0.59	0.59	0	0	0.01
231100	0.01	0.59	0.59	0	0	0.01
231200	0	0.59	0.59	0	0	0
231300	0.01	0.59	0.59	0	0	0.01
231400	0.03	0.59	0.59	0	0	0.03
231500	0.03	0.59	0.59	0	0	0.03
231600	0.03	0.59	0.59	0	0	0.03
231700	0.04	0.59	0.59	0	0	0.04
231800	0.04	0.59	0.59	0	0	0.04
231900	0.04	0.59	0.59	0	0	0.04
232000	0.03	0.59	0.59	0	0	0.03
232100	0	0.59	0.59	0	0	0
232200	0	0.59	0.59	0	0	0
232300	0	0.59	0.59	0	0	0
232400	0.01	0.59	0.59	0	0	0.01
232500	0.01	0.59	0.59	0	0	0.01
232600	0.01	0.59	0.59	0	0	0.01
232700	0	0.59	0.59	0	0	0
232800	0.01	0.59	0.59	0	0	0.01
232900	0.02	0.59	0.59	0	0	0.02
233000	0.02	0.59	0.59	0	0	0.02
233100	0.02	0.59	0.59	0	0	0.02
233200	0.01	0.59	0.59	0	0	0.01
233300	0.01	0.59	0.59	0	0	0.01
233400	0.01	0.59	0.59	0	0	0.01
233500	0.01	0.59	0.59	0	0	0.01
233600	0.01	0.59	0.59	0	0	0.01
233700	0.01	0.59	0.59	0	0	0.01
233800	0.01	0.59	0.59	0	0	0.01
233900	0.01	0.59	0.59	0	0	0.01
234000	0.01	0.59	0.59	0	0	0.01
234100	0.01	0.59	0.59	0	0	0.01
234200	0.01	0.59	0.59	0	0	0.01
234300	0.01	0.59	0.59	0	0	0.01
234400	0.01	0.59	0.59	0	0	0.01
234500	0.01	0.59	0.59	0	0	0.01
234600	0.01	0.59	0.59	0	0	0.01
234700	0.02	0.59	0.59	0	0	0.02
234800	0.02	0.59	0.59	0	0	0.02
234900	0.02	0.59	0.59	0	0	0.02
235000	0.02	0.59	0.59	0	0	0.02
235100	0.01	0.59	0.59	0	0	0.01
235200	0	0.59	0.59	0	0	0
235300	0.02	0.59	0.59	0	0	0.02
235400	0.02	0.59	0.59	0	0	0.02
235500	0.05	0.59	0.59	0	0	0.05
235600	0.03	0.59	0.59	0	0	0.03
235700	0.03	0.59	0.59	0	0	0.03
235800	0.03	0.59	0.59	0	0	0.03
235900	0.04	0.59	0.59	0	0	0.04
236000	0.02	0.59	0.59	0	0	0.02
236100	0.02	0.59	0.59	0	0	0.02
236200	0.01	0.59	0.59	0	0	0.01
236300	0.01	0.59	0.59	0	0	0.01
236400	0.04	0.59	0.59	0	0	0.04
236500	0.04	0.59	0.59	0	0	0.04
236600	0.03	0.59	0.59	0	0	0.03
236700	0.01	0.59	0.59	0	0	0.01
236800	0.01	0.59	0.59	0	0	0.01
236900	0.01	0.59	0.59	0	0	0.01
237000	0.01	0.59	0.59	0	0	0.01
237100	0	0.59	0.59	0	0	0
237200	0	0.59	0.59	0	0	0
237300	0.02	0.59	0.59	0	0	0.02
237400	0.02	0.59	0.59	0	0	0.02
237500	0.02	0.59	0.59	0	0	0.02
237600	0.01	0.59	0.59	0	0	0.01
237700	0.01	0.59	0.59	0	0	0.01
237800	0	0.59	0.59	0	0	0
237900	0.03	0.59	0.59	0	0	0.03
238000	0.03	0.59	0.59	0	0	0.03
238100	0.04	0.59	0.59	0	0	0.04
238200	0.04	0.59	0.59	0	0	0.04
238300	0.03	0.59	0.59	0	0	0.03
238400	0.05	0.59	0.59	0	0	0.05
238500	0.04	0.59	0.59	0	0	0.04
238600	0.03	0.59	0.59	0	0	0.03
238700	0.02	0.59	0.59	0	0	0.02
238800	0.03	0.59	0.59	0	0	0.03
238900	0.02	0.59	0.59	0	0	0.02
239000	0.02	0.59	0.59	0	0	0.02
239100	0.02	0.59	0.59	0	0	0.02
239200	0.01	0.59	0.59	0	0	0.01
239300	0.01	0.59	0.59	0	0	0.01
239400	0.02	0.59	0.59	0	0	0.02
239500	0.03	0.59	0.59	0	0	0.03
239600	0.03	0.59	0.59	0	0	0.03
239700	0.02	0.59	0.59	0	0	0.02
239800	0.02	0.59	0.59	0	0	0.02
239900	0.02	0.59	0.59	0	0	0.02
240000	0.03	0.59	0.59	0	0	0.03
240100	0.02	0.59	0.59	0	0	0.02
240200	0.01	0.59	0.59	0	0	0.01
240300	0.01	0.59	0.59	0	0	0.01
240400	0.01	0.59	0.59	0	0	0.01
240500	0.01	0.59	0.59	0	0	0.01
240600	0	0.59	0.59	0	0	0
240700	0.02	0.59	0.59	0	0	0.02
240800	0.03	0.59	0.59	0	0	0.03
240900	0.03	0.59	0.59	0	0	0.03
241000	0.05	0.59	0.59	0	0	0.05
241100	0.05	0.59	0.59	0	0	0.05
241200	0.06	0.59	0.59	0	0	0.06
241300	0.04	0.59	0.59	0	0	0.04
241400	0.04	0.59	0.59	0	0	0.04
241500	0.04	0.59	0.59	0	0	0.04
241600	0.02	0.59	0.59	0	0	0.02
241700	0.01	0.59	0.59	0	0	0.01
241800	0.01	0.59	0.59	0	0	0.01
241900	0.02	0.59	0.59	0	0	0.02
242000	0.02	0.59	0.59	0	0	0.02
242100	0.02	0.59	0.59	0	0	0.02
242200	0.03	0.59	0.59	0	0	0.03
242300	0.01	0.59	0.59	0	0	0.01
242400	0.02	0.59	0.59	0	0	0.02
242500	0.03	0.59	0.59	0	0	0.03
242600	0.04	0.59	0.59	0	0	0.04
242700	0.03	0.59	0.59	0	0	0.03
242800	0.02	0.59	0.59	0	0	0.02
242900	0.03	0.59	0.59	0	0	0.03
243000	0.03	0.59	0.59	0	0	0.03
243100	0.02	0.59	0.59	0	0	0.02
243200	0.04	0.59	0.59	0	0	0.04
243300	0.03	0.59	0.59	0	0	0.03
243400	0.04	0.59	0.59	0	0	0.04
243500	0.02	0.59	0.59	0	0	0.02
243600	0.04	0.59	0.59	0	0	0.04
243700	0.04	0.59	0.59	0	0	0.04
243800	0.01	0.59	0.59	0	0	0.01
243900	0.01	0.6	0.6	0	0	0.01
244000	0.01	0.59	0.59	0	0	0.01
244100	0	0.59	0.59	0	0	0
244200	0.02	0.59	0.59	0	0	0.02
244300	0.02	0.59	0.59	0	0	0.02
244400	0.02	0.59	0.59	0	0	0.02
244500	0.03	0.59	0.59	0	0	0.03
244600	0.02	0.59	0.59	0	0	0.02
244700	0.02	0.59	0.59	0	0	0.02
244800	0.02	0.59	0.59	0	0	0.02
244900	0.01	0.59	0.59	0	0	0.01
245000	0	0.59	0.59	0	0	0
245100	0	0.59	0.59	0	0	0
245200	0	0.59	0.59	0	0	0
245300	0	0.59	0.59	0	0	0
245400	0.02	0.59	0.59	0	0	0.02
245500	0.01	0.59	0.59	0	0	0.01
245600	0.03	0.59	0.59	0	0	0.03
245700	0.04	0.59	0.59	0	0	0.04
245800	0.05	0.59	0.59	0	0	0.05
245900	0.08	0.59	0.59	0	0	0.08
246000	0.05	0.59	0.59	0	0	0.05
246100	0.04	0.59	0.59	0	0	0.04
246200	0.02	0.59	0.59	0	0	0.02
246300	0.02	0.59	0.59	0	0	0.02
246400	0.03	0.59	0.59	0	0	0.03
246500	0.02	0.59	0.59	0	0	0.02
246600	0.01	0.59	0.59	0	0	0.01
246700	0.01	0.59	0.59	0	0	0.01
246800	0.01	0.59	0.59	0	0	0.01
246900	0.01	0.59	0.59	0	0	0.01
247000	0.02	0.59	0.59	0	0	0.02
247100	0.02	0.59	0.59	0	0	0.02
247200	0.01	0.59	0.59	0	0	0.01
247300	0.02	0.59	0.59	0	0	0.02
247400	0.02	0.59	0.59	0	0	0.02
247500	0.03	0.59	0.59	0	0	0.03
247600	0.02	0.59	0.59	0	0	0.02
247700	0.05	0.59	0.59	0	0	0.05
247800	0.05	0.59	0.59	0	0	0.05
247900	0.05	0.59	0.59	0	0	0.05
248000	0.05	0.59	0.59	0	0	0.05
248100	0.03	0.59	0.59	0	0	0.03
248200	0.02	0.59	0.59	0	0	0.02
248300	0.02	0.59	0.59	0	0	0.02
248400	0.04	0.59	0.59	0	0	0.04
248500	0.04	0.59	0.59	0	0	0.04
248600	0.03	0.59	0.59	0	0	0.03
248700	0.03	0.59	0.59	0	0	0.03
248800	0.04	0.59	0.59	0	0	0.04
248900	0.04	0.59	0.59	0	0	0.04
249000	0.05	0.59	0.59	0	0	0.05
249100	0.07	0.59	0.59	0	0	0.07
249200	0.06	0.59	0.59	0	0	0.06
249300	0.03	0.59	0.59	0	0	0.03
249400	0.04	0.59	0.59	0	0	0.04
249500	0.06	0.59	0.59	0	0	0.06
249600	0.04	0.59	0.59	0	0	0.04
249700	0.03	0.59	0.59	0	0	0.03
249800	0.03	0.59	0.59	0	0	0.03
249900	0.02	0.59	0.59	0	0	0.02
250000	0.02	0.59	0.59	0	0	0.02
250100	0.01	0.59	0.59	0	0	0.01
250200	0.03	0.59	0.59	0	0	0.03
250300	0.02	0.59	0.59	0	0	0.02
250400	0.02	0.59	0.59	0	0	0.02
250500	0.02	0.59	0.59	0	0	0.02
250600	0.03	0.59	0.59	0	0	0.03
250700	0.03	0.59	0.59	0	0	0.03
250800	0	0.59	0.59	0	0	0
250900	0.01	0.59	0.59	0	0	0.01
251000	0.01	0.59	0.59	0	0	0.01
251100	0.01	0.59	0.59	0	0	0.01
251200	0.01	0.59	0.59	0	0	0.01
251300	0.01	0.59	0.59	0	0	0.01
251400	0	0.59	0.59	0	0	0
251500	0	0.59	0.59	0	0	0
251600	0.02	0.59	0.59	0	0	0.02
251700	0.02	0.59	0.59	0	0	0.02
251800	0.02	0.59	0.59	0	0	0.02
251900	0.01	0.59	0.59	0	0	0.01
252000	0.04	0.59	0.59	0	0	0.04
252100	0.04	0.59	0.59	0	0	0.04
252200	0.04	0.59	0.59	0	0	0.04
252300	0.05	0.59	0.59	0	0	0.05
252400	0.05	0.59	0.59	0	0	0.05
252500	0.06	0.59	0.59	0	0	0.06
252600	0.06	0.59	0.59	0	0	0.06
252700	0.06	0.59	0.59	0	0	0.06
252800	0.07	0.59	0.59	0	0	0.07
252900	0.07	0.59	0.59	0	0	0.07
253000	0.07	0.59	0.59	0	0	0.07
253100	0.06	0.59	0.59	0	0	0.06
253200	0.07	0.59	0.59	0	0	0.07
253300	0.07	0.59	0.59	0	0	0.07
253400	0.05	0.59	0.59	0	0	0.05
253500	0.05	0.59	0.59	0	0	0.05
253600	0.05	0.59	0.59	0	0	0.05
253700	0.05	0.59	0.59	0	0	0.05
253800	0.06	0.59	0.59	0	0	0.06
253900	0.07	0.59	0.59	0	0	0.07
254000	0.07	0.59	0.59	0	0	0.07
254100	0.07	0.59	0.59	0	0	0.07
254200	0.08	0.59	0.59	0	0	0.08
254300	0.08	0.59	0.59	0	0	0.08
254400	0.06	0.59	0.59	0	0	0.06
254500	0.06	0.59	0.59	0	0	0.06
254600	0.06	0.59	0.59	0	0	0.06
254700	0.06	0.59	0.59	0	0	0.06
254800	0.06	0.59	0.59	0	0	0.06
254900	0.07	0.59	0.59	0	0	0.07
255000	0.07	0.59	0.59	0	0	0.07
255100	0.08	0.59	0.59	0	0	0.08
255200	0.07	0.59	0.59	0	0	0.07
255300	0.07	0.59	0.59	0	0	0.07
255400	0.07	0.59	0.59	0	0	0.07
255500	0.07	0.58	0.58	0	0	0.07
255600	0.07	0.58	0.58	0	0	0.07
255700	0.07	0.58	0.58	0	0	0.07
255800	0.07	0.58	0.58	0	0	0.07
255900	0.07	0.58	0.58	0	0	0.07
256000	0.08	0.58	0.58	0	0	0.08
256100	0.07	0.58	0.58	0	0	0.07
256200	0.07	0.58	0.58	0	0	0.07
256300	0.08	0.58	0.58	0	0	0.08
256400	0.1	0.58	0.58	0	0	0.1
256500	0.1	0.58	0.58	0	0	0.1
256600	0.09	0.58	0.58	0	0	0.09
256700	0.09	0.59	0.59	0	0	0.09
256800	0.1	0.58	0.58	0	0	0.1
256900	0.08	0.58	0.58	0	0	0.08
257000	0.08	0.58	0.58	0	0	0.08
257100	0.09	0.59	0.59	0	0	0.09
257200	0.09	0.58	0.58	0	0	0.09
257300	0.07	0.58	0.58	0	0	0.07
257400	0.06	0.58	0.58	0	0	0.06
257500	0.07	0.58	0.58	0	0	0.07
257600	0.08	0.58	0.58	0	0	0.08
257700	0.08	0.58	0.58	0	0	0.08
257800	0.08	0.58	0.58	0	0	0.08
257900	0.08	0.58	0.58	0	0	0.08
258000	0.07	0.58	0.58	0	0	0.07
258100	0.06	0.58	0.58	0	0	0.06
258200	0.06	0.58	0.58	0	0	0.06
258300	0.06	0.58	0.58	0	0	0.06
258400	0.06	0.58	0.58	0	0	0.06
258500	0.06	0.58	0.58	0	0	0.06
258600	0.05	0.58	0.58	0	0	0.05
258700	0.05	0.58	0.58	0	0	0.05
258800	0.05	0.58	0.58	0	0	0.05
258900	0.05	0.58	0.58	0	0	0.05
259000	0.05	0.58	0.58	0	0	0.05
259100	0.05	0.58	0.58	0	0	0.05
259200	0.06	0.58	0.58	0	0	0.06
259300	0.07	0.58	0.58	0	0	0.07
259400	0.07	0.58	0.58	0	0	0.07
259500	0.07	0.58	0.58	0	0	0.07
259600	0.07	0.58	0.58	0	0	0.07
259700	0.08	0.58	0.58	0	0	0.08
259800	0.08	0.58	0.58	0	0	0.08
259900	0.09	0.58	0.58	0	0	0.09
260000	0.08	0.58	0.58	0	0	0.08
260100	0.07	0.58	0.58	0	0	0.07
260200	0.05	0.58	0.58	0	0	0.05
260300	0.04	0.58	0.58	0	0	0.04
260400	0.03	0.58	0.58	0	0	0.03
260500	0.03	0.58	0.58	0	0	0.03
260600	0.02	0.58	0.58	0	0	0.02
260700	0	0.58	0.58	0	0	0
260800	0	0.58	0.58	0	0	0
260900	0.03	0.58	0.58	0	0	0.03
261000	0.05	0.58	0.58	0	0	0.05
261100	0.05	0.58	0.58	0	0	0.05
261200	0.05	0.58	0.58	0	0	0.05
261300	0.05	0.58	0.58	0	0	0.05
261400	0.04	0.58	0.58	0	0	0.04
261500	0.02	0.58	0.58	0	0	0.02
261600	0.01	0.58	0.58	0	0	0.01
261700	0.01	0.58	0.58	0	0	0.01
261800	0.02	0.58	0.58	0	0	0.02
261900	0.02	0.58	0.58	0	0	0.02
262000	0.02	0.58	0.58	0	0	0.02
262100	0.01	0.58	0.58	0	0	0.01
262200	0.02	0.58	0.58	0	0	0.02
262300	0.03	0.58	0.58	0	0	0.03
262400	0.02	0.58	0.58	0	0	0.02
262500	0.03	0.58	0.58	0	0	0.03
262600	0.02	0.58	0.58	0	0	0.02
262700	0.03	0.58	0.58	0	0	0.03
262800	0.04	0.58	0.58	0	0	0.04
262900	0.04	0.58	0.58	0	0	0.04
263000	0.03	0.58	0.58	0	0	0.03
263100	0.02	0.58	0.58	0	0	0.02
263200	0.01	0.58	0.58	0	0	0.01
263300	0.01	0.58	0.58	0	0	0.01
263400	0.01	0.58	0.58	0	0	0.01
263500	0.02	0.58	0.58	0	0	0.02
263600	0.03	0.58	0.58	0	0	0.03
263700	0.05	0.58	0.58	0	0	0.05
263800	0.05	0.58	0.58	0	0	0.05
263900	0.03	0.58	0.58	0	0	0.03
264000	0.01	0.58	0.58	0	0	0.01
264100	0.01	0.58	0.58	0	0	0.01
264200	0.01	0.58	0.58	0	0	0.01
264300	0.01	0.58	0.58	0	0	0.01
264400	0.02	0.58	0.58	0	0	0.02
264500	0.02	0.58	0.58	0	0	0.02
264600	0.02	0.58	0.58	0	0	0.02
264700	0.01	0.58	0.58	0	0	0.01
264800	0.02	0.58	0.58	0	0	0.02
264900	0.01	0.58	0.58	0	0	0.01
265000	0.01	0.58	0.58	0	0	0.01
265100	0.01	0.58	0.58	0	0	0.01
265200	0.01	0.58	0.58	0	0	0.01
265300	0.03	0.58	0.58	0	0	0.03
265400	0.03	0.58	0.58	0	0	0.03
265500	0.05	0.58	0.58	0	0	0.05
265600	0.04	0.58	0.58	0	0	0.04
265700	0.04	0.58	0.58	0	0	0.04
265800	0.02	0.58	0.58	0	0	0.02
265900	0	0.58	0.58	0	0	0
266000	0.01	0.58	0.58	0	0	0.01
266100	0.02	0.58	0.58	0	0	0.02
266200	0.01	0.58	0.58	0	0	0.01
266300	0.01	0.58	0.58	0	0	0.01
266400	0.01	0.58	0.58	0	0	0.01
266500	0.02	0.58	0.58	0	0	0.02
266600	0.03	0.58	0.58	0	0	0.03
266700	0.04	0.58	0.58	0	0	0.04
266800	0.04	0.58	0.58	0	0	0.04
266900	0.02	0.58	0.58	0	0	0.02
267000	0.02	0.58	0.58	0	0	0.02
267100	0.02	0.58	0.58	0	0	0.02
267200	0.01	0.58	0.58	0	0	0.01
267300	0	0.58	0.58	0	0	0
267400	0.02	0.58	0.58	0	0	0.02
267500	0.03	0.58	0.58	0	0	0.03
267600	0.03	0.58	0.58	0	0	0.03
267700	0.04	0.58	0.58	0	0	0.04
267800	0.05	0.58	0.58	0	0	0.05
267900	0.03	0.58	0.58	0	0	0.03
268000	0.02	0.58	0.58	0	0	0.02
268100	0.01	0.58	0.58	0	0	0.01
268200	0.02	0.58	0.58	0	0	0.02
268300	0.02	0.58	0.58	0	0	0.02
268400	0.02	0.58	0.58	0	0	0.02
268500	0.02	0.58	0.58	0	0	0.02
268600	0	0.58	0.58	0	0	0
268700	0.01	0.58	0.58	0	0	0.01
268800	0.02	0.58	0.58	0	0	0.02
268900	0.03	0.58	0.58	0	0	0.03
269000	0.03	0.58	0.58	0	0	0.03
269100	0.04	0.58	0.58	0	0	0.04
269200	0.03	0.58	0.58	0	0	0.03
269300	0	0.58	0.58	0	0	0
269400	0.02	0.58	0.58	0	0	0.02
269500	0.02	0.58	0.58	0	0	0.02
269600	0.01	0.58	0.58	0	0	0.01
269700	0.01	0.58	0.58	0	0	0.01
269800	0.01	0.58	0.58	0	0	0.01
269900	0.02	0.58	0.58	0	0	0.02
270000	0.02	0.58	0.58	0	0	0.02
270100	0	0.58	0.58	0	0	0
270200	0.01	0.58	0.58	0	0	0.01
270300	0.01	0.58	0.58	0	0	0.01
270400	0.01	0.58	0.58	0	0	0.01
270500	0.02	0.58	0.58	0	0	0.02
270600	0.02	0.58	0.58	0	0	0.02
270700	0.04	0.58	0.58	0	0	0.04
270800	0.02	0.58	0.58	0	0	0.02
270900	0.01	0.58	0.58	0	0	0.01
271000	0	0.58	0.58	0	0	0
271100	0	0.58	0.58	0	0	0
271200	0	0.58	0.58	0	0	0
271300	0.01	0.58	0.58	0	0	0.01
271400	0.01	0.58	0.58	0	0	0.01
271500	0.02	0.58	0.58	0	0	0.02
271600	0.03	0.58	0.58	0	0	0.03
271700	0.02	0.58	0.58	0	0	0.02
271800	0.02	0.58	0.58	0	0	0.02
271900	0.01	0.58	0.58	0	0	0.01
272000	0	0.58	0.58	0	0	0
272100	0	0.58	0.58	0	0	0
272200	0	0.58	0.58	0	0	0
272300	0.02	0.58	0.58	0	0	0.02
272400	0.03	0.58	0.58	0	0	0.03
272500	0.03	0.58	0.58	0	0	0.03
272600	0.04	0.58	0.58	0	0	0.04
272700	0.03	0.58	0.58	0	0	0.03
272800	0.03	0.58	0.58	0	0	0.03
272900	0.04	0.58	0.58	0	0	0.04
273000	0.05	0.58	0.58	0	0	0.05
273100	0.04	0.58	0.58	0	0	0.04
273200	0.01	0.58	0.58	0	0	0.01
273300	0.01	0.58	0.58	0	0	0.01
273400	0.01	0.58	0.58	0	0	0.01
273500	0.03	0.58	0.58	0	0	0.03
273600	0.04	0.58	0.58	0	0	0.04
273700	0.03	0.58	0.58	0	0	0.03
273800	0.02	0.58	0.58	0	0	0.02
273900	0.02	0.58	0.58	0	0	0.02
274000	0	0.58	0.58	0	0	0
274100	0	0.58	0.58	0	0	0
274200	0.02	0.58	0.58	0	0	0.02
274300	0.02	0.58	0.58	0	0	0.02
274400	0.02	0.58	0.58	0	0	0.02
274500	0.02	0.58	0.58	0	0	0.02
274600	0.02	0.58	0.58	0	0	0.02
274700	0.01	0.58	0.58	0	0	0.01
274800	0	0.58	0.58	0	0	0
274900	0	0.58	0.58	0	0	0
275000	0	0.58	0.58	0	0	0
275100	0.02	0.58	0.58	0	0	0.02
275200	0.02	0.58	0.58	0	0	0.02
275300	0.03	0.58	0.58	0	0	0.03
275400	0.04	0.58	0.58	0	0	0.04
275500	0.05	0.58	0.58	0	0	0.05
275600	0.04	0.58	0.58	0	0	0.04
275700	0.04	0.58	0.58	0	0	0.04
275800	0.03	0.58	0.58	0	0	0.03
275900	0.02	0.58	0.58	0	0	0.02
276000	0.03	0.58	0.58	0	0	0.03
276100	0.02	0.58	0.58	0	0	0.02
276200	0.01	0.58	0.58	0	0	0.01
276300	0.02	0.58	0.58	0	0	0.02
276400	0.02	0.58	0.58	0	0	0.02
276500	0.02	0.58	0.58	0	0	0.02
276600	0.02	0.58	0.58	0	0	0.02
276700	0.04	0.58	0.58	0	0	0.04
276800	0.06	0.58	0.58	0	0	0.06
276900	0.02	0.59	0.59	0	0	0.02
277000	0.01	0.58	0.58	0	0	0.01
277100	0	0.58	0.58	0	0	0
277200	0.01	0.58	0.58	0	0	0.01
277300	0.01	0.58	0.58	0	0	0.01
277400	0.02	0.58	0.58	0	0	0.02
277500	0.02	0.58	0.58	0	0	0.02
277600	0.02	0.58	0.58	0	0	0.02
277700	0.02	0.58	0.58	0	0	0.02
277800	0.02	0.58	0.58	0	0	0.02
277900	0.03	0.58	0.58	0	0	0.03
278000	0.01	0.58	0.58	0	0	0.01
278100	0.02	0.58	0.58	0	0	0.02
278200	0.02	0.58	0.58	0	0	0.02
278300	0.02	0.58	0.58	0	0	0.02
278400	0.02	0.58	0.58	0	0	0.02
278500	0.02	0.58	0.58	0	0	0.02
278600	0.04	0.58	0.58	0	0	0.04
278700	0.03	0.58	0.58	0	0	0.03
278800	0.02	0.58	0.58	0	0	0.02
278900	0.03	0.58	0.58	0	0	0.03
279000	0.02	0.58	0.58	0	0	0.02
279100	0.03	0.58	0.58	0	0	0.03
279200	0.02	0.58	0.58	0	0	0.02
279300	0.02	0.58	0.58	0	0	0.02
279400	0.02	0.58	0.58	0	0	0.02
279500	0.02	0.58	0.58	0	0	0.02
279600	0.01	0.58	0.58	0	0	0.01
279700	0.02	0.58	0.58	0	0	0.02
279800	0.02	0.58	0.58	0	0	0.02
279900	0.03	0.58	0.58	0	0	0.03
280000	0.03	0.58	0.58	0	0	0.03
280100	0.02	0.58	0.58	0	0	0.02
280200	0.02	0.58	0.58	0	0	0.02
280300	0.03	0.58	0.58	0	0	0.03
280400	0.03	0.58	0.58	0	0	0.03
280500	0.03	0.58	0.58	0	0	0.03
280600	0.02	0.58	0.58	0	0	0.02
280700	0.01	0.58	0.58	0	0	0.01
280800	0	0.58	0.58	0	0	0
280900	0	0.58	0.58	0	0	0
281000	0.03	0.58	0.58	0	0	0.03
281100	0.02	0.58	0.58	0	0	0.02
281200	0.03	0.58	0.58	0	0	0.03
281300	0.02	0.58	0.58	0	0	0.02
281400	0.02	0.58	0.58	0	0	0.02
281500	0.03	0.58	0.58	0	0	0.03
281600	0.02	0.58	0.58	0	0	0.02
281700	0.02	0.58	0.58	0	0	0.02
281800	0.02	0.58	0.58	0	0	0.02
281900	0.02	0.58	0.58	0	0	0.02
282000	0.03	0.58	0.58	0	0	0.03
282100	0.03	0.58	0.58	0	0	0.03
282200	0.04	0.58	0.58	0	0	0.04
282300	0.04	0.58	0.58	0	0	0.04
282400	0.05	0.58	0.58	0	0	0.05
282500	0.03	0.58	0.58	0	0	0.03
282600	0.01	0.58	0.58	0	0	0.01
282700	0.01	0.58	0.58	0	0	0.01
282800	0	0.58	0.58	0	0	0
282900	0	0.58	0.58	0	0	0
283000	0.01	0.58	0.58	0	0	0.01
283100	0.02	0.58	0.58	0	0	0.02
283200	0.04	0.58	0.58	0	0	0.04
283300	0.05	0.58	0.58	0	0	0.05
283400	0.03	0.58	0.58	0	0	0.03
283500	0.02	0.58	0.58	0	0	0.02
283600	0.01	0.58	0.58	0	0	0.01
283700	0.02	0.58	0.58	0	0	0.02
283800	0.02	0.58	0.58	0	0	0.02
283900	0.02	0.58	0.58	0	0	0.02
284000	0.02	0.58	0.58	0	0	0.02
284100	0.01	0.58	0.58	0	0	0.01
284200	0	0.58	0.58	0	0	0
284300	0.01	0.58	0.58	0	0	0.01
284400	0.01	0.58	0.58	0	0	0.01
284500	0.01	0.58	0.58	0	0	0.01
284600	0.01	0.58	0.58	0	0	0.01
284700	0.01	0.58	0.58	0	0	0.01
284800	0.02	0.58	0.58	0	0	0.02
284900	0	0.58	0.58	0	0	0
285000	0	0.58	0.58	0	0	0
285100	0	0.58	0.58	0	0	0
285200	0	0.58	0.58	0	0	0
285300	0.02	0.58	0.58	0	0	0.02
285400	0.02	0.58	0.58	0	0	0.02
285500	0.02	0.58	0.58	0	0	0.02
285600	0.02	0.58	0.58	0	0	0.02
285700	0.03	0.58	0.58	0	0	0.03
285800	0.03	0.58	0.58	0	0	0.03
285900	0.01	0.58	0.58	0	0	0.01
286000	0.01	0.58	0.58	0	0	0.01
286100	0.02	0.58	0.58	0	0	0.02
286200	0.02	0.58	0.58	0	0	0.02
286300	0.03	0.58	0.58	0	0	0.03
286400	0.03	0.58	0.58	0	0	0.03
286500	0.04	0.58	0.58	0	0	0.04
286600	0.03	0.58	0.58	0	0	0.03
286700	0.02	0.58	0.58	0	0	0.02
286800	0.03	0.58	0.58	0	0	0.03
286900	0.02	0.58	0.58	0	0	0.02
287000	0.03	0.58	0.58	0	0	0.03
287100	0.04	0.58	0.58	0	0	0.04
287200	0.04	0.58	0.58	0	0	0.04
287300	0.02	0.58	0.58	0	0	0.02
287400	0.01	0.58	0.58	0	0	0.01
287500	0	0.58	0.58	0	0	0
287600	0.01	0.58	0.58	0	0	0.01
287700	0.01	0.58	0.58	0	0	0.01
287800	0.01	0.58	0.58	0	0	0.01
287900	0.01	0.58	0.58	0	0	0.01
288000	0.03	0.58	0.58	0	0	0.03
288100	0.03	0.58	0.58	0	0	0.03
288200	0.02	0.58	0.58	0	0	0.02
288300	0.01	0.58	0.58	0	0	0.01
288400	0.02	0.58	0.58	0	0	0.02
288500	0.03	0.58	0.58	0	0	0.03
288600	0.02	0.58	0.58	0	0	0.02
288700	0.03	0.58	0.58	0	0	0.03
288800	0.03	0.58	0.58	0	0	0.03
288900	0.03	0.58	0.58	0	0	0.03
289000	0.03	0.58	0.58	0	0	0.03
289100	0.04	0.58	0.58	0	0	0.04
289200	0.02	0.58	0.58	0	0	0.02
289300	0.02	0.58	0.58	0	0	0.02
289400	0.01	0.58	0.58	0	0	0.01
289500	0.02	0.58	0.58	0	0	0.02
289600	0.02	0.58	0.58	0	0	0.02
289700	0.02	0.58	0.58	0	0	0.02
289800	0.03	0.58	0.58	0	0	0.03
289900	0.03	0.58	0.58	0	0	0.03
290000	0.05	0.58	0.58	0	0	0.05
290100	0.03	0.58	0.58	0	0	0.03
290200	0.02	0.58	0.58	0	0	0.02
290300	0.02	0.58	0.58	0	0	0.02
290400	0.02	0.58	0.58	0	0	0.02
290500	0.01	0.58	0.58	0	0	0.01
290600	0.01	0.58	0.58	0	0	0.01
290700	0.01	0.58	0.58	0	0	0.01
290800	0.02	0.58	0.58	0	0	0.02
290900	0.02	0.58	0.58	0	0	0.02
291000	0.03	0.58	0.58	0	0	0.03
291100	0.04	0.58	0.58	0	0	0.04
291200	0.06	0.58	0.58	0	0	0.06
291300	0.05	0.58	0.58	0	0	0.05
291400	0.07	0.58	0.58	0	0	0.07
291500	0.06	0.58	0.58	0	0	0.06
291600	0.05	0.58	0.58	0	0	0.05
291700	0.06	0.58	0.58	0	0	0.06
291800	0.05	0.58	0.58	0	0	0.05
291900	0.04	0.58	0.58	0	0	0.04
292000	0.03	0.58	0.58	0	0	0.03
292100	0.02	0.58	0.58	0	0	0.02
292200	0.01	0.58	0.58	0	0	0.01
292300	0	0.58	0.58	0	0	0
292400	0	0.58	0.58	0	0	0
292500	0.01	0.58	0.58	0	0	0.01
292600	0.01	0.58	0.58	0	0	0.01
292700	0.01	0.58	0.58	0	0	0.01
292800	0.04	0.58	0.58	0	0	0.04
292900	0.06	0.58	0.58	0	0	0.06
293000	0.07	0.58	0.58	0	0	0.07
293100	0.06	0.58	0.58	0	0	0.06
293200	0.04	0.58	0.58	0	0	0.04
293300	0.06	0.58	0.58	0	0	0.06
293400	0.04	0.58	0.58	0	0	0.04
293500	0.02	0.58	0.58	0	0	0.02
293600	0.02	0.58	0.58	0	0	0.02
293700	0.02	0.58	0.58	0	0	0.02
293800	0.04	0.58	0.58	0	0	0.04
293900	0.03	0.58	0.58	0	0	0.03
294000	0.04	0.58	0.58	0	0	0.04
294100	0.05	0.58	0.58	0	0	0.05
294200	0.03	0.58	0.58	0	0	0.03
294300	0.01	0.58	0.58	0	0	0.01
294400	0.02	0.58	0.58	0	0	0.02
294500	0.03	0.58	0.58	0	0	0.03
294600	0.03	0.58	0.58	0	0	0.03
294700	0.03	0.58	0.58	0	0	0.03
294800	0.03	0.58	0.58	0	0	0.03
294900	0.01	0.58	0.58	0	0	0.01
295000	0.02	0.58	0.58	0	0	0.02
295100	0.01	0.58	0.58	0	0	0.01
295200	0.01	0.58	0.58	0	0	0.01
295300	0.01	0.58	0.58	0	0	0.01
295400	0.02	0.58	0.58	0	0	0.02
295500	0.01	0.58	0.58	0	0	0.01
295600	0	0.58	0.58	0	0	0
295700	0	0.58	0.58	0	0	0
295800	0.01	0.58	0.58	0	0	0.01
295900	0.02	0.58	0.58	0	0	0.02
296000	0.02	0.58	0.58	0	0	0.02
296100	0.03	0.58	0.58	0	0	0.03
296200	0.03	0.58	0.58	0	0	0.03
296300	0.02	0.58	0.58	0	0	0.02
296400	0.01	0.58	0.58	0	0	0.01
296500	0.01	0.58	0.58	0	0	0.01
296600	0	0.58	0.58	0	0	0
296700	0	0.58	0.58	0	0	0
296800	0	0.58	0.58	0	0	0
296900	0.02	0.58	0.58	0	0	0.02
297000	0.02	0.58	0.58	0	0	0.02
297100	0.02	0.58	0.58	0	0	0.02
297200	0.02	0.58	0.58	0	0	0.02
297300	0.01	0.58	0.58	0	0	0.01
297400	0.02	0.58	0.58	0	0	0.02
297500	0.02	0.58	0.58	0	0	0.02
297600	0.01	0.58	0.58	0	0	0.01
297700	0.02	0.58	0.58	0	0	0.02
297800	0.03	0.58	0.58	0	0	0.03
297900	0.03	0.58	0.58	0	0	0.03
298000	0.03	0.58	0.58	0	0	0.03
298100	0.05	0.58	0.58	0	0	0.05
298200	0.05	0.58	0.58	0	0	0.05
298300	0.03	0.58	0.58	0	0	0.03
298400	0.02	0.58	0.58	0	0	0.02
298500	0.03	0.58	0.58	0	0	0.03
298600	0.03	0.58	0.58	0	0	0.03
298700	0.03	0.58	0.58	0	0	0.03
298800	0.04	0.58	0.58	0	0	0.04
298900	0.04	0.58	0.58	0	0	0.04
299000	0.05	0.58	0.58	0	0	0.05
299100	0.03	0.58	0.58	0	0	0.03
299200	0	0.58	0.58	0	0	0
299300	0	0.58	0.58	0	0	0
299400	0	0.58	0.58	0	0	0
299500	0	0.58	0.58	0	0	0
299600	0.01	0.58	0.58	0	0	0.01
299700	0.02	0.58	0.58	0	0	0.02
299800	0.03	0.58	0.58	0	0	0.03
299900	0.02	0.58	0.58	0	0	0.02
300000	0.02	0.58	0.58	0	0	0.02
