100	0.04	0.08	0.08	0	0	0.04
200	0.04	0.06	0.06	0	0	0.04
300	0.05	0.04	0.04	0	0	0.05
400	0.04	0.04	0.04	0	0	0.04
500	0.03	0.03	0.03	0	0	0.03
600	0.04	0	0	0	0	0.04
700	0.02	0.01	0.01	0	0	0.02
800	0.02	0.02	0.02	0	0	0.02
900	0.03	0.02	0.02	0	0	0.03
1000	0.02	0.04	0.04	0	0	0.02
1100	0.03	0.02	0.02	0	0	0.03
1200	0.03	0.02	0.02	0	0	0.03
1300	0.04	0.03	0.03	0	0	0.04
1400	0.03	0.04	0.04	0	0	0.03
1500	0.02	0.03	0.03	0	0	0.02
1600	0.03	0.04	0.04	0	0	0.03
1700	0.05	0.03	0.03	0	0	0.05
1800	0.05	0.03	0.03	0	0	0.05
1900	0.04	0.04	0.04	0	0	0.04
2000	0.03	0.04	0.04	0	0	0.03
2100	0.03	0.03	0.03	0	0	0.03
2200	0.03	0.02	0.02	0	0	0.03
2300	0.03	0.02	0.02	0	0	0.03
2400	0.04	0.02	0.02	0	0	0.04
2500	0.05	0	0	0	0	0.05
2600	0.03	0	0	0	0	0.03
2700	0.03	0.02	0.02	0	0	0.03
2800	0.03	0.04	0.04	0	0	0.03
2900	0.03	0.02	0.02	0	0	0.03
3000	0.03	0.05	0.05	0	0	0.03
3100	0.04	0.06	0.06	0	0	0.04
3200	0.05	0.08	0.08	0	0	0.05
3300	0.04	0.07	0.07	0	0	0.04
3400	0.03	0.05	0.05	0	0	0.03
3500	0.02	0.05	0.05	0	0	0.02
3600	0.01	0.04	0.04	0	0	0.01
3700	0.02	0.02	0.02	0	0	0.02
3800	0.01	0.01	0.01	0	0	0.01
3900	0.02	0	0	0	0	0.02
4000	0.03	0	0	0	0	0.03
4100	0.03	0	0	0	0	0.03
4200	0.05	0.01	0.01	0	0	0.05
4300	0.05	0.01	0.01	0	0	0.05
4400	0.08	0.01	0.01	0	0	0.08
4500	0.09	0.02	0.02	0	0	0.09
4600	0.09	0.03	0.03	0	0	0.09
4700	0.1	0.04	0.04	0	0	0.1
4800	0.07	0.04	0.04	0	0	0.07
4900	0.07	0.03	0.03	0	0	0.07
5000	0.06	0.04	0.04	0	0	0.06
5100	0.05	0.02	0.02	0	0	0.05
5200	0.07	0.02	0.02	0	0	0.07
5300	0.06	0.01	0.01	0	0	0.06
5400	0.06	0.02	0.02	0	0	0.06
5500	0.05	0.05	0.05	0	0	0.05
5600	0.05	0.02	0.02	0	0	0.05
5700	0.05	0.01	0.01	0	0	0.05
5800	0.06	0.01	0.01	0	0	0.06
5900	0.06	0.01	0.01	0	0	0.06
6000	0.08	0.01	0.01	0	0	0.08
6100	0.08	0.01	0.01	0	0	0.08
6200	0.07	0.03	0.03	0	0	0.07
6300	0.06	0.05	0.05	0	0	0.06
6400	0.06	0.04	0.04	0	0	0.06
6500	0.05	0.04	0.04	0	0	0.05
6600	0.06	0.02	0.02	0	0	0.06
6700	0.07	0.03	0.03	0	0	0.07
6800	0.08	0.04	0.04	0	0	0.08
6900	0.1	0.02	0.02	0	0	0.1
7000	0.09	0.02	0.02	0	0	0.09
7100	0.07	0.02	0.02	0	0	0.07
7200	0.08	0.02	0.02	0	0	0.08
7300	0.07	0.02	0.02	0	0	0.07
7400	0.06	0.02	0.02	0	0	0.06
7500	0.06	0.02	0.02	0	0	0.06
7600	0.06	0.01	0.01	0	0	0.06
7700	0.07	0.01	0.01	0	0	0.07
7800	0.07	0.01	0.01	0	0	0.07
7900	0.08	0.02	0.02	0	0	0.08
8000	0.08	0.02	0.02	0	0	0.08
8100	0.09	0.04	0.04	0	0	0.09
8200	0.09	0.07	0.07	0	0	0.09
8300	0.08	0.04	0.04	0	0	0.08
8400	0.07	0.03	0.03	0	0	0.07
8500	0.07	0.02	0.02	0	0	0.07
8600	0.09	0.01	0.01	0	0	0.09
8700	0.08	0.01	0.01	0	0	0.08
8800	0.09	0.02	0.02	0	0	0.09
8900	0.09	0.03	0.03	0	0	0.09
9000	0.07	0.03	0.03	0	0	0.07
9100	0.08	0.03	0.03	0	0	0.08
9200	0.08	0.02	0.02	0	0	0.08
9300	0.08	0.02	0.02	0	0	0.08
9400	0.09	0.02	0.02	0	0	0.09
9500	0.09	0.02	0.02	0	0	0.09
9600	0.11	0.02	0.02	0	0	0.11
9700	0.13	0.02	0.02	0	0	0.13
9800	0.12	0.02	0.02	0	0	0.12
9900	0.12	0	0	0	0	0.12
10000	0.13	0	0	0	0	0.13
10100	0.14	0	0	0	0	0.14
10200	0.13	0.01	0.01	0	0	0.13
10300	0.13	0.02	0.02	0	0	0.13
10400	0.14	0.03	0.03	0	0	0.14
10500	0.11	0.03	0.03	0	0	0.11
10600	0.12	0.03	0.03	0	0	0.12
10700	0.14	0.04	0.04	0	0	0.14
10800	0.12	0.03	0.03	0	0	0.12
10900	0.12	0.04	0.04	0	0	0.12
11000	0.11	0.05	0.05	0	0	0.11
11100	0.11	0.05	0.05	0	0	0.11
11200	0.11	0.03	0.03	0	0	0.11
11300	0.11	0.02	0.02	0	0	0.11
11400	0.11	0.03	0.03	0	0	0.11
11500	0.12	0.01	0.01	0	0	0.12
11600	0.12	0.01	0.01	0	0	0.12
11700	0.12	0.02	0.02	0	0	0.12
11800	0.13	0.02	0.02	0	0	0.13
11900	0.14	0.02	0.02	0	0	0.14
12000	0.14	0.01	0.01	0	0	0.14
12100	0.13	0	0	0	0	0.13
12200	0.15	0.01	0.01	0	0	0.15
12300	0.15	0.02	0.02	0	0	0.15
12400	0.15	0.03	0.03	0	0	0.15
12500	0.14	0.05	0.05	0	0	0.14
12600	0.15	0.01	0.01	0	0	0.15
12700	0.15	0	0	0	0	0.15
12800	0.15	0	0	0	0	0.15
12900	0.14	0.01	0.01	0	0	0.14
13000	0.13	0.01	0.01	0	0	0.13
13100	0.14	0.01	0.01	0	0	0.14
13200	0.14	0.03	0.03	0	0	0.14
13300	0.14	0.03	0.03	0	0	0.14
13400	0.14	0.03	0.03	0	0	0.14
13500	0.14	0.04	0.04	0	0	0.14
13600	0.14	0.02	0.02	0	0	0.14
13700	0.14	0.01	0.01	0	0	0.14
13800	0.14	0	0	0	0	0.14
13900	0.16	0	0	0	0	0.16
14000	0.16	0	0	0	0	0.16
14100	0.16	0	0	0	0	0.16
14200	0.16	0	0	0	0	0.16
14300	0.16	0	0	0	0	0.16
14400	0.16	0.01	0.01	0	0	0.16
14500	0.19	0.01	0.01	0	0	0.19
14600	0.19	0.02	0.02	0	0	0.19
14700	0.18	0.03	0.03	0	0	0.18
14800	0.17	0.05	0.05	0	0	0.17
14900	0.16	0.04	0.04	0	0	0.16
15000	0.16	0.03	0.03	0	0	0.16
15100	0.16	0.05	0.05	0	0	0.16
15200	0.17	0.05	0.05	0	0	0.17
15300	0.17	0.05	0.05	0	0	0.17
15400	0.17	0.05	0.05	0	0	0.17
15500	0.18	0.03	0.03	0	0	0.18
15600	0.17	0.03	0.03	0	0	0.17
15700	0.17	0.06	0.06	0	0	0.17
15800	0.18	0.06	0.06	0	0	0.18
15900	0.17	0.06	0.06	0	0	0.17
16000	0.16	0.04	0.04	0	0	0.16
16100	0.15	0.06	0.06	0	0	0.15
16200	0.15	0.06	0.06	0	0	0.15
16300	0.15	0.04	0.04	0	0	0.15
16400	0.16	0.04	0.04	0	0	0.16
16500	0.16	0.04	0.04	0	0	0.16
16600	0.18	0.02	0.02	0	0	0.18
16700	0.18	0.01	0.01	0	0	0.18
16800	0.18	0.01	0.01	0	0	0.18
16900	0.18	0.01	0.01	0	0	0.18
17000	0.18	0	0	0	0	0.18
17100	0.18	0	0	0	0	0.18
17200	0.18	0.01	0.01	0	0	0.18
17300	0.19	0.01	0.01	0	0	0.19
17400	0.2	0.01	0.01	0	0	0.2
17500	0.21	0.02	0.02	0	0	0.21
17600	0.18	0.01	0.01	0	0	0.18
17700	0.19	0	0	0	0	0.19
17800	0.2	0.02	0.02	0	0	0.2
17900	0.18	0.04	0.04	0	0	0.18
18000	0.17	0.05	0.05	0	0	0.17
18100	0.17	0.07	0.07	0	0	0.17
18200	0.16	0.04	0.04	0	0	0.16
18300	0.17	0.03	0.03	0	0	0.17
18400	0.17	0.05	0.05	0	0	0.17
18500	0.17	0.03	0.03	0	0	0.17
18600	0.18	0.06	0.06	0	0	0.18
18700	0.17	0.05	0.05	0	0	0.17
18800	0.18	0.05	0.05	0	0	0.18
18900	0.18	0.06	0.06	0	0	0.18
19000	0.19	0.06	0.06	0	0	0.19
19100	0.19	0.02	0.02	0	0	0.19
19200	0.2	0.02	0.02	0	0	0.2
19300	0.2	0.02	0.02	0	0	0.2
19400	0.19	0.01	0.01	0	0	0.19
19500	0.2	0.01	0.01	0	0	0.2
19600	0.2	0.03	0.03	0	0	0.2
19700	0.2	0.05	0.05	0	0	0.2
19800	0.21	0.04	0.04	0	0	0.21
19900	0.21	0.05	0.05	0	0	0.21
20000	0.21	0.04	0.04	0	0	0.21
20100	0.21	0.03	0.03	0	0	0.21
20200	0.21	0.01	0.01	0	0	0.21
20300	0.21	0.03	0.03	0	0	0.21
20400	0.21	0.05	0.05	0	0	0.21
20500	0.21	0.06	0.06	0	0	0.21
20600	0.21	0.06	0.06	0	0	0.21
20700	0.21	0.05	0.05	0	0	0.21
20800	0.23	0.04	0.04	0	0	0.23
20900	0.23	0.02	0.02	0	0	0.23
21000	0.23	0.02	0.02	0	0	0.23
21100	0.23	0.02	0.02	0	0	0.23
21200	0.23	0.01	0.01	0	0	0.23
21300	0.24	0.02	0.02	0	0	0.24
21400	0.24	0.03	0.03	0	0	0.24
21500	0.24	0.05	0.05	0	0	0.24
21600	0.25	0.06	0.06	0	0	0.25
21700	0.25	0.06	0.06	0	0	0.25
21800	0.26	0.07	0.07	0	0	0.26
21900	0.26	0.08	0.08	0	0	0.26
22000	0.28	0.08	0.08	0	0	0.28
22100	0.28	0.05	0.05	0	0	0.28
22200	0.28	0.05	0.05	0	0	0.28
22300	0.27	0.05	0.05	0	0	0.27
22400	0.28	0.06	0.06	0	0	0.28
22500	0.27	0.06	0.06	0	0	0.27
22600	0.26	0.05	0.05	0	0	0.26
22700	0.26	0.04	0.04	0	0	0.26
22800	0.26	0.04	0.04	0	0	0.26
22900	0.26	0.04	0.04	0	0	0.26
23000	0.27	0.03	0.03	0	0	0.27
23100	0.28	0.05	0.05	0	0	0.28
23200	0.28	0.05	0.05	0	0	0.28
23300	0.28	0.03	0.03	0	0	0.28
23400	0.27	0.05	0.05	0	0	0.27
23500	0.28	0.04	0.04	0	0	0.28
23600	0.28	0.04	0.04	0	0	0.28
23700	0.28	0.06	0.06	0	0	0.28
23800	0.29	0.06	0.06	0	0	0.29
23900	0.29	0.05	0.05	0	0	0.29
24000	0.28	0.02	0.02	0	0	0.28
24100	0.29	0.02	0.02	0	0	0.29
24200	0.29	0.02	0.02	0	0	0.29
24300	0.29	0.01	0.01	0	0	0.29
24400	0.29	0.01	0.01	0	0	0.29
24500	0.31	0.01	0.01	0	0	0.31
24600	0.31	0.02	0.02	0	0	0.31
24700	0.32	0.01	0.01	0	0	0.32
24800	0.32	0.01	0.01	0	0	0.32
24900	0.32	0.01	0.01	0	0	0.32
25000	0.32	0.01	0.01	0	0	0.32
25100	0.32	0.01	0.01	0	0	0.32
25200	0.33	0.02	0.02	0	0	0.33
25300	0.33	0.03	0.03	0	0	0.33
25400	0.33	0.03	0.03	0	0	0.33
25500	0.34	0.03	0.03	0	0	0.34
25600	0.33	0.05	0.05	0	0	0.33
25700	0.33	0.05	0.05	0	0	0.33
25800	0.33	0.04	0.04	0	0	0.33
25900	0.32	0.03	0.03	0	0	0.32
26000	0.32	0.02	0.02	0	0	0.32
26100	0.32	0.03	0.03	0	0	0.32
26200	0.32	0.02	0.02	0	0	0.32
26300	0.31	0.04	0.04	0	0	0.31
26400	0.31	0.03	0.03	0	0	0.31
26500	0.32	0.03	0.03	0	0	0.32
26600	0.32	0.03	0.03	0	0	0.32
26700	0.34	0.02	0.02	0	0	0.34
26800	0.34	0.02	0.02	0	0	0.34
26900	0.34	0.05	0.05	0	0	0.34
27000	0.34	0.05	0.05	0	0	0.34
27100	0.34	0.03	0.03	0	0	0.34
27200	0.34	0.03	0.03	0	0	0.34
27300	0.33	0.01	0.01	0	0	0.33
27400	0.33	0.02	0.02	0	0	0.33
27500	0.33	0.02	0.02	0	0	0.33
27600	0.33	0.02	0.02	0	0	0.33
27700	0.33	0.02	0.02	0	0	0.33
27800	0.33	0.02	0.02	0	0	0.33
27900	0.34	0.03	0.03	0	0	0.34
28000	0.34	0.02	0.02	0	0	0.34
28100	0.34	0.01	0.01	0	0	0.34
28200	0.34	0.02	0.02	0	0	0.34
28300	0.34	0.01	0.01	0	0	0.34
28400	0.35	0.01	0.01	0	0	0.35
28500	0.36	0.01	0.01	0	0	0.36
28600	0.36	0	0	0	0	0.36
28700	0.36	0.01	0.01	0	0	0.36
28800	0.35	0.03	0.03	0	0	0.35
28900	0.35	0.03	0.03	0	0	0.35
29000	0.35	0.03	0.03	0	0	0.35
29100	0.34	0	0	0	0	0.34
29200	0.35	0.01	0.01	0	0	0.35
29300	0.35	0.01	0.01	0	0	0.35
29400	0.35	0.02	0.02	0	0	0.35
29500	0.35	0.02	0.02	0	0	0.35
29600	0.36	0.03	0.03	0	0	0.36
29700	0.36	0.04	0.04	0	0	0.36
29800	0.36	0.06	0.06	0	0	0.36
29900	0.35	0.05	0.05	0	0	0.35
30000	0.36	0.03	0.03	0	0	0.36
30100	0.36	0.03	0.03	0	0	0.36
30200	0.36	0.04	0.04	0	0	0.36
30300	0.36	0.04	0.04	0	0	0.36
30400	0.36	0.02	0.02	0	0	0.36
30500	0.36	0.02	0.02	0	0	0.36
30600	0.36	0.02	0.02	0	0	0.36
30700	0.36	0.04	0.04	0	0	0.36
30800	0.36	0.03	0.03	0	0	0.36
30900	0.36	0.01	0.01	0	0	0.36
31000	0.36	0.02	0.02	0	0	0.36
31100	0.37	0.02	0.02	0	0	0.37
31200	0.37	0.01	0.01	0	0	0.37
31300	0.38	0.01	0.01	0	0	0.38
31400	0.37	0.01	0.01	0	0	0.37
31500	0.37	0.02	0.02	0	0	0.37
31600	0.37	0.01	0.01	0	0	0.37
31700	0.37	0.02	0.02	0	0	0.37
31800	0.38	0.02	0.02	0	0	0.38
31900	0.37	0.02	0.02	0	0	0.37
32000	0.37	0.01	0.01	0	0	0.37
32100	0.37	0.02	0.02	0	0	0.37
32200	0.37	0.03	0.03	0	0	0.37
32300	0.38	0.03	0.03	0	0	0.38
32400	0.38	0.03	0.03	0	0	0.38
32500	0.38	0.01	0.01	0	0	0.38
32600	0.39	0.01	0.01	0	0	0.39
32700	0.39	0.04	0.04	0	0	0.39
32800	0.39	0.04	0.04	0	0	0.39
32900	0.39	0.04	0.04	0	0	0.39
33000	0.39	0.03	0.03	0	0	0.39
33100	0.39	0.02	0.02	0	0	0.39
33200	0.38	0.01	0.01	0	0	0.38
33300	0.38	0.01	0.01	0	0	0.38
33400	0.38	0.03	0.03	0	0	0.38
33500	0.38	0.03	0.03	0	0	0.38
33600	0.37	0.04	0.04	0	0	0.37
33700	0.37	0.04	0.04	0	0	0.37
33800	0.37	0.03	0.03	0	0	0.37
33900	0.37	0.02	0.02	0	0	0.37
34000	0.37	0.03	0.03	0	0	0.37
34100	0.37	0.06	0.06	0	0	0.37
34200	0.37	0.07	0.07	0	0	0.37
34300	0.37	0.07	0.07	0	0	0.37
34400	0.37	0.06	0.06	0	0	0.37
34500	0.37	0.04	0.04	0	0	0.37
34600	0.37	0.03	0.03	0	0	0.37
34700	0.37	0.02	0.02	0	0	0.37
34800	0.38	0	0	0	0	0.38
34900	0.39	0.01	0.01	0	0	0.39
35000	0.39	0.02	0.02	0	0	0.39
35100	0.39	0.01	0.01	0	0	0.39
35200	0.38	0.02	0.02	0	0	0.38
35300	0.38	0.04	0.04	0	0	0.38
35400	0.38	0.05	0.05	0	0	0.38
35500	0.39	0.05	0.05	0	0	0.39
35600	0.39	0.04	0.04	0	0	0.39
35700	0.39	0.04	0.04	0	0	0.39
35800	0.39	0.03	0.03	0	0	0.39
35900	0.39	0.05	0.05	0	0	0.39
36000	0.39	0.05	0.05	0	0	0.39
36100	0.4	0.05	0.05	0	0	0.4
36200	0.41	0.04	0.04	0	0	0.41
36300	0.42	0.05	0.05	0	0	0.42
36400	0.41	0.05	0.05	0	0	0.41
36500	0.41	0.04	0.04	0	0	0.41
36600	0.41	0.01	0.01	0	0	0.41
36700	0.41	0.01	0.01	0	0	0.41
36800	0.4	0.01	0.01	0	0	0.4
36900	0.42	0.01	0.01	0	0	0.42
37000	0.42	0.01	0.01	0	0	0.42
37100	0.42	0	0	0	0	0.42
37200	0.42	0.01	0.01	0	0	0.42
37300	0.44	0.02	0.02	0	0	0.44
37400	0.44	0.02	0.02	0	0	0.44
37500	0.44	0.03	0.03	0	0	0.44
37600	0.44	0.04	0.04	0	0	0.44
37700	0.44	0.03	0.03	0	0	0.44
37800	0.44	0.03	0.03	0	0	0.44
37900	0.45	0.03	0.03	0	0	0.45
38000	0.45	0.04	0.04	0	0	0.45
38100	0.45	0.02	0.02	0	0	0.45
38200	0.46	0.04	0.04	0	0	0.46
38300	0.44	0.06	0.06	0	0	0.44
38400	0.44	0.07	0.07	0	0	0.44
38500	0.44	0.07	0.07	0	0	0.44
38600	0.43	0.08	0.08	0	0	0.43
38700	0.43	0.07	0.07	0	0	0.43
38800	0.43	0.04	0.04	0	0	0.43
38900	0.43	0.04	0.04	0	0	0.43
39000	0.43	0.03	0.03	0	0	0.43
39100	0.43	0.04	0.04	0	0	0.43
39200	0.45	0.03	0.03	0	0	0.45
39300	0.45	0.02	0.02	0	0	0.45
39400	0.45	0.03	0.03	0	0	0.45
39500	0.45	0.04	0.04	0	0	0.45
39600	0.45	0.02	0.02	0	0	0.45
39700	0.44	0.02	0.02	0	0	0.44
39800	0.45	0.01	0.01	0	0	0.45
39900	0.45	0.01	0.01	0	0	0.45
40000	0.45	0	0	0	0	0.45
40100	0.45	0	0	0	0	0.45
40200	0.45	0.02	0.02	0	0	0.45
40300	0.45	0.03	0.03	0	0	0.45
40400	0.45	0.03	0.03	0	0	0.45
40500	0.45	0.04	0.04	0	0	0.45
40600	0.44	0.02	0.02	0	0	0.44
40700	0.44	0.02	0.02	0	0	0.44
40800	0.44	0.03	0.03	0	0	0.44
40900	0.44	0.02	0.02	0	0	0.44
41000	0.45	0.03	0.03	0	0	0.45
41100	0.46	0.02	0.02	0	0	0.46
41200	0.46	0.03	0.03	0	0	0.46
41300	0.46	0.05	0.05	0	0	0.46
41400	0.44	0.06	0.06	0	0	0.44
41500	0.44	0.06	0.06	0	0	0.44
41600	0.44	0.05	0.05	0	0	0.44
41700	0.44	0.04	0.04	0	0	0.44
41800	0.45	0.04	0.04	0	0	0.45
41900	0.45	0.04	0.04	0	0	0.45
42000	0.45	0.06	0.06	0	0	0.45
42100	0.44	0.03	0.03	0	0	0.44
42200	0.44	0	0	0	0	0.44
42300	0.44	0	0	0	0	0.44
42400	0.44	0	0	0	0	0.44
42500	0.45	0	0	0	0	0.45
42600	0.45	0.01	0.01	0	0	0.45
42700	0.45	0.01	0.01	0	0	0.45
42800	0.45	0.01	0.01	0	0	0.45
42900	0.45	0.01	0.01	0	0	0.45
43000	0.45	0.03	0.03	0	0	0.45
43100	0.46	0.03	0.03	0	0	0.46
43200	0.46	0.03	0.03	0	0	0.46
43300	0.46	0	0	0	0	0.46
43400	0.46	0.02	0.02	0	0	0.46
43500	0.46	0.03	0.03	0	0	0.46
43600	0.47	0.03	0.03	0	0	0.47
43700	0.47	0.04	0.04	0	0	0.47
43800	0.47	0.05	0.05	0	0	0.47
43900	0.47	0.04	0.04	0	0	0.47
44000	0.48	0.03	0.03	0	0	0.48
44100	0.48	0.04	0.04	0	0	0.48
44200	0.49	0.04	0.04	0	0	0.49
44300	0.48	0.03	0.03	0	0	0.48
44400	0.48	0.05	0.05	0	0	0.48
44500	0.47	0.04	0.04	0	0	0.47
44600	0.47	0.04	0.04	0	0	0.47
44700	0.47	0.04	0.04	0	0	0.47
44800	0.47	0.05	0.05	0	0	0.47
44900	0.47	0.03	0.03	0	0	0.47
45000	0.47	0.02	0.02	0	0	0.47
45100	0.47	0.02	0.02	0	0	0.47
45200	0.47	0.01	0.01	0	0	0.47
45300	0.47	0.03	0.03	0	0	0.47
45400	0.47	0.03	0.03	0	0	0.47
45500	0.47	0.03	0.03	0	0	0.47
45600	0.47	0.05	0.05	0	0	0.47
45700	0.47	0.05	0.05	0	0	0.47
45800	0.47	0.05	0.05	0	0	0.47
45900	0.47	0.05	0.05	0	0	0.47
46000	0.47	0.04	0.04	0	0	0.47
46100	0.47	0.01	0.01	0	0	0.47
46200	0.48	0.02	0.02	0	0	0.48
46300	0.48	0.02	0.02	0	0	0.48
46400	0.48	0.02	0.02	0	0	0.48
46500	0.48	0.03	0.03	0	0	0.48
46600	0.48	0.03	0.03	0	0	0.48
46700	0.48	0.03	0.03	0	0	0.48
46800	0.48	0.03	0.03	0	0	0.48
46900	0.48	0.02	0.02	0	0	0.48
47000	0.48	0.01	0.01	0	0	0.48
47100	0.47	0.02	0.02	0	0	0.47
47200	0.47	0.02	0.02	0	0	0.47
47300	0.47	0.01	0.01	0	0	0.47
47400	0.48	0.02	0.02	0	0	0.48
47500	0.48	0.04	0.04	0	0	0.48
47600	0.47	0.03	0.03	0	0	0.47
47700	0.47	0.03	0.03	0	0	0.47
47800	0.47	0.04	0.04	0	0	0.47
47900	0.47	0.06	0.06	0	0	0.47
48000	0.47	0.05	0.05	0	0	0.47
48100	0.47	0.05	0.05	0	0	0.47
48200	0.47	0.03	0.03	0	0	0.47
48300	0.47	0.03	0.03	0	0	0.47
48400	0.47	0.01	0.01	0	0	0.47
48500	0.47	0.01	0.01	0	0	0.47
48600	0.47	0	0	0	0	0.47
48700	0.47	0.01	0.01	0	0	0.47
48800	0.47	0.02	0.02	0	0	0.47
48900	0.47	0.03	0.03	0	0	0.47
49000	0.47	0.03	0.03	0	0	0.47
49100	0.47	0.04	0.04	0	0	0.47
49200	0.47	0.06	0.06	0	0	0.47
49300	0.47	0.06	0.06	0	0	0.47
49400	0.47	0.05	0.05	0	0	0.47
49500	0.47	0.03	0.03	0	0	0.47
49600	0.47	0.01	0.01	0	0	0.47
49700	0.49	0.01	0.01	0	0	0.49
49800	0.5	0.02	0.02	0	0	0.5
49900	0.5	0.03	0.03	0	0	0.5
50000	0.5	0.05	0.05	0	0	0.5
50100	0.51	0.04	0.04	0	0	0.51
50200	0.5	0.05	0.05	0	0	0.5
50300	0.5	0.06	0.06	0	0	0.5
50400	0.5	0.06	0.06	0	0	0.5
50500	0.5	0.06	0.06	0	0	0.5
50600	0.5	0.06	0.06	0	0	0.5
50700	0.5	0.06	0.06	0	0	0.5
50800	0.5	0.04	0.04	0	0	0.5
50900	0.5	0.03	0.03	0	0	0.5
51000	0.5	0.03	0.03	0	0	0.5
51100	0.5	0.01	0.01	0	0	0.5
51200	0.5	0.02	0.02	0	0	0.5
51300	0.5	0.02	0.02	0	0	0.5
51400	0.5	0.01	0.01	0	0	0.5
51500	0.5	0.01	0.01	0	0	0.5
51600	0.5	0.01	0.01	0	0	0.5
51700	0.5	0.01	0.01	0	0	0.5
51800	0.5	0.01	0.01	0	0	0.5
51900	0.5	0.01	0.01	0	0	0.5
52000	0.52	0.01	0.01	0	0	0.52
52100	0.52	0.02	0.02	0	0	0.52
52200	0.52	0.02	0.02	0	0	0.52
52300	0.52	0.01	0.01	0	0	0.52
52400	0.53	0	0	0	0	0.53
52500	0.52	0.02	0.02	0	0	0.52
52600	0.52	0.02	0.02	0	0	0.52
52700	0.52	0.02	0.02	0	0	0.52
52800	0.52	0.02	0.02	0	0	0.52
52900	0.51	0.01	0.01	0	0	0.51
53000	0.51	0	0	0	0	0.51
53100	0.51	0	0	0	0	0.51
53200	0.51	0	0	0	0	0.51
53300	0.51	0	0	0	0	0.51
53400	0.51	0.02	0.02	0	0	0.51
53500	0.52	0.02	0.02	0	0	0.52
53600	0.52	0.03	0.03	0	0	0.52
53700	0.52	0.03	0.03	0	0	0.52
53800	0.52	0.03	0.03	0	0	0.52
53900	0.52	0.01	0.01	0	0	0.52
54000	0.51	0.01	0.01	0	0	0.51
54100	0.51	0	0	0	0	0.51
54200	0.51	0	0	0	0	0.51
54300	0.51	0.01	0.01	0	0	0.51
54400	0.51	0.02	0.02	0	0	0.51
54500	0.51	0.02	0.02	0	0	0.51
54600	0.51	0.03	0.03	0	0	0.51
54700	0.51	0.05	0.05	0	0	0.51
54800	0.51	0.04	0.04	0	0	0.51
54900	0.51	0.05	0.05	0	0	0.51
55000	0.51	0.03	0.03	0	0	0.51
55100	0.51	0.02	0.02	0	0	0.51
55200	0.51	0.01	0.01	0	0	0.51
55300	0.51	0.01	0.01	0	0	0.51
55400	0.51	0.01	0.01	0	0	0.51
55500	0.51	0.01	0.01	0	0	0.51
55600	0.51	0.01	0.01	0	0	0.51
55700	0.51	0.01	0.01	0	0	0.51
55800	0.51	0	0	0	0	0.51
55900	0.51	0	0	0	0	0.51
56000	0.51	0	0	0	0	0.51
56100	0.52	0	0	0	0	0.52
56200	0.52	0.01	0.01	0	0	0.52
56300	0.52	0.01	0.01	0	0	0.52
56400	0.52	0.03	0.03	0	0	0.52
56500	0.52	0.02	0.02	0	0	0.52
56600	0.52	0.04	0.04	0	0	0.52
56700	0.52	0.04	0.04	0	0	0.52
56800	0.53	0.03	0.03	0	0	0.53
56900	0.53	0.03	0.03	0	0	0.53
57000	0.53	0.01	0.01	0	0	0.53
57100	0.53	0.01	0.01	0	0	0.53
57200	0.53	0.02	0.02	0	0	0.53
57300	0.53	0.01	0.01	0	0	0.53
57400	0.53	0	0	0	0	0.53
57500	0.53	0	0	0	0	0.53
57600	0.53	0	0	0	0	0.53
57700	0.54	0.01	0.01	0	0	0.54
57800	0.54	0.01	0.01	0	0	0.54
57900	0.54	0.01	0.01	0	0	0.54
58000	0.54	0.02	0.02	0	0	0.54
58100	0.55	0.05	0.05	0	0	0.55
58200	0.54	0.06	0.06	0	0	0.54
58300	0.53	0.05	0.05	0	0	0.53
58400	0.53	0.04	0.04	0	0	0.53
58500	0.53	0.03	0.03	0	0	0.53
58600	0.53	0.02	0.02	0	0	0.53
58700	0.53	0.02	0.02	0	0	0.53
58800	0.53	0	0	0	0	0.53
58900	0.53	0	0	0	0	0.53
59000	0.53	0	0	0	0	0.53
59100	0.53	0	0	0	0	0.53
59200	0.53	0.01	0.01	0	0	0.53
59300	0.53	0.02	0.02	0	0	0.53
59400	0.54	0.02	0.02	0	0	0.54
59500	0.54	0.04	0.04	0	0	0.54
59600	0.54	0.04	0.04	0	0	0.54
59700	0.54	0.03	0.03	0	0	0.54
59800	0.54	0.03	0.03	0	0	0.54
59900	0.54	0.03	0.03	0	0	0.54
60000	0.54	0.03	0.03	0	0	0.54
60100	0.53	0.03	0.03	0	0	0.53
60200	0.53	0.03	0.03	0	0	0.53
60300	0.53	0.03	0.03	0	0	0.53
60400	0.53	0.01	0.01	0	0	0.53
60500	0.53	0.02	0.02	0	0	0.53
60600	0.54	0.01	0.01	0	0	0.54
60700	0.54	0.01	0.01	0	0	0.54
60800	0.54	0.01	0.01	0	0	0.54
60900	0.54	0.02	0.02	0	0	0.54
61000	0.54	0.01	0.01	0	0	0.54
61100	0.54	0.01	0.01	0	0	0.54
61200	0.54	0	0	0	0	0.54
61300	0.54	0.01	0.01	0	0	0.54
61400	0.54	0.03	0.03	0	0	0.54
61500	0.54	0.05	0.05	0	0	0.54
61600	0.54	0.04	0.04	0	0	0.54
61700	0.54	0.04	0.04	0	0	0.54
61800	0.54	0.05	0.05	0	0	0.54
61900	0.54	0.04	0.04	0	0	0.54
62000	0.54	0.03	0.03	0	0	0.54
62100	0.54	0.02	0.02	0	0	0.54
62200	0.54	0.01	0.01	0	0	0.54
62300	0.54	0.03	0.03	0	0	0.54
62400	0.54	0.02	0.02	0	0	0.54
62500	0.54	0.03	0.03	0	0	0.54
62600	0.54	0.03	0.03	0	0	0.54
62700	0.54	0.03	0.03	0	0	0.54
62800	0.53	0.04	0.04	0	0	0.53
62900	0.53	0.03	0.03	0	0	0.53
63000	0.53	0.02	0.02	0	0	0.53
63100	0.53	0.02	0.02	0	0	0.53
63200	0.53	0.03	0.03	0	0	0.53
63300	0.53	0.03	0.03	0	0	0.53
63400	0.53	0.04	0.04	0	0	0.53
63500	0.53	0.07	0.07	0	0	0.53
63600	0.53	0.07	0.07	0	0	0.53
63700	0.53	0.06	0.06	0	0	0.53
63800	0.53	0.04	0.04	0	0	0.53
63900	0.53	0.04	0.04	0	0	0.53
64000	0.53	0.04	0.04	0	0	0.53
64100	0.53	0.02	0.02	0	0	0.53
64200	0.53	0	0	0	0	0.53
64300	0.53	0	0	0	0	0.53
64400	0.53	0.01	0.01	0	0	0.53
64500	0.53	0.01	0.01	0	0	0.53
64600	0.53	0.01	0.01	0	0	0.53
64700	0.54	0.01	0.01	0	0	0.54
64800	0.55	0.03	0.03	0	0	0.55
64900	0.56	0.02	0.02	0	0	0.56
65000	0.56	0.04	0.04	0	0	0.56
65100	0.56	0.06	0.06	0	0	0.56
65200	0.56	0.05	0.05	0	0	0.56
65300	0.55	0.05	0.05	0	0	0.55
65400	0.55	0.08	0.08	0	0	0.55
65500	0.55	0.07	0.07	0	0	0.55
65600	0.55	0.06	0.06	0	0	0.55
65700	0.56	0.05	0.05	0	0	0.56
65800	0.56	0.03	0.03	0	0	0.56
65900	0.56	0.03	0.03	0	0	0.56
66000	0.56	0.01	0.01	0	0	0.56
66100	0.57	0.01	0.01	0	0	0.57
66200	0.57	0.01	0.01	0	0	0.57
66300	0.56	0.01	0.01	0	0	0.56
66400	0.56	0.02	0.02	0	0	0.56
66500	0.56	0.03	0.03	0	0	0.56
66600	0.56	0.04	0.04	0	0	0.56
66700	0.57	0.05	0.05	0	0	0.57
66800	0.57	0.02	0.02	0	0	0.57
66900	0.57	0.02	0.02	0	0	0.57
67000	0.57	0.02	0.02	0	0	0.57
67100	0.56	0.03	0.03	0	0	0.56
67200	0.56	0.01	0.01	0	0	0.56
67300	0.56	0.01	0.01	0	0	0.56
67400	0.57	0	0	0	0	0.57
67500	0.57	0	0	0	0	0.57
67600	0.57	0.01	0.01	0	0	0.57
67700	0.57	0.02	0.02	0	0	0.57
67800	0.56	0.02	0.02	0	0	0.56
67900	0.56	0.02	0.02	0	0	0.56
68000	0.57	0.02	0.02	0	0	0.57
68100	0.57	0.04	0.04	0	0	0.57
68200	0.57	0.05	0.05	0	0	0.57
68300	0.57	0.05	0.05	0	0	0.57
68400	0.57	0.02	0.02	0	0	0.57
68500	0.57	0.01	0.01	0	0	0.57
68600	0.57	0.02	0.02	0	0	0.57
68700	0.57	0.02	0.02	0	0	0.57
68800	0.57	0.04	0.04	0	0	0.57
68900	0.57	0.05	0.05	0	0	0.57
69000	0.57	0.03	0.03	0	0	0.57
69100	0.57	0.04	0.04	0	0	0.57
69200	0.57	0.04	0.04	0	0	0.57
69300	0.57	0.03	0.03	0	0	0.57
69400	0.57	0.05	0.05	0	0	0.57
69500	0.57	0.05	0.05	0	0	0.57
69600	0.57	0.04	0.04	0	0	0.57
69700	0.57	0.02	0.02	0	0	0.57
69800	0.57	0.01	0.01	0	0	0.57
69900	0.57	0.01	0.01	0	0	0.57
70000	0.57	0	0	0	0	0.57
70100	0.57	0	0	0	0	0.57
70200	0.57	0	0	0	0	0.57
70300	0.57	0.01	0.01	0	0	0.57
70400	0.57	0.01	0.01	0	0	0.57
70500	0.57	0.03	0.03	0	0	0.57
70600	0.57	0.03	0.03	0	0	0.57
70700	0.57	0.03	0.03	0	0	0.57
70800	0.57	0.04	0.04	0	0	0.57
70900	0.57	0.03	0.03	0	0	0.57
71000	0.57	0.03	0.03	0	0	0.57
71100	0.57	0.01	0.01	0	0	0.57
71200	0.57	0.03	0.03	0	0	0.57
71300	0.57	0.03	0.03	0	0	0.57
71400	0.57	0.05	0.05	0	0	0.57
71500	0.57	0.03	0.03	0	0	0.57
71600	0.57	0.05	0.05	0	0	0.57
71700	0.57	0.02	0.02	0	0	0.57
71800	0.57	0.02	0.02	0	0	0.57
71900	0.57	0.03	0.03	0	0	0.57
72000	0.57	0.04	0.04	0	0	0.57
72100	0.57	0.02	0.02	0	0	0.57
72200	0.57	0.02	0.02	0	0	0.57
72300	0.57	0.04	0.04	0	0	0.57
72400	0.57	0.04	0.04	0	0	0.57
72500	0.57	0.01	0.01	0	0	0.57
72600	0.57	0.01	0.01	0	0	0.57
72700	0.57	0.03	0.03	0	0	0.57
72800	0.57	0.06	0.06	0	0	0.57
72900	0.57	0.07	0.07	0	0	0.57
73000	0.57	0.07	0.07	0	0	0.57
73100	0.57	0.06	0.06	0	0	0.57
73200	0.57	0.06	0.06	0	0	0.57
73300	0.57	0.03	0.03	0	0	0.57
73400	0.57	0.02	0.02	0	0	0.57
73500	0.57	0.02	0.02	0	0	0.57
73600	0.57	0.01	0.01	0	0	0.57
73700	0.57	0.01	0.01	0	0	0.57
73800	0.57	0.01	0.01	0	0	0.57
73900	0.57	0.02	0.02	0	0	0.57
74000	0.57	0.02	0.02	0	0	0.57
74100	0.57	0.01	0.01	0	0	0.57
74200	0.57	0.01	0.01	0	0	0.57
74300	0.57	0.02	0.02	0	0	0.57
74400	0.57	0.02	0.02	0	0	0.57
74500	0.57	0.02	0.02	0	0	0.57
74600	0.57	0.02	0.02	0	0	0.57
74700	0.58	0.01	0.01	0	0	0.58
74800	0.58	0.03	0.03	0	0	0.58
74900	0.58	0.03	0.03	0	0	0.58
75000	0.58	0.03	0.03	0	0	0.58
75100	0.58	0.03	0.03	0	0	0.58
75200	0.58	0.04	0.04	0	0	0.58
75300	0.58	0.04	0.04	0	0	0.58
75400	0.58	0.01	0.01	0	0	0.58
75500	0.58	0	0	0	0	0.58
75600	0.58	0	0	0	0	0.58
75700	0.58	0.01	0.01	0	0	0.58
75800	0.58	0.01	0.01	0	0	0.58
75900	0.58	0.01	0.01	0	0	0.58
76000	0.59	0.01	0.01	0	0	0.59
76100	0.59	0.02	0.02	0	0	0.59
76200	0.59	0.02	0.02	0	0	0.59
76300	0.58	0.01	0.01	0	0	0.58
76400	0.58	0.01	0.01	0	0	0.58
76500	0.58	0	0	0	0	0.58
76600	0.58	0	0	0	0	0.58
76700	0.58	0	0	0	0	0.58
76800	0.58	0.02	0.02	0	0	0.58
76900	0.58	0.02	0.02	0	0	0.58
77000	0.58	0.01	0.01	0	0	0.58
77100	0.58	0.01	0.01	0	0	0.58
77200	0.58	0.02	0.02	0	0	0.58
77300	0.58	0.03	0.03	0	0	0.58
77400	0.59	0.04	0.04	0	0	0.59
77500	0.58	0.05	0.05	0	0	0.58
77600	0.58	0.06	0.06	0	0	0.58
77700	0.58	0.03	0.03	0	0	0.58
77800	0.58	0.02	0.02	0	0	0.58
77900	0.58	0.01	0.01	0	0	0.58
78000	0.58	0	0	0	0	0.58
78100	0.58	0.01	0.01	0	0	0.58
78200	0.58	0.01	0.01	0	0	0.58
78300	0.58	0.02	0.02	0	0	0.58
78400	0.58	0.01	0.01	0	0	0.58
78500	0.58	0	0	0	0	0.58
78600	0.58	0	0	0	0	0.58
78700	0.58	0	0	0	0	0.58
78800	0.59	0	0	0	0	0.59
78900	0.59	0	0	0	0	0.59
79000	0.59	0.03	0.03	0	0	0.59
79100	0.59	0.02	0.02	0	0	0.59
79200	0.59	0.02	0.02	0	0	0.59
79300	0.59	0.01	0.01	0	0	0.59
79400	0.59	0.02	0.02	0	0	0.59
79500	0.59	0.02	0.02	0	0	0.59
79600	0.59	0.02	0.02	0	0	0.59
79700	0.59	0.02	0.02	0	0	0.59
79800	0.59	0.03	0.03	0	0	0.59
79900	0.59	0.02	0.02	0	0	0.59
80000	0.59	0.02	0.02	0	0	0.59
80100	0.59	0.03	0.03	0	0	0.59
80200	0.59	0.03	0.03	0	0	0.59
80300	0.59	0.03	0.03	0	0	0.59
80400	0.59	0.01	0.01	0	0	0.59
80500	0.59	0.01	0.01	0	0	0.59
80600	0.59	0.01	0.01	0	0	0.59
80700	0.59	0	0	0	0	0.59
80800	0.59	0.01	0.01	0	0	0.59
80900	0.59	0.02	0.02	0	0	0.59
81000	0.59	0.03	0.03	0	0	0.59
81100	0.59	0.04	0.04	0	0	0.59
81200	0.59	0.04	0.04	0	0	0.59
81300	0.59	0.03	0.03	0	0	0.59
81400	0.59	0.01	0.01	0	0	0.59
81500	0.59	0.01	0.01	0	0	0.59
81600	0.59	0.02	0.02	0	0	0.59
81700	0.59	0.02	0.02	0	0	0.59
81800	0.59	0.02	0.02	0	0	0.59
81900	0.59	0.04	0.04	0	0	0.59
82000	0.59	0.05	0.05	0	0	0.59
82100	0.59	0.03	0.03	0	0	0.59
82200	0.59	0.04	0.04	0	0	0.59
82300	0.59	0.05	0.05	0	0	0.59
82400	0.59	0.03	0.03	0	0	0.59
82500	0.59	0.04	0.04	0	0	0.59
82600	0.59	0.03	0.03	0	0	0.59
82700	0.59	0.06	0.06	0	0	0.59
82800	0.59	0.06	0.06	0	0	0.59
82900	0.59	0.05	0.05	0	0	0.59
83000	0.59	0.05	0.05	0	0	0.59
83100	0.59	0.02	0.02	0	0	0.59
83200	0.59	0	0	0	0	0.59
83300	0.59	0.01	0.01	0	0	0.59
83400	0.59	0.03	0.03	0	0	0.59
83500	0.59	0.03	0.03	0	0	0.59
83600	0.59	0.02	0.02	0	0	0.59
83700	0.59	0.01	0.01	0	0	0.59
83800	0.59	0.01	0.01	0	0	0.59
83900	0.58	0.01	0.01	0	0	0.58
84000	0.58	0.02	0.02	0	0	0.58
84100	0.58	0.03	0.03	0	0	0.58
84200	0.58	0.03	0.03	0	0	0.58
84300	0.58	0.03	0.03	0	0	0.58
84400	0.58	0.04	0.04	0	0	0.58
84500	0.58	0.04	0.04	0	0	0.58
84600	0.58	0.02	0.02	0	0	0.58
84700	0.58	0.04	0.04	0	0	0.58
84800	0.58	0.04	0.04	0	0	0.58
84900	0.58	0.03	0.03	0	0	0.58
85000	0.58	0.02	0.02	0	0	0.58
85100	0.58	0.02	0.02	0	0	0.58
85200	0.58	0.02	0.02	0	0	0.58
85300	0.58	0.01	0.01	0	0	0.58
85400	0.58	0.02	0.02	0	0	0.58
85500	0.58	0.02	0.02	0	0	0.58
85600	0.58	0.02	0.02	0	0	0.58
85700	0.58	0.01	0.01	0	0	0.58
85800	0.58	0.01	0.01	0	0	0.58
85900	0.58	0.01	0.01	0	0	0.58
86000	0.58	0.01	0.01	0	0	0.58
86100	0.58	0.02	0.02	0	0	0.58
86200	0.58	0.01	0.01	0	0	0.58
86300	0.58	0.03	0.03	0	0	0.58
86400	0.58	0.02	0.02	0	0	0.58
86500	0.58	0.01	0.01	0	0	0.58
86600	0.58	0.01	0.01	0	0	0.58
86700	0.58	0.02	0.02	0	0	0.58
86800	0.58	0.02	0.02	0	0	0.58
86900	0.58	0.02	0.02	0	0	0.58
87000	0.58	0.02	0.02	0	0	0.58
87100	0.58	0.02	0.02	0	0	0.58
87200	0.58	0.02	0.02	0	0	0.58
87300	0.58	0.02	0.02	0	0	0.58
87400	0.58	0.01	0.01	0	0	0.58
87500	0.58	0.03	0.03	0	0	0.58
87600	0.58	0.03	0.03	0	0	0.58
87700	0.58	0.03	0.03	0	0	0.58
87800	0.58	0.03	0.03	0	0	0.58
87900	0.58	0.02	0.02	0	0	0.58
88000	0.58	0.01	0.01	0	0	0.58
88100	0.58	0.01	0.01	0	0	0.58
88200	0.58	0.02	0.02	0	0	0.58
88300	0.58	0.03	0.03	0	0	0.58
88400	0.58	0.04	0.04	0	0	0.58
88500	0.58	0.04	0.04	0	0	0.58
88600	0.58	0.04	0.04	0	0	0.58
88700	0.58	0.03	0.03	0	0	0.58
88800	0.58	0.03	0.03	0	0	0.58
88900	0.58	0.01	0.01	0	0	0.58
89000	0.58	0	0	0	0	0.58
89100	0.58	0	0	0	0	0.58
89200	0.58	0	0	0	0	0.58
89300	0.58	0.01	0.01	0	0	0.58
89400	0.58	0.01	0.01	0	0	0.58
89500	0.58	0.01	0.01	0	0	0.58
89600	0.58	0.01	0.01	0	0	0.58
89700	0.58	0.03	0.03	0	0	0.58
89800	0.58	0.03	0.03	0	0	0.58
89900	0.58	0.04	0.04	0	0	0.58
90000	0.58	0.04	0.04	0	0	0.58
90100	0.58	0.01	0.01	0	0	0.58
90200	0.58	0.01	0.01	0	0	0.58
90300	0.58	0.02	0.02	0	0	0.58
90400	0.58	0.01	0.01	0	0	0.58
90500	0.58	0.01	0.01	0	0	0.58
90600	0.58	0.01	0.01	0	0	0.58
90700	0.59	0	0	0	0	0.59
90800	0.59	0.01	0.01	0	0	0.59
90900	0.59	0.02	0.02	0	0	0.59
91000	0.59	0.02	0.02	0	0	0.59
91100	0.59	0.03	0.03	0	0	0.59
91200	0.59	0.04	0.04	0	0	0.59
91300	0.59	0.05	0.05	0	0	0.59
91400	0.59	0.03	0.03	0	0	0.59
91500	0.59	0.02	0.02	0	0	0.59
91600	0.59	0.02	0.02	0	0	0.59
91700	0.59	0.01	0.01	0	0	0.59
91800	0.59	0.01	0.01	0	0	0.59
91900	0.59	0.01	0.01	0	0	0.59
92000	0.59	0.02	0.02	0	0	0.59
92100	0.59	0	0	0	0	0.59
92200	0.59	0	0	0	0	0.59
92300	0.59	0	0	0	0	0.59
92400	0.59	0	0	0	0	0.59
92500	0.59	0.01	0.01	0	0	0.59
92600	0.59	0.02	0.02	0	0	0.59
92700	0.59	0.04	0.04	0	0	0.59
92800	0.59	0.04	0.04	0	0	0.59
92900	0.59	0.03	0.03	0	0	0.59
93000	0.59	0.02	0.02	0	0	0.59
93100	0.59	0.02	0.02	0	0	0.59
93200	0.59	0.01	0.01	0	0	0.59
93300	0.59	0	0	0	0	0.59
93400	0.59	0.01	0.01	0	0	0.59
93500	0.59	0.02	0.02	0	0	0.59
93600	0.59	0.04	0.04	0	0	0.59
93700	0.59	0.04	0.04	0	0	0.59
93800	0.6	0.03	0.03	0	0	0.6
93900	0.6	0.03	0.03	0	0	0.6
94000	0.6	0.01	0.01	0	0	0.6
94100	0.59	0.01	0.01	0	0	0.59
94200	0.59	0.03	0.03	0	0	0.59
94300	0.59	0.01	0.01	0	0	0.59
94400	0.59	0.01	0.01	0	0	0.59
94500	0.59	0.01	0.01	0	0	0.59
94600	0.59	0.01	0.01	0	0	0.59
94700	0.59	0.02	0.02	0	0	0.59
94800	0.59	0.03	0.03	0	0	0.59
94900	0.59	0.03	0.03	0	0	0.59
95000	0.59	0.04	0.04	0	0	0.59
95100	0.59	0.01	0.01	0	0	0.59
95200	0.59	0	0	0	0	0.59
95300	0.59	0.01	0.01	0	0	0.59
95400	0.59	0.01	0.01	0	0	0.59
95500	0.59	0.01	0.01	0	0	0.59
95600	0.59	0.01	0.01	0	0	0.59
95700	0.59	0.01	0.01	0	0	0.59
95800	0.59	0.01	0.01	0	0	0.59
95900	0.59	0.02	0.02	0	0	0.59
96000	0.59	0.02	0.02	0	0	0.59
96100	0.59	0.03	0.03	0	0	0.59
96200	0.59	0.03	0.03	0	0	0.59
96300	0.59	0.02	0.02	0	0	0.59
96400	0.59	0.02	0.02	0	0	0.59
96500	0.59	0.03	0.03	0	0	0.59
96600	0.59	0.03	0.03	0	0	0.59
96700	0.59	0.04	0.04	0	0	0.59
96800	0.6	0.04	0.04	0	0	0.6
96900	0.6	0.03	0.03	0	0	0.6
97000	0.6	0.03	0.03	0	0	0.6
97100	0.6	0.04	0.04	0	0	0.6
97200	0.6	0.02	0.02	0	0	0.6
97300	0.6	0.01	0.01	0	0	0.6
97400	0.6	0	0	0	0	0.6
97500	0.6	0.01	0.01	0	0	0.6
97600	0.6	0.01	0.01	0	0	0.6
97700	0.6	0.01	0.01	0	0	0.6
97800	0.6	0.02	0.02	0	0	0.6
97900	0.6	0.01	0.01	0	0	0.6
98000	0.6	0.01	0.01	0	0	0.6
98100	0.6	0.01	0.01	0	0	0.6
98200	0.6	0.01	0.01	0	0	0.6
98300	0.6	0	0	0	0	0.6
98400	0.6	0.01	0.01	0	0	0.6
98500	0.6	0.03	0.03	0	0	0.6
98600	0.6	0.03	0.03	0	0	0.6
98700	0.6	0.03	0.03	0	0	0.6
98800	0.6	0.03	0.03	0	0	0.6
98900	0.6	0.03	0.03	0	0	0.6
99000	0.6	0.02	0.02	0	0	0.6
99100	0.6	0.02	0.02	0	0	0.6
99200	0.6	0.01	0.01	0	0	0.6
99300	0.6	0.01	0.01	0	0	0.6
99400	0.59	0.01	0.01	0	0	0.59
99500	0.59	0.03	0.03	0	0	0.59
99600	0.59	0.04	0.04	0	0	0.59
99700	0.59	0.02	0.02	0	0	0.59
99800	0.59	0.03	0.03	0	0	0.59
99900	0.59	0.03	0.03	0	0	0.59
100000	0.59	0.02	0.02	0	0	0.59
100100	0.59	0.02	0.02	0	0	0.59
100200	0.59	0.03	0.03	0	0	0.59
100300	0.59	0.05	0.05	0	0	0.59
100400	0.59	0.04	0.04	0	0	0.59
100500	0.59	0.04	0.04	0	0	0.59
100600	0.59	0.02	0.02	0	0	0.59
100700	0.59	0.02	0.02	0	0	0.59
100800	0.59	0.03	0.03	0	0	0.59
100900	0.59	0.03	0.03	0	0	0.59
101000	0.59	0.04	0.04	0	0	0.59
101100	0.59	0.04	0.04	0	0	0.59
101200	0.59	0.02	0.02	0	0	0.59
101300	0.59	0	0	0	0	0.59
101400	0.59	0	0	0	0	0.59
101500	0.59	0	0	0	0	0.59
101600	0.59	0	0	0	0	0.59
101700	0.6	0.02	0.02	0	0	0.6
101800	0.6	0.02	0.02	0	0	0.6
101900	0.6	0.02	0.02	0	0	0.6
102000	0.6	0.03	0.03	0	0	0.6
102100	0.6	0.01	0.01	0	0	0.6
102200	0.6	0.01	0.01	0	0	0.6
102300	0.6	0.01	0.01	0	0	0.6
102400	0.6	0.02	0.02	0	0	0.6
102500	0.6	0.02	0.02	0	0	0.6
102600	0.6	0.03	0.03	0	0	0.6
102700	0.6	0.03	0.03	0	0	0.6
102800	0.6	0.03	0.03	0	0	0.6
102900	0.6	0.03	0.03	0	0	0.6
103000	0.6	0.03	0.03	0	0	0.6
103100	0.6	0.04	0.04	0	0	0.6
103200	0.6	0.05	0.05	0	0	0.6
103300	0.6	0.02	0.02	0	0	0.6
103400	0.6	0.02	0.02	0	0	0.6
103500	0.6	0.02	0.02	0	0	0.6
103600	0.6	0.03	0.03	0	0	0.6
103700	0.6	0.02	0.02	0	0	0.6
103800	0.6	0.03	0.03	0	0	0.6
103900	0.6	0.03	0.03	0	0	0.6
104000	0.6	0.02	0.02	0	0	0.6
104100	0.6	0.03	0.03	0	0	0.6
104200	0.6	0.04	0.04	0	0	0.6
104300	0.6	0.02	0.02	0	0	0.6
104400	0.6	0.02	0.02	0	0	0.6
104500	0.6	0.03	0.03	0	0	0.6
104600	0.6	0.02	0.02	0	0	0.6
104700	0.6	0.01	0.01	0	0	0.6
104800	0.6	0.01	0.01	0	0	0.6
104900	0.6	0.02	0.02	0	0	0.6
105000	0.6	0.03	0.03	0	0	0.6
105100	0.6	0.03	0.03	0	0	0.6
105200	0.6	0.03	0.03	0	0	0.6
105300	0.6	0.02	0.02	0	0	0.6
105400	0.6	0.02	0.02	0	0	0.6
105500	0.6	0.01	0.01	0	0	0.6
105600	0.6	0	0	0	0	0.6
105700	0.6	0.01	0.01	0	0	0.6
105800	0.6	0.02	0.02	0	0	0.6
105900	0.6	0.01	0.01	0	0	0.6
106000	0.6	0.02	0.02	0	0	0.6
106100	0.6	0.02	0.02	0	0	0.6
106200	0.6	0.02	0.02	0	0	0.6
106300	0.6	0.01	0.01	0	0	0.6
106400	0.6	0.01	0.01	0	0	0.6
106500	0.6	0.01	0.01	0	0	0.6
106600	0.6	0.02	0.02	0	0	0.6
106700	0.6	0.03	0.03	0	0	0.6
106800	0.6	0.05	0.05	0	0	0.6
106900	0.6	0.04	0.04	0	0	0.6
107000	0.6	0.03	0.03	0	0	0.6
107100	0.6	0.01	0.01	0	0	0.6
107200	0.6	0.02	0.02	0	0	0.6
107300	0.6	0.02	0.02	0	0	0.6
107400	0.6	0.04	0.04	0	0	0.6
107500	0.6	0.04	0.04	0	0	0.6
107600	0.6	0.02	0.02	0	0	0.6
107700	0.6	0.02	0.02	0	0	0.6
107800	0.6	0.02	0.02	0	0	0.6
107900	0.6	0.02	0.02	0	0	0.6
108000	0.6	0.02	0.02	0	0	0.6
108100	0.6	0.02	0.02	0	0	0.6
108200	0.6	0.02	0.02	0	0	0.6
108300	0.6	0.01	0.01	0	0	0.6
108400	0.6	0.01	0.01	0	0	0.6
108500	0.6	0.02	0.02	0	0	0.6
108600	0.6	0.02	0.02	0	0	0.6
108700	0.6	0.02	0.02	0	0	0.6
108800	0.6	0.02	0.02	0	0	0.6
108900	0.6	0.02	0.02	0	0	0.6
109000	0.6	0	0	0	0	0.6
109100	0.6	0.01	0.01	0	0	0.6
109200	0.6	0.01	0.01	0	0	0.6
109300	0.6	0.01	0.01	0	0	0.6
109400	0.6	0.01	0.01	0	0	0.6
109500	0.6	0	0	0	0	0.6
109600	0.6	0	0	0	0	0.6
109700	0.6	0	0	0	0	0.6
109800	0.6	0	0	0	0	0.6
109900	0.6	0.01	0.01	0	0	0.6
110000	0.6	0.01	0.01	0	0	0.6
110100	0.6	0.01	0.01	0	0	0.6
110200	0.6	0.01	0.01	0	0	0.6
110300	0.6	0.01	0.01	0	0	0.6
110400	0.6	0.01	0.01	0	0	0.6
110500	0.6	0.01	0.01	0	0	0.6
110600	0.6	0.03	0.03	0	0	0.6
110700	0.6	0.02	0.02	0	0	0.6
110800	0.6	0.04	0.04	0	0	0.6
110900	0.6	0.03	0.03	0	0	0.6
111000	0.6	0.04	0.04	0	0	0.6
111100	0.6	0.04	0.04	0	0	0.6
111200	0.6	0.04	0.04	0	0	0.6
111300	0.6	0.03	0.03	0	0	0.6
111400	0.6	0.02	0.02	0	0	0.6
111500	0.6	0.02	0.02	0	0	0.6
111600	0.6	0.02	0.02	0	0	0.6
111700	0.6	0.02	0.02	0	0	0.6
111800	0.6	0.04	0.04	0	0	0.6
111900	0.6	0.04	0.04	0	0	0.6
112000	0.6	0.03	0.03	0	0	0.6
112100	0.6	0.03	0.03	0	0	0.6
112200	0.6	0.01	0.01	0	0	0.6
112300	0.6	0.02	0.02	0	0	0.6
112400	0.6	0.02	0.02	0	0	0.6
112500	0.6	0.01	0.01	0	0	0.6
112600	0.6	0.01	0.01	0	0	0.6
112700	0.6	0.01	0.01	0	0	0.6
112800	0.6	0	0	0	0	0.6
112900	0.6	0	0	0	0	0.6
113000	0.6	0	0	0	0	0.6
113100	0.6	0	0	0	0	0.6
113200	0.6	0.02	0.02	0	0	0.6
113300	0.6	0.05	0.05	0	0	0.6
113400	0.6	0.05	0.05	0	0	0.6
113500	0.6	0.04	0.04	0	0	0.6
113600	0.6	0.04	0.04	0	0	0.6
113700	0.6	0.02	0.02	0	0	0.6
113800	0.6	0.03	0.03	0	0	0.6
113900	0.6	0.01	0.01	0	0	0.6
114000	0.6	0.01	0.01	0	0	0.6
114100	0.6	0.01	0.01	0	0	0.6
114200	0.6	0.01	0.01	0	0	0.6
114300	0.6	0.01	0.01	0	0	0.6
114400	0.6	0.03	0.03	0	0	0.6
114500	0.6	0.03	0.03	0	0	0.6
114600	0.6	0.03	0.03	0	0	0.6
114700	0.6	0.01	0.01	0	0	0.6
114800	0.6	0.01	0.01	0	0	0.6
114900	0.6	0	0	0	0	0.6
115000	0.6	0.01	0.01	0	0	0.6
115100	0.6	0.01	0.01	0	0	0.6
115200	0.6	0.03	0.03	0	0	0.6
115300	0.6	0.03	0.03	0	0	0.6
115400	0.6	0.03	0.03	0	0	0.6
115500	0.6	0.02	0.02	0	0	0.6
115600	0.6	0.01	0.01	0	0	0.6
115700	0.6	0.01	0.01	0	0	0.6
115800	0.6	0	0	0	0	0.6
115900	0.6	0.01	0.01	0	0	0.6
116000	0.6	0.05	0.05	0	0	0.6
116100	0.6	0.05	0.05	0	0	0.6
116200	0.6	0.04	0.04	0	0	0.6
116300	0.6	0.05	0.05	0	0	0.6
116400	0.6	0.04	0.04	0	0	0.6
116500	0.6	0.03	0.03	0	0	0.6
116600	0.6	0.01	0.01	0	0	0.6
116700	0.6	0.01	0.01	0	0	0.6
116800	0.6	0.01	0.01	0	0	0.6
116900	0.6	0	0	0	0	0.6
117000	0.6	0	0	0	0	0.6
117100	0.6	0	0	0	0	0.6
117200	0.6	0	0	0	0	0.6
117300	0.6	0.01	0.01	0	0	0.6
117400	0.6	0.03	0.03	0	0	0.6
117500	0.6	0.04	0.04	0	0	0.6
117600	0.6	0.03	0.03	0	0	0.6
117700	0.6	0.04	0.04	0	0	0.6
117800	0.6	0.03	0.03	0	0	0.6
117900	0.6	0.03	0.03	0	0	0.6
118000	0.6	0.02	0.02	0	0	0.6
118100	0.6	0.04	0.04	0	0	0.6
118200	0.6	0.05	0.05	0	0	0.6
118300	0.6	0.05	0.05	0	0	0.6
118400	0.6	0.05	0.05	0	0	0.6
118500	0.6	0.03	0.03	0	0	0.6
118600	0.6	0.01	0.01	0	0	0.6
118700	0.6	0	0	0	0	0.6
118800	0.6	0	0	0	0	0.6
118900	0.6	0	0	0	0	0.6
119000	0.6	0	0	0	0	0.6
119100	0.6	0	0	0	0	0.6
119200	0.6	0	0	0	0	0.6
119300	0.6	0	0	0	0	0.6
119400	0.6	0.01	0.01	0	0	0.6
119500	0.6	0.01	0.01	0	0	0.6
119600	0.6	0.03	0.03	0	0	0.6
119700	0.6	0.04	0.04	0	0	0.6
119800	0.6	0.04	0.04	0	0	0.6
119900	0.6	0.03	0.03	0	0	0.6
120000	0.6	0.04	0.04	0	0	0.6
120100	0.6	0.04	0.04	0	0	0.6
120200	0.6	0.02	0.02	0	0	0.6
120300	0.6	0	0	0	0	0.6
120400	0.6	0	0	0	0	0.6
120500	0.6	0.01	0.01	0	0	0.6
120600	0.6	0.04	0.04	0	0	0.6
120700	0.6	0.03	0.03	0	0	0.6
120800	0.6	0.05	0.05	0	0	0.6
120900	0.6	0.06	0.06	0	0	0.6
121000	0.6	0.05	0.05	0	0	0.6
121100	0.6	0.04	0.04	0	0	0.6
121200	0.6	0.03	0.03	0	0	0.6
121300	0.6	0.03	0.03	0	0	0.6
121400	0.6	0.05	0.05	0	0	0.6
121500	0.6	0.03	0.03	0	0	0.6
121600	0.6	0.01	0.01	0	0	0.6
121700	0.6	0.01	0.01	0	0	0.6
121800	0.6	0.01	0.01	0	0	0.6
121900	0.6	0.02	0.02	0	0	0.6
122000	0.6	0.04	0.04	0	0	0.6
122100	0.6	0.05	0.05	0	0	0.6
122200	0.6	0.05	0.05	0	0	0.6
122300	0.6	0.06	0.06	0	0	0.6
122400	0.6	0.06	0.06	0	0	0.6
122500	0.6	0.04	0.04	0	0	0.6
122600	0.6	0.03	0.03	0	0	0.6
122700	0.6	0.02	0.02	0	0	0.6
122800	0.6	0.02	0.02	0	0	0.6
122900	0.6	0.01	0.01	0	0	0.6
123000	0.6	0.01	0.01	0	0	0.6
123100	0.6	0.02	0.02	0	0	0.6
123200	0.6	0.03	0.03	0	0	0.6
123300	0.6	0.03	0.03	0	0	0.6
123400	0.6	0.03	0.03	0	0	0.6
123500	0.6	0.04	0.04	0	0	0.6
123600	0.6	0.04	0.04	0	0	0.6
123700	0.6	0.03	0.03	0	0	0.6
123800	0.6	0.02	0.02	0	0	0.6
123900	0.6	0.02	0.02	0	0	0.6
124000	0.6	0.02	0.02	0	0	0.6
124100	0.6	0.02	0.02	0	0	0.6
124200	0.6	0.01	0.01	0	0	0.6
124300	0.6	0.01	0.01	0	0	0.6
124400	0.6	0	0	0	0	0.6
124500	0.6	0	0	0	0	0.6
124600	0.6	0.01	0.01	0	0	0.6
124700	0.6	0.02	0.02	0	0	0.6
124800	0.6	0.03	0.03	0	0	0.6
124900	0.6	0.03	0.03	0	0	0.6
125000	0.6	0.04	0.04	0	0	0.6
125100	0.6	0.03	0.03	0	0	0.6
125200	0.6	0.04	0.04	0	0	0.6
125300	0.6	0.04	0.04	0	0	0.6
125400	0.6	0.04	0.04	0	0	0.6
125500	0.6	0.03	0.03	0	0	0.6
125600	0.6	0.01	0.01	0	0	0.6
125700	0.6	0.01	0.01	0	0	0.6
125800	0.6	0.02	0.02	0	0	0.6
125900	0.6	0.01	0.01	0	0	0.6
126000	0.6	0.01	0.01	0	0	0.6
126100	0.6	0.01	0.01	0	0	0.6
126200	0.6	0.01	0.01	0	0	0.6
126300	0.6	0.02	0.02	0	0	0.6
126400	0.6	0.02	0.02	0	0	0.6
126500	0.6	0.03	0.03	0	0	0.6
126600	0.6	0.05	0.05	0	0	0.6
126700	0.6	0.04	0.04	0	0	0.6
126800	0.6	0.04	0.04	0	0	0.6
126900	0.6	0.04	0.04	0	0	0.6
127000	0.6	0.04	0.04	0	0	0.6
127100	0.6	0.03	0.03	0	0	0.6
127200	0.6	0.03	0.03	0	0	0.6
127300	0.6	0.01	0.01	0	0	0.6
127400	0.6	0.02	0.02	0	0	0.6
127500	0.6	0.01	0.01	0	0	0.6
127600	0.6	0.01	0.01	0	0	0.6
127700	0.6	0.01	0.01	0	0	0.6
127800	0.6	0.01	0.01	0	0	0.6
127900	0.6	0	0	0	0	0.6
128000	0.6	0	0	0	0	0.6
128100	0.6	0.01	0.01	0	0	0.6
128200	0.6	0.02	0.02	0	0	0.6
128300	0.6	0.02	0.02	0	0	0.6
128400	0.6	0.02	0.02	0	0	0.6
128500	0.6	0.03	0.03	0	0	0.6
128600	0.6	0.03	0.03	0	0	0.6
128700	0.6	0.03	0.03	0	0	0.6
128800	0.6	0.03	0.03	0	0	0.6
128900	0.6	0	0	0	0	0.6
129000	0.6	0	0	0	0	0.6
129100	0.6	0	0	0	0	0.6
129200	0.6	0	0	0	0	0.6
129300	0.6	0	0	0	0	0.6
129400	0.6	0	0	0	0	0.6
129500	0.6	0	0	0	0	0.6
129600	0.6	0.01	0.01	0	0	0.6
129700	0.6	0.01	0.01	0	0	0.6
129800	0.6	0.01	0.01	0	0	0.6
129900	0.6	0.02	0.02	0	0	0.6
130000	0.6	0.01	0.01	0	0	0.6
130100	0.6	0.01	0.01	0	0	0.6
130200	0.6	0.01	0.01	0	0	0.6
130300	0.6	0	0	0	0	0.6
130400	0.6	0	0	0	0	0.6
130500	0.6	0	0	0	0	0.6
130600	0.6	0.01	0.01	0	0	0.6
130700	0.6	0.03	0.03	0	0	0.6
130800	0.6	0.03	0.03	0	0	0.6
130900	0.6	0.04	0.04	0	0	0.6
131000	0.6	0.05	0.05	0	0	0.6
131100	0.6	0.05	0.05	0	0	0.6
131200	0.6	0.05	0.05	0	0	0.6
131300	0.6	0.02	0.02	0	0	0.6
131400	0.6	0.01	0.01	0	0	0.6
131500	0.6	0.01	0.01	0	0	0.6
131600	0.6	0.01	0.01	0	0	0.6
131700	0.6	0	0	0	0	0.6
131800	0.6	0	0	0	0	0.6
131900	0.6	0	0	0	0	0.6
132000	0.6	0.02	0.02	0	0	0.6
132100	0.6	0	0	0	0	0.6
132200	0.6	0	0	0	0	0.6
132300	0.6	0	0	0	0	0.6
132400	0.6	0	0	0	0	0.6
132500	0.6	0	0	0	0	0.6
132600	0.6	0	0	0	0	0.6
132700	0.6	0.01	0.01	0	0	0.6
132800	0.6	0.03	0.03	0	0	0.6
132900	0.6	0.03	0.03	0	0	0.6
133000	0.6	0.04	0.04	0	0	0.6
133100	0.6	0.06	0.06	0	0	0.6
133200	0.6	0.09	0.09	0	0	0.6
133300	0.6	0.08	0.08	0	0	0.6
133400	0.6	0.07	0.07	0	0	0.6
133500	0.6	0.03	0.03	0	0	0.6
133600	0.6	0.02	0.02	0	0	0.6
133700	0.6	0.01	0.01	0	0	0.6
133800	0.6	0	0	0	0	0.6
133900	0.6	0.01	0.01	0	0	0.6
134000	0.6	0.02	0.02	0	0	0.6
134100	0.6	0.01	0.01	0	0	0.6
134200	0.6	0.01	0.01	0	0	0.6
134300	0.6	0.02	0.02	0	0	0.6
134400	0.6	0.04	0.04	0	0	0.6
134500	0.6	0.05	0.05	0	0	0.6
134600	0.6	0.05	0.05	0	0	0.6
134700	0.6	0.04	0.04	0	0	0.6
134800	0.6	0.01	0.01	0	0	0.6
134900	0.6	0.02	0.02	0	0	0.6
135000	0.6	0.01	0.01	0	0	0.6
135100	0.6	0.03	0.03	0	0	0.6
135200	0.6	0.01	0.01	0	0	0.6
135300	0.6	0.02	0.02	0	0	0.6
135400	0.6	0.02	0.02	0	0	0.6
135500	0.6	0.03	0.03	0	0	0.6
135600	0.6	0.03	0.03	0	0	0.6
135700	0.6	0.01	0.01	0	0	0.6
135800	0.6	0.02	0.02	0	0	0.6
135900	0.6	0.02	0.02	0	0	0.6
136000	0.6	0.01	0.01	0	0	0.6
136100	0.6	0.01	0.01	0	0	0.6
136200	0.6	0.01	0.01	0	0	0.6
136300	0.6	0	0	0	0	0.6
136400	0.6	0.01	0.01	0	0	0.6
136500	0.6	0.01	0.01	0	0	0.6
136600	0.6	0.01	0.01	0	0	0.6
136700	0.6	0.02	0.02	0	0	0.6
136800	0.6	0.02	0.02	0	0	0.6
136900	0.6	0.01	0.01	0	0	0.6
137000	0.6	0.02	0.02	0	0	0.6
137100	0.6	0.02	0.02	0	0	0.6
137200	0.6	0.02	0.02	0	0	0.6
137300	0.6	0.02	0.02	0	0	0.6
137400	0.6	0.03	0.03	0	0	0.6
137500	0.6	0.03	0.03	0	0	0.6
137600	0.6	0	0	0	0	0.6
137700	0.6	0	0	0	0	0.6
137800	0.6	0	0	0	0	0.6
137900	0.6	0	0	0	0	0.6
138000	0.6	0	0	0	0	0.6
138100	0.6	0.01	0.01	0	0	0.6
138200	0.6	0.01	0.01	0	0	0.6
138300	0.6	0.02	0.02	0	0	0.6
138400	0.6	0.03	0.03	0	0	0.6
138500	0.6	0.04	0.04	0	0	0.6
138600	0.6	0.03	0.03	0	0	0.6
138700	0.6	0.02	0.02	0	0	0.6
138800	0.6	0.03	0.03	0	0	0.6
138900	0.6	0.03	0.03	0	0	0.6
139000	0.6	0.02	0.02	0	0	0.6
139100	0.6	0.02	0.02	0	0	0.6
139200	0.6	0.03	0.03	0	0	0.6
139300	0.6	0.04	0.04	0	0	0.6
139400	0.6	0.04	0.04	0	0	0.6
139500	0.6	0.04	0.04	0	0	0.6
139600	0.6	0.02	0.02	0	0	0.6
139700	0.6	0.03	0.03	0	0	0.6
139800	0.6	0.02	0.02	0	0	0.6
139900	0.6	0.01	0.01	0	0	0.6
140000	0.6	0.01	0.01	0	0	0.6
140100	0.6	0.01	0.01	0	0	0.6
140200	0.6	0.01	0.01	0	0	0.6
140300	0.6	0.01	0.01	0	0	0.6
140400	0.6	0.01	0.01	0	0	0.6
140500	0.59	0.01	0.01	0	0	0.59
140600	0.59	0.01	0.01	0	0	0.59
140700	0.59	0.01	0.01	0	0	0.59
140800	0.59	0.02	0.02	0	0	0.59
140900	0.59	0.02	0.02	0	0	0.59
141000	0.59	0.01	0.01	0	0	0.59
141100	0.59	0	0	0	0	0.59
141200	0.59	0	0	0	0	0.59
141300	0.59	0	0	0	0	0.59
141400	0.59	0	0	0	0	0.59
141500	0.59	0	0	0	0	0.59
141600	0.59	0.02	0.02	0	0	0.59
141700	0.59	0.02	0.02	0	0	0.59
141800	0.59	0.04	0.04	0	0	0.59
141900	0.59	0.04	0.04	0	0	0.59
142000	0.59	0.03	0.03	0	0	0.59
142100	0.59	0.02	0.02	0	0	0.59
142200	0.59	0.02	0.02	0	0	0.59
142300	0.59	0.03	0.03	0	0	0.59
142400	0.59	0.02	0.02	0	0	0.59
142500	0.59	0.01	0.01	0	0	0.59
142600	0.59	0.01	0.01	0	0	0.59
142700	0.59	0.02	0.02	0	0	0.59
142800	0.59	0.02	0.02	0	0	0.59
142900	0.59	0.02	0.02	0	0	0.59
143000	0.59	0.03	0.03	0	0	0.59
143100	0.59	0.04	0.04	0	0	0.59
143200	0.59	0.05	0.05	0	0	0.59
143300	0.59	0.07	0.07	0	0	0.59
143400	0.59	0.05	0.05	0	0	0.59
143500	0.59	0.03	0.03	0	0	0.59
143600	0.59	0.02	0.02	0	0	0.59
143700	0.59	0.02	0.02	0	0	0.59
143800	0.59	0.02	0.02	0	0	0.59
143900	0.59	0.02	0.02	0	0	0.59
144000	0.59	0.02	0.02	0	0	0.59
144100	0.59	0.03	0.03	0	0	0.59
144200	0.59	0.02	0.02	0	0	0.59
144300	0.59	0.02	0.02	0	0	0.59
144400	0.59	0.02	0.02	0	0	0.59
144500	0.59	0.02	0.02	0	0	0.59
144600	0.59	0.01	0.01	0	0	0.59
144700	0.59	0.01	0.01	0	0	0.59
144800	0.59	0.02	0.02	0	0	0.59
144900	0.59	0.02	0.02	0	0	0.59
145000	0.59	0.02	0.02	0	0	0.59
145100	0.59	0.03	0.03	0	0	0.59
145200	0.59	0.04	0.04	0	0	0.59
145300	0.59	0.04	0.04	0	0	0.59
145400	0.59	0.03	0.03	0	0	0.59
145500	0.59	0.05	0.05	0	0	0.59
145600	0.59	0.04	0.04	0	0	0.59
145700	0.59	0.03	0.03	0	0	0.59
145800	0.59	0.03	0.03	0	0	0.59
145900	0.59	0.03	0.03	0	0	0.59
146000	0.59	0.02	0.02	0	0	0.59
146100	0.59	0.03	0.03	0	0	0.59
146200	0.59	0.03	0.03	0	0	0.59
146300	0.59	0.02	0.02	0	0	0.59
146400	0.59	0.03	0.03	0	0	0.59
146500	0.59	0.04	0.04	0	0	0.59
146600	0.6	0.02	0.02	0	0	0.6
146700	0.6	0.02	0.02	0	0	0.6
146800	0.59	0.01	0.01	0	0	0.59
146900	0.59	0.03	0.03	0	0	0.59
147000	0.59	0.03	0.03	0	0	0.59
147100	0.59	0.02	0.02	0	0	0.59
147200	0.59	0.02	0.02	0	0	0.59
147300	0.59	0.01	0.01	0	0	0.59
147400	0.59	0.02	0.02	0	0	0.59
147500	0.59	0.01	0.01	0	0	0.59
147600	0.59	0.01	0.01	0	0	0.59
147700	0.59	0.01	0.01	0	0	0.59
147800	0.59	0.01	0.01	0	0	0.59
147900	0.59	0	0	0	0	0.59
148000	0.59	0.01	0.01	0	0	0.59
148100	0.59	0.01	0.01	0	0	0.59
148200	0.59	0.01	0.01	0	0	0.59
148300	0.59	0.03	0.03	0	0	0.59
148400	0.59	0.03	0.03	0	0	0.59
148500	0.59	0.03	0.03	0	0	0.59
148600	0.59	0.01	0.01	0	0	0.59
148700	0.59	0.03	0.03	0	0	0.59
148800	0.59	0.04	0.04	0	0	0.59
148900	0.59	0.03	0.03	0	0	0.59
149000	0.59	0.04	0.04	0	0	0.59
149100	0.59	0.04	0.04	0	0	0.59
149200	0.59	0.03	0.03	0	0	0.59
149300	0.59	0.02	0.02	0	0	0.59
149400	0.59	0.04	0.04	0	0	0.59
149500	0.59	0.04	0.04	0	0	0.59
149600	0.59	0.05	0.05	0	0	0.59
149700	0.59	0.05	0.05	0	0	0.59
149800	0.59	0.05	0.05	0	0	0.59
149900	0.59	0.01	0.01	0	0	0.59
150000	0.59	0.01	0.01	0	0	0.59
150100	0.59	0.02	0.02	0	0	0.59
150200	0.59	0.02	0.02	0	0	0.59
150300	0.59	0.02	0.02	0	0	0.59
150400	0.59	0.02	0.02	0	0	0.59
150500	0.59	0.01	0.01	0	0	0.59
150600	0.59	0.01	0.01	0	0	0.59
150700	0.59	0.01	0.01	0	0	0.59
150800	0.59	0.04	0.04	0	0	0.59
150900	0.59	0.03	0.03	0	0	0.59
151000	0.59	0.04	0.04	0	0	0.59
151100	0.59	0.04	0.04	0	0	0.59
151200	0.59	0.05	0.05	0	0	0.59
151300	0.59	0.06	0.06	0	0	0.59
151400	0.59	0.04	0.04	0	0	0.59
151500	0.59	0.02	0.02	0	0	0.59
151600	0.59	0.03	0.03	0	0	0.59
151700	0.59	0.03	0.03	0	0	0.59
151800	0.59	0.03	0.03	0	0	0.59
151900	0.59	0.02	0.02	0	0	0.59
152000	0.59	0.01	0.01	0	0	0.59
152100	0.59	0.02	0.02	0	0	0.59
152200	0.59	0.02	0.02	0	0	0.59
152300	0.59	0.02	0.02	0	0	0.59
152400	0.59	0.02	0.02	0	0	0.59
152500	0.59	0.02	0.02	0	0	0.59
152600	0.59	0.03	0.03	0	0	0.59
152700	0.59	0.02	0.02	0	0	0.59
152800	0.59	0.02	0.02	0	0	0.59
152900	0.58	0.01	0.01	0	0	0.58
153000	0.58	0.01	0.01	0	0	0.58
153100	0.58	0.01	0.01	0	0	0.58
153200	0.58	0	0	0	0	0.58
153300	0.58	0.01	0.01	0	0	0.58
153400	0.58	0.02	0.02	0	0	0.58
153500	0.58	0.03	0.03	0	0	0.58
153600	0.58	0.04	0.04	0	0	0.58
153700	0.58	0.03	0.03	0	0	0.58
153800	0.58	0.01	0.01	0	0	0.58
153900	0.58	0.01	0.01	0	0	0.58
154000	0.58	0.03	0.03	0	0	0.58
154100	0.58	0.03	0.03	0	0	0.58
154200	0.58	0.03	0.03	0	0	0.58
154300	0.58	0.05	0.05	0	0	0.58
154400	0.58	0.05	0.05	0	0	0.58
154500	0.58	0.02	0.02	0	0	0.58
154600	0.58	0.02	0.02	0	0	0.58
154700	0.58	0.03	0.03	0	0	0.58
154800	0.58	0.04	0.04	0	0	0.58
154900	0.58	0.03	0.03	0	0	0.58
155000	0.58	0.03	0.03	0	0	0.58
155100	0.58	0.01	0.01	0	0	0.58
155200	0.58	0.02	0.02	0	0	0.58
155300	0.58	0.01	0.01	0	0	0.58
155400	0.58	0.01	0.01	0	0	0.58
155500	0.58	0	0	0	0	0.58
155600	0.58	0.01	0.01	0	0	0.58
155700	0.58	0.01	0.01	0	0	0.58
155800	0.58	0.02	0.02	0	0	0.58
155900	0.58	0.02	0.02	0	0	0.58
156000	0.58	0.02	0.02	0	0	0.58
156100	0.58	0.03	0.03	0	0	0.58
156200	0.58	0.01	0.01	0	0	0.58
156300	0.58	0.01	0.01	0	0	0.58
156400	0.58	0	0	0	0	0.58
156500	0.58	0	0	0	0	0.58
156600	0.58	0	0	0	0	0.58
156700	0.58	0	0	0	0	0.58
156800	0.58	0	0	0	0	0.58
156900	0.58	0	0	0	0	0.58
157000	0.58	0.01	0.01	0	0	0.58
157100	0.58	0.02	0.02	0	0	0.58
157200	0.58	0.02	0.02	0	0	0.58
157300	0.58	0.02	0.02	0	0	0.58
157400	0.58	0.03	0.03	0	0	0.58
157500	0.58	0.03	0.03	0	0	0.58
157600	0.58	0.02	0.02	0	0	0.58
157700	0.58	0.02	0.02	0	0	0.58
157800	0.58	0.03	0.03	0	0	0.58
157900	0.58	0.04	0.04	0	0	0.58
158000	0.58	0.04	0.04	0	0	0.58
158100	0.58	0.05	0.05	0	0	0.58
158200	0.59	0.03	0.03	0	0	0.59
158300	0.58	0.04	0.04	0	0	0.58
158400	0.58	0.04	0.04	0	0	0.58
158500	0.58	0.04	0.04	0	0	0.58
158600	0.58	0.05	0.05	0	0	0.58
158700	0.58	0.02	0.02	0	0	0.58
158800	0.58	0.02	0.02	0	0	0.58
158900	0.58	0	0	0	0	0.58
159000	0.58	0.02	0.02	0	0	0.58
159100	0.58	0.02	0.02	0	0	0.58
159200	0.58	0.02	0.02	0	0	0.58
159300	0.58	0.02	0.02	0	0	0.58
159400	0.58	0.01	0.01	0	0	0.58
159500	0.58	0.01	0.01	0	0	0.58
159600	0.58	0.01	0.01	0	0	0.58
159700	0.58	0.01	0.01	0	0	0.58
159800	0.58	0.01	0.01	0	0	0.58
159900	0.58	0.03	0.03	0	0	0.58
160000	0.58	0.02	0.02	0	0	0.58
160100	0.58	0.03	0.03	0	0	0.58
160200	0.58	0.04	0.04	0	0	0.58
160300	0.58	0.04	0.04	0	0	0.58
160400	0.58	0.02	0.02	0	0	0.58
160500	0.58	0.01	0.01	0	0	0.58
160600	0.58	0.01	0.01	0	0	0.58
160700	0.58	0.01	0.01	0	0	0.58
160800	0.58	0.04	0.04	0	0	0.58
160900	0.58	0.06	0.06	0	0	0.58
161000	0.58	0.05	0.05	0	0	0.58
161100	0.58	0.04	0.04	0	0	0.58
161200	0.58	0.04	0.04	0	0	0.58
161300	0.59	0.05	0.05	0	0	0.59
161400	0.59	0.05	0.05	0	0	0.59
161500	0.59	0.05	0.05	0	0	0.59
161600	0.59	0.04	0.04	0	0	0.59
161700	0.58	0.02	0.02	0	0	0.58
161800	0.58	0	0	0	0	0.58
161900	0.58	0.01	0.01	0	0	0.58
162000	0.58	0.02	0.02	0	0	0.58
162100	0.58	0.03	0.03	0	0	0.58
162200	0.58	0.04	0.04	0	0	0.58
162300	0.58	0.04	0.04	0	0	0.58
162400	0.58	0.03	0.03	0	0	0.58
162500	0.58	0.02	0.02	0	0	0.58
162600	0.58	0.01	0.01	0	0	0.58
162700	0.58	0.01	0.01	0	0	0.58
162800	0.58	0.01	0.01	0	0	0.58
162900	0.58	0.01	0.01	0	0	0.58
163000	0.58	0.01	0.01	0	0	0.58
163100	0.58	0.01	0.01	0	0	0.58
163200	0.58	0.01	0.01	0	0	0.58
163300	0.58	0	0	0	0	0.58
163400	0.58	0.02	0.02	0	0	0.58
163500	0.58	0.03	0.03	0	0	0.58
163600	0.58	0.04	0.04	0	0	0.58
163700	0.58	0.04	0.04	0	0	0.58
163800	0.58	0.05	0.05	0	0	0.58
163900	0.58	0.06	0.06	0	0	0.58
164000	0.58	0.05	0.05	0	0	0.58
164100	0.58	0.04	0.04	0	0	0.58
164200	0.58	0.03	0.03	0	0	0.58
164300	0.58	0.05	0.05	0	0	0.58
164400	0.58	0.05	0.05	0	0	0.58
164500	0.58	0.05	0.05	0	0	0.58
164600	0.58	0.06	0.06	0	0	0.58
164700	0.58	0.07	0.07	0	0	0.58
164800	0.58	0.03	0.03	0	0	0.58
164900	0.58	0.02	0.02	0	0	0.58
165000	0.58	0.02	0.02	0	0	0.58
165100	0.58	0.01	0.01	0	0	0.58
165200	0.58	0.02	0.02	0	0	0.58
165300	0.58	0.02	0.02	0	0	0.58
165400	0.58	0.03	0.03	0	0	0.58
165500	0.58	0.02	0.02	0	0	0.58
165600	0.58	0.01	0.01	0	0	0.58
165700	0.58	0.02	0.02	0	0	0.58
165800	0.58	0.03	0.03	0	0	0.58
165900	0.58	0.04	0.04	0	0	0.58
166000	0.58	0.04	0.04	0	0	0.58
166100	0.58	0.04	0.04	0	0	0.58
166200	0.58	0.04	0.04	0	0	0.58
166300	0.58	0.02	0.02	0	0	0.58
166400	0.58	0	0	0	0	0.58
166500	0.58	0.02	0.02	0	0	0.58
166600	0.58	0.03	0.03	0	0	0.58
166700	0.58	0.03	0.03	0	0	0.58
166800	0.59	0.04	0.04	0	0	0.59
166900	0.59	0.02	0.02	0	0	0.59
167000	0.59	0.03	0.03	0	0	0.59
167100	0.59	0.02	0.02	0	0	0.59
167200	0.59	0.02	0.02	0	0	0.59
167300	0.59	0.03	0.03	0	0	0.59
167400	0.59	0.03	0.03	0	0	0.59
167500	0.59	0.04	0.04	0	0	0.59
167600	0.59	0.03	0.03	0	0	0.59
167700	0.59	0.02	0.02	0	0	0.59
167800	0.59	0.02	0.02	0	0	0.59
167900	0.59	0.01	0.01	0	0	0.59
168000	0.59	0	0	0	0	0.59
168100	0.59	0.01	0.01	0	0	0.59
168200	0.59	0.01	0.01	0	0	0.59
168300	0.59	0	0	0	0	0.59
168400	0.59	0.01	0.01	0	0	0.59
168500	0.59	0.02	0.02	0	0	0.59
168600	0.59	0.02	0.02	0	0	0.59
168700	0.59	0.01	0.01	0	0	0.59
168800	0.59	0.02	0.02	0	0	0.59
168900	0.59	0.02	0.02	0	0	0.59
169000	0.59	0.02	0.02	0	0	0.59
169100	0.59	0.02	0.02	0	0	0.59
169200	0.59	0.01	0.01	0	0	0.59
169300	0.59	0.01	0.01	0	0	0.59
169400	0.59	0.01	0.01	0	0	0.59
169500	0.59	0.01	0.01	0	0	0.59
169600	0.59	0.01	0.01	0	0	0.59
169700	0.59	0.01	0.01	0	0	0.59
169800	0.59	0.01	0.01	0	0	0.59
169900	0.59	0	0	0	0	0.59
170000	0.59	0	0	0	0	0.59
170100	0.59	0	0	0	0	0.59
170200	0.59	0	0	0	0	0.59
170300	0.59	0	0	0	0	0.59
170400	0.59	0	0	0	0	0.59
170500	0.59	0.03	0.03	0	0	0.59
170600	0.59	0.03	0.03	0	0	0.59
170700	0.59	0.01	0.01	0	0	0.59
170800	0.59	0	0	0	0	0.59
170900	0.59	0	0	0	0	0.59
171000	0.59	0.01	0.01	0	0	0.59
171100	0.59	0.01	0.01	0	0	0.59
171200	0.59	0.01	0.01	0	0	0.59
171300	0.59	0.01	0.01	0	0	0.59
171400	0.59	0.01	0.01	0	0	0.59
171500	0.59	0.01	0.01	0	0	0.59
171600	0.59	0	0	0	0	0.59
171700	0.59	0.01	0.01	0	0	0.59
171800	0.59	0.02	0.02	0	0	0.59
171900	0.59	0.02	0.02	0	0	0.59
172000	0.59	0.01	0.01	0	0	0.59
172100	0.59	0.01	0.01	0	0	0.59
172200	0.59	0.01	0.01	0	0	0.59
172300	0.59	0	0	0	0	0.59
172400	0.59	0	0	0	0	0.59
172500	0.59	0	0	0	0	0.59
172600	0.59	0	0	0	0	0.59
172700	0.6	0.01	0.01	0	0	0.6
172800	0.6	0.01	0.01	0	0	0.6
172900	0.6	0.02	0.02	0	0	0.6
173000	0.6	0.02	0.02	0	0	0.6
173100	0.6	0	0	0	0	0.6
173200	0.6	0.02	0.02	0	0	0.6
173300	0.6	0.03	0.03	0	0	0.6
173400	0.6	0.04	0.04	0	0	0.6
173500	0.6	0.04	0.04	0	0	0.6
173600	0.6	0.04	0.04	0	0	0.6
173700	0.6	0.05	0.05	0	0	0.6
173800	0.59	0.02	0.02	0	0	0.59
173900	0.59	0.02	0.02	0	0	0.59
174000	0.59	0.01	0.01	0	0	0.59
174100	0.6	0.01	0.01	0	0	0.6
174200	0.6	0.01	0.01	0	0	0.6
174300	0.6	0.01	0.01	0	0	0.6
174400	0.6	0	0	0	0	0.6
174500	0.6	0	0	0	0	0.6
174600	0.6	0	0	0	0	0.6
174700	0.6	0.02	0.02	0	0	0.6
174800	0.6	0.02	0.02	0	0	0.6
174900	0.6	0.02	0.02	0	0	0.6
175000	0.6	0.04	0.04	0	0	0.6
175100	0.6	0.04	0.04	0	0	0.6
175200	0.6	0.04	0.04	0	0	0.6
175300	0.61	0.03	0.03	0	0	0.61
175400	0.6	0.02	0.02	0	0	0.6
175500	0.6	0	0	0	0	0.6
175600	0.6	0.01	0.01	0	0	0.6
175700	0.6	0.02	0.02	0	0	0.6
175800	0.6	0.04	0.04	0	0	0.6
175900	0.6	0.03	0.03	0	0	0.6
176000	0.6	0.02	0.02	0	0	0.6
176100	0.6	0.01	0.01	0	0	0.6
176200	0.6	0.02	0.02	0	0	0.6
176300	0.6	0.03	0.03	0	0	0.6
176400	0.6	0.03	0.03	0	0	0.6
176500	0.6	0.03	0.03	0	0	0.6
176600	0.6	0.04	0.04	0	0	0.6
176700	0.6	0.03	0.03	0	0	0.6
176800	0.6	0.02	0.02	0	0	0.6
176900	0.6	0.02	0.02	0	0	0.6
177000	0.6	0.01	0.01	0	0	0.6
177100	0.6	0.01	0.01	0	0	0.6
177200	0.6	0	0	0	0	0.6
177300	0.6	0.01	0.01	0	0	0.6
177400	0.6	0.01	0.01	0	0	0.6
177500	0.6	0.01	0.01	0	0	0.6
177600	0.6	0.01	0.01	0	0	0.6
177700	0.6	0.02	0.02	0	0	0.6
177800	0.6	0	0	0	0	0.6
177900	0.6	0	0	0	0	0.6
178000	0.6	0	0	0	0	0.6
178100	0.6	0	0	0	0	0.6
178200	0.6	0.01	0.01	0	0	0.6
178300	0.6	0.01	0.01	0	0	0.6
178400	0.6	0.01	0.01	0	0	0.6
178500	0.6	0.01	0.01	0	0	0.6
178600	0.6	0.01	0.01	0	0	0.6
178700	0.6	0.01	0.01	0	0	0.6
178800	0.6	0	0	0	0	0.6
178900	0.6	0.01	0.01	0	0	0.6
179000	0.6	0.01	0.01	0	0	0.6
179100	0.6	0.02	0.02	0	0	0.6
179200	0.6	0.03	0.03	0	0	0.6
179300	0.6	0.02	0.02	0	0	0.6
179400	0.6	0.03	0.03	0	0	0.6
179500	0.6	0.03	0.03	0	0	0.6
179600	0.6	0.03	0.03	0	0	0.6
179700	0.6	0.01	0.01	0	0	0.6
179800	0.6	0.01	0.01	0	0	0.6
179900	0.6	0.01	0.01	0	0	0.6
180000	0.6	0.01	0.01	0	0	0.6
180100	0.6	0.01	0.01	0	0	0.6
180200	0.6	0	0	0	0	0.6
180300	0.6	0	0	0	0	0.6
180400	0.6	0	0	0	0	0.6
180500	0.6	0.02	0.02	0	0	0.6
180600	0.6	0.03	0.03	0	0	0.6
180700	0.6	0.03	0.03	0	0	0.6
180800	0.6	0.03	0.03	0	0	0.6
180900	0.6	0.04	0.04	0	0	0.6
181000	0.6	0.04	0.04	0	0	0.6
181100	0.6	0.02	0.02	0	0	0.6
181200	0.6	0.01	0.01	0	0	0.6
181300	0.6	0.01	0.01	0	0	0.6
181400	0.6	0.01	0.01	0	0	0.6
181500	0.6	0.01	0.01	0	0	0.6
181600	0.6	0.01	0.01	0	0	0.6
181700	0.6	0.01	0.01	0	0	0.6
181800	0.6	0.01	0.01	0	0	0.6
181900	0.6	0.01	0.01	0	0	0.6
182000	0.6	0.01	0.01	0	0	0.6
182100	0.6	0.02	0.02	0	0	0.6
182200	0.6	0.01	0.01	0	0	0.6
182300	0.6	0.02	0.02	0	0	0.6
182400	0.6	0.03	0.03	0	0	0.6
182500	0.6	0.02	0.02	0	0	0.6
182600	0.6	0.02	0.02	0	0	0.6
182700	0.6	0.05	0.05	0	0	0.6
182800	0.6	0.05	0.05	0	0	0.6
182900	0.6	0.03	0.03	0	0	0.6
183000	0.6	0.03	0.03	0	0	0.6
183100	0.6	0.02	0.02	0	0	0.6
183200	0.6	0.01	0.01	0	0	0.6
183300	0.6	0	0	0	0	0.6
183400	0.6	0.02	0.02	0	0	0.6
183500	0.6	0.02	0.02	0	0	0.6
183600	0.6	0.02	0.02	0	0	0.6
183700	0.6	0.02	0.02	0	0	0.6
183800	0.6	0.02	0.02	0	0	0.6
183900	0.6	0.02	0.02	0	0	0.6
184000	0.6	0	0	0	0	0.6
184100	0.6	0.03	0.03	0	0	0.6
184200	0.6	0.04	0.04	0	0	0.6
184300	0.6	0.04	0.04	0	0	0.6
184400	0.6	0.04	0.04	0	0	0.6
184500	0.6	0.04	0.04	0	0	0.6
184600	0.6	0.03	0.03	0	0	0.6
184700	0.6	0.02	0.02	0	0	0.6
184800	0.6	0.02	0.02	0	0	0.6
184900	0.6	0.01	0.01	0	0	0.6
185000	0.6	0.01	0.01	0	0	0.6
185100	0.6	0.01	0.01	0	0	0.6
185200	0.6	0.02	0.02	0	0	0.6
185300	0.6	0.01	0.01	0	0	0.6
185400	0.6	0.01	0.01	0	0	0.6
185500	0.6	0.01	0.01	0	0	0.6
185600	0.6	0.01	0.01	0	0	0.6
185700	0.6	0	0	0	0	0.6
185800	0.6	0.01	0.01	0	0	0.6
185900	0.6	0.01	0.01	0	0	0.6
186000	0.6	0.02	0.02	0	0	0.6
186100	0.6	0.03	0.03	0	0	0.6
186200	0.6	0.03	0.03	0	0	0.6
186300	0.6	0.03	0.03	0	0	0.6
186400	0.6	0.04	0.04	0	0	0.6
186500	0.6	0.03	0.03	0	0	0.6
186600	0.6	0.05	0.05	0	0	0.6
186700	0.6	0.04	0.04	0	0	0.6
186800	0.6	0.03	0.03	0	0	0.6
186900	0.6	0.04	0.04	0	0	0.6
187000	0.6	0.04	0.04	0	0	0.6
187100	0.6	0.03	0.03	0	0	0.6
187200	0.6	0.03	0.03	0	0	0.6
187300	0.6	0.02	0.02	0	0	0.6
187400	0.6	0.02	0.02	0	0	0.6
187500	0.6	0.01	0.01	0	0	0.6
187600	0.6	0.01	0.01	0	0	0.6
187700	0.6	0.02	0.02	0	0	0.6
187800	0.6	0.02	0.02	0	0	0.6
187900	0.6	0.02	0.02	0	0	0.6
188000	0.6	0	0	0	0	0.6
188100	0.6	0	0	0	0	0.6
188200	0.6	0.01	0.01	0	0	0.6
188300	0.6	0.02	0.02	0	0	0.6
188400	0.6	0.05	0.05	0	0	0.6
188500	0.6	0.07	0.07	0	0	0.6
188600	0.6	0.07	0.07	0	0	0.6
188700	0.6	0.04	0.04	0	0	0.6
188800	0.6	0.04	0.04	0	0	0.6
188900	0.6	0.04	0.04	0	0	0.6
189000	0.6	0.03	0.03	0	0	0.6
189100	0.6	0.02	0.02	0	0	0.6
189200	0.6	0.02	0.02	0	0	0.6
189300	0.6	0.03	0.03	0	0	0.6
189400	0.6	0.02	0.02	0	0	0.6
189500	0.6	0	0	0	0	0.6
189600	0.6	0	0	0	0	0.6
189700	0.6	0	0	0	0	0.6
189800	0.6	0.01	0.01	0	0	0.6
189900	0.6	0.01	0.01	0	0	0.6
190000	0.6	0.02	0.02	0	0	0.6
190100	0.6	0.02	0.02	0	0	0.6
190200	0.6	0.02	0.02	0	0	0.6
190300	0.6	0	0	0	0	0.6
190400	0.6	0.01	0.01	0	0	0.6
190500	0.6	0.02	0.02	0	0	0.6
190600	0.6	0.03	0.03	0	0	0.6
190700	0.6	0.04	0.04	0	0	0.6
190800	0.6	0.04	0.04	0	0	0.6
190900	0.6	0.03	0.03	0	0	0.6
191000	0.6	0.02	0.02	0	0	0.6
191100	0.6	0.01	0.01	0	0	0.6
191200	0.6	0.01	0.01	0	0	0.6
191300	0.6	0.02	0.02	0	0	0.6
191400	0.6	0.03	0.03	0	0	0.6
191500	0.6	0.03	0.03	0	0	0.6
191600	0.6	0.03	0.03	0	0	0.6
191700	0.6	0.04	0.04	0	0	0.6
191800	0.6	0.04	0.04	0	0	0.6
191900	0.6	0.04	0.04	0	0	0.6
192000	0.6	0.03	0.03	0	0	0.6
192100	0.6	0.01	0.01	0	0	0.6
192200	0.6	0.01	0.01	0	0	0.6
192300	0.6	0	0	0	0	0.6
192400	0.6	0	0	0	0	0.6
192500	0.6	0	0	0	0	0.6
192600	0.6	0	0	0	0	0.6
192700	0.6	0	0	0	0	0.6
192800	0.6	0.01	0.01	0	0	0.6
192900	0.6	0.01	0.01	0	0	0.6
193000	0.6	0.02	0.02	0	0	0.6
193100	0.6	0.04	0.04	0	0	0.6
193200	0.6	0.04	0.04	0	0	0.6
193300	0.6	0.03	0.03	0	0	0.6
193400	0.6	0.03	0.03	0	0	0.6
193500	0.6	0.03	0.03	0	0	0.6
193600	0.6	0.04	0.04	0	0	0.6
193700	0.6	0.01	0.01	0	0	0.6
193800	0.6	0.01	0.01	0	0	0.6
193900	0.6	0.01	0.01	0	0	0.6
194000	0.6	0	0	0	0	0.6
194100	0.6	0	0	0	0	0.6
194200	0.6	0.01	0.01	0	0	0.6
194300	0.6	0.01	0.01	0	0	0.6
194400	0.6	0.01	0.01	0	0	0.6
194500	0.6	0.02	0.02	0	0	0.6
194600	0.6	0.02	0.02	0	0	0.6
194700	0.6	0.03	0.03	0	0	0.6
194800	0.6	0.03	0.03	0	0	0.6
194900	0.6	0.02	0.02	0	0	0.6
195000	0.6	0.02	0.02	0	0	0.6
195100	0.6	0.03	0.03	0	0	0.6
195200	0.6	0	0	0	0	0.6
195300	0.6	0.01	0.01	0	0	0.6
195400	0.6	0.01	0.01	0	0	0.6
195500	0.6	0.01	0.01	0	0	0.6
195600	0.6	0.01	0.01	0	0	0.6
195700	0.6	0.01	0.01	0	0	0.6
195800	0.6	0.03	0.03	0	0	0.6
195900	0.6	0.03	0.03	0	0	0.6
196000	0.6	0.02	0.02	0	0	0.6
196100	0.6	0	0	0	0	0.6
196200	0.6	0	0	0	0	0.6
196300	0.6	0	0	0	0	0.6
196400	0.6	0.01	0.01	0	0	0.6
196500	0.6	0.01	0.01	0	0	0.6
196600	0.6	0.02	0.02	0	0	0.6
196700	0.6	0.02	0.02	0	0	0.6
196800	0.6	0.02	0.02	0	0	0.6
196900	0.6	0.02	0.02	0	0	0.6
197000	0.6	0.03	0.03	0	0	0.6
197100	0.6	0.02	0.02	0	0	0.6
197200	0.6	0.03	0.03	0	0	0.6
197300	0.6	0.03	0.03	0	0	0.6
197400	0.6	0.03	0.03	0	0	0.6
197500	0.6	0.01	0.01	0	0	0.6
197600	0.6	0	0	0	0	0.6
197700	0.6	0	0	0	0	0.6
197800	0.6	0	0	0	0	0.6
197900	0.6	0	0	0	0	0.6
198000	0.6	0	0	0	0	0.6
198100	0.6	0	0	0	0	0.6
198200	0.6	0	0	0	0	0.6
198300	0.6	0.01	0.01	0	0	0.6
198400	0.6	0.02	0.02	0	0	0.6
198500	0.6	0.02	0.02	0	0	0.6
198600	0.6	0.02	0.02	0	0	0.6
198700	0.6	0.03	0.03	0	0	0.6
198800	0.6	0.03	0.03	0	0	0.6
198900	0.6	0.05	0.05	0	0	0.6
199000	0.6	0.04	0.04	0	0	0.6
199100	0.6	0.07	0.07	0	0	0.6
199200	0.6	0.05	0.05	0	0	0.6
199300	0.6	0.04	0.04	0	0	0.6
199400	0.6	0.03	0.03	0	0	0.6
199500	0.6	0.02	0.02	0	0	0.6
199600	0.6	0	0	0	0	0.6
199700	0.6	0	0	0	0	0.6
199800	0.6	0	0	0	0	0.6
199900	0.6	0	0	0	0	0.6
200000	0.6	0.01	0.01	0	0	0.6
200100	0.6	0.01	0.01	0	0	0.6
200200	0.6	0.02	0.02	0	0	0.6
200300	0.6	0.01	0.01	0	0	0.6
200400	0.6	0.01	0.01	0	0	0.6
200500	0.6	0.01	0.01	0	0	0.6
200600	0.6	0.01	0.01	0	0	0.6
200700	0.6	0.03	0.03	0	0	0.6
200800	0.6	0.03	0.03	0	0	0.6
200900	0.6	0.03	0.03	0	0	0.6
201000	0.6	0.03	0.03	0	0	0.6
201100	0.6	0.02	0.02	0	0	0.6
201200	0.6	0.02	0.02	0	0	0.6
201300	0.6	0.03	0.03	0	0	0.6
201400	0.6	0.05	0.05	0	0	0.6
201500	0.6	0.05	0.05	0	0	0.6
201600	0.6	0.06	0.06	0	0	0.6
201700	0.6	0.05	0.05	0	0	0.6
201800	0.6	0.04	0.04	0	0	0.6
201900	0.6	0.03	0.03	0	0	0.6
202000	0.6	0.05	0.05	0	0	0.6
202100	0.6	0.05	0.05	0	0	0.6
202200	0.6	0.02	0.02	0	0	0.6
202300	0.6	0.01	0.01	0	0	0.6
202400	0.6	0.01	0.01	0	0	0.6
202500	0.6	0	0	0	0	0.6
202600	0.6	0	0	0	0	0.6
202700	0.6	0.02	0.02	0	0	0.6
202800	0.6	0.02	0.02	0	0	0.6
202900	0.6	0.03	0.03	0	0	0.6
203000	0.6	0.01	0.01	0	0	0.6
203100	0.6	0	0	0	0	0.6
203200	0.6	0.01	0.01	0	0	0.6
203300	0.6	0.01	0.01	0	0	0.6
203400	0.6	0.02	0.02	0	0	0.6
203500	0.6	0.04	0.04	0	0	0.6
203600	0.6	0.04	0.04	0	0	0.6
203700	0.6	0.05	0.05	0	0	0.6
203800	0.6	0.05	0.05	0	0	0.6
203900	0.6	0.05	0.05	0	0	0.6
204000	0.6	0.04	0.04	0	0	0.6
204100	0.6	0.04	0.04	0	0	0.6
204200	0.6	0.01	0.01	0	0	0.6
204300	0.6	0.01	0.01	0	0	0.6
204400	0.6	0	0	0	0	0.6
204500	0.6	0.02	0.02	0	0	0.6
204600	0.6	0.02	0.02	0	0	0.6
204700	0.6	0	0	0	0	0.6
204800	0.6	0	0	0	0	0.6
204900	0.6	0.01	0.01	0	0	0.6
205000	0.6	0.01	0.01	0	0	0.6
205100	0.6	0.03	0.03	0	0	0.6
205200	0.6	0.04	0.04	0	0	0.6
205300	0.6	0.04	0.04	0	0	0.6
205400	0.6	0.04	0.04	0	0	0.6
205500	0.6	0.04	0.04	0	0	0.6
205600	0.6	0.03	0.03	0	0	0.6
205700	0.6	0.03	0.03	0	0	0.6
205800	0.6	0.02	0.02	0	0	0.6
205900	0.6	0.01	0.01	0	0	0.6
206000	0.6	0.03	0.03	0	0	0.6
206100	0.6	0.05	0.05	0	0	0.6
206200	0.6	0.05	0.05	0	0	0.6
206300	0.6	0.05	0.05	0	0	0.6
206400	0.6	0.05	0.05	0	0	0.6
206500	0.6	0.04	0.04	0	0	0.6
206600	0.6	0.02	0.02	0	0	0.6
206700	0.6	0.02	0.02	0	0	0.6
206800	0.6	0.02	0.02	0	0	0.6
206900	0.6	0.02	0.02	0	0	0.6
207000	0.6	0.04	0.04	0	0	0.6
207100	0.6	0.04	0.04	0	0	0.6
207200	0.6	0.04	0.04	0	0	0.6
207300	0.6	0.02	0.02	0	0	0.6
207400	0.6	0.01	0.01	0	0	0.6
207500	0.6	0.01	0.01	0	0	0.6
207600	0.6	0	0	0	0	0.6
207700	0.6	0	0	0	0	0.6
207800	0.6	0	0	0	0	0.6
207900	0.6	0	0	0	0	0.6
208000	0.6	0	0	0	0	0.6
208100	0.6	0	0	0	0	0.6
208200	0.6	0	0	0	0	0.6
208300	0.6	0.01	0.01	0	0	0.6
208400	0.6	0.01	0.01	0	0	0.6
208500	0.6	0.01	0.01	0	0	0.6
208600	0.6	0.01	0.01	0	0	0.6
208700	0.6	0.03	0.03	0	0	0.6
208800	0.6	0.03	0.03	0	0	0.6
208900	0.6	0.02	0.02	0	0	0.6
209000	0.6	0.02	0.02	0	0	0.6
209100	0.6	0.03	0.03	0	0	0.6
209200	0.6	0.02	0.02	0	0	0.6
209300	0.6	0.02	0.02	0	0	0.6
209400	0.6	0.02	0.02	0	0	0.6
209500	0.6	0.02	0.02	0	0	0.6
209600	0.6	0.03	0.03	0	0	0.6
209700	0.6	0.02	0.02	0	0	0.6
209800	0.6	0.01	0.01	0	0	0.6
209900	0.6	0.01	0.01	0	0	0.6
210000	0.6	0.02	0.02	0	0	0.6
210100	0.6	0.02	0.02	0	0	0.6
210200	0.6	0.01	0.01	0	0	0.6
210300	0.6	0.02	0.02	0	0	0.6
210400	0.6	0.01	0.01	0	0	0.6
210500	0.6	0.01	0.01	0	0	0.6
210600	0.6	0	0	0	0	0.6
210700	0.6	0	0	0	0	0.6
210800	0.6	0	0	0	0	0.6
210900	0.6	0.01	0.01	0	0	0.6
211000	0.6	0.01	0.01	0	0	0.6
211100	0.6	0.01	0.01	0	0	0.6
211200	0.6	0.01	0.01	0	0	0.6
211300	0.6	0.02	0.02	0	0	0.6
211400	0.6	0.02	0.02	0	0	0.6
211500	0.6	0.01	0.01	0	0	0.6
211600	0.6	0.01	0.01	0	0	0.6
211700	0.6	0.01	0.01	0	0	0.6
211800	0.6	0.01	0.01	0	0	0.6
211900	0.6	0.01	0.01	0	0	0.6
212000	0.6	0.01	0.01	0	0	0.6
212100	0.6	0	0	0	0	0.6
212200	0.6	0.01	0.01	0	0	0.6
212300	0.6	0.01	0.01	0	0	0.6
212400	0.6	0.01	0.01	0	0	0.6
212500	0.6	0.02	0.02	0	0	0.6
212600	0.6	0.02	0.02	0	0	0.6
212700	0.6	0.02	0.02	0	0	0.6
212800	0.6	0.04	0.04	0	0	0.6
212900	0.6	0.03	0.03	0	0	0.6
213000	0.6	0	0	0	0	0.6
213100	0.6	0	0	0	0	0.6
213200	0.6	0.01	0.01	0	0	0.6
213300	0.6	0.01	0.01	0	0	0.6
213400	0.6	0.01	0.01	0	0	0.6
213500	0.6	0.02	0.02	0	0	0.6
213600	0.6	0.02	0.02	0	0	0.6
213700	0.6	0.02	0.02	0	0	0.6
213800	0.6	0.02	0.02	0	0	0.6
213900	0.6	0.03	0.03	0	0	0.6
214000	0.6	0.04	0.04	0	0	0.6
214100	0.6	0.04	0.04	0	0	0.6
214200	0.6	0.03	0.03	0	0	0.6
214300	0.6	0.03	0.03	0	0	0.6
214400	0.6	0.02	0.02	0	0	0.6
214500	0.6	0.03	0.03	0	0	0.6
214600	0.6	0.02	0.02	0	0	0.6
214700	0.6	0.03	0.03	0	0	0.6
214800	0.6	0.05	0.05	0	0	0.6
214900	0.6	0.03	0.03	0	0	0.6
215000	0.6	0.02	0.02	0	0	0.6
215100	0.6	0.02	0.02	0	0	0.6
215200	0.6	0.02	0.02	0	0	0.6
215300	0.6	0.02	0.02	0	0	0.6
215400	0.6	0.02	0.02	0	0	0.6
215500	0.6	0.02	0.02	0	0	0.6
215600	0.6	0.02	0.02	0	0	0.6
215700	0.6	0.01	0.01	0	0	0.6
215800	0.6	0.03	0.03	0	0	0.6
215900	0.6	0.02	0.02	0	0	0.6
216000	0.6	0.02	0.02	0	0	0.6
216100	0.6	0.02	0.02	0	0	0.6
216200	0.6	0.02	0.02	0	0	0.6
216300	0.6	0.02	0.02	0	0	0.6
216400	0.6	0.01	0.01	0	0	0.6
216500	0.6	0.01	0.01	0	0	0.6
216600	0.6	0.03	0.03	0	0	0.6
216700	0.6	0.03	0.03	0	0	0.6
216800	0.6	0.02	0.02	0	0	0.6
216900	0.6	0.02	0.02	0	0	0.6
217000	0.6	0.02	0.02	0	0	0.6
217100	0.6	0.02	0.02	0	0	0.6
217200	0.6	0.02	0.02	0	0	0.6
217300	0.6	0.02	0.02	0	0	0.6
217400	0.6	0.04	0.04	0	0	0.6
217500	0.6	0.03	0.03	0	0	0.6
217600	0.61	0.02	0.02	0	0	0.61
217700	0.6	0.02	0.02	0	0	0.6
217800	0.6	0.02	0.02	0	0	0.6
217900	0.6	0.02	0.02	0	0	0.6
218000	0.6	0.04	0.04	0	0	0.6
218100	0.6	0.03	0.03	0	0	0.6
218200	0.6	0.02	0.02	0	0	0.6
218300	0.6	0.02	0.02	0	0	0.6
218400	0.6	0.02	0.02	0	0	0.6
218500	0.6	0.02	0.02	0	0	0.6
218600	0.6	0.02	0.02	0	0	0.6
218700	0.6	0.04	0.04	0	0	0.6
218800	0.6	0.04	0.04	0	0	0.6
218900	0.6	0.05	0.05	0	0	0.6
219000	0.6	0.06	0.06	0	0	0.6
219100	0.6	0.07	0.07	0	0	0.6
219200	0.6	0.08	0.08	0	0	0.6
219300	0.6	0.09	0.09	0	0	0.6
219400	0.6	0.09	0.09	0	0	0.6
219500	0.6	0.09	0.09	0	0	0.6
219600	0.6	0.1	0.1	0	0	0.6
219700	0.6	0.08	0.08	0	0	0.6
219800	0.6	0.09	0.09	0	0	0.6
219900	0.6	0.09	0.09	0	0	0.6
220000	0.6	0.09	0.09	0	0	0.6
220100	0.6	0.09	0.09	0	0	0.6
220200	0.6	0.08	0.08	0	0	0.6
220300	0.6	0.1	0.1	0	0	0.6
220400	0.6	0.1	0.1	0	0	0.6
220500	0.6	0.1	0.1	0	0	0.6
220600	0.6	0.1	0.1	0	0	0.6
220700	0.6	0.1	0.1	0	0	0.6
220800	0.6	0.11	0.11	0	0	0.6
220900	0.6	0.12	0.12	0	0	0.6
221000	0.6	0.13	0.13	0	0	0.6
221100	0.6	0.13	0.13	0	0	0.6
221200	0.6	0.13	0.13	0	0	0.6
221300	0.6	0.13	0.13	0	0	0.6
221400	0.6	0.13	0.13	0	0	0.6
221500	0.6	0.12	0.12	0	0	0.6
221600	0.6	0.12	0.12	0	0	0.6
221700	0.6	0.12	0.12	0	0	0.6
221800	0.6	0.12	0.12	0	0	0.6
221900	0.6	0.12	0.12	0	0	0.6
222000	0.6	0.13	0.13	0	0	0.6
222100	0.6	0.12	0.12	0	0	0.6
222200	0.6	0.12	0.12	0	0	0.6
222300	0.6	0.12	0.12	0	0	0.6
222400	0.6	0.11	0.11	0	0	0.6
222500	0.6	0.12	0.12	0	0	0.6
222600	0.6	0.12	0.12	0	0	0.6
222700	0.6	0.12	0.12	0	0	0.6
222800	0.6	0.12	0.12	0	0	0.6
222900	0.6	0.12	0.12	0	0	0.6
223000	0.6	0.13	0.13	0	0	0.6
223100	0.6	0.13	0.13	0	0	0.6
223200	0.6	0.13	0.13	0	0	0.6
223300	0.6	0.13	0.13	0	0	0.6
223400	0.6	0.13	0.13	0	0	0.6
223500	0.6	0.13	0.13	0	0	0.6
223600	0.6	0.14	0.14	0	0	0.6
223700	0.6	0.12	0.12	0	0	0.6
223800	0.6	0.12	0.12	0	0	0.6
223900	0.6	0.12	0.12	0	0	0.6
224000	0.6	0.12	0.12	0	0	0.6
224100	0.6	0.1	0.1	0	0	0.6
224200	0.6	0.1	0.1	0	0	0.6
224300	0.6	0.1	0.1	0	0	0.6
224400	0.6	0.1	0.1	0	0	0.6
224500	0.6	0.13	0.13	0	0	0.6
224600	0.6	0.13	0.13	0	0	0.6
224700	0.6	0.13	0.13	0	0	0.6
224800	0.6	0.13	0.13	0	0	0.6
224900	0.6	0.13	0.13	0	0	0.6
225000	0.6	0.13	0.13	0	0	0.6
225100	0.6	0.13	0.13	0	0	0.6
225200	0.6	0.13	0.13	0	0	0.6
225300	0.6	0.15	0.15	0	0	0.6
225400	0.6	0.15	0.15	0	0	0.6
225500	0.6	0.15	0.15	0	0	0.6
225600	0.6	0.15	0.15	0	0	0.6
225700	0.6	0.17	0.17	0	0	0.6
225800	0.6	0.18	0.18	0	0	0.6
225900	0.6	0.17	0.17	0	0	0.6
226000	0.6	0.16	0.16	0	0	0.6
226100	0.6	0.16	0.16	0	0	0.6
226200	0.6	0.17	0.17	0	0	0.6
226300	0.6	0.18	0.18	0	0	0.6
226400	0.6	0.17	0.17	0	0	0.6
226500	0.6	0.17	0.17	0	0	0.6
226600	0.6	0.17	0.17	0	0	0.6
226700	0.6	0.18	0.18	0	0	0.6
226800	0.6	0.18	0.18	0	0	0.6
226900	0.6	0.17	0.17	0	0	0.6
227000	0.6	0.17	0.17	0	0	0.6
227100	0.6	0.17	0.17	0	0	0.6
227200	0.6	0.18	0.18	0	0	0.6
227300	0.6	0.2	0.2	0	0	0.6
227400	0.6	0.22	0.22	0	0	0.6
227500	0.6	0.21	0.21	0	0	0.6
227600	0.6	0.2	0.2	0	0	0.6
227700	0.6	0.2	0.2	0	0	0.6
227800	0.6	0.22	0.22	0	0	0.6
227900	0.6	0.22	0.22	0	0	0.6
228000	0.6	0.22	0.22	0	0	0.6
228100	0.6	0.24	0.24	0	0	0.6
228200	0.6	0.22	0.22	0	0	0.6
228300	0.6	0.22	0.22	0	0	0.6
228400	0.6	0.19	0.19	0	0	0.6
228500	0.6	0.19	0.19	0	0	0.6
228600	0.6	0.19	0.19	0	0	0.6
228700	0.6	0.2	0.2	0	0	0.6
228800	0.6	0.2	0.2	0	0	0.6
228900	0.6	0.21	0.21	0	0	0.6
229000	0.6	0.21	0.21	0	0	0.6
229100	0.6	0.21	0.21	0	0	0.6
229200	0.6	0.22	0.22	0	0	0.6
229300	0.6	0.22	0.22	0	0	0.6
229400	0.6	0.22	0.22	0	0	0.6
229500	0.6	0.22	0.22	0	0	0.6
229600	0.6	0.21	0.21	0	0	0.6
229700	0.6	0.21	0.21	0	0	0.6
229800	0.6	0.22	0.22	0	0	0.6
229900	0.6	0.23	0.23	0	0	0.6
230000	0.61	0.23	0.23	0	0	0.61
230100	0.6	0.23	0.23	0	0	0.6
230200	0.6	0.23	0.23	0	0	0.6
230300	0.6	0.23	0.23	0	0	0.6
230400	0.6	0.23	0.23	0	0	0.6
230500	0.6	0.23	0.23	0	0	0.6
230600	0.6	0.25	0.25	0	0	0.6
230700	0.6	0.26	0.26	0	0	0.6
230800	0.6	0.24	0.24	0	0	0.6
230900	0.6	0.23	0.23	0	0	0.6
231000	0.6	0.22	0.22	0	0	0.6
231100	0.6	0.22	0.22	0	0	0.6
231200	0.6	0.22	0.22	0	0	0.6
231300	0.6	0.22	0.22	0	0	0.6
231400	0.6	0.22	0.22	0	0	0.6
231500	0.6	0.22	0.22	0	0	0.6
231600	0.6	0.23	0.23	0	0	0.6
231700	0.6	0.24	0.24	0	0	0.6
231800	0.6	0.24	0.24	0	0	0.6
231900	0.6	0.24	0.24	0	0	0.6
232000	0.6	0.24	0.24	0	0	0.6
232100	0.6	0.23	0.23	0	0	0.6
232200	0.6	0.23	0.23	0	0	0.6
232300	0.6	0.23	0.23	0	0	0.6
232400	0.6	0.23	0.23	0	0	0.6
232500	0.6	0.23	0.23	0	0	0.6
232600	0.6	0.24	0.24	0	0	0.6
232700	0.6	0.24	0.24	0	0	0.6
232800	0.6	0.24	0.24	0	0	0.6
232900	0.6	0.23	0.23	0	0	0.6
233000	0.6	0.23	0.23	0	0	0.6
233100	0.6	0.23	0.23	0	0	0.6
233200	0.6	0.23	0.23	0	0	0.6
233300	0.6	0.23	0.23	0	0	0.6
233400	0.6	0.23	0.23	0	0	0.6
233500	0.6	0.23	0.23	0	0	0.6
233600	0.6	0.23	0.23	0	0	0.6
233700	0.6	0.23	0.23	0	0	0.6
233800	0.6	0.23	0.23	0	0	0.6
233900	0.6	0.23	0.23	0	0	0.6
234000	0.6	0.23	0.23	0	0	0.6
234100	0.6	0.23	0.23	0	0	0.6
234200	0.6	0.23	0.23	0	0	0.6
234300	0.6	0.23	0.23	0	0	0.6
234400	0.6	0.24	0.24	0	0	0.6
234500	0.6	0.25	0.25	0	0	0.6
234600	0.6	0.24	0.24	0	0	0.6
234700	0.6	0.25	0.25	0	0	0.6
234800	0.6	0.24	0.24	0	0	0.6
234900	0.6	0.23	0.23	0	0	0.6
235000	0.6	0.24	0.24	0	0	0.6
235100	0.6	0.24	0.24	0	0	0.6
235200	0.6	0.24	0.24	0	0	0.6
235300	0.6	0.24	0.24	0	0	0.6
235400	0.6	0.24	0.24	0	0	0.6
235500	0.6	0.24	0.24	0	0	0.6
235600	0.6	0.24	0.24	0	0	0.6
235700	0.6	0.25	0.25	0	0	0.6
235800	0.6	0.25	0.25	0	0	0.6
235900	0.6	0.26	0.26	0	0	0.6
236000	0.6	0.26	0.26	0	0	0.6
236100	0.6	0.26	0.26	0	0	0.6
236200	0.6	0.25	0.25	0	0	0.6
236300	0.6	0.25	0.25	0	0	0.6
236400	0.6	0.26	0.26	0	0	0.6
236500	0.6	0.26	0.26	0	0	0.6
236600	0.6	0.27	0.27	0	0	0.6
236700	0.6	0.27	0.27	0	0	0.6
236800	0.6	0.27	0.27	0	0	0.6
236900	0.6	0.26	0.26	0	0	0.6
237000	0.6	0.26	0.26	0	0	0.6
237100	0.6	0.27	0.27	0	0	0.6
237200	0.6	0.27	0.27	0	0	0.6
237300	0.6	0.27	0.27	0	0	0.6
237400	0.6	0.27	0.27	0	0	0.6
237500	0.6	0.27	0.27	0	0	0.6
237600	0.6	0.27	0.27	0	0	0.6
237700	0.6	0.27	0.27	0	0	0.6
237800	0.6	0.27	0.27	0	0	0.6
237900	0.6	0.27	0.27	0	0	0.6
238000	0.6	0.28	0.28	0	0	0.6
238100	0.6	0.28	0.28	0	0	0.6
238200	0.6	0.27	0.27	0	0	0.6
238300	0.6	0.27	0.27	0	0	0.6
238400	0.6	0.27	0.27	0	0	0.6
238500	0.6	0.27	0.27	0	0	0.6
238600	0.6	0.27	0.27	0	0	0.6
238700	0.6	0.26	0.26	0	0	0.6
238800	0.6	0.26	0.26	0	0	0.6
238900	0.6	0.26	0.26	0	0	0.6
239000	0.6	0.26	0.26	0	0	0.6
239100	0.6	0.26	0.26	0	0	0.6
239200	0.6	0.26	0.26	0	0	0.6
239300	0.6	0.25	0.25	0	0	0.6
239400	0.6	0.25	0.25	0	0	0.6
239500	0.6	0.25	0.25	0	0	0.6
239600	0.6	0.25	0.25	0	0	0.6
239700	0.6	0.26	0.26	0	0	0.6
239800	0.6	0.26	0.26	0	0	0.6
239900	0.6	0.26	0.26	0	0	0.6
240000	0.6	0.26	0.26	0	0	0.6
240100	0.6	0.27	0.27	0	0	0.6
240200	0.6	0.27	0.27	0	0	0.6
240300	0.6	0.26	0.26	0	0	0.6
240400	0.6	0.27	0.27	0	0	0.6
240500	0.6	0.27	0.27	0	0	0.6
240600	0.6	0.26	0.26	0	0	0.6
240700	0.6	0.26	0.26	0	0	0.6
240800	0.6	0.26	0.26	0	0	0.6
240900	0.6	0.26	0.26	0	0	0.6
241000	0.6	0.26	0.26	0	0	0.6
241100	0.6	0.26	0.26	0	0	0.6
241200	0.6	0.26	0.26	0	0	0.6
241300	0.6	0.27	0.27	0	0	0.6
241400	0.6	0.27	0.27	0	0	0.6
241500	0.6	0.27	0.27	0	0	0.6
241600	0.6	0.27	0.27	0	0	0.6
241700	0.6	0.26	0.26	0	0	0.6
241800	0.6	0.27	0.27	0	0	0.6
241900	0.6	0.27	0.27	0	0	0.6
242000	0.6	0.27	0.27	0	0	0.6
242100	0.6	0.28	0.28	0	0	0.6
242200	0.6	0.28	0.28	0	0	0.6
242300	0.6	0.28	0.28	0	0	0.6
242400	0.6	0.28	0.28	0	0	0.6
242500	0.6	0.28	0.28	0	0	0.6
242600	0.6	0.28	0.28	0	0	0.6
242700	0.6	0.27	0.27	0	0	0.6
242800	0.6	0.27	0.27	0	0	0.6
242900	0.6	0.27	0.27	0	0	0.6
243000	0.6	0.27	0.27	0	0	0.6
243100	0.6	0.27	0.27	0	0	0.6
243200	0.6	0.28	0.28	0	0	0.6
243300	0.6	0.28	0.28	0	0	0.6
243400	0.6	0.28	0.28	0	0	0.6
243500	0.6	0.28	0.28	0	0	0.6
243600	0.6	0.28	0.28	0	0	0.6
243700	0.6	0.28	0.28	0	0	0.6
243800	0.6	0.28	0.28	0	0	0.6
243900	0.6	0.28	0.28	0	0	0.6
244000	0.6	0.29	0.29	0	0	0.6
244100	0.6	0.29	0.29	0	0	0.6
244200	0.6	0.29	0.29	0	0	0.6
244300	0.6	0.29	0.29	0	0	0.6
244400	0.6	0.3	0.3	0	0	0.6
244500	0.6	0.3	0.3	0	0	0.6
244600	0.6	0.31	0.31	0	0	0.6
244700	0.6	0.31	0.31	0	0	0.6
244800	0.6	0.31	0.31	0	0	0.6
244900	0.6	0.3	0.3	0	0	0.6
245000	0.6	0.29	0.29	0	0	0.6
245100	0.6	0.3	0.3	0	0	0.6
245200	0.6	0.31	0.31	0	0	0.6
245300	0.6	0.31	0.31	0	0	0.6
245400	0.6	0.31	0.31	0	0	0.6
245500	0.6	0.31	0.31	0	0	0.6
245600	0.6	0.31	0.31	0	0	0.6
245700	0.6	0.31	0.31	0	0	0.6
245800	0.6	0.32	0.32	0	0	0.6
245900	0.6	0.32	0.32	0	0	0.6
246000	0.6	0.32	0.32	0	0	0.6
246100	0.6	0.33	0.33	0	0	0.6
246200	0.6	0.33	0.33	0	0	0.6
246300	0.6	0.33	0.33	0	0	0.6
246400	0.6	0.32	0.32	0	0	0.6
246500	0.6	0.32	0.32	0	0	0.6
246600	0.6	0.32	0.32	0	0	0.6
246700	0.6	0.32	0.32	0	0	0.6
246800	0.6	0.33	0.33	0	0	0.6
246900	0.6	0.33	0.33	0	0	0.6
247000	0.6	0.33	0.33	0	0	0.6
247100	0.6	0.33	0.33	0	0	0.6
247200	0.6	0.33	0.33	0	0	0.6
247300	0.6	0.33	0.33	0	0	0.6
247400	0.6	0.33	0.33	0	0	0.6
247500	0.6	0.33	0.33	0	0	0.6
247600	0.6	0.33	0.33	0	0	0.6
247700	0.6	0.33	0.33	0	0	0.6
247800	0.6	0.33	0.33	0	0	0.6
247900	0.6	0.34	0.34	0	0	0.6
248000	0.6	0.34	0.34	0	0	0.6
248100	0.6	0.34	0.34	0	0	0.6
248200	0.6	0.35	0.35	0	0	0.6
248300	0.6	0.35	0.35	0	0	0.6
248400	0.6	0.35	0.35	0	0	0.6
248500	0.6	0.34	0.34	0	0	0.6
248600	0.6	0.35	0.35	0	0	0.6
248700	0.6	0.35	0.35	0	0	0.6
248800	0.6	0.35	0.35	0	0	0.6
248900	0.6	0.35	0.35	0	0	0.6
249000	0.6	0.34	0.34	0	0	0.6
249100	0.6	0.34	0.34	0	0	0.6
249200	0.6	0.34	0.34	0	0	0.6
249300	0.6	0.34	0.34	0	0	0.6
249400	0.6	0.34	0.34	0	0	0.6
249500	0.6	0.35	0.35	0	0	0.6
249600	0.6	0.35	0.35	0	0	0.6
249700	0.6	0.35	0.35	0	0	0.6
249800	0.6	0.34	0.34	0	0	0.6
249900	0.6	0.34	0.34	0	0	0.6
250000	0.6	0.34	0.34	0	0	0.6
250100	0.6	0.34	0.34	0	0	0.6
250200	0.6	0.34	0.34	0	0	0.6
250300	0.6	0.34	0.34	0	0	0.6
250400	0.6	0.34	0.34	0	0	0.6
250500	0.6	0.34	0.34	0	0	0.6
250600	0.6	0.34	0.34	0	0	0.6
250700	0.6	0.34	0.34	0	0	0.6
250800	0.6	0.34	0.34	0	0	0.6
250900	0.6	0.34	0.34	0	0	0.6
251000	0.6	0.34	0.34	0	0	0.6
251100	0.6	0.34	0.34	0	0	0.6
251200	0.6	0.34	0.34	0	0	0.6
251300	0.6	0.34	0.34	0	0	0.6
251400	0.6	0.34	0.34	0	0	0.6
251500	0.6	0.34	0.34	0	0	0.6
251600	0.6	0.34	0.34	0	0	0.6
251700	0.6	0.34	0.34	0	0	0.6
251800	0.6	0.34	0.34	0	0	0.6
251900	0.6	0.34	0.34	0	0	0.6
252000	0.6	0.34	0.34	0	0	0.6
252100	0.6	0.34	0.34	0	0	0.6
252200	0.6	0.34	0.34	0	0	0.6
252300	0.6	0.34	0.34	0	0	0.6
252400	0.6	0.34	0.34	0	0	0.6
252500	0.6	0.34	0.34	0	0	0.6
252600	0.6	0.34	0.34	0	0	0.6
252700	0.6	0.34	0.34	0	0	0.6
252800	0.6	0.34	0.34	0	0	0.6
252900	0.6	0.34	0.34	0	0	0.6
253000	0.6	0.34	0.34	0	0	0.6
253100	0.6	0.34	0.34	0	0	0.6
253200	0.6	0.34	0.34	0	0	0.6
253300	0.6	0.34	0.34	0	0	0.6
253400	0.6	0.34	0.34	0	0	0.6
253500	0.6	0.34	0.34	0	0	0.6
253600	0.6	0.34	0.34	0	0	0.6
253700	0.6	0.34	0.34	0	0	0.6
253800	0.6	0.34	0.34	0	0	0.6
253900	0.6	0.34	0.34	0	0	0.6
254000	0.6	0.34	0.34	0	0	0.6
254100	0.6	0.34	0.34	0	0	0.6
254200	0.6	0.34	0.34	0	0	0.6
254300	0.6	0.34	0.34	0	0	0.6
254400	0.6	0.34	0.34	0	0	0.6
254500	0.6	0.34	0.34	0	0	0.6
254600	0.6	0.34	0.34	0	0	0.6
254700	0.6	0.34	0.34	0	0	0.6
254800	0.6	0.34	0.34	0	0	0.6
254900	0.6	0.34	0.34	0	0	0.6
255000	0.6	0.34	0.34	0	0	0.6
255100	0.6	0.34	0.34	0	0	0.6
255200	0.6	0.34	0.34	0	0	0.6
255300	0.6	0.34	0.34	0	0	0.6
255400	0.6	0.34	0.34	0	0	0.6
255500	0.6	0.34	0.34	0	0	0.6
255600	0.6	0.34	0.34	0	0	0.6
255700	0.6	0.34	0.34	0	0	0.6
255800	0.6	0.34	0.34	0	0	0.6
255900	0.6	0.34	0.34	0	0	0.6
256000	0.6	0.34	0.34	0	0	0.6
256100	0.6	0.34	0.34	0	0	0.6
256200	0.6	0.34	0.34	0	0	0.6
256300	0.6	0.34	0.34	0	0	0.6
256400	0.6	0.34	0.34	0	0	0.6
256500	0.6	0.34	0.34	0	0	0.6
256600	0.6	0.34	0.34	0	0	0.6
256700	0.6	0.34	0.34	0	0	0.6
256800	0.6	0.34	0.34	0	0	0.6
256900	0.6	0.34	0.34	0	0	0.6
257000	0.6	0.34	0.34	0	0	0.6
257100	0.6	0.34	0.34	0	0	0.6
257200	0.6	0.34	0.34	0	0	0.6
257300	0.6	0.34	0.34	0	0	0.6
257400	0.6	0.34	0.34	0	0	0.6
257500	0.6	0.34	0.34	0	0	0.6
257600	0.6	0.34	0.34	0	0	0.6
257700	0.6	0.34	0.34	0	0	0.6
257800	0.6	0.34	0.34	0	0	0.6
257900	0.6	0.34	0.34	0	0	0.6
258000	0.6	0.34	0.34	0	0	0.6
258100	0.6	0.34	0.34	0	0	0.6
258200	0.6	0.34	0.34	0	0	0.6
258300	0.6	0.35	0.35	0	0	0.6
258400	0.6	0.35	0.35	0	0	0.6
258500	0.6	0.35	0.35	0	0	0.6
258600	0.59	0.35	0.35	0	0	0.59
258700	0.59	0.35	0.35	0	0	0.59
258800	0.59	0.35	0.35	0	0	0.59
258900	0.59	0.35	0.35	0	0	0.59
259000	0.59	0.35	0.35	0	0	0.59
259100	0.59	0.35	0.35	0	0	0.59
259200	0.59	0.35	0.35	0	0	0.59
259300	0.59	0.35	0.35	0	0	0.59
259400	0.59	0.35	0.35	0	0	0.59
259500	0.59	0.35	0.35	0	0	0.59
259600	0.59	0.35	0.35	0	0	0.59
259700	0.59	0.35	0.35	0	0	0.59
259800	0.59	0.36	0.36	0	0	0.59
259900	0.59	0.36	0.36	0	0	0.59
260000	0.59	0.35	0.35	0	0	0.59
260100	0.59	0.35	0.35	0	0	0.59
260200	0.59	0.35	0.35	0	0	0.59
260300	0.59	0.35	0.35	0	0	0.59
260400	0.59	0.35	0.35	0	0	0.59
260500	0.59	0.35	0.35	0	0	0.59
260600	0.59	0.35	0.35	0	0	0.59
260700	0.59	0.35	0.35	0	0	0.59
260800	0.59	0.35	0.35	0	0	0.59
260900	0.59	0.34	0.34	0	0	0.59
261000	0.59	0.35	0.35	0	0	0.59
261100	0.59	0.35	0.35	0	0	0.59
261200	0.59	0.35	0.35	0	0	0.59
261300	0.59	0.35	0.35	0	0	0.59
261400	0.59	0.35	0.35	0	0	0.59
261500	0.59	0.35	0.35	0	0	0.59
261600	0.59	0.35	0.35	0	0	0.59
261700	0.59	0.36	0.36	0	0	0.59
261800	0.59	0.36	0.36	0	0	0.59
261900	0.59	0.36	0.36	0	0	0.59
262000	0.59	0.36	0.36	0	0	0.59
262100	0.59	0.36	0.36	0	0	0.59
262200	0.59	0.36	0.36	0	0	0.59
262300	0.59	0.37	0.37	0	0	0.59
262400	0.59	0.36	0.36	0	0	0.59
262500	0.59	0.37	0.37	0	0	0.59
262600	0.59	0.37	0.37	0	0	0.59
262700	0.59	0.36	0.36	0	0	0.59
262800	0.59	0.36	0.36	0	0	0.59
262900	0.59	0.36	0.36	0	0	0.59
263000	0.59	0.37	0.37	0	0	0.59
263100	0.59	0.36	0.36	0	0	0.59
263200	0.59	0.36	0.36	0	0	0.59
263300	0.59	0.36	0.36	0	0	0.59
263400	0.59	0.36	0.36	0	0	0.59
263500	0.59	0.36	0.36	0	0	0.59
263600	0.59	0.36	0.36	0	0	0.59
263700	0.59	0.36	0.36	0	0	0.59
263800	0.59	0.36	0.36	0	0	0.59
263900	0.59	0.37	0.37	0	0	0.59
264000	0.59	0.37	0.37	0	0	0.59
264100	0.59	0.37	0.37	0	0	0.59
264200	0.59	0.37	0.37	0	0	0.59
264300	0.59	0.36	0.36	0	0	0.59
264400	0.59	0.36	0.36	0	0	0.59
264500	0.59	0.36	0.36	0	0	0.59
264600	0.59	0.36	0.36	0	0	0.59
264700	0.59	0.36	0.36	0	0	0.59
264800	0.59	0.36	0.36	0	0	0.59
264900	0.59	0.36	0.36	0	0	0.59
265000	0.59	0.36	0.36	0	0	0.59
265100	0.59	0.36	0.36	0	0	0.59
265200	0.59	0.36	0.36	0	0	0.59
265300	0.59	0.36	0.36	0	0	0.59
265400	0.59	0.36	0.36	0	0	0.59
265500	0.59	0.35	0.35	0	0	0.59
265600	0.59	0.35	0.35	0	0	0.59
265700	0.59	0.35	0.35	0	0	0.59
265800	0.59	0.35	0.35	0	0	0.59
265900	0.59	0.35	0.35	0	0	0.59
266000	0.59	0.35	0.35	0	0	0.59
266100	0.59	0.35	0.35	0	0	0.59
266200	0.59	0.35	0.35	0	0	0.59
266300	0.59	0.35	0.35	0	0	0.59
266400	0.59	0.36	0.36	0	0	0.59
266500	0.59	0.36	0.36	0	0	0.59
266600	0.59	0.36	0.36	0	0	0.59
266700	0.59	0.36	0.36	0	0	0.59
266800	0.59	0.36	0.36	0	0	0.59
266900	0.59	0.36	0.36	0	0	0.59
267000	0.59	0.36	0.36	0	0	0.59
267100	0.59	0.36	0.36	0	0	0.59
267200	0.59	0.36	0.36	0	0	0.59
267300	0.59	0.36	0.36	0	0	0.59
267400	0.59	0.36	0.36	0	0	0.59
267500	0.59	0.36	0.36	0	0	0.59
267600	0.59	0.36	0.36	0	0	0.59
267700	0.59	0.36	0.36	0	0	0.59
267800	0.59	0.36	0.36	0	0	0.59
267900	0.59	0.36	0.36	0	0	0.59
268000	0.59	0.36	0.36	0	0	0.59
268100	0.59	0.36	0.36	0	0	0.59
268200	0.59	0.36	0.36	0	0	0.59
268300	0.59	0.37	0.37	0	0	0.59
268400	0.59	0.37	0.37	0	0	0.59
268500	0.59	0.37	0.37	0	0	0.59
268600	0.59	0.37	0.37	0	0	0.59
268700	0.59	0.37	0.37	0	0	0.59
268800	0.59	0.37	0.37	0	0	0.59
268900	0.59	0.37	0.37	0	0	0.59
269000	0.59	0.37	0.37	0	0	0.59
269100	0.59	0.37	0.37	0	0	0.59
269200	0.59	0.37	0.37	0	0	0.59
269300	0.59	0.37	0.37	0	0	0.59
269400	0.59	0.37	0.37	0	0	0.59
269500	0.59	0.37	0.37	0	0	0.59
269600	0.59	0.37	0.37	0	0	0.59
269700	0.59	0.36	0.36	0	0	0.59
269800	0.59	0.36	0.36	0	0	0.59
269900	0.59	0.36	0.36	0	0	0.59
270000	0.59	0.36	0.36	0	0	0.59
270100	0.59	0.36	0.36	0	0	0.59
270200	0.59	0.36	0.36	0	0	0.59
270300	0.59	0.36	0.36	0	0	0.59
270400	0.59	0.36	0.36	0	0	0.59
270500	0.59	0.36	0.36	0	0	0.59
270600	0.59	0.36	0.36	0	0	0.59
270700	0.59	0.36	0.36	0	0	0.59
270800	0.59	0.36	0.36	0	0	0.59
270900	0.59	0.36	0.36	0	0	0.59
271000	0.59	0.36	0.36	0	0	0.59
271100	0.59	0.36	0.36	0	0	0.59
271200	0.59	0.36	0.36	0	0	0.59
271300	0.59	0.36	0.36	0	0	0.59
271400	0.59	0.36	0.36	0	0	0.59
271500	0.59	0.36	0.36	0	0	0.59
271600	0.59	0.36	0.36	0	0	0.59
271700	0.6	0.36	0.36	0	0	0.6
271800	0.6	0.36	0.36	0	0	0.6
271900	0.6	0.36	0.36	0	0	0.6
272000	0.6	0.36	0.36	0	0	0.6
272100	0.6	0.36	0.36	0	0	0.6
272200	0.6	0.36	0.36	0	0	0.6
272300	0.6	0.36	0.36	0	0	0.6
272400	0.6	0.36	0.36	0	0	0.6
272500	0.6	0.36	0.36	0	0	0.6
272600	0.6	0.36	0.36	0	0	0.6
272700	0.6	0.36	0.36	0	0	0.6
272800	0.6	0.36	0.36	0	0	0.6
272900	0.6	0.36	0.36	0	0	0.6
273000	0.6	0.36	0.36	0	0	0.6
273100	0.6	0.36	0.36	0	0	0.6
273200	0.6	0.36	0.36	0	0	0.6
273300	0.6	0.36	0.36	0	0	0.6
273400	0.6	0.36	0.36	0	0	0.6
273500	0.6	0.36	0.36	0	0	0.6
273600	0.6	0.36	0.36	0	0	0.6
273700	0.6	0.36	0.36	0	0	0.6
273800	0.6	0.36	0.36	0	0	0.6
273900	0.6	0.36	0.36	0	0	0.6
274000	0.6	0.36	0.36	0	0	0.6
274100	0.6	0.36	0.36	0	0	0.6
274200	0.6	0.37	0.37	0	0	0.6
274300	0.6	0.37	0.37	0	0	0.6
274400	0.6	0.37	0.37	0	0	0.6
274500	0.6	0.37	0.37	0	0	0.6
274600	0.6	0.37	0.37	0	0	0.6
274700	0.6	0.37	0.37	0	0	0.6
274800	0.6	0.37	0.37	0	0	0.6
274900	0.6	0.37	0.37	0	0	0.6
275000	0.6	0.37	0.37	0	0	0.6
275100	0.6	0.37	0.37	0	0	0.6
275200	0.6	0.37	0.37	0	0	0.6
275300	0.6	0.37	0.37	0	0	0.6
275400	0.6	0.37	0.37	0	0	0.6
275500	0.6	0.37	0.37	0	0	0.6
275600	0.6	0.37	0.37	0	0	0.6
275700	0.6	0.37	0.37	0	0	0.6
275800	0.6	0.37	0.37	0	0	0.6
275900	0.6	0.38	0.38	0	0	0.6
276000	0.6	0.38	0.38	0	0	0.6
276100	0.6	0.39	0.39	0	0	0.6
276200	0.6	0.39	0.39	0	0	0.6
276300	0.6	0.39	0.39	0	0	0.6
276400	0.6	0.39	0.39	0	0	0.6
276500	0.6	0.38	0.38	0	0	0.6
276600	0.6	0.38	0.38	0	0	0.6
276700	0.6	0.38	0.38	0	0	0.6
276800	0.6	0.38	0.38	0	0	0.6
276900	0.6	0.38	0.38	0	0	0.6
277000	0.6	0.38	0.38	0	0	0.6
277100	0.6	0.38	0.38	0	0	0.6
277200	0.6	0.38	0.38	0	0	0.6
277300	0.6	0.38	0.38	0	0	0.6
277400	0.6	0.38	0.38	0	0	0.6
277500	0.6	0.38	0.38	0	0	0.6
277600	0.6	0.38	0.38	0	0	0.6
277700	0.6	0.38	0.38	0	0	0.6
277800	0.6	0.38	0.38	0	0	0.6
277900	0.6	0.38	0.38	0	0	0.6
278000	0.6	0.38	0.38	0	0	0.6
278100	0.6	0.38	0.38	0	0	0.6
278200	0.6	0.38	0.38	0	0	0.6
278300	0.6	0.38	0.38	0	0	0.6
278400	0.6	0.38	0.38	0	0	0.6
278500	0.59	0.38	0.38	0	0	0.59
278600	0.59	0.38	0.38	0	0	0.59
278700	0.59	0.38	0.38	0	0	0.59
278800	0.59	0.39	0.39	0	0	0.59
278900	0.59	0.39	0.39	0	0	0.59
279000	0.59	0.39	0.39	0	0	0.59
279100	0.59	0.39	0.39	0	0	0.59
279200	0.59	0.39	0.39	0	0	0.59
279300	0.59	0.39	0.39	0	0	0.59
279400	0.59	0.39	0.39	0	0	0.59
279500	0.59	0.38	0.38	0	0	0.59
279600	0.59	0.38	0.38	0	0	0.59
279700	0.59	0.38	0.38	0	0	0.59
279800	0.59	0.38	0.38	0	0	0.59
279900	0.59	0.38	0.38	0	0	0.59
280000	0.59	0.38	0.38	0	0	0.59
280100	0.6	0.38	0.38	0	0	0.6
280200	0.6	0.38	0.38	0	0	0.6
280300	0.6	0.38	0.38	0	0	0.6
280400	0.59	0.38	0.38	0	0	0.59
280500	0.59	0.38	0.38	0	0	0.59
280600	0.59	0.38	0.38	0	0	0.59
280700	0.59	0.38	0.38	0	0	0.59
280800	0.59	0.38	0.38	0	0	0.59
280900	0.59	0.38	0.38	0	0	0.59
281000	0.59	0.38	0.38	0	0	0.59
281100	0.59	0.38	0.38	0	0	0.59
281200	0.59	0.39	0.39	0	0	0.59
281300	0.59	0.39	0.39	0	0	0.59
281400	0.59	0.39	0.39	0	0	0.59
281500	0.59	0.39	0.39	0	0	0.59
281600	0.59	0.38	0.38	0	0	0.59
281700	0.59	0.38	0.38	0	0	0.59
281800	0.59	0.38	0.38	0	0	0.59
281900	0.59	0.38	0.38	0	0	0.59
282000	0.59	0.38	0.38	0	0	0.59
282100	0.59	0.38	0.38	0	0	0.59
282200	0.59	0.38	0.38	0	0	0.59
282300	0.59	0.38	0.38	0	0	0.59
282400	0.59	0.38	0.38	0	0	0.59
282500	0.59	0.38	0.38	0	0	0.59
282600	0.59	0.38	0.38	0	0	0.59
282700	0.59	0.38	0.38	0	0	0.59
282800	0.59	0.38	0.38	0	0	0.59
282900	0.6	0.38	0.38	0	0	0.6
283000	0.6	0.38	0.38	0	0	0.6
283100	0.6	0.38	0.38	0	0	0.6
283200	0.6	0.38	0.38	0	0	0.6
283300	0.6	0.38	0.38	0	0	0.6
283400	0.6	0.38	0.38	0	0	0.6
283500	0.59	0.38	0.38	0	0	0.59
283600	0.58	0.38	0.38	0	0	0.58
283700	0.58	0.38	0.38	0	0	0.58
283800	0.58	0.38	0.38	0	0	0.58
283900	0.58	0.38	0.38	0	0	0.58
284000	0.58	0.38	0.38	0	0	0.58
284100	0.58	0.38	0.38	0	0	0.58
284200	0.58	0.38	0.38	0	0	0.58
284300	0.58	0.37	0.37	0	0	0.58
284400	0.58	0.37	0.37	0	0	0.58
284500	0.58	0.37	0.37	0	0	0.58
284600	0.58	0.37	0.37	0	0	0.58
284700	0.58	0.37	0.37	0	0	0.58
284800	0.58	0.37	0.37	0	0	0.58
284900	0.58	0.37	0.37	0	0	0.58
285000	0.58	0.37	0.37	0	0	0.58
285100	0.58	0.37	0.37	0	0	0.58
285200	0.58	0.37	0.37	0	0	0.58
285300	0.58	0.38	0.38	0	0	0.58
285400	0.58	0.38	0.38	0	0	0.58
285500	0.58	0.38	0.38	0	0	0.58
285600	0.58	0.38	0.38	0	0	0.58
285700	0.58	0.38	0.38	0	0	0.58
285800	0.58	0.37	0.37	0	0	0.58
285900	0.58	0.37	0.37	0	0	0.58
286000	0.58	0.37	0.37	0	0	0.58
286100	0.58	0.37	0.37	0	0	0.58
286200	0.59	0.37	0.37	0	0	0.59
286300	0.58	0.37	0.37	0	0	0.58
286400	0.58	0.37	0.37	0	0	0.58
286500	0.58	0.37	0.37	0	0	0.58
286600	0.58	0.38	0.38	0	0	0.58
286700	0.58	0.39	0.39	0	0	0.58
286800	0.58	0.39	0.39	0	0	0.58
286900	0.58	0.39	0.39	0	0	0.58
287000	0.58	0.39	0.39	0	0	0.58
287100	0.58	0.39	0.39	0	0	0.58
287200	0.58	0.38	0.38	0	0	0.58
287300	0.58	0.38	0.38	0	0	0.58
287400	0.58	0.38	0.38	0	0	0.58
287500	0.58	0.38	0.38	0	0	0.58
287600	0.58	0.38	0.38	0	0	0.58
287700	0.58	0.38	0.38	0	0	0.58
287800	0.58	0.37	0.37	0	0	0.58
287900	0.58	0.37	0.37	0	0	0.58
288000	0.58	0.37	0.37	0	0	0.58
288100	0.58	0.37	0.37	0	0	0.58
288200	0.58	0.37	0.37	0	0	0.58
288300	0.58	0.37	0.37	0	0	0.58
288400	0.58	0.37	0.37	0	0	0.58
288500	0.58	0.37	0.37	0	0	0.58
288600	0.58	0.37	0.37	0	0	0.58
288700	0.58	0.37	0.37	0	0	0.58
288800	0.58	0.37	0.37	0	0	0.58
288900	0.58	0.38	0.38	0	0	0.58
289000	0.58	0.38	0.38	0	0	0.58
289100	0.58	0.38	0.38	0	0	0.58
289200	0.58	0.38	0.38	0	0	0.58
289300	0.58	0.38	0.38	0	0	0.58
289400	0.58	0.38	0.38	0	0	0.58
289500	0.58	0.37	0.37	0	0	0.58
289600	0.58	0.37	0.37	0	0	0.58
289700	0.58	0.37	0.37	0	0	0.58
289800	0.58	0.37	0.37	0	0	0.58
289900	0.58	0.37	0.37	0	0	0.58
290000	0.58	0.37	0.37	0	0	0.58
290100	0.58	0.37	0.37	0	0	0.58
290200	0.58	0.37	0.37	0	0	0.58
290300	0.58	0.37	0.37	0	0	0.58
290400	0.58	0.37	0.37	0	0	0.58
290500	0.58	0.37	0.37	0	0	0.58
290600	0.58	0.37	0.37	0	0	0.58
290700	0.58	0.37	0.37	0	0	0.58
290800	0.59	0.37	0.37	0	0	0.59
290900	0.59	0.37	0.37	0	0	0.59
291000	0.59	0.38	0.38	0	0	0.59
291100	0.59	0.38	0.38	0	0	0.59
291200	0.59	0.38	0.38	0	0	0.59
291300	0.59	0.38	0.38	0	0	0.59
291400	0.59	0.38	0.38	0	0	0.59
291500	0.59	0.38	0.38	0	0	0.59
291600	0.59	0.38	0.38	0	0	0.59
291700	0.59	0.38	0.38	0	0	0.59
291800	0.58	0.38	0.38	0	0	0.58
291900	0.58	0.38	0.38	0	0	0.58
292000	0.58	0.38	0.38	0	0	0.58
292100	0.58	0.38	0.38	0	0	0.58
292200	0.58	0.38	0.38	0	0	0.58
292300	0.58	0.38	0.38	0	0	0.58
292400	0.58	0.38	0.38	0	0	0.58
292500	0.58	0.38	0.38	0	0	0.58
292600	0.58	0.38	0.38	0	0	0.58
292700	0.58	0.38	0.38	0	0	0.58
292800	0.58	0.38	0.38	0	0	0.58
292900	0.59	0.38	0.38	0	0	0.59
293000	0.59	0.38	0.38	0	0	0.59
293100	0.59	0.38	0.38	0	0	0.59
293200	0.59	0.38	0.38	0	0	0.59
293300	0.59	0.38	0.38	0	0	0.59
293400	0.59	0.38	0.38	0	0	0.59
293500	0.59	0.39	0.39	0	0	0.59
293600	0.59	0.39	0.39	0	0	0.59
293700	0.59	0.39	0.39	0	0	0.59
293800	0.59	0.39	0.39	0	0	0.59
293900	0.59	0.39	0.39	0	0	0.59
294000	0.59	0.39	0.39	0	0	0.59
294100	0.59	0.39	0.39	0	0	0.59
294200	0.59	0.39	0.39	0	0	0.59
294300	0.59	0.39	0.39	0	0	0.59
294400	0.59	0.39	0.39	0	0	0.59
294500	0.59	0.39	0.39	0	0	0.59
294600	0.59	0.39	0.39	0	0	0.59
294700	0.59	0.39	0.39	0	0	0.59
294800	0.59	0.4	0.4	0	0	0.59
294900	0.59	0.4	0.4	0	0	0.59
295000	0.59	0.4	0.4	0	0	0.59
295100	0.59	0.39	0.39	0	0	0.59
295200	0.59	0.39	0.39	0	0	0.59
295300	0.59	0.39	0.39	0	0	0.59
295400	0.59	0.39	0.39	0	0	0.59
295500	0.59	0.39	0.39	0	0	0.59
295600	0.59	0.39	0.39	0	0	0.59
295700	0.59	0.39	0.39	0	0	0.59
295800	0.59	0.39	0.39	0	0	0.59
295900	0.59	0.39	0.39	0	0	0.59
296000	0.59	0.38	0.38	0	0	0.59
296100	0.59	0.38	0.38	0	0	0.59
296200	0.59	0.38	0.38	0	0	0.59
296300	0.59	0.38	0.38	0	0	0.59
296400	0.59	0.38	0.38	0	0	0.59
296500	0.59	0.38	0.38	0	0	0.59
296600	0.59	0.39	0.39	0	0	0.59
296700	0.59	0.39	0.39	0	0	0.59
296800	0.59	0.39	0.39	0	0	0.59
296900	0.59	0.39	0.39	0	0	0.59
297000	0.59	0.39	0.39	0	0	0.59
297100	0.59	0.39	0.39	0	0	0.59
297200	0.59	0.38	0.38	0	0	0.59
297300	0.59	0.38	0.38	0	0	0.59
297400	0.59	0.38	0.38	0	0	0.59
297500	0.59	0.38	0.38	0	0	0.59
297600	0.59	0.38	0.38	0	0	0.59
297700	0.59	0.38	0.38	0	0	0.59
297800	0.59	0.38	0.38	0	0	0.59
297900	0.59	0.38	0.38	0	0	0.59
298000	0.59	0.38	0.38	0	0	0.59
298100	0.59	0.38	0.38	0	0	0.59
298200	0.59	0.38	0.38	0	0	0.59
298300	0.59	0.38	0.38	0	0	0.59
298400	0.59	0.38	0.38	0	0	0.59
298500	0.59	0.38	0.38	0	0	0.59
298600	0.59	0.38	0.38	0	0	0.59
298700	0.59	0.38	0.38	0	0	0.59
298800	0.59	0.38	0.38	0	0	0.59
298900	0.59	0.38	0.38	0	0	0.59
299000	0.59	0.38	0.38	0	0	0.59
299100	0.59	0.38	0.38	0	0	0.59
299200	0.59	0.38	0.38	0	0	0.59
299300	0.59	0.38	0.38	0	0	0.59
299400	0.59	0.38	0.38	0	0	0.59
299500	0.59	0.38	0.38	0	0	0.59
299600	0.59	0.38	0.38	0	0	0.59
299700	0.59	0.38	0.38	0	0	0.59
299800	0.59	0.38	0.38	0	0	0.59
299900	0.59	0.38	0.38	0	0	0.59
300000	0.59	0.38	0.38	0	0	0.59
