100	0.06	0.07	0.07	0	0	0.06
200	0.01	0.06	0.06	0	0	0.01
300	0	0.05	0.05	0	0	0
400	0.01	0.05	0.05	0	0	0.01
500	0.02	0.06	0.06	0	0	0.02
600	0.01	0.04	0.04	0	0	0.01
700	0	0.04	0.04	0	0	0
800	0	0.03	0.03	0	0	0
900	0.01	0.04	0.04	0	0	0.01
1000	0.03	0.01	0.01	0	0	0.03
1100	0.03	0.01	0.01	0	0	0.03
1200	0.04	0.01	0.01	0	0	0.04
1300	0.04	0.01	0.01	0	0	0.04
1400	0.03	0.01	0.01	0	0	0.03
1500	0.04	0.02	0.02	0	0	0.04
1600	0.06	0.03	0.03	0	0	0.06
1700	0.05	0.03	0.03	0	0	0.05
1800	0.06	0.03	0.03	0	0	0.06
1900	0.05	0.03	0.03	0	0	0.05
2000	0.05	0.06	0.06	0	0	0.05
2100	0.03	0.07	0.07	0	0	0.03
2200	0.02	0.07	0.07	0	0	0.02
2300	0	0.06	0.06	0	0	0
2400	0.01	0.04	0.04	0	0	0.01
2500	0.01	0.03	0.03	0	0	0.01
2600	0.01	0.04	0.04	0	0	0.01
2700	0	0.03	0.03	0	0	0
2800	0	0.04	0.04	0	0	0
2900	0	0.04	0.04	0	0	0
3000	0.01	0.03	0.03	0	0	0.01
3100	0.01	0.05	0.05	0	0	0.01
3200	0.01	0.06	0.06	0	0	0.01
3300	0.02	0.06	0.06	0	0	0.02
3400	0.03	0.06	0.06	0	0	0.03
3500	0.03	0.05	0.05	0	0	0.03
3600	0.04	0.04	0.04	0	0	0.04
3700	0.04	0.05	0.05	0	0	0.04
3800	0.02	0.05	0.05	0	0	0.02
3900	0.02	0.02	0.02	0	0	0.02
4000	0.01	0.02	0.02	0	0	0.01
4100	0.01	0.02	0.02	0	0	0.01
4200	0.03	0.03	0.03	0	0	0.03
4300	0.05	0	0	0	0	0.05
4400	0.04	0	0	0	0	0.04
4500	0.04	0	0	0	0	0.04
4600	0.04	0.01	0.01	0	0	0.04
4700	0.02	0.01	0.01	0	0	0.02
4800	0	0.02	0.02	0	0	0
4900	0.01	0.04	0.04	0	0	0.01
5000	0.01	0.02	0.02	0	0	0.01
5100	0.01	0.03	0.03	0	0	0.01
5200	0.01	0.04	0.04	0	0	0.01
5300	0.01	0.05	0.05	0	0	0.01
5400	0.01	0.04	0.04	0	0	0.01
5500	0.03	0.05	0.05	0	0	0.03
5600	0.04	0.05	0.05	0	0	0.04
5700	0.03	0.03	0.03	0	0	0.03
5800	0.02	0.02	0.02	0	0	0.02
5900	0.01	0.01	0.01	0	0	0.01
6000	0.03	0	0	0	0	0.03
6100	0.03	0.02	0.02	0	0	0.03
6200	0.02	0.03	0.03	0	0	0.02
6300	0.03	0.03	0.03	0	0	0.03
6400	0.04	0.01	0.01	0	0	0.04
6500	0.05	0.01	0.01	0	0	0.05
6600	0.05	0.02	0.02	0	0	0.05
6700	0.03	0.02	0.02	0	0	0.03
6800	0.01	0.04	0.04	0	0	0.01
6900	0.02	0.06	0.06	0	0	0.02
7000	0.03	0.06	0.06	0	0	0.03
7100	0.05	0.06	0.06	0	0	0.05
7200	0.06	0.05	0.05	0	0	0.06
7300	0.05	0.05	0.05	0	0	0.05
7400	0.04	0.05	0.05	0	0	0.04
7500	0.03	0.04	0.04	0	0	0.03
7600	0.03	0.04	0.04	0	0	0.03
7700	0.04	0.04	0.04	0	0	0.04
7800	0.04	0.04	0.04	0	0	0.04
7900	0.01	0.04	0.04	0	0	0.01
8000	0.01	0.05	0.05	0	0	0.01
8100	0.01	0.05	0.05	0	0	0.01
8200	0.03	0.05	0.05	0	0	0.03
8300	0.02	0.04	0.04	0	0	0.02
8400	0.02	0.04	0.04	0	0	0.02
8500	0.01	0.05	0.05	0	0	0.01
8600	0.03	0.04	0.04	0	0	0.03
8700	0.03	0.04	0.04	0	0	0.03
8800	0.04	0.02	0.02	0	0	0.04
8900	0.04	0.01	0.01	0	0	0.04
9000	0.05	0.02	0.02	0	0	0.05
9100	0.05	0.03	0.03	0	0	0.05
9200	0.08	0.05	0.05	0	0	0.08
9300	0.07	0.04	0.04	0	0	0.07
9400	0.05	0.05	0.05	0	0	0.05
9500	0.06	0.07	0.07	0	0	0.06
9600	0.05	0.07	0.07	0	0	0.05
9700	0.05	0.06	0.06	0	0	0.05
9800	0.01	0.08	0.08	0	0	0.01
9900	0.01	0.06	0.06	0	0	0.01
10000	0.01	0.04	0.04	0	0	0.01
10100	0.01	0.03	0.03	0	0	0.01
10200	0.02	0.03	0.03	0	0	0.02
10300	0.02	0.04	0.04	0	0	0.02
10400	0.01	0.03	0.03	0	0	0.01
10500	0.03	0.04	0.04	0	0	0.03
10600	0.05	0.04	0.04	0	0	0.05
10700	0.06	0.03	0.03	0	0	0.06
10800	0.05	0.02	0.02	0	0	0.05
10900	0.03	0.03	0.03	0	0	0.03
11000	0.03	0.01	0.01	0	0	0.03
11100	0.02	0.01	0.01	0	0	0.02
11200	0.01	0.01	0.01	0	0	0.01
11300	0.01	0.01	0.01	0	0	0.01
11400	0.03	0.02	0.02	0	0	0.03
11500	0.05	0.01	0.01	0	0	0.05
11600	0.07	0.02	0.02	0	0	0.07
11700	0.07	0.01	0.01	0	0	0.07
11800	0.07	0.01	0.01	0	0	0.07
11900	0.04	0.03	0.03	0	0	0.04
12000	0.03	0.05	0.05	0	0	0.03
12100	0.02	0.05	0.05	0	0	0.02
12200	0.01	0.03	0.03	0	0	0.01
12300	0.02	0.05	0.05	0	0	0.02
12400	0.03	0.06	0.06	0	0	0.03
12500	0.04	0.06	0.06	0	0	0.04
12600	0.03	0.05	0.05	0	0	0.03
12700	0.03	0.02	0.02	0	0	0.03
12800	0.02	0.01	0.01	0	0	0.02
12900	0.02	0.01	0.01	0	0	0.02
13000	0.02	0.02	0.02	0	0	0.02
13100	0.03	0.03	0.03	0	0	0.03
13200	0.03	0.04	0.04	0	0	0.03
13300	0.03	0.04	0.04	0	0	0.03
13400	0.02	0.02	0.02	0	0	0.02
13500	0.03	0.02	0.02	0	0	0.03
13600	0.04	0.03	0.03	0	0	0.04
13700	0.03	0.02	0.02	0	0	0.03
13800	0.02	0.02	0.02	0	0	0.02
13900	0.02	0.02	0.02	0	0	0.02
14000	0.03	0.03	0.03	0	0	0.03
14100	0.04	0.03	0.03	0	0	0.04
14200	0.03	0.03	0.03	0	0	0.03
14300	0.03	0.05	0.05	0	0	0.03
14400	0.01	0.05	0.05	0	0	0.01
14500	0.01	0.05	0.05	0	0	0.01
14600	0.02	0.05	0.05	0	0	0.02
14700	0.02	0.03	0.03	0	0	0.02
14800	0.02	0.02	0.02	0	0	0.02
14900	0.04	0.05	0.05	0	0	0.04
15000	0.03	0.05	0.05	0	0	0.03
15100	0.02	0.02	0.02	0	0	0.02
15200	0.03	0.02	0.02	0	0	0.03
15300	0.01	0.03	0.03	0	0	0.01
15400	0.02	0.03	0.03	0	0	0.02
15500	0.02	0.02	0.02	0	0	0.02
15600	0.02	0.05	0.05	0	0	0.02
15700	0.03	0.07	0.07	0	0	0.03
15800	0.01	0.05	0.05	0	0	0.01
15900	0.02	0.05	0.05	0	0	0.02
16000	0.02	0.05	0.05	0	0	0.02
16100	0.03	0	0	0	0	0.03
16200	0.03	0.01	0.01	0	0	0.03
16300	0.03	0.01	0.01	0	0	0.03
16400	0.04	0.04	0.04	0	0	0.04
16500	0.04	0.04	0.04	0	0	0.04
16600	0.04	0.01	0.01	0	0	0.04
16700	0.03	0.02	0.02	0	0	0.03
16800	0.05	0	0	0	0	0.05
16900	0.04	0.01	0.01	0	0	0.04
17000	0.07	0.02	0.02	0	0	0.07
17100	0.05	0.03	0.03	0	0	0.05
17200	0.03	0.01	0.01	0	0	0.03
17300	0.03	0.01	0.01	0	0	0.03
17400	0.04	0.03	0.03	0	0	0.04
17500	0.05	0.03	0.03	0	0	0.05
17600	0.02	0.04	0.04	0	0	0.02
17700	0.03	0.03	0.03	0	0	0.03
17800	0.05	0.02	0.02	0	0	0.05
17900	0.06	0.02	0.02	0	0	0.06
18000	0.04	0.01	0.01	0	0	0.04
18100	0.03	0.02	0.02	0	0	0.03
18200	0.03	0.01	0.01	0	0	0.03
18300	0.03	0.01	0.01	0	0	0.03
18400	0.02	0.01	0.01	0	0	0.02
18500	0.02	0.03	0.03	0	0	0.02
18600	0.03	0.03	0.03	0	0	0.03
18700	0.01	0.03	0.03	0	0	0.01
18800	0.01	0.02	0.02	0	0	0.01
18900	0	0	0	0	0	0
19000	0	0.01	0.01	0	0	0
19100	0	0.02	0.02	0	0	0
19200	0.02	0.02	0.02	0	0	0.02
19300	0.02	0.02	0.02	0	0	0.02
19400	0.04	0.03	0.03	0	0	0.04
19500	0.03	0.01	0.01	0	0	0.03
19600	0.05	0.02	0.02	0	0	0.05
19700	0.06	0.01	0.01	0	0	0.06
19800	0.07	0	0	0	0	0.07
19900	0.06	0.01	0.01	0	0	0.06
20000	0.05	0.01	0.01	0	0	0.05
20100	0.04	0.01	0.01	0	0	0.04
20200	0.05	0.02	0.02	0	0	0.05
20300	0.04	0.04	0.04	0	0	0.04
20400	0.04	0.03	0.03	0	0	0.04
20500	0.03	0.05	0.05	0	0	0.03
20600	0.06	0.04	0.04	0	0	0.06
20700	0.04	0.04	0.04	0	0	0.04
20800	0.02	0.03	0.03	0	0	0.02
20900	0.02	0.03	0.03	0	0	0.02
21000	0.03	0.01	0.01	0	0	0.03
21100	0.03	0	0	0	0	0.03
21200	0.03	0	0	0	0	0.03
21300	0.02	0	0	0	0	0.02
21400	0.02	0.01	0.01	0	0	0.02
21500	0.02	0.02	0.02	0	0	0.02
21600	0.02	0.03	0.03	0	0	0.02
21700	0	0.03	0.03	0	0	0
21800	0.01	0.05	0.05	0	0	0.01
21900	0.02	0.07	0.07	0	0	0.02
22000	0.03	0.06	0.06	0	0	0.03
22100	0.04	0.06	0.06	0	0	0.04
22200	0.04	0.05	0.05	0	0	0.04
22300	0.04	0.04	0.04	0	0	0.04
22400	0.03	0.02	0.02	0	0	0.03
22500	0.01	0.02	0.02	0	0	0.01
22600	0.01	0.02	0.02	0	0	0.01
22700	0.02	0.01	0.01	0	0	0.02
22800	0.02	0.03	0.03	0	0	0.02
22900	0.02	0.03	0.03	0	0	0.02
23000	0.02	0.01	0.01	0	0	0.02
23100	0	0.02	0.02	0	0	0
23200	0	0.01	0.01	0	0	0
23300	0.01	0.02	0.02	0	0	0.01
23400	0.01	0.02	0.02	0	0	0.01
23500	0.01	0.03	0.03	0	0	0.01
23600	0.01	0.02	0.02	0	0	0.01
23700	0.01	0.02	0.02	0	0	0.01
23800	0.01	0.03	0.03	0	0	0.01
23900	0.03	0.03	0.03	0	0	0.03
24000	0.04	0.03	0.03	0	0	0.04
24100	0.06	0.02	0.02	0	0	0.06
24200	0.07	0.01	0.01	0	0	0.07
24300	0.05	0	0	0	0	0.05
24400	0.05	0	0	0	0	0.05
24500	0.05	0.02	0.02	0	0	0.05
24600	0.03	0.02	0.02	0	0	0.03
24700	0.01	0.04	0.04	0	0	0.01
24800	0.01	0.05	0.05	0	0	0.01
24900	0.02	0.06	0.06	0	0	0.02
25000	0.02	0.02	0.02	0	0	0.02
25100	0.03	0.01	0.01	0	0	0.03
25200	0.04	0	0	0	0	0.04
25300	0.05	0.02	0.02	0	0	0.05
25400	0.05	0.03	0.03	0	0	0.05
25500	0.02	0.03	0.03	0	0	0.02
25600	0.04	0.04	0.04	0	0	0.04
25700	0.05	0.04	0.04	0	0	0.05
25800	0.05	0.03	0.03	0	0	0.05
25900	0.04	0.03	0.03	0	0	0.04
26000	0.02	0.02	0.02	0	0	0.02
26100	0	0.01	0.01	0	0	0
26200	0.01	0.02	0.02	0	0	0.01
26300	0.01	0.03	0.03	0	0	0.01
26400	0	0.02	0.02	0	0	0
26500	0	0.03	0.03	0	0	0
26600	0.01	0.01	0.01	0	0	0.01
26700	0.01	0.01	0.01	0	0	0.01
26800	0.02	0.02	0.02	0	0	0.02
26900	0.02	0.03	0.03	0	0	0.02
27000	0.05	0.03	0.03	0	0	0.05
27100	0.06	0.03	0.03	0	0	0.06
27200	0.04	0.05	0.05	0	0	0.04
27300	0.04	0.05	0.05	0	0	0.04
27400	0.04	0.05	0.05	0	0	0.04
27500	0.05	0.02	0.02	0	0	0.05
27600	0.06	0.02	0.02	0	0	0.06
27700	0.04	0	0	0	0	0.04
27800	0.03	0.01	0.01	0	0	0.03
27900	0.03	0.01	0.01	0	0	0.03
28000	0.03	0.01	0.01	0	0	0.03
28100	0.03	0.02	0.02	0	0	0.03
28200	0.04	0.03	0.03	0	0	0.04
28300	0.05	0.01	0.01	0	0	0.05
28400	0.04	0.03	0.03	0	0	0.04
28500	0.04	0.02	0.02	0	0	0.04
28600	0.03	0.03	0.03	0	0	0.03
28700	0.04	0.05	0.05	0	0	0.04
28800	0.04	0.01	0.01	0	0	0.04
28900	0.04	0.01	0.01	0	0	0.04
29000	0.02	0	0	0	0	0.02
29100	0.02	0.01	0.01	0	0	0.02
29200	0.01	0.01	0.01	0	0	0.01
29300	0.04	0	0	0	0	0.04
29400	0.03	0.03	0.03	0	0	0.03
29500	0.03	0.05	0.05	0	0	0.03
29600	0.02	0.08	0.08	0	0	0.02
29700	0.02	0.06	0.06	0	0	0.02
29800	0.03	0.06	0.06	0	0	0.03
29900	0.04	0.05	0.05	0	0	0.04
30000	0.04	0.02	0.02	0	0	0.04
30100	0.03	0.03	0.03	0	0	0.03
30200	0.02	0.03	0.03	0	0	0.02
30300	0.03	0.02	0.02	0	0	0.03
30400	0.04	0.01	0.01	0	0	0.04
30500	0.04	0.02	0.02	0	0	0.04
30600	0.05	0.03	0.03	0	0	0.05
30700	0.05	0.05	0.05	0	0	0.05
30800	0.05	0.06	0.06	0	0	0.05
30900	0.03	0.06	0.06	0	0	0.03
31000	0.02	0.05	0.05	0	0	0.02
31100	0.02	0.04	0.04	0	0	0.02
31200	0	0.03	0.03	0	0	0
31300	0.01	0.05	0.05	0	0	0.01
31400	0.01	0.02	0.02	0	0	0.01
31500	0.01	0.04	0.04	0	0	0.01
31600	0.01	0.05	0.05	0	0	0.01
31700	0.02	0.03	0.03	0	0	0.02
31800	0.02	0.03	0.03	0	0	0.02
31900	0.01	0.03	0.03	0	0	0.01
32000	0	0.03	0.03	0	0	0
32100	0	0.05	0.05	0	0	0
32200	0.01	0.05	0.05	0	0	0.01
32300	0.01	0.03	0.03	0	0	0.01
32400	0.01	0.04	0.04	0	0	0.01
32500	0	0.04	0.04	0	0	0
32600	0	0.05	0.05	0	0	0
32700	0.01	0.02	0.02	0	0	0.01
32800	0.03	0.01	0.01	0	0	0.03
32900	0.04	0.01	0.01	0	0	0.04
33000	0.03	0.01	0.01	0	0	0.03
33100	0.03	0.02	0.02	0	0	0.03
33200	0.02	0.03	0.03	0	0	0.02
33300	0.02	0.03	0.03	0	0	0.02
33400	0.04	0.05	0.05	0	0	0.04
33500	0.06	0.05	0.05	0	0	0.06
33600	0.07	0.06	0.06	0	0	0.07
33700	0.06	0.06	0.06	0	0	0.06
33800	0.03	0.05	0.05	0	0	0.03
33900	0.02	0.06	0.06	0	0	0.02
34000	0.02	0.04	0.04	0	0	0.02
34100	0.02	0.04	0.04	0	0	0.02
34200	0	0.06	0.06	0	0	0
34300	0.02	0.04	0.04	0	0	0.02
34400	0.03	0.03	0.03	0	0	0.03
34500	0.02	0.05	0.05	0	0	0.02
34600	0.02	0.05	0.05	0	0	0.02
34700	0.03	0.05	0.05	0	0	0.03
34800	0.02	0.04	0.04	0	0	0.02
34900	0.02	0.03	0.03	0	0	0.02
35000	0.02	0.03	0.03	0	0	0.02
35100	0.03	0.04	0.04	0	0	0.03
35200	0.02	0.03	0.03	0	0	0.02
35300	0.02	0.04	0.04	0	0	0.02
35400	0.02	0.05	0.05	0	0	0.02
35500	0.01	0.05	0.05	0	0	0.01
35600	0.02	0.04	0.04	0	0	0.02
35700	0.03	0.08	0.08	0	0	0.03
35800	0.04	0.06	0.06	0	0	0.04
35900	0.05	0.04	0.04	0	0	0.05
36000	0.05	0.03	0.03	0	0	0.05
36100	0.02	0.03	0.03	0	0	0.02
36200	0.03	0.03	0.03	0	0	0.03
36300	0.02	0.03	0.03	0	0	0.02
36400	0.02	0.02	0.02	0	0	0.02
36500	0.02	0.04	0.04	0	0	0.02
36600	0.03	0.02	0.02	0	0	0.03
36700	0.03	0.03	0.03	0	0	0.03
36800	0.03	0.04	0.04	0	0	0.03
36900	0.03	0.02	0.02	0	0	0.03
37000	0.03	0.01	0.01	0	0	0.03
37100	0.03	0.01	0.01	0	0	0.03
37200	0.02	0.01	0.01	0	0	0.02
37300	0.02	0.02	0.02	0	0	0.02
37400	0.02	0.02	0.02	0	0	0.02
37500	0.01	0.01	0.01	0	0	0.01
37600	0	0.01	0.01	0	0	0
37700	0	0.01	0.01	0	0	0
37800	0.01	0.01	0.01	0	0	0.01
37900	0.02	0.03	0.03	0	0	0.02
38000	0.03	0.04	0.04	0	0	0.03
38100	0.02	0.04	0.04	0	0	0.02
38200	0.02	0.01	0.01	0	0	0.02
38300	0.03	0	0	0	0	0.03
38400	0.01	0	0	0	0	0.01
38500	0.01	0	0	0	0	0.01
38600	0	0.01	0.01	0	0	0
38700	0	0.01	0.01	0	0	0
38800	0.01	0	0	0	0	0.01
38900	0.02	0	0	0	0	0.02
39000	0.01	0	0	0	0	0.01
39100	0.01	0	0	0	0	0.01
39200	0.04	0	0	0	0	0.04
39300	0.04	0.02	0.02	0	0	0.04
39400	0.03	0.06	0.06	0	0	0.03
39500	0.02	0.05	0.05	0	0	0.02
39600	0.02	0.06	0.06	0	0	0.02
39700	0.02	0.06	0.06	0	0	0.02
39800	0.02	0.06	0.06	0	0	0.02
39900	0.05	0.06	0.06	0	0	0.05
40000	0.05	0.01	0.01	0	0	0.05
40100	0.07	0.02	0.02	0	0	0.07
40200	0.06	0.04	0.04	0	0	0.06
40300	0.06	0.02	0.02	0	0	0.06
40400	0.05	0.02	0.02	0	0	0.05
40500	0.06	0.01	0.01	0	0	0.06
40600	0.05	0.01	0.01	0	0	0.05
40700	0.08	0.01	0.01	0	0	0.08
40800	0.07	0.03	0.03	0	0	0.07
40900	0.08	0.02	0.02	0	0	0.08
41000	0.09	0.03	0.03	0	0	0.09
41100	0.05	0.02	0.02	0	0	0.05
41200	0.03	0.03	0.03	0	0	0.03
41300	0.02	0.04	0.04	0	0	0.02
41400	0.01	0.04	0.04	0	0	0.01
41500	0.01	0.03	0.03	0	0	0.01
41600	0.02	0.03	0.03	0	0	0.02
41700	0.03	0.04	0.04	0	0	0.03
41800	0.03	0.05	0.05	0	0	0.03
41900	0.04	0.06	0.06	0	0	0.04
42000	0.04	0.03	0.03	0	0	0.04
42100	0.04	0.02	0.02	0	0	0.04
42200	0.03	0	0	0	0	0.03
42300	0.04	0	0	0	0	0.04
42400	0.03	0.02	0.02	0	0	0.03
42500	0.03	0.03	0.03	0	0	0.03
42600	0.02	0.05	0.05	0	0	0.02
42700	0.02	0.04	0.04	0	0	0.02
42800	0	0.04	0.04	0	0	0
42900	0.01	0.03	0.03	0	0	0.01
43000	0.01	0.02	0.02	0	0	0.01
43100	0.02	0.01	0.01	0	0	0.02
43200	0.03	0.01	0.01	0	0	0.03
43300	0.03	0.02	0.02	0	0	0.03
43400	0.02	0.03	0.03	0	0	0.02
43500	0.03	0.04	0.04	0	0	0.03
43600	0.01	0.02	0.02	0	0	0.01
43700	0.01	0.02	0.02	0	0	0.01
43800	0.03	0.03	0.03	0	0	0.03
43900	0.03	0.02	0.02	0	0	0.03
44000	0.02	0.01	0.01	0	0	0.02
44100	0.02	0.01	0.01	0	0	0.02
44200	0.02	0.01	0.01	0	0	0.02
44300	0.02	0.03	0.03	0	0	0.02
44400	0	0.03	0.03	0	0	0
44500	0	0.02	0.02	0	0	0
44600	0.02	0.03	0.03	0	0	0.02
44700	0.02	0.04	0.04	0	0	0.02
44800	0.02	0.03	0.03	0	0	0.02
44900	0.02	0.02	0.02	0	0	0.02
45000	0.03	0.04	0.04	0	0	0.03
45100	0.01	0.06	0.06	0	0	0.01
45200	0.01	0.05	0.05	0	0	0.01
45300	0	0.05	0.05	0	0	0
45400	0.01	0.06	0.06	0	0	0.01
45500	0.02	0.07	0.07	0	0	0.02
45600	0.03	0.07	0.07	0	0	0.03
45700	0.05	0.07	0.07	0	0	0.05
45800	0.04	0.08	0.08	0	0	0.04
45900	0.03	0.08	0.08	0	0	0.03
46000	0.01	0.08	0.08	0	0	0.01
46100	0	0.08	0.08	0	0	0
46200	0.01	0.06	0.06	0	0	0.01
46300	0.01	0.06	0.06	0	0	0.01
46400	0.02	0.09	0.09	0	0	0.02
46500	0.03	0.09	0.09	0	0	0.03
46600	0.02	0.09	0.09	0	0	0.02
46700	0.02	0.09	0.09	0	0	0.02
46800	0.04	0.1	0.1	0	0	0.04
46900	0.04	0.09	0.09	0	0	0.04
47000	0.04	0.11	0.11	0	0	0.04
47100	0.05	0.12	0.12	0	0	0.05
47200	0.01	0.12	0.12	0	0	0.01
47300	0	0.13	0.13	0	0	0
47400	0.01	0.13	0.13	0	0	0.01
47500	0.02	0.13	0.13	0	0	0.02
47600	0.02	0.12	0.12	0	0	0.02
47700	0.01	0.12	0.12	0	0	0.01
47800	0.01	0.12	0.12	0	0	0.01
47900	0.03	0.13	0.13	0	0	0.03
48000	0.03	0.15	0.15	0	0	0.03
48100	0.05	0.15	0.15	0	0	0.05
48200	0.04	0.17	0.17	0	0	0.04
48300	0.02	0.17	0.17	0	0	0.02
48400	0.03	0.17	0.17	0	0	0.03
48500	0.03	0.17	0.17	0	0	0.03
48600	0.01	0.17	0.17	0	0	0.01
48700	0.03	0.17	0.17	0	0	0.03
48800	0.03	0.17	0.17	0	0	0.03
48900	0.02	0.18	0.18	0	0	0.02
49000	0.03	0.18	0.18	0	0	0.03
49100	0.03	0.19	0.19	0	0	0.03
49200	0.02	0.19	0.19	0	0	0.02
49300	0.02	0.19	0.19	0	0	0.02
49400	0.02	0.19	0.19	0	0	0.02
49500	0.03	0.19	0.19	0	0	0.03
49600	0.02	0.19	0.19	0	0	0.02
49700	0.02	0.19	0.19	0	0	0.02
49800	0.02	0.2	0.2	0	0	0.02
49900	0.01	0.21	0.21	0	0	0.01
50000	0.02	0.22	0.22	0	0	0.02
50100	0.04	0.21	0.21	0	0	0.04
50200	0.04	0.21	0.21	0	0	0.04
50300	0.04	0.23	0.23	0	0	0.04
50400	0.02	0.23	0.23	0	0	0.02
50500	0.02	0.23	0.23	0	0	0.02
50600	0.03	0.22	0.22	0	0	0.03
50700	0.03	0.22	0.22	0	0	0.03
50800	0.03	0.23	0.23	0	0	0.03
50900	0.02	0.24	0.24	0	0	0.02
51000	0.01	0.23	0.23	0	0	0.01
51100	0.03	0.25	0.25	0	0	0.03
51200	0.03	0.25	0.25	0	0	0.03
51300	0.03	0.23	0.23	0	0	0.03
51400	0.03	0.23	0.23	0	0	0.03
51500	0.02	0.23	0.23	0	0	0.02
51600	0.02	0.22	0.22	0	0	0.02
51700	0.02	0.22	0.22	0	0	0.02
51800	0.02	0.21	0.21	0	0	0.02
51900	0.01	0.21	0.21	0	0	0.01
52000	0.01	0.21	0.21	0	0	0.01
52100	0.02	0.21	0.21	0	0	0.02
52200	0.03	0.22	0.22	0	0	0.03
52300	0.03	0.23	0.23	0	0	0.03
52400	0.02	0.23	0.23	0	0	0.02
52500	0.02	0.23	0.23	0	0	0.02
52600	0.05	0.24	0.24	0	0	0.05
52700	0.04	0.24	0.24	0	0	0.04
52800	0.04	0.24	0.24	0	0	0.04
52900	0.06	0.25	0.25	0	0	0.06
53000	0.03	0.24	0.24	0	0	0.03
53100	0.01	0.26	0.26	0	0	0.01
53200	0.01	0.24	0.24	0	0	0.01
53300	0	0.25	0.25	0	0	0
53400	0	0.27	0.27	0	0	0
53500	0	0.26	0.26	0	0	0
53600	0.02	0.25	0.25	0	0	0.02
53700	0.02	0.24	0.24	0	0	0.02
53800	0.03	0.24	0.24	0	0	0.03
53900	0.03	0.25	0.25	0	0	0.03
54000	0.04	0.26	0.26	0	0	0.04
54100	0.04	0.26	0.26	0	0	0.04
54200	0.03	0.27	0.27	0	0	0.03
54300	0.04	0.26	0.26	0	0	0.04
54400	0.04	0.26	0.26	0	0	0.04
54500	0.05	0.28	0.28	0	0	0.05
54600	0.05	0.27	0.27	0	0	0.05
54700	0.07	0.26	0.26	0	0	0.07
54800	0.05	0.26	0.26	0	0	0.05
54900	0.05	0.26	0.26	0	0	0.05
55000	0.04	0.27	0.27	0	0	0.04
55100	0.02	0.26	0.26	0	0	0.02
55200	0	0.26	0.26	0	0	0
55300	0	0.27	0.27	0	0	0
55400	0.02	0.27	0.27	0	0	0.02
55500	0.03	0.27	0.27	0	0	0.03
55600	0.04	0.28	0.28	0	0	0.04
55700	0.02	0.28	0.28	0	0	0.02
55800	0.02	0.29	0.29	0	0	0.02
55900	0	0.28	0.28	0	0	0
56000	0.02	0.28	0.28	0	0	0.02
56100	0.01	0.28	0.28	0	0	0.01
56200	0.01	0.27	0.27	0	0	0.01
56300	0.01	0.27	0.27	0	0	0.01
56400	0.01	0.26	0.26	0	0	0.01
56500	0.02	0.26	0.26	0	0	0.02
56600	0.01	0.26	0.26	0	0	0.01
56700	0.01	0.28	0.28	0	0	0.01
56800	0	0.28	0.28	0	0	0
56900	0	0.26	0.26	0	0	0
57000	0.01	0.26	0.26	0	0	0.01
57100	0.01	0.26	0.26	0	0	0.01
57200	0.01	0.27	0.27	0	0	0.01
57300	0.02	0.27	0.27	0	0	0.02
57400	0.05	0.26	0.26	0	0	0.05
57500	0.04	0.26	0.26	0	0	0.04
57600	0.02	0.26	0.26	0	0	0.02
57700	0.01	0.27	0.27	0	0	0.01
57800	0.01	0.27	0.27	0	0	0.01
57900	0.01	0.26	0.26	0	0	0.01
58000	0	0.26	0.26	0	0	0
58100	0.01	0.27	0.27	0	0	0.01
58200	0	0.27	0.27	0	0	0
58300	0	0.27	0.27	0	0	0
58400	0.01	0.27	0.27	0	0	0.01
58500	0.02	0.28	0.28	0	0	0.02
58600	0.02	0.29	0.29	0	0	0.02
58700	0.02	0.29	0.29	0	0	0.02
58800	0.02	0.28	0.28	0	0	0.02
58900	0.02	0.28	0.28	0	0	0.02
59000	0.01	0.29	0.29	0	0	0.01
59100	0.03	0.29	0.29	0	0	0.03
59200	0.04	0.3	0.3	0	0	0.04
59300	0.04	0.31	0.31	0	0	0.04
59400	0.05	0.33	0.33	0	0	0.05
59500	0.04	0.33	0.33	0	0	0.04
59600	0.04	0.33	0.33	0	0	0.04
59700	0.04	0.33	0.33	0	0	0.04
59800	0.03	0.34	0.34	0	0	0.03
59900	0.03	0.34	0.34	0	0	0.03
60000	0.01	0.35	0.35	0	0	0.01
60100	0.01	0.35	0.35	0	0	0.01
60200	0.01	0.34	0.34	0	0	0.01
60300	0.03	0.35	0.35	0	0	0.03
60400	0.03	0.36	0.36	0	0	0.03
60500	0.03	0.37	0.37	0	0	0.03
60600	0.03	0.38	0.38	0	0	0.03
60700	0.03	0.39	0.39	0	0	0.03
60800	0.03	0.38	0.38	0	0	0.03
60900	0.02	0.36	0.36	0	0	0.02
61000	0.01	0.36	0.36	0	0	0.01
61100	0.02	0.36	0.36	0	0	0.02
61200	0.03	0.36	0.36	0	0	0.03
61300	0.03	0.36	0.36	0	0	0.03
61400	0.04	0.37	0.37	0	0	0.04
61500	0.03	0.38	0.38	0	0	0.03
61600	0.03	0.38	0.38	0	0	0.03
61700	0.03	0.37	0.37	0	0	0.03
61800	0.03	0.37	0.37	0	0	0.03
61900	0.03	0.37	0.37	0	0	0.03
62000	0.03	0.37	0.37	0	0	0.03
62100	0.03	0.37	0.37	0	0	0.03
62200	0.04	0.38	0.38	0	0	0.04
62300	0.05	0.4	0.4	0	0	0.05
62400	0.04	0.4	0.4	0	0	0.04
62500	0.03	0.39	0.39	0	0	0.03
62600	0.02	0.39	0.39	0	0	0.02
62700	0.01	0.39	0.39	0	0	0.01
62800	0	0.39	0.39	0	0	0
62900	0	0.39	0.39	0	0	0
63000	0	0.4	0.4	0	0	0
63100	0.01	0.4	0.4	0	0	0.01
63200	0.02	0.42	0.42	0	0	0.02
63300	0.02	0.43	0.43	0	0	0.02
63400	0.03	0.45	0.45	0	0	0.03
63500	0.04	0.44	0.44	0	0	0.04
63600	0.04	0.44	0.44	0	0	0.04
63700	0.02	0.45	0.45	0	0	0.02
63800	0.02	0.45	0.45	0	0	0.02
63900	0.02	0.46	0.46	0	0	0.02
64000	0.02	0.46	0.46	0	0	0.02
64100	0.02	0.46	0.46	0	0	0.02
64200	0.03	0.45	0.45	0	0	0.03
64300	0.02	0.46	0.46	0	0	0.02
64400	0.07	0.46	0.46	0	0	0.07
64500	0.05	0.46	0.46	0	0	0.05
64600	0.07	0.46	0.46	0	0	0.07
64700	0.06	0.47	0.47	0	0	0.06
64800	0.06	0.47	0.47	0	0	0.06
64900	0.04	0.47	0.47	0	0	0.04
65000	0	0.48	0.48	0	0	0
65100	0	0.48	0.48	0	0	0
65200	0.01	0.48	0.48	0	0	0.01
65300	0	0.48	0.48	0	0	0
65400	0	0.48	0.48	0	0	0
65500	0	0.48	0.48	0	0	0
65600	0.01	0.48	0.48	0	0	0.01
65700	0.03	0.48	0.48	0	0	0.03
65800	0.03	0.48	0.48	0	0	0.03
65900	0.05	0.48	0.48	0	0	0.05
66000	0.07	0.49	0.49	0	0	0.07
66100	0.05	0.49	0.49	0	0	0.05
66200	0.05	0.49	0.49	0	0	0.05
66300	0.04	0.49	0.49	0	0	0.04
66400	0.05	0.49	0.49	0	0	0.05
66500	0.02	0.5	0.5	0	0	0.02
66600	0.01	0.5	0.5	0	0	0.01
66700	0.02	0.5	0.5	0	0	0.02
66800	0.02	0.49	0.49	0	0	0.02
66900	0.02	0.49	0.49	0	0	0.02
67000	0.01	0.49	0.49	0	0	0.01
67100	0.02	0.49	0.49	0	0	0.02
67200	0.02	0.49	0.49	0	0	0.02
67300	0.03	0.49	0.49	0	0	0.03
67400	0.03	0.48	0.48	0	0	0.03
67500	0.03	0.49	0.49	0	0	0.03
67600	0.03	0.49	0.49	0	0	0.03
67700	0.01	0.5	0.5	0	0	0.01
67800	0	0.5	0.5	0	0	0
67900	0.01	0.5	0.5	0	0	0.01
68000	0.02	0.49	0.49	0	0	0.02
68100	0.02	0.49	0.49	0	0	0.02
68200	0.02	0.49	0.49	0	0	0.02
68300	0.04	0.49	0.49	0	0	0.04
68400	0.01	0.49	0.49	0	0	0.01
68500	0.01	0.49	0.49	0	0	0.01
68600	0.02	0.49	0.49	0	0	0.02
68700	0.02	0.49	0.49	0	0	0.02
68800	0.02	0.49	0.49	0	0	0.02
68900	0.02	0.49	0.49	0	0	0.02
69000	0.01	0.49	0.49	0	0	0.01
69100	0.01	0.49	0.49	0	0	0.01
69200	0	0.51	0.51	0	0	0
69300	0.02	0.51	0.51	0	0	0.02
69400	0.01	0.51	0.51	0	0	0.01
69500	0.03	0.5	0.5	0	0	0.03
69600	0.03	0.5	0.5	0	0	0.03
69700	0.03	0.5	0.5	0	0	0.03
69800	0.02	0.5	0.5	0	0	0.02
69900	0.01	0.5	0.5	0	0	0.01
70000	0.02	0.5	0.5	0	0	0.02
70100	0.01	0.51	0.51	0	0	0.01
70200	0.03	0.52	0.52	0	0	0.03
70300	0.03	0.51	0.51	0	0	0.03
70400	0.03	0.51	0.51	0	0	0.03
70500	0.03	0.51	0.51	0	0	0.03
70600	0.04	0.51	0.51	0	0	0.04
70700	0.05	0.51	0.51	0	0	0.05
70800	0.05	0.51	0.51	0	0	0.05
70900	0.04	0.51	0.51	0	0	0.04
71000	0.02	0.51	0.51	0	0	0.02
71100	0.03	0.51	0.51	0	0	0.03
71200	0.04	0.51	0.51	0	0	0.04
71300	0.02	0.51	0.51	0	0	0.02
71400	0.02	0.51	0.51	0	0	0.02
71500	0.02	0.51	0.51	0	0	0.02
71600	0.03	0.51	0.51	0	0	0.03
71700	0.02	0.51	0.51	0	0	0.02
71800	0.01	0.51	0.51	0	0	0.01
71900	0	0.51	0.51	0	0	0
72000	0.01	0.51	0.51	0	0	0.01
72100	0.01	0.51	0.51	0	0	0.01
72200	0.02	0.51	0.51	0	0	0.02
72300	0.02	0.51	0.51	0	0	0.02
72400	0.02	0.52	0.52	0	0	0.02
72500	0.01	0.52	0.52	0	0	0.01
72600	0.01	0.52	0.52	0	0	0.01
72700	0.02	0.52	0.52	0	0	0.02
72800	0.02	0.52	0.52	0	0	0.02
72900	0.03	0.52	0.52	0	0	0.03
73000	0.05	0.52	0.52	0	0	0.05
73100	0.04	0.52	0.52	0	0	0.04
73200	0.04	0.52	0.52	0	0	0.04
73300	0.04	0.52	0.52	0	0	0.04
73400	0.01	0.52	0.52	0	0	0.01
73500	0.02	0.52	0.52	0	0	0.02
73600	0.04	0.52	0.52	0	0	0.04
73700	0.04	0.53	0.53	0	0	0.04
73800	0.03	0.52	0.52	0	0	0.03
73900	0.03	0.52	0.52	0	0	0.03
74000	0.03	0.52	0.52	0	0	0.03
74100	0.02	0.53	0.53	0	0	0.02
74200	0.02	0.53	0.53	0	0	0.02
74300	0.02	0.53	0.53	0	0	0.02
74400	0.02	0.53	0.53	0	0	0.02
74500	0	0.53	0.53	0	0	0
74600	0.01	0.53	0.53	0	0	0.01
74700	0.01	0.53	0.53	0	0	0.01
74800	0.01	0.53	0.53	0	0	0.01
74900	0.02	0.53	0.53	0	0	0.02
75000	0.02	0.53	0.53	0	0	0.02
75100	0.01	0.53	0.53	0	0	0.01
75200	0.01	0.53	0.53	0	0	0.01
75300	0.01	0.54	0.54	0	0	0.01
75400	0.01	0.54	0.54	0	0	0.01
75500	0.01	0.54	0.54	0	0	0.01
75600	0	0.54	0.54	0	0	0
75700	0	0.54	0.54	0	0	0
75800	0	0.54	0.54	0	0	0
75900	0	0.55	0.55	0	0	0
76000	0	0.55	0.55	0	0	0
76100	0.01	0.55	0.55	0	0	0.01
76200	0.02	0.55	0.55	0	0	0.02
76300	0.01	0.55	0.55	0	0	0.01
76400	0.03	0.55	0.55	0	0	0.03
76500	0.03	0.55	0.55	0	0	0.03
76600	0.03	0.55	0.55	0	0	0.03
76700	0.02	0.55	0.55	0	0	0.02
76800	0.02	0.55	0.55	0	0	0.02
76900	0.02	0.55	0.55	0	0	0.02
77000	0.01	0.55	0.55	0	0	0.01
77100	0.01	0.55	0.55	0	0	0.01
77200	0.03	0.55	0.55	0	0	0.03
77300	0.03	0.55	0.55	0	0	0.03
77400	0.02	0.55	0.55	0	0	0.02
77500	0.01	0.56	0.56	0	0	0.01
77600	0	0.56	0.56	0	0	0
77700	0	0.56	0.56	0	0	0
77800	0	0.56	0.56	0	0	0
77900	0	0.56	0.56	0	0	0
78000	0	0.56	0.56	0	0	0
78100	0.01	0.56	0.56	0	0	0.01
78200	0.01	0.56	0.56	0	0	0.01
78300	0.03	0.56	0.56	0	0	0.03
78400	0.05	0.56	0.56	0	0	0.05
78500	0.05	0.56	0.56	0	0	0.05
78600	0.04	0.56	0.56	0	0	0.04
78700	0.02	0.56	0.56	0	0	0.02
78800	0.02	0.56	0.56	0	0	0.02
78900	0.01	0.56	0.56	0	0	0.01
79000	0.01	0.56	0.56	0	0	0.01
79100	0.02	0.56	0.56	0	0	0.02
79200	0.02	0.56	0.56	0	0	0.02
79300	0.03	0.56	0.56	0	0	0.03
79400	0.03	0.56	0.56	0	0	0.03
79500	0.04	0.56	0.56	0	0	0.04
79600	0.05	0.56	0.56	0	0	0.05
79700	0.05	0.56	0.56	0	0	0.05
79800	0.03	0.56	0.56	0	0	0.03
79900	0.01	0.56	0.56	0	0	0.01
80000	0.02	0.56	0.56	0	0	0.02
80100	0	0.56	0.56	0	0	0
80200	0	0.56	0.56	0	0	0
80300	0.01	0.56	0.56	0	0	0.01
80400	0.02	0.56	0.56	0	0	0.02
80500	0.03	0.56	0.56	0	0	0.03
80600	0.04	0.56	0.56	0	0	0.04
80700	0.04	0.56	0.56	0	0	0.04
80800	0.05	0.56	0.56	0	0	0.05
80900	0.04	0.56	0.56	0	0	0.04
81000	0.02	0.56	0.56	0	0	0.02
81100	0.03	0.56	0.56	0	0	0.03
81200	0.03	0.56	0.56	0	0	0.03
81300	0.01	0.56	0.56	0	0	0.01
81400	0.01	0.56	0.56	0	0	0.01
81500	0.03	0.56	0.56	0	0	0.03
81600	0.03	0.55	0.55	0	0	0.03
81700	0.02	0.55	0.55	0	0	0.02
81800	0.03	0.55	0.55	0	0	0.03
81900	0.03	0.55	0.55	0	0	0.03
82000	0.01	0.55	0.55	0	0	0.01
82100	0.01	0.55	0.55	0	0	0.01
82200	0.01	0.55	0.55	0	0	0.01
82300	0.02	0.55	0.55	0	0	0.02
82400	0	0.55	0.55	0	0	0
82500	0	0.55	0.55	0	0	0
82600	0	0.55	0.55	0	0	0
82700	0.01	0.55	0.55	0	0	0.01
82800	0.01	0.55	0.55	0	0	0.01
82900	0.02	0.55	0.55	0	0	0.02
83000	0.02	0.55	0.55	0	0	0.02
83100	0.03	0.55	0.55	0	0	0.03
83200	0.03	0.55	0.55	0	0	0.03
83300	0.03	0.55	0.55	0	0	0.03
83400	0.02	0.55	0.55	0	0	0.02
83500	0.03	0.55	0.55	0	0	0.03
83600	0.04	0.57	0.57	0	0	0.04
83700	0.06	0.57	0.57	0	0	0.06
83800	0.04	0.57	0.57	0	0	0.04
83900	0.04	0.57	0.57	0	0	0.04
84000	0.01	0.57	0.57	0	0	0.01
84100	0.02	0.57	0.57	0	0	0.02
84200	0.02	0.57	0.57	0	0	0.02
84300	0.03	0.57	0.57	0	0	0.03
84400	0.02	0.57	0.57	0	0	0.02
84500	0.01	0.57	0.57	0	0	0.01
84600	0	0.58	0.58	0	0	0
84700	0.01	0.58	0.58	0	0	0.01
84800	0.01	0.58	0.58	0	0	0.01
84900	0.01	0.58	0.58	0	0	0.01
85000	0.01	0.57	0.57	0	0	0.01
85100	0.01	0.57	0.57	0	0	0.01
85200	0	0.57	0.57	0	0	0
85300	0.01	0.57	0.57	0	0	0.01
85400	0.01	0.58	0.58	0	0	0.01
85500	0.01	0.59	0.59	0	0	0.01
85600	0.01	0.58	0.58	0	0	0.01
85700	0.01	0.58	0.58	0	0	0.01
85800	0.02	0.58	0.58	0	0	0.02
85900	0.01	0.58	0.58	0	0	0.01
86000	0.02	0.58	0.58	0	0	0.02
86100	0.02	0.58	0.58	0	0	0.02
86200	0.02	0.58	0.58	0	0	0.02
86300	0.02	0.58	0.58	0	0	0.02
86400	0.02	0.58	0.58	0	0	0.02
86500	0.02	0.58	0.58	0	0	0.02
86600	0.02	0.58	0.58	0	0	0.02
86700	0.03	0.58	0.58	0	0	0.03
86800	0.03	0.58	0.58	0	0	0.03
86900	0.01	0.58	0.58	0	0	0.01
87000	0.01	0.58	0.58	0	0	0.01
87100	0.01	0.58	0.58	0	0	0.01
87200	0	0.58	0.58	0	0	0
87300	0.03	0.58	0.58	0	0	0.03
87400	0.04	0.58	0.58	0	0	0.04
87500	0.02	0.58	0.58	0	0	0.02
87600	0	0.58	0.58	0	0	0
87700	0	0.58	0.58	0	0	0
87800	0	0.58	0.58	0	0	0
87900	0.01	0.58	0.58	0	0	0.01
88000	0.02	0.58	0.58	0	0	0.02
88100	0.02	0.58	0.58	0	0	0.02
88200	0.03	0.58	0.58	0	0	0.03
88300	0.02	0.58	0.58	0	0	0.02
88400	0.02	0.58	0.58	0	0	0.02
88500	0.01	0.58	0.58	0	0	0.01
88600	0.01	0.58	0.58	0	0	0.01
88700	0.02	0.58	0.58	0	0	0.02
88800	0.04	0.58	0.58	0	0	0.04
88900	0.04	0.58	0.58	0	0	0.04
89000	0.03	0.57	0.57	0	0	0.03
89100	0.03	0.57	0.57	0	0	0.03
89200	0.02	0.57	0.57	0	0	0.02
89300	0.03	0.57	0.57	0	0	0.03
89400	0.01	0.57	0.57	0	0	0.01
89500	0.01	0.57	0.57	0	0	0.01
89600	0.03	0.57	0.57	0	0	0.03
89700	0.02	0.57	0.57	0	0	0.02
89800	0.03	0.57	0.57	0	0	0.03
89900	0.03	0.57	0.57	0	0	0.03
90000	0.03	0.57	0.57	0	0	0.03
90100	0.03	0.57	0.57	0	0	0.03
90200	0.03	0.57	0.57	0	0	0.03
90300	0.04	0.57	0.57	0	0	0.04
90400	0.03	0.57	0.57	0	0	0.03
90500	0.02	0.57	0.57	0	0	0.02
90600	0.01	0.58	0.58	0	0	0.01
90700	0.01	0.58	0.58	0	0	0.01
90800	0.01	0.58	0.58	0	0	0.01
90900	0.02	0.58	0.58	0	0	0.02
91000	0.03	0.58	0.58	0	0	0.03
91100	0.02	0.58	0.58	0	0	0.02
91200	0.02	0.58	0.58	0	0	0.02
91300	0.01	0.58	0.58	0	0	0.01
91400	0.01	0.58	0.58	0	0	0.01
91500	0.01	0.58	0.58	0	0	0.01
91600	0	0.58	0.58	0	0	0
91700	0	0.58	0.58	0	0	0
91800	0	0.58	0.58	0	0	0
91900	0	0.58	0.58	0	0	0
92000	0	0.58	0.58	0	0	0
92100	0	0.58	0.58	0	0	0
92200	0	0.58	0.58	0	0	0
92300	0	0.58	0.58	0	0	0
92400	0	0.58	0.58	0	0	0
92500	0.01	0.58	0.58	0	0	0.01
92600	0.01	0.58	0.58	0	0	0.01
92700	0.01	0.58	0.58	0	0	0.01
92800	0.02	0.58	0.58	0	0	0.02
92900	0.02	0.58	0.58	0	0	0.02
93000	0.02	0.58	0.58	0	0	0.02
93100	0.02	0.58	0.58	0	0	0.02
93200	0.04	0.58	0.58	0	0	0.04
93300	0.04	0.58	0.58	0	0	0.04
93400	0.03	0.57	0.57	0	0	0.03
93500	0.05	0.57	0.57	0	0	0.05
93600	0.03	0.57	0.57	0	0	0.03
93700	0.03	0.57	0.57	0	0	0.03
93800	0.03	0.57	0.57	0	0	0.03
93900	0.03	0.57	0.57	0	0	0.03
94000	0.02	0.57	0.57	0	0	0.02
94100	0	0.57	0.57	0	0	0
94200	0	0.57	0.57	0	0	0
94300	0	0.57	0.57	0	0	0
94400	0.01	0.57	0.57	0	0	0.01
94500	0.01	0.57	0.57	0	0	0.01
94600	0.01	0.57	0.57	0	0	0.01
94700	0.02	0.57	0.57	0	0	0.02
94800	0.03	0.57	0.57	0	0	0.03
94900	0.03	0.57	0.57	0	0	0.03
95000	0.04	0.57	0.57	0	0	0.04
95100	0.04	0.57	0.57	0	0	0.04
95200	0.02	0.57	0.57	0	0	0.02
95300	0.02	0.57	0.57	0	0	0.02
95400	0	0.57	0.57	0	0	0
95500	0.01	0.57	0.57	0	0	0.01
95600	0.01	0.57	0.57	0	0	0.01
95700	0.02	0.57	0.57	0	0	0.02
95800	0.02	0.57	0.57	0	0	0.02
95900	0.01	0.57	0.57	0	0	0.01
96000	0	0.57	0.57	0	0	0
96100	0.01	0.57	0.57	0	0	0.01
96200	0.01	0.57	0.57	0	0	0.01
96300	0.01	0.57	0.57	0	0	0.01
96400	0	0.56	0.56	0	0	0
96500	0	0.56	0.56	0	0	0
96600	0	0.56	0.56	0	0	0
96700	0	0.56	0.56	0	0	0
96800	0	0.56	0.56	0	0	0
96900	0.01	0.56	0.56	0	0	0.01
97000	0.01	0.57	0.57	0	0	0.01
97100	0.01	0.57	0.57	0	0	0.01
97200	0.01	0.57	0.57	0	0	0.01
97300	0.02	0.57	0.57	0	0	0.02
97400	0.02	0.57	0.57	0	0	0.02
97500	0	0.56	0.56	0	0	0
97600	0.02	0.56	0.56	0	0	0.02
97700	0.03	0.56	0.56	0	0	0.03
97800	0.03	0.56	0.56	0	0	0.03
97900	0.03	0.56	0.56	0	0	0.03
98000	0.03	0.56	0.56	0	0	0.03
98100	0.02	0.56	0.56	0	0	0.02
98200	0.02	0.56	0.56	0	0	0.02
98300	0.01	0.56	0.56	0	0	0.01
98400	0.01	0.56	0.56	0	0	0.01
98500	0.01	0.56	0.56	0	0	0.01
98600	0	0.56	0.56	0	0	0
98700	0	0.56	0.56	0	0	0
98800	0	0.56	0.56	0	0	0
98900	0	0.56	0.56	0	0	0
99000	0	0.56	0.56	0	0	0
99100	0	0.56	0.56	0	0	0
99200	0	0.57	0.57	0	0	0
99300	0.01	0.57	0.57	0	0	0.01
99400	0.01	0.57	0.57	0	0	0.01
99500	0.01	0.57	0.57	0	0	0.01
99600	0.02	0.57	0.57	0	0	0.02
99700	0.03	0.57	0.57	0	0	0.03
99800	0.02	0.57	0.57	0	0	0.02
99900	0	0.57	0.57	0	0	0
100000	0	0.57	0.57	0	0	0
100100	0	0.57	0.57	0	0	0
100200	0.01	0.57	0.57	0	0	0.01
100300	0.01	0.57	0.57	0	0	0.01
100400	0.01	0.57	0.57	0	0	0.01
100500	0.01	0.57	0.57	0	0	0.01
100600	0	0.57	0.57	0	0	0
100700	0	0.57	0.57	0	0	0
100800	0.01	0.57	0.57	0	0	0.01
100900	0.02	0.57	0.57	0	0	0.02
101000	0.03	0.57	0.57	0	0	0.03
101100	0.04	0.57	0.57	0	0	0.04
101200	0.05	0.57	0.57	0	0	0.05
101300	0.03	0.58	0.58	0	0	0.03
101400	0.04	0.58	0.58	0	0	0.04
101500	0.03	0.58	0.58	0	0	0.03
101600	0.01	0.58	0.58	0	0	0.01
101700	0.02	0.58	0.58	0	0	0.02
101800	0.03	0.58	0.58	0	0	0.03
101900	0.02	0.58	0.58	0	0	0.02
102000	0.02	0.58	0.58	0	0	0.02
102100	0.05	0.58	0.58	0	0	0.05
102200	0.02	0.58	0.58	0	0	0.02
102300	0.04	0.58	0.58	0	0	0.04
102400	0.02	0.58	0.58	0	0	0.02
102500	0.02	0.58	0.58	0	0	0.02
102600	0.01	0.58	0.58	0	0	0.01
102700	0.01	0.58	0.58	0	0	0.01
102800	0.02	0.58	0.58	0	0	0.02
102900	0.03	0.58	0.58	0	0	0.03
103000	0.02	0.58	0.58	0	0	0.02
103100	0.01	0.58	0.58	0	0	0.01
103200	0.02	0.58	0.58	0	0	0.02
103300	0.01	0.58	0.58	0	0	0.01
103400	0.02	0.58	0.58	0	0	0.02
103500	0.02	0.58	0.58	0	0	0.02
103600	0.03	0.59	0.59	0	0	0.03
103700	0.03	0.59	0.59	0	0	0.03
103800	0.01	0.58	0.58	0	0	0.01
103900	0.01	0.57	0.57	0	0	0.01
104000	0	0.57	0.57	0	0	0
104100	0	0.57	0.57	0	0	0
104200	0.01	0.57	0.57	0	0	0.01
104300	0.01	0.57	0.57	0	0	0.01
104400	0.02	0.57	0.57	0	0	0.02
104500	0.02	0.57	0.57	0	0	0.02
104600	0.01	0.57	0.57	0	0	0.01
104700	0.01	0.57	0.57	0	0	0.01
104800	0.02	0.57	0.57	0	0	0.02
104900	0.02	0.56	0.56	0	0	0.02
105000	0.02	0.56	0.56	0	0	0.02
105100	0	0.56	0.56	0	0	0
105200	0.01	0.56	0.56	0	0	0.01
105300	0.01	0.56	0.56	0	0	0.01
105400	0.01	0.56	0.56	0	0	0.01
105500	0.01	0.57	0.57	0	0	0.01
105600	0	0.57	0.57	0	0	0
105700	0	0.57	0.57	0	0	0
105800	0.01	0.57	0.57	0	0	0.01
105900	0.01	0.57	0.57	0	0	0.01
106000	0.01	0.57	0.57	0	0	0.01
106100	0.01	0.57	0.57	0	0	0.01
106200	0.01	0.57	0.57	0	0	0.01
106300	0.01	0.57	0.57	0	0	0.01
106400	0	0.57	0.57	0	0	0
106500	0	0.57	0.57	0	0	0
106600	0	0.57	0.57	0	0	0
106700	0	0.57	0.57	0	0	0
106800	0	0.57	0.57	0	0	0
106900	0.01	0.57	0.57	0	0	0.01
107000	0.05	0.57	0.57	0	0	0.05
107100	0.07	0.57	0.57	0	0	0.07
107200	0.06	0.57	0.57	0	0	0.06
107300	0.06	0.57	0.57	0	0	0.06
107400	0.06	0.57	0.57	0	0	0.06
107500	0.04	0.57	0.57	0	0	0.04
107600	0.04	0.57	0.57	0	0	0.04
107700	0.02	0.57	0.57	0	0	0.02
107800	0.02	0.57	0.57	0	0	0.02
107900	0.01	0.57	0.57	0	0	0.01
108000	0.01	0.57	0.57	0	0	0.01
108100	0.02	0.57	0.57	0	0	0.02
108200	0.04	0.57	0.57	0	0	0.04
108300	0.01	0.57	0.57	0	0	0.01
108400	0	0.57	0.57	0	0	0
108500	0.01	0.57	0.57	0	0	0.01
108600	0.01	0.57	0.57	0	0	0.01
108700	0.01	0.57	0.57	0	0	0.01
108800	0.01	0.57	0.57	0	0	0.01
108900	0.01	0.57	0.57	0	0	0.01
109000	0.01	0.57	0.57	0	0	0.01
109100	0.01	0.57	0.57	0	0	0.01
109200	0.02	0.57	0.57	0	0	0.02
109300	0	0.57	0.57	0	0	0
109400	0.01	0.57	0.57	0	0	0.01
109500	0.02	0.57	0.57	0	0	0.02
109600	0.03	0.57	0.57	0	0	0.03
109700	0.04	0.57	0.57	0	0	0.04
109800	0.04	0.57	0.57	0	0	0.04
109900	0.03	0.57	0.57	0	0	0.03
110000	0.03	0.57	0.57	0	0	0.03
110100	0.04	0.57	0.57	0	0	0.04
110200	0.02	0.57	0.57	0	0	0.02
110300	0.01	0.57	0.57	0	0	0.01
110400	0.01	0.57	0.57	0	0	0.01
110500	0	0.57	0.57	0	0	0
110600	0	0.57	0.57	0	0	0
110700	0	0.57	0.57	0	0	0
110800	0	0.57	0.57	0	0	0
110900	0.01	0.57	0.57	0	0	0.01
111000	0.01	0.58	0.58	0	0	0.01
111100	0.03	0.58	0.58	0	0	0.03
111200	0.04	0.58	0.58	0	0	0.04
111300	0.04	0.58	0.58	0	0	0.04
111400	0.02	0.58	0.58	0	0	0.02
111500	0.02	0.58	0.58	0	0	0.02
111600	0.04	0.58	0.58	0	0	0.04
111700	0.03	0.58	0.58	0	0	0.03
111800	0.02	0.58	0.58	0	0	0.02
111900	0.02	0.58	0.58	0	0	0.02
112000	0.03	0.58	0.58	0	0	0.03
112100	0.06	0.58	0.58	0	0	0.06
112200	0.03	0.58	0.58	0	0	0.03
112300	0.04	0.58	0.58	0	0	0.04
112400	0.05	0.58	0.58	0	0	0.05
112500	0.04	0.58	0.58	0	0	0.04
112600	0.03	0.58	0.58	0	0	0.03
112700	0.02	0.58	0.58	0	0	0.02
112800	0.02	0.58	0.58	0	0	0.02
112900	0.02	0.58	0.58	0	0	0.02
113000	0.02	0.58	0.58	0	0	0.02
113100	0.03	0.58	0.58	0	0	0.03
113200	0.03	0.58	0.58	0	0	0.03
113300	0.02	0.58	0.58	0	0	0.02
113400	0.02	0.58	0.58	0	0	0.02
113500	0.03	0.58	0.58	0	0	0.03
113600	0.02	0.58	0.58	0	0	0.02
113700	0.04	0.58	0.58	0	0	0.04
113800	0.05	0.58	0.58	0	0	0.05
113900	0.05	0.58	0.58	0	0	0.05
114000	0.04	0.58	0.58	0	0	0.04
114100	0.03	0.58	0.58	0	0	0.03
114200	0.03	0.58	0.58	0	0	0.03
114300	0.01	0.58	0.58	0	0	0.01
114400	0.01	0.58	0.58	0	0	0.01
114500	0.02	0.58	0.58	0	0	0.02
114600	0.01	0.58	0.58	0	0	0.01
114700	0.02	0.58	0.58	0	0	0.02
114800	0.02	0.58	0.58	0	0	0.02
114900	0.02	0.58	0.58	0	0	0.02
115000	0.02	0.58	0.58	0	0	0.02
115100	0.02	0.58	0.58	0	0	0.02
115200	0.03	0.58	0.58	0	0	0.03
115300	0.01	0.58	0.58	0	0	0.01
115400	0.02	0.58	0.58	0	0	0.02
115500	0.02	0.58	0.58	0	0	0.02
115600	0.02	0.58	0.58	0	0	0.02
115700	0.03	0.57	0.57	0	0	0.03
115800	0.04	0.57	0.57	0	0	0.04
115900	0.03	0.57	0.57	0	0	0.03
116000	0.03	0.57	0.57	0	0	0.03
116100	0.02	0.57	0.57	0	0	0.02
116200	0.02	0.57	0.57	0	0	0.02
116300	0.01	0.57	0.57	0	0	0.01
116400	0.01	0.57	0.57	0	0	0.01
116500	0.01	0.57	0.57	0	0	0.01
116600	0.01	0.57	0.57	0	0	0.01
116700	0.01	0.57	0.57	0	0	0.01
116800	0.04	0.57	0.57	0	0	0.04
116900	0.05	0.57	0.57	0	0	0.05
117000	0.05	0.57	0.57	0	0	0.05
117100	0.05	0.57	0.57	0	0	0.05
117200	0.03	0.57	0.57	0	0	0.03
117300	0.01	0.57	0.57	0	0	0.01
117400	0.02	0.57	0.57	0	0	0.02
117500	0.01	0.57	0.57	0	0	0.01
117600	0.01	0.57	0.57	0	0	0.01
117700	0.02	0.57	0.57	0	0	0.02
117800	0.01	0.57	0.57	0	0	0.01
117900	0.01	0.57	0.57	0	0	0.01
118000	0.01	0.57	0.57	0	0	0.01
118100	0.02	0.57	0.57	0	0	0.02
118200	0.03	0.57	0.57	0	0	0.03
118300	0.04	0.57	0.57	0	0	0.04
118400	0.05	0.57	0.57	0	0	0.05
118500	0.05	0.57	0.57	0	0	0.05
118600	0.04	0.57	0.57	0	0	0.04
118700	0.02	0.57	0.57	0	0	0.02
118800	0.03	0.57	0.57	0	0	0.03
118900	0.02	0.57	0.57	0	0	0.02
119000	0.02	0.57	0.57	0	0	0.02
119100	0.02	0.57	0.57	0	0	0.02
119200	0.04	0.57	0.57	0	0	0.04
119300	0.04	0.57	0.57	0	0	0.04
119400	0.03	0.57	0.57	0	0	0.03
119500	0.03	0.57	0.57	0	0	0.03
119600	0.03	0.57	0.57	0	0	0.03
119700	0.03	0.57	0.57	0	0	0.03
119800	0.03	0.57	0.57	0	0	0.03
119900	0.02	0.57	0.57	0	0	0.02
120000	0.01	0.57	0.57	0	0	0.01
120100	0.01	0.57	0.57	0	0	0.01
120200	0	0.57	0.57	0	0	0
120300	0.01	0.57	0.57	0	0	0.01
120400	0.02	0.57	0.57	0	0	0.02
120500	0.01	0.57	0.57	0	0	0.01
120600	0.02	0.56	0.56	0	0	0.02
120700	0.02	0.56	0.56	0	0	0.02
120800	0.02	0.56	0.56	0	0	0.02
120900	0.02	0.56	0.56	0	0	0.02
121000	0.02	0.56	0.56	0	0	0.02
121100	0.02	0.56	0.56	0	0	0.02
121200	0.02	0.56	0.56	0	0	0.02
121300	0.01	0.56	0.56	0	0	0.01
121400	0.01	0.56	0.56	0	0	0.01
121500	0.01	0.56	0.56	0	0	0.01
121600	0.01	0.56	0.56	0	0	0.01
121700	0.02	0.56	0.56	0	0	0.02
121800	0.02	0.56	0.56	0	0	0.02
121900	0.02	0.56	0.56	0	0	0.02
122000	0.02	0.56	0.56	0	0	0.02
122100	0.02	0.56	0.56	0	0	0.02
122200	0.01	0.56	0.56	0	0	0.01
122300	0.01	0.56	0.56	0	0	0.01
122400	0.01	0.56	0.56	0	0	0.01
122500	0.02	0.56	0.56	0	0	0.02
122600	0.01	0.56	0.56	0	0	0.01
122700	0.01	0.56	0.56	0	0	0.01
122800	0.01	0.55	0.55	0	0	0.01
122900	0.01	0.55	0.55	0	0	0.01
123000	0.01	0.55	0.55	0	0	0.01
123100	0.02	0.55	0.55	0	0	0.02
123200	0.02	0.56	0.56	0	0	0.02
123300	0.03	0.56	0.56	0	0	0.03
123400	0.03	0.57	0.57	0	0	0.03
123500	0.03	0.57	0.57	0	0	0.03
123600	0.04	0.57	0.57	0	0	0.04
123700	0.04	0.57	0.57	0	0	0.04
123800	0.03	0.57	0.57	0	0	0.03
123900	0.02	0.57	0.57	0	0	0.02
124000	0.01	0.57	0.57	0	0	0.01
124100	0	0.57	0.57	0	0	0
124200	0	0.57	0.57	0	0	0
124300	0	0.57	0.57	0	0	0
124400	0.01	0.57	0.57	0	0	0.01
124500	0.01	0.57	0.57	0	0	0.01
124600	0.02	0.57	0.57	0	0	0.02
124700	0.02	0.57	0.57	0	0	0.02
124800	0.02	0.57	0.57	0	0	0.02
124900	0.03	0.57	0.57	0	0	0.03
125000	0.02	0.58	0.58	0	0	0.02
125100	0.01	0.58	0.58	0	0	0.01
125200	0.02	0.58	0.58	0	0	0.02
125300	0.01	0.58	0.58	0	0	0.01
125400	0.02	0.57	0.57	0	0	0.02
125500	0.01	0.57	0.57	0	0	0.01
125600	0.04	0.57	0.57	0	0	0.04
125700	0.04	0.57	0.57	0	0	0.04
125800	0.04	0.57	0.57	0	0	0.04
125900	0.04	0.57	0.57	0	0	0.04
126000	0.02	0.57	0.57	0	0	0.02
126100	0.01	0.57	0.57	0	0	0.01
126200	0	0.57	0.57	0	0	0
126300	0	0.56	0.56	0	0	0
126400	0.01	0.56	0.56	0	0	0.01
126500	0.01	0.56	0.56	0	0	0.01
126600	0.01	0.56	0.56	0	0	0.01
126700	0.01	0.56	0.56	0	0	0.01
126800	0.02	0.56	0.56	0	0	0.02
126900	0.02	0.56	0.56	0	0	0.02
127000	0.01	0.56	0.56	0	0	0.01
127100	0.02	0.56	0.56	0	0	0.02
127200	0.02	0.56	0.56	0	0	0.02
127300	0.02	0.56	0.56	0	0	0.02
127400	0.02	0.56	0.56	0	0	0.02
127500	0.02	0.56	0.56	0	0	0.02
127600	0.03	0.56	0.56	0	0	0.03
127700	0.04	0.56	0.56	0	0	0.04
127800	0.04	0.56	0.56	0	0	0.04
127900	0.03	0.56	0.56	0	0	0.03
128000	0.03	0.56	0.56	0	0	0.03
128100	0.01	0.56	0.56	0	0	0.01
128200	0	0.56	0.56	0	0	0
128300	0	0.56	0.56	0	0	0
128400	0	0.56	0.56	0	0	0
128500	0	0.57	0.57	0	0	0
128600	0.01	0.56	0.56	0	0	0.01
128700	0.02	0.56	0.56	0	0	0.02
128800	0.02	0.56	0.56	0	0	0.02
128900	0.03	0.56	0.56	0	0	0.03
129000	0.05	0.57	0.57	0	0	0.05
129100	0.05	0.57	0.57	0	0	0.05
129200	0.02	0.57	0.57	0	0	0.02
129300	0.01	0.57	0.57	0	0	0.01
129400	0.01	0.57	0.57	0	0	0.01
129500	0.01	0.57	0.57	0	0	0.01
129600	0.01	0.57	0.57	0	0	0.01
129700	0.01	0.57	0.57	0	0	0.01
129800	0.02	0.57	0.57	0	0	0.02
129900	0.04	0.57	0.57	0	0	0.04
130000	0.04	0.57	0.57	0	0	0.04
130100	0.03	0.57	0.57	0	0	0.03
130200	0.03	0.57	0.57	0	0	0.03
130300	0.02	0.57	0.57	0	0	0.02
130400	0	0.57	0.57	0	0	0
130500	0.02	0.57	0.57	0	0	0.02
130600	0.02	0.57	0.57	0	0	0.02
130700	0.02	0.57	0.57	0	0	0.02
130800	0.02	0.57	0.57	0	0	0.02
130900	0.01	0.57	0.57	0	0	0.01
131000	0.03	0.57	0.57	0	0	0.03
131100	0.02	0.57	0.57	0	0	0.02
131200	0.03	0.57	0.57	0	0	0.03
131300	0.03	0.57	0.57	0	0	0.03
131400	0.05	0.57	0.57	0	0	0.05
131500	0.04	0.57	0.57	0	0	0.04
131600	0.03	0.57	0.57	0	0	0.03
131700	0.01	0.57	0.57	0	0	0.01
131800	0.03	0.57	0.57	0	0	0.03
131900	0.01	0.57	0.57	0	0	0.01
132000	0.01	0.57	0.57	0	0	0.01
132100	0.02	0.57	0.57	0	0	0.02
132200	0.02	0.57	0.57	0	0	0.02
132300	0.03	0.57	0.57	0	0	0.03
132400	0.03	0.57	0.57	0	0	0.03
132500	0.03	0.58	0.58	0	0	0.03
132600	0.03	0.58	0.58	0	0	0.03
132700	0.03	0.58	0.58	0	0	0.03
132800	0.03	0.58	0.58	0	0	0.03
132900	0.02	0.58	0.58	0	0	0.02
133000	0.01	0.58	0.58	0	0	0.01
133100	0.02	0.58	0.58	0	0	0.02
133200	0.03	0.58	0.58	0	0	0.03
133300	0.04	0.58	0.58	0	0	0.04
133400	0.04	0.58	0.58	0	0	0.04
133500	0.04	0.58	0.58	0	0	0.04
133600	0.02	0.58	0.58	0	0	0.02
133700	0.03	0.58	0.58	0	0	0.03
133800	0.02	0.58	0.58	0	0	0.02
133900	0.01	0.58	0.58	0	0	0.01
134000	0.01	0.58	0.58	0	0	0.01
134100	0.01	0.58	0.58	0	0	0.01
134200	0.02	0.58	0.58	0	0	0.02
134300	0.03	0.58	0.58	0	0	0.03
134400	0.03	0.58	0.58	0	0	0.03
134500	0.04	0.58	0.58	0	0	0.04
134600	0.05	0.58	0.58	0	0	0.05
134700	0.03	0.58	0.58	0	0	0.03
134800	0.03	0.58	0.58	0	0	0.03
134900	0.02	0.58	0.58	0	0	0.02
135000	0.02	0.58	0.58	0	0	0.02
135100	0.01	0.58	0.58	0	0	0.01
135200	0.02	0.58	0.58	0	0	0.02
135300	0.02	0.58	0.58	0	0	0.02
135400	0.03	0.58	0.58	0	0	0.03
135500	0.03	0.58	0.58	0	0	0.03
135600	0.03	0.58	0.58	0	0	0.03
135700	0.04	0.58	0.58	0	0	0.04
135800	0.03	0.58	0.58	0	0	0.03
135900	0.04	0.58	0.58	0	0	0.04
136000	0.03	0.58	0.58	0	0	0.03
136100	0.03	0.58	0.58	0	0	0.03
136200	0.05	0.58	0.58	0	0	0.05
136300	0.04	0.58	0.58	0	0	0.04
136400	0.02	0.58	0.58	0	0	0.02
136500	0.02	0.58	0.58	0	0	0.02
136600	0.02	0.58	0.58	0	0	0.02
136700	0.02	0.58	0.58	0	0	0.02
136800	0.01	0.58	0.58	0	0	0.01
136900	0	0.58	0.58	0	0	0
137000	0	0.58	0.58	0	0	0
137100	0	0.58	0.58	0	0	0
137200	0	0.58	0.58	0	0	0
137300	0.01	0.58	0.58	0	0	0.01
137400	0.02	0.58	0.58	0	0	0.02
137500	0.03	0.58	0.58	0	0	0.03
137600	0.02	0.58	0.58	0	0	0.02
137700	0.03	0.58	0.58	0	0	0.03
137800	0.03	0.58	0.58	0	0	0.03
137900	0.03	0.58	0.58	0	0	0.03
138000	0.03	0.58	0.58	0	0	0.03
138100	0.02	0.58	0.58	0	0	0.02
138200	0.01	0.58	0.58	0	0	0.01
138300	0.01	0.58	0.58	0	0	0.01
138400	0.02	0.58	0.58	0	0	0.02
138500	0.01	0.58	0.58	0	0	0.01
138600	0.02	0.58	0.58	0	0	0.02
138700	0.03	0.58	0.58	0	0	0.03
138800	0.05	0.58	0.58	0	0	0.05
138900	0.05	0.58	0.58	0	0	0.05
139000	0.05	0.58	0.58	0	0	0.05
139100	0.04	0.58	0.58	0	0	0.04
139200	0	0.58	0.58	0	0	0
139300	0.01	0.58	0.58	0	0	0.01
139400	0.01	0.58	0.58	0	0	0.01
139500	0.03	0.58	0.58	0	0	0.03
139600	0.04	0.58	0.58	0	0	0.04
139700	0.02	0.58	0.58	0	0	0.02
139800	0.02	0.58	0.58	0	0	0.02
139900	0.02	0.58	0.58	0	0	0.02
140000	0.01	0.58	0.58	0	0	0.01
140100	0.01	0.58	0.58	0	0	0.01
140200	0.01	0.58	0.58	0	0	0.01
140300	0.02	0.58	0.58	0	0	0.02
140400	0.03	0.58	0.58	0	0	0.03
140500	0.03	0.58	0.58	0	0	0.03
140600	0.03	0.58	0.58	0	0	0.03
140700	0.01	0.58	0.58	0	0	0.01
140800	0.01	0.58	0.58	0	0	0.01
140900	0.02	0.58	0.58	0	0	0.02
141000	0.01	0.58	0.58	0	0	0.01
141100	0.01	0.58	0.58	0	0	0.01
141200	0.01	0.58	0.58	0	0	0.01
141300	0.02	0.58	0.58	0	0	0.02
141400	0.02	0.58	0.58	0	0	0.02
141500	0.01	0.58	0.58	0	0	0.01
141600	0.02	0.58	0.58	0	0	0.02
141700	0.02	0.58	0.58	0	0	0.02
141800	0.02	0.58	0.58	0	0	0.02
141900	0.01	0.58	0.58	0	0	0.01
142000	0.02	0.58	0.58	0	0	0.02
142100	0.02	0.58	0.58	0	0	0.02
142200	0.01	0.58	0.58	0	0	0.01
142300	0.02	0.58	0.58	0	0	0.02
142400	0.01	0.58	0.58	0	0	0.01
142500	0.01	0.58	0.58	0	0	0.01
142600	0.01	0.58	0.58	0	0	0.01
142700	0	0.58	0.58	0	0	0
142800	0.02	0.58	0.58	0	0	0.02
142900	0.03	0.58	0.58	0	0	0.03
143000	0.03	0.58	0.58	0	0	0.03
143100	0.02	0.58	0.58	0	0	0.02
143200	0.01	0.58	0.58	0	0	0.01
143300	0.02	0.58	0.58	0	0	0.02
143400	0.02	0.58	0.58	0	0	0.02
143500	0.01	0.58	0.58	0	0	0.01
143600	0.01	0.58	0.58	0	0	0.01
143700	0.02	0.58	0.58	0	0	0.02
143800	0.02	0.58	0.58	0	0	0.02
143900	0	0.58	0.58	0	0	0
144000	0	0.58	0.58	0	0	0
144100	0.02	0.59	0.59	0	0	0.02
144200	0.04	0.59	0.59	0	0	0.04
144300	0.03	0.59	0.59	0	0	0.03
144400	0.04	0.59	0.59	0	0	0.04
144500	0.05	0.59	0.59	0	0	0.05
144600	0.06	0.59	0.59	0	0	0.06
144700	0.07	0.59	0.59	0	0	0.07
144800	0.06	0.59	0.59	0	0	0.06
144900	0.05	0.59	0.59	0	0	0.05
145000	0.04	0.59	0.59	0	0	0.04
145100	0.05	0.59	0.59	0	0	0.05
145200	0.04	0.59	0.59	0	0	0.04
145300	0.03	0.59	0.59	0	0	0.03
145400	0.03	0.59	0.59	0	0	0.03
145500	0.04	0.59	0.59	0	0	0.04
145600	0.04	0.59	0.59	0	0	0.04
145700	0.02	0.59	0.59	0	0	0.02
145800	0.02	0.59	0.59	0	0	0.02
145900	0.01	0.59	0.59	0	0	0.01
146000	0	0.59	0.59	0	0	0
146100	0	0.59	0.59	0	0	0
146200	0.01	0.59	0.59	0	0	0.01
146300	0.01	0.59	0.59	0	0	0.01
146400	0.01	0.59	0.59	0	0	0.01
146500	0.03	0.59	0.59	0	0	0.03
146600	0.04	0.59	0.59	0	0	0.04
146700	0.04	0.59	0.59	0	0	0.04
146800	0.04	0.59	0.59	0	0	0.04
146900	0.03	0.59	0.59	0	0	0.03
147000	0.02	0.59	0.59	0	0	0.02
147100	0.02	0.59	0.59	0	0	0.02
147200	0.01	0.59	0.59	0	0	0.01
147300	0.01	0.59	0.59	0	0	0.01
147400	0.01	0.59	0.59	0	0	0.01
147500	0.01	0.59	0.59	0	0	0.01
147600	0.01	0.59	0.59	0	0	0.01
147700	0.02	0.59	0.59	0	0	0.02
147800	0.03	0.59	0.59	0	0	0.03
147900	0.04	0.59	0.59	0	0	0.04
148000	0.04	0.59	0.59	0	0	0.04
148100	0.04	0.59	0.59	0	0	0.04
148200	0.01	0.59	0.59	0	0	0.01
148300	0.01	0.59	0.59	0	0	0.01
148400	0.02	0.59	0.59	0	0	0.02
148500	0.01	0.59	0.59	0	0	0.01
148600	0.01	0.58	0.58	0	0	0.01
148700	0.01	0.58	0.58	0	0	0.01
148800	0.01	0.58	0.58	0	0	0.01
148900	0	0.58	0.58	0	0	0
149000	0	0.58	0.58	0	0	0
149100	0.01	0.58	0.58	0	0	0.01
149200	0.01	0.58	0.58	0	0	0.01
149300	0.05	0.58	0.58	0	0	0.05
149400	0.04	0.58	0.58	0	0	0.04
149500	0.03	0.58	0.58	0	0	0.03
149600	0.02	0.58	0.58	0	0	0.02
149700	0.03	0.58	0.58	0	0	0.03
149800	0.03	0.58	0.58	0	0	0.03
149900	0.02	0.58	0.58	0	0	0.02
150000	0.02	0.58	0.58	0	0	0.02
150100	0.04	0.58	0.58	0	0	0.04
150200	0.04	0.58	0.58	0	0	0.04
150300	0.04	0.58	0.58	0	0	0.04
150400	0.03	0.58	0.58	0	0	0.03
150500	0.05	0.58	0.58	0	0	0.05
150600	0.03	0.58	0.58	0	0	0.03
150700	0.03	0.58	0.58	0	0	0.03
150800	0.01	0.58	0.58	0	0	0.01
150900	0.02	0.58	0.58	0	0	0.02
151000	0	0.58	0.58	0	0	0
151100	0.02	0.58	0.58	0	0	0.02
151200	0.01	0.58	0.58	0	0	0.01
151300	0.01	0.58	0.58	0	0	0.01
151400	0.01	0.58	0.58	0	0	0.01
151500	0.01	0.58	0.58	0	0	0.01
151600	0.02	0.58	0.58	0	0	0.02
151700	0.02	0.58	0.58	0	0	0.02
151800	0.02	0.58	0.58	0	0	0.02
151900	0.02	0.58	0.58	0	0	0.02
152000	0.04	0.58	0.58	0	0	0.04
152100	0.03	0.58	0.58	0	0	0.03
152200	0.01	0.58	0.58	0	0	0.01
152300	0.01	0.58	0.58	0	0	0.01
152400	0.03	0.58	0.58	0	0	0.03
152500	0.04	0.58	0.58	0	0	0.04
152600	0.03	0.58	0.58	0	0	0.03
152700	0.03	0.58	0.58	0	0	0.03
152800	0.01	0.58	0.58	0	0	0.01
152900	0.01	0.58	0.58	0	0	0.01
153000	0.04	0.58	0.58	0	0	0.04
153100	0.05	0.58	0.58	0	0	0.05
153200	0.06	0.58	0.58	0	0	0.06
153300	0.08	0.58	0.58	0	0	0.08
153400	0.07	0.58	0.58	0	0	0.07
153500	0.03	0.58	0.58	0	0	0.03
153600	0.02	0.58	0.58	0	0	0.02
153700	0.03	0.58	0.58	0	0	0.03
153800	0.03	0.58	0.58	0	0	0.03
153900	0.02	0.58	0.58	0	0	0.02
154000	0.02	0.58	0.58	0	0	0.02
154100	0.02	0.58	0.58	0	0	0.02
154200	0.02	0.58	0.58	0	0	0.02
154300	0.02	0.57	0.57	0	0	0.02
154400	0.03	0.57	0.57	0	0	0.03
154500	0.02	0.57	0.57	0	0	0.02
154600	0.02	0.57	0.57	0	0	0.02
154700	0.02	0.57	0.57	0	0	0.02
154800	0.02	0.56	0.56	0	0	0.02
154900	0.02	0.56	0.56	0	0	0.02
155000	0.02	0.56	0.56	0	0	0.02
155100	0	0.56	0.56	0	0	0
155200	0	0.56	0.56	0	0	0
155300	0	0.56	0.56	0	0	0
155400	0.02	0.56	0.56	0	0	0.02
155500	0.03	0.56	0.56	0	0	0.03
155600	0.05	0.56	0.56	0	0	0.05
155700	0.05	0.56	0.56	0	0	0.05
155800	0.03	0.56	0.56	0	0	0.03
155900	0.04	0.56	0.56	0	0	0.04
156000	0.04	0.56	0.56	0	0	0.04
156100	0.06	0.56	0.56	0	0	0.06
156200	0.05	0.56	0.56	0	0	0.05
156300	0.05	0.56	0.56	0	0	0.05
156400	0.03	0.56	0.56	0	0	0.03
156500	0.01	0.56	0.56	0	0	0.01
156600	0	0.56	0.56	0	0	0
156700	0.01	0.56	0.56	0	0	0.01
156800	0.02	0.56	0.56	0	0	0.02
156900	0.03	0.56	0.56	0	0	0.03
157000	0.03	0.56	0.56	0	0	0.03
157100	0.04	0.56	0.56	0	0	0.04
157200	0.03	0.56	0.56	0	0	0.03
157300	0.02	0.56	0.56	0	0	0.02
157400	0.01	0.56	0.56	0	0	0.01
157500	0.02	0.56	0.56	0	0	0.02
157600	0.04	0.56	0.56	0	0	0.04
157700	0.03	0.56	0.56	0	0	0.03
157800	0.02	0.56	0.56	0	0	0.02
157900	0.02	0.56	0.56	0	0	0.02
158000	0.04	0.56	0.56	0	0	0.04
158100	0.03	0.56	0.56	0	0	0.03
158200	0	0.56	0.56	0	0	0
158300	0	0.57	0.57	0	0	0
158400	0	0.57	0.57	0	0	0
158500	0.01	0.57	0.57	0	0	0.01
158600	0	0.57	0.57	0	0	0
158700	0.01	0.57	0.57	0	0	0.01
158800	0.01	0.57	0.57	0	0	0.01
158900	0.02	0.57	0.57	0	0	0.02
159000	0.02	0.57	0.57	0	0	0.02
159100	0.01	0.57	0.57	0	0	0.01
159200	0.02	0.57	0.57	0	0	0.02
159300	0.02	0.57	0.57	0	0	0.02
159400	0.03	0.57	0.57	0	0	0.03
159500	0.02	0.57	0.57	0	0	0.02
159600	0.03	0.57	0.57	0	0	0.03
159700	0.03	0.57	0.57	0	0	0.03
159800	0.02	0.57	0.57	0	0	0.02
159900	0.02	0.57	0.57	0	0	0.02
160000	0.02	0.57	0.57	0	0	0.02
160100	0.02	0.57	0.57	0	0	0.02
160200	0.02	0.57	0.57	0	0	0.02
160300	0.02	0.57	0.57	0	0	0.02
160400	0.01	0.57	0.57	0	0	0.01
160500	0	0.57	0.57	0	0	0
160600	0.01	0.57	0.57	0	0	0.01
160700	0.02	0.57	0.57	0	0	0.02
160800	0.02	0.58	0.58	0	0	0.02
160900	0.02	0.58	0.58	0	0	0.02
161000	0.02	0.58	0.58	0	0	0.02
161100	0.02	0.58	0.58	0	0	0.02
161200	0.05	0.57	0.57	0	0	0.05
161300	0.04	0.57	0.57	0	0	0.04
161400	0.05	0.57	0.57	0	0	0.05
161500	0.03	0.57	0.57	0	0	0.03
161600	0.03	0.57	0.57	0	0	0.03
161700	0.04	0.57	0.57	0	0	0.04
161800	0.03	0.57	0.57	0	0	0.03
161900	0.03	0.57	0.57	0	0	0.03
162000	0.02	0.57	0.57	0	0	0.02
162100	0.03	0.57	0.57	0	0	0.03
162200	0.02	0.57	0.57	0	0	0.02
162300	0.01	0.57	0.57	0	0	0.01
162400	0.01	0.57	0.57	0	0	0.01
162500	0.02	0.57	0.57	0	0	0.02
162600	0.02	0.57	0.57	0	0	0.02
162700	0.02	0.58	0.58	0	0	0.02
162800	0.04	0.57	0.57	0	0	0.04
162900	0.04	0.57	0.57	0	0	0.04
163000	0.04	0.58	0.58	0	0	0.04
163100	0.01	0.58	0.58	0	0	0.01
163200	0	0.58	0.58	0	0	0
163300	0.01	0.58	0.58	0	0	0.01
163400	0.01	0.58	0.58	0	0	0.01
163500	0.02	0.58	0.58	0	0	0.02
163600	0.02	0.58	0.58	0	0	0.02
163700	0.03	0.58	0.58	0	0	0.03
163800	0.03	0.58	0.58	0	0	0.03
163900	0.01	0.58	0.58	0	0	0.01
164000	0.01	0.58	0.58	0	0	0.01
164100	0	0.58	0.58	0	0	0
164200	0	0.58	0.58	0	0	0
164300	0	0.58	0.58	0	0	0
164400	0	0.58	0.58	0	0	0
164500	0.01	0.58	0.58	0	0	0.01
164600	0.03	0.58	0.58	0	0	0.03
164700	0.04	0.58	0.58	0	0	0.04
164800	0.05	0.58	0.58	0	0	0.05
164900	0.05	0.58	0.58	0	0	0.05
165000	0.06	0.58	0.58	0	0	0.06
165100	0.06	0.58	0.58	0	0	0.06
165200	0.04	0.58	0.58	0	0	0.04
165300	0	0.58	0.58	0	0	0
165400	0	0.58	0.58	0	0	0
165500	0	0.58	0.58	0	0	0
165600	0	0.58	0.58	0	0	0
165700	0.01	0.58	0.58	0	0	0.01
165800	0.01	0.58	0.58	0	0	0.01
165900	0.03	0.58	0.58	0	0	0.03
166000	0.03	0.58	0.58	0	0	0.03
166100	0.01	0.58	0.58	0	0	0.01
166200	0.01	0.58	0.58	0	0	0.01
166300	0.01	0.58	0.58	0	0	0.01
166400	0.02	0.58	0.58	0	0	0.02
166500	0.01	0.58	0.58	0	0	0.01
166600	0.01	0.58	0.58	0	0	0.01
166700	0.02	0.58	0.58	0	0	0.02
166800	0.02	0.58	0.58	0	0	0.02
166900	0	0.58	0.58	0	0	0
167000	0.01	0.59	0.59	0	0	0.01
167100	0.01	0.59	0.59	0	0	0.01
167200	0.01	0.59	0.59	0	0	0.01
167300	0.01	0.59	0.59	0	0	0.01
167400	0.02	0.59	0.59	0	0	0.02
167500	0.02	0.59	0.59	0	0	0.02
167600	0.01	0.59	0.59	0	0	0.01
167700	0.01	0.59	0.59	0	0	0.01
167800	0.02	0.59	0.59	0	0	0.02
167900	0.03	0.59	0.59	0	0	0.03
168000	0.01	0.59	0.59	0	0	0.01
168100	0.01	0.59	0.59	0	0	0.01
168200	0.01	0.59	0.59	0	0	0.01
168300	0.03	0.59	0.59	0	0	0.03
168400	0.03	0.59	0.59	0	0	0.03
168500	0.01	0.59	0.59	0	0	0.01
168600	0.02	0.59	0.59	0	0	0.02
168700	0.02	0.59	0.59	0	0	0.02
168800	0.01	0.59	0.59	0	0	0.01
168900	0.01	0.59	0.59	0	0	0.01
169000	0.01	0.59	0.59	0	0	0.01
169100	0.02	0.59	0.59	0	0	0.02
169200	0.02	0.59	0.59	0	0	0.02
169300	0.03	0.59	0.59	0	0	0.03
169400	0.03	0.59	0.59	0	0	0.03
169500	0.03	0.59	0.59	0	0	0.03
169600	0.03	0.59	0.59	0	0	0.03
169700	0.01	0.59	0.59	0	0	0.01
169800	0.01	0.59	0.59	0	0	0.01
169900	0.02	0.59	0.59	0	0	0.02
170000	0.03	0.59	0.59	0	0	0.03
170100	0.03	0.59	0.59	0	0	0.03
170200	0.06	0.59	0.59	0	0	0.06
170300	0.05	0.59	0.59	0	0	0.05
170400	0.03	0.59	0.59	0	0	0.03
170500	0.03	0.59	0.59	0	0	0.03
170600	0.03	0.59	0.59	0	0	0.03
170700	0	0.59	0.59	0	0	0
170800	0	0.59	0.59	0	0	0
170900	0.01	0.59	0.59	0	0	0.01
171000	0.02	0.59	0.59	0	0	0.02
171100	0.03	0.59	0.59	0	0	0.03
171200	0.05	0.59	0.59	0	0	0.05
171300	0.05	0.59	0.59	0	0	0.05
171400	0.05	0.59	0.59	0	0	0.05
171500	0.03	0.59	0.59	0	0	0.03
171600	0.03	0.59	0.59	0	0	0.03
171700	0.02	0.59	0.59	0	0	0.02
171800	0.02	0.59	0.59	0	0	0.02
171900	0.01	0.59	0.59	0	0	0.01
172000	0.02	0.59	0.59	0	0	0.02
172100	0.02	0.59	0.59	0	0	0.02
172200	0.02	0.59	0.59	0	0	0.02
172300	0	0.59	0.59	0	0	0
172400	0	0.59	0.59	0	0	0
172500	0.02	0.59	0.59	0	0	0.02
172600	0.02	0.59	0.59	0	0	0.02
172700	0.01	0.59	0.59	0	0	0.01
172800	0.04	0.59	0.59	0	0	0.04
172900	0.06	0.59	0.59	0	0	0.06
173000	0.07	0.59	0.59	0	0	0.07
173100	0.06	0.59	0.59	0	0	0.06
173200	0.04	0.59	0.59	0	0	0.04
173300	0.04	0.59	0.59	0	0	0.04
173400	0.04	0.59	0.59	0	0	0.04
173500	0.05	0.59	0.59	0	0	0.05
173600	0.03	0.59	0.59	0	0	0.03
173700	0.01	0.59	0.59	0	0	0.01
173800	0.02	0.59	0.59	0	0	0.02
173900	0	0.59	0.59	0	0	0
174000	0.03	0.59	0.59	0	0	0.03
174100	0.04	0.59	0.59	0	0	0.04
174200	0.02	0.59	0.59	0	0	0.02
174300	0.02	0.59	0.59	0	0	0.02
174400	0.03	0.59	0.59	0	0	0.03
174500	0.05	0.59	0.59	0	0	0.05
174600	0.04	0.59	0.59	0	0	0.04
174700	0.03	0.59	0.59	0	0	0.03
174800	0.02	0.59	0.59	0	0	0.02
174900	0.03	0.59	0.59	0	0	0.03
175000	0.02	0.59	0.59	0	0	0.02
175100	0.02	0.59	0.59	0	0	0.02
175200	0.02	0.59	0.59	0	0	0.02
175300	0.03	0.59	0.59	0	0	0.03
175400	0.03	0.59	0.59	0	0	0.03
175500	0.03	0.59	0.59	0	0	0.03
175600	0.02	0.59	0.59	0	0	0.02
175700	0.02	0.59	0.59	0	0	0.02
175800	0.01	0.59	0.59	0	0	0.01
175900	0.02	0.59	0.59	0	0	0.02
176000	0.02	0.59	0.59	0	0	0.02
176100	0.02	0.59	0.59	0	0	0.02
176200	0.02	0.59	0.59	0	0	0.02
176300	0.04	0.59	0.59	0	0	0.04
176400	0.03	0.59	0.59	0	0	0.03
176500	0.03	0.59	0.59	0	0	0.03
176600	0.03	0.59	0.59	0	0	0.03
176700	0.03	0.59	0.59	0	0	0.03
176800	0.03	0.59	0.59	0	0	0.03
176900	0.03	0.59	0.59	0	0	0.03
177000	0.03	0.59	0.59	0	0	0.03
177100	0.04	0.59	0.59	0	0	0.04
177200	0.05	0.59	0.59	0	0	0.05
177300	0.05	0.59	0.59	0	0	0.05
177400	0.04	0.59	0.59	0	0	0.04
177500	0.03	0.59	0.59	0	0	0.03
177600	0.05	0.59	0.59	0	0	0.05
177700	0.05	0.59	0.59	0	0	0.05
177800	0.05	0.59	0.59	0	0	0.05
177900	0.04	0.59	0.59	0	0	0.04
178000	0.03	0.59	0.59	0	0	0.03
178100	0.03	0.59	0.59	0	0	0.03
178200	0.01	0.59	0.59	0	0	0.01
178300	0.01	0.59	0.59	0	0	0.01
178400	0	0.59	0.59	0	0	0
178500	0.02	0.59	0.59	0	0	0.02
178600	0.02	0.59	0.59	0	0	0.02
178700	0.02	0.59	0.59	0	0	0.02
178800	0.06	0.59	0.59	0	0	0.06
178900	0.06	0.59	0.59	0	0	0.06
179000	0.06	0.59	0.59	0	0	0.06
179100	0.05	0.59	0.59	0	0	0.05
179200	0.03	0.59	0.59	0	0	0.03
179300	0.04	0.59	0.59	0	0	0.04
179400	0.01	0.59	0.59	0	0	0.01
179500	0.01	0.59	0.59	0	0	0.01
179600	0	0.59	0.59	0	0	0
179700	0.01	0.59	0.59	0	0	0.01
179800	0.01	0.59	0.59	0	0	0.01
179900	0.01	0.59	0.59	0	0	0.01
180000	0.01	0.59	0.59	0	0	0.01
180100	0.01	0.59	0.59	0	0	0.01
180200	0.02	0.59	0.59	0	0	0.02
180300	0.01	0.59	0.59	0	0	0.01
180400	0.02	0.59	0.59	0	0	0.02
180500	0.02	0.59	0.59	0	0	0.02
180600	0.01	0.59	0.59	0	0	0.01
180700	0.03	0.59	0.59	0	0	0.03
180800	0.03	0.59	0.59	0	0	0.03
180900	0.05	0.59	0.59	0	0	0.05
181000	0.03	0.59	0.59	0	0	0.03
181100	0.01	0.59	0.59	0	0	0.01
181200	0.01	0.59	0.59	0	0	0.01
181300	0.01	0.59	0.59	0	0	0.01
181400	0.01	0.59	0.59	0	0	0.01
181500	0.01	0.59	0.59	0	0	0.01
181600	0.02	0.59	0.59	0	0	0.02
181700	0.03	0.59	0.59	0	0	0.03
181800	0.05	0.59	0.59	0	0	0.05
181900	0.05	0.59	0.59	0	0	0.05
182000	0.05	0.59	0.59	0	0	0.05
182100	0.03	0.58	0.58	0	0	0.03
182200	0.03	0.58	0.58	0	0	0.03
182300	0.04	0.58	0.58	0	0	0.04
182400	0.02	0.58	0.58	0	0	0.02
182500	0.02	0.58	0.58	0	0	0.02
182600	0.02	0.58	0.58	0	0	0.02
182700	0.02	0.58	0.58	0	0	0.02
182800	0.03	0.58	0.58	0	0	0.03
182900	0.01	0.58	0.58	0	0	0.01
183000	0.03	0.58	0.58	0	0	0.03
183100	0.02	0.58	0.58	0	0	0.02
183200	0.02	0.58	0.58	0	0	0.02
183300	0.02	0.58	0.58	0	0	0.02
183400	0.01	0.58	0.58	0	0	0.01
183500	0	0.58	0.58	0	0	0
183600	0.02	0.58	0.58	0	0	0.02
183700	0	0.58	0.58	0	0	0
183800	0	0.58	0.58	0	0	0
183900	0	0.58	0.58	0	0	0
184000	0	0.59	0.59	0	0	0
184100	0.01	0.58	0.58	0	0	0.01
184200	0.01	0.58	0.58	0	0	0.01
184300	0.03	0.59	0.59	0	0	0.03
184400	0.02	0.59	0.59	0	0	0.02
184500	0.02	0.58	0.58	0	0	0.02
184600	0.02	0.58	0.58	0	0	0.02
184700	0.01	0.58	0.58	0	0	0.01
184800	0	0.58	0.58	0	0	0
184900	0.01	0.58	0.58	0	0	0.01
185000	0.02	0.58	0.58	0	0	0.02
185100	0.03	0.58	0.58	0	0	0.03
185200	0.03	0.58	0.58	0	0	0.03
185300	0.04	0.58	0.58	0	0	0.04
185400	0.04	0.58	0.58	0	0	0.04
185500	0.04	0.58	0.58	0	0	0.04
185600	0.02	0.58	0.58	0	0	0.02
185700	0.02	0.58	0.58	0	0	0.02
185800	0.01	0.58	0.58	0	0	0.01
185900	0.02	0.58	0.58	0	0	0.02
186000	0.02	0.58	0.58	0	0	0.02
186100	0.02	0.58	0.58	0	0	0.02
186200	0.02	0.58	0.58	0	0	0.02
186300	0.02	0.58	0.58	0	0	0.02
186400	0.02	0.59	0.59	0	0	0.02
186500	0.02	0.59	0.59	0	0	0.02
186600	0.05	0.59	0.59	0	0	0.05
186700	0.06	0.59	0.59	0	0	0.06
186800	0.07	0.59	0.59	0	0	0.07
186900	0.06	0.59	0.59	0	0	0.06
187000	0.06	0.59	0.59	0	0	0.06
187100	0.04	0.59	0.59	0	0	0.04
187200	0.04	0.59	0.59	0	0	0.04
187300	0.05	0.59	0.59	0	0	0.05
187400	0.04	0.59	0.59	0	0	0.04
187500	0.03	0.59	0.59	0	0	0.03
187600	0.01	0.59	0.59	0	0	0.01
187700	0.01	0.59	0.59	0	0	0.01
187800	0	0.59	0.59	0	0	0
187900	0	0.59	0.59	0	0	0
188000	0	0.59	0.59	0	0	0
188100	0.02	0.59	0.59	0	0	0.02
188200	0.02	0.59	0.59	0	0	0.02
188300	0.03	0.59	0.59	0	0	0.03
188400	0.03	0.59	0.59	0	0	0.03
188500	0.02	0.59	0.59	0	0	0.02
188600	0.01	0.59	0.59	0	0	0.01
188700	0.03	0.58	0.58	0	0	0.03
188800	0.01	0.58	0.58	0	0	0.01
188900	0.04	0.58	0.58	0	0	0.04
189000	0.04	0.58	0.58	0	0	0.04
189100	0.04	0.58	0.58	0	0	0.04
189200	0.05	0.58	0.58	0	0	0.05
189300	0.05	0.58	0.58	0	0	0.05
189400	0.04	0.58	0.58	0	0	0.04
189500	0.03	0.58	0.58	0	0	0.03
189600	0.01	0.58	0.58	0	0	0.01
189700	0.01	0.58	0.58	0	0	0.01
189800	0.02	0.58	0.58	0	0	0.02
189900	0.02	0.58	0.58	0	0	0.02
190000	0.03	0.58	0.58	0	0	0.03
190100	0.04	0.58	0.58	0	0	0.04
190200	0.04	0.58	0.58	0	0	0.04
190300	0.02	0.58	0.58	0	0	0.02
190400	0.03	0.58	0.58	0	0	0.03
190500	0.01	0.58	0.58	0	0	0.01
190600	0.02	0.58	0.58	0	0	0.02
190700	0.04	0.58	0.58	0	0	0.04
190800	0.05	0.58	0.58	0	0	0.05
190900	0.07	0.58	0.58	0	0	0.07
191000	0.05	0.58	0.58	0	0	0.05
191100	0.04	0.58	0.58	0	0	0.04
191200	0.03	0.58	0.58	0	0	0.03
191300	0.03	0.58	0.58	0	0	0.03
191400	0.01	0.58	0.58	0	0	0.01
191500	0.02	0.58	0.58	0	0	0.02
191600	0.02	0.58	0.58	0	0	0.02
191700	0.03	0.58	0.58	0	0	0.03
191800	0.04	0.58	0.58	0	0	0.04
191900	0.02	0.58	0.58	0	0	0.02
192000	0	0.58	0.58	0	0	0
192100	0.02	0.58	0.58	0	0	0.02
192200	0.03	0.58	0.58	0	0	0.03
192300	0.03	0.58	0.58	0	0	0.03
192400	0.03	0.58	0.58	0	0	0.03
192500	0.02	0.58	0.58	0	0	0.02
192600	0.02	0.58	0.58	0	0	0.02
192700	0.02	0.58	0.58	0	0	0.02
192800	0.02	0.58	0.58	0	0	0.02
192900	0.02	0.58	0.58	0	0	0.02
193000	0.02	0.58	0.58	0	0	0.02
193100	0	0.58	0.58	0	0	0
193200	0	0.58	0.58	0	0	0
193300	0	0.58	0.58	0	0	0
193400	0	0.58	0.58	0	0	0
193500	0	0.58	0.58	0	0	0
193600	0.01	0.58	0.58	0	0	0.01
193700	0.02	0.58	0.58	0	0	0.02
193800	0.02	0.58	0.58	0	0	0.02
193900	0.02	0.58	0.58	0	0	0.02
194000	0.03	0.58	0.58	0	0	0.03
194100	0.04	0.58	0.58	0	0	0.04
194200	0.02	0.58	0.58	0	0	0.02
194300	0.02	0.58	0.58	0	0	0.02
194400	0.03	0.58	0.58	0	0	0.03
194500	0.03	0.58	0.58	0	0	0.03
194600	0.03	0.58	0.58	0	0	0.03
194700	0.03	0.58	0.58	0	0	0.03
194800	0.01	0.58	0.58	0	0	0.01
194900	0.01	0.58	0.58	0	0	0.01
195000	0.01	0.58	0.58	0	0	0.01
195100	0.02	0.58	0.58	0	0	0.02
195200	0.01	0.58	0.58	0	0	0.01
195300	0.02	0.58	0.58	0	0	0.02
195400	0.02	0.58	0.58	0	0	0.02
195500	0	0.58	0.58	0	0	0
195600	0	0.58	0.58	0	0	0
195700	0.02	0.58	0.58	0	0	0.02
195800	0.02	0.58	0.58	0	0	0.02
195900	0.02	0.58	0.58	0	0	0.02
196000	0.02	0.58	0.58	0	0	0.02
196100	0.02	0.58	0.58	0	0	0.02
196200	0.01	0.58	0.58	0	0	0.01
196300	0.01	0.58	0.58	0	0	0.01
196400	0.02	0.58	0.58	0	0	0.02
196500	0.03	0.58	0.58	0	0	0.03
196600	0.03	0.58	0.58	0	0	0.03
196700	0.03	0.58	0.58	0	0	0.03
196800	0.02	0.58	0.58	0	0	0.02
196900	0.02	0.58	0.58	0	0	0.02
197000	0.01	0.58	0.58	0	0	0.01
197100	0.01	0.58	0.58	0	0	0.01
197200	0.01	0.58	0.58	0	0	0.01
197300	0.04	0.58	0.58	0	0	0.04
197400	0.03	0.58	0.58	0	0	0.03
197500	0.02	0.58	0.58	0	0	0.02
197600	0.02	0.58	0.58	0	0	0.02
197700	0.01	0.58	0.58	0	0	0.01
197800	0.01	0.58	0.58	0	0	0.01
197900	0.01	0.58	0.58	0	0	0.01
198000	0.01	0.58	0.58	0	0	0.01
198100	0.02	0.58	0.58	0	0	0.02
198200	0.02	0.58	0.58	0	0	0.02
198300	0.05	0.58	0.58	0	0	0.05
198400	0.05	0.58	0.58	0	0	0.05
198500	0.05	0.58	0.58	0	0	0.05
198600	0.06	0.58	0.58	0	0	0.06
198700	0.06	0.58	0.58	0	0	0.06
198800	0.07	0.58	0.58	0	0	0.07
198900	0.07	0.58	0.58	0	0	0.07
199000	0.06	0.58	0.58	0	0	0.06
199100	0.05	0.58	0.58	0	0	0.05
199200	0.04	0.58	0.58	0	0	0.04
199300	0.04	0.58	0.58	0	0	0.04
199400	0.02	0.58	0.58	0	0	0.02
199500	0.01	0.58	0.58	0	0	0.01
199600	0.01	0.58	0.58	0	0	0.01
199700	0.01	0.58	0.58	0	0	0.01
199800	0.01	0.58	0.58	0	0	0.01
199900	0.01	0.58	0.58	0	0	0.01
200000	0.01	0.58	0.58	0	0	0.01
200100	0	0.59	0.59	0	0	0
200200	0.01	0.59	0.59	0	0	0.01
200300	0.01	0.59	0.59	0	0	0.01
200400	0.02	0.59	0.59	0	0	0.02
200500	0.03	0.59	0.59	0	0	0.03
200600	0.04	0.59	0.59	0	0	0.04
200700	0.04	0.59	0.59	0	0	0.04
200800	0.04	0.59	0.59	0	0	0.04
200900	0.02	0.59	0.59	0	0	0.02
201000	0.02	0.59	0.59	0	0	0.02
201100	0.03	0.59	0.59	0	0	0.03
201200	0.02	0.59	0.59	0	0	0.02
201300	0.02	0.59	0.59	0	0	0.02
201400	0.03	0.59	0.59	0	0	0.03
201500	0.02	0.59	0.59	0	0	0.02
201600	0.01	0.59	0.59	0	0	0.01
201700	0.02	0.59	0.59	0	0	0.02
201800	0.02	0.58	0.58	0	0	0.02
201900	0.03	0.58	0.58	0	0	0.03
202000	0.03	0.58	0.58	0	0	0.03
202100	0.01	0.58	0.58	0	0	0.01
202200	0.01	0.58	0.58	0	0	0.01
202300	0.01	0.57	0.57	0	0	0.01
202400	0.01	0.57	0.57	0	0	0.01
202500	0.02	0.57	0.57	0	0	0.02
202600	0.04	0.57	0.57	0	0	0.04
202700	0.05	0.57	0.57	0	0	0.05
202800	0.06	0.57	0.57	0	0	0.06
202900	0.04	0.57	0.57	0	0	0.04
203000	0.03	0.57	0.57	0	0	0.03
203100	0.02	0.57	0.57	0	0	0.02
203200	0.02	0.57	0.57	0	0	0.02
203300	0.02	0.57	0.57	0	0	0.02
203400	0.01	0.57	0.57	0	0	0.01
203500	0.02	0.58	0.58	0	0	0.02
203600	0.02	0.58	0.58	0	0	0.02
203700	0.02	0.58	0.58	0	0	0.02
203800	0.02	0.58	0.58	0	0	0.02
203900	0.04	0.58	0.58	0	0	0.04
204000	0.04	0.58	0.58	0	0	0.04
204100	0.03	0.58	0.58	0	0	0.03
204200	0.03	0.58	0.58	0	0	0.03
204300	0.03	0.58	0.58	0	0	0.03
204400	0.02	0.58	0.58	0	0	0.02
204500	0.01	0.58	0.58	0	0	0.01
204600	0.01	0.58	0.58	0	0	0.01
204700	0.03	0.58	0.58	0	0	0.03
204800	0.03	0.58	0.58	0	0	0.03
204900	0.02	0.58	0.58	0	0	0.02
205000	0.03	0.58	0.58	0	0	0.03
205100	0.02	0.58	0.58	0	0	0.02
205200	0.04	0.58	0.58	0	0	0.04
205300	0.04	0.58	0.58	0	0	0.04
205400	0.05	0.58	0.58	0	0	0.05
205500	0.06	0.58	0.58	0	0	0.06
205600	0.05	0.58	0.58	0	0	0.05
205700	0.05	0.58	0.58	0	0	0.05
205800	0.03	0.58	0.58	0	0	0.03
205900	0.01	0.58	0.58	0	0	0.01
206000	0	0.58	0.58	0	0	0
206100	0.01	0.58	0.58	0	0	0.01
206200	0.04	0.58	0.58	0	0	0.04
206300	0.05	0.58	0.58	0	0	0.05
206400	0.05	0.59	0.59	0	0	0.05
206500	0.06	0.59	0.59	0	0	0.06
206600	0.06	0.59	0.59	0	0	0.06
206700	0.04	0.59	0.59	0	0	0.04
206800	0.07	0.59	0.59	0	0	0.07
206900	0.06	0.59	0.59	0	0	0.06
207000	0.05	0.59	0.59	0	0	0.05
207100	0.01	0.59	0.59	0	0	0.01
207200	0.01	0.59	0.59	0	0	0.01
207300	0.01	0.59	0.59	0	0	0.01
207400	0	0.59	0.59	0	0	0
207500	0	0.59	0.59	0	0	0
207600	0	0.59	0.59	0	0	0
207700	0	0.59	0.59	0	0	0
207800	0	0.59	0.59	0	0	0
207900	0.01	0.59	0.59	0	0	0.01
208000	0.02	0.59	0.59	0	0	0.02
208100	0.03	0.59	0.59	0	0	0.03
208200	0.03	0.59	0.59	0	0	0.03
208300	0.03	0.59	0.59	0	0	0.03
208400	0.03	0.59	0.59	0	0	0.03
208500	0.04	0.59	0.59	0	0	0.04
208600	0.04	0.59	0.59	0	0	0.04
208700	0.04	0.59	0.59	0	0	0.04
208800	0.02	0.59	0.59	0	0	0.02
208900	0.03	0.59	0.59	0	0	0.03
209000	0.04	0.59	0.59	0	0	0.04
209100	0.02	0.59	0.59	0	0	0.02
209200	0.02	0.59	0.59	0	0	0.02
209300	0.01	0.59	0.59	0	0	0.01
209400	0.02	0.59	0.59	0	0	0.02
209500	0.01	0.59	0.59	0	0	0.01
209600	0.01	0.59	0.59	0	0	0.01
209700	0.01	0.59	0.59	0	0	0.01
209800	0.01	0.58	0.58	0	0	0.01
209900	0.02	0.58	0.58	0	0	0.02
210000	0.01	0.58	0.58	0	0	0.01
210100	0.01	0.58	0.58	0	0	0.01
210200	0.02	0.58	0.58	0	0	0.02
210300	0.02	0.58	0.58	0	0	0.02
210400	0.02	0.58	0.58	0	0	0.02
210500	0.01	0.58	0.58	0	0	0.01
210600	0.01	0.58	0.58	0	0	0.01
210700	0.01	0.58	0.58	0	0	0.01
210800	0.01	0.58	0.58	0	0	0.01
210900	0.02	0.58	0.58	0	0	0.02
211000	0.02	0.58	0.58	0	0	0.02
211100	0.02	0.58	0.58	0	0	0.02
211200	0.01	0.58	0.58	0	0	0.01
211300	0.01	0.58	0.58	0	0	0.01
211400	0.02	0.58	0.58	0	0	0.02
211500	0.01	0.58	0.58	0	0	0.01
211600	0.03	0.58	0.58	0	0	0.03
211700	0.03	0.58	0.58	0	0	0.03
211800	0.02	0.58	0.58	0	0	0.02
211900	0.02	0.58	0.58	0	0	0.02
212000	0.01	0.58	0.58	0	0	0.01
212100	0.02	0.58	0.58	0	0	0.02
212200	0	0.58	0.58	0	0	0
212300	0	0.59	0.59	0	0	0
212400	0.01	0.59	0.59	0	0	0.01
212500	0.01	0.59	0.59	0	0	0.01
212600	0.02	0.58	0.58	0	0	0.02
212700	0.02	0.58	0.58	0	0	0.02
212800	0.02	0.58	0.58	0	0	0.02
212900	0.02	0.58	0.58	0	0	0.02
213000	0.03	0.58	0.58	0	0	0.03
213100	0.03	0.58	0.58	0	0	0.03
213200	0.03	0.58	0.58	0	0	0.03
213300	0.03	0.58	0.58	0	0	0.03
213400	0.01	0.58	0.58	0	0	0.01
213500	0.02	0.58	0.58	0	0	0.02
213600	0.02	0.58	0.58	0	0	0.02
213700	0.03	0.58	0.58	0	0	0.03
213800	0.02	0.58	0.58	0	0	0.02
213900	0.02	0.58	0.58	0	0	0.02
214000	0.02	0.58	0.58	0	0	0.02
214100	0.02	0.58	0.58	0	0	0.02
214200	0.01	0.58	0.58	0	0	0.01
214300	0	0.58	0.58	0	0	0
214400	0.03	0.58	0.58	0	0	0.03
214500	0.04	0.58	0.58	0	0	0.04
214600	0.05	0.58	0.58	0	0	0.05
214700	0.05	0.58	0.58	0	0	0.05
214800	0.03	0.58	0.58	0	0	0.03
214900	0.01	0.58	0.58	0	0	0.01
215000	0.01	0.58	0.58	0	0	0.01
215100	0.02	0.58	0.58	0	0	0.02
215200	0.02	0.58	0.58	0	0	0.02
215300	0.02	0.58	0.58	0	0	0.02
215400	0.01	0.58	0.58	0	0	0.01
215500	0.01	0.58	0.58	0	0	0.01
215600	0	0.58	0.58	0	0	0
215700	0	0.58	0.58	0	0	0
215800	0.01	0.58	0.58	0	0	0.01
215900	0.03	0.58	0.58	0	0	0.03
216000	0.03	0.58	0.58	0	0	0.03
216100	0.01	0.58	0.58	0	0	0.01
216200	0	0.58	0.58	0	0	0
216300	0	0.58	0.58	0	0	0
216400	0	0.58	0.58	0	0	0
216500	0	0.58	0.58	0	0	0
216600	0	0.58	0.58	0	0	0
216700	0.01	0.58	0.58	0	0	0.01
216800	0.01	0.58	0.58	0	0	0.01
216900	0.02	0.58	0.58	0	0	0.02
217000	0.02	0.58	0.58	0	0	0.02
217100	0.01	0.58	0.58	0	0	0.01
217200	0.01	0.58	0.58	0	0	0.01
217300	0.01	0.58	0.58	0	0	0.01
217400	0.03	0.58	0.58	0	0	0.03
217500	0.03	0.58	0.58	0	0	0.03
217600	0.01	0.58	0.58	0	0	0.01
217700	0.01	0.58	0.58	0	0	0.01
217800	0.01	0.58	0.58	0	0	0.01
217900	0.02	0.58	0.58	0	0	0.02
218000	0.01	0.59	0.59	0	0	0.01
218100	0.02	0.59	0.59	0	0	0.02
218200	0.02	0.59	0.59	0	0	0.02
218300	0.01	0.59	0.59	0	0	0.01
218400	0.01	0.59	0.59	0	0	0.01
218500	0	0.59	0.59	0	0	0
218600	0.01	0.59	0.59	0	0	0.01
218700	0.01	0.59	0.59	0	0	0.01
218800	0	0.59	0.59	0	0	0
218900	0.02	0.59	0.59	0	0	0.02
219000	0.01	0.59	0.59	0	0	0.01
219100	0.01	0.59	0.59	0	0	0.01
219200	0.02	0.59	0.59	0	0	0.02
219300	0.02	0.59	0.59	0	0	0.02
219400	0.02	0.59	0.59	0	0	0.02
219500	0	0.59	0.59	0	0	0
219600	0	0.59	0.59	0	0	0
219700	0	0.59	0.59	0	0	0
219800	0	0.59	0.59	0	0	0
219900	0	0.59	0.59	0	0	0
220000	0.01	0.59	0.59	0	0	0.01
220100	0.01	0.59	0.59	0	0	0.01
220200	0.02	0.59	0.59	0	0	0.02
220300	0.01	0.59	0.59	0	0	0.01
220400	0.01	0.59	0.59	0	0	0.01
220500	0.03	0.59	0.59	0	0	0.03
220600	0.03	0.59	0.59	0	0	0.03
220700	0.06	0.59	0.59	0	0	0.06
220800	0.04	0.59	0.59	0	0	0.04
220900	0.02	0.59	0.59	0	0	0.02
221000	0.01	0.59	0.59	0	0	0.01
221100	0.01	0.59	0.59	0	0	0.01
221200	0.01	0.59	0.59	0	0	0.01
221300	0.01	0.59	0.59	0	0	0.01
221400	0.02	0.59	0.59	0	0	0.02
221500	0.02	0.59	0.59	0	0	0.02
221600	0.03	0.59	0.59	0	0	0.03
221700	0.03	0.59	0.59	0	0	0.03
221800	0.02	0.59	0.59	0	0	0.02
221900	0.04	0.59	0.59	0	0	0.04
222000	0.03	0.59	0.59	0	0	0.03
222100	0.02	0.59	0.59	0	0	0.02
222200	0.02	0.59	0.59	0	0	0.02
222300	0.02	0.59	0.59	0	0	0.02
222400	0	0.59	0.59	0	0	0
222500	0	0.59	0.59	0	0	0
222600	0	0.59	0.59	0	0	0
222700	0	0.59	0.59	0	0	0
222800	0.01	0.59	0.59	0	0	0.01
222900	0.01	0.59	0.59	0	0	0.01
223000	0	0.59	0.59	0	0	0
223100	0	0.59	0.59	0	0	0
223200	0.01	0.59	0.59	0	0	0.01
223300	0.02	0.59	0.59	0	0	0.02
223400	0.02	0.59	0.59	0	0	0.02
223500	0.03	0.59	0.59	0	0	0.03
223600	0.04	0.59	0.59	0	0	0.04
223700	0.03	0.59	0.59	0	0	0.03
223800	0.02	0.59	0.59	0	0	0.02
223900	0.02	0.59	0.59	0	0	0.02
224000	0.03	0.59	0.59	0	0	0.03
224100	0.03	0.59	0.59	0	0	0.03
224200	0.02	0.59	0.59	0	0	0.02
224300	0.03	0.59	0.59	0	0	0.03
224400	0.03	0.59	0.59	0	0	0.03
224500	0.03	0.59	0.59	0	0	0.03
224600	0.01	0.59	0.59	0	0	0.01
224700	0.01	0.59	0.59	0	0	0.01
224800	0.01	0.59	0.59	0	0	0.01
224900	0	0.59	0.59	0	0	0
225000	0.03	0.59	0.59	0	0	0.03
225100	0.03	0.59	0.59	0	0	0.03
225200	0.03	0.59	0.59	0	0	0.03
225300	0.04	0.59	0.59	0	0	0.04
225400	0.04	0.59	0.59	0	0	0.04
225500	0.05	0.59	0.59	0	0	0.05
225600	0.04	0.59	0.59	0	0	0.04
225700	0.04	0.59	0.59	0	0	0.04
225800	0.04	0.59	0.59	0	0	0.04
225900	0.03	0.59	0.59	0	0	0.03
226000	0.03	0.59	0.59	0	0	0.03
226100	0	0.59	0.59	0	0	0
226200	0.01	0.59	0.59	0	0	0.01
226300	0.01	0.59	0.59	0	0	0.01
226400	0.02	0.59	0.59	0	0	0.02
226500	0.02	0.59	0.59	0	0	0.02
226600	0.01	0.59	0.59	0	0	0.01
226700	0	0.59	0.59	0	0	0
226800	0.01	0.59	0.59	0	0	0.01
226900	0.02	0.59	0.59	0	0	0.02
227000	0.01	0.59	0.59	0	0	0.01
227100	0.02	0.58	0.58	0	0	0.02
227200	0.02	0.58	0.58	0	0	0.02
227300	0.02	0.58	0.58	0	0	0.02
227400	0.03	0.58	0.58	0	0	0.03
227500	0.01	0.58	0.58	0	0	0.01
227600	0.02	0.58	0.58	0	0	0.02
227700	0.01	0.58	0.58	0	0	0.01
227800	0	0.58	0.58	0	0	0
227900	0.01	0.58	0.58	0	0	0.01
228000	0.01	0.58	0.58	0	0	0.01
228100	0.01	0.58	0.58	0	0	0.01
228200	0.01	0.58	0.58	0	0	0.01
228300	0.02	0.58	0.58	0	0	0.02
228400	0.02	0.58	0.58	0	0	0.02
228500	0.01	0.58	0.58	0	0	0.01
228600	0.01	0.58	0.58	0	0	0.01
228700	0.01	0.58	0.58	0	0	0.01
228800	0	0.58	0.58	0	0	0
228900	0.01	0.58	0.58	0	0	0.01
229000	0.01	0.58	0.58	0	0	0.01
229100	0.02	0.58	0.58	0	0	0.02
229200	0.01	0.58	0.58	0	0	0.01
229300	0.02	0.58	0.58	0	0	0.02
229400	0.05	0.58	0.58	0	0	0.05
229500	0.07	0.58	0.58	0	0	0.07
229600	0.06	0.58	0.58	0	0	0.06
229700	0.04	0.58	0.58	0	0	0.04
229800	0.03	0.58	0.58	0	0	0.03
229900	0.03	0.58	0.58	0	0	0.03
230000	0.03	0.58	0.58	0	0	0.03
230100	0.03	0.58	0.58	0	0	0.03
230200	0.02	0.58	0.58	0	0	0.02
230300	0.01	0.58	0.58	0	0	0.01
230400	0.02	0.58	0.58	0	0	0.02
230500	0.01	0.58	0.58	0	0	0.01
230600	0.01	0.58	0.58	0	0	0.01
230700	0.01	0.58	0.58	0	0	0.01
230800	0.02	0.58	0.58	0	0	0.02
230900	0.02	0.59	0.59	0	0	0.02
231000	0.04	0.59	0.59	0	0	0.04
231100	0.04	0.59	0.59	0	0	0.04
231200	0.02	0.59	0.59	0	0	0.02
231300	0.01	0.59	0.59	0	0	0.01
231400	0.01	0.59	0.59	0	0	0.01
231500	0.01	0.59	0.59	0	0	0.01
231600	0.01	0.59	0.59	0	0	0.01
231700	0.01	0.59	0.59	0	0	0.01
231800	0.01	0.59	0.59	0	0	0.01
231900	0.01	0.59	0.59	0	0	0.01
232000	0.01	0.59	0.59	0	0	0.01
232100	0.01	0.59	0.59	0	0	0.01
232200	0.01	0.59	0.59	0	0	0.01
232300	0.01	0.59	0.59	0	0	0.01
232400	0.02	0.59	0.59	0	0	0.02
232500	0.02	0.59	0.59	0	0	0.02
232600	0.07	0.59	0.59	0	0	0.07
232700	0.06	0.59	0.59	0	0	0.06
232800	0.05	0.59	0.59	0	0	0.05
232900	0.05	0.59	0.59	0	0	0.05
233000	0.03	0.59	0.59	0	0	0.03
233100	0.01	0.59	0.59	0	0	0.01
233200	0	0.59	0.59	0	0	0
233300	0.02	0.59	0.59	0	0	0.02
233400	0.04	0.59	0.59	0	0	0.04
233500	0.05	0.59	0.59	0	0	0.05
233600	0.03	0.59	0.59	0	0	0.03
233700	0.04	0.59	0.59	0	0	0.04
233800	0.04	0.59	0.59	0	0	0.04
233900	0.03	0.59	0.59	0	0	0.03
234000	0.01	0.59	0.59	0	0	0.01
234100	0.01	0.59	0.59	0	0	0.01
234200	0.01	0.59	0.59	0	0	0.01
234300	0.01	0.59	0.59	0	0	0.01
234400	0	0.59	0.59	0	0	0
234500	0	0.59	0.59	0	0	0
234600	0	0.59	0.59	0	0	0
234700	0.01	0.59	0.59	0	0	0.01
234800	0.01	0.59	0.59	0	0	0.01
234900	0.03	0.59	0.59	0	0	0.03
235000	0.03	0.59	0.59	0	0	0.03
235100	0.03	0.59	0.59	0	0	0.03
235200	0.04	0.59	0.59	0	0	0.04
235300	0.04	0.59	0.59	0	0	0.04
235400	0.03	0.59	0.59	0	0	0.03
235500	0.03	0.58	0.58	0	0	0.03
235600	0.04	0.58	0.58	0	0	0.04
235700	0.03	0.58	0.58	0	0	0.03
235800	0.02	0.58	0.58	0	0	0.02
235900	0.02	0.58	0.58	0	0	0.02
236000	0.02	0.58	0.58	0	0	0.02
236100	0.03	0.58	0.58	0	0	0.03
236200	0.02	0.58	0.58	0	0	0.02
236300	0.02	0.58	0.58	0	0	0.02
236400	0.03	0.58	0.58	0	0	0.03
236500	0.02	0.58	0.58	0	0	0.02
236600	0	0.58	0.58	0	0	0
236700	0	0.58	0.58	0	0	0
236800	0.02	0.58	0.58	0	0	0.02
236900	0.02	0.58	0.58	0	0	0.02
237000	0.02	0.58	0.58	0	0	0.02
237100	0.03	0.58	0.58	0	0	0.03
237200	0.03	0.58	0.58	0	0	0.03
237300	0.03	0.58	0.58	0	0	0.03
237400	0.01	0.58	0.58	0	0	0.01
237500	0.01	0.58	0.58	0	0	0.01
237600	0.02	0.58	0.58	0	0	0.02
237700	0.02	0.58	0.58	0	0	0.02
237800	0.02	0.58	0.58	0	0	0.02
237900	0.02	0.58	0.58	0	0	0.02
238000	0.03	0.58	0.58	0	0	0.03
238100	0.03	0.59	0.59	0	0	0.03
238200	0.02	0.59	0.59	0	0	0.02
238300	0.04	0.59	0.59	0	0	0.04
238400	0.04	0.59	0.59	0	0	0.04
238500	0.05	0.59	0.59	0	0	0.05
238600	0.05	0.59	0.59	0	0	0.05
238700	0.03	0.59	0.59	0	0	0.03
238800	0.03	0.59	0.59	0	0	0.03
238900	0.02	0.59	0.59	0	0	0.02
239000	0.01	0.59	0.59	0	0	0.01
239100	0	0.59	0.59	0	0	0
239200	0	0.59	0.59	0	0	0
239300	0	0.59	0.59	0	0	0
239400	0.01	0.59	0.59	0	0	0.01
239500	0.02	0.59	0.59	0	0	0.02
239600	0.02	0.59	0.59	0	0	0.02
239700	0.02	0.59	0.59	0	0	0.02
239800	0.03	0.59	0.59	0	0	0.03
239900	0.02	0.59	0.59	0	0	0.02
240000	0.02	0.59	0.59	0	0	0.02
240100	0.02	0.59	0.59	0	0	0.02
240200	0.02	0.59	0.59	0	0	0.02
240300	0.01	0.59	0.59	0	0	0.01
240400	0	0.59	0.59	0	0	0
240500	0.02	0.59	0.59	0	0	0.02
240600	0	0.59	0.59	0	0	0
240700	0	0.59	0.59	0	0	0
240800	0.01	0.59	0.59	0	0	0.01
240900	0.02	0.59	0.59	0	0	0.02
241000	0.02	0.59	0.59	0	0	0.02
241100	0.03	0.59	0.59	0	0	0.03
241200	0.03	0.59	0.59	0	0	0.03
241300	0.04	0.59	0.59	0	0	0.04
241400	0.01	0.59	0.59	0	0	0.01
241500	0.02	0.59	0.59	0	0	0.02
241600	0.02	0.59	0.59	0	0	0.02
241700	0.02	0.59	0.59	0	0	0.02
241800	0.03	0.59	0.59	0	0	0.03
241900	0.02	0.59	0.59	0	0	0.02
242000	0.02	0.59	0.59	0	0	0.02
242100	0.02	0.59	0.59	0	0	0.02
242200	0.02	0.59	0.59	0	0	0.02
242300	0.02	0.59	0.59	0	0	0.02
242400	0.02	0.59	0.59	0	0	0.02
242500	0.01	0.59	0.59	0	0	0.01
242600	0.02	0.59	0.59	0	0	0.02
242700	0.01	0.59	0.59	0	0	0.01
242800	0	0.59	0.59	0	0	0
242900	0	0.59	0.59	0	0	0
243000	0.02	0.59	0.59	0	0	0.02
243100	0.02	0.59	0.59	0	0	0.02
243200	0.02	0.59	0.59	0	0	0.02
243300	0.05	0.59	0.59	0	0	0.05
243400	0.04	0.59	0.59	0	0	0.04
243500	0.05	0.59	0.59	0	0	0.05
243600	0.02	0.59	0.59	0	0	0.02
243700	0.01	0.59	0.59	0	0	0.01
243800	0	0.59	0.59	0	0	0
243900	0	0.59	0.59	0	0	0
244000	0.01	0.59	0.59	0	0	0.01
244100	0.01	0.59	0.59	0	0	0.01
244200	0.02	0.59	0.59	0	0	0.02
244300	0.02	0.59	0.59	0	0	0.02
244400	0.01	0.59	0.59	0	0	0.01
244500	0.01	0.59	0.59	0	0	0.01
244600	0.02	0.59	0.59	0	0	0.02
244700	0.03	0.59	0.59	0	0	0.03
244800	0.04	0.59	0.59	0	0	0.04
244900	0.04	0.59	0.59	0	0	0.04
245000	0.04	0.59	0.59	0	0	0.04
245100	0.05	0.59	0.59	0	0	0.05
245200	0.05	0.59	0.59	0	0	0.05
245300	0.06	0.59	0.59	0	0	0.06
245400	0.06	0.59	0.59	0	0	0.06
245500	0.07	0.59	0.59	0	0	0.07
245600	0.03	0.59	0.59	0	0	0.03
245700	0.04	0.59	0.59	0	0	0.04
245800	0.05	0.59	0.59	0	0	0.05
245900	0.06	0.59	0.59	0	0	0.06
246000	0.06	0.59	0.59	0	0	0.06
246100	0.05	0.59	0.59	0	0	0.05
246200	0.05	0.59	0.59	0	0	0.05
246300	0.07	0.59	0.59	0	0	0.07
246400	0.04	0.59	0.59	0	0	0.04
246500	0.01	0.59	0.59	0	0	0.01
246600	0.01	0.59	0.59	0	0	0.01
246700	0.01	0.59	0.59	0	0	0.01
246800	0.01	0.59	0.59	0	0	0.01
246900	0.01	0.59	0.59	0	0	0.01
247000	0.01	0.59	0.59	0	0	0.01
247100	0.02	0.59	0.59	0	0	0.02
247200	0.01	0.59	0.59	0	0	0.01
247300	0.01	0.59	0.59	0	0	0.01
247400	0	0.59	0.59	0	0	0
247500	0.01	0.59	0.59	0	0	0.01
247600	0.02	0.59	0.59	0	0	0.02
247700	0.01	0.59	0.59	0	0	0.01
247800	0.02	0.59	0.59	0	0	0.02
247900	0.01	0.59	0.59	0	0	0.01
248000	0.01	0.59	0.59	0	0	0.01
248100	0.01	0.59	0.59	0	0	0.01
248200	0.01	0.59	0.59	0	0	0.01
248300	0.01	0.59	0.59	0	0	0.01
248400	0.01	0.59	0.59	0	0	0.01
248500	0.03	0.59	0.59	0	0	0.03
248600	0.04	0.59	0.59	0	0	0.04
248700	0.05	0.59	0.59	0	0	0.05
248800	0.05	0.59	0.59	0	0	0.05
248900	0.03	0.59	0.59	0	0	0.03
249000	0.02	0.59	0.59	0	0	0.02
249100	0.02	0.59	0.59	0	0	0.02
249200	0.03	0.59	0.59	0	0	0.03
249300	0.04	0.59	0.59	0	0	0.04
249400	0.03	0.59	0.59	0	0	0.03
249500	0.03	0.59	0.59	0	0	0.03
249600	0.04	0.59	0.59	0	0	0.04
249700	0.03	0.59	0.59	0	0	0.03
249800	0.02	0.59	0.59	0	0	0.02
249900	0.01	0.59	0.59	0	0	0.01
250000	0.02	0.59	0.59	0	0	0.02
250100	0.01	0.59	0.59	0	0	0.01
250200	0.01	0.59	0.59	0	0	0.01
250300	0.02	0.59	0.59	0	0	0.02
250400	0.02	0.6	0.6	0	0	0.02
250500	0.02	0.59	0.59	0	0	0.02
250600	0.02	0.59	0.59	0	0	0.02
250700	0.01	0.59	0.59	0	0	0.01
250800	0.01	0.59	0.59	0	0	0.01
250900	0.02	0.59	0.59	0	0	0.02
251000	0.01	0.59	0.59	0	0	0.01
251100	0.01	0.59	0.59	0	0	0.01
251200	0.02	0.59	0.59	0	0	0.02
251300	0.02	0.59	0.59	0	0	0.02
251400	0.02	0.59	0.59	0	0	0.02
251500	0.02	0.59	0.59	0	0	0.02
251600	0.01	0.59	0.59	0	0	0.01
251700	0.02	0.59	0.59	0	0	0.02
251800	0	0.59	0.59	0	0	0
251900	0.01	0.59	0.59	0	0	0.01
252000	0.03	0.59	0.59	0	0	0.03
252100	0.04	0.59	0.59	0	0	0.04
252200	0.04	0.59	0.59	0	0	0.04
252300	0.04	0.59	0.59	0	0	0.04
252400	0.03	0.59	0.59	0	0	0.03
252500	0.03	0.59	0.59	0	0	0.03
252600	0.04	0.59	0.59	0	0	0.04
252700	0.01	0.59	0.59	0	0	0.01
252800	0.02	0.59	0.59	0	0	0.02
252900	0.04	0.59	0.59	0	0	0.04
253000	0.04	0.59	0.59	0	0	0.04
253100	0.04	0.59	0.59	0	0	0.04
253200	0.04	0.59	0.59	0	0	0.04
253300	0.03	0.59	0.59	0	0	0.03
253400	0.03	0.59	0.59	0	0	0.03
253500	0.02	0.59	0.59	0	0	0.02
253600	0.01	0.59	0.59	0	0	0.01
253700	0.01	0.59	0.59	0	0	0.01
253800	0.02	0.59	0.59	0	0	0.02
253900	0.03	0.59	0.59	0	0	0.03
254000	0.03	0.59	0.59	0	0	0.03
254100	0.02	0.59	0.59	0	0	0.02
254200	0.03	0.59	0.59	0	0	0.03
254300	0.03	0.59	0.59	0	0	0.03
254400	0.03	0.59	0.59	0	0	0.03
254500	0.04	0.59	0.59	0	0	0.04
254600	0.04	0.59	0.59	0	0	0.04
254700	0.02	0.59	0.59	0	0	0.02
254800	0.02	0.59	0.59	0	0	0.02
254900	0.03	0.59	0.59	0	0	0.03
255000	0.02	0.59	0.59	0	0	0.02
255100	0.02	0.59	0.59	0	0	0.02
255200	0.03	0.59	0.59	0	0	0.03
255300	0.03	0.59	0.59	0	0	0.03
255400	0.03	0.59	0.59	0	0	0.03
255500	0.03	0.59	0.59	0	0	0.03
255600	0.01	0.59	0.59	0	0	0.01
255700	0.02	0.59	0.59	0	0	0.02
255800	0.02	0.59	0.59	0	0	0.02
255900	0.02	0.59	0.59	0	0	0.02
256000	0	0.59	0.59	0	0	0
256100	0.02	0.59	0.59	0	0	0.02
256200	0.03	0.59	0.59	0	0	0.03
256300	0.03	0.59	0.59	0	0	0.03
256400	0.02	0.59	0.59	0	0	0.02
256500	0.03	0.59	0.59	0	0	0.03
256600	0.04	0.59	0.59	0	0	0.04
256700	0.03	0.59	0.59	0	0	0.03
256800	0.02	0.59	0.59	0	0	0.02
256900	0.02	0.59	0.59	0	0	0.02
257000	0.01	0.59	0.59	0	0	0.01
257100	0.01	0.59	0.59	0	0	0.01
257200	0.02	0.59	0.59	0	0	0.02
257300	0.03	0.59	0.59	0	0	0.03
257400	0.04	0.59	0.59	0	0	0.04
257500	0.03	0.59	0.59	0	0	0.03
257600	0.03	0.59	0.59	0	0	0.03
257700	0.03	0.59	0.59	0	0	0.03
257800	0.03	0.59	0.59	0	0	0.03
257900	0.01	0.59	0.59	0	0	0.01
258000	0.01	0.59	0.59	0	0	0.01
258100	0.01	0.59	0.59	0	0	0.01
258200	0	0.59	0.59	0	0	0
258300	0	0.59	0.59	0	0	0
258400	0	0.59	0.59	0	0	0
258500	0	0.59	0.59	0	0	0
258600	0	0.59	0.59	0	0	0
258700	0	0.59	0.59	0	0	0
258800	0.01	0.59	0.59	0	0	0.01
258900	0.01	0.59	0.59	0	0	0.01
259000	0.02	0.59	0.59	0	0	0.02
259100	0.02	0.59	0.59	0	0	0.02
259200	0.02	0.59	0.59	0	0	0.02
259300	0.02	0.59	0.59	0	0	0.02
259400	0.01	0.59	0.59	0	0	0.01
259500	0.01	0.59	0.59	0	0	0.01
259600	0.01	0.59	0.59	0	0	0.01
259700	0	0.59	0.59	0	0	0
259800	0	0.59	0.59	0	0	0
259900	0.01	0.59	0.59	0	0	0.01
260000	0.01	0.59	0.59	0	0	0.01
260100	0.02	0.59	0.59	0	0	0.02
260200	0.03	0.59	0.59	0	0	0.03
260300	0.03	0.59	0.59	0	0	0.03
260400	0.01	0.59	0.59	0	0	0.01
260500	0.03	0.59	0.59	0	0	0.03
260600	0.02	0.59	0.59	0	0	0.02
260700	0.05	0.59	0.59	0	0	0.05
260800	0.06	0.59	0.59	0	0	0.06
260900	0.05	0.59	0.59	0	0	0.05
261000	0.03	0.59	0.59	0	0	0.03
261100	0.02	0.59	0.59	0	0	0.02
261200	0.03	0.59	0.59	0	0	0.03
261300	0.02	0.59	0.59	0	0	0.02
261400	0.01	0.59	0.59	0	0	0.01
261500	0.01	0.59	0.59	0	0	0.01
261600	0.03	0.59	0.59	0	0	0.03
261700	0.03	0.59	0.59	0	0	0.03
261800	0.04	0.59	0.59	0	0	0.04
261900	0.05	0.59	0.59	0	0	0.05
262000	0.04	0.59	0.59	0	0	0.04
262100	0.03	0.59	0.59	0	0	0.03
262200	0.02	0.59	0.59	0	0	0.02
262300	0.01	0.59	0.59	0	0	0.01
262400	0.01	0.59	0.59	0	0	0.01
262500	0.01	0.59	0.59	0	0	0.01
262600	0.01	0.59	0.59	0	0	0.01
262700	0.01	0.59	0.59	0	0	0.01
262800	0.02	0.59	0.59	0	0	0.02
262900	0.02	0.59	0.59	0	0	0.02
263000	0.03	0.59	0.59	0	0	0.03
263100	0.05	0.59	0.59	0	0	0.05
263200	0.06	0.59	0.59	0	0	0.06
263300	0.08	0.59	0.59	0	0	0.08
263400	0.08	0.59	0.59	0	0	0.08
263500	0.07	0.59	0.59	0	0	0.07
263600	0.04	0.59	0.59	0	0	0.04
263700	0.02	0.59	0.59	0	0	0.02
263800	0	0.59	0.59	0	0	0
263900	0.02	0.59	0.59	0	0	0.02
264000	0.05	0.59	0.59	0	0	0.05
264100	0.05	0.59	0.59	0	0	0.05
264200	0.06	0.59	0.59	0	0	0.06
264300	0.07	0.59	0.59	0	0	0.07
264400	0.06	0.59	0.59	0	0	0.06
264500	0.04	0.59	0.59	0	0	0.04
264600	0.02	0.59	0.59	0	0	0.02
264700	0	0.59	0.59	0	0	0
264800	0	0.59	0.59	0	0	0
264900	0	0.59	0.59	0	0	0
265000	0	0.59	0.59	0	0	0
265100	0	0.59	0.59	0	0	0
265200	0.01	0.59	0.59	0	0	0.01
265300	0.01	0.59	0.59	0	0	0.01
265400	0.01	0.59	0.59	0	0	0.01
265500	0.01	0.59	0.59	0	0	0.01
265600	0.02	0.59	0.59	0	0	0.02
265700	0.01	0.59	0.59	0	0	0.01
265800	0.01	0.59	0.59	0	0	0.01
265900	0.01	0.59	0.59	0	0	0.01
266000	0.03	0.59	0.59	0	0	0.03
266100	0.04	0.59	0.59	0	0	0.04
266200	0.02	0.59	0.59	0	0	0.02
266300	0.03	0.59	0.59	0	0	0.03
266400	0.04	0.59	0.59	0	0	0.04
266500	0.04	0.59	0.59	0	0	0.04
266600	0.05	0.59	0.59	0	0	0.05
266700	0.03	0.59	0.59	0	0	0.03
266800	0.02	0.59	0.59	0	0	0.02
266900	0.02	0.59	0.59	0	0	0.02
267000	0.01	0.59	0.59	0	0	0.01
267100	0.02	0.59	0.59	0	0	0.02
267200	0.01	0.59	0.59	0	0	0.01
267300	0.01	0.59	0.59	0	0	0.01
267400	0.01	0.59	0.59	0	0	0.01
267500	0.02	0.59	0.59	0	0	0.02
267600	0.03	0.59	0.59	0	0	0.03
267700	0.03	0.59	0.59	0	0	0.03
267800	0.04	0.59	0.59	0	0	0.04
267900	0.02	0.59	0.59	0	0	0.02
268000	0.01	0.59	0.59	0	0	0.01
268100	0.01	0.59	0.59	0	0	0.01
268200	0.01	0.59	0.59	0	0	0.01
268300	0.01	0.59	0.59	0	0	0.01
268400	0.04	0.59	0.59	0	0	0.04
268500	0.04	0.59	0.59	0	0	0.04
268600	0.02	0.59	0.59	0	0	0.02
268700	0.02	0.59	0.59	0	0	0.02
268800	0	0.59	0.59	0	0	0
268900	0	0.59	0.59	0	0	0
269000	0	0.59	0.59	0	0	0
269100	0.01	0.59	0.59	0	0	0.01
269200	0.02	0.59	0.59	0	0	0.02
269300	0.03	0.59	0.59	0	0	0.03
269400	0.04	0.59	0.59	0	0	0.04
269500	0.01	0.59	0.59	0	0	0.01
269600	0.02	0.59	0.59	0	0	0.02
269700	0.01	0.59	0.59	0	0	0.01
269800	0.01	0.59	0.59	0	0	0.01
269900	0.02	0.59	0.59	0	0	0.02
270000	0.02	0.59	0.59	0	0	0.02
270100	0.03	0.59	0.59	0	0	0.03
270200	0.03	0.59	0.59	0	0	0.03
270300	0.02	0.59	0.59	0	0	0.02
270400	0.01	0.59	0.59	0	0	0.01
270500	0.02	0.59	0.59	0	0	0.02
270600	0.01	0.59	0.59	0	0	0.01
270700	0.01	0.59	0.59	0	0	0.01
270800	0.03	0.59	0.59	0	0	0.03
270900	0.03	0.59	0.59	0	0	0.03
271000	0.03	0.59	0.59	0	0	0.03
271100	0.03	0.59	0.59	0	0	0.03
271200	0.05	0.59	0.59	0	0	0.05
271300	0.02	0.59	0.59	0	0	0.02
271400	0.02	0.59	0.59	0	0	0.02
271500	0.02	0.59	0.59	0	0	0.02
271600	0.04	0.59	0.59	0	0	0.04
271700	0.05	0.59	0.59	0	0	0.05
271800	0.06	0.59	0.59	0	0	0.06
271900	0.06	0.59	0.59	0	0	0.06
272000	0.02	0.59	0.59	0	0	0.02
272100	0.02	0.59	0.59	0	0	0.02
272200	0.01	0.59	0.59	0	0	0.01
272300	0	0.6	0.6	0	0	0
272400	0.01	0.59	0.59	0	0	0.01
272500	0.01	0.59	0.59	0	0	0.01
272600	0.01	0.59	0.59	0	0	0.01
272700	0.01	0.59	0.59	0	0	0.01
272800	0.02	0.59	0.59	0	0	0.02
272900	0.04	0.59	0.59	0	0	0.04
273000	0.03	0.59	0.59	0	0	0.03
273100	0.03	0.59	0.59	0	0	0.03
273200	0.01	0.59	0.59	0	0	0.01
273300	0.02	0.59	0.59	0	0	0.02
273400	0.02	0.59	0.59	0	0	0.02
273500	0.01	0.59	0.59	0	0	0.01
273600	0.02	0.59	0.59	0	0	0.02
273700	0.03	0.59	0.59	0	0	0.03
273800	0.03	0.59	0.59	0	0	0.03
273900	0.03	0.59	0.59	0	0	0.03
274000	0.03	0.59	0.59	0	0	0.03
274100	0.04	0.59	0.59	0	0	0.04
274200	0.02	0.59	0.59	0	0	0.02
274300	0.01	0.59	0.59	0	0	0.01
274400	0	0.59	0.59	0	0	0
274500	0.02	0.59	0.59	0	0	0.02
274600	0.03	0.59	0.59	0	0	0.03
274700	0.02	0.59	0.59	0	0	0.02
274800	0.01	0.59	0.59	0	0	0.01
274900	0.01	0.59	0.59	0	0	0.01
275000	0.01	0.59	0.59	0	0	0.01
275100	0	0.59	0.59	0	0	0
275200	0	0.59	0.59	0	0	0
275300	0	0.59	0.59	0	0	0
275400	0	0.59	0.59	0	0	0
275500	0	0.59	0.59	0	0	0
275600	0.02	0.59	0.59	0	0	0.02
275700	0.02	0.59	0.59	0	0	0.02
275800	0.01	0.59	0.59	0	0	0.01
275900	0.01	0.59	0.59	0	0	0.01
276000	0.03	0.59	0.59	0	0	0.03
276100	0.03	0.59	0.59	0	0	0.03
276200	0.03	0.59	0.59	0	0	0.03
276300	0.03	0.6	0.6	0	0	0.03
276400	0.03	0.59	0.59	0	0	0.03
276500	0.03	0.59	0.59	0	0	0.03
276600	0.02	0.59	0.59	0	0	0.02
276700	0.03	0.59	0.59	0	0	0.03
276800	0.02	0.59	0.59	0	0	0.02
276900	0.03	0.59	0.59	0	0	0.03
277000	0.04	0.59	0.59	0	0	0.04
277100	0.03	0.59	0.59	0	0	0.03
277200	0.03	0.59	0.59	0	0	0.03
277300	0.05	0.59	0.59	0	0	0.05
277400	0.03	0.59	0.59	0	0	0.03
277500	0.03	0.59	0.59	0	0	0.03
277600	0.02	0.59	0.59	0	0	0.02
277700	0.02	0.59	0.59	0	0	0.02
277800	0.02	0.59	0.59	0	0	0.02
277900	0.02	0.59	0.59	0	0	0.02
278000	0.02	0.59	0.59	0	0	0.02
278100	0.01	0.59	0.59	0	0	0.01
278200	0.01	0.59	0.59	0	0	0.01
278300	0	0.59	0.59	0	0	0
278400	0	0.59	0.59	0	0	0
278500	0.01	0.59	0.59	0	0	0.01
278600	0.03	0.59	0.59	0	0	0.03
278700	0.02	0.59	0.59	0	0	0.02
278800	0	0.59	0.59	0	0	0
278900	0	0.59	0.59	0	0	0
279000	0.01	0.59	0.59	0	0	0.01
279100	0.01	0.59	0.59	0	0	0.01
279200	0.01	0.59	0.59	0	0	0.01
279300	0.01	0.59	0.59	0	0	0.01
279400	0.03	0.59	0.59	0	0	0.03
279500	0.02	0.59	0.59	0	0	0.02
279600	0.02	0.59	0.59	0	0	0.02
279700	0.02	0.59	0.59	0	0	0.02
279800	0.01	0.59	0.59	0	0	0.01
279900	0	0.59	0.59	0	0	0
280000	0.01	0.59	0.59	0	0	0.01
280100	0.02	0.59	0.59	0	0	0.02
280200	0.02	0.59	0.59	0	0	0.02
280300	0.01	0.59	0.59	0	0	0.01
280400	0.02	0.59	0.59	0	0	0.02
280500	0.02	0.59	0.59	0	0	0.02
280600	0.01	0.59	0.59	0	0	0.01
280700	0.01	0.59	0.59	0	0	0.01
280800	0.01	0.59	0.59	0	0	0.01
280900	0.01	0.59	0.59	0	0	0.01
281000	0.01	0.59	0.59	0	0	0.01
281100	0.03	0.6	0.6	0	0	0.03
281200	0.03	0.6	0.6	0	0	0.03
281300	0.03	0.59	0.59	0	0	0.03
281400	0	0.59	0.59	0	0	0
281500	0	0.59	0.59	0	0	0
281600	0.03	0.59	0.59	0	0	0.03
281700	0.04	0.59	0.59	0	0	0.04
281800	0.04	0.59	0.59	0	0	0.04
281900	0.05	0.59	0.59	0	0	0.05
282000	0.06	0.59	0.59	0	0	0.06
282100	0.06	0.59	0.59	0	0	0.06
282200	0.04	0.59	0.59	0	0	0.04
282300	0.04	0.59	0.59	0	0	0.04
282400	0.03	0.59	0.59	0	0	0.03
282500	0	0.59	0.59	0	0	0
282600	0	0.59	0.59	0	0	0
282700	0.01	0.59	0.59	0	0	0.01
282800	0.03	0.59	0.59	0	0	0.03
282900	0.03	0.59	0.59	0	0	0.03
283000	0.03	0.59	0.59	0	0	0.03
283100	0.02	0.59	0.59	0	0	0.02
283200	0.02	0.59	0.59	0	0	0.02
283300	0.03	0.59	0.59	0	0	0.03
283400	0.04	0.59	0.59	0	0	0.04
283500	0.04	0.59	0.59	0	0	0.04
283600	0.02	0.59	0.59	0	0	0.02
283700	0.02	0.59	0.59	0	0	0.02
283800	0.02	0.59	0.59	0	0	0.02
283900	0.01	0.59	0.59	0	0	0.01
284000	0	0.59	0.59	0	0	0
284100	0	0.59	0.59	0	0	0
284200	0	0.59	0.59	0	0	0
284300	0	0.59	0.59	0	0	0
284400	0	0.59	0.59	0	0	0
284500	0	0.59	0.59	0	0	0
284600	0	0.59	0.59	0	0	0
284700	0.01	0.59	0.59	0	0	0.01
284800	0.01	0.59	0.59	0	0	0.01
284900	0.01	0.59	0.59	0	0	0.01
285000	0.02	0.59	0.59	0	0	0.02
285100	0.02	0.59	0.59	0	0	0.02
285200	0.02	0.59	0.59	0	0	0.02
285300	0.01	0.59	0.59	0	0	0.01
285400	0	0.59	0.59	0	0	0
285500	0.01	0.59	0.59	0	0	0.01
285600	0.03	0.59	0.59	0	0	0.03
285700	0.03	0.59	0.59	0	0	0.03
285800	0.02	0.59	0.59	0	0	0.02
285900	0.02	0.59	0.59	0	0	0.02
286000	0.01	0.59	0.59	0	0	0.01
286100	0.01	0.59	0.59	0	0	0.01
286200	0.01	0.59	0.59	0	0	0.01
286300	0.02	0.59	0.59	0	0	0.02
286400	0.04	0.59	0.59	0	0	0.04
286500	0.05	0.59	0.59	0	0	0.05
286600	0.04	0.59	0.59	0	0	0.04
286700	0.03	0.59	0.59	0	0	0.03
286800	0.01	0.59	0.59	0	0	0.01
286900	0.01	0.59	0.59	0	0	0.01
287000	0	0.59	0.59	0	0	0
287100	0.01	0.59	0.59	0	0	0.01
287200	0.01	0.59	0.59	0	0	0.01
287300	0.02	0.59	0.59	0	0	0.02
287400	0.03	0.59	0.59	0	0	0.03
287500	0.04	0.59	0.59	0	0	0.04
287600	0.03	0.59	0.59	0	0	0.03
287700	0.03	0.59	0.59	0	0	0.03
287800	0.03	0.59	0.59	0	0	0.03
287900	0.01	0.59	0.59	0	0	0.01
288000	0	0.59	0.59	0	0	0
288100	0	0.59	0.59	0	0	0
288200	0	0.59	0.59	0	0	0
288300	0	0.59	0.59	0	0	0
288400	0	0.59	0.59	0	0	0
288500	0	0.59	0.59	0	0	0
288600	0.01	0.59	0.59	0	0	0.01
288700	0.01	0.59	0.59	0	0	0.01
288800	0.01	0.59	0.59	0	0	0.01
288900	0.01	0.59	0.59	0	0	0.01
289000	0	0.59	0.59	0	0	0
289100	0	0.59	0.59	0	0	0
289200	0	0.59	0.59	0	0	0
289300	0.01	0.59	0.59	0	0	0.01
289400	0.02	0.59	0.59	0	0	0.02
289500	0.02	0.59	0.59	0	0	0.02
289600	0.04	0.59	0.59	0	0	0.04
289700	0.05	0.59	0.59	0	0	0.05
289800	0.06	0.59	0.59	0	0	0.06
289900	0.04	0.59	0.59	0	0	0.04
290000	0.04	0.59	0.59	0	0	0.04
290100	0.02	0.59	0.59	0	0	0.02
290200	0.02	0.59	0.59	0	0	0.02
290300	0.02	0.59	0.59	0	0	0.02
290400	0.04	0.59	0.59	0	0	0.04
290500	0.02	0.59	0.59	0	0	0.02
290600	0.03	0.59	0.59	0	0	0.03
290700	0.03	0.59	0.59	0	0	0.03
290800	0.03	0.59	0.59	0	0	0.03
290900	0.02	0.59	0.59	0	0	0.02
291000	0.05	0.59	0.59	0	0	0.05
291100	0.05	0.59	0.59	0	0	0.05
291200	0.04	0.59	0.59	0	0	0.04
291300	0.02	0.59	0.59	0	0	0.02
291400	0.03	0.59	0.59	0	0	0.03
291500	0.02	0.59	0.59	0	0	0.02
291600	0.02	0.59	0.59	0	0	0.02
291700	0.02	0.59	0.59	0	0	0.02
291800	0.02	0.59	0.59	0	0	0.02
291900	0.01	0.59	0.59	0	0	0.01
292000	0.02	0.59	0.59	0	0	0.02
292100	0.03	0.59	0.59	0	0	0.03
292200	0.04	0.59	0.59	0	0	0.04
292300	0.03	0.59	0.59	0	0	0.03
292400	0.04	0.59	0.59	0	0	0.04
292500	0.05	0.59	0.59	0	0	0.05
292600	0.05	0.59	0.59	0	0	0.05
292700	0.03	0.59	0.59	0	0	0.03
292800	0.02	0.59	0.59	0	0	0.02
292900	0.01	0.59	0.59	0	0	0.01
293000	0.01	0.59	0.59	0	0	0.01
293100	0.01	0.59	0.59	0	0	0.01
293200	0.01	0.59	0.59	0	0	0.01
293300	0.02	0.59	0.59	0	0	0.02
293400	0.02	0.59	0.59	0	0	0.02
293500	0.03	0.59	0.59	0	0	0.03
293600	0.04	0.59	0.59	0	0	0.04
293700	0.05	0.59	0.59	0	0	0.05
293800	0.04	0.59	0.59	0	0	0.04
293900	0.02	0.59	0.59	0	0	0.02
294000	0.04	0.59	0.59	0	0	0.04
294100	0.06	0.59	0.59	0	0	0.06
294200	0.06	0.59	0.59	0	0	0.06
294300	0.06	0.59	0.59	0	0	0.06
294400	0.05	0.59	0.59	0	0	0.05
294500	0.04	0.59	0.59	0	0	0.04
294600	0.03	0.59	0.59	0	0	0.03
294700	0.02	0.59	0.59	0	0	0.02
294800	0.01	0.59	0.59	0	0	0.01
294900	0.02	0.59	0.59	0	0	0.02
295000	0	0.59	0.59	0	0	0
295100	0	0.59	0.59	0	0	0
295200	0.01	0.59	0.59	0	0	0.01
295300	0.03	0.59	0.59	0	0	0.03
295400	0.03	0.59	0.59	0	0	0.03
295500	0.02	0.59	0.59	0	0	0.02
295600	0.04	0.59	0.59	0	0	0.04
295700	0.03	0.59	0.59	0	0	0.03
295800	0.02	0.59	0.59	0	0	0.02
295900	0.02	0.59	0.59	0	0	0.02
296000	0.02	0.59	0.59	0	0	0.02
296100	0.01	0.59	0.59	0	0	0.01
296200	0	0.59	0.59	0	0	0
296300	0.02	0.59	0.59	0	0	0.02
296400	0.02	0.59	0.59	0	0	0.02
296500	0.02	0.59	0.59	0	0	0.02
296600	0.03	0.59	0.59	0	0	0.03
296700	0.02	0.59	0.59	0	0	0.02
296800	0.01	0.59	0.59	0	0	0.01
296900	0.01	0.59	0.59	0	0	0.01
297000	0.03	0.59	0.59	0	0	0.03
297100	0.02	0.59	0.59	0	0	0.02
297200	0.03	0.59	0.59	0	0	0.03
297300	0.03	0.59	0.59	0	0	0.03
297400	0.03	0.59	0.59	0	0	0.03
297500	0.03	0.59	0.59	0	0	0.03
297600	0	0.59	0.59	0	0	0
297700	0.01	0.59	0.59	0	0	0.01
297800	0.01	0.59	0.59	0	0	0.01
297900	0.02	0.59	0.59	0	0	0.02
298000	0.02	0.59	0.59	0	0	0.02
298100	0.03	0.59	0.59	0	0	0.03
298200	0.03	0.59	0.59	0	0	0.03
298300	0.04	0.59	0.59	0	0	0.04
298400	0.06	0.59	0.59	0	0	0.06
298500	0.05	0.59	0.59	0	0	0.05
298600	0.03	0.59	0.59	0	0	0.03
298700	0.01	0.59	0.59	0	0	0.01
298800	0.01	0.59	0.59	0	0	0.01
298900	0.01	0.59	0.59	0	0	0.01
299000	0.02	0.59	0.59	0	0	0.02
299100	0.01	0.59	0.59	0	0	0.01
299200	0.01	0.59	0.59	0	0	0.01
299300	0.01	0.59	0.59	0	0	0.01
299400	0.01	0.59	0.59	0	0	0.01
299500	0.01	0.59	0.59	0	0	0.01
299600	0.01	0.59	0.59	0	0	0.01
299700	0.03	0.59	0.59	0	0	0.03
299800	0.04	0.59	0.59	0	0	0.04
299900	0.05	0.59	0.59	0	0	0.05
300000	0.05	0.59	0.59	0	0	0.05
