100	0.09	0.03	0.03	0	0	0.09
200	0.1	0.01	0.01	0	0	0.1
300	0.11	0.01	0.01	0	0	0.11
400	0.12	0.01	0.01	0	0	0.12
500	0.09	0.02	0.02	0	0	0.09
600	0.1	0.02	0.02	0	0	0.1
700	0.1	0	0	0	0	0.1
800	0.08	0	0	0	0	0.08
900	0.06	0	0	0	0	0.06
1000	0.03	0	0	0	0	0.03
1100	0	0.02	0.02	0	0	0
1200	0.02	0.02	0.02	0	0	0.02
1300	0.02	0	0	0	0	0.02
1400	0.02	0	0	0	0	0.02
1500	0.03	0	0	0	0	0.03
1600	0.03	0.01	0.01	0	0	0.03
1700	0.04	0.03	0.03	0	0	0.04
1800	0.04	0.03	0.03	0	0	0.04
1900	0.03	0.04	0.04	0	0	0.03
2000	0.03	0.05	0.05	0	0	0.03
2100	0.04	0.06	0.06	0	0	0.04
2200	0.04	0.04	0.04	0	0	0.04
2300	0.04	0.03	0.03	0	0	0.04
2400	0.06	0.03	0.03	0	0	0.06
2500	0.05	0.03	0.03	0	0	0.05
2600	0.05	0.03	0.03	0	0	0.05
2700	0.05	0.02	0.02	0	0	0.05
2800	0.01	0.02	0.02	0	0	0.01
2900	0	0.01	0.01	0	0	0
3000	0.02	0.01	0.01	0	0	0.02
3100	0.03	0.01	0.01	0	0	0.03
3200	0.03	0.02	0.02	0	0	0.03
3300	0.03	0.02	0.02	0	0	0.03
3400	0.03	0.02	0.02	0	0	0.03
3500	0.01	0.02	0.02	0	0	0.01
3600	0	0	0	0	0	0
3700	0.01	0.01	0.01	0	0	0.01
3800	0.01	0.02	0.02	0	0	0.01
3900	0.01	0.03	0.03	0	0	0.01
4000	0.01	0.03	0.03	0	0	0.01
4100	0.02	0.02	0.02	0	0	0.02
4200	0.02	0.02	0.02	0	0	0.02
4300	0.02	0.02	0.02	0	0	0.02
4400	0.02	0.01	0.01	0	0	0.02
4500	0.03	0.02	0.02	0	0	0.03
4600	0.03	0.01	0.01	0	0	0.03
4700	0.02	0.01	0.01	0	0	0.02
4800	0.03	0	0	0	0	0.03
4900	0.02	0	0	0	0	0.02
5000	0.01	0.01	0.01	0	0	0.01
5100	0.02	0.03	0.03	0	0	0.02
5200	0.03	0.04	0.04	0	0	0.03
5300	0.04	0.03	0.03	0	0	0.04
5400	0.03	0.04	0.04	0	0	0.03
5500	0.03	0.05	0.05	0	0	0.03
5600	0.02	0.04	0.04	0	0	0.02
5700	0.04	0.05	0.05	0	0	0.04
5800	0.07	0.05	0.05	0	0	0.07
5900	0.07	0.05	0.05	0	0	0.07
6000	0.05	0.05	0.05	0	0	0.05
6100	0.03	0.05	0.05	0	0	0.03
6200	0.04	0.03	0.03	0	0	0.04
6300	0.04	0.03	0.03	0	0	0.04
6400	0.03	0.01	0.01	0	0	0.03
6500	0.04	0.04	0.04	0	0	0.04
6600	0.02	0.03	0.03	0	0	0.02
6700	0	0.03	0.03	0	0	0
6800	0	0.05	0.05	0	0	0
6900	0.01	0.07	0.07	0	0	0.01
7000	0.03	0.06	0.06	0	0	0.03
7100	0.05	0.06	0.06	0	0	0.05
7200	0.03	0.08	0.08	0	0	0.03
7300	0.03	0.07	0.07	0	0	0.03
7400	0.03	0.07	0.07	0	0	0.03
7500	0.04	0.03	0.03	0	0	0.04
7600	0.03	0.03	0.03	0	0	0.03
7700	0.03	0.06	0.06	0	0	0.03
7800	0.01	0.07	0.07	0	0	0.01
7900	0	0.07	0.07	0	0	0
8000	0.01	0.08	0.08	0	0	0.01
8100	0.03	0.07	0.07	0	0	0.03
8200	0.04	0.08	0.08	0	0	0.04
8300	0.03	0.08	0.08	0	0	0.03
8400	0.03	0.08	0.08	0	0	0.03
8500	0.03	0.11	0.11	0	0	0.03
8600	0.04	0.1	0.1	0	0	0.04
8700	0.04	0.1	0.1	0	0	0.04
8800	0.04	0.13	0.13	0	0	0.04
8900	0.05	0.13	0.13	0	0	0.05
9000	0.03	0.12	0.12	0	0	0.03
9100	0.03	0.1	0.1	0	0	0.03
9200	0.01	0.1	0.1	0	0	0.01
9300	0.01	0.1	0.1	0	0	0.01
9400	0.02	0.1	0.1	0	0	0.02
9500	0.04	0.09	0.09	0	0	0.04
9600	0.04	0.09	0.09	0	0	0.04
9700	0.04	0.1	0.1	0	0	0.04
9800	0.03	0.12	0.12	0	0	0.03
9900	0.01	0.11	0.11	0	0	0.01
10000	0.01	0.11	0.11	0	0	0.01
10100	0.01	0.1	0.1	0	0	0.01
10200	0.03	0.1	0.1	0	0	0.03
10300	0.03	0.09	0.09	0	0	0.03
10400	0.04	0.09	0.09	0	0	0.04
10500	0.03	0.11	0.11	0	0	0.03
10600	0.05	0.1	0.1	0	0	0.05
10700	0.07	0.1	0.1	0	0	0.07
10800	0.05	0.12	0.12	0	0	0.05
10900	0.04	0.12	0.12	0	0	0.04
11000	0.03	0.13	0.13	0	0	0.03
11100	0.04	0.12	0.12	0	0	0.04
11200	0.02	0.15	0.15	0	0	0.02
11300	0.01	0.16	0.16	0	0	0.01
11400	0	0.15	0.15	0	0	0
11500	0.01	0.15	0.15	0	0	0.01
11600	0.02	0.12	0.12	0	0	0.02
11700	0.03	0.12	0.12	0	0	0.03
11800	0.01	0.11	0.11	0	0	0.01
11900	0.01	0.11	0.11	0	0	0.01
12000	0.02	0.11	0.11	0	0	0.02
12100	0.02	0.11	0.11	0	0	0.02
12200	0.03	0.11	0.11	0	0	0.03
12300	0.03	0.11	0.11	0	0	0.03
12400	0.04	0.13	0.13	0	0	0.04
12500	0.04	0.13	0.13	0	0	0.04
12600	0.04	0.14	0.14	0	0	0.04
12700	0.06	0.15	0.15	0	0	0.06
12800	0.05	0.12	0.12	0	0	0.05
12900	0.02	0.12	0.12	0	0	0.02
13000	0.02	0.12	0.12	0	0	0.02
13100	0.05	0.11	0.11	0	0	0.05
13200	0.04	0.13	0.13	0	0	0.04
13300	0.04	0.12	0.12	0	0	0.04
13400	0.04	0.11	0.11	0	0	0.04
13500	0.04	0.11	0.11	0	0	0.04
13600	0.02	0.11	0.11	0	0	0.02
13700	0.03	0.11	0.11	0	0	0.03
13800	0.02	0.09	0.09	0	0	0.02
13900	0.05	0.09	0.09	0	0	0.05
14000	0.04	0.11	0.11	0	0	0.04
14100	0.04	0.12	0.12	0	0	0.04
14200	0.02	0.12	0.12	0	0	0.02
14300	0.01	0.1	0.1	0	0	0.01
14400	0.01	0.11	0.11	0	0	0.01
14500	0	0.1	0.1	0	0	0
14600	0.01	0.09	0.09	0	0	0.01
14700	0.01	0.09	0.09	0	0	0.01
14800	0	0.09	0.09	0	0	0
14900	0	0.1	0.1	0	0	0
15000	0.02	0.1	0.1	0	0	0.02
15100	0.02	0.11	0.11	0	0	0.02
15200	0.02	0.09	0.09	0	0	0.02
15300	0.03	0.08	0.08	0	0	0.03
15400	0.05	0.09	0.09	0	0	0.05
15500	0.05	0.09	0.09	0	0	0.05
15600	0.04	0.08	0.08	0	0	0.04
15700	0.03	0.08	0.08	0	0	0.03
15800	0.02	0.08	0.08	0	0	0.02
15900	0.03	0.09	0.09	0	0	0.03
16000	0.03	0.09	0.09	0	0	0.03
16100	0.02	0.11	0.11	0	0	0.02
16200	0.03	0.11	0.11	0	0	0.03
16300	0.04	0.09	0.09	0	0	0.04
16400	0.01	0.09	0.09	0	0	0.01
16500	0.03	0.08	0.08	0	0	0.03
16600	0.04	0.08	0.08	0	0	0.04
16700	0.04	0.09	0.09	0	0	0.04
16800	0.04	0.08	0.08	0	0	0.04
16900	0.02	0.08	0.08	0	0	0.02
17000	0.02	0.08	0.08	0	0	0.02
17100	0.01	0.07	0.07	0	0	0.01
17200	0.02	0.08	0.08	0	0	0.02
17300	0.03	0.08	0.08	0	0	0.03
17400	0.04	0.07	0.07	0	0	0.04
17500	0.03	0.06	0.06	0	0	0.03
17600	0.03	0.07	0.07	0	0	0.03
17700	0.03	0.06	0.06	0	0	0.03
17800	0.02	0.06	0.06	0	0	0.02
17900	0.01	0.08	0.08	0	0	0.01
18000	0.02	0.08	0.08	0	0	0.02
18100	0.01	0.07	0.07	0	0	0.01
18200	0	0.06	0.06	0	0	0
18300	0.01	0.06	0.06	0	0	0.01
18400	0.01	0.07	0.07	0	0	0.01
18500	0	0.06	0.06	0	0	0
18600	0	0.06	0.06	0	0	0
18700	0.01	0.08	0.08	0	0	0.01
18800	0.02	0.07	0.07	0	0	0.02
18900	0.02	0.05	0.05	0	0	0.02
19000	0.04	0.04	0.04	0	0	0.04
19100	0.04	0.05	0.05	0	0	0.04
19200	0.05	0.05	0.05	0	0	0.05
19300	0.03	0.05	0.05	0	0	0.03
19400	0.02	0.05	0.05	0	0	0.02
19500	0.01	0.05	0.05	0	0	0.01
19600	0	0.05	0.05	0	0	0
19700	0	0.05	0.05	0	0	0
19800	0.01	0.06	0.06	0	0	0.01
19900	0.01	0.06	0.06	0	0	0.01
20000	0.01	0.06	0.06	0	0	0.01
20100	0.02	0.07	0.07	0	0	0.02
20200	0.01	0.06	0.06	0	0	0.01
20300	0.01	0.06	0.06	0	0	0.01
20400	0.02	0.06	0.06	0	0	0.02
20500	0.03	0.06	0.06	0	0	0.03
20600	0.03	0.06	0.06	0	0	0.03
20700	0.03	0.05	0.05	0	0	0.03
20800	0.05	0.05	0.05	0	0	0.05
20900	0.07	0.07	0.07	0	0	0.07
21000	0.09	0.08	0.08	0	0	0.09
21100	0.08	0.09	0.09	0	0	0.08
21200	0.07	0.1	0.1	0	0	0.07
21300	0.06	0.1	0.1	0	0	0.06
21400	0.06	0.08	0.08	0	0	0.06
21500	0.05	0.06	0.06	0	0	0.05
21600	0.04	0.06	0.06	0	0	0.04
21700	0.04	0.05	0.05	0	0	0.04
21800	0.05	0.05	0.05	0	0	0.05
21900	0.04	0.05	0.05	0	0	0.04
22000	0.03	0.06	0.06	0	0	0.03
22100	0.02	0.06	0.06	0	0	0.02
22200	0.01	0.06	0.06	0	0	0.01
22300	0.01	0.05	0.05	0	0	0.01
22400	0.01	0.07	0.07	0	0	0.01
22500	0.01	0.07	0.07	0	0	0.01
22600	0.03	0.06	0.06	0	0	0.03
22700	0.02	0.05	0.05	0	0	0.02
22800	0.01	0	0	0	0	0.01
22900	0	0.01	0.01	0	0	0
23000	0	0.01	0.01	0	0	0
23100	0	0.01	0.01	0	0	0
23200	0	0.02	0.02	0	0	0
23300	0	0.03	0.03	0	0	0
23400	0.01	0.03	0.03	0	0	0.01
23500	0.02	0.01	0.01	0	0	0.02
23600	0.03	0.03	0.03	0	0	0.03
23700	0.03	0.04	0.04	0	0	0.03
23800	0.03	0.02	0.02	0	0	0.03
23900	0.02	0.02	0.02	0	0	0.02
24000	0.01	0.01	0.01	0	0	0.01
24100	0.01	0.02	0.02	0	0	0.01
24200	0	0.01	0.01	0	0	0
24300	0.01	0	0	0	0	0.01
24400	0.02	0.02	0.02	0	0	0.02
24500	0.04	0.03	0.03	0	0	0.04
24600	0.03	0.02	0.02	0	0	0.03
24700	0.04	0.05	0.05	0	0	0.04
24800	0.05	0.05	0.05	0	0	0.05
24900	0.05	0.03	0.03	0	0	0.05
25000	0.04	0.01	0.01	0	0	0.04
25100	0.04	0.02	0.02	0	0	0.04
25200	0.02	0.02	0.02	0	0	0.02
25300	0.01	0.02	0.02	0	0	0.01
25400	0.01	0.02	0.02	0	0	0.01
25500	0.01	0.03	0.03	0	0	0.01
25600	0	0.02	0.02	0	0	0
25700	0	0.02	0.02	0	0	0
25800	0.01	0.03	0.03	0	0	0.01
25900	0	0.03	0.03	0	0	0
26000	0	0.03	0.03	0	0	0
26100	0	0.03	0.03	0	0	0
26200	0.02	0.03	0.03	0	0	0.02
26300	0.04	0.03	0.03	0	0	0.04
26400	0.05	0.04	0.04	0	0	0.05
26500	0.06	0.04	0.04	0	0	0.06
26600	0.05	0.03	0.03	0	0	0.05
26700	0.02	0.03	0.03	0	0	0.02
26800	0.02	0.04	0.04	0	0	0.02
26900	0.03	0.04	0.04	0	0	0.03
27000	0.04	0.05	0.05	0	0	0.04
27100	0.01	0.04	0.04	0	0	0.01
27200	0.03	0.04	0.04	0	0	0.03
27300	0.04	0.06	0.06	0	0	0.04
27400	0.04	0.06	0.06	0	0	0.04
27500	0.03	0.07	0.07	0	0	0.03
27600	0.03	0.07	0.07	0	0	0.03
27700	0.04	0.05	0.05	0	0	0.04
27800	0.01	0.05	0.05	0	0	0.01
27900	0	0.05	0.05	0	0	0
28000	0	0.06	0.06	0	0	0
28100	0	0.05	0.05	0	0	0
28200	0.01	0.06	0.06	0	0	0.01
28300	0.03	0.05	0.05	0	0	0.03
28400	0.04	0.04	0.04	0	0	0.04
28500	0.03	0.04	0.04	0	0	0.03
28600	0.02	0.02	0.02	0	0	0.02
28700	0.02	0.01	0.01	0	0	0.02
28800	0.02	0.01	0.01	0	0	0.02
28900	0.03	0.03	0.03	0	0	0.03
29000	0.01	0.04	0.04	0	0	0.01
29100	0.01	0.04	0.04	0	0	0.01
29200	0.01	0.06	0.06	0	0	0.01
29300	0.01	0.07	0.07	0	0	0.01
29400	0.01	0.04	0.04	0	0	0.01
29500	0.01	0.04	0.04	0	0	0.01
29600	0.01	0.04	0.04	0	0	0.01
29700	0.01	0.03	0.03	0	0	0.01
29800	0.01	0.02	0.02	0	0	0.01
29900	0.02	0.02	0.02	0	0	0.02
30000	0.03	0.02	0.02	0	0	0.03
30100	0.05	0.02	0.02	0	0	0.05
30200	0.06	0.02	0.02	0	0	0.06
30300	0.05	0.02	0.02	0	0	0.05
30400	0.05	0.03	0.03	0	0	0.05
30500	0.05	0.02	0.02	0	0	0.05
30600	0.04	0.02	0.02	0	0	0.04
30700	0.04	0.01	0.01	0	0	0.04
30800	0.05	0.01	0.01	0	0	0.05
30900	0.05	0	0	0	0	0.05
31000	0.06	0.01	0.01	0	0	0.06
31100	0.08	0.01	0.01	0	0	0.08
31200	0.09	0.01	0.01	0	0	0.09
31300	0.09	0.02	0.02	0	0	0.09
31400	0.07	0.02	0.02	0	0	0.07
31500	0.07	0.02	0.02	0	0	0.07
31600	0.06	0.02	0.02	0	0	0.06
31700	0.08	0.02	0.02	0	0	0.08
31800	0.08	0.01	0.01	0	0	0.08
31900	0.08	0.01	0.01	0	0	0.08
32000	0.06	0	0	0	0	0.06
32100	0.06	0	0	0	0	0.06
32200	0.07	0	0	0	0	0.07
32300	0.06	0	0	0	0	0.06
32400	0.07	0	0	0	0	0.07
32500	0.07	0	0	0	0	0.07
32600	0.05	0	0	0	0	0.05
32700	0.05	0.01	0.01	0	0	0.05
32800	0.05	0.01	0.01	0	0	0.05
32900	0.04	0.01	0.01	0	0	0.04
33000	0.04	0.01	0.01	0	0	0.04
33100	0.05	0.04	0.04	0	0	0.05
33200	0.05	0.05	0.05	0	0	0.05
33300	0.06	0.03	0.03	0	0	0.06
33400	0.07	0.03	0.03	0	0	0.07
33500	0.07	0.02	0.02	0	0	0.07
33600	0.03	0.01	0.01	0	0	0.03
33700	0.03	0.01	0.01	0	0	0.03
33800	0.02	0.02	0.02	0	0	0.02
33900	0.02	0.02	0.02	0	0	0.02
34000	0.01	0.02	0.02	0	0	0.01
34100	0.01	0.02	0.02	0	0	0.01
34200	0.01	0.02	0.02	0	0	0.01
34300	0.02	0.03	0.03	0	0	0.02
34400	0.02	0.02	0.02	0	0	0.02
34500	0.04	0.02	0.02	0	0	0.04
34600	0.04	0.03	0.03	0	0	0.04
34700	0.04	0.02	0.02	0	0	0.04
34800	0.07	0.02	0.02	0	0	0.07
34900	0.07	0.02	0.02	0	0	0.07
35000	0.07	0.02	0.02	0	0	0.07
35100	0.07	0.03	0.03	0	0	0.07
35200	0.07	0.04	0.04	0	0	0.07
35300	0.07	0.05	0.05	0	0	0.07
35400	0.04	0.04	0.04	0	0	0.04
35500	0.01	0.03	0.03	0	0	0.01
35600	0.02	0.03	0.03	0	0	0.02
35700	0.03	0.03	0.03	0	0	0.03
35800	0.04	0.04	0.04	0	0	0.04
35900	0.04	0.04	0.04	0	0	0.04
36000	0.04	0.04	0.04	0	0	0.04
36100	0.05	0.03	0.03	0	0	0.05
36200	0.06	0.03	0.03	0	0	0.06
36300	0.04	0.03	0.03	0	0	0.04
36400	0.05	0.04	0.04	0	0	0.05
36500	0.05	0.05	0.05	0	0	0.05
36600	0.03	0.05	0.05	0	0	0.03
36700	0.01	0.02	0.02	0	0	0.01
36800	0.01	0.02	0.02	0	0	0.01
36900	0.01	0.01	0.01	0	0	0.01
37000	0.02	0.01	0.01	0	0	0.02
37100	0.02	0.02	0.02	0	0	0.02
37200	0.03	0.03	0.03	0	0	0.03
37300	0.04	0.03	0.03	0	0	0.04
37400	0.06	0.04	0.04	0	0	0.06
37500	0.05	0.04	0.04	0	0	0.05
37600	0.03	0.04	0.04	0	0	0.03
37700	0	0.02	0.02	0	0	0
37800	0.01	0.01	0.01	0	0	0.01
37900	0.02	0.04	0.04	0	0	0.02
38000	0.05	0.03	0.03	0	0	0.05
38100	0.04	0.04	0.04	0	0	0.04
38200	0.05	0.04	0.04	0	0	0.05
38300	0.05	0.05	0.05	0	0	0.05
38400	0.05	0.04	0.04	0	0	0.05
38500	0.05	0.05	0.05	0	0	0.05
38600	0.05	0.05	0.05	0	0	0.05
38700	0.04	0.06	0.06	0	0	0.04
38800	0.05	0.03	0.03	0	0	0.05
38900	0.05	0.04	0.04	0	0	0.05
39000	0.05	0.04	0.04	0	0	0.05
39100	0.04	0.04	0.04	0	0	0.04
39200	0.04	0.03	0.03	0	0	0.04
39300	0.03	0.04	0.04	0	0	0.03
39400	0.03	0.03	0.03	0	0	0.03
39500	0.01	0.02	0.02	0	0	0.01
39600	0.02	0.02	0.02	0	0	0.02
39700	0.02	0.03	0.03	0	0	0.02
39800	0.02	0.06	0.06	0	0	0.02
39900	0.02	0.03	0.03	0	0	0.02
40000	0	0.03	0.03	0	0	0
40100	0.02	0.03	0.03	0	0	0.02
40200	0.04	0.05	0.05	0	0	0.04
40300	0.05	0.05	0.05	0	0	0.05
40400	0.04	0.06	0.06	0	0	0.04
40500	0.01	0.07	0.07	0	0	0.01
40600	0	0.07	0.07	0	0	0
40700	0.01	0.08	0.08	0	0	0.01
40800	0.03	0.07	0.07	0	0	0.03
40900	0.03	0.06	0.06	0	0	0.03
41000	0.03	0.05	0.05	0	0	0.03
41100	0.03	0.04	0.04	0	0	0.03
41200	0.02	0.06	0.06	0	0	0.02
41300	0.02	0.07	0.07	0	0	0.02
41400	0.03	0.07	0.07	0	0	0.03
41500	0.02	0.06	0.06	0	0	0.02
41600	0.03	0.06	0.06	0	0	0.03
41700	0.04	0.04	0.04	0	0	0.04
41800	0.07	0.04	0.04	0	0	0.07
41900	0.06	0.03	0.03	0	0	0.06
42000	0.07	0.05	0.05	0	0	0.07
42100	0.07	0.06	0.06	0	0	0.07
42200	0.06	0.01	0.01	0	0	0.06
42300	0.05	0.01	0.01	0	0	0.05
42400	0.03	0.01	0.01	0	0	0.03
42500	0.05	0.02	0.02	0	0	0.05
42600	0.05	0.01	0.01	0	0	0.05
42700	0.06	0.02	0.02	0	0	0.06
42800	0.07	0.01	0.01	0	0	0.07
42900	0.05	0.02	0.02	0	0	0.05
43000	0.04	0.03	0.03	0	0	0.04
43100	0.02	0.03	0.03	0	0	0.02
43200	0	0.03	0.03	0	0	0
43300	0.03	0.01	0.01	0	0	0.03
43400	0.03	0.01	0.01	0	0	0.03
43500	0.03	0	0	0	0	0.03
43600	0.03	0	0	0	0	0.03
43700	0.04	0.04	0.04	0	0	0.04
43800	0.04	0.04	0.04	0	0	0.04
43900	0.05	0.04	0.04	0	0	0.05
44000	0.03	0.03	0.03	0	0	0.03
44100	0.04	0.03	0.03	0	0	0.04
44200	0.04	0.02	0.02	0	0	0.04
44300	0.02	0.01	0.01	0	0	0.02
44400	0.03	0	0	0	0	0.03
44500	0.03	0	0	0	0	0.03
44600	0.01	0	0	0	0	0.01
44700	0	0.01	0.01	0	0	0
44800	0.04	0.01	0.01	0	0	0.04
44900	0.04	0.01	0.01	0	0	0.04
45000	0.03	0.01	0.01	0	0	0.03
45100	0.02	0.01	0.01	0	0	0.02
45200	0.02	0.01	0.01	0	0	0.02
45300	0.02	0.03	0.03	0	0	0.02
45400	0.02	0.03	0.03	0	0	0.02
45500	0.03	0.01	0.01	0	0	0.03
45600	0.05	0.03	0.03	0	0	0.05
45700	0.02	0.05	0.05	0	0	0.02
45800	0.01	0.03	0.03	0	0	0.01
45900	0.02	0.03	0.03	0	0	0.02
46000	0.02	0.05	0.05	0	0	0.02
46100	0.02	0.06	0.06	0	0	0.02
46200	0.03	0.06	0.06	0	0	0.03
46300	0.03	0.05	0.05	0	0	0.03
46400	0.04	0.06	0.06	0	0	0.04
46500	0.05	0.03	0.03	0	0	0.05
46600	0.04	0.04	0.04	0	0	0.04
46700	0.03	0.06	0.06	0	0	0.03
46800	0.03	0.06	0.06	0	0	0.03
46900	0.04	0.08	0.08	0	0	0.04
47000	0.04	0.09	0.09	0	0	0.04
47100	0.05	0.07	0.07	0	0	0.05
47200	0.04	0.05	0.05	0	0	0.04
47300	0.04	0.04	0.04	0	0	0.04
47400	0.05	0.05	0.05	0	0	0.05
47500	0.04	0.06	0.06	0	0	0.04
47600	0.05	0.08	0.08	0	0	0.05
47700	0.05	0.07	0.07	0	0	0.05
47800	0.04	0.09	0.09	0	0	0.04
47900	0.03	0.08	0.08	0	0	0.03
48000	0.03	0.08	0.08	0	0	0.03
48100	0	0.08	0.08	0	0	0
48200	0	0.09	0.09	0	0	0
48300	0.01	0.07	0.07	0	0	0.01
48400	0.01	0.05	0.05	0	0	0.01
48500	0.01	0.03	0.03	0	0	0.01
48600	0.01	0.02	0.02	0	0	0.01
48700	0.03	0.01	0.01	0	0	0.03
48800	0.03	0.01	0.01	0	0	0.03
48900	0.02	0.01	0.01	0	0	0.02
49000	0.02	0	0	0	0	0.02
49100	0.03	0.01	0.01	0	0	0.03
49200	0.05	0.01	0.01	0	0	0.05
49300	0.06	0.01	0.01	0	0	0.06
49400	0.04	0.01	0.01	0	0	0.04
49500	0.02	0.01	0.01	0	0	0.02
49600	0.03	0.04	0.04	0	0	0.03
49700	0.04	0.04	0.04	0	0	0.04
49800	0.03	0.05	0.05	0	0	0.03
49900	0.02	0.04	0.04	0	0	0.02
50000	0.02	0.05	0.05	0	0	0.02
50100	0.03	0.05	0.05	0	0	0.03
50200	0.04	0.05	0.05	0	0	0.04
50300	0.03	0.05	0.05	0	0	0.03
50400	0.04	0.04	0.04	0	0	0.04
50500	0.05	0.03	0.03	0	0	0.05
50600	0.05	0.02	0.02	0	0	0.05
50700	0.04	0.05	0.05	0	0	0.04
50800	0.05	0.05	0.05	0	0	0.05
50900	0.06	0.04	0.04	0	0	0.06
51000	0.07	0.04	0.04	0	0	0.07
51100	0.08	0.01	0.01	0	0	0.08
51200	0.07	0.04	0.04	0	0	0.07
51300	0.08	0.04	0.04	0	0	0.08
51400	0.06	0.03	0.03	0	0	0.06
51500	0.05	0.02	0.02	0	0	0.05
51600	0.05	0.02	0.02	0	0	0.05
51700	0.05	0.03	0.03	0	0	0.05
51800	0.03	0.04	0.04	0	0	0.03
51900	0.03	0.04	0.04	0	0	0.03
52000	0.04	0.03	0.03	0	0	0.04
52100	0.03	0.03	0.03	0	0	0.03
52200	0.04	0.03	0.03	0	0	0.04
52300	0.04	0.03	0.03	0	0	0.04
52400	0.03	0.03	0.03	0	0	0.03
52500	0.03	0.03	0.03	0	0	0.03
52600	0.03	0.01	0.01	0	0	0.03
52700	0.04	0	0	0	0	0.04
52800	0.03	0	0	0	0	0.03
52900	0.03	0.01	0.01	0	0	0.03
53000	0.04	0.03	0.03	0	0	0.04
53100	0.03	0.03	0.03	0	0	0.03
53200	0.03	0.02	0.02	0	0	0.03
53300	0.02	0.02	0.02	0	0	0.02
53400	0.01	0.03	0.03	0	0	0.01
53500	0.01	0.03	0.03	0	0	0.01
53600	0	0.02	0.02	0	0	0
53700	0.02	0.03	0.03	0	0	0.02
53800	0.02	0.01	0.01	0	0	0.02
53900	0.02	0.02	0.02	0	0	0.02
54000	0.03	0.02	0.02	0	0	0.03
54100	0.02	0.02	0.02	0	0	0.02
54200	0.02	0.02	0.02	0	0	0.02
54300	0	0.02	0.02	0	0	0
54400	0.02	0.04	0.04	0	0	0.02
54500	0.03	0.05	0.05	0	0	0.03
54600	0.05	0.07	0.07	0	0	0.05
54700	0.05	0.06	0.06	0	0	0.05
54800	0.04	0.06	0.06	0	0	0.04
54900	0.05	0.05	0.05	0	0	0.05
55000	0.03	0.06	0.06	0	0	0.03
55100	0.04	0.05	0.05	0	0	0.04
55200	0.02	0.05	0.05	0	0	0.02
55300	0.02	0.05	0.05	0	0	0.02
55400	0.02	0.06	0.06	0	0	0.02
55500	0.03	0.05	0.05	0	0	0.03
55600	0.02	0.03	0.03	0	0	0.02
55700	0.04	0.03	0.03	0	0	0.04
55800	0.02	0.03	0.03	0	0	0.02
55900	0.01	0.04	0.04	0	0	0.01
56000	0.06	0.02	0.02	0	0	0.06
56100	0.08	0.02	0.02	0	0	0.08
56200	0.09	0.02	0.02	0	0	0.09
56300	0.09	0.02	0.02	0	0	0.09
56400	0.06	0.01	0.01	0	0	0.06
56500	0.04	0.01	0.01	0	0	0.04
56600	0.01	0.01	0.01	0	0	0.01
56700	0.01	0.01	0.01	0	0	0.01
56800	0.02	0	0	0	0	0.02
56900	0.02	0	0	0	0	0.02
57000	0.03	0.01	0.01	0	0	0.03
57100	0.03	0	0	0	0	0.03
57200	0.04	0.01	0.01	0	0	0.04
57300	0.05	0.03	0.03	0	0	0.05
57400	0.04	0.02	0.02	0	0	0.04
57500	0.06	0.01	0.01	0	0	0.06
57600	0.04	0.02	0.02	0	0	0.04
57700	0.03	0.03	0.03	0	0	0.03
57800	0.03	0.03	0.03	0	0	0.03
57900	0.01	0.04	0.04	0	0	0.01
58000	0	0.02	0.02	0	0	0
58100	0	0.04	0.04	0	0	0
58200	0.01	0.04	0.04	0	0	0.01
58300	0.01	0.02	0.02	0	0	0.01
58400	0.01	0.02	0.02	0	0	0.01
58500	0	0.02	0.02	0	0	0
58600	0	0.02	0.02	0	0	0
58700	0	0.03	0.03	0	0	0
58800	0.02	0	0	0	0	0.02
58900	0.01	0	0	0	0	0.01
59000	0.01	0.01	0.01	0	0	0.01
59100	0.02	0.02	0.02	0	0	0.02
59200	0.02	0.02	0.02	0	0	0.02
59300	0.02	0.03	0.03	0	0	0.02
59400	0.03	0.02	0.02	0	0	0.03
59500	0.02	0.02	0.02	0	0	0.02
59600	0.03	0.03	0.03	0	0	0.03
59700	0.03	0.02	0.02	0	0	0.03
59800	0.05	0.02	0.02	0	0	0.05
59900	0.06	0.04	0.04	0	0	0.06
60000	0.06	0.03	0.03	0	0	0.06
60100	0.04	0.02	0.02	0	0	0.04
60200	0.04	0.03	0.03	0	0	0.04
60300	0.03	0.05	0.05	0	0	0.03
60400	0.02	0.05	0.05	0	0	0.02
60500	0.01	0.04	0.04	0	0	0.01
60600	0.02	0.04	0.04	0	0	0.02
60700	0.05	0.03	0.03	0	0	0.05
60800	0.04	0.02	0.02	0	0	0.04
60900	0.04	0.03	0.03	0	0	0.04
61000	0.02	0.03	0.03	0	0	0.02
61100	0.02	0.03	0.03	0	0	0.02
61200	0.03	0.03	0.03	0	0	0.03
61300	0.01	0.03	0.03	0	0	0.01
61400	0	0.04	0.04	0	0	0
61500	0	0.01	0.01	0	0	0
61600	0	0.01	0.01	0	0	0
61700	0.01	0	0	0	0	0.01
61800	0.02	0.01	0.01	0	0	0.02
61900	0.04	0.01	0.01	0	0	0.04
62000	0.04	0.02	0.02	0	0	0.04
62100	0.04	0.01	0.01	0	0	0.04
62200	0.04	0	0	0	0	0.04
62300	0.02	0.01	0.01	0	0	0.02
62400	0.02	0.01	0.01	0	0	0.02
62500	0.02	0.02	0.02	0	0	0.02
62600	0.03	0.02	0.02	0	0	0.03
62700	0.03	0.03	0.03	0	0	0.03
62800	0.03	0.03	0.03	0	0	0.03
62900	0.03	0.01	0.01	0	0	0.03
63000	0.03	0.01	0.01	0	0	0.03
63100	0.02	0.02	0.02	0	0	0.02
63200	0.03	0.01	0.01	0	0	0.03
63300	0.02	0	0	0	0	0.02
63400	0.02	0	0	0	0	0.02
63500	0.02	0	0	0	0	0.02
63600	0.02	0	0	0	0	0.02
63700	0.04	0.01	0.01	0	0	0.04
63800	0.07	0.03	0.03	0	0	0.07
63900	0.07	0.03	0.03	0	0	0.07
64000	0.08	0.03	0.03	0	0	0.08
64100	0.07	0.05	0.05	0	0	0.07
64200	0.06	0.04	0.04	0	0	0.06
64300	0.04	0.02	0.02	0	0	0.04
64400	0.01	0.01	0.01	0	0	0.01
64500	0.01	0.01	0.01	0	0	0.01
64600	0.03	0.03	0.03	0	0	0.03
64700	0.02	0.03	0.03	0	0	0.02
64800	0.01	0.02	0.02	0	0	0.01
64900	0	0.01	0.01	0	0	0
65000	0.02	0.02	0.02	0	0	0.02
65100	0.03	0.03	0.03	0	0	0.03
65200	0	0.03	0.03	0	0	0
65300	0.04	0.03	0.03	0	0	0.04
65400	0.05	0.04	0.04	0	0	0.05
65500	0.01	0.04	0.04	0	0	0.01
65600	0.01	0.03	0.03	0	0	0.01
65700	0.01	0.01	0.01	0	0	0.01
65800	0.01	0.02	0.02	0	0	0.01
65900	0.04	0.02	0.02	0	0	0.04
66000	0.06	0.02	0.02	0	0	0.06
66100	0.05	0.02	0.02	0	0	0.05
66200	0.04	0.02	0.02	0	0	0.04
66300	0.04	0.03	0.03	0	0	0.04
66400	0.03	0.05	0.05	0	0	0.03
66500	0.02	0.07	0.07	0	0	0.02
66600	0.02	0.06	0.06	0	0	0.02
66700	0.02	0.09	0.09	0	0	0.02
66800	0.03	0.08	0.08	0	0	0.03
66900	0.04	0.08	0.08	0	0	0.04
67000	0.04	0.06	0.06	0	0	0.04
67100	0.04	0.07	0.07	0	0	0.04
67200	0.03	0.07	0.07	0	0	0.03
67300	0.04	0.06	0.06	0	0	0.04
67400	0.05	0.07	0.07	0	0	0.05
67500	0.04	0.06	0.06	0	0	0.04
67600	0.03	0.06	0.06	0	0	0.03
67700	0.02	0.07	0.07	0	0	0.02
67800	0.02	0.07	0.07	0	0	0.02
67900	0.02	0.07	0.07	0	0	0.02
68000	0.03	0.07	0.07	0	0	0.03
68100	0.01	0.08	0.08	0	0	0.01
68200	0.01	0.08	0.08	0	0	0.01
68300	0.01	0.06	0.06	0	0	0.01
68400	0	0.06	0.06	0	0	0
68500	0	0.05	0.05	0	0	0
68600	0.01	0.05	0.05	0	0	0.01
68700	0.02	0.07	0.07	0	0	0.02
68800	0.01	0.08	0.08	0	0	0.01
68900	0	0.08	0.08	0	0	0
69000	0	0.09	0.09	0	0	0
69100	0	0.08	0.08	0	0	0
69200	0.02	0.08	0.08	0	0	0.02
69300	0.03	0.06	0.06	0	0	0.03
69400	0.03	0.06	0.06	0	0	0.03
69500	0.07	0.08	0.08	0	0	0.07
69600	0.06	0.07	0.07	0	0	0.06
69700	0.06	0.08	0.08	0	0	0.06
69800	0.05	0.1	0.1	0	0	0.05
69900	0.05	0.1	0.1	0	0	0.05
70000	0.05	0.11	0.11	0	0	0.05
70100	0.04	0.09	0.09	0	0	0.04
70200	0.05	0.09	0.09	0	0	0.05
70300	0.03	0.09	0.09	0	0	0.03
70400	0.03	0.11	0.11	0	0	0.03
70500	0.03	0.1	0.1	0	0	0.03
70600	0.03	0.11	0.11	0	0	0.03
70700	0.01	0.09	0.09	0	0	0.01
70800	0	0.09	0.09	0	0	0
70900	0.01	0.09	0.09	0	0	0.01
71000	0.01	0.09	0.09	0	0	0.01
71100	0.02	0.08	0.08	0	0	0.02
71200	0.03	0.08	0.08	0	0	0.03
71300	0.01	0.08	0.08	0	0	0.01
71400	0.01	0.08	0.08	0	0	0.01
71500	0	0.08	0.08	0	0	0
71600	0	0.09	0.09	0	0	0
71700	0.01	0.09	0.09	0	0	0.01
71800	0.02	0.1	0.1	0	0	0.02
71900	0.02	0.12	0.12	0	0	0.02
72000	0.02	0.11	0.11	0	0	0.02
72100	0.02	0.05	0.05	0	0	0.02
72200	0.02	0.05	0.05	0	0	0.02
72300	0.02	0.05	0.05	0	0	0.02
72400	0.02	0.06	0.06	0	0	0.02
72500	0.01	0.06	0.06	0	0	0.01
72600	0.01	0.05	0.05	0	0	0.01
72700	0.01	0.06	0.06	0	0	0.01
72800	0.01	0.07	0.07	0	0	0.01
72900	0.01	0.09	0.09	0	0	0.01
73000	0.03	0.08	0.08	0	0	0.03
73100	0.03	0.09	0.09	0	0	0.03
73200	0.01	0.08	0.08	0	0	0.01
73300	0.02	0.08	0.08	0	0	0.02
73400	0.02	0.09	0.09	0	0	0.02
73500	0.02	0.1	0.1	0	0	0.02
73600	0.02	0.1	0.1	0	0	0.02
73700	0.02	0.1	0.1	0	0	0.02
73800	0.04	0.1	0.1	0	0	0.04
73900	0.03	0.1	0.1	0	0	0.03
74000	0.03	0.1	0.1	0	0	0.03
74100	0.04	0.09	0.09	0	0	0.04
74200	0.02	0.1	0.1	0	0	0.02
74300	0.03	0.1	0.1	0	0	0.03
74400	0.03	0.11	0.11	0	0	0.03
74500	0.03	0.12	0.12	0	0	0.03
74600	0	0.1	0.1	0	0	0
74700	0.01	0.11	0.11	0	0	0.01
74800	0.01	0.12	0.12	0	0	0.01
74900	0	0.12	0.12	0	0	0
75000	0	0.12	0.12	0	0	0
75100	0	0.13	0.13	0	0	0
75200	0.01	0.14	0.14	0	0	0.01
75300	0.02	0.13	0.13	0	0	0.02
75400	0.02	0.13	0.13	0	0	0.02
75500	0.02	0.13	0.13	0	0	0.02
75600	0.02	0.14	0.14	0	0	0.02
75700	0.02	0.15	0.15	0	0	0.02
75800	0.01	0.14	0.14	0	0	0.01
75900	0.02	0.15	0.15	0	0	0.02
76000	0.03	0.17	0.17	0	0	0.03
76100	0.04	0.17	0.17	0	0	0.04
76200	0.03	0.16	0.16	0	0	0.03
76300	0.03	0.17	0.17	0	0	0.03
76400	0	0.19	0.19	0	0	0
76500	0	0.21	0.21	0	0	0
76600	0.01	0.21	0.21	0	0	0.01
76700	0.02	0.21	0.21	0	0	0.02
76800	0.02	0.19	0.19	0	0	0.02
76900	0.03	0.19	0.19	0	0	0.03
77000	0.04	0.19	0.19	0	0	0.04
77100	0.04	0.19	0.19	0	0	0.04
77200	0.02	0.2	0.2	0	0	0.02
77300	0.01	0.21	0.21	0	0	0.01
77400	0.01	0.21	0.21	0	0	0.01
77500	0.01	0.22	0.22	0	0	0.01
77600	0.02	0.22	0.22	0	0	0.02
77700	0.02	0.23	0.23	0	0	0.02
77800	0.04	0.23	0.23	0	0	0.04
77900	0.04	0.22	0.22	0	0	0.04
78000	0.04	0.22	0.22	0	0	0.04
78100	0.03	0.22	0.22	0	0	0.03
78200	0.02	0.22	0.22	0	0	0.02
78300	0.02	0.21	0.21	0	0	0.02
78400	0.03	0.21	0.21	0	0	0.03
78500	0.03	0.21	0.21	0	0	0.03
78600	0.05	0.21	0.21	0	0	0.05
78700	0.06	0.2	0.2	0	0	0.06
78800	0.02	0.2	0.2	0	0	0.02
78900	0.02	0.2	0.2	0	0	0.02
79000	0.02	0.2	0.2	0	0	0.02
79100	0.04	0.21	0.21	0	0	0.04
79200	0.08	0.21	0.21	0	0	0.08
79300	0.03	0.22	0.22	0	0	0.03
79400	0.01	0.23	0.23	0	0	0.01
79500	0.03	0.23	0.23	0	0	0.03
79600	0.04	0.23	0.23	0	0	0.04
79700	0.05	0.24	0.24	0	0	0.05
79800	0.04	0.25	0.25	0	0	0.04
79900	0.03	0.25	0.25	0	0	0.03
80000	0.04	0.26	0.26	0	0	0.04
80100	0.03	0.26	0.26	0	0	0.03
80200	0.01	0.26	0.26	0	0	0.01
80300	0.02	0.25	0.25	0	0	0.02
80400	0.01	0.25	0.25	0	0	0.01
80500	0.02	0.25	0.25	0	0	0.02
80600	0.02	0.25	0.25	0	0	0.02
80700	0.02	0.25	0.25	0	0	0.02
80800	0.01	0.25	0.25	0	0	0.01
80900	0.02	0.25	0.25	0	0	0.02
81000	0.05	0.24	0.24	0	0	0.05
81100	0.04	0.26	0.26	0	0	0.04
81200	0.04	0.26	0.26	0	0	0.04
81300	0.02	0.25	0.25	0	0	0.02
81400	0.02	0.25	0.25	0	0	0.02
81500	0.02	0.27	0.27	0	0	0.02
81600	0.01	0.28	0.28	0	0	0.01
81700	0.01	0.3	0.3	0	0	0.01
81800	0.01	0.28	0.28	0	0	0.01
81900	0.01	0.31	0.31	0	0	0.01
82000	0.01	0.3	0.3	0	0	0.01
82100	0.02	0.3	0.3	0	0	0.02
82200	0.03	0.28	0.28	0	0	0.03
82300	0.03	0.28	0.28	0	0	0.03
82400	0.04	0.28	0.28	0	0	0.04
82500	0.02	0.28	0.28	0	0	0.02
82600	0	0.29	0.29	0	0	0
82700	0.01	0.29	0.29	0	0	0.01
82800	0.01	0.29	0.29	0	0	0.01
82900	0.01	0.29	0.29	0	0	0.01
83000	0.02	0.3	0.3	0	0	0.02
83100	0.02	0.3	0.3	0	0	0.02
83200	0.02	0.3	0.3	0	0	0.02
83300	0.02	0.3	0.3	0	0	0.02
83400	0.02	0.3	0.3	0	0	0.02
83500	0.03	0.31	0.31	0	0	0.03
83600	0.03	0.31	0.31	0	0	0.03
83700	0.03	0.32	0.32	0	0	0.03
83800	0.04	0.34	0.34	0	0	0.04
83900	0.03	0.34	0.34	0	0	0.03
84000	0.02	0.34	0.34	0	0	0.02
84100	0.01	0.34	0.34	0	0	0.01
84200	0.01	0.33	0.33	0	0	0.01
84300	0.01	0.33	0.33	0	0	0.01
84400	0.02	0.33	0.33	0	0	0.02
84500	0.01	0.33	0.33	0	0	0.01
84600	0.01	0.35	0.35	0	0	0.01
84700	0.04	0.36	0.36	0	0	0.04
84800	0.04	0.37	0.37	0	0	0.04
84900	0.05	0.37	0.37	0	0	0.05
85000	0.03	0.36	0.36	0	0	0.03
85100	0.02	0.36	0.36	0	0	0.02
85200	0.02	0.36	0.36	0	0	0.02
85300	0.02	0.36	0.36	0	0	0.02
85400	0.02	0.36	0.36	0	0	0.02
85500	0.02	0.36	0.36	0	0	0.02
85600	0.02	0.38	0.38	0	0	0.02
85700	0.03	0.38	0.38	0	0	0.03
85800	0.02	0.38	0.38	0	0	0.02
85900	0	0.38	0.38	0	0	0
86000	0	0.36	0.36	0	0	0
86100	0.01	0.36	0.36	0	0	0.01
86200	0.01	0.36	0.36	0	0	0.01
86300	0.02	0.36	0.36	0	0	0.02
86400	0.02	0.36	0.36	0	0	0.02
86500	0.02	0.37	0.37	0	0	0.02
86600	0.03	0.37	0.37	0	0	0.03
86700	0.02	0.37	0.37	0	0	0.02
86800	0.01	0.38	0.38	0	0	0.01
86900	0.02	0.38	0.38	0	0	0.02
87000	0.01	0.38	0.38	0	0	0.01
87100	0.01	0.38	0.38	0	0	0.01
87200	0.01	0.38	0.38	0	0	0.01
87300	0	0.39	0.39	0	0	0
87400	0.02	0.39	0.39	0	0	0.02
87500	0.03	0.39	0.39	0	0	0.03
87600	0.02	0.39	0.39	0	0	0.02
87700	0.02	0.39	0.39	0	0	0.02
87800	0.02	0.39	0.39	0	0	0.02
87900	0.03	0.39	0.39	0	0	0.03
88000	0.04	0.39	0.39	0	0	0.04
88100	0.03	0.39	0.39	0	0	0.03
88200	0.04	0.39	0.39	0	0	0.04
88300	0.04	0.39	0.39	0	0	0.04
88400	0.05	0.39	0.39	0	0	0.05
88500	0.03	0.39	0.39	0	0	0.03
88600	0.03	0.39	0.39	0	0	0.03
88700	0.02	0.39	0.39	0	0	0.02
88800	0.03	0.39	0.39	0	0	0.03
88900	0.05	0.39	0.39	0	0	0.05
89000	0.04	0.39	0.39	0	0	0.04
89100	0.04	0.39	0.39	0	0	0.04
89200	0.03	0.39	0.39	0	0	0.03
89300	0.03	0.39	0.39	0	0	0.03
89400	0.02	0.4	0.4	0	0	0.02
89500	0.03	0.41	0.41	0	0	0.03
89600	0.03	0.41	0.41	0	0	0.03
89700	0.04	0.41	0.41	0	0	0.04
89800	0.04	0.41	0.41	0	0	0.04
89900	0.02	0.41	0.41	0	0	0.02
90000	0.03	0.42	0.42	0	0	0.03
90100	0.04	0.42	0.42	0	0	0.04
90200	0.02	0.43	0.43	0	0	0.02
90300	0.03	0.43	0.43	0	0	0.03
90400	0.03	0.43	0.43	0	0	0.03
90500	0.03	0.43	0.43	0	0	0.03
90600	0.02	0.43	0.43	0	0	0.02
90700	0.01	0.43	0.43	0	0	0.01
90800	0.02	0.45	0.45	0	0	0.02
90900	0.03	0.45	0.45	0	0	0.03
91000	0.04	0.45	0.45	0	0	0.04
91100	0.05	0.46	0.46	0	0	0.05
91200	0.04	0.46	0.46	0	0	0.04
91300	0.04	0.46	0.46	0	0	0.04
91400	0.01	0.46	0.46	0	0	0.01
91500	0.01	0.46	0.46	0	0	0.01
91600	0.03	0.46	0.46	0	0	0.03
91700	0.02	0.46	0.46	0	0	0.02
91800	0.03	0.46	0.46	0	0	0.03
91900	0.05	0.47	0.47	0	0	0.05
92000	0.05	0.47	0.47	0	0	0.05
92100	0.06	0.47	0.47	0	0	0.06
92200	0.05	0.47	0.47	0	0	0.05
92300	0.02	0.49	0.49	0	0	0.02
92400	0.01	0.49	0.49	0	0	0.01
92500	0.02	0.48	0.48	0	0	0.02
92600	0.02	0.48	0.48	0	0	0.02
92700	0.02	0.48	0.48	0	0	0.02
92800	0.04	0.48	0.48	0	0	0.04
92900	0.04	0.48	0.48	0	0	0.04
93000	0.03	0.48	0.48	0	0	0.03
93100	0.02	0.48	0.48	0	0	0.02
93200	0.02	0.48	0.48	0	0	0.02
93300	0.01	0.49	0.49	0	0	0.01
93400	0.02	0.49	0.49	0	0	0.02
93500	0.01	0.49	0.49	0	0	0.01
93600	0.01	0.49	0.49	0	0	0.01
93700	0.01	0.49	0.49	0	0	0.01
93800	0.01	0.49	0.49	0	0	0.01
93900	0.01	0.49	0.49	0	0	0.01
94000	0	0.51	0.51	0	0	0
94100	0	0.51	0.51	0	0	0
94200	0.02	0.51	0.51	0	0	0.02
94300	0.04	0.51	0.51	0	0	0.04
94400	0.04	0.51	0.51	0	0	0.04
94500	0.04	0.51	0.51	0	0	0.04
94600	0.03	0.51	0.51	0	0	0.03
94700	0.02	0.52	0.52	0	0	0.02
94800	0.03	0.52	0.52	0	0	0.03
94900	0.02	0.52	0.52	0	0	0.02
95000	0.02	0.51	0.51	0	0	0.02
95100	0.01	0.51	0.51	0	0	0.01
95200	0.01	0.51	0.51	0	0	0.01
95300	0.03	0.5	0.5	0	0	0.03
95400	0.03	0.5	0.5	0	0	0.03
95500	0.04	0.5	0.5	0	0	0.04
95600	0.03	0.5	0.5	0	0	0.03
95700	0.03	0.5	0.5	0	0	0.03
95800	0.04	0.5	0.5	0	0	0.04
95900	0.05	0.51	0.51	0	0	0.05
96000	0.02	0.51	0.51	0	0	0.02
96100	0.03	0.51	0.51	0	0	0.03
96200	0.03	0.51	0.51	0	0	0.03
96300	0.01	0.51	0.51	0	0	0.01
96400	0.01	0.51	0.51	0	0	0.01
96500	0.01	0.51	0.51	0	0	0.01
96600	0.01	0.51	0.51	0	0	0.01
96700	0.02	0.51	0.51	0	0	0.02
96800	0.01	0.51	0.51	0	0	0.01
96900	0.01	0.51	0.51	0	0	0.01
97000	0.03	0.51	0.51	0	0	0.03
97100	0.02	0.51	0.51	0	0	0.02
97200	0.02	0.51	0.51	0	0	0.02
97300	0.01	0.51	0.51	0	0	0.01
97400	0.02	0.51	0.51	0	0	0.02
97500	0.02	0.51	0.51	0	0	0.02
97600	0.02	0.51	0.51	0	0	0.02
97700	0.01	0.51	0.51	0	0	0.01
97800	0.02	0.51	0.51	0	0	0.02
97900	0.02	0.51	0.51	0	0	0.02
98000	0.02	0.51	0.51	0	0	0.02
98100	0.03	0.51	0.51	0	0	0.03
98200	0.03	0.51	0.51	0	0	0.03
98300	0.05	0.51	0.51	0	0	0.05
98400	0.04	0.51	0.51	0	0	0.04
98500	0.06	0.51	0.51	0	0	0.06
98600	0.06	0.51	0.51	0	0	0.06
98700	0.07	0.51	0.51	0	0	0.07
98800	0.06	0.51	0.51	0	0	0.06
98900	0.05	0.51	0.51	0	0	0.05
99000	0.05	0.51	0.51	0	0	0.05
99100	0.01	0.51	0.51	0	0	0.01
99200	0.01	0.51	0.51	0	0	0.01
99300	0	0.51	0.51	0	0	0
99400	0	0.51	0.51	0	0	0
99500	0.01	0.51	0.51	0	0	0.01
99600	0.01	0.51	0.51	0	0	0.01
99700	0	0.51	0.51	0	0	0
99800	0	0.51	0.51	0	0	0
99900	0.01	0.51	0.51	0	0	0.01
100000	0.02	0.51	0.51	0	0	0.02
100100	0.01	0.51	0.51	0	0	0.01
100200	0.03	0.52	0.52	0	0	0.03
100300	0.03	0.52	0.52	0	0	0.03
100400	0.06	0.52	0.52	0	0	0.06
100500	0.05	0.52	0.52	0	0	0.05
100600	0.05	0.52	0.52	0	0	0.05
100700	0.03	0.52	0.52	0	0	0.03
100800	0.02	0.54	0.54	0	0	0.02
100900	0.02	0.54	0.54	0	0	0.02
101000	0.03	0.52	0.52	0	0	0.03
101100	0.06	0.52	0.52	0	0	0.06
101200	0.06	0.52	0.52	0	0	0.06
101300	0.05	0.52	0.52	0	0	0.05
101400	0.05	0.52	0.52	0	0	0.05
101500	0.03	0.52	0.52	0	0	0.03
101600	0.02	0.52	0.52	0	0	0.02
101700	0.02	0.53	0.53	0	0	0.02
101800	0.02	0.53	0.53	0	0	0.02
101900	0.03	0.53	0.53	0	0	0.03
102000	0.05	0.53	0.53	0	0	0.05
102100	0.07	0.54	0.54	0	0	0.07
102200	0.05	0.54	0.54	0	0	0.05
102300	0.05	0.54	0.54	0	0	0.05
102400	0.03	0.54	0.54	0	0	0.03
102500	0.03	0.54	0.54	0	0	0.03
102600	0.02	0.54	0.54	0	0	0.02
102700	0.01	0.54	0.54	0	0	0.01
102800	0.01	0.54	0.54	0	0	0.01
102900	0	0.54	0.54	0	0	0
103000	0	0.54	0.54	0	0	0
103100	0	0.54	0.54	0	0	0
103200	0	0.54	0.54	0	0	0
103300	0.03	0.54	0.54	0	0	0.03
103400	0.03	0.54	0.54	0	0	0.03
103500	0.02	0.54	0.54	0	0	0.02
103600	0	0.54	0.54	0	0	0
103700	0.01	0.55	0.55	0	0	0.01
103800	0.01	0.55	0.55	0	0	0.01
103900	0.01	0.55	0.55	0	0	0.01
104000	0.01	0.55	0.55	0	0	0.01
104100	0.02	0.55	0.55	0	0	0.02
104200	0.03	0.55	0.55	0	0	0.03
104300	0.03	0.55	0.55	0	0	0.03
104400	0.02	0.56	0.56	0	0	0.02
104500	0.03	0.56	0.56	0	0	0.03
104600	0.03	0.56	0.56	0	0	0.03
104700	0.03	0.56	0.56	0	0	0.03
104800	0.04	0.56	0.56	0	0	0.04
104900	0.04	0.56	0.56	0	0	0.04
105000	0.04	0.56	0.56	0	0	0.04
105100	0.01	0.56	0.56	0	0	0.01
105200	0.01	0.57	0.57	0	0	0.01
105300	0	0.57	0.57	0	0	0
105400	0.02	0.56	0.56	0	0	0.02
105500	0.02	0.56	0.56	0	0	0.02
105600	0.03	0.56	0.56	0	0	0.03
105700	0.01	0.56	0.56	0	0	0.01
105800	0.02	0.56	0.56	0	0	0.02
105900	0.02	0.56	0.56	0	0	0.02
106000	0.02	0.56	0.56	0	0	0.02
106100	0.03	0.56	0.56	0	0	0.03
106200	0.02	0.56	0.56	0	0	0.02
106300	0.02	0.56	0.56	0	0	0.02
106400	0.04	0.56	0.56	0	0	0.04
106500	0.04	0.56	0.56	0	0	0.04
106600	0.04	0.56	0.56	0	0	0.04
106700	0.04	0.56	0.56	0	0	0.04
106800	0.02	0.56	0.56	0	0	0.02
106900	0.02	0.56	0.56	0	0	0.02
107000	0.03	0.56	0.56	0	0	0.03
107100	0.04	0.56	0.56	0	0	0.04
107200	0.04	0.56	0.56	0	0	0.04
107300	0.03	0.56	0.56	0	0	0.03
107400	0.03	0.56	0.56	0	0	0.03
107500	0.05	0.56	0.56	0	0	0.05
107600	0.04	0.56	0.56	0	0	0.04
107700	0.02	0.56	0.56	0	0	0.02
107800	0.02	0.56	0.56	0	0	0.02
107900	0	0.56	0.56	0	0	0
108000	0.01	0.56	0.56	0	0	0.01
108100	0.03	0.56	0.56	0	0	0.03
108200	0.03	0.56	0.56	0	0	0.03
108300	0.03	0.56	0.56	0	0	0.03
108400	0.01	0.56	0.56	0	0	0.01
108500	0.02	0.56	0.56	0	0	0.02
108600	0.03	0.56	0.56	0	0	0.03
108700	0.02	0.57	0.57	0	0	0.02
108800	0.01	0.57	0.57	0	0	0.01
108900	0.01	0.57	0.57	0	0	0.01
109000	0.01	0.57	0.57	0	0	0.01
109100	0.02	0.58	0.58	0	0	0.02
109200	0.01	0.58	0.58	0	0	0.01
109300	0.01	0.58	0.58	0	0	0.01
109400	0.01	0.58	0.58	0	0	0.01
109500	0.01	0.58	0.58	0	0	0.01
109600	0.01	0.58	0.58	0	0	0.01
109700	0	0.58	0.58	0	0	0
109800	0.01	0.58	0.58	0	0	0.01
109900	0	0.59	0.59	0	0	0
110000	0	0.59	0.59	0	0	0
110100	0.01	0.59	0.59	0	0	0.01
110200	0.01	0.59	0.59	0	0	0.01
110300	0.01	0.59	0.59	0	0	0.01
110400	0.01	0.59	0.59	0	0	0.01
110500	0.01	0.59	0.59	0	0	0.01
110600	0.01	0.59	0.59	0	0	0.01
110700	0.02	0.59	0.59	0	0	0.02
110800	0.02	0.59	0.59	0	0	0.02
110900	0.04	0.59	0.59	0	0	0.04
111000	0.02	0.59	0.59	0	0	0.02
111100	0.01	0.59	0.59	0	0	0.01
111200	0.01	0.59	0.59	0	0	0.01
111300	0.01	0.59	0.59	0	0	0.01
111400	0.02	0.59	0.59	0	0	0.02
111500	0.02	0.59	0.59	0	0	0.02
111600	0.01	0.59	0.59	0	0	0.01
111700	0.01	0.59	0.59	0	0	0.01
111800	0.01	0.59	0.59	0	0	0.01
111900	0.02	0.59	0.59	0	0	0.02
112000	0.01	0.59	0.59	0	0	0.01
112100	0.03	0.59	0.59	0	0	0.03
112200	0.03	0.59	0.59	0	0	0.03
112300	0.04	0.59	0.59	0	0	0.04
112400	0.04	0.59	0.59	0	0	0.04
112500	0.02	0.59	0.59	0	0	0.02
112600	0.02	0.59	0.59	0	0	0.02
112700	0.02	0.59	0.59	0	0	0.02
112800	0.01	0.59	0.59	0	0	0.01
112900	0.02	0.59	0.59	0	0	0.02
113000	0.02	0.59	0.59	0	0	0.02
113100	0.04	0.59	0.59	0	0	0.04
113200	0.04	0.59	0.59	0	0	0.04
113300	0.06	0.6	0.6	0	0	0.06
113400	0.03	0.6	0.6	0	0	0.03
113500	0.02	0.6	0.6	0	0	0.02
113600	0.03	0.6	0.6	0	0	0.03
113700	0.01	0.59	0.59	0	0	0.01
113800	0.01	0.59	0.59	0	0	0.01
113900	0.01	0.59	0.59	0	0	0.01
114000	0.01	0.59	0.59	0	0	0.01
114100	0.01	0.59	0.59	0	0	0.01
114200	0.01	0.59	0.59	0	0	0.01
114300	0.02	0.59	0.59	0	0	0.02
114400	0.02	0.59	0.59	0	0	0.02
114500	0.03	0.59	0.59	0	0	0.03
114600	0.02	0.59	0.59	0	0	0.02
114700	0.01	0.59	0.59	0	0	0.01
114800	0.01	0.59	0.59	0	0	0.01
114900	0.01	0.6	0.6	0	0	0.01
115000	0.02	0.6	0.6	0	0	0.02
115100	0.02	0.6	0.6	0	0	0.02
115200	0.03	0.59	0.59	0	0	0.03
115300	0.03	0.59	0.59	0	0	0.03
115400	0.02	0.59	0.59	0	0	0.02
115500	0.02	0.59	0.59	0	0	0.02
115600	0.03	0.59	0.59	0	0	0.03
115700	0.04	0.59	0.59	0	0	0.04
115800	0.02	0.59	0.59	0	0	0.02
115900	0	0.59	0.59	0	0	0
116000	0.02	0.59	0.59	0	0	0.02
116100	0.03	0.59	0.59	0	0	0.03
116200	0.03	0.59	0.59	0	0	0.03
116300	0.02	0.59	0.59	0	0	0.02
116400	0.03	0.59	0.59	0	0	0.03
116500	0.02	0.59	0.59	0	0	0.02
116600	0.02	0.59	0.59	0	0	0.02
116700	0.03	0.59	0.59	0	0	0.03
116800	0.04	0.59	0.59	0	0	0.04
116900	0.04	0.59	0.59	0	0	0.04
117000	0.02	0.59	0.59	0	0	0.02
117100	0.02	0.59	0.59	0	0	0.02
117200	0.04	0.58	0.58	0	0	0.04
117300	0.03	0.58	0.58	0	0	0.03
117400	0.03	0.58	0.58	0	0	0.03
117500	0.03	0.58	0.58	0	0	0.03
117600	0.03	0.58	0.58	0	0	0.03
117700	0.03	0.58	0.58	0	0	0.03
117800	0.02	0.58	0.58	0	0	0.02
117900	0	0.58	0.58	0	0	0
118000	0.02	0.58	0.58	0	0	0.02
118100	0.02	0.58	0.58	0	0	0.02
118200	0.02	0.58	0.58	0	0	0.02
118300	0.04	0.58	0.58	0	0	0.04
118400	0.05	0.58	0.58	0	0	0.05
118500	0.06	0.58	0.58	0	0	0.06
118600	0.04	0.58	0.58	0	0	0.04
118700	0.03	0.58	0.58	0	0	0.03
118800	0.02	0.59	0.59	0	0	0.02
118900	0.02	0.59	0.59	0	0	0.02
119000	0.02	0.59	0.59	0	0	0.02
119100	0.03	0.59	0.59	0	0	0.03
119200	0.04	0.59	0.59	0	0	0.04
119300	0.03	0.59	0.59	0	0	0.03
119400	0.02	0.59	0.59	0	0	0.02
119500	0.03	0.59	0.59	0	0	0.03
119600	0.03	0.59	0.59	0	0	0.03
119700	0.03	0.59	0.59	0	0	0.03
119800	0.02	0.59	0.59	0	0	0.02
119900	0.02	0.59	0.59	0	0	0.02
120000	0.02	0.59	0.59	0	0	0.02
120100	0.01	0.59	0.59	0	0	0.01
120200	0.01	0.59	0.59	0	0	0.01
120300	0.01	0.59	0.59	0	0	0.01
120400	0.01	0.59	0.59	0	0	0.01
120500	0.02	0.59	0.59	0	0	0.02
120600	0.02	0.59	0.59	0	0	0.02
120700	0.02	0.59	0.59	0	0	0.02
120800	0.03	0.59	0.59	0	0	0.03
120900	0.04	0.59	0.59	0	0	0.04
121000	0.04	0.59	0.59	0	0	0.04
121100	0.03	0.59	0.59	0	0	0.03
121200	0.02	0.59	0.59	0	0	0.02
121300	0.03	0.59	0.59	0	0	0.03
121400	0.02	0.59	0.59	0	0	0.02
121500	0.01	0.59	0.59	0	0	0.01
121600	0.01	0.59	0.59	0	0	0.01
121700	0.01	0.59	0.59	0	0	0.01
121800	0.02	0.59	0.59	0	0	0.02
121900	0.03	0.59	0.59	0	0	0.03
122000	0.02	0.59	0.59	0	0	0.02
122100	0	0.59	0.59	0	0	0
122200	0.01	0.59	0.59	0	0	0.01
122300	0.02	0.59	0.59	0	0	0.02
122400	0.03	0.59	0.59	0	0	0.03
122500	0.03	0.59	0.59	0	0	0.03
122600	0.03	0.59	0.59	0	0	0.03
122700	0.04	0.59	0.59	0	0	0.04
122800	0.02	0.59	0.59	0	0	0.02
122900	0.03	0.59	0.59	0	0	0.03
123000	0.03	0.59	0.59	0	0	0.03
123100	0.02	0.59	0.59	0	0	0.02
123200	0.01	0.59	0.59	0	0	0.01
123300	0.02	0.59	0.59	0	0	0.02
123400	0.01	0.59	0.59	0	0	0.01
123500	0.03	0.59	0.59	0	0	0.03
123600	0.03	0.59	0.59	0	0	0.03
123700	0.05	0.59	0.59	0	0	0.05
123800	0.06	0.59	0.59	0	0	0.06
123900	0.06	0.59	0.59	0	0	0.06
124000	0.06	0.59	0.59	0	0	0.06
124100	0.04	0.59	0.59	0	0	0.04
124200	0.04	0.59	0.59	0	0	0.04
124300	0.03	0.59	0.59	0	0	0.03
124400	0.02	0.59	0.59	0	0	0.02
124500	0	0.59	0.59	0	0	0
124600	0.01	0.59	0.59	0	0	0.01
124700	0	0.59	0.59	0	0	0
124800	0	0.59	0.59	0	0	0
124900	0.03	0.59	0.59	0	0	0.03
125000	0.03	0.59	0.59	0	0	0.03
125100	0.02	0.59	0.59	0	0	0.02
125200	0.02	0.59	0.59	0	0	0.02
125300	0.01	0.59	0.59	0	0	0.01
125400	0.01	0.59	0.59	0	0	0.01
125500	0	0.59	0.59	0	0	0
125600	0.01	0.59	0.59	0	0	0.01
125700	0.01	0.59	0.59	0	0	0.01
125800	0	0.59	0.59	0	0	0
125900	0.01	0.59	0.59	0	0	0.01
126000	0	0.59	0.59	0	0	0
126100	0	0.59	0.59	0	0	0
126200	0	0.59	0.59	0	0	0
126300	0	0.6	0.6	0	0	0
126400	0	0.6	0.6	0	0	0
126500	0.01	0.59	0.59	0	0	0.01
126600	0.01	0.59	0.59	0	0	0.01
126700	0.01	0.59	0.59	0	0	0.01
126800	0.02	0.59	0.59	0	0	0.02
126900	0.02	0.59	0.59	0	0	0.02
127000	0.02	0.59	0.59	0	0	0.02
127100	0.02	0.59	0.59	0	0	0.02
127200	0.03	0.59	0.59	0	0	0.03
127300	0.04	0.59	0.59	0	0	0.04
127400	0.03	0.59	0.59	0	0	0.03
127500	0.02	0.59	0.59	0	0	0.02
127600	0.02	0.59	0.59	0	0	0.02
127700	0	0.59	0.59	0	0	0
127800	0	0.59	0.59	0	0	0
127900	0.01	0.59	0.59	0	0	0.01
128000	0.02	0.59	0.59	0	0	0.02
128100	0.01	0.59	0.59	0	0	0.01
128200	0.02	0.59	0.59	0	0	0.02
128300	0.02	0.59	0.59	0	0	0.02
128400	0.03	0.59	0.59	0	0	0.03
128500	0.02	0.59	0.59	0	0	0.02
128600	0.01	0.6	0.6	0	0	0.01
128700	0.02	0.59	0.59	0	0	0.02
128800	0.02	0.59	0.59	0	0	0.02
128900	0.03	0.59	0.59	0	0	0.03
129000	0.03	0.59	0.59	0	0	0.03
129100	0.03	0.59	0.59	0	0	0.03
129200	0.03	0.59	0.59	0	0	0.03
129300	0.03	0.59	0.59	0	0	0.03
129400	0.05	0.59	0.59	0	0	0.05
129500	0.02	0.59	0.59	0	0	0.02
129600	0.03	0.59	0.59	0	0	0.03
129700	0.02	0.59	0.59	0	0	0.02
129800	0.04	0.59	0.59	0	0	0.04
129900	0.04	0.59	0.59	0	0	0.04
130000	0.03	0.59	0.59	0	0	0.03
130100	0.03	0.59	0.59	0	0	0.03
130200	0.01	0.59	0.59	0	0	0.01
130300	0.01	0.59	0.59	0	0	0.01
130400	0.02	0.59	0.59	0	0	0.02
130500	0.02	0.59	0.59	0	0	0.02
130600	0.01	0.59	0.59	0	0	0.01
130700	0.02	0.59	0.59	0	0	0.02
130800	0.02	0.59	0.59	0	0	0.02
130900	0.03	0.59	0.59	0	0	0.03
131000	0.03	0.59	0.59	0	0	0.03
131100	0.04	0.59	0.59	0	0	0.04
131200	0.05	0.59	0.59	0	0	0.05
131300	0.03	0.59	0.59	0	0	0.03
131400	0.03	0.59	0.59	0	0	0.03
131500	0.02	0.59	0.59	0	0	0.02
131600	0.01	0.59	0.59	0	0	0.01
131700	0.02	0.59	0.59	0	0	0.02
131800	0.02	0.59	0.59	0	0	0.02
131900	0.01	0.59	0.59	0	0	0.01
132000	0.01	0.59	0.59	0	0	0.01
132100	0.01	0.59	0.59	0	0	0.01
132200	0.01	0.59	0.59	0	0	0.01
132300	0.03	0.59	0.59	0	0	0.03
132400	0.04	0.59	0.59	0	0	0.04
132500	0.04	0.59	0.59	0	0	0.04
132600	0.03	0.59	0.59	0	0	0.03
132700	0.03	0.59	0.59	0	0	0.03
132800	0.04	0.59	0.59	0	0	0.04
132900	0.02	0.59	0.59	0	0	0.02
133000	0.03	0.59	0.59	0	0	0.03
133100	0.01	0.59	0.59	0	0	0.01
133200	0.02	0.59	0.59	0	0	0.02
133300	0.01	0.59	0.59	0	0	0.01
133400	0.01	0.59	0.59	0	0	0.01
133500	0.02	0.59	0.59	0	0	0.02
133600	0.02	0.59	0.59	0	0	0.02
133700	0.01	0.59	0.59	0	0	0.01
133800	0	0.59	0.59	0	0	0
133900	0	0.59	0.59	0	0	0
134000	0.01	0.59	0.59	0	0	0.01
134100	0.01	0.59	0.59	0	0	0.01
134200	0.01	0.59	0.59	0	0	0.01
134300	0.01	0.59	0.59	0	0	0.01
134400	0.01	0.59	0.59	0	0	0.01
134500	0.03	0.59	0.59	0	0	0.03
134600	0.04	0.59	0.59	0	0	0.04
134700	0.04	0.59	0.59	0	0	0.04
134800	0.03	0.59	0.59	0	0	0.03
134900	0.02	0.6	0.6	0	0	0.02
135000	0.03	0.59	0.59	0	0	0.03
135100	0.04	0.59	0.59	0	0	0.04
135200	0.03	0.59	0.59	0	0	0.03
135300	0.04	0.59	0.59	0	0	0.04
135400	0.03	0.59	0.59	0	0	0.03
135500	0.02	0.59	0.59	0	0	0.02
135600	0.01	0.59	0.59	0	0	0.01
135700	0.02	0.59	0.59	0	0	0.02
135800	0.02	0.59	0.59	0	0	0.02
135900	0.01	0.59	0.59	0	0	0.01
136000	0.02	0.59	0.59	0	0	0.02
136100	0.01	0.59	0.59	0	0	0.01
136200	0.01	0.59	0.59	0	0	0.01
136300	0.01	0.59	0.59	0	0	0.01
136400	0	0.59	0.59	0	0	0
136500	0	0.59	0.59	0	0	0
136600	0	0.59	0.59	0	0	0
136700	0	0.59	0.59	0	0	0
136800	0	0.59	0.59	0	0	0
136900	0.02	0.59	0.59	0	0	0.02
137000	0.02	0.59	0.59	0	0	0.02
137100	0.02	0.59	0.59	0	0	0.02
137200	0.02	0.59	0.59	0	0	0.02
137300	0.03	0.59	0.59	0	0	0.03
137400	0.03	0.59	0.59	0	0	0.03
137500	0.01	0.59	0.59	0	0	0.01
137600	0.01	0.59	0.59	0	0	0.01
137700	0	0.59	0.59	0	0	0
137800	0.01	0.59	0.59	0	0	0.01
137900	0.02	0.59	0.59	0	0	0.02
138000	0.02	0.59	0.59	0	0	0.02
138100	0.02	0.59	0.59	0	0	0.02
138200	0.02	0.59	0.59	0	0	0.02
138300	0.02	0.59	0.59	0	0	0.02
138400	0.01	0.59	0.59	0	0	0.01
138500	0.02	0.59	0.59	0	0	0.02
138600	0.05	0.59	0.59	0	0	0.05
138700	0.06	0.59	0.59	0	0	0.06
138800	0.04	0.59	0.59	0	0	0.04
138900	0.03	0.59	0.59	0	0	0.03
139000	0.02	0.59	0.59	0	0	0.02
139100	0.02	0.59	0.59	0	0	0.02
139200	0.02	0.59	0.59	0	0	0.02
139300	0.01	0.59	0.59	0	0	0.01
139400	0.01	0.59	0.59	0	0	0.01
139500	0.01	0.59	0.59	0	0	0.01
139600	0.01	0.59	0.59	0	0	0.01
139700	0.02	0.59	0.59	0	0	0.02
139800	0.02	0.58	0.58	0	0	0.02
139900	0.01	0.58	0.58	0	0	0.01
140000	0.01	0.58	0.58	0	0	0.01
140100	0.02	0.58	0.58	0	0	0.02
140200	0.02	0.58	0.58	0	0	0.02
140300	0.04	0.58	0.58	0	0	0.04
140400	0.04	0.58	0.58	0	0	0.04
140500	0.04	0.58	0.58	0	0	0.04
140600	0.04	0.58	0.58	0	0	0.04
140700	0.03	0.58	0.58	0	0	0.03
140800	0.02	0.58	0.58	0	0	0.02
140900	0	0.58	0.58	0	0	0
141000	0.01	0.58	0.58	0	0	0.01
141100	0.01	0.58	0.58	0	0	0.01
141200	0.02	0.58	0.58	0	0	0.02
141300	0.03	0.58	0.58	0	0	0.03
141400	0.03	0.58	0.58	0	0	0.03
141500	0.02	0.58	0.58	0	0	0.02
141600	0.03	0.58	0.58	0	0	0.03
141700	0.03	0.58	0.58	0	0	0.03
141800	0.01	0.58	0.58	0	0	0.01
141900	0.01	0.58	0.58	0	0	0.01
142000	0.01	0.58	0.58	0	0	0.01
142100	0.01	0.58	0.58	0	0	0.01
142200	0.02	0.58	0.58	0	0	0.02
142300	0.03	0.58	0.58	0	0	0.03
142400	0.02	0.58	0.58	0	0	0.02
142500	0	0.58	0.58	0	0	0
142600	0.01	0.58	0.58	0	0	0.01
142700	0.01	0.58	0.58	0	0	0.01
142800	0.01	0.58	0.58	0	0	0.01
142900	0.01	0.58	0.58	0	0	0.01
143000	0.02	0.58	0.58	0	0	0.02
143100	0.02	0.58	0.58	0	0	0.02
143200	0.01	0.58	0.58	0	0	0.01
143300	0.01	0.58	0.58	0	0	0.01
143400	0.01	0.58	0.58	0	0	0.01
143500	0	0.58	0.58	0	0	0
143600	0	0.58	0.58	0	0	0
143700	0.01	0.58	0.58	0	0	0.01
143800	0.02	0.58	0.58	0	0	0.02
143900	0.02	0.58	0.58	0	0	0.02
144000	0.02	0.58	0.58	0	0	0.02
144100	0.02	0.58	0.58	0	0	0.02
144200	0.02	0.58	0.58	0	0	0.02
144300	0	0.58	0.58	0	0	0
144400	0.02	0.58	0.58	0	0	0.02
144500	0.03	0.58	0.58	0	0	0.03
144600	0.04	0.58	0.58	0	0	0.04
144700	0.04	0.58	0.58	0	0	0.04
144800	0.03	0.58	0.58	0	0	0.03
144900	0.02	0.58	0.58	0	0	0.02
145000	0.02	0.58	0.58	0	0	0.02
145100	0.02	0.58	0.58	0	0	0.02
145200	0.02	0.58	0.58	0	0	0.02
145300	0.02	0.58	0.58	0	0	0.02
145400	0.02	0.58	0.58	0	0	0.02
145500	0.01	0.58	0.58	0	0	0.01
145600	0.02	0.58	0.58	0	0	0.02
145700	0.02	0.58	0.58	0	0	0.02
145800	0	0.58	0.58	0	0	0
145900	0	0.58	0.58	0	0	0
146000	0.03	0.58	0.58	0	0	0.03
146100	0.03	0.58	0.58	0	0	0.03
146200	0.03	0.58	0.58	0	0	0.03
146300	0.03	0.58	0.58	0	0	0.03
146400	0.02	0.58	0.58	0	0	0.02
146500	0.02	0.58	0.58	0	0	0.02
146600	0.02	0.58	0.58	0	0	0.02
146700	0.02	0.58	0.58	0	0	0.02
146800	0.02	0.58	0.58	0	0	0.02
146900	0.02	0.58	0.58	0	0	0.02
147000	0.02	0.58	0.58	0	0	0.02
147100	0.03	0.58	0.58	0	0	0.03
147200	0.04	0.58	0.58	0	0	0.04
147300	0.04	0.58	0.58	0	0	0.04
147400	0.02	0.58	0.58	0	0	0.02
147500	0.02	0.58	0.58	0	0	0.02
147600	0.04	0.58	0.58	0	0	0.04
147700	0.03	0.58	0.58	0	0	0.03
147800	0.01	0.58	0.58	0	0	0.01
147900	0.01	0.58	0.58	0	0	0.01
148000	0	0.58	0.58	0	0	0
148100	0.01	0.58	0.58	0	0	0.01
148200	0.01	0.58	0.58	0	0	0.01
148300	0	0.58	0.58	0	0	0
148400	0	0.58	0.58	0	0	0
148500	0.02	0.58	0.58	0	0	0.02
148600	0.02	0.58	0.58	0	0	0.02
148700	0.02	0.58	0.58	0	0	0.02
148800	0.04	0.58	0.58	0	0	0.04
148900	0.04	0.58	0.58	0	0	0.04
149000	0.02	0.58	0.58	0	0	0.02
149100	0.02	0.58	0.58	0	0	0.02
149200	0.03	0.58	0.58	0	0	0.03
149300	0.02	0.58	0.58	0	0	0.02
149400	0.01	0.58	0.58	0	0	0.01
149500	0.01	0.58	0.58	0	0	0.01
149600	0.01	0.58	0.58	0	0	0.01
149700	0.01	0.58	0.58	0	0	0.01
149800	0.03	0.58	0.58	0	0	0.03
149900	0.03	0.58	0.58	0	0	0.03
150000	0.03	0.58	0.58	0	0	0.03
150100	0.01	0.58	0.58	0	0	0.01
150200	0.01	0.58	0.58	0	0	0.01
150300	0.01	0.58	0.58	0	0	0.01
150400	0.02	0.58	0.58	0	0	0.02
150500	0.02	0.59	0.59	0	0	0.02
150600	0.01	0.58	0.58	0	0	0.01
150700	0.01	0.57	0.57	0	0	0.01
150800	0.02	0.57	0.57	0	0	0.02
150900	0.02	0.57	0.57	0	0	0.02
151000	0.01	0.57	0.57	0	0	0.01
151100	0.01	0.57	0.57	0	0	0.01
151200	0.03	0.57	0.57	0	0	0.03
151300	0.05	0.57	0.57	0	0	0.05
151400	0.05	0.57	0.57	0	0	0.05
151500	0.05	0.57	0.57	0	0	0.05
151600	0.06	0.57	0.57	0	0	0.06
151700	0.06	0.57	0.57	0	0	0.06
151800	0.05	0.57	0.57	0	0	0.05
151900	0.06	0.57	0.57	0	0	0.06
152000	0.07	0.57	0.57	0	0	0.07
152100	0.06	0.57	0.57	0	0	0.06
152200	0.06	0.57	0.57	0	0	0.06
152300	0.05	0.57	0.57	0	0	0.05
152400	0.05	0.57	0.57	0	0	0.05
152500	0.05	0.57	0.57	0	0	0.05
152600	0.05	0.57	0.57	0	0	0.05
152700	0.05	0.57	0.57	0	0	0.05
152800	0.05	0.58	0.58	0	0	0.05
152900	0.06	0.58	0.58	0	0	0.06
153000	0.06	0.58	0.58	0	0	0.06
153100	0.06	0.58	0.58	0	0	0.06
153200	0.07	0.58	0.58	0	0	0.07
153300	0.07	0.58	0.58	0	0	0.07
153400	0.08	0.58	0.58	0	0	0.08
153500	0.08	0.58	0.58	0	0	0.08
153600	0.07	0.58	0.58	0	0	0.07
153700	0.07	0.58	0.58	0	0	0.07
153800	0.04	0.58	0.58	0	0	0.04
153900	0.03	0.58	0.58	0	0	0.03
154000	0.04	0.58	0.58	0	0	0.04
154100	0.04	0.58	0.58	0	0	0.04
154200	0.03	0.58	0.58	0	0	0.03
154300	0.03	0.58	0.58	0	0	0.03
154400	0.02	0.58	0.58	0	0	0.02
154500	0.01	0.58	0.58	0	0	0.01
154600	0	0.58	0.58	0	0	0
154700	0	0.58	0.58	0	0	0
154800	0	0.58	0.58	0	0	0
154900	0	0.58	0.58	0	0	0
155000	0.02	0.58	0.58	0	0	0.02
155100	0.03	0.58	0.58	0	0	0.03
155200	0.03	0.58	0.58	0	0	0.03
155300	0.04	0.58	0.58	0	0	0.04
155400	0.03	0.58	0.58	0	0	0.03
155500	0.01	0.58	0.58	0	0	0.01
155600	0.01	0.58	0.58	0	0	0.01
155700	0.02	0.58	0.58	0	0	0.02
155800	0.02	0.58	0.58	0	0	0.02
155900	0.03	0.58	0.58	0	0	0.03
156000	0.03	0.58	0.58	0	0	0.03
156100	0.03	0.58	0.58	0	0	0.03
156200	0.04	0.58	0.58	0	0	0.04
156300	0.04	0.59	0.59	0	0	0.04
156400	0.03	0.59	0.59	0	0	0.03
156500	0.04	0.59	0.59	0	0	0.04
156600	0.05	0.59	0.59	0	0	0.05
156700	0.03	0.59	0.59	0	0	0.03
156800	0.01	0.6	0.6	0	0	0.01
156900	0.01	0.6	0.6	0	0	0.01
157000	0.03	0.6	0.6	0	0	0.03
157100	0.05	0.59	0.59	0	0	0.05
157200	0.06	0.59	0.59	0	0	0.06
157300	0.06	0.59	0.59	0	0	0.06
157400	0.04	0.59	0.59	0	0	0.04
157500	0.01	0.59	0.59	0	0	0.01
157600	0.01	0.59	0.59	0	0	0.01
157700	0	0.59	0.59	0	0	0
157800	0	0.59	0.59	0	0	0
157900	0.01	0.59	0.59	0	0	0.01
158000	0.01	0.59	0.59	0	0	0.01
158100	0.02	0.59	0.59	0	0	0.02
158200	0.02	0.59	0.59	0	0	0.02
158300	0.02	0.59	0.59	0	0	0.02
158400	0.02	0.59	0.59	0	0	0.02
158500	0.03	0.59	0.59	0	0	0.03
158600	0.01	0.59	0.59	0	0	0.01
158700	0.02	0.58	0.58	0	0	0.02
158800	0.02	0.58	0.58	0	0	0.02
158900	0.02	0.58	0.58	0	0	0.02
159000	0.02	0.58	0.58	0	0	0.02
159100	0.02	0.58	0.58	0	0	0.02
159200	0.03	0.58	0.58	0	0	0.03
159300	0.03	0.58	0.58	0	0	0.03
159400	0.03	0.58	0.58	0	0	0.03
159500	0.03	0.58	0.58	0	0	0.03
159600	0.03	0.58	0.58	0	0	0.03
159700	0.03	0.58	0.58	0	0	0.03
159800	0.02	0.59	0.59	0	0	0.02
159900	0.02	0.59	0.59	0	0	0.02
160000	0.03	0.59	0.59	0	0	0.03
160100	0.03	0.59	0.59	0	0	0.03
160200	0.01	0.59	0.59	0	0	0.01
160300	0.01	0.59	0.59	0	0	0.01
160400	0	0.59	0.59	0	0	0
160500	0.01	0.59	0.59	0	0	0.01
160600	0.02	0.59	0.59	0	0	0.02
160700	0.03	0.59	0.59	0	0	0.03
160800	0.02	0.59	0.59	0	0	0.02
160900	0.02	0.59	0.59	0	0	0.02
161000	0.03	0.59	0.59	0	0	0.03
161100	0.03	0.59	0.59	0	0	0.03
161200	0.05	0.59	0.59	0	0	0.05
161300	0.05	0.59	0.59	0	0	0.05
161400	0.05	0.59	0.59	0	0	0.05
161500	0.06	0.59	0.59	0	0	0.06
161600	0.03	0.59	0.59	0	0	0.03
161700	0.02	0.59	0.59	0	0	0.02
161800	0.02	0.59	0.59	0	0	0.02
161900	0.02	0.59	0.59	0	0	0.02
162000	0.03	0.59	0.59	0	0	0.03
162100	0.04	0.59	0.59	0	0	0.04
162200	0.04	0.59	0.59	0	0	0.04
162300	0	0.59	0.59	0	0	0
162400	0.01	0.59	0.59	0	0	0.01
162500	0.01	0.59	0.59	0	0	0.01
162600	0.02	0.59	0.59	0	0	0.02
162700	0.02	0.59	0.59	0	0	0.02
162800	0.02	0.59	0.59	0	0	0.02
162900	0.02	0.59	0.59	0	0	0.02
163000	0.01	0.59	0.59	0	0	0.01
163100	0.02	0.59	0.59	0	0	0.02
163200	0.03	0.59	0.59	0	0	0.03
163300	0.04	0.59	0.59	0	0	0.04
163400	0.06	0.59	0.59	0	0	0.06
163500	0.05	0.59	0.59	0	0	0.05
163600	0.06	0.59	0.59	0	0	0.06
163700	0.06	0.59	0.59	0	0	0.06
163800	0.06	0.59	0.59	0	0	0.06
163900	0.05	0.59	0.59	0	0	0.05
164000	0.04	0.59	0.59	0	0	0.04
164100	0.02	0.59	0.59	0	0	0.02
164200	0.01	0.59	0.59	0	0	0.01
164300	0.01	0.59	0.59	0	0	0.01
164400	0.01	0.59	0.59	0	0	0.01
164500	0.01	0.59	0.59	0	0	0.01
164600	0.01	0.59	0.59	0	0	0.01
164700	0	0.59	0.59	0	0	0
164800	0	0.59	0.59	0	0	0
164900	0	0.59	0.59	0	0	0
165000	0	0.59	0.59	0	0	0
165100	0	0.59	0.59	0	0	0
165200	0.01	0.59	0.59	0	0	0.01
165300	0.01	0.59	0.59	0	0	0.01
165400	0.01	0.59	0.59	0	0	0.01
165500	0.03	0.59	0.59	0	0	0.03
165600	0.05	0.59	0.59	0	0	0.05
165700	0.03	0.59	0.59	0	0	0.03
165800	0.03	0.59	0.59	0	0	0.03
165900	0.03	0.59	0.59	0	0	0.03
166000	0.03	0.59	0.59	0	0	0.03
166100	0.01	0.59	0.59	0	0	0.01
166200	0	0.59	0.59	0	0	0
166300	0.01	0.59	0.59	0	0	0.01
166400	0.02	0.59	0.59	0	0	0.02
166500	0.02	0.59	0.59	0	0	0.02
166600	0.02	0.59	0.59	0	0	0.02
166700	0.02	0.59	0.59	0	0	0.02
166800	0.02	0.59	0.59	0	0	0.02
166900	0.01	0.59	0.59	0	0	0.01
167000	0.03	0.59	0.59	0	0	0.03
167100	0.01	0.58	0.58	0	0	0.01
167200	0.01	0.58	0.58	0	0	0.01
167300	0.01	0.58	0.58	0	0	0.01
167400	0.02	0.58	0.58	0	0	0.02
167500	0.02	0.58	0.58	0	0	0.02
167600	0.02	0.58	0.58	0	0	0.02
167700	0.04	0.58	0.58	0	0	0.04
167800	0.05	0.58	0.58	0	0	0.05
167900	0.02	0.58	0.58	0	0	0.02
168000	0.05	0.58	0.58	0	0	0.05
168100	0.05	0.58	0.58	0	0	0.05
168200	0.04	0.58	0.58	0	0	0.04
168300	0.03	0.58	0.58	0	0	0.03
168400	0.04	0.58	0.58	0	0	0.04
168500	0.02	0.58	0.58	0	0	0.02
168600	0.03	0.58	0.58	0	0	0.03
168700	0.02	0.58	0.58	0	0	0.02
168800	0.02	0.58	0.58	0	0	0.02
168900	0.03	0.58	0.58	0	0	0.03
169000	0.03	0.58	0.58	0	0	0.03
169100	0.04	0.58	0.58	0	0	0.04
169200	0.03	0.58	0.58	0	0	0.03
169300	0.03	0.58	0.58	0	0	0.03
169400	0.03	0.58	0.58	0	0	0.03
169500	0.01	0.58	0.58	0	0	0.01
169600	0.01	0.58	0.58	0	0	0.01
169700	0.01	0.59	0.59	0	0	0.01
169800	0.03	0.59	0.59	0	0	0.03
169900	0.03	0.59	0.59	0	0	0.03
170000	0.04	0.59	0.59	0	0	0.04
170100	0.02	0.59	0.59	0	0	0.02
170200	0.01	0.59	0.59	0	0	0.01
170300	0.01	0.59	0.59	0	0	0.01
170400	0	0.59	0.59	0	0	0
170500	0.01	0.59	0.59	0	0	0.01
170600	0.01	0.59	0.59	0	0	0.01
170700	0.01	0.59	0.59	0	0	0.01
170800	0.02	0.59	0.59	0	0	0.02
170900	0.02	0.59	0.59	0	0	0.02
171000	0.03	0.59	0.59	0	0	0.03
171100	0.04	0.59	0.59	0	0	0.04
171200	0.03	0.59	0.59	0	0	0.03
171300	0.03	0.59	0.59	0	0	0.03
171400	0.03	0.59	0.59	0	0	0.03
171500	0.04	0.59	0.59	0	0	0.04
171600	0.02	0.59	0.59	0	0	0.02
171700	0.02	0.59	0.59	0	0	0.02
171800	0.02	0.59	0.59	0	0	0.02
171900	0.03	0.59	0.59	0	0	0.03
172000	0.02	0.59	0.59	0	0	0.02
172100	0.02	0.59	0.59	0	0	0.02
172200	0.02	0.59	0.59	0	0	0.02
172300	0	0.59	0.59	0	0	0
172400	0	0.59	0.59	0	0	0
172500	0.02	0.59	0.59	0	0	0.02
172600	0.02	0.59	0.59	0	0	0.02
172700	0.01	0.59	0.59	0	0	0.01
172800	0.01	0.59	0.59	0	0	0.01
172900	0	0.59	0.59	0	0	0
173000	0	0.59	0.59	0	0	0
173100	0	0.59	0.59	0	0	0
173200	0.01	0.59	0.59	0	0	0.01
173300	0.01	0.59	0.59	0	0	0.01
173400	0.01	0.59	0.59	0	0	0.01
173500	0.01	0.59	0.59	0	0	0.01
173600	0.02	0.59	0.59	0	0	0.02
173700	0.02	0.59	0.59	0	0	0.02
173800	0.01	0.59	0.59	0	0	0.01
173900	0.01	0.59	0.59	0	0	0.01
174000	0.02	0.59	0.59	0	0	0.02
174100	0.02	0.59	0.59	0	0	0.02
174200	0.03	0.59	0.59	0	0	0.03
174300	0.03	0.59	0.59	0	0	0.03
174400	0.02	0.59	0.59	0	0	0.02
174500	0	0.59	0.59	0	0	0
174600	0	0.59	0.59	0	0	0
174700	0	0.59	0.59	0	0	0
174800	0.01	0.59	0.59	0	0	0.01
174900	0.02	0.59	0.59	0	0	0.02
175000	0.03	0.59	0.59	0	0	0.03
175100	0.04	0.59	0.59	0	0	0.04
175200	0.02	0.59	0.59	0	0	0.02
175300	0.01	0.59	0.59	0	0	0.01
175400	0.01	0.59	0.59	0	0	0.01
175500	0.02	0.59	0.59	0	0	0.02
175600	0.02	0.59	0.59	0	0	0.02
175700	0.03	0.59	0.59	0	0	0.03
175800	0.03	0.59	0.59	0	0	0.03
175900	0.03	0.59	0.59	0	0	0.03
176000	0.02	0.59	0.59	0	0	0.02
176100	0.02	0.59	0.59	0	0	0.02
176200	0.02	0.59	0.59	0	0	0.02
176300	0.02	0.59	0.59	0	0	0.02
176400	0.03	0.59	0.59	0	0	0.03
176500	0.04	0.59	0.59	0	0	0.04
176600	0.03	0.59	0.59	0	0	0.03
176700	0.03	0.59	0.59	0	0	0.03
176800	0.02	0.59	0.59	0	0	0.02
176900	0.02	0.59	0.59	0	0	0.02
177000	0.02	0.59	0.59	0	0	0.02
177100	0.02	0.59	0.59	0	0	0.02
177200	0.03	0.59	0.59	0	0	0.03
177300	0.02	0.59	0.59	0	0	0.02
177400	0.02	0.59	0.59	0	0	0.02
177500	0.02	0.59	0.59	0	0	0.02
177600	0.01	0.59	0.59	0	0	0.01
177700	0	0.59	0.59	0	0	0
177800	0	0.59	0.59	0	0	0
177900	0	0.59	0.59	0	0	0
178000	0	0.59	0.59	0	0	0
178100	0.01	0.59	0.59	0	0	0.01
178200	0.04	0.59	0.59	0	0	0.04
178300	0.04	0.59	0.59	0	0	0.04
178400	0.04	0.59	0.59	0	0	0.04
178500	0.02	0.59	0.59	0	0	0.02
178600	0.01	0.59	0.59	0	0	0.01
178700	0	0.59	0.59	0	0	0
178800	0.02	0.59	0.59	0	0	0.02
178900	0.01	0.59	0.59	0	0	0.01
179000	0.01	0.59	0.59	0	0	0.01
179100	0.03	0.59	0.59	0	0	0.03
179200	0.03	0.59	0.59	0	0	0.03
179300	0.03	0.59	0.59	0	0	0.03
179400	0.01	0.59	0.59	0	0	0.01
179500	0.03	0.59	0.59	0	0	0.03
179600	0.04	0.59	0.59	0	0	0.04
179700	0.03	0.59	0.59	0	0	0.03
179800	0.03	0.59	0.59	0	0	0.03
179900	0.07	0.59	0.59	0	0	0.07
180000	0.09	0.59	0.59	0	0	0.09
180100	0.07	0.59	0.59	0	0	0.07
180200	0.04	0.59	0.59	0	0	0.04
180300	0.03	0.59	0.59	0	0	0.03
180400	0.02	0.59	0.59	0	0	0.02
180500	0.02	0.6	0.6	0	0	0.02
180600	0	0.6	0.6	0	0	0
180700	0	0.59	0.59	0	0	0
180800	0.01	0.59	0.59	0	0	0.01
180900	0.01	0.59	0.59	0	0	0.01
181000	0.02	0.59	0.59	0	0	0.02
181100	0.03	0.59	0.59	0	0	0.03
181200	0.02	0.59	0.59	0	0	0.02
181300	0.02	0.59	0.59	0	0	0.02
181400	0.03	0.59	0.59	0	0	0.03
181500	0.03	0.59	0.59	0	0	0.03
181600	0.01	0.59	0.59	0	0	0.01
181700	0.01	0.59	0.59	0	0	0.01
181800	0.01	0.59	0.59	0	0	0.01
181900	0.02	0.59	0.59	0	0	0.02
182000	0.02	0.59	0.59	0	0	0.02
182100	0.02	0.59	0.59	0	0	0.02
182200	0.01	0.59	0.59	0	0	0.01
182300	0.01	0.59	0.59	0	0	0.01
182400	0	0.59	0.59	0	0	0
182500	0.01	0.59	0.59	0	0	0.01
182600	0.01	0.59	0.59	0	0	0.01
182700	0.02	0.59	0.59	0	0	0.02
182800	0.02	0.59	0.59	0	0	0.02
182900	0.02	0.59	0.59	0	0	0.02
183000	0.01	0.59	0.59	0	0	0.01
183100	0	0.59	0.59	0	0	0
183200	0	0.59	0.59	0	0	0
183300	0	0.59	0.59	0	0	0
183400	0.02	0.59	0.59	0	0	0.02
183500	0.03	0.59	0.59	0	0	0.03
183600	0.03	0.59	0.59	0	0	0.03
183700	0.03	0.59	0.59	0	0	0.03
183800	0.02	0.59	0.59	0	0	0.02
183900	0.03	0.59	0.59	0	0	0.03
184000	0.01	0.59	0.59	0	0	0.01
184100	0.01	0.59	0.59	0	0	0.01
184200	0.01	0.59	0.59	0	0	0.01
184300	0.01	0.59	0.59	0	0	0.01
184400	0.01	0.59	0.59	0	0	0.01
184500	0	0.59	0.59	0	0	0
184600	0	0.59	0.59	0	0	0
184700	0.01	0.59	0.59	0	0	0.01
184800	0.01	0.59	0.59	0	0	0.01
184900	0.01	0.59	0.59	0	0	0.01
185000	0.01	0.59	0.59	0	0	0.01
185100	0.01	0.59	0.59	0	0	0.01
185200	0.01	0.59	0.59	0	0	0.01
185300	0.01	0.59	0.59	0	0	0.01
185400	0.02	0.59	0.59	0	0	0.02
185500	0.02	0.59	0.59	0	0	0.02
185600	0.01	0.59	0.59	0	0	0.01
185700	0.02	0.59	0.59	0	0	0.02
185800	0.02	0.59	0.59	0	0	0.02
185900	0.02	0.59	0.59	0	0	0.02
186000	0	0.59	0.59	0	0	0
186100	0	0.59	0.59	0	0	0
186200	0.01	0.59	0.59	0	0	0.01
186300	0.02	0.59	0.59	0	0	0.02
186400	0.02	0.59	0.59	0	0	0.02
186500	0.02	0.59	0.59	0	0	0.02
186600	0.02	0.59	0.59	0	0	0.02
186700	0.02	0.59	0.59	0	0	0.02
186800	0.03	0.59	0.59	0	0	0.03
186900	0.04	0.59	0.59	0	0	0.04
187000	0.01	0.59	0.59	0	0	0.01
187100	0.02	0.59	0.59	0	0	0.02
187200	0.02	0.59	0.59	0	0	0.02
187300	0.03	0.59	0.59	0	0	0.03
187400	0.03	0.59	0.59	0	0	0.03
187500	0.02	0.59	0.59	0	0	0.02
187600	0.02	0.59	0.59	0	0	0.02
187700	0.02	0.59	0.59	0	0	0.02
187800	0.01	0.59	0.59	0	0	0.01
187900	0.01	0.59	0.59	0	0	0.01
188000	0.01	0.59	0.59	0	0	0.01
188100	0.01	0.59	0.59	0	0	0.01
188200	0.01	0.59	0.59	0	0	0.01
188300	0.01	0.59	0.59	0	0	0.01
188400	0.02	0.59	0.59	0	0	0.02
188500	0.03	0.59	0.59	0	0	0.03
188600	0.04	0.59	0.59	0	0	0.04
188700	0.04	0.59	0.59	0	0	0.04
188800	0.03	0.59	0.59	0	0	0.03
188900	0.02	0.59	0.59	0	0	0.02
189000	0.02	0.59	0.59	0	0	0.02
189100	0.02	0.59	0.59	0	0	0.02
189200	0	0.59	0.59	0	0	0
189300	0.02	0.59	0.59	0	0	0.02
189400	0.03	0.59	0.59	0	0	0.03
189500	0.03	0.59	0.59	0	0	0.03
189600	0.03	0.59	0.59	0	0	0.03
189700	0.04	0.59	0.59	0	0	0.04
189800	0.04	0.59	0.59	0	0	0.04
189900	0.03	0.59	0.59	0	0	0.03
190000	0.01	0.59	0.59	0	0	0.01
190100	0.01	0.59	0.59	0	0	0.01
190200	0.01	0.59	0.59	0	0	0.01
190300	0	0.59	0.59	0	0	0
190400	0.01	0.59	0.59	0	0	0.01
190500	0.02	0.59	0.59	0	0	0.02
190600	0	0.59	0.59	0	0	0
190700	0	0.59	0.59	0	0	0
190800	0	0.59	0.59	0	0	0
190900	0	0.59	0.59	0	0	0
191000	0	0.59	0.59	0	0	0
191100	0	0.59	0.59	0	0	0
191200	0	0.59	0.59	0	0	0
191300	0	0.59	0.59	0	0	0
191400	0	0.59	0.59	0	0	0
191500	0.01	0.59	0.59	0	0	0.01
191600	0.01	0.59	0.59	0	0	0.01
191700	0.01	0.59	0.59	0	0	0.01
191800	0.01	0.59	0.59	0	0	0.01
191900	0.02	0.59	0.59	0	0	0.02
192000	0.03	0.59	0.59	0	0	0.03
192100	0.03	0.59	0.59	0	0	0.03
192200	0.02	0.59	0.59	0	0	0.02
192300	0.03	0.59	0.59	0	0	0.03
192400	0.03	0.59	0.59	0	0	0.03
192500	0.02	0.59	0.59	0	0	0.02
192600	0.02	0.59	0.59	0	0	0.02
192700	0.04	0.59	0.59	0	0	0.04
192800	0.05	0.59	0.59	0	0	0.05
192900	0.05	0.59	0.59	0	0	0.05
193000	0.03	0.59	0.59	0	0	0.03
193100	0.03	0.59	0.59	0	0	0.03
193200	0.02	0.59	0.59	0	0	0.02
193300	0.04	0.59	0.59	0	0	0.04
193400	0.04	0.59	0.59	0	0	0.04
193500	0.03	0.59	0.59	0	0	0.03
193600	0.03	0.59	0.59	0	0	0.03
193700	0.04	0.59	0.59	0	0	0.04
193800	0.02	0.59	0.59	0	0	0.02
193900	0.03	0.59	0.59	0	0	0.03
194000	0.02	0.59	0.59	0	0	0.02
194100	0.02	0.59	0.59	0	0	0.02
194200	0.02	0.6	0.6	0	0	0.02
194300	0	0.6	0.6	0	0	0
194400	0.01	0.59	0.59	0	0	0.01
194500	0.02	0.59	0.59	0	0	0.02
194600	0.03	0.59	0.59	0	0	0.03
194700	0.04	0.59	0.59	0	0	0.04
194800	0.05	0.59	0.59	0	0	0.05
194900	0.02	0.59	0.59	0	0	0.02
195000	0.01	0.59	0.59	0	0	0.01
195100	0.02	0.59	0.59	0	0	0.02
195200	0.02	0.59	0.59	0	0	0.02
195300	0.02	0.59	0.59	0	0	0.02
195400	0.02	0.59	0.59	0	0	0.02
195500	0.02	0.59	0.59	0	0	0.02
195600	0.03	0.59	0.59	0	0	0.03
195700	0.02	0.59	0.59	0	0	0.02
195800	0.02	0.59	0.59	0	0	0.02
195900	0.02	0.59	0.59	0	0	0.02
196000	0.02	0.59	0.59	0	0	0.02
196100	0.02	0.59	0.59	0	0	0.02
196200	0.03	0.59	0.59	0	0	0.03
196300	0.04	0.59	0.59	0	0	0.04
196400	0.02	0.59	0.59	0	0	0.02
196500	0.02	0.59	0.59	0	0	0.02
196600	0.01	0.59	0.59	0	0	0.01
196700	0	0.59	0.59	0	0	0
196800	0	0.59	0.59	0	0	0
196900	0.02	0.59	0.59	0	0	0.02
197000	0.03	0.59	0.59	0	0	0.03
197100	0.03	0.59	0.59	0	0	0.03
197200	0.04	0.59	0.59	0	0	0.04
197300	0.04	0.59	0.59	0	0	0.04
197400	0.05	0.59	0.59	0	0	0.05
197500	0.03	0.59	0.59	0	0	0.03
197600	0.03	0.59	0.59	0	0	0.03
197700	0.02	0.59	0.59	0	0	0.02
197800	0.02	0.59	0.59	0	0	0.02
197900	0.02	0.59	0.59	0	0	0.02
198000	0.01	0.59	0.59	0	0	0.01
198100	0.01	0.59	0.59	0	0	0.01
198200	0.01	0.59	0.59	0	0	0.01
198300	0	0.59	0.59	0	0	0
198400	0	0.59	0.59	0	0	0
198500	0.02	0.59	0.59	0	0	0.02
198600	0.04	0.59	0.59	0	0	0.04
198700	0.05	0.59	0.59	0	0	0.05
198800	0.03	0.59	0.59	0	0	0.03
198900	0.02	0.59	0.59	0	0	0.02
199000	0.01	0.59	0.59	0	0	0.01
199100	0	0.59	0.59	0	0	0
199200	0	0.59	0.59	0	0	0
199300	0	0.59	0.59	0	0	0
199400	0.01	0.59	0.59	0	0	0.01
199500	0.01	0.59	0.59	0	0	0.01
199600	0.01	0.59	0.59	0	0	0.01
199700	0.01	0.59	0.59	0	0	0.01
199800	0.02	0.59	0.59	0	0	0.02
199900	0.03	0.59	0.59	0	0	0.03
200000	0.04	0.59	0.59	0	0	0.04
200100	0.05	0.59	0.59	0	0	0.05
200200	0.03	0.59	0.59	0	0	0.03
200300	0.02	0.59	0.59	0	0	0.02
200400	0.04	0.59	0.59	0	0	0.04
200500	0.01	0.59	0.59	0	0	0.01
200600	0.02	0.59	0.59	0	0	0.02
200700	0.03	0.59	0.59	0	0	0.03
200800	0.04	0.59	0.59	0	0	0.04
200900	0.05	0.59	0.59	0	0	0.05
201000	0.06	0.59	0.59	0	0	0.06
201100	0.06	0.59	0.59	0	0	0.06
201200	0.06	0.59	0.59	0	0	0.06
201300	0.06	0.59	0.59	0	0	0.06
201400	0.03	0.59	0.59	0	0	0.03
201500	0	0.59	0.59	0	0	0
201600	0.01	0.59	0.59	0	0	0.01
201700	0.01	0.59	0.59	0	0	0.01
201800	0.01	0.59	0.59	0	0	0.01
201900	0.01	0.59	0.59	0	0	0.01
202000	0.01	0.59	0.59	0	0	0.01
202100	0.01	0.59	0.59	0	0	0.01
202200	0.01	0.59	0.59	0	0	0.01
202300	0	0.59	0.59	0	0	0
202400	0.01	0.59	0.59	0	0	0.01
202500	0.03	0.59	0.59	0	0	0.03
202600	0.03	0.59	0.59	0	0	0.03
202700	0.03	0.59	0.59	0	0	0.03
202800	0.03	0.59	0.59	0	0	0.03
202900	0.02	0.59	0.59	0	0	0.02
203000	0.03	0.59	0.59	0	0	0.03
203100	0.02	0.59	0.59	0	0	0.02
203200	0.03	0.59	0.59	0	0	0.03
203300	0.02	0.59	0.59	0	0	0.02
203400	0.01	0.59	0.59	0	0	0.01
203500	0.02	0.59	0.59	0	0	0.02
203600	0.02	0.59	0.59	0	0	0.02
203700	0.01	0.59	0.59	0	0	0.01
203800	0.01	0.59	0.59	0	0	0.01
203900	0.01	0.59	0.59	0	0	0.01
204000	0	0.59	0.59	0	0	0
204100	0	0.59	0.59	0	0	0
204200	0	0.59	0.59	0	0	0
204300	0	0.59	0.59	0	0	0
204400	0.01	0.59	0.59	0	0	0.01
204500	0.01	0.59	0.59	0	0	0.01
204600	0.03	0.59	0.59	0	0	0.03
204700	0.04	0.59	0.59	0	0	0.04
204800	0.03	0.59	0.59	0	0	0.03
204900	0.03	0.59	0.59	0	0	0.03
205000	0.02	0.59	0.59	0	0	0.02
205100	0.01	0.59	0.59	0	0	0.01
205200	0.01	0.59	0.59	0	0	0.01
205300	0.01	0.59	0.59	0	0	0.01
205400	0.01	0.59	0.59	0	0	0.01
205500	0.01	0.59	0.59	0	0	0.01
205600	0.01	0.59	0.59	0	0	0.01
205700	0.01	0.59	0.59	0	0	0.01
205800	0	0.59	0.59	0	0	0
205900	0	0.59	0.59	0	0	0
206000	0.01	0.59	0.59	0	0	0.01
206100	0.02	0.59	0.59	0	0	0.02
206200	0.02	0.59	0.59	0	0	0.02
206300	0.01	0.59	0.59	0	0	0.01
206400	0.01	0.59	0.59	0	0	0.01
206500	0.02	0.59	0.59	0	0	0.02
206600	0.01	0.59	0.59	0	0	0.01
206700	0.03	0.59	0.59	0	0	0.03
206800	0.03	0.59	0.59	0	0	0.03
206900	0.04	0.59	0.59	0	0	0.04
207000	0.04	0.59	0.59	0	0	0.04
207100	0.03	0.59	0.59	0	0	0.03
207200	0.02	0.59	0.59	0	0	0.02
207300	0.04	0.59	0.59	0	0	0.04
207400	0.03	0.59	0.59	0	0	0.03
207500	0.03	0.59	0.59	0	0	0.03
207600	0.04	0.59	0.59	0	0	0.04
207700	0.05	0.59	0.59	0	0	0.05
207800	0.04	0.59	0.59	0	0	0.04
207900	0.02	0.59	0.59	0	0	0.02
208000	0.02	0.59	0.59	0	0	0.02
208100	0.02	0.59	0.59	0	0	0.02
208200	0.02	0.59	0.59	0	0	0.02
208300	0.02	0.59	0.59	0	0	0.02
208400	0.01	0.59	0.59	0	0	0.01
208500	0.01	0.59	0.59	0	0	0.01
208600	0	0.59	0.59	0	0	0
208700	0	0.59	0.59	0	0	0
208800	0	0.59	0.59	0	0	0
208900	0.01	0.59	0.59	0	0	0.01
209000	0.01	0.59	0.59	0	0	0.01
209100	0.03	0.59	0.59	0	0	0.03
209200	0.04	0.59	0.59	0	0	0.04
209300	0.05	0.59	0.59	0	0	0.05
209400	0.03	0.59	0.59	0	0	0.03
209500	0.03	0.6	0.6	0	0	0.03
209600	0.04	0.6	0.6	0	0	0.04
209700	0.05	0.6	0.6	0	0	0.05
209800	0.06	0.6	0.6	0	0	0.06
209900	0.06	0.6	0.6	0	0	0.06
210000	0.03	0.6	0.6	0	0	0.03
210100	0.04	0.6	0.6	0	0	0.04
210200	0.03	0.6	0.6	0	0	0.03
210300	0.02	0.6	0.6	0	0	0.02
210400	0.01	0.6	0.6	0	0	0.01
210500	0.01	0.6	0.6	0	0	0.01
210600	0.02	0.6	0.6	0	0	0.02
210700	0.03	0.6	0.6	0	0	0.03
210800	0.04	0.6	0.6	0	0	0.04
210900	0.05	0.6	0.6	0	0	0.05
211000	0.04	0.6	0.6	0	0	0.04
211100	0.03	0.6	0.6	0	0	0.03
211200	0.04	0.6	0.6	0	0	0.04
211300	0.03	0.6	0.6	0	0	0.03
211400	0.02	0.6	0.6	0	0	0.02
211500	0.01	0.6	0.6	0	0	0.01
211600	0	0.6	0.6	0	0	0
211700	0	0.6	0.6	0	0	0
211800	0	0.6	0.6	0	0	0
211900	0	0.6	0.6	0	0	0
212000	0	0.6	0.6	0	0	0
212100	0	0.6	0.6	0	0	0
212200	0	0.6	0.6	0	0	0
212300	0	0.6	0.6	0	0	0
212400	0.01	0.6	0.6	0	0	0.01
212500	0.02	0.6	0.6	0	0	0.02
212600	0.02	0.6	0.6	0	0	0.02
212700	0.02	0.6	0.6	0	0	0.02
212800	0.03	0.6	0.6	0	0	0.03
212900	0.04	0.6	0.6	0	0	0.04
213000	0.03	0.6	0.6	0	0	0.03
213100	0.03	0.6	0.6	0	0	0.03
213200	0.02	0.6	0.6	0	0	0.02
213300	0.02	0.6	0.6	0	0	0.02
213400	0.02	0.6	0.6	0	0	0.02
213500	0.02	0.6	0.6	0	0	0.02
213600	0.02	0.6	0.6	0	0	0.02
213700	0.02	0.6	0.6	0	0	0.02
213800	0.02	0.6	0.6	0	0	0.02
213900	0.03	0.6	0.6	0	0	0.03
214000	0.02	0.6	0.6	0	0	0.02
214100	0.02	0.6	0.6	0	0	0.02
214200	0.02	0.6	0.6	0	0	0.02
214300	0	0.6	0.6	0	0	0
214400	0.01	0.6	0.6	0	0	0.01
214500	0.02	0.6	0.6	0	0	0.02
214600	0.03	0.6	0.6	0	0	0.03
214700	0.01	0.6	0.6	0	0	0.01
214800	0.02	0.6	0.6	0	0	0.02
214900	0.02	0.6	0.6	0	0	0.02
215000	0.01	0.61	0.61	0	0	0.01
215100	0.02	0.61	0.61	0	0	0.02
215200	0.02	0.61	0.61	0	0	0.02
215300	0.03	0.61	0.61	0	0	0.03
215400	0.02	0.6	0.6	0	0	0.02
215500	0.03	0.6	0.6	0	0	0.03
215600	0.02	0.6	0.6	0	0	0.02
215700	0.02	0.6	0.6	0	0	0.02
215800	0.03	0.6	0.6	0	0	0.03
215900	0.01	0.6	0.6	0	0	0.01
216000	0.02	0.6	0.6	0	0	0.02
216100	0.01	0.6	0.6	0	0	0.01
216200	0.02	0.6	0.6	0	0	0.02
216300	0.04	0.6	0.6	0	0	0.04
216400	0.05	0.6	0.6	0	0	0.05
216500	0.03	0.6	0.6	0	0	0.03
216600	0.01	0.6	0.6	0	0	0.01
216700	0.01	0.6	0.6	0	0	0.01
216800	0.02	0.6	0.6	0	0	0.02
216900	0.01	0.6	0.6	0	0	0.01
217000	0.02	0.6	0.6	0	0	0.02
217100	0.04	0.6	0.6	0	0	0.04
217200	0.03	0.6	0.6	0	0	0.03
217300	0.02	0.6	0.6	0	0	0.02
217400	0.02	0.6	0.6	0	0	0.02
217500	0.02	0.6	0.6	0	0	0.02
217600	0.01	0.6	0.6	0	0	0.01
217700	0.01	0.6	0.6	0	0	0.01
217800	0.02	0.6	0.6	0	0	0.02
217900	0.01	0.6	0.6	0	0	0.01
218000	0.01	0.6	0.6	0	0	0.01
218100	0.01	0.6	0.6	0	0	0.01
218200	0.01	0.59	0.59	0	0	0.01
218300	0.02	0.59	0.59	0	0	0.02
218400	0.02	0.59	0.59	0	0	0.02
218500	0.02	0.59	0.59	0	0	0.02
218600	0.03	0.59	0.59	0	0	0.03
218700	0.03	0.59	0.59	0	0	0.03
218800	0.03	0.59	0.59	0	0	0.03
218900	0.02	0.59	0.59	0	0	0.02
219000	0.03	0.59	0.59	0	0	0.03
219100	0.03	0.59	0.59	0	0	0.03
219200	0.02	0.59	0.59	0	0	0.02
219300	0.01	0.59	0.59	0	0	0.01
219400	0.02	0.59	0.59	0	0	0.02
219500	0.02	0.59	0.59	0	0	0.02
219600	0.02	0.59	0.59	0	0	0.02
219700	0.02	0.59	0.59	0	0	0.02
219800	0.02	0.59	0.59	0	0	0.02
219900	0.01	0.59	0.59	0	0	0.01
220000	0.01	0.59	0.59	0	0	0.01
220100	0.03	0.59	0.59	0	0	0.03
220200	0.03	0.59	0.59	0	0	0.03
220300	0.03	0.59	0.59	0	0	0.03
220400	0.03	0.59	0.59	0	0	0.03
220500	0.02	0.59	0.59	0	0	0.02
220600	0.02	0.59	0.59	0	0	0.02
220700	0.02	0.59	0.59	0	0	0.02
220800	0.02	0.59	0.59	0	0	0.02
220900	0.03	0.59	0.59	0	0	0.03
221000	0.02	0.59	0.59	0	0	0.02
221100	0.02	0.59	0.59	0	0	0.02
221200	0.01	0.59	0.59	0	0	0.01
221300	0	0.59	0.59	0	0	0
221400	0	0.59	0.59	0	0	0
221500	0	0.59	0.59	0	0	0
221600	0.01	0.59	0.59	0	0	0.01
221700	0.03	0.59	0.59	0	0	0.03
221800	0.03	0.59	0.59	0	0	0.03
221900	0.03	0.59	0.59	0	0	0.03
222000	0.03	0.59	0.59	0	0	0.03
222100	0.02	0.59	0.59	0	0	0.02
222200	0.03	0.59	0.59	0	0	0.03
222300	0.02	0.59	0.59	0	0	0.02
222400	0.04	0.59	0.59	0	0	0.04
222500	0.04	0.59	0.59	0	0	0.04
222600	0.04	0.59	0.59	0	0	0.04
222700	0.02	0.59	0.59	0	0	0.02
222800	0.01	0.59	0.59	0	0	0.01
222900	0.01	0.59	0.59	0	0	0.01
223000	0.02	0.59	0.59	0	0	0.02
223100	0.02	0.59	0.59	0	0	0.02
223200	0.01	0.59	0.59	0	0	0.01
223300	0.02	0.59	0.59	0	0	0.02
223400	0.02	0.59	0.59	0	0	0.02
223500	0.01	0.59	0.59	0	0	0.01
223600	0.02	0.59	0.59	0	0	0.02
223700	0.02	0.59	0.59	0	0	0.02
223800	0.02	0.59	0.59	0	0	0.02
223900	0.02	0.59	0.59	0	0	0.02
224000	0.01	0.59	0.59	0	0	0.01
224100	0.02	0.59	0.59	0	0	0.02
224200	0.02	0.59	0.59	0	0	0.02
224300	0.02	0.59	0.59	0	0	0.02
224400	0.01	0.59	0.59	0	0	0.01
224500	0.01	0.59	0.59	0	0	0.01
224600	0	0.59	0.59	0	0	0
224700	0.01	0.59	0.59	0	0	0.01
224800	0.01	0.59	0.59	0	0	0.01
224900	0.01	0.59	0.59	0	0	0.01
225000	0.01	0.59	0.59	0	0	0.01
225100	0.02	0.59	0.59	0	0	0.02
225200	0.01	0.59	0.59	0	0	0.01
225300	0.02	0.59	0.59	0	0	0.02
225400	0.03	0.59	0.59	0	0	0.03
225500	0.05	0.59	0.59	0	0	0.05
225600	0.05	0.59	0.59	0	0	0.05
225700	0.04	0.59	0.59	0	0	0.04
225800	0.03	0.59	0.59	0	0	0.03
225900	0.04	0.59	0.59	0	0	0.04
226000	0.01	0.59	0.59	0	0	0.01
226100	0.01	0.59	0.59	0	0	0.01
226200	0	0.59	0.59	0	0	0
226300	0	0.59	0.59	0	0	0
226400	0	0.59	0.59	0	0	0
226500	0.01	0.59	0.59	0	0	0.01
226600	0.02	0.59	0.59	0	0	0.02
226700	0.02	0.59	0.59	0	0	0.02
226800	0.02	0.59	0.59	0	0	0.02
226900	0.02	0.59	0.59	0	0	0.02
227000	0.03	0.59	0.59	0	0	0.03
227100	0.01	0.59	0.59	0	0	0.01
227200	0.01	0.59	0.59	0	0	0.01
227300	0.02	0.59	0.59	0	0	0.02
227400	0.01	0.59	0.59	0	0	0.01
227500	0.03	0.59	0.59	0	0	0.03
227600	0.01	0.59	0.59	0	0	0.01
227700	0.01	0.59	0.59	0	0	0.01
227800	0.02	0.59	0.59	0	0	0.02
227900	0.02	0.59	0.59	0	0	0.02
228000	0.02	0.59	0.59	0	0	0.02
228100	0.04	0.59	0.59	0	0	0.04
228200	0.04	0.59	0.59	0	0	0.04
228300	0.03	0.59	0.59	0	0	0.03
228400	0.03	0.59	0.59	0	0	0.03
228500	0.03	0.59	0.59	0	0	0.03
228600	0.03	0.59	0.59	0	0	0.03
228700	0.02	0.59	0.59	0	0	0.02
228800	0.01	0.59	0.59	0	0	0.01
228900	0	0.59	0.59	0	0	0
229000	0	0.59	0.59	0	0	0
229100	0.01	0.59	0.59	0	0	0.01
229200	0.01	0.59	0.59	0	0	0.01
229300	0.02	0.59	0.59	0	0	0.02
229400	0.04	0.59	0.59	0	0	0.04
229500	0.05	0.59	0.59	0	0	0.05
229600	0.04	0.59	0.59	0	0	0.04
229700	0.05	0.59	0.59	0	0	0.05
229800	0.05	0.59	0.59	0	0	0.05
229900	0.01	0.59	0.59	0	0	0.01
230000	0.01	0.59	0.59	0	0	0.01
230100	0	0.59	0.59	0	0	0
230200	0.01	0.59	0.59	0	0	0.01
230300	0.02	0.59	0.59	0	0	0.02
230400	0.02	0.59	0.59	0	0	0.02
230500	0.01	0.59	0.59	0	0	0.01
230600	0.01	0.6	0.6	0	0	0.01
230700	0.01	0.6	0.6	0	0	0.01
230800	0.03	0.6	0.6	0	0	0.03
230900	0.03	0.6	0.6	0	0	0.03
231000	0.03	0.6	0.6	0	0	0.03
231100	0.06	0.6	0.6	0	0	0.06
231200	0.06	0.6	0.6	0	0	0.06
231300	0.05	0.6	0.6	0	0	0.05
231400	0.06	0.6	0.6	0	0	0.06
231500	0.06	0.6	0.6	0	0	0.06
231600	0.06	0.6	0.6	0	0	0.06
231700	0.07	0.6	0.6	0	0	0.07
231800	0.06	0.6	0.6	0	0	0.06
231900	0.06	0.6	0.6	0	0	0.06
232000	0.05	0.6	0.6	0	0	0.05
232100	0.05	0.6	0.6	0	0	0.05
232200	0.05	0.6	0.6	0	0	0.05
232300	0.04	0.6	0.6	0	0	0.04
232400	0.03	0.6	0.6	0	0	0.03
232500	0.04	0.6	0.6	0	0	0.04
232600	0.03	0.6	0.6	0	0	0.03
232700	0.01	0.6	0.6	0	0	0.01
232800	0.01	0.6	0.6	0	0	0.01
232900	0.01	0.6	0.6	0	0	0.01
233000	0.01	0.6	0.6	0	0	0.01
233100	0.03	0.6	0.6	0	0	0.03
233200	0.02	0.6	0.6	0	0	0.02
233300	0.02	0.6	0.6	0	0	0.02
233400	0.03	0.6	0.6	0	0	0.03
233500	0.03	0.6	0.6	0	0	0.03
233600	0.03	0.6	0.6	0	0	0.03
233700	0.06	0.6	0.6	0	0	0.06
233800	0.05	0.6	0.6	0	0	0.05
233900	0.04	0.6	0.6	0	0	0.04
234000	0.05	0.6	0.6	0	0	0.05
234100	0.04	0.6	0.6	0	0	0.04
234200	0.04	0.6	0.6	0	0	0.04
234300	0.02	0.6	0.6	0	0	0.02
234400	0.02	0.6	0.6	0	0	0.02
234500	0.03	0.6	0.6	0	0	0.03
234600	0.01	0.6	0.6	0	0	0.01
234700	0	0.6	0.6	0	0	0
234800	0.01	0.6	0.6	0	0	0.01
234900	0.01	0.6	0.6	0	0	0.01
235000	0.01	0.6	0.6	0	0	0.01
235100	0.02	0.6	0.6	0	0	0.02
235200	0.02	0.6	0.6	0	0	0.02
235300	0.01	0.6	0.6	0	0	0.01
235400	0.02	0.6	0.6	0	0	0.02
235500	0.01	0.6	0.6	0	0	0.01
235600	0.02	0.6	0.6	0	0	0.02
235700	0.02	0.6	0.6	0	0	0.02
235800	0.02	0.6	0.6	0	0	0.02
235900	0.02	0.6	0.6	0	0	0.02
236000	0.01	0.6	0.6	0	0	0.01
236100	0.01	0.6	0.6	0	0	0.01
236200	0.02	0.6	0.6	0	0	0.02
236300	0.03	0.6	0.6	0	0	0.03
236400	0.01	0.6	0.6	0	0	0.01
236500	0.02	0.6	0.6	0	0	0.02
236600	0.04	0.6	0.6	0	0	0.04
236700	0.04	0.6	0.6	0	0	0.04
236800	0.03	0.6	0.6	0	0	0.03
236900	0.02	0.6	0.6	0	0	0.02
237000	0.02	0.6	0.6	0	0	0.02
237100	0.02	0.6	0.6	0	0	0.02
237200	0.01	0.6	0.6	0	0	0.01
237300	0	0.6	0.6	0	0	0
237400	0	0.6	0.6	0	0	0
237500	0	0.6	0.6	0	0	0
237600	0.02	0.6	0.6	0	0	0.02
237700	0.03	0.6	0.6	0	0	0.03
237800	0.03	0.6	0.6	0	0	0.03
237900	0.04	0.6	0.6	0	0	0.04
238000	0.03	0.6	0.6	0	0	0.03
238100	0.03	0.6	0.6	0	0	0.03
238200	0.03	0.6	0.6	0	0	0.03
238300	0.04	0.6	0.6	0	0	0.04
238400	0.04	0.6	0.6	0	0	0.04
238500	0.02	0.6	0.6	0	0	0.02
238600	0.02	0.6	0.6	0	0	0.02
238700	0.02	0.6	0.6	0	0	0.02
238800	0.02	0.6	0.6	0	0	0.02
238900	0.02	0.6	0.6	0	0	0.02
239000	0.01	0.6	0.6	0	0	0.01
239100	0.01	0.6	0.6	0	0	0.01
239200	0.03	0.6	0.6	0	0	0.03
239300	0.02	0.6	0.6	0	0	0.02
239400	0.01	0.6	0.6	0	0	0.01
239500	0.02	0.6	0.6	0	0	0.02
239600	0.01	0.6	0.6	0	0	0.01
239700	0	0.6	0.6	0	0	0
239800	0	0.6	0.6	0	0	0
239900	0	0.6	0.6	0	0	0
240000	0	0.6	0.6	0	0	0
240100	0	0.6	0.6	0	0	0
240200	0	0.6	0.6	0	0	0
240300	0.01	0.6	0.6	0	0	0.01
240400	0.01	0.6	0.6	0	0	0.01
240500	0.02	0.6	0.6	0	0	0.02
240600	0.02	0.6	0.6	0	0	0.02
240700	0.02	0.6	0.6	0	0	0.02
240800	0.03	0.6	0.6	0	0	0.03
240900	0.01	0.6	0.6	0	0	0.01
241000	0.01	0.6	0.6	0	0	0.01
241100	0.01	0.6	0.6	0	0	0.01
241200	0.01	0.6	0.6	0	0	0.01
241300	0.02	0.6	0.6	0	0	0.02
241400	0.02	0.6	0.6	0	0	0.02
241500	0.02	0.6	0.6	0	0	0.02
241600	0.03	0.6	0.6	0	0	0.03
241700	0.01	0.6	0.6	0	0	0.01
241800	0.01	0.6	0.6	0	0	0.01
241900	0.03	0.6	0.6	0	0	0.03
242000	0.02	0.6	0.6	0	0	0.02
242100	0.03	0.6	0.6	0	0	0.03
242200	0.03	0.6	0.6	0	0	0.03
242300	0.03	0.6	0.6	0	0	0.03
242400	0.03	0.6	0.6	0	0	0.03
242500	0.02	0.6	0.6	0	0	0.02
242600	0.01	0.6	0.6	0	0	0.01
242700	0.01	0.6	0.6	0	0	0.01
242800	0.02	0.6	0.6	0	0	0.02
242900	0.02	0.6	0.6	0	0	0.02
243000	0.02	0.6	0.6	0	0	0.02
243100	0.02	0.6	0.6	0	0	0.02
243200	0.02	0.6	0.6	0	0	0.02
243300	0.01	0.6	0.6	0	0	0.01
243400	0	0.6	0.6	0	0	0
243500	0	0.6	0.6	0	0	0
243600	0	0.6	0.6	0	0	0
243700	0.03	0.6	0.6	0	0	0.03
243800	0.03	0.6	0.6	0	0	0.03
243900	0.03	0.6	0.6	0	0	0.03
244000	0.04	0.6	0.6	0	0	0.04
244100	0.04	0.6	0.6	0	0	0.04
244200	0.04	0.6	0.6	0	0	0.04
244300	0.03	0.6	0.6	0	0	0.03
244400	0.03	0.6	0.6	0	0	0.03
244500	0.05	0.6	0.6	0	0	0.05
244600	0.05	0.6	0.6	0	0	0.05
244700	0.05	0.6	0.6	0	0	0.05
244800	0.04	0.6	0.6	0	0	0.04
244900	0.03	0.6	0.6	0	0	0.03
245000	0.03	0.6	0.6	0	0	0.03
245100	0	0.6	0.6	0	0	0
245200	0	0.6	0.6	0	0	0
245300	0	0.6	0.6	0	0	0
245400	0.01	0.6	0.6	0	0	0.01
245500	0.01	0.6	0.6	0	0	0.01
245600	0.01	0.6	0.6	0	0	0.01
245700	0.01	0.6	0.6	0	0	0.01
245800	0.01	0.6	0.6	0	0	0.01
245900	0.01	0.6	0.6	0	0	0.01
246000	0	0.6	0.6	0	0	0
246100	0	0.6	0.6	0	0	0
246200	0.01	0.6	0.6	0	0	0.01
246300	0.01	0.6	0.6	0	0	0.01
246400	0.02	0.6	0.6	0	0	0.02
246500	0.01	0.6	0.6	0	0	0.01
246600	0.01	0.6	0.6	0	0	0.01
246700	0.02	0.6	0.6	0	0	0.02
246800	0.02	0.6	0.6	0	0	0.02
246900	0.02	0.6	0.6	0	0	0.02
247000	0.01	0.6	0.6	0	0	0.01
247100	0.02	0.6	0.6	0	0	0.02
247200	0.02	0.6	0.6	0	0	0.02
247300	0.03	0.6	0.6	0	0	0.03
247400	0.02	0.6	0.6	0	0	0.02
247500	0.02	0.6	0.6	0	0	0.02
247600	0.01	0.6	0.6	0	0	0.01
247700	0.01	0.6	0.6	0	0	0.01
247800	0.03	0.6	0.6	0	0	0.03
247900	0.03	0.6	0.6	0	0	0.03
248000	0.04	0.6	0.6	0	0	0.04
248100	0.05	0.6	0.6	0	0	0.05
248200	0.06	0.6	0.6	0	0	0.06
248300	0.06	0.6	0.6	0	0	0.06
248400	0.06	0.6	0.6	0	0	0.06
248500	0.04	0.6	0.6	0	0	0.04
248600	0.05	0.6	0.6	0	0	0.05
248700	0.03	0.6	0.6	0	0	0.03
248800	0.01	0.6	0.6	0	0	0.01
248900	0.01	0.6	0.6	0	0	0.01
249000	0.02	0.6	0.6	0	0	0.02
249100	0.02	0.6	0.6	0	0	0.02
249200	0.03	0.6	0.6	0	0	0.03
249300	0.04	0.6	0.6	0	0	0.04
249400	0.05	0.6	0.6	0	0	0.05
249500	0.03	0.6	0.6	0	0	0.03
249600	0.04	0.6	0.6	0	0	0.04
249700	0.04	0.6	0.6	0	0	0.04
249800	0.02	0.6	0.6	0	0	0.02
249900	0.01	0.6	0.6	0	0	0.01
250000	0.03	0.6	0.6	0	0	0.03
250100	0.03	0.6	0.6	0	0	0.03
250200	0.03	0.6	0.6	0	0	0.03
250300	0.04	0.6	0.6	0	0	0.04
250400	0.05	0.6	0.6	0	0	0.05
250500	0.03	0.6	0.6	0	0	0.03
250600	0.04	0.6	0.6	0	0	0.04
250700	0.03	0.6	0.6	0	0	0.03
250800	0.04	0.6	0.6	0	0	0.04
250900	0.04	0.6	0.6	0	0	0.04
251000	0.04	0.6	0.6	0	0	0.04
251100	0.02	0.6	0.6	0	0	0.02
251200	0.01	0.6	0.6	0	0	0.01
251300	0.01	0.6	0.6	0	0	0.01
251400	0	0.6	0.6	0	0	0
251500	0.01	0.6	0.6	0	0	0.01
251600	0.01	0.6	0.6	0	0	0.01
251700	0.03	0.6	0.6	0	0	0.03
251800	0.04	0.6	0.6	0	0	0.04
251900	0.03	0.6	0.6	0	0	0.03
252000	0.07	0.6	0.6	0	0	0.07
252100	0.06	0.6	0.6	0	0	0.06
252200	0.05	0.6	0.6	0	0	0.05
252300	0.04	0.6	0.6	0	0	0.04
252400	0.02	0.6	0.6	0	0	0.02
252500	0.02	0.6	0.6	0	0	0.02
252600	0.02	0.61	0.61	0	0	0.02
252700	0.02	0.6	0.6	0	0	0.02
252800	0.02	0.6	0.6	0	0	0.02
252900	0.01	0.6	0.6	0	0	0.01
253000	0	0.6	0.6	0	0	0
253100	0	0.6	0.6	0	0	0
253200	0	0.6	0.6	0	0	0
253300	0.01	0.6	0.6	0	0	0.01
253400	0.03	0.6	0.6	0	0	0.03
253500	0.05	0.6	0.6	0	0	0.05
253600	0.06	0.6	0.6	0	0	0.06
253700	0.07	0.6	0.6	0	0	0.07
253800	0.07	0.6	0.6	0	0	0.07
253900	0.06	0.6	0.6	0	0	0.06
254000	0.04	0.6	0.6	0	0	0.04
254100	0.03	0.6	0.6	0	0	0.03
254200	0.01	0.6	0.6	0	0	0.01
254300	0.02	0.6	0.6	0	0	0.02
254400	0.03	0.6	0.6	0	0	0.03
254500	0.03	0.6	0.6	0	0	0.03
254600	0.04	0.6	0.6	0	0	0.04
254700	0.02	0.6	0.6	0	0	0.02
254800	0.01	0.6	0.6	0	0	0.01
254900	0	0.6	0.6	0	0	0
255000	0.02	0.6	0.6	0	0	0.02
255100	0.02	0.6	0.6	0	0	0.02
255200	0.02	0.6	0.6	0	0	0.02
255300	0.03	0.6	0.6	0	0	0.03
255400	0.02	0.6	0.6	0	0	0.02
255500	0.02	0.6	0.6	0	0	0.02
255600	0.01	0.6	0.6	0	0	0.01
255700	0.01	0.6	0.6	0	0	0.01
255800	0.02	0.6	0.6	0	0	0.02
255900	0.03	0.6	0.6	0	0	0.03
256000	0.03	0.6	0.6	0	0	0.03
256100	0.03	0.6	0.6	0	0	0.03
256200	0.03	0.6	0.6	0	0	0.03
256300	0.02	0.6	0.6	0	0	0.02
256400	0	0.6	0.6	0	0	0
256500	0	0.6	0.6	0	0	0
256600	0	0.6	0.6	0	0	0
256700	0	0.6	0.6	0	0	0
256800	0	0.6	0.6	0	0	0
256900	0	0.6	0.6	0	0	0
257000	0.01	0.6	0.6	0	0	0.01
257100	0.01	0.6	0.6	0	0	0.01
257200	0.01	0.6	0.6	0	0	0.01
257300	0.01	0.6	0.6	0	0	0.01
257400	0.02	0.6	0.6	0	0	0.02
257500	0.02	0.6	0.6	0	0	0.02
257600	0.02	0.6	0.6	0	0	0.02
257700	0.04	0.6	0.6	0	0	0.04
257800	0.05	0.6	0.6	0	0	0.05
257900	0.04	0.6	0.6	0	0	0.04
258000	0.05	0.6	0.6	0	0	0.05
258100	0.04	0.6	0.6	0	0	0.04
258200	0.05	0.6	0.6	0	0	0.05
258300	0.03	0.6	0.6	0	0	0.03
258400	0.02	0.6	0.6	0	0	0.02
258500	0	0.6	0.6	0	0	0
258600	0	0.6	0.6	0	0	0
258700	0	0.6	0.6	0	0	0
258800	0.01	0.6	0.6	0	0	0.01
258900	0.01	0.6	0.6	0	0	0.01
259000	0.01	0.6	0.6	0	0	0.01
259100	0.01	0.6	0.6	0	0	0.01
259200	0.02	0.6	0.6	0	0	0.02
259300	0.01	0.6	0.6	0	0	0.01
259400	0.02	0.6	0.6	0	0	0.02
259500	0.02	0.6	0.6	0	0	0.02
259600	0.04	0.6	0.6	0	0	0.04
259700	0.03	0.6	0.6	0	0	0.03
259800	0.02	0.6	0.6	0	0	0.02
259900	0.03	0.6	0.6	0	0	0.03
260000	0.05	0.6	0.6	0	0	0.05
260100	0.05	0.6	0.6	0	0	0.05
260200	0.04	0.6	0.6	0	0	0.04
260300	0.02	0.6	0.6	0	0	0.02
260400	0.02	0.6	0.6	0	0	0.02
260500	0.02	0.6	0.6	0	0	0.02
260600	0.01	0.6	0.6	0	0	0.01
260700	0.01	0.6	0.6	0	0	0.01
260800	0.02	0.6	0.6	0	0	0.02
260900	0.03	0.6	0.6	0	0	0.03
261000	0.01	0.6	0.6	0	0	0.01
261100	0.01	0.6	0.6	0	0	0.01
261200	0.02	0.6	0.6	0	0	0.02
261300	0.03	0.6	0.6	0	0	0.03
261400	0.03	0.6	0.6	0	0	0.03
261500	0.03	0.6	0.6	0	0	0.03
261600	0.03	0.6	0.6	0	0	0.03
261700	0.03	0.6	0.6	0	0	0.03
261800	0.02	0.6	0.6	0	0	0.02
261900	0.04	0.6	0.6	0	0	0.04
262000	0.06	0.6	0.6	0	0	0.06
262100	0.04	0.6	0.6	0	0	0.04
262200	0.05	0.6	0.6	0	0	0.05
262300	0.04	0.6	0.6	0	0	0.04
262400	0.04	0.6	0.6	0	0	0.04
262500	0.04	0.6	0.6	0	0	0.04
262600	0.05	0.6	0.6	0	0	0.05
262700	0.03	0.6	0.6	0	0	0.03
262800	0.02	0.6	0.6	0	0	0.02
262900	0.02	0.6	0.6	0	0	0.02
263000	0.01	0.6	0.6	0	0	0.01
263100	0.01	0.6	0.6	0	0	0.01
263200	0	0.6	0.6	0	0	0
263300	0	0.6	0.6	0	0	0
263400	0	0.6	0.6	0	0	0
263500	0.02	0.6	0.6	0	0	0.02
263600	0.03	0.6	0.6	0	0	0.03
263700	0.03	0.6	0.6	0	0	0.03
263800	0.03	0.6	0.6	0	0	0.03
263900	0.03	0.6	0.6	0	0	0.03
264000	0.03	0.6	0.6	0	0	0.03
264100	0.02	0.6	0.6	0	0	0.02
264200	0.01	0.6	0.6	0	0	0.01
264300	0.04	0.6	0.6	0	0	0.04
264400	0.04	0.6	0.6	0	0	0.04
264500	0.03	0.6	0.6	0	0	0.03
264600	0.03	0.6	0.6	0	0	0.03
264700	0.01	0.6	0.6	0	0	0.01
264800	0.01	0.6	0.6	0	0	0.01
264900	0.01	0.6	0.6	0	0	0.01
265000	0.01	0.6	0.6	0	0	0.01
265100	0.02	0.6	0.6	0	0	0.02
265200	0.01	0.6	0.6	0	0	0.01
265300	0.01	0.6	0.6	0	0	0.01
265400	0.01	0.6	0.6	0	0	0.01
265500	0.01	0.6	0.6	0	0	0.01
265600	0.02	0.6	0.6	0	0	0.02
265700	0.03	0.6	0.6	0	0	0.03
265800	0.03	0.6	0.6	0	0	0.03
265900	0.03	0.6	0.6	0	0	0.03
266000	0.04	0.6	0.6	0	0	0.04
266100	0.01	0.6	0.6	0	0	0.01
266200	0.01	0.6	0.6	0	0	0.01
266300	0	0.6	0.6	0	0	0
266400	0.01	0.6	0.6	0	0	0.01
266500	0.01	0.6	0.6	0	0	0.01
266600	0.01	0.6	0.6	0	0	0.01
266700	0.01	0.6	0.6	0	0	0.01
266800	0	0.6	0.6	0	0	0
266900	0	0.6	0.6	0	0	0
267000	0.02	0.6	0.6	0	0	0.02
267100	0.03	0.6	0.6	0	0	0.03
267200	0.03	0.6	0.6	0	0	0.03
267300	0.01	0.6	0.6	0	0	0.01
267400	0.01	0.6	0.6	0	0	0.01
267500	0	0.6	0.6	0	0	0
267600	0.03	0.6	0.6	0	0	0.03
267700	0.04	0.6	0.6	0	0	0.04
267800	0.05	0.6	0.6	0	0	0.05
267900	0.04	0.6	0.6	0	0	0.04
268000	0.03	0.6	0.6	0	0	0.03
268100	0.03	0.6	0.6	0	0	0.03
268200	0.02	0.6	0.6	0	0	0.02
268300	0.01	0.6	0.6	0	0	0.01
268400	0.01	0.6	0.6	0	0	0.01
268500	0.01	0.6	0.6	0	0	0.01
268600	0.01	0.6	0.6	0	0	0.01
268700	0.03	0.6	0.6	0	0	0.03
268800	0.03	0.6	0.6	0	0	0.03
268900	0.02	0.6	0.6	0	0	0.02
269000	0	0.6	0.6	0	0	0
269100	0	0.6	0.6	0	0	0
269200	0.01	0.6	0.6	0	0	0.01
269300	0.01	0.6	0.6	0	0	0.01
269400	0.02	0.6	0.6	0	0	0.02
269500	0.04	0.6	0.6	0	0	0.04
269600	0.04	0.6	0.6	0	0	0.04
269700	0.04	0.6	0.6	0	0	0.04
269800	0.03	0.6	0.6	0	0	0.03
269900	0.01	0.6	0.6	0	0	0.01
270000	0.01	0.6	0.6	0	0	0.01
270100	0.01	0.6	0.6	0	0	0.01
270200	0.01	0.6	0.6	0	0	0.01
270300	0.02	0.6	0.6	0	0	0.02
270400	0.02	0.6	0.6	0	0	0.02
270500	0.02	0.6	0.6	0	0	0.02
270600	0.02	0.6	0.6	0	0	0.02
270700	0.02	0.6	0.6	0	0	0.02
270800	0.01	0.6	0.6	0	0	0.01
270900	0.01	0.6	0.6	0	0	0.01
271000	0.01	0.6	0.6	0	0	0.01
271100	0.02	0.6	0.6	0	0	0.02
271200	0.02	0.6	0.6	0	0	0.02
271300	0.03	0.6	0.6	0	0	0.03
271400	0.02	0.6	0.6	0	0	0.02
271500	0.02	0.6	0.6	0	0	0.02
271600	0.01	0.6	0.6	0	0	0.01
271700	0.02	0.6	0.6	0	0	0.02
271800	0.01	0.6	0.6	0	0	0.01
271900	0.01	0.6	0.6	0	0	0.01
272000	0.02	0.6	0.6	0	0	0.02
272100	0.04	0.6	0.6	0	0	0.04
272200	0.04	0.6	0.6	0	0	0.04
272300	0.05	0.6	0.6	0	0	0.05
272400	0.04	0.6	0.6	0	0	0.04
272500	0.02	0.6	0.6	0	0	0.02
272600	0.02	0.6	0.6	0	0	0.02
272700	0.01	0.6	0.6	0	0	0.01
272800	0.02	0.6	0.6	0	0	0.02
272900	0.03	0.6	0.6	0	0	0.03
273000	0.03	0.6	0.6	0	0	0.03
273100	0.03	0.6	0.6	0	0	0.03
273200	0.03	0.6	0.6	0	0	0.03
273300	0.03	0.6	0.6	0	0	0.03
273400	0.03	0.6	0.6	0	0	0.03
273500	0.02	0.6	0.6	0	0	0.02
273600	0.02	0.6	0.6	0	0	0.02
273700	0.02	0.6	0.6	0	0	0.02
273800	0.02	0.6	0.6	0	0	0.02
273900	0.03	0.6	0.6	0	0	0.03
274000	0.03	0.6	0.6	0	0	0.03
274100	0.04	0.6	0.6	0	0	0.04
274200	0.05	0.6	0.6	0	0	0.05
274300	0.04	0.6	0.6	0	0	0.04
274400	0.04	0.6	0.6	0	0	0.04
274500	0.04	0.6	0.6	0	0	0.04
274600	0.02	0.6	0.6	0	0	0.02
274700	0.03	0.6	0.6	0	0	0.03
274800	0.01	0.6	0.6	0	0	0.01
274900	0.01	0.6	0.6	0	0	0.01
275000	0	0.6	0.6	0	0	0
275100	0.01	0.6	0.6	0	0	0.01
275200	0.03	0.6	0.6	0	0	0.03
275300	0.03	0.6	0.6	0	0	0.03
275400	0.02	0.6	0.6	0	0	0.02
275500	0.02	0.6	0.6	0	0	0.02
275600	0.05	0.6	0.6	0	0	0.05
275700	0.05	0.6	0.6	0	0	0.05
275800	0.03	0.61	0.61	0	0	0.03
275900	0.02	0.61	0.61	0	0	0.02
276000	0.04	0.6	0.6	0	0	0.04
276100	0.03	0.6	0.6	0	0	0.03
276200	0.04	0.6	0.6	0	0	0.04
276300	0.04	0.6	0.6	0	0	0.04
276400	0.04	0.6	0.6	0	0	0.04
276500	0.03	0.6	0.6	0	0	0.03
276600	0.03	0.6	0.6	0	0	0.03
276700	0.03	0.6	0.6	0	0	0.03
276800	0.02	0.6	0.6	0	0	0.02
276900	0.03	0.6	0.6	0	0	0.03
277000	0.03	0.6	0.6	0	0	0.03
277100	0.03	0.6	0.6	0	0	0.03
277200	0.04	0.6	0.6	0	0	0.04
277300	0.06	0.6	0.6	0	0	0.06
277400	0.05	0.6	0.6	0	0	0.05
277500	0.05	0.6	0.6	0	0	0.05
277600	0.04	0.6	0.6	0	0	0.04
277700	0.02	0.6	0.6	0	0	0.02
277800	0.02	0.6	0.6	0	0	0.02
277900	0.02	0.6	0.6	0	0	0.02
278000	0.01	0.6	0.6	0	0	0.01
278100	0.01	0.6	0.6	0	0	0.01
278200	0.01	0.6	0.6	0	0	0.01
278300	0.01	0.6	0.6	0	0	0.01
278400	0.02	0.6	0.6	0	0	0.02
278500	0.03	0.6	0.6	0	0	0.03
278600	0.02	0.6	0.6	0	0	0.02
278700	0.02	0.6	0.6	0	0	0.02
278800	0.03	0.6	0.6	0	0	0.03
278900	0.03	0.6	0.6	0	0	0.03
279000	0.02	0.6	0.6	0	0	0.02
279100	0.04	0.6	0.6	0	0	0.04
279200	0.03	0.6	0.6	0	0	0.03
279300	0	0.6	0.6	0	0	0
279400	0	0.6	0.6	0	0	0
279500	0	0.6	0.6	0	0	0
279600	0	0.6	0.6	0	0	0
279700	0	0.6	0.6	0	0	0
279800	0.01	0.6	0.6	0	0	0.01
279900	0.01	0.6	0.6	0	0	0.01
280000	0.02	0.6	0.6	0	0	0.02
280100	0.02	0.6	0.6	0	0	0.02
280200	0.02	0.6	0.6	0	0	0.02
280300	0	0.6	0.6	0	0	0
280400	0.01	0.6	0.6	0	0	0.01
280500	0.02	0.6	0.6	0	0	0.02
280600	0.02	0.6	0.6	0	0	0.02
280700	0.01	0.6	0.6	0	0	0.01
280800	0.01	0.6	0.6	0	0	0.01
280900	0	0.6	0.6	0	0	0
281000	0	0.6	0.6	0	0	0
281100	0	0.6	0.6	0	0	0
281200	0.01	0.6	0.6	0	0	0.01
281300	0.01	0.6	0.6	0	0	0.01
281400	0.02	0.6	0.6	0	0	0.02
281500	0.01	0.6	0.6	0	0	0.01
281600	0	0.6	0.6	0	0	0
281700	0.01	0.6	0.6	0	0	0.01
281800	0.01	0.6	0.6	0	0	0.01
281900	0.02	0.6	0.6	0	0	0.02
282000	0.03	0.6	0.6	0	0	0.03
282100	0.04	0.6	0.6	0	0	0.04
282200	0.04	0.6	0.6	0	0	0.04
282300	0.04	0.6	0.6	0	0	0.04
282400	0.01	0.6	0.6	0	0	0.01
282500	0.01	0.6	0.6	0	0	0.01
282600	0.01	0.6	0.6	0	0	0.01
282700	0.01	0.6	0.6	0	0	0.01
282800	0.03	0.6	0.6	0	0	0.03
282900	0.03	0.6	0.6	0	0	0.03
283000	0.04	0.6	0.6	0	0	0.04
283100	0.04	0.6	0.6	0	0	0.04
283200	0.04	0.6	0.6	0	0	0.04
283300	0.05	0.6	0.6	0	0	0.05
283400	0.03	0.6	0.6	0	0	0.03
283500	0.02	0.6	0.6	0	0	0.02
283600	0.01	0.6	0.6	0	0	0.01
283700	0	0.6	0.6	0	0	0
283800	0.01	0.6	0.6	0	0	0.01
283900	0.01	0.6	0.6	0	0	0.01
284000	0.01	0.6	0.6	0	0	0.01
284100	0	0.6	0.6	0	0	0
284200	0	0.6	0.6	0	0	0
284300	0.01	0.6	0.6	0	0	0.01
284400	0.01	0.6	0.6	0	0	0.01
284500	0.01	0.6	0.6	0	0	0.01
284600	0.01	0.6	0.6	0	0	0.01
284700	0.04	0.6	0.6	0	0	0.04
284800	0.04	0.6	0.6	0	0	0.04
284900	0.05	0.6	0.6	0	0	0.05
285000	0.04	0.6	0.6	0	0	0.04
285100	0.05	0.6	0.6	0	0	0.05
285200	0.07	0.6	0.6	0	0	0.07
285300	0.04	0.6	0.6	0	0	0.04
285400	0.02	0.6	0.6	0	0	0.02
285500	0.02	0.6	0.6	0	0	0.02
285600	0.02	0.6	0.6	0	0	0.02
285700	0.01	0.6	0.6	0	0	0.01
285800	0	0.6	0.6	0	0	0
285900	0	0.6	0.6	0	0	0
286000	0	0.6	0.6	0	0	0
286100	0	0.6	0.6	0	0	0
286200	0	0.6	0.6	0	0	0
286300	0.03	0.6	0.6	0	0	0.03
286400	0.03	0.6	0.6	0	0	0.03
286500	0.02	0.6	0.6	0	0	0.02
286600	0.02	0.6	0.6	0	0	0.02
286700	0.01	0.6	0.6	0	0	0.01
286800	0.02	0.6	0.6	0	0	0.02
286900	0.02	0.6	0.6	0	0	0.02
287000	0.04	0.6	0.6	0	0	0.04
287100	0.04	0.6	0.6	0	0	0.04
287200	0.04	0.6	0.6	0	0	0.04
287300	0.03	0.6	0.6	0	0	0.03
287400	0.02	0.6	0.6	0	0	0.02
287500	0.01	0.6	0.6	0	0	0.01
287600	0.03	0.6	0.6	0	0	0.03
287700	0.03	0.6	0.6	0	0	0.03
287800	0.03	0.6	0.6	0	0	0.03
287900	0.03	0.6	0.6	0	0	0.03
288000	0.01	0.6	0.6	0	0	0.01
288100	0.01	0.6	0.6	0	0	0.01
288200	0	0.6	0.6	0	0	0
288300	0.01	0.6	0.6	0	0	0.01
288400	0.01	0.6	0.6	0	0	0.01
288500	0.01	0.6	0.6	0	0	0.01
288600	0.01	0.6	0.6	0	0	0.01
288700	0	0.6	0.6	0	0	0
288800	0.01	0.6	0.6	0	0	0.01
288900	0.01	0.6	0.6	0	0	0.01
289000	0.02	0.6	0.6	0	0	0.02
289100	0.02	0.6	0.6	0	0	0.02
289200	0.02	0.6	0.6	0	0	0.02
289300	0.02	0.6	0.6	0	0	0.02
289400	0.02	0.6	0.6	0	0	0.02
289500	0.01	0.6	0.6	0	0	0.01
289600	0.01	0.6	0.6	0	0	0.01
289700	0.03	0.6	0.6	0	0	0.03
289800	0.03	0.6	0.6	0	0	0.03
289900	0.05	0.6	0.6	0	0	0.05
290000	0.04	0.6	0.6	0	0	0.04
290100	0.03	0.6	0.6	0	0	0.03
290200	0.02	0.6	0.6	0	0	0.02
290300	0.02	0.6	0.6	0	0	0.02
290400	0.01	0.6	0.6	0	0	0.01
290500	0	0.6	0.6	0	0	0
290600	0.01	0.6	0.6	0	0	0.01
290700	0.01	0.6	0.6	0	0	0.01
290800	0.01	0.6	0.6	0	0	0.01
290900	0.01	0.6	0.6	0	0	0.01
291000	0.01	0.6	0.6	0	0	0.01
291100	0.01	0.6	0.6	0	0	0.01
291200	0.02	0.6	0.6	0	0	0.02
291300	0.02	0.6	0.6	0	0	0.02
291400	0.02	0.6	0.6	0	0	0.02
291500	0.05	0.6	0.6	0	0	0.05
291600	0.04	0.6	0.6	0	0	0.04
291700	0.05	0.6	0.6	0	0	0.05
291800	0.05	0.6	0.6	0	0	0.05
291900	0.02	0.6	0.6	0	0	0.02
292000	0.01	0.6	0.6	0	0	0.01
292100	0.02	0.6	0.6	0	0	0.02
292200	0.02	0.6	0.6	0	0	0.02
292300	0.02	0.6	0.6	0	0	0.02
292400	0.02	0.6	0.6	0	0	0.02
292500	0.04	0.6	0.6	0	0	0.04
292600	0.04	0.6	0.6	0	0	0.04
292700	0.01	0.6	0.6	0	0	0.01
292800	0.01	0.6	0.6	0	0	0.01
292900	0.01	0.6	0.6	0	0	0.01
293000	0.02	0.6	0.6	0	0	0.02
293100	0.02	0.6	0.6	0	0	0.02
293200	0.01	0.6	0.6	0	0	0.01
293300	0.03	0.6	0.6	0	0	0.03
293400	0.03	0.6	0.6	0	0	0.03
293500	0.04	0.6	0.6	0	0	0.04
293600	0.03	0.6	0.6	0	0	0.03
293700	0.01	0.6	0.6	0	0	0.01
293800	0.03	0.6	0.6	0	0	0.03
293900	0.02	0.6	0.6	0	0	0.02
294000	0.02	0.6	0.6	0	0	0.02
294100	0.02	0.6	0.6	0	0	0.02
294200	0.01	0.6	0.6	0	0	0.01
294300	0	0.6	0.6	0	0	0
294400	0	0.6	0.6	0	0	0
294500	0	0.6	0.6	0	0	0
294600	0	0.6	0.6	0	0	0
294700	0.03	0.6	0.6	0	0	0.03
294800	0.05	0.6	0.6	0	0	0.05
294900	0.06	0.6	0.6	0	0	0.06
295000	0.05	0.6	0.6	0	0	0.05
295100	0.05	0.6	0.6	0	0	0.05
295200	0.03	0.6	0.6	0	0	0.03
295300	0	0.6	0.6	0	0	0
295400	0	0.6	0.6	0	0	0
295500	0.02	0.6	0.6	0	0	0.02
295600	0.02	0.6	0.6	0	0	0.02
295700	0.04	0.6	0.6	0	0	0.04
295800	0.03	0.6	0.6	0	0	0.03
295900	0.04	0.6	0.6	0	0	0.04
296000	0.03	0.6	0.6	0	0	0.03
296100	0.02	0.6	0.6	0	0	0.02
296200	0.03	0.6	0.6	0	0	0.03
296300	0.02	0.6	0.6	0	0	0.02
296400	0.01	0.6	0.6	0	0	0.01
296500	0	0.6	0.6	0	0	0
296600	0	0.6	0.6	0	0	0
296700	0	0.6	0.6	0	0	0
296800	0	0.6	0.6	0	0	0
296900	0.02	0.6	0.6	0	0	0.02
297000	0.02	0.6	0.6	0	0	0.02
297100	0.02	0.6	0.6	0	0	0.02
297200	0.04	0.6	0.6	0	0	0.04
297300	0.03	0.6	0.6	0	0	0.03
297400	0.03	0.6	0.6	0	0	0.03
297500	0.01	0.6	0.6	0	0	0.01
297600	0	0.6	0.6	0	0	0
297700	0	0.6	0.6	0	0	0
297800	0	0.6	0.6	0	0	0
297900	0.01	0.6	0.6	0	0	0.01
298000	0.02	0.6	0.6	0	0	0.02
298100	0.02	0.6	0.6	0	0	0.02
298200	0.02	0.6	0.6	0	0	0.02
298300	0.02	0.6	0.6	0	0	0.02
298400	0.02	0.6	0.6	0	0	0.02
298500	0.02	0.6	0.6	0	0	0.02
298600	0.03	0.6	0.6	0	0	0.03
298700	0.04	0.6	0.6	0	0	0.04
298800	0.05	0.6	0.6	0	0	0.05
298900	0.04	0.6	0.6	0	0	0.04
299000	0.04	0.6	0.6	0	0	0.04
299100	0.05	0.6	0.6	0	0	0.05
299200	0.03	0.6	0.6	0	0	0.03
299300	0.05	0.6	0.6	0	0	0.05
299400	0.03	0.6	0.6	0	0	0.03
299500	0.02	0.6	0.6	0	0	0.02
299600	0.02	0.6	0.6	0	0	0.02
299700	0	0.6	0.6	0	0	0
299800	0.01	0.6	0.6	0	0	0.01
299900	0.02	0.6	0.6	0	0	0.02
300000	0.02	0.6	0.6	0	0	0.02
