100	0.04	0.08	0.08	0	0	0.04
200	0.04	0.11	0.11	0	0	0.04
300	0.05	0.12	0.12	0	0	0.05
400	0.06	0.12	0.12	0	0	0.06
500	0.05	0.13	0.13	0	0	0.05
600	0.04	0.11	0.11	0	0	0.04
700	0.03	0.1	0.1	0	0	0.03
800	0.04	0.12	0.12	0	0	0.04
900	0.06	0.12	0.12	0	0	0.06
1000	0.06	0.11	0.11	0	0	0.06
1100	0.05	0.11	0.11	0	0	0.05
1200	0.05	0.1	0.1	0	0	0.05
1300	0.06	0.12	0.12	0	0	0.06
1400	0.07	0.11	0.11	0	0	0.07
1500	0.09	0.11	0.11	0	0	0.09
1600	0.09	0.1	0.1	0	0	0.09
1700	0.1	0.11	0.11	0	0	0.1
1800	0.11	0.12	0.12	0	0	0.11
1900	0.12	0.1	0.1	0	0	0.12
2000	0.13	0.09	0.09	0	0	0.13
2100	0.14	0.09	0.09	0	0	0.14
2200	0.15	0.07	0.07	0	0	0.15
2300	0.14	0.08	0.08	0	0	0.14
2400	0.13	0.08	0.08	0	0	0.13
2500	0.13	0.08	0.08	0	0	0.13
2600	0.12	0.07	0.07	0	0	0.12
2700	0.12	0.09	0.09	0	0	0.12
2800	0.11	0.08	0.08	0	0	0.11
2900	0.13	0.1	0.1	0	0	0.13
3000	0.12	0.1	0.1	0	0	0.12
3100	0.12	0.1	0.1	0	0	0.12
3200	0.12	0.08	0.08	0	0	0.12
3300	0.11	0.06	0.06	0	0	0.11
3400	0.11	0.06	0.06	0	0	0.11
3500	0.12	0.06	0.06	0	0	0.12
3600	0.11	0.06	0.06	0	0	0.11
3700	0.13	0.07	0.07	0	0	0.13
3800	0.13	0.08	0.08	0	0	0.13
3900	0.14	0.08	0.08	0	0	0.14
4000	0.13	0.09	0.09	0	0	0.13
4100	0.15	0.08	0.08	0	0	0.15
4200	0.16	0.08	0.08	0	0	0.16
4300	0.15	0.08	0.08	0	0	0.15
4400	0.16	0.08	0.08	0	0	0.16
4500	0.16	0.08	0.08	0	0	0.16
4600	0.19	0.08	0.08	0	0	0.19
4700	0.19	0.07	0.07	0	0	0.19
4800	0.18	0.07	0.07	0	0	0.18
4900	0.17	0.08	0.08	0	0	0.17
5000	0.19	0.09	0.09	0	0	0.19
5100	0.21	0.08	0.08	0	0	0.21
5200	0.22	0.07	0.07	0	0	0.22
5300	0.22	0.05	0.05	0	0	0.22
5400	0.22	0.03	0.03	0	0	0.22
5500	0.22	0.04	0.04	0	0	0.22
5600	0.22	0.04	0.04	0	0	0.22
5700	0.22	0.04	0.04	0	0	0.22
5800	0.22	0.04	0.04	0	0	0.22
5900	0.24	0.03	0.03	0	0	0.24
6000	0.24	0.04	0.04	0	0	0.24
6100	0.23	0.05	0.05	0	0	0.23
6200	0.23	0.04	0.04	0	0	0.23
6300	0.24	0.04	0.04	0	0	0.24
6400	0.25	0.04	0.04	0	0	0.25
6500	0.25	0.05	0.05	0	0	0.25
6600	0.25	0.05	0.05	0	0	0.25
6700	0.26	0.02	0.02	0	0	0.26
6800	0.26	0.02	0.02	0	0	0.26
6900	0.27	0.02	0.02	0	0	0.27
7000	0.28	0.01	0.01	0	0	0.28
7100	0.29	0	0	0	0	0.29
7200	0.31	0	0	0	0	0.31
7300	0.31	0	0	0	0	0.31
7400	0.31	0.01	0.01	0	0	0.31
7500	0.31	0.02	0.02	0	0	0.31
7600	0.3	0.02	0.02	0	0	0.3
7700	0.3	0.04	0.04	0	0	0.3
7800	0.3	0.05	0.05	0	0	0.3
7900	0.32	0.05	0.05	0	0	0.32
8000	0.32	0.06	0.06	0	0	0.32
8100	0.32	0.04	0.04	0	0	0.32
8200	0.32	0.03	0.03	0	0	0.32
8300	0.32	0.02	0.02	0	0	0.32
8400	0.33	0.03	0.03	0	0	0.33
8500	0.35	0.03	0.03	0	0	0.35
8600	0.36	0.04	0.04	0	0	0.36
8700	0.36	0.03	0.03	0	0	0.36
8800	0.37	0.01	0.01	0	0	0.37
8900	0.37	0.01	0.01	0	0	0.37
9000	0.38	0	0	0	0	0.38
9100	0.38	0.01	0.01	0	0	0.38
9200	0.39	0.01	0.01	0	0	0.39
9300	0.39	0.01	0.01	0	0	0.39
9400	0.38	0.03	0.03	0	0	0.38
9500	0.38	0.02	0.02	0	0	0.38
9600	0.38	0.03	0.03	0	0	0.38
9700	0.38	0.04	0.04	0	0	0.38
9800	0.4	0.06	0.06	0	0	0.4
9900	0.39	0.05	0.05	0	0	0.39
10000	0.41	0.05	0.05	0	0	0.41
10100	0.4	0.03	0.03	0	0	0.4
10200	0.39	0.03	0.03	0	0	0.39
10300	0.39	0.02	0.02	0	0	0.39
10400	0.39	0.01	0.01	0	0	0.39
10500	0.38	0	0	0	0	0.38
10600	0.38	0.01	0.01	0	0	0.38
10700	0.38	0.01	0.01	0	0	0.38
10800	0.4	0.01	0.01	0	0	0.4
10900	0.41	0.02	0.02	0	0	0.41
11000	0.42	0.02	0.02	0	0	0.42
11100	0.44	0.03	0.03	0	0	0.44
11200	0.44	0.03	0.03	0	0	0.44
11300	0.44	0.03	0.03	0	0	0.44
11400	0.43	0.02	0.02	0	0	0.43
11500	0.44	0.02	0.02	0	0	0.44
11600	0.44	0	0	0	0	0.44
11700	0.44	0.01	0.01	0	0	0.44
11800	0.46	0.02	0.02	0	0	0.46
11900	0.46	0.02	0.02	0	0	0.46
12000	0.46	0.03	0.03	0	0	0.46
12100	0.47	0.04	0.04	0	0	0.47
12200	0.48	0.06	0.06	0	0	0.48
12300	0.49	0.05	0.05	0	0	0.49
12400	0.49	0.05	0.05	0	0	0.49
12500	0.49	0.02	0.02	0	0	0.49
12600	0.49	0.01	0.01	0	0	0.49
12700	0.49	0.01	0.01	0	0	0.49
12800	0.49	0.01	0.01	0	0	0.49
12900	0.49	0.01	0.01	0	0	0.49
13000	0.5	0.01	0.01	0	0	0.5
13100	0.5	0.02	0.02	0	0	0.5
13200	0.5	0.01	0.01	0	0	0.5
13300	0.49	0.03	0.03	0	0	0.49
13400	0.5	0.05	0.05	0	0	0.5
13500	0.51	0.05	0.05	0	0	0.51
13600	0.51	0.03	0.03	0	0	0.51
13700	0.52	0.03	0.03	0	0	0.52
13800	0.52	0.01	0.01	0	0	0.52
13900	0.52	0.01	0.01	0	0	0.52
14000	0.52	0.01	0.01	0	0	0.52
14100	0.53	0.03	0.03	0	0	0.53
14200	0.53	0.04	0.04	0	0	0.53
14300	0.53	0.04	0.04	0	0	0.53
14400	0.53	0.04	0.04	0	0	0.53
14500	0.53	0.03	0.03	0	0	0.53
14600	0.53	0.03	0.03	0	0	0.53
14700	0.53	0.03	0.03	0	0	0.53
14800	0.53	0.01	0.01	0	0	0.53
14900	0.56	0.01	0.01	0	0	0.56
15000	0.56	0.01	0.01	0	0	0.56
15100	0.56	0.02	0.02	0	0	0.56
15200	0.57	0.02	0.02	0	0	0.57
15300	0.57	0.02	0.02	0	0	0.57
15400	0.56	0.01	0.01	0	0	0.56
15500	0.57	0.01	0.01	0	0	0.57
15600	0.57	0.01	0.01	0	0	0.57
15700	0.58	0.02	0.02	0	0	0.58
15800	0.58	0.01	0.01	0	0	0.58
15900	0.58	0	0	0	0	0.58
16000	0.58	0	0	0	0	0.58
16100	0.6	0	0	0	0	0.6
16200	0.61	0	0	0	0	0.61
16300	0.61	0	0	0	0	0.61
16400	0.61	0	0	0	0	0.61
16500	0.62	0	0	0	0	0.62
16600	0.62	0	0	0	0	0.62
16700	0.62	0	0	0	0	0.62
16800	0.62	0	0	0	0	0.62
16900	0.62	0	0	0	0	0.62
17000	0.62	0	0	0	0	0.62
17100	0.62	0	0	0	0	0.62
17200	0.63	0	0	0	0	0.63
17300	0.64	0	0	0	0	0.64
17400	0.64	0.01	0.01	0	0	0.64
17500	0.65	0.01	0.01	0	0	0.65
17600	0.66	0.01	0.01	0	0	0.66
17700	0.66	0.01	0.01	0	0	0.66
17800	0.67	0.01	0.01	0	0	0.67
17900	0.67	0	0	0	0	0.67
18000	0.67	0	0	0	0	0.67
18100	0.67	0.01	0.01	0	0	0.67
18200	0.68	0.01	0.01	0	0	0.68
18300	0.69	0.02	0.02	0	0	0.69
18400	0.69	0.02	0.02	0	0	0.69
18500	0.69	0.02	0.02	0	0	0.69
18600	0.69	0.01	0.01	0	0	0.69
18700	0.7	0.01	0.01	0	0	0.7
18800	0.7	0.02	0.02	0	0	0.7
18900	0.7	0.02	0.02	0	0	0.7
19000	0.7	0	0	0	0	0.7
19100	0.7	0	0	0	0	0.7
19200	0.7	0.01	0.01	0	0	0.7
19300	0.7	0.01	0.01	0	0	0.7
19400	0.7	0.01	0.01	0	0	0.7
19500	0.7	0.01	0.01	0	0	0.7
19600	0.7	0	0	0	0	0.7
19700	0.7	0	0	0	0	0.7
19800	0.7	0	0	0	0	0.7
19900	0.7	0.01	0.01	0	0	0.7
20000	0.7	0.02	0.02	0	0	0.7
20100	0.7	0.02	0.02	0	0	0.7
20200	0.7	0.02	0.02	0	0	0.7
20300	0.7	0.02	0.02	0	0	0.7
20400	0.7	0.02	0.02	0	0	0.7
20500	0.7	0	0	0	0	0.7
20600	0.7	0	0	0	0	0.7
20700	0.7	0	0	0	0	0.7
20800	0.7	0	0	0	0	0.7
20900	0.7	0	0	0	0	0.7
21000	0.7	0.01	0.01	0	0	0.7
21100	0.71	0.02	0.02	0	0	0.71
21200	0.71	0.02	0.02	0	0	0.71
21300	0.71	0.02	0.02	0	0	0.71
21400	0.71	0.02	0.02	0	0	0.71
21500	0.71	0.02	0.02	0	0	0.71
21600	0.71	0.01	0.01	0	0	0.71
21700	0.71	0.01	0.01	0	0	0.71
21800	0.71	0.01	0.01	0	0	0.71
21900	0.71	0.02	0.02	0	0	0.71
22000	0.71	0.02	0.02	0	0	0.71
22100	0.71	0.02	0.02	0	0	0.71
22200	0.71	0.01	0.01	0	0	0.71
22300	0.71	0.01	0.01	0	0	0.71
22400	0.71	0.01	0.01	0	0	0.71
22500	0.71	0.01	0.01	0	0	0.71
22600	0.71	0.02	0.02	0	0	0.71
22700	0.71	0.02	0.02	0	0	0.71
22800	0.71	0.02	0.02	0	0	0.71
22900	0.71	0.02	0.02	0	0	0.71
23000	0.71	0.02	0.02	0	0	0.71
23100	0.71	0.03	0.03	0	0	0.71
23200	0.71	0.02	0.02	0	0	0.71
23300	0.71	0.02	0.02	0	0	0.71
23400	0.71	0.02	0.02	0	0	0.71
23500	0.71	0.01	0.01	0	0	0.71
23600	0.71	0.02	0.02	0	0	0.71
23700	0.71	0.02	0.02	0	0	0.71
23800	0.71	0.02	0.02	0	0	0.71
23900	0.72	0.02	0.02	0	0	0.72
24000	0.72	0.02	0.02	0	0	0.72
24100	0.71	0.03	0.03	0	0	0.71
24200	0.72	0.02	0.02	0	0	0.72
24300	0.72	0	0	0	0	0.72
24400	0.72	0	0	0	0	0.72
24500	0.72	0	0	0	0	0.72
24600	0.72	0.01	0.01	0	0	0.72
24700	0.73	0.02	0.02	0	0	0.73
24800	0.72	0.02	0.02	0	0	0.72
24900	0.72	0.03	0.03	0	0	0.72
25000	0.72	0.02	0.02	0	0	0.72
25100	0.72	0.02	0.02	0	0	0.72
25200	0.72	0.01	0.01	0	0	0.72
25300	0.72	0.01	0.01	0	0	0.72
25400	0.73	0.01	0.01	0	0	0.73
25500	0.72	0	0	0	0	0.72
25600	0.72	0.01	0.01	0	0	0.72
25700	0.72	0.01	0.01	0	0	0.72
25800	0.72	0.02	0.02	0	0	0.72
25900	0.72	0.03	0.03	0	0	0.72
26000	0.72	0.03	0.03	0	0	0.72
26100	0.72	0.02	0.02	0	0	0.72
26200	0.72	0	0	0	0	0.72
26300	0.72	0.02	0.02	0	0	0.72
26400	0.72	0.02	0.02	0	0	0.72
26500	0.72	0.02	0.02	0	0	0.72
26600	0.73	0.01	0.01	0	0	0.73
26700	0.73	0.01	0.01	0	0	0.73
26800	0.74	0.01	0.01	0	0	0.74
26900	0.74	0.03	0.03	0	0	0.74
27000	0.74	0.03	0.03	0	0	0.74
27100	0.74	0.03	0.03	0	0	0.74
27200	0.75	0.01	0.01	0	0	0.75
27300	0.75	0.01	0.01	0	0	0.75
27400	0.75	0.01	0.01	0	0	0.75
27500	0.75	0.02	0.02	0	0	0.75
27600	0.75	0.01	0.01	0	0	0.75
27700	0.75	0.01	0.01	0	0	0.75
27800	0.75	0.01	0.01	0	0	0.75
27900	0.75	0.01	0.01	0	0	0.75
28000	0.75	0.01	0.01	0	0	0.75
28100	0.75	0.01	0.01	0	0	0.75
28200	0.75	0.01	0.01	0	0	0.75
28300	0.75	0.02	0.02	0	0	0.75
28400	0.74	0.03	0.03	0	0	0.74
28500	0.74	0.04	0.04	0	0	0.74
28600	0.74	0.03	0.03	0	0	0.74
28700	0.74	0.03	0.03	0	0	0.74
28800	0.74	0.02	0.02	0	0	0.74
28900	0.74	0.01	0.01	0	0	0.74
29000	0.74	0	0	0	0	0.74
29100	0.74	0.01	0.01	0	0	0.74
29200	0.74	0.03	0.03	0	0	0.74
29300	0.74	0.04	0.04	0	0	0.74
29400	0.74	0.01	0.01	0	0	0.74
29500	0.74	0.01	0.01	0	0	0.74
29600	0.74	0	0	0	0	0.74
29700	0.74	0	0	0	0	0.74
29800	0.74	0	0	0	0	0.74
29900	0.74	0	0	0	0	0.74
30000	0.74	0	0	0	0	0.74
30100	0.74	0.01	0.01	0	0	0.74
30200	0.74	0.02	0.02	0	0	0.74
30300	0.74	0.04	0.04	0	0	0.74
30400	0.74	0.04	0.04	0	0	0.74
30500	0.74	0.03	0.03	0	0	0.74
30600	0.74	0.02	0.02	0	0	0.74
30700	0.74	0.02	0.02	0	0	0.74
30800	0.74	0.02	0.02	0	0	0.74
30900	0.74	0.01	0.01	0	0	0.74
31000	0.74	0.01	0.01	0	0	0.74
31100	0.74	0	0	0	0	0.74
31200	0.74	0	0	0	0	0.74
31300	0.74	0	0	0	0	0.74
31400	0.75	0	0	0	0	0.75
31500	0.75	0	0	0	0	0.75
31600	0.75	0.01	0.01	0	0	0.75
31700	0.75	0.01	0.01	0	0	0.75
31800	0.75	0.02	0.02	0	0	0.75
31900	0.75	0.02	0.02	0	0	0.75
32000	0.75	0.03	0.03	0	0	0.75
32100	0.75	0.03	0.03	0	0	0.75
32200	0.75	0.03	0.03	0	0	0.75
32300	0.75	0.05	0.05	0	0	0.75
32400	0.75	0.04	0.04	0	0	0.75
32500	0.75	0.02	0.02	0	0	0.75
32600	0.75	0.02	0.02	0	0	0.75
32700	0.75	0.02	0.02	0	0	0.75
32800	0.76	0.01	0.01	0	0	0.76
32900	0.76	0.01	0.01	0	0	0.76
33000	0.76	0	0	0	0	0.76
33100	0.76	0.01	0.01	0	0	0.76
33200	0.76	0.02	0.02	0	0	0.76
33300	0.76	0.02	0.02	0	0	0.76
33400	0.76	0.03	0.03	0	0	0.76
33500	0.76	0.04	0.04	0	0	0.76
33600	0.76	0.03	0.03	0	0	0.76
33700	0.76	0.01	0.01	0	0	0.76
33800	0.76	0.01	0.01	0	0	0.76
33900	0.76	0.01	0.01	0	0	0.76
34000	0.76	0.01	0.01	0	0	0.76
34100	0.76	0.01	0.01	0	0	0.76
34200	0.76	0	0	0	0	0.76
34300	0.76	0	0	0	0	0.76
34400	0.76	0	0	0	0	0.76
34500	0.76	0	0	0	0	0.76
34600	0.76	0.01	0.01	0	0	0.76
34700	0.76	0.03	0.03	0	0	0.76
34800	0.76	0.03	0.03	0	0	0.76
34900	0.76	0.03	0.03	0	0	0.76
35000	0.76	0.03	0.03	0	0	0.76
35100	0.76	0.02	0.02	0	0	0.76
35200	0.76	0.03	0.03	0	0	0.76
35300	0.76	0.01	0.01	0	0	0.76
35400	0.76	0.02	0.02	0	0	0.76
35500	0.76	0.02	0.02	0	0	0.76
35600	0.76	0.01	0.01	0	0	0.76
35700	0.76	0.01	0.01	0	0	0.76
35800	0.76	0.01	0.01	0	0	0.76
35900	0.76	0.01	0.01	0	0	0.76
36000	0.77	0	0	0	0	0.77
36100	0.77	0	0	0	0	0.77
36200	0.77	0	0	0	0	0.77
36300	0.77	0	0	0	0	0.77
36400	0.77	0.01	0.01	0	0	0.77
36500	0.77	0.01	0.01	0	0	0.77
36600	0.77	0.01	0.01	0	0	0.77
36700	0.77	0.01	0.01	0	0	0.77
36800	0.77	0.01	0.01	0	0	0.77
36900	0.77	0	0	0	0	0.77
37000	0.77	0	0	0	0	0.77
37100	0.77	0	0	0	0	0.77
37200	0.77	0	0	0	0	0.77
37300	0.77	0	0	0	0	0.77
37400	0.77	0	0	0	0	0.77
37500	0.77	0	0	0	0	0.77
37600	0.77	0.02	0.02	0	0	0.77
37700	0.77	0.02	0.02	0	0	0.77
37800	0.78	0.02	0.02	0	0	0.78
37900	0.78	0.03	0.03	0	0	0.78
38000	0.78	0.03	0.03	0	0	0.78
38100	0.78	0.04	0.04	0	0	0.78
38200	0.78	0.03	0.03	0	0	0.78
38300	0.78	0.02	0.02	0	0	0.78
38400	0.78	0.02	0.02	0	0	0.78
38500	0.78	0.01	0.01	0	0	0.78
38600	0.78	0.01	0.01	0	0	0.78
38700	0.78	0.01	0.01	0	0	0.78
38800	0.78	0.01	0.01	0	0	0.78
38900	0.78	0.01	0.01	0	0	0.78
39000	0.78	0.01	0.01	0	0	0.78
39100	0.78	0	0	0	0	0.78
39200	0.78	0	0	0	0	0.78
39300	0.79	0	0	0	0	0.79
39400	0.79	0	0	0	0	0.79
39500	0.79	0.01	0.01	0	0	0.79
39600	0.79	0.02	0.02	0	0	0.79
39700	0.79	0.02	0.02	0	0	0.79
39800	0.78	0.03	0.03	0	0	0.78
39900	0.78	0.01	0.01	0	0	0.78
40000	0.78	0.02	0.02	0	0	0.78
40100	0.78	0.01	0.01	0	0	0.78
40200	0.78	0.02	0.02	0	0	0.78
40300	0.78	0.03	0.03	0	0	0.78
40400	0.78	0.02	0.02	0	0	0.78
40500	0.78	0.02	0.02	0	0	0.78
40600	0.78	0.02	0.02	0	0	0.78
40700	0.78	0.03	0.03	0	0	0.78
40800	0.78	0.01	0.01	0	0	0.78
40900	0.78	0.01	0.01	0	0	0.78
41000	0.78	0.01	0.01	0	0	0.78
41100	0.78	0.01	0.01	0	0	0.78
41200	0.78	0.01	0.01	0	0	0.78
41300	0.78	0	0	0	0	0.78
41400	0.78	0	0	0	0	0.78
41500	0.78	0.01	0.01	0	0	0.78
41600	0.78	0.01	0.01	0	0	0.78
41700	0.78	0.01	0.01	0	0	0.78
41800	0.78	0.01	0.01	0	0	0.78
41900	0.78	0.01	0.01	0	0	0.78
42000	0.77	0.01	0.01	0	0	0.77
42100	0.77	0	0	0	0	0.77
42200	0.77	0	0	0	0	0.77
42300	0.77	0.01	0.01	0	0	0.77
42400	0.77	0.01	0.01	0	0	0.77
42500	0.77	0.01	0.01	0	0	0.77
42600	0.77	0.01	0.01	0	0	0.77
42700	0.77	0.01	0.01	0	0	0.77
42800	0.77	0	0	0	0	0.77
42900	0.77	0.01	0.01	0	0	0.77
43000	0.77	0.02	0.02	0	0	0.77
43100	0.77	0.02	0.02	0	0	0.77
43200	0.77	0.02	0.02	0	0	0.77
43300	0.78	0.02	0.02	0	0	0.78
43400	0.78	0.02	0.02	0	0	0.78
43500	0.78	0	0	0	0	0.78
43600	0.78	0	0	0	0	0.78
43700	0.78	0	0	0	0	0.78
43800	0.78	0	0	0	0	0.78
43900	0.78	0	0	0	0	0.78
44000	0.78	0.02	0.02	0	0	0.78
44100	0.78	0.02	0.02	0	0	0.78
44200	0.78	0.02	0.02	0	0	0.78
44300	0.78	0.02	0.02	0	0	0.78
44400	0.78	0.01	0.01	0	0	0.78
44500	0.78	0.01	0.01	0	0	0.78
44600	0.78	0	0	0	0	0.78
44700	0.78	0	0	0	0	0.78
44800	0.78	0	0	0	0	0.78
44900	0.78	0	0	0	0	0.78
45000	0.78	0	0	0	0	0.78
45100	0.79	0.01	0.01	0	0	0.79
45200	0.79	0.01	0.01	0	0	0.79
45300	0.79	0.02	0.02	0	0	0.79
45400	0.79	0.02	0.02	0	0	0.79
45500	0.79	0.03	0.03	0	0	0.79
45600	0.79	0.02	0.02	0	0	0.79
45700	0.79	0.01	0.01	0	0	0.79
45800	0.79	0.01	0.01	0	0	0.79
45900	0.79	0.02	0.02	0	0	0.79
46000	0.79	0.02	0.02	0	0	0.79
46100	0.79	0.02	0.02	0	0	0.79
46200	0.79	0.02	0.02	0	0	0.79
46300	0.79	0.01	0.01	0	0	0.79
46400	0.79	0.01	0.01	0	0	0.79
46500	0.79	0.02	0.02	0	0	0.79
46600	0.79	0.03	0.03	0	0	0.79
46700	0.79	0.02	0.02	0	0	0.79
46800	0.79	0.02	0.02	0	0	0.79
46900	0.79	0	0	0	0	0.79
47000	0.79	0	0	0	0	0.79
47100	0.79	0	0	0	0	0.79
47200	0.79	0.01	0.01	0	0	0.79
47300	0.79	0.01	0.01	0	0	0.79
47400	0.79	0.02	0.02	0	0	0.79
47500	0.79	0.02	0.02	0	0	0.79
47600	0.79	0.02	0.02	0	0	0.79
47700	0.79	0.01	0.01	0	0	0.79
47800	0.79	0.01	0.01	0	0	0.79
47900	0.79	0.01	0.01	0	0	0.79
48000	0.79	0.01	0.01	0	0	0.79
48100	0.79	0.01	0.01	0	0	0.79
48200	0.79	0.01	0.01	0	0	0.79
48300	0.79	0.02	0.02	0	0	0.79
48400	0.79	0.02	0.02	0	0	0.79
48500	0.79	0.01	0.01	0	0	0.79
48600	0.79	0.01	0.01	0	0	0.79
48700	0.79	0.01	0.01	0	0	0.79
48800	0.79	0.02	0.02	0	0	0.79
48900	0.79	0.02	0.02	0	0	0.79
49000	0.79	0.02	0.02	0	0	0.79
49100	0.79	0.02	0.02	0	0	0.79
49200	0.79	0.03	0.03	0	0	0.79
49300	0.79	0.02	0.02	0	0	0.79
49400	0.79	0.02	0.02	0	0	0.79
49500	0.79	0.03	0.03	0	0	0.79
49600	0.79	0.03	0.03	0	0	0.79
49700	0.79	0.03	0.03	0	0	0.79
49800	0.79	0.02	0.02	0	0	0.79
49900	0.79	0.02	0.02	0	0	0.79
50000	0.79	0.01	0.01	0	0	0.79
50100	0.79	0.02	0.02	0	0	0.79
50200	0.79	0.02	0.02	0	0	0.79
50300	0.8	0.01	0.01	0	0	0.8
50400	0.79	0.01	0.01	0	0	0.79
50500	0.79	0.02	0.02	0	0	0.79
50600	0.79	0.02	0.02	0	0	0.79
50700	0.79	0.01	0.01	0	0	0.79
50800	0.79	0.02	0.02	0	0	0.79
50900	0.78	0.02	0.02	0	0	0.78
51000	0.78	0.01	0.01	0	0	0.78
51100	0.78	0.01	0.01	0	0	0.78
51200	0.78	0.02	0.02	0	0	0.78
51300	0.78	0.02	0.02	0	0	0.78
51400	0.78	0.01	0.01	0	0	0.78
51500	0.78	0.02	0.02	0	0	0.78
51600	0.78	0.02	0.02	0	0	0.78
51700	0.78	0.01	0.01	0	0	0.78
51800	0.78	0.01	0.01	0	0	0.78
51900	0.78	0.01	0.01	0	0	0.78
52000	0.78	0	0	0	0	0.78
52100	0.78	0	0	0	0	0.78
52200	0.78	0	0	0	0	0.78
52300	0.78	0	0	0	0	0.78
52400	0.78	0.01	0.01	0	0	0.78
52500	0.78	0.01	0.01	0	0	0.78
52600	0.78	0.01	0.01	0	0	0.78
52700	0.78	0.01	0.01	0	0	0.78
52800	0.78	0.02	0.02	0	0	0.78
52900	0.78	0.01	0.01	0	0	0.78
53000	0.78	0.01	0.01	0	0	0.78
53100	0.78	0	0	0	0	0.78
53200	0.78	0	0	0	0	0.78
53300	0.78	0	0	0	0	0.78
53400	0.78	0.01	0.01	0	0	0.78
53500	0.78	0.01	0.01	0	0	0.78
53600	0.78	0.02	0.02	0	0	0.78
53700	0.78	0.01	0.01	0	0	0.78
53800	0.78	0.01	0.01	0	0	0.78
53900	0.78	0.01	0.01	0	0	0.78
54000	0.78	0.03	0.03	0	0	0.78
54100	0.78	0.04	0.04	0	0	0.78
54200	0.78	0.03	0.03	0	0	0.78
54300	0.78	0.02	0.02	0	0	0.78
54400	0.78	0.02	0.02	0	0	0.78
54500	0.78	0.01	0.01	0	0	0.78
54600	0.78	0	0	0	0	0.78
54700	0.78	0	0	0	0	0.78
54800	0.78	0	0	0	0	0.78
54900	0.78	0	0	0	0	0.78
55000	0.78	0	0	0	0	0.78
55100	0.78	0	0	0	0	0.78
55200	0.78	0	0	0	0	0.78
55300	0.78	0	0	0	0	0.78
55400	0.78	0.01	0.01	0	0	0.78
55500	0.78	0	0	0	0	0.78
55600	0.78	0	0	0	0	0.78
55700	0.78	0	0	0	0	0.78
55800	0.78	0	0	0	0	0.78
55900	0.78	0	0	0	0	0.78
56000	0.78	0	0	0	0	0.78
56100	0.78	0	0	0	0	0.78
56200	0.78	0	0	0	0	0.78
56300	0.78	0	0	0	0	0.78
56400	0.78	0	0	0	0	0.78
56500	0.78	0	0	0	0	0.78
56600	0.78	0	0	0	0	0.78
56700	0.78	0.01	0.01	0	0	0.78
56800	0.78	0.01	0.01	0	0	0.78
56900	0.78	0.01	0.01	0	0	0.78
57000	0.78	0.01	0.01	0	0	0.78
57100	0.78	0.01	0.01	0	0	0.78
57200	0.78	0.01	0.01	0	0	0.78
57300	0.78	0.01	0.01	0	0	0.78
57400	0.78	0	0	0	0	0.78
57500	0.78	0	0	0	0	0.78
57600	0.78	0	0	0	0	0.78
57700	0.78	0.01	0.01	0	0	0.78
57800	0.78	0.01	0.01	0	0	0.78
57900	0.78	0.01	0.01	0	0	0.78
58000	0.78	0.01	0.01	0	0	0.78
58100	0.78	0.01	0.01	0	0	0.78
58200	0.78	0.01	0.01	0	0	0.78
58300	0.78	0	0	0	0	0.78
58400	0.78	0	0	0	0	0.78
58500	0.78	0	0	0	0	0.78
58600	0.78	0	0	0	0	0.78
58700	0.78	0	0	0	0	0.78
58800	0.78	0.01	0.01	0	0	0.78
58900	0.78	0.01	0.01	0	0	0.78
59000	0.77	0.01	0.01	0	0	0.77
59100	0.77	0.03	0.03	0	0	0.77
59200	0.77	0.03	0.03	0	0	0.77
59300	0.77	0.02	0.02	0	0	0.77
59400	0.77	0.01	0.01	0	0	0.77
59500	0.77	0	0	0	0	0.77
59600	0.77	0	0	0	0	0.77
59700	0.77	0	0	0	0	0.77
59800	0.77	0	0	0	0	0.77
59900	0.77	0.01	0.01	0	0	0.77
60000	0.77	0.01	0.01	0	0	0.77
60100	0.77	0.01	0.01	0	0	0.77
60200	0.77	0.01	0.01	0	0	0.77
60300	0.78	0	0	0	0	0.78
60400	0.78	0	0	0	0	0.78
60500	0.78	0.01	0.01	0	0	0.78
60600	0.78	0.02	0.02	0	0	0.78
60700	0.78	0.02	0.02	0	0	0.78
60800	0.78	0.02	0.02	0	0	0.78
60900	0.78	0.01	0.01	0	0	0.78
61000	0.78	0	0	0	0	0.78
61100	0.78	0	0	0	0	0.78
61200	0.78	0	0	0	0	0.78
61300	0.78	0	0	0	0	0.78
61400	0.78	0	0	0	0	0.78
61500	0.78	0.01	0.01	0	0	0.78
61600	0.78	0.01	0.01	0	0	0.78
61700	0.78	0.01	0.01	0	0	0.78
61800	0.78	0.01	0.01	0	0	0.78
61900	0.78	0.01	0.01	0	0	0.78
62000	0.78	0.01	0.01	0	0	0.78
62100	0.78	0.01	0.01	0	0	0.78
62200	0.78	0.02	0.02	0	0	0.78
62300	0.78	0.02	0.02	0	0	0.78
62400	0.78	0.02	0.02	0	0	0.78
62500	0.78	0.02	0.02	0	0	0.78
62600	0.78	0	0	0	0	0.78
62700	0.78	0	0	0	0	0.78
62800	0.78	0.01	0.01	0	0	0.78
62900	0.78	0.01	0.01	0	0	0.78
63000	0.78	0.01	0.01	0	0	0.78
63100	0.78	0	0	0	0	0.78
63200	0.78	0	0	0	0	0.78
63300	0.78	0	0	0	0	0.78
63400	0.79	0	0	0	0	0.79
63500	0.79	0	0	0	0	0.79
63600	0.79	0	0	0	0	0.79
63700	0.8	0	0	0	0	0.8
63800	0.8	0.02	0.02	0	0	0.8
63900	0.8	0.02	0.02	0	0	0.8
64000	0.8	0.03	0.03	0	0	0.8
64100	0.8	0.04	0.04	0	0	0.8
64200	0.8	0.04	0.04	0	0	0.8
64300	0.8	0.03	0.03	0	0	0.8
64400	0.8	0.01	0.01	0	0	0.8
64500	0.8	0.01	0.01	0	0	0.8
64600	0.8	0	0	0	0	0.8
64700	0.8	0	0	0	0	0.8
64800	0.8	0	0	0	0	0.8
64900	0.8	0	0	0	0	0.8
65000	0.8	0	0	0	0	0.8
65100	0.8	0	0	0	0	0.8
65200	0.8	0.01	0.01	0	0	0.8
65300	0.8	0.01	0.01	0	0	0.8
65400	0.8	0.02	0.02	0	0	0.8
65500	0.8	0.01	0.01	0	0	0.8
65600	0.8	0.01	0.01	0	0	0.8
65700	0.8	0.01	0.01	0	0	0.8
65800	0.8	0.01	0.01	0	0	0.8
65900	0.8	0.01	0.01	0	0	0.8
66000	0.8	0.01	0.01	0	0	0.8
66100	0.8	0.01	0.01	0	0	0.8
66200	0.8	0.02	0.02	0	0	0.8
66300	0.8	0.02	0.02	0	0	0.8
66400	0.8	0.02	0.02	0	0	0.8
66500	0.8	0.02	0.02	0	0	0.8
66600	0.8	0	0	0	0	0.8
66700	0.8	0	0	0	0	0.8
66800	0.8	0.02	0.02	0	0	0.8
66900	0.8	0.03	0.03	0	0	0.8
67000	0.8	0.01	0.01	0	0	0.8
67100	0.8	0	0	0	0	0.8
67200	0.8	0	0	0	0	0.8
67300	0.8	0	0	0	0	0.8
67400	0.8	0	0	0	0	0.8
67500	0.8	0	0	0	0	0.8
67600	0.8	0.01	0.01	0	0	0.8
67700	0.8	0.01	0.01	0	0	0.8
67800	0.8	0.01	0.01	0	0	0.8
67900	0.8	0.01	0.01	0	0	0.8
68000	0.8	0.01	0.01	0	0	0.8
68100	0.8	0.02	0.02	0	0	0.8
68200	0.8	0.01	0.01	0	0	0.8
68300	0.8	0.01	0.01	0	0	0.8
68400	0.8	0.01	0.01	0	0	0.8
68500	0.8	0	0	0	0	0.8
68600	0.8	0	0	0	0	0.8
68700	0.8	0	0	0	0	0.8
68800	0.8	0	0	0	0	0.8
68900	0.8	0	0	0	0	0.8
69000	0.8	0.01	0.01	0	0	0.8
69100	0.8	0.02	0.02	0	0	0.8
69200	0.8	0.02	0.02	0	0	0.8
69300	0.8	0.03	0.03	0	0	0.8
69400	0.8	0.02	0.02	0	0	0.8
69500	0.8	0.02	0.02	0	0	0.8
69600	0.8	0.02	0.02	0	0	0.8
69700	0.8	0.02	0.02	0	0	0.8
69800	0.8	0.02	0.02	0	0	0.8
69900	0.8	0.02	0.02	0	0	0.8
70000	0.8	0.01	0.01	0	0	0.8
70100	0.8	0	0	0	0	0.8
70200	0.8	0.01	0.01	0	0	0.8
70300	0.8	0.01	0.01	0	0	0.8
70400	0.8	0	0	0	0	0.8
70500	0.8	0	0	0	0	0.8
70600	0.8	0	0	0	0	0.8
70700	0.8	0.01	0.01	0	0	0.8
70800	0.8	0.01	0.01	0	0	0.8
70900	0.8	0.01	0.01	0	0	0.8
71000	0.8	0.02	0.02	0	0	0.8
71100	0.8	0.01	0.01	0	0	0.8
71200	0.8	0.01	0.01	0	0	0.8
71300	0.8	0.02	0.02	0	0	0.8
71400	0.8	0.02	0.02	0	0	0.8
71500	0.8	0.03	0.03	0	0	0.8
71600	0.8	0.02	0.02	0	0	0.8
71700	0.8	0.01	0.01	0	0	0.8
71800	0.8	0.01	0.01	0	0	0.8
71900	0.8	0.01	0.01	0	0	0.8
72000	0.8	0.01	0.01	0	0	0.8
72100	0.8	0.01	0.01	0	0	0.8
72200	0.79	0.01	0.01	0	0	0.79
72300	0.79	0.01	0.01	0	0	0.79
72400	0.79	0	0	0	0	0.79
72500	0.79	0	0	0	0	0.79
72600	0.79	0	0	0	0	0.79
72700	0.79	0.01	0.01	0	0	0.79
72800	0.79	0.01	0.01	0	0	0.79
72900	0.79	0.01	0.01	0	0	0.79
73000	0.79	0.01	0.01	0	0	0.79
73100	0.79	0.01	0.01	0	0	0.79
73200	0.79	0.02	0.02	0	0	0.79
73300	0.79	0.02	0.02	0	0	0.79
73400	0.79	0.03	0.03	0	0	0.79
73500	0.79	0.03	0.03	0	0	0.79
73600	0.79	0	0	0	0	0.79
73700	0.79	0	0	0	0	0.79
73800	0.79	0	0	0	0	0.79
73900	0.79	0	0	0	0	0.79
74000	0.79	0	0	0	0	0.79
74100	0.79	0.01	0.01	0	0	0.79
74200	0.79	0	0	0	0	0.79
74300	0.79	0	0	0	0	0.79
74400	0.79	0.01	0.01	0	0	0.79
74500	0.79	0.01	0.01	0	0	0.79
74600	0.79	0.02	0.02	0	0	0.79
74700	0.79	0.04	0.04	0	0	0.79
74800	0.8	0.04	0.04	0	0	0.8
74900	0.8	0.04	0.04	0	0	0.8
75000	0.8	0.03	0.03	0	0	0.8
75100	0.8	0	0	0	0	0.8
75200	0.8	0	0	0	0	0.8
75300	0.8	0	0	0	0	0.8
75400	0.8	0.01	0.01	0	0	0.8
75500	0.8	0.01	0.01	0	0	0.8
75600	0.8	0.01	0.01	0	0	0.8
75700	0.8	0.01	0.01	0	0	0.8
75800	0.8	0.01	0.01	0	0	0.8
75900	0.8	0.02	0.02	0	0	0.8
76000	0.8	0.02	0.02	0	0	0.8
76100	0.8	0.02	0.02	0	0	0.8
76200	0.8	0.01	0.01	0	0	0.8
76300	0.8	0.01	0.01	0	0	0.8
76400	0.8	0.01	0.01	0	0	0.8
76500	0.8	0.01	0.01	0	0	0.8
76600	0.8	0.01	0.01	0	0	0.8
76700	0.8	0.01	0.01	0	0	0.8
76800	0.8	0	0	0	0	0.8
76900	0.8	0	0	0	0	0.8
77000	0.8	0	0	0	0	0.8
77100	0.8	0	0	0	0	0.8
77200	0.8	0	0	0	0	0.8
77300	0.8	0	0	0	0	0.8
77400	0.8	0	0	0	0	0.8
77500	0.8	0	0	0	0	0.8
77600	0.8	0	0	0	0	0.8
77700	0.8	0.01	0.01	0	0	0.8
77800	0.8	0.01	0.01	0	0	0.8
77900	0.8	0	0	0	0	0.8
78000	0.8	0	0	0	0	0.8
78100	0.8	0	0	0	0	0.8
78200	0.8	0	0	0	0	0.8
78300	0.8	0.01	0.01	0	0	0.8
78400	0.8	0.02	0.02	0	0	0.8
78500	0.8	0.02	0.02	0	0	0.8
78600	0.8	0.01	0.01	0	0	0.8
78700	0.8	0.01	0.01	0	0	0.8
78800	0.8	0.01	0.01	0	0	0.8
78900	0.8	0.01	0.01	0	0	0.8
79000	0.8	0.01	0.01	0	0	0.8
79100	0.8	0.01	0.01	0	0	0.8
79200	0.8	0	0	0	0	0.8
79300	0.8	0.01	0.01	0	0	0.8
79400	0.8	0.02	0.02	0	0	0.8
79500	0.8	0.02	0.02	0	0	0.8
79600	0.8	0.02	0.02	0	0	0.8
79700	0.8	0.01	0.01	0	0	0.8
79800	0.8	0	0	0	0	0.8
79900	0.8	0	0	0	0	0.8
80000	0.8	0	0	0	0	0.8
80100	0.8	0	0	0	0	0.8
80200	0.8	0	0	0	0	0.8
80300	0.8	0	0	0	0	0.8
80400	0.8	0	0	0	0	0.8
80500	0.8	0	0	0	0	0.8
80600	0.8	0	0	0	0	0.8
80700	0.8	0.01	0.01	0	0	0.8
80800	0.8	0.01	0.01	0	0	0.8
80900	0.8	0.02	0.02	0	0	0.8
81000	0.8	0.02	0.02	0	0	0.8
81100	0.8	0.03	0.03	0	0	0.8
81200	0.8	0.03	0.03	0	0	0.8
81300	0.8	0.03	0.03	0	0	0.8
81400	0.8	0.02	0.02	0	0	0.8
81500	0.8	0.01	0.01	0	0	0.8
81600	0.8	0.01	0.01	0	0	0.8
81700	0.8	0	0	0	0	0.8
81800	0.8	0.01	0.01	0	0	0.8
81900	0.8	0.01	0.01	0	0	0.8
82000	0.8	0.01	0.01	0	0	0.8
82100	0.8	0.01	0.01	0	0	0.8
82200	0.8	0.01	0.01	0	0	0.8
82300	0.8	0.01	0.01	0	0	0.8
82400	0.8	0	0	0	0	0.8
82500	0.8	0	0	0	0	0.8
82600	0.8	0	0	0	0	0.8
82700	0.8	0.01	0.01	0	0	0.8
82800	0.8	0	0	0	0	0.8
82900	0.8	0	0	0	0	0.8
83000	0.8	0	0	0	0	0.8
83100	0.8	0	0	0	0	0.8
83200	0.8	0	0	0	0	0.8
83300	0.8	0	0	0	0	0.8
83400	0.8	0.01	0.01	0	0	0.8
83500	0.8	0.02	0.02	0	0	0.8
83600	0.8	0.02	0.02	0	0	0.8
83700	0.8	0.02	0.02	0	0	0.8
83800	0.8	0.02	0.02	0	0	0.8
83900	0.8	0.02	0.02	0	0	0.8
84000	0.8	0.02	0.02	0	0	0.8
84100	0.8	0.02	0.02	0	0	0.8
84200	0.8	0.01	0.01	0	0	0.8
84300	0.8	0.01	0.01	0	0	0.8
84400	0.8	0.01	0.01	0	0	0.8
84500	0.8	0.01	0.01	0	0	0.8
84600	0.8	0.01	0.01	0	0	0.8
84700	0.8	0.01	0.01	0	0	0.8
84800	0.8	0.01	0.01	0	0	0.8
84900	0.8	0	0	0	0	0.8
85000	0.8	0	0	0	0	0.8
85100	0.8	0	0	0	0	0.8
85200	0.8	0.01	0.01	0	0	0.8
85300	0.8	0.02	0.02	0	0	0.8
85400	0.8	0.02	0.02	0	0	0.8
85500	0.8	0.02	0.02	0	0	0.8
85600	0.8	0.03	0.03	0	0	0.8
85700	0.8	0.03	0.03	0	0	0.8
85800	0.8	0.01	0.01	0	0	0.8
85900	0.8	0.01	0.01	0	0	0.8
86000	0.8	0	0	0	0	0.8
86100	0.8	0.01	0.01	0	0	0.8
86200	0.8	0.02	0.02	0	0	0.8
86300	0.8	0.02	0.02	0	0	0.8
86400	0.8	0.02	0.02	0	0	0.8
86500	0.8	0.02	0.02	0	0	0.8
86600	0.8	0.02	0.02	0	0	0.8
86700	0.8	0.01	0.01	0	0	0.8
86800	0.8	0	0	0	0	0.8
86900	0.8	0	0	0	0	0.8
87000	0.8	0	0	0	0	0.8
87100	0.8	0.01	0.01	0	0	0.8
87200	0.8	0	0	0	0	0.8
87300	0.8	0	0	0	0	0.8
87400	0.8	0	0	0	0	0.8
87500	0.8	0	0	0	0	0.8
87600	0.8	0	0	0	0	0.8
87700	0.8	0	0	0	0	0.8
87800	0.8	0	0	0	0	0.8
87900	0.8	0	0	0	0	0.8
88000	0.8	0	0	0	0	0.8
88100	0.8	0	0	0	0	0.8
88200	0.8	0.01	0.01	0	0	0.8
88300	0.8	0.02	0.02	0	0	0.8
88400	0.8	0.02	0.02	0	0	0.8
88500	0.8	0.03	0.03	0	0	0.8
88600	0.8	0.03	0.03	0	0	0.8
88700	0.8	0.02	0.02	0	0	0.8
88800	0.8	0.02	0.02	0	0	0.8
88900	0.8	0.01	0.01	0	0	0.8
89000	0.8	0	0	0	0	0.8
89100	0.8	0	0	0	0	0.8
89200	0.8	0	0	0	0	0.8
89300	0.8	0	0	0	0	0.8
89400	0.8	0	0	0	0	0.8
89500	0.8	0.01	0.01	0	0	0.8
89600	0.8	0.01	0.01	0	0	0.8
89700	0.8	0.01	0.01	0	0	0.8
89800	0.8	0.01	0.01	0	0	0.8
89900	0.8	0.01	0.01	0	0	0.8
90000	0.8	0.02	0.02	0	0	0.8
90100	0.8	0.02	0.02	0	0	0.8
90200	0.8	0.01	0.01	0	0	0.8
90300	0.8	0	0	0	0	0.8
90400	0.8	0.02	0.02	0	0	0.8
90500	0.8	0.03	0.03	0	0	0.8
90600	0.8	0.02	0.02	0	0	0.8
90700	0.8	0.02	0.02	0	0	0.8
90800	0.8	0.02	0.02	0	0	0.8
90900	0.8	0.01	0.01	0	0	0.8
91000	0.8	0.01	0.01	0	0	0.8
91100	0.8	0	0	0	0	0.8
91200	0.8	0	0	0	0	0.8
91300	0.8	0	0	0	0	0.8
91400	0.8	0	0	0	0	0.8
91500	0.8	0	0	0	0	0.8
91600	0.8	0	0	0	0	0.8
91700	0.8	0	0	0	0	0.8
91800	0.8	0	0	0	0	0.8
91900	0.8	0	0	0	0	0.8
92000	0.8	0.01	0.01	0	0	0.8
92100	0.8	0.02	0.02	0	0	0.8
92200	0.8	0.02	0.02	0	0	0.8
92300	0.8	0.03	0.03	0	0	0.8
92400	0.8	0.03	0.03	0	0	0.8
92500	0.8	0.03	0.03	0	0	0.8
92600	0.8	0.01	0.01	0	0	0.8
92700	0.8	0.01	0.01	0	0	0.8
92800	0.8	0.01	0.01	0	0	0.8
92900	0.8	0.01	0.01	0	0	0.8
93000	0.8	0	0	0	0	0.8
93100	0.8	0	0	0	0	0.8
93200	0.8	0	0	0	0	0.8
93300	0.8	0.01	0.01	0	0	0.8
93400	0.8	0.01	0.01	0	0	0.8
93500	0.8	0.01	0.01	0	0	0.8
93600	0.8	0.01	0.01	0	0	0.8
93700	0.8	0.01	0.01	0	0	0.8
93800	0.8	0.02	0.02	0	0	0.8
93900	0.8	0.02	0.02	0	0	0.8
94000	0.8	0.02	0.02	0	0	0.8
94100	0.8	0.02	0.02	0	0	0.8
94200	0.8	0.01	0.01	0	0	0.8
94300	0.8	0.01	0.01	0	0	0.8
94400	0.8	0	0	0	0	0.8
94500	0.8	0	0	0	0	0.8
94600	0.8	0	0	0	0	0.8
94700	0.8	0	0	0	0	0.8
94800	0.8	0	0	0	0	0.8
94900	0.8	0.01	0.01	0	0	0.8
95000	0.8	0.01	0.01	0	0	0.8
95100	0.8	0.01	0.01	0	0	0.8
95200	0.8	0.01	0.01	0	0	0.8
95300	0.8	0.01	0.01	0	0	0.8
95400	0.8	0.02	0.02	0	0	0.8
95500	0.8	0.02	0.02	0	0	0.8
95600	0.8	0.03	0.03	0	0	0.8
95700	0.8	0.02	0.02	0	0	0.8
95800	0.8	0.02	0.02	0	0	0.8
95900	0.8	0.03	0.03	0	0	0.8
96000	0.8	0.03	0.03	0	0	0.8
96100	0.8	0.03	0.03	0	0	0.8
96200	0.8	0.02	0.02	0	0	0.8
96300	0.8	0.01	0.01	0	0	0.8
96400	0.8	0.01	0.01	0	0	0.8
96500	0.8	0.01	0.01	0	0	0.8
96600	0.8	0.01	0.01	0	0	0.8
96700	0.8	0	0	0	0	0.8
96800	0.8	0	0	0	0	0.8
96900	0.8	0	0	0	0	0.8
97000	0.8	0	0	0	0	0.8
97100	0.8	0	0	0	0	0.8
97200	0.8	0	0	0	0	0.8
97300	0.8	0	0	0	0	0.8
97400	0.8	0	0	0	0	0.8
97500	0.8	0	0	0	0	0.8
97600	0.8	0	0	0	0	0.8
97700	0.8	0	0	0	0	0.8
97800	0.8	0.01	0.01	0	0	0.8
97900	0.8	0.01	0.01	0	0	0.8
98000	0.8	0.02	0.02	0	0	0.8
98100	0.8	0.02	0.02	0	0	0.8
98200	0.8	0.02	0.02	0	0	0.8
98300	0.8	0	0	0	0	0.8
98400	0.8	0	0	0	0	0.8
98500	0.8	0.01	0.01	0	0	0.8
98600	0.8	0.02	0.02	0	0	0.8
98700	0.8	0.02	0.02	0	0	0.8
98800	0.8	0.03	0.03	0	0	0.8
98900	0.8	0.03	0.03	0	0	0.8
99000	0.8	0.02	0.02	0	0	0.8
99100	0.8	0.02	0.02	0	0	0.8
99200	0.8	0.02	0.02	0	0	0.8
99300	0.8	0.01	0.01	0	0	0.8
99400	0.8	0.01	0.01	0	0	0.8
99500	0.8	0.02	0.02	0	0	0.8
99600	0.8	0.02	0.02	0	0	0.8
99700	0.8	0.02	0.02	0	0	0.8
99800	0.8	0.01	0.01	0	0	0.8
99900	0.8	0.02	0.02	0	0	0.8
100000	0.8	0.02	0.02	0	0	0.8
100100	0.8	0.02	0.02	0	0	0.8
100200	0.8	0.02	0.02	0	0	0.8
100300	0.8	0.01	0.01	0	0	0.8
100400	0.8	0.02	0.02	0	0	0.8
100500	0.8	0.01	0.01	0	0	0.8
100600	0.8	0.02	0.02	0	0	0.8
100700	0.8	0.02	0.02	0	0	0.8
100800	0.8	0.02	0.02	0	0	0.8
100900	0.81	0.02	0.02	0	0	0.81
101000	0.8	0.01	0.01	0	0	0.8
101100	0.8	0.01	0.01	0	0	0.8
101200	0.8	0.01	0.01	0	0	0.8
101300	0.8	0.01	0.01	0	0	0.8
101400	0.8	0.02	0.02	0	0	0.8
101500	0.8	0.02	0.02	0	0	0.8
101600	0.8	0.02	0.02	0	0	0.8
101700	0.8	0.01	0.01	0	0	0.8
101800	0.8	0	0	0	0	0.8
101900	0.8	0	0	0	0	0.8
102000	0.8	0	0	0	0	0.8
102100	0.8	0	0	0	0	0.8
102200	0.8	0	0	0	0	0.8
102300	0.8	0	0	0	0	0.8
102400	0.8	0.01	0.01	0	0	0.8
102500	0.8	0.01	0.01	0	0	0.8
102600	0.79	0.01	0.01	0	0	0.79
102700	0.79	0.01	0.01	0	0	0.79
102800	0.79	0.01	0.01	0	0	0.79
102900	0.79	0.01	0.01	0	0	0.79
103000	0.79	0.01	0.01	0	0	0.79
103100	0.79	0.01	0.01	0	0	0.79
103200	0.79	0.01	0.01	0	0	0.79
103300	0.79	0.02	0.02	0	0	0.79
103400	0.79	0.01	0.01	0	0	0.79
103500	0.79	0.01	0.01	0	0	0.79
103600	0.79	0.01	0.01	0	0	0.79
103700	0.79	0.02	0.02	0	0	0.79
103800	0.79	0.03	0.03	0	0	0.79
103900	0.79	0.02	0.02	0	0	0.79
104000	0.79	0.02	0.02	0	0	0.79
104100	0.79	0.02	0.02	0	0	0.79
104200	0.79	0.02	0.02	0	0	0.79
104300	0.79	0.01	0.01	0	0	0.79
104400	0.79	0.01	0.01	0	0	0.79
104500	0.79	0	0	0	0	0.79
104600	0.79	0	0	0	0	0.79
104700	0.79	0	0	0	0	0.79
104800	0.79	0	0	0	0	0.79
104900	0.79	0	0	0	0	0.79
105000	0.79	0	0	0	0	0.79
105100	0.79	0	0	0	0	0.79
105200	0.79	0	0	0	0	0.79
105300	0.79	0.01	0.01	0	0	0.79
105400	0.79	0.02	0.02	0	0	0.79
105500	0.79	0.03	0.03	0	0	0.79
105600	0.79	0.03	0.03	0	0	0.79
105700	0.79	0.03	0.03	0	0	0.79
105800	0.79	0.01	0.01	0	0	0.79
105900	0.79	0.01	0.01	0	0	0.79
106000	0.79	0	0	0	0	0.79
106100	0.79	0.01	0.01	0	0	0.79
106200	0.79	0.01	0.01	0	0	0.79
106300	0.79	0.01	0.01	0	0	0.79
106400	0.79	0.01	0.01	0	0	0.79
106500	0.79	0.01	0.01	0	0	0.79
106600	0.79	0	0	0	0	0.79
106700	0.79	0	0	0	0	0.79
106800	0.79	0	0	0	0	0.79
106900	0.79	0	0	0	0	0.79
107000	0.79	0.01	0.01	0	0	0.79
107100	0.79	0.01	0.01	0	0	0.79
107200	0.79	0.02	0.02	0	0	0.79
107300	0.79	0.02	0.02	0	0	0.79
107400	0.79	0.02	0.02	0	0	0.79
107500	0.79	0.02	0.02	0	0	0.79
107600	0.79	0.01	0.01	0	0	0.79
107700	0.79	0	0	0	0	0.79
107800	0.79	0	0	0	0	0.79
107900	0.79	0.01	0.01	0	0	0.79
108000	0.79	0.01	0.01	0	0	0.79
108100	0.79	0.03	0.03	0	0	0.79
108200	0.79	0.03	0.03	0	0	0.79
108300	0.79	0.03	0.03	0	0	0.79
108400	0.79	0.03	0.03	0	0	0.79
108500	0.79	0.01	0.01	0	0	0.79
108600	0.79	0.01	0.01	0	0	0.79
108700	0.79	0.01	0.01	0	0	0.79
108800	0.79	0	0	0	0	0.79
108900	0.79	0	0	0	0	0.79
109000	0.79	0	0	0	0	0.79
109100	0.79	0.01	0.01	0	0	0.79
109200	0.79	0.01	0.01	0	0	0.79
109300	0.79	0.01	0.01	0	0	0.79
109400	0.79	0.01	0.01	0	0	0.79
109500	0.79	0	0	0	0	0.79
109600	0.79	0	0	0	0	0.79
109700	0.79	0.01	0.01	0	0	0.79
109800	0.79	0.01	0.01	0	0	0.79
109900	0.79	0	0	0	0	0.79
110000	0.79	0.01	0.01	0	0	0.79
110100	0.79	0.01	0.01	0	0	0.79
110200	0.79	0.01	0.01	0	0	0.79
110300	0.79	0.02	0.02	0	0	0.79
110400	0.79	0.02	0.02	0	0	0.79
110500	0.79	0.02	0.02	0	0	0.79
110600	0.79	0.01	0.01	0	0	0.79
110700	0.79	0.01	0.01	0	0	0.79
110800	0.79	0.01	0.01	0	0	0.79
110900	0.79	0.01	0.01	0	0	0.79
111000	0.79	0.01	0.01	0	0	0.79
111100	0.79	0.01	0.01	0	0	0.79
111200	0.79	0.01	0.01	0	0	0.79
111300	0.79	0	0	0	0	0.79
111400	0.79	0.01	0.01	0	0	0.79
111500	0.79	0.03	0.03	0	0	0.79
111600	0.79	0.01	0.01	0	0	0.79
111700	0.79	0.01	0.01	0	0	0.79
111800	0.79	0.01	0.01	0	0	0.79
111900	0.79	0	0	0	0	0.79
112000	0.79	0	0	0	0	0.79
112100	0.79	0.01	0.01	0	0	0.79
112200	0.79	0.02	0.02	0	0	0.79
112300	0.79	0.03	0.03	0	0	0.79
112400	0.79	0.03	0.03	0	0	0.79
112500	0.79	0.03	0.03	0	0	0.79
112600	0.79	0.02	0.02	0	0	0.79
112700	0.79	0.01	0.01	0	0	0.79
112800	0.79	0	0	0	0	0.79
112900	0.79	0.01	0.01	0	0	0.79
113000	0.79	0.01	0.01	0	0	0.79
113100	0.79	0.01	0.01	0	0	0.79
113200	0.79	0.01	0.01	0	0	0.79
113300	0.79	0.03	0.03	0	0	0.79
113400	0.79	0.03	0.03	0	0	0.79
113500	0.79	0.01	0.01	0	0	0.79
113600	0.79	0.01	0.01	0	0	0.79
113700	0.79	0.01	0.01	0	0	0.79
113800	0.8	0	0	0	0	0.8
113900	0.8	0	0	0	0	0.8
114000	0.8	0	0	0	0	0.8
114100	0.8	0	0	0	0	0.8
114200	0.8	0	0	0	0	0.8
114300	0.8	0	0	0	0	0.8
114400	0.8	0	0	0	0	0.8
114500	0.8	0	0	0	0	0.8
114600	0.8	0	0	0	0	0.8
114700	0.8	0.01	0.01	0	0	0.8
114800	0.8	0.02	0.02	0	0	0.8
114900	0.8	0.02	0.02	0	0	0.8
115000	0.8	0.03	0.03	0	0	0.8
115100	0.8	0.03	0.03	0	0	0.8
115200	0.8	0.02	0.02	0	0	0.8
115300	0.8	0	0	0	0	0.8
115400	0.8	0	0	0	0	0.8
115500	0.8	0	0	0	0	0.8
115600	0.8	0	0	0	0	0.8
115700	0.8	0	0	0	0	0.8
115800	0.8	0	0	0	0	0.8
115900	0.8	0	0	0	0	0.8
116000	0.8	0	0	0	0	0.8
116100	0.8	0	0	0	0	0.8
116200	0.8	0	0	0	0	0.8
116300	0.8	0	0	0	0	0.8
116400	0.8	0	0	0	0	0.8
116500	0.8	0.01	0.01	0	0	0.8
116600	0.8	0.01	0.01	0	0	0.8
116700	0.8	0	0	0	0	0.8
116800	0.8	0.01	0.01	0	0	0.8
116900	0.8	0.01	0.01	0	0	0.8
117000	0.8	0.02	0.02	0	0	0.8
117100	0.8	0	0	0	0	0.8
117200	0.8	0.01	0.01	0	0	0.8
117300	0.8	0.01	0.01	0	0	0.8
117400	0.8	0.01	0.01	0	0	0.8
117500	0.8	0.01	0.01	0	0	0.8
117600	0.8	0.02	0.02	0	0	0.8
117700	0.8	0.01	0.01	0	0	0.8
117800	0.8	0.01	0.01	0	0	0.8
117900	0.8	0.01	0.01	0	0	0.8
118000	0.8	0.01	0.01	0	0	0.8
118100	0.8	0.01	0.01	0	0	0.8
118200	0.8	0	0	0	0	0.8
118300	0.8	0	0	0	0	0.8
118400	0.8	0.01	0.01	0	0	0.8
118500	0.8	0.01	0.01	0	0	0.8
118600	0.8	0.02	0.02	0	0	0.8
118700	0.8	0.02	0.02	0	0	0.8
118800	0.8	0.03	0.03	0	0	0.8
118900	0.8	0.02	0.02	0	0	0.8
119000	0.8	0.02	0.02	0	0	0.8
119100	0.8	0.04	0.04	0	0	0.8
119200	0.8	0.04	0.04	0	0	0.8
119300	0.8	0.04	0.04	0	0	0.8
119400	0.8	0.03	0.03	0	0	0.8
119500	0.8	0.01	0.01	0	0	0.8
119600	0.8	0.01	0.01	0	0	0.8
119700	0.8	0.01	0.01	0	0	0.8
119800	0.8	0.02	0.02	0	0	0.8
119900	0.8	0.01	0.01	0	0	0.8
120000	0.8	0	0	0	0	0.8
120100	0.8	0.01	0.01	0	0	0.8
120200	0.8	0.01	0.01	0	0	0.8
120300	0.8	0.01	0.01	0	0	0.8
120400	0.8	0.01	0.01	0	0	0.8
120500	0.8	0.01	0.01	0	0	0.8
120600	0.8	0	0	0	0	0.8
120700	0.8	0.01	0.01	0	0	0.8
120800	0.8	0.01	0.01	0	0	0.8
120900	0.8	0.01	0.01	0	0	0.8
121000	0.8	0.02	0.02	0	0	0.8
121100	0.8	0.02	0.02	0	0	0.8
121200	0.8	0.01	0.01	0	0	0.8
121300	0.8	0.01	0.01	0	0	0.8
121400	0.8	0.01	0.01	0	0	0.8
121500	0.8	0.01	0.01	0	0	0.8
121600	0.8	0	0	0	0	0.8
121700	0.8	0	0	0	0	0.8
121800	0.8	0	0	0	0	0.8
121900	0.8	0	0	0	0	0.8
122000	0.8	0	0	0	0	0.8
122100	0.8	0	0	0	0	0.8
122200	0.8	0	0	0	0	0.8
122300	0.8	0	0	0	0	0.8
122400	0.8	0	0	0	0	0.8
122500	0.8	0	0	0	0	0.8
122600	0.8	0	0	0	0	0.8
122700	0.8	0.01	0.01	0	0	0.8
122800	0.8	0.01	0.01	0	0	0.8
122900	0.8	0.01	0.01	0	0	0.8
123000	0.8	0.01	0.01	0	0	0.8
123100	0.8	0.01	0.01	0	0	0.8
123200	0.79	0.01	0.01	0	0	0.79
123300	0.79	0	0	0	0	0.79
123400	0.79	0	0	0	0	0.79
123500	0.79	0	0	0	0	0.79
123600	0.79	0	0	0	0	0.79
123700	0.79	0	0	0	0	0.79
123800	0.79	0	0	0	0	0.79
123900	0.79	0	0	0	0	0.79
124000	0.79	0.01	0.01	0	0	0.79
124100	0.79	0.01	0.01	0	0	0.79
124200	0.79	0.01	0.01	0	0	0.79
124300	0.79	0.02	0.02	0	0	0.79
124400	0.79	0.02	0.02	0	0	0.79
124500	0.79	0.01	0.01	0	0	0.79
124600	0.79	0.01	0.01	0	0	0.79
124700	0.79	0.03	0.03	0	0	0.79
124800	0.79	0.03	0.03	0	0	0.79
124900	0.79	0.02	0.02	0	0	0.79
125000	0.79	0.03	0.03	0	0	0.79
125100	0.79	0.03	0.03	0	0	0.79
125200	0.79	0.03	0.03	0	0	0.79
125300	0.79	0.01	0.01	0	0	0.79
125400	0.79	0.01	0.01	0	0	0.79
125500	0.79	0	0	0	0	0.79
125600	0.79	0	0	0	0	0.79
125700	0.79	0	0	0	0	0.79
125800	0.79	0	0	0	0	0.79
125900	0.79	0.01	0.01	0	0	0.79
126000	0.79	0.01	0.01	0	0	0.79
126100	0.79	0.02	0.02	0	0	0.79
126200	0.79	0.03	0.03	0	0	0.79
126300	0.79	0.03	0.03	0	0	0.79
126400	0.79	0.03	0.03	0	0	0.79
126500	0.79	0.03	0.03	0	0	0.79
126600	0.79	0.02	0.02	0	0	0.79
126700	0.79	0.02	0.02	0	0	0.79
126800	0.79	0.02	0.02	0	0	0.79
126900	0.79	0.02	0.02	0	0	0.79
127000	0.79	0.01	0.01	0	0	0.79
127100	0.79	0.01	0.01	0	0	0.79
127200	0.79	0.01	0.01	0	0	0.79
127300	0.79	0	0	0	0	0.79
127400	0.79	0	0	0	0	0.79
127500	0.79	0	0	0	0	0.79
127600	0.79	0	0	0	0	0.79
127700	0.79	0	0	0	0	0.79
127800	0.79	0.01	0.01	0	0	0.79
127900	0.79	0.01	0.01	0	0	0.79
128000	0.79	0.02	0.02	0	0	0.79
128100	0.79	0.02	0.02	0	0	0.79
128200	0.79	0.01	0.01	0	0	0.79
128300	0.79	0	0	0	0	0.79
128400	0.79	0	0	0	0	0.79
128500	0.79	0	0	0	0	0.79
128600	0.79	0	0	0	0	0.79
128700	0.79	0.01	0.01	0	0	0.79
128800	0.79	0.01	0.01	0	0	0.79
128900	0.79	0.01	0.01	0	0	0.79
129000	0.79	0.01	0.01	0	0	0.79
129100	0.79	0.01	0.01	0	0	0.79
129200	0.79	0.01	0.01	0	0	0.79
129300	0.79	0	0	0	0	0.79
129400	0.79	0	0	0	0	0.79
129500	0.79	0	0	0	0	0.79
129600	0.79	0	0	0	0	0.79
129700	0.79	0	0	0	0	0.79
129800	0.79	0.01	0.01	0	0	0.79
129900	0.79	0.02	0.02	0	0	0.79
130000	0.79	0.02	0.02	0	0	0.79
130100	0.79	0.02	0.02	0	0	0.79
130200	0.79	0.02	0.02	0	0	0.79
130300	0.79	0.01	0.01	0	0	0.79
130400	0.79	0.01	0.01	0	0	0.79
130500	0.8	0.02	0.02	0	0	0.8
130600	0.8	0.02	0.02	0	0	0.8
130700	0.8	0.02	0.02	0	0	0.8
130800	0.8	0.01	0.01	0	0	0.8
130900	0.8	0.01	0.01	0	0	0.8
131000	0.8	0.01	0.01	0	0	0.8
131100	0.8	0	0	0	0	0.8
131200	0.8	0.01	0.01	0	0	0.8
131300	0.8	0.01	0.01	0	0	0.8
131400	0.8	0.01	0.01	0	0	0.8
131500	0.8	0.01	0.01	0	0	0.8
131600	0.8	0.01	0.01	0	0	0.8
131700	0.8	0.01	0.01	0	0	0.8
131800	0.8	0.01	0.01	0	0	0.8
131900	0.8	0.01	0.01	0	0	0.8
132000	0.8	0.01	0.01	0	0	0.8
132100	0.8	0.01	0.01	0	0	0.8
132200	0.8	0.01	0.01	0	0	0.8
132300	0.8	0	0	0	0	0.8
132400	0.8	0	0	0	0	0.8
132500	0.8	0	0	0	0	0.8
132600	0.8	0	0	0	0	0.8
132700	0.8	0	0	0	0	0.8
132800	0.8	0	0	0	0	0.8
132900	0.8	0	0	0	0	0.8
133000	0.8	0.01	0.01	0	0	0.8
133100	0.8	0.01	0.01	0	0	0.8
133200	0.8	0.01	0.01	0	0	0.8
133300	0.79	0.01	0.01	0	0	0.79
133400	0.79	0.01	0.01	0	0	0.79
133500	0.79	0.01	0.01	0	0	0.79
133600	0.79	0	0	0	0	0.79
133700	0.79	0.01	0.01	0	0	0.79
133800	0.79	0.01	0.01	0	0	0.79
133900	0.79	0.01	0.01	0	0	0.79
134000	0.79	0.01	0.01	0	0	0.79
134100	0.79	0.02	0.02	0	0	0.79
134200	0.79	0.04	0.04	0	0	0.79
134300	0.79	0.04	0.04	0	0	0.79
134400	0.79	0.03	0.03	0	0	0.79
134500	0.79	0.02	0.02	0	0	0.79
134600	0.79	0.02	0.02	0	0	0.79
134700	0.79	0.01	0.01	0	0	0.79
134800	0.79	0.01	0.01	0	0	0.79
134900	0.79	0.01	0.01	0	0	0.79
135000	0.79	0.02	0.02	0	0	0.79
135100	0.79	0.02	0.02	0	0	0.79
135200	0.79	0.02	0.02	0	0	0.79
135300	0.79	0.02	0.02	0	0	0.79
135400	0.79	0.02	0.02	0	0	0.79
135500	0.79	0.02	0.02	0	0	0.79
135600	0.79	0.01	0.01	0	0	0.79
135700	0.79	0.01	0.01	0	0	0.79
135800	0.79	0.01	0.01	0	0	0.79
135900	0.79	0.01	0.01	0	0	0.79
136000	0.79	0.02	0.02	0	0	0.79
136100	0.79	0.03	0.03	0	0	0.79
136200	0.79	0.03	0.03	0	0	0.79
136300	0.79	0.02	0.02	0	0	0.79
136400	0.79	0	0	0	0	0.79
136500	0.79	0	0	0	0	0.79
136600	0.79	0	0	0	0	0.79
136700	0.79	0	0	0	0	0.79
136800	0.8	0	0	0	0	0.8
136900	0.79	0	0	0	0	0.79
137000	0.79	0	0	0	0	0.79
137100	0.79	0	0	0	0	0.79
137200	0.79	0	0	0	0	0.79
137300	0.79	0	0	0	0	0.79
137400	0.79	0	0	0	0	0.79
137500	0.79	0	0	0	0	0.79
137600	0.79	0	0	0	0	0.79
137700	0.79	0	0	0	0	0.79
137800	0.79	0	0	0	0	0.79
137900	0.79	0.02	0.02	0	0	0.79
138000	0.79	0.01	0.01	0	0	0.79
138100	0.79	0	0	0	0	0.79
138200	0.79	0	0	0	0	0.79
138300	0.79	0	0	0	0	0.79
138400	0.79	0	0	0	0	0.79
138500	0.79	0	0	0	0	0.79
138600	0.79	0	0	0	0	0.79
138700	0.8	0	0	0	0	0.8
138800	0.8	0	0	0	0	0.8
138900	0.8	0.01	0.01	0	0	0.8
139000	0.8	0.01	0.01	0	0	0.8
139100	0.8	0	0	0	0	0.8
139200	0.8	0.02	0.02	0	0	0.8
139300	0.8	0.02	0.02	0	0	0.8
139400	0.8	0.02	0.02	0	0	0.8
139500	0.8	0.01	0.01	0	0	0.8
139600	0.8	0.01	0.01	0	0	0.8
139700	0.8	0	0	0	0	0.8
139800	0.8	0	0	0	0	0.8
139900	0.8	0.01	0.01	0	0	0.8
140000	0.8	0.01	0.01	0	0	0.8
140100	0.8	0.01	0.01	0	0	0.8
140200	0.8	0.02	0.02	0	0	0.8
140300	0.8	0.02	0.02	0	0	0.8
140400	0.8	0.02	0.02	0	0	0.8
140500	0.8	0.03	0.03	0	0	0.8
140600	0.8	0.03	0.03	0	0	0.8
140700	0.79	0.03	0.03	0	0	0.79
140800	0.79	0.01	0.01	0	0	0.79
140900	0.79	0.01	0.01	0	0	0.79
141000	0.79	0.01	0.01	0	0	0.79
141100	0.79	0.01	0.01	0	0	0.79
141200	0.79	0.01	0.01	0	0	0.79
141300	0.79	0.01	0.01	0	0	0.79
141400	0.79	0.01	0.01	0	0	0.79
141500	0.79	0.01	0.01	0	0	0.79
141600	0.79	0	0	0	0	0.79
141700	0.79	0.01	0.01	0	0	0.79
141800	0.79	0.01	0.01	0	0	0.79
141900	0.8	0.02	0.02	0	0	0.8
142000	0.8	0.02	0.02	0	0	0.8
142100	0.8	0.02	0.02	0	0	0.8
142200	0.8	0.02	0.02	0	0	0.8
142300	0.8	0.02	0.02	0	0	0.8
142400	0.8	0.02	0.02	0	0	0.8
142500	0.8	0.01	0.01	0	0	0.8
142600	0.8	0.02	0.02	0	0	0.8
142700	0.8	0.02	0.02	0	0	0.8
142800	0.8	0.03	0.03	0	0	0.8
142900	0.8	0.03	0.03	0	0	0.8
143000	0.8	0.03	0.03	0	0	0.8
143100	0.8	0.01	0.01	0	0	0.8
143200	0.8	0.02	0.02	0	0	0.8
143300	0.8	0.01	0.01	0	0	0.8
143400	0.8	0.02	0.02	0	0	0.8
143500	0.8	0.02	0.02	0	0	0.8
143600	0.8	0.02	0.02	0	0	0.8
143700	0.8	0.02	0.02	0	0	0.8
143800	0.8	0.02	0.02	0	0	0.8
143900	0.8	0.01	0.01	0	0	0.8
144000	0.8	0.01	0.01	0	0	0.8
144100	0.8	0	0	0	0	0.8
144200	0.8	0.01	0.01	0	0	0.8
144300	0.8	0.01	0.01	0	0	0.8
144400	0.8	0.02	0.02	0	0	0.8
144500	0.8	0.02	0.02	0	0	0.8
144600	0.8	0.01	0.01	0	0	0.8
144700	0.8	0.02	0.02	0	0	0.8
144800	0.8	0.02	0.02	0	0	0.8
144900	0.8	0.03	0.03	0	0	0.8
145000	0.8	0.03	0.03	0	0	0.8
145100	0.8	0.03	0.03	0	0	0.8
145200	0.8	0.03	0.03	0	0	0.8
145300	0.8	0	0	0	0	0.8
145400	0.8	0	0	0	0	0.8
145500	0.8	0	0	0	0	0.8
145600	0.8	0	0	0	0	0.8
145700	0.8	0	0	0	0	0.8
145800	0.8	0	0	0	0	0.8
145900	0.8	0	0	0	0	0.8
146000	0.8	0	0	0	0	0.8
146100	0.8	0.02	0.02	0	0	0.8
146200	0.8	0.02	0.02	0	0	0.8
146300	0.8	0	0	0	0	0.8
146400	0.8	0	0	0	0	0.8
146500	0.8	0	0	0	0	0.8
146600	0.8	0	0	0	0	0.8
146700	0.8	0	0	0	0	0.8
146800	0.8	0	0	0	0	0.8
146900	0.8	0	0	0	0	0.8
147000	0.8	0	0	0	0	0.8
147100	0.8	0	0	0	0	0.8
147200	0.8	0.01	0.01	0	0	0.8
147300	0.8	0.01	0.01	0	0	0.8
147400	0.8	0.01	0.01	0	0	0.8
147500	0.8	0	0	0	0	0.8
147600	0.8	0	0	0	0	0.8
147700	0.8	0	0	0	0	0.8
147800	0.8	0.01	0.01	0	0	0.8
147900	0.8	0.02	0.02	0	0	0.8
148000	0.8	0.02	0.02	0	0	0.8
148100	0.8	0.01	0.01	0	0	0.8
148200	0.8	0.02	0.02	0	0	0.8
148300	0.8	0.01	0.01	0	0	0.8
148400	0.8	0.01	0.01	0	0	0.8
148500	0.8	0.02	0.02	0	0	0.8
148600	0.8	0.01	0.01	0	0	0.8
148700	0.8	0.01	0.01	0	0	0.8
148800	0.8	0.01	0.01	0	0	0.8
148900	0.8	0.01	0.01	0	0	0.8
149000	0.8	0.01	0.01	0	0	0.8
149100	0.8	0.01	0.01	0	0	0.8
149200	0.8	0.01	0.01	0	0	0.8
149300	0.8	0.03	0.03	0	0	0.8
149400	0.8	0.02	0.02	0	0	0.8
149500	0.8	0.03	0.03	0	0	0.8
149600	0.8	0.02	0.02	0	0	0.8
149700	0.8	0.02	0.02	0	0	0.8
149800	0.8	0	0	0	0	0.8
149900	0.8	0	0	0	0	0.8
150000	0.8	0	0	0	0	0.8
150100	0.8	0	0	0	0	0.8
150200	0.8	0	0	0	0	0.8
150300	0.8	0	0	0	0	0.8
150400	0.8	0.01	0.01	0	0	0.8
150500	0.8	0.01	0.01	0	0	0.8
150600	0.8	0.01	0.01	0	0	0.8
150700	0.8	0.01	0.01	0	0	0.8
150800	0.8	0.01	0.01	0	0	0.8
150900	0.8	0	0	0	0	0.8
151000	0.8	0	0	0	0	0.8
151100	0.8	0	0	0	0	0.8
151200	0.8	0	0	0	0	0.8
151300	0.8	0	0	0	0	0.8
151400	0.8	0.01	0.01	0	0	0.8
151500	0.8	0.02	0.02	0	0	0.8
151600	0.8	0.02	0.02	0	0	0.8
151700	0.8	0.01	0.01	0	0	0.8
151800	0.8	0.01	0.01	0	0	0.8
151900	0.8	0	0	0	0	0.8
152000	0.8	0	0	0	0	0.8
152100	0.8	0.02	0.02	0	0	0.8
152200	0.8	0.02	0.02	0	0	0.8
152300	0.8	0.02	0.02	0	0	0.8
152400	0.8	0	0	0	0	0.8
152500	0.8	0	0	0	0	0.8
152600	0.8	0	0	0	0	0.8
152700	0.8	0	0	0	0	0.8
152800	0.8	0.01	0.01	0	0	0.8
152900	0.8	0.01	0.01	0	0	0.8
153000	0.8	0.01	0.01	0	0	0.8
153100	0.8	0.01	0.01	0	0	0.8
153200	0.8	0.02	0.02	0	0	0.8
153300	0.8	0.03	0.03	0	0	0.8
153400	0.8	0.03	0.03	0	0	0.8
153500	0.79	0.01	0.01	0	0	0.79
153600	0.79	0.02	0.02	0	0	0.79
153700	0.79	0.01	0.01	0	0	0.79
153800	0.79	0.01	0.01	0	0	0.79
153900	0.79	0.01	0.01	0	0	0.79
154000	0.79	0.01	0.01	0	0	0.79
154100	0.79	0.02	0.02	0	0	0.79
154200	0.79	0.01	0.01	0	0	0.79
154300	0.79	0.01	0.01	0	0	0.79
154400	0.79	0.01	0.01	0	0	0.79
154500	0.79	0.01	0.01	0	0	0.79
154600	0.79	0.02	0.02	0	0	0.79
154700	0.79	0.01	0.01	0	0	0.79
154800	0.79	0.01	0.01	0	0	0.79
154900	0.79	0.02	0.02	0	0	0.79
155000	0.79	0.01	0.01	0	0	0.79
155100	0.79	0.03	0.03	0	0	0.79
155200	0.79	0.02	0.02	0	0	0.79
155300	0.79	0.03	0.03	0	0	0.79
155400	0.79	0.01	0.01	0	0	0.79
155500	0.79	0.02	0.02	0	0	0.79
155600	0.79	0.02	0.02	0	0	0.79
155700	0.79	0.02	0.02	0	0	0.79
155800	0.79	0.02	0.02	0	0	0.79
155900	0.79	0	0	0	0	0.79
156000	0.79	0	0	0	0	0.79
156100	0.79	0	0	0	0	0.79
156200	0.79	0.01	0.01	0	0	0.79
156300	0.79	0.01	0.01	0	0	0.79
156400	0.79	0.01	0.01	0	0	0.79
156500	0.79	0.01	0.01	0	0	0.79
156600	0.79	0.01	0.01	0	0	0.79
156700	0.79	0.02	0.02	0	0	0.79
156800	0.79	0.01	0.01	0	0	0.79
156900	0.79	0.01	0.01	0	0	0.79
157000	0.79	0.01	0.01	0	0	0.79
157100	0.79	0.01	0.01	0	0	0.79
157200	0.79	0	0	0	0	0.79
157300	0.79	0.01	0.01	0	0	0.79
157400	0.79	0.01	0.01	0	0	0.79
157500	0.79	0.02	0.02	0	0	0.79
157600	0.79	0.02	0.02	0	0	0.79
157700	0.79	0.02	0.02	0	0	0.79
157800	0.79	0.03	0.03	0	0	0.79
157900	0.79	0.02	0.02	0	0	0.79
158000	0.79	0.02	0.02	0	0	0.79
158100	0.79	0.02	0.02	0	0	0.79
158200	0.79	0.02	0.02	0	0	0.79
158300	0.79	0.01	0.01	0	0	0.79
158400	0.79	0	0	0	0	0.79
158500	0.79	0	0	0	0	0.79
158600	0.8	0.02	0.02	0	0	0.8
158700	0.79	0.02	0.02	0	0	0.79
158800	0.79	0.02	0.02	0	0	0.79
158900	0.79	0.02	0.02	0	0	0.79
159000	0.79	0.01	0.01	0	0	0.79
159100	0.79	0.01	0.01	0	0	0.79
159200	0.79	0	0	0	0	0.79
159300	0.79	0	0	0	0	0.79
159400	0.79	0.01	0.01	0	0	0.79
159500	0.79	0.01	0.01	0	0	0.79
159600	0.79	0.01	0.01	0	0	0.79
159700	0.79	0.01	0.01	0	0	0.79
159800	0.79	0.01	0.01	0	0	0.79
159900	0.79	0	0	0	0	0.79
160000	0.79	0.01	0.01	0	0	0.79
160100	0.79	0.01	0.01	0	0	0.79
160200	0.79	0.01	0.01	0	0	0.79
160300	0.79	0.03	0.03	0	0	0.79
160400	0.79	0.02	0.02	0	0	0.79
160500	0.79	0.02	0.02	0	0	0.79
160600	0.79	0.02	0.02	0	0	0.79
160700	0.79	0.03	0.03	0	0	0.79
160800	0.79	0.03	0.03	0	0	0.79
160900	0.79	0.03	0.03	0	0	0.79
161000	0.79	0.02	0.02	0	0	0.79
161100	0.79	0.01	0.01	0	0	0.79
161200	0.79	0.01	0.01	0	0	0.79
161300	0.79	0	0	0	0	0.79
161400	0.79	0	0	0	0	0.79
161500	0.79	0	0	0	0	0.79
161600	0.79	0.01	0.01	0	0	0.79
161700	0.79	0.03	0.03	0	0	0.79
161800	0.79	0.04	0.04	0	0	0.79
161900	0.79	0.04	0.04	0	0	0.79
162000	0.79	0.03	0.03	0	0	0.79
162100	0.79	0.02	0.02	0	0	0.79
162200	0.79	0.02	0.02	0	0	0.79
162300	0.79	0.02	0.02	0	0	0.79
162400	0.79	0.02	0.02	0	0	0.79
162500	0.79	0.02	0.02	0	0	0.79
162600	0.79	0.02	0.02	0	0	0.79
162700	0.79	0.01	0.01	0	0	0.79
162800	0.79	0.03	0.03	0	0	0.79
162900	0.79	0.01	0.01	0	0	0.79
163000	0.79	0	0	0	0	0.79
163100	0.79	0.03	0.03	0	0	0.79
163200	0.79	0.03	0.03	0	0	0.79
163300	0.79	0.01	0.01	0	0	0.79
163400	0.79	0.01	0.01	0	0	0.79
163500	0.79	0.01	0.01	0	0	0.79
163600	0.79	0.01	0.01	0	0	0.79
163700	0.79	0.02	0.02	0	0	0.79
163800	0.79	0.03	0.03	0	0	0.79
163900	0.79	0.03	0.03	0	0	0.79
164000	0.79	0.03	0.03	0	0	0.79
164100	0.79	0.02	0.02	0	0	0.79
164200	0.79	0.02	0.02	0	0	0.79
164300	0.79	0	0	0	0	0.79
164400	0.79	0.01	0.01	0	0	0.79
164500	0.79	0.01	0.01	0	0	0.79
164600	0.79	0.01	0.01	0	0	0.79
164700	0.79	0.01	0.01	0	0	0.79
164800	0.8	0	0	0	0	0.8
164900	0.8	0	0	0	0	0.8
165000	0.8	0.01	0.01	0	0	0.8
165100	0.8	0	0	0	0	0.8
165200	0.8	0	0	0	0	0.8
165300	0.8	0	0	0	0	0.8
165400	0.8	0.01	0.01	0	0	0.8
165500	0.8	0.02	0.02	0	0	0.8
165600	0.8	0.02	0.02	0	0	0.8
165700	0.8	0.02	0.02	0	0	0.8
165800	0.8	0.04	0.04	0	0	0.8
165900	0.8	0.03	0.03	0	0	0.8
166000	0.8	0.02	0.02	0	0	0.8
166100	0.8	0.02	0.02	0	0	0.8
166200	0.8	0.01	0.01	0	0	0.8
166300	0.8	0.01	0.01	0	0	0.8
166400	0.8	0.01	0.01	0	0	0.8
166500	0.8	0.01	0.01	0	0	0.8
166600	0.8	0.02	0.02	0	0	0.8
166700	0.8	0.03	0.03	0	0	0.8
166800	0.8	0.02	0.02	0	0	0.8
166900	0.8	0.02	0.02	0	0	0.8
167000	0.8	0.02	0.02	0	0	0.8
167100	0.8	0	0	0	0	0.8
167200	0.8	0	0	0	0	0.8
167300	0.8	0	0	0	0	0.8
167400	0.8	0	0	0	0	0.8
167500	0.8	0	0	0	0	0.8
167600	0.8	0	0	0	0	0.8
167700	0.8	0.01	0.01	0	0	0.8
167800	0.8	0.01	0.01	0	0	0.8
167900	0.8	0.01	0.01	0	0	0.8
168000	0.8	0.01	0.01	0	0	0.8
168100	0.8	0	0	0	0	0.8
168200	0.8	0	0	0	0	0.8
168300	0.8	0	0	0	0	0.8
168400	0.8	0	0	0	0	0.8
168500	0.8	0	0	0	0	0.8
168600	0.8	0	0	0	0	0.8
168700	0.8	0	0	0	0	0.8
168800	0.8	0	0	0	0	0.8
168900	0.8	0	0	0	0	0.8
169000	0.8	0	0	0	0	0.8
169100	0.8	0	0	0	0	0.8
169200	0.8	0.01	0.01	0	0	0.8
169300	0.8	0.01	0.01	0	0	0.8
169400	0.8	0.01	0.01	0	0	0.8
169500	0.8	0.02	0.02	0	0	0.8
169600	0.8	0.03	0.03	0	0	0.8
169700	0.8	0.03	0.03	0	0	0.8
169800	0.8	0.03	0.03	0	0	0.8
169900	0.8	0.01	0.01	0	0	0.8
170000	0.8	0.01	0.01	0	0	0.8
170100	0.8	0	0	0	0	0.8
170200	0.8	0	0	0	0	0.8
170300	0.8	0	0	0	0	0.8
170400	0.8	0	0	0	0	0.8
170500	0.8	0	0	0	0	0.8
170600	0.8	0.01	0.01	0	0	0.8
170700	0.8	0.01	0.01	0	0	0.8
170800	0.8	0.01	0.01	0	0	0.8
170900	0.8	0.01	0.01	0	0	0.8
171000	0.8	0.01	0.01	0	0	0.8
171100	0.8	0.01	0.01	0	0	0.8
171200	0.8	0.01	0.01	0	0	0.8
171300	0.8	0	0	0	0	0.8
171400	0.8	0.01	0.01	0	0	0.8
171500	0.8	0.01	0.01	0	0	0.8
171600	0.8	0.02	0.02	0	0	0.8
171700	0.8	0.02	0.02	0	0	0.8
171800	0.8	0.03	0.03	0	0	0.8
171900	0.8	0	0	0	0	0.8
172000	0.8	0.01	0.01	0	0	0.8
172100	0.8	0.01	0.01	0	0	0.8
172200	0.8	0.01	0.01	0	0	0.8
172300	0.8	0.02	0.02	0	0	0.8
172400	0.8	0.02	0.02	0	0	0.8
172500	0.8	0.01	0.01	0	0	0.8
172600	0.8	0.01	0.01	0	0	0.8
172700	0.8	0.01	0.01	0	0	0.8
172800	0.8	0	0	0	0	0.8
172900	0.8	0	0	0	0	0.8
173000	0.8	0	0	0	0	0.8
173100	0.8	0	0	0	0	0.8
173200	0.8	0.01	0.01	0	0	0.8
173300	0.8	0.01	0.01	0	0	0.8
173400	0.8	0.01	0.01	0	0	0.8
173500	0.8	0.01	0.01	0	0	0.8
173600	0.8	0.01	0.01	0	0	0.8
173700	0.8	0.01	0.01	0	0	0.8
173800	0.8	0	0	0	0	0.8
173900	0.8	0	0	0	0	0.8
174000	0.8	0.01	0.01	0	0	0.8
174100	0.8	0.01	0.01	0	0	0.8
174200	0.8	0.01	0.01	0	0	0.8
174300	0.8	0.01	0.01	0	0	0.8
174400	0.8	0.01	0.01	0	0	0.8
174500	0.8	0.01	0.01	0	0	0.8
174600	0.8	0	0	0	0	0.8
174700	0.8	0	0	0	0	0.8
174800	0.8	0	0	0	0	0.8
174900	0.8	0	0	0	0	0.8
175000	0.8	0.01	0.01	0	0	0.8
175100	0.8	0.01	0.01	0	0	0.8
175200	0.8	0.02	0.02	0	0	0.8
175300	0.8	0.03	0.03	0	0	0.8
175400	0.8	0.03	0.03	0	0	0.8
175500	0.8	0.03	0.03	0	0	0.8
175600	0.8	0.03	0.03	0	0	0.8
175700	0.8	0.02	0.02	0	0	0.8
175800	0.8	0.01	0.01	0	0	0.8
175900	0.8	0.01	0.01	0	0	0.8
176000	0.8	0.02	0.02	0	0	0.8
176100	0.8	0.01	0.01	0	0	0.8
176200	0.8	0.01	0.01	0	0	0.8
176300	0.8	0.02	0.02	0	0	0.8
176400	0.8	0.01	0.01	0	0	0.8
176500	0.8	0.01	0.01	0	0	0.8
176600	0.8	0.01	0.01	0	0	0.8
176700	0.8	0.01	0.01	0	0	0.8
176800	0.8	0.03	0.03	0	0	0.8
176900	0.8	0.02	0.02	0	0	0.8
177000	0.8	0.02	0.02	0	0	0.8
177100	0.8	0.01	0.01	0	0	0.8
177200	0.8	0.01	0.01	0	0	0.8
177300	0.8	0.02	0.02	0	0	0.8
177400	0.8	0.01	0.01	0	0	0.8
177500	0.8	0.03	0.03	0	0	0.8
177600	0.8	0.04	0.04	0	0	0.8
177700	0.8	0.05	0.05	0	0	0.8
177800	0.8	0.02	0.02	0	0	0.8
177900	0.8	0.02	0.02	0	0	0.8
178000	0.8	0.03	0.03	0	0	0.8
178100	0.8	0.03	0.03	0	0	0.8
178200	0.8	0.03	0.03	0	0	0.8
178300	0.8	0.02	0.02	0	0	0.8
178400	0.8	0.03	0.03	0	0	0.8
178500	0.8	0.03	0.03	0	0	0.8
178600	0.8	0.03	0.03	0	0	0.8
178700	0.8	0.01	0.01	0	0	0.8
178800	0.8	0.02	0.02	0	0	0.8
178900	0.8	0.02	0.02	0	0	0.8
179000	0.8	0.01	0.01	0	0	0.8
179100	0.8	0.01	0.01	0	0	0.8
179200	0.8	0.01	0.01	0	0	0.8
179300	0.8	0.01	0.01	0	0	0.8
179400	0.8	0.02	0.02	0	0	0.8
179500	0.8	0.02	0.02	0	0	0.8
179600	0.8	0.01	0.01	0	0	0.8
179700	0.8	0.01	0.01	0	0	0.8
179800	0.8	0.01	0.01	0	0	0.8
179900	0.8	0	0	0	0	0.8
180000	0.8	0	0	0	0	0.8
180100	0.8	0.01	0.01	0	0	0.8
180200	0.81	0.01	0.01	0	0	0.81
180300	0.81	0.01	0.01	0	0	0.81
180400	0.81	0.01	0.01	0	0	0.81
180500	0.81	0	0	0	0	0.81
180600	0.8	0.01	0.01	0	0	0.8
180700	0.8	0.01	0.01	0	0	0.8
180800	0.8	0.01	0.01	0	0	0.8
180900	0.8	0.02	0.02	0	0	0.8
181000	0.8	0.02	0.02	0	0	0.8
181100	0.8	0.02	0.02	0	0	0.8
181200	0.8	0.02	0.02	0	0	0.8
181300	0.8	0.02	0.02	0	0	0.8
181400	0.8	0	0	0	0	0.8
181500	0.8	0	0	0	0	0.8
181600	0.8	0	0	0	0	0.8
181700	0.8	0	0	0	0	0.8
181800	0.8	0	0	0	0	0.8
181900	0.8	0	0	0	0	0.8
182000	0.8	0	0	0	0	0.8
182100	0.8	0.01	0.01	0	0	0.8
182200	0.8	0.01	0.01	0	0	0.8
182300	0.8	0.01	0.01	0	0	0.8
182400	0.8	0	0	0	0	0.8
182500	0.8	0	0	0	0	0.8
182600	0.8	0.01	0.01	0	0	0.8
182700	0.8	0.01	0.01	0	0	0.8
182800	0.8	0.02	0.02	0	0	0.8
182900	0.8	0.02	0.02	0	0	0.8
183000	0.8	0.01	0.01	0	0	0.8
183100	0.8	0.02	0.02	0	0	0.8
183200	0.8	0.02	0.02	0	0	0.8
183300	0.8	0.02	0.02	0	0	0.8
183400	0.8	0.01	0.01	0	0	0.8
183500	0.8	0	0	0	0	0.8
183600	0.8	0	0	0	0	0.8
183700	0.8	0	0	0	0	0.8
183800	0.8	0.01	0.01	0	0	0.8
183900	0.8	0	0	0	0	0.8
184000	0.8	0	0	0	0	0.8
184100	0.8	0	0	0	0	0.8
184200	0.8	0	0	0	0	0.8
184300	0.8	0.01	0.01	0	0	0.8
184400	0.8	0.01	0.01	0	0	0.8
184500	0.8	0.02	0.02	0	0	0.8
184600	0.8	0.02	0.02	0	0	0.8
184700	0.8	0.02	0.02	0	0	0.8
184800	0.8	0.01	0.01	0	0	0.8
184900	0.8	0.03	0.03	0	0	0.8
185000	0.8	0.02	0.02	0	0	0.8
185100	0.8	0.03	0.03	0	0	0.8
185200	0.8	0.03	0.03	0	0	0.8
185300	0.8	0.03	0.03	0	0	0.8
185400	0.8	0.03	0.03	0	0	0.8
185500	0.8	0.02	0.02	0	0	0.8
185600	0.8	0	0	0	0	0.8
185700	0.8	0.01	0.01	0	0	0.8
185800	0.8	0.01	0.01	0	0	0.8
185900	0.8	0.01	0.01	0	0	0.8
186000	0.8	0.01	0.01	0	0	0.8
186100	0.8	0.01	0.01	0	0	0.8
186200	0.8	0.02	0.02	0	0	0.8
186300	0.8	0.01	0.01	0	0	0.8
186400	0.8	0.01	0.01	0	0	0.8
186500	0.8	0.02	0.02	0	0	0.8
186600	0.8	0.03	0.03	0	0	0.8
186700	0.8	0.03	0.03	0	0	0.8
186800	0.8	0.03	0.03	0	0	0.8
186900	0.8	0.03	0.03	0	0	0.8
187000	0.8	0.03	0.03	0	0	0.8
187100	0.8	0.01	0.01	0	0	0.8
187200	0.8	0	0	0	0	0.8
187300	0.8	0.01	0.01	0	0	0.8
187400	0.8	0.02	0.02	0	0	0.8
187500	0.8	0.02	0.02	0	0	0.8
187600	0.8	0.02	0.02	0	0	0.8
187700	0.8	0.01	0.01	0	0	0.8
187800	0.8	0.02	0.02	0	0	0.8
187900	0.8	0	0	0	0	0.8
188000	0.8	0.01	0.01	0	0	0.8
188100	0.8	0.01	0.01	0	0	0.8
188200	0.8	0.01	0.01	0	0	0.8
188300	0.8	0.01	0.01	0	0	0.8
188400	0.8	0.01	0.01	0	0	0.8
188500	0.8	0.01	0.01	0	0	0.8
188600	0.8	0	0	0	0	0.8
188700	0.8	0	0	0	0	0.8
188800	0.8	0	0	0	0	0.8
188900	0.8	0	0	0	0	0.8
189000	0.8	0	0	0	0	0.8
189100	0.8	0	0	0	0	0.8
189200	0.8	0.01	0.01	0	0	0.8
189300	0.8	0.01	0.01	0	0	0.8
189400	0.8	0.01	0.01	0	0	0.8
189500	0.8	0.01	0.01	0	0	0.8
189600	0.8	0.01	0.01	0	0	0.8
189700	0.8	0	0	0	0	0.8
189800	0.8	0.01	0.01	0	0	0.8
189900	0.8	0.01	0.01	0	0	0.8
190000	0.8	0.03	0.03	0	0	0.8
190100	0.8	0.02	0.02	0	0	0.8
190200	0.8	0.01	0.01	0	0	0.8
190300	0.8	0.01	0.01	0	0	0.8
190400	0.8	0.02	0.02	0	0	0.8
190500	0.8	0.03	0.03	0	0	0.8
190600	0.8	0.04	0.04	0	0	0.8
190700	0.8	0.01	0.01	0	0	0.8
190800	0.8	0.01	0.01	0	0	0.8
190900	0.8	0.02	0.02	0	0	0.8
191000	0.8	0.02	0.02	0	0	0.8
191100	0.8	0.01	0.01	0	0	0.8
191200	0.8	0	0	0	0	0.8
191300	0.8	0	0	0	0	0.8
191400	0.8	0	0	0	0	0.8
191500	0.8	0	0	0	0	0.8
191600	0.8	0.01	0.01	0	0	0.8
191700	0.8	0.01	0.01	0	0	0.8
191800	0.8	0.01	0.01	0	0	0.8
191900	0.8	0.01	0.01	0	0	0.8
192000	0.8	0.02	0.02	0	0	0.8
192100	0.8	0.02	0.02	0	0	0.8
192200	0.8	0.02	0.02	0	0	0.8
192300	0.8	0.02	0.02	0	0	0.8
192400	0.8	0.02	0.02	0	0	0.8
192500	0.8	0.01	0.01	0	0	0.8
192600	0.8	0.01	0.01	0	0	0.8
192700	0.8	0.01	0.01	0	0	0.8
192800	0.8	0.01	0.01	0	0	0.8
192900	0.8	0.01	0.01	0	0	0.8
193000	0.8	0.02	0.02	0	0	0.8
193100	0.8	0.02	0.02	0	0	0.8
193200	0.8	0.02	0.02	0	0	0.8
193300	0.8	0.02	0.02	0	0	0.8
193400	0.8	0.02	0.02	0	0	0.8
193500	0.8	0	0	0	0	0.8
193600	0.8	0	0	0	0	0.8
193700	0.8	0	0	0	0	0.8
193800	0.8	0	0	0	0	0.8
193900	0.8	0	0	0	0	0.8
194000	0.8	0	0	0	0	0.8
194100	0.8	0	0	0	0	0.8
194200	0.8	0	0	0	0	0.8
194300	0.8	0	0	0	0	0.8
194400	0.8	0	0	0	0	0.8
194500	0.8	0.02	0.02	0	0	0.8
194600	0.8	0.01	0.01	0	0	0.8
194700	0.8	0.01	0.01	0	0	0.8
194800	0.8	0.01	0.01	0	0	0.8
194900	0.8	0.01	0.01	0	0	0.8
195000	0.8	0.01	0.01	0	0	0.8
195100	0.8	0.01	0.01	0	0	0.8
195200	0.8	0.01	0.01	0	0	0.8
195300	0.8	0	0	0	0	0.8
195400	0.8	0	0	0	0	0.8
195500	0.8	0	0	0	0	0.8
195600	0.8	0	0	0	0	0.8
195700	0.8	0.01	0.01	0	0	0.8
195800	0.8	0.01	0.01	0	0	0.8
195900	0.8	0.01	0.01	0	0	0.8
196000	0.8	0.02	0.02	0	0	0.8
196100	0.8	0.01	0.01	0	0	0.8
196200	0.8	0.02	0.02	0	0	0.8
196300	0.8	0.01	0.01	0	0	0.8
196400	0.8	0.01	0.01	0	0	0.8
196500	0.8	0.01	0.01	0	0	0.8
196600	0.8	0.01	0.01	0	0	0.8
196700	0.8	0	0	0	0	0.8
196800	0.8	0.01	0.01	0	0	0.8
196900	0.8	0.01	0.01	0	0	0.8
197000	0.8	0.01	0.01	0	0	0.8
197100	0.8	0	0	0	0	0.8
197200	0.8	0	0	0	0	0.8
197300	0.8	0	0	0	0	0.8
197400	0.8	0	0	0	0	0.8
197500	0.8	0	0	0	0	0.8
197600	0.8	0.01	0.01	0	0	0.8
197700	0.8	0	0	0	0	0.8
197800	0.8	0	0	0	0	0.8
197900	0.8	0	0	0	0	0.8
198000	0.8	0.01	0.01	0	0	0.8
198100	0.8	0.01	0.01	0	0	0.8
198200	0.8	0.01	0.01	0	0	0.8
198300	0.8	0	0	0	0	0.8
198400	0.8	0	0	0	0	0.8
198500	0.8	0.01	0.01	0	0	0.8
198600	0.8	0.01	0.01	0	0	0.8
198700	0.8	0.01	0.01	0	0	0.8
198800	0.79	0.02	0.02	0	0	0.79
198900	0.79	0.03	0.03	0	0	0.79
199000	0.79	0.01	0.01	0	0	0.79
199100	0.79	0.03	0.03	0	0	0.79
199200	0.79	0.04	0.04	0	0	0.79
199300	0.79	0.03	0.03	0	0	0.79
199400	0.79	0.05	0.05	0	0	0.79
199500	0.79	0.04	0.04	0	0	0.79
199600	0.79	0.03	0.03	0	0	0.79
199700	0.79	0.03	0.03	0	0	0.79
199800	0.79	0.02	0.02	0	0	0.79
199900	0.79	0.01	0.01	0	0	0.79
200000	0.79	0.01	0.01	0	0	0.79
200100	0.79	0.01	0.01	0	0	0.79
200200	0.79	0	0	0	0	0.79
200300	0.8	0	0	0	0	0.8
200400	0.8	0	0	0	0	0.8
200500	0.8	0	0	0	0	0.8
200600	0.8	0	0	0	0	0.8
200700	0.8	0.01	0.01	0	0	0.8
200800	0.8	0.01	0.01	0	0	0.8
200900	0.8	0.02	0.02	0	0	0.8
201000	0.8	0.01	0.01	0	0	0.8
201100	0.8	0	0	0	0	0.8
201200	0.8	0.01	0.01	0	0	0.8
201300	0.8	0.01	0.01	0	0	0.8
201400	0.8	0.02	0.02	0	0	0.8
201500	0.8	0.02	0.02	0	0	0.8
201600	0.8	0.02	0.02	0	0	0.8
201700	0.8	0.02	0.02	0	0	0.8
201800	0.8	0.02	0.02	0	0	0.8
201900	0.8	0.02	0.02	0	0	0.8
202000	0.8	0.04	0.04	0	0	0.8
202100	0.8	0.03	0.03	0	0	0.8
202200	0.8	0.03	0.03	0	0	0.8
202300	0.8	0.03	0.03	0	0	0.8
202400	0.8	0.02	0.02	0	0	0.8
202500	0.8	0.01	0.01	0	0	0.8
202600	0.8	0	0	0	0	0.8
202700	0.8	0.01	0.01	0	0	0.8
202800	0.8	0.01	0.01	0	0	0.8
202900	0.8	0.01	0.01	0	0	0.8
203000	0.8	0	0	0	0	0.8
203100	0.8	0.01	0.01	0	0	0.8
203200	0.8	0.01	0.01	0	0	0.8
203300	0.8	0.01	0.01	0	0	0.8
203400	0.8	0.01	0.01	0	0	0.8
203500	0.8	0.01	0.01	0	0	0.8
203600	0.81	0.01	0.01	0	0	0.81
203700	0.81	0	0	0	0	0.81
203800	0.8	0	0	0	0	0.8
203900	0.8	0	0	0	0	0.8
204000	0.8	0.02	0.02	0	0	0.8
204100	0.8	0.02	0.02	0	0	0.8
204200	0.8	0.03	0.03	0	0	0.8
204300	0.8	0.02	0.02	0	0	0.8
204400	0.8	0.02	0.02	0	0	0.8
204500	0.8	0.01	0.01	0	0	0.8
204600	0.8	0.01	0.01	0	0	0.8
204700	0.8	0.01	0.01	0	0	0.8
204800	0.8	0.01	0.01	0	0	0.8
204900	0.8	0.01	0.01	0	0	0.8
205000	0.8	0.01	0.01	0	0	0.8
205100	0.8	0.01	0.01	0	0	0.8
205200	0.8	0.02	0.02	0	0	0.8
205300	0.8	0.01	0.01	0	0	0.8
205400	0.8	0.01	0.01	0	0	0.8
205500	0.8	0.01	0.01	0	0	0.8
205600	0.8	0.01	0.01	0	0	0.8
205700	0.8	0.01	0.01	0	0	0.8
205800	0.8	0	0	0	0	0.8
205900	0.8	0	0	0	0	0.8
206000	0.8	0	0	0	0	0.8
206100	0.8	0	0	0	0	0.8
206200	0.8	0.01	0.01	0	0	0.8
206300	0.8	0.01	0.01	0	0	0.8
206400	0.8	0.01	0.01	0	0	0.8
206500	0.8	0.01	0.01	0	0	0.8
206600	0.8	0	0	0	0	0.8
206700	0.8	0	0	0	0	0.8
206800	0.8	0	0	0	0	0.8
206900	0.8	0	0	0	0	0.8
207000	0.8	0.01	0.01	0	0	0.8
207100	0.8	0.01	0.01	0	0	0.8
207200	0.8	0.01	0.01	0	0	0.8
207300	0.8	0.01	0.01	0	0	0.8
207400	0.8	0.01	0.01	0	0	0.8
207500	0.8	0	0	0	0	0.8
207600	0.8	0	0	0	0	0.8
207700	0.8	0	0	0	0	0.8
207800	0.8	0.01	0.01	0	0	0.8
207900	0.8	0.02	0.02	0	0	0.8
208000	0.8	0.02	0.02	0	0	0.8
208100	0.8	0.02	0.02	0	0	0.8
208200	0.8	0.02	0.02	0	0	0.8
208300	0.8	0.02	0.02	0	0	0.8
208400	0.8	0.02	0.02	0	0	0.8
208500	0.8	0.02	0.02	0	0	0.8
208600	0.8	0.02	0.02	0	0	0.8
208700	0.8	0.02	0.02	0	0	0.8
208800	0.8	0	0	0	0	0.8
208900	0.8	0	0	0	0	0.8
209000	0.8	0.01	0.01	0	0	0.8
209100	0.8	0	0	0	0	0.8
209200	0.8	0	0	0	0	0.8
209300	0.8	0	0	0	0	0.8
209400	0.8	0	0	0	0	0.8
209500	0.8	0	0	0	0	0.8
209600	0.8	0	0	0	0	0.8
209700	0.8	0	0	0	0	0.8
209800	0.8	0	0	0	0	0.8
209900	0.8	0	0	0	0	0.8
210000	0.8	0	0	0	0	0.8
210100	0.8	0	0	0	0	0.8
210200	0.8	0	0	0	0	0.8
210300	0.8	0	0	0	0	0.8
210400	0.8	0	0	0	0	0.8
210500	0.8	0.01	0.01	0	0	0.8
210600	0.8	0.02	0.02	0	0	0.8
210700	0.8	0.02	0.02	0	0	0.8
210800	0.8	0.03	0.03	0	0	0.8
210900	0.8	0.02	0.02	0	0	0.8
211000	0.8	0.02	0.02	0	0	0.8
211100	0.8	0	0	0	0	0.8
211200	0.8	0	0	0	0	0.8
211300	0.8	0.01	0.01	0	0	0.8
211400	0.8	0.02	0.02	0	0	0.8
211500	0.8	0.02	0.02	0	0	0.8
211600	0.8	0.02	0.02	0	0	0.8
211700	0.8	0.02	0.02	0	0	0.8
211800	0.8	0.02	0.02	0	0	0.8
211900	0.8	0.02	0.02	0	0	0.8
212000	0.8	0.01	0.01	0	0	0.8
212100	0.8	0.01	0.01	0	0	0.8
212200	0.8	0.01	0.01	0	0	0.8
212300	0.8	0.01	0.01	0	0	0.8
212400	0.8	0.01	0.01	0	0	0.8
212500	0.8	0.01	0.01	0	0	0.8
212600	0.8	0.01	0.01	0	0	0.8
212700	0.8	0.01	0.01	0	0	0.8
212800	0.8	0.02	0.02	0	0	0.8
212900	0.8	0.01	0.01	0	0	0.8
213000	0.8	0.01	0.01	0	0	0.8
213100	0.8	0.01	0.01	0	0	0.8
213200	0.8	0.02	0.02	0	0	0.8
213300	0.8	0.02	0.02	0	0	0.8
213400	0.8	0.01	0.01	0	0	0.8
213500	0.8	0.01	0.01	0	0	0.8
213600	0.8	0.01	0.01	0	0	0.8
213700	0.8	0.01	0.01	0	0	0.8
213800	0.8	0.01	0.01	0	0	0.8
213900	0.8	0.01	0.01	0	0	0.8
214000	0.8	0.01	0.01	0	0	0.8
214100	0.8	0.01	0.01	0	0	0.8
214200	0.8	0.01	0.01	0	0	0.8
214300	0.8	0	0	0	0	0.8
214400	0.8	0	0	0	0	0.8
214500	0.8	0	0	0	0	0.8
214600	0.8	0	0	0	0	0.8
214700	0.8	0	0	0	0	0.8
214800	0.8	0.02	0.02	0	0	0.8
214900	0.8	0.02	0.02	0	0	0.8
215000	0.8	0.02	0.02	0	0	0.8
215100	0.8	0.03	0.03	0	0	0.8
215200	0.8	0.03	0.03	0	0	0.8
215300	0.8	0.02	0.02	0	0	0.8
215400	0.8	0	0	0	0	0.8
215500	0.8	0	0	0	0	0.8
215600	0.8	0	0	0	0	0.8
215700	0.8	0	0	0	0	0.8
215800	0.8	0	0	0	0	0.8
215900	0.8	0	0	0	0	0.8
216000	0.8	0	0	0	0	0.8
216100	0.8	0	0	0	0	0.8
216200	0.8	0	0	0	0	0.8
216300	0.8	0	0	0	0	0.8
216400	0.8	0	0	0	0	0.8
216500	0.8	0.01	0.01	0	0	0.8
216600	0.8	0.02	0.02	0	0	0.8
216700	0.8	0.02	0.02	0	0	0.8
216800	0.8	0.03	0.03	0	0	0.8
216900	0.8	0.02	0.02	0	0	0.8
217000	0.8	0.02	0.02	0	0	0.8
217100	0.8	0.01	0.01	0	0	0.8
217200	0.8	0	0	0	0	0.8
217300	0.8	0	0	0	0	0.8
217400	0.8	0.01	0.01	0	0	0.8
217500	0.8	0.01	0.01	0	0	0.8
217600	0.8	0.01	0.01	0	0	0.8
217700	0.8	0.02	0.02	0	0	0.8
217800	0.8	0.02	0.02	0	0	0.8
217900	0.8	0.02	0.02	0	0	0.8
218000	0.8	0.02	0.02	0	0	0.8
218100	0.8	0.01	0.01	0	0	0.8
218200	0.8	0	0	0	0	0.8
218300	0.8	0	0	0	0	0.8
218400	0.8	0.01	0.01	0	0	0.8
218500	0.8	0.01	0.01	0	0	0.8
218600	0.8	0.01	0.01	0	0	0.8
218700	0.8	0.02	0.02	0	0	0.8
218800	0.8	0.01	0.01	0	0	0.8
218900	0.8	0.01	0.01	0	0	0.8
219000	0.8	0.01	0.01	0	0	0.8
219100	0.8	0	0	0	0	0.8
219200	0.8	0	0	0	0	0.8
219300	0.8	0.01	0.01	0	0	0.8
219400	0.8	0.02	0.02	0	0	0.8
219500	0.8	0.03	0.03	0	0	0.8
219600	0.8	0.03	0.03	0	0	0.8
219700	0.8	0.02	0.02	0	0	0.8
219800	0.8	0.01	0.01	0	0	0.8
219900	0.8	0	0	0	0	0.8
220000	0.8	0.01	0.01	0	0	0.8
220100	0.8	0.01	0.01	0	0	0.8
220200	0.8	0.01	0.01	0	0	0.8
220300	0.8	0.02	0.02	0	0	0.8
220400	0.8	0.02	0.02	0	0	0.8
220500	0.8	0.01	0.01	0	0	0.8
220600	0.8	0	0	0	0	0.8
220700	0.8	0	0	0	0	0.8
220800	0.8	0	0	0	0	0.8
220900	0.8	0.01	0.01	0	0	0.8
221000	0.8	0.01	0.01	0	0	0.8
221100	0.8	0.01	0.01	0	0	0.8
221200	0.8	0.01	0.01	0	0	0.8
221300	0.8	0.01	0.01	0	0	0.8
221400	0.8	0	0	0	0	0.8
221500	0.8	0.01	0.01	0	0	0.8
221600	0.8	0.01	0.01	0	0	0.8
221700	0.8	0.01	0.01	0	0	0.8
221800	0.8	0.03	0.03	0	0	0.8
221900	0.8	0.03	0.03	0	0	0.8
222000	0.8	0.04	0.04	0	0	0.8
222100	0.8	0.03	0.03	0	0	0.8
222200	0.8	0.04	0.04	0	0	0.8
222300	0.8	0.02	0.02	0	0	0.8
222400	0.8	0.01	0.01	0	0	0.8
222500	0.8	0.01	0.01	0	0	0.8
222600	0.8	0	0	0	0	0.8
222700	0.8	0	0	0	0	0.8
222800	0.8	0.01	0.01	0	0	0.8
222900	0.8	0.01	0.01	0	0	0.8
223000	0.8	0	0	0	0	0.8
223100	0.8	0	0	0	0	0.8
223200	0.8	0	0	0	0	0.8
223300	0.8	0	0	0	0	0.8
223400	0.8	0	0	0	0	0.8
223500	0.8	0.03	0.03	0	0	0.8
223600	0.8	0.03	0.03	0	0	0.8
223700	0.8	0.03	0.03	0	0	0.8
223800	0.8	0.03	0.03	0	0	0.8
223900	0.8	0.02	0.02	0	0	0.8
224000	0.8	0.02	0.02	0	0	0.8
224100	0.8	0.01	0.01	0	0	0.8
224200	0.8	0.01	0.01	0	0	0.8
224300	0.8	0.01	0.01	0	0	0.8
224400	0.8	0.01	0.01	0	0	0.8
224500	0.8	0.01	0.01	0	0	0.8
224600	0.79	0.01	0.01	0	0	0.79
224700	0.79	0.02	0.02	0	0	0.79
224800	0.79	0.01	0.01	0	0	0.79
224900	0.79	0	0	0	0	0.79
225000	0.79	0	0	0	0	0.79
225100	0.79	0	0	0	0	0.79
225200	0.79	0	0	0	0	0.79
225300	0.79	0	0	0	0	0.79
225400	0.79	0.02	0.02	0	0	0.79
225500	0.8	0.02	0.02	0	0	0.8
225600	0.8	0.01	0.01	0	0	0.8
225700	0.8	0.01	0.01	0	0	0.8
225800	0.8	0.02	0.02	0	0	0.8
225900	0.8	0.02	0.02	0	0	0.8
226000	0.8	0.03	0.03	0	0	0.8
226100	0.8	0.03	0.03	0	0	0.8
226200	0.8	0.02	0.02	0	0	0.8
226300	0.8	0.01	0.01	0	0	0.8
226400	0.8	0	0	0	0	0.8
226500	0.8	0	0	0	0	0.8
226600	0.8	0	0	0	0	0.8
226700	0.8	0	0	0	0	0.8
226800	0.8	0	0	0	0	0.8
226900	0.8	0	0	0	0	0.8
227000	0.8	0	0	0	0	0.8
227100	0.8	0	0	0	0	0.8
227200	0.8	0	0	0	0	0.8
227300	0.8	0	0	0	0	0.8
227400	0.8	0.01	0.01	0	0	0.8
227500	0.8	0.01	0.01	0	0	0.8
227600	0.8	0.01	0.01	0	0	0.8
227700	0.8	0	0	0	0	0.8
227800	0.8	0	0	0	0	0.8
227900	0.8	0	0	0	0	0.8
228000	0.8	0	0	0	0	0.8
228100	0.8	0	0	0	0	0.8
228200	0.8	0.01	0.01	0	0	0.8
228300	0.8	0.02	0.02	0	0	0.8
228400	0.8	0.02	0.02	0	0	0.8
228500	0.8	0.02	0.02	0	0	0.8
228600	0.8	0.01	0.01	0	0	0.8
228700	0.8	0.02	0.02	0	0	0.8
228800	0.8	0.02	0.02	0	0	0.8
228900	0.8	0.01	0.01	0	0	0.8
229000	0.8	0.01	0.01	0	0	0.8
229100	0.8	0.01	0.01	0	0	0.8
229200	0.8	0	0	0	0	0.8
229300	0.8	0	0	0	0	0.8
229400	0.8	0	0	0	0	0.8
229500	0.8	0.01	0.01	0	0	0.8
229600	0.8	0.02	0.02	0	0	0.8
229700	0.8	0.02	0.02	0	0	0.8
229800	0.8	0.02	0.02	0	0	0.8
229900	0.8	0.02	0.02	0	0	0.8
230000	0.8	0.01	0.01	0	0	0.8
230100	0.8	0	0	0	0	0.8
230200	0.8	0.01	0.01	0	0	0.8
230300	0.8	0.01	0.01	0	0	0.8
230400	0.8	0.02	0.02	0	0	0.8
230500	0.8	0.01	0.01	0	0	0.8
230600	0.8	0	0	0	0	0.8
230700	0.8	0	0	0	0	0.8
230800	0.8	0	0	0	0	0.8
230900	0.8	0.01	0.01	0	0	0.8
231000	0.8	0.01	0.01	0	0	0.8
231100	0.8	0.01	0.01	0	0	0.8
231200	0.8	0.01	0.01	0	0	0.8
231300	0.8	0	0	0	0	0.8
231400	0.8	0	0	0	0	0.8
231500	0.8	0.01	0.01	0	0	0.8
231600	0.8	0.01	0.01	0	0	0.8
231700	0.8	0.01	0.01	0	0	0.8
231800	0.8	0.01	0.01	0	0	0.8
231900	0.8	0.01	0.01	0	0	0.8
232000	0.8	0.01	0.01	0	0	0.8
232100	0.8	0	0	0	0	0.8
232200	0.8	0	0	0	0	0.8
232300	0.8	0	0	0	0	0.8
232400	0.8	0.02	0.02	0	0	0.8
232500	0.8	0.02	0.02	0	0	0.8
232600	0.8	0.02	0.02	0	0	0.8
232700	0.8	0.02	0.02	0	0	0.8
232800	0.8	0.02	0.02	0	0	0.8
232900	0.8	0.02	0.02	0	0	0.8
233000	0.8	0.01	0.01	0	0	0.8
233100	0.8	0	0	0	0	0.8
233200	0.8	0.01	0.01	0	0	0.8
233300	0.8	0.01	0.01	0	0	0.8
233400	0.8	0	0	0	0	0.8
233500	0.8	0	0	0	0	0.8
233600	0.8	0	0	0	0	0.8
233700	0.8	0.01	0.01	0	0	0.8
233800	0.8	0.02	0.02	0	0	0.8
233900	0.8	0.02	0.02	0	0	0.8
234000	0.8	0.03	0.03	0	0	0.8
234100	0.8	0.03	0.03	0	0	0.8
234200	0.8	0.03	0.03	0	0	0.8
234300	0.8	0.03	0.03	0	0	0.8
234400	0.8	0.03	0.03	0	0	0.8
234500	0.8	0.01	0.01	0	0	0.8
234600	0.8	0.02	0.02	0	0	0.8
234700	0.8	0	0	0	0	0.8
234800	0.8	0	0	0	0	0.8
234900	0.8	0.01	0.01	0	0	0.8
235000	0.8	0.01	0.01	0	0	0.8
235100	0.8	0.01	0.01	0	0	0.8
235200	0.8	0.02	0.02	0	0	0.8
235300	0.8	0.02	0.02	0	0	0.8
235400	0.8	0.02	0.02	0	0	0.8
235500	0.8	0.02	0.02	0	0	0.8
235600	0.8	0.02	0.02	0	0	0.8
235700	0.8	0.01	0.01	0	0	0.8
235800	0.8	0	0	0	0	0.8
235900	0.8	0	0	0	0	0.8
236000	0.8	0	0	0	0	0.8
236100	0.8	0	0	0	0	0.8
236200	0.8	0	0	0	0	0.8
236300	0.8	0.01	0.01	0	0	0.8
236400	0.8	0.01	0.01	0	0	0.8
236500	0.8	0.01	0.01	0	0	0.8
236600	0.8	0.01	0.01	0	0	0.8
236700	0.8	0.03	0.03	0	0	0.8
236800	0.8	0.03	0.03	0	0	0.8
236900	0.8	0.02	0.02	0	0	0.8
237000	0.8	0.02	0.02	0	0	0.8
237100	0.8	0.01	0.01	0	0	0.8
237200	0.8	0.01	0.01	0	0	0.8
237300	0.8	0.01	0.01	0	0	0.8
237400	0.8	0	0	0	0	0.8
237500	0.8	0.01	0.01	0	0	0.8
237600	0.8	0.01	0.01	0	0	0.8
237700	0.8	0.01	0.01	0	0	0.8
237800	0.8	0.02	0.02	0	0	0.8
237900	0.8	0.02	0.02	0	0	0.8
238000	0.8	0.01	0.01	0	0	0.8
238100	0.8	0.02	0.02	0	0	0.8
238200	0.8	0.01	0.01	0	0	0.8
238300	0.8	0.01	0.01	0	0	0.8
238400	0.8	0.01	0.01	0	0	0.8
238500	0.8	0.01	0.01	0	0	0.8
238600	0.8	0.01	0.01	0	0	0.8
238700	0.8	0	0	0	0	0.8
238800	0.8	0	0	0	0	0.8
238900	0.8	0	0	0	0	0.8
239000	0.8	0.01	0.01	0	0	0.8
239100	0.8	0.03	0.03	0	0	0.8
239200	0.8	0.03	0.03	0	0	0.8
239300	0.8	0.03	0.03	0	0	0.8
239400	0.8	0.04	0.04	0	0	0.8
239500	0.8	0.06	0.06	0	0	0.8
239600	0.8	0.05	0.05	0	0	0.8
239700	0.8	0.03	0.03	0	0	0.8
239800	0.8	0.01	0.01	0	0	0.8
239900	0.8	0.02	0.02	0	0	0.8
240000	0.8	0.02	0.02	0	0	0.8
240100	0.8	0.02	0.02	0	0	0.8
240200	0.8	0.02	0.02	0	0	0.8
240300	0.8	0.01	0.01	0	0	0.8
240400	0.8	0.01	0.01	0	0	0.8
240500	0.8	0.01	0.01	0	0	0.8
240600	0.8	0.01	0.01	0	0	0.8
240700	0.8	0.01	0.01	0	0	0.8
240800	0.8	0.02	0.02	0	0	0.8
240900	0.8	0.02	0.02	0	0	0.8
241000	0.8	0.03	0.03	0	0	0.8
241100	0.8	0.02	0.02	0	0	0.8
241200	0.8	0.02	0.02	0	0	0.8
241300	0.8	0	0	0	0	0.8
241400	0.8	0	0	0	0	0.8
241500	0.8	0	0	0	0	0.8
241600	0.8	0.01	0.01	0	0	0.8
241700	0.8	0.02	0.02	0	0	0.8
241800	0.8	0.02	0.02	0	0	0.8
241900	0.8	0.02	0.02	0	0	0.8
242000	0.8	0.02	0.02	0	0	0.8
242100	0.8	0.02	0.02	0	0	0.8
242200	0.8	0.01	0.01	0	0	0.8
242300	0.8	0.01	0.01	0	0	0.8
242400	0.8	0.01	0.01	0	0	0.8
242500	0.8	0.01	0.01	0	0	0.8
242600	0.8	0.01	0.01	0	0	0.8
242700	0.8	0.02	0.02	0	0	0.8
242800	0.8	0.01	0.01	0	0	0.8
242900	0.8	0.01	0.01	0	0	0.8
243000	0.8	0.01	0.01	0	0	0.8
243100	0.8	0.01	0.01	0	0	0.8
243200	0.8	0.01	0.01	0	0	0.8
243300	0.8	0.01	0.01	0	0	0.8
243400	0.8	0.01	0.01	0	0	0.8
243500	0.8	0.02	0.02	0	0	0.8
243600	0.8	0.02	0.02	0	0	0.8
243700	0.8	0.02	0.02	0	0	0.8
243800	0.8	0.02	0.02	0	0	0.8
243900	0.8	0.02	0.02	0	0	0.8
244000	0.8	0.02	0.02	0	0	0.8
244100	0.8	0.02	0.02	0	0	0.8
244200	0.8	0.02	0.02	0	0	0.8
244300	0.8	0.01	0.01	0	0	0.8
244400	0.8	0.02	0.02	0	0	0.8
244500	0.8	0.02	0.02	0	0	0.8
244600	0.8	0.02	0.02	0	0	0.8
244700	0.8	0.01	0.01	0	0	0.8
244800	0.8	0.01	0.01	0	0	0.8
244900	0.8	0.01	0.01	0	0	0.8
245000	0.8	0	0	0	0	0.8
245100	0.8	0.02	0.02	0	0	0.8
245200	0.8	0.02	0.02	0	0	0.8
245300	0.8	0.02	0.02	0	0	0.8
245400	0.8	0.02	0.02	0	0	0.8
245500	0.8	0.02	0.02	0	0	0.8
245600	0.8	0.01	0.01	0	0	0.8
245700	0.8	0	0	0	0	0.8
245800	0.8	0	0	0	0	0.8
245900	0.8	0.01	0.01	0	0	0.8
246000	0.8	0.01	0.01	0	0	0.8
246100	0.8	0.01	0.01	0	0	0.8
246200	0.8	0.01	0.01	0	0	0.8
246300	0.8	0.01	0.01	0	0	0.8
246400	0.8	0	0	0	0	0.8
