100	0.08	0.11	0.11	0	0	0.08
200	0.08	0.08	0.08	0	0	0.08
300	0.09	0.07	0.07	0	0	0.09
400	0.1	0.09	0.09	0	0	0.1
500	0.08	0.1	0.1	0	0	0.08
600	0.06	0.09	0.09	0	0	0.06
700	0.04	0.09	0.09	0	0	0.04
800	0.03	0.08	0.08	0	0	0.03
900	0.05	0.07	0.07	0	0	0.05
1000	0.05	0.07	0.07	0	0	0.05
1100	0.07	0.07	0.07	0	0	0.07
1200	0.06	0.09	0.09	0	0	0.06
1300	0.06	0.1	0.1	0	0	0.06
1400	0.08	0.1	0.1	0	0	0.08
1500	0.07	0.11	0.11	0	0	0.07
1600	0.07	0.08	0.08	0	0	0.07
1700	0.08	0.08	0.08	0	0	0.08
1800	0.08	0.08	0.08	0	0	0.08
1900	0.07	0.06	0.06	0	0	0.07
2000	0.07	0.05	0.05	0	0	0.07
2100	0.08	0.06	0.06	0	0	0.08
2200	0.08	0.07	0.07	0	0	0.08
2300	0.09	0.07	0.07	0	0	0.09
2400	0.11	0.09	0.09	0	0	0.11
2500	0.13	0.09	0.09	0	0	0.13
2600	0.11	0.08	0.08	0	0	0.11
2700	0.11	0.07	0.07	0	0	0.11
2800	0.09	0.08	0.08	0	0	0.09
2900	0.11	0.08	0.08	0	0	0.11
3000	0.12	0.09	0.09	0	0	0.12
3100	0.16	0.09	0.09	0	0	0.16
3200	0.17	0.09	0.09	0	0	0.17
3300	0.16	0.1	0.1	0	0	0.16
3400	0.16	0.1	0.1	0	0	0.16
3500	0.16	0.08	0.08	0	0	0.16
3600	0.15	0.08	0.08	0	0	0.15
3700	0.16	0.07	0.07	0	0	0.16
3800	0.16	0.08	0.08	0	0	0.16
3900	0.16	0.08	0.08	0	0	0.16
4000	0.15	0.09	0.09	0	0	0.15
4100	0.15	0.09	0.09	0	0	0.15
4200	0.15	0.12	0.12	0	0	0.15
4300	0.15	0.12	0.12	0	0	0.15
4400	0.15	0.12	0.12	0	0	0.15
4500	0.16	0.11	0.11	0	0	0.16
4600	0.16	0.12	0.12	0	0	0.16
4700	0.16	0.12	0.12	0	0	0.16
4800	0.17	0.11	0.11	0	0	0.17
4900	0.17	0.11	0.11	0	0	0.17
5000	0.17	0.1	0.1	0	0	0.17
5100	0.17	0.1	0.1	0	0	0.17
5200	0.19	0.1	0.1	0	0	0.19
5300	0.2	0.1	0.1	0	0	0.2
5400	0.2	0.1	0.1	0	0	0.2
5500	0.21	0.09	0.09	0	0	0.21
5600	0.21	0.09	0.09	0	0	0.21
5700	0.2	0.11	0.11	0	0	0.2
5800	0.21	0.11	0.11	0	0	0.21
5900	0.22	0.11	0.11	0	0	0.22
6000	0.22	0.11	0.11	0	0	0.22
6100	0.21	0.11	0.11	0	0	0.21
6200	0.2	0.1	0.1	0	0	0.2
6300	0.2	0.12	0.12	0	0	0.2
6400	0.2	0.12	0.12	0	0	0.2
6500	0.22	0.12	0.12	0	0	0.22
6600	0.23	0.11	0.11	0	0	0.23
6700	0.24	0.1	0.1	0	0	0.24
6800	0.24	0.09	0.09	0	0	0.24
6900	0.25	0.1	0.1	0	0	0.25
7000	0.25	0.09	0.09	0	0	0.25
7100	0.21	0.1	0.1	0	0	0.21
7200	0.23	0.12	0.12	0	0	0.23
7300	0.24	0.14	0.14	0	0	0.24
7400	0.25	0.15	0.15	0	0	0.25
7500	0.27	0.15	0.15	0	0	0.27
7600	0.27	0.14	0.14	0	0	0.27
7700	0.28	0.14	0.14	0	0	0.28
7800	0.28	0.16	0.16	0	0	0.28
7900	0.27	0.15	0.15	0	0	0.27
8000	0.26	0.17	0.17	0	0	0.26
8100	0.26	0.16	0.16	0	0	0.26
8200	0.27	0.15	0.15	0	0	0.27
8300	0.27	0.13	0.13	0	0	0.27
8400	0.29	0.14	0.14	0	0	0.29
8500	0.28	0.15	0.15	0	0	0.28
8600	0.26	0.15	0.15	0	0	0.26
8700	0.26	0.15	0.15	0	0	0.26
8800	0.28	0.16	0.16	0	0	0.28
8900	0.29	0.14	0.14	0	0	0.29
9000	0.3	0.14	0.14	0	0	0.3
9100	0.3	0.14	0.14	0	0	0.3
9200	0.3	0.13	0.13	0	0	0.3
9300	0.3	0.14	0.14	0	0	0.3
9400	0.3	0.16	0.16	0	0	0.3
9500	0.3	0.16	0.16	0	0	0.3
9600	0.32	0.16	0.16	0	0	0.32
9700	0.31	0.16	0.16	0	0	0.31
9800	0.31	0.15	0.15	0	0	0.31
9900	0.32	0.15	0.15	0	0	0.32
10000	0.35	0.16	0.16	0	0	0.35
10100	0.36	0.16	0.16	0	0	0.36
10200	0.37	0.16	0.16	0	0	0.37
10300	0.36	0.16	0.16	0	0	0.36
10400	0.36	0.18	0.18	0	0	0.36
10500	0.37	0.18	0.18	0	0	0.37
10600	0.37	0.17	0.17	0	0	0.37
10700	0.37	0.17	0.17	0	0	0.37
10800	0.37	0.18	0.18	0	0	0.37
10900	0.37	0.18	0.18	0	0	0.37
11000	0.37	0.19	0.19	0	0	0.37
11100	0.37	0.19	0.19	0	0	0.37
11200	0.37	0.19	0.19	0	0	0.37
11300	0.37	0.19	0.19	0	0	0.37
11400	0.38	0.19	0.19	0	0	0.38
11500	0.38	0.19	0.19	0	0	0.38
11600	0.38	0.2	0.2	0	0	0.38
11700	0.38	0.2	0.2	0	0	0.38
11800	0.38	0.19	0.19	0	0	0.38
11900	0.38	0.19	0.19	0	0	0.38
12000	0.38	0.19	0.19	0	0	0.38
12100	0.37	0.19	0.19	0	0	0.37
12200	0.37	0.18	0.18	0	0	0.37
12300	0.37	0.18	0.18	0	0	0.37
12400	0.37	0.19	0.19	0	0	0.37
12500	0.36	0.2	0.2	0	0	0.36
12600	0.36	0.21	0.21	0	0	0.36
12700	0.36	0.21	0.21	0	0	0.36
12800	0.37	0.2	0.2	0	0	0.37
12900	0.36	0.2	0.2	0	0	0.36
13000	0.36	0.2	0.2	0	0	0.36
13100	0.36	0.19	0.19	0	0	0.36
13200	0.38	0.19	0.19	0	0	0.38
13300	0.38	0.2	0.2	0	0	0.38
13400	0.39	0.2	0.2	0	0	0.39
13500	0.4	0.21	0.21	0	0	0.4
13600	0.4	0.21	0.21	0	0	0.4
13700	0.39	0.21	0.21	0	0	0.39
13800	0.4	0.2	0.2	0	0	0.4
13900	0.4	0.19	0.19	0	0	0.4
14000	0.4	0.21	0.21	0	0	0.4
14100	0.41	0.22	0.22	0	0	0.41
14200	0.41	0.22	0.22	0	0	0.41
14300	0.4	0.22	0.22	0	0	0.4
14400	0.4	0.21	0.21	0	0	0.4
14500	0.4	0.21	0.21	0	0	0.4
14600	0.4	0.22	0.22	0	0	0.4
14700	0.41	0.22	0.22	0	0	0.41
14800	0.41	0.22	0.22	0	0	0.41
14900	0.41	0.25	0.25	0	0	0.41
15000	0.43	0.25	0.25	0	0	0.43
15100	0.43	0.24	0.24	0	0	0.43
15200	0.43	0.24	0.24	0	0	0.43
15300	0.44	0.24	0.24	0	0	0.44
15400	0.44	0.23	0.23	0	0	0.44
15500	0.44	0.24	0.24	0	0	0.44
15600	0.44	0.24	0.24	0	0	0.44
15700	0.44	0.25	0.25	0	0	0.44
15800	0.46	0.25	0.25	0	0	0.46
15900	0.46	0.23	0.23	0	0	0.46
16000	0.47	0.23	0.23	0	0	0.47
16100	0.47	0.25	0.25	0	0	0.47
16200	0.47	0.25	0.25	0	0	0.47
16300	0.47	0.25	0.25	0	0	0.47
16400	0.47	0.24	0.24	0	0	0.47
16500	0.47	0.25	0.25	0	0	0.47
16600	0.47	0.26	0.26	0	0	0.47
16700	0.48	0.25	0.25	0	0	0.48
16800	0.48	0.25	0.25	0	0	0.48
16900	0.48	0.25	0.25	0	0	0.48
17000	0.48	0.25	0.25	0	0	0.48
17100	0.48	0.27	0.27	0	0	0.48
17200	0.49	0.26	0.26	0	0	0.49
17300	0.49	0.26	0.26	0	0	0.49
17400	0.5	0.27	0.27	0	0	0.5
17500	0.49	0.28	0.28	0	0	0.49
17600	0.49	0.27	0.27	0	0	0.49
17700	0.49	0.27	0.27	0	0	0.49
17800	0.5	0.27	0.27	0	0	0.5
17900	0.5	0.28	0.28	0	0	0.5
18000	0.5	0.28	0.28	0	0	0.5
18100	0.5	0.27	0.27	0	0	0.5
18200	0.5	0.27	0.27	0	0	0.5
18300	0.5	0.27	0.27	0	0	0.5
18400	0.5	0.27	0.27	0	0	0.5
18500	0.51	0.27	0.27	0	0	0.51
18600	0.53	0.28	0.28	0	0	0.53
18700	0.52	0.28	0.28	0	0	0.52
18800	0.52	0.28	0.28	0	0	0.52
18900	0.53	0.28	0.28	0	0	0.53
19000	0.53	0.28	0.28	0	0	0.53
19100	0.54	0.28	0.28	0	0	0.54
19200	0.53	0.28	0.28	0	0	0.53
19300	0.53	0.27	0.27	0	0	0.53
19400	0.52	0.28	0.28	0	0	0.52
19500	0.52	0.26	0.26	0	0	0.52
19600	0.52	0.26	0.26	0	0	0.52
19700	0.53	0.26	0.26	0	0	0.53
19800	0.52	0.26	0.26	0	0	0.52
19900	0.52	0.26	0.26	0	0	0.52
20000	0.52	0.26	0.26	0	0	0.52
20100	0.52	0.26	0.26	0	0	0.52
20200	0.52	0.27	0.27	0	0	0.52
20300	0.52	0.27	0.27	0	0	0.52
20400	0.52	0.27	0.27	0	0	0.52
20500	0.52	0.29	0.29	0	0	0.52
20600	0.52	0.29	0.29	0	0	0.52
20700	0.52	0.3	0.3	0	0	0.52
20800	0.52	0.28	0.28	0	0	0.52
20900	0.53	0.28	0.28	0	0	0.53
21000	0.53	0.28	0.28	0	0	0.53
21100	0.52	0.28	0.28	0	0	0.52
21200	0.52	0.28	0.28	0	0	0.52
21300	0.52	0.28	0.28	0	0	0.52
21400	0.52	0.28	0.28	0	0	0.52
21500	0.52	0.28	0.28	0	0	0.52
21600	0.52	0.29	0.29	0	0	0.52
21700	0.52	0.29	0.29	0	0	0.52
21800	0.52	0.28	0.28	0	0	0.52
21900	0.52	0.28	0.28	0	0	0.52
22000	0.52	0.28	0.28	0	0	0.52
22100	0.52	0.28	0.28	0	0	0.52
22200	0.52	0.28	0.28	0	0	0.52
22300	0.53	0.28	0.28	0	0	0.53
22400	0.53	0.28	0.28	0	0	0.53
22500	0.53	0.28	0.28	0	0	0.53
22600	0.53	0.28	0.28	0	0	0.53
22700	0.53	0.28	0.28	0	0	0.53
22800	0.53	0.29	0.29	0	0	0.53
22900	0.54	0.3	0.3	0	0	0.54
23000	0.54	0.29	0.29	0	0	0.54
23100	0.54	0.29	0.29	0	0	0.54
23200	0.54	0.29	0.29	0	0	0.54
23300	0.54	0.28	0.28	0	0	0.54
23400	0.54	0.28	0.28	0	0	0.54
23500	0.54	0.28	0.28	0	0	0.54
23600	0.56	0.28	0.28	0	0	0.56
23700	0.56	0.28	0.28	0	0	0.56
23800	0.55	0.28	0.28	0	0	0.55
23900	0.55	0.28	0.28	0	0	0.55
24000	0.55	0.28	0.28	0	0	0.55
24100	0.55	0.28	0.28	0	0	0.55
24200	0.55	0.28	0.28	0	0	0.55
24300	0.55	0.29	0.29	0	0	0.55
24400	0.55	0.29	0.29	0	0	0.55
24500	0.56	0.3	0.3	0	0	0.56
24600	0.56	0.31	0.31	0	0	0.56
24700	0.57	0.31	0.31	0	0	0.57
24800	0.57	0.31	0.31	0	0	0.57
24900	0.57	0.31	0.31	0	0	0.57
25000	0.57	0.31	0.31	0	0	0.57
25100	0.57	0.31	0.31	0	0	0.57
25200	0.57	0.32	0.32	0	0	0.57
25300	0.56	0.33	0.33	0	0	0.56
25400	0.56	0.33	0.33	0	0	0.56
25500	0.57	0.33	0.33	0	0	0.57
25600	0.56	0.33	0.33	0	0	0.56
25700	0.56	0.32	0.32	0	0	0.56
25800	0.56	0.31	0.31	0	0	0.56
25900	0.56	0.3	0.3	0	0	0.56
26000	0.55	0.3	0.3	0	0	0.55
26100	0.55	0.3	0.3	0	0	0.55
26200	0.56	0.3	0.3	0	0	0.56
26300	0.56	0.3	0.3	0	0	0.56
26400	0.56	0.3	0.3	0	0	0.56
26500	0.57	0.3	0.3	0	0	0.57
26600	0.57	0.31	0.31	0	0	0.57
26700	0.57	0.31	0.31	0	0	0.57
26800	0.56	0.31	0.31	0	0	0.56
26900	0.56	0.31	0.31	0	0	0.56
27000	0.56	0.31	0.31	0	0	0.56
27100	0.56	0.31	0.31	0	0	0.56
27200	0.57	0.3	0.3	0	0	0.57
27300	0.57	0.31	0.31	0	0	0.57
27400	0.57	0.31	0.31	0	0	0.57
27500	0.57	0.3	0.3	0	0	0.57
27600	0.56	0.3	0.3	0	0	0.56
27700	0.56	0.3	0.3	0	0	0.56
27800	0.56	0.32	0.32	0	0	0.56
27900	0.56	0.32	0.32	0	0	0.56
28000	0.57	0.31	0.31	0	0	0.57
28100	0.57	0.31	0.31	0	0	0.57
28200	0.57	0.31	0.31	0	0	0.57
28300	0.57	0.31	0.31	0	0	0.57
28400	0.57	0.32	0.32	0	0	0.57
28500	0.58	0.32	0.32	0	0	0.58
28600	0.58	0.32	0.32	0	0	0.58
28700	0.58	0.32	0.32	0	0	0.58
28800	0.59	0.32	0.32	0	0	0.59
28900	0.59	0.32	0.32	0	0	0.59
29000	0.59	0.32	0.32	0	0	0.59
29100	0.59	0.33	0.33	0	0	0.59
29200	0.58	0.32	0.32	0	0	0.58
29300	0.58	0.32	0.32	0	0	0.58
29400	0.58	0.32	0.32	0	0	0.58
29500	0.58	0.32	0.32	0	0	0.58
29600	0.58	0.32	0.32	0	0	0.58
29700	0.58	0.32	0.32	0	0	0.58
29800	0.58	0.32	0.32	0	0	0.58
29900	0.58	0.32	0.32	0	0	0.58
30000	0.58	0.32	0.32	0	0	0.58
30100	0.58	0.32	0.32	0	0	0.58
30200	0.58	0.32	0.32	0	0	0.58
30300	0.59	0.32	0.32	0	0	0.59
30400	0.59	0.32	0.32	0	0	0.59
30500	0.6	0.32	0.32	0	0	0.6
30600	0.59	0.33	0.33	0	0	0.59
30700	0.59	0.34	0.34	0	0	0.59
30800	0.59	0.32	0.32	0	0	0.59
30900	0.59	0.32	0.32	0	0	0.59
31000	0.59	0.32	0.32	0	0	0.59
31100	0.59	0.32	0.32	0	0	0.59
31200	0.58	0.32	0.32	0	0	0.58
31300	0.58	0.32	0.32	0	0	0.58
31400	0.58	0.32	0.32	0	0	0.58
31500	0.58	0.32	0.32	0	0	0.58
31600	0.58	0.34	0.34	0	0	0.58
31700	0.6	0.34	0.34	0	0	0.6
31800	0.59	0.34	0.34	0	0	0.59
31900	0.59	0.34	0.34	0	0	0.59
32000	0.59	0.34	0.34	0	0	0.59
32100	0.6	0.34	0.34	0	0	0.6
32200	0.6	0.34	0.34	0	0	0.6
32300	0.6	0.34	0.34	0	0	0.6
32400	0.6	0.34	0.34	0	0	0.6
32500	0.6	0.34	0.34	0	0	0.6
32600	0.6	0.34	0.34	0	0	0.6
32700	0.6	0.34	0.34	0	0	0.6
32800	0.6	0.34	0.34	0	0	0.6
32900	0.6	0.34	0.34	0	0	0.6
33000	0.6	0.34	0.34	0	0	0.6
33100	0.6	0.34	0.34	0	0	0.6
33200	0.6	0.34	0.34	0	0	0.6
33300	0.6	0.34	0.34	0	0	0.6
33400	0.6	0.34	0.34	0	0	0.6
33500	0.6	0.34	0.34	0	0	0.6
33600	0.6	0.34	0.34	0	0	0.6
33700	0.6	0.34	0.34	0	0	0.6
33800	0.6	0.34	0.34	0	0	0.6
33900	0.6	0.34	0.34	0	0	0.6
34000	0.61	0.34	0.34	0	0	0.61
34100	0.61	0.34	0.34	0	0	0.61
34200	0.6	0.34	0.34	0	0	0.6
34300	0.6	0.34	0.34	0	0	0.6
34400	0.6	0.34	0.34	0	0	0.6
34500	0.6	0.34	0.34	0	0	0.6
34600	0.61	0.34	0.34	0	0	0.61
34700	0.6	0.34	0.34	0	0	0.6
34800	0.6	0.33	0.33	0	0	0.6
34900	0.6	0.33	0.33	0	0	0.6
35000	0.61	0.33	0.33	0	0	0.61
35100	0.62	0.33	0.33	0	0	0.62
35200	0.62	0.33	0.33	0	0	0.62
35300	0.62	0.33	0.33	0	0	0.62
35400	0.62	0.33	0.33	0	0	0.62
35500	0.62	0.33	0.33	0	0	0.62
35600	0.61	0.33	0.33	0	0	0.61
35700	0.61	0.33	0.33	0	0	0.61
35800	0.61	0.33	0.33	0	0	0.61
35900	0.61	0.33	0.33	0	0	0.61
36000	0.61	0.33	0.33	0	0	0.61
36100	0.61	0.34	0.34	0	0	0.61
36200	0.61	0.34	0.34	0	0	0.61
36300	0.61	0.34	0.34	0	0	0.61
36400	0.61	0.35	0.35	0	0	0.61
36500	0.6	0.35	0.35	0	0	0.6
36600	0.6	0.35	0.35	0	0	0.6
36700	0.6	0.35	0.35	0	0	0.6
36800	0.6	0.35	0.35	0	0	0.6
36900	0.61	0.35	0.35	0	0	0.61
37000	0.61	0.35	0.35	0	0	0.61
37100	0.61	0.35	0.35	0	0	0.61
37200	0.61	0.35	0.35	0	0	0.61
37300	0.61	0.35	0.35	0	0	0.61
37400	0.61	0.34	0.34	0	0	0.61
37500	0.61	0.34	0.34	0	0	0.61
37600	0.61	0.34	0.34	0	0	0.61
37700	0.61	0.34	0.34	0	0	0.61
37800	0.61	0.34	0.34	0	0	0.61
37900	0.61	0.34	0.34	0	0	0.61
38000	0.61	0.34	0.34	0	0	0.61
38100	0.61	0.34	0.34	0	0	0.61
38200	0.61	0.34	0.34	0	0	0.61
38300	0.61	0.34	0.34	0	0	0.61
38400	0.61	0.34	0.34	0	0	0.61
38500	0.61	0.34	0.34	0	0	0.61
38600	0.61	0.34	0.34	0	0	0.61
38700	0.61	0.34	0.34	0	0	0.61
38800	0.61	0.34	0.34	0	0	0.61
38900	0.61	0.34	0.34	0	0	0.61
39000	0.61	0.34	0.34	0	0	0.61
39100	0.61	0.34	0.34	0	0	0.61
39200	0.61	0.34	0.34	0	0	0.61
39300	0.61	0.34	0.34	0	0	0.61
39400	0.61	0.34	0.34	0	0	0.61
39500	0.61	0.34	0.34	0	0	0.61
39600	0.61	0.34	0.34	0	0	0.61
39700	0.61	0.34	0.34	0	0	0.61
39800	0.61	0.34	0.34	0	0	0.61
39900	0.62	0.34	0.34	0	0	0.62
40000	0.62	0.34	0.34	0	0	0.62
40100	0.62	0.34	0.34	0	0	0.62
40200	0.62	0.34	0.34	0	0	0.62
40300	0.62	0.34	0.34	0	0	0.62
40400	0.62	0.34	0.34	0	0	0.62
40500	0.62	0.34	0.34	0	0	0.62
40600	0.62	0.34	0.34	0	0	0.62
40700	0.62	0.34	0.34	0	0	0.62
40800	0.62	0.34	0.34	0	0	0.62
40900	0.62	0.34	0.34	0	0	0.62
41000	0.62	0.34	0.34	0	0	0.62
41100	0.62	0.34	0.34	0	0	0.62
41200	0.62	0.34	0.34	0	0	0.62
41300	0.62	0.34	0.34	0	0	0.62
41400	0.62	0.34	0.34	0	0	0.62
41500	0.62	0.34	0.34	0	0	0.62
41600	0.62	0.34	0.34	0	0	0.62
41700	0.62	0.34	0.34	0	0	0.62
41800	0.62	0.34	0.34	0	0	0.62
41900	0.62	0.34	0.34	0	0	0.62
42000	0.62	0.34	0.34	0	0	0.62
42100	0.62	0.35	0.35	0	0	0.62
42200	0.62	0.35	0.35	0	0	0.62
42300	0.62	0.35	0.35	0	0	0.62
42400	0.62	0.34	0.34	0	0	0.62
42500	0.63	0.34	0.34	0	0	0.63
42600	0.63	0.34	0.34	0	0	0.63
42700	0.63	0.34	0.34	0	0	0.63
42800	0.63	0.34	0.34	0	0	0.63
42900	0.63	0.34	0.34	0	0	0.63
43000	0.63	0.34	0.34	0	0	0.63
43100	0.63	0.34	0.34	0	0	0.63
43200	0.63	0.34	0.34	0	0	0.63
43300	0.63	0.34	0.34	0	0	0.63
43400	0.63	0.34	0.34	0	0	0.63
43500	0.63	0.34	0.34	0	0	0.63
43600	0.63	0.35	0.35	0	0	0.63
43700	0.63	0.35	0.35	0	0	0.63
43800	0.63	0.35	0.35	0	0	0.63
43900	0.63	0.35	0.35	0	0	0.63
44000	0.63	0.35	0.35	0	0	0.63
44100	0.63	0.35	0.35	0	0	0.63
44200	0.64	0.35	0.35	0	0	0.64
44300	0.63	0.35	0.35	0	0	0.63
44400	0.63	0.35	0.35	0	0	0.63
44500	0.63	0.35	0.35	0	0	0.63
44600	0.63	0.35	0.35	0	0	0.63
44700	0.63	0.35	0.35	0	0	0.63
44800	0.63	0.35	0.35	0	0	0.63
44900	0.63	0.35	0.35	0	0	0.63
45000	0.63	0.35	0.35	0	0	0.63
45100	0.63	0.35	0.35	0	0	0.63
45200	0.63	0.35	0.35	0	0	0.63
45300	0.63	0.35	0.35	0	0	0.63
45400	0.63	0.35	0.35	0	0	0.63
45500	0.63	0.35	0.35	0	0	0.63
45600	0.63	0.35	0.35	0	0	0.63
45700	0.63	0.35	0.35	0	0	0.63
45800	0.63	0.35	0.35	0	0	0.63
45900	0.63	0.35	0.35	0	0	0.63
46000	0.63	0.35	0.35	0	0	0.63
46100	0.63	0.35	0.35	0	0	0.63
46200	0.63	0.35	0.35	0	0	0.63
46300	0.63	0.35	0.35	0	0	0.63
46400	0.63	0.35	0.35	0	0	0.63
46500	0.63	0.35	0.35	0	0	0.63
46600	0.63	0.35	0.35	0	0	0.63
46700	0.63	0.35	0.35	0	0	0.63
46800	0.63	0.35	0.35	0	0	0.63
46900	0.63	0.35	0.35	0	0	0.63
47000	0.63	0.35	0.35	0	0	0.63
47100	0.63	0.35	0.35	0	0	0.63
47200	0.63	0.35	0.35	0	0	0.63
47300	0.63	0.35	0.35	0	0	0.63
47400	0.63	0.35	0.35	0	0	0.63
47500	0.63	0.35	0.35	0	0	0.63
47600	0.63	0.35	0.35	0	0	0.63
47700	0.63	0.35	0.35	0	0	0.63
47800	0.63	0.35	0.35	0	0	0.63
47900	0.63	0.35	0.35	0	0	0.63
48000	0.63	0.35	0.35	0	0	0.63
48100	0.63	0.35	0.35	0	0	0.63
48200	0.63	0.35	0.35	0	0	0.63
48300	0.63	0.36	0.36	0	0	0.63
48400	0.63	0.36	0.36	0	0	0.63
48500	0.63	0.36	0.36	0	0	0.63
48600	0.63	0.36	0.36	0	0	0.63
48700	0.63	0.36	0.36	0	0	0.63
48800	0.63	0.36	0.36	0	0	0.63
48900	0.63	0.36	0.36	0	0	0.63
49000	0.63	0.36	0.36	0	0	0.63
49100	0.63	0.36	0.36	0	0	0.63
49200	0.63	0.36	0.36	0	0	0.63
49300	0.63	0.36	0.36	0	0	0.63
49400	0.63	0.36	0.36	0	0	0.63
49500	0.63	0.36	0.36	0	0	0.63
49600	0.63	0.36	0.36	0	0	0.63
49700	0.63	0.36	0.36	0	0	0.63
49800	0.63	0.36	0.36	0	0	0.63
49900	0.62	0.36	0.36	0	0	0.62
50000	0.62	0.36	0.36	0	0	0.62
50100	0.62	0.36	0.36	0	0	0.62
50200	0.62	0.36	0.36	0	0	0.62
50300	0.62	0.36	0.36	0	0	0.62
50400	0.62	0.37	0.37	0	0	0.62
50500	0.62	0.37	0.37	0	0	0.62
50600	0.62	0.37	0.37	0	0	0.62
50700	0.62	0.37	0.37	0	0	0.62
50800	0.62	0.37	0.37	0	0	0.62
50900	0.62	0.37	0.37	0	0	0.62
51000	0.62	0.37	0.37	0	0	0.62
51100	0.62	0.37	0.37	0	0	0.62
51200	0.62	0.37	0.37	0	0	0.62
51300	0.62	0.37	0.37	0	0	0.62
51400	0.62	0.37	0.37	0	0	0.62
51500	0.62	0.37	0.37	0	0	0.62
51600	0.62	0.37	0.37	0	0	0.62
51700	0.62	0.37	0.37	0	0	0.62
51800	0.62	0.37	0.37	0	0	0.62
51900	0.62	0.37	0.37	0	0	0.62
52000	0.62	0.37	0.37	0	0	0.62
52100	0.62	0.37	0.37	0	0	0.62
52200	0.62	0.37	0.37	0	0	0.62
52300	0.62	0.37	0.37	0	0	0.62
52400	0.62	0.37	0.37	0	0	0.62
52500	0.62	0.37	0.37	0	0	0.62
52600	0.62	0.37	0.37	0	0	0.62
52700	0.62	0.37	0.37	0	0	0.62
52800	0.62	0.37	0.37	0	0	0.62
52900	0.62	0.37	0.37	0	0	0.62
53000	0.62	0.37	0.37	0	0	0.62
53100	0.62	0.37	0.37	0	0	0.62
53200	0.62	0.37	0.37	0	0	0.62
53300	0.62	0.37	0.37	0	0	0.62
53400	0.61	0.37	0.37	0	0	0.61
53500	0.61	0.37	0.37	0	0	0.61
53600	0.61	0.38	0.38	0	0	0.61
53700	0.61	0.38	0.38	0	0	0.61
53800	0.61	0.38	0.38	0	0	0.61
53900	0.61	0.38	0.38	0	0	0.61
54000	0.61	0.38	0.38	0	0	0.61
54100	0.61	0.38	0.38	0	0	0.61
54200	0.61	0.38	0.38	0	0	0.61
54300	0.61	0.38	0.38	0	0	0.61
54400	0.61	0.38	0.38	0	0	0.61
54500	0.61	0.38	0.38	0	0	0.61
54600	0.61	0.38	0.38	0	0	0.61
54700	0.6	0.38	0.38	0	0	0.6
54800	0.6	0.38	0.38	0	0	0.6
54900	0.6	0.38	0.38	0	0	0.6
55000	0.6	0.38	0.38	0	0	0.6
55100	0.6	0.38	0.38	0	0	0.6
55200	0.6	0.38	0.38	0	0	0.6
55300	0.6	0.38	0.38	0	0	0.6
55400	0.6	0.38	0.38	0	0	0.6
55500	0.6	0.38	0.38	0	0	0.6
55600	0.6	0.38	0.38	0	0	0.6
55700	0.6	0.38	0.38	0	0	0.6
55800	0.61	0.38	0.38	0	0	0.61
55900	0.6	0.38	0.38	0	0	0.6
56000	0.6	0.37	0.37	0	0	0.6
56100	0.6	0.36	0.36	0	0	0.6
56200	0.6	0.36	0.36	0	0	0.6
56300	0.6	0.36	0.36	0	0	0.6
56400	0.6	0.36	0.36	0	0	0.6
56500	0.6	0.36	0.36	0	0	0.6
56600	0.6	0.36	0.36	0	0	0.6
56700	0.6	0.36	0.36	0	0	0.6
56800	0.6	0.36	0.36	0	0	0.6
56900	0.6	0.36	0.36	0	0	0.6
57000	0.6	0.36	0.36	0	0	0.6
57100	0.6	0.36	0.36	0	0	0.6
57200	0.59	0.36	0.36	0	0	0.59
57300	0.6	0.36	0.36	0	0	0.6
57400	0.6	0.36	0.36	0	0	0.6
57500	0.6	0.36	0.36	0	0	0.6
57600	0.6	0.36	0.36	0	0	0.6
57700	0.6	0.36	0.36	0	0	0.6
57800	0.6	0.36	0.36	0	0	0.6
57900	0.59	0.36	0.36	0	0	0.59
58000	0.59	0.36	0.36	0	0	0.59
58100	0.59	0.36	0.36	0	0	0.59
58200	0.59	0.36	0.36	0	0	0.59
58300	0.59	0.36	0.36	0	0	0.59
58400	0.59	0.36	0.36	0	0	0.59
58500	0.59	0.36	0.36	0	0	0.59
58600	0.59	0.36	0.36	0	0	0.59
58700	0.59	0.36	0.36	0	0	0.59
58800	0.59	0.36	0.36	0	0	0.59
58900	0.59	0.36	0.36	0	0	0.59
59000	0.59	0.36	0.36	0	0	0.59
59100	0.6	0.36	0.36	0	0	0.6
59200	0.6	0.36	0.36	0	0	0.6
59300	0.6	0.36	0.36	0	0	0.6
59400	0.6	0.36	0.36	0	0	0.6
59500	0.6	0.36	0.36	0	0	0.6
59600	0.6	0.36	0.36	0	0	0.6
59700	0.6	0.36	0.36	0	0	0.6
59800	0.6	0.36	0.36	0	0	0.6
59900	0.61	0.36	0.36	0	0	0.61
60000	0.61	0.36	0.36	0	0	0.61
60100	0.61	0.36	0.36	0	0	0.61
60200	0.61	0.36	0.36	0	0	0.61
60300	0.61	0.36	0.36	0	0	0.61
60400	0.61	0.36	0.36	0	0	0.61
60500	0.61	0.36	0.36	0	0	0.61
60600	0.61	0.36	0.36	0	0	0.61
60700	0.61	0.36	0.36	0	0	0.61
60800	0.61	0.36	0.36	0	0	0.61
60900	0.61	0.36	0.36	0	0	0.61
61000	0.61	0.36	0.36	0	0	0.61
61100	0.61	0.36	0.36	0	0	0.61
61200	0.62	0.36	0.36	0	0	0.62
61300	0.62	0.36	0.36	0	0	0.62
61400	0.62	0.36	0.36	0	0	0.62
61500	0.62	0.36	0.36	0	0	0.62
61600	0.62	0.36	0.36	0	0	0.62
61700	0.62	0.36	0.36	0	0	0.62
61800	0.62	0.36	0.36	0	0	0.62
61900	0.62	0.36	0.36	0	0	0.62
62000	0.62	0.36	0.36	0	0	0.62
62100	0.62	0.36	0.36	0	0	0.62
62200	0.62	0.36	0.36	0	0	0.62
62300	0.62	0.36	0.36	0	0	0.62
62400	0.62	0.36	0.36	0	0	0.62
62500	0.62	0.36	0.36	0	0	0.62
62600	0.62	0.36	0.36	0	0	0.62
62700	0.62	0.36	0.36	0	0	0.62
62800	0.62	0.36	0.36	0	0	0.62
62900	0.62	0.36	0.36	0	0	0.62
63000	0.62	0.36	0.36	0	0	0.62
63100	0.62	0.36	0.36	0	0	0.62
63200	0.62	0.36	0.36	0	0	0.62
63300	0.62	0.36	0.36	0	0	0.62
63400	0.62	0.36	0.36	0	0	0.62
63500	0.62	0.36	0.36	0	0	0.62
63600	0.62	0.36	0.36	0	0	0.62
63700	0.62	0.36	0.36	0	0	0.62
63800	0.62	0.36	0.36	0	0	0.62
63900	0.62	0.36	0.36	0	0	0.62
64000	0.62	0.36	0.36	0	0	0.62
64100	0.62	0.36	0.36	0	0	0.62
64200	0.61	0.36	0.36	0	0	0.61
64300	0.61	0.36	0.36	0	0	0.61
64400	0.61	0.36	0.36	0	0	0.61
64500	0.61	0.36	0.36	0	0	0.61
64600	0.61	0.36	0.36	0	0	0.61
64700	0.61	0.36	0.36	0	0	0.61
64800	0.61	0.36	0.36	0	0	0.61
64900	0.61	0.36	0.36	0	0	0.61
65000	0.61	0.36	0.36	0	0	0.61
65100	0.61	0.36	0.36	0	0	0.61
65200	0.61	0.36	0.36	0	0	0.61
65300	0.61	0.36	0.36	0	0	0.61
65400	0.61	0.36	0.36	0	0	0.61
65500	0.61	0.36	0.36	0	0	0.61
65600	0.61	0.36	0.36	0	0	0.61
65700	0.61	0.36	0.36	0	0	0.61
65800	0.61	0.36	0.36	0	0	0.61
65900	0.61	0.36	0.36	0	0	0.61
66000	0.61	0.36	0.36	0	0	0.61
66100	0.61	0.36	0.36	0	0	0.61
66200	0.61	0.36	0.36	0	0	0.61
66300	0.61	0.36	0.36	0	0	0.61
66400	0.61	0.36	0.36	0	0	0.61
66500	0.61	0.36	0.36	0	0	0.61
66600	0.61	0.36	0.36	0	0	0.61
66700	0.61	0.36	0.36	0	0	0.61
66800	0.61	0.36	0.36	0	0	0.61
66900	0.61	0.36	0.36	0	0	0.61
67000	0.61	0.36	0.36	0	0	0.61
67100	0.61	0.36	0.36	0	0	0.61
67200	0.61	0.36	0.36	0	0	0.61
67300	0.61	0.36	0.36	0	0	0.61
67400	0.61	0.36	0.36	0	0	0.61
67500	0.61	0.36	0.36	0	0	0.61
67600	0.61	0.36	0.36	0	0	0.61
67700	0.61	0.36	0.36	0	0	0.61
67800	0.61	0.36	0.36	0	0	0.61
67900	0.61	0.36	0.36	0	0	0.61
68000	0.61	0.36	0.36	0	0	0.61
68100	0.61	0.36	0.36	0	0	0.61
68200	0.61	0.36	0.36	0	0	0.61
68300	0.61	0.36	0.36	0	0	0.61
68400	0.61	0.36	0.36	0	0	0.61
68500	0.61	0.36	0.36	0	0	0.61
68600	0.61	0.36	0.36	0	0	0.61
68700	0.61	0.36	0.36	0	0	0.61
68800	0.61	0.36	0.36	0	0	0.61
68900	0.61	0.36	0.36	0	0	0.61
69000	0.61	0.36	0.36	0	0	0.61
69100	0.61	0.36	0.36	0	0	0.61
69200	0.61	0.36	0.36	0	0	0.61
69300	0.61	0.36	0.36	0	0	0.61
69400	0.61	0.36	0.36	0	0	0.61
69500	0.61	0.36	0.36	0	0	0.61
69600	0.61	0.36	0.36	0	0	0.61
69700	0.61	0.36	0.36	0	0	0.61
69800	0.61	0.36	0.36	0	0	0.61
69900	0.61	0.36	0.36	0	0	0.61
70000	0.61	0.36	0.36	0	0	0.61
70100	0.61	0.36	0.36	0	0	0.61
70200	0.61	0.36	0.36	0	0	0.61
70300	0.61	0.36	0.36	0	0	0.61
70400	0.61	0.36	0.36	0	0	0.61
70500	0.61	0.36	0.36	0	0	0.61
70600	0.61	0.36	0.36	0	0	0.61
70700	0.61	0.36	0.36	0	0	0.61
70800	0.61	0.36	0.36	0	0	0.61
70900	0.61	0.36	0.36	0	0	0.61
71000	0.6	0.36	0.36	0	0	0.6
71100	0.6	0.36	0.36	0	0	0.6
71200	0.6	0.36	0.36	0	0	0.6
71300	0.6	0.36	0.36	0	0	0.6
71400	0.6	0.36	0.36	0	0	0.6
71500	0.6	0.36	0.36	0	0	0.6
71600	0.6	0.36	0.36	0	0	0.6
71700	0.6	0.36	0.36	0	0	0.6
71800	0.6	0.36	0.36	0	0	0.6
71900	0.6	0.36	0.36	0	0	0.6
72000	0.6	0.36	0.36	0	0	0.6
72100	0.6	0.36	0.36	0	0	0.6
72200	0.6	0.36	0.36	0	0	0.6
72300	0.61	0.36	0.36	0	0	0.61
72400	0.61	0.36	0.36	0	0	0.61
72500	0.6	0.36	0.36	0	0	0.6
72600	0.6	0.36	0.36	0	0	0.6
72700	0.6	0.36	0.36	0	0	0.6
72800	0.6	0.36	0.36	0	0	0.6
72900	0.6	0.36	0.36	0	0	0.6
73000	0.6	0.36	0.36	0	0	0.6
73100	0.6	0.36	0.36	0	0	0.6
73200	0.6	0.36	0.36	0	0	0.6
73300	0.6	0.36	0.36	0	0	0.6
73400	0.6	0.36	0.36	0	0	0.6
73500	0.6	0.36	0.36	0	0	0.6
73600	0.6	0.36	0.36	0	0	0.6
73700	0.6	0.36	0.36	0	0	0.6
73800	0.6	0.36	0.36	0	0	0.6
73900	0.6	0.36	0.36	0	0	0.6
74000	0.6	0.36	0.36	0	0	0.6
74100	0.6	0.36	0.36	0	0	0.6
74200	0.6	0.36	0.36	0	0	0.6
74300	0.6	0.36	0.36	0	0	0.6
74400	0.6	0.36	0.36	0	0	0.6
74500	0.6	0.36	0.36	0	0	0.6
74600	0.6	0.36	0.36	0	0	0.6
74700	0.6	0.36	0.36	0	0	0.6
74800	0.6	0.36	0.36	0	0	0.6
74900	0.6	0.36	0.36	0	0	0.6
75000	0.6	0.36	0.36	0	0	0.6
75100	0.6	0.36	0.36	0	0	0.6
75200	0.6	0.36	0.36	0	0	0.6
75300	0.6	0.36	0.36	0	0	0.6
75400	0.6	0.36	0.36	0	0	0.6
75500	0.6	0.36	0.36	0	0	0.6
75600	0.6	0.36	0.36	0	0	0.6
75700	0.6	0.36	0.36	0	0	0.6
75800	0.6	0.36	0.36	0	0	0.6
75900	0.6	0.36	0.36	0	0	0.6
76000	0.6	0.37	0.37	0	0	0.6
76100	0.6	0.37	0.37	0	0	0.6
76200	0.6	0.37	0.37	0	0	0.6
76300	0.6	0.37	0.37	0	0	0.6
76400	0.6	0.37	0.37	0	0	0.6
76500	0.6	0.37	0.37	0	0	0.6
76600	0.6	0.37	0.37	0	0	0.6
76700	0.6	0.37	0.37	0	0	0.6
76800	0.6	0.37	0.37	0	0	0.6
76900	0.6	0.37	0.37	0	0	0.6
77000	0.6	0.37	0.37	0	0	0.6
77100	0.6	0.37	0.37	0	0	0.6
77200	0.6	0.37	0.37	0	0	0.6
77300	0.6	0.37	0.37	0	0	0.6
77400	0.6	0.37	0.37	0	0	0.6
77500	0.6	0.37	0.37	0	0	0.6
77600	0.6	0.37	0.37	0	0	0.6
77700	0.6	0.37	0.37	0	0	0.6
77800	0.6	0.37	0.37	0	0	0.6
77900	0.6	0.37	0.37	0	0	0.6
78000	0.6	0.37	0.37	0	0	0.6
78100	0.6	0.37	0.37	0	0	0.6
78200	0.6	0.37	0.37	0	0	0.6
78300	0.6	0.37	0.37	0	0	0.6
78400	0.6	0.37	0.37	0	0	0.6
78500	0.6	0.37	0.37	0	0	0.6
78600	0.6	0.37	0.37	0	0	0.6
78700	0.6	0.37	0.37	0	0	0.6
78800	0.6	0.37	0.37	0	0	0.6
78900	0.6	0.37	0.37	0	0	0.6
79000	0.6	0.37	0.37	0	0	0.6
79100	0.6	0.37	0.37	0	0	0.6
79200	0.6	0.37	0.37	0	0	0.6
79300	0.6	0.37	0.37	0	0	0.6
79400	0.6	0.37	0.37	0	0	0.6
79500	0.6	0.37	0.37	0	0	0.6
79600	0.6	0.37	0.37	0	0	0.6
79700	0.6	0.37	0.37	0	0	0.6
79800	0.6	0.37	0.37	0	0	0.6
79900	0.6	0.37	0.37	0	0	0.6
80000	0.6	0.37	0.37	0	0	0.6
80100	0.6	0.37	0.37	0	0	0.6
80200	0.6	0.37	0.37	0	0	0.6
80300	0.6	0.37	0.37	0	0	0.6
80400	0.6	0.37	0.37	0	0	0.6
80500	0.6	0.37	0.37	0	0	0.6
80600	0.6	0.37	0.37	0	0	0.6
80700	0.6	0.37	0.37	0	0	0.6
80800	0.6	0.37	0.37	0	0	0.6
80900	0.6	0.37	0.37	0	0	0.6
81000	0.6	0.37	0.37	0	0	0.6
81100	0.6	0.37	0.37	0	0	0.6
81200	0.6	0.37	0.37	0	0	0.6
81300	0.6	0.37	0.37	0	0	0.6
81400	0.6	0.37	0.37	0	0	0.6
81500	0.6	0.37	0.37	0	0	0.6
81600	0.59	0.37	0.37	0	0	0.59
81700	0.59	0.37	0.37	0	0	0.59
81800	0.6	0.37	0.37	0	0	0.6
81900	0.6	0.37	0.37	0	0	0.6
82000	0.6	0.37	0.37	0	0	0.6
82100	0.61	0.38	0.38	0	0	0.61
82200	0.61	0.38	0.38	0	0	0.61
82300	0.61	0.38	0.38	0	0	0.61
82400	0.61	0.38	0.38	0	0	0.61
82500	0.61	0.38	0.38	0	0	0.61
82600	0.61	0.38	0.38	0	0	0.61
82700	0.61	0.38	0.38	0	0	0.61
82800	0.61	0.39	0.39	0	0	0.61
82900	0.61	0.39	0.39	0	0	0.61
83000	0.61	0.39	0.39	0	0	0.61
83100	0.61	0.39	0.39	0	0	0.61
83200	0.61	0.39	0.39	0	0	0.61
83300	0.61	0.39	0.39	0	0	0.61
83400	0.61	0.39	0.39	0	0	0.61
83500	0.61	0.38	0.38	0	0	0.61
83600	0.61	0.38	0.38	0	0	0.61
83700	0.61	0.38	0.38	0	0	0.61
83800	0.61	0.38	0.38	0	0	0.61
83900	0.61	0.38	0.38	0	0	0.61
84000	0.61	0.38	0.38	0	0	0.61
84100	0.61	0.38	0.38	0	0	0.61
84200	0.61	0.38	0.38	0	0	0.61
84300	0.61	0.38	0.38	0	0	0.61
84400	0.61	0.38	0.38	0	0	0.61
84500	0.61	0.38	0.38	0	0	0.61
84600	0.61	0.39	0.39	0	0	0.61
84700	0.61	0.39	0.39	0	0	0.61
84800	0.61	0.39	0.39	0	0	0.61
84900	0.61	0.39	0.39	0	0	0.61
85000	0.61	0.39	0.39	0	0	0.61
85100	0.61	0.39	0.39	0	0	0.61
85200	0.61	0.39	0.39	0	0	0.61
85300	0.61	0.39	0.39	0	0	0.61
85400	0.61	0.39	0.39	0	0	0.61
85500	0.61	0.39	0.39	0	0	0.61
85600	0.61	0.39	0.39	0	0	0.61
85700	0.61	0.38	0.38	0	0	0.61
85800	0.61	0.38	0.38	0	0	0.61
85900	0.61	0.38	0.38	0	0	0.61
86000	0.61	0.38	0.38	0	0	0.61
86100	0.61	0.38	0.38	0	0	0.61
86200	0.61	0.38	0.38	0	0	0.61
86300	0.62	0.38	0.38	0	0	0.62
86400	0.62	0.38	0.38	0	0	0.62
86500	0.62	0.38	0.38	0	0	0.62
86600	0.62	0.38	0.38	0	0	0.62
86700	0.62	0.38	0.38	0	0	0.62
86800	0.62	0.38	0.38	0	0	0.62
86900	0.62	0.38	0.38	0	0	0.62
87000	0.62	0.38	0.38	0	0	0.62
87100	0.62	0.38	0.38	0	0	0.62
87200	0.62	0.38	0.38	0	0	0.62
87300	0.62	0.38	0.38	0	0	0.62
87400	0.62	0.38	0.38	0	0	0.62
87500	0.62	0.38	0.38	0	0	0.62
87600	0.62	0.38	0.38	0	0	0.62
87700	0.62	0.38	0.38	0	0	0.62
87800	0.62	0.38	0.38	0	0	0.62
87900	0.62	0.38	0.38	0	0	0.62
88000	0.62	0.38	0.38	0	0	0.62
88100	0.62	0.38	0.38	0	0	0.62
88200	0.62	0.38	0.38	0	0	0.62
88300	0.62	0.38	0.38	0	0	0.62
88400	0.62	0.38	0.38	0	0	0.62
88500	0.62	0.38	0.38	0	0	0.62
88600	0.62	0.38	0.38	0	0	0.62
88700	0.62	0.38	0.38	0	0	0.62
88800	0.62	0.38	0.38	0	0	0.62
88900	0.62	0.38	0.38	0	0	0.62
89000	0.62	0.38	0.38	0	0	0.62
89100	0.62	0.38	0.38	0	0	0.62
89200	0.62	0.38	0.38	0	0	0.62
89300	0.62	0.38	0.38	0	0	0.62
89400	0.62	0.38	0.38	0	0	0.62
89500	0.62	0.38	0.38	0	0	0.62
89600	0.62	0.38	0.38	0	0	0.62
89700	0.62	0.38	0.38	0	0	0.62
89800	0.62	0.38	0.38	0	0	0.62
89900	0.62	0.38	0.38	0	0	0.62
90000	0.62	0.38	0.38	0	0	0.62
90100	0.62	0.38	0.38	0	0	0.62
90200	0.62	0.38	0.38	0	0	0.62
90300	0.62	0.38	0.38	0	0	0.62
90400	0.62	0.38	0.38	0	0	0.62
90500	0.62	0.38	0.38	0	0	0.62
90600	0.62	0.38	0.38	0	0	0.62
90700	0.62	0.38	0.38	0	0	0.62
90800	0.62	0.38	0.38	0	0	0.62
90900	0.62	0.38	0.38	0	0	0.62
91000	0.62	0.38	0.38	0	0	0.62
91100	0.62	0.38	0.38	0	0	0.62
91200	0.62	0.38	0.38	0	0	0.62
91300	0.62	0.38	0.38	0	0	0.62
91400	0.62	0.38	0.38	0	0	0.62
91500	0.62	0.38	0.38	0	0	0.62
91600	0.62	0.38	0.38	0	0	0.62
91700	0.62	0.38	0.38	0	0	0.62
91800	0.62	0.38	0.38	0	0	0.62
91900	0.62	0.38	0.38	0	0	0.62
92000	0.62	0.38	0.38	0	0	0.62
92100	0.62	0.38	0.38	0	0	0.62
92200	0.62	0.38	0.38	0	0	0.62
92300	0.62	0.38	0.38	0	0	0.62
92400	0.62	0.38	0.38	0	0	0.62
92500	0.62	0.38	0.38	0	0	0.62
92600	0.62	0.38	0.38	0	0	0.62
92700	0.62	0.38	0.38	0	0	0.62
92800	0.62	0.38	0.38	0	0	0.62
92900	0.62	0.38	0.38	0	0	0.62
93000	0.62	0.38	0.38	0	0	0.62
93100	0.62	0.38	0.38	0	0	0.62
93200	0.62	0.38	0.38	0	0	0.62
93300	0.62	0.38	0.38	0	0	0.62
93400	0.62	0.38	0.38	0	0	0.62
93500	0.62	0.38	0.38	0	0	0.62
93600	0.62	0.38	0.38	0	0	0.62
93700	0.62	0.38	0.38	0	0	0.62
93800	0.62	0.38	0.38	0	0	0.62
93900	0.62	0.38	0.38	0	0	0.62
94000	0.62	0.38	0.38	0	0	0.62
94100	0.62	0.38	0.38	0	0	0.62
94200	0.62	0.38	0.38	0	0	0.62
94300	0.62	0.38	0.38	0	0	0.62
94400	0.62	0.38	0.38	0	0	0.62
94500	0.62	0.38	0.38	0	0	0.62
94600	0.62	0.38	0.38	0	0	0.62
94700	0.62	0.38	0.38	0	0	0.62
94800	0.62	0.38	0.38	0	0	0.62
94900	0.62	0.38	0.38	0	0	0.62
95000	0.62	0.38	0.38	0	0	0.62
95100	0.62	0.38	0.38	0	0	0.62
95200	0.62	0.38	0.38	0	0	0.62
95300	0.62	0.38	0.38	0	0	0.62
95400	0.62	0.38	0.38	0	0	0.62
95500	0.62	0.38	0.38	0	0	0.62
95600	0.62	0.38	0.38	0	0	0.62
95700	0.62	0.38	0.38	0	0	0.62
95800	0.62	0.38	0.38	0	0	0.62
95900	0.62	0.38	0.38	0	0	0.62
96000	0.62	0.38	0.38	0	0	0.62
96100	0.62	0.38	0.38	0	0	0.62
96200	0.62	0.38	0.38	0	0	0.62
96300	0.62	0.38	0.38	0	0	0.62
96400	0.62	0.38	0.38	0	0	0.62
96500	0.62	0.38	0.38	0	0	0.62
96600	0.62	0.38	0.38	0	0	0.62
96700	0.62	0.38	0.38	0	0	0.62
96800	0.62	0.38	0.38	0	0	0.62
96900	0.62	0.38	0.38	0	0	0.62
97000	0.62	0.38	0.38	0	0	0.62
97100	0.62	0.38	0.38	0	0	0.62
97200	0.62	0.38	0.38	0	0	0.62
97300	0.62	0.38	0.38	0	0	0.62
97400	0.62	0.38	0.38	0	0	0.62
97500	0.62	0.38	0.38	0	0	0.62
97600	0.62	0.38	0.38	0	0	0.62
97700	0.62	0.38	0.38	0	0	0.62
97800	0.62	0.38	0.38	0	0	0.62
97900	0.62	0.38	0.38	0	0	0.62
98000	0.62	0.38	0.38	0	0	0.62
98100	0.62	0.38	0.38	0	0	0.62
98200	0.62	0.38	0.38	0	0	0.62
98300	0.62	0.38	0.38	0	0	0.62
98400	0.62	0.38	0.38	0	0	0.62
98500	0.62	0.38	0.38	0	0	0.62
98600	0.62	0.38	0.38	0	0	0.62
98700	0.62	0.38	0.38	0	0	0.62
98800	0.62	0.38	0.38	0	0	0.62
98900	0.62	0.38	0.38	0	0	0.62
99000	0.62	0.38	0.38	0	0	0.62
99100	0.62	0.38	0.38	0	0	0.62
99200	0.62	0.38	0.38	0	0	0.62
99300	0.62	0.38	0.38	0	0	0.62
99400	0.62	0.38	0.38	0	0	0.62
99500	0.62	0.38	0.38	0	0	0.62
99600	0.62	0.38	0.38	0	0	0.62
99700	0.62	0.38	0.38	0	0	0.62
99800	0.62	0.38	0.38	0	0	0.62
99900	0.62	0.38	0.38	0	0	0.62
100000	0.62	0.38	0.38	0	0	0.62
100100	0.62	0.38	0.38	0	0	0.62
100200	0.62	0.38	0.38	0	0	0.62
100300	0.62	0.38	0.38	0	0	0.62
100400	0.62	0.38	0.38	0	0	0.62
100500	0.62	0.38	0.38	0	0	0.62
100600	0.62	0.38	0.38	0	0	0.62
100700	0.62	0.38	0.38	0	0	0.62
100800	0.62	0.38	0.38	0	0	0.62
100900	0.62	0.38	0.38	0	0	0.62
101000	0.62	0.38	0.38	0	0	0.62
101100	0.62	0.38	0.38	0	0	0.62
101200	0.62	0.38	0.38	0	0	0.62
101300	0.62	0.38	0.38	0	0	0.62
101400	0.62	0.38	0.38	0	0	0.62
101500	0.62	0.38	0.38	0	0	0.62
101600	0.62	0.38	0.38	0	0	0.62
101700	0.62	0.38	0.38	0	0	0.62
101800	0.62	0.38	0.38	0	0	0.62
101900	0.62	0.38	0.38	0	0	0.62
102000	0.62	0.38	0.38	0	0	0.62
102100	0.62	0.38	0.38	0	0	0.62
102200	0.62	0.38	0.38	0	0	0.62
102300	0.62	0.38	0.38	0	0	0.62
102400	0.62	0.38	0.38	0	0	0.62
102500	0.62	0.38	0.38	0	0	0.62
102600	0.62	0.38	0.38	0	0	0.62
102700	0.62	0.38	0.38	0	0	0.62
102800	0.62	0.38	0.38	0	0	0.62
102900	0.62	0.38	0.38	0	0	0.62
103000	0.62	0.38	0.38	0	0	0.62
103100	0.62	0.38	0.38	0	0	0.62
103200	0.62	0.38	0.38	0	0	0.62
103300	0.62	0.38	0.38	0	0	0.62
103400	0.62	0.38	0.38	0	0	0.62
103500	0.62	0.38	0.38	0	0	0.62
103600	0.62	0.38	0.38	0	0	0.62
103700	0.62	0.38	0.38	0	0	0.62
103800	0.62	0.38	0.38	0	0	0.62
103900	0.62	0.38	0.38	0	0	0.62
104000	0.62	0.38	0.38	0	0	0.62
104100	0.62	0.38	0.38	0	0	0.62
104200	0.62	0.38	0.38	0	0	0.62
104300	0.62	0.38	0.38	0	0	0.62
104400	0.62	0.38	0.38	0	0	0.62
104500	0.62	0.38	0.38	0	0	0.62
104600	0.62	0.38	0.38	0	0	0.62
104700	0.62	0.38	0.38	0	0	0.62
104800	0.62	0.38	0.38	0	0	0.62
104900	0.62	0.38	0.38	0	0	0.62
105000	0.62	0.38	0.38	0	0	0.62
105100	0.62	0.38	0.38	0	0	0.62
105200	0.62	0.38	0.38	0	0	0.62
105300	0.62	0.38	0.38	0	0	0.62
105400	0.62	0.38	0.38	0	0	0.62
105500	0.62	0.38	0.38	0	0	0.62
105600	0.62	0.38	0.38	0	0	0.62
105700	0.62	0.38	0.38	0	0	0.62
105800	0.62	0.38	0.38	0	0	0.62
105900	0.62	0.38	0.38	0	0	0.62
106000	0.62	0.38	0.38	0	0	0.62
106100	0.62	0.38	0.38	0	0	0.62
106200	0.62	0.38	0.38	0	0	0.62
106300	0.62	0.38	0.38	0	0	0.62
106400	0.62	0.38	0.38	0	0	0.62
106500	0.62	0.38	0.38	0	0	0.62
106600	0.62	0.38	0.38	0	0	0.62
106700	0.62	0.38	0.38	0	0	0.62
106800	0.62	0.38	0.38	0	0	0.62
106900	0.62	0.38	0.38	0	0	0.62
107000	0.62	0.38	0.38	0	0	0.62
107100	0.62	0.38	0.38	0	0	0.62
107200	0.62	0.38	0.38	0	0	0.62
107300	0.62	0.38	0.38	0	0	0.62
107400	0.62	0.38	0.38	0	0	0.62
107500	0.62	0.38	0.38	0	0	0.62
107600	0.62	0.38	0.38	0	0	0.62
107700	0.62	0.38	0.38	0	0	0.62
107800	0.62	0.38	0.38	0	0	0.62
107900	0.62	0.38	0.38	0	0	0.62
108000	0.62	0.38	0.38	0	0	0.62
108100	0.62	0.38	0.38	0	0	0.62
108200	0.62	0.38	0.38	0	0	0.62
108300	0.62	0.38	0.38	0	0	0.62
108400	0.62	0.38	0.38	0	0	0.62
108500	0.62	0.38	0.38	0	0	0.62
108600	0.62	0.38	0.38	0	0	0.62
108700	0.62	0.38	0.38	0	0	0.62
108800	0.62	0.38	0.38	0	0	0.62
108900	0.62	0.38	0.38	0	0	0.62
109000	0.62	0.38	0.38	0	0	0.62
109100	0.62	0.38	0.38	0	0	0.62
109200	0.62	0.38	0.38	0	0	0.62
109300	0.62	0.38	0.38	0	0	0.62
109400	0.62	0.38	0.38	0	0	0.62
109500	0.62	0.38	0.38	0	0	0.62
109600	0.62	0.38	0.38	0	0	0.62
109700	0.62	0.38	0.38	0	0	0.62
109800	0.62	0.38	0.38	0	0	0.62
109900	0.62	0.38	0.38	0	0	0.62
110000	0.62	0.38	0.38	0	0	0.62
110100	0.62	0.38	0.38	0	0	0.62
110200	0.62	0.38	0.38	0	0	0.62
110300	0.62	0.38	0.38	0	0	0.62
110400	0.62	0.38	0.38	0	0	0.62
110500	0.62	0.38	0.38	0	0	0.62
110600	0.62	0.38	0.38	0	0	0.62
110700	0.62	0.38	0.38	0	0	0.62
110800	0.62	0.38	0.38	0	0	0.62
110900	0.62	0.38	0.38	0	0	0.62
111000	0.61	0.38	0.38	0	0	0.61
111100	0.61	0.38	0.38	0	0	0.61
111200	0.61	0.38	0.38	0	0	0.61
111300	0.61	0.38	0.38	0	0	0.61
111400	0.61	0.38	0.38	0	0	0.61
111500	0.61	0.38	0.38	0	0	0.61
111600	0.61	0.38	0.38	0	0	0.61
111700	0.61	0.38	0.38	0	0	0.61
111800	0.61	0.38	0.38	0	0	0.61
111900	0.61	0.38	0.38	0	0	0.61
112000	0.61	0.38	0.38	0	0	0.61
112100	0.61	0.38	0.38	0	0	0.61
112200	0.61	0.38	0.38	0	0	0.61
112300	0.61	0.38	0.38	0	0	0.61
112400	0.61	0.38	0.38	0	0	0.61
112500	0.61	0.38	0.38	0	0	0.61
112600	0.61	0.38	0.38	0	0	0.61
112700	0.62	0.38	0.38	0	0	0.62
112800	0.62	0.38	0.38	0	0	0.62
112900	0.62	0.38	0.38	0	0	0.62
113000	0.62	0.38	0.38	0	0	0.62
113100	0.62	0.38	0.38	0	0	0.62
113200	0.62	0.38	0.38	0	0	0.62
113300	0.62	0.38	0.38	0	0	0.62
113400	0.62	0.38	0.38	0	0	0.62
113500	0.62	0.38	0.38	0	0	0.62
113600	0.62	0.38	0.38	0	0	0.62
113700	0.62	0.38	0.38	0	0	0.62
113800	0.62	0.38	0.38	0	0	0.62
113900	0.62	0.38	0.38	0	0	0.62
114000	0.62	0.38	0.38	0	0	0.62
114100	0.62	0.38	0.38	0	0	0.62
114200	0.62	0.38	0.38	0	0	0.62
114300	0.62	0.38	0.38	0	0	0.62
114400	0.62	0.38	0.38	0	0	0.62
114500	0.62	0.38	0.38	0	0	0.62
114600	0.62	0.38	0.38	0	0	0.62
114700	0.62	0.38	0.38	0	0	0.62
114800	0.62	0.38	0.38	0	0	0.62
114900	0.62	0.38	0.38	0	0	0.62
115000	0.62	0.38	0.38	0	0	0.62
115100	0.62	0.38	0.38	0	0	0.62
115200	0.62	0.38	0.38	0	0	0.62
115300	0.62	0.38	0.38	0	0	0.62
115400	0.62	0.38	0.38	0	0	0.62
115500	0.62	0.38	0.38	0	0	0.62
115600	0.62	0.38	0.38	0	0	0.62
115700	0.62	0.38	0.38	0	0	0.62
115800	0.62	0.38	0.38	0	0	0.62
115900	0.62	0.38	0.38	0	0	0.62
116000	0.62	0.38	0.38	0	0	0.62
116100	0.62	0.38	0.38	0	0	0.62
116200	0.62	0.38	0.38	0	0	0.62
116300	0.62	0.38	0.38	0	0	0.62
116400	0.62	0.38	0.38	0	0	0.62
116500	0.62	0.38	0.38	0	0	0.62
116600	0.62	0.38	0.38	0	0	0.62
116700	0.62	0.37	0.37	0	0	0.62
116800	0.62	0.36	0.36	0	0	0.62
116900	0.62	0.36	0.36	0	0	0.62
117000	0.62	0.36	0.36	0	0	0.62
117100	0.62	0.36	0.36	0	0	0.62
117200	0.62	0.36	0.36	0	0	0.62
117300	0.62	0.36	0.36	0	0	0.62
117400	0.62	0.36	0.36	0	0	0.62
117500	0.62	0.36	0.36	0	0	0.62
117600	0.62	0.36	0.36	0	0	0.62
117700	0.62	0.36	0.36	0	0	0.62
117800	0.62	0.36	0.36	0	0	0.62
117900	0.62	0.36	0.36	0	0	0.62
118000	0.62	0.36	0.36	0	0	0.62
118100	0.62	0.36	0.36	0	0	0.62
118200	0.62	0.36	0.36	0	0	0.62
118300	0.62	0.37	0.37	0	0	0.62
118400	0.62	0.37	0.37	0	0	0.62
118500	0.62	0.37	0.37	0	0	0.62
118600	0.62	0.37	0.37	0	0	0.62
118700	0.62	0.37	0.37	0	0	0.62
118800	0.62	0.37	0.37	0	0	0.62
118900	0.62	0.37	0.37	0	0	0.62
119000	0.62	0.37	0.37	0	0	0.62
119100	0.62	0.37	0.37	0	0	0.62
119200	0.62	0.37	0.37	0	0	0.62
119300	0.62	0.37	0.37	0	0	0.62
119400	0.62	0.37	0.37	0	0	0.62
119500	0.62	0.37	0.37	0	0	0.62
119600	0.62	0.37	0.37	0	0	0.62
119700	0.62	0.37	0.37	0	0	0.62
119800	0.62	0.37	0.37	0	0	0.62
119900	0.62	0.37	0.37	0	0	0.62
120000	0.62	0.37	0.37	0	0	0.62
120100	0.62	0.37	0.37	0	0	0.62
120200	0.61	0.37	0.37	0	0	0.61
120300	0.61	0.38	0.38	0	0	0.61
120400	0.61	0.38	0.38	0	0	0.61
120500	0.61	0.38	0.38	0	0	0.61
120600	0.61	0.38	0.38	0	0	0.61
120700	0.61	0.38	0.38	0	0	0.61
120800	0.61	0.38	0.38	0	0	0.61
120900	0.61	0.38	0.38	0	0	0.61
121000	0.61	0.38	0.38	0	0	0.61
121100	0.61	0.38	0.38	0	0	0.61
121200	0.61	0.38	0.38	0	0	0.61
121300	0.61	0.38	0.38	0	0	0.61
121400	0.61	0.38	0.38	0	0	0.61
121500	0.61	0.37	0.37	0	0	0.61
121600	0.61	0.37	0.37	0	0	0.61
121700	0.61	0.37	0.37	0	0	0.61
121800	0.61	0.37	0.37	0	0	0.61
121900	0.61	0.37	0.37	0	0	0.61
122000	0.61	0.37	0.37	0	0	0.61
122100	0.61	0.37	0.37	0	0	0.61
122200	0.61	0.37	0.37	0	0	0.61
122300	0.61	0.37	0.37	0	0	0.61
122400	0.61	0.37	0.37	0	0	0.61
122500	0.61	0.37	0.37	0	0	0.61
122600	0.61	0.37	0.37	0	0	0.61
122700	0.61	0.37	0.37	0	0	0.61
122800	0.61	0.37	0.37	0	0	0.61
122900	0.61	0.37	0.37	0	0	0.61
123000	0.61	0.37	0.37	0	0	0.61
123100	0.61	0.37	0.37	0	0	0.61
123200	0.61	0.37	0.37	0	0	0.61
123300	0.61	0.37	0.37	0	0	0.61
123400	0.61	0.37	0.37	0	0	0.61
123500	0.61	0.37	0.37	0	0	0.61
123600	0.61	0.37	0.37	0	0	0.61
123700	0.61	0.37	0.37	0	0	0.61
123800	0.61	0.37	0.37	0	0	0.61
123900	0.61	0.37	0.37	0	0	0.61
124000	0.61	0.37	0.37	0	0	0.61
124100	0.61	0.37	0.37	0	0	0.61
124200	0.61	0.37	0.37	0	0	0.61
124300	0.61	0.37	0.37	0	0	0.61
124400	0.61	0.37	0.37	0	0	0.61
124500	0.61	0.37	0.37	0	0	0.61
124600	0.61	0.37	0.37	0	0	0.61
124700	0.61	0.37	0.37	0	0	0.61
124800	0.61	0.37	0.37	0	0	0.61
124900	0.61	0.37	0.37	0	0	0.61
125000	0.61	0.37	0.37	0	0	0.61
125100	0.61	0.37	0.37	0	0	0.61
125200	0.61	0.37	0.37	0	0	0.61
125300	0.61	0.37	0.37	0	0	0.61
125400	0.61	0.37	0.37	0	0	0.61
125500	0.61	0.37	0.37	0	0	0.61
125600	0.61	0.37	0.37	0	0	0.61
125700	0.61	0.37	0.37	0	0	0.61
125800	0.61	0.37	0.37	0	0	0.61
125900	0.61	0.37	0.37	0	0	0.61
126000	0.61	0.37	0.37	0	0	0.61
126100	0.61	0.37	0.37	0	0	0.61
126200	0.61	0.37	0.37	0	0	0.61
126300	0.61	0.37	0.37	0	0	0.61
126400	0.61	0.37	0.37	0	0	0.61
126500	0.61	0.37	0.37	0	0	0.61
126600	0.61	0.37	0.37	0	0	0.61
126700	0.61	0.37	0.37	0	0	0.61
126800	0.61	0.37	0.37	0	0	0.61
126900	0.61	0.37	0.37	0	0	0.61
127000	0.61	0.37	0.37	0	0	0.61
127100	0.61	0.37	0.37	0	0	0.61
127200	0.61	0.37	0.37	0	0	0.61
127300	0.61	0.37	0.37	0	0	0.61
127400	0.61	0.37	0.37	0	0	0.61
127500	0.62	0.37	0.37	0	0	0.62
127600	0.62	0.37	0.37	0	0	0.62
127700	0.62	0.37	0.37	0	0	0.62
127800	0.62	0.37	0.37	0	0	0.62
127900	0.62	0.37	0.37	0	0	0.62
128000	0.62	0.37	0.37	0	0	0.62
128100	0.62	0.37	0.37	0	0	0.62
128200	0.62	0.37	0.37	0	0	0.62
128300	0.62	0.37	0.37	0	0	0.62
128400	0.62	0.37	0.37	0	0	0.62
128500	0.62	0.37	0.37	0	0	0.62
128600	0.62	0.37	0.37	0	0	0.62
128700	0.62	0.37	0.37	0	0	0.62
128800	0.62	0.37	0.37	0	0	0.62
128900	0.62	0.37	0.37	0	0	0.62
129000	0.62	0.37	0.37	0	0	0.62
129100	0.62	0.37	0.37	0	0	0.62
129200	0.62	0.37	0.37	0	0	0.62
129300	0.62	0.37	0.37	0	0	0.62
129400	0.62	0.37	0.37	0	0	0.62
129500	0.62	0.37	0.37	0	0	0.62
129600	0.62	0.37	0.37	0	0	0.62
129700	0.62	0.37	0.37	0	0	0.62
129800	0.62	0.37	0.37	0	0	0.62
129900	0.62	0.37	0.37	0	0	0.62
130000	0.62	0.37	0.37	0	0	0.62
130100	0.62	0.37	0.37	0	0	0.62
130200	0.62	0.37	0.37	0	0	0.62
130300	0.62	0.37	0.37	0	0	0.62
130400	0.62	0.38	0.38	0	0	0.62
130500	0.62	0.38	0.38	0	0	0.62
130600	0.62	0.38	0.38	0	0	0.62
130700	0.62	0.38	0.38	0	0	0.62
130800	0.62	0.38	0.38	0	0	0.62
130900	0.62	0.38	0.38	0	0	0.62
131000	0.62	0.38	0.38	0	0	0.62
131100	0.62	0.38	0.38	0	0	0.62
131200	0.62	0.38	0.38	0	0	0.62
131300	0.62	0.38	0.38	0	0	0.62
131400	0.62	0.37	0.37	0	0	0.62
131500	0.62	0.37	0.37	0	0	0.62
131600	0.62	0.37	0.37	0	0	0.62
131700	0.62	0.37	0.37	0	0	0.62
131800	0.62	0.37	0.37	0	0	0.62
131900	0.62	0.37	0.37	0	0	0.62
132000	0.62	0.37	0.37	0	0	0.62
132100	0.62	0.37	0.37	0	0	0.62
132200	0.62	0.37	0.37	0	0	0.62
132300	0.62	0.37	0.37	0	0	0.62
132400	0.62	0.37	0.37	0	0	0.62
132500	0.62	0.37	0.37	0	0	0.62
132600	0.62	0.37	0.37	0	0	0.62
132700	0.62	0.37	0.37	0	0	0.62
132800	0.62	0.37	0.37	0	0	0.62
132900	0.62	0.37	0.37	0	0	0.62
133000	0.62	0.37	0.37	0	0	0.62
133100	0.62	0.37	0.37	0	0	0.62
133200	0.62	0.37	0.37	0	0	0.62
133300	0.62	0.37	0.37	0	0	0.62
133400	0.62	0.37	0.37	0	0	0.62
133500	0.62	0.37	0.37	0	0	0.62
133600	0.62	0.37	0.37	0	0	0.62
133700	0.62	0.37	0.37	0	0	0.62
133800	0.62	0.37	0.37	0	0	0.62
133900	0.62	0.37	0.37	0	0	0.62
134000	0.62	0.36	0.36	0	0	0.62
134100	0.62	0.36	0.36	0	0	0.62
134200	0.62	0.36	0.36	0	0	0.62
134300	0.62	0.36	0.36	0	0	0.62
134400	0.62	0.36	0.36	0	0	0.62
134500	0.62	0.36	0.36	0	0	0.62
134600	0.62	0.36	0.36	0	0	0.62
134700	0.62	0.36	0.36	0	0	0.62
134800	0.62	0.36	0.36	0	0	0.62
134900	0.62	0.36	0.36	0	0	0.62
135000	0.62	0.36	0.36	0	0	0.62
135100	0.62	0.36	0.36	0	0	0.62
135200	0.62	0.36	0.36	0	0	0.62
135300	0.62	0.36	0.36	0	0	0.62
135400	0.62	0.36	0.36	0	0	0.62
135500	0.62	0.36	0.36	0	0	0.62
135600	0.62	0.36	0.36	0	0	0.62
135700	0.62	0.36	0.36	0	0	0.62
135800	0.62	0.36	0.36	0	0	0.62
135900	0.62	0.36	0.36	0	0	0.62
136000	0.62	0.36	0.36	0	0	0.62
136100	0.62	0.36	0.36	0	0	0.62
136200	0.62	0.36	0.36	0	0	0.62
136300	0.63	0.36	0.36	0	0	0.63
136400	0.63	0.36	0.36	0	0	0.63
136500	0.63	0.36	0.36	0	0	0.63
136600	0.63	0.36	0.36	0	0	0.63
136700	0.63	0.36	0.36	0	0	0.63
136800	0.63	0.36	0.36	0	0	0.63
136900	0.63	0.36	0.36	0	0	0.63
137000	0.63	0.36	0.36	0	0	0.63
137100	0.63	0.36	0.36	0	0	0.63
137200	0.63	0.36	0.36	0	0	0.63
137300	0.63	0.36	0.36	0	0	0.63
137400	0.63	0.36	0.36	0	0	0.63
137500	0.63	0.36	0.36	0	0	0.63
137600	0.63	0.36	0.36	0	0	0.63
137700	0.63	0.36	0.36	0	0	0.63
137800	0.63	0.36	0.36	0	0	0.63
137900	0.63	0.36	0.36	0	0	0.63
138000	0.63	0.36	0.36	0	0	0.63
138100	0.63	0.36	0.36	0	0	0.63
138200	0.63	0.36	0.36	0	0	0.63
138300	0.63	0.36	0.36	0	0	0.63
138400	0.63	0.36	0.36	0	0	0.63
138500	0.63	0.36	0.36	0	0	0.63
138600	0.63	0.36	0.36	0	0	0.63
138700	0.63	0.36	0.36	0	0	0.63
138800	0.63	0.36	0.36	0	0	0.63
138900	0.63	0.36	0.36	0	0	0.63
139000	0.63	0.36	0.36	0	0	0.63
139100	0.63	0.36	0.36	0	0	0.63
139200	0.63	0.36	0.36	0	0	0.63
139300	0.63	0.36	0.36	0	0	0.63
139400	0.63	0.36	0.36	0	0	0.63
139500	0.63	0.36	0.36	0	0	0.63
139600	0.63	0.36	0.36	0	0	0.63
139700	0.63	0.36	0.36	0	0	0.63
139800	0.63	0.36	0.36	0	0	0.63
139900	0.63	0.36	0.36	0	0	0.63
140000	0.64	0.36	0.36	0	0	0.64
140100	0.64	0.36	0.36	0	0	0.64
140200	0.64	0.36	0.36	0	0	0.64
140300	0.64	0.36	0.36	0	0	0.64
140400	0.64	0.36	0.36	0	0	0.64
140500	0.64	0.36	0.36	0	0	0.64
140600	0.64	0.36	0.36	0	0	0.64
140700	0.64	0.36	0.36	0	0	0.64
140800	0.64	0.36	0.36	0	0	0.64
140900	0.64	0.36	0.36	0	0	0.64
141000	0.64	0.36	0.36	0	0	0.64
141100	0.64	0.36	0.36	0	0	0.64
141200	0.64	0.36	0.36	0	0	0.64
141300	0.64	0.36	0.36	0	0	0.64
141400	0.64	0.36	0.36	0	0	0.64
141500	0.64	0.36	0.36	0	0	0.64
141600	0.64	0.36	0.36	0	0	0.64
141700	0.64	0.36	0.36	0	0	0.64
141800	0.64	0.36	0.36	0	0	0.64
141900	0.64	0.36	0.36	0	0	0.64
142000	0.64	0.36	0.36	0	0	0.64
142100	0.64	0.36	0.36	0	0	0.64
142200	0.64	0.36	0.36	0	0	0.64
142300	0.64	0.36	0.36	0	0	0.64
142400	0.64	0.36	0.36	0	0	0.64
142500	0.64	0.36	0.36	0	0	0.64
142600	0.64	0.36	0.36	0	0	0.64
142700	0.64	0.36	0.36	0	0	0.64
142800	0.64	0.36	0.36	0	0	0.64
142900	0.64	0.36	0.36	0	0	0.64
143000	0.64	0.36	0.36	0	0	0.64
143100	0.64	0.36	0.36	0	0	0.64
143200	0.64	0.36	0.36	0	0	0.64
143300	0.64	0.36	0.36	0	0	0.64
143400	0.64	0.36	0.36	0	0	0.64
143500	0.64	0.36	0.36	0	0	0.64
143600	0.64	0.36	0.36	0	0	0.64
143700	0.64	0.36	0.36	0	0	0.64
143800	0.64	0.36	0.36	0	0	0.64
143900	0.64	0.36	0.36	0	0	0.64
144000	0.64	0.36	0.36	0	0	0.64
144100	0.64	0.36	0.36	0	0	0.64
144200	0.64	0.36	0.36	0	0	0.64
144300	0.64	0.36	0.36	0	0	0.64
144400	0.64	0.36	0.36	0	0	0.64
144500	0.64	0.36	0.36	0	0	0.64
144600	0.64	0.36	0.36	0	0	0.64
144700	0.64	0.36	0.36	0	0	0.64
144800	0.64	0.36	0.36	0	0	0.64
144900	0.64	0.35	0.35	0	0	0.64
145000	0.64	0.35	0.35	0	0	0.64
145100	0.64	0.35	0.35	0	0	0.64
145200	0.64	0.35	0.35	0	0	0.64
145300	0.64	0.35	0.35	0	0	0.64
145400	0.64	0.35	0.35	0	0	0.64
145500	0.64	0.35	0.35	0	0	0.64
145600	0.64	0.35	0.35	0	0	0.64
145700	0.64	0.35	0.35	0	0	0.64
145800	0.64	0.35	0.35	0	0	0.64
145900	0.64	0.35	0.35	0	0	0.64
146000	0.64	0.35	0.35	0	0	0.64
146100	0.64	0.35	0.35	0	0	0.64
146200	0.64	0.35	0.35	0	0	0.64
146300	0.64	0.35	0.35	0	0	0.64
146400	0.64	0.35	0.35	0	0	0.64
146500	0.64	0.35	0.35	0	0	0.64
146600	0.64	0.35	0.35	0	0	0.64
146700	0.64	0.35	0.35	0	0	0.64
146800	0.64	0.35	0.35	0	0	0.64
146900	0.64	0.35	0.35	0	0	0.64
147000	0.64	0.35	0.35	0	0	0.64
147100	0.64	0.35	0.35	0	0	0.64
147200	0.64	0.35	0.35	0	0	0.64
147300	0.64	0.35	0.35	0	0	0.64
147400	0.64	0.35	0.35	0	0	0.64
147500	0.64	0.35	0.35	0	0	0.64
147600	0.64	0.35	0.35	0	0	0.64
147700	0.64	0.35	0.35	0	0	0.64
147800	0.64	0.35	0.35	0	0	0.64
147900	0.64	0.35	0.35	0	0	0.64
148000	0.64	0.35	0.35	0	0	0.64
148100	0.64	0.35	0.35	0	0	0.64
148200	0.64	0.35	0.35	0	0	0.64
148300	0.64	0.35	0.35	0	0	0.64
148400	0.64	0.35	0.35	0	0	0.64
148500	0.64	0.35	0.35	0	0	0.64
148600	0.64	0.35	0.35	0	0	0.64
148700	0.64	0.35	0.35	0	0	0.64
148800	0.64	0.35	0.35	0	0	0.64
148900	0.64	0.35	0.35	0	0	0.64
149000	0.64	0.35	0.35	0	0	0.64
149100	0.64	0.35	0.35	0	0	0.64
149200	0.64	0.35	0.35	0	0	0.64
149300	0.64	0.35	0.35	0	0	0.64
149400	0.64	0.35	0.35	0	0	0.64
149500	0.64	0.35	0.35	0	0	0.64
149600	0.64	0.35	0.35	0	0	0.64
149700	0.64	0.35	0.35	0	0	0.64
149800	0.64	0.35	0.35	0	0	0.64
149900	0.64	0.35	0.35	0	0	0.64
150000	0.64	0.35	0.35	0	0	0.64
150100	0.64	0.35	0.35	0	0	0.64
150200	0.64	0.35	0.35	0	0	0.64
150300	0.64	0.35	0.35	0	0	0.64
150400	0.64	0.35	0.35	0	0	0.64
150500	0.64	0.35	0.35	0	0	0.64
150600	0.64	0.35	0.35	0	0	0.64
150700	0.64	0.35	0.35	0	0	0.64
150800	0.64	0.35	0.35	0	0	0.64
150900	0.64	0.35	0.35	0	0	0.64
151000	0.64	0.35	0.35	0	0	0.64
151100	0.64	0.35	0.35	0	0	0.64
151200	0.64	0.36	0.36	0	0	0.64
151300	0.64	0.36	0.36	0	0	0.64
151400	0.64	0.36	0.36	0	0	0.64
151500	0.64	0.36	0.36	0	0	0.64
151600	0.64	0.35	0.35	0	0	0.64
151700	0.64	0.35	0.35	0	0	0.64
151800	0.64	0.35	0.35	0	0	0.64
151900	0.64	0.35	0.35	0	0	0.64
152000	0.64	0.35	0.35	0	0	0.64
152100	0.64	0.35	0.35	0	0	0.64
152200	0.64	0.35	0.35	0	0	0.64
152300	0.64	0.35	0.35	0	0	0.64
152400	0.64	0.35	0.35	0	0	0.64
152500	0.64	0.35	0.35	0	0	0.64
152600	0.64	0.35	0.35	0	0	0.64
152700	0.64	0.35	0.35	0	0	0.64
152800	0.64	0.35	0.35	0	0	0.64
152900	0.64	0.35	0.35	0	0	0.64
153000	0.64	0.35	0.35	0	0	0.64
153100	0.64	0.35	0.35	0	0	0.64
153200	0.64	0.35	0.35	0	0	0.64
153300	0.64	0.35	0.35	0	0	0.64
153400	0.64	0.35	0.35	0	0	0.64
153500	0.64	0.35	0.35	0	0	0.64
153600	0.64	0.35	0.35	0	0	0.64
153700	0.64	0.35	0.35	0	0	0.64
153800	0.64	0.35	0.35	0	0	0.64
153900	0.64	0.35	0.35	0	0	0.64
154000	0.64	0.35	0.35	0	0	0.64
154100	0.64	0.35	0.35	0	0	0.64
154200	0.64	0.35	0.35	0	0	0.64
154300	0.64	0.35	0.35	0	0	0.64
154400	0.64	0.35	0.35	0	0	0.64
154500	0.64	0.35	0.35	0	0	0.64
154600	0.64	0.35	0.35	0	0	0.64
154700	0.64	0.35	0.35	0	0	0.64
154800	0.64	0.35	0.35	0	0	0.64
154900	0.64	0.35	0.35	0	0	0.64
155000	0.64	0.35	0.35	0	0	0.64
155100	0.64	0.35	0.35	0	0	0.64
155200	0.64	0.35	0.35	0	0	0.64
155300	0.63	0.35	0.35	0	0	0.63
155400	0.63	0.35	0.35	0	0	0.63
155500	0.63	0.35	0.35	0	0	0.63
155600	0.63	0.35	0.35	0	0	0.63
155700	0.63	0.35	0.35	0	0	0.63
155800	0.63	0.35	0.35	0	0	0.63
155900	0.63	0.35	0.35	0	0	0.63
156000	0.63	0.35	0.35	0	0	0.63
156100	0.63	0.35	0.35	0	0	0.63
156200	0.63	0.35	0.35	0	0	0.63
156300	0.63	0.35	0.35	0	0	0.63
156400	0.63	0.35	0.35	0	0	0.63
156500	0.63	0.35	0.35	0	0	0.63
156600	0.63	0.35	0.35	0	0	0.63
156700	0.63	0.35	0.35	0	0	0.63
156800	0.63	0.35	0.35	0	0	0.63
156900	0.63	0.35	0.35	0	0	0.63
157000	0.63	0.35	0.35	0	0	0.63
157100	0.63	0.35	0.35	0	0	0.63
157200	0.63	0.35	0.35	0	0	0.63
157300	0.63	0.35	0.35	0	0	0.63
157400	0.63	0.35	0.35	0	0	0.63
157500	0.63	0.35	0.35	0	0	0.63
157600	0.63	0.35	0.35	0	0	0.63
157700	0.63	0.35	0.35	0	0	0.63
157800	0.63	0.35	0.35	0	0	0.63
157900	0.63	0.35	0.35	0	0	0.63
158000	0.64	0.35	0.35	0	0	0.64
158100	0.64	0.35	0.35	0	0	0.64
158200	0.64	0.35	0.35	0	0	0.64
158300	0.64	0.35	0.35	0	0	0.64
158400	0.64	0.35	0.35	0	0	0.64
158500	0.64	0.35	0.35	0	0	0.64
158600	0.64	0.35	0.35	0	0	0.64
158700	0.64	0.35	0.35	0	0	0.64
158800	0.64	0.35	0.35	0	0	0.64
158900	0.64	0.35	0.35	0	0	0.64
159000	0.64	0.34	0.34	0	0	0.64
159100	0.64	0.34	0.34	0	0	0.64
159200	0.64	0.35	0.35	0	0	0.64
159300	0.64	0.35	0.35	0	0	0.64
159400	0.64	0.35	0.35	0	0	0.64
159500	0.64	0.35	0.35	0	0	0.64
159600	0.64	0.35	0.35	0	0	0.64
159700	0.64	0.34	0.34	0	0	0.64
159800	0.64	0.34	0.34	0	0	0.64
159900	0.64	0.34	0.34	0	0	0.64
160000	0.64	0.34	0.34	0	0	0.64
160100	0.64	0.34	0.34	0	0	0.64
160200	0.64	0.33	0.33	0	0	0.64
160300	0.64	0.33	0.33	0	0	0.64
160400	0.64	0.33	0.33	0	0	0.64
160500	0.64	0.33	0.33	0	0	0.64
160600	0.64	0.33	0.33	0	0	0.64
160700	0.65	0.33	0.33	0	0	0.65
160800	0.65	0.33	0.33	0	0	0.65
160900	0.65	0.33	0.33	0	0	0.65
161000	0.65	0.33	0.33	0	0	0.65
161100	0.65	0.33	0.33	0	0	0.65
161200	0.65	0.34	0.34	0	0	0.65
161300	0.65	0.34	0.34	0	0	0.65
161400	0.65	0.34	0.34	0	0	0.65
161500	0.65	0.34	0.34	0	0	0.65
161600	0.65	0.34	0.34	0	0	0.65
161700	0.65	0.34	0.34	0	0	0.65
161800	0.65	0.34	0.34	0	0	0.65
161900	0.65	0.34	0.34	0	0	0.65
162000	0.66	0.34	0.34	0	0	0.66
162100	0.66	0.34	0.34	0	0	0.66
162200	0.65	0.34	0.34	0	0	0.65
162300	0.65	0.34	0.34	0	0	0.65
162400	0.65	0.34	0.34	0	0	0.65
162500	0.65	0.34	0.34	0	0	0.65
162600	0.65	0.34	0.34	0	0	0.65
162700	0.65	0.35	0.35	0	0	0.65
162800	0.65	0.35	0.35	0	0	0.65
162900	0.65	0.35	0.35	0	0	0.65
163000	0.65	0.35	0.35	0	0	0.65
163100	0.65	0.34	0.34	0	0	0.65
163200	0.65	0.34	0.34	0	0	0.65
163300	0.65	0.34	0.34	0	0	0.65
163400	0.65	0.34	0.34	0	0	0.65
163500	0.65	0.34	0.34	0	0	0.65
163600	0.65	0.34	0.34	0	0	0.65
163700	0.65	0.34	0.34	0	0	0.65
163800	0.65	0.34	0.34	0	0	0.65
163900	0.65	0.34	0.34	0	0	0.65
164000	0.65	0.34	0.34	0	0	0.65
164100	0.65	0.34	0.34	0	0	0.65
164200	0.65	0.34	0.34	0	0	0.65
164300	0.65	0.34	0.34	0	0	0.65
164400	0.65	0.34	0.34	0	0	0.65
164500	0.65	0.34	0.34	0	0	0.65
164600	0.65	0.34	0.34	0	0	0.65
164700	0.65	0.34	0.34	0	0	0.65
164800	0.65	0.34	0.34	0	0	0.65
164900	0.65	0.34	0.34	0	0	0.65
165000	0.65	0.34	0.34	0	0	0.65
165100	0.65	0.34	0.34	0	0	0.65
165200	0.65	0.34	0.34	0	0	0.65
165300	0.65	0.34	0.34	0	0	0.65
165400	0.65	0.34	0.34	0	0	0.65
165500	0.65	0.34	0.34	0	0	0.65
165600	0.65	0.34	0.34	0	0	0.65
165700	0.65	0.34	0.34	0	0	0.65
165800	0.65	0.34	0.34	0	0	0.65
165900	0.65	0.34	0.34	0	0	0.65
166000	0.65	0.34	0.34	0	0	0.65
166100	0.65	0.34	0.34	0	0	0.65
166200	0.65	0.34	0.34	0	0	0.65
166300	0.65	0.34	0.34	0	0	0.65
166400	0.65	0.34	0.34	0	0	0.65
166500	0.65	0.34	0.34	0	0	0.65
166600	0.65	0.34	0.34	0	0	0.65
166700	0.65	0.34	0.34	0	0	0.65
166800	0.65	0.34	0.34	0	0	0.65
166900	0.65	0.34	0.34	0	0	0.65
167000	0.65	0.34	0.34	0	0	0.65
167100	0.65	0.34	0.34	0	0	0.65
167200	0.65	0.34	0.34	0	0	0.65
167300	0.65	0.34	0.34	0	0	0.65
167400	0.65	0.34	0.34	0	0	0.65
167500	0.65	0.34	0.34	0	0	0.65
167600	0.65	0.34	0.34	0	0	0.65
167700	0.65	0.34	0.34	0	0	0.65
167800	0.65	0.34	0.34	0	0	0.65
167900	0.65	0.34	0.34	0	0	0.65
168000	0.65	0.34	0.34	0	0	0.65
168100	0.65	0.34	0.34	0	0	0.65
168200	0.65	0.34	0.34	0	0	0.65
168300	0.65	0.34	0.34	0	0	0.65
168400	0.65	0.34	0.34	0	0	0.65
168500	0.65	0.34	0.34	0	0	0.65
168600	0.65	0.34	0.34	0	0	0.65
168700	0.65	0.34	0.34	0	0	0.65
168800	0.65	0.34	0.34	0	0	0.65
168900	0.65	0.34	0.34	0	0	0.65
169000	0.65	0.34	0.34	0	0	0.65
169100	0.65	0.34	0.34	0	0	0.65
169200	0.65	0.34	0.34	0	0	0.65
169300	0.65	0.34	0.34	0	0	0.65
169400	0.65	0.34	0.34	0	0	0.65
169500	0.65	0.34	0.34	0	0	0.65
169600	0.65	0.34	0.34	0	0	0.65
169700	0.65	0.34	0.34	0	0	0.65
169800	0.65	0.34	0.34	0	0	0.65
169900	0.66	0.34	0.34	0	0	0.66
170000	0.66	0.34	0.34	0	0	0.66
170100	0.66	0.34	0.34	0	0	0.66
170200	0.66	0.34	0.34	0	0	0.66
170300	0.66	0.34	0.34	0	0	0.66
170400	0.66	0.34	0.34	0	0	0.66
170500	0.66	0.34	0.34	0	0	0.66
170600	0.66	0.34	0.34	0	0	0.66
170700	0.66	0.34	0.34	0	0	0.66
170800	0.66	0.34	0.34	0	0	0.66
170900	0.66	0.34	0.34	0	0	0.66
171000	0.66	0.34	0.34	0	0	0.66
171100	0.66	0.34	0.34	0	0	0.66
171200	0.66	0.34	0.34	0	0	0.66
171300	0.66	0.34	0.34	0	0	0.66
171400	0.66	0.34	0.34	0	0	0.66
171500	0.66	0.34	0.34	0	0	0.66
171600	0.66	0.34	0.34	0	0	0.66
171700	0.66	0.34	0.34	0	0	0.66
171800	0.66	0.34	0.34	0	0	0.66
171900	0.66	0.34	0.34	0	0	0.66
172000	0.66	0.34	0.34	0	0	0.66
172100	0.66	0.34	0.34	0	0	0.66
172200	0.66	0.34	0.34	0	0	0.66
172300	0.66	0.34	0.34	0	0	0.66
172400	0.66	0.34	0.34	0	0	0.66
172500	0.66	0.34	0.34	0	0	0.66
172600	0.66	0.34	0.34	0	0	0.66
172700	0.66	0.34	0.34	0	0	0.66
172800	0.66	0.34	0.34	0	0	0.66
172900	0.65	0.34	0.34	0	0	0.65
173000	0.65	0.34	0.34	0	0	0.65
173100	0.65	0.34	0.34	0	0	0.65
173200	0.65	0.34	0.34	0	0	0.65
173300	0.65	0.34	0.34	0	0	0.65
173400	0.65	0.34	0.34	0	0	0.65
173500	0.65	0.34	0.34	0	0	0.65
173600	0.65	0.34	0.34	0	0	0.65
173700	0.65	0.34	0.34	0	0	0.65
173800	0.65	0.34	0.34	0	0	0.65
173900	0.65	0.34	0.34	0	0	0.65
174000	0.65	0.34	0.34	0	0	0.65
174100	0.65	0.34	0.34	0	0	0.65
174200	0.65	0.34	0.34	0	0	0.65
174300	0.65	0.34	0.34	0	0	0.65
174400	0.65	0.34	0.34	0	0	0.65
174500	0.65	0.34	0.34	0	0	0.65
174600	0.65	0.34	0.34	0	0	0.65
174700	0.65	0.34	0.34	0	0	0.65
174800	0.65	0.34	0.34	0	0	0.65
174900	0.65	0.34	0.34	0	0	0.65
175000	0.65	0.34	0.34	0	0	0.65
175100	0.65	0.34	0.34	0	0	0.65
175200	0.65	0.34	0.34	0	0	0.65
175300	0.65	0.34	0.34	0	0	0.65
175400	0.65	0.34	0.34	0	0	0.65
175500	0.65	0.34	0.34	0	0	0.65
175600	0.65	0.34	0.34	0	0	0.65
175700	0.66	0.34	0.34	0	0	0.66
175800	0.66	0.34	0.34	0	0	0.66
175900	0.66	0.34	0.34	0	0	0.66
176000	0.66	0.34	0.34	0	0	0.66
176100	0.66	0.34	0.34	0	0	0.66
176200	0.66	0.34	0.34	0	0	0.66
176300	0.66	0.34	0.34	0	0	0.66
176400	0.66	0.34	0.34	0	0	0.66
176500	0.66	0.34	0.34	0	0	0.66
176600	0.66	0.34	0.34	0	0	0.66
176700	0.66	0.34	0.34	0	0	0.66
176800	0.66	0.34	0.34	0	0	0.66
176900	0.66	0.34	0.34	0	0	0.66
177000	0.66	0.34	0.34	0	0	0.66
177100	0.66	0.34	0.34	0	0	0.66
177200	0.66	0.34	0.34	0	0	0.66
177300	0.66	0.34	0.34	0	0	0.66
177400	0.66	0.34	0.34	0	0	0.66
177500	0.66	0.34	0.34	0	0	0.66
177600	0.66	0.34	0.34	0	0	0.66
177700	0.66	0.34	0.34	0	0	0.66
177800	0.66	0.34	0.34	0	0	0.66
177900	0.66	0.34	0.34	0	0	0.66
178000	0.66	0.34	0.34	0	0	0.66
178100	0.66	0.34	0.34	0	0	0.66
178200	0.66	0.34	0.34	0	0	0.66
178300	0.66	0.34	0.34	0	0	0.66
178400	0.66	0.34	0.34	0	0	0.66
178500	0.66	0.34	0.34	0	0	0.66
178600	0.66	0.34	0.34	0	0	0.66
178700	0.66	0.34	0.34	0	0	0.66
178800	0.66	0.34	0.34	0	0	0.66
178900	0.66	0.34	0.34	0	0	0.66
179000	0.66	0.34	0.34	0	0	0.66
179100	0.66	0.34	0.34	0	0	0.66
179200	0.66	0.34	0.34	0	0	0.66
179300	0.66	0.34	0.34	0	0	0.66
179400	0.66	0.34	0.34	0	0	0.66
179500	0.66	0.34	0.34	0	0	0.66
179600	0.66	0.34	0.34	0	0	0.66
179700	0.66	0.34	0.34	0	0	0.66
179800	0.66	0.34	0.34	0	0	0.66
179900	0.66	0.34	0.34	0	0	0.66
180000	0.66	0.34	0.34	0	0	0.66
180100	0.66	0.34	0.34	0	0	0.66
180200	0.66	0.34	0.34	0	0	0.66
180300	0.66	0.34	0.34	0	0	0.66
180400	0.66	0.34	0.34	0	0	0.66
180500	0.66	0.34	0.34	0	0	0.66
180600	0.66	0.34	0.34	0	0	0.66
180700	0.66	0.34	0.34	0	0	0.66
180800	0.66	0.34	0.34	0	0	0.66
180900	0.66	0.34	0.34	0	0	0.66
181000	0.66	0.34	0.34	0	0	0.66
181100	0.66	0.34	0.34	0	0	0.66
181200	0.66	0.34	0.34	0	0	0.66
181300	0.66	0.34	0.34	0	0	0.66
181400	0.66	0.34	0.34	0	0	0.66
181500	0.66	0.34	0.34	0	0	0.66
181600	0.66	0.34	0.34	0	0	0.66
181700	0.66	0.34	0.34	0	0	0.66
181800	0.66	0.34	0.34	0	0	0.66
181900	0.66	0.34	0.34	0	0	0.66
182000	0.66	0.34	0.34	0	0	0.66
182100	0.66	0.34	0.34	0	0	0.66
182200	0.66	0.34	0.34	0	0	0.66
182300	0.66	0.34	0.34	0	0	0.66
182400	0.66	0.34	0.34	0	0	0.66
182500	0.66	0.34	0.34	0	0	0.66
182600	0.66	0.34	0.34	0	0	0.66
182700	0.66	0.34	0.34	0	0	0.66
182800	0.66	0.34	0.34	0	0	0.66
182900	0.66	0.34	0.34	0	0	0.66
183000	0.66	0.34	0.34	0	0	0.66
183100	0.66	0.34	0.34	0	0	0.66
183200	0.66	0.34	0.34	0	0	0.66
183300	0.66	0.34	0.34	0	0	0.66
183400	0.66	0.34	0.34	0	0	0.66
183500	0.66	0.34	0.34	0	0	0.66
183600	0.66	0.34	0.34	0	0	0.66
183700	0.66	0.34	0.34	0	0	0.66
183800	0.66	0.34	0.34	0	0	0.66
183900	0.66	0.34	0.34	0	0	0.66
184000	0.66	0.34	0.34	0	0	0.66
184100	0.66	0.34	0.34	0	0	0.66
184200	0.66	0.34	0.34	0	0	0.66
184300	0.66	0.34	0.34	0	0	0.66
184400	0.66	0.34	0.34	0	0	0.66
184500	0.66	0.34	0.34	0	0	0.66
184600	0.66	0.34	0.34	0	0	0.66
184700	0.66	0.34	0.34	0	0	0.66
184800	0.66	0.34	0.34	0	0	0.66
184900	0.66	0.34	0.34	0	0	0.66
185000	0.66	0.34	0.34	0	0	0.66
185100	0.66	0.34	0.34	0	0	0.66
185200	0.66	0.34	0.34	0	0	0.66
185300	0.66	0.34	0.34	0	0	0.66
185400	0.66	0.34	0.34	0	0	0.66
185500	0.66	0.34	0.34	0	0	0.66
185600	0.66	0.34	0.34	0	0	0.66
185700	0.66	0.34	0.34	0	0	0.66
185800	0.66	0.34	0.34	0	0	0.66
185900	0.66	0.34	0.34	0	0	0.66
186000	0.66	0.34	0.34	0	0	0.66
186100	0.66	0.34	0.34	0	0	0.66
186200	0.66	0.34	0.34	0	0	0.66
186300	0.66	0.34	0.34	0	0	0.66
186400	0.66	0.34	0.34	0	0	0.66
186500	0.66	0.34	0.34	0	0	0.66
186600	0.66	0.34	0.34	0	0	0.66
186700	0.66	0.34	0.34	0	0	0.66
186800	0.66	0.34	0.34	0	0	0.66
186900	0.66	0.34	0.34	0	0	0.66
187000	0.66	0.34	0.34	0	0	0.66
187100	0.66	0.34	0.34	0	0	0.66
187200	0.66	0.34	0.34	0	0	0.66
187300	0.66	0.34	0.34	0	0	0.66
187400	0.66	0.34	0.34	0	0	0.66
187500	0.66	0.34	0.34	0	0	0.66
187600	0.66	0.34	0.34	0	0	0.66
187700	0.66	0.34	0.34	0	0	0.66
187800	0.66	0.34	0.34	0	0	0.66
187900	0.66	0.34	0.34	0	0	0.66
188000	0.66	0.34	0.34	0	0	0.66
188100	0.66	0.34	0.34	0	0	0.66
188200	0.66	0.34	0.34	0	0	0.66
188300	0.66	0.34	0.34	0	0	0.66
188400	0.66	0.34	0.34	0	0	0.66
188500	0.66	0.34	0.34	0	0	0.66
188600	0.66	0.34	0.34	0	0	0.66
188700	0.66	0.34	0.34	0	0	0.66
188800	0.66	0.34	0.34	0	0	0.66
188900	0.66	0.34	0.34	0	0	0.66
189000	0.66	0.34	0.34	0	0	0.66
189100	0.66	0.34	0.34	0	0	0.66
189200	0.66	0.34	0.34	0	0	0.66
189300	0.66	0.34	0.34	0	0	0.66
189400	0.66	0.34	0.34	0	0	0.66
189500	0.66	0.34	0.34	0	0	0.66
189600	0.66	0.34	0.34	0	0	0.66
189700	0.66	0.34	0.34	0	0	0.66
189800	0.66	0.34	0.34	0	0	0.66
189900	0.66	0.34	0.34	0	0	0.66
190000	0.66	0.34	0.34	0	0	0.66
190100	0.66	0.34	0.34	0	0	0.66
190200	0.66	0.34	0.34	0	0	0.66
190300	0.66	0.34	0.34	0	0	0.66
190400	0.66	0.34	0.34	0	0	0.66
190500	0.66	0.34	0.34	0	0	0.66
190600	0.66	0.34	0.34	0	0	0.66
190700	0.66	0.34	0.34	0	0	0.66
190800	0.66	0.34	0.34	0	0	0.66
190900	0.66	0.34	0.34	0	0	0.66
191000	0.66	0.34	0.34	0	0	0.66
191100	0.66	0.34	0.34	0	0	0.66
191200	0.66	0.34	0.34	0	0	0.66
191300	0.66	0.34	0.34	0	0	0.66
191400	0.66	0.34	0.34	0	0	0.66
191500	0.66	0.34	0.34	0	0	0.66
191600	0.66	0.34	0.34	0	0	0.66
191700	0.66	0.34	0.34	0	0	0.66
191800	0.66	0.34	0.34	0	0	0.66
191900	0.66	0.34	0.34	0	0	0.66
192000	0.66	0.34	0.34	0	0	0.66
192100	0.66	0.34	0.34	0	0	0.66
192200	0.66	0.34	0.34	0	0	0.66
192300	0.66	0.34	0.34	0	0	0.66
192400	0.66	0.34	0.34	0	0	0.66
192500	0.66	0.34	0.34	0	0	0.66
192600	0.66	0.34	0.34	0	0	0.66
192700	0.66	0.34	0.34	0	0	0.66
192800	0.66	0.34	0.34	0	0	0.66
192900	0.66	0.34	0.34	0	0	0.66
193000	0.66	0.34	0.34	0	0	0.66
193100	0.66	0.34	0.34	0	0	0.66
193200	0.66	0.34	0.34	0	0	0.66
193300	0.66	0.34	0.34	0	0	0.66
193400	0.66	0.34	0.34	0	0	0.66
193500	0.66	0.34	0.34	0	0	0.66
193600	0.66	0.34	0.34	0	0	0.66
193700	0.66	0.34	0.34	0	0	0.66
193800	0.66	0.34	0.34	0	0	0.66
193900	0.66	0.34	0.34	0	0	0.66
194000	0.66	0.34	0.34	0	0	0.66
194100	0.66	0.34	0.34	0	0	0.66
194200	0.66	0.34	0.34	0	0	0.66
194300	0.66	0.34	0.34	0	0	0.66
194400	0.66	0.34	0.34	0	0	0.66
194500	0.66	0.34	0.34	0	0	0.66
194600	0.66	0.34	0.34	0	0	0.66
194700	0.66	0.34	0.34	0	0	0.66
194800	0.66	0.34	0.34	0	0	0.66
194900	0.66	0.34	0.34	0	0	0.66
195000	0.66	0.34	0.34	0	0	0.66
195100	0.66	0.34	0.34	0	0	0.66
195200	0.66	0.34	0.34	0	0	0.66
195300	0.66	0.34	0.34	0	0	0.66
195400	0.66	0.34	0.34	0	0	0.66
195500	0.66	0.34	0.34	0	0	0.66
195600	0.66	0.34	0.34	0	0	0.66
195700	0.66	0.34	0.34	0	0	0.66
195800	0.66	0.34	0.34	0	0	0.66
195900	0.66	0.34	0.34	0	0	0.66
196000	0.66	0.34	0.34	0	0	0.66
196100	0.66	0.34	0.34	0	0	0.66
196200	0.66	0.34	0.34	0	0	0.66
196300	0.66	0.34	0.34	0	0	0.66
196400	0.66	0.34	0.34	0	0	0.66
196500	0.66	0.34	0.34	0	0	0.66
196600	0.66	0.34	0.34	0	0	0.66
196700	0.66	0.34	0.34	0	0	0.66
196800	0.66	0.34	0.34	0	0	0.66
196900	0.66	0.34	0.34	0	0	0.66
197000	0.66	0.34	0.34	0	0	0.66
197100	0.66	0.34	0.34	0	0	0.66
197200	0.66	0.34	0.34	0	0	0.66
197300	0.66	0.34	0.34	0	0	0.66
197400	0.66	0.34	0.34	0	0	0.66
197500	0.66	0.34	0.34	0	0	0.66
197600	0.66	0.34	0.34	0	0	0.66
197700	0.66	0.34	0.34	0	0	0.66
197800	0.66	0.34	0.34	0	0	0.66
197900	0.66	0.34	0.34	0	0	0.66
198000	0.66	0.34	0.34	0	0	0.66
198100	0.66	0.34	0.34	0	0	0.66
198200	0.66	0.34	0.34	0	0	0.66
198300	0.66	0.34	0.34	0	0	0.66
198400	0.66	0.34	0.34	0	0	0.66
198500	0.66	0.34	0.34	0	0	0.66
198600	0.66	0.34	0.34	0	0	0.66
198700	0.66	0.34	0.34	0	0	0.66
198800	0.66	0.34	0.34	0	0	0.66
198900	0.66	0.34	0.34	0	0	0.66
199000	0.66	0.34	0.34	0	0	0.66
199100	0.66	0.34	0.34	0	0	0.66
199200	0.66	0.34	0.34	0	0	0.66
199300	0.66	0.34	0.34	0	0	0.66
199400	0.66	0.34	0.34	0	0	0.66
199500	0.66	0.34	0.34	0	0	0.66
199600	0.66	0.34	0.34	0	0	0.66
199700	0.66	0.34	0.34	0	0	0.66
199800	0.66	0.34	0.34	0	0	0.66
199900	0.66	0.34	0.34	0	0	0.66
200000	0.66	0.34	0.34	0	0	0.66
200100	0.66	0.34	0.34	0	0	0.66
200200	0.66	0.34	0.34	0	0	0.66
200300	0.66	0.34	0.34	0	0	0.66
200400	0.66	0.34	0.34	0	0	0.66
200500	0.66	0.34	0.34	0	0	0.66
200600	0.66	0.34	0.34	0	0	0.66
200700	0.66	0.34	0.34	0	0	0.66
200800	0.66	0.34	0.34	0	0	0.66
200900	0.66	0.34	0.34	0	0	0.66
201000	0.66	0.34	0.34	0	0	0.66
201100	0.66	0.34	0.34	0	0	0.66
201200	0.66	0.34	0.34	0	0	0.66
201300	0.66	0.34	0.34	0	0	0.66
201400	0.66	0.34	0.34	0	0	0.66
201500	0.66	0.34	0.34	0	0	0.66
201600	0.66	0.34	0.34	0	0	0.66
201700	0.66	0.34	0.34	0	0	0.66
201800	0.66	0.34	0.34	0	0	0.66
201900	0.66	0.34	0.34	0	0	0.66
202000	0.66	0.34	0.34	0	0	0.66
202100	0.66	0.34	0.34	0	0	0.66
202200	0.66	0.34	0.34	0	0	0.66
202300	0.66	0.34	0.34	0	0	0.66
202400	0.66	0.34	0.34	0	0	0.66
202500	0.66	0.34	0.34	0	0	0.66
202600	0.66	0.34	0.34	0	0	0.66
202700	0.66	0.34	0.34	0	0	0.66
202800	0.66	0.34	0.34	0	0	0.66
202900	0.66	0.34	0.34	0	0	0.66
203000	0.66	0.34	0.34	0	0	0.66
203100	0.66	0.34	0.34	0	0	0.66
203200	0.66	0.34	0.34	0	0	0.66
203300	0.66	0.34	0.34	0	0	0.66
203400	0.66	0.34	0.34	0	0	0.66
203500	0.66	0.34	0.34	0	0	0.66
203600	0.66	0.34	0.34	0	0	0.66
203700	0.66	0.34	0.34	0	0	0.66
203800	0.66	0.34	0.34	0	0	0.66
203900	0.66	0.34	0.34	0	0	0.66
204000	0.66	0.34	0.34	0	0	0.66
204100	0.66	0.34	0.34	0	0	0.66
204200	0.66	0.34	0.34	0	0	0.66
204300	0.66	0.34	0.34	0	0	0.66
204400	0.66	0.34	0.34	0	0	0.66
204500	0.66	0.34	0.34	0	0	0.66
204600	0.66	0.34	0.34	0	0	0.66
204700	0.66	0.34	0.34	0	0	0.66
204800	0.66	0.34	0.34	0	0	0.66
204900	0.66	0.34	0.34	0	0	0.66
205000	0.66	0.34	0.34	0	0	0.66
205100	0.66	0.34	0.34	0	0	0.66
205200	0.66	0.34	0.34	0	0	0.66
205300	0.66	0.34	0.34	0	0	0.66
205400	0.66	0.34	0.34	0	0	0.66
205500	0.66	0.34	0.34	0	0	0.66
205600	0.66	0.34	0.34	0	0	0.66
205700	0.66	0.34	0.34	0	0	0.66
205800	0.66	0.34	0.34	0	0	0.66
205900	0.66	0.34	0.34	0	0	0.66
206000	0.66	0.34	0.34	0	0	0.66
206100	0.66	0.34	0.34	0	0	0.66
206200	0.66	0.34	0.34	0	0	0.66
206300	0.66	0.34	0.34	0	0	0.66
206400	0.66	0.34	0.34	0	0	0.66
206500	0.66	0.34	0.34	0	0	0.66
206600	0.66	0.34	0.34	0	0	0.66
206700	0.66	0.34	0.34	0	0	0.66
206800	0.66	0.34	0.34	0	0	0.66
206900	0.66	0.34	0.34	0	0	0.66
207000	0.66	0.34	0.34	0	0	0.66
207100	0.66	0.34	0.34	0	0	0.66
207200	0.66	0.34	0.34	0	0	0.66
207300	0.65	0.34	0.34	0	0	0.65
207400	0.65	0.34	0.34	0	0	0.65
207500	0.65	0.34	0.34	0	0	0.65
207600	0.65	0.34	0.34	0	0	0.65
207700	0.65	0.34	0.34	0	0	0.65
207800	0.65	0.34	0.34	0	0	0.65
207900	0.65	0.34	0.34	0	0	0.65
208000	0.65	0.34	0.34	0	0	0.65
208100	0.65	0.34	0.34	0	0	0.65
208200	0.65	0.34	0.34	0	0	0.65
208300	0.65	0.34	0.34	0	0	0.65
208400	0.65	0.34	0.34	0	0	0.65
208500	0.65	0.34	0.34	0	0	0.65
208600	0.65	0.34	0.34	0	0	0.65
208700	0.65	0.34	0.34	0	0	0.65
208800	0.65	0.34	0.34	0	0	0.65
208900	0.65	0.34	0.34	0	0	0.65
209000	0.65	0.34	0.34	0	0	0.65
209100	0.65	0.34	0.34	0	0	0.65
209200	0.65	0.34	0.34	0	0	0.65
209300	0.65	0.34	0.34	0	0	0.65
209400	0.65	0.34	0.34	0	0	0.65
209500	0.65	0.34	0.34	0	0	0.65
209600	0.65	0.34	0.34	0	0	0.65
209700	0.65	0.34	0.34	0	0	0.65
209800	0.65	0.34	0.34	0	0	0.65
209900	0.65	0.34	0.34	0	0	0.65
210000	0.65	0.34	0.34	0	0	0.65
210100	0.65	0.34	0.34	0	0	0.65
210200	0.65	0.34	0.34	0	0	0.65
210300	0.65	0.34	0.34	0	0	0.65
210400	0.65	0.34	0.34	0	0	0.65
210500	0.65	0.34	0.34	0	0	0.65
210600	0.65	0.34	0.34	0	0	0.65
210700	0.65	0.34	0.34	0	0	0.65
210800	0.65	0.34	0.34	0	0	0.65
210900	0.65	0.34	0.34	0	0	0.65
211000	0.65	0.34	0.34	0	0	0.65
211100	0.66	0.34	0.34	0	0	0.66
211200	0.66	0.34	0.34	0	0	0.66
211300	0.66	0.34	0.34	0	0	0.66
211400	0.66	0.34	0.34	0	0	0.66
211500	0.65	0.34	0.34	0	0	0.65
211600	0.65	0.34	0.34	0	0	0.65
211700	0.65	0.34	0.34	0	0	0.65
211800	0.65	0.34	0.34	0	0	0.65
211900	0.65	0.34	0.34	0	0	0.65
212000	0.65	0.35	0.35	0	0	0.65
212100	0.65	0.35	0.35	0	0	0.65
212200	0.65	0.35	0.35	0	0	0.65
212300	0.65	0.35	0.35	0	0	0.65
212400	0.65	0.35	0.35	0	0	0.65
212500	0.65	0.35	0.35	0	0	0.65
212600	0.65	0.35	0.35	0	0	0.65
212700	0.65	0.35	0.35	0	0	0.65
212800	0.65	0.35	0.35	0	0	0.65
212900	0.65	0.35	0.35	0	0	0.65
213000	0.65	0.35	0.35	0	0	0.65
213100	0.65	0.35	0.35	0	0	0.65
213200	0.65	0.35	0.35	0	0	0.65
213300	0.65	0.35	0.35	0	0	0.65
213400	0.65	0.35	0.35	0	0	0.65
213500	0.65	0.35	0.35	0	0	0.65
213600	0.65	0.35	0.35	0	0	0.65
213700	0.65	0.35	0.35	0	0	0.65
213800	0.65	0.35	0.35	0	0	0.65
213900	0.65	0.35	0.35	0	0	0.65
214000	0.65	0.35	0.35	0	0	0.65
214100	0.65	0.35	0.35	0	0	0.65
214200	0.65	0.35	0.35	0	0	0.65
214300	0.65	0.35	0.35	0	0	0.65
214400	0.65	0.35	0.35	0	0	0.65
214500	0.65	0.35	0.35	0	0	0.65
214600	0.65	0.35	0.35	0	0	0.65
214700	0.65	0.35	0.35	0	0	0.65
214800	0.65	0.35	0.35	0	0	0.65
214900	0.65	0.35	0.35	0	0	0.65
215000	0.65	0.35	0.35	0	0	0.65
215100	0.65	0.35	0.35	0	0	0.65
215200	0.65	0.35	0.35	0	0	0.65
215300	0.65	0.35	0.35	0	0	0.65
215400	0.65	0.35	0.35	0	0	0.65
215500	0.65	0.35	0.35	0	0	0.65
215600	0.65	0.35	0.35	0	0	0.65
215700	0.65	0.35	0.35	0	0	0.65
215800	0.65	0.35	0.35	0	0	0.65
215900	0.65	0.35	0.35	0	0	0.65
216000	0.65	0.35	0.35	0	0	0.65
216100	0.65	0.35	0.35	0	0	0.65
216200	0.65	0.35	0.35	0	0	0.65
216300	0.65	0.35	0.35	0	0	0.65
216400	0.65	0.35	0.35	0	0	0.65
216500	0.65	0.35	0.35	0	0	0.65
216600	0.65	0.35	0.35	0	0	0.65
216700	0.65	0.35	0.35	0	0	0.65
216800	0.64	0.35	0.35	0	0	0.64
216900	0.64	0.35	0.35	0	0	0.64
217000	0.64	0.35	0.35	0	0	0.64
217100	0.64	0.35	0.35	0	0	0.64
217200	0.64	0.35	0.35	0	0	0.64
217300	0.64	0.35	0.35	0	0	0.64
217400	0.64	0.35	0.35	0	0	0.64
217500	0.64	0.35	0.35	0	0	0.64
217600	0.64	0.35	0.35	0	0	0.64
217700	0.64	0.35	0.35	0	0	0.64
217800	0.64	0.35	0.35	0	0	0.64
217900	0.63	0.35	0.35	0	0	0.63
218000	0.63	0.35	0.35	0	0	0.63
218100	0.63	0.35	0.35	0	0	0.63
218200	0.63	0.35	0.35	0	0	0.63
218300	0.63	0.35	0.35	0	0	0.63
218400	0.63	0.35	0.35	0	0	0.63
218500	0.63	0.35	0.35	0	0	0.63
218600	0.63	0.35	0.35	0	0	0.63
218700	0.63	0.35	0.35	0	0	0.63
218800	0.63	0.35	0.35	0	0	0.63
218900	0.63	0.35	0.35	0	0	0.63
219000	0.63	0.35	0.35	0	0	0.63
219100	0.63	0.35	0.35	0	0	0.63
219200	0.63	0.35	0.35	0	0	0.63
219300	0.63	0.35	0.35	0	0	0.63
219400	0.63	0.35	0.35	0	0	0.63
219500	0.63	0.35	0.35	0	0	0.63
219600	0.63	0.35	0.35	0	0	0.63
219700	0.63	0.35	0.35	0	0	0.63
219800	0.63	0.35	0.35	0	0	0.63
219900	0.63	0.36	0.36	0	0	0.63
220000	0.63	0.35	0.35	0	0	0.63
220100	0.63	0.35	0.35	0	0	0.63
220200	0.63	0.35	0.35	0	0	0.63
220300	0.63	0.35	0.35	0	0	0.63
220400	0.63	0.35	0.35	0	0	0.63
220500	0.64	0.35	0.35	0	0	0.64
220600	0.64	0.35	0.35	0	0	0.64
220700	0.64	0.35	0.35	0	0	0.64
220800	0.64	0.35	0.35	0	0	0.64
220900	0.64	0.35	0.35	0	0	0.64
221000	0.64	0.35	0.35	0	0	0.64
221100	0.64	0.35	0.35	0	0	0.64
221200	0.64	0.35	0.35	0	0	0.64
221300	0.64	0.35	0.35	0	0	0.64
221400	0.64	0.35	0.35	0	0	0.64
221500	0.64	0.35	0.35	0	0	0.64
221600	0.64	0.35	0.35	0	0	0.64
221700	0.64	0.35	0.35	0	0	0.64
221800	0.64	0.35	0.35	0	0	0.64
221900	0.64	0.35	0.35	0	0	0.64
222000	0.64	0.35	0.35	0	0	0.64
222100	0.64	0.35	0.35	0	0	0.64
222200	0.64	0.35	0.35	0	0	0.64
222300	0.64	0.35	0.35	0	0	0.64
222400	0.64	0.35	0.35	0	0	0.64
222500	0.64	0.35	0.35	0	0	0.64
222600	0.64	0.35	0.35	0	0	0.64
222700	0.64	0.35	0.35	0	0	0.64
222800	0.64	0.35	0.35	0	0	0.64
222900	0.64	0.35	0.35	0	0	0.64
223000	0.64	0.35	0.35	0	0	0.64
223100	0.64	0.35	0.35	0	0	0.64
223200	0.64	0.35	0.35	0	0	0.64
223300	0.64	0.35	0.35	0	0	0.64
223400	0.64	0.35	0.35	0	0	0.64
223500	0.64	0.35	0.35	0	0	0.64
223600	0.64	0.35	0.35	0	0	0.64
223700	0.64	0.35	0.35	0	0	0.64
223800	0.64	0.35	0.35	0	0	0.64
223900	0.64	0.35	0.35	0	0	0.64
224000	0.64	0.35	0.35	0	0	0.64
224100	0.64	0.35	0.35	0	0	0.64
224200	0.64	0.35	0.35	0	0	0.64
224300	0.64	0.35	0.35	0	0	0.64
224400	0.64	0.35	0.35	0	0	0.64
224500	0.64	0.35	0.35	0	0	0.64
224600	0.64	0.35	0.35	0	0	0.64
224700	0.64	0.35	0.35	0	0	0.64
224800	0.64	0.35	0.35	0	0	0.64
224900	0.64	0.35	0.35	0	0	0.64
225000	0.64	0.35	0.35	0	0	0.64
225100	0.64	0.35	0.35	0	0	0.64
225200	0.64	0.35	0.35	0	0	0.64
225300	0.64	0.35	0.35	0	0	0.64
225400	0.64	0.35	0.35	0	0	0.64
225500	0.64	0.35	0.35	0	0	0.64
225600	0.64	0.35	0.35	0	0	0.64
225700	0.64	0.35	0.35	0	0	0.64
225800	0.64	0.35	0.35	0	0	0.64
225900	0.64	0.35	0.35	0	0	0.64
226000	0.64	0.35	0.35	0	0	0.64
226100	0.64	0.35	0.35	0	0	0.64
226200	0.64	0.35	0.35	0	0	0.64
226300	0.64	0.35	0.35	0	0	0.64
226400	0.64	0.35	0.35	0	0	0.64
226500	0.64	0.35	0.35	0	0	0.64
226600	0.64	0.35	0.35	0	0	0.64
226700	0.64	0.35	0.35	0	0	0.64
226800	0.64	0.35	0.35	0	0	0.64
226900	0.64	0.35	0.35	0	0	0.64
227000	0.64	0.35	0.35	0	0	0.64
227100	0.64	0.35	0.35	0	0	0.64
227200	0.64	0.35	0.35	0	0	0.64
227300	0.64	0.35	0.35	0	0	0.64
227400	0.64	0.36	0.36	0	0	0.64
227500	0.64	0.36	0.36	0	0	0.64
227600	0.64	0.36	0.36	0	0	0.64
227700	0.64	0.36	0.36	0	0	0.64
227800	0.64	0.36	0.36	0	0	0.64
227900	0.64	0.36	0.36	0	0	0.64
228000	0.64	0.36	0.36	0	0	0.64
228100	0.64	0.36	0.36	0	0	0.64
228200	0.64	0.36	0.36	0	0	0.64
228300	0.64	0.36	0.36	0	0	0.64
228400	0.64	0.36	0.36	0	0	0.64
228500	0.64	0.36	0.36	0	0	0.64
228600	0.64	0.36	0.36	0	0	0.64
228700	0.64	0.36	0.36	0	0	0.64
228800	0.64	0.36	0.36	0	0	0.64
228900	0.64	0.36	0.36	0	0	0.64
229000	0.64	0.36	0.36	0	0	0.64
229100	0.64	0.36	0.36	0	0	0.64
229200	0.64	0.36	0.36	0	0	0.64
229300	0.64	0.36	0.36	0	0	0.64
229400	0.64	0.36	0.36	0	0	0.64
229500	0.64	0.36	0.36	0	0	0.64
229600	0.64	0.36	0.36	0	0	0.64
229700	0.64	0.36	0.36	0	0	0.64
229800	0.64	0.36	0.36	0	0	0.64
229900	0.64	0.36	0.36	0	0	0.64
230000	0.64	0.36	0.36	0	0	0.64
230100	0.64	0.36	0.36	0	0	0.64
230200	0.64	0.36	0.36	0	0	0.64
230300	0.64	0.36	0.36	0	0	0.64
230400	0.64	0.36	0.36	0	0	0.64
230500	0.64	0.36	0.36	0	0	0.64
230600	0.64	0.36	0.36	0	0	0.64
230700	0.64	0.36	0.36	0	0	0.64
230800	0.64	0.36	0.36	0	0	0.64
230900	0.64	0.36	0.36	0	0	0.64
231000	0.64	0.36	0.36	0	0	0.64
231100	0.64	0.36	0.36	0	0	0.64
231200	0.64	0.36	0.36	0	0	0.64
231300	0.64	0.36	0.36	0	0	0.64
231400	0.64	0.36	0.36	0	0	0.64
231500	0.64	0.36	0.36	0	0	0.64
231600	0.64	0.36	0.36	0	0	0.64
231700	0.64	0.36	0.36	0	0	0.64
231800	0.64	0.36	0.36	0	0	0.64
231900	0.64	0.36	0.36	0	0	0.64
232000	0.64	0.36	0.36	0	0	0.64
232100	0.64	0.36	0.36	0	0	0.64
232200	0.64	0.36	0.36	0	0	0.64
232300	0.64	0.36	0.36	0	0	0.64
232400	0.64	0.36	0.36	0	0	0.64
232500	0.64	0.36	0.36	0	0	0.64
232600	0.64	0.36	0.36	0	0	0.64
232700	0.64	0.36	0.36	0	0	0.64
232800	0.64	0.36	0.36	0	0	0.64
232900	0.64	0.36	0.36	0	0	0.64
233000	0.64	0.36	0.36	0	0	0.64
233100	0.64	0.36	0.36	0	0	0.64
233200	0.64	0.36	0.36	0	0	0.64
233300	0.64	0.36	0.36	0	0	0.64
233400	0.64	0.36	0.36	0	0	0.64
233500	0.64	0.36	0.36	0	0	0.64
233600	0.64	0.36	0.36	0	0	0.64
233700	0.64	0.36	0.36	0	0	0.64
233800	0.64	0.36	0.36	0	0	0.64
233900	0.64	0.36	0.36	0	0	0.64
234000	0.64	0.36	0.36	0	0	0.64
234100	0.64	0.36	0.36	0	0	0.64
234200	0.64	0.36	0.36	0	0	0.64
234300	0.64	0.36	0.36	0	0	0.64
234400	0.64	0.36	0.36	0	0	0.64
234500	0.64	0.36	0.36	0	0	0.64
234600	0.64	0.36	0.36	0	0	0.64
234700	0.64	0.36	0.36	0	0	0.64
234800	0.64	0.36	0.36	0	0	0.64
234900	0.64	0.36	0.36	0	0	0.64
235000	0.64	0.36	0.36	0	0	0.64
235100	0.64	0.36	0.36	0	0	0.64
235200	0.64	0.36	0.36	0	0	0.64
235300	0.64	0.36	0.36	0	0	0.64
235400	0.63	0.36	0.36	0	0	0.63
235500	0.63	0.36	0.36	0	0	0.63
235600	0.63	0.36	0.36	0	0	0.63
235700	0.63	0.36	0.36	0	0	0.63
235800	0.63	0.36	0.36	0	0	0.63
235900	0.63	0.36	0.36	0	0	0.63
236000	0.63	0.36	0.36	0	0	0.63
236100	0.63	0.36	0.36	0	0	0.63
236200	0.63	0.36	0.36	0	0	0.63
236300	0.63	0.36	0.36	0	0	0.63
236400	0.63	0.36	0.36	0	0	0.63
236500	0.63	0.36	0.36	0	0	0.63
236600	0.63	0.36	0.36	0	0	0.63
236700	0.63	0.36	0.36	0	0	0.63
236800	0.63	0.36	0.36	0	0	0.63
236900	0.64	0.36	0.36	0	0	0.64
237000	0.64	0.36	0.36	0	0	0.64
237100	0.64	0.36	0.36	0	0	0.64
237200	0.64	0.36	0.36	0	0	0.64
237300	0.64	0.36	0.36	0	0	0.64
237400	0.64	0.36	0.36	0	0	0.64
237500	0.64	0.36	0.36	0	0	0.64
237600	0.64	0.36	0.36	0	0	0.64
237700	0.64	0.36	0.36	0	0	0.64
237800	0.64	0.36	0.36	0	0	0.64
237900	0.64	0.36	0.36	0	0	0.64
238000	0.64	0.36	0.36	0	0	0.64
238100	0.64	0.36	0.36	0	0	0.64
238200	0.64	0.36	0.36	0	0	0.64
238300	0.64	0.36	0.36	0	0	0.64
238400	0.64	0.36	0.36	0	0	0.64
238500	0.64	0.36	0.36	0	0	0.64
238600	0.64	0.36	0.36	0	0	0.64
238700	0.64	0.36	0.36	0	0	0.64
238800	0.64	0.36	0.36	0	0	0.64
238900	0.64	0.36	0.36	0	0	0.64
239000	0.64	0.36	0.36	0	0	0.64
239100	0.64	0.36	0.36	0	0	0.64
239200	0.64	0.36	0.36	0	0	0.64
239300	0.64	0.36	0.36	0	0	0.64
239400	0.64	0.36	0.36	0	0	0.64
239500	0.64	0.36	0.36	0	0	0.64
239600	0.64	0.36	0.36	0	0	0.64
239700	0.64	0.36	0.36	0	0	0.64
239800	0.64	0.36	0.36	0	0	0.64
239900	0.64	0.36	0.36	0	0	0.64
240000	0.64	0.36	0.36	0	0	0.64
240100	0.64	0.36	0.36	0	0	0.64
240200	0.64	0.36	0.36	0	0	0.64
240300	0.64	0.36	0.36	0	0	0.64
240400	0.64	0.36	0.36	0	0	0.64
240500	0.64	0.36	0.36	0	0	0.64
240600	0.64	0.36	0.36	0	0	0.64
240700	0.64	0.36	0.36	0	0	0.64
240800	0.64	0.36	0.36	0	0	0.64
240900	0.64	0.36	0.36	0	0	0.64
241000	0.64	0.36	0.36	0	0	0.64
241100	0.64	0.36	0.36	0	0	0.64
241200	0.64	0.36	0.36	0	0	0.64
241300	0.64	0.36	0.36	0	0	0.64
241400	0.64	0.36	0.36	0	0	0.64
241500	0.64	0.36	0.36	0	0	0.64
241600	0.64	0.36	0.36	0	0	0.64
241700	0.64	0.36	0.36	0	0	0.64
241800	0.64	0.36	0.36	0	0	0.64
241900	0.64	0.36	0.36	0	0	0.64
242000	0.64	0.36	0.36	0	0	0.64
242100	0.64	0.36	0.36	0	0	0.64
242200	0.64	0.36	0.36	0	0	0.64
242300	0.64	0.36	0.36	0	0	0.64
242400	0.64	0.36	0.36	0	0	0.64
242500	0.64	0.36	0.36	0	0	0.64
242600	0.64	0.36	0.36	0	0	0.64
242700	0.64	0.36	0.36	0	0	0.64
242800	0.64	0.36	0.36	0	0	0.64
242900	0.64	0.36	0.36	0	0	0.64
243000	0.64	0.36	0.36	0	0	0.64
243100	0.64	0.36	0.36	0	0	0.64
243200	0.64	0.36	0.36	0	0	0.64
243300	0.64	0.36	0.36	0	0	0.64
243400	0.64	0.36	0.36	0	0	0.64
243500	0.64	0.36	0.36	0	0	0.64
243600	0.64	0.36	0.36	0	0	0.64
243700	0.64	0.36	0.36	0	0	0.64
243800	0.64	0.36	0.36	0	0	0.64
243900	0.64	0.36	0.36	0	0	0.64
244000	0.64	0.36	0.36	0	0	0.64
244100	0.64	0.36	0.36	0	0	0.64
244200	0.64	0.36	0.36	0	0	0.64
244300	0.64	0.36	0.36	0	0	0.64
244400	0.64	0.36	0.36	0	0	0.64
244500	0.64	0.36	0.36	0	0	0.64
244600	0.64	0.36	0.36	0	0	0.64
244700	0.64	0.36	0.36	0	0	0.64
244800	0.64	0.36	0.36	0	0	0.64
244900	0.64	0.36	0.36	0	0	0.64
245000	0.64	0.36	0.36	0	0	0.64
245100	0.64	0.36	0.36	0	0	0.64
245200	0.64	0.36	0.36	0	0	0.64
245300	0.64	0.36	0.36	0	0	0.64
245400	0.64	0.36	0.36	0	0	0.64
245500	0.64	0.36	0.36	0	0	0.64
245600	0.64	0.36	0.36	0	0	0.64
245700	0.64	0.36	0.36	0	0	0.64
245800	0.64	0.36	0.36	0	0	0.64
245900	0.64	0.36	0.36	0	0	0.64
246000	0.64	0.36	0.36	0	0	0.64
246100	0.64	0.36	0.36	0	0	0.64
246200	0.64	0.36	0.36	0	0	0.64
246300	0.64	0.36	0.36	0	0	0.64
246400	0.64	0.36	0.36	0	0	0.64
246500	0.64	0.36	0.36	0	0	0.64
246600	0.64	0.35	0.35	0	0	0.64
246700	0.64	0.35	0.35	0	0	0.64
246800	0.64	0.35	0.35	0	0	0.64
246900	0.64	0.35	0.35	0	0	0.64
247000	0.64	0.35	0.35	0	0	0.64
247100	0.64	0.35	0.35	0	0	0.64
247200	0.64	0.35	0.35	0	0	0.64
247300	0.64	0.35	0.35	0	0	0.64
247400	0.64	0.35	0.35	0	0	0.64
247500	0.63	0.35	0.35	0	0	0.63
247600	0.63	0.35	0.35	0	0	0.63
247700	0.63	0.35	0.35	0	0	0.63
247800	0.63	0.35	0.35	0	0	0.63
247900	0.63	0.35	0.35	0	0	0.63
248000	0.63	0.35	0.35	0	0	0.63
248100	0.63	0.35	0.35	0	0	0.63
248200	0.63	0.35	0.35	0	0	0.63
248300	0.63	0.35	0.35	0	0	0.63
248400	0.63	0.35	0.35	0	0	0.63
248500	0.63	0.35	0.35	0	0	0.63
248600	0.63	0.35	0.35	0	0	0.63
248700	0.63	0.35	0.35	0	0	0.63
248800	0.63	0.35	0.35	0	0	0.63
248900	0.63	0.35	0.35	0	0	0.63
249000	0.63	0.35	0.35	0	0	0.63
249100	0.63	0.35	0.35	0	0	0.63
249200	0.63	0.35	0.35	0	0	0.63
249300	0.63	0.35	0.35	0	0	0.63
249400	0.63	0.35	0.35	0	0	0.63
249500	0.63	0.35	0.35	0	0	0.63
249600	0.63	0.37	0.37	0	0	0.63
249700	0.63	0.36	0.36	0	0	0.63
249800	0.63	0.36	0.36	0	0	0.63
249900	0.63	0.36	0.36	0	0	0.63
250000	0.63	0.36	0.36	0	0	0.63
250100	0.63	0.36	0.36	0	0	0.63
250200	0.63	0.36	0.36	0	0	0.63
250300	0.63	0.36	0.36	0	0	0.63
250400	0.63	0.36	0.36	0	0	0.63
250500	0.63	0.36	0.36	0	0	0.63
250600	0.63	0.36	0.36	0	0	0.63
250700	0.63	0.36	0.36	0	0	0.63
250800	0.63	0.36	0.36	0	0	0.63
250900	0.63	0.36	0.36	0	0	0.63
251000	0.63	0.36	0.36	0	0	0.63
251100	0.63	0.36	0.36	0	0	0.63
251200	0.63	0.36	0.36	0	0	0.63
251300	0.63	0.36	0.36	0	0	0.63
251400	0.63	0.36	0.36	0	0	0.63
251500	0.63	0.36	0.36	0	0	0.63
251600	0.63	0.36	0.36	0	0	0.63
251700	0.63	0.36	0.36	0	0	0.63
251800	0.63	0.36	0.36	0	0	0.63
251900	0.63	0.36	0.36	0	0	0.63
252000	0.63	0.36	0.36	0	0	0.63
252100	0.63	0.36	0.36	0	0	0.63
252200	0.63	0.36	0.36	0	0	0.63
252300	0.63	0.36	0.36	0	0	0.63
252400	0.63	0.36	0.36	0	0	0.63
252500	0.63	0.36	0.36	0	0	0.63
252600	0.63	0.36	0.36	0	0	0.63
252700	0.63	0.36	0.36	0	0	0.63
252800	0.63	0.36	0.36	0	0	0.63
252900	0.63	0.36	0.36	0	0	0.63
253000	0.63	0.36	0.36	0	0	0.63
253100	0.63	0.36	0.36	0	0	0.63
253200	0.63	0.36	0.36	0	0	0.63
253300	0.63	0.36	0.36	0	0	0.63
253400	0.63	0.36	0.36	0	0	0.63
253500	0.63	0.36	0.36	0	0	0.63
253600	0.63	0.36	0.36	0	0	0.63
253700	0.63	0.36	0.36	0	0	0.63
253800	0.63	0.36	0.36	0	0	0.63
253900	0.63	0.36	0.36	0	0	0.63
254000	0.63	0.36	0.36	0	0	0.63
254100	0.63	0.36	0.36	0	0	0.63
254200	0.63	0.36	0.36	0	0	0.63
254300	0.63	0.36	0.36	0	0	0.63
254400	0.63	0.36	0.36	0	0	0.63
254500	0.63	0.36	0.36	0	0	0.63
254600	0.63	0.36	0.36	0	0	0.63
254700	0.63	0.36	0.36	0	0	0.63
254800	0.63	0.36	0.36	0	0	0.63
254900	0.63	0.36	0.36	0	0	0.63
255000	0.63	0.36	0.36	0	0	0.63
255100	0.63	0.36	0.36	0	0	0.63
255200	0.63	0.36	0.36	0	0	0.63
255300	0.63	0.36	0.36	0	0	0.63
255400	0.63	0.36	0.36	0	0	0.63
255500	0.63	0.36	0.36	0	0	0.63
255600	0.63	0.36	0.36	0	0	0.63
255700	0.63	0.36	0.36	0	0	0.63
255800	0.63	0.36	0.36	0	0	0.63
255900	0.63	0.36	0.36	0	0	0.63
256000	0.63	0.36	0.36	0	0	0.63
256100	0.63	0.36	0.36	0	0	0.63
256200	0.63	0.36	0.36	0	0	0.63
256300	0.63	0.36	0.36	0	0	0.63
256400	0.63	0.36	0.36	0	0	0.63
256500	0.63	0.36	0.36	0	0	0.63
256600	0.63	0.36	0.36	0	0	0.63
256700	0.63	0.36	0.36	0	0	0.63
256800	0.63	0.36	0.36	0	0	0.63
256900	0.63	0.36	0.36	0	0	0.63
257000	0.63	0.36	0.36	0	0	0.63
257100	0.63	0.36	0.36	0	0	0.63
257200	0.63	0.36	0.36	0	0	0.63
257300	0.63	0.36	0.36	0	0	0.63
257400	0.63	0.36	0.36	0	0	0.63
257500	0.63	0.36	0.36	0	0	0.63
257600	0.63	0.36	0.36	0	0	0.63
257700	0.63	0.36	0.36	0	0	0.63
257800	0.63	0.36	0.36	0	0	0.63
257900	0.63	0.36	0.36	0	0	0.63
258000	0.63	0.36	0.36	0	0	0.63
258100	0.63	0.36	0.36	0	0	0.63
258200	0.63	0.36	0.36	0	0	0.63
258300	0.63	0.36	0.36	0	0	0.63
258400	0.63	0.36	0.36	0	0	0.63
258500	0.63	0.37	0.37	0	0	0.63
258600	0.63	0.37	0.37	0	0	0.63
258700	0.63	0.37	0.37	0	0	0.63
258800	0.63	0.37	0.37	0	0	0.63
258900	0.63	0.37	0.37	0	0	0.63
259000	0.63	0.36	0.36	0	0	0.63
259100	0.63	0.36	0.36	0	0	0.63
259200	0.63	0.36	0.36	0	0	0.63
259300	0.63	0.36	0.36	0	0	0.63
259400	0.63	0.36	0.36	0	0	0.63
259500	0.63	0.36	0.36	0	0	0.63
259600	0.63	0.36	0.36	0	0	0.63
259700	0.63	0.36	0.36	0	0	0.63
259800	0.63	0.36	0.36	0	0	0.63
259900	0.63	0.36	0.36	0	0	0.63
260000	0.63	0.36	0.36	0	0	0.63
260100	0.63	0.36	0.36	0	0	0.63
260200	0.63	0.36	0.36	0	0	0.63
260300	0.63	0.36	0.36	0	0	0.63
260400	0.63	0.36	0.36	0	0	0.63
260500	0.63	0.37	0.37	0	0	0.63
260600	0.63	0.37	0.37	0	0	0.63
260700	0.63	0.37	0.37	0	0	0.63
260800	0.63	0.37	0.37	0	0	0.63
260900	0.63	0.37	0.37	0	0	0.63
261000	0.63	0.37	0.37	0	0	0.63
261100	0.63	0.37	0.37	0	0	0.63
261200	0.63	0.37	0.37	0	0	0.63
261300	0.63	0.37	0.37	0	0	0.63
261400	0.63	0.37	0.37	0	0	0.63
261500	0.63	0.37	0.37	0	0	0.63
261600	0.63	0.37	0.37	0	0	0.63
261700	0.63	0.37	0.37	0	0	0.63
261800	0.63	0.37	0.37	0	0	0.63
261900	0.63	0.37	0.37	0	0	0.63
262000	0.63	0.37	0.37	0	0	0.63
262100	0.63	0.37	0.37	0	0	0.63
262200	0.63	0.37	0.37	0	0	0.63
262300	0.63	0.37	0.37	0	0	0.63
262400	0.63	0.37	0.37	0	0	0.63
262500	0.63	0.37	0.37	0	0	0.63
262600	0.63	0.37	0.37	0	0	0.63
262700	0.63	0.37	0.37	0	0	0.63
262800	0.63	0.37	0.37	0	0	0.63
262900	0.63	0.37	0.37	0	0	0.63
263000	0.63	0.37	0.37	0	0	0.63
263100	0.63	0.37	0.37	0	0	0.63
263200	0.63	0.37	0.37	0	0	0.63
263300	0.63	0.37	0.37	0	0	0.63
263400	0.63	0.37	0.37	0	0	0.63
263500	0.63	0.37	0.37	0	0	0.63
263600	0.63	0.37	0.37	0	0	0.63
263700	0.63	0.37	0.37	0	0	0.63
263800	0.63	0.37	0.37	0	0	0.63
263900	0.63	0.37	0.37	0	0	0.63
264000	0.63	0.37	0.37	0	0	0.63
264100	0.63	0.37	0.37	0	0	0.63
264200	0.63	0.37	0.37	0	0	0.63
264300	0.63	0.37	0.37	0	0	0.63
264400	0.63	0.37	0.37	0	0	0.63
264500	0.63	0.37	0.37	0	0	0.63
264600	0.63	0.37	0.37	0	0	0.63
264700	0.63	0.37	0.37	0	0	0.63
264800	0.63	0.37	0.37	0	0	0.63
264900	0.63	0.37	0.37	0	0	0.63
265000	0.63	0.37	0.37	0	0	0.63
265100	0.63	0.37	0.37	0	0	0.63
265200	0.63	0.37	0.37	0	0	0.63
265300	0.63	0.37	0.37	0	0	0.63
265400	0.63	0.37	0.37	0	0	0.63
265500	0.63	0.37	0.37	0	0	0.63
265600	0.63	0.37	0.37	0	0	0.63
265700	0.63	0.37	0.37	0	0	0.63
265800	0.63	0.37	0.37	0	0	0.63
265900	0.63	0.37	0.37	0	0	0.63
266000	0.63	0.37	0.37	0	0	0.63
266100	0.63	0.37	0.37	0	0	0.63
266200	0.63	0.37	0.37	0	0	0.63
266300	0.63	0.37	0.37	0	0	0.63
266400	0.63	0.37	0.37	0	0	0.63
266500	0.63	0.37	0.37	0	0	0.63
266600	0.63	0.37	0.37	0	0	0.63
266700	0.63	0.37	0.37	0	0	0.63
266800	0.63	0.37	0.37	0	0	0.63
266900	0.63	0.37	0.37	0	0	0.63
267000	0.63	0.37	0.37	0	0	0.63
267100	0.63	0.37	0.37	0	0	0.63
267200	0.63	0.37	0.37	0	0	0.63
267300	0.63	0.37	0.37	0	0	0.63
267400	0.63	0.37	0.37	0	0	0.63
267500	0.63	0.37	0.37	0	0	0.63
267600	0.63	0.37	0.37	0	0	0.63
267700	0.63	0.37	0.37	0	0	0.63
267800	0.63	0.37	0.37	0	0	0.63
267900	0.63	0.37	0.37	0	0	0.63
268000	0.63	0.37	0.37	0	0	0.63
268100	0.63	0.37	0.37	0	0	0.63
268200	0.63	0.37	0.37	0	0	0.63
268300	0.63	0.37	0.37	0	0	0.63
268400	0.63	0.37	0.37	0	0	0.63
268500	0.63	0.37	0.37	0	0	0.63
268600	0.63	0.37	0.37	0	0	0.63
268700	0.63	0.37	0.37	0	0	0.63
268800	0.63	0.37	0.37	0	0	0.63
268900	0.63	0.37	0.37	0	0	0.63
269000	0.63	0.37	0.37	0	0	0.63
269100	0.63	0.37	0.37	0	0	0.63
269200	0.63	0.37	0.37	0	0	0.63
269300	0.63	0.37	0.37	0	0	0.63
269400	0.63	0.37	0.37	0	0	0.63
269500	0.63	0.37	0.37	0	0	0.63
269600	0.63	0.37	0.37	0	0	0.63
269700	0.63	0.37	0.37	0	0	0.63
269800	0.63	0.37	0.37	0	0	0.63
269900	0.63	0.37	0.37	0	0	0.63
270000	0.63	0.37	0.37	0	0	0.63
270100	0.63	0.37	0.37	0	0	0.63
270200	0.63	0.37	0.37	0	0	0.63
270300	0.63	0.37	0.37	0	0	0.63
270400	0.63	0.37	0.37	0	0	0.63
270500	0.63	0.37	0.37	0	0	0.63
270600	0.63	0.37	0.37	0	0	0.63
270700	0.63	0.37	0.37	0	0	0.63
270800	0.63	0.37	0.37	0	0	0.63
270900	0.63	0.37	0.37	0	0	0.63
271000	0.63	0.37	0.37	0	0	0.63
271100	0.63	0.37	0.37	0	0	0.63
271200	0.63	0.37	0.37	0	0	0.63
271300	0.63	0.37	0.37	0	0	0.63
271400	0.63	0.37	0.37	0	0	0.63
271500	0.63	0.37	0.37	0	0	0.63
271600	0.63	0.37	0.37	0	0	0.63
271700	0.63	0.37	0.37	0	0	0.63
271800	0.63	0.37	0.37	0	0	0.63
271900	0.63	0.37	0.37	0	0	0.63
272000	0.63	0.37	0.37	0	0	0.63
272100	0.63	0.37	0.37	0	0	0.63
272200	0.63	0.37	0.37	0	0	0.63
272300	0.63	0.37	0.37	0	0	0.63
272400	0.63	0.37	0.37	0	0	0.63
272500	0.63	0.37	0.37	0	0	0.63
272600	0.63	0.37	0.37	0	0	0.63
272700	0.63	0.37	0.37	0	0	0.63
272800	0.63	0.37	0.37	0	0	0.63
272900	0.63	0.37	0.37	0	0	0.63
273000	0.63	0.37	0.37	0	0	0.63
273100	0.63	0.37	0.37	0	0	0.63
273200	0.63	0.37	0.37	0	0	0.63
273300	0.63	0.37	0.37	0	0	0.63
273400	0.63	0.37	0.37	0	0	0.63
273500	0.63	0.37	0.37	0	0	0.63
273600	0.63	0.37	0.37	0	0	0.63
273700	0.63	0.37	0.37	0	0	0.63
273800	0.63	0.37	0.37	0	0	0.63
273900	0.63	0.37	0.37	0	0	0.63
274000	0.63	0.37	0.37	0	0	0.63
274100	0.63	0.37	0.37	0	0	0.63
274200	0.63	0.37	0.37	0	0	0.63
274300	0.63	0.37	0.37	0	0	0.63
274400	0.63	0.37	0.37	0	0	0.63
274500	0.63	0.37	0.37	0	0	0.63
274600	0.63	0.37	0.37	0	0	0.63
274700	0.63	0.37	0.37	0	0	0.63
274800	0.63	0.37	0.37	0	0	0.63
274900	0.63	0.37	0.37	0	0	0.63
275000	0.63	0.37	0.37	0	0	0.63
275100	0.63	0.37	0.37	0	0	0.63
275200	0.63	0.37	0.37	0	0	0.63
275300	0.63	0.37	0.37	0	0	0.63
275400	0.63	0.37	0.37	0	0	0.63
275500	0.63	0.37	0.37	0	0	0.63
275600	0.63	0.37	0.37	0	0	0.63
275700	0.63	0.37	0.37	0	0	0.63
275800	0.63	0.37	0.37	0	0	0.63
275900	0.63	0.37	0.37	0	0	0.63
276000	0.63	0.37	0.37	0	0	0.63
276100	0.63	0.37	0.37	0	0	0.63
276200	0.63	0.37	0.37	0	0	0.63
276300	0.63	0.37	0.37	0	0	0.63
276400	0.63	0.37	0.37	0	0	0.63
276500	0.63	0.37	0.37	0	0	0.63
276600	0.63	0.37	0.37	0	0	0.63
276700	0.63	0.37	0.37	0	0	0.63
276800	0.63	0.37	0.37	0	0	0.63
276900	0.63	0.37	0.37	0	0	0.63
277000	0.63	0.37	0.37	0	0	0.63
277100	0.63	0.37	0.37	0	0	0.63
277200	0.63	0.37	0.37	0	0	0.63
277300	0.63	0.37	0.37	0	0	0.63
277400	0.63	0.37	0.37	0	0	0.63
277500	0.63	0.37	0.37	0	0	0.63
277600	0.63	0.37	0.37	0	0	0.63
277700	0.63	0.37	0.37	0	0	0.63
277800	0.63	0.37	0.37	0	0	0.63
277900	0.63	0.37	0.37	0	0	0.63
278000	0.63	0.37	0.37	0	0	0.63
278100	0.63	0.37	0.37	0	0	0.63
278200	0.63	0.37	0.37	0	0	0.63
278300	0.63	0.37	0.37	0	0	0.63
278400	0.63	0.37	0.37	0	0	0.63
278500	0.63	0.37	0.37	0	0	0.63
278600	0.63	0.37	0.37	0	0	0.63
278700	0.63	0.37	0.37	0	0	0.63
278800	0.63	0.37	0.37	0	0	0.63
278900	0.63	0.37	0.37	0	0	0.63
279000	0.63	0.37	0.37	0	0	0.63
279100	0.63	0.37	0.37	0	0	0.63
279200	0.63	0.37	0.37	0	0	0.63
279300	0.63	0.37	0.37	0	0	0.63
279400	0.63	0.37	0.37	0	0	0.63
279500	0.63	0.37	0.37	0	0	0.63
279600	0.63	0.37	0.37	0	0	0.63
279700	0.63	0.37	0.37	0	0	0.63
279800	0.63	0.37	0.37	0	0	0.63
279900	0.63	0.37	0.37	0	0	0.63
280000	0.63	0.37	0.37	0	0	0.63
280100	0.63	0.37	0.37	0	0	0.63
280200	0.63	0.37	0.37	0	0	0.63
280300	0.63	0.37	0.37	0	0	0.63
280400	0.63	0.37	0.37	0	0	0.63
280500	0.63	0.37	0.37	0	0	0.63
280600	0.63	0.37	0.37	0	0	0.63
280700	0.63	0.37	0.37	0	0	0.63
280800	0.63	0.37	0.37	0	0	0.63
280900	0.63	0.37	0.37	0	0	0.63
281000	0.63	0.37	0.37	0	0	0.63
281100	0.63	0.37	0.37	0	0	0.63
281200	0.63	0.37	0.37	0	0	0.63
281300	0.63	0.37	0.37	0	0	0.63
281400	0.63	0.37	0.37	0	0	0.63
281500	0.63	0.37	0.37	0	0	0.63
281600	0.63	0.37	0.37	0	0	0.63
281700	0.63	0.37	0.37	0	0	0.63
281800	0.63	0.37	0.37	0	0	0.63
281900	0.63	0.37	0.37	0	0	0.63
282000	0.63	0.37	0.37	0	0	0.63
282100	0.63	0.37	0.37	0	0	0.63
282200	0.63	0.37	0.37	0	0	0.63
282300	0.63	0.37	0.37	0	0	0.63
282400	0.63	0.37	0.37	0	0	0.63
282500	0.63	0.37	0.37	0	0	0.63
282600	0.63	0.37	0.37	0	0	0.63
282700	0.63	0.37	0.37	0	0	0.63
282800	0.63	0.37	0.37	0	0	0.63
282900	0.63	0.37	0.37	0	0	0.63
283000	0.63	0.37	0.37	0	0	0.63
283100	0.63	0.37	0.37	0	0	0.63
283200	0.63	0.37	0.37	0	0	0.63
283300	0.63	0.37	0.37	0	0	0.63
283400	0.63	0.37	0.37	0	0	0.63
283500	0.63	0.37	0.37	0	0	0.63
283600	0.63	0.37	0.37	0	0	0.63
283700	0.63	0.37	0.37	0	0	0.63
283800	0.63	0.37	0.37	0	0	0.63
283900	0.63	0.37	0.37	0	0	0.63
284000	0.63	0.37	0.37	0	0	0.63
284100	0.63	0.37	0.37	0	0	0.63
284200	0.63	0.37	0.37	0	0	0.63
284300	0.63	0.37	0.37	0	0	0.63
284400	0.63	0.37	0.37	0	0	0.63
284500	0.63	0.37	0.37	0	0	0.63
284600	0.63	0.37	0.37	0	0	0.63
284700	0.63	0.37	0.37	0	0	0.63
284800	0.63	0.37	0.37	0	0	0.63
284900	0.63	0.37	0.37	0	0	0.63
285000	0.63	0.37	0.37	0	0	0.63
285100	0.63	0.37	0.37	0	0	0.63
285200	0.63	0.37	0.37	0	0	0.63
285300	0.63	0.37	0.37	0	0	0.63
285400	0.63	0.37	0.37	0	0	0.63
285500	0.63	0.37	0.37	0	0	0.63
285600	0.63	0.37	0.37	0	0	0.63
285700	0.63	0.37	0.37	0	0	0.63
285800	0.63	0.37	0.37	0	0	0.63
285900	0.63	0.37	0.37	0	0	0.63
286000	0.63	0.37	0.37	0	0	0.63
286100	0.63	0.37	0.37	0	0	0.63
286200	0.63	0.37	0.37	0	0	0.63
286300	0.63	0.37	0.37	0	0	0.63
286400	0.63	0.37	0.37	0	0	0.63
286500	0.63	0.37	0.37	0	0	0.63
286600	0.63	0.37	0.37	0	0	0.63
286700	0.63	0.37	0.37	0	0	0.63
286800	0.63	0.37	0.37	0	0	0.63
286900	0.63	0.37	0.37	0	0	0.63
287000	0.63	0.37	0.37	0	0	0.63
287100	0.63	0.37	0.37	0	0	0.63
287200	0.63	0.37	0.37	0	0	0.63
287300	0.63	0.37	0.37	0	0	0.63
287400	0.63	0.37	0.37	0	0	0.63
287500	0.63	0.37	0.37	0	0	0.63
287600	0.63	0.37	0.37	0	0	0.63
287700	0.63	0.37	0.37	0	0	0.63
287800	0.63	0.37	0.37	0	0	0.63
287900	0.63	0.37	0.37	0	0	0.63
288000	0.63	0.37	0.37	0	0	0.63
288100	0.63	0.37	0.37	0	0	0.63
288200	0.63	0.37	0.37	0	0	0.63
288300	0.63	0.37	0.37	0	0	0.63
288400	0.63	0.37	0.37	0	0	0.63
288500	0.63	0.37	0.37	0	0	0.63
288600	0.63	0.37	0.37	0	0	0.63
288700	0.63	0.37	0.37	0	0	0.63
288800	0.63	0.37	0.37	0	0	0.63
288900	0.63	0.37	0.37	0	0	0.63
289000	0.63	0.37	0.37	0	0	0.63
289100	0.63	0.37	0.37	0	0	0.63
289200	0.63	0.37	0.37	0	0	0.63
289300	0.63	0.37	0.37	0	0	0.63
289400	0.63	0.37	0.37	0	0	0.63
289500	0.63	0.37	0.37	0	0	0.63
289600	0.63	0.37	0.37	0	0	0.63
289700	0.63	0.37	0.37	0	0	0.63
289800	0.63	0.37	0.37	0	0	0.63
289900	0.63	0.37	0.37	0	0	0.63
290000	0.63	0.37	0.37	0	0	0.63
290100	0.63	0.37	0.37	0	0	0.63
290200	0.63	0.37	0.37	0	0	0.63
290300	0.63	0.37	0.37	0	0	0.63
290400	0.63	0.37	0.37	0	0	0.63
290500	0.63	0.37	0.37	0	0	0.63
290600	0.63	0.37	0.37	0	0	0.63
290700	0.63	0.37	0.37	0	0	0.63
290800	0.63	0.37	0.37	0	0	0.63
290900	0.63	0.37	0.37	0	0	0.63
291000	0.63	0.37	0.37	0	0	0.63
291100	0.63	0.37	0.37	0	0	0.63
291200	0.63	0.37	0.37	0	0	0.63
291300	0.63	0.37	0.37	0	0	0.63
291400	0.63	0.37	0.37	0	0	0.63
291500	0.63	0.37	0.37	0	0	0.63
291600	0.63	0.37	0.37	0	0	0.63
291700	0.63	0.37	0.37	0	0	0.63
291800	0.63	0.37	0.37	0	0	0.63
291900	0.63	0.37	0.37	0	0	0.63
292000	0.63	0.37	0.37	0	0	0.63
292100	0.63	0.37	0.37	0	0	0.63
292200	0.63	0.37	0.37	0	0	0.63
292300	0.63	0.37	0.37	0	0	0.63
292400	0.63	0.37	0.37	0	0	0.63
292500	0.63	0.37	0.37	0	0	0.63
292600	0.63	0.37	0.37	0	0	0.63
292700	0.63	0.37	0.37	0	0	0.63
292800	0.63	0.37	0.37	0	0	0.63
292900	0.63	0.37	0.37	0	0	0.63
293000	0.63	0.37	0.37	0	0	0.63
293100	0.63	0.37	0.37	0	0	0.63
293200	0.63	0.37	0.37	0	0	0.63
293300	0.63	0.37	0.37	0	0	0.63
293400	0.63	0.37	0.37	0	0	0.63
293500	0.63	0.37	0.37	0	0	0.63
293600	0.63	0.37	0.37	0	0	0.63
293700	0.63	0.37	0.37	0	0	0.63
293800	0.63	0.37	0.37	0	0	0.63
293900	0.63	0.37	0.37	0	0	0.63
294000	0.63	0.37	0.37	0	0	0.63
294100	0.63	0.37	0.37	0	0	0.63
294200	0.63	0.37	0.37	0	0	0.63
294300	0.63	0.37	0.37	0	0	0.63
294400	0.63	0.37	0.37	0	0	0.63
294500	0.63	0.37	0.37	0	0	0.63
294600	0.63	0.37	0.37	0	0	0.63
294700	0.63	0.37	0.37	0	0	0.63
294800	0.63	0.37	0.37	0	0	0.63
294900	0.63	0.37	0.37	0	0	0.63
295000	0.63	0.37	0.37	0	0	0.63
295100	0.63	0.37	0.37	0	0	0.63
295200	0.63	0.37	0.37	0	0	0.63
295300	0.63	0.37	0.37	0	0	0.63
295400	0.63	0.37	0.37	0	0	0.63
295500	0.63	0.37	0.37	0	0	0.63
295600	0.63	0.37	0.37	0	0	0.63
295700	0.63	0.37	0.37	0	0	0.63
295800	0.63	0.37	0.37	0	0	0.63
295900	0.63	0.37	0.37	0	0	0.63
296000	0.63	0.37	0.37	0	0	0.63
296100	0.63	0.37	0.37	0	0	0.63
296200	0.63	0.37	0.37	0	0	0.63
296300	0.63	0.37	0.37	0	0	0.63
296400	0.63	0.37	0.37	0	0	0.63
296500	0.63	0.37	0.37	0	0	0.63
296600	0.63	0.37	0.37	0	0	0.63
296700	0.63	0.37	0.37	0	0	0.63
296800	0.63	0.37	0.37	0	0	0.63
296900	0.63	0.37	0.37	0	0	0.63
297000	0.63	0.37	0.37	0	0	0.63
297100	0.63	0.37	0.37	0	0	0.63
297200	0.63	0.37	0.37	0	0	0.63
297300	0.63	0.37	0.37	0	0	0.63
297400	0.63	0.37	0.37	0	0	0.63
297500	0.63	0.37	0.37	0	0	0.63
297600	0.63	0.37	0.37	0	0	0.63
297700	0.63	0.37	0.37	0	0	0.63
297800	0.63	0.37	0.37	0	0	0.63
297900	0.63	0.37	0.37	0	0	0.63
298000	0.63	0.37	0.37	0	0	0.63
298100	0.63	0.37	0.37	0	0	0.63
298200	0.63	0.37	0.37	0	0	0.63
298300	0.63	0.37	0.37	0	0	0.63
298400	0.63	0.37	0.37	0	0	0.63
298500	0.63	0.37	0.37	0	0	0.63
298600	0.63	0.37	0.37	0	0	0.63
298700	0.63	0.37	0.37	0	0	0.63
298800	0.63	0.37	0.37	0	0	0.63
298900	0.63	0.37	0.37	0	0	0.63
299000	0.63	0.37	0.37	0	0	0.63
299100	0.63	0.37	0.37	0	0	0.63
299200	0.63	0.37	0.37	0	0	0.63
299300	0.63	0.37	0.37	0	0	0.63
299400	0.63	0.37	0.37	0	0	0.63
299500	0.63	0.37	0.37	0	0	0.63
299600	0.63	0.37	0.37	0	0	0.63
299700	0.63	0.37	0.37	0	0	0.63
299800	0.63	0.37	0.37	0	0	0.63
299900	0.63	0.37	0.37	0	0	0.63
300000	0.63	0.37	0.37	0	0	0.63
