100	0.11	0.07	0.07	0	0	0.11
200	0.14	0.06	0.06	0	0	0.14
300	0.15	0.07	0.07	0	0	0.15
400	0.14	0.06	0.06	0	0	0.14
500	0.11	0.05	0.05	0	0	0.11
600	0.08	0.03	0.03	0	0	0.08
700	0.06	0.03	0.03	0	0	0.06
800	0.06	0.02	0.02	0	0	0.06
900	0.04	0.05	0.05	0	0	0.04
1000	0.05	0.05	0.05	0	0	0.05
1100	0.03	0.06	0.06	0	0	0.03
1200	0.02	0.06	0.06	0	0	0.02
1300	0.02	0.08	0.08	0	0	0.02
1400	0.02	0.09	0.09	0	0	0.02
1500	0.01	0.07	0.07	0	0	0.01
1600	0.01	0.08	0.08	0	0	0.01
1700	0.01	0.08	0.08	0	0	0.01
1800	0.01	0.07	0.07	0	0	0.01
1900	0.02	0.08	0.08	0	0	0.02
2000	0.03	0.08	0.08	0	0	0.03
2100	0.01	0.08	0.08	0	0	0.01
2200	0.02	0.07	0.07	0	0	0.02
2300	0.03	0.08	0.08	0	0	0.03
2400	0.02	0.09	0.09	0	0	0.02
2500	0.03	0.1	0.1	0	0	0.03
2600	0.03	0.12	0.12	0	0	0.03
2700	0.02	0.13	0.13	0	0	0.02
2800	0.04	0.13	0.13	0	0	0.04
2900	0.03	0.15	0.15	0	0	0.03
3000	0.04	0.17	0.17	0	0	0.04
3100	0.04	0.15	0.15	0	0	0.04
3200	0.05	0.13	0.13	0	0	0.05
3300	0.06	0.14	0.14	0	0	0.06
3400	0.06	0.16	0.16	0	0	0.06
3500	0.05	0.15	0.15	0	0	0.05
3600	0.05	0.15	0.15	0	0	0.05
3700	0.04	0.16	0.16	0	0	0.04
3800	0.02	0.17	0.17	0	0	0.02
3900	0.03	0.18	0.18	0	0	0.03
4000	0.05	0.17	0.17	0	0	0.05
4100	0.06	0.16	0.16	0	0	0.06
4200	0.07	0.17	0.17	0	0	0.07
4300	0.06	0.17	0.17	0	0	0.06
4400	0.04	0.15	0.15	0	0	0.04
4500	0.03	0.17	0.17	0	0	0.03
4600	0.02	0.17	0.17	0	0	0.02
4700	0.03	0.18	0.18	0	0	0.03
4800	0.07	0.18	0.18	0	0	0.07
4900	0.05	0.17	0.17	0	0	0.05
5000	0.04	0.19	0.19	0	0	0.04
5100	0.02	0.18	0.18	0	0	0.02
5200	0.03	0.19	0.19	0	0	0.03
5300	0.02	0.2	0.2	0	0	0.02
5400	0.03	0.2	0.2	0	0	0.03
5500	0.01	0.2	0.2	0	0	0.01
5600	0.03	0.2	0.2	0	0	0.03
5700	0.02	0.2	0.2	0	0	0.02
5800	0.02	0.22	0.22	0	0	0.02
5900	0.03	0.22	0.22	0	0	0.03
6000	0.02	0.22	0.22	0	0	0.02
6100	0.02	0.23	0.23	0	0	0.02
6200	0.04	0.24	0.24	0	0	0.04
6300	0.04	0.23	0.23	0	0	0.04
6400	0.04	0.27	0.27	0	0	0.04
6500	0.03	0.27	0.27	0	0	0.03
6600	0.03	0.28	0.28	0	0	0.03
6700	0.03	0.29	0.29	0	0	0.03
6800	0.01	0.28	0.28	0	0	0.01
6900	0.01	0.27	0.27	0	0	0.01
7000	0.02	0.27	0.27	0	0	0.02
7100	0.03	0.23	0.23	0	0	0.03
7200	0.02	0.24	0.24	0	0	0.02
7300	0.02	0.24	0.24	0	0	0.02
7400	0.02	0.25	0.25	0	0	0.02
7500	0.02	0.24	0.24	0	0	0.02
7600	0.03	0.24	0.24	0	0	0.03
7700	0.02	0.25	0.25	0	0	0.02
7800	0.04	0.26	0.26	0	0	0.04
7900	0.03	0.27	0.27	0	0	0.03
8000	0.04	0.28	0.28	0	0	0.04
8100	0.01	0.27	0.27	0	0	0.01
8200	0.03	0.28	0.28	0	0	0.03
8300	0.04	0.28	0.28	0	0	0.04
8400	0.05	0.28	0.28	0	0	0.05
8500	0.05	0.28	0.28	0	0	0.05
8600	0.03	0.29	0.29	0	0	0.03
8700	0.01	0.3	0.3	0	0	0.01
8800	0.01	0.3	0.3	0	0	0.01
8900	0.03	0.3	0.3	0	0	0.03
9000	0.02	0.29	0.29	0	0	0.02
9100	0.02	0.29	0.29	0	0	0.02
9200	0.03	0.3	0.3	0	0	0.03
9300	0.04	0.31	0.31	0	0	0.04
9400	0.04	0.32	0.32	0	0	0.04
9500	0.04	0.34	0.34	0	0	0.04
9600	0.04	0.33	0.33	0	0	0.04
9700	0.04	0.34	0.34	0	0	0.04
9800	0.05	0.33	0.33	0	0	0.05
9900	0.04	0.33	0.33	0	0	0.04
10000	0.03	0.34	0.34	0	0	0.03
10100	0.02	0.34	0.34	0	0	0.02
10200	0.03	0.34	0.34	0	0	0.03
10300	0.02	0.35	0.35	0	0	0.02
10400	0.01	0.35	0.35	0	0	0.01
10500	0.02	0.35	0.35	0	0	0.02
10600	0.05	0.36	0.36	0	0	0.05
10700	0.04	0.35	0.35	0	0	0.04
10800	0.05	0.35	0.35	0	0	0.05
10900	0.04	0.37	0.37	0	0	0.04
11000	0.05	0.37	0.37	0	0	0.05
11100	0.04	0.36	0.36	0	0	0.04
11200	0.02	0.36	0.36	0	0	0.02
11300	0.03	0.36	0.36	0	0	0.03
11400	0.02	0.36	0.36	0	0	0.02
11500	0.02	0.36	0.36	0	0	0.02
11600	0.04	0.36	0.36	0	0	0.04
11700	0.05	0.36	0.36	0	0	0.05
11800	0.07	0.36	0.36	0	0	0.07
11900	0.07	0.38	0.38	0	0	0.07
12000	0.08	0.38	0.38	0	0	0.08
12100	0.07	0.38	0.38	0	0	0.07
12200	0.08	0.38	0.38	0	0	0.08
12300	0.08	0.38	0.38	0	0	0.08
12400	0.07	0.4	0.4	0	0	0.07
12500	0.05	0.4	0.4	0	0	0.05
12600	0.02	0.41	0.41	0	0	0.02
12700	0.01	0.42	0.42	0	0	0.01
12800	0.02	0.43	0.43	0	0	0.02
12900	0.01	0.44	0.44	0	0	0.01
13000	0.01	0.44	0.44	0	0	0.01
13100	0.02	0.44	0.44	0	0	0.02
13200	0.01	0.43	0.43	0	0	0.01
13300	0.01	0.43	0.43	0	0	0.01
13400	0.02	0.44	0.44	0	0	0.02
13500	0.02	0.45	0.45	0	0	0.02
13600	0.03	0.45	0.45	0	0	0.03
13700	0.03	0.45	0.45	0	0	0.03
13800	0.03	0.45	0.45	0	0	0.03
13900	0.02	0.45	0.45	0	0	0.02
14000	0.02	0.46	0.46	0	0	0.02
14100	0.02	0.46	0.46	0	0	0.02
14200	0.02	0.46	0.46	0	0	0.02
14300	0.02	0.48	0.48	0	0	0.02
14400	0.02	0.47	0.47	0	0	0.02
14500	0.02	0.47	0.47	0	0	0.02
14600	0.02	0.47	0.47	0	0	0.02
14700	0.01	0.47	0.47	0	0	0.01
14800	0.02	0.48	0.48	0	0	0.02
14900	0.01	0.48	0.48	0	0	0.01
15000	0.02	0.49	0.49	0	0	0.02
15100	0.02	0.49	0.49	0	0	0.02
15200	0.02	0.5	0.5	0	0	0.02
15300	0.03	0.51	0.51	0	0	0.03
15400	0.06	0.51	0.51	0	0	0.06
15500	0.06	0.5	0.5	0	0	0.06
15600	0.05	0.5	0.5	0	0	0.05
15700	0.03	0.5	0.5	0	0	0.03
15800	0	0.49	0.49	0	0	0
15900	0	0.49	0.49	0	0	0
16000	0	0.5	0.5	0	0	0
16100	0.01	0.51	0.51	0	0	0.01
16200	0.02	0.51	0.51	0	0	0.02
16300	0.03	0.51	0.51	0	0	0.03
16400	0.03	0.51	0.51	0	0	0.03
16500	0.03	0.51	0.51	0	0	0.03
16600	0.04	0.53	0.53	0	0	0.04
16700	0.03	0.54	0.54	0	0	0.03
16800	0.01	0.54	0.54	0	0	0.01
16900	0.01	0.54	0.54	0	0	0.01
17000	0.01	0.54	0.54	0	0	0.01
17100	0.01	0.54	0.54	0	0	0.01
17200	0	0.54	0.54	0	0	0
17300	0	0.53	0.53	0	0	0
17400	0.01	0.53	0.53	0	0	0.01
17500	0.02	0.53	0.53	0	0	0.02
17600	0.02	0.53	0.53	0	0	0.02
17700	0.02	0.52	0.52	0	0	0.02
17800	0.01	0.52	0.52	0	0	0.01
17900	0.01	0.52	0.52	0	0	0.01
18000	0.01	0.52	0.52	0	0	0.01
18100	0.01	0.53	0.53	0	0	0.01
18200	0.01	0.54	0.54	0	0	0.01
18300	0.01	0.54	0.54	0	0	0.01
18400	0	0.54	0.54	0	0	0
18500	0	0.55	0.55	0	0	0
18600	0.01	0.55	0.55	0	0	0.01
18700	0.02	0.55	0.55	0	0	0.02
18800	0.02	0.56	0.56	0	0	0.02
18900	0.02	0.56	0.56	0	0	0.02
19000	0	0.56	0.56	0	0	0
19100	0.01	0.57	0.57	0	0	0.01
19200	0.01	0.58	0.58	0	0	0.01
19300	0.02	0.58	0.58	0	0	0.02
19400	0.02	0.59	0.59	0	0	0.02
19500	0.04	0.58	0.58	0	0	0.04
19600	0.05	0.57	0.57	0	0	0.05
19700	0.05	0.58	0.58	0	0	0.05
19800	0.05	0.58	0.58	0	0	0.05
19900	0.06	0.58	0.58	0	0	0.06
20000	0.05	0.57	0.57	0	0	0.05
20100	0.03	0.57	0.57	0	0	0.03
20200	0	0.56	0.56	0	0	0
20300	0	0.56	0.56	0	0	0
20400	0	0.56	0.56	0	0	0
20500	0	0.56	0.56	0	0	0
20600	0	0.56	0.56	0	0	0
20700	0.01	0.56	0.56	0	0	0.01
20800	0.02	0.57	0.57	0	0	0.02
20900	0.04	0.57	0.57	0	0	0.04
21000	0.04	0.57	0.57	0	0	0.04
21100	0.04	0.57	0.57	0	0	0.04
21200	0.04	0.58	0.58	0	0	0.04
21300	0.02	0.58	0.58	0	0	0.02
21400	0.02	0.58	0.58	0	0	0.02
21500	0	0.58	0.58	0	0	0
21600	0.01	0.58	0.58	0	0	0.01
21700	0.02	0.57	0.57	0	0	0.02
21800	0.03	0.57	0.57	0	0	0.03
21900	0.03	0.58	0.58	0	0	0.03
22000	0.03	0.58	0.58	0	0	0.03
22100	0.05	0.59	0.59	0	0	0.05
22200	0.05	0.6	0.6	0	0	0.05
22300	0.02	0.6	0.6	0	0	0.02
22400	0.03	0.6	0.6	0	0	0.03
22500	0.02	0.6	0.6	0	0	0.02
22600	0.03	0.6	0.6	0	0	0.03
22700	0.03	0.6	0.6	0	0	0.03
22800	0.03	0.6	0.6	0	0	0.03
22900	0.03	0.61	0.61	0	0	0.03
23000	0.02	0.61	0.61	0	0	0.02
23100	0.01	0.61	0.61	0	0	0.01
23200	0.02	0.62	0.62	0	0	0.02
23300	0.03	0.61	0.61	0	0	0.03
23400	0.02	0.6	0.6	0	0	0.02
23500	0.03	0.6	0.6	0	0	0.03
23600	0.03	0.6	0.6	0	0	0.03
23700	0.02	0.61	0.61	0	0	0.02
23800	0.03	0.61	0.61	0	0	0.03
23900	0.03	0.62	0.62	0	0	0.03
24000	0.02	0.62	0.62	0	0	0.02
24100	0	0.63	0.63	0	0	0
24200	0	0.64	0.64	0	0	0
24300	0	0.65	0.65	0	0	0
24400	0	0.65	0.65	0	0	0
24500	0.01	0.65	0.65	0	0	0.01
24600	0.01	0.65	0.65	0	0	0.01
24700	0.01	0.65	0.65	0	0	0.01
24800	0	0.64	0.64	0	0	0
24900	0.01	0.64	0.64	0	0	0.01
25000	0.01	0.63	0.63	0	0	0.01
25100	0.01	0.63	0.63	0	0	0.01
25200	0.01	0.63	0.63	0	0	0.01
25300	0.01	0.63	0.63	0	0	0.01
25400	0.01	0.64	0.64	0	0	0.01
25500	0	0.64	0.64	0	0	0
25600	0	0.64	0.64	0	0	0
25700	0	0.64	0.64	0	0	0
25800	0.01	0.64	0.64	0	0	0.01
25900	0.01	0.64	0.64	0	0	0.01
26000	0.01	0.65	0.65	0	0	0.01
26100	0.01	0.65	0.65	0	0	0.01
26200	0.02	0.65	0.65	0	0	0.02
26300	0.01	0.66	0.66	0	0	0.01
26400	0.02	0.66	0.66	0	0	0.02
26500	0	0.66	0.66	0	0	0
26600	0	0.67	0.67	0	0	0
26700	0	0.67	0.67	0	0	0
26800	0	0.67	0.67	0	0	0
26900	0	0.68	0.68	0	0	0
27000	0	0.69	0.69	0	0	0
27100	0.01	0.69	0.69	0	0	0.01
27200	0.01	0.69	0.69	0	0	0.01
27300	0.01	0.69	0.69	0	0	0.01
27400	0.02	0.69	0.69	0	0	0.02
27500	0.02	0.69	0.69	0	0	0.02
27600	0	0.69	0.69	0	0	0
27700	0	0.69	0.69	0	0	0
27800	0.01	0.69	0.69	0	0	0.01
27900	0.01	0.69	0.69	0	0	0.01
28000	0.01	0.69	0.69	0	0	0.01
28100	0.02	0.69	0.69	0	0	0.02
28200	0.01	0.69	0.69	0	0	0.01
28300	0.01	0.69	0.69	0	0	0.01
28400	0.01	0.69	0.69	0	0	0.01
28500	0	0.7	0.7	0	0	0
28600	0	0.69	0.69	0	0	0
28700	0	0.69	0.69	0	0	0
28800	0.01	0.7	0.7	0	0	0.01
28900	0.03	0.7	0.7	0	0	0.03
29000	0.03	0.7	0.7	0	0	0.03
29100	0.03	0.71	0.71	0	0	0.03
29200	0.05	0.72	0.72	0	0	0.05
29300	0.05	0.73	0.73	0	0	0.05
29400	0.05	0.73	0.73	0	0	0.05
29500	0.03	0.74	0.74	0	0	0.03
29600	0.02	0.73	0.73	0	0	0.02
29700	0.01	0.73	0.73	0	0	0.01
29800	0.01	0.73	0.73	0	0	0.01
29900	0.01	0.73	0.73	0	0	0.01
30000	0.02	0.73	0.73	0	0	0.02
30100	0.01	0.73	0.73	0	0	0.01
30200	0.01	0.73	0.73	0	0	0.01
30300	0	0.73	0.73	0	0	0
30400	0.01	0.73	0.73	0	0	0.01
30500	0.01	0.73	0.73	0	0	0.01
30600	0.02	0.72	0.72	0	0	0.02
30700	0.02	0.72	0.72	0	0	0.02
30800	0.01	0.72	0.72	0	0	0.01
30900	0.02	0.72	0.72	0	0	0.02
31000	0.02	0.72	0.72	0	0	0.02
31100	0	0.72	0.72	0	0	0
31200	0	0.72	0.72	0	0	0
31300	0	0.72	0.72	0	0	0
31400	0	0.73	0.73	0	0	0
31500	0.01	0.73	0.73	0	0	0.01
31600	0.01	0.73	0.73	0	0	0.01
31700	0.01	0.73	0.73	0	0	0.01
31800	0.01	0.73	0.73	0	0	0.01
31900	0	0.73	0.73	0	0	0
32000	0.01	0.74	0.74	0	0	0.01
32100	0.01	0.75	0.75	0	0	0.01
32200	0.02	0.76	0.76	0	0	0.02
32300	0.02	0.75	0.75	0	0	0.02
32400	0.02	0.76	0.76	0	0	0.02
32500	0.02	0.75	0.75	0	0	0.02
32600	0.01	0.75	0.75	0	0	0.01
32700	0.01	0.75	0.75	0	0	0.01
32800	0.01	0.75	0.75	0	0	0.01
32900	0.02	0.75	0.75	0	0	0.02
33000	0.01	0.75	0.75	0	0	0.01
33100	0.01	0.75	0.75	0	0	0.01
33200	0.02	0.75	0.75	0	0	0.02
33300	0.02	0.75	0.75	0	0	0.02
33400	0.03	0.75	0.75	0	0	0.03
33500	0.04	0.75	0.75	0	0	0.04
33600	0.04	0.75	0.75	0	0	0.04
33700	0.01	0.75	0.75	0	0	0.01
33800	0.01	0.75	0.75	0	0	0.01
33900	0.01	0.75	0.75	0	0	0.01
34000	0.02	0.75	0.75	0	0	0.02
34100	0.02	0.75	0.75	0	0	0.02
34200	0.03	0.75	0.75	0	0	0.03
34300	0.03	0.75	0.75	0	0	0.03
34400	0.04	0.75	0.75	0	0	0.04
34500	0.01	0.74	0.74	0	0	0.01
34600	0.01	0.74	0.74	0	0	0.01
34700	0.03	0.74	0.74	0	0	0.03
34800	0.02	0.74	0.74	0	0	0.02
34900	0.03	0.74	0.74	0	0	0.03
35000	0.03	0.74	0.74	0	0	0.03
35100	0.03	0.74	0.74	0	0	0.03
35200	0.02	0.74	0.74	0	0	0.02
35300	0	0.74	0.74	0	0	0
35400	0	0.74	0.74	0	0	0
35500	0.01	0.74	0.74	0	0	0.01
35600	0.02	0.74	0.74	0	0	0.02
35700	0.02	0.74	0.74	0	0	0.02
35800	0.02	0.74	0.74	0	0	0.02
35900	0.02	0.74	0.74	0	0	0.02
36000	0.01	0.75	0.75	0	0	0.01
36100	0.02	0.75	0.75	0	0	0.02
36200	0.01	0.75	0.75	0	0	0.01
36300	0.01	0.75	0.75	0	0	0.01
36400	0.01	0.73	0.73	0	0	0.01
36500	0.01	0.73	0.73	0	0	0.01
36600	0.01	0.72	0.72	0	0	0.01
36700	0.01	0.72	0.72	0	0	0.01
36800	0.01	0.72	0.72	0	0	0.01
36900	0	0.72	0.72	0	0	0
37000	0	0.72	0.72	0	0	0
37100	0	0.72	0.72	0	0	0
37200	0	0.72	0.72	0	0	0
37300	0.03	0.72	0.72	0	0	0.03
37400	0.04	0.72	0.72	0	0	0.04
37500	0.04	0.72	0.72	0	0	0.04
37600	0.05	0.72	0.72	0	0	0.05
37700	0.04	0.72	0.72	0	0	0.04
37800	0.04	0.72	0.72	0	0	0.04
37900	0.02	0.72	0.72	0	0	0.02
38000	0.01	0.71	0.71	0	0	0.01
38100	0.02	0.71	0.71	0	0	0.02
38200	0.02	0.71	0.71	0	0	0.02
38300	0.02	0.72	0.72	0	0	0.02
38400	0.02	0.72	0.72	0	0	0.02
38500	0.02	0.72	0.72	0	0	0.02
38600	0.02	0.72	0.72	0	0	0.02
38700	0.01	0.72	0.72	0	0	0.01
38800	0.01	0.72	0.72	0	0	0.01
38900	0	0.72	0.72	0	0	0
39000	0	0.72	0.72	0	0	0
39100	0	0.72	0.72	0	0	0
39200	0.02	0.72	0.72	0	0	0.02
39300	0.02	0.72	0.72	0	0	0.02
39400	0.02	0.72	0.72	0	0	0.02
39500	0.02	0.72	0.72	0	0	0.02
39600	0.01	0.72	0.72	0	0	0.01
39700	0.01	0.72	0.72	0	0	0.01
39800	0.01	0.72	0.72	0	0	0.01
39900	0.02	0.72	0.72	0	0	0.02
40000	0.02	0.72	0.72	0	0	0.02
40100	0.01	0.72	0.72	0	0	0.01
40200	0.01	0.72	0.72	0	0	0.01
40300	0.01	0.72	0.72	0	0	0.01
40400	0.01	0.72	0.72	0	0	0.01
40500	0.01	0.72	0.72	0	0	0.01
40600	0.01	0.72	0.72	0	0	0.01
40700	0.01	0.73	0.73	0	0	0.01
40800	0.02	0.73	0.73	0	0	0.02
40900	0.02	0.75	0.75	0	0	0.02
41000	0.01	0.75	0.75	0	0	0.01
41100	0.01	0.75	0.75	0	0	0.01
41200	0.01	0.75	0.75	0	0	0.01
41300	0.01	0.75	0.75	0	0	0.01
41400	0	0.75	0.75	0	0	0
41500	0	0.75	0.75	0	0	0
41600	0	0.75	0.75	0	0	0
41700	0.01	0.75	0.75	0	0	0.01
41800	0.03	0.75	0.75	0	0	0.03
41900	0.03	0.75	0.75	0	0	0.03
42000	0.03	0.75	0.75	0	0	0.03
42100	0.03	0.75	0.75	0	0	0.03
42200	0.01	0.75	0.75	0	0	0.01
42300	0.02	0.75	0.75	0	0	0.02
42400	0.02	0.75	0.75	0	0	0.02
42500	0.02	0.75	0.75	0	0	0.02
42600	0.03	0.75	0.75	0	0	0.03
42700	0.03	0.75	0.75	0	0	0.03
42800	0.02	0.75	0.75	0	0	0.02
42900	0.01	0.75	0.75	0	0	0.01
43000	0.01	0.75	0.75	0	0	0.01
43100	0.02	0.75	0.75	0	0	0.02
43200	0.02	0.75	0.75	0	0	0.02
43300	0	0.75	0.75	0	0	0
43400	0.02	0.75	0.75	0	0	0.02
43500	0.03	0.75	0.75	0	0	0.03
43600	0.02	0.75	0.75	0	0	0.02
43700	0.02	0.75	0.75	0	0	0.02
43800	0.02	0.76	0.76	0	0	0.02
43900	0.02	0.76	0.76	0	0	0.02
44000	0	0.76	0.76	0	0	0
44100	0	0.76	0.76	0	0	0
44200	0	0.76	0.76	0	0	0
44300	0	0.76	0.76	0	0	0
44400	0.01	0.76	0.76	0	0	0.01
44500	0.01	0.76	0.76	0	0	0.01
44600	0.01	0.76	0.76	0	0	0.01
44700	0.02	0.76	0.76	0	0	0.02
44800	0.01	0.76	0.76	0	0	0.01
44900	0.01	0.76	0.76	0	0	0.01
45000	0.02	0.77	0.77	0	0	0.02
45100	0.03	0.77	0.77	0	0	0.03
45200	0.02	0.77	0.77	0	0	0.02
45300	0.02	0.77	0.77	0	0	0.02
45400	0.03	0.77	0.77	0	0	0.03
45500	0.03	0.77	0.77	0	0	0.03
45600	0.02	0.77	0.77	0	0	0.02
45700	0.01	0.77	0.77	0	0	0.01
45800	0.02	0.77	0.77	0	0	0.02
45900	0.03	0.78	0.78	0	0	0.03
46000	0.01	0.78	0.78	0	0	0.01
46100	0.01	0.78	0.78	0	0	0.01
46200	0	0.78	0.78	0	0	0
46300	0	0.78	0.78	0	0	0
46400	0.01	0.78	0.78	0	0	0.01
46500	0.01	0.78	0.78	0	0	0.01
46600	0.01	0.78	0.78	0	0	0.01
46700	0.01	0.78	0.78	0	0	0.01
46800	0.01	0.78	0.78	0	0	0.01
46900	0	0.78	0.78	0	0	0
47000	0.01	0.78	0.78	0	0	0.01
47100	0.01	0.78	0.78	0	0	0.01
47200	0.01	0.78	0.78	0	0	0.01
47300	0.02	0.78	0.78	0	0	0.02
47400	0.01	0.79	0.79	0	0	0.01
47500	0.01	0.79	0.79	0	0	0.01
47600	0.02	0.79	0.79	0	0	0.02
47700	0.02	0.79	0.79	0	0	0.02
47800	0.01	0.79	0.79	0	0	0.01
47900	0	0.79	0.79	0	0	0
48000	0	0.79	0.79	0	0	0
48100	0	0.79	0.79	0	0	0
48200	0.01	0.79	0.79	0	0	0.01
48300	0.02	0.79	0.79	0	0	0.02
48400	0.02	0.79	0.79	0	0	0.02
48500	0.02	0.79	0.79	0	0	0.02
48600	0.01	0.79	0.79	0	0	0.01
48700	0.01	0.79	0.79	0	0	0.01
48800	0.01	0.79	0.79	0	0	0.01
48900	0.02	0.79	0.79	0	0	0.02
49000	0.02	0.79	0.79	0	0	0.02
49100	0.03	0.79	0.79	0	0	0.03
49200	0.02	0.79	0.79	0	0	0.02
49300	0.04	0.79	0.79	0	0	0.04
49400	0.04	0.79	0.79	0	0	0.04
49500	0.03	0.79	0.79	0	0	0.03
49600	0.02	0.79	0.79	0	0	0.02
49700	0.02	0.79	0.79	0	0	0.02
49800	0.02	0.79	0.79	0	0	0.02
49900	0.01	0.79	0.79	0	0	0.01
50000	0.03	0.79	0.79	0	0	0.03
50100	0.02	0.79	0.79	0	0	0.02
50200	0.02	0.79	0.79	0	0	0.02
50300	0.02	0.79	0.79	0	0	0.02
50400	0.03	0.79	0.79	0	0	0.03
50500	0.02	0.79	0.79	0	0	0.02
50600	0.02	0.79	0.79	0	0	0.02
50700	0.04	0.79	0.79	0	0	0.04
50800	0.04	0.79	0.79	0	0	0.04
50900	0.03	0.79	0.79	0	0	0.03
51000	0.02	0.79	0.79	0	0	0.02
51100	0.01	0.79	0.79	0	0	0.01
51200	0.01	0.79	0.79	0	0	0.01
51300	0	0.79	0.79	0	0	0
51400	0.03	0.79	0.79	0	0	0.03
51500	0.04	0.79	0.79	0	0	0.04
51600	0.04	0.79	0.79	0	0	0.04
51700	0.01	0.79	0.79	0	0	0.01
51800	0.02	0.79	0.79	0	0	0.02
51900	0.02	0.79	0.79	0	0	0.02
52000	0.01	0.79	0.79	0	0	0.01
52100	0.01	0.79	0.79	0	0	0.01
52200	0.01	0.79	0.79	0	0	0.01
52300	0	0.79	0.79	0	0	0
52400	0	0.79	0.79	0	0	0
52500	0.01	0.79	0.79	0	0	0.01
52600	0.02	0.79	0.79	0	0	0.02
52700	0.03	0.79	0.79	0	0	0.03
52800	0.03	0.79	0.79	0	0	0.03
52900	0.02	0.79	0.79	0	0	0.02
53000	0.01	0.79	0.79	0	0	0.01
53100	0.02	0.79	0.79	0	0	0.02
53200	0.02	0.79	0.79	0	0	0.02
53300	0.01	0.79	0.79	0	0	0.01
53400	0.01	0.79	0.79	0	0	0.01
53500	0.01	0.79	0.79	0	0	0.01
53600	0.01	0.79	0.79	0	0	0.01
53700	0.02	0.79	0.79	0	0	0.02
53800	0.02	0.79	0.79	0	0	0.02
53900	0.02	0.79	0.79	0	0	0.02
54000	0.02	0.79	0.79	0	0	0.02
54100	0.03	0.79	0.79	0	0	0.03
54200	0.02	0.79	0.79	0	0	0.02
54300	0.02	0.79	0.79	0	0	0.02
54400	0.02	0.79	0.79	0	0	0.02
54500	0.02	0.79	0.79	0	0	0.02
54600	0.01	0.79	0.79	0	0	0.01
54700	0.02	0.79	0.79	0	0	0.02
54800	0.02	0.79	0.79	0	0	0.02
54900	0.02	0.79	0.79	0	0	0.02
55000	0.02	0.79	0.79	0	0	0.02
55100	0.03	0.79	0.79	0	0	0.03
55200	0.03	0.79	0.79	0	0	0.03
55300	0.03	0.79	0.79	0	0	0.03
55400	0.01	0.79	0.79	0	0	0.01
55500	0.01	0.79	0.79	0	0	0.01
55600	0.02	0.79	0.79	0	0	0.02
55700	0.01	0.79	0.79	0	0	0.01
55800	0.01	0.79	0.79	0	0	0.01
55900	0	0.79	0.79	0	0	0
56000	0	0.79	0.79	0	0	0
56100	0	0.79	0.79	0	0	0
56200	0	0.79	0.79	0	0	0
56300	0.01	0.79	0.79	0	0	0.01
56400	0.01	0.79	0.79	0	0	0.01
56500	0.01	0.79	0.79	0	0	0.01
56600	0.02	0.79	0.79	0	0	0.02
56700	0.02	0.79	0.79	0	0	0.02
56800	0.02	0.79	0.79	0	0	0.02
56900	0.01	0.79	0.79	0	0	0.01
57000	0.02	0.79	0.79	0	0	0.02
57100	0.02	0.79	0.79	0	0	0.02
57200	0.01	0.79	0.79	0	0	0.01
57300	0.01	0.79	0.79	0	0	0.01
57400	0.01	0.79	0.79	0	0	0.01
57500	0.01	0.79	0.79	0	0	0.01
57600	0.02	0.79	0.79	0	0	0.02
57700	0.02	0.79	0.79	0	0	0.02
57800	0.02	0.79	0.79	0	0	0.02
57900	0.03	0.79	0.79	0	0	0.03
58000	0.02	0.79	0.79	0	0	0.02
58100	0.01	0.79	0.79	0	0	0.01
58200	0.02	0.79	0.79	0	0	0.02
58300	0.03	0.79	0.79	0	0	0.03
58400	0.05	0.79	0.79	0	0	0.05
58500	0.05	0.79	0.79	0	0	0.05
58600	0.05	0.79	0.79	0	0	0.05
58700	0.05	0.79	0.79	0	0	0.05
58800	0.02	0.79	0.79	0	0	0.02
58900	0	0.79	0.79	0	0	0
59000	0.01	0.79	0.79	0	0	0.01
59100	0.01	0.79	0.79	0	0	0.01
59200	0.02	0.79	0.79	0	0	0.02
59300	0.02	0.79	0.79	0	0	0.02
59400	0.03	0.79	0.79	0	0	0.03
59500	0	0.79	0.79	0	0	0
59600	0	0.79	0.79	0	0	0
59700	0	0.79	0.79	0	0	0
59800	0	0.79	0.79	0	0	0
59900	0	0.79	0.79	0	0	0
60000	0.01	0.79	0.79	0	0	0.01
60100	0.01	0.79	0.79	0	0	0.01
60200	0.01	0.79	0.79	0	0	0.01
60300	0.01	0.79	0.79	0	0	0.01
60400	0.01	0.79	0.79	0	0	0.01
60500	0.02	0.79	0.79	0	0	0.02
60600	0.01	0.79	0.79	0	0	0.01
60700	0.02	0.79	0.79	0	0	0.02
60800	0.02	0.79	0.79	0	0	0.02
60900	0.03	0.79	0.79	0	0	0.03
61000	0.03	0.79	0.79	0	0	0.03
61100	0.01	0.79	0.79	0	0	0.01
61200	0.01	0.79	0.79	0	0	0.01
61300	0	0.79	0.79	0	0	0
61400	0	0.79	0.79	0	0	0
61500	0	0.78	0.78	0	0	0
61600	0	0.78	0.78	0	0	0
61700	0.01	0.78	0.78	0	0	0.01
61800	0.01	0.78	0.78	0	0	0.01
61900	0.01	0.78	0.78	0	0	0.01
62000	0.01	0.78	0.78	0	0	0.01
62100	0.01	0.78	0.78	0	0	0.01
62200	0	0.78	0.78	0	0	0
62300	0	0.78	0.78	0	0	0
62400	0	0.78	0.78	0	0	0
62500	0	0.78	0.78	0	0	0
62600	0.03	0.78	0.78	0	0	0.03
62700	0.03	0.78	0.78	0	0	0.03
62800	0.03	0.78	0.78	0	0	0.03
62900	0.03	0.78	0.78	0	0	0.03
63000	0.02	0.78	0.78	0	0	0.02
63100	0.02	0.78	0.78	0	0	0.02
63200	0	0.78	0.78	0	0	0
63300	0	0.78	0.78	0	0	0
63400	0	0.78	0.78	0	0	0
63500	0	0.78	0.78	0	0	0
63600	0	0.78	0.78	0	0	0
63700	0	0.78	0.78	0	0	0
63800	0	0.78	0.78	0	0	0
63900	0.02	0.78	0.78	0	0	0.02
64000	0.02	0.78	0.78	0	0	0.02
64100	0.02	0.78	0.78	0	0	0.02
64200	0.01	0.78	0.78	0	0	0.01
64300	0.01	0.78	0.78	0	0	0.01
64400	0	0.78	0.78	0	0	0
64500	0	0.78	0.78	0	0	0
64600	0	0.78	0.78	0	0	0
64700	0	0.78	0.78	0	0	0
64800	0	0.78	0.78	0	0	0
64900	0	0.78	0.78	0	0	0
65000	0	0.78	0.78	0	0	0
65100	0	0.78	0.78	0	0	0
65200	0	0.78	0.78	0	0	0
65300	0	0.78	0.78	0	0	0
65400	0.01	0.78	0.78	0	0	0.01
65500	0.01	0.78	0.78	0	0	0.01
65600	0.01	0.78	0.78	0	0	0.01
65700	0.01	0.78	0.78	0	0	0.01
65800	0	0.78	0.78	0	0	0
65900	0	0.78	0.78	0	0	0
66000	0	0.78	0.78	0	0	0
66100	0	0.78	0.78	0	0	0
66200	0	0.78	0.78	0	0	0
66300	0	0.78	0.78	0	0	0
66400	0.01	0.78	0.78	0	0	0.01
66500	0.01	0.78	0.78	0	0	0.01
66600	0.01	0.78	0.78	0	0	0.01
66700	0.01	0.78	0.78	0	0	0.01
66800	0.01	0.78	0.78	0	0	0.01
66900	0	0.78	0.78	0	0	0
67000	0	0.78	0.78	0	0	0
67100	0	0.78	0.78	0	0	0
67200	0	0.78	0.78	0	0	0
67300	0	0.78	0.78	0	0	0
67400	0	0.78	0.78	0	0	0
67500	0	0.78	0.78	0	0	0
67600	0	0.78	0.78	0	0	0
67700	0	0.78	0.78	0	0	0
67800	0	0.78	0.78	0	0	0
67900	0	0.78	0.78	0	0	0
68000	0	0.78	0.78	0	0	0
68100	0.01	0.78	0.78	0	0	0.01
68200	0.01	0.78	0.78	0	0	0.01
68300	0.02	0.78	0.78	0	0	0.02
68400	0.02	0.79	0.79	0	0	0.02
68500	0.03	0.79	0.79	0	0	0.03
68600	0.02	0.79	0.79	0	0	0.02
68700	0	0.79	0.79	0	0	0
68800	0	0.79	0.79	0	0	0
68900	0	0.79	0.79	0	0	0
69000	0	0.79	0.79	0	0	0
69100	0	0.79	0.79	0	0	0
69200	0	0.79	0.79	0	0	0
69300	0	0.79	0.79	0	0	0
69400	0	0.79	0.79	0	0	0
69500	0.01	0.79	0.79	0	0	0.01
69600	0.01	0.79	0.79	0	0	0.01
69700	0.01	0.79	0.79	0	0	0.01
69800	0.01	0.79	0.79	0	0	0.01
69900	0.01	0.79	0.79	0	0	0.01
70000	0	0.79	0.79	0	0	0
70100	0.01	0.79	0.79	0	0	0.01
70200	0.01	0.79	0.79	0	0	0.01
70300	0.01	0.79	0.79	0	0	0.01
70400	0.02	0.79	0.79	0	0	0.02
70500	0.02	0.79	0.79	0	0	0.02
70600	0.02	0.79	0.79	0	0	0.02
70700	0.02	0.79	0.79	0	0	0.02
70800	0.01	0.79	0.79	0	0	0.01
70900	0	0.79	0.79	0	0	0
71000	0.02	0.79	0.79	0	0	0.02
71100	0.03	0.78	0.78	0	0	0.03
71200	0.05	0.78	0.78	0	0	0.05
71300	0.04	0.78	0.78	0	0	0.04
71400	0.01	0.78	0.78	0	0	0.01
71500	0.03	0.78	0.78	0	0	0.03
71600	0.03	0.78	0.78	0	0	0.03
71700	0.02	0.78	0.78	0	0	0.02
71800	0.01	0.78	0.78	0	0	0.01
71900	0.01	0.78	0.78	0	0	0.01
72000	0.01	0.78	0.78	0	0	0.01
72100	0.01	0.78	0.78	0	0	0.01
72200	0	0.78	0.78	0	0	0
72300	0	0.78	0.78	0	0	0
72400	0	0.78	0.78	0	0	0
72500	0.01	0.78	0.78	0	0	0.01
72600	0.01	0.78	0.78	0	0	0.01
72700	0.01	0.78	0.78	0	0	0.01
72800	0.02	0.79	0.79	0	0	0.02
72900	0.01	0.79	0.79	0	0	0.01
73000	0.01	0.79	0.79	0	0	0.01
73100	0.01	0.79	0.79	0	0	0.01
73200	0	0.79	0.79	0	0	0
73300	0.01	0.79	0.79	0	0	0.01
73400	0	0.79	0.79	0	0	0
73500	0	0.79	0.79	0	0	0
73600	0	0.79	0.79	0	0	0
73700	0	0.79	0.79	0	0	0
73800	0	0.79	0.79	0	0	0
73900	0	0.79	0.79	0	0	0
74000	0.03	0.79	0.79	0	0	0.03
74100	0.03	0.79	0.79	0	0	0.03
74200	0.04	0.8	0.8	0	0	0.04
74300	0.05	0.8	0.8	0	0	0.05
74400	0.05	0.8	0.8	0	0	0.05
74500	0.03	0.79	0.79	0	0	0.03
74600	0.02	0.79	0.79	0	0	0.02
74700	0.01	0.79	0.79	0	0	0.01
74800	0.01	0.79	0.79	0	0	0.01
74900	0	0.79	0.79	0	0	0
75000	0	0.79	0.79	0	0	0
75100	0	0.79	0.79	0	0	0
75200	0	0.79	0.79	0	0	0
75300	0.01	0.79	0.79	0	0	0.01
75400	0.01	0.79	0.79	0	0	0.01
75500	0.01	0.79	0.79	0	0	0.01
75600	0.03	0.79	0.79	0	0	0.03
75700	0.03	0.79	0.79	0	0	0.03
75800	0.04	0.79	0.79	0	0	0.04
75900	0.03	0.79	0.79	0	0	0.03
76000	0.02	0.79	0.79	0	0	0.02
76100	0.01	0.79	0.79	0	0	0.01
76200	0.01	0.79	0.79	0	0	0.01
76300	0.02	0.79	0.79	0	0	0.02
76400	0.01	0.79	0.79	0	0	0.01
76500	0.01	0.79	0.79	0	0	0.01
76600	0.01	0.79	0.79	0	0	0.01
76700	0.01	0.79	0.79	0	0	0.01
76800	0	0.78	0.78	0	0	0
76900	0	0.78	0.78	0	0	0
77000	0	0.78	0.78	0	0	0
77100	0	0.78	0.78	0	0	0
77200	0.02	0.78	0.78	0	0	0.02
77300	0.02	0.78	0.78	0	0	0.02
77400	0.02	0.78	0.78	0	0	0.02
77500	0.02	0.78	0.78	0	0	0.02
77600	0.03	0.78	0.78	0	0	0.03
77700	0.02	0.78	0.78	0	0	0.02
77800	0.02	0.78	0.78	0	0	0.02
77900	0.02	0.78	0.78	0	0	0.02
78000	0.01	0.78	0.78	0	0	0.01
78100	0	0.78	0.78	0	0	0
78200	0	0.78	0.78	0	0	0
78300	0	0.77	0.77	0	0	0
78400	0	0.77	0.77	0	0	0
78500	0	0.77	0.77	0	0	0
78600	0	0.77	0.77	0	0	0
78700	0.01	0.77	0.77	0	0	0.01
78800	0.01	0.77	0.77	0	0	0.01
78900	0.01	0.77	0.77	0	0	0.01
79000	0.02	0.77	0.77	0	0	0.02
79100	0.02	0.77	0.77	0	0	0.02
79200	0.01	0.77	0.77	0	0	0.01
79300	0.01	0.77	0.77	0	0	0.01
79400	0.01	0.77	0.77	0	0	0.01
79500	0	0.77	0.77	0	0	0
79600	0	0.77	0.77	0	0	0
79700	0	0.77	0.77	0	0	0
79800	0	0.77	0.77	0	0	0
79900	0	0.77	0.77	0	0	0
80000	0.01	0.77	0.77	0	0	0.01
80100	0.02	0.77	0.77	0	0	0.02
80200	0.03	0.77	0.77	0	0	0.03
80300	0.03	0.77	0.77	0	0	0.03
80400	0.02	0.77	0.77	0	0	0.02
80500	0.04	0.77	0.77	0	0	0.04
80600	0.04	0.77	0.77	0	0	0.04
80700	0.02	0.77	0.77	0	0	0.02
80800	0.02	0.77	0.77	0	0	0.02
80900	0.01	0.77	0.77	0	0	0.01
81000	0.01	0.77	0.77	0	0	0.01
81100	0	0.77	0.77	0	0	0
81200	0	0.77	0.77	0	0	0
81300	0	0.77	0.77	0	0	0
81400	0	0.77	0.77	0	0	0
81500	0	0.77	0.77	0	0	0
81600	0	0.77	0.77	0	0	0
81700	0	0.77	0.77	0	0	0
81800	0	0.78	0.78	0	0	0
81900	0	0.78	0.78	0	0	0
82000	0	0.78	0.78	0	0	0
82100	0	0.78	0.78	0	0	0
82200	0	0.78	0.78	0	0	0
82300	0	0.78	0.78	0	0	0
82400	0	0.78	0.78	0	0	0
82500	0	0.79	0.79	0	0	0
82600	0	0.79	0.79	0	0	0
82700	0	0.79	0.79	0	0	0
82800	0	0.79	0.79	0	0	0
82900	0	0.79	0.79	0	0	0
83000	0	0.79	0.79	0	0	0
83100	0	0.79	0.79	0	0	0
83200	0.01	0.79	0.79	0	0	0.01
83300	0.02	0.79	0.79	0	0	0.02
83400	0.02	0.79	0.79	0	0	0.02
83500	0.02	0.78	0.78	0	0	0.02
83600	0.02	0.78	0.78	0	0	0.02
83700	0.02	0.78	0.78	0	0	0.02
83800	0	0.78	0.78	0	0	0
83900	0	0.78	0.78	0	0	0
84000	0	0.78	0.78	0	0	0
84100	0	0.78	0.78	0	0	0
84200	0	0.78	0.78	0	0	0
84300	0	0.78	0.78	0	0	0
84400	0	0.78	0.78	0	0	0
84500	0	0.78	0.78	0	0	0
84600	0	0.77	0.77	0	0	0
84700	0	0.77	0.77	0	0	0
84800	0	0.77	0.77	0	0	0
84900	0	0.77	0.77	0	0	0
85000	0.01	0.77	0.77	0	0	0.01
85100	0.01	0.77	0.77	0	0	0.01
85200	0.01	0.77	0.77	0	0	0.01
85300	0.02	0.77	0.77	0	0	0.02
85400	0.02	0.78	0.78	0	0	0.02
85500	0.02	0.78	0.78	0	0	0.02
85600	0.02	0.77	0.77	0	0	0.02
85700	0.01	0.78	0.78	0	0	0.01
85800	0.01	0.78	0.78	0	0	0.01
85900	0	0.78	0.78	0	0	0
86000	0.01	0.78	0.78	0	0	0.01
86100	0.01	0.78	0.78	0	0	0.01
86200	0.01	0.78	0.78	0	0	0.01
86300	0.01	0.78	0.78	0	0	0.01
86400	0.01	0.78	0.78	0	0	0.01
86500	0.01	0.78	0.78	0	0	0.01
86600	0.02	0.78	0.78	0	0	0.02
86700	0.01	0.78	0.78	0	0	0.01
86800	0.01	0.78	0.78	0	0	0.01
86900	0	0.78	0.78	0	0	0
87000	0	0.78	0.78	0	0	0
87100	0	0.78	0.78	0	0	0
87200	0	0.78	0.78	0	0	0
87300	0	0.78	0.78	0	0	0
87400	0.02	0.78	0.78	0	0	0.02
87500	0.02	0.78	0.78	0	0	0.02
87600	0.02	0.78	0.78	0	0	0.02
87700	0.03	0.78	0.78	0	0	0.03
87800	0.02	0.78	0.78	0	0	0.02
87900	0.01	0.78	0.78	0	0	0.01
88000	0.01	0.78	0.78	0	0	0.01
88100	0	0.78	0.78	0	0	0
88200	0	0.78	0.78	0	0	0
88300	0	0.78	0.78	0	0	0
88400	0	0.78	0.78	0	0	0
88500	0.01	0.78	0.78	0	0	0.01
88600	0.01	0.78	0.78	0	0	0.01
88700	0.01	0.78	0.78	0	0	0.01
88800	0	0.78	0.78	0	0	0
88900	0	0.78	0.78	0	0	0
89000	0	0.78	0.78	0	0	0
89100	0	0.78	0.78	0	0	0
89200	0.01	0.78	0.78	0	0	0.01
89300	0.01	0.78	0.78	0	0	0.01
89400	0.01	0.78	0.78	0	0	0.01
89500	0.01	0.78	0.78	0	0	0.01
89600	0.01	0.78	0.78	0	0	0.01
89700	0.01	0.78	0.78	0	0	0.01
89800	0.01	0.78	0.78	0	0	0.01
89900	0.01	0.78	0.78	0	0	0.01
90000	0.01	0.78	0.78	0	0	0.01
90100	0.01	0.78	0.78	0	0	0.01
90200	0.01	0.78	0.78	0	0	0.01
90300	0.01	0.78	0.78	0	0	0.01
90400	0.01	0.78	0.78	0	0	0.01
90500	0.02	0.78	0.78	0	0	0.02
90600	0.03	0.78	0.78	0	0	0.03
90700	0.03	0.78	0.78	0	0	0.03
90800	0.02	0.78	0.78	0	0	0.02
90900	0.02	0.78	0.78	0	0	0.02
91000	0.02	0.78	0.78	0	0	0.02
91100	0.01	0.78	0.78	0	0	0.01
91200	0	0.78	0.78	0	0	0
91300	0	0.78	0.78	0	0	0
91400	0	0.78	0.78	0	0	0
91500	0	0.78	0.78	0	0	0
91600	0	0.78	0.78	0	0	0
91700	0	0.78	0.78	0	0	0
91800	0.03	0.78	0.78	0	0	0.03
91900	0.03	0.78	0.78	0	0	0.03
92000	0.03	0.78	0.78	0	0	0.03
92100	0.05	0.78	0.78	0	0	0.05
92200	0.05	0.78	0.78	0	0	0.05
92300	0.02	0.78	0.78	0	0	0.02
92400	0	0.78	0.78	0	0	0
92500	0	0.78	0.78	0	0	0
92600	0.01	0.78	0.78	0	0	0.01
92700	0.01	0.78	0.78	0	0	0.01
92800	0.02	0.78	0.78	0	0	0.02
92900	0	0.79	0.79	0	0	0
93000	0.02	0.79	0.79	0	0	0.02
93100	0.01	0.79	0.79	0	0	0.01
93200	0.01	0.79	0.79	0	0	0.01
93300	0.02	0.79	0.79	0	0	0.02
93400	0.03	0.79	0.79	0	0	0.03
93500	0.02	0.79	0.79	0	0	0.02
93600	0.02	0.79	0.79	0	0	0.02
93700	0	0.79	0.79	0	0	0
93800	0.01	0.79	0.79	0	0	0.01
93900	0.01	0.79	0.79	0	0	0.01
94000	0.01	0.79	0.79	0	0	0.01
94100	0.01	0.79	0.79	0	0	0.01
94200	0.02	0.79	0.79	0	0	0.02
94300	0.02	0.79	0.79	0	0	0.02
94400	0.01	0.79	0.79	0	0	0.01
94500	0.01	0.79	0.79	0	0	0.01
94600	0.01	0.79	0.79	0	0	0.01
94700	0	0.79	0.79	0	0	0
94800	0.01	0.79	0.79	0	0	0.01
94900	0.01	0.79	0.79	0	0	0.01
95000	0.01	0.79	0.79	0	0	0.01
95100	0.01	0.79	0.79	0	0	0.01
95200	0	0.79	0.79	0	0	0
95300	0	0.79	0.79	0	0	0
95400	0	0.79	0.79	0	0	0
95500	0	0.79	0.79	0	0	0
95600	0.01	0.79	0.79	0	0	0.01
95700	0.01	0.79	0.79	0	0	0.01
95800	0.01	0.79	0.79	0	0	0.01
95900	0.01	0.79	0.79	0	0	0.01
96000	0.02	0.79	0.79	0	0	0.02
96100	0.02	0.79	0.79	0	0	0.02
96200	0.02	0.79	0.79	0	0	0.02
96300	0.02	0.79	0.79	0	0	0.02
96400	0.01	0.79	0.79	0	0	0.01
96500	0.01	0.79	0.79	0	0	0.01
96600	0.01	0.79	0.79	0	0	0.01
96700	0.02	0.79	0.79	0	0	0.02
96800	0.03	0.79	0.79	0	0	0.03
96900	0.01	0.79	0.79	0	0	0.01
97000	0.01	0.79	0.79	0	0	0.01
97100	0.01	0.79	0.79	0	0	0.01
97200	0.01	0.79	0.79	0	0	0.01
97300	0	0.79	0.79	0	0	0
97400	0.01	0.79	0.79	0	0	0.01
97500	0.01	0.79	0.79	0	0	0.01
97600	0.01	0.79	0.79	0	0	0.01
97700	0.01	0.79	0.79	0	0	0.01
97800	0.01	0.79	0.79	0	0	0.01
97900	0.01	0.79	0.79	0	0	0.01
98000	0.01	0.8	0.8	0	0	0.01
98100	0.01	0.8	0.8	0	0	0.01
98200	0.01	0.8	0.8	0	0	0.01
98300	0.03	0.8	0.8	0	0	0.03
98400	0.02	0.8	0.8	0	0	0.02
98500	0.01	0.8	0.8	0	0	0.01
98600	0.01	0.8	0.8	0	0	0.01
98700	0.02	0.8	0.8	0	0	0.02
98800	0.02	0.8	0.8	0	0	0.02
98900	0.01	0.8	0.8	0	0	0.01
99000	0.01	0.8	0.8	0	0	0.01
99100	0.02	0.8	0.8	0	0	0.02
99200	0.01	0.8	0.8	0	0	0.01
99300	0.02	0.8	0.8	0	0	0.02
99400	0.02	0.79	0.79	0	0	0.02
99500	0.01	0.79	0.79	0	0	0.01
99600	0.01	0.79	0.79	0	0	0.01
99700	0	0.79	0.79	0	0	0
99800	0	0.79	0.79	0	0	0
99900	0.01	0.79	0.79	0	0	0.01
100000	0.01	0.79	0.79	0	0	0.01
100100	0.02	0.79	0.79	0	0	0.02
100200	0.02	0.79	0.79	0	0	0.02
100300	0.02	0.79	0.79	0	0	0.02
100400	0.04	0.79	0.79	0	0	0.04
100500	0.03	0.79	0.79	0	0	0.03
100600	0.01	0.79	0.79	0	0	0.01
100700	0.02	0.79	0.79	0	0	0.02
100800	0.02	0.79	0.79	0	0	0.02
100900	0.02	0.8	0.8	0	0	0.02
101000	0.02	0.8	0.8	0	0	0.02
101100	0.03	0.8	0.8	0	0	0.03
101200	0.04	0.79	0.79	0	0	0.04
101300	0.03	0.79	0.79	0	0	0.03
101400	0.03	0.79	0.79	0	0	0.03
101500	0.02	0.79	0.79	0	0	0.02
101600	0	0.79	0.79	0	0	0
101700	0	0.79	0.79	0	0	0
101800	0.01	0.79	0.79	0	0	0.01
101900	0.01	0.79	0.79	0	0	0.01
102000	0.01	0.79	0.79	0	0	0.01
102100	0.01	0.79	0.79	0	0	0.01
102200	0.01	0.79	0.79	0	0	0.01
102300	0	0.79	0.79	0	0	0
102400	0	0.79	0.79	0	0	0
102500	0	0.79	0.79	0	0	0
102600	0	0.79	0.79	0	0	0
102700	0	0.79	0.79	0	0	0
102800	0.01	0.79	0.79	0	0	0.01
102900	0.01	0.79	0.79	0	0	0.01
103000	0.01	0.79	0.79	0	0	0.01
103100	0.01	0.79	0.79	0	0	0.01
103200	0.01	0.79	0.79	0	0	0.01
103300	0.02	0.79	0.79	0	0	0.02
103400	0.01	0.79	0.79	0	0	0.01
103500	0.01	0.79	0.79	0	0	0.01
103600	0.01	0.79	0.79	0	0	0.01
103700	0.02	0.79	0.79	0	0	0.02
103800	0.02	0.79	0.79	0	0	0.02
103900	0.01	0.79	0.79	0	0	0.01
104000	0.02	0.79	0.79	0	0	0.02
104100	0.01	0.79	0.79	0	0	0.01
104200	0.01	0.79	0.79	0	0	0.01
104300	0	0.79	0.79	0	0	0
104400	0.01	0.79	0.79	0	0	0.01
104500	0.02	0.79	0.79	0	0	0.02
104600	0.02	0.79	0.79	0	0	0.02
104700	0.02	0.79	0.79	0	0	0.02
104800	0.02	0.79	0.79	0	0	0.02
104900	0.02	0.79	0.79	0	0	0.02
105000	0.02	0.79	0.79	0	0	0.02
105100	0.02	0.79	0.79	0	0	0.02
105200	0.01	0.79	0.79	0	0	0.01
105300	0.01	0.79	0.79	0	0	0.01
105400	0.01	0.79	0.79	0	0	0.01
105500	0.01	0.79	0.79	0	0	0.01
105600	0	0.79	0.79	0	0	0
105700	0	0.79	0.79	0	0	0
105800	0	0.79	0.79	0	0	0
105900	0	0.79	0.79	0	0	0
106000	0	0.79	0.79	0	0	0
106100	0	0.79	0.79	0	0	0
106200	0.01	0.79	0.79	0	0	0.01
106300	0.01	0.79	0.79	0	0	0.01
106400	0.01	0.79	0.79	0	0	0.01
106500	0.01	0.79	0.79	0	0	0.01
106600	0.01	0.79	0.79	0	0	0.01
106700	0	0.79	0.79	0	0	0
106800	0	0.79	0.79	0	0	0
106900	0	0.79	0.79	0	0	0
107000	0	0.79	0.79	0	0	0
107100	0	0.79	0.79	0	0	0
107200	0	0.79	0.79	0	0	0
107300	0	0.79	0.79	0	0	0
107400	0	0.79	0.79	0	0	0
107500	0.02	0.79	0.79	0	0	0.02
107600	0.02	0.79	0.79	0	0	0.02
107700	0	0.79	0.79	0	0	0
107800	0	0.79	0.79	0	0	0
107900	0.01	0.79	0.79	0	0	0.01
108000	0.01	0.79	0.79	0	0	0.01
108100	0.02	0.79	0.79	0	0	0.02
108200	0.02	0.79	0.79	0	0	0.02
108300	0.02	0.79	0.79	0	0	0.02
108400	0.03	0.79	0.79	0	0	0.03
108500	0.02	0.79	0.79	0	0	0.02
108600	0.05	0.79	0.79	0	0	0.05
108700	0.04	0.79	0.79	0	0	0.04
108800	0.04	0.79	0.79	0	0	0.04
108900	0.02	0.79	0.79	0	0	0.02
109000	0.03	0.79	0.79	0	0	0.03
109100	0.01	0.79	0.79	0	0	0.01
109200	0.01	0.79	0.79	0	0	0.01
109300	0.02	0.79	0.79	0	0	0.02
109400	0.02	0.79	0.79	0	0	0.02
109500	0.03	0.79	0.79	0	0	0.03
109600	0.03	0.79	0.79	0	0	0.03
109700	0.02	0.79	0.79	0	0	0.02
109800	0.01	0.79	0.79	0	0	0.01
109900	0.02	0.79	0.79	0	0	0.02
110000	0.01	0.79	0.79	0	0	0.01
110100	0.01	0.79	0.79	0	0	0.01
110200	0.01	0.79	0.79	0	0	0.01
110300	0	0.79	0.79	0	0	0
110400	0	0.79	0.79	0	0	0
110500	0	0.79	0.79	0	0	0
110600	0	0.79	0.79	0	0	0
110700	0	0.79	0.79	0	0	0
110800	0.01	0.79	0.79	0	0	0.01
110900	0.01	0.79	0.79	0	0	0.01
111000	0.01	0.79	0.79	0	0	0.01
111100	0.01	0.79	0.79	0	0	0.01
111200	0.01	0.79	0.79	0	0	0.01
111300	0.01	0.79	0.79	0	0	0.01
111400	0.03	0.79	0.79	0	0	0.03
111500	0.03	0.79	0.79	0	0	0.03
111600	0.02	0.79	0.79	0	0	0.02
111700	0.02	0.79	0.79	0	0	0.02
111800	0.02	0.79	0.79	0	0	0.02
111900	0.01	0.79	0.79	0	0	0.01
112000	0.01	0.79	0.79	0	0	0.01
112100	0.01	0.79	0.79	0	0	0.01
112200	0.01	0.79	0.79	0	0	0.01
112300	0.01	0.79	0.79	0	0	0.01
112400	0.01	0.79	0.79	0	0	0.01
112500	0.02	0.79	0.79	0	0	0.02
112600	0.02	0.79	0.79	0	0	0.02
112700	0.01	0.79	0.79	0	0	0.01
112800	0.01	0.79	0.79	0	0	0.01
112900	0.02	0.79	0.79	0	0	0.02
113000	0.01	0.78	0.78	0	0	0.01
113100	0.01	0.78	0.78	0	0	0.01
113200	0.02	0.78	0.78	0	0	0.02
113300	0.02	0.78	0.78	0	0	0.02
113400	0.02	0.78	0.78	0	0	0.02
113500	0.01	0.78	0.78	0	0	0.01
113600	0.01	0.78	0.78	0	0	0.01
113700	0	0.78	0.78	0	0	0
113800	0.01	0.78	0.78	0	0	0.01
113900	0.02	0.79	0.79	0	0	0.02
114000	0.02	0.79	0.79	0	0	0.02
114100	0.02	0.79	0.79	0	0	0.02
114200	0.02	0.79	0.79	0	0	0.02
114300	0.02	0.79	0.79	0	0	0.02
114400	0	0.79	0.79	0	0	0
114500	0	0.79	0.79	0	0	0
114600	0	0.79	0.79	0	0	0
114700	0	0.79	0.79	0	0	0
114800	0.01	0.79	0.79	0	0	0.01
114900	0.02	0.79	0.79	0	0	0.02
115000	0.02	0.79	0.79	0	0	0.02
115100	0.02	0.79	0.79	0	0	0.02
115200	0.02	0.79	0.79	0	0	0.02
115300	0.03	0.79	0.79	0	0	0.03
115400	0.02	0.79	0.79	0	0	0.02
115500	0.01	0.79	0.79	0	0	0.01
115600	0.01	0.79	0.79	0	0	0.01
115700	0.01	0.79	0.79	0	0	0.01
115800	0.01	0.79	0.79	0	0	0.01
115900	0.01	0.79	0.79	0	0	0.01
116000	0	0.79	0.79	0	0	0
116100	0	0.79	0.79	0	0	0
116200	0	0.79	0.79	0	0	0
116300	0	0.79	0.79	0	0	0
116400	0	0.79	0.79	0	0	0
116500	0	0.79	0.79	0	0	0
116600	0	0.79	0.79	0	0	0
116700	0	0.79	0.79	0	0	0
116800	0	0.79	0.79	0	0	0
116900	0	0.79	0.79	0	0	0
117000	0	0.79	0.79	0	0	0
117100	0	0.79	0.79	0	0	0
117200	0	0.79	0.79	0	0	0
117300	0.01	0.79	0.79	0	0	0.01
117400	0.01	0.79	0.79	0	0	0.01
117500	0.01	0.79	0.79	0	0	0.01
117600	0.01	0.79	0.79	0	0	0.01
117700	0.01	0.79	0.79	0	0	0.01
117800	0.02	0.79	0.79	0	0	0.02
117900	0.02	0.79	0.79	0	0	0.02
118000	0.02	0.79	0.79	0	0	0.02
118100	0.02	0.79	0.79	0	0	0.02
118200	0.02	0.79	0.79	0	0	0.02
118300	0.01	0.79	0.79	0	0	0.01
118400	0.01	0.79	0.79	0	0	0.01
118500	0	0.79	0.79	0	0	0
118600	0	0.79	0.79	0	0	0
118700	0	0.79	0.79	0	0	0
118800	0	0.79	0.79	0	0	0
118900	0.01	0.79	0.79	0	0	0.01
119000	0.01	0.79	0.79	0	0	0.01
119100	0.01	0.79	0.79	0	0	0.01
119200	0.02	0.79	0.79	0	0	0.02
119300	0.02	0.79	0.79	0	0	0.02
119400	0.03	0.79	0.79	0	0	0.03
119500	0.02	0.79	0.79	0	0	0.02
119600	0.02	0.79	0.79	0	0	0.02
119700	0.02	0.79	0.79	0	0	0.02
119800	0.01	0.79	0.79	0	0	0.01
119900	0.01	0.79	0.79	0	0	0.01
120000	0.01	0.79	0.79	0	0	0.01
120100	0.02	0.79	0.79	0	0	0.02
120200	0.01	0.79	0.79	0	0	0.01
120300	0.02	0.79	0.79	0	0	0.02
120400	0.01	0.79	0.79	0	0	0.01
120500	0	0.79	0.79	0	0	0
120600	0	0.79	0.79	0	0	0
120700	0	0.79	0.79	0	0	0
120800	0	0.79	0.79	0	0	0
120900	0.01	0.79	0.79	0	0	0.01
121000	0.01	0.79	0.79	0	0	0.01
121100	0.01	0.79	0.79	0	0	0.01
121200	0.01	0.8	0.8	0	0	0.01
121300	0	0.8	0.8	0	0	0
121400	0.01	0.8	0.8	0	0	0.01
121500	0.01	0.8	0.8	0	0	0.01
121600	0.01	0.8	0.8	0	0	0.01
121700	0.02	0.8	0.8	0	0	0.02
121800	0.02	0.8	0.8	0	0	0.02
121900	0.02	0.8	0.8	0	0	0.02
122000	0.01	0.8	0.8	0	0	0.01
122100	0.01	0.8	0.8	0	0	0.01
122200	0.02	0.8	0.8	0	0	0.02
122300	0.01	0.8	0.8	0	0	0.01
122400	0.01	0.8	0.8	0	0	0.01
122500	0.01	0.8	0.8	0	0	0.01
122600	0.01	0.8	0.8	0	0	0.01
122700	0.01	0.8	0.8	0	0	0.01
122800	0	0.8	0.8	0	0	0
122900	0	0.79	0.79	0	0	0
123000	0.02	0.79	0.79	0	0	0.02
123100	0.02	0.79	0.79	0	0	0.02
123200	0.02	0.79	0.79	0	0	0.02
123300	0.03	0.79	0.79	0	0	0.03
123400	0.04	0.79	0.79	0	0	0.04
123500	0.05	0.79	0.79	0	0	0.05
123600	0.01	0.79	0.79	0	0	0.01
123700	0.01	0.79	0.79	0	0	0.01
123800	0.01	0.79	0.79	0	0	0.01
123900	0	0.79	0.79	0	0	0
124000	0.01	0.79	0.79	0	0	0.01
124100	0.01	0.8	0.8	0	0	0.01
124200	0.02	0.8	0.8	0	0	0.02
124300	0.02	0.8	0.8	0	0	0.02
124400	0.02	0.8	0.8	0	0	0.02
124500	0.01	0.8	0.8	0	0	0.01
124600	0.01	0.8	0.8	0	0	0.01
124700	0	0.8	0.8	0	0	0
124800	0	0.8	0.8	0	0	0
124900	0.01	0.8	0.8	0	0	0.01
125000	0.01	0.8	0.8	0	0	0.01
125100	0.01	0.8	0.8	0	0	0.01
125200	0.01	0.8	0.8	0	0	0.01
125300	0.01	0.8	0.8	0	0	0.01
125400	0	0.8	0.8	0	0	0
125500	0	0.8	0.8	0	0	0
125600	0.01	0.8	0.8	0	0	0.01
125700	0.01	0.8	0.8	0	0	0.01
125800	0.01	0.8	0.8	0	0	0.01
125900	0.01	0.8	0.8	0	0	0.01
126000	0.01	0.8	0.8	0	0	0.01
126100	0.01	0.8	0.8	0	0	0.01
126200	0.01	0.8	0.8	0	0	0.01
126300	0.02	0.8	0.8	0	0	0.02
126400	0.02	0.8	0.8	0	0	0.02
126500	0	0.8	0.8	0	0	0
126600	0	0.8	0.8	0	0	0
126700	0	0.8	0.8	0	0	0
126800	0	0.8	0.8	0	0	0
126900	0.01	0.8	0.8	0	0	0.01
127000	0.01	0.8	0.8	0	0	0.01
127100	0.04	0.8	0.8	0	0	0.04
127200	0.01	0.8	0.8	0	0	0.01
127300	0.02	0.8	0.8	0	0	0.02
127400	0.03	0.8	0.8	0	0	0.03
127500	0.02	0.8	0.8	0	0	0.02
127600	0.03	0.8	0.8	0	0	0.03
127700	0.03	0.8	0.8	0	0	0.03
127800	0.03	0.8	0.8	0	0	0.03
127900	0.02	0.8	0.8	0	0	0.02
128000	0.02	0.8	0.8	0	0	0.02
128100	0.02	0.8	0.8	0	0	0.02
128200	0.01	0.8	0.8	0	0	0.01
128300	0	0.8	0.8	0	0	0
128400	0	0.8	0.8	0	0	0
128500	0	0.8	0.8	0	0	0
128600	0	0.8	0.8	0	0	0
128700	0	0.8	0.8	0	0	0
128800	0	0.8	0.8	0	0	0
128900	0.01	0.8	0.8	0	0	0.01
129000	0.02	0.8	0.8	0	0	0.02
129100	0.02	0.8	0.8	0	0	0.02
129200	0.02	0.8	0.8	0	0	0.02
129300	0.02	0.8	0.8	0	0	0.02
129400	0.02	0.8	0.8	0	0	0.02
129500	0	0.8	0.8	0	0	0
129600	0	0.8	0.8	0	0	0
129700	0	0.8	0.8	0	0	0
129800	0.01	0.8	0.8	0	0	0.01
129900	0.01	0.8	0.8	0	0	0.01
130000	0.02	0.8	0.8	0	0	0.02
130100	0.02	0.8	0.8	0	0	0.02
130200	0.03	0.8	0.8	0	0	0.03
130300	0.03	0.8	0.8	0	0	0.03
130400	0	0.8	0.8	0	0	0
130500	0	0.8	0.8	0	0	0
130600	0	0.8	0.8	0	0	0
130700	0.01	0.8	0.8	0	0	0.01
130800	0.01	0.8	0.8	0	0	0.01
130900	0.01	0.8	0.8	0	0	0.01
131000	0.01	0.8	0.8	0	0	0.01
131100	0.01	0.8	0.8	0	0	0.01
131200	0	0.8	0.8	0	0	0
131300	0.01	0.8	0.8	0	0	0.01
131400	0.02	0.8	0.8	0	0	0.02
131500	0.02	0.8	0.8	0	0	0.02
131600	0.02	0.8	0.8	0	0	0.02
131700	0.02	0.8	0.8	0	0	0.02
131800	0.02	0.8	0.8	0	0	0.02
131900	0.01	0.8	0.8	0	0	0.01
132000	0.01	0.8	0.8	0	0	0.01
132100	0.01	0.8	0.8	0	0	0.01
132200	0.01	0.8	0.8	0	0	0.01
132300	0.01	0.8	0.8	0	0	0.01
132400	0	0.8	0.8	0	0	0
132500	0	0.8	0.8	0	0	0
132600	0	0.8	0.8	0	0	0
132700	0	0.8	0.8	0	0	0
132800	0	0.8	0.8	0	0	0
132900	0	0.8	0.8	0	0	0
133000	0	0.8	0.8	0	0	0
133100	0	0.8	0.8	0	0	0
133200	0	0.8	0.8	0	0	0
133300	0.01	0.8	0.8	0	0	0.01
133400	0.01	0.8	0.8	0	0	0.01
133500	0.03	0.8	0.8	0	0	0.03
133600	0.04	0.8	0.8	0	0	0.04
133700	0.04	0.8	0.8	0	0	0.04
133800	0.04	0.8	0.8	0	0	0.04
133900	0.06	0.8	0.8	0	0	0.06
134000	0.06	0.8	0.8	0	0	0.06
134100	0.05	0.8	0.8	0	0	0.05
134200	0.02	0.8	0.8	0	0	0.02
134300	0.02	0.8	0.8	0	0	0.02
134400	0	0.8	0.8	0	0	0
134500	0	0.8	0.8	0	0	0
134600	0	0.8	0.8	0	0	0
134700	0	0.8	0.8	0	0	0
134800	0.01	0.8	0.8	0	0	0.01
134900	0.01	0.8	0.8	0	0	0.01
135000	0	0.8	0.8	0	0	0
135100	0	0.8	0.8	0	0	0
135200	0	0.8	0.8	0	0	0
135300	0.01	0.8	0.8	0	0	0.01
135400	0.03	0.8	0.8	0	0	0.03
135500	0.04	0.8	0.8	0	0	0.04
135600	0.04	0.8	0.8	0	0	0.04
135700	0.02	0.8	0.8	0	0	0.02
135800	0.01	0.8	0.8	0	0	0.01
135900	0.01	0.8	0.8	0	0	0.01
136000	0	0.8	0.8	0	0	0
136100	0	0.8	0.8	0	0	0
136200	0	0.8	0.8	0	0	0
136300	0	0.8	0.8	0	0	0
136400	0	0.8	0.8	0	0	0
136500	0	0.8	0.8	0	0	0
136600	0	0.8	0.8	0	0	0
136700	0	0.8	0.8	0	0	0
136800	0	0.8	0.8	0	0	0
136900	0	0.8	0.8	0	0	0
137000	0	0.8	0.8	0	0	0
137100	0	0.8	0.8	0	0	0
137200	0.01	0.8	0.8	0	0	0.01
137300	0.01	0.8	0.8	0	0	0.01
137400	0.01	0.8	0.8	0	0	0.01
137500	0.01	0.8	0.8	0	0	0.01
137600	0.01	0.8	0.8	0	0	0.01
137700	0	0.8	0.8	0	0	0
137800	0	0.8	0.8	0	0	0
137900	0	0.8	0.8	0	0	0
138000	0	0.8	0.8	0	0	0
138100	0.02	0.8	0.8	0	0	0.02
138200	0.02	0.8	0.8	0	0	0.02
138300	0.02	0.8	0.8	0	0	0.02
138400	0.01	0.8	0.8	0	0	0.01
138500	0.01	0.8	0.8	0	0	0.01
138600	0.01	0.8	0.8	0	0	0.01
138700	0.01	0.8	0.8	0	0	0.01
138800	0	0.8	0.8	0	0	0
138900	0.01	0.8	0.8	0	0	0.01
139000	0.01	0.8	0.8	0	0	0.01
139100	0.01	0.8	0.8	0	0	0.01
139200	0.02	0.8	0.8	0	0	0.02
139300	0.02	0.8	0.8	0	0	0.02
139400	0.02	0.8	0.8	0	0	0.02
139500	0.03	0.8	0.8	0	0	0.03
139600	0.03	0.8	0.8	0	0	0.03
139700	0.02	0.8	0.8	0	0	0.02
139800	0.03	0.8	0.8	0	0	0.03
139900	0.02	0.8	0.8	0	0	0.02
140000	0.01	0.8	0.8	0	0	0.01
140100	0.01	0.8	0.8	0	0	0.01
140200	0.01	0.8	0.8	0	0	0.01
140300	0.01	0.8	0.8	0	0	0.01
140400	0.01	0.8	0.8	0	0	0.01
140500	0.01	0.8	0.8	0	0	0.01
140600	0.01	0.8	0.8	0	0	0.01
140700	0.01	0.8	0.8	0	0	0.01
140800	0.01	0.8	0.8	0	0	0.01
140900	0.01	0.8	0.8	0	0	0.01
141000	0	0.8	0.8	0	0	0
141100	0	0.8	0.8	0	0	0
141200	0	0.8	0.8	0	0	0
141300	0	0.8	0.8	0	0	0
141400	0	0.8	0.8	0	0	0
141500	0.01	0.8	0.8	0	0	0.01
141600	0.01	0.8	0.8	0	0	0.01
141700	0.03	0.8	0.8	0	0	0.03
141800	0.03	0.8	0.8	0	0	0.03
141900	0.03	0.8	0.8	0	0	0.03
142000	0.02	0.8	0.8	0	0	0.02
142100	0.01	0.8	0.8	0	0	0.01
142200	0.01	0.8	0.8	0	0	0.01
142300	0.01	0.8	0.8	0	0	0.01
142400	0	0.8	0.8	0	0	0
142500	0	0.8	0.8	0	0	0
142600	0.01	0.8	0.8	0	0	0.01
142700	0.01	0.8	0.8	0	0	0.01
142800	0.03	0.8	0.8	0	0	0.03
142900	0.02	0.8	0.8	0	0	0.02
143000	0.02	0.8	0.8	0	0	0.02
143100	0.02	0.8	0.8	0	0	0.02
143200	0.04	0.8	0.8	0	0	0.04
143300	0.04	0.8	0.8	0	0	0.04
143400	0.03	0.8	0.8	0	0	0.03
143500	0.02	0.8	0.8	0	0	0.02
143600	0.02	0.8	0.8	0	0	0.02
143700	0.01	0.8	0.8	0	0	0.01
143800	0	0.8	0.8	0	0	0
143900	0.01	0.8	0.8	0	0	0.01
144000	0	0.8	0.8	0	0	0
144100	0	0.8	0.8	0	0	0
144200	0	0.8	0.8	0	0	0
144300	0	0.8	0.8	0	0	0
144400	0	0.8	0.8	0	0	0
144500	0	0.8	0.8	0	0	0
144600	0	0.8	0.8	0	0	0
144700	0.01	0.8	0.8	0	0	0.01
144800	0.01	0.8	0.8	0	0	0.01
144900	0.01	0.8	0.8	0	0	0.01
145000	0.02	0.8	0.8	0	0	0.02
145100	0.02	0.79	0.79	0	0	0.02
145200	0.04	0.79	0.79	0	0	0.04
145300	0.03	0.79	0.79	0	0	0.03
145400	0.02	0.79	0.79	0	0	0.02
145500	0.01	0.79	0.79	0	0	0.01
145600	0.02	0.79	0.79	0	0	0.02
145700	0.03	0.79	0.79	0	0	0.03
145800	0.03	0.79	0.79	0	0	0.03
145900	0.02	0.79	0.79	0	0	0.02
146000	0.02	0.8	0.8	0	0	0.02
146100	0.02	0.8	0.8	0	0	0.02
146200	0.02	0.8	0.8	0	0	0.02
146300	0.01	0.8	0.8	0	0	0.01
146400	0.01	0.8	0.8	0	0	0.01
146500	0.01	0.8	0.8	0	0	0.01
146600	0.01	0.8	0.8	0	0	0.01
146700	0	0.8	0.8	0	0	0
146800	0	0.8	0.8	0	0	0
146900	0.01	0.8	0.8	0	0	0.01
147000	0.01	0.8	0.8	0	0	0.01
147100	0.03	0.8	0.8	0	0	0.03
147200	0.02	0.8	0.8	0	0	0.02
147300	0.02	0.8	0.8	0	0	0.02
147400	0.02	0.8	0.8	0	0	0.02
147500	0.01	0.8	0.8	0	0	0.01
147600	0.02	0.8	0.8	0	0	0.02
147700	0.01	0.8	0.8	0	0	0.01
147800	0.01	0.8	0.8	0	0	0.01
147900	0.01	0.8	0.8	0	0	0.01
148000	0.03	0.8	0.8	0	0	0.03
148100	0.03	0.8	0.8	0	0	0.03
148200	0.02	0.8	0.8	0	0	0.02
148300	0.02	0.8	0.8	0	0	0.02
148400	0.01	0.8	0.8	0	0	0.01
148500	0	0.8	0.8	0	0	0
148600	0	0.8	0.8	0	0	0
148700	0	0.8	0.8	0	0	0
148800	0	0.8	0.8	0	0	0
148900	0	0.8	0.8	0	0	0
149000	0.02	0.8	0.8	0	0	0.02
149100	0.02	0.8	0.8	0	0	0.02
149200	0.02	0.8	0.8	0	0	0.02
149300	0	0.8	0.8	0	0	0
149400	0	0.8	0.8	0	0	0
149500	0.01	0.8	0.8	0	0	0.01
149600	0.02	0.8	0.8	0	0	0.02
149700	0.01	0.8	0.8	0	0	0.01
149800	0	0.8	0.8	0	0	0
149900	0.01	0.8	0.8	0	0	0.01
150000	0.01	0.8	0.8	0	0	0.01
150100	0.02	0.8	0.8	0	0	0.02
150200	0.02	0.8	0.8	0	0	0.02
150300	0.01	0.8	0.8	0	0	0.01
150400	0.02	0.8	0.8	0	0	0.02
150500	0.02	0.8	0.8	0	0	0.02
150600	0.03	0.8	0.8	0	0	0.03
150700	0.02	0.8	0.8	0	0	0.02
150800	0.01	0.8	0.8	0	0	0.01
150900	0.01	0.8	0.8	0	0	0.01
151000	0.01	0.8	0.8	0	0	0.01
151100	0	0.8	0.8	0	0	0
151200	0	0.8	0.8	0	0	0
151300	0.01	0.8	0.8	0	0	0.01
151400	0.01	0.8	0.8	0	0	0.01
151500	0.01	0.8	0.8	0	0	0.01
151600	0.01	0.8	0.8	0	0	0.01
151700	0.01	0.8	0.8	0	0	0.01
151800	0	0.8	0.8	0	0	0
151900	0.01	0.8	0.8	0	0	0.01
152000	0.01	0.8	0.8	0	0	0.01
152100	0.01	0.8	0.8	0	0	0.01
152200	0.02	0.8	0.8	0	0	0.02
152300	0.02	0.8	0.8	0	0	0.02
152400	0	0.8	0.8	0	0	0
152500	0	0.8	0.8	0	0	0
152600	0	0.8	0.8	0	0	0
152700	0.01	0.8	0.8	0	0	0.01
152800	0.01	0.8	0.8	0	0	0.01
152900	0.02	0.8	0.8	0	0	0.02
153000	0.02	0.8	0.8	0	0	0.02
153100	0.03	0.8	0.8	0	0	0.03
153200	0.04	0.8	0.8	0	0	0.04
153300	0.04	0.8	0.8	0	0	0.04
153400	0.01	0.8	0.8	0	0	0.01
153500	0	0.8	0.8	0	0	0
153600	0	0.8	0.8	0	0	0
153700	0	0.8	0.8	0	0	0
153800	0.01	0.8	0.8	0	0	0.01
153900	0.01	0.8	0.8	0	0	0.01
154000	0.01	0.8	0.8	0	0	0.01
154100	0.01	0.8	0.8	0	0	0.01
154200	0	0.8	0.8	0	0	0
154300	0	0.8	0.8	0	0	0
154400	0.01	0.8	0.8	0	0	0.01
154500	0.01	0.8	0.8	0	0	0.01
154600	0.01	0.8	0.8	0	0	0.01
154700	0.01	0.8	0.8	0	0	0.01
154800	0.02	0.8	0.8	0	0	0.02
154900	0.02	0.8	0.8	0	0	0.02
155000	0.01	0.8	0.8	0	0	0.01
155100	0.01	0.8	0.8	0	0	0.01
155200	0.02	0.8	0.8	0	0	0.02
155300	0.03	0.8	0.8	0	0	0.03
155400	0.02	0.8	0.8	0	0	0.02
155500	0.01	0.8	0.8	0	0	0.01
155600	0.01	0.8	0.8	0	0	0.01
155700	0	0.8	0.8	0	0	0
155800	0.02	0.8	0.8	0	0	0.02
155900	0.01	0.8	0.8	0	0	0.01
156000	0.01	0.8	0.8	0	0	0.01
156100	0.02	0.8	0.8	0	0	0.02
156200	0.02	0.8	0.8	0	0	0.02
156300	0.02	0.8	0.8	0	0	0.02
156400	0	0.8	0.8	0	0	0
156500	0	0.8	0.8	0	0	0
156600	0	0.8	0.8	0	0	0
156700	0	0.8	0.8	0	0	0
156800	0	0.8	0.8	0	0	0
156900	0	0.79	0.79	0	0	0
157000	0	0.79	0.79	0	0	0
157100	0	0.79	0.79	0	0	0
157200	0	0.79	0.79	0	0	0
157300	0	0.79	0.79	0	0	0
157400	0	0.79	0.79	0	0	0
157500	0.01	0.79	0.79	0	0	0.01
157600	0.01	0.79	0.79	0	0	0.01
157700	0.01	0.79	0.79	0	0	0.01
157800	0.01	0.79	0.79	0	0	0.01
157900	0.02	0.8	0.8	0	0	0.02
158000	0.01	0.8	0.8	0	0	0.01
158100	0.01	0.8	0.8	0	0	0.01
158200	0.01	0.8	0.8	0	0	0.01
158300	0.01	0.8	0.8	0	0	0.01
158400	0.02	0.8	0.8	0	0	0.02
158500	0.01	0.8	0.8	0	0	0.01
158600	0.01	0.8	0.8	0	0	0.01
158700	0.01	0.8	0.8	0	0	0.01
158800	0.02	0.8	0.8	0	0	0.02
158900	0.01	0.8	0.8	0	0	0.01
159000	0.01	0.8	0.8	0	0	0.01
159100	0.01	0.8	0.8	0	0	0.01
159200	0.01	0.8	0.8	0	0	0.01
159300	0	0.8	0.8	0	0	0
159400	0	0.8	0.8	0	0	0
159500	0	0.8	0.8	0	0	0
159600	0.01	0.8	0.8	0	0	0.01
159700	0.02	0.8	0.8	0	0	0.02
159800	0.02	0.8	0.8	0	0	0.02
159900	0.02	0.8	0.8	0	0	0.02
160000	0.02	0.8	0.8	0	0	0.02
160100	0.01	0.8	0.8	0	0	0.01
160200	0.01	0.8	0.8	0	0	0.01
160300	0	0.8	0.8	0	0	0
160400	0	0.8	0.8	0	0	0
160500	0.01	0.8	0.8	0	0	0.01
160600	0.01	0.8	0.8	0	0	0.01
160700	0.01	0.8	0.8	0	0	0.01
160800	0.01	0.8	0.8	0	0	0.01
160900	0	0.8	0.8	0	0	0
161000	0.01	0.8	0.8	0	0	0.01
161100	0	0.8	0.8	0	0	0
161200	0.01	0.8	0.8	0	0	0.01
161300	0.01	0.8	0.8	0	0	0.01
161400	0.01	0.8	0.8	0	0	0.01
161500	0.01	0.8	0.8	0	0	0.01
161600	0.01	0.8	0.8	0	0	0.01
161700	0.01	0.8	0.8	0	0	0.01
161800	0.01	0.8	0.8	0	0	0.01
161900	0.01	0.8	0.8	0	0	0.01
162000	0.01	0.8	0.8	0	0	0.01
162100	0.01	0.8	0.8	0	0	0.01
162200	0.01	0.8	0.8	0	0	0.01
162300	0	0.8	0.8	0	0	0
162400	0	0.8	0.8	0	0	0
162500	0.01	0.8	0.8	0	0	0.01
162600	0.02	0.8	0.8	0	0	0.02
162700	0.02	0.8	0.8	0	0	0.02
162800	0.02	0.8	0.8	0	0	0.02
162900	0.01	0.8	0.8	0	0	0.01
163000	0	0.8	0.8	0	0	0
163100	0	0.8	0.8	0	0	0
163200	0	0.8	0.8	0	0	0
163300	0	0.8	0.8	0	0	0
163400	0.01	0.8	0.8	0	0	0.01
163500	0.03	0.8	0.8	0	0	0.03
163600	0.04	0.8	0.8	0	0	0.04
163700	0.04	0.8	0.8	0	0	0.04
163800	0.02	0.8	0.8	0	0	0.02
163900	0.01	0.8	0.8	0	0	0.01
164000	0.01	0.8	0.8	0	0	0.01
164100	0.01	0.8	0.8	0	0	0.01
164200	0.01	0.8	0.8	0	0	0.01
164300	0.02	0.8	0.8	0	0	0.02
164400	0.02	0.8	0.8	0	0	0.02
164500	0.03	0.8	0.8	0	0	0.03
164600	0.02	0.8	0.8	0	0	0.02
164700	0.02	0.8	0.8	0	0	0.02
164800	0.02	0.8	0.8	0	0	0.02
164900	0.02	0.8	0.8	0	0	0.02
165000	0.02	0.8	0.8	0	0	0.02
165100	0.01	0.8	0.8	0	0	0.01
165200	0.01	0.8	0.8	0	0	0.01
165300	0.01	0.8	0.8	0	0	0.01
165400	0.01	0.8	0.8	0	0	0.01
165500	0	0.8	0.8	0	0	0
165600	0	0.8	0.8	0	0	0
165700	0	0.8	0.8	0	0	0
165800	0	0.8	0.8	0	0	0
165900	0	0.8	0.8	0	0	0
166000	0	0.8	0.8	0	0	0
166100	0	0.8	0.8	0	0	0
166200	0	0.8	0.8	0	0	0
166300	0	0.8	0.8	0	0	0
166400	0	0.8	0.8	0	0	0
166500	0	0.8	0.8	0	0	0
166600	0.01	0.8	0.8	0	0	0.01
166700	0.01	0.8	0.8	0	0	0.01
166800	0.03	0.8	0.8	0	0	0.03
166900	0.04	0.8	0.8	0	0	0.04
167000	0.03	0.8	0.8	0	0	0.03
167100	0.01	0.8	0.8	0	0	0.01
167200	0.01	0.8	0.8	0	0	0.01
167300	0.01	0.8	0.8	0	0	0.01
167400	0	0.8	0.8	0	0	0
167500	0	0.8	0.8	0	0	0
167600	0.01	0.8	0.8	0	0	0.01
167700	0.01	0.8	0.8	0	0	0.01
167800	0.01	0.8	0.8	0	0	0.01
167900	0.01	0.8	0.8	0	0	0.01
168000	0.01	0.8	0.8	0	0	0.01
168100	0.02	0.8	0.8	0	0	0.02
168200	0.02	0.8	0.8	0	0	0.02
168300	0.02	0.8	0.8	0	0	0.02
168400	0.02	0.8	0.8	0	0	0.02
168500	0.01	0.8	0.8	0	0	0.01
168600	0	0.8	0.8	0	0	0
168700	0	0.8	0.8	0	0	0
168800	0.01	0.8	0.8	0	0	0.01
168900	0.01	0.8	0.8	0	0	0.01
169000	0.02	0.8	0.8	0	0	0.02
169100	0.04	0.8	0.8	0	0	0.04
169200	0.03	0.8	0.8	0	0	0.03
169300	0.04	0.79	0.79	0	0	0.04
169400	0.03	0.79	0.79	0	0	0.03
169500	0.03	0.79	0.79	0	0	0.03
169600	0	0.79	0.79	0	0	0
169700	0.01	0.79	0.79	0	0	0.01
169800	0.06	0.79	0.79	0	0	0.06
169900	0.06	0.79	0.79	0	0	0.06
170000	0.04	0.79	0.79	0	0	0.04
170100	0.05	0.79	0.79	0	0	0.05
170200	0.04	0.79	0.79	0	0	0.04
170300	0.01	0.79	0.79	0	0	0.01
170400	0.01	0.79	0.79	0	0	0.01
170500	0.01	0.79	0.79	0	0	0.01
170600	0	0.79	0.79	0	0	0
170700	0	0.79	0.79	0	0	0
170800	0.01	0.79	0.79	0	0	0.01
170900	0.02	0.79	0.79	0	0	0.02
171000	0.03	0.79	0.79	0	0	0.03
171100	0.03	0.79	0.79	0	0	0.03
171200	0.03	0.79	0.79	0	0	0.03
171300	0.02	0.79	0.79	0	0	0.02
171400	0	0.79	0.79	0	0	0
171500	0	0.79	0.79	0	0	0
171600	0.01	0.79	0.79	0	0	0.01
171700	0.01	0.79	0.79	0	0	0.01
171800	0.01	0.79	0.79	0	0	0.01
171900	0.02	0.79	0.79	0	0	0.02
172000	0.02	0.79	0.79	0	0	0.02
172100	0.02	0.79	0.79	0	0	0.02
172200	0.01	0.79	0.79	0	0	0.01
172300	0.01	0.79	0.79	0	0	0.01
172400	0.01	0.79	0.79	0	0	0.01
172500	0.03	0.79	0.79	0	0	0.03
172600	0.03	0.79	0.79	0	0	0.03
172700	0.03	0.79	0.79	0	0	0.03
172800	0.03	0.79	0.79	0	0	0.03
172900	0.03	0.79	0.79	0	0	0.03
173000	0.01	0.79	0.79	0	0	0.01
173100	0	0.8	0.8	0	0	0
173200	0.01	0.8	0.8	0	0	0.01
173300	0	0.8	0.8	0	0	0
173400	0.01	0.8	0.8	0	0	0.01
173500	0.01	0.8	0.8	0	0	0.01
173600	0	0.8	0.8	0	0	0
173700	0.01	0.8	0.8	0	0	0.01
173800	0.01	0.8	0.8	0	0	0.01
173900	0.01	0.8	0.8	0	0	0.01
174000	0.01	0.8	0.8	0	0	0.01
174100	0.02	0.8	0.8	0	0	0.02
174200	0.03	0.8	0.8	0	0	0.03
174300	0.03	0.8	0.8	0	0	0.03
174400	0.02	0.8	0.8	0	0	0.02
174500	0.02	0.8	0.8	0	0	0.02
174600	0.02	0.8	0.8	0	0	0.02
174700	0	0.8	0.8	0	0	0
174800	0.02	0.8	0.8	0	0	0.02
174900	0.02	0.8	0.8	0	0	0.02
175000	0.01	0.8	0.8	0	0	0.01
175100	0.01	0.8	0.8	0	0	0.01
175200	0.01	0.8	0.8	0	0	0.01
175300	0.01	0.8	0.8	0	0	0.01
175400	0	0.8	0.8	0	0	0
175500	0	0.8	0.8	0	0	0
175600	0	0.8	0.8	0	0	0
175700	0.01	0.8	0.8	0	0	0.01
175800	0.01	0.8	0.8	0	0	0.01
175900	0.02	0.8	0.8	0	0	0.02
176000	0.02	0.8	0.8	0	0	0.02
176100	0.02	0.8	0.8	0	0	0.02
176200	0.02	0.8	0.8	0	0	0.02
176300	0.02	0.8	0.8	0	0	0.02
176400	0.02	0.8	0.8	0	0	0.02
176500	0.02	0.8	0.8	0	0	0.02
176600	0.02	0.8	0.8	0	0	0.02
176700	0.02	0.8	0.8	0	0	0.02
176800	0.02	0.8	0.8	0	0	0.02
176900	0.01	0.8	0.8	0	0	0.01
177000	0	0.8	0.8	0	0	0
177100	0.01	0.8	0.8	0	0	0.01
177200	0.01	0.8	0.8	0	0	0.01
177300	0.01	0.8	0.8	0	0	0.01
177400	0.02	0.8	0.8	0	0	0.02
177500	0.02	0.8	0.8	0	0	0.02
177600	0.01	0.8	0.8	0	0	0.01
177700	0.01	0.8	0.8	0	0	0.01
177800	0.01	0.8	0.8	0	0	0.01
177900	0.01	0.8	0.8	0	0	0.01
178000	0.01	0.8	0.8	0	0	0.01
178100	0	0.8	0.8	0	0	0
178200	0	0.8	0.8	0	0	0
178300	0	0.8	0.8	0	0	0
178400	0	0.8	0.8	0	0	0
178500	0	0.8	0.8	0	0	0
178600	0	0.8	0.8	0	0	0
178700	0.01	0.8	0.8	0	0	0.01
178800	0.02	0.8	0.8	0	0	0.02
178900	0.02	0.8	0.8	0	0	0.02
179000	0.03	0.8	0.8	0	0	0.03
179100	0.03	0.8	0.8	0	0	0.03
179200	0.03	0.8	0.8	0	0	0.03
179300	0.01	0.8	0.8	0	0	0.01
179400	0.02	0.8	0.8	0	0	0.02
179500	0.01	0.8	0.8	0	0	0.01
179600	0.01	0.8	0.8	0	0	0.01
179700	0	0.8	0.8	0	0	0
179800	0	0.8	0.8	0	0	0
179900	0	0.8	0.8	0	0	0
180000	0	0.8	0.8	0	0	0
180100	0	0.8	0.8	0	0	0
180200	0	0.8	0.8	0	0	0
180300	0	0.8	0.8	0	0	0
180400	0	0.8	0.8	0	0	0
180500	0	0.8	0.8	0	0	0
180600	0.02	0.8	0.8	0	0	0.02
180700	0.02	0.8	0.8	0	0	0.02
180800	0.02	0.8	0.8	0	0	0.02
180900	0.02	0.8	0.8	0	0	0.02
181000	0.01	0.8	0.8	0	0	0.01
181100	0.01	0.8	0.8	0	0	0.01
181200	0	0.8	0.8	0	0	0
181300	0	0.8	0.8	0	0	0
181400	0	0.8	0.8	0	0	0
181500	0	0.8	0.8	0	0	0
181600	0	0.8	0.8	0	0	0
181700	0	0.8	0.8	0	0	0
181800	0.01	0.8	0.8	0	0	0.01
181900	0.02	0.8	0.8	0	0	0.02
182000	0.02	0.8	0.8	0	0	0.02
182100	0.02	0.8	0.8	0	0	0.02
182200	0.03	0.8	0.8	0	0	0.03
182300	0.02	0.8	0.8	0	0	0.02
182400	0.03	0.8	0.8	0	0	0.03
182500	0.02	0.8	0.8	0	0	0.02
182600	0.02	0.8	0.8	0	0	0.02
182700	0.02	0.8	0.8	0	0	0.02
182800	0.01	0.8	0.8	0	0	0.01
182900	0	0.8	0.8	0	0	0
183000	0	0.8	0.8	0	0	0
183100	0	0.8	0.8	0	0	0
183200	0.02	0.8	0.8	0	0	0.02
183300	0.02	0.8	0.8	0	0	0.02
183400	0.01	0.8	0.8	0	0	0.01
183500	0.02	0.8	0.8	0	0	0.02
183600	0.02	0.8	0.8	0	0	0.02
183700	0.02	0.8	0.8	0	0	0.02
183800	0.02	0.8	0.8	0	0	0.02
183900	0.01	0.8	0.8	0	0	0.01
184000	0.01	0.8	0.8	0	0	0.01
184100	0	0.8	0.8	0	0	0
184200	0	0.8	0.8	0	0	0
184300	0.01	0.8	0.8	0	0	0.01
184400	0.01	0.8	0.8	0	0	0.01
184500	0	0.8	0.8	0	0	0
184600	0	0.8	0.8	0	0	0
184700	0	0.8	0.8	0	0	0
184800	0	0.8	0.8	0	0	0
184900	0.01	0.8	0.8	0	0	0.01
185000	0.01	0.8	0.8	0	0	0.01
185100	0.01	0.8	0.8	0	0	0.01
185200	0.01	0.8	0.8	0	0	0.01
185300	0	0.8	0.8	0	0	0
185400	0.01	0.8	0.8	0	0	0.01
185500	0.01	0.8	0.8	0	0	0.01
185600	0.01	0.8	0.8	0	0	0.01
185700	0.02	0.8	0.8	0	0	0.02
185800	0.01	0.8	0.8	0	0	0.01
185900	0.01	0.8	0.8	0	0	0.01
186000	0	0.8	0.8	0	0	0
186100	0.01	0.8	0.8	0	0	0.01
186200	0.02	0.8	0.8	0	0	0.02
186300	0.02	0.8	0.8	0	0	0.02
186400	0.02	0.8	0.8	0	0	0.02
186500	0.03	0.8	0.8	0	0	0.03
186600	0.03	0.8	0.8	0	0	0.03
186700	0.02	0.8	0.8	0	0	0.02
186800	0.03	0.8	0.8	0	0	0.03
186900	0.03	0.8	0.8	0	0	0.03
187000	0.02	0.8	0.8	0	0	0.02
187100	0.01	0.8	0.8	0	0	0.01
187200	0.02	0.8	0.8	0	0	0.02
187300	0	0.8	0.8	0	0	0
187400	0	0.8	0.8	0	0	0
187500	0	0.8	0.8	0	0	0
187600	0.01	0.8	0.8	0	0	0.01
187700	0.01	0.8	0.8	0	0	0.01
187800	0.01	0.8	0.8	0	0	0.01
187900	0.01	0.8	0.8	0	0	0.01
188000	0.01	0.8	0.8	0	0	0.01
188100	0	0.8	0.8	0	0	0
188200	0	0.8	0.8	0	0	0
188300	0.02	0.8	0.8	0	0	0.02
188400	0.02	0.8	0.8	0	0	0.02
188500	0	0.8	0.8	0	0	0
188600	0.01	0.8	0.8	0	0	0.01
188700	0.01	0.8	0.8	0	0	0.01
188800	0.01	0.8	0.8	0	0	0.01
188900	0.02	0.8	0.8	0	0	0.02
189000	0.03	0.8	0.8	0	0	0.03
189100	0.05	0.8	0.8	0	0	0.05
189200	0.05	0.8	0.8	0	0	0.05
189300	0.04	0.8	0.8	0	0	0.04
189400	0.02	0.8	0.8	0	0	0.02
189500	0.03	0.8	0.8	0	0	0.03
189600	0.03	0.8	0.8	0	0	0.03
189700	0.02	0.8	0.8	0	0	0.02
189800	0.03	0.81	0.81	0	0	0.03
189900	0.03	0.8	0.8	0	0	0.03
190000	0.03	0.8	0.8	0	0	0.03
190100	0.02	0.8	0.8	0	0	0.02
190200	0.03	0.8	0.8	0	0	0.03
190300	0.02	0.8	0.8	0	0	0.02
190400	0.02	0.8	0.8	0	0	0.02
190500	0.03	0.8	0.8	0	0	0.03
190600	0.03	0.8	0.8	0	0	0.03
190700	0.02	0.8	0.8	0	0	0.02
190800	0.01	0.8	0.8	0	0	0.01
190900	0.01	0.8	0.8	0	0	0.01
191000	0.01	0.8	0.8	0	0	0.01
191100	0	0.8	0.8	0	0	0
191200	0	0.8	0.8	0	0	0
191300	0	0.8	0.8	0	0	0
191400	0	0.8	0.8	0	0	0
191500	0	0.8	0.8	0	0	0
191600	0	0.8	0.8	0	0	0
191700	0	0.8	0.8	0	0	0
191800	0	0.8	0.8	0	0	0
191900	0	0.8	0.8	0	0	0
192000	0	0.8	0.8	0	0	0
192100	0	0.8	0.8	0	0	0
192200	0	0.8	0.8	0	0	0
192300	0.01	0.8	0.8	0	0	0.01
192400	0.01	0.8	0.8	0	0	0.01
192500	0.02	0.8	0.8	0	0	0.02
192600	0.02	0.8	0.8	0	0	0.02
192700	0.02	0.8	0.8	0	0	0.02
192800	0.02	0.8	0.8	0	0	0.02
192900	0.01	0.8	0.8	0	0	0.01
193000	0	0.8	0.8	0	0	0
193100	0	0.8	0.8	0	0	0
193200	0	0.8	0.8	0	0	0
193300	0	0.8	0.8	0	0	0
193400	0.02	0.8	0.8	0	0	0.02
193500	0.03	0.8	0.8	0	0	0.03
193600	0.04	0.8	0.8	0	0	0.04
193700	0.03	0.8	0.8	0	0	0.03
193800	0.03	0.8	0.8	0	0	0.03
193900	0.02	0.8	0.8	0	0	0.02
194000	0.02	0.8	0.8	0	0	0.02
194100	0.01	0.8	0.8	0	0	0.01
194200	0	0.8	0.8	0	0	0
194300	0	0.8	0.8	0	0	0
194400	0	0.8	0.8	0	0	0
194500	0.01	0.8	0.8	0	0	0.01
194600	0.01	0.8	0.8	0	0	0.01
194700	0.01	0.8	0.8	0	0	0.01
194800	0.01	0.8	0.8	0	0	0.01
194900	0.01	0.8	0.8	0	0	0.01
195000	0.01	0.8	0.8	0	0	0.01
195100	0	0.8	0.8	0	0	0
195200	0	0.8	0.8	0	0	0
195300	0	0.8	0.8	0	0	0
195400	0	0.8	0.8	0	0	0
195500	0.02	0.8	0.8	0	0	0.02
195600	0.02	0.8	0.8	0	0	0.02
195700	0.01	0.8	0.8	0	0	0.01
195800	0.02	0.8	0.8	0	0	0.02
195900	0.02	0.8	0.8	0	0	0.02
196000	0.01	0.8	0.8	0	0	0.01
196100	0.02	0.8	0.8	0	0	0.02
196200	0.03	0.8	0.8	0	0	0.03
196300	0.03	0.8	0.8	0	0	0.03
196400	0.02	0.8	0.8	0	0	0.02
196500	0.02	0.8	0.8	0	0	0.02
196600	0.01	0.8	0.8	0	0	0.01
196700	0.01	0.79	0.79	0	0	0.01
196800	0.01	0.79	0.79	0	0	0.01
196900	0.01	0.79	0.79	0	0	0.01
197000	0.03	0.79	0.79	0	0	0.03
197100	0.03	0.79	0.79	0	0	0.03
197200	0.02	0.79	0.79	0	0	0.02
197300	0.02	0.79	0.79	0	0	0.02
197400	0.02	0.79	0.79	0	0	0.02
197500	0.02	0.79	0.79	0	0	0.02
197600	0.02	0.79	0.79	0	0	0.02
197700	0.01	0.79	0.79	0	0	0.01
197800	0	0.79	0.79	0	0	0
197900	0.01	0.79	0.79	0	0	0.01
198000	0.01	0.79	0.79	0	0	0.01
198100	0.01	0.79	0.79	0	0	0.01
198200	0.01	0.79	0.79	0	0	0.01
198300	0	0.79	0.79	0	0	0
198400	0	0.79	0.79	0	0	0
198500	0	0.79	0.79	0	0	0
198600	0.01	0.79	0.79	0	0	0.01
198700	0.01	0.79	0.79	0	0	0.01
198800	0.01	0.79	0.79	0	0	0.01
198900	0.01	0.79	0.79	0	0	0.01
199000	0.01	0.79	0.79	0	0	0.01
199100	0.02	0.79	0.79	0	0	0.02
199200	0.02	0.79	0.79	0	0	0.02
199300	0.02	0.79	0.79	0	0	0.02
199400	0.02	0.79	0.79	0	0	0.02
199500	0.01	0.79	0.79	0	0	0.01
199600	0	0.79	0.79	0	0	0
199700	0	0.79	0.79	0	0	0
199800	0	0.79	0.79	0	0	0
199900	0.01	0.79	0.79	0	0	0.01
200000	0.01	0.79	0.79	0	0	0.01
200100	0.01	0.79	0.79	0	0	0.01
200200	0.01	0.79	0.79	0	0	0.01
200300	0.01	0.79	0.79	0	0	0.01
200400	0	0.79	0.79	0	0	0
200500	0	0.79	0.79	0	0	0
200600	0.01	0.79	0.79	0	0	0.01
200700	0.02	0.79	0.79	0	0	0.02
200800	0.02	0.79	0.79	0	0	0.02
200900	0.02	0.79	0.79	0	0	0.02
201000	0.02	0.79	0.79	0	0	0.02
201100	0.03	0.79	0.79	0	0	0.03
201200	0.02	0.79	0.79	0	0	0.02
201300	0.02	0.79	0.79	0	0	0.02
201400	0.03	0.79	0.79	0	0	0.03
201500	0	0.79	0.79	0	0	0
201600	0.01	0.79	0.79	0	0	0.01
201700	0.01	0.79	0.79	0	0	0.01
201800	0.01	0.79	0.79	0	0	0.01
201900	0.02	0.79	0.79	0	0	0.02
202000	0.02	0.79	0.79	0	0	0.02
202100	0.01	0.79	0.79	0	0	0.01
202200	0.01	0.79	0.79	0	0	0.01
202300	0.02	0.79	0.79	0	0	0.02
202400	0.02	0.79	0.79	0	0	0.02
202500	0.01	0.79	0.79	0	0	0.01
202600	0.01	0.8	0.8	0	0	0.01
202700	0.01	0.8	0.8	0	0	0.01
202800	0.01	0.8	0.8	0	0	0.01
202900	0.02	0.79	0.79	0	0	0.02
203000	0.02	0.79	0.79	0	0	0.02
203100	0.01	0.79	0.79	0	0	0.01
203200	0.01	0.79	0.79	0	0	0.01
203300	0.03	0.79	0.79	0	0	0.03
203400	0.03	0.79	0.79	0	0	0.03
203500	0.04	0.79	0.79	0	0	0.04
203600	0.04	0.79	0.79	0	0	0.04
203700	0.04	0.79	0.79	0	0	0.04
203800	0.02	0.79	0.79	0	0	0.02
203900	0.01	0.79	0.79	0	0	0.01
204000	0.01	0.79	0.79	0	0	0.01
204100	0.01	0.79	0.79	0	0	0.01
204200	0.01	0.79	0.79	0	0	0.01
204300	0.02	0.79	0.79	0	0	0.02
204400	0.02	0.79	0.79	0	0	0.02
204500	0.02	0.79	0.79	0	0	0.02
204600	0.02	0.79	0.79	0	0	0.02
204700	0.02	0.79	0.79	0	0	0.02
204800	0.01	0.79	0.79	0	0	0.01
204900	0.03	0.79	0.79	0	0	0.03
205000	0.03	0.79	0.79	0	0	0.03
205100	0.03	0.79	0.79	0	0	0.03
205200	0.03	0.79	0.79	0	0	0.03
205300	0.01	0.79	0.79	0	0	0.01
205400	0	0.79	0.79	0	0	0
205500	0	0.79	0.79	0	0	0
205600	0	0.79	0.79	0	0	0
205700	0	0.79	0.79	0	0	0
205800	0	0.79	0.79	0	0	0
205900	0	0.79	0.79	0	0	0
206000	0.01	0.79	0.79	0	0	0.01
206100	0.01	0.79	0.79	0	0	0.01
206200	0.02	0.79	0.79	0	0	0.02
206300	0.02	0.79	0.79	0	0	0.02
206400	0.02	0.79	0.79	0	0	0.02
206500	0.02	0.79	0.79	0	0	0.02
206600	0.01	0.79	0.79	0	0	0.01
206700	0	0.79	0.79	0	0	0
206800	0.01	0.79	0.79	0	0	0.01
206900	0.01	0.79	0.79	0	0	0.01
207000	0.01	0.8	0.8	0	0	0.01
207100	0	0.8	0.8	0	0	0
207200	0	0.8	0.8	0	0	0
207300	0.01	0.8	0.8	0	0	0.01
207400	0.01	0.8	0.8	0	0	0.01
207500	0.01	0.8	0.8	0	0	0.01
207600	0.01	0.8	0.8	0	0	0.01
207700	0.03	0.8	0.8	0	0	0.03
207800	0.03	0.8	0.8	0	0	0.03
207900	0.03	0.8	0.8	0	0	0.03
208000	0.03	0.8	0.8	0	0	0.03
208100	0.02	0.8	0.8	0	0	0.02
208200	0.02	0.8	0.8	0	0	0.02
208300	0.01	0.8	0.8	0	0	0.01
208400	0.01	0.8	0.8	0	0	0.01
208500	0	0.8	0.8	0	0	0
208600	0	0.8	0.8	0	0	0
208700	0.01	0.8	0.8	0	0	0.01
208800	0.01	0.8	0.8	0	0	0.01
208900	0.01	0.8	0.8	0	0	0.01
209000	0.01	0.8	0.8	0	0	0.01
209100	0.01	0.8	0.8	0	0	0.01
209200	0.01	0.8	0.8	0	0	0.01
209300	0.01	0.8	0.8	0	0	0.01
209400	0.02	0.8	0.8	0	0	0.02
209500	0.02	0.8	0.8	0	0	0.02
209600	0.02	0.8	0.8	0	0	0.02
209700	0.02	0.8	0.8	0	0	0.02
209800	0.01	0.8	0.8	0	0	0.01
209900	0.01	0.8	0.8	0	0	0.01
210000	0	0.8	0.8	0	0	0
210100	0	0.8	0.8	0	0	0
210200	0.01	0.8	0.8	0	0	0.01
210300	0.01	0.8	0.8	0	0	0.01
210400	0.01	0.8	0.8	0	0	0.01
210500	0.01	0.8	0.8	0	0	0.01
210600	0.02	0.8	0.8	0	0	0.02
210700	0.03	0.8	0.8	0	0	0.03
210800	0.02	0.8	0.8	0	0	0.02
210900	0.02	0.8	0.8	0	0	0.02
211000	0.02	0.8	0.8	0	0	0.02
211100	0.03	0.8	0.8	0	0	0.03
211200	0.01	0.8	0.8	0	0	0.01
211300	0.01	0.8	0.8	0	0	0.01
211400	0.01	0.8	0.8	0	0	0.01
211500	0.01	0.8	0.8	0	0	0.01
211600	0	0.8	0.8	0	0	0
211700	0	0.8	0.8	0	0	0
211800	0	0.8	0.8	0	0	0
211900	0.01	0.8	0.8	0	0	0.01
212000	0.01	0.8	0.8	0	0	0.01
212100	0	0.8	0.8	0	0	0
212200	0.01	0.8	0.8	0	0	0.01
212300	0.02	0.8	0.8	0	0	0.02
212400	0.02	0.8	0.8	0	0	0.02
212500	0.01	0.8	0.8	0	0	0.01
212600	0.03	0.8	0.8	0	0	0.03
212700	0.03	0.8	0.8	0	0	0.03
212800	0.02	0.8	0.8	0	0	0.02
212900	0.02	0.8	0.8	0	0	0.02
213000	0.02	0.8	0.8	0	0	0.02
213100	0	0.8	0.8	0	0	0
213200	0	0.8	0.8	0	0	0
213300	0.01	0.8	0.8	0	0	0.01
213400	0.02	0.8	0.8	0	0	0.02
213500	0.02	0.8	0.8	0	0	0.02
213600	0.01	0.8	0.8	0	0	0.01
213700	0.01	0.8	0.8	0	0	0.01
213800	0.02	0.8	0.8	0	0	0.02
213900	0.02	0.8	0.8	0	0	0.02
214000	0.02	0.8	0.8	0	0	0.02
214100	0.02	0.8	0.8	0	0	0.02
214200	0.01	0.8	0.8	0	0	0.01
214300	0.01	0.8	0.8	0	0	0.01
214400	0.02	0.8	0.8	0	0	0.02
214500	0.03	0.8	0.8	0	0	0.03
214600	0.03	0.8	0.8	0	0	0.03
214700	0.04	0.8	0.8	0	0	0.04
214800	0.04	0.8	0.8	0	0	0.04
214900	0.02	0.8	0.8	0	0	0.02
215000	0.02	0.8	0.8	0	0	0.02
215100	0.02	0.8	0.8	0	0	0.02
215200	0	0.8	0.8	0	0	0
215300	0.01	0.8	0.8	0	0	0.01
215400	0.01	0.8	0.8	0	0	0.01
215500	0.01	0.8	0.8	0	0	0.01
215600	0.01	0.8	0.8	0	0	0.01
215700	0.01	0.8	0.8	0	0	0.01
215800	0.02	0.8	0.8	0	0	0.02
215900	0.01	0.8	0.8	0	0	0.01
216000	0.01	0.8	0.8	0	0	0.01
216100	0	0.8	0.8	0	0	0
216200	0	0.8	0.8	0	0	0
216300	0	0.8	0.8	0	0	0
216400	0.02	0.8	0.8	0	0	0.02
216500	0.02	0.8	0.8	0	0	0.02
216600	0.03	0.8	0.8	0	0	0.03
216700	0.04	0.8	0.8	0	0	0.04
216800	0.04	0.8	0.8	0	0	0.04
216900	0.04	0.8	0.8	0	0	0.04
217000	0.05	0.8	0.8	0	0	0.05
217100	0.06	0.8	0.8	0	0	0.06
217200	0.07	0.8	0.8	0	0	0.07
217300	0.07	0.8	0.8	0	0	0.07
217400	0.07	0.8	0.8	0	0	0.07
217500	0.05	0.8	0.8	0	0	0.05
217600	0.03	0.8	0.8	0	0	0.03
217700	0.02	0.8	0.8	0	0	0.02
217800	0.01	0.8	0.8	0	0	0.01
217900	0	0.8	0.8	0	0	0
218000	0	0.8	0.8	0	0	0
218100	0	0.8	0.8	0	0	0
218200	0	0.8	0.8	0	0	0
218300	0	0.8	0.8	0	0	0
218400	0	0.8	0.8	0	0	0
218500	0.02	0.8	0.8	0	0	0.02
218600	0.02	0.8	0.8	0	0	0.02
218700	0.01	0.8	0.8	0	0	0.01
218800	0.02	0.8	0.8	0	0	0.02
218900	0.02	0.8	0.8	0	0	0.02
219000	0.03	0.8	0.8	0	0	0.03
219100	0.01	0.8	0.8	0	0	0.01
219200	0.02	0.8	0.8	0	0	0.02
219300	0	0.8	0.8	0	0	0
219400	0	0.8	0.8	0	0	0
219500	0	0.8	0.8	0	0	0
219600	0	0.8	0.8	0	0	0
219700	0.01	0.8	0.8	0	0	0.01
219800	0.01	0.8	0.8	0	0	0.01
219900	0	0.8	0.8	0	0	0
220000	0	0.8	0.8	0	0	0
220100	0	0.8	0.8	0	0	0
220200	0	0.8	0.8	0	0	0
220300	0	0.8	0.8	0	0	0
220400	0	0.8	0.8	0	0	0
220500	0	0.8	0.8	0	0	0
220600	0	0.8	0.8	0	0	0
220700	0	0.8	0.8	0	0	0
220800	0	0.8	0.8	0	0	0
220900	0	0.8	0.8	0	0	0
221000	0	0.8	0.8	0	0	0
221100	0.01	0.8	0.8	0	0	0.01
221200	0.01	0.8	0.8	0	0	0.01
221300	0.01	0.8	0.8	0	0	0.01
221400	0.02	0.8	0.8	0	0	0.02
221500	0.02	0.8	0.8	0	0	0.02
221600	0.01	0.8	0.8	0	0	0.01
221700	0.01	0.8	0.8	0	0	0.01
221800	0.02	0.8	0.8	0	0	0.02
221900	0.01	0.8	0.8	0	0	0.01
222000	0.01	0.8	0.8	0	0	0.01
222100	0.03	0.8	0.8	0	0	0.03
222200	0.03	0.8	0.8	0	0	0.03
222300	0.01	0.8	0.8	0	0	0.01
222400	0.01	0.8	0.8	0	0	0.01
222500	0.01	0.8	0.8	0	0	0.01
222600	0	0.8	0.8	0	0	0
222700	0.01	0.8	0.8	0	0	0.01
222800	0.02	0.79	0.79	0	0	0.02
222900	0.02	0.79	0.79	0	0	0.02
223000	0.03	0.79	0.79	0	0	0.03
223100	0.02	0.79	0.79	0	0	0.02
223200	0.03	0.79	0.79	0	0	0.03
223300	0.02	0.79	0.79	0	0	0.02
223400	0.02	0.79	0.79	0	0	0.02
223500	0.03	0.79	0.79	0	0	0.03
223600	0.02	0.79	0.79	0	0	0.02
223700	0.02	0.79	0.79	0	0	0.02
223800	0.02	0.79	0.79	0	0	0.02
223900	0.03	0.79	0.79	0	0	0.03
224000	0.03	0.79	0.79	0	0	0.03
224100	0.02	0.79	0.79	0	0	0.02
224200	0.01	0.79	0.79	0	0	0.01
224300	0.01	0.79	0.79	0	0	0.01
224400	0	0.79	0.79	0	0	0
224500	0	0.79	0.79	0	0	0
224600	0	0.79	0.79	0	0	0
224700	0	0.79	0.79	0	0	0
224800	0	0.79	0.79	0	0	0
224900	0	0.79	0.79	0	0	0
225000	0	0.79	0.79	0	0	0
225100	0	0.79	0.79	0	0	0
225200	0.01	0.79	0.79	0	0	0.01
225300	0.01	0.79	0.79	0	0	0.01
225400	0.02	0.79	0.79	0	0	0.02
225500	0.02	0.79	0.79	0	0	0.02
225600	0.01	0.79	0.79	0	0	0.01
225700	0.01	0.79	0.79	0	0	0.01
225800	0.01	0.78	0.78	0	0	0.01
225900	0.01	0.78	0.78	0	0	0.01
226000	0.02	0.78	0.78	0	0	0.02
226100	0.02	0.78	0.78	0	0	0.02
226200	0.02	0.78	0.78	0	0	0.02
226300	0.02	0.78	0.78	0	0	0.02
226400	0.03	0.78	0.78	0	0	0.03
226500	0.02	0.78	0.78	0	0	0.02
226600	0.02	0.78	0.78	0	0	0.02
226700	0	0.78	0.78	0	0	0
226800	0	0.78	0.78	0	0	0
226900	0	0.78	0.78	0	0	0
227000	0	0.78	0.78	0	0	0
227100	0	0.78	0.78	0	0	0
227200	0	0.78	0.78	0	0	0
227300	0	0.78	0.78	0	0	0
227400	0	0.78	0.78	0	0	0
227500	0	0.78	0.78	0	0	0
227600	0	0.78	0.78	0	0	0
227700	0	0.78	0.78	0	0	0
227800	0	0.78	0.78	0	0	0
227900	0	0.78	0.78	0	0	0
228000	0	0.78	0.78	0	0	0
228100	0.01	0.78	0.78	0	0	0.01
228200	0.01	0.78	0.78	0	0	0.01
228300	0.01	0.78	0.78	0	0	0.01
228400	0.01	0.78	0.78	0	0	0.01
228500	0	0.78	0.78	0	0	0
228600	0	0.78	0.78	0	0	0
228700	0	0.78	0.78	0	0	0
228800	0	0.78	0.78	0	0	0
228900	0	0.78	0.78	0	0	0
229000	0	0.78	0.78	0	0	0
229100	0	0.78	0.78	0	0	0
229200	0.01	0.78	0.78	0	0	0.01
229300	0.01	0.78	0.78	0	0	0.01
229400	0.01	0.78	0.78	0	0	0.01
229500	0.01	0.78	0.78	0	0	0.01
229600	0	0.78	0.78	0	0	0
229700	0	0.78	0.78	0	0	0
229800	0.01	0.78	0.78	0	0	0.01
229900	0	0.78	0.78	0	0	0
230000	0	0.78	0.78	0	0	0
230100	0	0.78	0.78	0	0	0
230200	0	0.78	0.78	0	0	0
230300	0	0.78	0.78	0	0	0
230400	0	0.78	0.78	0	0	0
230500	0	0.78	0.78	0	0	0
230600	0	0.78	0.78	0	0	0
230700	0.01	0.78	0.78	0	0	0.01
230800	0.01	0.78	0.78	0	0	0.01
230900	0.01	0.78	0.78	0	0	0.01
231000	0.01	0.78	0.78	0	0	0.01
231100	0	0.78	0.78	0	0	0
231200	0	0.78	0.78	0	0	0
231300	0	0.78	0.78	0	0	0
231400	0.01	0.78	0.78	0	0	0.01
231500	0.01	0.78	0.78	0	0	0.01
231600	0.02	0.78	0.78	0	0	0.02
231700	0	0.78	0.78	0	0	0
231800	0	0.78	0.78	0	0	0
231900	0	0.78	0.78	0	0	0
232000	0	0.78	0.78	0	0	0
232100	0	0.78	0.78	0	0	0
232200	0	0.78	0.78	0	0	0
232300	0.01	0.78	0.78	0	0	0.01
232400	0	0.78	0.78	0	0	0
232500	0.01	0.78	0.78	0	0	0.01
232600	0.01	0.78	0.78	0	0	0.01
232700	0.01	0.78	0.78	0	0	0.01
232800	0.02	0.78	0.78	0	0	0.02
232900	0.03	0.78	0.78	0	0	0.03
233000	0.04	0.77	0.77	0	0	0.04
233100	0.03	0.77	0.77	0	0	0.03
233200	0.02	0.77	0.77	0	0	0.02
233300	0.02	0.77	0.77	0	0	0.02
233400	0.04	0.77	0.77	0	0	0.04
233500	0.03	0.77	0.77	0	0	0.03
233600	0.02	0.77	0.77	0	0	0.02
233700	0.02	0.77	0.77	0	0	0.02
233800	0.01	0.77	0.77	0	0	0.01
233900	0.02	0.77	0.77	0	0	0.02
234000	0.02	0.77	0.77	0	0	0.02
234100	0.01	0.77	0.77	0	0	0.01
234200	0.01	0.77	0.77	0	0	0.01
234300	0.01	0.77	0.77	0	0	0.01
234400	0.01	0.77	0.77	0	0	0.01
234500	0.01	0.77	0.77	0	0	0.01
234600	0.01	0.77	0.77	0	0	0.01
234700	0.01	0.77	0.77	0	0	0.01
234800	0.01	0.77	0.77	0	0	0.01
234900	0.01	0.77	0.77	0	0	0.01
235000	0.01	0.77	0.77	0	0	0.01
235100	0.02	0.77	0.77	0	0	0.02
235200	0.01	0.77	0.77	0	0	0.01
235300	0	0.77	0.77	0	0	0
235400	0	0.77	0.77	0	0	0
235500	0.01	0.78	0.78	0	0	0.01
235600	0.01	0.78	0.78	0	0	0.01
235700	0.02	0.78	0.78	0	0	0.02
235800	0.01	0.78	0.78	0	0	0.01
235900	0.01	0.77	0.77	0	0	0.01
236000	0.01	0.77	0.77	0	0	0.01
236100	0.01	0.77	0.77	0	0	0.01
236200	0.02	0.77	0.77	0	0	0.02
236300	0.02	0.78	0.78	0	0	0.02
236400	0.02	0.78	0.78	0	0	0.02
236500	0.02	0.78	0.78	0	0	0.02
236600	0.01	0.78	0.78	0	0	0.01
236700	0.02	0.78	0.78	0	0	0.02
236800	0.02	0.78	0.78	0	0	0.02
236900	0.02	0.78	0.78	0	0	0.02
237000	0.02	0.78	0.78	0	0	0.02
237100	0.03	0.78	0.78	0	0	0.03
237200	0.02	0.78	0.78	0	0	0.02
237300	0.02	0.78	0.78	0	0	0.02
237400	0.01	0.78	0.78	0	0	0.01
237500	0.01	0.78	0.78	0	0	0.01
237600	0	0.78	0.78	0	0	0
237700	0	0.78	0.78	0	0	0
237800	0.03	0.78	0.78	0	0	0.03
237900	0.04	0.78	0.78	0	0	0.04
238000	0.04	0.78	0.78	0	0	0.04
238100	0.03	0.78	0.78	0	0	0.03
238200	0.03	0.78	0.78	0	0	0.03
238300	0.02	0.78	0.78	0	0	0.02
238400	0.01	0.78	0.78	0	0	0.01
238500	0	0.78	0.78	0	0	0
238600	0	0.78	0.78	0	0	0
238700	0	0.78	0.78	0	0	0
238800	0.01	0.78	0.78	0	0	0.01
238900	0.01	0.78	0.78	0	0	0.01
239000	0	0.78	0.78	0	0	0
239100	0	0.78	0.78	0	0	0
239200	0	0.78	0.78	0	0	0
239300	0	0.78	0.78	0	0	0
239400	0.03	0.78	0.78	0	0	0.03
239500	0.03	0.78	0.78	0	0	0.03
239600	0.02	0.78	0.78	0	0	0.02
239700	0.02	0.78	0.78	0	0	0.02
239800	0.01	0.78	0.78	0	0	0.01
239900	0	0.78	0.78	0	0	0
240000	0	0.78	0.78	0	0	0
240100	0	0.78	0.78	0	0	0
240200	0	0.78	0.78	0	0	0
240300	0	0.78	0.78	0	0	0
240400	0	0.78	0.78	0	0	0
240500	0	0.78	0.78	0	0	0
240600	0	0.78	0.78	0	0	0
240700	0	0.78	0.78	0	0	0
240800	0.01	0.78	0.78	0	0	0.01
240900	0.01	0.78	0.78	0	0	0.01
241000	0.01	0.78	0.78	0	0	0.01
241100	0.02	0.78	0.78	0	0	0.02
241200	0.03	0.78	0.78	0	0	0.03
241300	0.03	0.78	0.78	0	0	0.03
241400	0.02	0.78	0.78	0	0	0.02
241500	0.03	0.78	0.78	0	0	0.03
241600	0.03	0.78	0.78	0	0	0.03
241700	0.03	0.78	0.78	0	0	0.03
241800	0.03	0.78	0.78	0	0	0.03
241900	0.02	0.78	0.78	0	0	0.02
242000	0	0.78	0.78	0	0	0
242100	0	0.78	0.78	0	0	0
242200	0.01	0.78	0.78	0	0	0.01
242300	0.01	0.78	0.78	0	0	0.01
242400	0.01	0.78	0.78	0	0	0.01
242500	0.01	0.78	0.78	0	0	0.01
242600	0.01	0.78	0.78	0	0	0.01
242700	0.01	0.78	0.78	0	0	0.01
242800	0.01	0.78	0.78	0	0	0.01
242900	0.01	0.78	0.78	0	0	0.01
243000	0.01	0.78	0.78	0	0	0.01
243100	0	0.78	0.78	0	0	0
243200	0	0.78	0.78	0	0	0
243300	0	0.78	0.78	0	0	0
243400	0	0.78	0.78	0	0	0
243500	0	0.78	0.78	0	0	0
243600	0	0.78	0.78	0	0	0
243700	0.01	0.78	0.78	0	0	0.01
243800	0.01	0.78	0.78	0	0	0.01
243900	0.01	0.78	0.78	0	0	0.01
244000	0.01	0.78	0.78	0	0	0.01
244100	0.01	0.78	0.78	0	0	0.01
244200	0	0.78	0.78	0	0	0
244300	0	0.78	0.78	0	0	0
244400	0.03	0.78	0.78	0	0	0.03
244500	0.03	0.78	0.78	0	0	0.03
244600	0.02	0.78	0.78	0	0	0.02
244700	0.02	0.78	0.78	0	0	0.02
244800	0.02	0.78	0.78	0	0	0.02
244900	0.02	0.78	0.78	0	0	0.02
245000	0	0.78	0.78	0	0	0
245100	0.01	0.78	0.78	0	0	0.01
245200	0.01	0.78	0.78	0	0	0.01
245300	0.01	0.78	0.78	0	0	0.01
245400	0.01	0.78	0.78	0	0	0.01
245500	0.01	0.78	0.78	0	0	0.01
245600	0.01	0.78	0.78	0	0	0.01
245700	0	0.78	0.78	0	0	0
245800	0.01	0.78	0.78	0	0	0.01
245900	0.01	0.78	0.78	0	0	0.01
246000	0.01	0.78	0.78	0	0	0.01
246100	0.02	0.78	0.78	0	0	0.02
246200	0.01	0.78	0.78	0	0	0.01
246300	0.01	0.78	0.78	0	0	0.01
246400	0.01	0.78	0.78	0	0	0.01
246500	0.01	0.77	0.77	0	0	0.01
246600	0.01	0.77	0.77	0	0	0.01
246700	0.02	0.77	0.77	0	0	0.02
246800	0.02	0.77	0.77	0	0	0.02
246900	0.02	0.77	0.77	0	0	0.02
247000	0.02	0.77	0.77	0	0	0.02
247100	0.02	0.77	0.77	0	0	0.02
247200	0.02	0.78	0.78	0	0	0.02
247300	0.01	0.78	0.78	0	0	0.01
247400	0	0.78	0.78	0	0	0
247500	0	0.78	0.78	0	0	0
247600	0	0.78	0.78	0	0	0
247700	0	0.78	0.78	0	0	0
247800	0	0.79	0.79	0	0	0
247900	0	0.79	0.79	0	0	0
248000	0	0.79	0.79	0	0	0
248100	0	0.79	0.79	0	0	0
248200	0	0.79	0.79	0	0	0
248300	0.01	0.79	0.79	0	0	0.01
248400	0.01	0.79	0.79	0	0	0.01
248500	0.01	0.79	0.79	0	0	0.01
248600	0.02	0.79	0.79	0	0	0.02
248700	0.01	0.79	0.79	0	0	0.01
248800	0.01	0.79	0.79	0	0	0.01
248900	0.01	0.79	0.79	0	0	0.01
249000	0.01	0.79	0.79	0	0	0.01
249100	0.01	0.79	0.79	0	0	0.01
249200	0	0.79	0.79	0	0	0
249300	0.01	0.79	0.79	0	0	0.01
249400	0.02	0.79	0.79	0	0	0.02
249500	0.02	0.79	0.79	0	0	0.02
249600	0.03	0.79	0.79	0	0	0.03
249700	0.04	0.79	0.79	0	0	0.04
249800	0.02	0.79	0.79	0	0	0.02
249900	0.03	0.79	0.79	0	0	0.03
250000	0.04	0.79	0.79	0	0	0.04
250100	0.03	0.79	0.79	0	0	0.03
250200	0.02	0.79	0.79	0	0	0.02
250300	0	0.79	0.79	0	0	0
250400	0.01	0.79	0.79	0	0	0.01
250500	0.02	0.79	0.79	0	0	0.02
250600	0.01	0.79	0.79	0	0	0.01
250700	0.01	0.79	0.79	0	0	0.01
250800	0.01	0.79	0.79	0	0	0.01
250900	0.01	0.79	0.79	0	0	0.01
251000	0	0.79	0.79	0	0	0
251100	0	0.79	0.79	0	0	0
251200	0	0.79	0.79	0	0	0
251300	0	0.79	0.79	0	0	0
251400	0	0.79	0.79	0	0	0
251500	0	0.79	0.79	0	0	0
251600	0	0.79	0.79	0	0	0
251700	0	0.79	0.79	0	0	0
251800	0.01	0.79	0.79	0	0	0.01
251900	0.01	0.79	0.79	0	0	0.01
252000	0.01	0.79	0.79	0	0	0.01
252100	0.01	0.79	0.79	0	0	0.01
252200	0.01	0.79	0.79	0	0	0.01
252300	0	0.79	0.79	0	0	0
252400	0.01	0.79	0.79	0	0	0.01
252500	0.01	0.79	0.79	0	0	0.01
252600	0.01	0.79	0.79	0	0	0.01
252700	0.03	0.79	0.79	0	0	0.03
252800	0.02	0.79	0.79	0	0	0.02
252900	0	0.79	0.79	0	0	0
253000	0.01	0.79	0.79	0	0	0.01
253100	0.01	0.79	0.79	0	0	0.01
253200	0.02	0.79	0.79	0	0	0.02
253300	0.02	0.79	0.79	0	0	0.02
253400	0.04	0.79	0.79	0	0	0.04
253500	0.03	0.79	0.79	0	0	0.03
253600	0.02	0.79	0.79	0	0	0.02
253700	0.01	0.79	0.79	0	0	0.01
253800	0	0.79	0.79	0	0	0
253900	0	0.79	0.79	0	0	0
254000	0	0.79	0.79	0	0	0
254100	0	0.79	0.79	0	0	0
254200	0	0.79	0.79	0	0	0
254300	0	0.79	0.79	0	0	0
254400	0	0.79	0.79	0	0	0
254500	0	0.79	0.79	0	0	0
254600	0	0.79	0.79	0	0	0
254700	0	0.79	0.79	0	0	0
254800	0	0.79	0.79	0	0	0
254900	0	0.79	0.79	0	0	0
255000	0	0.79	0.79	0	0	0
255100	0	0.79	0.79	0	0	0
255200	0	0.79	0.79	0	0	0
255300	0	0.79	0.79	0	0	0
255400	0	0.79	0.79	0	0	0
255500	0	0.79	0.79	0	0	0
255600	0.01	0.79	0.79	0	0	0.01
255700	0.01	0.79	0.79	0	0	0.01
255800	0.01	0.79	0.79	0	0	0.01
255900	0	0.79	0.79	0	0	0
256000	0.01	0.79	0.79	0	0	0.01
256100	0.01	0.79	0.79	0	0	0.01
256200	0.01	0.79	0.79	0	0	0.01
256300	0.01	0.79	0.79	0	0	0.01
256400	0	0.79	0.79	0	0	0
256500	0	0.79	0.79	0	0	0
256600	0	0.79	0.79	0	0	0
256700	0	0.79	0.79	0	0	0
256800	0	0.79	0.79	0	0	0
256900	0.01	0.79	0.79	0	0	0.01
257000	0.01	0.79	0.79	0	0	0.01
257100	0.02	0.79	0.79	0	0	0.02
257200	0.02	0.79	0.79	0	0	0.02
257300	0.02	0.79	0.79	0	0	0.02
257400	0.01	0.79	0.79	0	0	0.01
257500	0.01	0.79	0.79	0	0	0.01
257600	0.02	0.79	0.79	0	0	0.02
257700	0.01	0.79	0.79	0	0	0.01
257800	0.01	0.79	0.79	0	0	0.01
257900	0.01	0.79	0.79	0	0	0.01
258000	0.02	0.79	0.79	0	0	0.02
258100	0.02	0.8	0.8	0	0	0.02
258200	0.01	0.79	0.79	0	0	0.01
258300	0.02	0.79	0.79	0	0	0.02
258400	0.03	0.79	0.79	0	0	0.03
258500	0.04	0.79	0.79	0	0	0.04
258600	0.05	0.79	0.79	0	0	0.05
258700	0.03	0.79	0.79	0	0	0.03
258800	0.03	0.79	0.79	0	0	0.03
258900	0.02	0.79	0.79	0	0	0.02
259000	0.02	0.79	0.79	0	0	0.02
259100	0.02	0.79	0.79	0	0	0.02
259200	0.02	0.79	0.79	0	0	0.02
259300	0	0.79	0.79	0	0	0
259400	0	0.79	0.79	0	0	0
259500	0	0.79	0.79	0	0	0
259600	0	0.79	0.79	0	0	0
259700	0.01	0.79	0.79	0	0	0.01
259800	0.02	0.79	0.79	0	0	0.02
259900	0.02	0.79	0.79	0	0	0.02
260000	0.02	0.79	0.79	0	0	0.02
260100	0.03	0.79	0.79	0	0	0.03
260200	0.03	0.79	0.79	0	0	0.03
260300	0.02	0.79	0.79	0	0	0.02
260400	0.02	0.79	0.79	0	0	0.02
260500	0.01	0.79	0.79	0	0	0.01
260600	0	0.79	0.79	0	0	0
260700	0	0.79	0.79	0	0	0
260800	0.01	0.79	0.79	0	0	0.01
260900	0.01	0.79	0.79	0	0	0.01
261000	0.01	0.79	0.79	0	0	0.01
261100	0	0.79	0.79	0	0	0
261200	0	0.79	0.79	0	0	0
261300	0	0.79	0.79	0	0	0
261400	0.01	0.79	0.79	0	0	0.01
261500	0.01	0.79	0.79	0	0	0.01
261600	0.01	0.79	0.79	0	0	0.01
261700	0.02	0.79	0.79	0	0	0.02
261800	0.04	0.79	0.79	0	0	0.04
261900	0.05	0.79	0.79	0	0	0.05
262000	0.03	0.79	0.79	0	0	0.03
262100	0.02	0.79	0.79	0	0	0.02
262200	0.02	0.79	0.79	0	0	0.02
262300	0.02	0.79	0.79	0	0	0.02
262400	0.01	0.79	0.79	0	0	0.01
262500	0.01	0.79	0.79	0	0	0.01
262600	0.01	0.79	0.79	0	0	0.01
262700	0.01	0.79	0.79	0	0	0.01
262800	0.01	0.79	0.79	0	0	0.01
262900	0.01	0.79	0.79	0	0	0.01
263000	0.01	0.79	0.79	0	0	0.01
263100	0	0.79	0.79	0	0	0
263200	0	0.79	0.79	0	0	0
263300	0.01	0.79	0.79	0	0	0.01
263400	0.01	0.79	0.79	0	0	0.01
263500	0.01	0.79	0.79	0	0	0.01
263600	0.01	0.79	0.79	0	0	0.01
263700	0.02	0.79	0.79	0	0	0.02
263800	0.02	0.79	0.79	0	0	0.02
263900	0.02	0.79	0.79	0	0	0.02
264000	0.01	0.79	0.79	0	0	0.01
264100	0.01	0.79	0.79	0	0	0.01
264200	0	0.79	0.79	0	0	0
264300	0	0.79	0.79	0	0	0
264400	0.01	0.79	0.79	0	0	0.01
264500	0.01	0.79	0.79	0	0	0.01
264600	0.02	0.79	0.79	0	0	0.02
264700	0.02	0.79	0.79	0	0	0.02
264800	0.03	0.79	0.79	0	0	0.03
264900	0.04	0.79	0.79	0	0	0.04
265000	0.03	0.79	0.79	0	0	0.03
265100	0.03	0.79	0.79	0	0	0.03
265200	0.01	0.79	0.79	0	0	0.01
265300	0	0.79	0.79	0	0	0
265400	0	0.79	0.79	0	0	0
265500	0	0.79	0.79	0	0	0
265600	0	0.79	0.79	0	0	0
265700	0	0.79	0.79	0	0	0
265800	0	0.79	0.79	0	0	0
265900	0	0.79	0.79	0	0	0
266000	0.01	0.79	0.79	0	0	0.01
266100	0.01	0.79	0.79	0	0	0.01
266200	0.01	0.79	0.79	0	0	0.01
266300	0.01	0.79	0.79	0	0	0.01
266400	0.01	0.79	0.79	0	0	0.01
266500	0.02	0.79	0.79	0	0	0.02
266600	0.01	0.79	0.79	0	0	0.01
266700	0	0.79	0.79	0	0	0
266800	0	0.79	0.79	0	0	0
266900	0	0.79	0.79	0	0	0
267000	0	0.79	0.79	0	0	0
267100	0	0.79	0.79	0	0	0
267200	0.01	0.79	0.79	0	0	0.01
267300	0.01	0.79	0.79	0	0	0.01
267400	0.01	0.79	0.79	0	0	0.01
267500	0.02	0.79	0.79	0	0	0.02
267600	0.02	0.79	0.79	0	0	0.02
267700	0.02	0.79	0.79	0	0	0.02
267800	0.01	0.79	0.79	0	0	0.01
267900	0.01	0.79	0.79	0	0	0.01
268000	0.01	0.79	0.79	0	0	0.01
268100	0.01	0.79	0.79	0	0	0.01
268200	0.01	0.78	0.78	0	0	0.01
268300	0.01	0.78	0.78	0	0	0.01
268400	0.01	0.78	0.78	0	0	0.01
268500	0.01	0.78	0.78	0	0	0.01
268600	0.01	0.78	0.78	0	0	0.01
268700	0.01	0.78	0.78	0	0	0.01
268800	0.01	0.78	0.78	0	0	0.01
268900	0.01	0.78	0.78	0	0	0.01
269000	0.01	0.78	0.78	0	0	0.01
269100	0.01	0.78	0.78	0	0	0.01
269200	0	0.78	0.78	0	0	0
269300	0	0.78	0.78	0	0	0
269400	0	0.78	0.78	0	0	0
269500	0	0.78	0.78	0	0	0
269600	0.01	0.78	0.78	0	0	0.01
269700	0.01	0.78	0.78	0	0	0.01
269800	0.02	0.78	0.78	0	0	0.02
269900	0.02	0.78	0.78	0	0	0.02
270000	0.02	0.78	0.78	0	0	0.02
270100	0.01	0.78	0.78	0	0	0.01
270200	0.01	0.78	0.78	0	0	0.01
270300	0.01	0.78	0.78	0	0	0.01
270400	0	0.78	0.78	0	0	0
270500	0	0.78	0.78	0	0	0
270600	0	0.78	0.78	0	0	0
270700	0	0.78	0.78	0	0	0
270800	0	0.78	0.78	0	0	0
270900	0	0.78	0.78	0	0	0
271000	0.01	0.78	0.78	0	0	0.01
271100	0.01	0.78	0.78	0	0	0.01
271200	0.01	0.78	0.78	0	0	0.01
271300	0.01	0.78	0.78	0	0	0.01
271400	0	0.78	0.78	0	0	0
271500	0	0.78	0.78	0	0	0
271600	0	0.78	0.78	0	0	0
271700	0	0.78	0.78	0	0	0
271800	0	0.78	0.78	0	0	0
271900	0	0.78	0.78	0	0	0
272000	0	0.78	0.78	0	0	0
272100	0	0.78	0.78	0	0	0
272200	0	0.78	0.78	0	0	0
272300	0	0.78	0.78	0	0	0
272400	0	0.78	0.78	0	0	0
272500	0.01	0.78	0.78	0	0	0.01
272600	0.02	0.78	0.78	0	0	0.02
272700	0.02	0.78	0.78	0	0	0.02
272800	0.03	0.78	0.78	0	0	0.03
272900	0.03	0.78	0.78	0	0	0.03
273000	0.04	0.78	0.78	0	0	0.04
273100	0.04	0.78	0.78	0	0	0.04
273200	0.04	0.78	0.78	0	0	0.04
273300	0.04	0.78	0.78	0	0	0.04
273400	0.02	0.78	0.78	0	0	0.02
273500	0	0.78	0.78	0	0	0
273600	0	0.78	0.78	0	0	0
273700	0.01	0.78	0.78	0	0	0.01
273800	0.01	0.78	0.78	0	0	0.01
273900	0.01	0.78	0.78	0	0	0.01
274000	0.01	0.78	0.78	0	0	0.01
274100	0.01	0.78	0.78	0	0	0.01
274200	0	0.79	0.79	0	0	0
274300	0	0.79	0.79	0	0	0
274400	0.01	0.79	0.79	0	0	0.01
274500	0.01	0.78	0.78	0	0	0.01
274600	0.02	0.78	0.78	0	0	0.02
274700	0.02	0.78	0.78	0	0	0.02
274800	0.02	0.78	0.78	0	0	0.02
274900	0.02	0.78	0.78	0	0	0.02
275000	0.02	0.78	0.78	0	0	0.02
275100	0.02	0.78	0.78	0	0	0.02
275200	0.01	0.78	0.78	0	0	0.01
275300	0.01	0.78	0.78	0	0	0.01
275400	0	0.78	0.78	0	0	0
275500	0	0.78	0.78	0	0	0
275600	0	0.78	0.78	0	0	0
275700	0	0.78	0.78	0	0	0
275800	0	0.78	0.78	0	0	0
275900	0	0.78	0.78	0	0	0
276000	0	0.78	0.78	0	0	0
276100	0.01	0.78	0.78	0	0	0.01
276200	0.02	0.78	0.78	0	0	0.02
276300	0.03	0.78	0.78	0	0	0.03
276400	0.04	0.78	0.78	0	0	0.04
276500	0.04	0.78	0.78	0	0	0.04
276600	0.04	0.78	0.78	0	0	0.04
276700	0.03	0.78	0.78	0	0	0.03
276800	0.01	0.78	0.78	0	0	0.01
276900	0	0.78	0.78	0	0	0
277000	0	0.78	0.78	0	0	0
277100	0	0.78	0.78	0	0	0
277200	0	0.78	0.78	0	0	0
277300	0	0.78	0.78	0	0	0
277400	0	0.78	0.78	0	0	0
277500	0.01	0.78	0.78	0	0	0.01
277600	0.01	0.78	0.78	0	0	0.01
277700	0	0.78	0.78	0	0	0
277800	0	0.78	0.78	0	0	0
277900	0.01	0.78	0.78	0	0	0.01
278000	0.01	0.78	0.78	0	0	0.01
278100	0.01	0.78	0.78	0	0	0.01
278200	0.01	0.78	0.78	0	0	0.01
278300	0.01	0.78	0.78	0	0	0.01
278400	0.02	0.78	0.78	0	0	0.02
278500	0.02	0.78	0.78	0	0	0.02
278600	0.02	0.78	0.78	0	0	0.02
278700	0.01	0.78	0.78	0	0	0.01
278800	0.01	0.79	0.79	0	0	0.01
278900	0.01	0.78	0.78	0	0	0.01
279000	0	0.78	0.78	0	0	0
279100	0	0.78	0.78	0	0	0
279200	0.02	0.78	0.78	0	0	0.02
279300	0.02	0.78	0.78	0	0	0.02
279400	0.02	0.78	0.78	0	0	0.02
279500	0.03	0.78	0.78	0	0	0.03
279600	0.03	0.78	0.78	0	0	0.03
279700	0.02	0.78	0.78	0	0	0.02
279800	0.01	0.78	0.78	0	0	0.01
279900	0	0.78	0.78	0	0	0
280000	0	0.78	0.78	0	0	0
280100	0.01	0.78	0.78	0	0	0.01
280200	0.01	0.78	0.78	0	0	0.01
280300	0.01	0.78	0.78	0	0	0.01
280400	0.01	0.78	0.78	0	0	0.01
280500	0.01	0.78	0.78	0	0	0.01
280600	0.01	0.78	0.78	0	0	0.01
280700	0	0.78	0.78	0	0	0
280800	0	0.78	0.78	0	0	0
280900	0	0.78	0.78	0	0	0
281000	0.01	0.78	0.78	0	0	0.01
281100	0.01	0.79	0.79	0	0	0.01
281200	0.01	0.79	0.79	0	0	0.01
281300	0.01	0.79	0.79	0	0	0.01
281400	0.01	0.79	0.79	0	0	0.01
281500	0.01	0.79	0.79	0	0	0.01
281600	0	0.79	0.79	0	0	0
281700	0	0.79	0.79	0	0	0
281800	0	0.79	0.79	0	0	0
281900	0.01	0.79	0.79	0	0	0.01
282000	0.01	0.79	0.79	0	0	0.01
282100	0.02	0.79	0.79	0	0	0.02
282200	0.03	0.78	0.78	0	0	0.03
282300	0.03	0.78	0.78	0	0	0.03
282400	0.03	0.78	0.78	0	0	0.03
282500	0.03	0.78	0.78	0	0	0.03
282600	0.03	0.78	0.78	0	0	0.03
282700	0.01	0.78	0.78	0	0	0.01
282800	0.01	0.78	0.78	0	0	0.01
282900	0.01	0.78	0.78	0	0	0.01
283000	0.01	0.78	0.78	0	0	0.01
283100	0.01	0.78	0.78	0	0	0.01
283200	0	0.78	0.78	0	0	0
283300	0.01	0.78	0.78	0	0	0.01
283400	0.02	0.78	0.78	0	0	0.02
283500	0.02	0.78	0.78	0	0	0.02
283600	0.02	0.78	0.78	0	0	0.02
283700	0.02	0.78	0.78	0	0	0.02
283800	0	0.79	0.79	0	0	0
283900	0	0.79	0.79	0	0	0
284000	0	0.79	0.79	0	0	0
284100	0.01	0.78	0.78	0	0	0.01
284200	0.01	0.78	0.78	0	0	0.01
284300	0	0.78	0.78	0	0	0
284400	0	0.78	0.78	0	0	0
284500	0	0.78	0.78	0	0	0
284600	0	0.78	0.78	0	0	0
284700	0	0.78	0.78	0	0	0
284800	0	0.78	0.78	0	0	0
284900	0	0.78	0.78	0	0	0
285000	0.01	0.78	0.78	0	0	0.01
285100	0.01	0.78	0.78	0	0	0.01
285200	0.01	0.78	0.78	0	0	0.01
285300	0.01	0.78	0.78	0	0	0.01
285400	0.01	0.78	0.78	0	0	0.01
285500	0.01	0.78	0.78	0	0	0.01
285600	0	0.78	0.78	0	0	0
285700	0	0.78	0.78	0	0	0
285800	0	0.78	0.78	0	0	0
285900	0	0.78	0.78	0	0	0
286000	0	0.78	0.78	0	0	0
286100	0	0.78	0.78	0	0	0
286200	0	0.78	0.78	0	0	0
286300	0	0.78	0.78	0	0	0
286400	0	0.78	0.78	0	0	0
286500	0	0.78	0.78	0	0	0
286600	0	0.78	0.78	0	0	0
286700	0.01	0.78	0.78	0	0	0.01
286800	0.01	0.78	0.78	0	0	0.01
286900	0.01	0.78	0.78	0	0	0.01
287000	0.01	0.78	0.78	0	0	0.01
287100	0.01	0.78	0.78	0	0	0.01
287200	0.01	0.78	0.78	0	0	0.01
287300	0	0.78	0.78	0	0	0
287400	0	0.78	0.78	0	0	0
287500	0	0.78	0.78	0	0	0
287600	0	0.78	0.78	0	0	0
287700	0	0.79	0.79	0	0	0
287800	0.01	0.79	0.79	0	0	0.01
287900	0.01	0.79	0.79	0	0	0.01
288000	0.01	0.79	0.79	0	0	0.01
288100	0.01	0.79	0.79	0	0	0.01
288200	0.01	0.79	0.79	0	0	0.01
288300	0	0.79	0.79	0	0	0
288400	0	0.79	0.79	0	0	0
288500	0	0.79	0.79	0	0	0
288600	0.01	0.79	0.79	0	0	0.01
288700	0.01	0.79	0.79	0	0	0.01
288800	0	0.79	0.79	0	0	0
288900	0	0.79	0.79	0	0	0
289000	0	0.79	0.79	0	0	0
289100	0	0.79	0.79	0	0	0
289200	0	0.79	0.79	0	0	0
289300	0	0.79	0.79	0	0	0
289400	0.01	0.79	0.79	0	0	0.01
289500	0.01	0.79	0.79	0	0	0.01
289600	0.02	0.79	0.79	0	0	0.02
289700	0.03	0.79	0.79	0	0	0.03
289800	0.03	0.79	0.79	0	0	0.03
289900	0.01	0.79	0.79	0	0	0.01
290000	0.01	0.79	0.79	0	0	0.01
290100	0.01	0.78	0.78	0	0	0.01
290200	0.01	0.78	0.78	0	0	0.01
290300	0.01	0.78	0.78	0	0	0.01
290400	0.01	0.78	0.78	0	0	0.01
290500	0.01	0.78	0.78	0	0	0.01
290600	0.02	0.78	0.78	0	0	0.02
290700	0.01	0.78	0.78	0	0	0.01
290800	0.01	0.78	0.78	0	0	0.01
290900	0.01	0.78	0.78	0	0	0.01
291000	0	0.78	0.78	0	0	0
291100	0	0.78	0.78	0	0	0
291200	0	0.78	0.78	0	0	0
291300	0	0.78	0.78	0	0	0
291400	0	0.78	0.78	0	0	0
291500	0	0.78	0.78	0	0	0
291600	0	0.78	0.78	0	0	0
291700	0	0.78	0.78	0	0	0
291800	0	0.78	0.78	0	0	0
291900	0	0.78	0.78	0	0	0
292000	0	0.78	0.78	0	0	0
292100	0	0.78	0.78	0	0	0
292200	0	0.78	0.78	0	0	0
292300	0	0.78	0.78	0	0	0
292400	0	0.79	0.79	0	0	0
292500	0.01	0.79	0.79	0	0	0.01
292600	0.01	0.79	0.79	0	0	0.01
292700	0.01	0.79	0.79	0	0	0.01
292800	0.02	0.79	0.79	0	0	0.02
292900	0.03	0.79	0.79	0	0	0.03
293000	0	0.79	0.79	0	0	0
293100	0.01	0.79	0.79	0	0	0.01
293200	0.02	0.79	0.79	0	0	0.02
293300	0.03	0.79	0.79	0	0	0.03
293400	0.02	0.79	0.79	0	0	0.02
293500	0.02	0.79	0.79	0	0	0.02
293600	0.02	0.79	0.79	0	0	0.02
293700	0.01	0.79	0.79	0	0	0.01
293800	0.01	0.79	0.79	0	0	0.01
293900	0.02	0.79	0.79	0	0	0.02
294000	0.02	0.79	0.79	0	0	0.02
294100	0.01	0.79	0.79	0	0	0.01
294200	0.01	0.79	0.79	0	0	0.01
294300	0.02	0.79	0.79	0	0	0.02
294400	0.02	0.79	0.79	0	0	0.02
294500	0.01	0.79	0.79	0	0	0.01
294600	0.03	0.79	0.79	0	0	0.03
294700	0.04	0.79	0.79	0	0	0.04
294800	0.04	0.79	0.79	0	0	0.04
294900	0.01	0.79	0.79	0	0	0.01
295000	0.01	0.79	0.79	0	0	0.01
295100	0.03	0.79	0.79	0	0	0.03
295200	0.02	0.79	0.79	0	0	0.02
295300	0.02	0.79	0.79	0	0	0.02
295400	0.03	0.79	0.79	0	0	0.03
295500	0.03	0.79	0.79	0	0	0.03
295600	0.01	0.79	0.79	0	0	0.01
295700	0	0.79	0.79	0	0	0
295800	0	0.79	0.79	0	0	0
295900	0	0.79	0.79	0	0	0
296000	0.01	0.79	0.79	0	0	0.01
296100	0.01	0.79	0.79	0	0	0.01
296200	0.01	0.79	0.79	0	0	0.01
296300	0.02	0.79	0.79	0	0	0.02
296400	0.01	0.79	0.79	0	0	0.01
296500	0.01	0.79	0.79	0	0	0.01
296600	0.01	0.79	0.79	0	0	0.01
296700	0.01	0.79	0.79	0	0	0.01
296800	0.01	0.79	0.79	0	0	0.01
296900	0	0.79	0.79	0	0	0
297000	0.01	0.79	0.79	0	0	0.01
297100	0	0.79	0.79	0	0	0
297200	0	0.79	0.79	0	0	0
297300	0	0.79	0.79	0	0	0
297400	0	0.79	0.79	0	0	0
297500	0.01	0.79	0.79	0	0	0.01
297600	0.01	0.79	0.79	0	0	0.01
297700	0.01	0.79	0.79	0	0	0.01
297800	0.01	0.79	0.79	0	0	0.01
297900	0.01	0.79	0.79	0	0	0.01
298000	0.01	0.79	0.79	0	0	0.01
298100	0.01	0.79	0.79	0	0	0.01
298200	0.01	0.79	0.79	0	0	0.01
298300	0.01	0.79	0.79	0	0	0.01
298400	0.01	0.79	0.79	0	0	0.01
298500	0.01	0.79	0.79	0	0	0.01
298600	0	0.79	0.79	0	0	0
298700	0	0.79	0.79	0	0	0
298800	0	0.79	0.79	0	0	0
298900	0	0.79	0.79	0	0	0
299000	0	0.79	0.79	0	0	0
299100	0	0.79	0.79	0	0	0
299200	0	0.79	0.79	0	0	0
299300	0	0.79	0.79	0	0	0
299400	0	0.79	0.79	0	0	0
299500	0	0.79	0.79	0	0	0
299600	0.01	0.79	0.79	0	0	0.01
299700	0.01	0.79	0.79	0	0	0.01
299800	0.01	0.79	0.79	0	0	0.01
299900	0	0.79	0.79	0	0	0
300000	0.02	0.79	0.79	0	0	0.02
