100	0.06	0.06	0.06	0	0	0.06
200	0.05	0.06	0.06	0	0	0.05
300	0.05	0.07	0.07	0	0	0.05
400	0.06	0.07	0.07	0	0	0.06
500	0.02	0.06	0.06	0	0	0.02
600	0.02	0.06	0.06	0	0	0.02
700	0.01	0.07	0.07	0	0	0.01
800	0	0.07	0.07	0	0	0
900	0	0.07	0.07	0	0	0
1000	0.02	0.05	0.05	0	0	0.02
1100	0.03	0.03	0.03	0	0	0.03
1200	0.01	0.03	0.03	0	0	0.01
1300	0.02	0.02	0.02	0	0	0.02
1400	0.02	0.05	0.05	0	0	0.02
1500	0.04	0.07	0.07	0	0	0.04
1600	0.06	0.06	0.06	0	0	0.06
1700	0.03	0.05	0.05	0	0	0.03
1800	0.04	0.04	0.04	0	0	0.04
1900	0.02	0.05	0.05	0	0	0.02
2000	0.03	0.02	0.02	0	0	0.03
2100	0.02	0.03	0.03	0	0	0.02
2200	0.02	0.06	0.06	0	0	0.02
2300	0.01	0.06	0.06	0	0	0.01
2400	0.01	0.04	0.04	0	0	0.01
2500	0.01	0.05	0.05	0	0	0.01
2600	0	0.06	0.06	0	0	0
2700	0.01	0.03	0.03	0	0	0.01
2800	0.03	0.04	0.04	0	0	0.03
2900	0.04	0.04	0.04	0	0	0.04
3000	0.04	0.03	0.03	0	0	0.04
3100	0.04	0.01	0.01	0	0	0.04
3200	0.05	0.04	0.04	0	0	0.05
3300	0.05	0.03	0.03	0	0	0.05
3400	0.04	0.03	0.03	0	0	0.04
3500	0.04	0.01	0.01	0	0	0.04
3600	0.04	0.03	0.03	0	0	0.04
3700	0.03	0.03	0.03	0	0	0.03
3800	0.02	0.04	0.04	0	0	0.02
3900	0.02	0.05	0.05	0	0	0.02
4000	0	0.06	0.06	0	0	0
4100	0	0.06	0.06	0	0	0
4200	0	0.04	0.04	0	0	0
4300	0.01	0.03	0.03	0	0	0.01
4400	0.01	0.03	0.03	0	0	0.01
4500	0.02	0.02	0.02	0	0	0.02
4600	0.02	0.02	0.02	0	0	0.02
4700	0.03	0.03	0.03	0	0	0.03
4800	0.04	0.03	0.03	0	0	0.04
4900	0.03	0.01	0.01	0	0	0.03
5000	0.05	0.02	0.02	0	0	0.05
5100	0.05	0.03	0.03	0	0	0.05
5200	0.06	0.03	0.03	0	0	0.06
5300	0.06	0.02	0.02	0	0	0.06
5400	0.03	0.03	0.03	0	0	0.03
5500	0.02	0.02	0.02	0	0	0.02
5600	0.01	0.04	0.04	0	0	0.01
5700	0.04	0.05	0.05	0	0	0.04
5800	0.05	0.05	0.05	0	0	0.05
5900	0.07	0.03	0.03	0	0	0.07
6000	0.07	0.03	0.03	0	0	0.07
6100	0.03	0.03	0.03	0	0	0.03
6200	0.02	0.03	0.03	0	0	0.02
6300	0.02	0.01	0.01	0	0	0.02
6400	0.02	0.03	0.03	0	0	0.02
6500	0.03	0.03	0.03	0	0	0.03
6600	0.04	0.04	0.04	0	0	0.04
6700	0.04	0.04	0.04	0	0	0.04
6800	0.04	0.05	0.05	0	0	0.04
6900	0.03	0.06	0.06	0	0	0.03
7000	0.03	0.06	0.06	0	0	0.03
7100	0.05	0.09	0.09	0	0	0.05
7200	0.06	0.1	0.1	0	0	0.06
7300	0.04	0.09	0.09	0	0	0.04
7400	0.06	0.11	0.11	0	0	0.06
7500	0.05	0.08	0.08	0	0	0.05
7600	0.05	0.07	0.07	0	0	0.05
7700	0.03	0.06	0.06	0	0	0.03
7800	0	0.06	0.06	0	0	0
7900	0	0.07	0.07	0	0	0
8000	0.04	0.08	0.08	0	0	0.04
8100	0.05	0.07	0.07	0	0	0.05
8200	0.06	0.08	0.08	0	0	0.06
8300	0.06	0.1	0.1	0	0	0.06
8400	0.05	0.11	0.11	0	0	0.05
8500	0.02	0.12	0.12	0	0	0.02
8600	0.02	0.13	0.13	0	0	0.02
8700	0.04	0.11	0.11	0	0	0.04
8800	0.06	0.13	0.13	0	0	0.06
8900	0.03	0.14	0.14	0	0	0.03
9000	0.03	0.14	0.14	0	0	0.03
9100	0.05	0.14	0.14	0	0	0.05
9200	0.05	0.12	0.12	0	0	0.05
9300	0.07	0.13	0.13	0	0	0.07
9400	0.07	0.13	0.13	0	0	0.07
9500	0.07	0.13	0.13	0	0	0.07
9600	0.06	0.13	0.13	0	0	0.06
9700	0.05	0.14	0.14	0	0	0.05
9800	0.03	0.16	0.16	0	0	0.03
9900	0.03	0.15	0.15	0	0	0.03
10000	0.01	0.16	0.16	0	0	0.01
10100	0.02	0.16	0.16	0	0	0.02
10200	0.02	0.16	0.16	0	0	0.02
10300	0.03	0.17	0.17	0	0	0.03
10400	0.05	0.14	0.14	0	0	0.05
10500	0.03	0.15	0.15	0	0	0.03
10600	0.03	0.13	0.13	0	0	0.03
10700	0.02	0.13	0.13	0	0	0.02
10800	0.04	0.13	0.13	0	0	0.04
10900	0.03	0.12	0.12	0	0	0.03
11000	0.02	0.12	0.12	0	0	0.02
11100	0.01	0.12	0.12	0	0	0.01
11200	0.01	0.11	0.11	0	0	0.01
11300	0.01	0.11	0.11	0	0	0.01
11400	0.02	0.11	0.11	0	0	0.02
11500	0.02	0.11	0.11	0	0	0.02
11600	0.02	0.11	0.11	0	0	0.02
11700	0.04	0.1	0.1	0	0	0.04
11800	0.05	0.12	0.12	0	0	0.05
11900	0.04	0.13	0.13	0	0	0.04
12000	0.05	0.13	0.13	0	0	0.05
12100	0.03	0.15	0.15	0	0	0.03
12200	0.02	0.14	0.14	0	0	0.02
12300	0.03	0.16	0.16	0	0	0.03
12400	0.03	0.16	0.16	0	0	0.03
12500	0.02	0.17	0.17	0	0	0.02
12600	0.02	0.17	0.17	0	0	0.02
12700	0	0.19	0.19	0	0	0
12800	0.02	0.2	0.2	0	0	0.02
12900	0.03	0.2	0.2	0	0	0.03
13000	0.03	0.2	0.2	0	0	0.03
13100	0.01	0.22	0.22	0	0	0.01
13200	0.01	0.21	0.21	0	0	0.01
13300	0.01	0.2	0.2	0	0	0.01
13400	0.01	0.21	0.21	0	0	0.01
13500	0.01	0.21	0.21	0	0	0.01
13600	0.01	0.2	0.2	0	0	0.01
13700	0.02	0.21	0.21	0	0	0.02
13800	0.04	0.21	0.21	0	0	0.04
13900	0.05	0.22	0.22	0	0	0.05
14000	0.04	0.22	0.22	0	0	0.04
14100	0.04	0.23	0.23	0	0	0.04
14200	0.07	0.24	0.24	0	0	0.07
14300	0.04	0.25	0.25	0	0	0.04
14400	0.05	0.27	0.27	0	0	0.05
14500	0.01	0.29	0.29	0	0	0.01
14600	0	0.28	0.28	0	0	0
14700	0.01	0.29	0.29	0	0	0.01
14800	0.05	0.27	0.27	0	0	0.05
14900	0.09	0.26	0.26	0	0	0.09
15000	0.08	0.26	0.26	0	0	0.08
15100	0.09	0.25	0.25	0	0	0.09
15200	0.1	0.25	0.25	0	0	0.1
15300	0.11	0.25	0.25	0	0	0.11
15400	0.06	0.25	0.25	0	0	0.06
15500	0.02	0.25	0.25	0	0	0.02
15600	0.01	0.26	0.26	0	0	0.01
15700	0.02	0.27	0.27	0	0	0.02
15800	0.03	0.28	0.28	0	0	0.03
15900	0.02	0.28	0.28	0	0	0.02
16000	0.02	0.29	0.29	0	0	0.02
16100	0.02	0.29	0.29	0	0	0.02
16200	0.01	0.28	0.28	0	0	0.01
16300	0.01	0.28	0.28	0	0	0.01
16400	0	0.29	0.29	0	0	0
16500	0	0.29	0.29	0	0	0
16600	0.01	0.28	0.28	0	0	0.01
16700	0.01	0.28	0.28	0	0	0.01
16800	0.02	0.28	0.28	0	0	0.02
16900	0.02	0.29	0.29	0	0	0.02
17000	0.04	0.31	0.31	0	0	0.04
17100	0.03	0.31	0.31	0	0	0.03
17200	0.03	0.32	0.32	0	0	0.03
17300	0.04	0.31	0.31	0	0	0.04
17400	0.07	0.31	0.31	0	0	0.07
17500	0.06	0.31	0.31	0	0	0.06
17600	0.06	0.31	0.31	0	0	0.06
17700	0.04	0.31	0.31	0	0	0.04
17800	0.04	0.31	0.31	0	0	0.04
17900	0.04	0.31	0.31	0	0	0.04
18000	0.05	0.31	0.31	0	0	0.05
18100	0.04	0.32	0.32	0	0	0.04
18200	0.04	0.31	0.31	0	0	0.04
18300	0.06	0.3	0.3	0	0	0.06
18400	0.04	0.3	0.3	0	0	0.04
18500	0.06	0.3	0.3	0	0	0.06
18600	0.04	0.3	0.3	0	0	0.04
18700	0.04	0.3	0.3	0	0	0.04
18800	0.04	0.3	0.3	0	0	0.04
18900	0.03	0.32	0.32	0	0	0.03
19000	0.04	0.31	0.31	0	0	0.04
19100	0.03	0.31	0.31	0	0	0.03
19200	0.04	0.32	0.32	0	0	0.04
19300	0.04	0.32	0.32	0	0	0.04
19400	0.08	0.32	0.32	0	0	0.08
19500	0.08	0.32	0.32	0	0	0.08
19600	0.06	0.32	0.32	0	0	0.06
19700	0.07	0.32	0.32	0	0	0.07
19800	0.06	0.32	0.32	0	0	0.06
19900	0.03	0.32	0.32	0	0	0.03
20000	0.01	0.33	0.33	0	0	0.01
20100	0.03	0.33	0.33	0	0	0.03
20200	0.03	0.32	0.32	0	0	0.03
20300	0.02	0.33	0.33	0	0	0.02
20400	0.03	0.35	0.35	0	0	0.03
20500	0.02	0.34	0.34	0	0	0.02
20600	0.03	0.33	0.33	0	0	0.03
20700	0.04	0.36	0.36	0	0	0.04
20800	0.01	0.36	0.36	0	0	0.01
20900	0.01	0.34	0.34	0	0	0.01
21000	0.04	0.34	0.34	0	0	0.04
21100	0.04	0.34	0.34	0	0	0.04
21200	0.05	0.33	0.33	0	0	0.05
21300	0.04	0.34	0.34	0	0	0.04
21400	0.05	0.33	0.33	0	0	0.05
21500	0.04	0.33	0.33	0	0	0.04
21600	0.01	0.33	0.33	0	0	0.01
21700	0.02	0.33	0.33	0	0	0.02
21800	0.05	0.33	0.33	0	0	0.05
21900	0.04	0.34	0.34	0	0	0.04
22000	0.02	0.35	0.35	0	0	0.02
22100	0.04	0.35	0.35	0	0	0.04
22200	0.04	0.36	0.36	0	0	0.04
22300	0.06	0.35	0.35	0	0	0.06
22400	0.04	0.35	0.35	0	0	0.04
22500	0.02	0.35	0.35	0	0	0.02
22600	0.02	0.35	0.35	0	0	0.02
22700	0.01	0.35	0.35	0	0	0.01
22800	0.01	0.35	0.35	0	0	0.01
22900	0.01	0.36	0.36	0	0	0.01
23000	0.01	0.38	0.38	0	0	0.01
23100	0.03	0.38	0.38	0	0	0.03
23200	0.02	0.38	0.38	0	0	0.02
23300	0.04	0.38	0.38	0	0	0.04
23400	0.06	0.37	0.37	0	0	0.06
23500	0.05	0.38	0.38	0	0	0.05
23600	0.05	0.38	0.38	0	0	0.05
23700	0.05	0.39	0.39	0	0	0.05
23800	0.02	0.4	0.4	0	0	0.02
23900	0.02	0.39	0.39	0	0	0.02
24000	0.01	0.4	0.4	0	0	0.01
24100	0.01	0.4	0.4	0	0	0.01
24200	0.01	0.4	0.4	0	0	0.01
24300	0.03	0.41	0.41	0	0	0.03
24400	0.04	0.42	0.42	0	0	0.04
24500	0.05	0.42	0.42	0	0	0.05
24600	0.07	0.42	0.42	0	0	0.07
24700	0.07	0.42	0.42	0	0	0.07
24800	0.07	0.41	0.41	0	0	0.07
24900	0.07	0.41	0.41	0	0	0.07
25000	0.02	0.41	0.41	0	0	0.02
25100	0.01	0.42	0.42	0	0	0.01
25200	0.02	0.43	0.43	0	0	0.02
25300	0.03	0.44	0.44	0	0	0.03
25400	0.03	0.43	0.43	0	0	0.03
25500	0.05	0.42	0.42	0	0	0.05
25600	0.04	0.42	0.42	0	0	0.04
25700	0.03	0.42	0.42	0	0	0.03
25800	0.02	0.42	0.42	0	0	0.02
25900	0.01	0.43	0.43	0	0	0.01
26000	0.04	0.43	0.43	0	0	0.04
26100	0.03	0.43	0.43	0	0	0.03
26200	0.02	0.43	0.43	0	0	0.02
26300	0.03	0.42	0.42	0	0	0.03
26400	0.03	0.41	0.41	0	0	0.03
26500	0.02	0.41	0.41	0	0	0.02
26600	0.03	0.41	0.41	0	0	0.03
26700	0.04	0.42	0.42	0	0	0.04
26800	0.04	0.42	0.42	0	0	0.04
26900	0.05	0.42	0.42	0	0	0.05
27000	0.05	0.42	0.42	0	0	0.05
27100	0.04	0.43	0.43	0	0	0.04
27200	0.05	0.43	0.43	0	0	0.05
27300	0.04	0.42	0.42	0	0	0.04
27400	0.05	0.42	0.42	0	0	0.05
27500	0.04	0.42	0.42	0	0	0.04
27600	0.03	0.43	0.43	0	0	0.03
27700	0.05	0.43	0.43	0	0	0.05
27800	0.05	0.44	0.44	0	0	0.05
27900	0.03	0.44	0.44	0	0	0.03
28000	0.02	0.44	0.44	0	0	0.02
28100	0.02	0.44	0.44	0	0	0.02
28200	0.04	0.43	0.43	0	0	0.04
28300	0.04	0.43	0.43	0	0	0.04
28400	0.03	0.43	0.43	0	0	0.03
28500	0.03	0.43	0.43	0	0	0.03
28600	0.03	0.43	0.43	0	0	0.03
28700	0.04	0.45	0.45	0	0	0.04
28800	0.04	0.45	0.45	0	0	0.04
28900	0.04	0.45	0.45	0	0	0.04
29000	0.08	0.45	0.45	0	0	0.08
29100	0.06	0.44	0.44	0	0	0.06
29200	0.08	0.43	0.43	0	0	0.08
29300	0.04	0.43	0.43	0	0	0.04
29400	0.03	0.43	0.43	0	0	0.03
29500	0.02	0.45	0.45	0	0	0.02
29600	0.02	0.45	0.45	0	0	0.02
29700	0.02	0.45	0.45	0	0	0.02
29800	0.02	0.44	0.44	0	0	0.02
29900	0.03	0.45	0.45	0	0	0.03
30000	0.03	0.45	0.45	0	0	0.03
30100	0.03	0.46	0.46	0	0	0.03
30200	0.02	0.47	0.47	0	0	0.02
30300	0.01	0.46	0.46	0	0	0.01
30400	0.02	0.46	0.46	0	0	0.02
30500	0.02	0.46	0.46	0	0	0.02
30600	0.01	0.46	0.46	0	0	0.01
30700	0.01	0.46	0.46	0	0	0.01
30800	0.01	0.46	0.46	0	0	0.01
30900	0.01	0.47	0.47	0	0	0.01
31000	0	0.48	0.48	0	0	0
31100	0	0.49	0.49	0	0	0
31200	0	0.5	0.5	0	0	0
31300	0.01	0.51	0.51	0	0	0.01
31400	0.02	0.5	0.5	0	0	0.02
31500	0.02	0.5	0.5	0	0	0.02
31600	0.03	0.5	0.5	0	0	0.03
31700	0.04	0.51	0.51	0	0	0.04
31800	0.03	0.51	0.51	0	0	0.03
31900	0.03	0.51	0.51	0	0	0.03
32000	0.02	0.52	0.52	0	0	0.02
32100	0.01	0.52	0.52	0	0	0.01
32200	0.01	0.51	0.51	0	0	0.01
32300	0	0.52	0.52	0	0	0
32400	0	0.52	0.52	0	0	0
32500	0.01	0.53	0.53	0	0	0.01
32600	0.02	0.54	0.54	0	0	0.02
32700	0.04	0.53	0.53	0	0	0.04
32800	0.04	0.53	0.53	0	0	0.04
32900	0.05	0.55	0.55	0	0	0.05
33000	0.03	0.55	0.55	0	0	0.03
33100	0.04	0.55	0.55	0	0	0.04
33200	0.01	0.55	0.55	0	0	0.01
33300	0.02	0.55	0.55	0	0	0.02
33400	0.02	0.56	0.56	0	0	0.02
33500	0.03	0.54	0.54	0	0	0.03
33600	0.03	0.54	0.54	0	0	0.03
33700	0.03	0.54	0.54	0	0	0.03
33800	0.03	0.54	0.54	0	0	0.03
33900	0.02	0.54	0.54	0	0	0.02
34000	0	0.54	0.54	0	0	0
34100	0.01	0.54	0.54	0	0	0.01
34200	0	0.54	0.54	0	0	0
34300	0	0.55	0.55	0	0	0
34400	0.02	0.55	0.55	0	0	0.02
34500	0.02	0.55	0.55	0	0	0.02
34600	0.04	0.55	0.55	0	0	0.04
34700	0.01	0.55	0.55	0	0	0.01
34800	0.01	0.55	0.55	0	0	0.01
34900	0.01	0.56	0.56	0	0	0.01
35000	0.02	0.56	0.56	0	0	0.02
35100	0.02	0.57	0.57	0	0	0.02
35200	0.02	0.57	0.57	0	0	0.02
35300	0.04	0.57	0.57	0	0	0.04
35400	0.06	0.56	0.56	0	0	0.06
35500	0.04	0.56	0.56	0	0	0.04
35600	0.04	0.58	0.58	0	0	0.04
35700	0.02	0.57	0.57	0	0	0.02
35800	0.02	0.58	0.58	0	0	0.02
35900	0.01	0.59	0.59	0	0	0.01
36000	0.01	0.59	0.59	0	0	0.01
36100	0.03	0.59	0.59	0	0	0.03
36200	0.04	0.6	0.6	0	0	0.04
36300	0.01	0.58	0.58	0	0	0.01
36400	0	0.58	0.58	0	0	0
36500	0.01	0.57	0.57	0	0	0.01
36600	0.04	0.57	0.57	0	0	0.04
36700	0.06	0.57	0.57	0	0	0.06
36800	0.07	0.57	0.57	0	0	0.07
36900	0.06	0.57	0.57	0	0	0.06
37000	0.05	0.57	0.57	0	0	0.05
37100	0.04	0.57	0.57	0	0	0.04
37200	0.02	0.57	0.57	0	0	0.02
37300	0.02	0.58	0.58	0	0	0.02
37400	0.01	0.58	0.58	0	0	0.01
37500	0.01	0.58	0.58	0	0	0.01
37600	0.01	0.58	0.58	0	0	0.01
37700	0.01	0.58	0.58	0	0	0.01
37800	0.02	0.58	0.58	0	0	0.02
37900	0.02	0.58	0.58	0	0	0.02
38000	0.03	0.57	0.57	0	0	0.03
38100	0.05	0.57	0.57	0	0	0.05
38200	0.06	0.57	0.57	0	0	0.06
38300	0.07	0.57	0.57	0	0	0.07
38400	0.05	0.57	0.57	0	0	0.05
38500	0.05	0.57	0.57	0	0	0.05
38600	0.05	0.57	0.57	0	0	0.05
38700	0.04	0.58	0.58	0	0	0.04
38800	0.03	0.58	0.58	0	0	0.03
38900	0.01	0.58	0.58	0	0	0.01
39000	0	0.58	0.58	0	0	0
39100	0.01	0.58	0.58	0	0	0.01
39200	0.02	0.58	0.58	0	0	0.02
39300	0.01	0.59	0.59	0	0	0.01
39400	0.01	0.59	0.59	0	0	0.01
39500	0.02	0.59	0.59	0	0	0.02
39600	0.02	0.59	0.59	0	0	0.02
39700	0.02	0.59	0.59	0	0	0.02
39800	0.02	0.6	0.6	0	0	0.02
39900	0.03	0.6	0.6	0	0	0.03
40000	0.03	0.6	0.6	0	0	0.03
40100	0.04	0.6	0.6	0	0	0.04
40200	0.02	0.59	0.59	0	0	0.02
40300	0.02	0.59	0.59	0	0	0.02
40400	0.02	0.6	0.6	0	0	0.02
40500	0.02	0.61	0.61	0	0	0.02
40600	0.02	0.62	0.62	0	0	0.02
40700	0.01	0.62	0.62	0	0	0.01
40800	0.01	0.62	0.62	0	0	0.01
40900	0	0.62	0.62	0	0	0
41000	0.02	0.62	0.62	0	0	0.02
41100	0.02	0.62	0.62	0	0	0.02
41200	0.02	0.62	0.62	0	0	0.02
41300	0.01	0.63	0.63	0	0	0.01
41400	0.03	0.64	0.64	0	0	0.03
41500	0.03	0.65	0.65	0	0	0.03
41600	0.04	0.65	0.65	0	0	0.04
41700	0.03	0.65	0.65	0	0	0.03
41800	0.04	0.65	0.65	0	0	0.04
41900	0.04	0.66	0.66	0	0	0.04
42000	0.03	0.66	0.66	0	0	0.03
42100	0.02	0.66	0.66	0	0	0.02
42200	0.01	0.67	0.67	0	0	0.01
42300	0.01	0.67	0.67	0	0	0.01
42400	0.01	0.67	0.67	0	0	0.01
42500	0.02	0.67	0.67	0	0	0.02
42600	0.02	0.67	0.67	0	0	0.02
42700	0.03	0.67	0.67	0	0	0.03
42800	0.04	0.67	0.67	0	0	0.04
42900	0.01	0.67	0.67	0	0	0.01
43000	0.02	0.67	0.67	0	0	0.02
43100	0.03	0.67	0.67	0	0	0.03
43200	0.04	0.67	0.67	0	0	0.04
43300	0.05	0.67	0.67	0	0	0.05
43400	0.02	0.67	0.67	0	0	0.02
43500	0.03	0.67	0.67	0	0	0.03
43600	0.02	0.67	0.67	0	0	0.02
43700	0.02	0.67	0.67	0	0	0.02
43800	0.02	0.67	0.67	0	0	0.02
43900	0.03	0.67	0.67	0	0	0.03
44000	0.03	0.67	0.67	0	0	0.03
44100	0.03	0.67	0.67	0	0	0.03
44200	0.03	0.67	0.67	0	0	0.03
44300	0.03	0.67	0.67	0	0	0.03
44400	0.05	0.67	0.67	0	0	0.05
44500	0.03	0.68	0.68	0	0	0.03
44600	0.02	0.68	0.68	0	0	0.02
44700	0.03	0.68	0.68	0	0	0.03
44800	0.03	0.68	0.68	0	0	0.03
44900	0.03	0.68	0.68	0	0	0.03
45000	0.01	0.67	0.67	0	0	0.01
45100	0.01	0.68	0.68	0	0	0.01
45200	0.01	0.68	0.68	0	0	0.01
45300	0.03	0.69	0.69	0	0	0.03
45400	0.04	0.69	0.69	0	0	0.04
45500	0.04	0.69	0.69	0	0	0.04
45600	0.02	0.69	0.69	0	0	0.02
45700	0.01	0.68	0.68	0	0	0.01
45800	0	0.68	0.68	0	0	0
45900	0	0.68	0.68	0	0	0
46000	0	0.68	0.68	0	0	0
46100	0	0.67	0.67	0	0	0
46200	0	0.67	0.67	0	0	0
46300	0.01	0.67	0.67	0	0	0.01
46400	0.02	0.67	0.67	0	0	0.02
46500	0.02	0.68	0.68	0	0	0.02
46600	0.02	0.68	0.68	0	0	0.02
46700	0	0.68	0.68	0	0	0
46800	0.01	0.68	0.68	0	0	0.01
46900	0.01	0.68	0.68	0	0	0.01
47000	0.02	0.68	0.68	0	0	0.02
47100	0	0.68	0.68	0	0	0
47200	0	0.68	0.68	0	0	0
47300	0	0.68	0.68	0	0	0
47400	0	0.68	0.68	0	0	0
47500	0	0.68	0.68	0	0	0
47600	0	0.68	0.68	0	0	0
47700	0	0.68	0.68	0	0	0
47800	0.01	0.68	0.68	0	0	0.01
47900	0.01	0.68	0.68	0	0	0.01
48000	0	0.68	0.68	0	0	0
48100	0.01	0.68	0.68	0	0	0.01
48200	0.02	0.68	0.68	0	0	0.02
48300	0.02	0.68	0.68	0	0	0.02
48400	0.01	0.68	0.68	0	0	0.01
48500	0.02	0.68	0.68	0	0	0.02
48600	0.03	0.68	0.68	0	0	0.03
48700	0.02	0.68	0.68	0	0	0.02
48800	0.03	0.68	0.68	0	0	0.03
48900	0.01	0.69	0.69	0	0	0.01
49000	0	0.69	0.69	0	0	0
49100	0	0.69	0.69	0	0	0
49200	0	0.69	0.69	0	0	0
49300	0	0.69	0.69	0	0	0
49400	0.01	0.69	0.69	0	0	0.01
49500	0.01	0.69	0.69	0	0	0.01
49600	0.01	0.69	0.69	0	0	0.01
49700	0.02	0.69	0.69	0	0	0.02
49800	0.02	0.69	0.69	0	0	0.02
49900	0.02	0.69	0.69	0	0	0.02
50000	0.01	0.69	0.69	0	0	0.01
50100	0.02	0.7	0.7	0	0	0.02
50200	0.01	0.7	0.7	0	0	0.01
50300	0.03	0.7	0.7	0	0	0.03
50400	0.04	0.71	0.71	0	0	0.04
50500	0.04	0.71	0.71	0	0	0.04
50600	0.03	0.71	0.71	0	0	0.03
50700	0.02	0.71	0.71	0	0	0.02
50800	0.02	0.72	0.72	0	0	0.02
50900	0.02	0.72	0.72	0	0	0.02
51000	0.01	0.73	0.73	0	0	0.01
51100	0.02	0.73	0.73	0	0	0.02
51200	0.02	0.73	0.73	0	0	0.02
51300	0.03	0.74	0.74	0	0	0.03
51400	0.02	0.74	0.74	0	0	0.02
51500	0.02	0.74	0.74	0	0	0.02
51600	0.01	0.74	0.74	0	0	0.01
51700	0.01	0.74	0.74	0	0	0.01
51800	0.02	0.74	0.74	0	0	0.02
51900	0.01	0.73	0.73	0	0	0.01
52000	0	0.73	0.73	0	0	0
52100	0	0.73	0.73	0	0	0
52200	0	0.73	0.73	0	0	0
52300	0	0.73	0.73	0	0	0
52400	0	0.73	0.73	0	0	0
52500	0	0.73	0.73	0	0	0
52600	0	0.73	0.73	0	0	0
52700	0	0.73	0.73	0	0	0
52800	0	0.73	0.73	0	0	0
52900	0	0.73	0.73	0	0	0
53000	0.01	0.73	0.73	0	0	0.01
53100	0.01	0.72	0.72	0	0	0.01
53200	0.01	0.73	0.73	0	0	0.01
53300	0.01	0.73	0.73	0	0	0.01
53400	0.01	0.73	0.73	0	0	0.01
53500	0.01	0.74	0.74	0	0	0.01
53600	0.01	0.74	0.74	0	0	0.01
53700	0.01	0.74	0.74	0	0	0.01
53800	0.01	0.74	0.74	0	0	0.01
53900	0.02	0.75	0.75	0	0	0.02
54000	0.02	0.75	0.75	0	0	0.02
54100	0.02	0.75	0.75	0	0	0.02
54200	0.03	0.75	0.75	0	0	0.03
54300	0.02	0.75	0.75	0	0	0.02
54400	0.01	0.75	0.75	0	0	0.01
54500	0.02	0.75	0.75	0	0	0.02
54600	0.03	0.75	0.75	0	0	0.03
54700	0.01	0.75	0.75	0	0	0.01
54800	0.01	0.75	0.75	0	0	0.01
54900	0.01	0.75	0.75	0	0	0.01
55000	0	0.76	0.76	0	0	0
55100	0.02	0.77	0.77	0	0	0.02
55200	0.04	0.76	0.76	0	0	0.04
55300	0.03	0.76	0.76	0	0	0.03
55400	0.03	0.76	0.76	0	0	0.03
55500	0.03	0.76	0.76	0	0	0.03
55600	0.02	0.76	0.76	0	0	0.02
55700	0.02	0.76	0.76	0	0	0.02
55800	0.02	0.76	0.76	0	0	0.02
55900	0.02	0.76	0.76	0	0	0.02
56000	0.01	0.76	0.76	0	0	0.01
56100	0	0.76	0.76	0	0	0
56200	0	0.76	0.76	0	0	0
56300	0	0.76	0.76	0	0	0
56400	0	0.76	0.76	0	0	0
56500	0.01	0.77	0.77	0	0	0.01
56600	0.02	0.77	0.77	0	0	0.02
56700	0.03	0.76	0.76	0	0	0.03
56800	0.02	0.76	0.76	0	0	0.02
56900	0.02	0.76	0.76	0	0	0.02
57000	0.02	0.75	0.75	0	0	0.02
57100	0.02	0.75	0.75	0	0	0.02
57200	0.02	0.75	0.75	0	0	0.02
57300	0.03	0.75	0.75	0	0	0.03
57400	0.03	0.75	0.75	0	0	0.03
57500	0.03	0.76	0.76	0	0	0.03
57600	0.02	0.76	0.76	0	0	0.02
57700	0.02	0.76	0.76	0	0	0.02
57800	0.01	0.76	0.76	0	0	0.01
57900	0	0.76	0.76	0	0	0
58000	0	0.76	0.76	0	0	0
58100	0	0.77	0.77	0	0	0
58200	0	0.77	0.77	0	0	0
58300	0	0.77	0.77	0	0	0
58400	0	0.77	0.77	0	0	0
58500	0	0.77	0.77	0	0	0
58600	0	0.78	0.78	0	0	0
58700	0	0.78	0.78	0	0	0
58800	0	0.78	0.78	0	0	0
58900	0	0.78	0.78	0	0	0
59000	0	0.78	0.78	0	0	0
59100	0	0.78	0.78	0	0	0
59200	0	0.78	0.78	0	0	0
59300	0	0.78	0.78	0	0	0
59400	0	0.78	0.78	0	0	0
59500	0.01	0.78	0.78	0	0	0.01
59600	0.01	0.78	0.78	0	0	0.01
59700	0.01	0.78	0.78	0	0	0.01
59800	0.01	0.78	0.78	0	0	0.01
59900	0.01	0.78	0.78	0	0	0.01
60000	0.02	0.78	0.78	0	0	0.02
60100	0.02	0.78	0.78	0	0	0.02
60200	0.02	0.78	0.78	0	0	0.02
60300	0.02	0.78	0.78	0	0	0.02
60400	0	0.79	0.79	0	0	0
60500	0	0.79	0.79	0	0	0
60600	0.01	0.79	0.79	0	0	0.01
60700	0.02	0.79	0.79	0	0	0.02
60800	0.02	0.79	0.79	0	0	0.02
60900	0.03	0.79	0.79	0	0	0.03
61000	0.03	0.79	0.79	0	0	0.03
61100	0.02	0.79	0.79	0	0	0.02
61200	0	0.79	0.79	0	0	0
61300	0	0.79	0.79	0	0	0
61400	0	0.79	0.79	0	0	0
61500	0	0.79	0.79	0	0	0
61600	0.01	0.79	0.79	0	0	0.01
61700	0.01	0.79	0.79	0	0	0.01
61800	0.01	0.79	0.79	0	0	0.01
61900	0.01	0.79	0.79	0	0	0.01
62000	0.01	0.79	0.79	0	0	0.01
62100	0	0.79	0.79	0	0	0
62200	0.01	0.79	0.79	0	0	0.01
62300	0.01	0.79	0.79	0	0	0.01
62400	0.01	0.79	0.79	0	0	0.01
62500	0.02	0.79	0.79	0	0	0.02
62600	0.02	0.79	0.79	0	0	0.02
62700	0.01	0.79	0.79	0	0	0.01
62800	0.01	0.79	0.79	0	0	0.01
62900	0.01	0.79	0.79	0	0	0.01
63000	0.01	0.79	0.79	0	0	0.01
63100	0	0.79	0.79	0	0	0
63200	0	0.79	0.79	0	0	0
63300	0	0.79	0.79	0	0	0
63400	0.01	0.79	0.79	0	0	0.01
63500	0.01	0.79	0.79	0	0	0.01
63600	0.02	0.79	0.79	0	0	0.02
63700	0.02	0.79	0.79	0	0	0.02
63800	0.01	0.79	0.79	0	0	0.01
63900	0.01	0.79	0.79	0	0	0.01
64000	0.01	0.79	0.79	0	0	0.01
64100	0.02	0.79	0.79	0	0	0.02
64200	0.01	0.79	0.79	0	0	0.01
64300	0.01	0.79	0.79	0	0	0.01
64400	0.01	0.79	0.79	0	0	0.01
64500	0.02	0.79	0.79	0	0	0.02
64600	0.02	0.79	0.79	0	0	0.02
64700	0.02	0.79	0.79	0	0	0.02
64800	0.02	0.79	0.79	0	0	0.02
64900	0.02	0.79	0.79	0	0	0.02
65000	0.02	0.79	0.79	0	0	0.02
65100	0.01	0.79	0.79	0	0	0.01
65200	0.01	0.79	0.79	0	0	0.01
65300	0.01	0.79	0.79	0	0	0.01
65400	0.01	0.79	0.79	0	0	0.01
65500	0.01	0.79	0.79	0	0	0.01
65600	0	0.79	0.79	0	0	0
65700	0.01	0.79	0.79	0	0	0.01
65800	0.01	0.79	0.79	0	0	0.01
65900	0.01	0.79	0.79	0	0	0.01
66000	0.02	0.79	0.79	0	0	0.02
66100	0.01	0.79	0.79	0	0	0.01
66200	0.01	0.79	0.79	0	0	0.01
66300	0.01	0.79	0.79	0	0	0.01
66400	0	0.79	0.79	0	0	0
66500	0	0.79	0.79	0	0	0
66600	0	0.79	0.79	0	0	0
66700	0	0.79	0.79	0	0	0
66800	0	0.79	0.79	0	0	0
66900	0	0.79	0.79	0	0	0
67000	0	0.79	0.79	0	0	0
67100	0	0.79	0.79	0	0	0
67200	0	0.79	0.79	0	0	0
67300	0.01	0.79	0.79	0	0	0.01
67400	0.01	0.79	0.79	0	0	0.01
67500	0.01	0.79	0.79	0	0	0.01
67600	0.02	0.79	0.79	0	0	0.02
67700	0.02	0.79	0.79	0	0	0.02
67800	0.01	0.79	0.79	0	0	0.01
67900	0.01	0.79	0.79	0	0	0.01
68000	0	0.79	0.79	0	0	0
68100	0	0.79	0.79	0	0	0
68200	0	0.79	0.79	0	0	0
68300	0	0.79	0.79	0	0	0
68400	0	0.79	0.79	0	0	0
68500	0	0.79	0.79	0	0	0
68600	0	0.79	0.79	0	0	0
68700	0	0.79	0.79	0	0	0
68800	0	0.79	0.79	0	0	0
68900	0	0.79	0.79	0	0	0
69000	0	0.79	0.79	0	0	0
69100	0	0.79	0.79	0	0	0
69200	0.01	0.79	0.79	0	0	0.01
69300	0.03	0.79	0.79	0	0	0.03
69400	0.03	0.79	0.79	0	0	0.03
69500	0.02	0.79	0.79	0	0	0.02
69600	0.03	0.79	0.79	0	0	0.03
69700	0.02	0.79	0.79	0	0	0.02
69800	0.02	0.79	0.79	0	0	0.02
69900	0.02	0.79	0.79	0	0	0.02
70000	0.02	0.79	0.79	0	0	0.02
70100	0.01	0.79	0.79	0	0	0.01
70200	0.01	0.79	0.79	0	0	0.01
70300	0	0.79	0.79	0	0	0
70400	0	0.79	0.79	0	0	0
70500	0	0.79	0.79	0	0	0
70600	0.01	0.79	0.79	0	0	0.01
70700	0.01	0.79	0.79	0	0	0.01
70800	0.01	0.79	0.79	0	0	0.01
70900	0.01	0.78	0.78	0	0	0.01
71000	0.01	0.78	0.78	0	0	0.01
71100	0.02	0.78	0.78	0	0	0.02
71200	0.02	0.78	0.78	0	0	0.02
71300	0.01	0.78	0.78	0	0	0.01
71400	0.02	0.78	0.78	0	0	0.02
71500	0.01	0.78	0.78	0	0	0.01
71600	0.02	0.78	0.78	0	0	0.02
71700	0.01	0.78	0.78	0	0	0.01
71800	0.01	0.78	0.78	0	0	0.01
71900	0.01	0.78	0.78	0	0	0.01
72000	0.01	0.79	0.79	0	0	0.01
72100	0.01	0.79	0.79	0	0	0.01
72200	0.01	0.79	0.79	0	0	0.01
72300	0.02	0.79	0.79	0	0	0.02
72400	0.02	0.79	0.79	0	0	0.02
72500	0.02	0.79	0.79	0	0	0.02
72600	0.02	0.79	0.79	0	0	0.02
72700	0.02	0.79	0.79	0	0	0.02
72800	0.02	0.79	0.79	0	0	0.02
72900	0.02	0.79	0.79	0	0	0.02
73000	0.01	0.79	0.79	0	0	0.01
73100	0.01	0.79	0.79	0	0	0.01
73200	0.02	0.79	0.79	0	0	0.02
73300	0.03	0.79	0.79	0	0	0.03
73400	0.02	0.79	0.79	0	0	0.02
73500	0.02	0.79	0.79	0	0	0.02
73600	0.02	0.79	0.79	0	0	0.02
73700	0.02	0.79	0.79	0	0	0.02
73800	0.02	0.79	0.79	0	0	0.02
73900	0	0.79	0.79	0	0	0
74000	0	0.79	0.79	0	0	0
74100	0.01	0.79	0.79	0	0	0.01
74200	0.01	0.79	0.79	0	0	0.01
74300	0.01	0.79	0.79	0	0	0.01
74400	0.01	0.79	0.79	0	0	0.01
74500	0	0.79	0.79	0	0	0
74600	0	0.79	0.79	0	0	0
74700	0	0.79	0.79	0	0	0
74800	0	0.79	0.79	0	0	0
74900	0.01	0.79	0.79	0	0	0.01
75000	0.01	0.79	0.79	0	0	0.01
75100	0.01	0.79	0.79	0	0	0.01
75200	0.01	0.79	0.79	0	0	0.01
75300	0	0.79	0.79	0	0	0
75400	0	0.79	0.79	0	0	0
75500	0	0.79	0.79	0	0	0
75600	0.01	0.79	0.79	0	0	0.01
75700	0.01	0.79	0.79	0	0	0.01
75800	0.01	0.79	0.79	0	0	0.01
75900	0.01	0.79	0.79	0	0	0.01
76000	0.01	0.79	0.79	0	0	0.01
76100	0.01	0.79	0.79	0	0	0.01
76200	0.01	0.79	0.79	0	0	0.01
76300	0.01	0.79	0.79	0	0	0.01
76400	0.01	0.79	0.79	0	0	0.01
76500	0.02	0.79	0.79	0	0	0.02
76600	0.02	0.79	0.79	0	0	0.02
76700	0.01	0.79	0.79	0	0	0.01
76800	0.02	0.79	0.79	0	0	0.02
76900	0.02	0.79	0.79	0	0	0.02
77000	0.02	0.79	0.79	0	0	0.02
77100	0.01	0.79	0.79	0	0	0.01
77200	0.03	0.79	0.79	0	0	0.03
77300	0.03	0.79	0.79	0	0	0.03
77400	0.04	0.78	0.78	0	0	0.04
77500	0.04	0.78	0.78	0	0	0.04
77600	0.01	0.78	0.78	0	0	0.01
77700	0.01	0.78	0.78	0	0	0.01
77800	0	0.78	0.78	0	0	0
77900	0	0.78	0.78	0	0	0
78000	0.02	0.78	0.78	0	0	0.02
78100	0.02	0.78	0.78	0	0	0.02
78200	0.02	0.78	0.78	0	0	0.02
78300	0.02	0.78	0.78	0	0	0.02
78400	0	0.78	0.78	0	0	0
78500	0.01	0.78	0.78	0	0	0.01
78600	0.01	0.78	0.78	0	0	0.01
78700	0.02	0.78	0.78	0	0	0.02
78800	0.02	0.78	0.78	0	0	0.02
78900	0.02	0.78	0.78	0	0	0.02
79000	0.02	0.78	0.78	0	0	0.02
79100	0.01	0.78	0.78	0	0	0.01
79200	0	0.78	0.78	0	0	0
79300	0	0.78	0.78	0	0	0
79400	0.01	0.78	0.78	0	0	0.01
79500	0.01	0.78	0.78	0	0	0.01
79600	0.02	0.78	0.78	0	0	0.02
79700	0.02	0.78	0.78	0	0	0.02
79800	0.02	0.78	0.78	0	0	0.02
79900	0.01	0.77	0.77	0	0	0.01
80000	0.01	0.77	0.77	0	0	0.01
80100	0.01	0.77	0.77	0	0	0.01
80200	0.02	0.77	0.77	0	0	0.02
80300	0.02	0.77	0.77	0	0	0.02
80400	0.03	0.77	0.77	0	0	0.03
80500	0.02	0.77	0.77	0	0	0.02
80600	0.02	0.77	0.77	0	0	0.02
80700	0.01	0.77	0.77	0	0	0.01
80800	0.01	0.77	0.77	0	0	0.01
80900	0.01	0.77	0.77	0	0	0.01
81000	0.01	0.77	0.77	0	0	0.01
81100	0.01	0.77	0.77	0	0	0.01
81200	0.02	0.77	0.77	0	0	0.02
81300	0.01	0.77	0.77	0	0	0.01
81400	0.01	0.77	0.77	0	0	0.01
81500	0.03	0.77	0.77	0	0	0.03
81600	0.01	0.77	0.77	0	0	0.01
81700	0.01	0.77	0.77	0	0	0.01
81800	0.01	0.77	0.77	0	0	0.01
81900	0.01	0.77	0.77	0	0	0.01
82000	0.01	0.77	0.77	0	0	0.01
82100	0	0.77	0.77	0	0	0
82200	0	0.77	0.77	0	0	0
82300	0	0.77	0.77	0	0	0
82400	0.01	0.77	0.77	0	0	0.01
82500	0.01	0.77	0.77	0	0	0.01
82600	0.01	0.77	0.77	0	0	0.01
82700	0.01	0.77	0.77	0	0	0.01
82800	0.02	0.77	0.77	0	0	0.02
82900	0.01	0.77	0.77	0	0	0.01
83000	0.03	0.76	0.76	0	0	0.03
83100	0.03	0.76	0.76	0	0	0.03
83200	0.02	0.76	0.76	0	0	0.02
83300	0.02	0.76	0.76	0	0	0.02
83400	0.01	0.76	0.76	0	0	0.01
83500	0.02	0.76	0.76	0	0	0.02
83600	0.01	0.76	0.76	0	0	0.01
83700	0.02	0.76	0.76	0	0	0.02
83800	0.02	0.76	0.76	0	0	0.02
83900	0.04	0.76	0.76	0	0	0.04
84000	0.04	0.76	0.76	0	0	0.04
84100	0.04	0.76	0.76	0	0	0.04
84200	0.02	0.76	0.76	0	0	0.02
84300	0.02	0.76	0.76	0	0	0.02
84400	0.03	0.76	0.76	0	0	0.03
84500	0.02	0.76	0.76	0	0	0.02
84600	0	0.76	0.76	0	0	0
84700	0	0.76	0.76	0	0	0
84800	0	0.76	0.76	0	0	0
84900	0	0.76	0.76	0	0	0
85000	0	0.75	0.75	0	0	0
85100	0	0.75	0.75	0	0	0
85200	0	0.75	0.75	0	0	0
85300	0	0.75	0.75	0	0	0
85400	0	0.75	0.75	0	0	0
85500	0	0.75	0.75	0	0	0
85600	0.01	0.75	0.75	0	0	0.01
85700	0.01	0.75	0.75	0	0	0.01
85800	0.01	0.75	0.75	0	0	0.01
85900	0.01	0.75	0.75	0	0	0.01
86000	0	0.75	0.75	0	0	0
86100	0.01	0.75	0.75	0	0	0.01
86200	0.01	0.75	0.75	0	0	0.01
86300	0.03	0.75	0.75	0	0	0.03
86400	0.05	0.74	0.74	0	0	0.05
86500	0.03	0.74	0.74	0	0	0.03
86600	0.03	0.74	0.74	0	0	0.03
86700	0.02	0.74	0.74	0	0	0.02
86800	0.03	0.74	0.74	0	0	0.03
86900	0.03	0.74	0.74	0	0	0.03
87000	0.01	0.74	0.74	0	0	0.01
87100	0.02	0.74	0.74	0	0	0.02
87200	0.01	0.74	0.74	0	0	0.01
87300	0.01	0.74	0.74	0	0	0.01
87400	0.01	0.74	0.74	0	0	0.01
87500	0	0.74	0.74	0	0	0
87600	0.01	0.74	0.74	0	0	0.01
87700	0.02	0.74	0.74	0	0	0.02
87800	0.02	0.74	0.74	0	0	0.02
87900	0.02	0.74	0.74	0	0	0.02
88000	0.02	0.74	0.74	0	0	0.02
88100	0.01	0.74	0.74	0	0	0.01
88200	0.01	0.74	0.74	0	0	0.01
88300	0	0.74	0.74	0	0	0
88400	0	0.74	0.74	0	0	0
88500	0	0.74	0.74	0	0	0
88600	0	0.74	0.74	0	0	0
88700	0	0.74	0.74	0	0	0
88800	0.01	0.74	0.74	0	0	0.01
88900	0.01	0.74	0.74	0	0	0.01
89000	0.01	0.74	0.74	0	0	0.01
89100	0.01	0.75	0.75	0	0	0.01
89200	0.01	0.75	0.75	0	0	0.01
89300	0.01	0.75	0.75	0	0	0.01
89400	0	0.75	0.75	0	0	0
89500	0	0.75	0.75	0	0	0
89600	0.01	0.75	0.75	0	0	0.01
89700	0.01	0.75	0.75	0	0	0.01
89800	0.01	0.75	0.75	0	0	0.01
89900	0.01	0.75	0.75	0	0	0.01
90000	0.02	0.75	0.75	0	0	0.02
90100	0.03	0.75	0.75	0	0	0.03
90200	0.03	0.75	0.75	0	0	0.03
90300	0.03	0.75	0.75	0	0	0.03
90400	0.02	0.75	0.75	0	0	0.02
90500	0.01	0.75	0.75	0	0	0.01
90600	0.01	0.75	0.75	0	0	0.01
90700	0	0.75	0.75	0	0	0
90800	0	0.75	0.75	0	0	0
90900	0	0.75	0.75	0	0	0
91000	0	0.75	0.75	0	0	0
91100	0	0.75	0.75	0	0	0
91200	0	0.75	0.75	0	0	0
91300	0	0.75	0.75	0	0	0
91400	0	0.75	0.75	0	0	0
91500	0.01	0.75	0.75	0	0	0.01
91600	0.01	0.75	0.75	0	0	0.01
91700	0.02	0.75	0.75	0	0	0.02
91800	0.03	0.76	0.76	0	0	0.03
91900	0.03	0.76	0.76	0	0	0.03
92000	0.01	0.76	0.76	0	0	0.01
92100	0.01	0.75	0.75	0	0	0.01
92200	0.03	0.76	0.76	0	0	0.03
92300	0.02	0.76	0.76	0	0	0.02
92400	0.02	0.76	0.76	0	0	0.02
92500	0.02	0.76	0.76	0	0	0.02
92600	0.02	0.76	0.76	0	0	0.02
92700	0.02	0.76	0.76	0	0	0.02
92800	0.01	0.76	0.76	0	0	0.01
92900	0	0.76	0.76	0	0	0
93000	0	0.76	0.76	0	0	0
93100	0	0.76	0.76	0	0	0
93200	0	0.76	0.76	0	0	0
93300	0	0.76	0.76	0	0	0
93400	0.01	0.76	0.76	0	0	0.01
93500	0.01	0.76	0.76	0	0	0.01
93600	0.01	0.76	0.76	0	0	0.01
93700	0.02	0.76	0.76	0	0	0.02
93800	0.02	0.76	0.76	0	0	0.02
93900	0.01	0.76	0.76	0	0	0.01
94000	0.01	0.76	0.76	0	0	0.01
94100	0.01	0.76	0.76	0	0	0.01
94200	0	0.76	0.76	0	0	0
94300	0.01	0.76	0.76	0	0	0.01
94400	0.01	0.76	0.76	0	0	0.01
94500	0.01	0.76	0.76	0	0	0.01
94600	0.01	0.76	0.76	0	0	0.01
94700	0.01	0.76	0.76	0	0	0.01
94800	0.01	0.76	0.76	0	0	0.01
94900	0	0.76	0.76	0	0	0
95000	0	0.77	0.77	0	0	0
95100	0.01	0.77	0.77	0	0	0.01
95200	0.01	0.77	0.77	0	0	0.01
95300	0	0.77	0.77	0	0	0
95400	0.01	0.77	0.77	0	0	0.01
95500	0.01	0.76	0.76	0	0	0.01
95600	0.01	0.76	0.76	0	0	0.01
95700	0.01	0.76	0.76	0	0	0.01
95800	0.03	0.76	0.76	0	0	0.03
95900	0.02	0.76	0.76	0	0	0.02
96000	0.02	0.76	0.76	0	0	0.02
96100	0.03	0.76	0.76	0	0	0.03
96200	0.04	0.76	0.76	0	0	0.04
96300	0.03	0.76	0.76	0	0	0.03
96400	0.02	0.76	0.76	0	0	0.02
96500	0.01	0.77	0.77	0	0	0.01
96600	0.01	0.77	0.77	0	0	0.01
96700	0.02	0.77	0.77	0	0	0.02
96800	0.01	0.77	0.77	0	0	0.01
96900	0.01	0.77	0.77	0	0	0.01
97000	0.01	0.77	0.77	0	0	0.01
97100	0.01	0.78	0.78	0	0	0.01
97200	0	0.78	0.78	0	0	0
97300	0	0.78	0.78	0	0	0
97400	0.01	0.78	0.78	0	0	0.01
97500	0.01	0.78	0.78	0	0	0.01
97600	0.02	0.78	0.78	0	0	0.02
97700	0.02	0.78	0.78	0	0	0.02
97800	0.02	0.78	0.78	0	0	0.02
97900	0.02	0.78	0.78	0	0	0.02
98000	0.01	0.78	0.78	0	0	0.01
98100	0	0.78	0.78	0	0	0
98200	0	0.78	0.78	0	0	0
98300	0	0.78	0.78	0	0	0
98400	0	0.78	0.78	0	0	0
98500	0	0.78	0.78	0	0	0
98600	0	0.78	0.78	0	0	0
98700	0.04	0.78	0.78	0	0	0.04
98800	0.04	0.78	0.78	0	0	0.04
98900	0.04	0.78	0.78	0	0	0.04
99000	0.04	0.78	0.78	0	0	0.04
99100	0.04	0.78	0.78	0	0	0.04
99200	0.03	0.78	0.78	0	0	0.03
99300	0.02	0.78	0.78	0	0	0.02
99400	0	0.78	0.78	0	0	0
99500	0	0.78	0.78	0	0	0
99600	0	0.78	0.78	0	0	0
99700	0	0.78	0.78	0	0	0
99800	0	0.78	0.78	0	0	0
99900	0	0.78	0.78	0	0	0
100000	0.02	0.78	0.78	0	0	0.02
100100	0.02	0.78	0.78	0	0	0.02
100200	0.02	0.78	0.78	0	0	0.02
100300	0.01	0.78	0.78	0	0	0.01
100400	0.01	0.78	0.78	0	0	0.01
100500	0.01	0.78	0.78	0	0	0.01
100600	0.01	0.78	0.78	0	0	0.01
100700	0	0.78	0.78	0	0	0
100800	0	0.78	0.78	0	0	0
100900	0.01	0.78	0.78	0	0	0.01
101000	0.01	0.78	0.78	0	0	0.01
101100	0.02	0.78	0.78	0	0	0.02
101200	0.02	0.78	0.78	0	0	0.02
101300	0.02	0.78	0.78	0	0	0.02
101400	0.03	0.78	0.78	0	0	0.03
101500	0.03	0.78	0.78	0	0	0.03
101600	0.03	0.78	0.78	0	0	0.03
101700	0.02	0.78	0.78	0	0	0.02
101800	0.01	0.78	0.78	0	0	0.01
101900	0.01	0.78	0.78	0	0	0.01
102000	0.01	0.78	0.78	0	0	0.01
102100	0.02	0.78	0.78	0	0	0.02
102200	0.02	0.78	0.78	0	0	0.02
102300	0.02	0.78	0.78	0	0	0.02
102400	0.01	0.78	0.78	0	0	0.01
102500	0.01	0.77	0.77	0	0	0.01
102600	0	0.77	0.77	0	0	0
102700	0	0.77	0.77	0	0	0
102800	0	0.77	0.77	0	0	0
102900	0	0.77	0.77	0	0	0
103000	0	0.77	0.77	0	0	0
103100	0.01	0.77	0.77	0	0	0.01
103200	0.01	0.77	0.77	0	0	0.01
103300	0.01	0.77	0.77	0	0	0.01
103400	0	0.77	0.77	0	0	0
103500	0	0.77	0.77	0	0	0
103600	0	0.77	0.77	0	0	0
103700	0	0.77	0.77	0	0	0
103800	0	0.77	0.77	0	0	0
103900	0.02	0.77	0.77	0	0	0.02
104000	0.02	0.77	0.77	0	0	0.02
104100	0.04	0.77	0.77	0	0	0.04
104200	0.03	0.77	0.77	0	0	0.03
104300	0.01	0.77	0.77	0	0	0.01
104400	0	0.77	0.77	0	0	0
104500	0	0.77	0.77	0	0	0
104600	0	0.77	0.77	0	0	0
104700	0	0.77	0.77	0	0	0
104800	0.01	0.77	0.77	0	0	0.01
104900	0.02	0.77	0.77	0	0	0.02
105000	0.02	0.77	0.77	0	0	0.02
105100	0.01	0.77	0.77	0	0	0.01
105200	0.01	0.77	0.77	0	0	0.01
105300	0	0.77	0.77	0	0	0
105400	0	0.77	0.77	0	0	0
105500	0.01	0.77	0.77	0	0	0.01
105600	0	0.77	0.77	0	0	0
105700	0	0.77	0.77	0	0	0
105800	0	0.77	0.77	0	0	0
105900	0	0.77	0.77	0	0	0
106000	0	0.77	0.77	0	0	0
106100	0	0.77	0.77	0	0	0
106200	0	0.77	0.77	0	0	0
106300	0.01	0.77	0.77	0	0	0.01
106400	0.01	0.77	0.77	0	0	0.01
106500	0.01	0.77	0.77	0	0	0.01
106600	0.01	0.77	0.77	0	0	0.01
106700	0.01	0.77	0.77	0	0	0.01
106800	0.01	0.77	0.77	0	0	0.01
106900	0	0.77	0.77	0	0	0
107000	0	0.77	0.77	0	0	0
107100	0	0.77	0.77	0	0	0
107200	0	0.77	0.77	0	0	0
107300	0	0.77	0.77	0	0	0
107400	0.01	0.77	0.77	0	0	0.01
107500	0.01	0.77	0.77	0	0	0.01
107600	0.02	0.77	0.77	0	0	0.02
107700	0.04	0.77	0.77	0	0	0.04
107800	0.04	0.77	0.77	0	0	0.04
107900	0.04	0.77	0.77	0	0	0.04
108000	0.03	0.77	0.77	0	0	0.03
108100	0.03	0.77	0.77	0	0	0.03
108200	0.02	0.77	0.77	0	0	0.02
108300	0.01	0.77	0.77	0	0	0.01
108400	0.01	0.77	0.77	0	0	0.01
108500	0.01	0.77	0.77	0	0	0.01
108600	0.01	0.77	0.77	0	0	0.01
108700	0.01	0.77	0.77	0	0	0.01
108800	0.01	0.77	0.77	0	0	0.01
108900	0.02	0.77	0.77	0	0	0.02
109000	0.01	0.77	0.77	0	0	0.01
109100	0	0.77	0.77	0	0	0
109200	0	0.77	0.77	0	0	0
109300	0	0.77	0.77	0	0	0
109400	0	0.77	0.77	0	0	0
109500	0	0.77	0.77	0	0	0
109600	0.01	0.77	0.77	0	0	0.01
109700	0	0.77	0.77	0	0	0
109800	0	0.77	0.77	0	0	0
109900	0	0.77	0.77	0	0	0
110000	0	0.77	0.77	0	0	0
110100	0.01	0.77	0.77	0	0	0.01
110200	0.01	0.77	0.77	0	0	0.01
110300	0.01	0.77	0.77	0	0	0.01
110400	0.01	0.77	0.77	0	0	0.01
110500	0.01	0.77	0.77	0	0	0.01
110600	0.01	0.77	0.77	0	0	0.01
110700	0	0.77	0.77	0	0	0
110800	0	0.77	0.77	0	0	0
110900	0.01	0.77	0.77	0	0	0.01
111000	0.01	0.77	0.77	0	0	0.01
111100	0.01	0.77	0.77	0	0	0.01
111200	0.01	0.77	0.77	0	0	0.01
111300	0.01	0.77	0.77	0	0	0.01
111400	0.01	0.77	0.77	0	0	0.01
111500	0.01	0.77	0.77	0	0	0.01
111600	0.01	0.77	0.77	0	0	0.01
111700	0.01	0.77	0.77	0	0	0.01
111800	0	0.77	0.77	0	0	0
111900	0.01	0.77	0.77	0	0	0.01
112000	0.01	0.77	0.77	0	0	0.01
112100	0.01	0.77	0.77	0	0	0.01
112200	0.01	0.77	0.77	0	0	0.01
112300	0	0.77	0.77	0	0	0
112400	0	0.77	0.77	0	0	0
112500	0	0.77	0.77	0	0	0
112600	0	0.77	0.77	0	0	0
112700	0	0.77	0.77	0	0	0
112800	0.02	0.77	0.77	0	0	0.02
112900	0.02	0.78	0.78	0	0	0.02
113000	0.02	0.78	0.78	0	0	0.02
113100	0.02	0.78	0.78	0	0	0.02
113200	0.02	0.78	0.78	0	0	0.02
113300	0.01	0.78	0.78	0	0	0.01
113400	0	0.78	0.78	0	0	0
113500	0	0.77	0.77	0	0	0
113600	0.01	0.77	0.77	0	0	0.01
113700	0.01	0.77	0.77	0	0	0.01
113800	0.01	0.77	0.77	0	0	0.01
113900	0.02	0.77	0.77	0	0	0.02
114000	0.02	0.77	0.77	0	0	0.02
114100	0.02	0.77	0.77	0	0	0.02
114200	0.02	0.77	0.77	0	0	0.02
114300	0.02	0.77	0.77	0	0	0.02
114400	0.02	0.77	0.77	0	0	0.02
114500	0.01	0.77	0.77	0	0	0.01
114600	0.02	0.77	0.77	0	0	0.02
114700	0.01	0.77	0.77	0	0	0.01
114800	0	0.77	0.77	0	0	0
114900	0.01	0.77	0.77	0	0	0.01
115000	0.01	0.77	0.77	0	0	0.01
115100	0.02	0.77	0.77	0	0	0.02
115200	0.03	0.77	0.77	0	0	0.03
115300	0.04	0.77	0.77	0	0	0.04
115400	0.04	0.77	0.77	0	0	0.04
115500	0.03	0.77	0.77	0	0	0.03
115600	0.01	0.77	0.77	0	0	0.01
115700	0.01	0.77	0.77	0	0	0.01
115800	0.01	0.77	0.77	0	0	0.01
115900	0.02	0.77	0.77	0	0	0.02
116000	0.03	0.77	0.77	0	0	0.03
116100	0.02	0.77	0.77	0	0	0.02
116200	0.02	0.77	0.77	0	0	0.02
116300	0	0.77	0.77	0	0	0
116400	0.01	0.77	0.77	0	0	0.01
116500	0.01	0.77	0.77	0	0	0.01
116600	0.02	0.77	0.77	0	0	0.02
116700	0.03	0.77	0.77	0	0	0.03
116800	0.03	0.77	0.77	0	0	0.03
116900	0.02	0.77	0.77	0	0	0.02
117000	0.02	0.77	0.77	0	0	0.02
117100	0.01	0.77	0.77	0	0	0.01
117200	0.01	0.77	0.77	0	0	0.01
117300	0	0.77	0.77	0	0	0
117400	0	0.77	0.77	0	0	0
117500	0	0.77	0.77	0	0	0
117600	0	0.77	0.77	0	0	0
117700	0	0.77	0.77	0	0	0
117800	0.01	0.77	0.77	0	0	0.01
117900	0.02	0.77	0.77	0	0	0.02
118000	0.02	0.77	0.77	0	0	0.02
118100	0.02	0.77	0.77	0	0	0.02
118200	0.03	0.77	0.77	0	0	0.03
118300	0.03	0.77	0.77	0	0	0.03
118400	0.03	0.77	0.77	0	0	0.03
118500	0.01	0.77	0.77	0	0	0.01
118600	0.02	0.77	0.77	0	0	0.02
118700	0.01	0.77	0.77	0	0	0.01
118800	0.01	0.77	0.77	0	0	0.01
118900	0.01	0.77	0.77	0	0	0.01
119000	0.01	0.77	0.77	0	0	0.01
119100	0.01	0.77	0.77	0	0	0.01
119200	0.01	0.77	0.77	0	0	0.01
119300	0.02	0.77	0.77	0	0	0.02
119400	0.01	0.77	0.77	0	0	0.01
119500	0.02	0.77	0.77	0	0	0.02
119600	0.02	0.77	0.77	0	0	0.02
119700	0.01	0.77	0.77	0	0	0.01
119800	0.02	0.77	0.77	0	0	0.02
119900	0.04	0.77	0.77	0	0	0.04
120000	0.03	0.77	0.77	0	0	0.03
120100	0.02	0.77	0.77	0	0	0.02
120200	0.01	0.77	0.77	0	0	0.01
120300	0	0.77	0.77	0	0	0
120400	0	0.77	0.77	0	0	0
120500	0	0.77	0.77	0	0	0
120600	0	0.77	0.77	0	0	0
120700	0	0.77	0.77	0	0	0
120800	0	0.77	0.77	0	0	0
120900	0	0.77	0.77	0	0	0
121000	0.02	0.77	0.77	0	0	0.02
121100	0.01	0.77	0.77	0	0	0.01
121200	0.01	0.77	0.77	0	0	0.01
121300	0	0.77	0.77	0	0	0
121400	0	0.77	0.77	0	0	0
121500	0	0.77	0.77	0	0	0
121600	0	0.77	0.77	0	0	0
121700	0.01	0.77	0.77	0	0	0.01
121800	0	0.78	0.78	0	0	0
121900	0	0.78	0.78	0	0	0
122000	0.01	0.78	0.78	0	0	0.01
122100	0.01	0.78	0.78	0	0	0.01
122200	0.01	0.78	0.78	0	0	0.01
122300	0.01	0.78	0.78	0	0	0.01
122400	0.01	0.78	0.78	0	0	0.01
122500	0.01	0.78	0.78	0	0	0.01
122600	0.01	0.78	0.78	0	0	0.01
122700	0.03	0.78	0.78	0	0	0.03
122800	0.03	0.78	0.78	0	0	0.03
122900	0.02	0.78	0.78	0	0	0.02
123000	0.01	0.78	0.78	0	0	0.01
123100	0.01	0.78	0.78	0	0	0.01
123200	0.01	0.79	0.79	0	0	0.01
123300	0.01	0.79	0.79	0	0	0.01
123400	0.01	0.79	0.79	0	0	0.01
123500	0	0.79	0.79	0	0	0
123600	0.01	0.79	0.79	0	0	0.01
123700	0.02	0.79	0.79	0	0	0.02
123800	0.03	0.79	0.79	0	0	0.03
123900	0.03	0.79	0.79	0	0	0.03
124000	0.02	0.79	0.79	0	0	0.02
124100	0.02	0.79	0.79	0	0	0.02
124200	0	0.79	0.79	0	0	0
124300	0	0.79	0.79	0	0	0
124400	0	0.79	0.79	0	0	0
124500	0.01	0.79	0.79	0	0	0.01
124600	0.01	0.79	0.79	0	0	0.01
124700	0.01	0.79	0.79	0	0	0.01
124800	0.01	0.79	0.79	0	0	0.01
124900	0.01	0.79	0.79	0	0	0.01
125000	0	0.79	0.79	0	0	0
125100	0	0.79	0.79	0	0	0
125200	0	0.79	0.79	0	0	0
125300	0	0.79	0.79	0	0	0
125400	0.01	0.79	0.79	0	0	0.01
125500	0.01	0.79	0.79	0	0	0.01
125600	0.02	0.79	0.79	0	0	0.02
125700	0.02	0.79	0.79	0	0	0.02
125800	0.03	0.79	0.79	0	0	0.03
125900	0.02	0.79	0.79	0	0	0.02
126000	0.02	0.79	0.79	0	0	0.02
126100	0.03	0.79	0.79	0	0	0.03
126200	0.03	0.79	0.79	0	0	0.03
126300	0.03	0.79	0.79	0	0	0.03
126400	0.02	0.79	0.79	0	0	0.02
126500	0.01	0.79	0.79	0	0	0.01
126600	0.01	0.79	0.79	0	0	0.01
126700	0.01	0.79	0.79	0	0	0.01
126800	0.01	0.79	0.79	0	0	0.01
126900	0	0.79	0.79	0	0	0
127000	0	0.79	0.79	0	0	0
127100	0	0.79	0.79	0	0	0
127200	0	0.79	0.79	0	0	0
127300	0.01	0.79	0.79	0	0	0.01
127400	0.01	0.79	0.79	0	0	0.01
127500	0.02	0.79	0.79	0	0	0.02
127600	0.03	0.79	0.79	0	0	0.03
127700	0.03	0.79	0.79	0	0	0.03
127800	0.02	0.79	0.79	0	0	0.02
127900	0.02	0.79	0.79	0	0	0.02
128000	0.02	0.79	0.79	0	0	0.02
128100	0.03	0.79	0.79	0	0	0.03
128200	0.03	0.79	0.79	0	0	0.03
128300	0.02	0.79	0.79	0	0	0.02
128400	0.02	0.79	0.79	0	0	0.02
128500	0.05	0.79	0.79	0	0	0.05
128600	0.03	0.79	0.79	0	0	0.03
128700	0.02	0.79	0.79	0	0	0.02
128800	0.01	0.79	0.79	0	0	0.01
128900	0.01	0.79	0.79	0	0	0.01
129000	0.01	0.79	0.79	0	0	0.01
129100	0	0.79	0.79	0	0	0
129200	0	0.79	0.79	0	0	0
129300	0	0.79	0.79	0	0	0
129400	0	0.79	0.79	0	0	0
129500	0	0.79	0.79	0	0	0
129600	0.01	0.79	0.79	0	0	0.01
129700	0.02	0.79	0.79	0	0	0.02
129800	0.03	0.79	0.79	0	0	0.03
129900	0.03	0.79	0.79	0	0	0.03
130000	0.02	0.79	0.79	0	0	0.02
130100	0.01	0.79	0.79	0	0	0.01
130200	0.01	0.79	0.79	0	0	0.01
130300	0	0.79	0.79	0	0	0
130400	0	0.79	0.79	0	0	0
130500	0	0.79	0.79	0	0	0
130600	0	0.79	0.79	0	0	0
130700	0.01	0.79	0.79	0	0	0.01
130800	0.01	0.79	0.79	0	0	0.01
130900	0.01	0.79	0.79	0	0	0.01
131000	0	0.79	0.79	0	0	0
131100	0.01	0.79	0.79	0	0	0.01
131200	0.01	0.79	0.79	0	0	0.01
131300	0.01	0.79	0.79	0	0	0.01
131400	0.01	0.79	0.79	0	0	0.01
131500	0	0.79	0.79	0	0	0
131600	0	0.79	0.79	0	0	0
131700	0	0.79	0.79	0	0	0
131800	0	0.79	0.79	0	0	0
131900	0.01	0.79	0.79	0	0	0.01
132000	0.01	0.79	0.79	0	0	0.01
132100	0.01	0.79	0.79	0	0	0.01
132200	0.01	0.79	0.79	0	0	0.01
132300	0.02	0.79	0.79	0	0	0.02
132400	0.02	0.79	0.79	0	0	0.02
132500	0.01	0.79	0.79	0	0	0.01
132600	0	0.79	0.79	0	0	0
132700	0	0.79	0.79	0	0	0
132800	0	0.79	0.79	0	0	0
132900	0	0.79	0.79	0	0	0
133000	0	0.78	0.78	0	0	0
133100	0.01	0.78	0.78	0	0	0.01
133200	0.01	0.78	0.78	0	0	0.01
133300	0.02	0.78	0.78	0	0	0.02
133400	0.02	0.78	0.78	0	0	0.02
133500	0.02	0.78	0.78	0	0	0.02
133600	0.01	0.78	0.78	0	0	0.01
133700	0.02	0.78	0.78	0	0	0.02
133800	0.01	0.78	0.78	0	0	0.01
133900	0.01	0.79	0.79	0	0	0.01
134000	0.01	0.79	0.79	0	0	0.01
134100	0.01	0.79	0.79	0	0	0.01
134200	0.01	0.79	0.79	0	0	0.01
134300	0.01	0.79	0.79	0	0	0.01
134400	0.01	0.79	0.79	0	0	0.01
134500	0.01	0.79	0.79	0	0	0.01
134600	0	0.79	0.79	0	0	0
134700	0	0.79	0.79	0	0	0
134800	0	0.79	0.79	0	0	0
134900	0	0.79	0.79	0	0	0
135000	0	0.79	0.79	0	0	0
135100	0.03	0.79	0.79	0	0	0.03
135200	0.03	0.79	0.79	0	0	0.03
135300	0.01	0.79	0.79	0	0	0.01
135400	0.02	0.79	0.79	0	0	0.02
135500	0.01	0.79	0.79	0	0	0.01
135600	0.01	0.79	0.79	0	0	0.01
135700	0.01	0.79	0.79	0	0	0.01
135800	0	0.79	0.79	0	0	0
135900	0	0.79	0.79	0	0	0
136000	0	0.79	0.79	0	0	0
136100	0	0.79	0.79	0	0	0
136200	0	0.79	0.79	0	0	0
136300	0	0.79	0.79	0	0	0
136400	0.01	0.79	0.79	0	0	0.01
136500	0.01	0.79	0.79	0	0	0.01
136600	0.01	0.79	0.79	0	0	0.01
136700	0.01	0.79	0.79	0	0	0.01
136800	0.01	0.79	0.79	0	0	0.01
136900	0.01	0.79	0.79	0	0	0.01
137000	0	0.79	0.79	0	0	0
137100	0	0.79	0.79	0	0	0
137200	0	0.79	0.79	0	0	0
137300	0	0.79	0.79	0	0	0
137400	0.01	0.79	0.79	0	0	0.01
137500	0.01	0.79	0.79	0	0	0.01
137600	0.01	0.79	0.79	0	0	0.01
137700	0.01	0.79	0.79	0	0	0.01
137800	0.01	0.79	0.79	0	0	0.01
137900	0	0.79	0.79	0	0	0
138000	0	0.79	0.79	0	0	0
138100	0.01	0.79	0.79	0	0	0.01
138200	0.01	0.79	0.79	0	0	0.01
138300	0.02	0.79	0.79	0	0	0.02
138400	0.03	0.79	0.79	0	0	0.03
138500	0.03	0.79	0.79	0	0	0.03
138600	0.02	0.79	0.79	0	0	0.02
138700	0.01	0.79	0.79	0	0	0.01
138800	0.01	0.79	0.79	0	0	0.01
138900	0.02	0.79	0.79	0	0	0.02
139000	0.02	0.79	0.79	0	0	0.02
139100	0.03	0.79	0.79	0	0	0.03
139200	0.02	0.79	0.79	0	0	0.02
139300	0.02	0.79	0.79	0	0	0.02
139400	0.02	0.79	0.79	0	0	0.02
139500	0.02	0.79	0.79	0	0	0.02
139600	0.02	0.79	0.79	0	0	0.02
139700	0.01	0.79	0.79	0	0	0.01
139800	0	0.79	0.79	0	0	0
139900	0	0.79	0.79	0	0	0
140000	0	0.79	0.79	0	0	0
140100	0	0.79	0.79	0	0	0
140200	0	0.79	0.79	0	0	0
140300	0	0.79	0.79	0	0	0
140400	0	0.79	0.79	0	0	0
140500	0	0.79	0.79	0	0	0
140600	0.01	0.79	0.79	0	0	0.01
140700	0.01	0.79	0.79	0	0	0.01
140800	0	0.79	0.79	0	0	0
140900	0	0.79	0.79	0	0	0
141000	0	0.79	0.79	0	0	0
141100	0.01	0.79	0.79	0	0	0.01
141200	0.02	0.79	0.79	0	0	0.02
141300	0.02	0.79	0.79	0	0	0.02
141400	0.01	0.79	0.79	0	0	0.01
141500	0.01	0.79	0.79	0	0	0.01
141600	0.01	0.78	0.78	0	0	0.01
141700	0	0.78	0.78	0	0	0
141800	0	0.79	0.79	0	0	0
141900	0.02	0.78	0.78	0	0	0.02
142000	0.01	0.78	0.78	0	0	0.01
142100	0.01	0.78	0.78	0	0	0.01
142200	0.01	0.78	0.78	0	0	0.01
142300	0.01	0.78	0.78	0	0	0.01
142400	0.02	0.78	0.78	0	0	0.02
142500	0.01	0.78	0.78	0	0	0.01
142600	0	0.78	0.78	0	0	0
142700	0	0.78	0.78	0	0	0
142800	0	0.78	0.78	0	0	0
142900	0	0.78	0.78	0	0	0
143000	0	0.78	0.78	0	0	0
143100	0	0.78	0.78	0	0	0
143200	0.01	0.78	0.78	0	0	0.01
143300	0.01	0.78	0.78	0	0	0.01
143400	0.01	0.78	0.78	0	0	0.01
143500	0.02	0.78	0.78	0	0	0.02
143600	0.02	0.78	0.78	0	0	0.02
143700	0.02	0.78	0.78	0	0	0.02
143800	0.01	0.78	0.78	0	0	0.01
143900	0.02	0.78	0.78	0	0	0.02
144000	0.01	0.78	0.78	0	0	0.01
144100	0.02	0.78	0.78	0	0	0.02
144200	0.02	0.78	0.78	0	0	0.02
144300	0.01	0.78	0.78	0	0	0.01
144400	0.01	0.78	0.78	0	0	0.01
144500	0.01	0.78	0.78	0	0	0.01
144600	0	0.78	0.78	0	0	0
144700	0	0.78	0.78	0	0	0
144800	0.01	0.78	0.78	0	0	0.01
144900	0.03	0.78	0.78	0	0	0.03
145000	0.03	0.79	0.79	0	0	0.03
145100	0.02	0.79	0.79	0	0	0.02
145200	0.02	0.79	0.79	0	0	0.02
145300	0.02	0.79	0.79	0	0	0.02
145400	0.02	0.79	0.79	0	0	0.02
145500	0.01	0.79	0.79	0	0	0.01
145600	0	0.79	0.79	0	0	0
145700	0	0.79	0.79	0	0	0
145800	0	0.79	0.79	0	0	0
145900	0	0.79	0.79	0	0	0
146000	0.01	0.79	0.79	0	0	0.01
146100	0.01	0.79	0.79	0	0	0.01
146200	0	0.79	0.79	0	0	0
146300	0	0.79	0.79	0	0	0
146400	0	0.79	0.79	0	0	0
146500	0	0.79	0.79	0	0	0
146600	0	0.79	0.79	0	0	0
146700	0.01	0.79	0.79	0	0	0.01
146800	0.02	0.79	0.79	0	0	0.02
146900	0.02	0.79	0.79	0	0	0.02
147000	0.02	0.79	0.79	0	0	0.02
147100	0.02	0.79	0.79	0	0	0.02
147200	0.02	0.79	0.79	0	0	0.02
147300	0.03	0.79	0.79	0	0	0.03
147400	0.02	0.79	0.79	0	0	0.02
147500	0.03	0.79	0.79	0	0	0.03
147600	0.03	0.79	0.79	0	0	0.03
147700	0.03	0.79	0.79	0	0	0.03
147800	0.01	0.79	0.79	0	0	0.01
147900	0.01	0.79	0.79	0	0	0.01
148000	0.01	0.79	0.79	0	0	0.01
148100	0	0.79	0.79	0	0	0
148200	0	0.79	0.79	0	0	0
148300	0	0.79	0.79	0	0	0
148400	0.01	0.79	0.79	0	0	0.01
148500	0.01	0.79	0.79	0	0	0.01
148600	0.01	0.79	0.79	0	0	0.01
148700	0.01	0.79	0.79	0	0	0.01
148800	0.02	0.79	0.79	0	0	0.02
148900	0.02	0.79	0.79	0	0	0.02
149000	0.02	0.79	0.79	0	0	0.02
149100	0.02	0.79	0.79	0	0	0.02
149200	0.02	0.79	0.79	0	0	0.02
149300	0	0.79	0.79	0	0	0
149400	0.01	0.79	0.79	0	0	0.01
149500	0.02	0.79	0.79	0	0	0.02
149600	0.02	0.79	0.79	0	0	0.02
149700	0.02	0.79	0.79	0	0	0.02
149800	0.03	0.79	0.79	0	0	0.03
149900	0.03	0.79	0.79	0	0	0.03
150000	0.02	0.79	0.79	0	0	0.02
150100	0.02	0.79	0.79	0	0	0.02
150200	0.02	0.79	0.79	0	0	0.02
150300	0.02	0.79	0.79	0	0	0.02
150400	0	0.79	0.79	0	0	0
150500	0	0.79	0.79	0	0	0
150600	0.01	0.79	0.79	0	0	0.01
150700	0.01	0.79	0.79	0	0	0.01
150800	0.01	0.79	0.79	0	0	0.01
150900	0.02	0.79	0.79	0	0	0.02
151000	0.02	0.79	0.79	0	0	0.02
151100	0.02	0.79	0.79	0	0	0.02
151200	0.01	0.79	0.79	0	0	0.01
151300	0.01	0.79	0.79	0	0	0.01
151400	0	0.79	0.79	0	0	0
151500	0	0.79	0.79	0	0	0
151600	0	0.79	0.79	0	0	0
151700	0	0.79	0.79	0	0	0
151800	0.01	0.79	0.79	0	0	0.01
151900	0.01	0.79	0.79	0	0	0.01
152000	0.01	0.79	0.79	0	0	0.01
152100	0.02	0.79	0.79	0	0	0.02
152200	0.03	0.79	0.79	0	0	0.03
152300	0.03	0.79	0.79	0	0	0.03
152400	0.04	0.79	0.79	0	0	0.04
152500	0.04	0.79	0.79	0	0	0.04
152600	0.03	0.79	0.79	0	0	0.03
152700	0.01	0.79	0.79	0	0	0.01
152800	0	0.79	0.79	0	0	0
152900	0	0.79	0.79	0	0	0
153000	0	0.79	0.79	0	0	0
153100	0	0.79	0.79	0	0	0
153200	0	0.79	0.79	0	0	0
153300	0.01	0.79	0.79	0	0	0.01
153400	0.01	0.79	0.79	0	0	0.01
153500	0.01	0.79	0.79	0	0	0.01
153600	0.01	0.79	0.79	0	0	0.01
153700	0.01	0.79	0.79	0	0	0.01
153800	0	0.79	0.79	0	0	0
153900	0	0.79	0.79	0	0	0
154000	0	0.79	0.79	0	0	0
154100	0	0.79	0.79	0	0	0
154200	0	0.79	0.79	0	0	0
154300	0	0.79	0.79	0	0	0
154400	0.01	0.79	0.79	0	0	0.01
154500	0.01	0.79	0.79	0	0	0.01
154600	0.01	0.79	0.79	0	0	0.01
154700	0.01	0.79	0.79	0	0	0.01
154800	0.01	0.79	0.79	0	0	0.01
154900	0.01	0.79	0.79	0	0	0.01
155000	0	0.79	0.79	0	0	0
155100	0	0.79	0.79	0	0	0
155200	0	0.79	0.79	0	0	0
155300	0	0.79	0.79	0	0	0
155400	0	0.79	0.79	0	0	0
155500	0	0.79	0.79	0	0	0
155600	0	0.79	0.79	0	0	0
155700	0	0.79	0.79	0	0	0
155800	0	0.79	0.79	0	0	0
155900	0	0.79	0.79	0	0	0
156000	0.01	0.79	0.79	0	0	0.01
156100	0.01	0.79	0.79	0	0	0.01
156200	0.01	0.79	0.79	0	0	0.01
156300	0.01	0.79	0.79	0	0	0.01
156400	0.01	0.79	0.79	0	0	0.01
156500	0	0.79	0.79	0	0	0
156600	0	0.79	0.79	0	0	0
156700	0	0.79	0.79	0	0	0
156800	0	0.79	0.79	0	0	0
156900	0.02	0.79	0.79	0	0	0.02
157000	0.02	0.79	0.79	0	0	0.02
157100	0.02	0.79	0.79	0	0	0.02
157200	0.03	0.79	0.79	0	0	0.03
157300	0.04	0.79	0.79	0	0	0.04
157400	0.03	0.79	0.79	0	0	0.03
157500	0	0.79	0.79	0	0	0
157600	0	0.79	0.79	0	0	0
157700	0	0.79	0.79	0	0	0
157800	0	0.79	0.79	0	0	0
157900	0	0.79	0.79	0	0	0
158000	0	0.79	0.79	0	0	0
158100	0	0.79	0.79	0	0	0
158200	0	0.79	0.79	0	0	0
158300	0	0.79	0.79	0	0	0
158400	0	0.79	0.79	0	0	0
158500	0.01	0.79	0.79	0	0	0.01
158600	0.01	0.79	0.79	0	0	0.01
158700	0.02	0.79	0.79	0	0	0.02
158800	0.02	0.79	0.79	0	0	0.02
158900	0.03	0.79	0.79	0	0	0.03
159000	0.02	0.79	0.79	0	0	0.02
159100	0.02	0.79	0.79	0	0	0.02
159200	0.02	0.79	0.79	0	0	0.02
159300	0.01	0.79	0.79	0	0	0.01
159400	0	0.79	0.79	0	0	0
159500	0.01	0.79	0.79	0	0	0.01
159600	0.02	0.79	0.79	0	0	0.02
159700	0.02	0.79	0.79	0	0	0.02
159800	0.01	0.79	0.79	0	0	0.01
159900	0.03	0.79	0.79	0	0	0.03
160000	0.03	0.79	0.79	0	0	0.03
160100	0.02	0.79	0.79	0	0	0.02
160200	0.03	0.79	0.79	0	0	0.03
160300	0.04	0.79	0.79	0	0	0.04
160400	0.02	0.79	0.79	0	0	0.02
160500	0.02	0.79	0.79	0	0	0.02
160600	0.01	0.78	0.78	0	0	0.01
160700	0.02	0.78	0.78	0	0	0.02
160800	0.02	0.78	0.78	0	0	0.02
160900	0.02	0.78	0.78	0	0	0.02
161000	0.03	0.78	0.78	0	0	0.03
161100	0.03	0.78	0.78	0	0	0.03
161200	0.03	0.78	0.78	0	0	0.03
161300	0.02	0.78	0.78	0	0	0.02
161400	0.02	0.78	0.78	0	0	0.02
161500	0.02	0.78	0.78	0	0	0.02
161600	0.02	0.78	0.78	0	0	0.02
161700	0.01	0.78	0.78	0	0	0.01
161800	0.01	0.78	0.78	0	0	0.01
161900	0.01	0.78	0.78	0	0	0.01
162000	0.01	0.78	0.78	0	0	0.01
162100	0.01	0.79	0.79	0	0	0.01
162200	0.01	0.79	0.79	0	0	0.01
162300	0.01	0.79	0.79	0	0	0.01
162400	0.01	0.79	0.79	0	0	0.01
162500	0.02	0.79	0.79	0	0	0.02
162600	0.03	0.79	0.79	0	0	0.03
162700	0.02	0.79	0.79	0	0	0.02
162800	0.02	0.79	0.79	0	0	0.02
162900	0.02	0.79	0.79	0	0	0.02
163000	0.02	0.79	0.79	0	0	0.02
163100	0.01	0.79	0.79	0	0	0.01
163200	0.01	0.79	0.79	0	0	0.01
163300	0.02	0.79	0.79	0	0	0.02
163400	0.01	0.79	0.79	0	0	0.01
163500	0	0.79	0.79	0	0	0
163600	0	0.79	0.79	0	0	0
163700	0	0.79	0.79	0	0	0
163800	0	0.79	0.79	0	0	0
163900	0	0.79	0.79	0	0	0
164000	0	0.79	0.79	0	0	0
164100	0.01	0.79	0.79	0	0	0.01
164200	0.01	0.79	0.79	0	0	0.01
164300	0.01	0.79	0.79	0	0	0.01
164400	0.01	0.79	0.79	0	0	0.01
164500	0.01	0.79	0.79	0	0	0.01
164600	0	0.79	0.79	0	0	0
164700	0.01	0.79	0.79	0	0	0.01
164800	0.01	0.79	0.79	0	0	0.01
164900	0.01	0.79	0.79	0	0	0.01
165000	0.01	0.79	0.79	0	0	0.01
165100	0	0.79	0.79	0	0	0
165200	0	0.79	0.79	0	0	0
165300	0	0.79	0.79	0	0	0
165400	0	0.78	0.78	0	0	0
165500	0	0.78	0.78	0	0	0
165600	0	0.78	0.78	0	0	0
165700	0	0.78	0.78	0	0	0
165800	0.01	0.78	0.78	0	0	0.01
165900	0.01	0.78	0.78	0	0	0.01
166000	0.01	0.78	0.78	0	0	0.01
166100	0.01	0.78	0.78	0	0	0.01
166200	0.03	0.78	0.78	0	0	0.03
166300	0.02	0.78	0.78	0	0	0.02
166400	0.03	0.78	0.78	0	0	0.03
166500	0.01	0.78	0.78	0	0	0.01
166600	0.01	0.78	0.78	0	0	0.01
166700	0.02	0.78	0.78	0	0	0.02
166800	0.02	0.78	0.78	0	0	0.02
166900	0.02	0.78	0.78	0	0	0.02
167000	0.01	0.78	0.78	0	0	0.01
167100	0.01	0.78	0.78	0	0	0.01
167200	0.01	0.78	0.78	0	0	0.01
167300	0	0.78	0.78	0	0	0
167400	0	0.78	0.78	0	0	0
167500	0	0.78	0.78	0	0	0
167600	0.01	0.78	0.78	0	0	0.01
167700	0.01	0.78	0.78	0	0	0.01
167800	0.01	0.78	0.78	0	0	0.01
167900	0.01	0.78	0.78	0	0	0.01
168000	0.02	0.78	0.78	0	0	0.02
168100	0.02	0.78	0.78	0	0	0.02
168200	0.03	0.78	0.78	0	0	0.03
168300	0.02	0.78	0.78	0	0	0.02
168400	0.03	0.78	0.78	0	0	0.03
168500	0.02	0.78	0.78	0	0	0.02
168600	0.02	0.79	0.79	0	0	0.02
168700	0.01	0.79	0.79	0	0	0.01
168800	0.01	0.79	0.79	0	0	0.01
168900	0	0.79	0.79	0	0	0
169000	0.01	0.79	0.79	0	0	0.01
169100	0.01	0.79	0.79	0	0	0.01
169200	0.01	0.79	0.79	0	0	0.01
169300	0.01	0.79	0.79	0	0	0.01
169400	0	0.79	0.79	0	0	0
169500	0	0.79	0.79	0	0	0
169600	0	0.79	0.79	0	0	0
169700	0.01	0.79	0.79	0	0	0.01
169800	0.02	0.79	0.79	0	0	0.02
169900	0.02	0.79	0.79	0	0	0.02
170000	0.02	0.79	0.79	0	0	0.02
170100	0.02	0.79	0.79	0	0	0.02
170200	0.01	0.79	0.79	0	0	0.01
170300	0	0.79	0.79	0	0	0
170400	0.01	0.79	0.79	0	0	0.01
170500	0.01	0.79	0.79	0	0	0.01
170600	0.02	0.79	0.79	0	0	0.02
170700	0.02	0.79	0.79	0	0	0.02
170800	0.02	0.79	0.79	0	0	0.02
170900	0.02	0.79	0.79	0	0	0.02
171000	0	0.79	0.79	0	0	0
171100	0	0.79	0.79	0	0	0
171200	0	0.79	0.79	0	0	0
171300	0	0.79	0.79	0	0	0
171400	0	0.79	0.79	0	0	0
171500	0	0.79	0.79	0	0	0
171600	0	0.79	0.79	0	0	0
171700	0	0.79	0.79	0	0	0
171800	0	0.79	0.79	0	0	0
171900	0.02	0.79	0.79	0	0	0.02
172000	0.02	0.79	0.79	0	0	0.02
172100	0.02	0.79	0.79	0	0	0.02
172200	0.04	0.79	0.79	0	0	0.04
172300	0.03	0.79	0.79	0	0	0.03
172400	0.04	0.79	0.79	0	0	0.04
172500	0.05	0.79	0.79	0	0	0.05
172600	0.03	0.79	0.79	0	0	0.03
172700	0.01	0.79	0.79	0	0	0.01
172800	0.02	0.79	0.79	0	0	0.02
172900	0.02	0.79	0.79	0	0	0.02
173000	0.02	0.79	0.79	0	0	0.02
173100	0	0.79	0.79	0	0	0
173200	0	0.79	0.79	0	0	0
173300	0	0.79	0.79	0	0	0
173400	0	0.79	0.79	0	0	0
173500	0	0.79	0.79	0	0	0
173600	0	0.79	0.79	0	0	0
173700	0.01	0.79	0.79	0	0	0.01
173800	0.01	0.79	0.79	0	0	0.01
173900	0.01	0.79	0.79	0	0	0.01
174000	0.02	0.79	0.79	0	0	0.02
174100	0.02	0.79	0.79	0	0	0.02
174200	0.02	0.79	0.79	0	0	0.02
174300	0.01	0.79	0.79	0	0	0.01
174400	0.01	0.79	0.79	0	0	0.01
174500	0	0.79	0.79	0	0	0
174600	0	0.79	0.79	0	0	0
174700	0	0.79	0.79	0	0	0
174800	0	0.79	0.79	0	0	0
174900	0	0.79	0.79	0	0	0
175000	0	0.79	0.79	0	0	0
175100	0.01	0.79	0.79	0	0	0.01
175200	0.01	0.79	0.79	0	0	0.01
175300	0.01	0.79	0.79	0	0	0.01
175400	0.01	0.79	0.79	0	0	0.01
175500	0.01	0.79	0.79	0	0	0.01
175600	0.01	0.79	0.79	0	0	0.01
175700	0.01	0.79	0.79	0	0	0.01
175800	0.03	0.79	0.79	0	0	0.03
175900	0.03	0.79	0.79	0	0	0.03
176000	0.02	0.79	0.79	0	0	0.02
176100	0.02	0.79	0.79	0	0	0.02
176200	0.02	0.79	0.79	0	0	0.02
176300	0.01	0.79	0.79	0	0	0.01
176400	0.01	0.79	0.79	0	0	0.01
176500	0.01	0.79	0.79	0	0	0.01
176600	0.01	0.79	0.79	0	0	0.01
176700	0.01	0.79	0.79	0	0	0.01
176800	0.01	0.79	0.79	0	0	0.01
176900	0	0.79	0.79	0	0	0
177000	0	0.79	0.79	0	0	0
177100	0	0.79	0.79	0	0	0
177200	0.01	0.79	0.79	0	0	0.01
177300	0.01	0.79	0.79	0	0	0.01
177400	0.03	0.79	0.79	0	0	0.03
177500	0.03	0.79	0.79	0	0	0.03
177600	0.03	0.79	0.79	0	0	0.03
177700	0.03	0.79	0.79	0	0	0.03
177800	0.02	0.79	0.79	0	0	0.02
177900	0.01	0.79	0.79	0	0	0.01
178000	0.02	0.79	0.79	0	0	0.02
178100	0.02	0.79	0.79	0	0	0.02
178200	0.02	0.79	0.79	0	0	0.02
178300	0.02	0.79	0.79	0	0	0.02
178400	0.01	0.79	0.79	0	0	0.01
178500	0	0.79	0.79	0	0	0
178600	0	0.79	0.79	0	0	0
178700	0	0.79	0.79	0	0	0
178800	0	0.79	0.79	0	0	0
178900	0	0.79	0.79	0	0	0
179000	0	0.79	0.79	0	0	0
179100	0	0.79	0.79	0	0	0
179200	0	0.79	0.79	0	0	0
179300	0	0.79	0.79	0	0	0
179400	0	0.79	0.79	0	0	0
179500	0	0.79	0.79	0	0	0
179600	0	0.79	0.79	0	0	0
179700	0.02	0.79	0.79	0	0	0.02
179800	0.02	0.79	0.79	0	0	0.02
179900	0.02	0.79	0.79	0	0	0.02
180000	0.01	0.79	0.79	0	0	0.01
180100	0.01	0.79	0.79	0	0	0.01
180200	0.02	0.79	0.79	0	0	0.02
180300	0.01	0.79	0.79	0	0	0.01
180400	0.02	0.79	0.79	0	0	0.02
180500	0.02	0.79	0.79	0	0	0.02
180600	0.02	0.79	0.79	0	0	0.02
180700	0.02	0.79	0.79	0	0	0.02
180800	0.01	0.79	0.79	0	0	0.01
180900	0.01	0.79	0.79	0	0	0.01
181000	0.01	0.79	0.79	0	0	0.01
181100	0	0.79	0.79	0	0	0
181200	0	0.79	0.79	0	0	0
181300	0	0.79	0.79	0	0	0
181400	0	0.79	0.79	0	0	0
181500	0	0.79	0.79	0	0	0
181600	0	0.79	0.79	0	0	0
181700	0	0.79	0.79	0	0	0
181800	0.01	0.79	0.79	0	0	0.01
181900	0.02	0.79	0.79	0	0	0.02
182000	0.03	0.79	0.79	0	0	0.03
182100	0.04	0.79	0.79	0	0	0.04
182200	0.04	0.79	0.79	0	0	0.04
182300	0.05	0.79	0.79	0	0	0.05
182400	0.05	0.79	0.79	0	0	0.05
182500	0.03	0.79	0.79	0	0	0.03
182600	0.02	0.79	0.79	0	0	0.02
182700	0.01	0.79	0.79	0	0	0.01
182800	0.01	0.79	0.79	0	0	0.01
182900	0.02	0.79	0.79	0	0	0.02
183000	0.02	0.79	0.79	0	0	0.02
183100	0.02	0.79	0.79	0	0	0.02
183200	0.02	0.79	0.79	0	0	0.02
183300	0.01	0.79	0.79	0	0	0.01
183400	0.01	0.79	0.79	0	0	0.01
183500	0.02	0.79	0.79	0	0	0.02
183600	0.02	0.79	0.79	0	0	0.02
183700	0.02	0.79	0.79	0	0	0.02
183800	0.02	0.79	0.79	0	0	0.02
183900	0.01	0.79	0.79	0	0	0.01
184000	0	0.79	0.79	0	0	0
184100	0	0.79	0.79	0	0	0
184200	0	0.79	0.79	0	0	0
184300	0	0.79	0.79	0	0	0
184400	0	0.79	0.79	0	0	0
184500	0	0.79	0.79	0	0	0
184600	0.01	0.79	0.79	0	0	0.01
184700	0.01	0.79	0.79	0	0	0.01
184800	0.01	0.79	0.79	0	0	0.01
184900	0.02	0.79	0.79	0	0	0.02
185000	0.02	0.79	0.79	0	0	0.02
185100	0.02	0.79	0.79	0	0	0.02
185200	0.01	0.79	0.79	0	0	0.01
185300	0.01	0.79	0.79	0	0	0.01
185400	0.01	0.79	0.79	0	0	0.01
185500	0.01	0.79	0.79	0	0	0.01
185600	0.02	0.79	0.79	0	0	0.02
185700	0.02	0.79	0.79	0	0	0.02
185800	0.02	0.79	0.79	0	0	0.02
185900	0.02	0.79	0.79	0	0	0.02
186000	0.03	0.79	0.79	0	0	0.03
186100	0.02	0.79	0.79	0	0	0.02
186200	0.01	0.79	0.79	0	0	0.01
186300	0	0.79	0.79	0	0	0
186400	0.01	0.79	0.79	0	0	0.01
186500	0.01	0.79	0.79	0	0	0.01
186600	0.01	0.79	0.79	0	0	0.01
186700	0.01	0.79	0.79	0	0	0.01
186800	0.01	0.79	0.79	0	0	0.01
186900	0.01	0.79	0.79	0	0	0.01
187000	0	0.79	0.79	0	0	0
187100	0	0.79	0.79	0	0	0
187200	0	0.79	0.79	0	0	0
187300	0.01	0.79	0.79	0	0	0.01
187400	0.01	0.79	0.79	0	0	0.01
187500	0.01	0.79	0.79	0	0	0.01
187600	0.01	0.79	0.79	0	0	0.01
187700	0.01	0.79	0.79	0	0	0.01
187800	0.01	0.79	0.79	0	0	0.01
187900	0	0.78	0.78	0	0	0
188000	0	0.78	0.78	0	0	0
188100	0	0.78	0.78	0	0	0
188200	0	0.78	0.78	0	0	0
188300	0	0.78	0.78	0	0	0
188400	0	0.78	0.78	0	0	0
188500	0.03	0.78	0.78	0	0	0.03
188600	0.03	0.78	0.78	0	0	0.03
188700	0.03	0.78	0.78	0	0	0.03
188800	0.03	0.79	0.79	0	0	0.03
188900	0.02	0.79	0.79	0	0	0.02
189000	0.03	0.79	0.79	0	0	0.03
189100	0.02	0.79	0.79	0	0	0.02
189200	0.02	0.79	0.79	0	0	0.02
189300	0.01	0.79	0.79	0	0	0.01
189400	0	0.79	0.79	0	0	0
189500	0	0.79	0.79	0	0	0
189600	0.01	0.79	0.79	0	0	0.01
189700	0.01	0.79	0.79	0	0	0.01
189800	0.02	0.79	0.79	0	0	0.02
189900	0.03	0.79	0.79	0	0	0.03
190000	0.02	0.79	0.79	0	0	0.02
190100	0.02	0.79	0.79	0	0	0.02
190200	0.02	0.79	0.79	0	0	0.02
190300	0.02	0.79	0.79	0	0	0.02
190400	0.01	0.79	0.79	0	0	0.01
190500	0.01	0.79	0.79	0	0	0.01
190600	0.01	0.79	0.79	0	0	0.01
190700	0.01	0.79	0.79	0	0	0.01
190800	0.01	0.79	0.79	0	0	0.01
190900	0.02	0.79	0.79	0	0	0.02
191000	0.03	0.79	0.79	0	0	0.03
191100	0.01	0.79	0.79	0	0	0.01
191200	0.01	0.79	0.79	0	0	0.01
191300	0	0.79	0.79	0	0	0
191400	0	0.79	0.79	0	0	0
191500	0	0.79	0.79	0	0	0
191600	0	0.79	0.79	0	0	0
191700	0	0.79	0.79	0	0	0
191800	0	0.79	0.79	0	0	0
191900	0.02	0.79	0.79	0	0	0.02
192000	0.02	0.79	0.79	0	0	0.02
192100	0.02	0.79	0.79	0	0	0.02
192200	0.01	0.79	0.79	0	0	0.01
192300	0.01	0.79	0.79	0	0	0.01
192400	0.01	0.79	0.79	0	0	0.01
192500	0.01	0.79	0.79	0	0	0.01
192600	0.01	0.79	0.79	0	0	0.01
192700	0.02	0.79	0.79	0	0	0.02
192800	0.01	0.79	0.79	0	0	0.01
192900	0.01	0.79	0.79	0	0	0.01
193000	0.01	0.79	0.79	0	0	0.01
193100	0	0.79	0.79	0	0	0
193200	0	0.79	0.79	0	0	0
193300	0	0.79	0.79	0	0	0
193400	0	0.79	0.79	0	0	0
193500	0	0.79	0.79	0	0	0
193600	0	0.79	0.79	0	0	0
193700	0	0.79	0.79	0	0	0
193800	0	0.79	0.79	0	0	0
193900	0.01	0.79	0.79	0	0	0.01
194000	0.02	0.79	0.79	0	0	0.02
194100	0.02	0.79	0.79	0	0	0.02
194200	0.02	0.79	0.79	0	0	0.02
194300	0.03	0.79	0.79	0	0	0.03
194400	0.02	0.79	0.79	0	0	0.02
194500	0	0.79	0.79	0	0	0
194600	0.01	0.79	0.79	0	0	0.01
194700	0.02	0.79	0.79	0	0	0.02
194800	0.03	0.79	0.79	0	0	0.03
194900	0.03	0.79	0.79	0	0	0.03
195000	0.03	0.79	0.79	0	0	0.03
195100	0.02	0.79	0.79	0	0	0.02
195200	0.02	0.79	0.79	0	0	0.02
195300	0.01	0.79	0.79	0	0	0.01
195400	0.01	0.79	0.79	0	0	0.01
195500	0.01	0.79	0.79	0	0	0.01
195600	0.01	0.79	0.79	0	0	0.01
195700	0.01	0.79	0.79	0	0	0.01
195800	0	0.79	0.79	0	0	0
195900	0.01	0.79	0.79	0	0	0.01
196000	0.02	0.79	0.79	0	0	0.02
196100	0.02	0.79	0.79	0	0	0.02
196200	0.02	0.79	0.79	0	0	0.02
196300	0.01	0.79	0.79	0	0	0.01
196400	0	0.79	0.79	0	0	0
196500	0	0.79	0.79	0	0	0
196600	0	0.79	0.79	0	0	0
196700	0	0.79	0.79	0	0	0
196800	0	0.79	0.79	0	0	0
196900	0	0.79	0.79	0	0	0
197000	0	0.79	0.79	0	0	0
197100	0	0.79	0.79	0	0	0
197200	0	0.79	0.79	0	0	0
197300	0	0.79	0.79	0	0	0
197400	0.01	0.79	0.79	0	0	0.01
197500	0.01	0.79	0.79	0	0	0.01
197600	0.01	0.79	0.79	0	0	0.01
197700	0.01	0.79	0.79	0	0	0.01
197800	0.01	0.79	0.79	0	0	0.01
197900	0	0.79	0.79	0	0	0
198000	0	0.79	0.79	0	0	0
198100	0	0.79	0.79	0	0	0
198200	0	0.79	0.79	0	0	0
198300	0.01	0.79	0.79	0	0	0.01
198400	0.02	0.79	0.79	0	0	0.02
198500	0.02	0.79	0.79	0	0	0.02
198600	0.03	0.79	0.79	0	0	0.03
198700	0.02	0.79	0.79	0	0	0.02
198800	0.01	0.79	0.79	0	0	0.01
198900	0.01	0.79	0.79	0	0	0.01
199000	0.01	0.79	0.79	0	0	0.01
199100	0.02	0.79	0.79	0	0	0.02
199200	0.02	0.79	0.79	0	0	0.02
199300	0.01	0.79	0.79	0	0	0.01
199400	0.02	0.79	0.79	0	0	0.02
199500	0.01	0.79	0.79	0	0	0.01
199600	0	0.79	0.79	0	0	0
199700	0	0.79	0.79	0	0	0
199800	0	0.79	0.79	0	0	0
199900	0	0.79	0.79	0	0	0
200000	0	0.79	0.79	0	0	0
200100	0	0.79	0.79	0	0	0
200200	0.01	0.79	0.79	0	0	0.01
200300	0.02	0.79	0.79	0	0	0.02
200400	0.03	0.79	0.79	0	0	0.03
200500	0.03	0.79	0.79	0	0	0.03
200600	0.03	0.79	0.79	0	0	0.03
200700	0.03	0.79	0.79	0	0	0.03
200800	0.02	0.79	0.79	0	0	0.02
200900	0.01	0.79	0.79	0	0	0.01
201000	0.01	0.79	0.79	0	0	0.01
201100	0.01	0.79	0.79	0	0	0.01
201200	0.01	0.79	0.79	0	0	0.01
201300	0.01	0.79	0.79	0	0	0.01
201400	0.01	0.79	0.79	0	0	0.01
201500	0.01	0.79	0.79	0	0	0.01
201600	0.01	0.79	0.79	0	0	0.01
201700	0.01	0.79	0.79	0	0	0.01
201800	0.01	0.79	0.79	0	0	0.01
201900	0.01	0.79	0.79	0	0	0.01
202000	0.01	0.79	0.79	0	0	0.01
202100	0.01	0.79	0.79	0	0	0.01
202200	0.01	0.79	0.79	0	0	0.01
202300	0	0.79	0.79	0	0	0
202400	0	0.79	0.79	0	0	0
202500	0	0.79	0.79	0	0	0
202600	0	0.79	0.79	0	0	0
202700	0.01	0.79	0.79	0	0	0.01
202800	0.01	0.79	0.79	0	0	0.01
202900	0.02	0.79	0.79	0	0	0.02
203000	0	0.79	0.79	0	0	0
203100	0	0.79	0.79	0	0	0
203200	0	0.79	0.79	0	0	0
203300	0	0.79	0.79	0	0	0
203400	0	0.79	0.79	0	0	0
203500	0	0.79	0.79	0	0	0
203600	0.01	0.79	0.79	0	0	0.01
203700	0.01	0.79	0.79	0	0	0.01
203800	0.01	0.79	0.79	0	0	0.01
203900	0.01	0.79	0.79	0	0	0.01
204000	0.01	0.79	0.79	0	0	0.01
204100	0.01	0.79	0.79	0	0	0.01
204200	0	0.79	0.79	0	0	0
204300	0	0.79	0.79	0	0	0
204400	0	0.79	0.79	0	0	0
204500	0.01	0.79	0.79	0	0	0.01
204600	0.01	0.79	0.79	0	0	0.01
204700	0.01	0.79	0.79	0	0	0.01
204800	0	0.79	0.79	0	0	0
204900	0	0.79	0.79	0	0	0
205000	0	0.79	0.79	0	0	0
205100	0	0.79	0.79	0	0	0
205200	0.01	0.79	0.79	0	0	0.01
205300	0.01	0.79	0.79	0	0	0.01
205400	0.01	0.79	0.79	0	0	0.01
205500	0.01	0.79	0.79	0	0	0.01
205600	0.01	0.79	0.79	0	0	0.01
205700	0.01	0.79	0.79	0	0	0.01
205800	0.01	0.79	0.79	0	0	0.01
205900	0.01	0.79	0.79	0	0	0.01
206000	0	0.79	0.79	0	0	0
206100	0	0.79	0.79	0	0	0
206200	0	0.79	0.79	0	0	0
206300	0	0.79	0.79	0	0	0
206400	0	0.79	0.79	0	0	0
206500	0	0.79	0.79	0	0	0
206600	0	0.79	0.79	0	0	0
206700	0	0.79	0.79	0	0	0
206800	0	0.79	0.79	0	0	0
206900	0	0.79	0.79	0	0	0
207000	0.01	0.79	0.79	0	0	0.01
207100	0.01	0.79	0.79	0	0	0.01
207200	0.01	0.79	0.79	0	0	0.01
207300	0.01	0.79	0.79	0	0	0.01
207400	0.01	0.79	0.79	0	0	0.01
207500	0.01	0.79	0.79	0	0	0.01
207600	0.01	0.79	0.79	0	0	0.01
207700	0.02	0.79	0.79	0	0	0.02
207800	0.01	0.79	0.79	0	0	0.01
207900	0.01	0.79	0.79	0	0	0.01
208000	0.01	0.79	0.79	0	0	0.01
208100	0.01	0.79	0.79	0	0	0.01
208200	0	0.79	0.79	0	0	0
208300	0	0.79	0.79	0	0	0
208400	0	0.79	0.79	0	0	0
208500	0	0.79	0.79	0	0	0
208600	0	0.79	0.79	0	0	0
208700	0.01	0.79	0.79	0	0	0.01
208800	0.01	0.79	0.79	0	0	0.01
208900	0.01	0.79	0.79	0	0	0.01
209000	0.01	0.79	0.79	0	0	0.01
209100	0.01	0.79	0.79	0	0	0.01
209200	0.01	0.79	0.79	0	0	0.01
209300	0.02	0.79	0.79	0	0	0.02
209400	0.02	0.79	0.79	0	0	0.02
209500	0.02	0.79	0.79	0	0	0.02
209600	0.02	0.79	0.79	0	0	0.02
209700	0.02	0.79	0.79	0	0	0.02
209800	0.02	0.79	0.79	0	0	0.02
209900	0	0.79	0.79	0	0	0
210000	0.01	0.79	0.79	0	0	0.01
210100	0.01	0.79	0.79	0	0	0.01
210200	0.01	0.79	0.79	0	0	0.01
210300	0.01	0.79	0.79	0	0	0.01
210400	0.01	0.79	0.79	0	0	0.01
210500	0.01	0.79	0.79	0	0	0.01
210600	0	0.79	0.79	0	0	0
210700	0	0.79	0.79	0	0	0
210800	0	0.79	0.79	0	0	0
210900	0	0.79	0.79	0	0	0
211000	0.01	0.79	0.79	0	0	0.01
211100	0.01	0.79	0.79	0	0	0.01
211200	0.02	0.79	0.79	0	0	0.02
211300	0.02	0.79	0.79	0	0	0.02
211400	0.02	0.79	0.79	0	0	0.02
211500	0.02	0.79	0.79	0	0	0.02
211600	0.01	0.79	0.79	0	0	0.01
211700	0.02	0.79	0.79	0	0	0.02
211800	0.01	0.79	0.79	0	0	0.01
211900	0.01	0.79	0.79	0	0	0.01
212000	0.01	0.79	0.79	0	0	0.01
212100	0.01	0.79	0.79	0	0	0.01
212200	0	0.79	0.79	0	0	0
212300	0	0.79	0.79	0	0	0
212400	0	0.79	0.79	0	0	0
212500	0.01	0.79	0.79	0	0	0.01
212600	0.02	0.79	0.79	0	0	0.02
212700	0.02	0.79	0.79	0	0	0.02
212800	0.02	0.79	0.79	0	0	0.02
212900	0.01	0.79	0.79	0	0	0.01
213000	0.01	0.79	0.79	0	0	0.01
213100	0.01	0.79	0.79	0	0	0.01
213200	0.01	0.79	0.79	0	0	0.01
213300	0.02	0.79	0.79	0	0	0.02
213400	0.02	0.79	0.79	0	0	0.02
213500	0.02	0.79	0.79	0	0	0.02
213600	0.02	0.79	0.79	0	0	0.02
213700	0.01	0.79	0.79	0	0	0.01
213800	0	0.8	0.8	0	0	0
213900	0.01	0.79	0.79	0	0	0.01
214000	0.02	0.79	0.79	0	0	0.02
214100	0.02	0.79	0.79	0	0	0.02
214200	0.02	0.79	0.79	0	0	0.02
214300	0.02	0.79	0.79	0	0	0.02
214400	0.01	0.79	0.79	0	0	0.01
214500	0.01	0.79	0.79	0	0	0.01
214600	0	0.79	0.79	0	0	0
214700	0	0.79	0.79	0	0	0
214800	0	0.79	0.79	0	0	0
214900	0	0.79	0.79	0	0	0
215000	0	0.79	0.79	0	0	0
215100	0	0.79	0.79	0	0	0
215200	0	0.79	0.79	0	0	0
215300	0	0.79	0.79	0	0	0
215400	0.01	0.79	0.79	0	0	0.01
215500	0.02	0.79	0.79	0	0	0.02
215600	0.02	0.79	0.79	0	0	0.02
215700	0.02	0.79	0.79	0	0	0.02
215800	0.02	0.79	0.79	0	0	0.02
215900	0.01	0.79	0.79	0	0	0.01
216000	0.01	0.79	0.79	0	0	0.01
216100	0.01	0.79	0.79	0	0	0.01
216200	0.01	0.79	0.79	0	0	0.01
216300	0.01	0.79	0.79	0	0	0.01
216400	0	0.79	0.79	0	0	0
216500	0	0.79	0.79	0	0	0
216600	0.01	0.79	0.79	0	0	0.01
216700	0.01	0.79	0.79	0	0	0.01
216800	0.01	0.79	0.79	0	0	0.01
216900	0.03	0.79	0.79	0	0	0.03
217000	0.03	0.79	0.79	0	0	0.03
217100	0.03	0.79	0.79	0	0	0.03
217200	0.03	0.79	0.79	0	0	0.03
217300	0.03	0.79	0.79	0	0	0.03
217400	0.02	0.79	0.79	0	0	0.02
217500	0.03	0.79	0.79	0	0	0.03
217600	0.01	0.79	0.79	0	0	0.01
217700	0.01	0.79	0.79	0	0	0.01
217800	0	0.79	0.79	0	0	0
217900	0	0.79	0.79	0	0	0
218000	0	0.79	0.79	0	0	0
218100	0	0.79	0.79	0	0	0
218200	0	0.79	0.79	0	0	0
218300	0	0.79	0.79	0	0	0
218400	0	0.79	0.79	0	0	0
218500	0.01	0.79	0.79	0	0	0.01
218600	0.02	0.79	0.79	0	0	0.02
218700	0.02	0.79	0.79	0	0	0.02
218800	0.03	0.79	0.79	0	0	0.03
218900	0.02	0.79	0.79	0	0	0.02
219000	0.01	0.79	0.79	0	0	0.01
219100	0.03	0.79	0.79	0	0	0.03
219200	0.02	0.79	0.79	0	0	0.02
219300	0.02	0.79	0.79	0	0	0.02
219400	0.01	0.79	0.79	0	0	0.01
219500	0.02	0.79	0.79	0	0	0.02
219600	0.01	0.79	0.79	0	0	0.01
219700	0.01	0.79	0.79	0	0	0.01
219800	0.01	0.79	0.79	0	0	0.01
219900	0.01	0.79	0.79	0	0	0.01
220000	0.01	0.79	0.79	0	0	0.01
220100	0	0.79	0.79	0	0	0
220200	0	0.79	0.79	0	0	0
220300	0	0.79	0.79	0	0	0
220400	0.01	0.79	0.79	0	0	0.01
220500	0.02	0.79	0.79	0	0	0.02
220600	0.02	0.79	0.79	0	0	0.02
220700	0.02	0.79	0.79	0	0	0.02
220800	0.04	0.79	0.79	0	0	0.04
220900	0.03	0.79	0.79	0	0	0.03
221000	0.03	0.79	0.79	0	0	0.03
221100	0.02	0.79	0.79	0	0	0.02
221200	0.02	0.79	0.79	0	0	0.02
221300	0.01	0.79	0.79	0	0	0.01
221400	0.01	0.79	0.79	0	0	0.01
221500	0.02	0.79	0.79	0	0	0.02
221600	0.02	0.79	0.79	0	0	0.02
221700	0.01	0.79	0.79	0	0	0.01
221800	0.01	0.79	0.79	0	0	0.01
221900	0.01	0.79	0.79	0	0	0.01
222000	0	0.79	0.79	0	0	0
222100	0	0.79	0.79	0	0	0
222200	0	0.79	0.79	0	0	0
222300	0	0.79	0.79	0	0	0
222400	0	0.79	0.79	0	0	0
222500	0.01	0.79	0.79	0	0	0.01
222600	0.02	0.79	0.79	0	0	0.02
222700	0.02	0.79	0.79	0	0	0.02
222800	0.02	0.79	0.79	0	0	0.02
222900	0.02	0.79	0.79	0	0	0.02
223000	0.01	0.79	0.79	0	0	0.01
223100	0	0.79	0.79	0	0	0
223200	0	0.79	0.79	0	0	0
223300	0	0.79	0.79	0	0	0
223400	0	0.79	0.79	0	0	0
223500	0	0.79	0.79	0	0	0
223600	0	0.79	0.79	0	0	0
223700	0.02	0.79	0.79	0	0	0.02
223800	0.02	0.79	0.79	0	0	0.02
223900	0.03	0.79	0.79	0	0	0.03
224000	0.03	0.79	0.79	0	0	0.03
224100	0.02	0.79	0.79	0	0	0.02
224200	0.02	0.79	0.79	0	0	0.02
224300	0.02	0.79	0.79	0	0	0.02
224400	0.01	0.79	0.79	0	0	0.01
224500	0	0.79	0.79	0	0	0
224600	0	0.79	0.79	0	0	0
224700	0	0.79	0.79	0	0	0
224800	0	0.79	0.79	0	0	0
224900	0	0.79	0.79	0	0	0
225000	0	0.79	0.79	0	0	0
225100	0	0.79	0.79	0	0	0
225200	0	0.79	0.79	0	0	0
225300	0	0.79	0.79	0	0	0
225400	0	0.79	0.79	0	0	0
225500	0	0.79	0.79	0	0	0
225600	0.02	0.79	0.79	0	0	0.02
225700	0.02	0.79	0.79	0	0	0.02
225800	0.03	0.79	0.79	0	0	0.03
225900	0.03	0.79	0.79	0	0	0.03
226000	0.03	0.79	0.79	0	0	0.03
226100	0.03	0.79	0.79	0	0	0.03
226200	0.02	0.79	0.79	0	0	0.02
226300	0	0.79	0.79	0	0	0
226400	0	0.79	0.79	0	0	0
226500	0	0.79	0.79	0	0	0
226600	0.02	0.79	0.79	0	0	0.02
226700	0.02	0.79	0.79	0	0	0.02
226800	0.02	0.79	0.79	0	0	0.02
226900	0.02	0.79	0.79	0	0	0.02
227000	0.02	0.79	0.79	0	0	0.02
227100	0.01	0.79	0.79	0	0	0.01
227200	0.01	0.79	0.79	0	0	0.01
227300	0.01	0.79	0.79	0	0	0.01
227400	0.01	0.79	0.79	0	0	0.01
227500	0.01	0.79	0.79	0	0	0.01
227600	0.01	0.79	0.79	0	0	0.01
227700	0	0.79	0.79	0	0	0
227800	0.02	0.79	0.79	0	0	0.02
227900	0.03	0.79	0.79	0	0	0.03
228000	0.03	0.79	0.79	0	0	0.03
228100	0.03	0.79	0.79	0	0	0.03
228200	0.02	0.79	0.79	0	0	0.02
228300	0.02	0.79	0.79	0	0	0.02
228400	0.02	0.79	0.79	0	0	0.02
228500	0.02	0.79	0.79	0	0	0.02
228600	0	0.79	0.79	0	0	0
228700	0	0.79	0.79	0	0	0
228800	0	0.79	0.79	0	0	0
228900	0.01	0.79	0.79	0	0	0.01
229000	0.02	0.79	0.79	0	0	0.02
229100	0.02	0.79	0.79	0	0	0.02
229200	0.02	0.79	0.79	0	0	0.02
229300	0	0.79	0.79	0	0	0
229400	0	0.79	0.79	0	0	0
229500	0.01	0.79	0.79	0	0	0.01
229600	0.01	0.79	0.79	0	0	0.01
229700	0.01	0.79	0.79	0	0	0.01
229800	0.01	0.79	0.79	0	0	0.01
229900	0	0.79	0.79	0	0	0
230000	0	0.79	0.79	0	0	0
230100	0	0.79	0.79	0	0	0
230200	0	0.79	0.79	0	0	0
230300	0	0.79	0.79	0	0	0
230400	0	0.79	0.79	0	0	0
230500	0	0.79	0.79	0	0	0
230600	0.01	0.79	0.79	0	0	0.01
230700	0.01	0.79	0.79	0	0	0.01
230800	0.01	0.79	0.79	0	0	0.01
230900	0.02	0.79	0.79	0	0	0.02
231000	0.02	0.79	0.79	0	0	0.02
231100	0.02	0.79	0.79	0	0	0.02
231200	0.01	0.79	0.79	0	0	0.01
231300	0.01	0.79	0.79	0	0	0.01
231400	0.01	0.79	0.79	0	0	0.01
231500	0	0.79	0.79	0	0	0
231600	0	0.79	0.79	0	0	0
231700	0	0.79	0.79	0	0	0
231800	0.01	0.79	0.79	0	0	0.01
231900	0.01	0.79	0.79	0	0	0.01
232000	0.01	0.79	0.79	0	0	0.01
232100	0.02	0.79	0.79	0	0	0.02
232200	0.02	0.79	0.79	0	0	0.02
232300	0.02	0.79	0.79	0	0	0.02
232400	0.01	0.79	0.79	0	0	0.01
232500	0.01	0.79	0.79	0	0	0.01
232600	0.01	0.79	0.79	0	0	0.01
232700	0.01	0.79	0.79	0	0	0.01
232800	0.02	0.79	0.79	0	0	0.02
232900	0.03	0.79	0.79	0	0	0.03
233000	0.03	0.79	0.79	0	0	0.03
233100	0.02	0.79	0.79	0	0	0.02
233200	0.02	0.79	0.79	0	0	0.02
233300	0	0.79	0.79	0	0	0
233400	0	0.79	0.79	0	0	0
233500	0	0.79	0.79	0	0	0
233600	0	0.79	0.79	0	0	0
233700	0	0.79	0.79	0	0	0
233800	0.01	0.79	0.79	0	0	0.01
233900	0.01	0.79	0.79	0	0	0.01
234000	0.01	0.79	0.79	0	0	0.01
234100	0.01	0.79	0.79	0	0	0.01
234200	0.01	0.79	0.79	0	0	0.01
234300	0.01	0.79	0.79	0	0	0.01
234400	0.03	0.79	0.79	0	0	0.03
234500	0.03	0.79	0.79	0	0	0.03
234600	0.03	0.79	0.79	0	0	0.03
234700	0.04	0.79	0.79	0	0	0.04
234800	0.04	0.79	0.79	0	0	0.04
234900	0.04	0.79	0.79	0	0	0.04
235000	0	0.79	0.79	0	0	0
235100	0.01	0.79	0.79	0	0	0.01
235200	0.01	0.79	0.79	0	0	0.01
235300	0.01	0.79	0.79	0	0	0.01
235400	0.01	0.79	0.79	0	0	0.01
235500	0.01	0.79	0.79	0	0	0.01
235600	0.02	0.79	0.79	0	0	0.02
235700	0.02	0.79	0.79	0	0	0.02
235800	0.01	0.79	0.79	0	0	0.01
235900	0.02	0.79	0.79	0	0	0.02
236000	0.02	0.79	0.79	0	0	0.02
236100	0.02	0.79	0.79	0	0	0.02
236200	0.03	0.79	0.79	0	0	0.03
236300	0.02	0.79	0.79	0	0	0.02
236400	0.02	0.79	0.79	0	0	0.02
236500	0.02	0.79	0.79	0	0	0.02
236600	0.01	0.79	0.79	0	0	0.01
236700	0.02	0.79	0.79	0	0	0.02
236800	0	0.79	0.79	0	0	0
236900	0	0.79	0.79	0	0	0
237000	0.01	0.79	0.79	0	0	0.01
237100	0.01	0.79	0.79	0	0	0.01
237200	0.01	0.79	0.79	0	0	0.01
237300	0.01	0.79	0.79	0	0	0.01
237400	0.02	0.79	0.79	0	0	0.02
237500	0.01	0.79	0.79	0	0	0.01
237600	0.01	0.79	0.79	0	0	0.01
237700	0	0.79	0.79	0	0	0
237800	0.02	0.79	0.79	0	0	0.02
237900	0.02	0.79	0.79	0	0	0.02
238000	0.04	0.79	0.79	0	0	0.04
238100	0.04	0.79	0.79	0	0	0.04
238200	0.02	0.79	0.79	0	0	0.02
238300	0.02	0.79	0.79	0	0	0.02
238400	0.01	0.79	0.79	0	0	0.01
238500	0.01	0.79	0.79	0	0	0.01
238600	0	0.79	0.79	0	0	0
238700	0	0.79	0.79	0	0	0
238800	0	0.79	0.79	0	0	0
238900	0.02	0.79	0.79	0	0	0.02
239000	0.02	0.79	0.79	0	0	0.02
239100	0.02	0.79	0.79	0	0	0.02
239200	0.02	0.79	0.79	0	0	0.02
239300	0.01	0.79	0.79	0	0	0.01
239400	0.02	0.79	0.79	0	0	0.02
239500	0.01	0.79	0.79	0	0	0.01
239600	0.01	0.79	0.79	0	0	0.01
239700	0.01	0.79	0.79	0	0	0.01
239800	0.01	0.79	0.79	0	0	0.01
239900	0	0.79	0.79	0	0	0
240000	0	0.79	0.79	0	0	0
240100	0	0.79	0.79	0	0	0
240200	0.01	0.79	0.79	0	0	0.01
240300	0.01	0.79	0.79	0	0	0.01
240400	0.01	0.79	0.79	0	0	0.01
240500	0.02	0.79	0.79	0	0	0.02
240600	0.02	0.79	0.79	0	0	0.02
240700	0.02	0.79	0.79	0	0	0.02
240800	0.01	0.79	0.79	0	0	0.01
240900	0.01	0.79	0.79	0	0	0.01
241000	0.02	0.79	0.79	0	0	0.02
241100	0.01	0.79	0.79	0	0	0.01
241200	0.01	0.79	0.79	0	0	0.01
241300	0.02	0.79	0.79	0	0	0.02
241400	0.02	0.79	0.79	0	0	0.02
241500	0.01	0.79	0.79	0	0	0.01
241600	0.01	0.79	0.79	0	0	0.01
241700	0.02	0.79	0.79	0	0	0.02
241800	0.01	0.79	0.79	0	0	0.01
241900	0.01	0.79	0.79	0	0	0.01
242000	0.01	0.79	0.79	0	0	0.01
242100	0	0.79	0.79	0	0	0
242200	0.01	0.79	0.79	0	0	0.01
242300	0.03	0.79	0.79	0	0	0.03
242400	0.03	0.79	0.79	0	0	0.03
242500	0.03	0.79	0.79	0	0	0.03
242600	0.05	0.79	0.79	0	0	0.05
242700	0.04	0.79	0.79	0	0	0.04
242800	0.04	0.79	0.79	0	0	0.04
242900	0.03	0.79	0.79	0	0	0.03
243000	0.03	0.79	0.79	0	0	0.03
243100	0.04	0.79	0.79	0	0	0.04
243200	0.02	0.79	0.79	0	0	0.02
243300	0.02	0.79	0.79	0	0	0.02
243400	0.01	0.79	0.79	0	0	0.01
243500	0.01	0.79	0.79	0	0	0.01
243600	0	0.79	0.79	0	0	0
243700	0	0.79	0.79	0	0	0
243800	0	0.79	0.79	0	0	0
243900	0	0.79	0.79	0	0	0
244000	0	0.79	0.79	0	0	0
244100	0	0.79	0.79	0	0	0
244200	0.01	0.79	0.79	0	0	0.01
244300	0.02	0.79	0.79	0	0	0.02
244400	0.02	0.79	0.79	0	0	0.02
244500	0.03	0.79	0.79	0	0	0.03
244600	0.02	0.79	0.79	0	0	0.02
244700	0.02	0.79	0.79	0	0	0.02
244800	0.01	0.79	0.79	0	0	0.01
244900	0.01	0.79	0.79	0	0	0.01
245000	0.01	0.79	0.79	0	0	0.01
245100	0.02	0.79	0.79	0	0	0.02
245200	0.02	0.79	0.79	0	0	0.02
245300	0.02	0.79	0.79	0	0	0.02
245400	0.03	0.79	0.79	0	0	0.03
245500	0.03	0.79	0.79	0	0	0.03
245600	0.03	0.79	0.79	0	0	0.03
245700	0.03	0.79	0.79	0	0	0.03
245800	0.03	0.79	0.79	0	0	0.03
245900	0.02	0.79	0.79	0	0	0.02
246000	0.01	0.79	0.79	0	0	0.01
246100	0.01	0.79	0.79	0	0	0.01
246200	0.01	0.79	0.79	0	0	0.01
246300	0	0.79	0.79	0	0	0
246400	0	0.79	0.79	0	0	0
246500	0	0.79	0.79	0	0	0
246600	0	0.79	0.79	0	0	0
246700	0	0.79	0.79	0	0	0
246800	0	0.79	0.79	0	0	0
246900	0	0.79	0.79	0	0	0
247000	0	0.79	0.79	0	0	0
247100	0	0.79	0.79	0	0	0
247200	0	0.79	0.79	0	0	0
247300	0	0.79	0.79	0	0	0
247400	0	0.79	0.79	0	0	0
247500	0	0.79	0.79	0	0	0
247600	0.01	0.79	0.79	0	0	0.01
247700	0.01	0.79	0.79	0	0	0.01
247800	0.01	0.79	0.79	0	0	0.01
247900	0.01	0.79	0.79	0	0	0.01
248000	0	0.79	0.79	0	0	0
248100	0	0.79	0.79	0	0	0
248200	0	0.79	0.79	0	0	0
248300	0	0.79	0.79	0	0	0
248400	0	0.79	0.79	0	0	0
248500	0.01	0.79	0.79	0	0	0.01
248600	0.01	0.79	0.79	0	0	0.01
248700	0.01	0.79	0.79	0	0	0.01
248800	0.02	0.79	0.79	0	0	0.02
248900	0.02	0.79	0.79	0	0	0.02
249000	0.03	0.79	0.79	0	0	0.03
249100	0.02	0.79	0.79	0	0	0.02
249200	0.04	0.79	0.79	0	0	0.04
249300	0.02	0.79	0.79	0	0	0.02
249400	0.02	0.79	0.79	0	0	0.02
249500	0.01	0.79	0.79	0	0	0.01
249600	0.02	0.79	0.79	0	0	0.02
249700	0.02	0.79	0.79	0	0	0.02
249800	0.01	0.79	0.79	0	0	0.01
249900	0.02	0.79	0.79	0	0	0.02
250000	0.03	0.79	0.79	0	0	0.03
250100	0.03	0.79	0.79	0	0	0.03
250200	0.01	0.79	0.79	0	0	0.01
250300	0	0.79	0.79	0	0	0
250400	0	0.79	0.79	0	0	0
250500	0.01	0.79	0.79	0	0	0.01
250600	0.01	0.79	0.79	0	0	0.01
250700	0.01	0.79	0.79	0	0	0.01
250800	0.01	0.79	0.79	0	0	0.01
250900	0.01	0.79	0.79	0	0	0.01
251000	0.01	0.79	0.79	0	0	0.01
251100	0	0.79	0.79	0	0	0
251200	0	0.79	0.79	0	0	0
251300	0	0.79	0.79	0	0	0
251400	0.01	0.79	0.79	0	0	0.01
251500	0.01	0.79	0.79	0	0	0.01
251600	0.01	0.79	0.79	0	0	0.01
251700	0.01	0.79	0.79	0	0	0.01
251800	0	0.79	0.79	0	0	0
251900	0	0.79	0.79	0	0	0
252000	0	0.79	0.79	0	0	0
252100	0.01	0.79	0.79	0	0	0.01
252200	0.01	0.79	0.79	0	0	0.01
252300	0.01	0.79	0.79	0	0	0.01
252400	0.01	0.79	0.79	0	0	0.01
252500	0.01	0.79	0.79	0	0	0.01
252600	0.01	0.79	0.79	0	0	0.01
252700	0.01	0.79	0.79	0	0	0.01
252800	0.01	0.79	0.79	0	0	0.01
252900	0.01	0.79	0.79	0	0	0.01
253000	0.01	0.79	0.79	0	0	0.01
253100	0.01	0.79	0.79	0	0	0.01
253200	0.01	0.79	0.79	0	0	0.01
253300	0.02	0.79	0.79	0	0	0.02
253400	0.02	0.79	0.79	0	0	0.02
253500	0.02	0.79	0.79	0	0	0.02
253600	0.01	0.79	0.79	0	0	0.01
253700	0	0.79	0.79	0	0	0
253800	0	0.79	0.79	0	0	0
253900	0.01	0.79	0.79	0	0	0.01
254000	0.01	0.79	0.79	0	0	0.01
254100	0.02	0.79	0.79	0	0	0.02
254200	0.03	0.79	0.79	0	0	0.03
254300	0.03	0.79	0.79	0	0	0.03
254400	0.03	0.79	0.79	0	0	0.03
254500	0.04	0.79	0.79	0	0	0.04
254600	0.02	0.79	0.79	0	0	0.02
254700	0.01	0.79	0.79	0	0	0.01
254800	0.01	0.79	0.79	0	0	0.01
254900	0.01	0.79	0.79	0	0	0.01
255000	0.01	0.79	0.79	0	0	0.01
255100	0.01	0.79	0.79	0	0	0.01
255200	0.01	0.79	0.79	0	0	0.01
255300	0.01	0.79	0.79	0	0	0.01
255400	0.02	0.79	0.79	0	0	0.02
255500	0.02	0.79	0.79	0	0	0.02
255600	0.02	0.79	0.79	0	0	0.02
255700	0.02	0.79	0.79	0	0	0.02
255800	0.02	0.79	0.79	0	0	0.02
255900	0.02	0.79	0.79	0	0	0.02
256000	0.01	0.79	0.79	0	0	0.01
256100	0.03	0.79	0.79	0	0	0.03
256200	0.03	0.79	0.79	0	0	0.03
256300	0.03	0.79	0.79	0	0	0.03
256400	0.03	0.79	0.79	0	0	0.03
256500	0.03	0.79	0.79	0	0	0.03
256600	0.02	0.79	0.79	0	0	0.02
256700	0.01	0.79	0.79	0	0	0.01
256800	0	0.79	0.79	0	0	0
256900	0	0.79	0.79	0	0	0
257000	0	0.79	0.79	0	0	0
257100	0	0.79	0.79	0	0	0
257200	0	0.79	0.79	0	0	0
257300	0.02	0.79	0.79	0	0	0.02
257400	0.03	0.79	0.79	0	0	0.03
257500	0.04	0.79	0.79	0	0	0.04
257600	0.04	0.79	0.79	0	0	0.04
257700	0.01	0.79	0.79	0	0	0.01
257800	0.01	0.79	0.79	0	0	0.01
257900	0.01	0.79	0.79	0	0	0.01
258000	0.01	0.79	0.79	0	0	0.01
258100	0	0.79	0.79	0	0	0
258200	0	0.79	0.79	0	0	0
258300	0.01	0.79	0.79	0	0	0.01
258400	0.01	0.79	0.79	0	0	0.01
258500	0	0.79	0.79	0	0	0
258600	0.02	0.79	0.79	0	0	0.02
258700	0.02	0.79	0.79	0	0	0.02
258800	0.02	0.79	0.79	0	0	0.02
258900	0.02	0.79	0.79	0	0	0.02
259000	0.02	0.79	0.79	0	0	0.02
259100	0.01	0.79	0.79	0	0	0.01
259200	0	0.79	0.79	0	0	0
259300	0	0.79	0.79	0	0	0
259400	0.01	0.79	0.79	0	0	0.01
259500	0.02	0.79	0.79	0	0	0.02
259600	0.02	0.79	0.79	0	0	0.02
259700	0.02	0.79	0.79	0	0	0.02
259800	0.01	0.79	0.79	0	0	0.01
259900	0.01	0.79	0.79	0	0	0.01
260000	0.01	0.79	0.79	0	0	0.01
260100	0	0.79	0.79	0	0	0
260200	0	0.79	0.79	0	0	0
260300	0	0.79	0.79	0	0	0
260400	0.02	0.79	0.79	0	0	0.02
260500	0.02	0.79	0.79	0	0	0.02
260600	0.02	0.79	0.79	0	0	0.02
260700	0.02	0.79	0.79	0	0	0.02
260800	0.03	0.79	0.79	0	0	0.03
260900	0.04	0.79	0.79	0	0	0.04
261000	0.02	0.79	0.79	0	0	0.02
261100	0.01	0.79	0.79	0	0	0.01
261200	0.01	0.79	0.79	0	0	0.01
261300	0.02	0.79	0.79	0	0	0.02
261400	0.01	0.79	0.79	0	0	0.01
261500	0.04	0.79	0.79	0	0	0.04
261600	0.04	0.79	0.79	0	0	0.04
261700	0.01	0.79	0.79	0	0	0.01
261800	0.01	0.79	0.79	0	0	0.01
261900	0	0.79	0.79	0	0	0
262000	0	0.79	0.79	0	0	0
262100	0	0.79	0.79	0	0	0
262200	0	0.79	0.79	0	0	0
262300	0	0.79	0.79	0	0	0
262400	0	0.79	0.79	0	0	0
262500	0	0.79	0.79	0	0	0
262600	0	0.79	0.79	0	0	0
262700	0	0.79	0.79	0	0	0
262800	0.01	0.79	0.79	0	0	0.01
262900	0.01	0.79	0.79	0	0	0.01
263000	0.01	0.79	0.79	0	0	0.01
263100	0.02	0.79	0.79	0	0	0.02
263200	0.01	0.79	0.79	0	0	0.01
263300	0	0.79	0.79	0	0	0
263400	0	0.79	0.79	0	0	0
263500	0	0.79	0.79	0	0	0
263600	0	0.79	0.79	0	0	0
263700	0	0.79	0.79	0	0	0
263800	0	0.79	0.79	0	0	0
263900	0.01	0.79	0.79	0	0	0.01
264000	0.01	0.79	0.79	0	0	0.01
264100	0.01	0.79	0.79	0	0	0.01
264200	0.01	0.79	0.79	0	0	0.01
264300	0.02	0.79	0.79	0	0	0.02
264400	0.01	0.79	0.79	0	0	0.01
264500	0.01	0.79	0.79	0	0	0.01
264600	0.01	0.79	0.79	0	0	0.01
264700	0.01	0.79	0.79	0	0	0.01
264800	0.01	0.79	0.79	0	0	0.01
264900	0	0.79	0.79	0	0	0
265000	0	0.79	0.79	0	0	0
265100	0.01	0.79	0.79	0	0	0.01
265200	0.01	0.79	0.79	0	0	0.01
265300	0.01	0.79	0.79	0	0	0.01
265400	0.01	0.79	0.79	0	0	0.01
265500	0.01	0.79	0.79	0	0	0.01
265600	0	0.79	0.79	0	0	0
265700	0	0.79	0.79	0	0	0
265800	0	0.79	0.79	0	0	0
265900	0	0.79	0.79	0	0	0
266000	0	0.79	0.79	0	0	0
266100	0	0.79	0.79	0	0	0
266200	0	0.79	0.79	0	0	0
266300	0	0.79	0.79	0	0	0
266400	0	0.79	0.79	0	0	0
266500	0	0.79	0.79	0	0	0
266600	0.01	0.79	0.79	0	0	0.01
266700	0.01	0.79	0.79	0	0	0.01
266800	0.01	0.79	0.79	0	0	0.01
266900	0.02	0.79	0.79	0	0	0.02
267000	0.02	0.79	0.79	0	0	0.02
267100	0.01	0.79	0.79	0	0	0.01
267200	0.01	0.79	0.79	0	0	0.01
267300	0.01	0.79	0.79	0	0	0.01
267400	0	0.79	0.79	0	0	0
267500	0	0.79	0.79	0	0	0
267600	0	0.79	0.79	0	0	0
267700	0	0.79	0.79	0	0	0
267800	0	0.79	0.79	0	0	0
267900	0	0.79	0.79	0	0	0
268000	0	0.79	0.79	0	0	0
268100	0.01	0.79	0.79	0	0	0.01
268200	0.01	0.79	0.79	0	0	0.01
268300	0.01	0.79	0.79	0	0	0.01
268400	0.01	0.79	0.79	0	0	0.01
268500	0.01	0.79	0.79	0	0	0.01
268600	0	0.79	0.79	0	0	0
268700	0.01	0.79	0.79	0	0	0.01
268800	0.01	0.79	0.79	0	0	0.01
268900	0.01	0.79	0.79	0	0	0.01
269000	0.02	0.79	0.79	0	0	0.02
269100	0.01	0.79	0.79	0	0	0.01
269200	0.01	0.79	0.79	0	0	0.01
269300	0.02	0.79	0.79	0	0	0.02
269400	0.01	0.79	0.79	0	0	0.01
269500	0	0.79	0.79	0	0	0
269600	0	0.79	0.79	0	0	0
269700	0	0.79	0.79	0	0	0
269800	0	0.79	0.79	0	0	0
269900	0	0.79	0.79	0	0	0
270000	0	0.79	0.79	0	0	0
270100	0	0.79	0.79	0	0	0
270200	0	0.79	0.79	0	0	0
270300	0	0.79	0.79	0	0	0
270400	0	0.79	0.79	0	0	0
270500	0	0.79	0.79	0	0	0
270600	0	0.79	0.79	0	0	0
270700	0	0.79	0.79	0	0	0
270800	0.01	0.79	0.79	0	0	0.01
270900	0.01	0.79	0.79	0	0	0.01
271000	0.01	0.79	0.79	0	0	0.01
271100	0	0.79	0.79	0	0	0
271200	0	0.79	0.79	0	0	0
271300	0	0.79	0.79	0	0	0
271400	0	0.79	0.79	0	0	0
271500	0	0.79	0.79	0	0	0
271600	0	0.79	0.79	0	0	0
271700	0	0.79	0.79	0	0	0
271800	0	0.79	0.79	0	0	0
271900	0	0.79	0.79	0	0	0
272000	0	0.79	0.79	0	0	0
272100	0	0.79	0.79	0	0	0
272200	0	0.79	0.79	0	0	0
272300	0	0.79	0.79	0	0	0
272400	0	0.79	0.79	0	0	0
272500	0	0.79	0.79	0	0	0
272600	0	0.79	0.79	0	0	0
272700	0	0.79	0.79	0	0	0
272800	0	0.79	0.79	0	0	0
272900	0	0.79	0.79	0	0	0
273000	0	0.79	0.79	0	0	0
273100	0	0.79	0.79	0	0	0
273200	0.01	0.79	0.79	0	0	0.01
273300	0.01	0.79	0.79	0	0	0.01
273400	0.01	0.79	0.79	0	0	0.01
273500	0.01	0.79	0.79	0	0	0.01
273600	0.01	0.79	0.79	0	0	0.01
273700	0	0.79	0.79	0	0	0
273800	0	0.79	0.79	0	0	0
273900	0	0.79	0.79	0	0	0
274000	0.01	0.79	0.79	0	0	0.01
274100	0.02	0.79	0.79	0	0	0.02
274200	0.02	0.79	0.79	0	0	0.02
274300	0.03	0.79	0.79	0	0	0.03
274400	0.03	0.79	0.79	0	0	0.03
274500	0.02	0.79	0.79	0	0	0.02
274600	0.01	0.79	0.79	0	0	0.01
274700	0	0.79	0.79	0	0	0
274800	0	0.79	0.79	0	0	0
274900	0.01	0.79	0.79	0	0	0.01
275000	0.02	0.79	0.79	0	0	0.02
275100	0.01	0.79	0.79	0	0	0.01
275200	0.01	0.79	0.79	0	0	0.01
275300	0	0.79	0.79	0	0	0
275400	0	0.79	0.79	0	0	0
275500	0	0.79	0.79	0	0	0
275600	0	0.79	0.79	0	0	0
275700	0	0.79	0.79	0	0	0
275800	0	0.79	0.79	0	0	0
275900	0	0.79	0.79	0	0	0
276000	0.01	0.79	0.79	0	0	0.01
276100	0.01	0.79	0.79	0	0	0.01
276200	0.01	0.79	0.79	0	0	0.01
276300	0.01	0.79	0.79	0	0	0.01
276400	0	0.79	0.79	0	0	0
276500	0	0.79	0.79	0	0	0
276600	0	0.79	0.79	0	0	0
276700	0	0.79	0.79	0	0	0
276800	0.01	0.79	0.79	0	0	0.01
276900	0.01	0.79	0.79	0	0	0.01
277000	0.01	0.79	0.79	0	0	0.01
277100	0.01	0.79	0.79	0	0	0.01
277200	0.01	0.79	0.79	0	0	0.01
277300	0.01	0.79	0.79	0	0	0.01
277400	0.01	0.79	0.79	0	0	0.01
277500	0.01	0.79	0.79	0	0	0.01
277600	0.01	0.79	0.79	0	0	0.01
277700	0.01	0.79	0.79	0	0	0.01
277800	0.01	0.79	0.79	0	0	0.01
277900	0.01	0.79	0.79	0	0	0.01
278000	0.01	0.79	0.79	0	0	0.01
278100	0.01	0.79	0.79	0	0	0.01
278200	0.01	0.79	0.79	0	0	0.01
278300	0.02	0.79	0.79	0	0	0.02
278400	0.02	0.79	0.79	0	0	0.02
278500	0.02	0.79	0.79	0	0	0.02
278600	0.02	0.79	0.79	0	0	0.02
278700	0.01	0.79	0.79	0	0	0.01
278800	0	0.79	0.79	0	0	0
278900	0	0.79	0.79	0	0	0
279000	0.01	0.79	0.79	0	0	0.01
279100	0.01	0.79	0.79	0	0	0.01
279200	0.02	0.79	0.79	0	0	0.02
279300	0.02	0.79	0.79	0	0	0.02
279400	0.02	0.79	0.79	0	0	0.02
279500	0.02	0.79	0.79	0	0	0.02
279600	0.01	0.79	0.79	0	0	0.01
279700	0.02	0.79	0.79	0	0	0.02
279800	0.01	0.79	0.79	0	0	0.01
279900	0	0.79	0.79	0	0	0
280000	0.01	0.79	0.79	0	0	0.01
280100	0.02	0.79	0.79	0	0	0.02
280200	0.02	0.79	0.79	0	0	0.02
280300	0.02	0.79	0.79	0	0	0.02
280400	0.02	0.79	0.79	0	0	0.02
280500	0	0.79	0.79	0	0	0
280600	0	0.79	0.79	0	0	0
280700	0	0.79	0.79	0	0	0
280800	0.01	0.79	0.79	0	0	0.01
280900	0.01	0.79	0.79	0	0	0.01
281000	0.01	0.79	0.79	0	0	0.01
281100	0.01	0.79	0.79	0	0	0.01
281200	0.01	0.79	0.79	0	0	0.01
281300	0.01	0.79	0.79	0	0	0.01
281400	0.02	0.79	0.79	0	0	0.02
281500	0.02	0.79	0.79	0	0	0.02
281600	0.01	0.79	0.79	0	0	0.01
281700	0.02	0.79	0.79	0	0	0.02
281800	0.01	0.79	0.79	0	0	0.01
281900	0	0.79	0.79	0	0	0
282000	0	0.79	0.79	0	0	0
282100	0	0.79	0.79	0	0	0
282200	0	0.79	0.79	0	0	0
282300	0.01	0.79	0.79	0	0	0.01
282400	0.03	0.79	0.79	0	0	0.03
282500	0.03	0.79	0.79	0	0	0.03
282600	0.03	0.79	0.79	0	0	0.03
282700	0.03	0.79	0.79	0	0	0.03
282800	0.02	0.79	0.79	0	0	0.02
282900	0.01	0.79	0.79	0	0	0.01
283000	0.01	0.79	0.79	0	0	0.01
283100	0.01	0.79	0.79	0	0	0.01
283200	0.01	0.79	0.79	0	0	0.01
283300	0.01	0.79	0.79	0	0	0.01
283400	0.02	0.79	0.79	0	0	0.02
283500	0.01	0.79	0.79	0	0	0.01
283600	0.01	0.79	0.79	0	0	0.01
283700	0	0.79	0.79	0	0	0
283800	0	0.79	0.79	0	0	0
283900	0	0.79	0.79	0	0	0
284000	0.01	0.79	0.79	0	0	0.01
284100	0.01	0.79	0.79	0	0	0.01
284200	0.02	0.79	0.79	0	0	0.02
284300	0.03	0.79	0.79	0	0	0.03
284400	0.02	0.79	0.79	0	0	0.02
284500	0.02	0.79	0.79	0	0	0.02
284600	0.01	0.79	0.79	0	0	0.01
284700	0.01	0.79	0.79	0	0	0.01
284800	0	0.79	0.79	0	0	0
284900	0	0.79	0.79	0	0	0
285000	0.01	0.79	0.79	0	0	0.01
285100	0.02	0.79	0.79	0	0	0.02
285200	0.02	0.79	0.79	0	0	0.02
285300	0.03	0.79	0.79	0	0	0.03
285400	0.02	0.79	0.79	0	0	0.02
285500	0.02	0.79	0.79	0	0	0.02
285600	0.02	0.79	0.79	0	0	0.02
285700	0	0.79	0.79	0	0	0
285800	0.01	0.79	0.79	0	0	0.01
285900	0.02	0.79	0.79	0	0	0.02
286000	0.02	0.79	0.79	0	0	0.02
286100	0.02	0.79	0.79	0	0	0.02
286200	0.02	0.79	0.79	0	0	0.02
286300	0.01	0.79	0.79	0	0	0.01
286400	0	0.79	0.79	0	0	0
286500	0	0.79	0.79	0	0	0
286600	0	0.79	0.79	0	0	0
286700	0	0.79	0.79	0	0	0
286800	0	0.79	0.79	0	0	0
286900	0	0.78	0.78	0	0	0
287000	0	0.78	0.78	0	0	0
287100	0	0.78	0.78	0	0	0
287200	0	0.78	0.78	0	0	0
287300	0	0.78	0.78	0	0	0
287400	0.01	0.78	0.78	0	0	0.01
287500	0.01	0.78	0.78	0	0	0.01
287600	0	0.78	0.78	0	0	0
287700	0	0.78	0.78	0	0	0
287800	0	0.78	0.78	0	0	0
287900	0	0.78	0.78	0	0	0
288000	0	0.78	0.78	0	0	0
288100	0.01	0.78	0.78	0	0	0.01
288200	0.03	0.78	0.78	0	0	0.03
288300	0.03	0.78	0.78	0	0	0.03
288400	0.03	0.78	0.78	0	0	0.03
288500	0.02	0.78	0.78	0	0	0.02
288600	0.03	0.78	0.78	0	0	0.03
288700	0.02	0.78	0.78	0	0	0.02
288800	0.02	0.78	0.78	0	0	0.02
288900	0.01	0.78	0.78	0	0	0.01
289000	0	0.78	0.78	0	0	0
289100	0.01	0.78	0.78	0	0	0.01
289200	0.01	0.78	0.78	0	0	0.01
289300	0.01	0.78	0.78	0	0	0.01
289400	0.02	0.78	0.78	0	0	0.02
289500	0.03	0.78	0.78	0	0	0.03
289600	0.03	0.78	0.78	0	0	0.03
289700	0.01	0.78	0.78	0	0	0.01
289800	0.01	0.78	0.78	0	0	0.01
289900	0.01	0.78	0.78	0	0	0.01
290000	0	0.78	0.78	0	0	0
290100	0.01	0.78	0.78	0	0	0.01
290200	0.02	0.78	0.78	0	0	0.02
290300	0.02	0.78	0.78	0	0	0.02
290400	0.02	0.78	0.78	0	0	0.02
290500	0.02	0.78	0.78	0	0	0.02
290600	0.02	0.78	0.78	0	0	0.02
290700	0.03	0.78	0.78	0	0	0.03
290800	0.01	0.78	0.78	0	0	0.01
290900	0.01	0.79	0.79	0	0	0.01
291000	0.02	0.78	0.78	0	0	0.02
291100	0.01	0.78	0.78	0	0	0.01
291200	0.02	0.78	0.78	0	0	0.02
291300	0.02	0.78	0.78	0	0	0.02
291400	0.01	0.78	0.78	0	0	0.01
291500	0.01	0.78	0.78	0	0	0.01
291600	0	0.78	0.78	0	0	0
291700	0	0.78	0.78	0	0	0
291800	0	0.78	0.78	0	0	0
291900	0	0.78	0.78	0	0	0
292000	0	0.78	0.78	0	0	0
292100	0.01	0.78	0.78	0	0	0.01
292200	0.01	0.78	0.78	0	0	0.01
292300	0.01	0.78	0.78	0	0	0.01
292400	0.01	0.78	0.78	0	0	0.01
292500	0.01	0.78	0.78	0	0	0.01
292600	0	0.78	0.78	0	0	0
292700	0	0.78	0.78	0	0	0
292800	0	0.78	0.78	0	0	0
292900	0	0.78	0.78	0	0	0
293000	0.01	0.78	0.78	0	0	0.01
293100	0.01	0.78	0.78	0	0	0.01
293200	0.02	0.78	0.78	0	0	0.02
293300	0.01	0.78	0.78	0	0	0.01
293400	0.01	0.78	0.78	0	0	0.01
293500	0.01	0.78	0.78	0	0	0.01
293600	0.02	0.78	0.78	0	0	0.02
293700	0.02	0.78	0.78	0	0	0.02
293800	0.02	0.78	0.78	0	0	0.02
293900	0.02	0.78	0.78	0	0	0.02
294000	0.02	0.78	0.78	0	0	0.02
294100	0.03	0.78	0.78	0	0	0.03
294200	0.01	0.78	0.78	0	0	0.01
294300	0.01	0.78	0.78	0	0	0.01
294400	0.01	0.78	0.78	0	0	0.01
294500	0.02	0.78	0.78	0	0	0.02
294600	0.03	0.78	0.78	0	0	0.03
294700	0.02	0.78	0.78	0	0	0.02
294800	0.02	0.78	0.78	0	0	0.02
294900	0.02	0.78	0.78	0	0	0.02
295000	0.01	0.78	0.78	0	0	0.01
295100	0.01	0.78	0.78	0	0	0.01
295200	0	0.78	0.78	0	0	0
295300	0	0.78	0.78	0	0	0
295400	0	0.78	0.78	0	0	0
295500	0	0.78	0.78	0	0	0
295600	0	0.78	0.78	0	0	0
295700	0	0.78	0.78	0	0	0
295800	0.01	0.78	0.78	0	0	0.01
295900	0.01	0.78	0.78	0	0	0.01
296000	0.01	0.78	0.78	0	0	0.01
296100	0.01	0.78	0.78	0	0	0.01
296200	0.01	0.78	0.78	0	0	0.01
296300	0.02	0.78	0.78	0	0	0.02
296400	0.01	0.78	0.78	0	0	0.01
296500	0.01	0.78	0.78	0	0	0.01
296600	0.01	0.78	0.78	0	0	0.01
296700	0.02	0.78	0.78	0	0	0.02
296800	0.02	0.78	0.78	0	0	0.02
296900	0.01	0.78	0.78	0	0	0.01
297000	0.01	0.79	0.79	0	0	0.01
297100	0.01	0.79	0.79	0	0	0.01
297200	0.01	0.79	0.79	0	0	0.01
297300	0	0.79	0.79	0	0	0
297400	0.01	0.79	0.79	0	0	0.01
297500	0.01	0.79	0.79	0	0	0.01
297600	0.01	0.79	0.79	0	0	0.01
297700	0.01	0.79	0.79	0	0	0.01
297800	0.02	0.79	0.79	0	0	0.02
297900	0.01	0.79	0.79	0	0	0.01
298000	0.01	0.79	0.79	0	0	0.01
298100	0	0.79	0.79	0	0	0
298200	0	0.79	0.79	0	0	0
298300	0	0.79	0.79	0	0	0
298400	0.01	0.79	0.79	0	0	0.01
298500	0.02	0.79	0.79	0	0	0.02
298600	0.03	0.79	0.79	0	0	0.03
298700	0.04	0.79	0.79	0	0	0.04
298800	0.02	0.79	0.79	0	0	0.02
298900	0.02	0.79	0.79	0	0	0.02
299000	0.01	0.79	0.79	0	0	0.01
299100	0.01	0.79	0.79	0	0	0.01
299200	0	0.79	0.79	0	0	0
299300	0	0.79	0.79	0	0	0
299400	0	0.79	0.79	0	0	0
299500	0	0.79	0.79	0	0	0
299600	0	0.79	0.79	0	0	0
299700	0	0.79	0.79	0	0	0
299800	0	0.79	0.79	0	0	0
299900	0	0.79	0.79	0	0	0
300000	0	0.79	0.79	0	0	0
