100	0.11	0.06	0.06	0	0	0.11
200	0.09	0.04	0.04	0	0	0.09
300	0.09	0.06	0.06	0	0	0.09
400	0.11	0.06	0.06	0	0	0.11
500	0.12	0.07	0.07	0	0	0.12
600	0.1	0.06	0.06	0	0	0.1
700	0.1	0.05	0.05	0	0	0.1
800	0.11	0.04	0.04	0	0	0.11
900	0.1	0.04	0.04	0	0	0.1
1000	0.09	0.03	0.03	0	0	0.09
1100	0.09	0.02	0.02	0	0	0.09
1200	0.09	0.03	0.03	0	0	0.09
1300	0.09	0.03	0.03	0	0	0.09
1400	0.08	0.04	0.04	0	0	0.08
1500	0.11	0.04	0.04	0	0	0.11
1600	0.1	0.03	0.03	0	0	0.1
1700	0.09	0.03	0.03	0	0	0.09
1800	0.1	0.02	0.02	0	0	0.1
1900	0.08	0.02	0.02	0	0	0.08
2000	0.08	0.01	0.01	0	0	0.08
2100	0.08	0.02	0.02	0	0	0.08
2200	0.08	0.01	0.01	0	0	0.08
2300	0.09	0.03	0.03	0	0	0.09
2400	0.1	0.05	0.05	0	0	0.1
2500	0.11	0.07	0.07	0	0	0.11
2600	0.1	0.07	0.07	0	0	0.1
2700	0.11	0.05	0.05	0	0	0.11
2800	0.11	0.01	0.01	0	0	0.11
2900	0.11	0	0	0	0	0.11
3000	0.12	0.01	0.01	0	0	0.12
3100	0.15	0.03	0.03	0	0	0.15
3200	0.16	0.02	0.02	0	0	0.16
3300	0.14	0.03	0.03	0	0	0.14
3400	0.15	0.04	0.04	0	0	0.15
3500	0.15	0.05	0.05	0	0	0.15
3600	0.15	0.06	0.06	0	0	0.15
3700	0.16	0.05	0.05	0	0	0.16
3800	0.16	0.02	0.02	0	0	0.16
3900	0.16	0.01	0.01	0	0	0.16
4000	0.17	0.03	0.03	0	0	0.17
4100	0.17	0.01	0.01	0	0	0.17
4200	0.17	0.02	0.02	0	0	0.17
4300	0.18	0.03	0.03	0	0	0.18
4400	0.18	0.05	0.05	0	0	0.18
4500	0.18	0.05	0.05	0	0	0.18
4600	0.18	0.06	0.06	0	0	0.18
4700	0.19	0.04	0.04	0	0	0.19
4800	0.19	0.03	0.03	0	0	0.19
4900	0.19	0.03	0.03	0	0	0.19
5000	0.2	0.03	0.03	0	0	0.2
5100	0.2	0.03	0.03	0	0	0.2
5200	0.21	0.05	0.05	0	0	0.21
5300	0.21	0.04	0.04	0	0	0.21
5400	0.23	0.04	0.04	0	0	0.23
5500	0.25	0.04	0.04	0	0	0.25
5600	0.25	0.04	0.04	0	0	0.25
5700	0.26	0.07	0.07	0	0	0.26
5800	0.26	0.08	0.08	0	0	0.26
5900	0.27	0.09	0.09	0	0	0.27
6000	0.25	0.09	0.09	0	0	0.25
6100	0.26	0.06	0.06	0	0	0.26
6200	0.28	0.06	0.06	0	0	0.28
6300	0.28	0.03	0.03	0	0	0.28
6400	0.32	0.03	0.03	0	0	0.32
6500	0.33	0.02	0.02	0	0	0.33
6600	0.32	0	0	0	0	0.32
6700	0.32	0.02	0.02	0	0	0.32
6800	0.33	0.03	0.03	0	0	0.33
6900	0.32	0.04	0.04	0	0	0.32
7000	0.32	0.04	0.04	0	0	0.32
7100	0.32	0.04	0.04	0	0	0.32
7200	0.32	0.04	0.04	0	0	0.32
7300	0.31	0.04	0.04	0	0	0.31
7400	0.32	0.01	0.01	0	0	0.32
7500	0.32	0.02	0.02	0	0	0.32
7600	0.31	0.03	0.03	0	0	0.31
7700	0.31	0.04	0.04	0	0	0.31
7800	0.32	0.04	0.04	0	0	0.32
7900	0.3	0.01	0.01	0	0	0.3
8000	0.3	0.03	0.03	0	0	0.3
8100	0.32	0.03	0.03	0	0	0.32
8200	0.32	0.06	0.06	0	0	0.32
8300	0.33	0.06	0.06	0	0	0.33
8400	0.32	0.04	0.04	0	0	0.32
8500	0.32	0.03	0.03	0	0	0.32
8600	0.32	0.02	0.02	0	0	0.32
8700	0.32	0.03	0.03	0	0	0.32
8800	0.34	0.01	0.01	0	0	0.34
8900	0.35	0.01	0.01	0	0	0.35
9000	0.36	0.01	0.01	0	0	0.36
9100	0.36	0.01	0.01	0	0	0.36
9200	0.35	0.02	0.02	0	0	0.35
9300	0.34	0.03	0.03	0	0	0.34
9400	0.34	0.04	0.04	0	0	0.34
9500	0.33	0.04	0.04	0	0	0.33
9600	0.33	0.02	0.02	0	0	0.33
9700	0.34	0.01	0.01	0	0	0.34
9800	0.35	0.02	0.02	0	0	0.35
9900	0.35	0.04	0.04	0	0	0.35
10000	0.35	0.05	0.05	0	0	0.35
10100	0.37	0.05	0.05	0	0	0.37
10200	0.37	0.05	0.05	0	0	0.37
10300	0.37	0.05	0.05	0	0	0.37
10400	0.36	0.04	0.04	0	0	0.36
10500	0.35	0.06	0.06	0	0	0.35
10600	0.34	0.03	0.03	0	0	0.34
10700	0.34	0.02	0.02	0	0	0.34
10800	0.34	0.01	0.01	0	0	0.34
10900	0.34	0.02	0.02	0	0	0.34
11000	0.35	0.04	0.04	0	0	0.35
11100	0.36	0.04	0.04	0	0	0.36
11200	0.37	0.04	0.04	0	0	0.37
11300	0.39	0.03	0.03	0	0	0.39
11400	0.39	0.03	0.03	0	0	0.39
11500	0.39	0.02	0.02	0	0	0.39
11600	0.39	0.05	0.05	0	0	0.39
11700	0.39	0.06	0.06	0	0	0.39
11800	0.39	0.04	0.04	0	0	0.39
11900	0.4	0.04	0.04	0	0	0.4
12000	0.41	0.02	0.02	0	0	0.41
12100	0.4	0.01	0.01	0	0	0.4
12200	0.4	0.01	0.01	0	0	0.4
12300	0.41	0	0	0	0	0.41
12400	0.42	0	0	0	0	0.42
12500	0.42	0	0	0	0	0.42
12600	0.43	0	0	0	0	0.43
12700	0.43	0.02	0.02	0	0	0.43
12800	0.43	0.04	0.04	0	0	0.43
12900	0.44	0.04	0.04	0	0	0.44
13000	0.45	0.04	0.04	0	0	0.45
13100	0.45	0.05	0.05	0	0	0.45
13200	0.44	0.02	0.02	0	0	0.44
13300	0.44	0.04	0.04	0	0	0.44
13400	0.44	0.06	0.06	0	0	0.44
13500	0.45	0.05	0.05	0	0	0.45
13600	0.45	0.05	0.05	0	0	0.45
13700	0.45	0.01	0.01	0	0	0.45
13800	0.46	0.02	0.02	0	0	0.46
13900	0.47	0.02	0.02	0	0	0.47
14000	0.47	0.02	0.02	0	0	0.47
14100	0.47	0.02	0.02	0	0	0.47
14200	0.48	0.01	0.01	0	0	0.48
14300	0.48	0.01	0.01	0	0	0.48
14400	0.48	0.01	0.01	0	0	0.48
14500	0.49	0.01	0.01	0	0	0.49
14600	0.49	0.01	0.01	0	0	0.49
14700	0.5	0.02	0.02	0	0	0.5
14800	0.49	0.04	0.04	0	0	0.49
14900	0.49	0.03	0.03	0	0	0.49
15000	0.49	0.03	0.03	0	0	0.49
15100	0.49	0.01	0.01	0	0	0.49
15200	0.49	0.02	0.02	0	0	0.49
15300	0.49	0.02	0.02	0	0	0.49
15400	0.49	0.03	0.03	0	0	0.49
15500	0.49	0.04	0.04	0	0	0.49
15600	0.5	0.04	0.04	0	0	0.5
15700	0.5	0.05	0.05	0	0	0.5
15800	0.52	0.06	0.06	0	0	0.52
15900	0.52	0.04	0.04	0	0	0.52
16000	0.52	0.05	0.05	0	0	0.52
16100	0.53	0.05	0.05	0	0	0.53
16200	0.53	0.03	0.03	0	0	0.53
16300	0.53	0.02	0.02	0	0	0.53
16400	0.54	0.01	0.01	0	0	0.54
16500	0.54	0.01	0.01	0	0	0.54
16600	0.54	0.01	0.01	0	0	0.54
16700	0.55	0.02	0.02	0	0	0.55
16800	0.56	0.02	0.02	0	0	0.56
16900	0.54	0.04	0.04	0	0	0.54
17000	0.54	0.05	0.05	0	0	0.54
17100	0.54	0.04	0.04	0	0	0.54
17200	0.54	0.04	0.04	0	0	0.54
17300	0.54	0.04	0.04	0	0	0.54
17400	0.54	0.05	0.05	0	0	0.54
17500	0.54	0.04	0.04	0	0	0.54
17600	0.54	0.03	0.03	0	0	0.54
17700	0.55	0.04	0.04	0	0	0.55
17800	0.55	0.03	0.03	0	0	0.55
17900	0.54	0.02	0.02	0	0	0.54
18000	0.55	0.03	0.03	0	0	0.55
18100	0.55	0.03	0.03	0	0	0.55
18200	0.55	0.04	0.04	0	0	0.55
18300	0.55	0.05	0.05	0	0	0.55
18400	0.55	0.04	0.04	0	0	0.55
18500	0.55	0.04	0.04	0	0	0.55
18600	0.55	0.05	0.05	0	0	0.55
18700	0.55	0.04	0.04	0	0	0.55
18800	0.55	0.02	0.02	0	0	0.55
18900	0.55	0.01	0.01	0	0	0.55
19000	0.55	0.01	0.01	0	0	0.55
19100	0.57	0.01	0.01	0	0	0.57
19200	0.57	0	0	0	0	0.57
19300	0.58	0	0	0	0	0.58
19400	0.57	0.01	0.01	0	0	0.57
19500	0.58	0.01	0.01	0	0	0.58
19600	0.57	0.01	0.01	0	0	0.57
19700	0.57	0	0	0	0	0.57
19800	0.58	0	0	0	0	0.58
19900	0.59	0.01	0.01	0	0	0.59
20000	0.59	0.01	0.01	0	0	0.59
20100	0.59	0.01	0.01	0	0	0.59
20200	0.59	0.02	0.02	0	0	0.59
20300	0.59	0.02	0.02	0	0	0.59
20400	0.59	0.02	0.02	0	0	0.59
20500	0.59	0.02	0.02	0	0	0.59
20600	0.59	0.04	0.04	0	0	0.59
20700	0.6	0.05	0.05	0	0	0.6
20800	0.6	0.05	0.05	0	0	0.6
20900	0.6	0.04	0.04	0	0	0.6
21000	0.6	0.03	0.03	0	0	0.6
21100	0.59	0.03	0.03	0	0	0.59
21200	0.59	0.02	0.02	0	0	0.59
21300	0.59	0.01	0.01	0	0	0.59
21400	0.59	0.01	0.01	0	0	0.59
21500	0.61	0.01	0.01	0	0	0.61
21600	0.61	0.01	0.01	0	0	0.61
21700	0.61	0.01	0.01	0	0	0.61
21800	0.6	0.01	0.01	0	0	0.6
21900	0.61	0	0	0	0	0.61
22000	0.61	0.01	0.01	0	0	0.61
22100	0.61	0.02	0.02	0	0	0.61
22200	0.6	0.03	0.03	0	0	0.6
22300	0.6	0.03	0.03	0	0	0.6
22400	0.61	0.03	0.03	0	0	0.61
22500	0.61	0.04	0.04	0	0	0.61
22600	0.61	0.03	0.03	0	0	0.61
22700	0.61	0.04	0.04	0	0	0.61
22800	0.61	0.04	0.04	0	0	0.61
22900	0.61	0.02	0.02	0	0	0.61
23000	0.61	0.02	0.02	0	0	0.61
23100	0.62	0.04	0.04	0	0	0.62
23200	0.62	0.01	0.01	0	0	0.62
23300	0.62	0.02	0.02	0	0	0.62
23400	0.62	0.01	0.01	0	0	0.62
23500	0.62	0.02	0.02	0	0	0.62
23600	0.62	0.04	0.04	0	0	0.62
23700	0.62	0.05	0.05	0	0	0.62
23800	0.62	0.05	0.05	0	0	0.62
23900	0.62	0.07	0.07	0	0	0.62
24000	0.62	0.03	0.03	0	0	0.62
24100	0.62	0.02	0.02	0	0	0.62
24200	0.62	0.01	0.01	0	0	0.62
24300	0.62	0.01	0.01	0	0	0.62
24400	0.62	0.01	0.01	0	0	0.62
24500	0.63	0.02	0.02	0	0	0.63
24600	0.62	0.02	0.02	0	0	0.62
24700	0.63	0	0	0	0	0.63
24800	0.63	0	0	0	0	0.63
24900	0.63	0	0	0	0	0.63
25000	0.63	0	0	0	0	0.63
25100	0.63	0	0	0	0	0.63
25200	0.63	0	0	0	0	0.63
25300	0.63	0.01	0.01	0	0	0.63
25400	0.63	0.01	0.01	0	0	0.63
25500	0.63	0.03	0.03	0	0	0.63
25600	0.63	0.02	0.02	0	0	0.63
25700	0.63	0.02	0.02	0	0	0.63
25800	0.63	0.02	0.02	0	0	0.63
25900	0.63	0.03	0.03	0	0	0.63
26000	0.64	0.03	0.03	0	0	0.64
26100	0.64	0.03	0.03	0	0	0.64
26200	0.64	0.02	0.02	0	0	0.64
26300	0.64	0.02	0.02	0	0	0.64
26400	0.63	0.03	0.03	0	0	0.63
26500	0.63	0.03	0.03	0	0	0.63
26600	0.64	0.02	0.02	0	0	0.64
26700	0.64	0.03	0.03	0	0	0.64
26800	0.64	0.03	0.03	0	0	0.64
26900	0.63	0.02	0.02	0	0	0.63
27000	0.63	0.01	0.01	0	0	0.63
27100	0.64	0.01	0.01	0	0	0.64
27200	0.64	0	0	0	0	0.64
27300	0.64	0	0	0	0	0.64
27400	0.64	0.02	0.02	0	0	0.64
27500	0.64	0.02	0.02	0	0	0.64
27600	0.64	0.02	0.02	0	0	0.64
27700	0.64	0.02	0.02	0	0	0.64
27800	0.65	0.02	0.02	0	0	0.65
27900	0.65	0.02	0.02	0	0	0.65
28000	0.65	0	0	0	0	0.65
28100	0.65	0.02	0.02	0	0	0.65
28200	0.65	0.03	0.03	0	0	0.65
28300	0.65	0.03	0.03	0	0	0.65
28400	0.64	0.03	0.03	0	0	0.64
28500	0.65	0.03	0.03	0	0	0.65
28600	0.65	0.02	0.02	0	0	0.65
28700	0.65	0	0	0	0	0.65
28800	0.65	0	0	0	0	0.65
28900	0.65	0	0	0	0	0.65
29000	0.65	0.01	0.01	0	0	0.65
29100	0.65	0.01	0.01	0	0	0.65
29200	0.65	0.02	0.02	0	0	0.65
29300	0.65	0.02	0.02	0	0	0.65
29400	0.65	0.02	0.02	0	0	0.65
29500	0.65	0.02	0.02	0	0	0.65
29600	0.65	0.01	0.01	0	0	0.65
29700	0.65	0.02	0.02	0	0	0.65
29800	0.65	0.02	0.02	0	0	0.65
29900	0.65	0.01	0.01	0	0	0.65
30000	0.65	0.01	0.01	0	0	0.65
30100	0.65	0.01	0.01	0	0	0.65
30200	0.65	0.01	0.01	0	0	0.65
30300	0.65	0.02	0.02	0	0	0.65
30400	0.65	0	0	0	0	0.65
30500	0.65	0	0	0	0	0.65
30600	0.65	0	0	0	0	0.65
30700	0.66	0	0	0	0	0.66
30800	0.67	0	0	0	0	0.67
30900	0.67	0.01	0.01	0	0	0.67
31000	0.67	0.02	0.02	0	0	0.67
31100	0.67	0.02	0.02	0	0	0.67
31200	0.67	0.03	0.03	0	0	0.67
31300	0.67	0.02	0.02	0	0	0.67
31400	0.67	0.01	0.01	0	0	0.67
31500	0.67	0.01	0.01	0	0	0.67
31600	0.67	0.01	0.01	0	0	0.67
31700	0.68	0.01	0.01	0	0	0.68
31800	0.68	0.02	0.02	0	0	0.68
31900	0.68	0.02	0.02	0	0	0.68
32000	0.68	0.02	0.02	0	0	0.68
32100	0.69	0.02	0.02	0	0	0.69
32200	0.69	0.03	0.03	0	0	0.69
32300	0.7	0.02	0.02	0	0	0.7
32400	0.7	0.02	0.02	0	0	0.7
32500	0.7	0.02	0.02	0	0	0.7
32600	0.69	0.01	0.01	0	0	0.69
32700	0.69	0.03	0.03	0	0	0.69
32800	0.69	0.02	0.02	0	0	0.69
32900	0.69	0.02	0.02	0	0	0.69
33000	0.69	0.02	0.02	0	0	0.69
33100	0.69	0.03	0.03	0	0	0.69
33200	0.69	0.03	0.03	0	0	0.69
33300	0.69	0.02	0.02	0	0	0.69
33400	0.69	0.01	0.01	0	0	0.69
33500	0.69	0.01	0.01	0	0	0.69
33600	0.69	0.01	0.01	0	0	0.69
33700	0.69	0	0	0	0	0.69
33800	0.69	0	0	0	0	0.69
33900	0.69	0.02	0.02	0	0	0.69
34000	0.69	0.03	0.03	0	0	0.69
34100	0.69	0.04	0.04	0	0	0.69
34200	0.69	0.03	0.03	0	0	0.69
34300	0.69	0.03	0.03	0	0	0.69
34400	0.69	0.02	0.02	0	0	0.69
34500	0.69	0.02	0.02	0	0	0.69
34600	0.69	0.01	0.01	0	0	0.69
34700	0.69	0.03	0.03	0	0	0.69
34800	0.69	0.02	0.02	0	0	0.69
34900	0.69	0.03	0.03	0	0	0.69
35000	0.69	0.03	0.03	0	0	0.69
35100	0.69	0	0	0	0	0.69
35200	0.69	0.03	0.03	0	0	0.69
35300	0.69	0.02	0.02	0	0	0.69
35400	0.69	0.02	0.02	0	0	0.69
35500	0.69	0.04	0.04	0	0	0.69
35600	0.69	0.04	0.04	0	0	0.69
35700	0.69	0.04	0.04	0	0	0.69
35800	0.69	0.05	0.05	0	0	0.69
35900	0.7	0.01	0.01	0	0	0.7
36000	0.7	0.02	0.02	0	0	0.7
36100	0.7	0.02	0.02	0	0	0.7
36200	0.7	0.02	0.02	0	0	0.7
36300	0.7	0.02	0.02	0	0	0.7
36400	0.71	0.01	0.01	0	0	0.71
36500	0.71	0.01	0.01	0	0	0.71
36600	0.71	0	0	0	0	0.71
36700	0.72	0.02	0.02	0	0	0.72
36800	0.72	0.02	0.02	0	0	0.72
36900	0.72	0.01	0.01	0	0	0.72
37000	0.72	0	0	0	0	0.72
37100	0.72	0.01	0.01	0	0	0.72
37200	0.72	0.02	0.02	0	0	0.72
37300	0.72	0.03	0.03	0	0	0.72
37400	0.72	0.04	0.04	0	0	0.72
37500	0.72	0.04	0.04	0	0	0.72
37600	0.72	0.04	0.04	0	0	0.72
37700	0.72	0.04	0.04	0	0	0.72
37800	0.72	0.04	0.04	0	0	0.72
37900	0.72	0.03	0.03	0	0	0.72
38000	0.72	0.01	0.01	0	0	0.72
38100	0.72	0.01	0.01	0	0	0.72
38200	0.72	0	0	0	0	0.72
38300	0.72	0.02	0.02	0	0	0.72
38400	0.72	0.02	0.02	0	0	0.72
38500	0.72	0.02	0.02	0	0	0.72
38600	0.72	0.02	0.02	0	0	0.72
38700	0.72	0.03	0.03	0	0	0.72
38800	0.72	0.03	0.03	0	0	0.72
38900	0.72	0.01	0.01	0	0	0.72
39000	0.72	0.01	0.01	0	0	0.72
39100	0.72	0	0	0	0	0.72
39200	0.72	0.01	0.01	0	0	0.72
39300	0.72	0.03	0.03	0	0	0.72
39400	0.72	0.03	0.03	0	0	0.72
39500	0.72	0.02	0.02	0	0	0.72
39600	0.72	0	0	0	0	0.72
39700	0.72	0	0	0	0	0.72
39800	0.72	0	0	0	0	0.72
39900	0.72	0.01	0.01	0	0	0.72
40000	0.72	0.01	0.01	0	0	0.72
40100	0.72	0.01	0.01	0	0	0.72
40200	0.72	0.01	0.01	0	0	0.72
40300	0.72	0.01	0.01	0	0	0.72
40400	0.72	0.01	0.01	0	0	0.72
40500	0.73	0.01	0.01	0	0	0.73
40600	0.73	0.03	0.03	0	0	0.73
40700	0.73	0.02	0.02	0	0	0.73
40800	0.73	0.03	0.03	0	0	0.73
40900	0.73	0.03	0.03	0	0	0.73
41000	0.73	0.02	0.02	0	0	0.73
41100	0.73	0.04	0.04	0	0	0.73
41200	0.73	0.03	0.03	0	0	0.73
41300	0.73	0.02	0.02	0	0	0.73
41400	0.73	0.02	0.02	0	0	0.73
41500	0.73	0.03	0.03	0	0	0.73
41600	0.73	0.02	0.02	0	0	0.73
41700	0.73	0.03	0.03	0	0	0.73
41800	0.73	0.03	0.03	0	0	0.73
41900	0.73	0.03	0.03	0	0	0.73
42000	0.73	0.02	0.02	0	0	0.73
42100	0.73	0.02	0.02	0	0	0.73
42200	0.73	0.02	0.02	0	0	0.73
42300	0.73	0.01	0.01	0	0	0.73
42400	0.73	0	0	0	0	0.73
42500	0.73	0	0	0	0	0.73
42600	0.73	0	0	0	0	0.73
42700	0.73	0	0	0	0	0.73
42800	0.73	0.01	0.01	0	0	0.73
42900	0.73	0.02	0.02	0	0	0.73
43000	0.73	0.02	0.02	0	0	0.73
43100	0.73	0.02	0.02	0	0	0.73
43200	0.72	0.01	0.01	0	0	0.72
43300	0.72	0.01	0.01	0	0	0.72
43400	0.72	0.01	0.01	0	0	0.72
43500	0.72	0.02	0.02	0	0	0.72
43600	0.72	0.01	0.01	0	0	0.72
43700	0.72	0.01	0.01	0	0	0.72
43800	0.72	0.01	0.01	0	0	0.72
43900	0.71	0.01	0.01	0	0	0.71
44000	0.71	0.01	0.01	0	0	0.71
44100	0.71	0.02	0.02	0	0	0.71
44200	0.71	0.01	0.01	0	0	0.71
44300	0.71	0.01	0.01	0	0	0.71
44400	0.71	0.01	0.01	0	0	0.71
44500	0.71	0.01	0.01	0	0	0.71
44600	0.71	0.01	0.01	0	0	0.71
44700	0.72	0	0	0	0	0.72
44800	0.72	0.03	0.03	0	0	0.72
44900	0.72	0.03	0.03	0	0	0.72
45000	0.72	0.03	0.03	0	0	0.72
45100	0.72	0.03	0.03	0	0	0.72
45200	0.72	0.02	0.02	0	0	0.72
45300	0.72	0.01	0.01	0	0	0.72
45400	0.72	0	0	0	0	0.72
45500	0.72	0.01	0.01	0	0	0.72
45600	0.72	0.01	0.01	0	0	0.72
45700	0.72	0.01	0.01	0	0	0.72
45800	0.72	0.01	0.01	0	0	0.72
45900	0.72	0.02	0.02	0	0	0.72
46000	0.72	0.02	0.02	0	0	0.72
46100	0.72	0.01	0.01	0	0	0.72
46200	0.73	0.01	0.01	0	0	0.73
46300	0.72	0.01	0.01	0	0	0.72
46400	0.72	0.01	0.01	0	0	0.72
46500	0.72	0.01	0.01	0	0	0.72
46600	0.72	0.02	0.02	0	0	0.72
46700	0.73	0.02	0.02	0	0	0.73
46800	0.73	0.02	0.02	0	0	0.73
46900	0.73	0	0	0	0	0.73
47000	0.73	0	0	0	0	0.73
47100	0.73	0	0	0	0	0.73
47200	0.74	0	0	0	0	0.74
47300	0.74	0.01	0.01	0	0	0.74
47400	0.75	0.01	0.01	0	0	0.75
47500	0.75	0.01	0.01	0	0	0.75
47600	0.75	0	0	0	0	0.75
47700	0.75	0	0	0	0	0.75
47800	0.75	0	0	0	0	0.75
47900	0.75	0.01	0.01	0	0	0.75
48000	0.75	0.01	0.01	0	0	0.75
48100	0.75	0.01	0.01	0	0	0.75
48200	0.75	0	0	0	0	0.75
48300	0.74	0	0	0	0	0.74
48400	0.74	0	0	0	0	0.74
48500	0.74	0	0	0	0	0.74
48600	0.74	0	0	0	0	0.74
48700	0.74	0	0	0	0	0.74
48800	0.74	0	0	0	0	0.74
48900	0.74	0	0	0	0	0.74
49000	0.74	0.01	0.01	0	0	0.74
49100	0.74	0.02	0.02	0	0	0.74
49200	0.74	0.02	0.02	0	0	0.74
49300	0.74	0.03	0.03	0	0	0.74
49400	0.74	0.03	0.03	0	0	0.74
49500	0.74	0.03	0.03	0	0	0.74
49600	0.74	0.01	0.01	0	0	0.74
49700	0.74	0.01	0.01	0	0	0.74
49800	0.74	0.01	0.01	0	0	0.74
49900	0.74	0.01	0.01	0	0	0.74
50000	0.74	0.02	0.02	0	0	0.74
50100	0.74	0.03	0.03	0	0	0.74
50200	0.73	0.03	0.03	0	0	0.73
50300	0.73	0.03	0.03	0	0	0.73
50400	0.73	0.02	0.02	0	0	0.73
50500	0.73	0.03	0.03	0	0	0.73
50600	0.73	0.02	0.02	0	0	0.73
50700	0.73	0.02	0.02	0	0	0.73
50800	0.73	0.02	0.02	0	0	0.73
50900	0.73	0.03	0.03	0	0	0.73
51000	0.73	0.03	0.03	0	0	0.73
51100	0.73	0.03	0.03	0	0	0.73
51200	0.73	0.03	0.03	0	0	0.73
51300	0.73	0.02	0.02	0	0	0.73
51400	0.73	0.01	0.01	0	0	0.73
51500	0.74	0	0	0	0	0.74
51600	0.74	0	0	0	0	0.74
51700	0.74	0	0	0	0	0.74
51800	0.74	0.02	0.02	0	0	0.74
51900	0.73	0.03	0.03	0	0	0.73
52000	0.73	0.03	0.03	0	0	0.73
52100	0.73	0.02	0.02	0	0	0.73
52200	0.73	0.02	0.02	0	0	0.73
52300	0.73	0.01	0.01	0	0	0.73
52400	0.73	0.01	0.01	0	0	0.73
52500	0.73	0	0	0	0	0.73
52600	0.73	0.04	0.04	0	0	0.73
52700	0.73	0.02	0.02	0	0	0.73
52800	0.73	0.02	0.02	0	0	0.73
52900	0.73	0.02	0.02	0	0	0.73
53000	0.73	0.01	0.01	0	0	0.73
53100	0.73	0.01	0.01	0	0	0.73
53200	0.73	0.02	0.02	0	0	0.73
53300	0.73	0.02	0.02	0	0	0.73
53400	0.73	0.01	0.01	0	0	0.73
53500	0.73	0.01	0.01	0	0	0.73
53600	0.74	0.01	0.01	0	0	0.74
53700	0.74	0	0	0	0	0.74
53800	0.74	0	0	0	0	0.74
53900	0.74	0	0	0	0	0.74
54000	0.74	0	0	0	0	0.74
54100	0.74	0.01	0.01	0	0	0.74
54200	0.74	0.01	0.01	0	0	0.74
54300	0.74	0.01	0.01	0	0	0.74
54400	0.75	0.02	0.02	0	0	0.75
54500	0.75	0.02	0.02	0	0	0.75
54600	0.75	0.01	0.01	0	0	0.75
54700	0.75	0.01	0.01	0	0	0.75
54800	0.75	0	0	0	0	0.75
54900	0.75	0	0	0	0	0.75
55000	0.75	0.01	0.01	0	0	0.75
55100	0.75	0.02	0.02	0	0	0.75
55200	0.75	0.02	0.02	0	0	0.75
55300	0.75	0.05	0.05	0	0	0.75
55400	0.75	0.05	0.05	0	0	0.75
55500	0.75	0.04	0.04	0	0	0.75
55600	0.75	0.04	0.04	0	0	0.75
55700	0.75	0	0	0	0	0.75
55800	0.75	0.01	0.01	0	0	0.75
55900	0.75	0.01	0.01	0	0	0.75
56000	0.74	0.01	0.01	0	0	0.74
56100	0.74	0.01	0.01	0	0	0.74
56200	0.74	0.01	0.01	0	0	0.74
56300	0.74	0.01	0.01	0	0	0.74
56400	0.74	0	0	0	0	0.74
56500	0.74	0	0	0	0	0.74
56600	0.74	0	0	0	0	0.74
56700	0.74	0	0	0	0	0.74
56800	0.74	0.02	0.02	0	0	0.74
56900	0.74	0.02	0.02	0	0	0.74
57000	0.75	0.02	0.02	0	0	0.75
57100	0.75	0.02	0.02	0	0	0.75
57200	0.75	0.02	0.02	0	0	0.75
57300	0.75	0.01	0.01	0	0	0.75
57400	0.75	0	0	0	0	0.75
57500	0.75	0	0	0	0	0.75
57600	0.75	0	0	0	0	0.75
57700	0.75	0.01	0.01	0	0	0.75
57800	0.75	0.01	0.01	0	0	0.75
57900	0.75	0.02	0.02	0	0	0.75
58000	0.75	0.02	0.02	0	0	0.75
58100	0.75	0.02	0.02	0	0	0.75
58200	0.75	0.02	0.02	0	0	0.75
58300	0.75	0.01	0.01	0	0	0.75
58400	0.76	0.02	0.02	0	0	0.76
58500	0.76	0.01	0.01	0	0	0.76
58600	0.76	0.01	0.01	0	0	0.76
58700	0.76	0.01	0.01	0	0	0.76
58800	0.76	0.01	0.01	0	0	0.76
58900	0.76	0	0	0	0	0.76
59000	0.76	0	0	0	0	0.76
59100	0.76	0	0	0	0	0.76
59200	0.76	0.01	0.01	0	0	0.76
59300	0.76	0.01	0.01	0	0	0.76
59400	0.76	0.01	0.01	0	0	0.76
59500	0.76	0.01	0.01	0	0	0.76
59600	0.77	0.02	0.02	0	0	0.77
59700	0.77	0.02	0.02	0	0	0.77
59800	0.77	0.02	0.02	0	0	0.77
59900	0.77	0.03	0.03	0	0	0.77
60000	0.77	0.04	0.04	0	0	0.77
60100	0.77	0.04	0.04	0	0	0.77
60200	0.77	0.04	0.04	0	0	0.77
60300	0.77	0.03	0.03	0	0	0.77
60400	0.77	0.02	0.02	0	0	0.77
60500	0.77	0.02	0.02	0	0	0.77
60600	0.77	0.01	0.01	0	0	0.77
60700	0.77	0.01	0.01	0	0	0.77
60800	0.77	0.01	0.01	0	0	0.77
60900	0.77	0	0	0	0	0.77
61000	0.77	0	0	0	0	0.77
61100	0.77	0	0	0	0	0.77
61200	0.77	0.02	0.02	0	0	0.77
61300	0.77	0.02	0.02	0	0	0.77
61400	0.77	0.01	0.01	0	0	0.77
61500	0.77	0.01	0.01	0	0	0.77
61600	0.77	0.01	0.01	0	0	0.77
61700	0.77	0.01	0.01	0	0	0.77
61800	0.77	0.01	0.01	0	0	0.77
61900	0.77	0.01	0.01	0	0	0.77
62000	0.77	0.01	0.01	0	0	0.77
62100	0.77	0	0	0	0	0.77
62200	0.77	0	0	0	0	0.77
62300	0.77	0.01	0.01	0	0	0.77
62400	0.77	0.01	0.01	0	0	0.77
62500	0.77	0.01	0.01	0	0	0.77
62600	0.77	0	0	0	0	0.77
62700	0.77	0	0	0	0	0.77
62800	0.77	0	0	0	0	0.77
62900	0.77	0	0	0	0	0.77
63000	0.77	0	0	0	0	0.77
63100	0.77	0	0	0	0	0.77
63200	0.77	0	0	0	0	0.77
63300	0.77	0	0	0	0	0.77
63400	0.77	0	0	0	0	0.77
63500	0.77	0	0	0	0	0.77
63600	0.77	0	0	0	0	0.77
63700	0.77	0.01	0.01	0	0	0.77
63800	0.77	0.02	0.02	0	0	0.77
63900	0.77	0.02	0.02	0	0	0.77
64000	0.77	0.01	0.01	0	0	0.77
64100	0.77	0.01	0.01	0	0	0.77
64200	0.77	0.01	0.01	0	0	0.77
64300	0.77	0.01	0.01	0	0	0.77
64400	0.77	0	0	0	0	0.77
64500	0.77	0.01	0.01	0	0	0.77
64600	0.77	0	0	0	0	0.77
64700	0.77	0.01	0.01	0	0	0.77
64800	0.77	0.01	0.01	0	0	0.77
64900	0.77	0.01	0.01	0	0	0.77
65000	0.77	0	0	0	0	0.77
65100	0.77	0	0	0	0	0.77
65200	0.77	0.01	0.01	0	0	0.77
65300	0.77	0.01	0.01	0	0	0.77
65400	0.77	0.02	0.02	0	0	0.77
65500	0.77	0.02	0.02	0	0	0.77
65600	0.77	0.01	0.01	0	0	0.77
65700	0.77	0.01	0.01	0	0	0.77
65800	0.77	0.01	0.01	0	0	0.77
65900	0.77	0.02	0.02	0	0	0.77
66000	0.78	0.02	0.02	0	0	0.78
66100	0.77	0.01	0.01	0	0	0.77
66200	0.77	0.01	0.01	0	0	0.77
66300	0.77	0.01	0.01	0	0	0.77
66400	0.77	0.01	0.01	0	0	0.77
66500	0.77	0	0	0	0	0.77
66600	0.77	0	0	0	0	0.77
66700	0.77	0	0	0	0	0.77
66800	0.77	0	0	0	0	0.77
66900	0.77	0	0	0	0	0.77
67000	0.77	0.02	0.02	0	0	0.77
67100	0.77	0.02	0.02	0	0	0.77
67200	0.77	0.02	0.02	0	0	0.77
67300	0.77	0.03	0.03	0	0	0.77
67400	0.77	0.04	0.04	0	0	0.77
67500	0.77	0.03	0.03	0	0	0.77
67600	0.77	0.03	0.03	0	0	0.77
67700	0.77	0.02	0.02	0	0	0.77
67800	0.77	0.01	0.01	0	0	0.77
67900	0.77	0.02	0.02	0	0	0.77
68000	0.77	0.02	0.02	0	0	0.77
68100	0.77	0.02	0.02	0	0	0.77
68200	0.77	0	0	0	0	0.77
68300	0.77	0	0	0	0	0.77
68400	0.77	0	0	0	0	0.77
68500	0.77	0.01	0.01	0	0	0.77
68600	0.77	0.03	0.03	0	0	0.77
68700	0.77	0.03	0.03	0	0	0.77
68800	0.77	0.02	0.02	0	0	0.77
68900	0.77	0.02	0.02	0	0	0.77
69000	0.77	0.02	0.02	0	0	0.77
69100	0.77	0.01	0.01	0	0	0.77
69200	0.77	0	0	0	0	0.77
69300	0.77	0.01	0.01	0	0	0.77
69400	0.77	0.02	0.02	0	0	0.77
69500	0.77	0.01	0.01	0	0	0.77
69600	0.77	0.02	0.02	0	0	0.77
69700	0.77	0.02	0.02	0	0	0.77
69800	0.77	0.01	0.01	0	0	0.77
69900	0.77	0.01	0.01	0	0	0.77
70000	0.77	0.02	0.02	0	0	0.77
70100	0.77	0.01	0.01	0	0	0.77
70200	0.77	0.02	0.02	0	0	0.77
70300	0.77	0.03	0.03	0	0	0.77
70400	0.77	0.03	0.03	0	0	0.77
70500	0.77	0.03	0.03	0	0	0.77
70600	0.77	0.01	0.01	0	0	0.77
70700	0.77	0.01	0.01	0	0	0.77
70800	0.77	0.01	0.01	0	0	0.77
70900	0.77	0	0	0	0	0.77
71000	0.76	0.01	0.01	0	0	0.76
71100	0.76	0.01	0.01	0	0	0.76
71200	0.76	0.01	0.01	0	0	0.76
71300	0.76	0.01	0.01	0	0	0.76
71400	0.76	0.01	0.01	0	0	0.76
71500	0.76	0.01	0.01	0	0	0.76
71600	0.76	0	0	0	0	0.76
71700	0.76	0.01	0.01	0	0	0.76
71800	0.76	0.01	0.01	0	0	0.76
71900	0.76	0.01	0.01	0	0	0.76
72000	0.76	0.01	0.01	0	0	0.76
72100	0.76	0.02	0.02	0	0	0.76
72200	0.76	0.02	0.02	0	0	0.76
72300	0.76	0.01	0.01	0	0	0.76
72400	0.76	0.02	0.02	0	0	0.76
72500	0.76	0.02	0.02	0	0	0.76
72600	0.76	0.01	0.01	0	0	0.76
72700	0.76	0.01	0.01	0	0	0.76
72800	0.76	0.01	0.01	0	0	0.76
72900	0.76	0.02	0.02	0	0	0.76
73000	0.76	0.02	0.02	0	0	0.76
73100	0.76	0.01	0.01	0	0	0.76
73200	0.77	0.01	0.01	0	0	0.77
73300	0.76	0.02	0.02	0	0	0.76
73400	0.76	0.04	0.04	0	0	0.76
73500	0.75	0.04	0.04	0	0	0.75
73600	0.75	0.04	0.04	0	0	0.75
73700	0.75	0.04	0.04	0	0	0.75
73800	0.75	0.03	0.03	0	0	0.75
73900	0.75	0.02	0.02	0	0	0.75
74000	0.75	0.01	0.01	0	0	0.75
74100	0.75	0.01	0.01	0	0	0.75
74200	0.75	0	0	0	0	0.75
74300	0.75	0	0	0	0	0.75
74400	0.75	0.01	0.01	0	0	0.75
74500	0.76	0.01	0.01	0	0	0.76
74600	0.76	0.01	0.01	0	0	0.76
74700	0.76	0	0	0	0	0.76
74800	0.76	0	0	0	0	0.76
74900	0.76	0.01	0.01	0	0	0.76
75000	0.76	0.02	0.02	0	0	0.76
75100	0.76	0.03	0.03	0	0	0.76
75200	0.76	0.04	0.04	0	0	0.76
75300	0.76	0.04	0.04	0	0	0.76
75400	0.75	0.04	0.04	0	0	0.75
75500	0.75	0.02	0.02	0	0	0.75
75600	0.75	0.03	0.03	0	0	0.75
75700	0.75	0	0	0	0	0.75
75800	0.75	0	0	0	0	0.75
75900	0.75	0	0	0	0	0.75
76000	0.75	0	0	0	0	0.75
76100	0.75	0	0	0	0	0.75
76200	0.75	0	0	0	0	0.75
76300	0.75	0.01	0.01	0	0	0.75
76400	0.75	0.03	0.03	0	0	0.75
76500	0.75	0.03	0.03	0	0	0.75
76600	0.75	0.03	0.03	0	0	0.75
76700	0.75	0.03	0.03	0	0	0.75
76800	0.75	0.02	0.02	0	0	0.75
76900	0.75	0.01	0.01	0	0	0.75
77000	0.75	0.02	0.02	0	0	0.75
77100	0.75	0.02	0.02	0	0	0.75
77200	0.75	0.03	0.03	0	0	0.75
77300	0.75	0.02	0.02	0	0	0.75
77400	0.75	0.02	0.02	0	0	0.75
77500	0.75	0.01	0.01	0	0	0.75
77600	0.75	0.01	0.01	0	0	0.75
77700	0.75	0.02	0.02	0	0	0.75
77800	0.75	0.02	0.02	0	0	0.75
77900	0.75	0.02	0.02	0	0	0.75
78000	0.75	0.03	0.03	0	0	0.75
78100	0.75	0.02	0.02	0	0	0.75
78200	0.75	0.02	0.02	0	0	0.75
78300	0.74	0.03	0.03	0	0	0.74
78400	0.74	0.04	0.04	0	0	0.74
78500	0.74	0.04	0.04	0	0	0.74
78600	0.74	0.03	0.03	0	0	0.74
78700	0.74	0.03	0.03	0	0	0.74
78800	0.74	0.02	0.02	0	0	0.74
78900	0.74	0.02	0.02	0	0	0.74
79000	0.74	0	0	0	0	0.74
79100	0.74	0	0	0	0	0.74
79200	0.74	0.01	0.01	0	0	0.74
79300	0.74	0.01	0.01	0	0	0.74
79400	0.74	0.01	0.01	0	0	0.74
79500	0.74	0.02	0.02	0	0	0.74
79600	0.74	0.02	0.02	0	0	0.74
79700	0.74	0.01	0.01	0	0	0.74
79800	0.74	0.01	0.01	0	0	0.74
79900	0.74	0.01	0.01	0	0	0.74
80000	0.74	0.01	0.01	0	0	0.74
80100	0.74	0	0	0	0	0.74
80200	0.74	0	0	0	0	0.74
80300	0.74	0	0	0	0	0.74
80400	0.74	0	0	0	0	0.74
80500	0.74	0	0	0	0	0.74
80600	0.74	0	0	0	0	0.74
80700	0.74	0.01	0.01	0	0	0.74
80800	0.74	0.01	0.01	0	0	0.74
80900	0.74	0.02	0.02	0	0	0.74
81000	0.75	0.02	0.02	0	0	0.75
81100	0.75	0.02	0.02	0	0	0.75
81200	0.75	0.02	0.02	0	0	0.75
81300	0.75	0.02	0.02	0	0	0.75
81400	0.75	0.01	0.01	0	0	0.75
81500	0.75	0.01	0.01	0	0	0.75
81600	0.75	0.01	0.01	0	0	0.75
81700	0.75	0.01	0.01	0	0	0.75
81800	0.75	0	0	0	0	0.75
81900	0.75	0	0	0	0	0.75
82000	0.75	0	0	0	0	0.75
82100	0.75	0	0	0	0	0.75
82200	0.75	0	0	0	0	0.75
82300	0.75	0	0	0	0	0.75
82400	0.75	0	0	0	0	0.75
82500	0.75	0.01	0.01	0	0	0.75
82600	0.75	0.01	0.01	0	0	0.75
82700	0.75	0.01	0.01	0	0	0.75
82800	0.75	0.02	0.02	0	0	0.75
82900	0.75	0.02	0.02	0	0	0.75
83000	0.75	0.01	0.01	0	0	0.75
83100	0.75	0.01	0.01	0	0	0.75
83200	0.75	0.04	0.04	0	0	0.75
83300	0.75	0.05	0.05	0	0	0.75
83400	0.75	0.04	0.04	0	0	0.75
83500	0.75	0.03	0.03	0	0	0.75
83600	0.75	0.04	0.04	0	0	0.75
83700	0.76	0.02	0.02	0	0	0.76
83800	0.76	0	0	0	0	0.76
83900	0.76	0.01	0.01	0	0	0.76
84000	0.76	0.01	0.01	0	0	0.76
84100	0.75	0.01	0.01	0	0	0.75
84200	0.75	0.03	0.03	0	0	0.75
84300	0.75	0.02	0.02	0	0	0.75
84400	0.76	0.01	0.01	0	0	0.76
84500	0.76	0.01	0.01	0	0	0.76
84600	0.76	0.01	0.01	0	0	0.76
84700	0.76	0	0	0	0	0.76
84800	0.76	0	0	0	0	0.76
84900	0.76	0	0	0	0	0.76
85000	0.76	0	0	0	0	0.76
85100	0.76	0	0	0	0	0.76
85200	0.76	0	0	0	0	0.76
85300	0.76	0	0	0	0	0.76
85400	0.76	0.01	0.01	0	0	0.76
85500	0.76	0.01	0.01	0	0	0.76
85600	0.76	0.02	0.02	0	0	0.76
85700	0.76	0.02	0.02	0	0	0.76
85800	0.76	0.03	0.03	0	0	0.76
85900	0.76	0.02	0.02	0	0	0.76
86000	0.76	0.01	0.01	0	0	0.76
86100	0.76	0.01	0.01	0	0	0.76
86200	0.76	0.01	0.01	0	0	0.76
86300	0.76	0.01	0.01	0	0	0.76
86400	0.76	0.01	0.01	0	0	0.76
86500	0.76	0.01	0.01	0	0	0.76
86600	0.76	0.01	0.01	0	0	0.76
86700	0.76	0.01	0.01	0	0	0.76
86800	0.76	0.02	0.02	0	0	0.76
86900	0.76	0.02	0.02	0	0	0.76
87000	0.76	0.01	0.01	0	0	0.76
87100	0.76	0.01	0.01	0	0	0.76
87200	0.76	0.03	0.03	0	0	0.76
87300	0.76	0.04	0.04	0	0	0.76
87400	0.77	0.03	0.03	0	0	0.77
87500	0.77	0.03	0.03	0	0	0.77
87600	0.77	0.03	0.03	0	0	0.77
87700	0.77	0.03	0.03	0	0	0.77
87800	0.77	0.05	0.05	0	0	0.77
87900	0.77	0.04	0.04	0	0	0.77
88000	0.77	0.02	0.02	0	0	0.77
88100	0.77	0.01	0.01	0	0	0.77
88200	0.77	0	0	0	0	0.77
88300	0.76	0.01	0.01	0	0	0.76
88400	0.76	0.02	0.02	0	0	0.76
88500	0.76	0.03	0.03	0	0	0.76
88600	0.76	0.04	0.04	0	0	0.76
88700	0.75	0.03	0.03	0	0	0.75
88800	0.75	0	0	0	0	0.75
88900	0.75	0	0	0	0	0.75
89000	0.75	0	0	0	0	0.75
89100	0.75	0.01	0.01	0	0	0.75
89200	0.75	0.02	0.02	0	0	0.75
89300	0.75	0.01	0.01	0	0	0.75
89400	0.75	0.01	0.01	0	0	0.75
89500	0.75	0	0	0	0	0.75
89600	0.75	0	0	0	0	0.75
89700	0.75	0.01	0.01	0	0	0.75
89800	0.75	0.01	0.01	0	0	0.75
89900	0.75	0.01	0.01	0	0	0.75
90000	0.75	0	0	0	0	0.75
90100	0.75	0	0	0	0	0.75
90200	0.75	0	0	0	0	0.75
90300	0.75	0	0	0	0	0.75
90400	0.75	0	0	0	0	0.75
90500	0.75	0	0	0	0	0.75
90600	0.76	0.02	0.02	0	0	0.76
90700	0.76	0.01	0.01	0	0	0.76
90800	0.76	0.01	0.01	0	0	0.76
90900	0.77	0	0	0	0	0.77
91000	0.77	0	0	0	0	0.77
91100	0.77	0.01	0.01	0	0	0.77
91200	0.77	0.01	0.01	0	0	0.77
91300	0.76	0.01	0.01	0	0	0.76
91400	0.76	0.01	0.01	0	0	0.76
91500	0.76	0.01	0.01	0	0	0.76
91600	0.76	0.01	0.01	0	0	0.76
91700	0.76	0	0	0	0	0.76
91800	0.76	0	0	0	0	0.76
91900	0.76	0	0	0	0	0.76
92000	0.76	0	0	0	0	0.76
92100	0.76	0	0	0	0	0.76
92200	0.76	0	0	0	0	0.76
92300	0.76	0.01	0.01	0	0	0.76
92400	0.77	0.01	0.01	0	0	0.77
92500	0.77	0.02	0.02	0	0	0.77
92600	0.77	0.03	0.03	0	0	0.77
92700	0.77	0.03	0.03	0	0	0.77
92800	0.77	0.03	0.03	0	0	0.77
92900	0.77	0.02	0.02	0	0	0.77
93000	0.77	0	0	0	0	0.77
93100	0.77	0	0	0	0	0.77
93200	0.77	0	0	0	0	0.77
93300	0.77	0.01	0.01	0	0	0.77
93400	0.77	0.02	0.02	0	0	0.77
93500	0.77	0.01	0.01	0	0	0.77
93600	0.77	0.01	0.01	0	0	0.77
93700	0.77	0	0	0	0	0.77
93800	0.77	0	0	0	0	0.77
93900	0.77	0	0	0	0	0.77
94000	0.77	0	0	0	0	0.77
94100	0.78	0	0	0	0	0.78
94200	0.77	0.01	0.01	0	0	0.77
94300	0.77	0.02	0.02	0	0	0.77
94400	0.77	0.02	0.02	0	0	0.77
94500	0.77	0.02	0.02	0	0	0.77
94600	0.77	0.03	0.03	0	0	0.77
94700	0.77	0.03	0.03	0	0	0.77
94800	0.77	0.02	0.02	0	0	0.77
94900	0.77	0.01	0.01	0	0	0.77
95000	0.78	0	0	0	0	0.78
95100	0.78	0	0	0	0	0.78
95200	0.78	0	0	0	0	0.78
95300	0.78	0	0	0	0	0.78
95400	0.78	0.01	0.01	0	0	0.78
95500	0.78	0.02	0.02	0	0	0.78
95600	0.78	0.02	0.02	0	0	0.78
95700	0.78	0.02	0.02	0	0	0.78
95800	0.78	0.01	0.01	0	0	0.78
95900	0.78	0.01	0.01	0	0	0.78
96000	0.78	0.01	0.01	0	0	0.78
96100	0.78	0.01	0.01	0	0	0.78
96200	0.78	0.01	0.01	0	0	0.78
96300	0.78	0	0	0	0	0.78
96400	0.78	0	0	0	0	0.78
96500	0.78	0	0	0	0	0.78
96600	0.78	0	0	0	0	0.78
96700	0.78	0	0	0	0	0.78
96800	0.78	0	0	0	0	0.78
96900	0.78	0.01	0.01	0	0	0.78
97000	0.78	0.02	0.02	0	0	0.78
97100	0.78	0.02	0.02	0	0	0.78
97200	0.78	0.02	0.02	0	0	0.78
97300	0.78	0.01	0.01	0	0	0.78
97400	0.77	0.01	0.01	0	0	0.77
97500	0.77	0.01	0.01	0	0	0.77
97600	0.77	0.02	0.02	0	0	0.77
97700	0.77	0.01	0.01	0	0	0.77
97800	0.77	0.01	0.01	0	0	0.77
97900	0.77	0.01	0.01	0	0	0.77
98000	0.77	0.01	0.01	0	0	0.77
98100	0.78	0.01	0.01	0	0	0.78
98200	0.78	0.01	0.01	0	0	0.78
98300	0.78	0.04	0.04	0	0	0.78
98400	0.78	0.03	0.03	0	0	0.78
98500	0.78	0.03	0.03	0	0	0.78
98600	0.78	0.03	0.03	0	0	0.78
98700	0.78	0.03	0.03	0	0	0.78
98800	0.78	0.02	0.02	0	0	0.78
98900	0.78	0.02	0.02	0	0	0.78
99000	0.78	0.03	0.03	0	0	0.78
99100	0.78	0.03	0.03	0	0	0.78
99200	0.78	0.02	0.02	0	0	0.78
99300	0.78	0.02	0.02	0	0	0.78
99400	0.78	0	0	0	0	0.78
99500	0.78	0	0	0	0	0.78
99600	0.78	0	0	0	0	0.78
99700	0.78	0	0	0	0	0.78
99800	0.78	0.01	0.01	0	0	0.78
99900	0.78	0.01	0.01	0	0	0.78
100000	0.78	0.01	0.01	0	0	0.78
100100	0.78	0	0	0	0	0.78
100200	0.78	0	0	0	0	0.78
100300	0.78	0	0	0	0	0.78
100400	0.78	0.01	0.01	0	0	0.78
100500	0.78	0.01	0.01	0	0	0.78
100600	0.78	0.01	0.01	0	0	0.78
100700	0.78	0.01	0.01	0	0	0.78
100800	0.78	0	0	0	0	0.78
100900	0.78	0.01	0.01	0	0	0.78
101000	0.78	0.02	0.02	0	0	0.78
101100	0.78	0.03	0.03	0	0	0.78
101200	0.78	0.03	0.03	0	0	0.78
101300	0.78	0.02	0.02	0	0	0.78
101400	0.78	0.01	0.01	0	0	0.78
101500	0.78	0.01	0.01	0	0	0.78
101600	0.78	0.01	0.01	0	0	0.78
101700	0.78	0	0	0	0	0.78
101800	0.78	0.02	0.02	0	0	0.78
101900	0.78	0.01	0.01	0	0	0.78
102000	0.78	0.01	0.01	0	0	0.78
102100	0.78	0.01	0.01	0	0	0.78
102200	0.78	0	0	0	0	0.78
102300	0.78	0.01	0.01	0	0	0.78
102400	0.78	0.02	0.02	0	0	0.78
102500	0.78	0.03	0.03	0	0	0.78
102600	0.78	0.03	0.03	0	0	0.78
102700	0.78	0.03	0.03	0	0	0.78
102800	0.78	0.02	0.02	0	0	0.78
102900	0.78	0.01	0.01	0	0	0.78
103000	0.78	0.01	0.01	0	0	0.78
103100	0.78	0	0	0	0	0.78
103200	0.78	0.01	0.01	0	0	0.78
103300	0.78	0.01	0.01	0	0	0.78
103400	0.78	0.02	0.02	0	0	0.78
103500	0.78	0.02	0.02	0	0	0.78
103600	0.78	0.01	0.01	0	0	0.78
103700	0.78	0.01	0.01	0	0	0.78
103800	0.78	0.02	0.02	0	0	0.78
103900	0.78	0.02	0.02	0	0	0.78
104000	0.78	0.03	0.03	0	0	0.78
104100	0.78	0.03	0.03	0	0	0.78
104200	0.78	0.03	0.03	0	0	0.78
104300	0.78	0.03	0.03	0	0	0.78
104400	0.78	0.01	0.01	0	0	0.78
104500	0.78	0.01	0.01	0	0	0.78
104600	0.78	0	0	0	0	0.78
104700	0.78	0	0	0	0	0.78
104800	0.78	0	0	0	0	0.78
104900	0.78	0	0	0	0	0.78
105000	0.78	0	0	0	0	0.78
105100	0.78	0	0	0	0	0.78
105200	0.78	0	0	0	0	0.78
105300	0.78	0	0	0	0	0.78
105400	0.78	0	0	0	0	0.78
105500	0.78	0.01	0.01	0	0	0.78
105600	0.78	0.01	0.01	0	0	0.78
105700	0.78	0.01	0.01	0	0	0.78
105800	0.78	0.01	0.01	0	0	0.78
105900	0.78	0	0	0	0	0.78
106000	0.78	0	0	0	0	0.78
106100	0.78	0	0	0	0	0.78
106200	0.78	0	0	0	0	0.78
106300	0.78	0	0	0	0	0.78
106400	0.78	0	0	0	0	0.78
106500	0.78	0	0	0	0	0.78
106600	0.78	0.01	0.01	0	0	0.78
106700	0.78	0.01	0.01	0	0	0.78
106800	0.78	0.01	0.01	0	0	0.78
106900	0.78	0.01	0.01	0	0	0.78
107000	0.78	0.01	0.01	0	0	0.78
107100	0.78	0	0	0	0	0.78
107200	0.78	0.01	0.01	0	0	0.78
107300	0.78	0.01	0.01	0	0	0.78
107400	0.78	0.01	0.01	0	0	0.78
107500	0.78	0.01	0.01	0	0	0.78
107600	0.78	0.01	0.01	0	0	0.78
107700	0.78	0	0	0	0	0.78
107800	0.78	0.01	0.01	0	0	0.78
107900	0.78	0.01	0.01	0	0	0.78
108000	0.78	0.01	0.01	0	0	0.78
108100	0.78	0.01	0.01	0	0	0.78
108200	0.78	0.02	0.02	0	0	0.78
108300	0.78	0.01	0.01	0	0	0.78
108400	0.78	0	0	0	0	0.78
108500	0.78	0	0	0	0	0.78
108600	0.78	0	0	0	0	0.78
108700	0.78	0.02	0.02	0	0	0.78
108800	0.78	0.02	0.02	0	0	0.78
108900	0.78	0.03	0.03	0	0	0.78
109000	0.78	0.02	0.02	0	0	0.78
109100	0.78	0.02	0.02	0	0	0.78
109200	0.78	0.03	0.03	0	0	0.78
109300	0.78	0.03	0.03	0	0	0.78
109400	0.78	0.03	0.03	0	0	0.78
109500	0.78	0.02	0.02	0	0	0.78
109600	0.78	0.02	0.02	0	0	0.78
109700	0.78	0.03	0.03	0	0	0.78
109800	0.78	0.02	0.02	0	0	0.78
109900	0.78	0.02	0.02	0	0	0.78
110000	0.78	0.01	0.01	0	0	0.78
110100	0.78	0	0	0	0	0.78
110200	0.78	0	0	0	0	0.78
110300	0.78	0.02	0.02	0	0	0.78
110400	0.78	0.02	0.02	0	0	0.78
110500	0.78	0.02	0.02	0	0	0.78
110600	0.78	0.02	0.02	0	0	0.78
110700	0.78	0.02	0.02	0	0	0.78
110800	0.78	0.01	0.01	0	0	0.78
110900	0.78	0.01	0.01	0	0	0.78
111000	0.78	0.01	0.01	0	0	0.78
111100	0.78	0.02	0.02	0	0	0.78
111200	0.78	0.03	0.03	0	0	0.78
111300	0.78	0.02	0.02	0	0	0.78
111400	0.78	0.01	0.01	0	0	0.78
111500	0.78	0.02	0.02	0	0	0.78
111600	0.78	0.02	0.02	0	0	0.78
111700	0.79	0.02	0.02	0	0	0.79
111800	0.79	0.02	0.02	0	0	0.79
111900	0.79	0.01	0.01	0	0	0.79
112000	0.79	0.01	0.01	0	0	0.79
112100	0.78	0.01	0.01	0	0	0.78
112200	0.78	0.02	0.02	0	0	0.78
112300	0.78	0.03	0.03	0	0	0.78
112400	0.78	0.02	0.02	0	0	0.78
112500	0.78	0.01	0.01	0	0	0.78
112600	0.78	0	0	0	0	0.78
112700	0.78	0	0	0	0	0.78
112800	0.78	0.01	0.01	0	0	0.78
112900	0.78	0.02	0.02	0	0	0.78
113000	0.78	0.01	0.01	0	0	0.78
113100	0.78	0.02	0.02	0	0	0.78
113200	0.78	0.03	0.03	0	0	0.78
113300	0.78	0.03	0.03	0	0	0.78
113400	0.78	0.02	0.02	0	0	0.78
113500	0.78	0.03	0.03	0	0	0.78
113600	0.78	0.02	0.02	0	0	0.78
113700	0.78	0	0	0	0	0.78
113800	0.78	0	0	0	0	0.78
113900	0.78	0.01	0.01	0	0	0.78
114000	0.78	0.01	0.01	0	0	0.78
114100	0.78	0.01	0.01	0	0	0.78
114200	0.78	0.01	0.01	0	0	0.78
114300	0.78	0.01	0.01	0	0	0.78
114400	0.79	0.02	0.02	0	0	0.79
114500	0.79	0.03	0.03	0	0	0.79
114600	0.79	0.03	0.03	0	0	0.79
114700	0.79	0.03	0.03	0	0	0.79
114800	0.79	0.03	0.03	0	0	0.79
114900	0.79	0.03	0.03	0	0	0.79
115000	0.79	0.02	0.02	0	0	0.79
115100	0.79	0.01	0.01	0	0	0.79
115200	0.79	0.02	0.02	0	0	0.79
115300	0.79	0.02	0.02	0	0	0.79
115400	0.79	0.01	0.01	0	0	0.79
115500	0.79	0.01	0.01	0	0	0.79
115600	0.79	0.01	0.01	0	0	0.79
115700	0.79	0.01	0.01	0	0	0.79
115800	0.79	0	0	0	0	0.79
115900	0.79	0	0	0	0	0.79
116000	0.79	0	0	0	0	0.79
116100	0.79	0.01	0.01	0	0	0.79
116200	0.79	0.01	0.01	0	0	0.79
116300	0.79	0.01	0.01	0	0	0.79
116400	0.79	0.01	0.01	0	0	0.79
116500	0.79	0.01	0.01	0	0	0.79
116600	0.79	0	0	0	0	0.79
116700	0.79	0	0	0	0	0.79
116800	0.79	0	0	0	0	0.79
116900	0.79	0	0	0	0	0.79
117000	0.79	0	0	0	0	0.79
117100	0.79	0	0	0	0	0.79
117200	0.79	0	0	0	0	0.79
117300	0.79	0	0	0	0	0.79
117400	0.79	0	0	0	0	0.79
117500	0.79	0	0	0	0	0.79
117600	0.79	0	0	0	0	0.79
117700	0.79	0.01	0.01	0	0	0.79
117800	0.79	0.02	0.02	0	0	0.79
117900	0.79	0.02	0.02	0	0	0.79
118000	0.79	0.02	0.02	0	0	0.79
118100	0.79	0.01	0.01	0	0	0.79
118200	0.79	0.02	0.02	0	0	0.79
118300	0.79	0.02	0.02	0	0	0.79
118400	0.79	0.03	0.03	0	0	0.79
118500	0.79	0.02	0.02	0	0	0.79
118600	0.79	0.02	0.02	0	0	0.79
118700	0.79	0.01	0.01	0	0	0.79
118800	0.79	0.01	0.01	0	0	0.79
118900	0.79	0.02	0.02	0	0	0.79
119000	0.79	0.02	0.02	0	0	0.79
119100	0.79	0.02	0.02	0	0	0.79
119200	0.79	0.02	0.02	0	0	0.79
119300	0.79	0.02	0.02	0	0	0.79
119400	0.79	0	0	0	0	0.79
119500	0.79	0	0	0	0	0.79
119600	0.79	0.01	0.01	0	0	0.79
119700	0.79	0.01	0.01	0	0	0.79
119800	0.79	0.01	0.01	0	0	0.79
119900	0.79	0.01	0.01	0	0	0.79
120000	0.79	0.01	0.01	0	0	0.79
120100	0.79	0.01	0.01	0	0	0.79
120200	0.79	0	0	0	0	0.79
120300	0.79	0	0	0	0	0.79
120400	0.79	0.02	0.02	0	0	0.79
120500	0.79	0.02	0.02	0	0	0.79
120600	0.79	0.02	0.02	0	0	0.79
120700	0.79	0.02	0.02	0	0	0.79
120800	0.79	0.03	0.03	0	0	0.79
120900	0.79	0.02	0.02	0	0	0.79
121000	0.79	0	0	0	0	0.79
121100	0.79	0	0	0	0	0.79
121200	0.79	0	0	0	0	0.79
121300	0.79	0	0	0	0	0.79
121400	0.79	0	0	0	0	0.79
121500	0.79	0	0	0	0	0.79
121600	0.79	0	0	0	0	0.79
121700	0.79	0	0	0	0	0.79
121800	0.79	0	0	0	0	0.79
121900	0.79	0	0	0	0	0.79
122000	0.79	0	0	0	0	0.79
122100	0.79	0	0	0	0	0.79
122200	0.79	0	0	0	0	0.79
122300	0.79	0	0	0	0	0.79
122400	0.79	0.01	0.01	0	0	0.79
122500	0.79	0.01	0.01	0	0	0.79
122600	0.79	0.01	0.01	0	0	0.79
122700	0.79	0.02	0.02	0	0	0.79
122800	0.79	0.03	0.03	0	0	0.79
122900	0.78	0.03	0.03	0	0	0.78
123000	0.78	0.01	0.01	0	0	0.78
123100	0.78	0.01	0.01	0	0	0.78
123200	0.79	0.01	0.01	0	0	0.79
123300	0.78	0.01	0.01	0	0	0.78
123400	0.78	0.01	0.01	0	0	0.78
123500	0.78	0.01	0.01	0	0	0.78
123600	0.78	0.01	0.01	0	0	0.78
123700	0.78	0.01	0.01	0	0	0.78
123800	0.78	0.01	0.01	0	0	0.78
123900	0.78	0.01	0.01	0	0	0.78
124000	0.78	0.02	0.02	0	0	0.78
124100	0.78	0.02	0.02	0	0	0.78
124200	0.78	0.03	0.03	0	0	0.78
124300	0.78	0.03	0.03	0	0	0.78
124400	0.78	0.03	0.03	0	0	0.78
124500	0.78	0.04	0.04	0	0	0.78
124600	0.78	0.04	0.04	0	0	0.78
124700	0.78	0.02	0.02	0	0	0.78
124800	0.78	0	0	0	0	0.78
124900	0.78	0	0	0	0	0.78
125000	0.78	0	0	0	0	0.78
125100	0.78	0	0	0	0	0.78
125200	0.78	0	0	0	0	0.78
125300	0.78	0.02	0.02	0	0	0.78
125400	0.78	0.02	0.02	0	0	0.78
125500	0.78	0.02	0.02	0	0	0.78
125600	0.78	0	0	0	0	0.78
125700	0.78	0.01	0.01	0	0	0.78
125800	0.78	0.01	0.01	0	0	0.78
125900	0.78	0.01	0.01	0	0	0.78
126000	0.78	0.01	0.01	0	0	0.78
126100	0.78	0.02	0.02	0	0	0.78
126200	0.78	0.01	0.01	0	0	0.78
126300	0.78	0	0	0	0	0.78
126400	0.78	0.01	0.01	0	0	0.78
126500	0.79	0.01	0.01	0	0	0.79
126600	0.79	0.01	0.01	0	0	0.79
126700	0.79	0	0	0	0	0.79
126800	0.79	0	0	0	0	0.79
126900	0.79	0	0	0	0	0.79
127000	0.79	0	0	0	0	0.79
127100	0.79	0.01	0.01	0	0	0.79
127200	0.79	0.02	0.02	0	0	0.79
127300	0.79	0.02	0.02	0	0	0.79
127400	0.79	0.03	0.03	0	0	0.79
127500	0.79	0.04	0.04	0	0	0.79
127600	0.79	0.04	0.04	0	0	0.79
127700	0.79	0.05	0.05	0	0	0.79
127800	0.79	0.05	0.05	0	0	0.79
127900	0.79	0.04	0.04	0	0	0.79
128000	0.79	0.03	0.03	0	0	0.79
128100	0.79	0.01	0.01	0	0	0.79
128200	0.79	0	0	0	0	0.79
128300	0.79	0	0	0	0	0.79
128400	0.79	0	0	0	0	0.79
128500	0.79	0	0	0	0	0.79
128600	0.79	0.01	0.01	0	0	0.79
128700	0.79	0.01	0.01	0	0	0.79
128800	0.79	0.01	0.01	0	0	0.79
128900	0.79	0.01	0.01	0	0	0.79
129000	0.79	0.02	0.02	0	0	0.79
129100	0.79	0.02	0.02	0	0	0.79
129200	0.79	0.02	0.02	0	0	0.79
129300	0.79	0.01	0.01	0	0	0.79
129400	0.79	0.01	0.01	0	0	0.79
129500	0.79	0.01	0.01	0	0	0.79
129600	0.79	0	0	0	0	0.79
129700	0.79	0	0	0	0	0.79
129800	0.79	0	0	0	0	0.79
129900	0.79	0.01	0.01	0	0	0.79
130000	0.79	0.02	0.02	0	0	0.79
130100	0.79	0.02	0.02	0	0	0.79
130200	0.79	0.03	0.03	0	0	0.79
130300	0.79	0.03	0.03	0	0	0.79
130400	0.79	0.03	0.03	0	0	0.79
130500	0.79	0.02	0.02	0	0	0.79
130600	0.79	0.02	0.02	0	0	0.79
130700	0.79	0.02	0.02	0	0	0.79
130800	0.79	0.01	0.01	0	0	0.79
130900	0.79	0.01	0.01	0	0	0.79
131000	0.79	0	0	0	0	0.79
131100	0.79	0.01	0.01	0	0	0.79
131200	0.79	0.01	0.01	0	0	0.79
131300	0.79	0.01	0.01	0	0	0.79
131400	0.79	0.01	0.01	0	0	0.79
131500	0.79	0.01	0.01	0	0	0.79
131600	0.79	0.01	0.01	0	0	0.79
131700	0.79	0.01	0.01	0	0	0.79
131800	0.79	0.01	0.01	0	0	0.79
131900	0.79	0	0	0	0	0.79
132000	0.79	0	0	0	0	0.79
132100	0.79	0.02	0.02	0	0	0.79
132200	0.79	0.02	0.02	0	0	0.79
132300	0.79	0.03	0.03	0	0	0.79
132400	0.79	0.05	0.05	0	0	0.79
132500	0.79	0.05	0.05	0	0	0.79
132600	0.79	0.04	0.04	0	0	0.79
132700	0.79	0.03	0.03	0	0	0.79
132800	0.79	0.01	0.01	0	0	0.79
132900	0.79	0.01	0.01	0	0	0.79
133000	0.79	0	0	0	0	0.79
133100	0.79	0	0	0	0	0.79
133200	0.79	0	0	0	0	0.79
133300	0.79	0	0	0	0	0.79
133400	0.79	0	0	0	0	0.79
133500	0.79	0.01	0.01	0	0	0.79
133600	0.79	0.02	0.02	0	0	0.79
133700	0.79	0.03	0.03	0	0	0.79
133800	0.79	0.03	0.03	0	0	0.79
133900	0.79	0.03	0.03	0	0	0.79
134000	0.79	0.02	0.02	0	0	0.79
134100	0.79	0.02	0.02	0	0	0.79
134200	0.79	0.02	0.02	0	0	0.79
134300	0.79	0.02	0.02	0	0	0.79
134400	0.79	0.01	0.01	0	0	0.79
134500	0.79	0.01	0.01	0	0	0.79
134600	0.79	0.01	0.01	0	0	0.79
134700	0.79	0.02	0.02	0	0	0.79
134800	0.79	0.01	0.01	0	0	0.79
134900	0.79	0	0	0	0	0.79
135000	0.79	0	0	0	0	0.79
135100	0.79	0	0	0	0	0.79
135200	0.79	0	0	0	0	0.79
135300	0.79	0	0	0	0	0.79
135400	0.79	0	0	0	0	0.79
135500	0.79	0.02	0.02	0	0	0.79
135600	0.79	0.01	0.01	0	0	0.79
135700	0.79	0.02	0.02	0	0	0.79
135800	0.79	0.02	0.02	0	0	0.79
135900	0.79	0.02	0.02	0	0	0.79
136000	0.79	0.01	0.01	0	0	0.79
136100	0.79	0.02	0.02	0	0	0.79
136200	0.79	0.02	0.02	0	0	0.79
136300	0.79	0.01	0.01	0	0	0.79
136400	0.79	0.01	0.01	0	0	0.79
136500	0.79	0.01	0.01	0	0	0.79
136600	0.79	0	0	0	0	0.79
136700	0.79	0	0	0	0	0.79
136800	0.79	0	0	0	0	0.79
136900	0.79	0.01	0.01	0	0	0.79
137000	0.79	0.01	0.01	0	0	0.79
137100	0.79	0.02	0.02	0	0	0.79
137200	0.79	0.01	0.01	0	0	0.79
137300	0.79	0.01	0.01	0	0	0.79
137400	0.79	0.01	0.01	0	0	0.79
137500	0.79	0	0	0	0	0.79
137600	0.79	0	0	0	0	0.79
137700	0.79	0	0	0	0	0.79
137800	0.79	0.01	0.01	0	0	0.79
137900	0.79	0.02	0.02	0	0	0.79
138000	0.79	0.02	0.02	0	0	0.79
138100	0.79	0.02	0.02	0	0	0.79
138200	0.79	0.02	0.02	0	0	0.79
138300	0.79	0.02	0.02	0	0	0.79
138400	0.79	0	0	0	0	0.79
138500	0.79	0	0	0	0	0.79
138600	0.79	0	0	0	0	0.79
138700	0.79	0	0	0	0	0.79
138800	0.79	0.01	0.01	0	0	0.79
138900	0.79	0.01	0.01	0	0	0.79
139000	0.79	0.01	0.01	0	0	0.79
139100	0.79	0.01	0.01	0	0	0.79
139200	0.79	0.01	0.01	0	0	0.79
139300	0.79	0.03	0.03	0	0	0.79
139400	0.79	0.03	0.03	0	0	0.79
139500	0.78	0.03	0.03	0	0	0.78
139600	0.78	0.03	0.03	0	0	0.78
139700	0.78	0.02	0.02	0	0	0.78
139800	0.78	0.01	0.01	0	0	0.78
139900	0.78	0.01	0.01	0	0	0.78
140000	0.78	0	0	0	0	0.78
140100	0.78	0	0	0	0	0.78
140200	0.78	0	0	0	0	0.78
140300	0.78	0	0	0	0	0.78
140400	0.78	0.01	0.01	0	0	0.78
140500	0.78	0.03	0.03	0	0	0.78
140600	0.78	0.02	0.02	0	0	0.78
140700	0.78	0.02	0.02	0	0	0.78
140800	0.78	0.01	0.01	0	0	0.78
140900	0.78	0.01	0.01	0	0	0.78
141000	0.78	0.02	0.02	0	0	0.78
141100	0.78	0.02	0.02	0	0	0.78
141200	0.78	0.02	0.02	0	0	0.78
141300	0.78	0.01	0.01	0	0	0.78
141400	0.78	0.01	0.01	0	0	0.78
141500	0.78	0	0	0	0	0.78
141600	0.78	0	0	0	0	0.78
141700	0.78	0.01	0.01	0	0	0.78
141800	0.78	0.01	0.01	0	0	0.78
141900	0.78	0.01	0.01	0	0	0.78
142000	0.78	0.02	0.02	0	0	0.78
142100	0.78	0.02	0.02	0	0	0.78
142200	0.78	0.03	0.03	0	0	0.78
142300	0.78	0.03	0.03	0	0	0.78
142400	0.78	0.01	0.01	0	0	0.78
142500	0.78	0.01	0.01	0	0	0.78
142600	0.78	0.01	0.01	0	0	0.78
142700	0.78	0.02	0.02	0	0	0.78
142800	0.78	0.04	0.04	0	0	0.78
142900	0.78	0.01	0.01	0	0	0.78
143000	0.78	0.01	0.01	0	0	0.78
143100	0.78	0	0	0	0	0.78
143200	0.78	0	0	0	0	0.78
143300	0.78	0.01	0.01	0	0	0.78
143400	0.78	0.01	0.01	0	0	0.78
143500	0.78	0.01	0.01	0	0	0.78
143600	0.78	0.01	0.01	0	0	0.78
143700	0.78	0.02	0.02	0	0	0.78
143800	0.78	0.02	0.02	0	0	0.78
143900	0.79	0	0	0	0	0.79
144000	0.79	0	0	0	0	0.79
144100	0.79	0	0	0	0	0.79
144200	0.79	0.01	0.01	0	0	0.79
144300	0.79	0.03	0.03	0	0	0.79
144400	0.79	0.04	0.04	0	0	0.79
144500	0.79	0.04	0.04	0	0	0.79
144600	0.79	0.03	0.03	0	0	0.79
144700	0.79	0.04	0.04	0	0	0.79
144800	0.79	0.03	0.03	0	0	0.79
144900	0.79	0.02	0.02	0	0	0.79
145000	0.79	0.01	0.01	0	0	0.79
145100	0.79	0.02	0.02	0	0	0.79
145200	0.79	0.01	0.01	0	0	0.79
145300	0.79	0.01	0.01	0	0	0.79
145400	0.79	0.01	0.01	0	0	0.79
145500	0.79	0.01	0.01	0	0	0.79
145600	0.79	0	0	0	0	0.79
145700	0.79	0	0	0	0	0.79
145800	0.79	0	0	0	0	0.79
145900	0.79	0.01	0.01	0	0	0.79
146000	0.79	0.01	0.01	0	0	0.79
146100	0.79	0.01	0.01	0	0	0.79
146200	0.79	0	0	0	0	0.79
146300	0.79	0	0	0	0	0.79
146400	0.79	0.01	0.01	0	0	0.79
146500	0.79	0.01	0.01	0	0	0.79
146600	0.79	0.02	0.02	0	0	0.79
146700	0.79	0.02	0.02	0	0	0.79
146800	0.79	0.02	0.02	0	0	0.79
146900	0.78	0.02	0.02	0	0	0.78
147000	0.78	0.01	0.01	0	0	0.78
147100	0.78	0.01	0.01	0	0	0.78
147200	0.78	0	0	0	0	0.78
147300	0.78	0	0	0	0	0.78
147400	0.78	0.01	0.01	0	0	0.78
147500	0.78	0.01	0.01	0	0	0.78
147600	0.78	0	0	0	0	0.78
147700	0.78	0	0	0	0	0.78
147800	0.78	0	0	0	0	0.78
147900	0.78	0	0	0	0	0.78
148000	0.78	0	0	0	0	0.78
148100	0.77	0	0	0	0	0.77
148200	0.77	0	0	0	0	0.77
148300	0.77	0	0	0	0	0.77
148400	0.77	0	0	0	0	0.77
148500	0.77	0	0	0	0	0.77
148600	0.77	0	0	0	0	0.77
148700	0.77	0	0	0	0	0.77
148800	0.77	0	0	0	0	0.77
148900	0.77	0	0	0	0	0.77
149000	0.77	0.01	0.01	0	0	0.77
149100	0.77	0.01	0.01	0	0	0.77
149200	0.77	0.03	0.03	0	0	0.77
149300	0.77	0.03	0.03	0	0	0.77
149400	0.77	0.03	0.03	0	0	0.77
149500	0.77	0.01	0.01	0	0	0.77
149600	0.77	0.02	0.02	0	0	0.77
149700	0.77	0.01	0.01	0	0	0.77
149800	0.77	0	0	0	0	0.77
149900	0.77	0	0	0	0	0.77
150000	0.77	0	0	0	0	0.77
150100	0.76	0	0	0	0	0.76
150200	0.76	0	0	0	0	0.76
150300	0.77	0.01	0.01	0	0	0.77
150400	0.77	0.01	0.01	0	0	0.77
150500	0.77	0.02	0.02	0	0	0.77
150600	0.77	0.02	0.02	0	0	0.77
150700	0.77	0.02	0.02	0	0	0.77
150800	0.77	0.02	0.02	0	0	0.77
150900	0.77	0	0	0	0	0.77
151000	0.77	0	0	0	0	0.77
151100	0.77	0	0	0	0	0.77
151200	0.77	0.01	0.01	0	0	0.77
151300	0.77	0.01	0.01	0	0	0.77
151400	0.77	0.01	0.01	0	0	0.77
151500	0.77	0.01	0.01	0	0	0.77
151600	0.77	0	0	0	0	0.77
151700	0.77	0	0	0	0	0.77
151800	0.77	0	0	0	0	0.77
151900	0.77	0	0	0	0	0.77
152000	0.77	0	0	0	0	0.77
152100	0.77	0.02	0.02	0	0	0.77
152200	0.77	0.02	0.02	0	0	0.77
152300	0.77	0.02	0.02	0	0	0.77
152400	0.77	0.02	0.02	0	0	0.77
152500	0.77	0.02	0.02	0	0	0.77
152600	0.77	0.02	0.02	0	0	0.77
152700	0.77	0.02	0.02	0	0	0.77
152800	0.77	0.01	0.01	0	0	0.77
152900	0.77	0.01	0.01	0	0	0.77
153000	0.77	0.01	0.01	0	0	0.77
153100	0.77	0	0	0	0	0.77
153200	0.77	0.01	0.01	0	0	0.77
153300	0.77	0	0	0	0	0.77
153400	0.77	0	0	0	0	0.77
153500	0.77	0	0	0	0	0.77
153600	0.77	0.01	0.01	0	0	0.77
153700	0.77	0	0	0	0	0.77
153800	0.77	0	0	0	0	0.77
153900	0.77	0.01	0.01	0	0	0.77
154000	0.77	0.03	0.03	0	0	0.77
154100	0.77	0.03	0.03	0	0	0.77
154200	0.77	0.03	0.03	0	0	0.77
154300	0.77	0.03	0.03	0	0	0.77
154400	0.77	0.02	0.02	0	0	0.77
154500	0.77	0.01	0.01	0	0	0.77
154600	0.77	0.01	0.01	0	0	0.77
154700	0.77	0.02	0.02	0	0	0.77
154800	0.77	0.02	0.02	0	0	0.77
154900	0.77	0.02	0.02	0	0	0.77
155000	0.77	0.02	0.02	0	0	0.77
155100	0.77	0.01	0.01	0	0	0.77
155200	0.77	0.01	0.01	0	0	0.77
155300	0.77	0	0	0	0	0.77
155400	0.77	0	0	0	0	0.77
155500	0.77	0	0	0	0	0.77
155600	0.77	0	0	0	0	0.77
155700	0.77	0	0	0	0	0.77
155800	0.77	0.01	0.01	0	0	0.77
155900	0.77	0.01	0.01	0	0	0.77
156000	0.77	0.01	0.01	0	0	0.77
156100	0.77	0.02	0.02	0	0	0.77
156200	0.77	0.02	0.02	0	0	0.77
156300	0.77	0.02	0.02	0	0	0.77
156400	0.77	0.01	0.01	0	0	0.77
156500	0.77	0.01	0.01	0	0	0.77
156600	0.77	0.02	0.02	0	0	0.77
156700	0.77	0.02	0.02	0	0	0.77
156800	0.77	0.03	0.03	0	0	0.77
156900	0.77	0.02	0.02	0	0	0.77
157000	0.77	0.01	0.01	0	0	0.77
157100	0.77	0	0	0	0	0.77
157200	0.77	0	0	0	0	0.77
157300	0.77	0	0	0	0	0.77
157400	0.77	0	0	0	0	0.77
157500	0.77	0.01	0.01	0	0	0.77
157600	0.77	0.01	0.01	0	0	0.77
157700	0.77	0.02	0.02	0	0	0.77
157800	0.77	0.02	0.02	0	0	0.77
157900	0.77	0.02	0.02	0	0	0.77
158000	0.77	0.01	0.01	0	0	0.77
158100	0.77	0.01	0.01	0	0	0.77
158200	0.77	0	0	0	0	0.77
158300	0.77	0	0	0	0	0.77
158400	0.78	0	0	0	0	0.78
158500	0.78	0	0	0	0	0.78
158600	0.78	0.01	0.01	0	0	0.78
158700	0.77	0.02	0.02	0	0	0.77
158800	0.77	0.02	0.02	0	0	0.77
158900	0.77	0.03	0.03	0	0	0.77
159000	0.77	0.03	0.03	0	0	0.77
159100	0.77	0.02	0.02	0	0	0.77
159200	0.77	0.01	0.01	0	0	0.77
159300	0.77	0	0	0	0	0.77
159400	0.77	0	0	0	0	0.77
159500	0.77	0	0	0	0	0.77
159600	0.78	0	0	0	0	0.78
159700	0.78	0	0	0	0	0.78
159800	0.78	0.01	0.01	0	0	0.78
159900	0.78	0	0	0	0	0.78
160000	0.78	0	0	0	0	0.78
160100	0.78	0	0	0	0	0.78
160200	0.78	0.01	0.01	0	0	0.78
160300	0.78	0.01	0.01	0	0	0.78
160400	0.78	0.01	0.01	0	0	0.78
160500	0.78	0.01	0.01	0	0	0.78
160600	0.78	0.02	0.02	0	0	0.78
160700	0.78	0.02	0.02	0	0	0.78
160800	0.78	0.04	0.04	0	0	0.78
160900	0.78	0.03	0.03	0	0	0.78
161000	0.78	0.02	0.02	0	0	0.78
161100	0.78	0.01	0.01	0	0	0.78
161200	0.78	0.01	0.01	0	0	0.78
161300	0.78	0	0	0	0	0.78
161400	0.78	0	0	0	0	0.78
161500	0.78	0	0	0	0	0.78
161600	0.78	0	0	0	0	0.78
161700	0.78	0	0	0	0	0.78
161800	0.78	0	0	0	0	0.78
161900	0.78	0	0	0	0	0.78
162000	0.78	0	0	0	0	0.78
162100	0.78	0	0	0	0	0.78
162200	0.78	0	0	0	0	0.78
162300	0.78	0.02	0.02	0	0	0.78
162400	0.78	0.02	0.02	0	0	0.78
162500	0.78	0.02	0.02	0	0	0.78
162600	0.78	0.02	0.02	0	0	0.78
162700	0.78	0.02	0.02	0	0	0.78
162800	0.78	0.02	0.02	0	0	0.78
162900	0.78	0.01	0.01	0	0	0.78
163000	0.78	0	0	0	0	0.78
163100	0.78	0	0	0	0	0.78
163200	0.78	0	0	0	0	0.78
163300	0.78	0	0	0	0	0.78
163400	0.78	0	0	0	0	0.78
163500	0.78	0	0	0	0	0.78
163600	0.78	0	0	0	0	0.78
163700	0.78	0	0	0	0	0.78
163800	0.78	0	0	0	0	0.78
163900	0.78	0	0	0	0	0.78
164000	0.78	0	0	0	0	0.78
164100	0.78	0	0	0	0	0.78
164200	0.78	0	0	0	0	0.78
164300	0.78	0	0	0	0	0.78
164400	0.78	0	0	0	0	0.78
164500	0.78	0.01	0.01	0	0	0.78
164600	0.78	0.01	0.01	0	0	0.78
164700	0.78	0.01	0.01	0	0	0.78
164800	0.78	0.01	0.01	0	0	0.78
164900	0.78	0.01	0.01	0	0	0.78
165000	0.78	0.02	0.02	0	0	0.78
165100	0.78	0.01	0.01	0	0	0.78
165200	0.78	0.01	0.01	0	0	0.78
165300	0.78	0	0	0	0	0.78
165400	0.78	0	0	0	0	0.78
165500	0.78	0	0	0	0	0.78
165600	0.78	0	0	0	0	0.78
165700	0.78	0	0	0	0	0.78
165800	0.78	0.01	0.01	0	0	0.78
165900	0.78	0.01	0.01	0	0	0.78
166000	0.78	0.01	0.01	0	0	0.78
166100	0.78	0.01	0.01	0	0	0.78
166200	0.78	0.01	0.01	0	0	0.78
166300	0.78	0	0	0	0	0.78
166400	0.78	0	0	0	0	0.78
166500	0.78	0	0	0	0	0.78
166600	0.78	0	0	0	0	0.78
166700	0.78	0.02	0.02	0	0	0.78
166800	0.78	0.03	0.03	0	0	0.78
166900	0.78	0.03	0.03	0	0	0.78
167000	0.78	0.04	0.04	0	0	0.78
167100	0.78	0.03	0.03	0	0	0.78
167200	0.79	0.02	0.02	0	0	0.79
167300	0.79	0	0	0	0	0.79
167400	0.79	0	0	0	0	0.79
167500	0.79	0	0	0	0	0.79
167600	0.79	0.01	0.01	0	0	0.79
167700	0.79	0.02	0.02	0	0	0.79
167800	0.79	0.03	0.03	0	0	0.79
167900	0.79	0.04	0.04	0	0	0.79
168000	0.79	0.04	0.04	0	0	0.79
168100	0.79	0.02	0.02	0	0	0.79
168200	0.79	0.01	0.01	0	0	0.79
168300	0.79	0	0	0	0	0.79
168400	0.79	0	0	0	0	0.79
168500	0.79	0	0	0	0	0.79
168600	0.79	0.01	0.01	0	0	0.79
168700	0.79	0.01	0.01	0	0	0.79
168800	0.79	0.02	0.02	0	0	0.79
168900	0.79	0.03	0.03	0	0	0.79
169000	0.79	0.04	0.04	0	0	0.79
169100	0.79	0.04	0.04	0	0	0.79
169200	0.79	0.04	0.04	0	0	0.79
169300	0.79	0.03	0.03	0	0	0.79
169400	0.79	0.03	0.03	0	0	0.79
169500	0.79	0.01	0.01	0	0	0.79
169600	0.79	0.01	0.01	0	0	0.79
169700	0.79	0	0	0	0	0.79
169800	0.79	0	0	0	0	0.79
169900	0.79	0.01	0.01	0	0	0.79
170000	0.79	0.02	0.02	0	0	0.79
170100	0.79	0.02	0.02	0	0	0.79
170200	0.79	0.03	0.03	0	0	0.79
170300	0.79	0.03	0.03	0	0	0.79
170400	0.79	0.02	0.02	0	0	0.79
170500	0.79	0.03	0.03	0	0	0.79
170600	0.79	0.01	0.01	0	0	0.79
170700	0.79	0.02	0.02	0	0	0.79
170800	0.79	0.02	0.02	0	0	0.79
170900	0.79	0.02	0.02	0	0	0.79
171000	0.79	0.02	0.02	0	0	0.79
171100	0.79	0	0	0	0	0.79
171200	0.79	0	0	0	0	0.79
171300	0.79	0	0	0	0	0.79
171400	0.79	0	0	0	0	0.79
171500	0.79	0	0	0	0	0.79
171600	0.79	0	0	0	0	0.79
171700	0.79	0.01	0.01	0	0	0.79
171800	0.79	0.01	0.01	0	0	0.79
171900	0.79	0.02	0.02	0	0	0.79
172000	0.79	0.02	0.02	0	0	0.79
172100	0.79	0.01	0.01	0	0	0.79
172200	0.79	0	0	0	0	0.79
172300	0.79	0.01	0.01	0	0	0.79
172400	0.79	0.01	0.01	0	0	0.79
172500	0.79	0.01	0.01	0	0	0.79
172600	0.79	0.01	0.01	0	0	0.79
172700	0.79	0.02	0.02	0	0	0.79
172800	0.79	0.01	0.01	0	0	0.79
172900	0.79	0.02	0.02	0	0	0.79
173000	0.79	0	0	0	0	0.79
173100	0.79	0	0	0	0	0.79
173200	0.79	0	0	0	0	0.79
173300	0.79	0	0	0	0	0.79
173400	0.79	0.01	0.01	0	0	0.79
173500	0.79	0.02	0.02	0	0	0.79
173600	0.79	0.02	0.02	0	0	0.79
173700	0.79	0.02	0.02	0	0	0.79
173800	0.79	0.01	0.01	0	0	0.79
173900	0.79	0.01	0.01	0	0	0.79
174000	0.79	0	0	0	0	0.79
174100	0.79	0	0	0	0	0.79
174200	0.79	0	0	0	0	0.79
174300	0.79	0	0	0	0	0.79
174400	0.79	0	0	0	0	0.79
174500	0.79	0	0	0	0	0.79
174600	0.78	0	0	0	0	0.78
174700	0.78	0	0	0	0	0.78
174800	0.78	0	0	0	0	0.78
174900	0.78	0	0	0	0	0.78
175000	0.78	0.03	0.03	0	0	0.78
175100	0.78	0.03	0.03	0	0	0.78
175200	0.78	0.01	0.01	0	0	0.78
175300	0.78	0.02	0.02	0	0	0.78
175400	0.78	0.01	0.01	0	0	0.78
175500	0.78	0.02	0.02	0	0	0.78
175600	0.78	0.02	0.02	0	0	0.78
175700	0.78	0.02	0.02	0	0	0.78
175800	0.78	0.02	0.02	0	0	0.78
175900	0.78	0.01	0.01	0	0	0.78
176000	0.78	0.01	0.01	0	0	0.78
176100	0.78	0.01	0.01	0	0	0.78
176200	0.78	0	0	0	0	0.78
176300	0.78	0.03	0.03	0	0	0.78
176400	0.78	0.03	0.03	0	0	0.78
176500	0.78	0.02	0.02	0	0	0.78
176600	0.78	0.01	0.01	0	0	0.78
176700	0.78	0.01	0.01	0	0	0.78
176800	0.78	0.01	0.01	0	0	0.78
176900	0.78	0.01	0.01	0	0	0.78
177000	0.78	0	0	0	0	0.78
177100	0.78	0	0	0	0	0.78
177200	0.78	0	0	0	0	0.78
177300	0.78	0	0	0	0	0.78
177400	0.78	0.01	0.01	0	0	0.78
177500	0.78	0.01	0.01	0	0	0.78
177600	0.78	0.01	0.01	0	0	0.78
177700	0.78	0.01	0.01	0	0	0.78
177800	0.78	0.01	0.01	0	0	0.78
177900	0.78	0.01	0.01	0	0	0.78
178000	0.78	0.01	0.01	0	0	0.78
178100	0.78	0.01	0.01	0	0	0.78
178200	0.78	0.02	0.02	0	0	0.78
178300	0.78	0.02	0.02	0	0	0.78
178400	0.78	0.03	0.03	0	0	0.78
178500	0.78	0.02	0.02	0	0	0.78
178600	0.78	0.02	0.02	0	0	0.78
178700	0.78	0.01	0.01	0	0	0.78
178800	0.78	0.03	0.03	0	0	0.78
178900	0.78	0	0	0	0	0.78
179000	0.78	0	0	0	0	0.78
179100	0.78	0	0	0	0	0.78
179200	0.78	0	0	0	0	0.78
179300	0.78	0	0	0	0	0.78
179400	0.78	0	0	0	0	0.78
179500	0.78	0	0	0	0	0.78
179600	0.78	0	0	0	0	0.78
179700	0.78	0	0	0	0	0.78
179800	0.78	0	0	0	0	0.78
179900	0.78	0	0	0	0	0.78
180000	0.78	0.01	0.01	0	0	0.78
180100	0.78	0.01	0.01	0	0	0.78
180200	0.78	0.01	0.01	0	0	0.78
180300	0.78	0.01	0.01	0	0	0.78
180400	0.79	0.01	0.01	0	0	0.79
180500	0.79	0	0	0	0	0.79
180600	0.79	0	0	0	0	0.79
180700	0.79	0	0	0	0	0.79
180800	0.79	0	0	0	0	0.79
180900	0.79	0.01	0.01	0	0	0.79
181000	0.79	0	0	0	0	0.79
181100	0.79	0.01	0.01	0	0	0.79
181200	0.79	0.01	0.01	0	0	0.79
181300	0.79	0.01	0.01	0	0	0.79
181400	0.79	0.01	0.01	0	0	0.79
181500	0.79	0.01	0.01	0	0	0.79
181600	0.79	0.01	0.01	0	0	0.79
181700	0.79	0.01	0.01	0	0	0.79
181800	0.79	0	0	0	0	0.79
181900	0.79	0	0	0	0	0.79
182000	0.79	0	0	0	0	0.79
182100	0.79	0	0	0	0	0.79
182200	0.79	0	0	0	0	0.79
182300	0.79	0	0	0	0	0.79
182400	0.79	0	0	0	0	0.79
182500	0.79	0	0	0	0	0.79
182600	0.79	0	0	0	0	0.79
182700	0.79	0	0	0	0	0.79
182800	0.79	0	0	0	0	0.79
182900	0.79	0	0	0	0	0.79
183000	0.79	0	0	0	0	0.79
183100	0.79	0.01	0.01	0	0	0.79
183200	0.79	0.01	0.01	0	0	0.79
183300	0.79	0.01	0.01	0	0	0.79
183400	0.79	0	0	0	0	0.79
183500	0.79	0	0	0	0	0.79
183600	0.79	0.01	0.01	0	0	0.79
183700	0.79	0.01	0.01	0	0	0.79
183800	0.79	0.01	0.01	0	0	0.79
183900	0.79	0.02	0.02	0	0	0.79
184000	0.79	0.02	0.02	0	0	0.79
184100	0.79	0.01	0.01	0	0	0.79
184200	0.79	0.01	0.01	0	0	0.79
184300	0.79	0.02	0.02	0	0	0.79
184400	0.79	0.02	0.02	0	0	0.79
184500	0.79	0.01	0.01	0	0	0.79
184600	0.79	0	0	0	0	0.79
184700	0.79	0	0	0	0	0.79
184800	0.79	0	0	0	0	0.79
184900	0.79	0	0	0	0	0.79
185000	0.79	0	0	0	0	0.79
185100	0.79	0	0	0	0	0.79
185200	0.79	0	0	0	0	0.79
185300	0.79	0	0	0	0	0.79
185400	0.79	0.01	0.01	0	0	0.79
185500	0.79	0.01	0.01	0	0	0.79
185600	0.79	0.01	0.01	0	0	0.79
185700	0.79	0.01	0.01	0	0	0.79
185800	0.79	0	0	0	0	0.79
185900	0.78	0	0	0	0	0.78
186000	0.78	0.01	0.01	0	0	0.78
186100	0.78	0.01	0.01	0	0	0.78
186200	0.78	0	0	0	0	0.78
186300	0.78	0	0	0	0	0.78
186400	0.78	0	0	0	0	0.78
186500	0.78	0	0	0	0	0.78
186600	0.78	0	0	0	0	0.78
186700	0.78	0.01	0.01	0	0	0.78
186800	0.78	0.01	0.01	0	0	0.78
186900	0.78	0.03	0.03	0	0	0.78
187000	0.78	0.03	0.03	0	0	0.78
187100	0.78	0.02	0.02	0	0	0.78
187200	0.78	0	0	0	0	0.78
187300	0.78	0	0	0	0	0.78
187400	0.78	0	0	0	0	0.78
187500	0.78	0	0	0	0	0.78
187600	0.78	0	0	0	0	0.78
187700	0.78	0	0	0	0	0.78
187800	0.78	0	0	0	0	0.78
187900	0.78	0	0	0	0	0.78
188000	0.78	0.01	0.01	0	0	0.78
188100	0.78	0.01	0.01	0	0	0.78
188200	0.78	0.01	0.01	0	0	0.78
188300	0.78	0.01	0.01	0	0	0.78
188400	0.78	0.01	0.01	0	0	0.78
188500	0.78	0	0	0	0	0.78
188600	0.78	0	0	0	0	0.78
188700	0.77	0.02	0.02	0	0	0.77
188800	0.77	0.02	0.02	0	0	0.77
188900	0.77	0.02	0.02	0	0	0.77
189000	0.77	0.02	0.02	0	0	0.77
189100	0.77	0.01	0.01	0	0	0.77
189200	0.77	0.01	0.01	0	0	0.77
189300	0.77	0	0	0	0	0.77
189400	0.77	0	0	0	0	0.77
189500	0.77	0	0	0	0	0.77
189600	0.77	0	0	0	0	0.77
189700	0.77	0.02	0.02	0	0	0.77
189800	0.77	0.03	0.03	0	0	0.77
189900	0.77	0.02	0.02	0	0	0.77
190000	0.77	0	0	0	0	0.77
190100	0.77	0	0	0	0	0.77
190200	0.77	0	0	0	0	0.77
190300	0.77	0	0	0	0	0.77
190400	0.77	0	0	0	0	0.77
190500	0.77	0	0	0	0	0.77
190600	0.77	0.01	0.01	0	0	0.77
190700	0.77	0.02	0.02	0	0	0.77
190800	0.77	0.01	0.01	0	0	0.77
190900	0.77	0.01	0.01	0	0	0.77
191000	0.77	0.01	0.01	0	0	0.77
191100	0.77	0	0	0	0	0.77
191200	0.77	0	0	0	0	0.77
191300	0.77	0.01	0.01	0	0	0.77
191400	0.77	0.01	0.01	0	0	0.77
191500	0.77	0.02	0.02	0	0	0.77
191600	0.77	0.02	0.02	0	0	0.77
191700	0.77	0.02	0.02	0	0	0.77
191800	0.77	0.02	0.02	0	0	0.77
191900	0.77	0.01	0.01	0	0	0.77
192000	0.77	0.01	0.01	0	0	0.77
192100	0.77	0.01	0.01	0	0	0.77
192200	0.77	0.01	0.01	0	0	0.77
192300	0.77	0.01	0.01	0	0	0.77
192400	0.77	0.01	0.01	0	0	0.77
192500	0.77	0	0	0	0	0.77
192600	0.77	0.01	0.01	0	0	0.77
192700	0.77	0.02	0.02	0	0	0.77
192800	0.77	0.02	0.02	0	0	0.77
192900	0.77	0.02	0.02	0	0	0.77
193000	0.77	0.02	0.02	0	0	0.77
193100	0.78	0.02	0.02	0	0	0.78
193200	0.78	0.02	0.02	0	0	0.78
193300	0.78	0.01	0.01	0	0	0.78
193400	0.78	0.01	0.01	0	0	0.78
193500	0.78	0.01	0.01	0	0	0.78
193600	0.78	0.02	0.02	0	0	0.78
193700	0.78	0	0	0	0	0.78
193800	0.78	0	0	0	0	0.78
193900	0.79	0	0	0	0	0.79
194000	0.79	0	0	0	0	0.79
194100	0.79	0	0	0	0	0.79
194200	0.79	0	0	0	0	0.79
194300	0.78	0.01	0.01	0	0	0.78
194400	0.78	0.01	0.01	0	0	0.78
194500	0.78	0.01	0.01	0	0	0.78
194600	0.78	0.01	0.01	0	0	0.78
194700	0.78	0.02	0.02	0	0	0.78
194800	0.78	0.02	0.02	0	0	0.78
194900	0.78	0.02	0.02	0	0	0.78
195000	0.78	0.02	0.02	0	0	0.78
195100	0.78	0.03	0.03	0	0	0.78
195200	0.78	0.02	0.02	0	0	0.78
195300	0.78	0.01	0.01	0	0	0.78
195400	0.78	0.01	0.01	0	0	0.78
195500	0.78	0.01	0.01	0	0	0.78
195600	0.78	0.01	0.01	0	0	0.78
195700	0.78	0.01	0.01	0	0	0.78
195800	0.78	0.01	0.01	0	0	0.78
195900	0.78	0.02	0.02	0	0	0.78
196000	0.78	0.02	0.02	0	0	0.78
196100	0.78	0.02	0.02	0	0	0.78
196200	0.78	0.02	0.02	0	0	0.78
196300	0.78	0.01	0.01	0	0	0.78
196400	0.78	0.01	0.01	0	0	0.78
196500	0.78	0	0	0	0	0.78
196600	0.78	0	0	0	0	0.78
196700	0.78	0	0	0	0	0.78
196800	0.78	0	0	0	0	0.78
196900	0.78	0.01	0.01	0	0	0.78
197000	0.78	0.03	0.03	0	0	0.78
197100	0.78	0.03	0.03	0	0	0.78
197200	0.78	0.03	0.03	0	0	0.78
197300	0.78	0.02	0.02	0	0	0.78
197400	0.78	0.02	0.02	0	0	0.78
197500	0.78	0.02	0.02	0	0	0.78
197600	0.78	0	0	0	0	0.78
197700	0.78	0	0	0	0	0.78
197800	0.78	0	0	0	0	0.78
197900	0.78	0	0	0	0	0.78
198000	0.78	0	0	0	0	0.78
198100	0.79	0.01	0.01	0	0	0.79
198200	0.79	0.02	0.02	0	0	0.79
198300	0.79	0.02	0.02	0	0	0.79
198400	0.79	0.02	0.02	0	0	0.79
198500	0.79	0.01	0.01	0	0	0.79
198600	0.79	0.03	0.03	0	0	0.79
198700	0.79	0.03	0.03	0	0	0.79
198800	0.8	0.02	0.02	0	0	0.8
198900	0.8	0.01	0.01	0	0	0.8
199000	0.8	0	0	0	0	0.8
199100	0.8	0	0	0	0	0.8
199200	0.8	0	0	0	0	0.8
199300	0.8	0	0	0	0	0.8
199400	0.8	0	0	0	0	0.8
199500	0.8	0	0	0	0	0.8
199600	0.8	0	0	0	0	0.8
199700	0.8	0.02	0.02	0	0	0.8
199800	0.8	0.04	0.04	0	0	0.8
199900	0.8	0.04	0.04	0	0	0.8
200000	0.8	0.04	0.04	0	0	0.8
200100	0.8	0.04	0.04	0	0	0.8
200200	0.79	0.02	0.02	0	0	0.79
200300	0.79	0.02	0.02	0	0	0.79
200400	0.79	0	0	0	0	0.79
200500	0.79	0	0	0	0	0.79
200600	0.79	0.01	0.01	0	0	0.79
200700	0.79	0.01	0.01	0	0	0.79
200800	0.79	0.01	0.01	0	0	0.79
200900	0.79	0.02	0.02	0	0	0.79
201000	0.79	0.02	0.02	0	0	0.79
201100	0.79	0.02	0.02	0	0	0.79
201200	0.79	0.03	0.03	0	0	0.79
201300	0.79	0.01	0.01	0	0	0.79
201400	0.79	0.02	0.02	0	0	0.79
201500	0.78	0.02	0.02	0	0	0.78
201600	0.78	0.03	0.03	0	0	0.78
201700	0.78	0.02	0.02	0	0	0.78
201800	0.78	0.01	0.01	0	0	0.78
201900	0.78	0.01	0.01	0	0	0.78
202000	0.78	0.01	0.01	0	0	0.78
202100	0.78	0	0	0	0	0.78
202200	0.78	0.01	0.01	0	0	0.78
202300	0.78	0.01	0.01	0	0	0.78
202400	0.78	0.01	0.01	0	0	0.78
202500	0.78	0	0	0	0	0.78
202600	0.78	0	0	0	0	0.78
202700	0.78	0.01	0.01	0	0	0.78
202800	0.78	0.02	0.02	0	0	0.78
202900	0.78	0.02	0.02	0	0	0.78
203000	0.78	0.01	0.01	0	0	0.78
203100	0.78	0.01	0.01	0	0	0.78
203200	0.78	0.01	0.01	0	0	0.78
203300	0.78	0	0	0	0	0.78
203400	0.78	0	0	0	0	0.78
203500	0.78	0	0	0	0	0.78
203600	0.78	0	0	0	0	0.78
203700	0.78	0	0	0	0	0.78
203800	0.78	0	0	0	0	0.78
203900	0.78	0	0	0	0	0.78
204000	0.78	0	0	0	0	0.78
204100	0.78	0	0	0	0	0.78
204200	0.78	0.01	0.01	0	0	0.78
204300	0.78	0.01	0.01	0	0	0.78
204400	0.78	0.02	0.02	0	0	0.78
204500	0.78	0.02	0.02	0	0	0.78
204600	0.78	0	0	0	0	0.78
204700	0.78	0	0	0	0	0.78
204800	0.78	0	0	0	0	0.78
204900	0.78	0.01	0.01	0	0	0.78
205000	0.78	0.01	0.01	0	0	0.78
205100	0.78	0.02	0.02	0	0	0.78
205200	0.78	0.02	0.02	0	0	0.78
205300	0.78	0.02	0.02	0	0	0.78
205400	0.78	0.01	0.01	0	0	0.78
205500	0.78	0.01	0.01	0	0	0.78
205600	0.78	0.03	0.03	0	0	0.78
205700	0.78	0.03	0.03	0	0	0.78
205800	0.78	0.02	0.02	0	0	0.78
205900	0.78	0.01	0.01	0	0	0.78
206000	0.78	0.01	0.01	0	0	0.78
206100	0.78	0.02	0.02	0	0	0.78
206200	0.78	0.03	0.03	0	0	0.78
206300	0.78	0.02	0.02	0	0	0.78
206400	0.78	0.02	0.02	0	0	0.78
206500	0.78	0.01	0.01	0	0	0.78
206600	0.78	0.01	0.01	0	0	0.78
206700	0.78	0.01	0.01	0	0	0.78
206800	0.78	0.01	0.01	0	0	0.78
206900	0.78	0.01	0.01	0	0	0.78
207000	0.78	0.03	0.03	0	0	0.78
207100	0.78	0.02	0.02	0	0	0.78
207200	0.78	0.02	0.02	0	0	0.78
207300	0.78	0.02	0.02	0	0	0.78
207400	0.78	0.02	0.02	0	0	0.78
207500	0.78	0.01	0.01	0	0	0.78
207600	0.78	0.01	0.01	0	0	0.78
207700	0.78	0.03	0.03	0	0	0.78
207800	0.78	0.03	0.03	0	0	0.78
207900	0.78	0.03	0.03	0	0	0.78
208000	0.78	0.03	0.03	0	0	0.78
208100	0.78	0.01	0.01	0	0	0.78
208200	0.78	0.01	0.01	0	0	0.78
208300	0.78	0.01	0.01	0	0	0.78
208400	0.78	0	0	0	0	0.78
208500	0.78	0.01	0.01	0	0	0.78
208600	0.78	0	0	0	0	0.78
208700	0.78	0.01	0.01	0	0	0.78
208800	0.78	0.01	0.01	0	0	0.78
208900	0.79	0.02	0.02	0	0	0.79
209000	0.79	0.02	0.02	0	0	0.79
209100	0.79	0.02	0.02	0	0	0.79
209200	0.79	0.03	0.03	0	0	0.79
209300	0.79	0.02	0.02	0	0	0.79
209400	0.79	0.03	0.03	0	0	0.79
209500	0.79	0.03	0.03	0	0	0.79
209600	0.79	0.02	0.02	0	0	0.79
209700	0.79	0.02	0.02	0	0	0.79
209800	0.79	0.01	0.01	0	0	0.79
209900	0.79	0.02	0.02	0	0	0.79
210000	0.79	0.03	0.03	0	0	0.79
210100	0.79	0.02	0.02	0	0	0.79
210200	0.79	0.02	0.02	0	0	0.79
210300	0.79	0.02	0.02	0	0	0.79
210400	0.79	0.01	0.01	0	0	0.79
210500	0.79	0.01	0.01	0	0	0.79
210600	0.79	0.01	0.01	0	0	0.79
210700	0.79	0.01	0.01	0	0	0.79
210800	0.79	0.01	0.01	0	0	0.79
210900	0.79	0.01	0.01	0	0	0.79
211000	0.79	0	0	0	0	0.79
211100	0.79	0	0	0	0	0.79
211200	0.79	0	0	0	0	0.79
211300	0.79	0	0	0	0	0.79
211400	0.79	0	0	0	0	0.79
211500	0.79	0	0	0	0	0.79
211600	0.79	0	0	0	0	0.79
211700	0.79	0	0	0	0	0.79
211800	0.79	0.01	0.01	0	0	0.79
211900	0.79	0.01	0.01	0	0	0.79
212000	0.79	0.02	0.02	0	0	0.79
212100	0.79	0.02	0.02	0	0	0.79
212200	0.79	0.01	0.01	0	0	0.79
212300	0.79	0.02	0.02	0	0	0.79
212400	0.8	0.03	0.03	0	0	0.8
212500	0.79	0.02	0.02	0	0	0.79
212600	0.79	0.02	0.02	0	0	0.79
212700	0.79	0.02	0.02	0	0	0.79
212800	0.78	0.02	0.02	0	0	0.78
212900	0.78	0.03	0.03	0	0	0.78
213000	0.78	0.02	0.02	0	0	0.78
213100	0.78	0.02	0.02	0	0	0.78
213200	0.78	0.01	0.01	0	0	0.78
213300	0.78	0	0	0	0	0.78
213400	0.78	0.01	0.01	0	0	0.78
213500	0.78	0.01	0.01	0	0	0.78
213600	0.78	0.02	0.02	0	0	0.78
213700	0.78	0.02	0.02	0	0	0.78
213800	0.78	0.02	0.02	0	0	0.78
213900	0.78	0.02	0.02	0	0	0.78
214000	0.78	0	0	0	0	0.78
214100	0.78	0	0	0	0	0.78
214200	0.78	0	0	0	0	0.78
214300	0.78	0	0	0	0	0.78
214400	0.78	0	0	0	0	0.78
214500	0.78	0	0	0	0	0.78
214600	0.78	0.01	0.01	0	0	0.78
214700	0.78	0.01	0.01	0	0	0.78
214800	0.78	0.01	0.01	0	0	0.78
214900	0.78	0.01	0.01	0	0	0.78
215000	0.78	0.01	0.01	0	0	0.78
215100	0.78	0.01	0.01	0	0	0.78
215200	0.78	0.01	0.01	0	0	0.78
215300	0.78	0	0	0	0	0.78
215400	0.78	0.01	0.01	0	0	0.78
215500	0.79	0	0	0	0	0.79
215600	0.78	0	0	0	0	0.78
215700	0.78	0.01	0.01	0	0	0.78
215800	0.78	0.01	0.01	0	0	0.78
215900	0.78	0.02	0.02	0	0	0.78
216000	0.78	0.03	0.03	0	0	0.78
216100	0.78	0.03	0.03	0	0	0.78
216200	0.78	0.01	0.01	0	0	0.78
216300	0.78	0.01	0.01	0	0	0.78
216400	0.78	0.01	0.01	0	0	0.78
216500	0.78	0	0	0	0	0.78
216600	0.78	0	0	0	0	0.78
216700	0.78	0	0	0	0	0.78
216800	0.78	0	0	0	0	0.78
216900	0.78	0	0	0	0	0.78
217000	0.78	0	0	0	0	0.78
217100	0.78	0	0	0	0	0.78
217200	0.78	0	0	0	0	0.78
217300	0.78	0	0	0	0	0.78
217400	0.78	0	0	0	0	0.78
217500	0.78	0	0	0	0	0.78
217600	0.78	0	0	0	0	0.78
217700	0.78	0	0	0	0	0.78
217800	0.78	0	0	0	0	0.78
217900	0.78	0.01	0.01	0	0	0.78
218000	0.78	0	0	0	0	0.78
218100	0.78	0	0	0	0	0.78
218200	0.78	0	0	0	0	0.78
218300	0.78	0.01	0.01	0	0	0.78
218400	0.78	0.02	0.02	0	0	0.78
218500	0.78	0.02	0.02	0	0	0.78
218600	0.78	0.02	0.02	0	0	0.78
218700	0.78	0.02	0.02	0	0	0.78
218800	0.78	0.02	0.02	0	0	0.78
218900	0.78	0.01	0.01	0	0	0.78
219000	0.78	0	0	0	0	0.78
219100	0.78	0.01	0.01	0	0	0.78
219200	0.78	0.01	0.01	0	0	0.78
219300	0.78	0.01	0.01	0	0	0.78
219400	0.78	0.01	0.01	0	0	0.78
219500	0.78	0.01	0.01	0	0	0.78
219600	0.78	0	0	0	0	0.78
219700	0.78	0	0	0	0	0.78
219800	0.78	0.01	0.01	0	0	0.78
219900	0.78	0.01	0.01	0	0	0.78
220000	0.78	0.01	0.01	0	0	0.78
220100	0.78	0.01	0.01	0	0	0.78
220200	0.78	0.01	0.01	0	0	0.78
220300	0.78	0.01	0.01	0	0	0.78
220400	0.78	0.01	0.01	0	0	0.78
220500	0.78	0.01	0.01	0	0	0.78
220600	0.78	0.01	0.01	0	0	0.78
220700	0.78	0	0	0	0	0.78
220800	0.78	0	0	0	0	0.78
220900	0.78	0	0	0	0	0.78
221000	0.78	0	0	0	0	0.78
221100	0.78	0	0	0	0	0.78
221200	0.78	0	0	0	0	0.78
221300	0.78	0	0	0	0	0.78
221400	0.78	0.01	0.01	0	0	0.78
221500	0.78	0.01	0.01	0	0	0.78
221600	0.78	0.01	0.01	0	0	0.78
221700	0.78	0.02	0.02	0	0	0.78
221800	0.78	0.04	0.04	0	0	0.78
221900	0.78	0.05	0.05	0	0	0.78
222000	0.78	0.02	0.02	0	0	0.78
222100	0.78	0.04	0.04	0	0	0.78
222200	0.78	0.03	0.03	0	0	0.78
222300	0.78	0.01	0.01	0	0	0.78
222400	0.78	0	0	0	0	0.78
222500	0.78	0	0	0	0	0.78
222600	0.78	0	0	0	0	0.78
222700	0.78	0.01	0.01	0	0	0.78
222800	0.78	0.01	0.01	0	0	0.78
222900	0.78	0.01	0.01	0	0	0.78
223000	0.78	0.01	0.01	0	0	0.78
223100	0.78	0.01	0.01	0	0	0.78
223200	0.78	0.03	0.03	0	0	0.78
223300	0.78	0.03	0.03	0	0	0.78
223400	0.78	0.03	0.03	0	0	0.78
223500	0.78	0.01	0.01	0	0	0.78
223600	0.78	0.01	0.01	0	0	0.78
223700	0.78	0.01	0.01	0	0	0.78
223800	0.78	0	0	0	0	0.78
223900	0.78	0	0	0	0	0.78
224000	0.78	0	0	0	0	0.78
224100	0.78	0	0	0	0	0.78
224200	0.78	0	0	0	0	0.78
224300	0.78	0	0	0	0	0.78
224400	0.78	0	0	0	0	0.78
224500	0.78	0.01	0.01	0	0	0.78
224600	0.78	0.01	0.01	0	0	0.78
224700	0.78	0.01	0.01	0	0	0.78
224800	0.78	0.01	0.01	0	0	0.78
224900	0.78	0.01	0.01	0	0	0.78
225000	0.78	0.01	0.01	0	0	0.78
225100	0.78	0.03	0.03	0	0	0.78
225200	0.78	0.04	0.04	0	0	0.78
225300	0.78	0.02	0.02	0	0	0.78
225400	0.78	0.02	0.02	0	0	0.78
225500	0.78	0.03	0.03	0	0	0.78
225600	0.78	0.02	0.02	0	0	0.78
225700	0.78	0.01	0.01	0	0	0.78
225800	0.78	0.01	0.01	0	0	0.78
225900	0.78	0.01	0.01	0	0	0.78
226000	0.78	0.01	0.01	0	0	0.78
226100	0.79	0.01	0.01	0	0	0.79
226200	0.79	0.01	0.01	0	0	0.79
226300	0.79	0.01	0.01	0	0	0.79
226400	0.79	0.01	0.01	0	0	0.79
226500	0.79	0.01	0.01	0	0	0.79
226600	0.79	0	0	0	0	0.79
226700	0.79	0	0	0	0	0.79
226800	0.79	0	0	0	0	0.79
226900	0.79	0	0	0	0	0.79
227000	0.79	0	0	0	0	0.79
227100	0.79	0	0	0	0	0.79
227200	0.79	0	0	0	0	0.79
227300	0.79	0	0	0	0	0.79
227400	0.8	0	0	0	0	0.8
227500	0.8	0.01	0.01	0	0	0.8
227600	0.8	0.03	0.03	0	0	0.8
227700	0.8	0.01	0.01	0	0	0.8
227800	0.8	0.01	0.01	0	0	0.8
227900	0.8	0.01	0.01	0	0	0.8
228000	0.8	0.02	0.02	0	0	0.8
228100	0.8	0.02	0.02	0	0	0.8
228200	0.8	0.03	0.03	0	0	0.8
228300	0.8	0.03	0.03	0	0	0.8
228400	0.8	0.02	0.02	0	0	0.8
228500	0.8	0.01	0.01	0	0	0.8
228600	0.8	0	0	0	0	0.8
228700	0.8	0	0	0	0	0.8
228800	0.8	0	0	0	0	0.8
228900	0.8	0	0	0	0	0.8
229000	0.8	0	0	0	0	0.8
229100	0.8	0	0	0	0	0.8
229200	0.8	0	0	0	0	0.8
229300	0.8	0	0	0	0	0.8
229400	0.8	0	0	0	0	0.8
229500	0.8	0.01	0.01	0	0	0.8
229600	0.8	0.01	0.01	0	0	0.8
229700	0.8	0.01	0.01	0	0	0.8
229800	0.8	0.01	0.01	0	0	0.8
229900	0.8	0.01	0.01	0	0	0.8
230000	0.8	0.02	0.02	0	0	0.8
230100	0.8	0.02	0.02	0	0	0.8
230200	0.8	0.03	0.03	0	0	0.8
230300	0.8	0.04	0.04	0	0	0.8
230400	0.8	0.03	0.03	0	0	0.8
230500	0.8	0.01	0.01	0	0	0.8
230600	0.8	0	0	0	0	0.8
230700	0.8	0	0	0	0	0.8
230800	0.8	0	0	0	0	0.8
230900	0.8	0	0	0	0	0.8
231000	0.8	0.01	0.01	0	0	0.8
231100	0.8	0.02	0.02	0	0	0.8
231200	0.8	0.03	0.03	0	0	0.8
231300	0.8	0.05	0.05	0	0	0.8
231400	0.8	0.05	0.05	0	0	0.8
231500	0.8	0.06	0.06	0	0	0.8
231600	0.8	0.07	0.07	0	0	0.8
231700	0.8	0.05	0.05	0	0	0.8
231800	0.8	0.03	0.03	0	0	0.8
231900	0.8	0.02	0.02	0	0	0.8
232000	0.8	0.01	0.01	0	0	0.8
232100	0.8	0.01	0.01	0	0	0.8
232200	0.8	0.01	0.01	0	0	0.8
232300	0.8	0.01	0.01	0	0	0.8
232400	0.8	0.01	0.01	0	0	0.8
232500	0.8	0.01	0.01	0	0	0.8
232600	0.8	0.01	0.01	0	0	0.8
232700	0.8	0.01	0.01	0	0	0.8
232800	0.8	0	0	0	0	0.8
232900	0.8	0	0	0	0	0.8
233000	0.8	0	0	0	0	0.8
233100	0.8	0	0	0	0	0.8
233200	0.8	0	0	0	0	0.8
233300	0.8	0	0	0	0	0.8
233400	0.8	0.01	0.01	0	0	0.8
233500	0.8	0.01	0.01	0	0	0.8
233600	0.8	0.01	0.01	0	0	0.8
233700	0.8	0.01	0.01	0	0	0.8
233800	0.8	0	0	0	0	0.8
233900	0.8	0	0	0	0	0.8
234000	0.8	0	0	0	0	0.8
234100	0.8	0	0	0	0	0.8
234200	0.8	0	0	0	0	0.8
234300	0.8	0	0	0	0	0.8
234400	0.8	0	0	0	0	0.8
234500	0.8	0	0	0	0	0.8
234600	0.8	0	0	0	0	0.8
234700	0.8	0.02	0.02	0	0	0.8
234800	0.8	0.02	0.02	0	0	0.8
234900	0.8	0.02	0.02	0	0	0.8
235000	0.8	0.02	0.02	0	0	0.8
235100	0.8	0.02	0.02	0	0	0.8
235200	0.8	0.02	0.02	0	0	0.8
235300	0.8	0.02	0.02	0	0	0.8
235400	0.8	0.02	0.02	0	0	0.8
235500	0.8	0.01	0.01	0	0	0.8
235600	0.8	0	0	0	0	0.8
235700	0.8	0	0	0	0	0.8
235800	0.8	0	0	0	0	0.8
235900	0.8	0.01	0.01	0	0	0.8
236000	0.8	0.01	0.01	0	0	0.8
236100	0.8	0.01	0.01	0	0	0.8
236200	0.8	0.01	0.01	0	0	0.8
236300	0.8	0.01	0.01	0	0	0.8
236400	0.8	0.01	0.01	0	0	0.8
236500	0.8	0.01	0.01	0	0	0.8
236600	0.8	0	0	0	0	0.8
236700	0.8	0.01	0.01	0	0	0.8
236800	0.8	0.01	0.01	0	0	0.8
236900	0.8	0.01	0.01	0	0	0.8
237000	0.8	0.01	0.01	0	0	0.8
237100	0.8	0	0	0	0	0.8
237200	0.8	0.01	0.01	0	0	0.8
237300	0.8	0.01	0.01	0	0	0.8
237400	0.8	0.01	0.01	0	0	0.8
237500	0.8	0.01	0.01	0	0	0.8
237600	0.8	0.02	0.02	0	0	0.8
237700	0.8	0.01	0.01	0	0	0.8
237800	0.8	0.02	0.02	0	0	0.8
237900	0.8	0.02	0.02	0	0	0.8
238000	0.8	0.03	0.03	0	0	0.8
238100	0.8	0.04	0.04	0	0	0.8
238200	0.8	0.03	0.03	0	0	0.8
238300	0.8	0.03	0.03	0	0	0.8
238400	0.8	0.02	0.02	0	0	0.8
238500	0.8	0.03	0.03	0	0	0.8
238600	0.8	0.01	0.01	0	0	0.8
238700	0.81	0.02	0.02	0	0	0.81
238800	0.8	0	0	0	0	0.8
238900	0.8	0	0	0	0	0.8
239000	0.8	0.01	0.01	0	0	0.8
239100	0.8	0.01	0.01	0	0	0.8
239200	0.8	0.02	0.02	0	0	0.8
239300	0.8	0.02	0.02	0	0	0.8
239400	0.8	0.02	0.02	0	0	0.8
239500	0.8	0.01	0.01	0	0	0.8
239600	0.8	0.02	0.02	0	0	0.8
239700	0.8	0.02	0.02	0	0	0.8
239800	0.8	0.02	0.02	0	0	0.8
239900	0.8	0.02	0.02	0	0	0.8
240000	0.8	0.02	0.02	0	0	0.8
240100	0.8	0.01	0.01	0	0	0.8
240200	0.8	0	0	0	0	0.8
240300	0.8	0	0	0	0	0.8
240400	0.8	0	0	0	0	0.8
240500	0.8	0	0	0	0	0.8
240600	0.8	0.01	0.01	0	0	0.8
240700	0.8	0.01	0.01	0	0	0.8
240800	0.8	0.02	0.02	0	0	0.8
240900	0.8	0.02	0.02	0	0	0.8
241000	0.8	0.03	0.03	0	0	0.8
241100	0.8	0.04	0.04	0	0	0.8
241200	0.8	0.03	0.03	0	0	0.8
241300	0.8	0.02	0.02	0	0	0.8
241400	0.8	0.02	0.02	0	0	0.8
241500	0.8	0.02	0.02	0	0	0.8
241600	0.8	0.03	0.03	0	0	0.8
241700	0.8	0.01	0.01	0	0	0.8
241800	0.8	0	0	0	0	0.8
241900	0.8	0	0	0	0	0.8
242000	0.8	0	0	0	0	0.8
242100	0.8	0	0	0	0	0.8
242200	0.8	0.02	0.02	0	0	0.8
242300	0.8	0.02	0.02	0	0	0.8
242400	0.8	0.02	0.02	0	0	0.8
242500	0.8	0.02	0.02	0	0	0.8
242600	0.8	0.02	0.02	0	0	0.8
242700	0.8	0.02	0.02	0	0	0.8
242800	0.8	0.02	0.02	0	0	0.8
242900	0.8	0.02	0.02	0	0	0.8
243000	0.8	0	0	0	0	0.8
243100	0.8	0	0	0	0	0.8
243200	0.8	0.02	0.02	0	0	0.8
243300	0.8	0.02	0.02	0	0	0.8
243400	0.8	0.02	0.02	0	0	0.8
243500	0.8	0.02	0.02	0	0	0.8
243600	0.8	0.02	0.02	0	0	0.8
243700	0.8	0.02	0.02	0	0	0.8
243800	0.8	0.01	0.01	0	0	0.8
243900	0.8	0.01	0.01	0	0	0.8
244000	0.8	0.01	0.01	0	0	0.8
244100	0.8	0.01	0.01	0	0	0.8
244200	0.8	0.01	0.01	0	0	0.8
244300	0.8	0	0	0	0	0.8
244400	0.8	0	0	0	0	0.8
244500	0.8	0	0	0	0	0.8
244600	0.8	0	0	0	0	0.8
244700	0.8	0.02	0.02	0	0	0.8
244800	0.8	0.02	0.02	0	0	0.8
244900	0.8	0.02	0.02	0	0	0.8
245000	0.8	0.02	0.02	0	0	0.8
245100	0.8	0.02	0.02	0	0	0.8
245200	0.8	0.02	0.02	0	0	0.8
245300	0.8	0.01	0.01	0	0	0.8
245400	0.8	0	0	0	0	0.8
245500	0.8	0	0	0	0	0.8
245600	0.8	0	0	0	0	0.8
245700	0.8	0	0	0	0	0.8
245800	0.8	0	0	0	0	0.8
245900	0.8	0	0	0	0	0.8
246000	0.8	0	0	0	0	0.8
246100	0.8	0	0	0	0	0.8
246200	0.8	0	0	0	0	0.8
246300	0.8	0.02	0.02	0	0	0.8
246400	0.8	0.03	0.03	0	0	0.8
246500	0.8	0.03	0.03	0	0	0.8
246600	0.8	0.03	0.03	0	0	0.8
246700	0.8	0.02	0.02	0	0	0.8
246800	0.8	0.01	0.01	0	0	0.8
246900	0.8	0.01	0.01	0	0	0.8
247000	0.8	0	0	0	0	0.8
247100	0.8	0	0	0	0	0.8
247200	0.8	0	0	0	0	0.8
247300	0.8	0	0	0	0	0.8
247400	0.8	0.01	0.01	0	0	0.8
247500	0.8	0.02	0.02	0	0	0.8
247600	0.8	0.01	0.01	0	0	0.8
247700	0.8	0.01	0.01	0	0	0.8
247800	0.8	0.01	0.01	0	0	0.8
247900	0.8	0.01	0.01	0	0	0.8
248000	0.8	0	0	0	0	0.8
248100	0.8	0	0	0	0	0.8
248200	0.8	0	0	0	0	0.8
248300	0.8	0.01	0.01	0	0	0.8
248400	0.8	0.01	0.01	0	0	0.8
248500	0.8	0.01	0.01	0	0	0.8
248600	0.8	0.01	0.01	0	0	0.8
248700	0.8	0.01	0.01	0	0	0.8
248800	0.8	0.02	0.02	0	0	0.8
248900	0.8	0.02	0.02	0	0	0.8
249000	0.8	0.01	0.01	0	0	0.8
249100	0.8	0.01	0.01	0	0	0.8
249200	0.8	0.01	0.01	0	0	0.8
249300	0.8	0.03	0.03	0	0	0.8
249400	0.8	0.03	0.03	0	0	0.8
249500	0.8	0.03	0.03	0	0	0.8
249600	0.8	0.03	0.03	0	0	0.8
249700	0.8	0.02	0.02	0	0	0.8
249800	0.8	0.02	0.02	0	0	0.8
249900	0.8	0.02	0.02	0	0	0.8
250000	0.8	0.01	0.01	0	0	0.8
250100	0.8	0.01	0.01	0	0	0.8
250200	0.8	0.01	0.01	0	0	0.8
250300	0.8	0.01	0.01	0	0	0.8
250400	0.8	0.04	0.04	0	0	0.8
250500	0.8	0.03	0.03	0	0	0.8
250600	0.8	0.02	0.02	0	0	0.8
250700	0.8	0.01	0.01	0	0	0.8
250800	0.8	0	0	0	0	0.8
250900	0.8	0.01	0.01	0	0	0.8
251000	0.8	0.01	0.01	0	0	0.8
251100	0.81	0.01	0.01	0	0	0.81
251200	0.81	0.01	0.01	0	0	0.81
251300	0.8	0	0	0	0	0.8
251400	0.8	0	0	0	0	0.8
251500	0.8	0.01	0.01	0	0	0.8
251600	0.8	0.01	0.01	0	0	0.8
251700	0.8	0.01	0.01	0	0	0.8
251800	0.8	0.01	0.01	0	0	0.8
251900	0.8	0.01	0.01	0	0	0.8
252000	0.8	0.01	0.01	0	0	0.8
252100	0.8	0	0	0	0	0.8
252200	0.8	0	0	0	0	0.8
252300	0.8	0	0	0	0	0.8
252400	0.8	0	0	0	0	0.8
252500	0.8	0	0	0	0	0.8
252600	0.8	0	0	0	0	0.8
252700	0.8	0	0	0	0	0.8
252800	0.8	0.01	0.01	0	0	0.8
252900	0.8	0.01	0.01	0	0	0.8
253000	0.8	0.01	0.01	0	0	0.8
253100	0.8	0.01	0.01	0	0	0.8
253200	0.8	0.01	0.01	0	0	0.8
253300	0.8	0.01	0.01	0	0	0.8
253400	0.8	0	0	0	0	0.8
253500	0.8	0	0	0	0	0.8
253600	0.8	0	0	0	0	0.8
253700	0.8	0.01	0.01	0	0	0.8
253800	0.8	0.01	0.01	0	0	0.8
253900	0.8	0.01	0.01	0	0	0.8
254000	0.8	0.02	0.02	0	0	0.8
254100	0.8	0.03	0.03	0	0	0.8
254200	0.8	0.03	0.03	0	0	0.8
254300	0.8	0	0	0	0	0.8
254400	0.8	0	0	0	0	0.8
254500	0.8	0	0	0	0	0.8
254600	0.8	0	0	0	0	0.8
254700	0.8	0	0	0	0	0.8
254800	0.8	0	0	0	0	0.8
254900	0.8	0.01	0.01	0	0	0.8
255000	0.8	0.01	0.01	0	0	0.8
255100	0.8	0.02	0.02	0	0	0.8
255200	0.8	0	0	0	0	0.8
255300	0.8	0	0	0	0	0.8
255400	0.8	0.01	0.01	0	0	0.8
255500	0.8	0	0	0	0	0.8
255600	0.8	0.01	0.01	0	0	0.8
255700	0.8	0.02	0.02	0	0	0.8
255800	0.8	0.01	0.01	0	0	0.8
255900	0.8	0	0	0	0	0.8
256000	0.8	0.01	0.01	0	0	0.8
256100	0.8	0.01	0.01	0	0	0.8
256200	0.8	0.01	0.01	0	0	0.8
256300	0.8	0.01	0.01	0	0	0.8
256400	0.8	0.01	0.01	0	0	0.8
256500	0.8	0.01	0.01	0	0	0.8
256600	0.8	0.01	0.01	0	0	0.8
256700	0.8	0	0	0	0	0.8
256800	0.8	0	0	0	0	0.8
256900	0.8	0.01	0.01	0	0	0.8
257000	0.8	0.02	0.02	0	0	0.8
257100	0.8	0.03	0.03	0	0	0.8
257200	0.8	0.03	0.03	0	0	0.8
257300	0.8	0.03	0.03	0	0	0.8
257400	0.8	0.01	0.01	0	0	0.8
257500	0.8	0	0	0	0	0.8
257600	0.8	0	0	0	0	0.8
257700	0.8	0.01	0.01	0	0	0.8
257800	0.8	0.01	0.01	0	0	0.8
257900	0.8	0.01	0.01	0	0	0.8
258000	0.8	0.01	0.01	0	0	0.8
258100	0.8	0.01	0.01	0	0	0.8
258200	0.8	0.01	0.01	0	0	0.8
258300	0.8	0	0	0	0	0.8
258400	0.8	0	0	0	0	0.8
258500	0.8	0	0	0	0	0.8
258600	0.8	0	0	0	0	0.8
258700	0.8	0	0	0	0	0.8
258800	0.8	0.03	0.03	0	0	0.8
258900	0.8	0.03	0.03	0	0	0.8
259000	0.8	0.01	0.01	0	0	0.8
259100	0.8	0.01	0.01	0	0	0.8
259200	0.8	0	0	0	0	0.8
259300	0.8	0	0	0	0	0.8
259400	0.8	0	0	0	0	0.8
259500	0.8	0	0	0	0	0.8
259600	0.8	0	0	0	0	0.8
259700	0.8	0	0	0	0	0.8
259800	0.8	0	0	0	0	0.8
259900	0.8	0	0	0	0	0.8
260000	0.8	0	0	0	0	0.8
260100	0.8	0	0	0	0	0.8
260200	0.8	0	0	0	0	0.8
260300	0.8	0.01	0.01	0	0	0.8
260400	0.8	0.01	0.01	0	0	0.8
260500	0.8	0.02	0.02	0	0	0.8
260600	0.8	0.02	0.02	0	0	0.8
260700	0.8	0.03	0.03	0	0	0.8
260800	0.8	0.02	0.02	0	0	0.8
260900	0.8	0.02	0.02	0	0	0.8
261000	0.8	0.03	0.03	0	0	0.8
261100	0.8	0.02	0.02	0	0	0.8
261200	0.8	0.02	0.02	0	0	0.8
261300	0.8	0.01	0.01	0	0	0.8
261400	0.8	0	0	0	0	0.8
261500	0.8	0	0	0	0	0.8
261600	0.8	0.01	0.01	0	0	0.8
261700	0.8	0.01	0.01	0	0	0.8
261800	0.8	0.01	0.01	0	0	0.8
261900	0.8	0.02	0.02	0	0	0.8
262000	0.8	0.02	0.02	0	0	0.8
262100	0.8	0.03	0.03	0	0	0.8
262200	0.8	0.03	0.03	0	0	0.8
262300	0.8	0.03	0.03	0	0	0.8
262400	0.8	0.02	0.02	0	0	0.8
262500	0.8	0.04	0.04	0	0	0.8
262600	0.8	0.04	0.04	0	0	0.8
262700	0.8	0.02	0.02	0	0	0.8
262800	0.8	0.01	0.01	0	0	0.8
262900	0.8	0.02	0.02	0	0	0.8
263000	0.8	0.03	0.03	0	0	0.8
263100	0.8	0.02	0.02	0	0	0.8
263200	0.8	0.01	0.01	0	0	0.8
263300	0.8	0.01	0.01	0	0	0.8
263400	0.8	0	0	0	0	0.8
263500	0.8	0	0	0	0	0.8
263600	0.8	0	0	0	0	0.8
263700	0.8	0	0	0	0	0.8
263800	0.8	0	0	0	0	0.8
263900	0.8	0.01	0.01	0	0	0.8
264000	0.8	0.02	0.02	0	0	0.8
264100	0.8	0.02	0.02	0	0	0.8
264200	0.8	0.01	0.01	0	0	0.8
264300	0.8	0.02	0.02	0	0	0.8
264400	0.8	0.02	0.02	0	0	0.8
264500	0.8	0.02	0.02	0	0	0.8
264600	0.8	0.02	0.02	0	0	0.8
264700	0.8	0.03	0.03	0	0	0.8
264800	0.8	0.04	0.04	0	0	0.8
264900	0.8	0.04	0.04	0	0	0.8
265000	0.8	0.02	0.02	0	0	0.8
265100	0.8	0.02	0.02	0	0	0.8
265200	0.8	0.02	0.02	0	0	0.8
265300	0.8	0	0	0	0	0.8
265400	0.8	0	0	0	0	0.8
265500	0.8	0.02	0.02	0	0	0.8
265600	0.8	0.02	0.02	0	0	0.8
265700	0.8	0.02	0.02	0	0	0.8
265800	0.8	0.02	0.02	0	0	0.8
265900	0.8	0.02	0.02	0	0	0.8
266000	0.8	0	0	0	0	0.8
266100	0.8	0	0	0	0	0.8
266200	0.8	0	0	0	0	0.8
266300	0.8	0	0	0	0	0.8
266400	0.8	0	0	0	0	0.8
266500	0.8	0	0	0	0	0.8
266600	0.8	0	0	0	0	0.8
266700	0.8	0	0	0	0	0.8
266800	0.8	0.01	0.01	0	0	0.8
266900	0.8	0.02	0.02	0	0	0.8
267000	0.8	0.02	0.02	0	0	0.8
267100	0.8	0.02	0.02	0	0	0.8
267200	0.8	0.02	0.02	0	0	0.8
267300	0.8	0.01	0.01	0	0	0.8
267400	0.8	0.01	0.01	0	0	0.8
267500	0.8	0.01	0.01	0	0	0.8
267600	0.8	0.01	0.01	0	0	0.8
267700	0.8	0	0	0	0	0.8
267800	0.8	0	0	0	0	0.8
267900	0.8	0	0	0	0	0.8
268000	0.8	0	0	0	0	0.8
268100	0.8	0.01	0.01	0	0	0.8
268200	0.8	0.01	0.01	0	0	0.8
268300	0.8	0.01	0.01	0	0	0.8
268400	0.8	0.01	0.01	0	0	0.8
268500	0.8	0.01	0.01	0	0	0.8
268600	0.8	0.01	0.01	0	0	0.8
268700	0.8	0.02	0.02	0	0	0.8
268800	0.8	0.02	0.02	0	0	0.8
268900	0.8	0.02	0.02	0	0	0.8
269000	0.8	0.01	0.01	0	0	0.8
269100	0.8	0.01	0.01	0	0	0.8
269200	0.8	0	0	0	0	0.8
269300	0.8	0	0	0	0	0.8
269400	0.8	0	0	0	0	0.8
269500	0.8	0	0	0	0	0.8
269600	0.8	0	0	0	0	0.8
269700	0.8	0	0	0	0	0.8
269800	0.8	0	0	0	0	0.8
269900	0.8	0	0	0	0	0.8
270000	0.8	0.01	0.01	0	0	0.8
270100	0.8	0.01	0.01	0	0	0.8
270200	0.8	0.02	0.02	0	0	0.8
270300	0.8	0.02	0.02	0	0	0.8
270400	0.8	0.02	0.02	0	0	0.8
270500	0.8	0.03	0.03	0	0	0.8
270600	0.8	0.02	0.02	0	0	0.8
270700	0.8	0.02	0.02	0	0	0.8
270800	0.8	0.01	0.01	0	0	0.8
270900	0.8	0.01	0.01	0	0	0.8
271000	0.8	0	0	0	0	0.8
271100	0.8	0	0	0	0	0.8
271200	0.8	0	0	0	0	0.8
271300	0.8	0	0	0	0	0.8
271400	0.8	0.01	0.01	0	0	0.8
271500	0.8	0.02	0.02	0	0	0.8
271600	0.8	0.02	0.02	0	0	0.8
271700	0.8	0.02	0.02	0	0	0.8
271800	0.8	0.01	0.01	0	0	0.8
271900	0.8	0	0	0	0	0.8
272000	0.8	0	0	0	0	0.8
272100	0.8	0	0	0	0	0.8
272200	0.8	0	0	0	0	0.8
272300	0.8	0	0	0	0	0.8
272400	0.8	0.01	0.01	0	0	0.8
272500	0.8	0	0	0	0	0.8
272600	0.8	0.01	0.01	0	0	0.8
272700	0.8	0.01	0.01	0	0	0.8
272800	0.8	0.01	0.01	0	0	0.8
272900	0.8	0.03	0.03	0	0	0.8
273000	0.8	0.02	0.02	0	0	0.8
273100	0.8	0.02	0.02	0	0	0.8
273200	0.8	0.02	0.02	0	0	0.8
273300	0.8	0.01	0.01	0	0	0.8
273400	0.8	0.01	0.01	0	0	0.8
273500	0.8	0	0	0	0	0.8
273600	0.8	0	0	0	0	0.8
273700	0.8	0	0	0	0	0.8
273800	0.8	0	0	0	0	0.8
273900	0.8	0	0	0	0	0.8
274000	0.8	0	0	0	0	0.8
274100	0.8	0	0	0	0	0.8
274200	0.8	0.01	0.01	0	0	0.8
274300	0.8	0.01	0.01	0	0	0.8
274400	0.8	0.02	0.02	0	0	0.8
274500	0.8	0.04	0.04	0	0	0.8
274600	0.8	0.04	0.04	0	0	0.8
274700	0.8	0.02	0.02	0	0	0.8
274800	0.8	0.02	0.02	0	0	0.8
274900	0.8	0.02	0.02	0	0	0.8
275000	0.8	0.02	0.02	0	0	0.8
275100	0.8	0.02	0.02	0	0	0.8
275200	0.8	0.01	0.01	0	0	0.8
275300	0.8	0.01	0.01	0	0	0.8
275400	0.8	0.01	0.01	0	0	0.8
275500	0.8	0.01	0.01	0	0	0.8
275600	0.8	0.01	0.01	0	0	0.8
275700	0.8	0	0	0	0	0.8
275800	0.8	0	0	0	0	0.8
275900	0.8	0	0	0	0	0.8
276000	0.8	0	0	0	0	0.8
276100	0.8	0	0	0	0	0.8
276200	0.8	0	0	0	0	0.8
276300	0.8	0	0	0	0	0.8
276400	0.8	0	0	0	0	0.8
276500	0.8	0	0	0	0	0.8
276600	0.8	0	0	0	0	0.8
276700	0.8	0	0	0	0	0.8
276800	0.8	0	0	0	0	0.8
276900	0.8	0	0	0	0	0.8
277000	0.8	0.01	0.01	0	0	0.8
277100	0.8	0.01	0.01	0	0	0.8
277200	0.8	0.01	0.01	0	0	0.8
277300	0.8	0.01	0.01	0	0	0.8
277400	0.8	0	0	0	0	0.8
277500	0.8	0.01	0.01	0	0	0.8
277600	0.8	0.01	0.01	0	0	0.8
277700	0.8	0.01	0.01	0	0	0.8
277800	0.8	0.01	0.01	0	0	0.8
277900	0.8	0.01	0.01	0	0	0.8
278000	0.8	0.01	0.01	0	0	0.8
278100	0.8	0.01	0.01	0	0	0.8
278200	0.8	0.02	0.02	0	0	0.8
278300	0.8	0.02	0.02	0	0	0.8
278400	0.8	0.02	0.02	0	0	0.8
278500	0.8	0.01	0.01	0	0	0.8
278600	0.8	0	0	0	0	0.8
278700	0.8	0	0	0	0	0.8
278800	0.8	0	0	0	0	0.8
278900	0.8	0	0	0	0	0.8
279000	0.8	0	0	0	0	0.8
279100	0.8	0.01	0.01	0	0	0.8
279200	0.8	0.01	0.01	0	0	0.8
279300	0.8	0.02	0.02	0	0	0.8
279400	0.8	0.03	0.03	0	0	0.8
279500	0.8	0.01	0.01	0	0	0.8
279600	0.8	0.01	0.01	0	0	0.8
279700	0.8	0.02	0.02	0	0	0.8
279800	0.8	0.02	0.02	0	0	0.8
279900	0.8	0.02	0.02	0	0	0.8
280000	0.8	0.01	0.01	0	0	0.8
280100	0.8	0.02	0.02	0	0	0.8
280200	0.8	0.01	0.01	0	0	0.8
280300	0.8	0.02	0.02	0	0	0.8
280400	0.8	0.03	0.03	0	0	0.8
280500	0.8	0.03	0.03	0	0	0.8
280600	0.8	0.03	0.03	0	0	0.8
280700	0.8	0.02	0.02	0	0	0.8
280800	0.8	0	0	0	0	0.8
280900	0.8	0.01	0.01	0	0	0.8
281000	0.8	0.01	0.01	0	0	0.8
281100	0.8	0.02	0.02	0	0	0.8
281200	0.8	0.02	0.02	0	0	0.8
281300	0.8	0.02	0.02	0	0	0.8
281400	0.8	0.02	0.02	0	0	0.8
281500	0.8	0.01	0.01	0	0	0.8
281600	0.8	0.01	0.01	0	0	0.8
281700	0.8	0	0	0	0	0.8
281800	0.8	0.01	0.01	0	0	0.8
281900	0.8	0.01	0.01	0	0	0.8
282000	0.8	0.01	0.01	0	0	0.8
282100	0.8	0.01	0.01	0	0	0.8
282200	0.8	0.02	0.02	0	0	0.8
282300	0.8	0.02	0.02	0	0	0.8
282400	0.8	0.01	0.01	0	0	0.8
282500	0.8	0.01	0.01	0	0	0.8
282600	0.8	0	0	0	0	0.8
282700	0.8	0	0	0	0	0.8
282800	0.8	0	0	0	0	0.8
282900	0.8	0.01	0.01	0	0	0.8
283000	0.8	0.01	0.01	0	0	0.8
283100	0.8	0.02	0.02	0	0	0.8
283200	0.8	0.02	0.02	0	0	0.8
283300	0.8	0.02	0.02	0	0	0.8
283400	0.8	0.02	0.02	0	0	0.8
283500	0.8	0.01	0.01	0	0	0.8
283600	0.8	0.03	0.03	0	0	0.8
283700	0.8	0.03	0.03	0	0	0.8
283800	0.8	0.01	0.01	0	0	0.8
283900	0.8	0.01	0.01	0	0	0.8
284000	0.8	0.02	0.02	0	0	0.8
284100	0.8	0.01	0.01	0	0	0.8
284200	0.8	0.02	0.02	0	0	0.8
284300	0.8	0.02	0.02	0	0	0.8
284400	0.8	0.01	0.01	0	0	0.8
284500	0.8	0	0	0	0	0.8
284600	0.8	0	0	0	0	0.8
284700	0.8	0	0	0	0	0.8
284800	0.8	0	0	0	0	0.8
284900	0.8	0.02	0.02	0	0	0.8
285000	0.8	0.02	0.02	0	0	0.8
285100	0.8	0.03	0.03	0	0	0.8
285200	0.8	0.03	0.03	0	0	0.8
285300	0.8	0.03	0.03	0	0	0.8
285400	0.8	0.02	0.02	0	0	0.8
285500	0.8	0.02	0.02	0	0	0.8
285600	0.8	0.03	0.03	0	0	0.8
285700	0.8	0.02	0.02	0	0	0.8
285800	0.8	0.01	0.01	0	0	0.8
285900	0.8	0.01	0.01	0	0	0.8
286000	0.8	0.02	0.02	0	0	0.8
286100	0.8	0.02	0.02	0	0	0.8
286200	0.8	0.01	0.01	0	0	0.8
286300	0.8	0.02	0.02	0	0	0.8
286400	0.8	0.03	0.03	0	0	0.8
286500	0.8	0.03	0.03	0	0	0.8
286600	0.8	0.01	0.01	0	0	0.8
286700	0.8	0.01	0.01	0	0	0.8
286800	0.8	0.01	0.01	0	0	0.8
286900	0.8	0.01	0.01	0	0	0.8
287000	0.8	0	0	0	0	0.8
287100	0.8	0	0	0	0	0.8
287200	0.8	0.01	0.01	0	0	0.8
287300	0.8	0.01	0.01	0	0	0.8
287400	0.8	0.01	0.01	0	0	0.8
287500	0.8	0.01	0.01	0	0	0.8
287600	0.8	0.01	0.01	0	0	0.8
287700	0.79	0	0	0	0	0.79
287800	0.79	0.01	0.01	0	0	0.79
287900	0.79	0.01	0.01	0	0	0.79
288000	0.79	0.01	0.01	0	0	0.79
288100	0.79	0.01	0.01	0	0	0.79
288200	0.79	0	0	0	0	0.79
288300	0.79	0	0	0	0	0.79
288400	0.79	0	0	0	0	0.79
288500	0.79	0	0	0	0	0.79
288600	0.79	0	0	0	0	0.79
288700	0.79	0	0	0	0	0.79
288800	0.79	0	0	0	0	0.79
288900	0.79	0	0	0	0	0.79
289000	0.79	0	0	0	0	0.79
289100	0.79	0	0	0	0	0.79
289200	0.79	0	0	0	0	0.79
289300	0.79	0.01	0.01	0	0	0.79
289400	0.79	0.01	0.01	0	0	0.79
289500	0.79	0.01	0.01	0	0	0.79
289600	0.79	0	0	0	0	0.79
289700	0.79	0	0	0	0	0.79
289800	0.8	0	0	0	0	0.8
289900	0.8	0	0	0	0	0.8
290000	0.8	0	0	0	0	0.8
290100	0.8	0	0	0	0	0.8
290200	0.8	0	0	0	0	0.8
290300	0.8	0	0	0	0	0.8
290400	0.8	0	0	0	0	0.8
290500	0.8	0.02	0.02	0	0	0.8
290600	0.8	0.02	0.02	0	0	0.8
290700	0.79	0.02	0.02	0	0	0.79
290800	0.79	0.02	0.02	0	0	0.79
290900	0.79	0.03	0.03	0	0	0.79
291000	0.79	0.02	0.02	0	0	0.79
291100	0.79	0.01	0.01	0	0	0.79
291200	0.79	0	0	0	0	0.79
291300	0.79	0.01	0.01	0	0	0.79
291400	0.79	0.01	0.01	0	0	0.79
291500	0.8	0.01	0.01	0	0	0.8
291600	0.8	0.01	0.01	0	0	0.8
291700	0.8	0.01	0.01	0	0	0.8
291800	0.8	0.01	0.01	0	0	0.8
291900	0.8	0	0	0	0	0.8
292000	0.8	0	0	0	0	0.8
292100	0.8	0	0	0	0	0.8
292200	0.79	0	0	0	0	0.79
292300	0.79	0	0	0	0	0.79
292400	0.79	0	0	0	0	0.79
292500	0.79	0.01	0.01	0	0	0.79
292600	0.79	0.01	0.01	0	0	0.79
292700	0.79	0.01	0.01	0	0	0.79
292800	0.79	0.02	0.02	0	0	0.79
292900	0.79	0.02	0.02	0	0	0.79
293000	0.79	0.02	0.02	0	0	0.79
293100	0.79	0.01	0.01	0	0	0.79
293200	0.79	0.01	0.01	0	0	0.79
293300	0.79	0.01	0.01	0	0	0.79
293400	0.79	0.01	0.01	0	0	0.79
293500	0.79	0.01	0.01	0	0	0.79
293600	0.79	0.01	0.01	0	0	0.79
293700	0.79	0.01	0.01	0	0	0.79
293800	0.79	0.01	0.01	0	0	0.79
293900	0.79	0	0	0	0	0.79
294000	0.79	0	0	0	0	0.79
294100	0.79	0.01	0.01	0	0	0.79
294200	0.79	0.01	0.01	0	0	0.79
294300	0.79	0	0	0	0	0.79
294400	0.79	0	0	0	0	0.79
294500	0.79	0	0	0	0	0.79
294600	0.79	0	0	0	0	0.79
294700	0.79	0	0	0	0	0.79
294800	0.79	0	0	0	0	0.79
294900	0.79	0	0	0	0	0.79
295000	0.79	0.01	0.01	0	0	0.79
295100	0.79	0.01	0.01	0	0	0.79
295200	0.79	0.01	0.01	0	0	0.79
295300	0.79	0.02	0.02	0	0	0.79
295400	0.79	0.02	0.02	0	0	0.79
295500	0.79	0.01	0.01	0	0	0.79
295600	0.79	0.02	0.02	0	0	0.79
295700	0.79	0.02	0.02	0	0	0.79
295800	0.79	0.02	0.02	0	0	0.79
295900	0.79	0.02	0.02	0	0	0.79
296000	0.79	0.02	0.02	0	0	0.79
296100	0.79	0	0	0	0	0.79
296200	0.79	0	0	0	0	0.79
296300	0.79	0	0	0	0	0.79
296400	0.79	0	0	0	0	0.79
296500	0.79	0	0	0	0	0.79
296600	0.79	0.01	0.01	0	0	0.79
296700	0.79	0.01	0.01	0	0	0.79
296800	0.79	0.02	0.02	0	0	0.79
296900	0.79	0.02	0.02	0	0	0.79
297000	0.79	0.02	0.02	0	0	0.79
297100	0.8	0.03	0.03	0	0	0.8
297200	0.8	0.01	0.01	0	0	0.8
297300	0.8	0.01	0.01	0	0	0.8
297400	0.8	0	0	0	0	0.8
297500	0.8	0	0	0	0	0.8
297600	0.8	0	0	0	0	0.8
297700	0.8	0	0	0	0	0.8
297800	0.8	0	0	0	0	0.8
297900	0.8	0	0	0	0	0.8
298000	0.8	0	0	0	0	0.8
298100	0.8	0	0	0	0	0.8
298200	0.8	0.01	0.01	0	0	0.8
298300	0.8	0.01	0.01	0	0	0.8
298400	0.8	0.01	0.01	0	0	0.8
298500	0.8	0.01	0.01	0	0	0.8
298600	0.8	0.01	0.01	0	0	0.8
298700	0.8	0.01	0.01	0	0	0.8
298800	0.79	0.01	0.01	0	0	0.79
298900	0.79	0.01	0.01	0	0	0.79
299000	0.79	0.01	0.01	0	0	0.79
299100	0.79	0.01	0.01	0	0	0.79
299200	0.79	0.01	0.01	0	0	0.79
299300	0.79	0.02	0.02	0	0	0.79
299400	0.79	0.03	0.03	0	0	0.79
299500	0.79	0.03	0.03	0	0	0.79
299600	0.79	0.03	0.03	0	0	0.79
299700	0.79	0.02	0.02	0	0	0.79
299800	0.79	0.02	0.02	0	0	0.79
299900	0.79	0.02	0.02	0	0	0.79
300000	0.79	0.02	0.02	0	0	0.79
