100	0.11	0.04	0.04	0	0	0.11
200	0.11	0.06	0.06	0	0	0.11
300	0.1	0.06	0.06	0	0	0.1
400	0.13	0.07	0.07	0	0	0.13
500	0.13	0.05	0.05	0	0	0.13
600	0.12	0.03	0.03	0	0	0.12
700	0.12	0.02	0.02	0	0	0.12
800	0.13	0.02	0.02	0	0	0.13
900	0.13	0.02	0.02	0	0	0.13
1000	0.13	0	0	0	0	0.13
1100	0.16	0	0	0	0	0.16
1200	0.18	0.01	0.01	0	0	0.18
1300	0.17	0.02	0.02	0	0	0.17
1400	0.16	0.02	0.02	0	0	0.16
1500	0.14	0.04	0.04	0	0	0.14
1600	0.13	0.03	0.03	0	0	0.13
1700	0.12	0.01	0.01	0	0	0.12
1800	0.1	0.02	0.02	0	0	0.1
1900	0.1	0.01	0.01	0	0	0.1
2000	0.1	0.01	0.01	0	0	0.1
2100	0.1	0	0	0	0	0.1
2200	0.12	0	0	0	0	0.12
2300	0.14	0	0	0	0	0.14
2400	0.16	0.01	0.01	0	0	0.16
2500	0.16	0.02	0.02	0	0	0.16
2600	0.16	0.03	0.03	0	0	0.16
2700	0.16	0.04	0.04	0	0	0.16
2800	0.16	0.04	0.04	0	0	0.16
2900	0.15	0.06	0.06	0	0	0.15
3000	0.15	0.06	0.06	0	0	0.15
3100	0.14	0.07	0.07	0	0	0.14
3200	0.13	0.07	0.07	0	0	0.13
3300	0.13	0.06	0.06	0	0	0.13
3400	0.14	0.05	0.05	0	0	0.14
3500	0.15	0.06	0.06	0	0	0.15
3600	0.16	0.07	0.07	0	0	0.16
3700	0.17	0.07	0.07	0	0	0.17
3800	0.16	0.06	0.06	0	0	0.16
3900	0.16	0.06	0.06	0	0	0.16
4000	0.16	0.06	0.06	0	0	0.16
4100	0.15	0.07	0.07	0	0	0.15
4200	0.16	0.06	0.06	0	0	0.16
4300	0.18	0.05	0.05	0	0	0.18
4400	0.17	0.03	0.03	0	0	0.17
4500	0.16	0.01	0.01	0	0	0.16
4600	0.17	0	0	0	0	0.17
4700	0.16	0	0	0	0	0.16
4800	0.16	0	0	0	0	0.16
4900	0.16	0.02	0.02	0	0	0.16
5000	0.16	0.03	0.03	0	0	0.16
5100	0.19	0.02	0.02	0	0	0.19
5200	0.21	0.05	0.05	0	0	0.21
5300	0.22	0.02	0.02	0	0	0.22
5400	0.24	0.03	0.03	0	0	0.24
5500	0.22	0.03	0.03	0	0	0.22
5600	0.22	0.03	0.03	0	0	0.22
5700	0.22	0.03	0.03	0	0	0.22
5800	0.23	0.03	0.03	0	0	0.23
5900	0.24	0.03	0.03	0	0	0.24
6000	0.21	0.03	0.03	0	0	0.21
6100	0.22	0.04	0.04	0	0	0.22
6200	0.24	0.02	0.02	0	0	0.24
6300	0.24	0.02	0.02	0	0	0.24
6400	0.24	0.02	0.02	0	0	0.24
6500	0.24	0.02	0.02	0	0	0.24
6600	0.24	0.03	0.03	0	0	0.24
6700	0.24	0.04	0.04	0	0	0.24
6800	0.25	0.05	0.05	0	0	0.25
6900	0.26	0.05	0.05	0	0	0.26
7000	0.26	0.05	0.05	0	0	0.26
7100	0.27	0.06	0.06	0	0	0.27
7200	0.28	0.03	0.03	0	0	0.28
7300	0.28	0.01	0.01	0	0	0.28
7400	0.27	0.01	0.01	0	0	0.27
7500	0.26	0	0	0	0	0.26
7600	0.3	0.01	0.01	0	0	0.3
7700	0.29	0.01	0.01	0	0	0.29
7800	0.29	0.01	0.01	0	0	0.29
7900	0.3	0.01	0.01	0	0	0.3
8000	0.31	0.02	0.02	0	0	0.31
8100	0.31	0.03	0.03	0	0	0.31
8200	0.3	0.02	0.02	0	0	0.3
8300	0.3	0.02	0.02	0	0	0.3
8400	0.3	0.03	0.03	0	0	0.3
8500	0.31	0.02	0.02	0	0	0.31
8600	0.32	0.04	0.04	0	0	0.32
8700	0.32	0.03	0.03	0	0	0.32
8800	0.32	0.02	0.02	0	0	0.32
8900	0.32	0.03	0.03	0	0	0.32
9000	0.32	0.02	0.02	0	0	0.32
9100	0.33	0.02	0.02	0	0	0.33
9200	0.33	0.03	0.03	0	0	0.33
9300	0.33	0.02	0.02	0	0	0.33
9400	0.33	0.02	0.02	0	0	0.33
9500	0.34	0.02	0.02	0	0	0.34
9600	0.34	0.02	0.02	0	0	0.34
9700	0.34	0.01	0.01	0	0	0.34
9800	0.34	0	0	0	0	0.34
9900	0.34	0	0	0	0	0.34
10000	0.34	0.01	0.01	0	0	0.34
10100	0.34	0.02	0.02	0	0	0.34
10200	0.34	0.01	0.01	0	0	0.34
10300	0.34	0.02	0.02	0	0	0.34
10400	0.34	0.02	0.02	0	0	0.34
10500	0.34	0.05	0.05	0	0	0.34
10600	0.36	0.05	0.05	0	0	0.36
10700	0.36	0.05	0.05	0	0	0.36
10800	0.36	0.05	0.05	0	0	0.36
10900	0.37	0.04	0.04	0	0	0.37
11000	0.37	0.03	0.03	0	0	0.37
11100	0.36	0.05	0.05	0	0	0.36
11200	0.36	0.06	0.06	0	0	0.36
11300	0.35	0.05	0.05	0	0	0.35
11400	0.36	0.04	0.04	0	0	0.36
11500	0.36	0.04	0.04	0	0	0.36
11600	0.36	0.01	0.01	0	0	0.36
11700	0.38	0	0	0	0	0.38
11800	0.38	0.01	0.01	0	0	0.38
11900	0.37	0.01	0.01	0	0	0.37
12000	0.41	0	0	0	0	0.41
12100	0.41	0.02	0.02	0	0	0.41
12200	0.41	0.03	0.03	0	0	0.41
12300	0.4	0.03	0.03	0	0	0.4
12400	0.39	0.02	0.02	0	0	0.39
12500	0.37	0.04	0.04	0	0	0.37
12600	0.37	0.03	0.03	0	0	0.37
12700	0.39	0.02	0.02	0	0	0.39
12800	0.39	0.03	0.03	0	0	0.39
12900	0.39	0.03	0.03	0	0	0.39
13000	0.39	0.02	0.02	0	0	0.39
13100	0.4	0.01	0.01	0	0	0.4
13200	0.4	0.02	0.02	0	0	0.4
13300	0.4	0.02	0.02	0	0	0.4
13400	0.42	0.02	0.02	0	0	0.42
13500	0.42	0.02	0.02	0	0	0.42
13600	0.44	0.02	0.02	0	0	0.44
13700	0.44	0.04	0.04	0	0	0.44
13800	0.43	0.04	0.04	0	0	0.43
13900	0.43	0.02	0.02	0	0	0.43
14000	0.43	0.03	0.03	0	0	0.43
14100	0.43	0.03	0.03	0	0	0.43
14200	0.43	0.03	0.03	0	0	0.43
14300	0.43	0.02	0.02	0	0	0.43
14400	0.43	0.02	0.02	0	0	0.43
14500	0.44	0.02	0.02	0	0	0.44
14600	0.45	0.01	0.01	0	0	0.45
14700	0.44	0.02	0.02	0	0	0.44
14800	0.45	0.01	0.01	0	0	0.45
14900	0.45	0.01	0.01	0	0	0.45
15000	0.45	0.02	0.02	0	0	0.45
15100	0.45	0.02	0.02	0	0	0.45
15200	0.45	0.01	0.01	0	0	0.45
15300	0.45	0.01	0.01	0	0	0.45
15400	0.45	0.02	0.02	0	0	0.45
15500	0.46	0.04	0.04	0	0	0.46
15600	0.46	0.06	0.06	0	0	0.46
15700	0.46	0.06	0.06	0	0	0.46
15800	0.45	0.08	0.08	0	0	0.45
15900	0.44	0.06	0.06	0	0	0.44
16000	0.44	0.02	0.02	0	0	0.44
16100	0.44	0.01	0.01	0	0	0.44
16200	0.44	0.01	0.01	0	0	0.44
16300	0.45	0.02	0.02	0	0	0.45
16400	0.45	0.05	0.05	0	0	0.45
16500	0.44	0.05	0.05	0	0	0.44
16600	0.44	0.04	0.04	0	0	0.44
16700	0.45	0.03	0.03	0	0	0.45
16800	0.45	0.04	0.04	0	0	0.45
16900	0.45	0.03	0.03	0	0	0.45
17000	0.45	0.02	0.02	0	0	0.45
17100	0.45	0.01	0.01	0	0	0.45
17200	0.46	0.01	0.01	0	0	0.46
17300	0.47	0.02	0.02	0	0	0.47
17400	0.47	0.05	0.05	0	0	0.47
17500	0.46	0.03	0.03	0	0	0.46
17600	0.46	0.03	0.03	0	0	0.46
17700	0.46	0.03	0.03	0	0	0.46
17800	0.45	0.03	0.03	0	0	0.45
17900	0.45	0.02	0.02	0	0	0.45
18000	0.47	0.01	0.01	0	0	0.47
18100	0.47	0.02	0.02	0	0	0.47
18200	0.47	0.02	0.02	0	0	0.47
18300	0.47	0.02	0.02	0	0	0.47
18400	0.46	0.03	0.03	0	0	0.46
18500	0.45	0.04	0.04	0	0	0.45
18600	0.45	0.02	0.02	0	0	0.45
18700	0.45	0.01	0.01	0	0	0.45
18800	0.45	0.01	0.01	0	0	0.45
18900	0.45	0.01	0.01	0	0	0.45
19000	0.45	0.01	0.01	0	0	0.45
19100	0.45	0.01	0.01	0	0	0.45
19200	0.45	0.01	0.01	0	0	0.45
19300	0.46	0.01	0.01	0	0	0.46
19400	0.46	0.01	0.01	0	0	0.46
19500	0.46	0.01	0.01	0	0	0.46
19600	0.47	0.02	0.02	0	0	0.47
19700	0.46	0	0	0	0	0.46
19800	0.46	0.01	0.01	0	0	0.46
19900	0.46	0.02	0.02	0	0	0.46
20000	0.46	0.01	0.01	0	0	0.46
20100	0.46	0.01	0.01	0	0	0.46
20200	0.47	0.01	0.01	0	0	0.47
20300	0.47	0.01	0.01	0	0	0.47
20400	0.48	0.01	0.01	0	0	0.48
20500	0.49	0	0	0	0	0.49
20600	0.48	0	0	0	0	0.48
20700	0.48	0.02	0.02	0	0	0.48
20800	0.48	0.05	0.05	0	0	0.48
20900	0.48	0.05	0.05	0	0	0.48
21000	0.48	0.07	0.07	0	0	0.48
21100	0.48	0.08	0.08	0	0	0.48
21200	0.47	0.09	0.09	0	0	0.47
21300	0.47	0.08	0.08	0	0	0.47
21400	0.47	0.08	0.08	0	0	0.47
21500	0.48	0.06	0.06	0	0	0.48
21600	0.48	0.06	0.06	0	0	0.48
21700	0.48	0.04	0.04	0	0	0.48
21800	0.48	0.04	0.04	0	0	0.48
21900	0.49	0.03	0.03	0	0	0.49
22000	0.49	0.03	0.03	0	0	0.49
22100	0.5	0	0	0	0	0.5
22200	0.5	0	0	0	0	0.5
22300	0.49	0	0	0	0	0.49
22400	0.49	0	0	0	0	0.49
22500	0.49	0.01	0.01	0	0	0.49
22600	0.5	0.01	0.01	0	0	0.5
22700	0.49	0.01	0.01	0	0	0.49
22800	0.5	0.01	0.01	0	0	0.5
22900	0.5	0.02	0.02	0	0	0.5
23000	0.51	0.03	0.03	0	0	0.51
23100	0.51	0.02	0.02	0	0	0.51
23200	0.52	0.02	0.02	0	0	0.52
23300	0.51	0.02	0.02	0	0	0.51
23400	0.51	0.04	0.04	0	0	0.51
23500	0.51	0.02	0.02	0	0	0.51
23600	0.5	0.02	0.02	0	0	0.5
23700	0.5	0.03	0.03	0	0	0.5
23800	0.5	0.03	0.03	0	0	0.5
23900	0.5	0.03	0.03	0	0	0.5
24000	0.5	0.03	0.03	0	0	0.5
24100	0.51	0.02	0.02	0	0	0.51
24200	0.51	0.02	0.02	0	0	0.51
24300	0.52	0.02	0.02	0	0	0.52
24400	0.52	0.04	0.04	0	0	0.52
24500	0.53	0.04	0.04	0	0	0.53
24600	0.52	0.04	0.04	0	0	0.52
24700	0.52	0.05	0.05	0	0	0.52
24800	0.52	0.06	0.06	0	0	0.52
24900	0.52	0.06	0.06	0	0	0.52
25000	0.53	0.06	0.06	0	0	0.53
25100	0.53	0.07	0.07	0	0	0.53
25200	0.53	0.07	0.07	0	0	0.53
25300	0.53	0.08	0.08	0	0	0.53
25400	0.53	0.08	0.08	0	0	0.53
25500	0.53	0.08	0.08	0	0	0.53
25600	0.54	0.08	0.08	0	0	0.54
25700	0.54	0.09	0.09	0	0	0.54
25800	0.54	0.08	0.08	0	0	0.54
25900	0.54	0.1	0.1	0	0	0.54
26000	0.54	0.1	0.1	0	0	0.54
26100	0.55	0.1	0.1	0	0	0.55
26200	0.56	0.1	0.1	0	0	0.56
26300	0.55	0.1	0.1	0	0	0.55
26400	0.56	0.09	0.09	0	0	0.56
26500	0.57	0.09	0.09	0	0	0.57
26600	0.57	0.09	0.09	0	0	0.57
26700	0.57	0.07	0.07	0	0	0.57
26800	0.57	0.06	0.06	0	0	0.57
26900	0.57	0.06	0.06	0	0	0.57
27000	0.57	0.06	0.06	0	0	0.57
27100	0.57	0.07	0.07	0	0	0.57
27200	0.57	0.08	0.08	0	0	0.57
27300	0.57	0.08	0.08	0	0	0.57
27400	0.57	0.09	0.09	0	0	0.57
27500	0.57	0.09	0.09	0	0	0.57
27600	0.57	0.09	0.09	0	0	0.57
27700	0.57	0.09	0.09	0	0	0.57
27800	0.57	0.09	0.09	0	0	0.57
27900	0.58	0.09	0.09	0	0	0.58
28000	0.58	0.08	0.08	0	0	0.58
28100	0.59	0.08	0.08	0	0	0.59
28200	0.59	0.07	0.07	0	0	0.59
28300	0.59	0.07	0.07	0	0	0.59
28400	0.59	0.07	0.07	0	0	0.59
28500	0.59	0.06	0.06	0	0	0.59
28600	0.59	0.06	0.06	0	0	0.59
28700	0.59	0.06	0.06	0	0	0.59
28800	0.58	0.06	0.06	0	0	0.58
28900	0.58	0.07	0.07	0	0	0.58
29000	0.58	0.09	0.09	0	0	0.58
29100	0.58	0.1	0.1	0	0	0.58
29200	0.58	0.09	0.09	0	0	0.58
29300	0.58	0.09	0.09	0	0	0.58
29400	0.58	0.1	0.1	0	0	0.58
29500	0.58	0.12	0.12	0	0	0.58
29600	0.58	0.11	0.11	0	0	0.58
29700	0.59	0.11	0.11	0	0	0.59
29800	0.59	0.12	0.12	0	0	0.59
29900	0.59	0.1	0.1	0	0	0.59
30000	0.59	0.09	0.09	0	0	0.59
30100	0.59	0.09	0.09	0	0	0.59
30200	0.58	0.1	0.1	0	0	0.58
30300	0.58	0.1	0.1	0	0	0.58
30400	0.58	0.09	0.09	0	0	0.58
30500	0.59	0.09	0.09	0	0	0.59
30600	0.59	0.1	0.1	0	0	0.59
30700	0.6	0.1	0.1	0	0	0.6
30800	0.6	0.08	0.08	0	0	0.6
30900	0.6	0.08	0.08	0	0	0.6
31000	0.6	0.09	0.09	0	0	0.6
31100	0.6	0.1	0.1	0	0	0.6
31200	0.6	0.1	0.1	0	0	0.6
31300	0.6	0.1	0.1	0	0	0.6
31400	0.61	0.11	0.11	0	0	0.61
31500	0.61	0.11	0.11	0	0	0.61
31600	0.61	0.12	0.12	0	0	0.61
31700	0.61	0.11	0.11	0	0	0.61
31800	0.61	0.12	0.12	0	0	0.61
31900	0.62	0.12	0.12	0	0	0.62
32000	0.62	0.12	0.12	0	0	0.62
32100	0.63	0.12	0.12	0	0	0.63
32200	0.63	0.11	0.11	0	0	0.63
32300	0.63	0.11	0.11	0	0	0.63
32400	0.63	0.12	0.12	0	0	0.63
32500	0.63	0.12	0.12	0	0	0.63
32600	0.64	0.12	0.12	0	0	0.64
32700	0.64	0.13	0.13	0	0	0.64
32800	0.64	0.13	0.13	0	0	0.64
32900	0.64	0.13	0.13	0	0	0.64
33000	0.64	0.13	0.13	0	0	0.64
33100	0.64	0.12	0.12	0	0	0.64
33200	0.64	0.12	0.12	0	0	0.64
33300	0.64	0.12	0.12	0	0	0.64
33400	0.65	0.12	0.12	0	0	0.65
33500	0.65	0.11	0.11	0	0	0.65
33600	0.65	0.11	0.11	0	0	0.65
33700	0.65	0.12	0.12	0	0	0.65
33800	0.66	0.12	0.12	0	0	0.66
33900	0.66	0.12	0.12	0	0	0.66
34000	0.67	0.13	0.13	0	0	0.67
34100	0.67	0.13	0.13	0	0	0.67
34200	0.67	0.13	0.13	0	0	0.67
34300	0.67	0.13	0.13	0	0	0.67
34400	0.67	0.14	0.14	0	0	0.67
34500	0.67	0.14	0.14	0	0	0.67
34600	0.67	0.14	0.14	0	0	0.67
34700	0.68	0.14	0.14	0	0	0.68
34800	0.67	0.14	0.14	0	0	0.67
34900	0.67	0.13	0.13	0	0	0.67
35000	0.67	0.13	0.13	0	0	0.67
35100	0.66	0.13	0.13	0	0	0.66
35200	0.66	0.13	0.13	0	0	0.66
35300	0.66	0.13	0.13	0	0	0.66
35400	0.66	0.13	0.13	0	0	0.66
35500	0.66	0.14	0.14	0	0	0.66
35600	0.66	0.15	0.15	0	0	0.66
35700	0.66	0.15	0.15	0	0	0.66
35800	0.67	0.16	0.16	0	0	0.67
35900	0.67	0.16	0.16	0	0	0.67
36000	0.67	0.16	0.16	0	0	0.67
36100	0.67	0.16	0.16	0	0	0.67
36200	0.67	0.16	0.16	0	0	0.67
36300	0.66	0.17	0.17	0	0	0.66
36400	0.66	0.17	0.17	0	0	0.66
36500	0.66	0.17	0.17	0	0	0.66
36600	0.65	0.18	0.18	0	0	0.65
36700	0.65	0.18	0.18	0	0	0.65
36800	0.65	0.18	0.18	0	0	0.65
36900	0.65	0.2	0.2	0	0	0.65
37000	0.65	0.19	0.19	0	0	0.65
37100	0.65	0.19	0.19	0	0	0.65
37200	0.65	0.19	0.19	0	0	0.65
37300	0.65	0.18	0.18	0	0	0.65
37400	0.65	0.18	0.18	0	0	0.65
37500	0.65	0.18	0.18	0	0	0.65
37600	0.65	0.18	0.18	0	0	0.65
37700	0.65	0.19	0.19	0	0	0.65
37800	0.65	0.19	0.19	0	0	0.65
37900	0.65	0.19	0.19	0	0	0.65
38000	0.65	0.19	0.19	0	0	0.65
38100	0.65	0.19	0.19	0	0	0.65
38200	0.65	0.19	0.19	0	0	0.65
38300	0.65	0.19	0.19	0	0	0.65
38400	0.65	0.2	0.2	0	0	0.65
38500	0.66	0.21	0.21	0	0	0.66
38600	0.66	0.21	0.21	0	0	0.66
38700	0.66	0.2	0.2	0	0	0.66
38800	0.65	0.2	0.2	0	0	0.65
38900	0.65	0.2	0.2	0	0	0.65
39000	0.65	0.2	0.2	0	0	0.65
39100	0.65	0.19	0.19	0	0	0.65
39200	0.65	0.19	0.19	0	0	0.65
39300	0.65	0.19	0.19	0	0	0.65
39400	0.64	0.19	0.19	0	0	0.64
39500	0.64	0.19	0.19	0	0	0.64
39600	0.64	0.19	0.19	0	0	0.64
39700	0.64	0.19	0.19	0	0	0.64
39800	0.64	0.2	0.2	0	0	0.64
39900	0.64	0.2	0.2	0	0	0.64
40000	0.64	0.21	0.21	0	0	0.64
40100	0.64	0.21	0.21	0	0	0.64
40200	0.63	0.21	0.21	0	0	0.63
40300	0.64	0.21	0.21	0	0	0.64
40400	0.64	0.21	0.21	0	0	0.64
40500	0.64	0.22	0.22	0	0	0.64
40600	0.64	0.22	0.22	0	0	0.64
40700	0.63	0.22	0.22	0	0	0.63
40800	0.63	0.22	0.22	0	0	0.63
40900	0.63	0.22	0.22	0	0	0.63
41000	0.63	0.22	0.22	0	0	0.63
41100	0.63	0.22	0.22	0	0	0.63
41200	0.63	0.23	0.23	0	0	0.63
41300	0.63	0.23	0.23	0	0	0.63
41400	0.63	0.23	0.23	0	0	0.63
41500	0.63	0.22	0.22	0	0	0.63
41600	0.63	0.22	0.22	0	0	0.63
41700	0.63	0.23	0.23	0	0	0.63
41800	0.63	0.23	0.23	0	0	0.63
41900	0.63	0.23	0.23	0	0	0.63
42000	0.64	0.23	0.23	0	0	0.64
42100	0.64	0.24	0.24	0	0	0.64
42200	0.64	0.24	0.24	0	0	0.64
42300	0.64	0.24	0.24	0	0	0.64
42400	0.64	0.24	0.24	0	0	0.64
42500	0.64	0.24	0.24	0	0	0.64
42600	0.64	0.24	0.24	0	0	0.64
42700	0.64	0.24	0.24	0	0	0.64
42800	0.64	0.24	0.24	0	0	0.64
42900	0.64	0.25	0.25	0	0	0.64
43000	0.64	0.26	0.26	0	0	0.64
43100	0.64	0.26	0.26	0	0	0.64
43200	0.64	0.27	0.27	0	0	0.64
43300	0.64	0.27	0.27	0	0	0.64
43400	0.64	0.27	0.27	0	0	0.64
43500	0.64	0.26	0.26	0	0	0.64
43600	0.64	0.24	0.24	0	0	0.64
43700	0.64	0.24	0.24	0	0	0.64
43800	0.64	0.24	0.24	0	0	0.64
43900	0.64	0.24	0.24	0	0	0.64
44000	0.64	0.24	0.24	0	0	0.64
44100	0.64	0.24	0.24	0	0	0.64
44200	0.64	0.24	0.24	0	0	0.64
44300	0.64	0.24	0.24	0	0	0.64
44400	0.64	0.24	0.24	0	0	0.64
44500	0.64	0.24	0.24	0	0	0.64
44600	0.64	0.24	0.24	0	0	0.64
44700	0.64	0.24	0.24	0	0	0.64
44800	0.64	0.24	0.24	0	0	0.64
44900	0.64	0.24	0.24	0	0	0.64
45000	0.64	0.24	0.24	0	0	0.64
45100	0.64	0.24	0.24	0	0	0.64
45200	0.64	0.24	0.24	0	0	0.64
45300	0.64	0.25	0.25	0	0	0.64
45400	0.64	0.25	0.25	0	0	0.64
45500	0.64	0.26	0.26	0	0	0.64
45600	0.64	0.26	0.26	0	0	0.64
45700	0.64	0.26	0.26	0	0	0.64
45800	0.64	0.26	0.26	0	0	0.64
45900	0.64	0.26	0.26	0	0	0.64
46000	0.64	0.26	0.26	0	0	0.64
46100	0.64	0.26	0.26	0	0	0.64
46200	0.65	0.26	0.26	0	0	0.65
46300	0.65	0.26	0.26	0	0	0.65
46400	0.65	0.26	0.26	0	0	0.65
46500	0.65	0.27	0.27	0	0	0.65
46600	0.65	0.27	0.27	0	0	0.65
46700	0.65	0.27	0.27	0	0	0.65
46800	0.65	0.27	0.27	0	0	0.65
46900	0.65	0.27	0.27	0	0	0.65
47000	0.65	0.27	0.27	0	0	0.65
47100	0.65	0.27	0.27	0	0	0.65
47200	0.65	0.27	0.27	0	0	0.65
47300	0.65	0.27	0.27	0	0	0.65
47400	0.64	0.27	0.27	0	0	0.64
47500	0.64	0.27	0.27	0	0	0.64
47600	0.64	0.27	0.27	0	0	0.64
47700	0.64	0.27	0.27	0	0	0.64
47800	0.64	0.27	0.27	0	0	0.64
47900	0.64	0.27	0.27	0	0	0.64
48000	0.64	0.27	0.27	0	0	0.64
48100	0.64	0.27	0.27	0	0	0.64
48200	0.64	0.28	0.28	0	0	0.64
48300	0.64	0.28	0.28	0	0	0.64
48400	0.64	0.28	0.28	0	0	0.64
48500	0.64	0.28	0.28	0	0	0.64
48600	0.64	0.28	0.28	0	0	0.64
48700	0.64	0.27	0.27	0	0	0.64
48800	0.64	0.27	0.27	0	0	0.64
48900	0.64	0.27	0.27	0	0	0.64
49000	0.64	0.27	0.27	0	0	0.64
49100	0.64	0.27	0.27	0	0	0.64
49200	0.64	0.27	0.27	0	0	0.64
49300	0.64	0.27	0.27	0	0	0.64
49400	0.64	0.27	0.27	0	0	0.64
49500	0.64	0.28	0.28	0	0	0.64
49600	0.65	0.29	0.29	0	0	0.65
49700	0.65	0.29	0.29	0	0	0.65
49800	0.65	0.29	0.29	0	0	0.65
49900	0.65	0.29	0.29	0	0	0.65
50000	0.64	0.28	0.28	0	0	0.64
50100	0.64	0.28	0.28	0	0	0.64
50200	0.64	0.28	0.28	0	0	0.64
50300	0.64	0.28	0.28	0	0	0.64
50400	0.64	0.28	0.28	0	0	0.64
50500	0.64	0.28	0.28	0	0	0.64
50600	0.64	0.28	0.28	0	0	0.64
50700	0.64	0.27	0.27	0	0	0.64
50800	0.64	0.27	0.27	0	0	0.64
50900	0.64	0.27	0.27	0	0	0.64
51000	0.64	0.27	0.27	0	0	0.64
51100	0.64	0.27	0.27	0	0	0.64
51200	0.64	0.27	0.27	0	0	0.64
51300	0.64	0.27	0.27	0	0	0.64
51400	0.64	0.27	0.27	0	0	0.64
51500	0.64	0.27	0.27	0	0	0.64
51600	0.65	0.27	0.27	0	0	0.65
51700	0.65	0.27	0.27	0	0	0.65
51800	0.65	0.27	0.27	0	0	0.65
51900	0.65	0.27	0.27	0	0	0.65
52000	0.65	0.27	0.27	0	0	0.65
52100	0.65	0.27	0.27	0	0	0.65
52200	0.65	0.27	0.27	0	0	0.65
52300	0.65	0.27	0.27	0	0	0.65
52400	0.65	0.27	0.27	0	0	0.65
52500	0.65	0.27	0.27	0	0	0.65
52600	0.65	0.27	0.27	0	0	0.65
52700	0.65	0.27	0.27	0	0	0.65
52800	0.65	0.27	0.27	0	0	0.65
52900	0.65	0.27	0.27	0	0	0.65
53000	0.65	0.27	0.27	0	0	0.65
53100	0.65	0.28	0.28	0	0	0.65
53200	0.65	0.28	0.28	0	0	0.65
53300	0.65	0.28	0.28	0	0	0.65
53400	0.65	0.28	0.28	0	0	0.65
53500	0.65	0.28	0.28	0	0	0.65
53600	0.65	0.27	0.27	0	0	0.65
53700	0.65	0.27	0.27	0	0	0.65
53800	0.65	0.27	0.27	0	0	0.65
53900	0.65	0.27	0.27	0	0	0.65
54000	0.65	0.27	0.27	0	0	0.65
54100	0.65	0.28	0.28	0	0	0.65
54200	0.65	0.28	0.28	0	0	0.65
54300	0.65	0.28	0.28	0	0	0.65
54400	0.65	0.28	0.28	0	0	0.65
54500	0.65	0.28	0.28	0	0	0.65
54600	0.65	0.28	0.28	0	0	0.65
54700	0.65	0.27	0.27	0	0	0.65
54800	0.65	0.27	0.27	0	0	0.65
54900	0.65	0.27	0.27	0	0	0.65
55000	0.65	0.27	0.27	0	0	0.65
55100	0.65	0.27	0.27	0	0	0.65
55200	0.65	0.27	0.27	0	0	0.65
55300	0.65	0.27	0.27	0	0	0.65
55400	0.65	0.27	0.27	0	0	0.65
55500	0.65	0.27	0.27	0	0	0.65
55600	0.65	0.27	0.27	0	0	0.65
55700	0.65	0.27	0.27	0	0	0.65
55800	0.65	0.27	0.27	0	0	0.65
55900	0.65	0.27	0.27	0	0	0.65
56000	0.65	0.27	0.27	0	0	0.65
56100	0.65	0.27	0.27	0	0	0.65
56200	0.65	0.27	0.27	0	0	0.65
56300	0.65	0.27	0.27	0	0	0.65
56400	0.65	0.27	0.27	0	0	0.65
56500	0.65	0.27	0.27	0	0	0.65
56600	0.65	0.27	0.27	0	0	0.65
56700	0.65	0.27	0.27	0	0	0.65
56800	0.65	0.27	0.27	0	0	0.65
56900	0.65	0.27	0.27	0	0	0.65
57000	0.65	0.27	0.27	0	0	0.65
57100	0.65	0.27	0.27	0	0	0.65
57200	0.65	0.27	0.27	0	0	0.65
57300	0.65	0.27	0.27	0	0	0.65
57400	0.65	0.27	0.27	0	0	0.65
57500	0.65	0.27	0.27	0	0	0.65
57600	0.65	0.28	0.28	0	0	0.65
57700	0.65	0.28	0.28	0	0	0.65
57800	0.66	0.28	0.28	0	0	0.66
57900	0.65	0.28	0.28	0	0	0.65
58000	0.65	0.28	0.28	0	0	0.65
58100	0.65	0.29	0.29	0	0	0.65
58200	0.65	0.29	0.29	0	0	0.65
58300	0.65	0.29	0.29	0	0	0.65
58400	0.65	0.3	0.3	0	0	0.65
58500	0.65	0.3	0.3	0	0	0.65
58600	0.65	0.3	0.3	0	0	0.65
58700	0.65	0.3	0.3	0	0	0.65
58800	0.65	0.31	0.31	0	0	0.65
58900	0.65	0.31	0.31	0	0	0.65
59000	0.65	0.31	0.31	0	0	0.65
59100	0.65	0.31	0.31	0	0	0.65
59200	0.65	0.31	0.31	0	0	0.65
59300	0.65	0.31	0.31	0	0	0.65
59400	0.65	0.31	0.31	0	0	0.65
59500	0.65	0.31	0.31	0	0	0.65
59600	0.65	0.31	0.31	0	0	0.65
59700	0.65	0.31	0.31	0	0	0.65
59800	0.65	0.31	0.31	0	0	0.65
59900	0.65	0.31	0.31	0	0	0.65
60000	0.65	0.31	0.31	0	0	0.65
60100	0.65	0.31	0.31	0	0	0.65
60200	0.65	0.31	0.31	0	0	0.65
60300	0.65	0.31	0.31	0	0	0.65
60400	0.65	0.31	0.31	0	0	0.65
60500	0.65	0.31	0.31	0	0	0.65
60600	0.65	0.31	0.31	0	0	0.65
60700	0.65	0.31	0.31	0	0	0.65
60800	0.65	0.31	0.31	0	0	0.65
60900	0.65	0.31	0.31	0	0	0.65
61000	0.65	0.31	0.31	0	0	0.65
61100	0.65	0.31	0.31	0	0	0.65
61200	0.65	0.31	0.31	0	0	0.65
61300	0.65	0.31	0.31	0	0	0.65
61400	0.65	0.31	0.31	0	0	0.65
61500	0.65	0.31	0.31	0	0	0.65
61600	0.65	0.31	0.31	0	0	0.65
61700	0.65	0.31	0.31	0	0	0.65
61800	0.65	0.31	0.31	0	0	0.65
61900	0.65	0.31	0.31	0	0	0.65
62000	0.65	0.31	0.31	0	0	0.65
62100	0.65	0.31	0.31	0	0	0.65
62200	0.65	0.31	0.31	0	0	0.65
62300	0.65	0.31	0.31	0	0	0.65
62400	0.65	0.31	0.31	0	0	0.65
62500	0.65	0.31	0.31	0	0	0.65
62600	0.65	0.31	0.31	0	0	0.65
62700	0.65	0.31	0.31	0	0	0.65
62800	0.65	0.31	0.31	0	0	0.65
62900	0.65	0.31	0.31	0	0	0.65
63000	0.65	0.31	0.31	0	0	0.65
63100	0.65	0.31	0.31	0	0	0.65
63200	0.66	0.31	0.31	0	0	0.66
63300	0.66	0.31	0.31	0	0	0.66
63400	0.66	0.31	0.31	0	0	0.66
63500	0.65	0.31	0.31	0	0	0.65
63600	0.65	0.31	0.31	0	0	0.65
63700	0.65	0.31	0.31	0	0	0.65
63800	0.65	0.31	0.31	0	0	0.65
63900	0.65	0.31	0.31	0	0	0.65
64000	0.65	0.31	0.31	0	0	0.65
64100	0.65	0.31	0.31	0	0	0.65
64200	0.65	0.31	0.31	0	0	0.65
64300	0.65	0.31	0.31	0	0	0.65
64400	0.65	0.31	0.31	0	0	0.65
64500	0.66	0.31	0.31	0	0	0.66
64600	0.66	0.31	0.31	0	0	0.66
64700	0.66	0.31	0.31	0	0	0.66
64800	0.66	0.31	0.31	0	0	0.66
64900	0.66	0.31	0.31	0	0	0.66
65000	0.66	0.31	0.31	0	0	0.66
65100	0.66	0.31	0.31	0	0	0.66
65200	0.66	0.31	0.31	0	0	0.66
65300	0.66	0.31	0.31	0	0	0.66
65400	0.66	0.31	0.31	0	0	0.66
65500	0.66	0.31	0.31	0	0	0.66
65600	0.66	0.31	0.31	0	0	0.66
65700	0.66	0.31	0.31	0	0	0.66
65800	0.66	0.31	0.31	0	0	0.66
65900	0.66	0.31	0.31	0	0	0.66
66000	0.66	0.31	0.31	0	0	0.66
66100	0.65	0.31	0.31	0	0	0.65
66200	0.65	0.31	0.31	0	0	0.65
66300	0.65	0.31	0.31	0	0	0.65
66400	0.65	0.31	0.31	0	0	0.65
66500	0.65	0.31	0.31	0	0	0.65
66600	0.65	0.31	0.31	0	0	0.65
66700	0.65	0.32	0.32	0	0	0.65
66800	0.65	0.32	0.32	0	0	0.65
66900	0.65	0.32	0.32	0	0	0.65
67000	0.65	0.32	0.32	0	0	0.65
67100	0.66	0.32	0.32	0	0	0.66
67200	0.66	0.32	0.32	0	0	0.66
67300	0.66	0.32	0.32	0	0	0.66
67400	0.65	0.32	0.32	0	0	0.65
67500	0.65	0.32	0.32	0	0	0.65
67600	0.65	0.32	0.32	0	0	0.65
67700	0.65	0.32	0.32	0	0	0.65
67800	0.65	0.32	0.32	0	0	0.65
67900	0.65	0.32	0.32	0	0	0.65
68000	0.65	0.32	0.32	0	0	0.65
68100	0.65	0.32	0.32	0	0	0.65
68200	0.65	0.32	0.32	0	0	0.65
68300	0.65	0.32	0.32	0	0	0.65
68400	0.65	0.32	0.32	0	0	0.65
68500	0.66	0.32	0.32	0	0	0.66
68600	0.66	0.32	0.32	0	0	0.66
68700	0.66	0.32	0.32	0	0	0.66
68800	0.66	0.32	0.32	0	0	0.66
68900	0.66	0.32	0.32	0	0	0.66
69000	0.66	0.32	0.32	0	0	0.66
69100	0.66	0.32	0.32	0	0	0.66
69200	0.65	0.32	0.32	0	0	0.65
69300	0.65	0.32	0.32	0	0	0.65
69400	0.65	0.32	0.32	0	0	0.65
69500	0.65	0.32	0.32	0	0	0.65
69600	0.65	0.32	0.32	0	0	0.65
69700	0.65	0.32	0.32	0	0	0.65
69800	0.65	0.32	0.32	0	0	0.65
69900	0.66	0.32	0.32	0	0	0.66
70000	0.66	0.32	0.32	0	0	0.66
70100	0.66	0.32	0.32	0	0	0.66
70200	0.66	0.32	0.32	0	0	0.66
70300	0.66	0.32	0.32	0	0	0.66
70400	0.66	0.32	0.32	0	0	0.66
70500	0.66	0.32	0.32	0	0	0.66
70600	0.66	0.32	0.32	0	0	0.66
70700	0.66	0.32	0.32	0	0	0.66
70800	0.66	0.32	0.32	0	0	0.66
70900	0.66	0.32	0.32	0	0	0.66
71000	0.66	0.32	0.32	0	0	0.66
71100	0.66	0.32	0.32	0	0	0.66
71200	0.66	0.32	0.32	0	0	0.66
71300	0.66	0.32	0.32	0	0	0.66
71400	0.66	0.32	0.32	0	0	0.66
71500	0.66	0.32	0.32	0	0	0.66
71600	0.66	0.32	0.32	0	0	0.66
71700	0.66	0.32	0.32	0	0	0.66
71800	0.66	0.32	0.32	0	0	0.66
71900	0.66	0.32	0.32	0	0	0.66
72000	0.66	0.32	0.32	0	0	0.66
72100	0.66	0.32	0.32	0	0	0.66
72200	0.66	0.32	0.32	0	0	0.66
72300	0.66	0.32	0.32	0	0	0.66
72400	0.66	0.32	0.32	0	0	0.66
72500	0.66	0.32	0.32	0	0	0.66
72600	0.66	0.32	0.32	0	0	0.66
72700	0.66	0.32	0.32	0	0	0.66
72800	0.66	0.32	0.32	0	0	0.66
72900	0.66	0.32	0.32	0	0	0.66
73000	0.66	0.32	0.32	0	0	0.66
73100	0.66	0.32	0.32	0	0	0.66
73200	0.67	0.32	0.32	0	0	0.67
73300	0.67	0.32	0.32	0	0	0.67
73400	0.67	0.32	0.32	0	0	0.67
73500	0.67	0.32	0.32	0	0	0.67
73600	0.67	0.32	0.32	0	0	0.67
73700	0.66	0.32	0.32	0	0	0.66
73800	0.66	0.32	0.32	0	0	0.66
73900	0.66	0.32	0.32	0	0	0.66
74000	0.66	0.32	0.32	0	0	0.66
74100	0.66	0.32	0.32	0	0	0.66
74200	0.66	0.32	0.32	0	0	0.66
74300	0.66	0.32	0.32	0	0	0.66
74400	0.66	0.32	0.32	0	0	0.66
74500	0.66	0.32	0.32	0	0	0.66
74600	0.66	0.32	0.32	0	0	0.66
74700	0.66	0.32	0.32	0	0	0.66
74800	0.66	0.32	0.32	0	0	0.66
74900	0.66	0.32	0.32	0	0	0.66
75000	0.66	0.32	0.32	0	0	0.66
75100	0.66	0.32	0.32	0	0	0.66
75200	0.66	0.32	0.32	0	0	0.66
75300	0.66	0.32	0.32	0	0	0.66
75400	0.66	0.32	0.32	0	0	0.66
75500	0.66	0.32	0.32	0	0	0.66
75600	0.66	0.32	0.32	0	0	0.66
75700	0.66	0.32	0.32	0	0	0.66
75800	0.66	0.32	0.32	0	0	0.66
75900	0.66	0.32	0.32	0	0	0.66
76000	0.66	0.32	0.32	0	0	0.66
76100	0.66	0.32	0.32	0	0	0.66
76200	0.66	0.32	0.32	0	0	0.66
76300	0.66	0.32	0.32	0	0	0.66
76400	0.66	0.32	0.32	0	0	0.66
76500	0.66	0.32	0.32	0	0	0.66
76600	0.66	0.32	0.32	0	0	0.66
76700	0.66	0.32	0.32	0	0	0.66
76800	0.66	0.32	0.32	0	0	0.66
76900	0.66	0.32	0.32	0	0	0.66
77000	0.66	0.32	0.32	0	0	0.66
77100	0.66	0.32	0.32	0	0	0.66
77200	0.66	0.32	0.32	0	0	0.66
77300	0.66	0.32	0.32	0	0	0.66
77400	0.66	0.32	0.32	0	0	0.66
77500	0.66	0.32	0.32	0	0	0.66
77600	0.66	0.32	0.32	0	0	0.66
77700	0.66	0.32	0.32	0	0	0.66
77800	0.66	0.32	0.32	0	0	0.66
77900	0.66	0.32	0.32	0	0	0.66
78000	0.66	0.32	0.32	0	0	0.66
78100	0.66	0.32	0.32	0	0	0.66
78200	0.66	0.32	0.32	0	0	0.66
78300	0.66	0.32	0.32	0	0	0.66
78400	0.66	0.32	0.32	0	0	0.66
78500	0.66	0.32	0.32	0	0	0.66
78600	0.66	0.32	0.32	0	0	0.66
78700	0.66	0.32	0.32	0	0	0.66
78800	0.66	0.32	0.32	0	0	0.66
78900	0.66	0.32	0.32	0	0	0.66
79000	0.66	0.32	0.32	0	0	0.66
79100	0.66	0.32	0.32	0	0	0.66
79200	0.66	0.32	0.32	0	0	0.66
79300	0.66	0.32	0.32	0	0	0.66
79400	0.66	0.32	0.32	0	0	0.66
79500	0.66	0.32	0.32	0	0	0.66
79600	0.66	0.31	0.31	0	0	0.66
79700	0.66	0.31	0.31	0	0	0.66
79800	0.66	0.31	0.31	0	0	0.66
79900	0.66	0.31	0.31	0	0	0.66
80000	0.66	0.31	0.31	0	0	0.66
80100	0.66	0.31	0.31	0	0	0.66
80200	0.66	0.31	0.31	0	0	0.66
80300	0.66	0.31	0.31	0	0	0.66
80400	0.66	0.31	0.31	0	0	0.66
80500	0.66	0.31	0.31	0	0	0.66
80600	0.66	0.31	0.31	0	0	0.66
80700	0.66	0.31	0.31	0	0	0.66
80800	0.66	0.31	0.31	0	0	0.66
80900	0.66	0.31	0.31	0	0	0.66
81000	0.66	0.31	0.31	0	0	0.66
81100	0.66	0.31	0.31	0	0	0.66
81200	0.66	0.31	0.31	0	0	0.66
81300	0.66	0.31	0.31	0	0	0.66
81400	0.66	0.31	0.31	0	0	0.66
81500	0.66	0.31	0.31	0	0	0.66
81600	0.66	0.31	0.31	0	0	0.66
81700	0.66	0.31	0.31	0	0	0.66
81800	0.66	0.31	0.31	0	0	0.66
81900	0.66	0.31	0.31	0	0	0.66
82000	0.66	0.31	0.31	0	0	0.66
82100	0.66	0.31	0.31	0	0	0.66
82200	0.66	0.31	0.31	0	0	0.66
82300	0.66	0.31	0.31	0	0	0.66
82400	0.66	0.31	0.31	0	0	0.66
82500	0.66	0.31	0.31	0	0	0.66
82600	0.66	0.31	0.31	0	0	0.66
82700	0.66	0.31	0.31	0	0	0.66
82800	0.66	0.31	0.31	0	0	0.66
82900	0.66	0.31	0.31	0	0	0.66
83000	0.66	0.31	0.31	0	0	0.66
83100	0.66	0.31	0.31	0	0	0.66
83200	0.66	0.31	0.31	0	0	0.66
83300	0.66	0.31	0.31	0	0	0.66
83400	0.66	0.31	0.31	0	0	0.66
83500	0.66	0.31	0.31	0	0	0.66
83600	0.66	0.31	0.31	0	0	0.66
83700	0.66	0.31	0.31	0	0	0.66
83800	0.66	0.31	0.31	0	0	0.66
83900	0.66	0.31	0.31	0	0	0.66
84000	0.66	0.31	0.31	0	0	0.66
84100	0.66	0.31	0.31	0	0	0.66
84200	0.66	0.31	0.31	0	0	0.66
84300	0.66	0.31	0.31	0	0	0.66
84400	0.66	0.3	0.3	0	0	0.66
84500	0.66	0.3	0.3	0	0	0.66
84600	0.66	0.3	0.3	0	0	0.66
84700	0.66	0.3	0.3	0	0	0.66
84800	0.66	0.3	0.3	0	0	0.66
84900	0.66	0.3	0.3	0	0	0.66
85000	0.66	0.3	0.3	0	0	0.66
85100	0.66	0.3	0.3	0	0	0.66
85200	0.66	0.3	0.3	0	0	0.66
85300	0.66	0.3	0.3	0	0	0.66
85400	0.66	0.3	0.3	0	0	0.66
85500	0.66	0.3	0.3	0	0	0.66
85600	0.66	0.3	0.3	0	0	0.66
85700	0.66	0.3	0.3	0	0	0.66
85800	0.66	0.3	0.3	0	0	0.66
85900	0.66	0.29	0.29	0	0	0.66
86000	0.66	0.29	0.29	0	0	0.66
86100	0.66	0.29	0.29	0	0	0.66
86200	0.66	0.29	0.29	0	0	0.66
86300	0.66	0.29	0.29	0	0	0.66
86400	0.66	0.29	0.29	0	0	0.66
86500	0.66	0.29	0.29	0	0	0.66
86600	0.66	0.29	0.29	0	0	0.66
86700	0.66	0.29	0.29	0	0	0.66
86800	0.66	0.29	0.29	0	0	0.66
86900	0.66	0.29	0.29	0	0	0.66
87000	0.66	0.29	0.29	0	0	0.66
87100	0.66	0.29	0.29	0	0	0.66
87200	0.66	0.29	0.29	0	0	0.66
87300	0.66	0.29	0.29	0	0	0.66
87400	0.66	0.29	0.29	0	0	0.66
87500	0.66	0.29	0.29	0	0	0.66
87600	0.66	0.29	0.29	0	0	0.66
87700	0.66	0.29	0.29	0	0	0.66
87800	0.66	0.29	0.29	0	0	0.66
87900	0.66	0.29	0.29	0	0	0.66
88000	0.66	0.29	0.29	0	0	0.66
88100	0.66	0.29	0.29	0	0	0.66
88200	0.66	0.29	0.29	0	0	0.66
88300	0.66	0.29	0.29	0	0	0.66
88400	0.66	0.29	0.29	0	0	0.66
88500	0.66	0.29	0.29	0	0	0.66
88600	0.66	0.29	0.29	0	0	0.66
88700	0.66	0.29	0.29	0	0	0.66
88800	0.66	0.29	0.29	0	0	0.66
88900	0.66	0.29	0.29	0	0	0.66
89000	0.66	0.29	0.29	0	0	0.66
89100	0.66	0.29	0.29	0	0	0.66
89200	0.66	0.29	0.29	0	0	0.66
89300	0.66	0.29	0.29	0	0	0.66
89400	0.66	0.29	0.29	0	0	0.66
89500	0.66	0.29	0.29	0	0	0.66
89600	0.66	0.29	0.29	0	0	0.66
89700	0.66	0.29	0.29	0	0	0.66
89800	0.66	0.29	0.29	0	0	0.66
89900	0.66	0.29	0.29	0	0	0.66
90000	0.66	0.29	0.29	0	0	0.66
90100	0.66	0.29	0.29	0	0	0.66
90200	0.66	0.29	0.29	0	0	0.66
90300	0.66	0.29	0.29	0	0	0.66
90400	0.66	0.29	0.29	0	0	0.66
90500	0.66	0.29	0.29	0	0	0.66
90600	0.66	0.29	0.29	0	0	0.66
90700	0.66	0.29	0.29	0	0	0.66
90800	0.66	0.29	0.29	0	0	0.66
90900	0.66	0.29	0.29	0	0	0.66
91000	0.66	0.29	0.29	0	0	0.66
91100	0.66	0.29	0.29	0	0	0.66
91200	0.66	0.29	0.29	0	0	0.66
91300	0.66	0.29	0.29	0	0	0.66
91400	0.66	0.3	0.3	0	0	0.66
91500	0.66	0.3	0.3	0	0	0.66
91600	0.66	0.3	0.3	0	0	0.66
91700	0.66	0.3	0.3	0	0	0.66
91800	0.66	0.3	0.3	0	0	0.66
91900	0.66	0.3	0.3	0	0	0.66
92000	0.66	0.3	0.3	0	0	0.66
92100	0.66	0.3	0.3	0	0	0.66
92200	0.66	0.31	0.31	0	0	0.66
92300	0.66	0.31	0.31	0	0	0.66
92400	0.66	0.31	0.31	0	0	0.66
92500	0.66	0.31	0.31	0	0	0.66
92600	0.66	0.3	0.3	0	0	0.66
92700	0.66	0.3	0.3	0	0	0.66
92800	0.66	0.3	0.3	0	0	0.66
92900	0.66	0.3	0.3	0	0	0.66
93000	0.66	0.3	0.3	0	0	0.66
93100	0.66	0.3	0.3	0	0	0.66
93200	0.66	0.3	0.3	0	0	0.66
93300	0.66	0.3	0.3	0	0	0.66
93400	0.66	0.3	0.3	0	0	0.66
93500	0.66	0.3	0.3	0	0	0.66
93600	0.66	0.3	0.3	0	0	0.66
93700	0.66	0.3	0.3	0	0	0.66
93800	0.66	0.3	0.3	0	0	0.66
93900	0.66	0.3	0.3	0	0	0.66
94000	0.66	0.3	0.3	0	0	0.66
94100	0.66	0.3	0.3	0	0	0.66
94200	0.66	0.3	0.3	0	0	0.66
94300	0.66	0.3	0.3	0	0	0.66
94400	0.66	0.3	0.3	0	0	0.66
94500	0.66	0.3	0.3	0	0	0.66
94600	0.66	0.3	0.3	0	0	0.66
94700	0.67	0.3	0.3	0	0	0.67
94800	0.67	0.3	0.3	0	0	0.67
94900	0.67	0.31	0.31	0	0	0.67
95000	0.67	0.31	0.31	0	0	0.67
95100	0.67	0.31	0.31	0	0	0.67
95200	0.67	0.3	0.3	0	0	0.67
95300	0.67	0.3	0.3	0	0	0.67
95400	0.67	0.3	0.3	0	0	0.67
95500	0.67	0.3	0.3	0	0	0.67
95600	0.67	0.3	0.3	0	0	0.67
95700	0.67	0.3	0.3	0	0	0.67
95800	0.67	0.3	0.3	0	0	0.67
95900	0.67	0.3	0.3	0	0	0.67
96000	0.67	0.3	0.3	0	0	0.67
96100	0.67	0.3	0.3	0	0	0.67
96200	0.67	0.3	0.3	0	0	0.67
96300	0.67	0.3	0.3	0	0	0.67
96400	0.67	0.3	0.3	0	0	0.67
96500	0.67	0.3	0.3	0	0	0.67
96600	0.67	0.3	0.3	0	0	0.67
96700	0.67	0.3	0.3	0	0	0.67
96800	0.67	0.3	0.3	0	0	0.67
96900	0.67	0.3	0.3	0	0	0.67
97000	0.67	0.3	0.3	0	0	0.67
97100	0.67	0.3	0.3	0	0	0.67
97200	0.67	0.3	0.3	0	0	0.67
97300	0.67	0.3	0.3	0	0	0.67
97400	0.67	0.3	0.3	0	0	0.67
97500	0.67	0.3	0.3	0	0	0.67
97600	0.67	0.3	0.3	0	0	0.67
97700	0.67	0.3	0.3	0	0	0.67
97800	0.67	0.3	0.3	0	0	0.67
97900	0.67	0.3	0.3	0	0	0.67
98000	0.67	0.3	0.3	0	0	0.67
98100	0.67	0.3	0.3	0	0	0.67
98200	0.67	0.3	0.3	0	0	0.67
98300	0.67	0.3	0.3	0	0	0.67
98400	0.67	0.3	0.3	0	0	0.67
98500	0.67	0.3	0.3	0	0	0.67
98600	0.67	0.3	0.3	0	0	0.67
98700	0.67	0.3	0.3	0	0	0.67
98800	0.67	0.3	0.3	0	0	0.67
98900	0.67	0.3	0.3	0	0	0.67
99000	0.67	0.3	0.3	0	0	0.67
99100	0.67	0.3	0.3	0	0	0.67
99200	0.67	0.3	0.3	0	0	0.67
99300	0.67	0.3	0.3	0	0	0.67
99400	0.67	0.3	0.3	0	0	0.67
99500	0.67	0.3	0.3	0	0	0.67
99600	0.67	0.3	0.3	0	0	0.67
99700	0.67	0.3	0.3	0	0	0.67
99800	0.67	0.3	0.3	0	0	0.67
99900	0.67	0.3	0.3	0	0	0.67
100000	0.67	0.3	0.3	0	0	0.67
100100	0.67	0.3	0.3	0	0	0.67
100200	0.67	0.3	0.3	0	0	0.67
100300	0.67	0.31	0.31	0	0	0.67
100400	0.67	0.31	0.31	0	0	0.67
100500	0.67	0.31	0.31	0	0	0.67
100600	0.67	0.31	0.31	0	0	0.67
100700	0.67	0.31	0.31	0	0	0.67
100800	0.67	0.31	0.31	0	0	0.67
100900	0.66	0.31	0.31	0	0	0.66
101000	0.66	0.31	0.31	0	0	0.66
101100	0.66	0.31	0.31	0	0	0.66
101200	0.66	0.31	0.31	0	0	0.66
101300	0.66	0.31	0.31	0	0	0.66
101400	0.66	0.31	0.31	0	0	0.66
101500	0.66	0.31	0.31	0	0	0.66
101600	0.66	0.31	0.31	0	0	0.66
101700	0.66	0.31	0.31	0	0	0.66
101800	0.66	0.31	0.31	0	0	0.66
101900	0.66	0.31	0.31	0	0	0.66
102000	0.66	0.31	0.31	0	0	0.66
102100	0.66	0.31	0.31	0	0	0.66
102200	0.66	0.31	0.31	0	0	0.66
102300	0.66	0.31	0.31	0	0	0.66
102400	0.66	0.31	0.31	0	0	0.66
102500	0.66	0.31	0.31	0	0	0.66
102600	0.66	0.31	0.31	0	0	0.66
102700	0.66	0.31	0.31	0	0	0.66
102800	0.66	0.31	0.31	0	0	0.66
102900	0.66	0.31	0.31	0	0	0.66
103000	0.66	0.31	0.31	0	0	0.66
103100	0.66	0.31	0.31	0	0	0.66
103200	0.66	0.31	0.31	0	0	0.66
103300	0.66	0.31	0.31	0	0	0.66
103400	0.66	0.31	0.31	0	0	0.66
103500	0.66	0.31	0.31	0	0	0.66
103600	0.66	0.31	0.31	0	0	0.66
103700	0.66	0.31	0.31	0	0	0.66
103800	0.66	0.31	0.31	0	0	0.66
103900	0.66	0.31	0.31	0	0	0.66
104000	0.66	0.31	0.31	0	0	0.66
104100	0.66	0.31	0.31	0	0	0.66
104200	0.66	0.31	0.31	0	0	0.66
104300	0.66	0.31	0.31	0	0	0.66
104400	0.66	0.31	0.31	0	0	0.66
104500	0.66	0.31	0.31	0	0	0.66
104600	0.66	0.31	0.31	0	0	0.66
104700	0.66	0.31	0.31	0	0	0.66
104800	0.66	0.31	0.31	0	0	0.66
104900	0.66	0.31	0.31	0	0	0.66
105000	0.66	0.31	0.31	0	0	0.66
105100	0.66	0.31	0.31	0	0	0.66
105200	0.66	0.31	0.31	0	0	0.66
105300	0.66	0.31	0.31	0	0	0.66
105400	0.66	0.31	0.31	0	0	0.66
105500	0.66	0.31	0.31	0	0	0.66
105600	0.66	0.31	0.31	0	0	0.66
105700	0.66	0.31	0.31	0	0	0.66
105800	0.66	0.31	0.31	0	0	0.66
105900	0.66	0.31	0.31	0	0	0.66
106000	0.66	0.31	0.31	0	0	0.66
106100	0.66	0.31	0.31	0	0	0.66
106200	0.66	0.31	0.31	0	0	0.66
106300	0.66	0.31	0.31	0	0	0.66
106400	0.66	0.31	0.31	0	0	0.66
106500	0.66	0.31	0.31	0	0	0.66
106600	0.66	0.31	0.31	0	0	0.66
106700	0.66	0.31	0.31	0	0	0.66
106800	0.66	0.31	0.31	0	0	0.66
106900	0.66	0.31	0.31	0	0	0.66
107000	0.66	0.31	0.31	0	0	0.66
107100	0.66	0.31	0.31	0	0	0.66
107200	0.66	0.31	0.31	0	0	0.66
107300	0.66	0.31	0.31	0	0	0.66
107400	0.66	0.31	0.31	0	0	0.66
107500	0.66	0.31	0.31	0	0	0.66
107600	0.66	0.32	0.32	0	0	0.66
107700	0.66	0.32	0.32	0	0	0.66
107800	0.66	0.32	0.32	0	0	0.66
107900	0.66	0.31	0.31	0	0	0.66
108000	0.66	0.31	0.31	0	0	0.66
108100	0.66	0.31	0.31	0	0	0.66
108200	0.66	0.31	0.31	0	0	0.66
108300	0.66	0.31	0.31	0	0	0.66
108400	0.66	0.31	0.31	0	0	0.66
108500	0.66	0.31	0.31	0	0	0.66
108600	0.66	0.31	0.31	0	0	0.66
108700	0.66	0.31	0.31	0	0	0.66
108800	0.66	0.31	0.31	0	0	0.66
108900	0.66	0.31	0.31	0	0	0.66
109000	0.66	0.31	0.31	0	0	0.66
109100	0.66	0.31	0.31	0	0	0.66
109200	0.66	0.31	0.31	0	0	0.66
109300	0.66	0.31	0.31	0	0	0.66
109400	0.66	0.31	0.31	0	0	0.66
109500	0.66	0.31	0.31	0	0	0.66
109600	0.66	0.31	0.31	0	0	0.66
109700	0.66	0.31	0.31	0	0	0.66
109800	0.66	0.31	0.31	0	0	0.66
109900	0.66	0.31	0.31	0	0	0.66
110000	0.66	0.31	0.31	0	0	0.66
110100	0.66	0.31	0.31	0	0	0.66
110200	0.66	0.31	0.31	0	0	0.66
110300	0.66	0.31	0.31	0	0	0.66
110400	0.66	0.31	0.31	0	0	0.66
110500	0.66	0.31	0.31	0	0	0.66
110600	0.66	0.31	0.31	0	0	0.66
110700	0.66	0.31	0.31	0	0	0.66
110800	0.66	0.31	0.31	0	0	0.66
110900	0.66	0.31	0.31	0	0	0.66
111000	0.66	0.31	0.31	0	0	0.66
111100	0.66	0.31	0.31	0	0	0.66
111200	0.66	0.31	0.31	0	0	0.66
111300	0.66	0.31	0.31	0	0	0.66
111400	0.66	0.31	0.31	0	0	0.66
111500	0.66	0.31	0.31	0	0	0.66
111600	0.66	0.31	0.31	0	0	0.66
111700	0.66	0.31	0.31	0	0	0.66
111800	0.66	0.31	0.31	0	0	0.66
111900	0.66	0.31	0.31	0	0	0.66
112000	0.66	0.31	0.31	0	0	0.66
112100	0.66	0.31	0.31	0	0	0.66
112200	0.66	0.31	0.31	0	0	0.66
112300	0.66	0.31	0.31	0	0	0.66
112400	0.66	0.31	0.31	0	0	0.66
112500	0.66	0.31	0.31	0	0	0.66
112600	0.66	0.31	0.31	0	0	0.66
112700	0.66	0.31	0.31	0	0	0.66
112800	0.66	0.31	0.31	0	0	0.66
112900	0.66	0.31	0.31	0	0	0.66
113000	0.66	0.31	0.31	0	0	0.66
113100	0.66	0.31	0.31	0	0	0.66
113200	0.66	0.31	0.31	0	0	0.66
113300	0.66	0.31	0.31	0	0	0.66
113400	0.66	0.31	0.31	0	0	0.66
113500	0.66	0.31	0.31	0	0	0.66
113600	0.66	0.31	0.31	0	0	0.66
113700	0.66	0.31	0.31	0	0	0.66
113800	0.66	0.31	0.31	0	0	0.66
113900	0.66	0.31	0.31	0	0	0.66
114000	0.66	0.31	0.31	0	0	0.66
114100	0.66	0.31	0.31	0	0	0.66
114200	0.66	0.31	0.31	0	0	0.66
114300	0.66	0.31	0.31	0	0	0.66
114400	0.66	0.31	0.31	0	0	0.66
114500	0.67	0.31	0.31	0	0	0.67
114600	0.67	0.31	0.31	0	0	0.67
114700	0.66	0.31	0.31	0	0	0.66
114800	0.66	0.31	0.31	0	0	0.66
114900	0.66	0.31	0.31	0	0	0.66
115000	0.66	0.31	0.31	0	0	0.66
115100	0.66	0.31	0.31	0	0	0.66
115200	0.66	0.31	0.31	0	0	0.66
115300	0.66	0.31	0.31	0	0	0.66
115400	0.66	0.31	0.31	0	0	0.66
115500	0.66	0.31	0.31	0	0	0.66
115600	0.66	0.31	0.31	0	0	0.66
115700	0.66	0.31	0.31	0	0	0.66
115800	0.66	0.31	0.31	0	0	0.66
115900	0.66	0.31	0.31	0	0	0.66
116000	0.66	0.31	0.31	0	0	0.66
116100	0.66	0.31	0.31	0	0	0.66
116200	0.66	0.31	0.31	0	0	0.66
116300	0.66	0.31	0.31	0	0	0.66
116400	0.66	0.31	0.31	0	0	0.66
116500	0.66	0.31	0.31	0	0	0.66
116600	0.66	0.31	0.31	0	0	0.66
116700	0.66	0.31	0.31	0	0	0.66
116800	0.66	0.31	0.31	0	0	0.66
116900	0.66	0.31	0.31	0	0	0.66
117000	0.66	0.31	0.31	0	0	0.66
117100	0.66	0.31	0.31	0	0	0.66
117200	0.66	0.31	0.31	0	0	0.66
117300	0.66	0.31	0.31	0	0	0.66
117400	0.66	0.31	0.31	0	0	0.66
117500	0.66	0.31	0.31	0	0	0.66
117600	0.66	0.31	0.31	0	0	0.66
117700	0.66	0.31	0.31	0	0	0.66
117800	0.66	0.31	0.31	0	0	0.66
117900	0.66	0.31	0.31	0	0	0.66
118000	0.66	0.31	0.31	0	0	0.66
118100	0.66	0.31	0.31	0	0	0.66
118200	0.66	0.31	0.31	0	0	0.66
118300	0.66	0.31	0.31	0	0	0.66
118400	0.66	0.31	0.31	0	0	0.66
118500	0.66	0.31	0.31	0	0	0.66
118600	0.66	0.31	0.31	0	0	0.66
118700	0.66	0.31	0.31	0	0	0.66
118800	0.66	0.31	0.31	0	0	0.66
118900	0.66	0.31	0.31	0	0	0.66
119000	0.66	0.31	0.31	0	0	0.66
119100	0.66	0.31	0.31	0	0	0.66
119200	0.66	0.31	0.31	0	0	0.66
119300	0.66	0.31	0.31	0	0	0.66
119400	0.66	0.31	0.31	0	0	0.66
119500	0.66	0.31	0.31	0	0	0.66
119600	0.66	0.31	0.31	0	0	0.66
119700	0.66	0.31	0.31	0	0	0.66
119800	0.66	0.31	0.31	0	0	0.66
119900	0.66	0.31	0.31	0	0	0.66
120000	0.67	0.31	0.31	0	0	0.67
120100	0.67	0.31	0.31	0	0	0.67
120200	0.67	0.31	0.31	0	0	0.67
120300	0.67	0.31	0.31	0	0	0.67
120400	0.67	0.31	0.31	0	0	0.67
120500	0.67	0.31	0.31	0	0	0.67
120600	0.67	0.31	0.31	0	0	0.67
120700	0.67	0.31	0.31	0	0	0.67
120800	0.67	0.31	0.31	0	0	0.67
120900	0.67	0.31	0.31	0	0	0.67
121000	0.67	0.31	0.31	0	0	0.67
121100	0.67	0.31	0.31	0	0	0.67
121200	0.67	0.31	0.31	0	0	0.67
121300	0.67	0.32	0.32	0	0	0.67
121400	0.67	0.32	0.32	0	0	0.67
121500	0.67	0.32	0.32	0	0	0.67
121600	0.67	0.32	0.32	0	0	0.67
121700	0.67	0.32	0.32	0	0	0.67
121800	0.67	0.32	0.32	0	0	0.67
121900	0.67	0.32	0.32	0	0	0.67
122000	0.67	0.32	0.32	0	0	0.67
122100	0.67	0.32	0.32	0	0	0.67
122200	0.67	0.32	0.32	0	0	0.67
122300	0.67	0.32	0.32	0	0	0.67
122400	0.67	0.32	0.32	0	0	0.67
122500	0.67	0.32	0.32	0	0	0.67
122600	0.67	0.32	0.32	0	0	0.67
122700	0.67	0.32	0.32	0	0	0.67
122800	0.67	0.32	0.32	0	0	0.67
122900	0.67	0.32	0.32	0	0	0.67
123000	0.67	0.32	0.32	0	0	0.67
123100	0.67	0.32	0.32	0	0	0.67
123200	0.67	0.32	0.32	0	0	0.67
123300	0.67	0.32	0.32	0	0	0.67
123400	0.67	0.32	0.32	0	0	0.67
123500	0.67	0.32	0.32	0	0	0.67
123600	0.67	0.32	0.32	0	0	0.67
123700	0.67	0.32	0.32	0	0	0.67
123800	0.67	0.32	0.32	0	0	0.67
123900	0.67	0.32	0.32	0	0	0.67
124000	0.67	0.32	0.32	0	0	0.67
124100	0.67	0.32	0.32	0	0	0.67
124200	0.67	0.32	0.32	0	0	0.67
124300	0.67	0.32	0.32	0	0	0.67
124400	0.67	0.32	0.32	0	0	0.67
124500	0.67	0.32	0.32	0	0	0.67
124600	0.67	0.32	0.32	0	0	0.67
124700	0.67	0.32	0.32	0	0	0.67
124800	0.67	0.32	0.32	0	0	0.67
124900	0.67	0.32	0.32	0	0	0.67
125000	0.67	0.32	0.32	0	0	0.67
125100	0.67	0.32	0.32	0	0	0.67
125200	0.67	0.32	0.32	0	0	0.67
125300	0.67	0.32	0.32	0	0	0.67
125400	0.67	0.32	0.32	0	0	0.67
125500	0.67	0.32	0.32	0	0	0.67
125600	0.67	0.32	0.32	0	0	0.67
125700	0.67	0.32	0.32	0	0	0.67
125800	0.67	0.32	0.32	0	0	0.67
125900	0.67	0.32	0.32	0	0	0.67
126000	0.67	0.32	0.32	0	0	0.67
126100	0.67	0.32	0.32	0	0	0.67
126200	0.67	0.32	0.32	0	0	0.67
126300	0.67	0.32	0.32	0	0	0.67
126400	0.67	0.32	0.32	0	0	0.67
126500	0.67	0.32	0.32	0	0	0.67
126600	0.67	0.32	0.32	0	0	0.67
126700	0.67	0.32	0.32	0	0	0.67
126800	0.67	0.32	0.32	0	0	0.67
126900	0.67	0.32	0.32	0	0	0.67
127000	0.67	0.32	0.32	0	0	0.67
127100	0.67	0.32	0.32	0	0	0.67
127200	0.67	0.32	0.32	0	0	0.67
127300	0.67	0.32	0.32	0	0	0.67
127400	0.67	0.32	0.32	0	0	0.67
127500	0.67	0.32	0.32	0	0	0.67
127600	0.67	0.32	0.32	0	0	0.67
127700	0.67	0.32	0.32	0	0	0.67
127800	0.67	0.32	0.32	0	0	0.67
127900	0.67	0.32	0.32	0	0	0.67
128000	0.67	0.32	0.32	0	0	0.67
128100	0.67	0.32	0.32	0	0	0.67
128200	0.67	0.32	0.32	0	0	0.67
128300	0.67	0.32	0.32	0	0	0.67
128400	0.67	0.32	0.32	0	0	0.67
128500	0.67	0.32	0.32	0	0	0.67
128600	0.67	0.32	0.32	0	0	0.67
128700	0.67	0.32	0.32	0	0	0.67
128800	0.67	0.32	0.32	0	0	0.67
128900	0.67	0.32	0.32	0	0	0.67
129000	0.67	0.32	0.32	0	0	0.67
129100	0.67	0.32	0.32	0	0	0.67
129200	0.67	0.32	0.32	0	0	0.67
129300	0.67	0.32	0.32	0	0	0.67
129400	0.67	0.32	0.32	0	0	0.67
129500	0.67	0.32	0.32	0	0	0.67
129600	0.67	0.32	0.32	0	0	0.67
129700	0.67	0.32	0.32	0	0	0.67
129800	0.67	0.32	0.32	0	0	0.67
129900	0.67	0.32	0.32	0	0	0.67
130000	0.67	0.32	0.32	0	0	0.67
130100	0.67	0.32	0.32	0	0	0.67
130200	0.67	0.32	0.32	0	0	0.67
130300	0.67	0.32	0.32	0	0	0.67
130400	0.67	0.32	0.32	0	0	0.67
130500	0.67	0.32	0.32	0	0	0.67
130600	0.67	0.32	0.32	0	0	0.67
130700	0.67	0.32	0.32	0	0	0.67
130800	0.67	0.32	0.32	0	0	0.67
130900	0.67	0.32	0.32	0	0	0.67
131000	0.67	0.32	0.32	0	0	0.67
131100	0.67	0.32	0.32	0	0	0.67
131200	0.67	0.32	0.32	0	0	0.67
131300	0.67	0.32	0.32	0	0	0.67
131400	0.67	0.32	0.32	0	0	0.67
131500	0.67	0.32	0.32	0	0	0.67
131600	0.67	0.32	0.32	0	0	0.67
131700	0.67	0.32	0.32	0	0	0.67
131800	0.67	0.32	0.32	0	0	0.67
131900	0.67	0.32	0.32	0	0	0.67
132000	0.67	0.32	0.32	0	0	0.67
132100	0.67	0.32	0.32	0	0	0.67
132200	0.67	0.32	0.32	0	0	0.67
132300	0.67	0.32	0.32	0	0	0.67
132400	0.67	0.32	0.32	0	0	0.67
132500	0.67	0.32	0.32	0	0	0.67
132600	0.67	0.32	0.32	0	0	0.67
132700	0.67	0.32	0.32	0	0	0.67
132800	0.67	0.32	0.32	0	0	0.67
132900	0.67	0.32	0.32	0	0	0.67
133000	0.67	0.32	0.32	0	0	0.67
133100	0.67	0.32	0.32	0	0	0.67
133200	0.67	0.32	0.32	0	0	0.67
133300	0.67	0.32	0.32	0	0	0.67
133400	0.67	0.32	0.32	0	0	0.67
133500	0.67	0.32	0.32	0	0	0.67
133600	0.67	0.32	0.32	0	0	0.67
133700	0.67	0.32	0.32	0	0	0.67
133800	0.67	0.32	0.32	0	0	0.67
133900	0.67	0.32	0.32	0	0	0.67
134000	0.67	0.32	0.32	0	0	0.67
134100	0.67	0.32	0.32	0	0	0.67
134200	0.67	0.32	0.32	0	0	0.67
134300	0.67	0.32	0.32	0	0	0.67
134400	0.67	0.32	0.32	0	0	0.67
134500	0.67	0.32	0.32	0	0	0.67
134600	0.67	0.32	0.32	0	0	0.67
134700	0.67	0.32	0.32	0	0	0.67
134800	0.67	0.32	0.32	0	0	0.67
134900	0.67	0.32	0.32	0	0	0.67
135000	0.67	0.32	0.32	0	0	0.67
135100	0.67	0.32	0.32	0	0	0.67
135200	0.67	0.32	0.32	0	0	0.67
135300	0.67	0.32	0.32	0	0	0.67
135400	0.67	0.32	0.32	0	0	0.67
135500	0.67	0.32	0.32	0	0	0.67
135600	0.67	0.32	0.32	0	0	0.67
135700	0.67	0.32	0.32	0	0	0.67
135800	0.67	0.32	0.32	0	0	0.67
135900	0.67	0.32	0.32	0	0	0.67
136000	0.67	0.32	0.32	0	0	0.67
136100	0.67	0.32	0.32	0	0	0.67
136200	0.67	0.32	0.32	0	0	0.67
136300	0.67	0.32	0.32	0	0	0.67
136400	0.67	0.32	0.32	0	0	0.67
136500	0.67	0.32	0.32	0	0	0.67
136600	0.67	0.32	0.32	0	0	0.67
136700	0.67	0.32	0.32	0	0	0.67
136800	0.67	0.32	0.32	0	0	0.67
136900	0.67	0.32	0.32	0	0	0.67
137000	0.67	0.32	0.32	0	0	0.67
137100	0.67	0.32	0.32	0	0	0.67
137200	0.67	0.32	0.32	0	0	0.67
137300	0.67	0.32	0.32	0	0	0.67
137400	0.67	0.32	0.32	0	0	0.67
137500	0.67	0.32	0.32	0	0	0.67
137600	0.67	0.32	0.32	0	0	0.67
137700	0.67	0.32	0.32	0	0	0.67
137800	0.67	0.32	0.32	0	0	0.67
137900	0.67	0.32	0.32	0	0	0.67
138000	0.67	0.32	0.32	0	0	0.67
138100	0.67	0.32	0.32	0	0	0.67
138200	0.67	0.31	0.31	0	0	0.67
138300	0.67	0.31	0.31	0	0	0.67
138400	0.67	0.31	0.31	0	0	0.67
138500	0.67	0.31	0.31	0	0	0.67
138600	0.67	0.31	0.31	0	0	0.67
138700	0.66	0.31	0.31	0	0	0.66
138800	0.66	0.31	0.31	0	0	0.66
138900	0.66	0.31	0.31	0	0	0.66
139000	0.66	0.31	0.31	0	0	0.66
139100	0.66	0.31	0.31	0	0	0.66
139200	0.66	0.31	0.31	0	0	0.66
139300	0.66	0.31	0.31	0	0	0.66
139400	0.66	0.31	0.31	0	0	0.66
139500	0.66	0.31	0.31	0	0	0.66
139600	0.66	0.31	0.31	0	0	0.66
139700	0.66	0.31	0.31	0	0	0.66
139800	0.66	0.31	0.31	0	0	0.66
139900	0.66	0.31	0.31	0	0	0.66
140000	0.66	0.31	0.31	0	0	0.66
140100	0.66	0.31	0.31	0	0	0.66
140200	0.66	0.31	0.31	0	0	0.66
140300	0.66	0.31	0.31	0	0	0.66
140400	0.66	0.31	0.31	0	0	0.66
140500	0.66	0.31	0.31	0	0	0.66
140600	0.66	0.31	0.31	0	0	0.66
140700	0.67	0.31	0.31	0	0	0.67
140800	0.66	0.31	0.31	0	0	0.66
140900	0.66	0.32	0.32	0	0	0.66
141000	0.66	0.32	0.32	0	0	0.66
141100	0.66	0.32	0.32	0	0	0.66
141200	0.66	0.32	0.32	0	0	0.66
141300	0.66	0.32	0.32	0	0	0.66
141400	0.66	0.32	0.32	0	0	0.66
141500	0.66	0.32	0.32	0	0	0.66
141600	0.66	0.32	0.32	0	0	0.66
141700	0.66	0.32	0.32	0	0	0.66
141800	0.66	0.32	0.32	0	0	0.66
141900	0.66	0.32	0.32	0	0	0.66
142000	0.66	0.32	0.32	0	0	0.66
142100	0.66	0.32	0.32	0	0	0.66
142200	0.66	0.32	0.32	0	0	0.66
142300	0.66	0.32	0.32	0	0	0.66
142400	0.66	0.32	0.32	0	0	0.66
142500	0.66	0.32	0.32	0	0	0.66
142600	0.66	0.33	0.33	0	0	0.66
142700	0.66	0.33	0.33	0	0	0.66
142800	0.66	0.33	0.33	0	0	0.66
142900	0.66	0.33	0.33	0	0	0.66
143000	0.66	0.33	0.33	0	0	0.66
143100	0.66	0.33	0.33	0	0	0.66
143200	0.66	0.33	0.33	0	0	0.66
143300	0.66	0.33	0.33	0	0	0.66
143400	0.66	0.33	0.33	0	0	0.66
143500	0.66	0.33	0.33	0	0	0.66
143600	0.66	0.33	0.33	0	0	0.66
143700	0.66	0.33	0.33	0	0	0.66
143800	0.66	0.33	0.33	0	0	0.66
143900	0.66	0.33	0.33	0	0	0.66
144000	0.66	0.33	0.33	0	0	0.66
144100	0.66	0.33	0.33	0	0	0.66
144200	0.66	0.33	0.33	0	0	0.66
144300	0.66	0.33	0.33	0	0	0.66
144400	0.66	0.33	0.33	0	0	0.66
144500	0.66	0.33	0.33	0	0	0.66
144600	0.66	0.33	0.33	0	0	0.66
144700	0.66	0.33	0.33	0	0	0.66
144800	0.66	0.33	0.33	0	0	0.66
144900	0.66	0.33	0.33	0	0	0.66
145000	0.66	0.33	0.33	0	0	0.66
145100	0.66	0.33	0.33	0	0	0.66
145200	0.66	0.33	0.33	0	0	0.66
145300	0.66	0.33	0.33	0	0	0.66
145400	0.66	0.33	0.33	0	0	0.66
145500	0.66	0.33	0.33	0	0	0.66
145600	0.66	0.33	0.33	0	0	0.66
145700	0.66	0.33	0.33	0	0	0.66
145800	0.66	0.33	0.33	0	0	0.66
145900	0.66	0.33	0.33	0	0	0.66
146000	0.66	0.33	0.33	0	0	0.66
146100	0.66	0.33	0.33	0	0	0.66
146200	0.66	0.33	0.33	0	0	0.66
146300	0.66	0.33	0.33	0	0	0.66
146400	0.66	0.33	0.33	0	0	0.66
146500	0.66	0.33	0.33	0	0	0.66
146600	0.66	0.33	0.33	0	0	0.66
146700	0.66	0.33	0.33	0	0	0.66
146800	0.66	0.33	0.33	0	0	0.66
146900	0.66	0.33	0.33	0	0	0.66
147000	0.66	0.33	0.33	0	0	0.66
147100	0.66	0.33	0.33	0	0	0.66
147200	0.66	0.33	0.33	0	0	0.66
147300	0.66	0.33	0.33	0	0	0.66
147400	0.66	0.33	0.33	0	0	0.66
147500	0.66	0.33	0.33	0	0	0.66
147600	0.66	0.33	0.33	0	0	0.66
147700	0.66	0.33	0.33	0	0	0.66
147800	0.66	0.33	0.33	0	0	0.66
147900	0.66	0.33	0.33	0	0	0.66
148000	0.66	0.33	0.33	0	0	0.66
148100	0.66	0.33	0.33	0	0	0.66
148200	0.66	0.33	0.33	0	0	0.66
148300	0.66	0.33	0.33	0	0	0.66
148400	0.66	0.33	0.33	0	0	0.66
148500	0.66	0.33	0.33	0	0	0.66
148600	0.66	0.33	0.33	0	0	0.66
148700	0.66	0.33	0.33	0	0	0.66
148800	0.66	0.33	0.33	0	0	0.66
148900	0.66	0.33	0.33	0	0	0.66
149000	0.66	0.33	0.33	0	0	0.66
149100	0.66	0.33	0.33	0	0	0.66
149200	0.66	0.33	0.33	0	0	0.66
149300	0.66	0.33	0.33	0	0	0.66
149400	0.66	0.33	0.33	0	0	0.66
149500	0.66	0.33	0.33	0	0	0.66
149600	0.66	0.33	0.33	0	0	0.66
149700	0.66	0.33	0.33	0	0	0.66
149800	0.66	0.33	0.33	0	0	0.66
149900	0.66	0.33	0.33	0	0	0.66
150000	0.66	0.33	0.33	0	0	0.66
150100	0.66	0.33	0.33	0	0	0.66
150200	0.66	0.33	0.33	0	0	0.66
150300	0.66	0.33	0.33	0	0	0.66
150400	0.66	0.33	0.33	0	0	0.66
150500	0.66	0.33	0.33	0	0	0.66
150600	0.66	0.33	0.33	0	0	0.66
150700	0.66	0.33	0.33	0	0	0.66
150800	0.66	0.33	0.33	0	0	0.66
150900	0.66	0.33	0.33	0	0	0.66
151000	0.66	0.33	0.33	0	0	0.66
151100	0.66	0.33	0.33	0	0	0.66
151200	0.66	0.33	0.33	0	0	0.66
151300	0.66	0.33	0.33	0	0	0.66
151400	0.66	0.33	0.33	0	0	0.66
151500	0.66	0.33	0.33	0	0	0.66
151600	0.66	0.33	0.33	0	0	0.66
151700	0.66	0.33	0.33	0	0	0.66
151800	0.66	0.33	0.33	0	0	0.66
151900	0.66	0.33	0.33	0	0	0.66
152000	0.66	0.33	0.33	0	0	0.66
152100	0.66	0.33	0.33	0	0	0.66
152200	0.66	0.33	0.33	0	0	0.66
152300	0.66	0.33	0.33	0	0	0.66
152400	0.66	0.33	0.33	0	0	0.66
152500	0.66	0.33	0.33	0	0	0.66
152600	0.66	0.33	0.33	0	0	0.66
152700	0.66	0.33	0.33	0	0	0.66
152800	0.66	0.33	0.33	0	0	0.66
152900	0.66	0.33	0.33	0	0	0.66
153000	0.66	0.33	0.33	0	0	0.66
153100	0.66	0.33	0.33	0	0	0.66
153200	0.66	0.33	0.33	0	0	0.66
153300	0.66	0.33	0.33	0	0	0.66
153400	0.66	0.33	0.33	0	0	0.66
153500	0.66	0.33	0.33	0	0	0.66
153600	0.66	0.33	0.33	0	0	0.66
153700	0.66	0.33	0.33	0	0	0.66
153800	0.66	0.33	0.33	0	0	0.66
153900	0.66	0.33	0.33	0	0	0.66
154000	0.66	0.33	0.33	0	0	0.66
154100	0.66	0.33	0.33	0	0	0.66
154200	0.66	0.33	0.33	0	0	0.66
154300	0.66	0.33	0.33	0	0	0.66
154400	0.66	0.33	0.33	0	0	0.66
154500	0.66	0.33	0.33	0	0	0.66
154600	0.66	0.33	0.33	0	0	0.66
154700	0.66	0.33	0.33	0	0	0.66
154800	0.66	0.33	0.33	0	0	0.66
154900	0.66	0.33	0.33	0	0	0.66
155000	0.66	0.33	0.33	0	0	0.66
155100	0.66	0.33	0.33	0	0	0.66
155200	0.66	0.33	0.33	0	0	0.66
155300	0.66	0.33	0.33	0	0	0.66
155400	0.66	0.33	0.33	0	0	0.66
155500	0.66	0.33	0.33	0	0	0.66
155600	0.66	0.33	0.33	0	0	0.66
155700	0.66	0.33	0.33	0	0	0.66
155800	0.66	0.33	0.33	0	0	0.66
155900	0.66	0.33	0.33	0	0	0.66
156000	0.66	0.33	0.33	0	0	0.66
156100	0.66	0.33	0.33	0	0	0.66
156200	0.66	0.33	0.33	0	0	0.66
156300	0.66	0.33	0.33	0	0	0.66
156400	0.66	0.33	0.33	0	0	0.66
156500	0.66	0.33	0.33	0	0	0.66
156600	0.66	0.33	0.33	0	0	0.66
156700	0.66	0.33	0.33	0	0	0.66
156800	0.66	0.33	0.33	0	0	0.66
156900	0.66	0.33	0.33	0	0	0.66
157000	0.66	0.33	0.33	0	0	0.66
157100	0.66	0.33	0.33	0	0	0.66
157200	0.66	0.33	0.33	0	0	0.66
157300	0.66	0.33	0.33	0	0	0.66
157400	0.66	0.33	0.33	0	0	0.66
157500	0.66	0.33	0.33	0	0	0.66
157600	0.66	0.33	0.33	0	0	0.66
157700	0.66	0.33	0.33	0	0	0.66
157800	0.66	0.33	0.33	0	0	0.66
157900	0.66	0.33	0.33	0	0	0.66
158000	0.65	0.32	0.32	0	0	0.65
158100	0.65	0.32	0.32	0	0	0.65
158200	0.65	0.32	0.32	0	0	0.65
158300	0.65	0.32	0.32	0	0	0.65
158400	0.66	0.32	0.32	0	0	0.66
158500	0.66	0.32	0.32	0	0	0.66
158600	0.65	0.32	0.32	0	0	0.65
158700	0.66	0.32	0.32	0	0	0.66
158800	0.66	0.32	0.32	0	0	0.66
158900	0.66	0.32	0.32	0	0	0.66
159000	0.66	0.32	0.32	0	0	0.66
159100	0.66	0.32	0.32	0	0	0.66
159200	0.66	0.32	0.32	0	0	0.66
159300	0.66	0.32	0.32	0	0	0.66
159400	0.66	0.32	0.32	0	0	0.66
159500	0.66	0.32	0.32	0	0	0.66
159600	0.66	0.32	0.32	0	0	0.66
159700	0.66	0.32	0.32	0	0	0.66
159800	0.66	0.32	0.32	0	0	0.66
159900	0.66	0.32	0.32	0	0	0.66
160000	0.66	0.32	0.32	0	0	0.66
160100	0.66	0.32	0.32	0	0	0.66
160200	0.66	0.32	0.32	0	0	0.66
160300	0.66	0.32	0.32	0	0	0.66
160400	0.66	0.32	0.32	0	0	0.66
160500	0.66	0.32	0.32	0	0	0.66
160600	0.66	0.32	0.32	0	0	0.66
160700	0.66	0.32	0.32	0	0	0.66
160800	0.66	0.32	0.32	0	0	0.66
160900	0.66	0.32	0.32	0	0	0.66
161000	0.66	0.32	0.32	0	0	0.66
161100	0.66	0.32	0.32	0	0	0.66
161200	0.66	0.32	0.32	0	0	0.66
161300	0.66	0.32	0.32	0	0	0.66
161400	0.66	0.32	0.32	0	0	0.66
161500	0.66	0.32	0.32	0	0	0.66
161600	0.66	0.32	0.32	0	0	0.66
161700	0.66	0.32	0.32	0	0	0.66
161800	0.66	0.32	0.32	0	0	0.66
161900	0.66	0.32	0.32	0	0	0.66
162000	0.66	0.32	0.32	0	0	0.66
162100	0.66	0.32	0.32	0	0	0.66
162200	0.66	0.32	0.32	0	0	0.66
162300	0.66	0.32	0.32	0	0	0.66
162400	0.67	0.32	0.32	0	0	0.67
162500	0.67	0.32	0.32	0	0	0.67
162600	0.67	0.32	0.32	0	0	0.67
162700	0.67	0.32	0.32	0	0	0.67
162800	0.67	0.32	0.32	0	0	0.67
162900	0.67	0.32	0.32	0	0	0.67
163000	0.67	0.32	0.32	0	0	0.67
163100	0.66	0.32	0.32	0	0	0.66
163200	0.66	0.32	0.32	0	0	0.66
163300	0.66	0.32	0.32	0	0	0.66
163400	0.66	0.32	0.32	0	0	0.66
163500	0.66	0.32	0.32	0	0	0.66
163600	0.66	0.32	0.32	0	0	0.66
163700	0.66	0.32	0.32	0	0	0.66
163800	0.66	0.32	0.32	0	0	0.66
163900	0.66	0.32	0.32	0	0	0.66
164000	0.66	0.32	0.32	0	0	0.66
164100	0.66	0.31	0.31	0	0	0.66
164200	0.66	0.31	0.31	0	0	0.66
164300	0.66	0.31	0.31	0	0	0.66
164400	0.66	0.31	0.31	0	0	0.66
164500	0.66	0.31	0.31	0	0	0.66
164600	0.66	0.31	0.31	0	0	0.66
164700	0.66	0.31	0.31	0	0	0.66
164800	0.66	0.31	0.31	0	0	0.66
164900	0.66	0.31	0.31	0	0	0.66
165000	0.66	0.31	0.31	0	0	0.66
165100	0.66	0.31	0.31	0	0	0.66
165200	0.66	0.31	0.31	0	0	0.66
165300	0.66	0.31	0.31	0	0	0.66
165400	0.66	0.31	0.31	0	0	0.66
165500	0.66	0.31	0.31	0	0	0.66
165600	0.66	0.31	0.31	0	0	0.66
165700	0.66	0.31	0.31	0	0	0.66
165800	0.66	0.31	0.31	0	0	0.66
165900	0.66	0.31	0.31	0	0	0.66
166000	0.66	0.31	0.31	0	0	0.66
166100	0.66	0.31	0.31	0	0	0.66
166200	0.66	0.31	0.31	0	0	0.66
166300	0.66	0.31	0.31	0	0	0.66
166400	0.66	0.31	0.31	0	0	0.66
166500	0.66	0.31	0.31	0	0	0.66
166600	0.66	0.31	0.31	0	0	0.66
166700	0.66	0.31	0.31	0	0	0.66
166800	0.66	0.32	0.32	0	0	0.66
166900	0.66	0.32	0.32	0	0	0.66
167000	0.66	0.32	0.32	0	0	0.66
167100	0.66	0.32	0.32	0	0	0.66
167200	0.66	0.32	0.32	0	0	0.66
167300	0.66	0.32	0.32	0	0	0.66
167400	0.66	0.32	0.32	0	0	0.66
167500	0.66	0.32	0.32	0	0	0.66
167600	0.66	0.32	0.32	0	0	0.66
167700	0.66	0.32	0.32	0	0	0.66
167800	0.66	0.32	0.32	0	0	0.66
167900	0.66	0.32	0.32	0	0	0.66
168000	0.66	0.32	0.32	0	0	0.66
168100	0.66	0.32	0.32	0	0	0.66
168200	0.66	0.32	0.32	0	0	0.66
168300	0.66	0.32	0.32	0	0	0.66
168400	0.66	0.32	0.32	0	0	0.66
168500	0.66	0.32	0.32	0	0	0.66
168600	0.66	0.32	0.32	0	0	0.66
168700	0.66	0.32	0.32	0	0	0.66
168800	0.66	0.32	0.32	0	0	0.66
168900	0.66	0.32	0.32	0	0	0.66
169000	0.66	0.32	0.32	0	0	0.66
169100	0.66	0.32	0.32	0	0	0.66
169200	0.66	0.32	0.32	0	0	0.66
169300	0.66	0.32	0.32	0	0	0.66
169400	0.66	0.32	0.32	0	0	0.66
169500	0.66	0.32	0.32	0	0	0.66
169600	0.66	0.32	0.32	0	0	0.66
169700	0.66	0.32	0.32	0	0	0.66
169800	0.66	0.32	0.32	0	0	0.66
169900	0.66	0.32	0.32	0	0	0.66
170000	0.66	0.32	0.32	0	0	0.66
170100	0.66	0.32	0.32	0	0	0.66
170200	0.66	0.32	0.32	0	0	0.66
170300	0.66	0.32	0.32	0	0	0.66
170400	0.66	0.32	0.32	0	0	0.66
170500	0.66	0.32	0.32	0	0	0.66
170600	0.66	0.32	0.32	0	0	0.66
170700	0.66	0.32	0.32	0	0	0.66
170800	0.66	0.32	0.32	0	0	0.66
170900	0.66	0.32	0.32	0	0	0.66
171000	0.66	0.32	0.32	0	0	0.66
171100	0.66	0.32	0.32	0	0	0.66
171200	0.66	0.32	0.32	0	0	0.66
171300	0.66	0.32	0.32	0	0	0.66
171400	0.66	0.32	0.32	0	0	0.66
171500	0.66	0.32	0.32	0	0	0.66
171600	0.66	0.32	0.32	0	0	0.66
171700	0.66	0.32	0.32	0	0	0.66
171800	0.66	0.32	0.32	0	0	0.66
171900	0.66	0.32	0.32	0	0	0.66
172000	0.66	0.32	0.32	0	0	0.66
172100	0.66	0.32	0.32	0	0	0.66
172200	0.66	0.32	0.32	0	0	0.66
172300	0.66	0.32	0.32	0	0	0.66
172400	0.66	0.32	0.32	0	0	0.66
172500	0.66	0.32	0.32	0	0	0.66
172600	0.66	0.32	0.32	0	0	0.66
172700	0.66	0.32	0.32	0	0	0.66
172800	0.66	0.32	0.32	0	0	0.66
172900	0.66	0.32	0.32	0	0	0.66
173000	0.66	0.32	0.32	0	0	0.66
173100	0.66	0.32	0.32	0	0	0.66
173200	0.66	0.32	0.32	0	0	0.66
173300	0.66	0.32	0.32	0	0	0.66
173400	0.66	0.32	0.32	0	0	0.66
173500	0.66	0.32	0.32	0	0	0.66
173600	0.66	0.32	0.32	0	0	0.66
173700	0.66	0.32	0.32	0	0	0.66
173800	0.66	0.32	0.32	0	0	0.66
173900	0.66	0.32	0.32	0	0	0.66
174000	0.66	0.32	0.32	0	0	0.66
174100	0.66	0.32	0.32	0	0	0.66
174200	0.66	0.32	0.32	0	0	0.66
174300	0.66	0.32	0.32	0	0	0.66
174400	0.66	0.32	0.32	0	0	0.66
174500	0.66	0.32	0.32	0	0	0.66
174600	0.66	0.32	0.32	0	0	0.66
174700	0.66	0.32	0.32	0	0	0.66
174800	0.66	0.32	0.32	0	0	0.66
174900	0.66	0.32	0.32	0	0	0.66
175000	0.66	0.32	0.32	0	0	0.66
175100	0.66	0.32	0.32	0	0	0.66
175200	0.66	0.32	0.32	0	0	0.66
175300	0.66	0.32	0.32	0	0	0.66
175400	0.66	0.32	0.32	0	0	0.66
175500	0.66	0.32	0.32	0	0	0.66
175600	0.66	0.32	0.32	0	0	0.66
175700	0.66	0.32	0.32	0	0	0.66
175800	0.66	0.32	0.32	0	0	0.66
175900	0.66	0.32	0.32	0	0	0.66
176000	0.66	0.32	0.32	0	0	0.66
176100	0.66	0.32	0.32	0	0	0.66
176200	0.66	0.32	0.32	0	0	0.66
176300	0.66	0.32	0.32	0	0	0.66
176400	0.66	0.32	0.32	0	0	0.66
176500	0.66	0.32	0.32	0	0	0.66
176600	0.66	0.32	0.32	0	0	0.66
176700	0.66	0.32	0.32	0	0	0.66
176800	0.66	0.32	0.32	0	0	0.66
176900	0.66	0.32	0.32	0	0	0.66
177000	0.66	0.32	0.32	0	0	0.66
177100	0.66	0.32	0.32	0	0	0.66
177200	0.66	0.32	0.32	0	0	0.66
177300	0.66	0.32	0.32	0	0	0.66
177400	0.66	0.32	0.32	0	0	0.66
177500	0.66	0.32	0.32	0	0	0.66
177600	0.66	0.32	0.32	0	0	0.66
177700	0.66	0.32	0.32	0	0	0.66
177800	0.66	0.32	0.32	0	0	0.66
177900	0.66	0.32	0.32	0	0	0.66
178000	0.66	0.32	0.32	0	0	0.66
178100	0.66	0.32	0.32	0	0	0.66
178200	0.66	0.32	0.32	0	0	0.66
178300	0.66	0.32	0.32	0	0	0.66
178400	0.66	0.32	0.32	0	0	0.66
178500	0.66	0.32	0.32	0	0	0.66
178600	0.66	0.32	0.32	0	0	0.66
178700	0.66	0.32	0.32	0	0	0.66
178800	0.66	0.32	0.32	0	0	0.66
178900	0.66	0.32	0.32	0	0	0.66
179000	0.66	0.32	0.32	0	0	0.66
179100	0.66	0.32	0.32	0	0	0.66
179200	0.66	0.32	0.32	0	0	0.66
179300	0.66	0.32	0.32	0	0	0.66
179400	0.66	0.32	0.32	0	0	0.66
179500	0.66	0.32	0.32	0	0	0.66
179600	0.67	0.32	0.32	0	0	0.67
179700	0.67	0.32	0.32	0	0	0.67
179800	0.67	0.32	0.32	0	0	0.67
179900	0.67	0.32	0.32	0	0	0.67
180000	0.67	0.32	0.32	0	0	0.67
180100	0.67	0.32	0.32	0	0	0.67
180200	0.67	0.32	0.32	0	0	0.67
180300	0.67	0.32	0.32	0	0	0.67
180400	0.67	0.32	0.32	0	0	0.67
180500	0.67	0.32	0.32	0	0	0.67
180600	0.67	0.32	0.32	0	0	0.67
180700	0.67	0.32	0.32	0	0	0.67
180800	0.67	0.32	0.32	0	0	0.67
180900	0.67	0.32	0.32	0	0	0.67
181000	0.67	0.32	0.32	0	0	0.67
181100	0.67	0.32	0.32	0	0	0.67
181200	0.67	0.32	0.32	0	0	0.67
181300	0.67	0.32	0.32	0	0	0.67
181400	0.67	0.32	0.32	0	0	0.67
181500	0.67	0.32	0.32	0	0	0.67
181600	0.67	0.32	0.32	0	0	0.67
181700	0.67	0.32	0.32	0	0	0.67
181800	0.67	0.32	0.32	0	0	0.67
181900	0.67	0.32	0.32	0	0	0.67
182000	0.67	0.32	0.32	0	0	0.67
182100	0.67	0.32	0.32	0	0	0.67
182200	0.67	0.32	0.32	0	0	0.67
182300	0.67	0.32	0.32	0	0	0.67
182400	0.67	0.32	0.32	0	0	0.67
182500	0.67	0.32	0.32	0	0	0.67
182600	0.67	0.32	0.32	0	0	0.67
182700	0.67	0.32	0.32	0	0	0.67
182800	0.67	0.32	0.32	0	0	0.67
182900	0.67	0.32	0.32	0	0	0.67
183000	0.67	0.32	0.32	0	0	0.67
183100	0.67	0.32	0.32	0	0	0.67
183200	0.67	0.32	0.32	0	0	0.67
183300	0.67	0.32	0.32	0	0	0.67
183400	0.67	0.32	0.32	0	0	0.67
183500	0.67	0.32	0.32	0	0	0.67
183600	0.67	0.32	0.32	0	0	0.67
183700	0.67	0.32	0.32	0	0	0.67
183800	0.67	0.32	0.32	0	0	0.67
183900	0.67	0.32	0.32	0	0	0.67
184000	0.67	0.32	0.32	0	0	0.67
184100	0.67	0.32	0.32	0	0	0.67
184200	0.67	0.32	0.32	0	0	0.67
184300	0.67	0.32	0.32	0	0	0.67
184400	0.67	0.32	0.32	0	0	0.67
184500	0.67	0.32	0.32	0	0	0.67
184600	0.67	0.32	0.32	0	0	0.67
184700	0.67	0.32	0.32	0	0	0.67
184800	0.67	0.32	0.32	0	0	0.67
184900	0.67	0.32	0.32	0	0	0.67
185000	0.67	0.32	0.32	0	0	0.67
185100	0.67	0.32	0.32	0	0	0.67
185200	0.67	0.32	0.32	0	0	0.67
185300	0.67	0.32	0.32	0	0	0.67
185400	0.67	0.32	0.32	0	0	0.67
185500	0.67	0.32	0.32	0	0	0.67
185600	0.67	0.32	0.32	0	0	0.67
185700	0.67	0.32	0.32	0	0	0.67
185800	0.67	0.32	0.32	0	0	0.67
185900	0.67	0.32	0.32	0	0	0.67
186000	0.67	0.32	0.32	0	0	0.67
186100	0.67	0.32	0.32	0	0	0.67
186200	0.67	0.32	0.32	0	0	0.67
186300	0.67	0.32	0.32	0	0	0.67
186400	0.67	0.32	0.32	0	0	0.67
186500	0.67	0.32	0.32	0	0	0.67
186600	0.67	0.32	0.32	0	0	0.67
186700	0.67	0.32	0.32	0	0	0.67
186800	0.67	0.32	0.32	0	0	0.67
186900	0.67	0.32	0.32	0	0	0.67
187000	0.67	0.32	0.32	0	0	0.67
187100	0.67	0.32	0.32	0	0	0.67
187200	0.67	0.32	0.32	0	0	0.67
187300	0.67	0.32	0.32	0	0	0.67
187400	0.67	0.32	0.32	0	0	0.67
187500	0.67	0.32	0.32	0	0	0.67
187600	0.67	0.32	0.32	0	0	0.67
187700	0.67	0.32	0.32	0	0	0.67
187800	0.67	0.32	0.32	0	0	0.67
187900	0.67	0.32	0.32	0	0	0.67
188000	0.67	0.32	0.32	0	0	0.67
188100	0.67	0.32	0.32	0	0	0.67
188200	0.67	0.32	0.32	0	0	0.67
188300	0.67	0.32	0.32	0	0	0.67
188400	0.67	0.32	0.32	0	0	0.67
188500	0.67	0.32	0.32	0	0	0.67
188600	0.67	0.32	0.32	0	0	0.67
188700	0.67	0.32	0.32	0	0	0.67
188800	0.67	0.32	0.32	0	0	0.67
188900	0.67	0.32	0.32	0	0	0.67
189000	0.67	0.32	0.32	0	0	0.67
189100	0.67	0.32	0.32	0	0	0.67
189200	0.67	0.32	0.32	0	0	0.67
189300	0.67	0.32	0.32	0	0	0.67
189400	0.67	0.32	0.32	0	0	0.67
189500	0.67	0.32	0.32	0	0	0.67
189600	0.67	0.32	0.32	0	0	0.67
189700	0.67	0.32	0.32	0	0	0.67
189800	0.67	0.32	0.32	0	0	0.67
189900	0.67	0.32	0.32	0	0	0.67
190000	0.67	0.32	0.32	0	0	0.67
190100	0.67	0.32	0.32	0	0	0.67
190200	0.67	0.32	0.32	0	0	0.67
190300	0.67	0.32	0.32	0	0	0.67
190400	0.67	0.32	0.32	0	0	0.67
190500	0.67	0.32	0.32	0	0	0.67
190600	0.67	0.32	0.32	0	0	0.67
190700	0.67	0.32	0.32	0	0	0.67
190800	0.67	0.32	0.32	0	0	0.67
190900	0.67	0.32	0.32	0	0	0.67
191000	0.67	0.32	0.32	0	0	0.67
191100	0.67	0.32	0.32	0	0	0.67
191200	0.67	0.32	0.32	0	0	0.67
191300	0.67	0.32	0.32	0	0	0.67
191400	0.67	0.32	0.32	0	0	0.67
191500	0.67	0.32	0.32	0	0	0.67
191600	0.67	0.32	0.32	0	0	0.67
191700	0.67	0.32	0.32	0	0	0.67
191800	0.67	0.32	0.32	0	0	0.67
191900	0.67	0.32	0.32	0	0	0.67
192000	0.67	0.32	0.32	0	0	0.67
192100	0.67	0.32	0.32	0	0	0.67
192200	0.67	0.32	0.32	0	0	0.67
192300	0.67	0.32	0.32	0	0	0.67
192400	0.67	0.32	0.32	0	0	0.67
192500	0.67	0.32	0.32	0	0	0.67
192600	0.67	0.32	0.32	0	0	0.67
192700	0.67	0.32	0.32	0	0	0.67
192800	0.67	0.32	0.32	0	0	0.67
192900	0.67	0.32	0.32	0	0	0.67
193000	0.67	0.32	0.32	0	0	0.67
193100	0.67	0.32	0.32	0	0	0.67
193200	0.67	0.32	0.32	0	0	0.67
193300	0.67	0.32	0.32	0	0	0.67
193400	0.67	0.32	0.32	0	0	0.67
193500	0.67	0.32	0.32	0	0	0.67
193600	0.67	0.32	0.32	0	0	0.67
193700	0.67	0.32	0.32	0	0	0.67
193800	0.67	0.32	0.32	0	0	0.67
193900	0.67	0.32	0.32	0	0	0.67
194000	0.67	0.32	0.32	0	0	0.67
194100	0.67	0.32	0.32	0	0	0.67
194200	0.67	0.32	0.32	0	0	0.67
194300	0.67	0.32	0.32	0	0	0.67
194400	0.67	0.32	0.32	0	0	0.67
194500	0.67	0.32	0.32	0	0	0.67
194600	0.67	0.32	0.32	0	0	0.67
194700	0.67	0.32	0.32	0	0	0.67
194800	0.67	0.32	0.32	0	0	0.67
194900	0.67	0.32	0.32	0	0	0.67
195000	0.67	0.32	0.32	0	0	0.67
195100	0.67	0.32	0.32	0	0	0.67
195200	0.67	0.32	0.32	0	0	0.67
195300	0.67	0.32	0.32	0	0	0.67
195400	0.67	0.32	0.32	0	0	0.67
195500	0.67	0.32	0.32	0	0	0.67
195600	0.67	0.32	0.32	0	0	0.67
195700	0.67	0.32	0.32	0	0	0.67
195800	0.67	0.32	0.32	0	0	0.67
195900	0.67	0.32	0.32	0	0	0.67
196000	0.67	0.32	0.32	0	0	0.67
196100	0.67	0.32	0.32	0	0	0.67
196200	0.67	0.32	0.32	0	0	0.67
196300	0.67	0.32	0.32	0	0	0.67
196400	0.67	0.32	0.32	0	0	0.67
196500	0.67	0.32	0.32	0	0	0.67
196600	0.67	0.32	0.32	0	0	0.67
196700	0.67	0.32	0.32	0	0	0.67
196800	0.67	0.32	0.32	0	0	0.67
196900	0.67	0.32	0.32	0	0	0.67
197000	0.67	0.32	0.32	0	0	0.67
197100	0.66	0.32	0.32	0	0	0.66
197200	0.66	0.32	0.32	0	0	0.66
197300	0.66	0.32	0.32	0	0	0.66
197400	0.66	0.32	0.32	0	0	0.66
197500	0.66	0.32	0.32	0	0	0.66
197600	0.66	0.33	0.33	0	0	0.66
197700	0.66	0.33	0.33	0	0	0.66
197800	0.66	0.33	0.33	0	0	0.66
197900	0.66	0.33	0.33	0	0	0.66
198000	0.66	0.33	0.33	0	0	0.66
198100	0.66	0.33	0.33	0	0	0.66
198200	0.66	0.33	0.33	0	0	0.66
198300	0.66	0.33	0.33	0	0	0.66
198400	0.66	0.33	0.33	0	0	0.66
198500	0.66	0.33	0.33	0	0	0.66
198600	0.66	0.33	0.33	0	0	0.66
198700	0.66	0.33	0.33	0	0	0.66
198800	0.66	0.33	0.33	0	0	0.66
198900	0.66	0.33	0.33	0	0	0.66
199000	0.66	0.33	0.33	0	0	0.66
199100	0.66	0.33	0.33	0	0	0.66
199200	0.66	0.33	0.33	0	0	0.66
199300	0.66	0.33	0.33	0	0	0.66
199400	0.66	0.33	0.33	0	0	0.66
199500	0.66	0.33	0.33	0	0	0.66
199600	0.66	0.33	0.33	0	0	0.66
199700	0.66	0.33	0.33	0	0	0.66
199800	0.66	0.33	0.33	0	0	0.66
199900	0.66	0.33	0.33	0	0	0.66
200000	0.66	0.33	0.33	0	0	0.66
200100	0.66	0.33	0.33	0	0	0.66
200200	0.66	0.33	0.33	0	0	0.66
200300	0.66	0.33	0.33	0	0	0.66
200400	0.66	0.33	0.33	0	0	0.66
200500	0.66	0.33	0.33	0	0	0.66
200600	0.66	0.33	0.33	0	0	0.66
200700	0.66	0.33	0.33	0	0	0.66
200800	0.66	0.33	0.33	0	0	0.66
200900	0.66	0.33	0.33	0	0	0.66
201000	0.66	0.33	0.33	0	0	0.66
201100	0.66	0.33	0.33	0	0	0.66
201200	0.66	0.33	0.33	0	0	0.66
201300	0.66	0.33	0.33	0	0	0.66
201400	0.66	0.33	0.33	0	0	0.66
201500	0.66	0.33	0.33	0	0	0.66
201600	0.66	0.33	0.33	0	0	0.66
201700	0.66	0.33	0.33	0	0	0.66
201800	0.66	0.33	0.33	0	0	0.66
201900	0.66	0.33	0.33	0	0	0.66
202000	0.66	0.33	0.33	0	0	0.66
202100	0.66	0.33	0.33	0	0	0.66
202200	0.66	0.33	0.33	0	0	0.66
202300	0.66	0.33	0.33	0	0	0.66
202400	0.66	0.33	0.33	0	0	0.66
202500	0.66	0.33	0.33	0	0	0.66
202600	0.66	0.33	0.33	0	0	0.66
202700	0.66	0.33	0.33	0	0	0.66
202800	0.66	0.33	0.33	0	0	0.66
202900	0.66	0.33	0.33	0	0	0.66
203000	0.66	0.33	0.33	0	0	0.66
203100	0.66	0.33	0.33	0	0	0.66
203200	0.66	0.33	0.33	0	0	0.66
203300	0.66	0.33	0.33	0	0	0.66
203400	0.66	0.33	0.33	0	0	0.66
203500	0.66	0.33	0.33	0	0	0.66
203600	0.66	0.33	0.33	0	0	0.66
203700	0.65	0.33	0.33	0	0	0.65
203800	0.65	0.33	0.33	0	0	0.65
203900	0.65	0.33	0.33	0	0	0.65
204000	0.65	0.33	0.33	0	0	0.65
204100	0.65	0.33	0.33	0	0	0.65
204200	0.65	0.33	0.33	0	0	0.65
204300	0.65	0.33	0.33	0	0	0.65
204400	0.65	0.32	0.32	0	0	0.65
204500	0.65	0.32	0.32	0	0	0.65
204600	0.65	0.32	0.32	0	0	0.65
204700	0.65	0.32	0.32	0	0	0.65
204800	0.65	0.32	0.32	0	0	0.65
204900	0.65	0.32	0.32	0	0	0.65
205000	0.65	0.32	0.32	0	0	0.65
205100	0.65	0.32	0.32	0	0	0.65
205200	0.65	0.32	0.32	0	0	0.65
205300	0.65	0.32	0.32	0	0	0.65
205400	0.65	0.32	0.32	0	0	0.65
205500	0.65	0.32	0.32	0	0	0.65
205600	0.65	0.32	0.32	0	0	0.65
205700	0.65	0.32	0.32	0	0	0.65
205800	0.65	0.32	0.32	0	0	0.65
205900	0.65	0.32	0.32	0	0	0.65
206000	0.65	0.32	0.32	0	0	0.65
206100	0.65	0.32	0.32	0	0	0.65
206200	0.65	0.32	0.32	0	0	0.65
206300	0.65	0.32	0.32	0	0	0.65
206400	0.65	0.32	0.32	0	0	0.65
206500	0.65	0.32	0.32	0	0	0.65
206600	0.65	0.32	0.32	0	0	0.65
206700	0.65	0.32	0.32	0	0	0.65
206800	0.65	0.32	0.32	0	0	0.65
206900	0.65	0.32	0.32	0	0	0.65
207000	0.65	0.32	0.32	0	0	0.65
207100	0.65	0.32	0.32	0	0	0.65
207200	0.65	0.32	0.32	0	0	0.65
207300	0.65	0.32	0.32	0	0	0.65
207400	0.65	0.32	0.32	0	0	0.65
207500	0.65	0.33	0.33	0	0	0.65
207600	0.65	0.33	0.33	0	0	0.65
207700	0.65	0.33	0.33	0	0	0.65
207800	0.65	0.33	0.33	0	0	0.65
207900	0.65	0.33	0.33	0	0	0.65
208000	0.65	0.33	0.33	0	0	0.65
208100	0.65	0.32	0.32	0	0	0.65
208200	0.65	0.32	0.32	0	0	0.65
208300	0.65	0.32	0.32	0	0	0.65
208400	0.65	0.32	0.32	0	0	0.65
208500	0.66	0.32	0.32	0	0	0.66
208600	0.66	0.32	0.32	0	0	0.66
208700	0.66	0.32	0.32	0	0	0.66
208800	0.66	0.32	0.32	0	0	0.66
208900	0.66	0.32	0.32	0	0	0.66
209000	0.66	0.32	0.32	0	0	0.66
209100	0.66	0.32	0.32	0	0	0.66
209200	0.66	0.32	0.32	0	0	0.66
209300	0.66	0.32	0.32	0	0	0.66
209400	0.66	0.32	0.32	0	0	0.66
209500	0.66	0.32	0.32	0	0	0.66
209600	0.66	0.32	0.32	0	0	0.66
209700	0.66	0.32	0.32	0	0	0.66
209800	0.66	0.32	0.32	0	0	0.66
209900	0.66	0.32	0.32	0	0	0.66
210000	0.66	0.32	0.32	0	0	0.66
210100	0.66	0.32	0.32	0	0	0.66
210200	0.66	0.32	0.32	0	0	0.66
210300	0.66	0.32	0.32	0	0	0.66
210400	0.66	0.32	0.32	0	0	0.66
210500	0.66	0.32	0.32	0	0	0.66
210600	0.66	0.32	0.32	0	0	0.66
210700	0.66	0.32	0.32	0	0	0.66
210800	0.66	0.32	0.32	0	0	0.66
210900	0.66	0.32	0.32	0	0	0.66
211000	0.66	0.32	0.32	0	0	0.66
211100	0.66	0.32	0.32	0	0	0.66
211200	0.66	0.32	0.32	0	0	0.66
211300	0.66	0.32	0.32	0	0	0.66
211400	0.66	0.32	0.32	0	0	0.66
211500	0.66	0.32	0.32	0	0	0.66
211600	0.66	0.32	0.32	0	0	0.66
211700	0.66	0.32	0.32	0	0	0.66
211800	0.66	0.32	0.32	0	0	0.66
211900	0.66	0.32	0.32	0	0	0.66
212000	0.66	0.32	0.32	0	0	0.66
212100	0.66	0.32	0.32	0	0	0.66
212200	0.66	0.32	0.32	0	0	0.66
212300	0.66	0.32	0.32	0	0	0.66
212400	0.66	0.32	0.32	0	0	0.66
212500	0.66	0.32	0.32	0	0	0.66
212600	0.66	0.32	0.32	0	0	0.66
212700	0.66	0.32	0.32	0	0	0.66
212800	0.66	0.32	0.32	0	0	0.66
212900	0.66	0.32	0.32	0	0	0.66
213000	0.66	0.32	0.32	0	0	0.66
213100	0.66	0.32	0.32	0	0	0.66
213200	0.66	0.32	0.32	0	0	0.66
213300	0.66	0.32	0.32	0	0	0.66
213400	0.66	0.32	0.32	0	0	0.66
213500	0.66	0.32	0.32	0	0	0.66
213600	0.66	0.32	0.32	0	0	0.66
213700	0.66	0.32	0.32	0	0	0.66
213800	0.66	0.32	0.32	0	0	0.66
213900	0.66	0.32	0.32	0	0	0.66
214000	0.66	0.32	0.32	0	0	0.66
214100	0.66	0.32	0.32	0	0	0.66
214200	0.66	0.32	0.32	0	0	0.66
214300	0.66	0.32	0.32	0	0	0.66
214400	0.66	0.32	0.32	0	0	0.66
214500	0.66	0.32	0.32	0	0	0.66
214600	0.66	0.32	0.32	0	0	0.66
214700	0.66	0.32	0.32	0	0	0.66
214800	0.66	0.32	0.32	0	0	0.66
214900	0.66	0.32	0.32	0	0	0.66
215000	0.66	0.32	0.32	0	0	0.66
215100	0.66	0.32	0.32	0	0	0.66
215200	0.67	0.32	0.32	0	0	0.67
215300	0.67	0.32	0.32	0	0	0.67
215400	0.67	0.32	0.32	0	0	0.67
215500	0.67	0.32	0.32	0	0	0.67
215600	0.66	0.32	0.32	0	0	0.66
215700	0.66	0.32	0.32	0	0	0.66
215800	0.66	0.32	0.32	0	0	0.66
215900	0.66	0.32	0.32	0	0	0.66
216000	0.66	0.32	0.32	0	0	0.66
216100	0.66	0.32	0.32	0	0	0.66
216200	0.66	0.32	0.32	0	0	0.66
216300	0.66	0.32	0.32	0	0	0.66
216400	0.66	0.32	0.32	0	0	0.66
216500	0.66	0.32	0.32	0	0	0.66
216600	0.66	0.32	0.32	0	0	0.66
216700	0.66	0.32	0.32	0	0	0.66
216800	0.66	0.32	0.32	0	0	0.66
216900	0.66	0.32	0.32	0	0	0.66
217000	0.66	0.32	0.32	0	0	0.66
217100	0.66	0.32	0.32	0	0	0.66
217200	0.66	0.32	0.32	0	0	0.66
217300	0.66	0.32	0.32	0	0	0.66
217400	0.66	0.32	0.32	0	0	0.66
217500	0.66	0.32	0.32	0	0	0.66
217600	0.66	0.32	0.32	0	0	0.66
217700	0.66	0.32	0.32	0	0	0.66
217800	0.66	0.32	0.32	0	0	0.66
217900	0.66	0.32	0.32	0	0	0.66
218000	0.66	0.32	0.32	0	0	0.66
218100	0.66	0.32	0.32	0	0	0.66
218200	0.66	0.32	0.32	0	0	0.66
218300	0.66	0.32	0.32	0	0	0.66
218400	0.66	0.32	0.32	0	0	0.66
218500	0.66	0.32	0.32	0	0	0.66
218600	0.66	0.32	0.32	0	0	0.66
218700	0.66	0.32	0.32	0	0	0.66
218800	0.66	0.32	0.32	0	0	0.66
218900	0.66	0.32	0.32	0	0	0.66
219000	0.66	0.32	0.32	0	0	0.66
219100	0.66	0.32	0.32	0	0	0.66
219200	0.66	0.32	0.32	0	0	0.66
219300	0.66	0.32	0.32	0	0	0.66
219400	0.66	0.32	0.32	0	0	0.66
219500	0.66	0.32	0.32	0	0	0.66
219600	0.66	0.32	0.32	0	0	0.66
219700	0.66	0.32	0.32	0	0	0.66
219800	0.66	0.32	0.32	0	0	0.66
219900	0.66	0.32	0.32	0	0	0.66
220000	0.66	0.32	0.32	0	0	0.66
220100	0.66	0.32	0.32	0	0	0.66
220200	0.66	0.32	0.32	0	0	0.66
220300	0.66	0.32	0.32	0	0	0.66
220400	0.66	0.32	0.32	0	0	0.66
220500	0.66	0.32	0.32	0	0	0.66
220600	0.66	0.32	0.32	0	0	0.66
220700	0.66	0.32	0.32	0	0	0.66
220800	0.66	0.32	0.32	0	0	0.66
220900	0.66	0.32	0.32	0	0	0.66
221000	0.66	0.32	0.32	0	0	0.66
221100	0.66	0.32	0.32	0	0	0.66
221200	0.66	0.32	0.32	0	0	0.66
221300	0.67	0.32	0.32	0	0	0.67
221400	0.67	0.32	0.32	0	0	0.67
221500	0.67	0.32	0.32	0	0	0.67
221600	0.67	0.32	0.32	0	0	0.67
221700	0.67	0.32	0.32	0	0	0.67
221800	0.67	0.32	0.32	0	0	0.67
221900	0.67	0.32	0.32	0	0	0.67
222000	0.67	0.32	0.32	0	0	0.67
222100	0.67	0.32	0.32	0	0	0.67
222200	0.67	0.32	0.32	0	0	0.67
222300	0.67	0.32	0.32	0	0	0.67
222400	0.67	0.32	0.32	0	0	0.67
222500	0.67	0.32	0.32	0	0	0.67
222600	0.67	0.32	0.32	0	0	0.67
222700	0.67	0.32	0.32	0	0	0.67
222800	0.67	0.32	0.32	0	0	0.67
222900	0.67	0.32	0.32	0	0	0.67
223000	0.67	0.32	0.32	0	0	0.67
223100	0.67	0.32	0.32	0	0	0.67
223200	0.67	0.32	0.32	0	0	0.67
223300	0.67	0.32	0.32	0	0	0.67
223400	0.67	0.32	0.32	0	0	0.67
223500	0.67	0.32	0.32	0	0	0.67
223600	0.67	0.32	0.32	0	0	0.67
223700	0.67	0.32	0.32	0	0	0.67
223800	0.67	0.32	0.32	0	0	0.67
223900	0.67	0.32	0.32	0	0	0.67
224000	0.67	0.32	0.32	0	0	0.67
224100	0.67	0.32	0.32	0	0	0.67
224200	0.67	0.32	0.32	0	0	0.67
224300	0.67	0.32	0.32	0	0	0.67
224400	0.67	0.32	0.32	0	0	0.67
224500	0.67	0.32	0.32	0	0	0.67
224600	0.67	0.32	0.32	0	0	0.67
224700	0.67	0.32	0.32	0	0	0.67
224800	0.67	0.32	0.32	0	0	0.67
224900	0.67	0.32	0.32	0	0	0.67
225000	0.67	0.32	0.32	0	0	0.67
225100	0.67	0.32	0.32	0	0	0.67
225200	0.67	0.32	0.32	0	0	0.67
225300	0.67	0.32	0.32	0	0	0.67
225400	0.67	0.32	0.32	0	0	0.67
225500	0.67	0.32	0.32	0	0	0.67
225600	0.67	0.32	0.32	0	0	0.67
225700	0.67	0.32	0.32	0	0	0.67
225800	0.67	0.32	0.32	0	0	0.67
225900	0.67	0.32	0.32	0	0	0.67
226000	0.67	0.32	0.32	0	0	0.67
226100	0.67	0.32	0.32	0	0	0.67
226200	0.67	0.32	0.32	0	0	0.67
226300	0.67	0.32	0.32	0	0	0.67
226400	0.67	0.32	0.32	0	0	0.67
226500	0.67	0.32	0.32	0	0	0.67
226600	0.67	0.32	0.32	0	0	0.67
226700	0.67	0.32	0.32	0	0	0.67
226800	0.67	0.32	0.32	0	0	0.67
226900	0.67	0.32	0.32	0	0	0.67
227000	0.67	0.32	0.32	0	0	0.67
227100	0.67	0.32	0.32	0	0	0.67
227200	0.67	0.32	0.32	0	0	0.67
227300	0.67	0.32	0.32	0	0	0.67
227400	0.67	0.32	0.32	0	0	0.67
227500	0.67	0.32	0.32	0	0	0.67
227600	0.67	0.32	0.32	0	0	0.67
227700	0.67	0.32	0.32	0	0	0.67
227800	0.67	0.32	0.32	0	0	0.67
227900	0.67	0.32	0.32	0	0	0.67
228000	0.67	0.31	0.31	0	0	0.67
228100	0.67	0.31	0.31	0	0	0.67
228200	0.67	0.31	0.31	0	0	0.67
228300	0.67	0.31	0.31	0	0	0.67
228400	0.67	0.31	0.31	0	0	0.67
228500	0.67	0.31	0.31	0	0	0.67
228600	0.67	0.31	0.31	0	0	0.67
228700	0.67	0.31	0.31	0	0	0.67
228800	0.67	0.31	0.31	0	0	0.67
228900	0.67	0.3	0.3	0	0	0.67
229000	0.67	0.3	0.3	0	0	0.67
229100	0.67	0.3	0.3	0	0	0.67
229200	0.67	0.3	0.3	0	0	0.67
229300	0.67	0.3	0.3	0	0	0.67
229400	0.67	0.3	0.3	0	0	0.67
229500	0.67	0.31	0.31	0	0	0.67
229600	0.67	0.31	0.31	0	0	0.67
229700	0.67	0.31	0.31	0	0	0.67
229800	0.67	0.31	0.31	0	0	0.67
229900	0.67	0.31	0.31	0	0	0.67
230000	0.67	0.31	0.31	0	0	0.67
230100	0.67	0.31	0.31	0	0	0.67
230200	0.67	0.31	0.31	0	0	0.67
230300	0.67	0.3	0.3	0	0	0.67
230400	0.67	0.3	0.3	0	0	0.67
230500	0.67	0.3	0.3	0	0	0.67
230600	0.67	0.3	0.3	0	0	0.67
230700	0.67	0.3	0.3	0	0	0.67
230800	0.67	0.3	0.3	0	0	0.67
230900	0.67	0.3	0.3	0	0	0.67
231000	0.67	0.3	0.3	0	0	0.67
231100	0.67	0.3	0.3	0	0	0.67
231200	0.67	0.3	0.3	0	0	0.67
231300	0.67	0.3	0.3	0	0	0.67
231400	0.67	0.3	0.3	0	0	0.67
231500	0.67	0.3	0.3	0	0	0.67
231600	0.67	0.3	0.3	0	0	0.67
231700	0.67	0.3	0.3	0	0	0.67
231800	0.67	0.3	0.3	0	0	0.67
231900	0.67	0.31	0.31	0	0	0.67
232000	0.67	0.31	0.31	0	0	0.67
232100	0.67	0.3	0.3	0	0	0.67
232200	0.67	0.3	0.3	0	0	0.67
232300	0.67	0.31	0.31	0	0	0.67
232400	0.67	0.31	0.31	0	0	0.67
232500	0.67	0.31	0.31	0	0	0.67
232600	0.67	0.31	0.31	0	0	0.67
232700	0.67	0.31	0.31	0	0	0.67
232800	0.67	0.31	0.31	0	0	0.67
232900	0.67	0.31	0.31	0	0	0.67
233000	0.67	0.31	0.31	0	0	0.67
233100	0.67	0.31	0.31	0	0	0.67
233200	0.67	0.31	0.31	0	0	0.67
233300	0.67	0.31	0.31	0	0	0.67
233400	0.67	0.31	0.31	0	0	0.67
233500	0.67	0.31	0.31	0	0	0.67
233600	0.67	0.31	0.31	0	0	0.67
233700	0.67	0.31	0.31	0	0	0.67
233800	0.67	0.31	0.31	0	0	0.67
233900	0.67	0.31	0.31	0	0	0.67
234000	0.67	0.31	0.31	0	0	0.67
234100	0.67	0.31	0.31	0	0	0.67
234200	0.67	0.31	0.31	0	0	0.67
234300	0.67	0.31	0.31	0	0	0.67
234400	0.67	0.31	0.31	0	0	0.67
234500	0.67	0.31	0.31	0	0	0.67
234600	0.67	0.31	0.31	0	0	0.67
234700	0.67	0.31	0.31	0	0	0.67
234800	0.67	0.31	0.31	0	0	0.67
234900	0.67	0.31	0.31	0	0	0.67
235000	0.67	0.31	0.31	0	0	0.67
235100	0.67	0.3	0.3	0	0	0.67
235200	0.67	0.3	0.3	0	0	0.67
235300	0.67	0.3	0.3	0	0	0.67
235400	0.67	0.3	0.3	0	0	0.67
235500	0.67	0.3	0.3	0	0	0.67
235600	0.67	0.3	0.3	0	0	0.67
235700	0.67	0.3	0.3	0	0	0.67
235800	0.67	0.3	0.3	0	0	0.67
235900	0.67	0.3	0.3	0	0	0.67
236000	0.67	0.3	0.3	0	0	0.67
236100	0.67	0.3	0.3	0	0	0.67
236200	0.67	0.3	0.3	0	0	0.67
236300	0.67	0.3	0.3	0	0	0.67
236400	0.67	0.3	0.3	0	0	0.67
236500	0.67	0.3	0.3	0	0	0.67
236600	0.67	0.3	0.3	0	0	0.67
236700	0.67	0.3	0.3	0	0	0.67
236800	0.67	0.3	0.3	0	0	0.67
236900	0.67	0.3	0.3	0	0	0.67
237000	0.67	0.3	0.3	0	0	0.67
237100	0.67	0.31	0.31	0	0	0.67
237200	0.67	0.31	0.31	0	0	0.67
237300	0.67	0.3	0.3	0	0	0.67
237400	0.67	0.29	0.29	0	0	0.67
237500	0.67	0.29	0.29	0	0	0.67
237600	0.67	0.29	0.29	0	0	0.67
237700	0.67	0.29	0.29	0	0	0.67
237800	0.67	0.29	0.29	0	0	0.67
237900	0.67	0.29	0.29	0	0	0.67
238000	0.67	0.29	0.29	0	0	0.67
238100	0.67	0.29	0.29	0	0	0.67
238200	0.67	0.29	0.29	0	0	0.67
238300	0.67	0.29	0.29	0	0	0.67
238400	0.67	0.29	0.29	0	0	0.67
238500	0.67	0.29	0.29	0	0	0.67
238600	0.67	0.29	0.29	0	0	0.67
238700	0.67	0.29	0.29	0	0	0.67
238800	0.67	0.29	0.29	0	0	0.67
238900	0.67	0.29	0.29	0	0	0.67
239000	0.67	0.29	0.29	0	0	0.67
239100	0.67	0.3	0.3	0	0	0.67
239200	0.67	0.3	0.3	0	0	0.67
239300	0.67	0.31	0.31	0	0	0.67
239400	0.67	0.31	0.31	0	0	0.67
239500	0.67	0.31	0.31	0	0	0.67
239600	0.67	0.31	0.31	0	0	0.67
239700	0.67	0.31	0.31	0	0	0.67
239800	0.67	0.31	0.31	0	0	0.67
239900	0.67	0.31	0.31	0	0	0.67
240000	0.67	0.31	0.31	0	0	0.67
240100	0.67	0.31	0.31	0	0	0.67
240200	0.67	0.31	0.31	0	0	0.67
240300	0.67	0.31	0.31	0	0	0.67
240400	0.67	0.31	0.31	0	0	0.67
240500	0.67	0.31	0.31	0	0	0.67
240600	0.67	0.31	0.31	0	0	0.67
240700	0.67	0.31	0.31	0	0	0.67
240800	0.67	0.31	0.31	0	0	0.67
240900	0.67	0.31	0.31	0	0	0.67
241000	0.67	0.31	0.31	0	0	0.67
241100	0.66	0.31	0.31	0	0	0.66
241200	0.66	0.31	0.31	0	0	0.66
241300	0.66	0.31	0.31	0	0	0.66
241400	0.66	0.31	0.31	0	0	0.66
241500	0.66	0.32	0.32	0	0	0.66
241600	0.66	0.32	0.32	0	0	0.66
241700	0.66	0.32	0.32	0	0	0.66
241800	0.66	0.32	0.32	0	0	0.66
241900	0.66	0.32	0.32	0	0	0.66
242000	0.66	0.32	0.32	0	0	0.66
242100	0.66	0.32	0.32	0	0	0.66
242200	0.66	0.32	0.32	0	0	0.66
242300	0.66	0.32	0.32	0	0	0.66
242400	0.66	0.32	0.32	0	0	0.66
242500	0.66	0.32	0.32	0	0	0.66
242600	0.66	0.32	0.32	0	0	0.66
242700	0.66	0.32	0.32	0	0	0.66
242800	0.66	0.32	0.32	0	0	0.66
242900	0.66	0.32	0.32	0	0	0.66
243000	0.66	0.32	0.32	0	0	0.66
243100	0.66	0.32	0.32	0	0	0.66
243200	0.66	0.32	0.32	0	0	0.66
243300	0.66	0.32	0.32	0	0	0.66
243400	0.66	0.32	0.32	0	0	0.66
243500	0.66	0.32	0.32	0	0	0.66
243600	0.66	0.32	0.32	0	0	0.66
243700	0.66	0.32	0.32	0	0	0.66
243800	0.66	0.32	0.32	0	0	0.66
243900	0.66	0.32	0.32	0	0	0.66
244000	0.66	0.32	0.32	0	0	0.66
244100	0.66	0.32	0.32	0	0	0.66
244200	0.66	0.32	0.32	0	0	0.66
244300	0.66	0.32	0.32	0	0	0.66
244400	0.66	0.32	0.32	0	0	0.66
244500	0.66	0.32	0.32	0	0	0.66
244600	0.66	0.32	0.32	0	0	0.66
244700	0.66	0.32	0.32	0	0	0.66
244800	0.66	0.32	0.32	0	0	0.66
244900	0.66	0.32	0.32	0	0	0.66
245000	0.66	0.32	0.32	0	0	0.66
245100	0.66	0.32	0.32	0	0	0.66
245200	0.66	0.32	0.32	0	0	0.66
245300	0.66	0.32	0.32	0	0	0.66
245400	0.66	0.32	0.32	0	0	0.66
245500	0.66	0.32	0.32	0	0	0.66
245600	0.66	0.32	0.32	0	0	0.66
245700	0.66	0.32	0.32	0	0	0.66
245800	0.66	0.33	0.33	0	0	0.66
245900	0.66	0.33	0.33	0	0	0.66
246000	0.66	0.33	0.33	0	0	0.66
246100	0.66	0.33	0.33	0	0	0.66
246200	0.66	0.33	0.33	0	0	0.66
246300	0.66	0.33	0.33	0	0	0.66
246400	0.66	0.32	0.32	0	0	0.66
246500	0.66	0.32	0.32	0	0	0.66
246600	0.66	0.32	0.32	0	0	0.66
246700	0.66	0.32	0.32	0	0	0.66
246800	0.66	0.32	0.32	0	0	0.66
246900	0.66	0.32	0.32	0	0	0.66
247000	0.66	0.32	0.32	0	0	0.66
247100	0.66	0.32	0.32	0	0	0.66
247200	0.66	0.32	0.32	0	0	0.66
247300	0.66	0.33	0.33	0	0	0.66
247400	0.66	0.33	0.33	0	0	0.66
247500	0.66	0.33	0.33	0	0	0.66
247600	0.66	0.33	0.33	0	0	0.66
247700	0.66	0.33	0.33	0	0	0.66
247800	0.66	0.33	0.33	0	0	0.66
247900	0.65	0.33	0.33	0	0	0.65
248000	0.65	0.33	0.33	0	0	0.65
248100	0.65	0.33	0.33	0	0	0.65
248200	0.65	0.33	0.33	0	0	0.65
248300	0.65	0.33	0.33	0	0	0.65
248400	0.65	0.33	0.33	0	0	0.65
248500	0.65	0.33	0.33	0	0	0.65
248600	0.65	0.33	0.33	0	0	0.65
248700	0.65	0.33	0.33	0	0	0.65
248800	0.65	0.33	0.33	0	0	0.65
248900	0.65	0.33	0.33	0	0	0.65
249000	0.65	0.33	0.33	0	0	0.65
249100	0.65	0.33	0.33	0	0	0.65
249200	0.65	0.33	0.33	0	0	0.65
249300	0.65	0.33	0.33	0	0	0.65
249400	0.66	0.33	0.33	0	0	0.66
249500	0.66	0.33	0.33	0	0	0.66
249600	0.66	0.33	0.33	0	0	0.66
249700	0.66	0.33	0.33	0	0	0.66
249800	0.66	0.33	0.33	0	0	0.66
249900	0.66	0.33	0.33	0	0	0.66
250000	0.66	0.33	0.33	0	0	0.66
250100	0.66	0.33	0.33	0	0	0.66
250200	0.66	0.33	0.33	0	0	0.66
250300	0.66	0.33	0.33	0	0	0.66
250400	0.66	0.33	0.33	0	0	0.66
250500	0.65	0.33	0.33	0	0	0.65
250600	0.65	0.33	0.33	0	0	0.65
250700	0.65	0.33	0.33	0	0	0.65
250800	0.65	0.33	0.33	0	0	0.65
250900	0.65	0.33	0.33	0	0	0.65
251000	0.65	0.33	0.33	0	0	0.65
251100	0.65	0.33	0.33	0	0	0.65
251200	0.65	0.33	0.33	0	0	0.65
251300	0.65	0.33	0.33	0	0	0.65
251400	0.65	0.33	0.33	0	0	0.65
251500	0.65	0.33	0.33	0	0	0.65
251600	0.65	0.33	0.33	0	0	0.65
251700	0.65	0.33	0.33	0	0	0.65
251800	0.65	0.33	0.33	0	0	0.65
251900	0.65	0.33	0.33	0	0	0.65
252000	0.65	0.33	0.33	0	0	0.65
252100	0.65	0.33	0.33	0	0	0.65
252200	0.65	0.33	0.33	0	0	0.65
252300	0.65	0.33	0.33	0	0	0.65
252400	0.65	0.33	0.33	0	0	0.65
252500	0.65	0.33	0.33	0	0	0.65
252600	0.65	0.33	0.33	0	0	0.65
252700	0.65	0.33	0.33	0	0	0.65
252800	0.65	0.33	0.33	0	0	0.65
252900	0.65	0.33	0.33	0	0	0.65
253000	0.65	0.33	0.33	0	0	0.65
253100	0.65	0.33	0.33	0	0	0.65
253200	0.65	0.33	0.33	0	0	0.65
253300	0.65	0.33	0.33	0	0	0.65
253400	0.65	0.33	0.33	0	0	0.65
253500	0.65	0.33	0.33	0	0	0.65
253600	0.65	0.33	0.33	0	0	0.65
253700	0.65	0.33	0.33	0	0	0.65
253800	0.65	0.33	0.33	0	0	0.65
253900	0.65	0.33	0.33	0	0	0.65
254000	0.65	0.33	0.33	0	0	0.65
254100	0.65	0.33	0.33	0	0	0.65
254200	0.65	0.33	0.33	0	0	0.65
254300	0.65	0.33	0.33	0	0	0.65
254400	0.65	0.33	0.33	0	0	0.65
254500	0.65	0.33	0.33	0	0	0.65
254600	0.65	0.33	0.33	0	0	0.65
254700	0.65	0.33	0.33	0	0	0.65
254800	0.65	0.33	0.33	0	0	0.65
254900	0.65	0.33	0.33	0	0	0.65
255000	0.65	0.33	0.33	0	0	0.65
255100	0.65	0.32	0.32	0	0	0.65
255200	0.65	0.32	0.32	0	0	0.65
255300	0.65	0.32	0.32	0	0	0.65
255400	0.65	0.32	0.32	0	0	0.65
255500	0.65	0.32	0.32	0	0	0.65
255600	0.65	0.32	0.32	0	0	0.65
255700	0.65	0.32	0.32	0	0	0.65
255800	0.65	0.32	0.32	0	0	0.65
255900	0.65	0.33	0.33	0	0	0.65
256000	0.65	0.33	0.33	0	0	0.65
256100	0.65	0.33	0.33	0	0	0.65
256200	0.65	0.33	0.33	0	0	0.65
256300	0.64	0.33	0.33	0	0	0.64
256400	0.64	0.33	0.33	0	0	0.64
256500	0.64	0.33	0.33	0	0	0.64
256600	0.64	0.33	0.33	0	0	0.64
256700	0.64	0.32	0.32	0	0	0.64
256800	0.64	0.32	0.32	0	0	0.64
256900	0.64	0.32	0.32	0	0	0.64
257000	0.64	0.32	0.32	0	0	0.64
257100	0.64	0.32	0.32	0	0	0.64
257200	0.64	0.32	0.32	0	0	0.64
257300	0.64	0.32	0.32	0	0	0.64
257400	0.65	0.32	0.32	0	0	0.65
257500	0.65	0.32	0.32	0	0	0.65
257600	0.65	0.32	0.32	0	0	0.65
257700	0.65	0.32	0.32	0	0	0.65
257800	0.64	0.32	0.32	0	0	0.64
257900	0.64	0.32	0.32	0	0	0.64
258000	0.64	0.32	0.32	0	0	0.64
258100	0.64	0.32	0.32	0	0	0.64
258200	0.64	0.32	0.32	0	0	0.64
258300	0.64	0.32	0.32	0	0	0.64
258400	0.64	0.32	0.32	0	0	0.64
258500	0.64	0.32	0.32	0	0	0.64
258600	0.64	0.32	0.32	0	0	0.64
258700	0.64	0.32	0.32	0	0	0.64
258800	0.64	0.32	0.32	0	0	0.64
258900	0.64	0.32	0.32	0	0	0.64
259000	0.64	0.32	0.32	0	0	0.64
259100	0.64	0.32	0.32	0	0	0.64
259200	0.64	0.32	0.32	0	0	0.64
259300	0.64	0.32	0.32	0	0	0.64
259400	0.64	0.32	0.32	0	0	0.64
259500	0.64	0.32	0.32	0	0	0.64
259600	0.64	0.32	0.32	0	0	0.64
259700	0.64	0.32	0.32	0	0	0.64
259800	0.64	0.32	0.32	0	0	0.64
259900	0.64	0.32	0.32	0	0	0.64
260000	0.64	0.32	0.32	0	0	0.64
260100	0.64	0.32	0.32	0	0	0.64
260200	0.64	0.32	0.32	0	0	0.64
260300	0.65	0.32	0.32	0	0	0.65
260400	0.65	0.33	0.33	0	0	0.65
260500	0.65	0.33	0.33	0	0	0.65
260600	0.65	0.33	0.33	0	0	0.65
260700	0.65	0.33	0.33	0	0	0.65
260800	0.65	0.33	0.33	0	0	0.65
260900	0.65	0.33	0.33	0	0	0.65
261000	0.65	0.33	0.33	0	0	0.65
261100	0.65	0.33	0.33	0	0	0.65
261200	0.65	0.33	0.33	0	0	0.65
261300	0.65	0.33	0.33	0	0	0.65
261400	0.65	0.33	0.33	0	0	0.65
261500	0.65	0.33	0.33	0	0	0.65
261600	0.65	0.33	0.33	0	0	0.65
261700	0.65	0.33	0.33	0	0	0.65
261800	0.65	0.33	0.33	0	0	0.65
261900	0.65	0.33	0.33	0	0	0.65
262000	0.65	0.33	0.33	0	0	0.65
262100	0.65	0.33	0.33	0	0	0.65
262200	0.65	0.33	0.33	0	0	0.65
262300	0.65	0.33	0.33	0	0	0.65
262400	0.65	0.33	0.33	0	0	0.65
262500	0.65	0.33	0.33	0	0	0.65
262600	0.65	0.33	0.33	0	0	0.65
262700	0.65	0.33	0.33	0	0	0.65
262800	0.65	0.32	0.32	0	0	0.65
262900	0.65	0.32	0.32	0	0	0.65
263000	0.65	0.32	0.32	0	0	0.65
263100	0.65	0.32	0.32	0	0	0.65
263200	0.65	0.32	0.32	0	0	0.65
263300	0.65	0.32	0.32	0	0	0.65
263400	0.65	0.32	0.32	0	0	0.65
263500	0.65	0.33	0.33	0	0	0.65
263600	0.65	0.33	0.33	0	0	0.65
263700	0.65	0.32	0.32	0	0	0.65
263800	0.65	0.32	0.32	0	0	0.65
263900	0.65	0.32	0.32	0	0	0.65
264000	0.65	0.32	0.32	0	0	0.65
264100	0.65	0.32	0.32	0	0	0.65
264200	0.65	0.32	0.32	0	0	0.65
264300	0.65	0.32	0.32	0	0	0.65
264400	0.65	0.32	0.32	0	0	0.65
264500	0.65	0.32	0.32	0	0	0.65
264600	0.65	0.32	0.32	0	0	0.65
264700	0.65	0.32	0.32	0	0	0.65
264800	0.65	0.32	0.32	0	0	0.65
264900	0.65	0.32	0.32	0	0	0.65
265000	0.65	0.32	0.32	0	0	0.65
265100	0.65	0.32	0.32	0	0	0.65
265200	0.65	0.32	0.32	0	0	0.65
265300	0.65	0.32	0.32	0	0	0.65
265400	0.65	0.32	0.32	0	0	0.65
265500	0.65	0.32	0.32	0	0	0.65
265600	0.65	0.32	0.32	0	0	0.65
265700	0.65	0.32	0.32	0	0	0.65
265800	0.65	0.32	0.32	0	0	0.65
265900	0.65	0.32	0.32	0	0	0.65
266000	0.65	0.32	0.32	0	0	0.65
266100	0.65	0.32	0.32	0	0	0.65
266200	0.65	0.32	0.32	0	0	0.65
266300	0.65	0.32	0.32	0	0	0.65
266400	0.65	0.32	0.32	0	0	0.65
266500	0.65	0.32	0.32	0	0	0.65
266600	0.65	0.32	0.32	0	0	0.65
266700	0.65	0.32	0.32	0	0	0.65
266800	0.65	0.32	0.32	0	0	0.65
266900	0.65	0.32	0.32	0	0	0.65
267000	0.65	0.32	0.32	0	0	0.65
267100	0.65	0.32	0.32	0	0	0.65
267200	0.65	0.33	0.33	0	0	0.65
267300	0.65	0.33	0.33	0	0	0.65
267400	0.65	0.33	0.33	0	0	0.65
267500	0.65	0.33	0.33	0	0	0.65
267600	0.65	0.33	0.33	0	0	0.65
267700	0.65	0.33	0.33	0	0	0.65
267800	0.65	0.33	0.33	0	0	0.65
267900	0.65	0.33	0.33	0	0	0.65
268000	0.65	0.33	0.33	0	0	0.65
268100	0.65	0.33	0.33	0	0	0.65
268200	0.65	0.33	0.33	0	0	0.65
268300	0.65	0.33	0.33	0	0	0.65
268400	0.65	0.33	0.33	0	0	0.65
268500	0.65	0.33	0.33	0	0	0.65
268600	0.65	0.33	0.33	0	0	0.65
268700	0.64	0.33	0.33	0	0	0.64
268800	0.64	0.33	0.33	0	0	0.64
268900	0.64	0.33	0.33	0	0	0.64
269000	0.64	0.33	0.33	0	0	0.64
269100	0.64	0.33	0.33	0	0	0.64
269200	0.64	0.33	0.33	0	0	0.64
269300	0.64	0.33	0.33	0	0	0.64
269400	0.64	0.33	0.33	0	0	0.64
269500	0.64	0.33	0.33	0	0	0.64
269600	0.64	0.33	0.33	0	0	0.64
269700	0.64	0.33	0.33	0	0	0.64
269800	0.64	0.33	0.33	0	0	0.64
269900	0.64	0.33	0.33	0	0	0.64
270000	0.64	0.33	0.33	0	0	0.64
270100	0.64	0.33	0.33	0	0	0.64
270200	0.64	0.33	0.33	0	0	0.64
270300	0.64	0.33	0.33	0	0	0.64
270400	0.64	0.33	0.33	0	0	0.64
270500	0.64	0.33	0.33	0	0	0.64
270600	0.64	0.34	0.34	0	0	0.64
270700	0.64	0.34	0.34	0	0	0.64
270800	0.64	0.34	0.34	0	0	0.64
270900	0.64	0.34	0.34	0	0	0.64
271000	0.64	0.34	0.34	0	0	0.64
271100	0.64	0.34	0.34	0	0	0.64
271200	0.64	0.34	0.34	0	0	0.64
271300	0.64	0.34	0.34	0	0	0.64
271400	0.64	0.34	0.34	0	0	0.64
271500	0.64	0.34	0.34	0	0	0.64
271600	0.64	0.34	0.34	0	0	0.64
271700	0.64	0.34	0.34	0	0	0.64
271800	0.64	0.34	0.34	0	0	0.64
271900	0.64	0.34	0.34	0	0	0.64
272000	0.64	0.34	0.34	0	0	0.64
272100	0.64	0.34	0.34	0	0	0.64
272200	0.64	0.34	0.34	0	0	0.64
272300	0.64	0.34	0.34	0	0	0.64
272400	0.64	0.34	0.34	0	0	0.64
272500	0.64	0.34	0.34	0	0	0.64
272600	0.64	0.34	0.34	0	0	0.64
272700	0.64	0.34	0.34	0	0	0.64
272800	0.64	0.34	0.34	0	0	0.64
272900	0.64	0.34	0.34	0	0	0.64
273000	0.64	0.34	0.34	0	0	0.64
273100	0.64	0.34	0.34	0	0	0.64
273200	0.64	0.34	0.34	0	0	0.64
273300	0.64	0.34	0.34	0	0	0.64
273400	0.64	0.34	0.34	0	0	0.64
273500	0.64	0.34	0.34	0	0	0.64
273600	0.64	0.34	0.34	0	0	0.64
273700	0.64	0.34	0.34	0	0	0.64
273800	0.64	0.34	0.34	0	0	0.64
273900	0.64	0.34	0.34	0	0	0.64
274000	0.64	0.34	0.34	0	0	0.64
274100	0.64	0.34	0.34	0	0	0.64
274200	0.64	0.34	0.34	0	0	0.64
274300	0.64	0.34	0.34	0	0	0.64
274400	0.64	0.34	0.34	0	0	0.64
274500	0.64	0.34	0.34	0	0	0.64
274600	0.64	0.34	0.34	0	0	0.64
274700	0.64	0.34	0.34	0	0	0.64
274800	0.64	0.34	0.34	0	0	0.64
274900	0.64	0.34	0.34	0	0	0.64
275000	0.64	0.34	0.34	0	0	0.64
275100	0.64	0.34	0.34	0	0	0.64
275200	0.64	0.34	0.34	0	0	0.64
275300	0.64	0.34	0.34	0	0	0.64
275400	0.64	0.34	0.34	0	0	0.64
275500	0.64	0.34	0.34	0	0	0.64
275600	0.64	0.34	0.34	0	0	0.64
275700	0.64	0.34	0.34	0	0	0.64
275800	0.64	0.34	0.34	0	0	0.64
275900	0.64	0.34	0.34	0	0	0.64
276000	0.64	0.34	0.34	0	0	0.64
276100	0.64	0.34	0.34	0	0	0.64
276200	0.64	0.34	0.34	0	0	0.64
276300	0.64	0.34	0.34	0	0	0.64
276400	0.64	0.34	0.34	0	0	0.64
276500	0.64	0.34	0.34	0	0	0.64
276600	0.64	0.34	0.34	0	0	0.64
276700	0.64	0.34	0.34	0	0	0.64
276800	0.64	0.34	0.34	0	0	0.64
276900	0.64	0.34	0.34	0	0	0.64
277000	0.64	0.34	0.34	0	0	0.64
277100	0.64	0.34	0.34	0	0	0.64
277200	0.64	0.34	0.34	0	0	0.64
277300	0.64	0.34	0.34	0	0	0.64
277400	0.64	0.33	0.33	0	0	0.64
277500	0.64	0.33	0.33	0	0	0.64
277600	0.64	0.33	0.33	0	0	0.64
277700	0.64	0.33	0.33	0	0	0.64
277800	0.64	0.33	0.33	0	0	0.64
277900	0.64	0.33	0.33	0	0	0.64
278000	0.64	0.33	0.33	0	0	0.64
278100	0.65	0.33	0.33	0	0	0.65
278200	0.65	0.33	0.33	0	0	0.65
278300	0.65	0.33	0.33	0	0	0.65
278400	0.65	0.33	0.33	0	0	0.65
278500	0.65	0.33	0.33	0	0	0.65
278600	0.65	0.33	0.33	0	0	0.65
278700	0.65	0.33	0.33	0	0	0.65
278800	0.65	0.33	0.33	0	0	0.65
278900	0.65	0.33	0.33	0	0	0.65
279000	0.65	0.33	0.33	0	0	0.65
279100	0.65	0.33	0.33	0	0	0.65
279200	0.65	0.33	0.33	0	0	0.65
279300	0.65	0.33	0.33	0	0	0.65
279400	0.65	0.33	0.33	0	0	0.65
279500	0.65	0.33	0.33	0	0	0.65
279600	0.65	0.33	0.33	0	0	0.65
279700	0.65	0.33	0.33	0	0	0.65
279800	0.65	0.33	0.33	0	0	0.65
279900	0.65	0.33	0.33	0	0	0.65
280000	0.65	0.33	0.33	0	0	0.65
280100	0.65	0.33	0.33	0	0	0.65
280200	0.65	0.33	0.33	0	0	0.65
280300	0.65	0.32	0.32	0	0	0.65
280400	0.65	0.32	0.32	0	0	0.65
280500	0.65	0.32	0.32	0	0	0.65
280600	0.65	0.32	0.32	0	0	0.65
280700	0.65	0.32	0.32	0	0	0.65
280800	0.65	0.32	0.32	0	0	0.65
280900	0.65	0.32	0.32	0	0	0.65
281000	0.65	0.32	0.32	0	0	0.65
281100	0.65	0.32	0.32	0	0	0.65
281200	0.65	0.32	0.32	0	0	0.65
281300	0.65	0.32	0.32	0	0	0.65
281400	0.65	0.32	0.32	0	0	0.65
281500	0.65	0.32	0.32	0	0	0.65
281600	0.65	0.32	0.32	0	0	0.65
281700	0.65	0.32	0.32	0	0	0.65
281800	0.65	0.32	0.32	0	0	0.65
281900	0.65	0.32	0.32	0	0	0.65
282000	0.65	0.32	0.32	0	0	0.65
282100	0.65	0.32	0.32	0	0	0.65
282200	0.65	0.32	0.32	0	0	0.65
282300	0.65	0.32	0.32	0	0	0.65
282400	0.66	0.32	0.32	0	0	0.66
282500	0.66	0.32	0.32	0	0	0.66
282600	0.66	0.32	0.32	0	0	0.66
282700	0.65	0.32	0.32	0	0	0.65
282800	0.65	0.32	0.32	0	0	0.65
282900	0.65	0.32	0.32	0	0	0.65
283000	0.65	0.32	0.32	0	0	0.65
283100	0.65	0.32	0.32	0	0	0.65
283200	0.66	0.32	0.32	0	0	0.66
283300	0.66	0.32	0.32	0	0	0.66
283400	0.66	0.32	0.32	0	0	0.66
283500	0.66	0.32	0.32	0	0	0.66
283600	0.66	0.32	0.32	0	0	0.66
283700	0.67	0.32	0.32	0	0	0.67
283800	0.67	0.32	0.32	0	0	0.67
283900	0.67	0.32	0.32	0	0	0.67
284000	0.67	0.32	0.32	0	0	0.67
284100	0.67	0.32	0.32	0	0	0.67
284200	0.67	0.32	0.32	0	0	0.67
284300	0.67	0.32	0.32	0	0	0.67
284400	0.66	0.32	0.32	0	0	0.66
284500	0.66	0.32	0.32	0	0	0.66
284600	0.66	0.32	0.32	0	0	0.66
284700	0.66	0.32	0.32	0	0	0.66
284800	0.66	0.32	0.32	0	0	0.66
284900	0.66	0.32	0.32	0	0	0.66
285000	0.66	0.32	0.32	0	0	0.66
285100	0.66	0.32	0.32	0	0	0.66
285200	0.66	0.32	0.32	0	0	0.66
285300	0.66	0.32	0.32	0	0	0.66
285400	0.66	0.32	0.32	0	0	0.66
285500	0.67	0.32	0.32	0	0	0.67
285600	0.67	0.32	0.32	0	0	0.67
285700	0.67	0.32	0.32	0	0	0.67
285800	0.67	0.32	0.32	0	0	0.67
285900	0.67	0.32	0.32	0	0	0.67
286000	0.67	0.32	0.32	0	0	0.67
286100	0.67	0.32	0.32	0	0	0.67
286200	0.67	0.32	0.32	0	0	0.67
286300	0.67	0.32	0.32	0	0	0.67
286400	0.67	0.32	0.32	0	0	0.67
286500	0.67	0.32	0.32	0	0	0.67
286600	0.67	0.32	0.32	0	0	0.67
286700	0.67	0.32	0.32	0	0	0.67
286800	0.67	0.32	0.32	0	0	0.67
286900	0.67	0.32	0.32	0	0	0.67
287000	0.67	0.32	0.32	0	0	0.67
287100	0.67	0.32	0.32	0	0	0.67
287200	0.67	0.32	0.32	0	0	0.67
287300	0.67	0.32	0.32	0	0	0.67
287400	0.67	0.32	0.32	0	0	0.67
287500	0.67	0.32	0.32	0	0	0.67
287600	0.67	0.32	0.32	0	0	0.67
287700	0.67	0.32	0.32	0	0	0.67
287800	0.67	0.32	0.32	0	0	0.67
287900	0.67	0.32	0.32	0	0	0.67
288000	0.67	0.32	0.32	0	0	0.67
288100	0.67	0.32	0.32	0	0	0.67
288200	0.67	0.32	0.32	0	0	0.67
288300	0.67	0.32	0.32	0	0	0.67
288400	0.67	0.32	0.32	0	0	0.67
288500	0.67	0.32	0.32	0	0	0.67
288600	0.67	0.32	0.32	0	0	0.67
288700	0.67	0.32	0.32	0	0	0.67
288800	0.67	0.32	0.32	0	0	0.67
288900	0.67	0.32	0.32	0	0	0.67
289000	0.67	0.32	0.32	0	0	0.67
289100	0.67	0.32	0.32	0	0	0.67
289200	0.67	0.32	0.32	0	0	0.67
289300	0.67	0.32	0.32	0	0	0.67
289400	0.67	0.32	0.32	0	0	0.67
289500	0.67	0.32	0.32	0	0	0.67
289600	0.67	0.32	0.32	0	0	0.67
289700	0.67	0.32	0.32	0	0	0.67
289800	0.67	0.32	0.32	0	0	0.67
289900	0.67	0.32	0.32	0	0	0.67
290000	0.67	0.32	0.32	0	0	0.67
290100	0.67	0.32	0.32	0	0	0.67
290200	0.67	0.32	0.32	0	0	0.67
290300	0.67	0.32	0.32	0	0	0.67
290400	0.67	0.32	0.32	0	0	0.67
290500	0.67	0.32	0.32	0	0	0.67
290600	0.67	0.32	0.32	0	0	0.67
290700	0.67	0.32	0.32	0	0	0.67
290800	0.67	0.32	0.32	0	0	0.67
290900	0.67	0.32	0.32	0	0	0.67
291000	0.67	0.32	0.32	0	0	0.67
291100	0.67	0.32	0.32	0	0	0.67
291200	0.67	0.32	0.32	0	0	0.67
291300	0.67	0.32	0.32	0	0	0.67
291400	0.67	0.32	0.32	0	0	0.67
291500	0.67	0.32	0.32	0	0	0.67
291600	0.67	0.32	0.32	0	0	0.67
291700	0.67	0.32	0.32	0	0	0.67
291800	0.67	0.32	0.32	0	0	0.67
291900	0.67	0.32	0.32	0	0	0.67
292000	0.67	0.32	0.32	0	0	0.67
292100	0.67	0.32	0.32	0	0	0.67
292200	0.67	0.32	0.32	0	0	0.67
292300	0.67	0.32	0.32	0	0	0.67
292400	0.67	0.32	0.32	0	0	0.67
292500	0.67	0.32	0.32	0	0	0.67
292600	0.67	0.32	0.32	0	0	0.67
292700	0.67	0.32	0.32	0	0	0.67
292800	0.67	0.32	0.32	0	0	0.67
292900	0.67	0.32	0.32	0	0	0.67
293000	0.67	0.32	0.32	0	0	0.67
293100	0.67	0.32	0.32	0	0	0.67
293200	0.67	0.32	0.32	0	0	0.67
293300	0.67	0.32	0.32	0	0	0.67
293400	0.67	0.32	0.32	0	0	0.67
293500	0.67	0.32	0.32	0	0	0.67
293600	0.67	0.32	0.32	0	0	0.67
293700	0.67	0.32	0.32	0	0	0.67
293800	0.67	0.32	0.32	0	0	0.67
293900	0.67	0.32	0.32	0	0	0.67
294000	0.67	0.32	0.32	0	0	0.67
294100	0.67	0.32	0.32	0	0	0.67
294200	0.67	0.32	0.32	0	0	0.67
294300	0.67	0.32	0.32	0	0	0.67
294400	0.67	0.32	0.32	0	0	0.67
294500	0.67	0.32	0.32	0	0	0.67
294600	0.67	0.32	0.32	0	0	0.67
294700	0.67	0.32	0.32	0	0	0.67
294800	0.67	0.32	0.32	0	0	0.67
294900	0.67	0.32	0.32	0	0	0.67
295000	0.67	0.32	0.32	0	0	0.67
295100	0.67	0.32	0.32	0	0	0.67
295200	0.67	0.32	0.32	0	0	0.67
295300	0.67	0.32	0.32	0	0	0.67
295400	0.67	0.32	0.32	0	0	0.67
295500	0.67	0.32	0.32	0	0	0.67
295600	0.67	0.32	0.32	0	0	0.67
295700	0.67	0.32	0.32	0	0	0.67
295800	0.67	0.32	0.32	0	0	0.67
295900	0.67	0.32	0.32	0	0	0.67
296000	0.67	0.32	0.32	0	0	0.67
296100	0.67	0.32	0.32	0	0	0.67
296200	0.67	0.32	0.32	0	0	0.67
296300	0.67	0.32	0.32	0	0	0.67
296400	0.67	0.32	0.32	0	0	0.67
296500	0.67	0.32	0.32	0	0	0.67
296600	0.67	0.32	0.32	0	0	0.67
296700	0.67	0.32	0.32	0	0	0.67
296800	0.67	0.32	0.32	0	0	0.67
296900	0.67	0.32	0.32	0	0	0.67
297000	0.67	0.32	0.32	0	0	0.67
297100	0.67	0.32	0.32	0	0	0.67
297200	0.67	0.32	0.32	0	0	0.67
297300	0.67	0.32	0.32	0	0	0.67
297400	0.67	0.32	0.32	0	0	0.67
297500	0.67	0.32	0.32	0	0	0.67
297600	0.67	0.32	0.32	0	0	0.67
297700	0.67	0.32	0.32	0	0	0.67
297800	0.67	0.32	0.32	0	0	0.67
297900	0.67	0.32	0.32	0	0	0.67
298000	0.67	0.32	0.32	0	0	0.67
298100	0.67	0.32	0.32	0	0	0.67
298200	0.67	0.32	0.32	0	0	0.67
298300	0.67	0.32	0.32	0	0	0.67
298400	0.67	0.32	0.32	0	0	0.67
298500	0.67	0.32	0.32	0	0	0.67
298600	0.67	0.32	0.32	0	0	0.67
298700	0.67	0.32	0.32	0	0	0.67
298800	0.67	0.32	0.32	0	0	0.67
298900	0.67	0.32	0.32	0	0	0.67
299000	0.67	0.32	0.32	0	0	0.67
299100	0.67	0.32	0.32	0	0	0.67
299200	0.67	0.32	0.32	0	0	0.67
299300	0.67	0.32	0.32	0	0	0.67
299400	0.67	0.32	0.32	0	0	0.67
299500	0.67	0.32	0.32	0	0	0.67
299600	0.67	0.32	0.32	0	0	0.67
299700	0.67	0.32	0.32	0	0	0.67
299800	0.67	0.32	0.32	0	0	0.67
299900	0.67	0.32	0.32	0	0	0.67
300000	0.67	0.32	0.32	0	0	0.67
