100	0.05	0.07	0.07	0	0	0.05
200	0.03	0.05	0.05	0	0	0.03
300	0.01	0.07	0.07	0	0	0.01
400	0.01	0.04	0.04	0	0	0.01
500	0.01	0.07	0.07	0	0	0.01
600	0.02	0.04	0.04	0	0	0.02
700	0.02	0.05	0.05	0	0	0.02
800	0.04	0.04	0.04	0	0	0.04
900	0.02	0.04	0.04	0	0	0.02
1000	0.07	0.06	0.06	0	0	0.07
1100	0.06	0.04	0.04	0	0	0.06
1200	0.04	0.01	0.01	0	0	0.04
1300	0.04	0.02	0.02	0	0	0.04
1400	0.04	0.05	0.05	0	0	0.04
1500	0.05	0.04	0.04	0	0	0.05
1600	0.06	0.02	0.02	0	0	0.06
1700	0.06	0.04	0.04	0	0	0.06
1800	0.04	0.03	0.03	0	0	0.04
1900	0.03	0.03	0.03	0	0	0.03
2000	0.04	0.03	0.03	0	0	0.04
2100	0.06	0.02	0.02	0	0	0.06
2200	0.07	0.02	0.02	0	0	0.07
2300	0.06	0.03	0.03	0	0	0.06
2400	0.05	0.03	0.03	0	0	0.05
2500	0.05	0.03	0.03	0	0	0.05
2600	0.02	0.02	0.02	0	0	0.02
2700	0.05	0.03	0.03	0	0	0.05
2800	0.04	0.04	0.04	0	0	0.04
2900	0.05	0.06	0.06	0	0	0.05
3000	0.05	0.08	0.08	0	0	0.05
3100	0.05	0.07	0.07	0	0	0.05
3200	0.05	0.07	0.07	0	0	0.05
3300	0.06	0.03	0.03	0	0	0.06
3400	0.05	0.03	0.03	0	0	0.05
3500	0.05	0.04	0.04	0	0	0.05
3600	0.06	0.04	0.04	0	0	0.06
3700	0.06	0.04	0.04	0	0	0.06
3800	0.07	0.04	0.04	0	0	0.07
3900	0.07	0.03	0.03	0	0	0.07
4000	0.06	0.04	0.04	0	0	0.06
4100	0.07	0.02	0.02	0	0	0.07
4200	0.07	0.05	0.05	0	0	0.07
4300	0.09	0.07	0.07	0	0	0.09
4400	0.11	0.06	0.06	0	0	0.11
4500	0.12	0.07	0.07	0	0	0.12
4600	0.12	0.05	0.05	0	0	0.12
4700	0.12	0.03	0.03	0	0	0.12
4800	0.12	0.02	0.02	0	0	0.12
4900	0.11	0.01	0.01	0	0	0.11
5000	0.12	0	0	0	0	0.12
5100	0.12	0	0	0	0	0.12
5200	0.14	0.01	0.01	0	0	0.14
5300	0.17	0.02	0.02	0	0	0.17
5400	0.16	0.02	0.02	0	0	0.16
5500	0.15	0.02	0.02	0	0	0.15
5600	0.13	0.04	0.04	0	0	0.13
5700	0.11	0.05	0.05	0	0	0.11
5800	0.11	0.04	0.04	0	0	0.11
5900	0.12	0.04	0.04	0	0	0.12
6000	0.13	0.04	0.04	0	0	0.13
6100	0.13	0.04	0.04	0	0	0.13
6200	0.14	0.05	0.05	0	0	0.14
6300	0.15	0.04	0.04	0	0	0.15
6400	0.14	0.04	0.04	0	0	0.14
6500	0.14	0.05	0.05	0	0	0.14
6600	0.16	0.05	0.05	0	0	0.16
6700	0.18	0.05	0.05	0	0	0.18
6800	0.18	0.01	0.01	0	0	0.18
6900	0.19	0.01	0.01	0	0	0.19
7000	0.18	0.02	0.02	0	0	0.18
7100	0.17	0.03	0.03	0	0	0.17
7200	0.18	0.03	0.03	0	0	0.18
7300	0.2	0.05	0.05	0	0	0.2
7400	0.17	0.02	0.02	0	0	0.17
7500	0.17	0.03	0.03	0	0	0.17
7600	0.19	0.03	0.03	0	0	0.19
7700	0.22	0.02	0.02	0	0	0.22
7800	0.22	0.01	0.01	0	0	0.22
7900	0.21	0.03	0.03	0	0	0.21
8000	0.23	0.03	0.03	0	0	0.23
8100	0.22	0.05	0.05	0	0	0.22
8200	0.23	0.06	0.06	0	0	0.23
8300	0.24	0.06	0.06	0	0	0.24
8400	0.24	0.04	0.04	0	0	0.24
8500	0.23	0.03	0.03	0	0	0.23
8600	0.23	0.04	0.04	0	0	0.23
8700	0.22	0.04	0.04	0	0	0.22
8800	0.22	0.04	0.04	0	0	0.22
8900	0.23	0.03	0.03	0	0	0.23
9000	0.23	0.02	0.02	0	0	0.23
9100	0.24	0	0	0	0	0.24
9200	0.23	0	0	0	0	0.23
9300	0.25	0.01	0.01	0	0	0.25
9400	0.26	0.02	0.02	0	0	0.26
9500	0.25	0.02	0.02	0	0	0.25
9600	0.23	0.01	0.01	0	0	0.23
9700	0.23	0.01	0.01	0	0	0.23
9800	0.22	0.02	0.02	0	0	0.22
9900	0.22	0.01	0.01	0	0	0.22
10000	0.22	0	0	0	0	0.22
10100	0.23	0	0	0	0	0.23
10200	0.23	0	0	0	0	0.23
10300	0.26	0	0	0	0	0.26
10400	0.26	0.02	0.02	0	0	0.26
10500	0.27	0.02	0.02	0	0	0.27
10600	0.26	0.02	0.02	0	0	0.26
10700	0.26	0.04	0.04	0	0	0.26
10800	0.25	0.02	0.02	0	0	0.25
10900	0.26	0.03	0.03	0	0	0.26
11000	0.26	0.03	0.03	0	0	0.26
11100	0.26	0.03	0.03	0	0	0.26
11200	0.26	0.03	0.03	0	0	0.26
11300	0.26	0.02	0.02	0	0	0.26
11400	0.26	0.02	0.02	0	0	0.26
11500	0.29	0.03	0.03	0	0	0.29
11600	0.3	0.02	0.02	0	0	0.3
11700	0.3	0.02	0.02	0	0	0.3
11800	0.29	0.03	0.03	0	0	0.29
11900	0.29	0.04	0.04	0	0	0.29
12000	0.3	0.04	0.04	0	0	0.3
12100	0.31	0.04	0.04	0	0	0.31
12200	0.31	0.02	0.02	0	0	0.31
12300	0.31	0.02	0.02	0	0	0.31
12400	0.3	0.01	0.01	0	0	0.3
12500	0.28	0.02	0.02	0	0	0.28
12600	0.29	0.01	0.01	0	0	0.29
12700	0.31	0.01	0.01	0	0	0.31
12800	0.33	0.01	0.01	0	0	0.33
12900	0.33	0.01	0.01	0	0	0.33
13000	0.33	0.02	0.02	0	0	0.33
13100	0.33	0.02	0.02	0	0	0.33
13200	0.32	0.02	0.02	0	0	0.32
13300	0.29	0.02	0.02	0	0	0.29
13400	0.29	0.01	0.01	0	0	0.29
13500	0.3	0	0	0	0	0.3
13600	0.31	0	0	0	0	0.31
13700	0.33	0	0	0	0	0.33
13800	0.34	0	0	0	0	0.34
13900	0.33	0.03	0.03	0	0	0.33
14000	0.34	0.02	0.02	0	0	0.34
14100	0.32	0.03	0.03	0	0	0.32
14200	0.32	0.04	0.04	0	0	0.32
14300	0.31	0.02	0.02	0	0	0.31
14400	0.31	0.03	0.03	0	0	0.31
14500	0.32	0.04	0.04	0	0	0.32
14600	0.31	0.05	0.05	0	0	0.31
14700	0.32	0.04	0.04	0	0	0.32
14800	0.32	0.03	0.03	0	0	0.32
14900	0.32	0.03	0.03	0	0	0.32
15000	0.33	0.03	0.03	0	0	0.33
15100	0.33	0.02	0.02	0	0	0.33
15200	0.33	0.04	0.04	0	0	0.33
15300	0.33	0.04	0.04	0	0	0.33
15400	0.34	0.05	0.05	0	0	0.34
15500	0.36	0.04	0.04	0	0	0.36
15600	0.35	0.05	0.05	0	0	0.35
15700	0.35	0.06	0.06	0	0	0.35
15800	0.35	0.06	0.06	0	0	0.35
15900	0.38	0.05	0.05	0	0	0.38
16000	0.39	0.01	0.01	0	0	0.39
16100	0.39	0.02	0.02	0	0	0.39
16200	0.4	0.01	0.01	0	0	0.4
16300	0.4	0	0	0	0	0.4
16400	0.4	0.01	0.01	0	0	0.4
16500	0.41	0.02	0.02	0	0	0.41
16600	0.41	0.03	0.03	0	0	0.41
16700	0.41	0.03	0.03	0	0	0.41
16800	0.41	0.03	0.03	0	0	0.41
16900	0.42	0.03	0.03	0	0	0.42
17000	0.42	0.05	0.05	0	0	0.42
17100	0.42	0.07	0.07	0	0	0.42
17200	0.42	0.08	0.08	0	0	0.42
17300	0.42	0.06	0.06	0	0	0.42
17400	0.42	0.06	0.06	0	0	0.42
17500	0.44	0.04	0.04	0	0	0.44
17600	0.44	0.03	0.03	0	0	0.44
17700	0.44	0.03	0.03	0	0	0.44
17800	0.43	0.05	0.05	0	0	0.43
17900	0.42	0.06	0.06	0	0	0.42
18000	0.42	0.07	0.07	0	0	0.42
18100	0.42	0.07	0.07	0	0	0.42
18200	0.42	0.08	0.08	0	0	0.42
18300	0.43	0.09	0.09	0	0	0.43
18400	0.44	0.08	0.08	0	0	0.44
18500	0.44	0.07	0.07	0	0	0.44
18600	0.45	0.08	0.08	0	0	0.45
18700	0.45	0.09	0.09	0	0	0.45
18800	0.46	0.06	0.06	0	0	0.46
18900	0.47	0.06	0.06	0	0	0.47
19000	0.47	0.09	0.09	0	0	0.47
19100	0.47	0.09	0.09	0	0	0.47
19200	0.48	0.09	0.09	0	0	0.48
19300	0.48	0.07	0.07	0	0	0.48
19400	0.48	0.06	0.06	0	0	0.48
19500	0.48	0.06	0.06	0	0	0.48
19600	0.48	0.07	0.07	0	0	0.48
19700	0.49	0.07	0.07	0	0	0.49
19800	0.49	0.07	0.07	0	0	0.49
19900	0.49	0.07	0.07	0	0	0.49
20000	0.48	0.06	0.06	0	0	0.48
20100	0.48	0.06	0.06	0	0	0.48
20200	0.48	0.07	0.07	0	0	0.48
20300	0.48	0.08	0.08	0	0	0.48
20400	0.49	0.05	0.05	0	0	0.49
20500	0.49	0.05	0.05	0	0	0.49
20600	0.49	0.05	0.05	0	0	0.49
20700	0.49	0.06	0.06	0	0	0.49
20800	0.49	0.06	0.06	0	0	0.49
20900	0.49	0.06	0.06	0	0	0.49
21000	0.49	0.07	0.07	0	0	0.49
21100	0.49	0.07	0.07	0	0	0.49
21200	0.49	0.07	0.07	0	0	0.49
21300	0.49	0.06	0.06	0	0	0.49
21400	0.49	0.06	0.06	0	0	0.49
21500	0.49	0.06	0.06	0	0	0.49
21600	0.49	0.08	0.08	0	0	0.49
21700	0.49	0.09	0.09	0	0	0.49
21800	0.5	0.09	0.09	0	0	0.5
21900	0.5	0.09	0.09	0	0	0.5
22000	0.51	0.09	0.09	0	0	0.51
22100	0.51	0.09	0.09	0	0	0.51
22200	0.51	0.07	0.07	0	0	0.51
22300	0.5	0.07	0.07	0	0	0.5
22400	0.51	0.06	0.06	0	0	0.51
22500	0.52	0.06	0.06	0	0	0.52
22600	0.52	0.07	0.07	0	0	0.52
22700	0.53	0.06	0.06	0	0	0.53
22800	0.53	0.06	0.06	0	0	0.53
22900	0.53	0.07	0.07	0	0	0.53
23000	0.53	0.07	0.07	0	0	0.53
23100	0.54	0.07	0.07	0	0	0.54
23200	0.54	0.07	0.07	0	0	0.54
23300	0.55	0.07	0.07	0	0	0.55
23400	0.56	0.06	0.06	0	0	0.56
23500	0.58	0.06	0.06	0	0	0.58
23600	0.57	0.07	0.07	0	0	0.57
23700	0.56	0.07	0.07	0	0	0.56
23800	0.56	0.07	0.07	0	0	0.56
23900	0.56	0.07	0.07	0	0	0.56
24000	0.56	0.07	0.07	0	0	0.56
24100	0.56	0.07	0.07	0	0	0.56
24200	0.56	0.05	0.05	0	0	0.56
24300	0.57	0.06	0.06	0	0	0.57
24400	0.58	0.06	0.06	0	0	0.58
24500	0.57	0.06	0.06	0	0	0.57
24600	0.57	0.07	0.07	0	0	0.57
24700	0.57	0.07	0.07	0	0	0.57
24800	0.57	0.07	0.07	0	0	0.57
24900	0.57	0.06	0.06	0	0	0.57
25000	0.57	0.06	0.06	0	0	0.57
25100	0.58	0.07	0.07	0	0	0.58
25200	0.58	0.08	0.08	0	0	0.58
25300	0.58	0.09	0.09	0	0	0.58
25400	0.58	0.09	0.09	0	0	0.58
25500	0.59	0.09	0.09	0	0	0.59
25600	0.6	0.09	0.09	0	0	0.6
25700	0.59	0.1	0.1	0	0	0.59
25800	0.6	0.1	0.1	0	0	0.6
25900	0.6	0.1	0.1	0	0	0.6
26000	0.6	0.11	0.11	0	0	0.6
26100	0.6	0.08	0.08	0	0	0.6
26200	0.6	0.08	0.08	0	0	0.6
26300	0.6	0.06	0.06	0	0	0.6
26400	0.61	0.06	0.06	0	0	0.61
26500	0.62	0.06	0.06	0	0	0.62
26600	0.61	0.06	0.06	0	0	0.61
26700	0.61	0.06	0.06	0	0	0.61
26800	0.62	0.06	0.06	0	0	0.62
26900	0.62	0.06	0.06	0	0	0.62
27000	0.63	0.06	0.06	0	0	0.63
27100	0.64	0.07	0.07	0	0	0.64
27200	0.63	0.07	0.07	0	0	0.63
27300	0.63	0.07	0.07	0	0	0.63
27400	0.63	0.07	0.07	0	0	0.63
27500	0.62	0.07	0.07	0	0	0.62
27600	0.61	0.07	0.07	0	0	0.61
27700	0.61	0.08	0.08	0	0	0.61
27800	0.61	0.08	0.08	0	0	0.61
27900	0.61	0.1	0.1	0	0	0.61
28000	0.61	0.08	0.08	0	0	0.61
28100	0.61	0.07	0.07	0	0	0.61
28200	0.61	0.07	0.07	0	0	0.61
28300	0.61	0.06	0.06	0	0	0.61
28400	0.61	0.06	0.06	0	0	0.61
28500	0.61	0.06	0.06	0	0	0.61
28600	0.61	0.06	0.06	0	0	0.61
28700	0.61	0.06	0.06	0	0	0.61
28800	0.61	0.07	0.07	0	0	0.61
28900	0.61	0.06	0.06	0	0	0.61
29000	0.61	0.06	0.06	0	0	0.61
29100	0.61	0.07	0.07	0	0	0.61
29200	0.61	0.08	0.08	0	0	0.61
29300	0.61	0.09	0.09	0	0	0.61
29400	0.61	0.08	0.08	0	0	0.61
29500	0.62	0.08	0.08	0	0	0.62
29600	0.61	0.08	0.08	0	0	0.61
29700	0.61	0.08	0.08	0	0	0.61
29800	0.61	0.08	0.08	0	0	0.61
29900	0.61	0.09	0.09	0	0	0.61
30000	0.61	0.08	0.08	0	0	0.61
30100	0.61	0.07	0.07	0	0	0.61
30200	0.61	0.07	0.07	0	0	0.61
30300	0.61	0.06	0.06	0	0	0.61
30400	0.62	0.05	0.05	0	0	0.62
30500	0.63	0.05	0.05	0	0	0.63
30600	0.63	0.05	0.05	0	0	0.63
30700	0.63	0.07	0.07	0	0	0.63
30800	0.64	0.07	0.07	0	0	0.64
30900	0.65	0.08	0.08	0	0	0.65
31000	0.65	0.08	0.08	0	0	0.65
31100	0.65	0.08	0.08	0	0	0.65
31200	0.65	0.07	0.07	0	0	0.65
31300	0.65	0.07	0.07	0	0	0.65
31400	0.65	0.08	0.08	0	0	0.65
31500	0.65	0.07	0.07	0	0	0.65
31600	0.65	0.07	0.07	0	0	0.65
31700	0.64	0.06	0.06	0	0	0.64
31800	0.64	0.06	0.06	0	0	0.64
31900	0.64	0.06	0.06	0	0	0.64
32000	0.64	0.05	0.05	0	0	0.64
32100	0.64	0.05	0.05	0	0	0.64
32200	0.64	0.05	0.05	0	0	0.64
32300	0.63	0.04	0.04	0	0	0.63
32400	0.63	0.05	0.05	0	0	0.63
32500	0.63	0.05	0.05	0	0	0.63
32600	0.63	0.04	0.04	0	0	0.63
32700	0.63	0.04	0.04	0	0	0.63
32800	0.64	0.04	0.04	0	0	0.64
32900	0.64	0.04	0.04	0	0	0.64
33000	0.64	0.02	0.02	0	0	0.64
33100	0.63	0.01	0.01	0	0	0.63
33200	0.64	0	0	0	0	0.64
33300	0.64	0	0	0	0	0.64
33400	0.64	0.02	0.02	0	0	0.64
33500	0.65	0.02	0.02	0	0	0.65
33600	0.66	0.02	0.02	0	0	0.66
33700	0.66	0.02	0.02	0	0	0.66
33800	0.67	0.01	0.01	0	0	0.67
33900	0.68	0	0	0	0	0.68
34000	0.68	0	0	0	0	0.68
34100	0.68	0.01	0.01	0	0	0.68
34200	0.68	0.01	0.01	0	0	0.68
34300	0.68	0.02	0.02	0	0	0.68
34400	0.67	0.03	0.03	0	0	0.67
34500	0.67	0.04	0.04	0	0	0.67
34600	0.67	0.05	0.05	0	0	0.67
34700	0.67	0.05	0.05	0	0	0.67
34800	0.67	0.03	0.03	0	0	0.67
34900	0.67	0.02	0.02	0	0	0.67
35000	0.67	0.02	0.02	0	0	0.67
35100	0.68	0.01	0.01	0	0	0.68
35200	0.68	0.01	0.01	0	0	0.68
35300	0.68	0.01	0.01	0	0	0.68
35400	0.69	0.01	0.01	0	0	0.69
35500	0.69	0.01	0.01	0	0	0.69
35600	0.69	0.01	0.01	0	0	0.69
35700	0.69	0.01	0.01	0	0	0.69
35800	0.69	0	0	0	0	0.69
35900	0.69	0	0	0	0	0.69
36000	0.68	0.01	0.01	0	0	0.68
36100	0.68	0.02	0.02	0	0	0.68
36200	0.68	0.02	0.02	0	0	0.68
36300	0.68	0.03	0.03	0	0	0.68
36400	0.68	0.02	0.02	0	0	0.68
36500	0.68	0.02	0.02	0	0	0.68
36600	0.69	0.01	0.01	0	0	0.69
36700	0.69	0.02	0.02	0	0	0.69
36800	0.69	0.02	0.02	0	0	0.69
36900	0.68	0.01	0.01	0	0	0.68
37000	0.68	0.02	0.02	0	0	0.68
37100	0.68	0.01	0.01	0	0	0.68
37200	0.68	0.01	0.01	0	0	0.68
37300	0.69	0.02	0.02	0	0	0.69
37400	0.69	0.01	0.01	0	0	0.69
37500	0.69	0	0	0	0	0.69
37600	0.69	0	0	0	0	0.69
37700	0.69	0.01	0.01	0	0	0.69
37800	0.69	0.01	0.01	0	0	0.69
37900	0.71	0.01	0.01	0	0	0.71
38000	0.71	0.02	0.02	0	0	0.71
38100	0.71	0.02	0.02	0	0	0.71
38200	0.71	0.01	0.01	0	0	0.71
38300	0.71	0	0	0	0	0.71
38400	0.7	0	0	0	0	0.7
38500	0.7	0	0	0	0	0.7
38600	0.7	0.01	0.01	0	0	0.7
38700	0.7	0.01	0.01	0	0	0.7
38800	0.7	0.01	0.01	0	0	0.7
38900	0.7	0.02	0.02	0	0	0.7
39000	0.7	0.02	0.02	0	0	0.7
39100	0.7	0.01	0.01	0	0	0.7
39200	0.72	0.02	0.02	0	0	0.72
39300	0.73	0.02	0.02	0	0	0.73
39400	0.72	0.02	0.02	0	0	0.72
39500	0.71	0	0	0	0	0.71
39600	0.71	0.01	0.01	0	0	0.71
39700	0.71	0.01	0.01	0	0	0.71
39800	0.71	0.01	0.01	0	0	0.71
39900	0.71	0.01	0.01	0	0	0.71
40000	0.71	0.01	0.01	0	0	0.71
40100	0.71	0	0	0	0	0.71
40200	0.71	0	0	0	0	0.71
40300	0.71	0	0	0	0	0.71
40400	0.71	0	0	0	0	0.71
40500	0.71	0.01	0.01	0	0	0.71
40600	0.71	0.02	0.02	0	0	0.71
40700	0.71	0.03	0.03	0	0	0.71
40800	0.71	0.04	0.04	0	0	0.71
40900	0.71	0.02	0.02	0	0	0.71
41000	0.71	0.02	0.02	0	0	0.71
41100	0.71	0.02	0.02	0	0	0.71
41200	0.71	0.02	0.02	0	0	0.71
41300	0.71	0.03	0.03	0	0	0.71
41400	0.72	0.02	0.02	0	0	0.72
41500	0.72	0.02	0.02	0	0	0.72
41600	0.72	0.03	0.03	0	0	0.72
41700	0.72	0.02	0.02	0	0	0.72
41800	0.72	0.02	0.02	0	0	0.72
41900	0.72	0.01	0.01	0	0	0.72
42000	0.71	0	0	0	0	0.71
42100	0.72	0.01	0.01	0	0	0.72
42200	0.71	0.01	0.01	0	0	0.71
42300	0.7	0.01	0.01	0	0	0.7
42400	0.7	0	0	0	0	0.7
42500	0.7	0	0	0	0	0.7
42600	0.7	0	0	0	0	0.7
42700	0.7	0.01	0.01	0	0	0.7
42800	0.7	0.02	0.02	0	0	0.7
42900	0.71	0.03	0.03	0	0	0.71
43000	0.7	0.04	0.04	0	0	0.7
43100	0.71	0.05	0.05	0	0	0.71
43200	0.71	0.01	0.01	0	0	0.71
43300	0.72	0.02	0.02	0	0	0.72
43400	0.72	0.02	0.02	0	0	0.72
43500	0.73	0.01	0.01	0	0	0.73
43600	0.73	0.02	0.02	0	0	0.73
43700	0.73	0.03	0.03	0	0	0.73
43800	0.73	0.03	0.03	0	0	0.73
43900	0.73	0.02	0.02	0	0	0.73
44000	0.73	0.01	0.01	0	0	0.73
44100	0.73	0.01	0.01	0	0	0.73
44200	0.74	0	0	0	0	0.74
44300	0.74	0	0	0	0	0.74
44400	0.73	0	0	0	0	0.73
44500	0.73	0	0	0	0	0.73
44600	0.73	0	0	0	0	0.73
44700	0.73	0	0	0	0	0.73
44800	0.73	0	0	0	0	0.73
44900	0.73	0	0	0	0	0.73
45000	0.73	0	0	0	0	0.73
45100	0.73	0	0	0	0	0.73
45200	0.73	0	0	0	0	0.73
45300	0.73	0	0	0	0	0.73
45400	0.73	0	0	0	0	0.73
45500	0.73	0	0	0	0	0.73
45600	0.73	0	0	0	0	0.73
45700	0.73	0	0	0	0	0.73
45800	0.73	0.01	0.01	0	0	0.73
45900	0.73	0.01	0.01	0	0	0.73
46000	0.73	0.01	0.01	0	0	0.73
46100	0.73	0.01	0.01	0	0	0.73
46200	0.73	0.03	0.03	0	0	0.73
46300	0.73	0.04	0.04	0	0	0.73
46400	0.73	0.04	0.04	0	0	0.73
46500	0.73	0.02	0.02	0	0	0.73
46600	0.74	0.02	0.02	0	0	0.74
46700	0.74	0	0	0	0	0.74
46800	0.74	0	0	0	0	0.74
46900	0.74	0	0	0	0	0.74
47000	0.74	0	0	0	0	0.74
47100	0.74	0.01	0.01	0	0	0.74
47200	0.74	0.01	0.01	0	0	0.74
47300	0.74	0.01	0.01	0	0	0.74
47400	0.74	0	0	0	0	0.74
47500	0.74	0	0	0	0	0.74
47600	0.74	0.01	0.01	0	0	0.74
47700	0.74	0.01	0.01	0	0	0.74
47800	0.74	0.01	0.01	0	0	0.74
47900	0.74	0.01	0.01	0	0	0.74
48000	0.74	0.02	0.02	0	0	0.74
48100	0.74	0.01	0.01	0	0	0.74
48200	0.74	0.01	0.01	0	0	0.74
48300	0.74	0.03	0.03	0	0	0.74
48400	0.74	0.03	0.03	0	0	0.74
48500	0.74	0.03	0.03	0	0	0.74
48600	0.74	0.02	0.02	0	0	0.74
48700	0.74	0.02	0.02	0	0	0.74
48800	0.74	0.01	0.01	0	0	0.74
48900	0.74	0	0	0	0	0.74
49000	0.74	0	0	0	0	0.74
49100	0.74	0.01	0.01	0	0	0.74
49200	0.74	0.01	0.01	0	0	0.74
49300	0.74	0.01	0.01	0	0	0.74
49400	0.74	0.02	0.02	0	0	0.74
49500	0.74	0.03	0.03	0	0	0.74
49600	0.74	0.03	0.03	0	0	0.74
49700	0.74	0.01	0.01	0	0	0.74
49800	0.74	0	0	0	0	0.74
49900	0.74	0	0	0	0	0.74
50000	0.73	0.01	0.01	0	0	0.73
50100	0.73	0.01	0.01	0	0	0.73
50200	0.73	0.02	0.02	0	0	0.73
50300	0.73	0.03	0.03	0	0	0.73
50400	0.73	0.03	0.03	0	0	0.73
50500	0.73	0.03	0.03	0	0	0.73
50600	0.73	0.02	0.02	0	0	0.73
50700	0.73	0.04	0.04	0	0	0.73
50800	0.73	0.04	0.04	0	0	0.73
50900	0.73	0.02	0.02	0	0	0.73
51000	0.73	0.01	0.01	0	0	0.73
51100	0.72	0.01	0.01	0	0	0.72
51200	0.72	0.02	0.02	0	0	0.72
51300	0.72	0.01	0.01	0	0	0.72
51400	0.72	0.01	0.01	0	0	0.72
51500	0.72	0.01	0.01	0	0	0.72
51600	0.71	0.02	0.02	0	0	0.71
51700	0.71	0.02	0.02	0	0	0.71
51800	0.72	0.01	0.01	0	0	0.72
51900	0.73	0.01	0.01	0	0	0.73
52000	0.73	0	0	0	0	0.73
52100	0.73	0.01	0.01	0	0	0.73
52200	0.72	0.01	0.01	0	0	0.72
52300	0.72	0.01	0.01	0	0	0.72
52400	0.72	0.03	0.03	0	0	0.72
52500	0.72	0.02	0.02	0	0	0.72
52600	0.72	0.02	0.02	0	0	0.72
52700	0.72	0.02	0.02	0	0	0.72
52800	0.72	0.02	0.02	0	0	0.72
52900	0.73	0	0	0	0	0.73
53000	0.73	0	0	0	0	0.73
53100	0.73	0	0	0	0	0.73
53200	0.73	0	0	0	0	0.73
53300	0.73	0.01	0.01	0	0	0.73
53400	0.73	0.01	0.01	0	0	0.73
53500	0.73	0.02	0.02	0	0	0.73
53600	0.73	0.01	0.01	0	0	0.73
53700	0.75	0	0	0	0	0.75
53800	0.74	0.01	0.01	0	0	0.74
53900	0.74	0.01	0.01	0	0	0.74
54000	0.74	0.01	0.01	0	0	0.74
54100	0.76	0.02	0.02	0	0	0.76
54200	0.76	0.02	0.02	0	0	0.76
54300	0.76	0.01	0.01	0	0	0.76
54400	0.76	0.01	0.01	0	0	0.76
54500	0.76	0	0	0	0	0.76
54600	0.76	0.01	0.01	0	0	0.76
54700	0.76	0.01	0.01	0	0	0.76
54800	0.75	0.01	0.01	0	0	0.75
54900	0.75	0.02	0.02	0	0	0.75
55000	0.75	0.03	0.03	0	0	0.75
55100	0.75	0.02	0.02	0	0	0.75
55200	0.75	0.01	0.01	0	0	0.75
55300	0.75	0.01	0.01	0	0	0.75
55400	0.75	0.01	0.01	0	0	0.75
55500	0.76	0.01	0.01	0	0	0.76
55600	0.76	0	0	0	0	0.76
55700	0.76	0.01	0.01	0	0	0.76
55800	0.76	0.01	0.01	0	0	0.76
55900	0.76	0.01	0.01	0	0	0.76
56000	0.76	0.02	0.02	0	0	0.76
56100	0.76	0.04	0.04	0	0	0.76
56200	0.76	0.04	0.04	0	0	0.76
56300	0.76	0.02	0.02	0	0	0.76
56400	0.76	0.02	0.02	0	0	0.76
56500	0.75	0.01	0.01	0	0	0.75
56600	0.75	0.01	0.01	0	0	0.75
56700	0.75	0.01	0.01	0	0	0.75
56800	0.75	0.01	0.01	0	0	0.75
56900	0.75	0.04	0.04	0	0	0.75
57000	0.75	0.05	0.05	0	0	0.75
57100	0.75	0.04	0.04	0	0	0.75
57200	0.75	0.03	0.03	0	0	0.75
57300	0.75	0.02	0.02	0	0	0.75
57400	0.75	0.02	0.02	0	0	0.75
57500	0.75	0.01	0.01	0	0	0.75
57600	0.75	0.02	0.02	0	0	0.75
57700	0.75	0.02	0.02	0	0	0.75
57800	0.75	0.01	0.01	0	0	0.75
57900	0.75	0.01	0.01	0	0	0.75
58000	0.75	0.01	0.01	0	0	0.75
58100	0.75	0.01	0.01	0	0	0.75
58200	0.75	0.01	0.01	0	0	0.75
58300	0.75	0	0	0	0	0.75
58400	0.75	0	0	0	0	0.75
58500	0.75	0	0	0	0	0.75
58600	0.75	0.01	0.01	0	0	0.75
58700	0.75	0.01	0.01	0	0	0.75
58800	0.75	0.01	0.01	0	0	0.75
58900	0.75	0.02	0.02	0	0	0.75
59000	0.75	0.02	0.02	0	0	0.75
59100	0.75	0.02	0.02	0	0	0.75
59200	0.75	0.02	0.02	0	0	0.75
59300	0.75	0.02	0.02	0	0	0.75
59400	0.75	0.02	0.02	0	0	0.75
59500	0.75	0.01	0.01	0	0	0.75
59600	0.75	0.01	0.01	0	0	0.75
59700	0.75	0.01	0.01	0	0	0.75
59800	0.75	0	0	0	0	0.75
59900	0.75	0	0	0	0	0.75
60000	0.75	0	0	0	0	0.75
60100	0.75	0.01	0.01	0	0	0.75
60200	0.75	0.01	0.01	0	0	0.75
60300	0.76	0.01	0.01	0	0	0.76
60400	0.75	0.01	0.01	0	0	0.75
60500	0.76	0.01	0.01	0	0	0.76
60600	0.76	0.02	0.02	0	0	0.76
60700	0.76	0.02	0.02	0	0	0.76
60800	0.76	0.01	0.01	0	0	0.76
60900	0.77	0.02	0.02	0	0	0.77
61000	0.77	0.03	0.03	0	0	0.77
61100	0.77	0.03	0.03	0	0	0.77
61200	0.77	0.02	0.02	0	0	0.77
61300	0.77	0.02	0.02	0	0	0.77
61400	0.77	0.02	0.02	0	0	0.77
61500	0.77	0	0	0	0	0.77
61600	0.77	0	0	0	0	0.77
61700	0.77	0	0	0	0	0.77
61800	0.77	0	0	0	0	0.77
61900	0.77	0.01	0.01	0	0	0.77
62000	0.77	0.01	0.01	0	0	0.77
62100	0.77	0.01	0.01	0	0	0.77
62200	0.77	0.03	0.03	0	0	0.77
62300	0.77	0.04	0.04	0	0	0.77
62400	0.77	0.04	0.04	0	0	0.77
62500	0.77	0.04	0.04	0	0	0.77
62600	0.76	0.01	0.01	0	0	0.76
62700	0.77	0.01	0.01	0	0	0.77
62800	0.77	0	0	0	0	0.77
62900	0.77	0	0	0	0	0.77
63000	0.77	0	0	0	0	0.77
63100	0.77	0	0	0	0	0.77
63200	0.77	0	0	0	0	0.77
63300	0.77	0	0	0	0	0.77
63400	0.77	0	0	0	0	0.77
63500	0.77	0	0	0	0	0.77
63600	0.77	0	0	0	0	0.77
63700	0.77	0	0	0	0	0.77
63800	0.77	0.02	0.02	0	0	0.77
63900	0.77	0.03	0.03	0	0	0.77
64000	0.77	0.03	0.03	0	0	0.77
64100	0.77	0.03	0.03	0	0	0.77
64200	0.77	0.02	0.02	0	0	0.77
64300	0.77	0.02	0.02	0	0	0.77
64400	0.77	0.01	0.01	0	0	0.77
64500	0.77	0.01	0.01	0	0	0.77
64600	0.78	0.01	0.01	0	0	0.78
64700	0.78	0.01	0.01	0	0	0.78
64800	0.77	0.01	0.01	0	0	0.77
64900	0.77	0.01	0.01	0	0	0.77
65000	0.77	0	0	0	0	0.77
65100	0.77	0.01	0.01	0	0	0.77
65200	0.77	0.01	0.01	0	0	0.77
65300	0.77	0.01	0.01	0	0	0.77
65400	0.77	0.01	0.01	0	0	0.77
65500	0.77	0.01	0.01	0	0	0.77
65600	0.77	0.01	0.01	0	0	0.77
65700	0.77	0	0	0	0	0.77
65800	0.77	0	0	0	0	0.77
65900	0.77	0.01	0.01	0	0	0.77
66000	0.77	0.01	0.01	0	0	0.77
66100	0.77	0.01	0.01	0	0	0.77
66200	0.77	0	0	0	0	0.77
66300	0.77	0.01	0.01	0	0	0.77
66400	0.77	0.01	0.01	0	0	0.77
66500	0.77	0.01	0.01	0	0	0.77
66600	0.77	0.01	0.01	0	0	0.77
66700	0.77	0.01	0.01	0	0	0.77
66800	0.77	0	0	0	0	0.77
66900	0.77	0.01	0.01	0	0	0.77
67000	0.77	0.02	0.02	0	0	0.77
67100	0.77	0.02	0.02	0	0	0.77
67200	0.77	0.01	0.01	0	0	0.77
67300	0.77	0.02	0.02	0	0	0.77
67400	0.77	0.03	0.03	0	0	0.77
67500	0.77	0.03	0.03	0	0	0.77
67600	0.77	0.04	0.04	0	0	0.77
67700	0.77	0.03	0.03	0	0	0.77
67800	0.77	0.02	0.02	0	0	0.77
67900	0.77	0.01	0.01	0	0	0.77
68000	0.77	0.01	0.01	0	0	0.77
68100	0.77	0	0	0	0	0.77
68200	0.77	0	0	0	0	0.77
68300	0.77	0	0	0	0	0.77
68400	0.77	0	0	0	0	0.77
68500	0.77	0	0	0	0	0.77
68600	0.77	0	0	0	0	0.77
68700	0.76	0	0	0	0	0.76
68800	0.76	0	0	0	0	0.76
68900	0.76	0.01	0.01	0	0	0.76
69000	0.76	0.01	0.01	0	0	0.76
69100	0.76	0.01	0.01	0	0	0.76
69200	0.76	0.02	0.02	0	0	0.76
69300	0.76	0.02	0.02	0	0	0.76
69400	0.76	0	0	0	0	0.76
69500	0.76	0	0	0	0	0.76
69600	0.77	0	0	0	0	0.77
69700	0.77	0	0	0	0	0.77
69800	0.76	0.01	0.01	0	0	0.76
69900	0.76	0.02	0.02	0	0	0.76
70000	0.76	0.02	0.02	0	0	0.76
70100	0.76	0.01	0.01	0	0	0.76
70200	0.76	0.01	0.01	0	0	0.76
70300	0.76	0	0	0	0	0.76
70400	0.76	0	0	0	0	0.76
70500	0.76	0	0	0	0	0.76
70600	0.76	0	0	0	0	0.76
70700	0.76	0	0	0	0	0.76
70800	0.76	0	0	0	0	0.76
70900	0.76	0	0	0	0	0.76
71000	0.76	0	0	0	0	0.76
71100	0.76	0	0	0	0	0.76
71200	0.76	0	0	0	0	0.76
71300	0.76	0	0	0	0	0.76
71400	0.76	0	0	0	0	0.76
71500	0.76	0	0	0	0	0.76
71600	0.76	0.01	0.01	0	0	0.76
71700	0.76	0.02	0.02	0	0	0.76
71800	0.76	0.02	0.02	0	0	0.76
71900	0.77	0.01	0.01	0	0	0.77
72000	0.77	0.02	0.02	0	0	0.77
72100	0.77	0.03	0.03	0	0	0.77
72200	0.77	0.03	0.03	0	0	0.77
72300	0.77	0.02	0.02	0	0	0.77
72400	0.77	0.02	0.02	0	0	0.77
72500	0.77	0.01	0.01	0	0	0.77
72600	0.77	0	0	0	0	0.77
72700	0.77	0	0	0	0	0.77
72800	0.76	0	0	0	0	0.76
72900	0.76	0.01	0.01	0	0	0.76
73000	0.76	0.01	0.01	0	0	0.76
73100	0.76	0.02	0.02	0	0	0.76
73200	0.76	0.02	0.02	0	0	0.76
73300	0.76	0.03	0.03	0	0	0.76
73400	0.76	0.03	0.03	0	0	0.76
73500	0.76	0.03	0.03	0	0	0.76
73600	0.76	0.03	0.03	0	0	0.76
73700	0.76	0.02	0.02	0	0	0.76
73800	0.76	0.01	0.01	0	0	0.76
73900	0.76	0.01	0.01	0	0	0.76
74000	0.76	0.02	0.02	0	0	0.76
74100	0.76	0.02	0.02	0	0	0.76
74200	0.76	0.02	0.02	0	0	0.76
74300	0.76	0.03	0.03	0	0	0.76
74400	0.76	0.04	0.04	0	0	0.76
74500	0.76	0.05	0.05	0	0	0.76
74600	0.76	0.05	0.05	0	0	0.76
74700	0.76	0.03	0.03	0	0	0.76
74800	0.76	0.03	0.03	0	0	0.76
74900	0.76	0.02	0.02	0	0	0.76
75000	0.76	0.01	0.01	0	0	0.76
75100	0.76	0	0	0	0	0.76
75200	0.76	0	0	0	0	0.76
75300	0.76	0	0	0	0	0.76
75400	0.76	0	0	0	0	0.76
75500	0.76	0	0	0	0	0.76
75600	0.76	0	0	0	0	0.76
75700	0.77	0	0	0	0	0.77
75800	0.77	0	0	0	0	0.77
75900	0.77	0	0	0	0	0.77
76000	0.77	0	0	0	0	0.77
76100	0.77	0.02	0.02	0	0	0.77
76200	0.77	0.02	0.02	0	0	0.77
76300	0.77	0.02	0.02	0	0	0.77
76400	0.77	0.01	0.01	0	0	0.77
76500	0.77	0.01	0.01	0	0	0.77
76600	0.77	0.02	0.02	0	0	0.77
76700	0.77	0.03	0.03	0	0	0.77
76800	0.77	0.02	0.02	0	0	0.77
76900	0.77	0.02	0.02	0	0	0.77
77000	0.77	0.01	0.01	0	0	0.77
77100	0.77	0.01	0.01	0	0	0.77
77200	0.77	0.01	0.01	0	0	0.77
77300	0.77	0.01	0.01	0	0	0.77
77400	0.77	0	0	0	0	0.77
77500	0.77	0	0	0	0	0.77
77600	0.77	0	0	0	0	0.77
77700	0.77	0	0	0	0	0.77
77800	0.77	0	0	0	0	0.77
77900	0.77	0	0	0	0	0.77
78000	0.77	0.03	0.03	0	0	0.77
78100	0.78	0.04	0.04	0	0	0.78
78200	0.78	0.04	0.04	0	0	0.78
78300	0.78	0.05	0.05	0	0	0.78
78400	0.78	0.05	0.05	0	0	0.78
78500	0.78	0.02	0.02	0	0	0.78
78600	0.78	0.02	0.02	0	0	0.78
78700	0.78	0.01	0.01	0	0	0.78
78800	0.78	0	0	0	0	0.78
78900	0.78	0	0	0	0	0.78
79000	0.78	0	0	0	0	0.78
79100	0.78	0	0	0	0	0.78
79200	0.79	0	0	0	0	0.79
79300	0.78	0	0	0	0	0.78
79400	0.78	0	0	0	0	0.78
79500	0.78	0.01	0.01	0	0	0.78
79600	0.78	0.01	0.01	0	0	0.78
79700	0.78	0.01	0.01	0	0	0.78
79800	0.78	0.02	0.02	0	0	0.78
79900	0.78	0.03	0.03	0	0	0.78
80000	0.78	0.02	0.02	0	0	0.78
80100	0.78	0.02	0.02	0	0	0.78
80200	0.77	0.02	0.02	0	0	0.77
80300	0.77	0.02	0.02	0	0	0.77
80400	0.77	0	0	0	0	0.77
80500	0.77	0	0	0	0	0.77
80600	0.77	0	0	0	0	0.77
80700	0.77	0.01	0.01	0	0	0.77
80800	0.77	0.01	0.01	0	0	0.77
80900	0.77	0.02	0.02	0	0	0.77
81000	0.77	0.02	0.02	0	0	0.77
81100	0.77	0.01	0.01	0	0	0.77
81200	0.77	0.01	0.01	0	0	0.77
81300	0.77	0	0	0	0	0.77
81400	0.77	0	0	0	0	0.77
81500	0.77	0	0	0	0	0.77
81600	0.77	0	0	0	0	0.77
81700	0.77	0	0	0	0	0.77
81800	0.77	0	0	0	0	0.77
81900	0.77	0	0	0	0	0.77
82000	0.77	0.01	0.01	0	0	0.77
82100	0.77	0.01	0.01	0	0	0.77
82200	0.77	0.02	0.02	0	0	0.77
82300	0.77	0.02	0.02	0	0	0.77
82400	0.77	0.04	0.04	0	0	0.77
82500	0.77	0.03	0.03	0	0	0.77
82600	0.77	0	0	0	0	0.77
82700	0.77	0	0	0	0	0.77
82800	0.77	0	0	0	0	0.77
82900	0.77	0	0	0	0	0.77
83000	0.77	0	0	0	0	0.77
83100	0.77	0	0	0	0	0.77
83200	0.77	0	0	0	0	0.77
83300	0.77	0	0	0	0	0.77
83400	0.77	0	0	0	0	0.77
83500	0.77	0	0	0	0	0.77
83600	0.78	0.01	0.01	0	0	0.78
83700	0.78	0.01	0.01	0	0	0.78
83800	0.78	0.01	0.01	0	0	0.78
83900	0.78	0.01	0.01	0	0	0.78
84000	0.78	0.02	0.02	0	0	0.78
84100	0.78	0.01	0.01	0	0	0.78
84200	0.78	0.01	0.01	0	0	0.78
84300	0.78	0.02	0.02	0	0	0.78
84400	0.78	0.03	0.03	0	0	0.78
84500	0.78	0.04	0.04	0	0	0.78
84600	0.79	0.02	0.02	0	0	0.79
84700	0.79	0.02	0.02	0	0	0.79
84800	0.79	0.01	0.01	0	0	0.79
84900	0.79	0	0	0	0	0.79
85000	0.79	0	0	0	0	0.79
85100	0.79	0.02	0.02	0	0	0.79
85200	0.79	0.02	0.02	0	0	0.79
85300	0.79	0.02	0.02	0	0	0.79
85400	0.79	0.02	0.02	0	0	0.79
85500	0.79	0.02	0.02	0	0	0.79
85600	0.79	0.02	0.02	0	0	0.79
85700	0.79	0	0	0	0	0.79
85800	0.79	0	0	0	0	0.79
85900	0.79	0	0	0	0	0.79
86000	0.79	0	0	0	0	0.79
86100	0.79	0	0	0	0	0.79
86200	0.79	0	0	0	0	0.79
86300	0.79	0	0	0	0	0.79
86400	0.79	0	0	0	0	0.79
86500	0.79	0	0	0	0	0.79
86600	0.79	0	0	0	0	0.79
86700	0.79	0	0	0	0	0.79
86800	0.79	0	0	0	0	0.79
86900	0.79	0	0	0	0	0.79
87000	0.79	0	0	0	0	0.79
87100	0.79	0	0	0	0	0.79
87200	0.79	0	0	0	0	0.79
87300	0.79	0	0	0	0	0.79
87400	0.79	0.01	0.01	0	0	0.79
87500	0.79	0.01	0.01	0	0	0.79
87600	0.79	0.01	0.01	0	0	0.79
87700	0.79	0	0	0	0	0.79
87800	0.79	0.01	0.01	0	0	0.79
87900	0.79	0.01	0.01	0	0	0.79
88000	0.79	0.01	0.01	0	0	0.79
88100	0.79	0.01	0.01	0	0	0.79
88200	0.79	0.01	0.01	0	0	0.79
88300	0.79	0.01	0.01	0	0	0.79
88400	0.79	0.01	0.01	0	0	0.79
88500	0.79	0	0	0	0	0.79
88600	0.79	0	0	0	0	0.79
88700	0.79	0	0	0	0	0.79
88800	0.79	0	0	0	0	0.79
88900	0.79	0	0	0	0	0.79
89000	0.79	0	0	0	0	0.79
89100	0.79	0	0	0	0	0.79
89200	0.79	0	0	0	0	0.79
89300	0.79	0.01	0.01	0	0	0.79
89400	0.79	0.01	0.01	0	0	0.79
89500	0.79	0.01	0.01	0	0	0.79
89600	0.79	0.01	0.01	0	0	0.79
89700	0.79	0.01	0.01	0	0	0.79
89800	0.79	0.01	0.01	0	0	0.79
89900	0.79	0	0	0	0	0.79
90000	0.79	0	0	0	0	0.79
90100	0.79	0.01	0.01	0	0	0.79
90200	0.79	0.02	0.02	0	0	0.79
90300	0.79	0.03	0.03	0	0	0.79
90400	0.79	0.03	0.03	0	0	0.79
90500	0.79	0.03	0.03	0	0	0.79
90600	0.79	0.02	0.02	0	0	0.79
90700	0.79	0.02	0.02	0	0	0.79
90800	0.79	0.01	0.01	0	0	0.79
90900	0.79	0	0	0	0	0.79
91000	0.79	0.01	0.01	0	0	0.79
91100	0.79	0.01	0.01	0	0	0.79
91200	0.79	0.01	0.01	0	0	0.79
91300	0.79	0.02	0.02	0	0	0.79
91400	0.79	0.02	0.02	0	0	0.79
91500	0.79	0.01	0.01	0	0	0.79
91600	0.79	0.03	0.03	0	0	0.79
91700	0.79	0.03	0.03	0	0	0.79
91800	0.79	0.04	0.04	0	0	0.79
91900	0.79	0.03	0.03	0	0	0.79
92000	0.79	0.02	0.02	0	0	0.79
92100	0.79	0.01	0.01	0	0	0.79
92200	0.79	0.01	0.01	0	0	0.79
92300	0.79	0.01	0.01	0	0	0.79
92400	0.79	0	0	0	0	0.79
92500	0.79	0	0	0	0	0.79
92600	0.79	0	0	0	0	0.79
92700	0.79	0.01	0.01	0	0	0.79
92800	0.79	0.01	0.01	0	0	0.79
92900	0.79	0.01	0.01	0	0	0.79
93000	0.79	0.01	0.01	0	0	0.79
93100	0.79	0.01	0.01	0	0	0.79
93200	0.79	0.01	0.01	0	0	0.79
93300	0.79	0	0	0	0	0.79
93400	0.79	0	0	0	0	0.79
93500	0.79	0	0	0	0	0.79
93600	0.79	0	0	0	0	0.79
93700	0.79	0.01	0.01	0	0	0.79
93800	0.79	0.02	0.02	0	0	0.79
93900	0.79	0.02	0.02	0	0	0.79
94000	0.79	0.02	0.02	0	0	0.79
94100	0.79	0.01	0.01	0	0	0.79
94200	0.79	0.02	0.02	0	0	0.79
94300	0.79	0.02	0.02	0	0	0.79
94400	0.79	0.02	0.02	0	0	0.79
94500	0.79	0.02	0.02	0	0	0.79
94600	0.79	0.02	0.02	0	0	0.79
94700	0.79	0.04	0.04	0	0	0.79
94800	0.79	0.03	0.03	0	0	0.79
94900	0.8	0.03	0.03	0	0	0.8
95000	0.8	0.03	0.03	0	0	0.8
95100	0.79	0.02	0.02	0	0	0.79
95200	0.79	0.01	0.01	0	0	0.79
95300	0.79	0	0	0	0	0.79
95400	0.79	0	0	0	0	0.79
95500	0.79	0	0	0	0	0.79
95600	0.79	0	0	0	0	0.79
95700	0.79	0.02	0.02	0	0	0.79
95800	0.79	0.03	0.03	0	0	0.79
95900	0.79	0.03	0.03	0	0	0.79
96000	0.79	0.03	0.03	0	0	0.79
96100	0.79	0.02	0.02	0	0	0.79
96200	0.79	0	0	0	0	0.79
96300	0.79	0	0	0	0	0.79
96400	0.79	0	0	0	0	0.79
96500	0.79	0	0	0	0	0.79
96600	0.79	0	0	0	0	0.79
96700	0.79	0	0	0	0	0.79
96800	0.79	0.01	0.01	0	0	0.79
96900	0.79	0.01	0.01	0	0	0.79
97000	0.79	0.01	0.01	0	0	0.79
97100	0.79	0.01	0.01	0	0	0.79
97200	0.79	0	0	0	0	0.79
97300	0.79	0.01	0.01	0	0	0.79
97400	0.79	0.01	0.01	0	0	0.79
97500	0.79	0	0	0	0	0.79
97600	0.79	0	0	0	0	0.79
97700	0.79	0	0	0	0	0.79
97800	0.79	0	0	0	0	0.79
97900	0.79	0	0	0	0	0.79
98000	0.79	0.01	0.01	0	0	0.79
98100	0.79	0.01	0.01	0	0	0.79
98200	0.79	0.01	0.01	0	0	0.79
98300	0.79	0.01	0.01	0	0	0.79
98400	0.79	0	0	0	0	0.79
98500	0.79	0	0	0	0	0.79
98600	0.79	0	0	0	0	0.79
98700	0.79	0	0	0	0	0.79
98800	0.79	0	0	0	0	0.79
98900	0.79	0	0	0	0	0.79
99000	0.79	0.01	0.01	0	0	0.79
99100	0.79	0.01	0.01	0	0	0.79
99200	0.79	0.02	0.02	0	0	0.79
99300	0.79	0.02	0.02	0	0	0.79
99400	0.79	0.03	0.03	0	0	0.79
99500	0.79	0.03	0.03	0	0	0.79
99600	0.79	0.01	0.01	0	0	0.79
99700	0.79	0.01	0.01	0	0	0.79
99800	0.79	0.01	0.01	0	0	0.79
99900	0.79	0.01	0.01	0	0	0.79
100000	0.79	0.01	0.01	0	0	0.79
100100	0.79	0.02	0.02	0	0	0.79
100200	0.79	0.01	0.01	0	0	0.79
100300	0.79	0.01	0.01	0	0	0.79
100400	0.79	0.01	0.01	0	0	0.79
100500	0.79	0	0	0	0	0.79
100600	0.79	0	0	0	0	0.79
100700	0.79	0.01	0.01	0	0	0.79
100800	0.79	0.01	0.01	0	0	0.79
100900	0.79	0.03	0.03	0	0	0.79
101000	0.79	0.03	0.03	0	0	0.79
101100	0.79	0.04	0.04	0	0	0.79
101200	0.79	0.04	0.04	0	0	0.79
101300	0.79	0.03	0.03	0	0	0.79
101400	0.79	0.01	0.01	0	0	0.79
101500	0.79	0	0	0	0	0.79
101600	0.79	0	0	0	0	0.79
101700	0.79	0	0	0	0	0.79
101800	0.79	0	0	0	0	0.79
101900	0.79	0.01	0.01	0	0	0.79
102000	0.79	0.01	0.01	0	0	0.79
102100	0.79	0.02	0.02	0	0	0.79
102200	0.79	0.01	0.01	0	0	0.79
102300	0.79	0.01	0.01	0	0	0.79
102400	0.79	0.02	0.02	0	0	0.79
102500	0.79	0.03	0.03	0	0	0.79
102600	0.79	0.02	0.02	0	0	0.79
102700	0.79	0	0	0	0	0.79
102800	0.79	0	0	0	0	0.79
102900	0.79	0.01	0.01	0	0	0.79
103000	0.79	0.01	0.01	0	0	0.79
103100	0.79	0.01	0.01	0	0	0.79
103200	0.79	0.01	0.01	0	0	0.79
103300	0.79	0.01	0.01	0	0	0.79
103400	0.79	0.01	0.01	0	0	0.79
103500	0.79	0.01	0.01	0	0	0.79
103600	0.79	0.02	0.02	0	0	0.79
103700	0.79	0	0	0	0	0.79
103800	0.79	0.01	0.01	0	0	0.79
103900	0.79	0.01	0.01	0	0	0.79
104000	0.79	0.01	0.01	0	0	0.79
104100	0.79	0.01	0.01	0	0	0.79
104200	0.79	0.01	0.01	0	0	0.79
104300	0.79	0	0	0	0	0.79
104400	0.8	0	0	0	0	0.8
104500	0.8	0	0	0	0	0.8
104600	0.8	0	0	0	0	0.8
104700	0.8	0	0	0	0	0.8
104800	0.8	0	0	0	0	0.8
104900	0.8	0.01	0.01	0	0	0.8
105000	0.8	0.01	0.01	0	0	0.8
105100	0.8	0	0	0	0	0.8
105200	0.8	0	0	0	0	0.8
105300	0.8	0	0	0	0	0.8
105400	0.8	0.02	0.02	0	0	0.8
105500	0.8	0.02	0.02	0	0	0.8
105600	0.8	0.03	0.03	0	0	0.8
105700	0.8	0.03	0.03	0	0	0.8
105800	0.8	0.04	0.04	0	0	0.8
105900	0.8	0.04	0.04	0	0	0.8
106000	0.8	0.02	0.02	0	0	0.8
106100	0.8	0.01	0.01	0	0	0.8
106200	0.8	0.01	0.01	0	0	0.8
106300	0.8	0.01	0.01	0	0	0.8
106400	0.8	0.01	0.01	0	0	0.8
106500	0.8	0.01	0.01	0	0	0.8
106600	0.8	0	0	0	0	0.8
106700	0.8	0	0	0	0	0.8
106800	0.8	0	0	0	0	0.8
106900	0.8	0.01	0.01	0	0	0.8
107000	0.8	0.01	0.01	0	0	0.8
107100	0.8	0.01	0.01	0	0	0.8
107200	0.8	0.01	0.01	0	0	0.8
107300	0.8	0	0	0	0	0.8
107400	0.8	0.01	0.01	0	0	0.8
107500	0.8	0.02	0.02	0	0	0.8
107600	0.8	0.02	0.02	0	0	0.8
107700	0.8	0.02	0.02	0	0	0.8
107800	0.8	0.01	0.01	0	0	0.8
107900	0.8	0	0	0	0	0.8
108000	0.8	0	0	0	0	0.8
108100	0.8	0	0	0	0	0.8
108200	0.8	0	0	0	0	0.8
108300	0.8	0	0	0	0	0.8
108400	0.8	0	0	0	0	0.8
108500	0.8	0	0	0	0	0.8
108600	0.8	0	0	0	0	0.8
108700	0.8	0	0	0	0	0.8
108800	0.8	0	0	0	0	0.8
108900	0.8	0	0	0	0	0.8
109000	0.8	0	0	0	0	0.8
109100	0.8	0	0	0	0	0.8
109200	0.8	0	0	0	0	0.8
109300	0.8	0	0	0	0	0.8
109400	0.8	0	0	0	0	0.8
109500	0.8	0	0	0	0	0.8
109600	0.8	0	0	0	0	0.8
109700	0.8	0	0	0	0	0.8
109800	0.8	0	0	0	0	0.8
109900	0.8	0.01	0.01	0	0	0.8
110000	0.8	0.01	0.01	0	0	0.8
110100	0.8	0.01	0.01	0	0	0.8
110200	0.8	0.01	0.01	0	0	0.8
110300	0.8	0.02	0.02	0	0	0.8
110400	0.8	0.02	0.02	0	0	0.8
110500	0.8	0.02	0.02	0	0	0.8
110600	0.8	0.02	0.02	0	0	0.8
110700	0.8	0.03	0.03	0	0	0.8
110800	0.8	0.03	0.03	0	0	0.8
110900	0.8	0.02	0.02	0	0	0.8
111000	0.8	0.01	0.01	0	0	0.8
111100	0.8	0.01	0.01	0	0	0.8
111200	0.8	0.01	0.01	0	0	0.8
111300	0.8	0	0	0	0	0.8
111400	0.8	0.01	0.01	0	0	0.8
111500	0.8	0.01	0.01	0	0	0.8
111600	0.8	0.01	0.01	0	0	0.8
111700	0.8	0.02	0.02	0	0	0.8
111800	0.8	0.01	0.01	0	0	0.8
111900	0.8	0.01	0.01	0	0	0.8
112000	0.8	0.01	0.01	0	0	0.8
112100	0.8	0.01	0.01	0	0	0.8
112200	0.8	0.01	0.01	0	0	0.8
112300	0.8	0.03	0.03	0	0	0.8
112400	0.8	0.04	0.04	0	0	0.8
112500	0.8	0.02	0.02	0	0	0.8
112600	0.8	0.01	0.01	0	0	0.8
112700	0.8	0.01	0.01	0	0	0.8
112800	0.8	0.01	0.01	0	0	0.8
112900	0.8	0	0	0	0	0.8
113000	0.8	0	0	0	0	0.8
113100	0.8	0	0	0	0	0.8
113200	0.8	0.01	0.01	0	0	0.8
113300	0.8	0.01	0.01	0	0	0.8
113400	0.8	0.01	0.01	0	0	0.8
113500	0.8	0.01	0.01	0	0	0.8
113600	0.8	0.02	0.02	0	0	0.8
113700	0.8	0.02	0.02	0	0	0.8
113800	0.8	0.02	0.02	0	0	0.8
113900	0.8	0.01	0.01	0	0	0.8
114000	0.8	0.02	0.02	0	0	0.8
114100	0.8	0.01	0.01	0	0	0.8
114200	0.8	0.01	0.01	0	0	0.8
114300	0.8	0.02	0.02	0	0	0.8
114400	0.8	0	0	0	0	0.8
114500	0.8	0	0	0	0	0.8
114600	0.8	0	0	0	0	0.8
114700	0.8	0	0	0	0	0.8
114800	0.8	0.01	0.01	0	0	0.8
114900	0.8	0.01	0.01	0	0	0.8
115000	0.8	0.01	0.01	0	0	0.8
115100	0.8	0.01	0.01	0	0	0.8
115200	0.8	0.02	0.02	0	0	0.8
115300	0.8	0.02	0.02	0	0	0.8
115400	0.8	0.01	0.01	0	0	0.8
115500	0.8	0.03	0.03	0	0	0.8
115600	0.8	0.03	0.03	0	0	0.8
115700	0.8	0.02	0.02	0	0	0.8
115800	0.8	0.04	0.04	0	0	0.8
115900	0.8	0.04	0.04	0	0	0.8
116000	0.8	0.02	0.02	0	0	0.8
116100	0.8	0.01	0.01	0	0	0.8
116200	0.8	0.01	0.01	0	0	0.8
116300	0.8	0.01	0.01	0	0	0.8
116400	0.8	0.02	0.02	0	0	0.8
116500	0.8	0.02	0.02	0	0	0.8
116600	0.8	0.02	0.02	0	0	0.8
116700	0.8	0.02	0.02	0	0	0.8
116800	0.8	0.02	0.02	0	0	0.8
116900	0.8	0.01	0.01	0	0	0.8
117000	0.8	0.02	0.02	0	0	0.8
117100	0.8	0.03	0.03	0	0	0.8
117200	0.8	0.02	0.02	0	0	0.8
117300	0.8	0.02	0.02	0	0	0.8
117400	0.8	0.03	0.03	0	0	0.8
117500	0.8	0.03	0.03	0	0	0.8
117600	0.8	0.04	0.04	0	0	0.8
117700	0.8	0.03	0.03	0	0	0.8
117800	0.8	0.02	0.02	0	0	0.8
117900	0.8	0.01	0.01	0	0	0.8
118000	0.8	0	0	0	0	0.8
118100	0.8	0	0	0	0	0.8
118200	0.8	0	0	0	0	0.8
118300	0.8	0.01	0.01	0	0	0.8
118400	0.8	0.01	0.01	0	0	0.8
118500	0.8	0.01	0.01	0	0	0.8
118600	0.8	0.01	0.01	0	0	0.8
118700	0.8	0	0	0	0	0.8
118800	0.8	0	0	0	0	0.8
118900	0.8	0	0	0	0	0.8
119000	0.8	0	0	0	0	0.8
119100	0.8	0	0	0	0	0.8
119200	0.8	0	0	0	0	0.8
119300	0.8	0	0	0	0	0.8
119400	0.8	0.01	0.01	0	0	0.8
119500	0.8	0.01	0.01	0	0	0.8
119600	0.8	0	0	0	0	0.8
119700	0.8	0	0	0	0	0.8
119800	0.8	0	0	0	0	0.8
119900	0.8	0.01	0.01	0	0	0.8
120000	0.8	0.03	0.03	0	0	0.8
120100	0.8	0.03	0.03	0	0	0.8
120200	0.8	0.03	0.03	0	0	0.8
120300	0.8	0.03	0.03	0	0	0.8
120400	0.8	0.04	0.04	0	0	0.8
120500	0.8	0.03	0.03	0	0	0.8
120600	0.8	0.02	0.02	0	0	0.8
120700	0.8	0.01	0.01	0	0	0.8
120800	0.8	0	0	0	0	0.8
120900	0.8	0	0	0	0	0.8
121000	0.8	0	0	0	0	0.8
121100	0.8	0.01	0.01	0	0	0.8
121200	0.8	0.01	0.01	0	0	0.8
121300	0.8	0.02	0.02	0	0	0.8
121400	0.8	0.02	0.02	0	0	0.8
121500	0.8	0.02	0.02	0	0	0.8
121600	0.8	0.02	0.02	0	0	0.8
121700	0.8	0.03	0.03	0	0	0.8
121800	0.8	0.03	0.03	0	0	0.8
121900	0.8	0.02	0.02	0	0	0.8
122000	0.8	0.02	0.02	0	0	0.8
122100	0.8	0.02	0.02	0	0	0.8
122200	0.8	0.01	0.01	0	0	0.8
122300	0.8	0.01	0.01	0	0	0.8
122400	0.8	0.01	0.01	0	0	0.8
122500	0.8	0.01	0.01	0	0	0.8
122600	0.8	0.02	0.02	0	0	0.8
122700	0.8	0.02	0.02	0	0	0.8
122800	0.8	0.03	0.03	0	0	0.8
122900	0.8	0.03	0.03	0	0	0.8
123000	0.8	0.02	0.02	0	0	0.8
123100	0.8	0.02	0.02	0	0	0.8
123200	0.8	0.01	0.01	0	0	0.8
123300	0.8	0.01	0.01	0	0	0.8
123400	0.8	0	0	0	0	0.8
123500	0.8	0.02	0.02	0	0	0.8
123600	0.8	0.03	0.03	0	0	0.8
123700	0.8	0.02	0.02	0	0	0.8
123800	0.8	0.01	0.01	0	0	0.8
123900	0.8	0.01	0.01	0	0	0.8
124000	0.8	0.01	0.01	0	0	0.8
124100	0.8	0	0	0	0	0.8
124200	0.8	0	0	0	0	0.8
124300	0.8	0	0	0	0	0.8
124400	0.8	0.01	0.01	0	0	0.8
124500	0.8	0.01	0.01	0	0	0.8
124600	0.8	0.03	0.03	0	0	0.8
124700	0.8	0.03	0.03	0	0	0.8
124800	0.8	0.03	0.03	0	0	0.8
124900	0.8	0.02	0.02	0	0	0.8
125000	0.8	0.02	0.02	0	0	0.8
125100	0.8	0	0	0	0	0.8
125200	0.8	0	0	0	0	0.8
125300	0.8	0	0	0	0	0.8
125400	0.8	0	0	0	0	0.8
125500	0.8	0	0	0	0	0.8
125600	0.8	0.01	0.01	0	0	0.8
125700	0.8	0.01	0.01	0	0	0.8
125800	0.8	0.01	0.01	0	0	0.8
125900	0.8	0.01	0.01	0	0	0.8
126000	0.8	0.01	0.01	0	0	0.8
126100	0.8	0	0	0	0	0.8
126200	0.8	0	0	0	0	0.8
126300	0.8	0	0	0	0	0.8
126400	0.8	0.03	0.03	0	0	0.8
126500	0.8	0.04	0.04	0	0	0.8
126600	0.8	0.04	0.04	0	0	0.8
126700	0.8	0.04	0.04	0	0	0.8
126800	0.8	0.04	0.04	0	0	0.8
126900	0.8	0.02	0.02	0	0	0.8
127000	0.8	0	0	0	0	0.8
127100	0.8	0.02	0.02	0	0	0.8
127200	0.8	0.03	0.03	0	0	0.8
127300	0.8	0.03	0.03	0	0	0.8
127400	0.8	0.03	0.03	0	0	0.8
127500	0.8	0.04	0.04	0	0	0.8
127600	0.8	0.02	0.02	0	0	0.8
127700	0.8	0	0	0	0	0.8
127800	0.8	0	0	0	0	0.8
127900	0.8	0	0	0	0	0.8
128000	0.8	0.02	0.02	0	0	0.8
128100	0.8	0.02	0.02	0	0	0.8
128200	0.8	0.02	0.02	0	0	0.8
128300	0.8	0.02	0.02	0	0	0.8
128400	0.8	0.02	0.02	0	0	0.8
128500	0.8	0.02	0.02	0	0	0.8
128600	0.8	0	0	0	0	0.8
128700	0.8	0	0	0	0	0.8
128800	0.8	0	0	0	0	0.8
128900	0.8	0	0	0	0	0.8
129000	0.8	0	0	0	0	0.8
129100	0.8	0	0	0	0	0.8
129200	0.8	0	0	0	0	0.8
129300	0.8	0.02	0.02	0	0	0.8
129400	0.8	0.03	0.03	0	0	0.8
129500	0.8	0.03	0.03	0	0	0.8
129600	0.8	0.04	0.04	0	0	0.8
129700	0.8	0.03	0.03	0	0	0.8
129800	0.8	0.03	0.03	0	0	0.8
129900	0.8	0.03	0.03	0	0	0.8
130000	0.8	0.01	0.01	0	0	0.8
130100	0.8	0	0	0	0	0.8
130200	0.8	0	0	0	0	0.8
130300	0.8	0	0	0	0	0.8
130400	0.8	0.01	0.01	0	0	0.8
130500	0.8	0.01	0.01	0	0	0.8
130600	0.8	0.03	0.03	0	0	0.8
130700	0.8	0.04	0.04	0	0	0.8
130800	0.8	0.04	0.04	0	0	0.8
130900	0.8	0.04	0.04	0	0	0.8
131000	0.8	0.03	0.03	0	0	0.8
131100	0.8	0.02	0.02	0	0	0.8
131200	0.8	0.01	0.01	0	0	0.8
131300	0.8	0	0	0	0	0.8
131400	0.8	0.01	0.01	0	0	0.8
131500	0.8	0.01	0.01	0	0	0.8
131600	0.8	0.03	0.03	0	0	0.8
131700	0.8	0.04	0.04	0	0	0.8
131800	0.8	0.03	0.03	0	0	0.8
131900	0.8	0	0	0	0	0.8
132000	0.8	0	0	0	0	0.8
132100	0.8	0	0	0	0	0.8
132200	0.8	0.01	0.01	0	0	0.8
132300	0.8	0.02	0.02	0	0	0.8
132400	0.8	0.03	0.03	0	0	0.8
132500	0.8	0.03	0.03	0	0	0.8
132600	0.8	0.02	0.02	0	0	0.8
132700	0.8	0.02	0.02	0	0	0.8
132800	0.8	0.01	0.01	0	0	0.8
132900	0.8	0	0	0	0	0.8
133000	0.8	0	0	0	0	0.8
133100	0.8	0.01	0.01	0	0	0.8
133200	0.8	0.01	0.01	0	0	0.8
133300	0.8	0.01	0.01	0	0	0.8
133400	0.8	0.01	0.01	0	0	0.8
133500	0.8	0.03	0.03	0	0	0.8
133600	0.8	0.03	0.03	0	0	0.8
133700	0.8	0.03	0.03	0	0	0.8
133800	0.8	0.02	0.02	0	0	0.8
133900	0.8	0.03	0.03	0	0	0.8
134000	0.8	0.03	0.03	0	0	0.8
134100	0.8	0.01	0.01	0	0	0.8
134200	0.8	0.01	0.01	0	0	0.8
134300	0.8	0.01	0.01	0	0	0.8
134400	0.8	0	0	0	0	0.8
134500	0.8	0	0	0	0	0.8
134600	0.8	0.01	0.01	0	0	0.8
134700	0.8	0.01	0.01	0	0	0.8
134800	0.8	0.01	0.01	0	0	0.8
134900	0.8	0.01	0.01	0	0	0.8
135000	0.8	0.01	0.01	0	0	0.8
135100	0.8	0.01	0.01	0	0	0.8
135200	0.8	0	0	0	0	0.8
135300	0.8	0.02	0.02	0	0	0.8
135400	0.8	0.02	0.02	0	0	0.8
135500	0.8	0.02	0.02	0	0	0.8
135600	0.8	0.03	0.03	0	0	0.8
135700	0.8	0.03	0.03	0	0	0.8
135800	0.8	0.03	0.03	0	0	0.8
135900	0.8	0.01	0.01	0	0	0.8
136000	0.8	0.03	0.03	0	0	0.8
136100	0.8	0.03	0.03	0	0	0.8
136200	0.8	0.02	0.02	0	0	0.8
136300	0.8	0.02	0.02	0	0	0.8
136400	0.8	0.02	0.02	0	0	0.8
136500	0.8	0.01	0.01	0	0	0.8
136600	0.8	0	0	0	0	0.8
136700	0.8	0	0	0	0	0.8
136800	0.8	0	0	0	0	0.8
136900	0.8	0	0	0	0	0.8
137000	0.8	0	0	0	0	0.8
137100	0.8	0	0	0	0	0.8
137200	0.8	0	0	0	0	0.8
137300	0.8	0	0	0	0	0.8
137400	0.8	0	0	0	0	0.8
137500	0.8	0	0	0	0	0.8
137600	0.8	0.02	0.02	0	0	0.8
137700	0.8	0.02	0.02	0	0	0.8
137800	0.8	0.02	0.02	0	0	0.8
137900	0.8	0.01	0.01	0	0	0.8
138000	0.8	0.02	0.02	0	0	0.8
138100	0.8	0.02	0.02	0	0	0.8
138200	0.8	0.02	0.02	0	0	0.8
138300	0.8	0.02	0.02	0	0	0.8
138400	0.8	0.01	0.01	0	0	0.8
138500	0.8	0	0	0	0	0.8
138600	0.8	0	0	0	0	0.8
138700	0.8	0.01	0.01	0	0	0.8
138800	0.8	0.01	0.01	0	0	0.8
138900	0.8	0.01	0.01	0	0	0.8
139000	0.8	0.01	0.01	0	0	0.8
139100	0.8	0	0	0	0	0.8
139200	0.8	0	0	0	0	0.8
139300	0.8	0.01	0.01	0	0	0.8
139400	0.8	0.02	0.02	0	0	0.8
139500	0.8	0.03	0.03	0	0	0.8
139600	0.8	0.03	0.03	0	0	0.8
139700	0.8	0.04	0.04	0	0	0.8
139800	0.8	0.04	0.04	0	0	0.8
139900	0.8	0	0	0	0	0.8
140000	0.8	0.01	0.01	0	0	0.8
140100	0.8	0.01	0.01	0	0	0.8
140200	0.8	0.01	0.01	0	0	0.8
140300	0.8	0.01	0.01	0	0	0.8
140400	0.8	0.01	0.01	0	0	0.8
140500	0.8	0.01	0.01	0	0	0.8
140600	0.8	0	0	0	0	0.8
140700	0.8	0	0	0	0	0.8
140800	0.8	0	0	0	0	0.8
140900	0.8	0	0	0	0	0.8
141000	0.8	0	0	0	0	0.8
141100	0.8	0	0	0	0	0.8
141200	0.8	0	0	0	0	0.8
141300	0.8	0	0	0	0	0.8
141400	0.8	0	0	0	0	0.8
141500	0.8	0.01	0.01	0	0	0.8
141600	0.8	0.01	0.01	0	0	0.8
141700	0.8	0.01	0.01	0	0	0.8
141800	0.8	0.01	0.01	0	0	0.8
141900	0.8	0	0	0	0	0.8
142000	0.8	0	0	0	0	0.8
142100	0.8	0	0	0	0	0.8
142200	0.8	0.01	0.01	0	0	0.8
142300	0.8	0.02	0.02	0	0	0.8
142400	0.8	0.02	0.02	0	0	0.8
142500	0.8	0.02	0.02	0	0	0.8
142600	0.8	0.03	0.03	0	0	0.8
142700	0.8	0.03	0.03	0	0	0.8
142800	0.8	0.03	0.03	0	0	0.8
142900	0.8	0.03	0.03	0	0	0.8
143000	0.8	0.02	0.02	0	0	0.8
143100	0.8	0.02	0.02	0	0	0.8
143200	0.8	0.01	0.01	0	0	0.8
143300	0.8	0.01	0.01	0	0	0.8
143400	0.8	0.02	0.02	0	0	0.8
143500	0.8	0.02	0.02	0	0	0.8
143600	0.8	0.01	0.01	0	0	0.8
143700	0.8	0.01	0.01	0	0	0.8
143800	0.8	0.01	0.01	0	0	0.8
143900	0.8	0.01	0.01	0	0	0.8
144000	0.8	0.02	0.02	0	0	0.8
144100	0.8	0.02	0.02	0	0	0.8
144200	0.8	0.02	0.02	0	0	0.8
144300	0.8	0.02	0.02	0	0	0.8
144400	0.8	0.02	0.02	0	0	0.8
144500	0.8	0.01	0.01	0	0	0.8
144600	0.8	0	0	0	0	0.8
144700	0.8	0	0	0	0	0.8
144800	0.8	0.01	0.01	0	0	0.8
144900	0.8	0.01	0.01	0	0	0.8
145000	0.8	0.01	0.01	0	0	0.8
145100	0.8	0.01	0.01	0	0	0.8
145200	0.8	0.01	0.01	0	0	0.8
145300	0.8	0	0	0	0	0.8
145400	0.8	0	0	0	0	0.8
145500	0.8	0.01	0.01	0	0	0.8
145600	0.8	0.01	0.01	0	0	0.8
145700	0.8	0.01	0.01	0	0	0.8
145800	0.8	0.01	0.01	0	0	0.8
145900	0.8	0	0	0	0	0.8
146000	0.8	0	0	0	0	0.8
146100	0.8	0.01	0.01	0	0	0.8
146200	0.8	0.01	0.01	0	0	0.8
146300	0.8	0.02	0.02	0	0	0.8
146400	0.8	0.02	0.02	0	0	0.8
146500	0.8	0.03	0.03	0	0	0.8
146600	0.8	0.03	0.03	0	0	0.8
146700	0.8	0.03	0.03	0	0	0.8
146800	0.8	0.02	0.02	0	0	0.8
146900	0.8	0.01	0.01	0	0	0.8
147000	0.8	0	0	0	0	0.8
147100	0.8	0	0	0	0	0.8
147200	0.8	0	0	0	0	0.8
147300	0.8	0	0	0	0	0.8
147400	0.8	0.01	0.01	0	0	0.8
147500	0.8	0.01	0.01	0	0	0.8
147600	0.8	0.01	0.01	0	0	0.8
147700	0.8	0.01	0.01	0	0	0.8
147800	0.8	0.03	0.03	0	0	0.8
147900	0.8	0.03	0.03	0	0	0.8
148000	0.8	0.01	0.01	0	0	0.8
148100	0.8	0.02	0.02	0	0	0.8
148200	0.8	0.02	0.02	0	0	0.8
148300	0.8	0.01	0.01	0	0	0.8
148400	0.8	0.01	0.01	0	0	0.8
148500	0.8	0.01	0.01	0	0	0.8
148600	0.8	0	0	0	0	0.8
148700	0.8	0	0	0	0	0.8
148800	0.8	0	0	0	0	0.8
148900	0.8	0	0	0	0	0.8
149000	0.8	0	0	0	0	0.8
149100	0.8	0	0	0	0	0.8
149200	0.8	0.01	0.01	0	0	0.8
149300	0.8	0.01	0.01	0	0	0.8
149400	0.8	0.01	0.01	0	0	0.8
149500	0.8	0.01	0.01	0	0	0.8
149600	0.8	0.01	0.01	0	0	0.8
149700	0.8	0	0	0	0	0.8
149800	0.8	0	0	0	0	0.8
149900	0.8	0.01	0.01	0	0	0.8
150000	0.8	0.01	0.01	0	0	0.8
150100	0.8	0.01	0.01	0	0	0.8
150200	0.8	0.01	0.01	0	0	0.8
150300	0.8	0.01	0.01	0	0	0.8
150400	0.8	0.01	0.01	0	0	0.8
150500	0.8	0	0	0	0	0.8
150600	0.8	0.01	0.01	0	0	0.8
150700	0.8	0.01	0.01	0	0	0.8
150800	0.8	0.01	0.01	0	0	0.8
150900	0.8	0.02	0.02	0	0	0.8
151000	0.8	0.03	0.03	0	0	0.8
151100	0.8	0.02	0.02	0	0	0.8
151200	0.8	0.02	0.02	0	0	0.8
151300	0.8	0.03	0.03	0	0	0.8
151400	0.8	0.01	0.01	0	0	0.8
151500	0.8	0.01	0.01	0	0	0.8
151600	0.8	0	0	0	0	0.8
151700	0.8	0.01	0.01	0	0	0.8
151800	0.8	0.01	0.01	0	0	0.8
151900	0.8	0.01	0.01	0	0	0.8
152000	0.8	0.01	0.01	0	0	0.8
152100	0.8	0.01	0.01	0	0	0.8
152200	0.8	0.01	0.01	0	0	0.8
152300	0.8	0.01	0.01	0	0	0.8
152400	0.8	0.02	0.02	0	0	0.8
152500	0.8	0.03	0.03	0	0	0.8
152600	0.8	0.03	0.03	0	0	0.8
152700	0.8	0.01	0.01	0	0	0.8
152800	0.8	0	0	0	0	0.8
152900	0.8	0	0	0	0	0.8
153000	0.8	0	0	0	0	0.8
153100	0.8	0	0	0	0	0.8
153200	0.8	0	0	0	0	0.8
153300	0.8	0	0	0	0	0.8
153400	0.8	0.01	0.01	0	0	0.8
153500	0.8	0.01	0.01	0	0	0.8
153600	0.8	0.02	0.02	0	0	0.8
153700	0.8	0.02	0.02	0	0	0.8
153800	0.8	0.02	0.02	0	0	0.8
153900	0.8	0.02	0.02	0	0	0.8
154000	0.8	0	0	0	0	0.8
154100	0.8	0.02	0.02	0	0	0.8
154200	0.8	0.02	0.02	0	0	0.8
154300	0.8	0.02	0.02	0	0	0.8
154400	0.8	0.01	0.01	0	0	0.8
154500	0.8	0.02	0.02	0	0	0.8
154600	0.8	0.02	0.02	0	0	0.8
154700	0.8	0.03	0.03	0	0	0.8
154800	0.8	0.04	0.04	0	0	0.8
154900	0.8	0.05	0.05	0	0	0.8
155000	0.8	0.06	0.06	0	0	0.8
155100	0.8	0.04	0.04	0	0	0.8
155200	0.8	0.03	0.03	0	0	0.8
155300	0.8	0.04	0.04	0	0	0.8
155400	0.8	0.03	0.03	0	0	0.8
155500	0.8	0	0	0	0	0.8
155600	0.8	0	0	0	0	0.8
155700	0.8	0.01	0.01	0	0	0.8
155800	0.8	0.01	0.01	0	0	0.8
155900	0.8	0	0	0	0	0.8
156000	0.8	0	0	0	0	0.8
156100	0.8	0	0	0	0	0.8
156200	0.8	0	0	0	0	0.8
156300	0.8	0.01	0.01	0	0	0.8
156400	0.8	0.01	0.01	0	0	0.8
156500	0.8	0.01	0.01	0	0	0.8
156600	0.8	0.02	0.02	0	0	0.8
156700	0.8	0.02	0.02	0	0	0.8
156800	0.8	0.01	0.01	0	0	0.8
156900	0.8	0	0	0	0	0.8
157000	0.8	0	0	0	0	0.8
157100	0.8	0.01	0.01	0	0	0.8
157200	0.8	0.02	0.02	0	0	0.8
157300	0.8	0.02	0.02	0	0	0.8
157400	0.8	0.03	0.03	0	0	0.8
157500	0.8	0.03	0.03	0	0	0.8
157600	0.8	0.01	0.01	0	0	0.8
157700	0.8	0.01	0.01	0	0	0.8
157800	0.8	0.01	0.01	0	0	0.8
157900	0.8	0.01	0.01	0	0	0.8
158000	0.8	0.02	0.02	0	0	0.8
158100	0.8	0.01	0.01	0	0	0.8
158200	0.8	0.01	0.01	0	0	0.8
158300	0.8	0.01	0.01	0	0	0.8
158400	0.8	0.01	0.01	0	0	0.8
158500	0.8	0.01	0.01	0	0	0.8
158600	0.8	0.02	0.02	0	0	0.8
158700	0.8	0.01	0.01	0	0	0.8
158800	0.8	0.01	0.01	0	0	0.8
158900	0.8	0.01	0.01	0	0	0.8
159000	0.8	0.01	0.01	0	0	0.8
159100	0.8	0.03	0.03	0	0	0.8
159200	0.8	0.02	0.02	0	0	0.8
159300	0.8	0.02	0.02	0	0	0.8
159400	0.8	0.02	0.02	0	0	0.8
159500	0.8	0.01	0.01	0	0	0.8
159600	0.8	0.01	0.01	0	0	0.8
159700	0.8	0	0	0	0	0.8
159800	0.8	0	0	0	0	0.8
159900	0.8	0.01	0.01	0	0	0.8
160000	0.8	0	0	0	0	0.8
160100	0.8	0	0	0	0	0.8
160200	0.8	0.01	0.01	0	0	0.8
160300	0.8	0.02	0.02	0	0	0.8
160400	0.8	0.02	0.02	0	0	0.8
160500	0.8	0	0	0	0	0.8
160600	0.8	0.01	0.01	0	0	0.8
160700	0.8	0.01	0.01	0	0	0.8
160800	0.8	0.02	0.02	0	0	0.8
160900	0.8	0.02	0.02	0	0	0.8
161000	0.8	0.02	0.02	0	0	0.8
161100	0.8	0.01	0.01	0	0	0.8
161200	0.8	0	0	0	0	0.8
161300	0.8	0	0	0	0	0.8
161400	0.8	0	0	0	0	0.8
161500	0.8	0	0	0	0	0.8
161600	0.8	0	0	0	0	0.8
161700	0.8	0.01	0.01	0	0	0.8
161800	0.8	0.02	0.02	0	0	0.8
161900	0.8	0.03	0.03	0	0	0.8
162000	0.8	0.03	0.03	0	0	0.8
162100	0.8	0.03	0.03	0	0	0.8
162200	0.8	0.03	0.03	0	0	0.8
162300	0.8	0.01	0.01	0	0	0.8
162400	0.8	0.01	0.01	0	0	0.8
162500	0.8	0.01	0.01	0	0	0.8
162600	0.8	0	0	0	0	0.8
162700	0.8	0	0	0	0	0.8
162800	0.8	0.01	0.01	0	0	0.8
162900	0.8	0.01	0.01	0	0	0.8
163000	0.8	0	0	0	0	0.8
163100	0.8	0	0	0	0	0.8
163200	0.8	0.01	0.01	0	0	0.8
163300	0.8	0.01	0.01	0	0	0.8
163400	0.8	0.01	0.01	0	0	0.8
163500	0.8	0.01	0.01	0	0	0.8
163600	0.8	0.01	0.01	0	0	0.8
163700	0.8	0.02	0.02	0	0	0.8
163800	0.8	0.01	0.01	0	0	0.8
163900	0.8	0.01	0.01	0	0	0.8
164000	0.8	0.02	0.02	0	0	0.8
164100	0.8	0.02	0.02	0	0	0.8
164200	0.8	0.02	0.02	0	0	0.8
164300	0.8	0.02	0.02	0	0	0.8
164400	0.8	0.02	0.02	0	0	0.8
164500	0.8	0.01	0.01	0	0	0.8
164600	0.8	0	0	0	0	0.8
164700	0.8	0	0	0	0	0.8
164800	0.8	0.02	0.02	0	0	0.8
164900	0.8	0.02	0.02	0	0	0.8
165000	0.8	0.02	0.02	0	0	0.8
165100	0.8	0.02	0.02	0	0	0.8
165200	0.8	0.02	0.02	0	0	0.8
165300	0.8	0.01	0.01	0	0	0.8
165400	0.8	0.01	0.01	0	0	0.8
165500	0.8	0.01	0.01	0	0	0.8
165600	0.8	0.01	0.01	0	0	0.8
165700	0.8	0.01	0.01	0	0	0.8
165800	0.8	0	0	0	0	0.8
165900	0.8	0	0	0	0	0.8
166000	0.8	0.02	0.02	0	0	0.8
166100	0.8	0.01	0.01	0	0	0.8
166200	0.8	0.01	0.01	0	0	0.8
166300	0.8	0.01	0.01	0	0	0.8
166400	0.8	0.01	0.01	0	0	0.8
166500	0.8	0.03	0.03	0	0	0.8
166600	0.8	0.03	0.03	0	0	0.8
166700	0.8	0.01	0.01	0	0	0.8
166800	0.8	0.01	0.01	0	0	0.8
166900	0.8	0.02	0.02	0	0	0.8
167000	0.8	0.02	0.02	0	0	0.8
167100	0.8	0.01	0.01	0	0	0.8
167200	0.8	0.01	0.01	0	0	0.8
167300	0.8	0.01	0.01	0	0	0.8
167400	0.8	0	0	0	0	0.8
167500	0.8	0	0	0	0	0.8
167600	0.8	0	0	0	0	0.8
167700	0.8	0	0	0	0	0.8
167800	0.8	0	0	0	0	0.8
167900	0.8	0	0	0	0	0.8
168000	0.8	0.01	0.01	0	0	0.8
168100	0.8	0.01	0.01	0	0	0.8
168200	0.8	0.01	0.01	0	0	0.8
168300	0.8	0.01	0.01	0	0	0.8
168400	0.8	0.01	0.01	0	0	0.8
168500	0.8	0.01	0.01	0	0	0.8
168600	0.8	0.01	0.01	0	0	0.8
168700	0.8	0.02	0.02	0	0	0.8
168800	0.8	0.02	0.02	0	0	0.8
168900	0.8	0.02	0.02	0	0	0.8
169000	0.8	0	0	0	0	0.8
169100	0.8	0	0	0	0	0.8
169200	0.8	0	0	0	0	0.8
169300	0.8	0	0	0	0	0.8
169400	0.8	0	0	0	0	0.8
169500	0.8	0	0	0	0	0.8
169600	0.8	0	0	0	0	0.8
169700	0.8	0	0	0	0	0.8
169800	0.8	0	0	0	0	0.8
169900	0.8	0	0	0	0	0.8
170000	0.8	0.01	0.01	0	0	0.8
170100	0.8	0.01	0.01	0	0	0.8
170200	0.8	0.01	0.01	0	0	0.8
170300	0.8	0.01	0.01	0	0	0.8
170400	0.8	0.01	0.01	0	0	0.8
170500	0.8	0.02	0.02	0	0	0.8
170600	0.8	0.01	0.01	0	0	0.8
170700	0.8	0.01	0.01	0	0	0.8
170800	0.8	0.02	0.02	0	0	0.8
170900	0.8	0.01	0.01	0	0	0.8
171000	0.8	0.01	0.01	0	0	0.8
171100	0.8	0	0	0	0	0.8
171200	0.8	0	0	0	0	0.8
171300	0.8	0	0	0	0	0.8
171400	0.8	0	0	0	0	0.8
171500	0.8	0.01	0.01	0	0	0.8
171600	0.8	0.01	0.01	0	0	0.8
171700	0.8	0.01	0.01	0	0	0.8
171800	0.8	0.01	0.01	0	0	0.8
171900	0.8	0.01	0.01	0	0	0.8
172000	0.8	0.01	0.01	0	0	0.8
172100	0.8	0	0	0	0	0.8
172200	0.8	0	0	0	0	0.8
172300	0.8	0	0	0	0	0.8
172400	0.8	0	0	0	0	0.8
172500	0.8	0	0	0	0	0.8
172600	0.8	0	0	0	0	0.8
172700	0.8	0	0	0	0	0.8
172800	0.8	0.01	0.01	0	0	0.8
172900	0.8	0.01	0.01	0	0	0.8
173000	0.8	0	0	0	0	0.8
173100	0.8	0.01	0.01	0	0	0.8
173200	0.8	0.01	0.01	0	0	0.8
173300	0.8	0.01	0.01	0	0	0.8
173400	0.8	0.01	0.01	0	0	0.8
173500	0.8	0.01	0.01	0	0	0.8
173600	0.8	0.01	0.01	0	0	0.8
173700	0.8	0	0	0	0	0.8
173800	0.8	0.01	0.01	0	0	0.8
173900	0.8	0.01	0.01	0	0	0.8
174000	0.8	0.01	0.01	0	0	0.8
174100	0.8	0.03	0.03	0	0	0.8
174200	0.8	0.03	0.03	0	0	0.8
174300	0.8	0.04	0.04	0	0	0.8
174400	0.8	0.02	0.02	0	0	0.8
174500	0.8	0.02	0.02	0	0	0.8
174600	0.8	0.01	0.01	0	0	0.8
174700	0.8	0.01	0.01	0	0	0.8
174800	0.8	0.01	0.01	0	0	0.8
174900	0.8	0	0	0	0	0.8
175000	0.8	0	0	0	0	0.8
175100	0.8	0.01	0.01	0	0	0.8
175200	0.8	0.01	0.01	0	0	0.8
175300	0.8	0.01	0.01	0	0	0.8
175400	0.8	0.02	0.02	0	0	0.8
175500	0.8	0.02	0.02	0	0	0.8
175600	0.8	0.01	0.01	0	0	0.8
175700	0.8	0.01	0.01	0	0	0.8
175800	0.8	0.01	0.01	0	0	0.8
175900	0.8	0.01	0.01	0	0	0.8
176000	0.8	0	0	0	0	0.8
176100	0.8	0	0	0	0	0.8
176200	0.8	0	0	0	0	0.8
176300	0.8	0	0	0	0	0.8
176400	0.8	0	0	0	0	0.8
176500	0.8	0	0	0	0	0.8
176600	0.8	0	0	0	0	0.8
176700	0.8	0.01	0.01	0	0	0.8
176800	0.8	0.03	0.03	0	0	0.8
176900	0.8	0.03	0.03	0	0	0.8
177000	0.8	0.03	0.03	0	0	0.8
177100	0.8	0.03	0.03	0	0	0.8
177200	0.8	0.01	0.01	0	0	0.8
177300	0.8	0	0	0	0	0.8
177400	0.8	0	0	0	0	0.8
177500	0.8	0	0	0	0	0.8
177600	0.8	0	0	0	0	0.8
177700	0.8	0	0	0	0	0.8
177800	0.8	0	0	0	0	0.8
177900	0.8	0	0	0	0	0.8
178000	0.8	0	0	0	0	0.8
178100	0.8	0	0	0	0	0.8
178200	0.8	0	0	0	0	0.8
178300	0.8	0.01	0.01	0	0	0.8
178400	0.8	0.01	0.01	0	0	0.8
178500	0.8	0.01	0.01	0	0	0.8
178600	0.8	0.01	0.01	0	0	0.8
178700	0.8	0.01	0.01	0	0	0.8
178800	0.8	0.01	0.01	0	0	0.8
178900	0.8	0.01	0.01	0	0	0.8
179000	0.8	0	0	0	0	0.8
179100	0.8	0.01	0.01	0	0	0.8
179200	0.8	0.01	0.01	0	0	0.8
179300	0.8	0.01	0.01	0	0	0.8
179400	0.8	0.01	0.01	0	0	0.8
179500	0.8	0.02	0.02	0	0	0.8
179600	0.8	0.01	0.01	0	0	0.8
179700	0.8	0.02	0.02	0	0	0.8
179800	0.8	0.01	0.01	0	0	0.8
179900	0.8	0.01	0.01	0	0	0.8
180000	0.8	0.01	0.01	0	0	0.8
180100	0.8	0.01	0.01	0	0	0.8
180200	0.8	0.01	0.01	0	0	0.8
180300	0.8	0	0	0	0	0.8
180400	0.8	0.01	0.01	0	0	0.8
180500	0.8	0.01	0.01	0	0	0.8
180600	0.8	0.01	0.01	0	0	0.8
180700	0.8	0.01	0.01	0	0	0.8
180800	0.8	0	0	0	0	0.8
180900	0.8	0	0	0	0	0.8
181000	0.8	0	0	0	0	0.8
181100	0.8	0	0	0	0	0.8
181200	0.8	0	0	0	0	0.8
181300	0.8	0	0	0	0	0.8
181400	0.8	0.01	0.01	0	0	0.8
181500	0.8	0.01	0.01	0	0	0.8
181600	0.8	0.01	0.01	0	0	0.8
181700	0.8	0.01	0.01	0	0	0.8
181800	0.8	0.01	0.01	0	0	0.8
181900	0.8	0	0	0	0	0.8
182000	0.8	0	0	0	0	0.8
182100	0.8	0	0	0	0	0.8
182200	0.8	0	0	0	0	0.8
182300	0.8	0	0	0	0	0.8
182400	0.8	0	0	0	0	0.8
182500	0.8	0	0	0	0	0.8
182600	0.8	0	0	0	0	0.8
182700	0.8	0	0	0	0	0.8
182800	0.8	0	0	0	0	0.8
182900	0.8	0	0	0	0	0.8
183000	0.8	0	0	0	0	0.8
183100	0.8	0	0	0	0	0.8
183200	0.8	0	0	0	0	0.8
183300	0.8	0.01	0.01	0	0	0.8
183400	0.8	0.01	0.01	0	0	0.8
183500	0.8	0.03	0.03	0	0	0.8
183600	0.8	0.03	0.03	0	0	0.8
183700	0.8	0.02	0.02	0	0	0.8
183800	0.8	0.02	0.02	0	0	0.8
183900	0.8	0.02	0.02	0	0	0.8
184000	0.8	0.02	0.02	0	0	0.8
184100	0.8	0	0	0	0	0.8
184200	0.8	0	0	0	0	0.8
184300	0.8	0	0	0	0	0.8
184400	0.8	0.01	0.01	0	0	0.8
184500	0.8	0.01	0.01	0	0	0.8
184600	0.8	0.01	0.01	0	0	0.8
184700	0.8	0.02	0.02	0	0	0.8
184800	0.8	0.01	0.01	0	0	0.8
184900	0.8	0.01	0.01	0	0	0.8
185000	0.8	0	0	0	0	0.8
185100	0.8	0	0	0	0	0.8
185200	0.8	0	0	0	0	0.8
185300	0.8	0	0	0	0	0.8
185400	0.8	0	0	0	0	0.8
185500	0.8	0	0	0	0	0.8
185600	0.8	0	0	0	0	0.8
185700	0.8	0.01	0.01	0	0	0.8
185800	0.8	0.01	0.01	0	0	0.8
185900	0.8	0.01	0.01	0	0	0.8
186000	0.8	0.01	0.01	0	0	0.8
186100	0.8	0.01	0.01	0	0	0.8
186200	0.8	0.01	0.01	0	0	0.8
186300	0.8	0.03	0.03	0	0	0.8
186400	0.8	0.03	0.03	0	0	0.8
186500	0.8	0.03	0.03	0	0	0.8
186600	0.8	0.03	0.03	0	0	0.8
186700	0.8	0.02	0.02	0	0	0.8
186800	0.8	0	0	0	0	0.8
186900	0.8	0.01	0.01	0	0	0.8
187000	0.8	0.01	0.01	0	0	0.8
187100	0.8	0.01	0.01	0	0	0.8
187200	0.8	0.01	0.01	0	0	0.8
187300	0.8	0.02	0.02	0	0	0.8
187400	0.8	0.02	0.02	0	0	0.8
187500	0.8	0.03	0.03	0	0	0.8
187600	0.8	0.03	0.03	0	0	0.8
187700	0.8	0.02	0.02	0	0	0.8
187800	0.8	0.02	0.02	0	0	0.8
187900	0.8	0.02	0.02	0	0	0.8
188000	0.8	0.01	0.01	0	0	0.8
188100	0.8	0	0	0	0	0.8
188200	0.8	0	0	0	0	0.8
188300	0.8	0	0	0	0	0.8
188400	0.8	0	0	0	0	0.8
188500	0.8	0	0	0	0	0.8
188600	0.8	0	0	0	0	0.8
188700	0.8	0	0	0	0	0.8
188800	0.8	0	0	0	0	0.8
188900	0.8	0.01	0.01	0	0	0.8
189000	0.8	0.02	0.02	0	0	0.8
189100	0.8	0.02	0.02	0	0	0.8
189200	0.8	0.03	0.03	0	0	0.8
189300	0.8	0.03	0.03	0	0	0.8
189400	0.8	0.02	0.02	0	0	0.8
189500	0.8	0.02	0.02	0	0	0.8
189600	0.8	0.01	0.01	0	0	0.8
189700	0.8	0.01	0.01	0	0	0.8
189800	0.8	0.01	0.01	0	0	0.8
189900	0.8	0	0	0	0	0.8
190000	0.8	0.01	0.01	0	0	0.8
190100	0.8	0.01	0.01	0	0	0.8
190200	0.8	0.01	0.01	0	0	0.8
190300	0.8	0.03	0.03	0	0	0.8
190400	0.8	0.03	0.03	0	0	0.8
190500	0.8	0.01	0.01	0	0	0.8
190600	0.8	0.01	0.01	0	0	0.8
190700	0.8	0.01	0.01	0	0	0.8
190800	0.8	0	0	0	0	0.8
190900	0.8	0.01	0.01	0	0	0.8
191000	0.8	0.01	0.01	0	0	0.8
191100	0.8	0.02	0.02	0	0	0.8
191200	0.8	0.02	0.02	0	0	0.8
191300	0.8	0.01	0.01	0	0	0.8
191400	0.8	0.02	0.02	0	0	0.8
191500	0.8	0.02	0.02	0	0	0.8
191600	0.8	0.02	0.02	0	0	0.8
191700	0.8	0.01	0.01	0	0	0.8
191800	0.8	0	0	0	0	0.8
191900	0.8	0	0	0	0	0.8
192000	0.8	0.01	0.01	0	0	0.8
192100	0.8	0.01	0.01	0	0	0.8
192200	0.8	0.01	0.01	0	0	0.8
192300	0.8	0.01	0.01	0	0	0.8
192400	0.8	0.01	0.01	0	0	0.8
192500	0.8	0	0	0	0	0.8
192600	0.8	0	0	0	0	0.8
192700	0.8	0	0	0	0	0.8
192800	0.8	0.01	0.01	0	0	0.8
192900	0.8	0.01	0.01	0	0	0.8
193000	0.8	0.01	0.01	0	0	0.8
193100	0.8	0.01	0.01	0	0	0.8
193200	0.8	0.01	0.01	0	0	0.8
193300	0.8	0.01	0.01	0	0	0.8
193400	0.8	0	0	0	0	0.8
193500	0.8	0	0	0	0	0.8
193600	0.8	0	0	0	0	0.8
193700	0.8	0	0	0	0	0.8
193800	0.8	0	0	0	0	0.8
193900	0.8	0	0	0	0	0.8
194000	0.8	0	0	0	0	0.8
194100	0.8	0	0	0	0	0.8
194200	0.8	0.01	0.01	0	0	0.8
194300	0.8	0.01	0.01	0	0	0.8
194400	0.8	0.01	0.01	0	0	0.8
194500	0.8	0	0	0	0	0.8
194600	0.8	0	0	0	0	0.8
194700	0.8	0	0	0	0	0.8
194800	0.8	0	0	0	0	0.8
194900	0.8	0.01	0.01	0	0	0.8
195000	0.8	0.02	0.02	0	0	0.8
195100	0.8	0.02	0.02	0	0	0.8
195200	0.8	0.01	0.01	0	0	0.8
195300	0.8	0.01	0.01	0	0	0.8
195400	0.8	0.01	0.01	0	0	0.8
195500	0.79	0.01	0.01	0	0	0.79
195600	0.79	0	0	0	0	0.79
195700	0.79	0	0	0	0	0.79
195800	0.79	0	0	0	0	0.79
195900	0.79	0.01	0.01	0	0	0.79
196000	0.79	0.01	0.01	0	0	0.79
196100	0.79	0.02	0.02	0	0	0.79
196200	0.79	0.03	0.03	0	0	0.79
196300	0.79	0.03	0.03	0	0	0.79
196400	0.79	0.02	0.02	0	0	0.79
196500	0.79	0.02	0.02	0	0	0.79
196600	0.79	0.02	0.02	0	0	0.79
196700	0.79	0.01	0.01	0	0	0.79
196800	0.79	0	0	0	0	0.79
196900	0.79	0	0	0	0	0.79
197000	0.79	0	0	0	0	0.79
197100	0.79	0	0	0	0	0.79
197200	0.79	0	0	0	0	0.79
197300	0.79	0.01	0.01	0	0	0.79
197400	0.79	0.02	0.02	0	0	0.79
197500	0.79	0.02	0.02	0	0	0.79
197600	0.79	0.01	0.01	0	0	0.79
197700	0.79	0.01	0.01	0	0	0.79
197800	0.79	0.03	0.03	0	0	0.79
197900	0.79	0.03	0.03	0	0	0.79
198000	0.79	0.01	0.01	0	0	0.79
198100	0.79	0.01	0.01	0	0	0.79
198200	0.79	0.01	0.01	0	0	0.79
198300	0.79	0.01	0.01	0	0	0.79
198400	0.79	0.01	0.01	0	0	0.79
198500	0.79	0.01	0.01	0	0	0.79
198600	0.79	0.01	0.01	0	0	0.79
198700	0.79	0.02	0.02	0	0	0.79
198800	0.79	0.03	0.03	0	0	0.79
198900	0.79	0.02	0.02	0	0	0.79
199000	0.79	0.04	0.04	0	0	0.79
199100	0.79	0.05	0.05	0	0	0.79
199200	0.79	0.04	0.04	0	0	0.79
199300	0.79	0	0	0	0	0.79
199400	0.79	0.01	0.01	0	0	0.79
199500	0.79	0	0	0	0	0.79
199600	0.79	0.01	0.01	0	0	0.79
199700	0.79	0.01	0.01	0	0	0.79
199800	0.79	0.01	0.01	0	0	0.79
199900	0.79	0.01	0.01	0	0	0.79
200000	0.79	0.01	0.01	0	0	0.79
200100	0.79	0.01	0.01	0	0	0.79
200200	0.79	0	0	0	0	0.79
200300	0.79	0	0	0	0	0.79
200400	0.79	0.01	0.01	0	0	0.79
200500	0.79	0.01	0.01	0	0	0.79
200600	0.79	0.01	0.01	0	0	0.79
200700	0.79	0.01	0.01	0	0	0.79
200800	0.79	0	0	0	0	0.79
200900	0.79	0.01	0.01	0	0	0.79
201000	0.79	0.01	0.01	0	0	0.79
201100	0.79	0.02	0.02	0	0	0.79
201200	0.79	0.01	0.01	0	0	0.79
201300	0.79	0.01	0.01	0	0	0.79
201400	0.79	0.01	0.01	0	0	0.79
201500	0.79	0	0	0	0	0.79
201600	0.79	0	0	0	0	0.79
201700	0.79	0.01	0.01	0	0	0.79
201800	0.79	0.02	0.02	0	0	0.79
201900	0.79	0.03	0.03	0	0	0.79
202000	0.79	0.02	0.02	0	0	0.79
202100	0.79	0	0	0	0	0.79
202200	0.79	0	0	0	0	0.79
202300	0.79	0	0	0	0	0.79
202400	0.79	0.01	0.01	0	0	0.79
202500	0.79	0.02	0.02	0	0	0.79
202600	0.79	0.02	0.02	0	0	0.79
202700	0.79	0.02	0.02	0	0	0.79
202800	0.79	0.02	0.02	0	0	0.79
202900	0.79	0.02	0.02	0	0	0.79
203000	0.79	0.02	0.02	0	0	0.79
203100	0.79	0.02	0.02	0	0	0.79
203200	0.79	0.02	0.02	0	0	0.79
203300	0.79	0	0	0	0	0.79
203400	0.79	0	0	0	0	0.79
203500	0.79	0.02	0.02	0	0	0.79
203600	0.79	0.02	0.02	0	0	0.79
203700	0.79	0.01	0.01	0	0	0.79
203800	0.79	0.01	0.01	0	0	0.79
203900	0.79	0.01	0.01	0	0	0.79
204000	0.79	0.01	0.01	0	0	0.79
204100	0.79	0.01	0.01	0	0	0.79
204200	0.79	0	0	0	0	0.79
204300	0.79	0	0	0	0	0.79
204400	0.79	0	0	0	0	0.79
204500	0.79	0	0	0	0	0.79
204600	0.79	0	0	0	0	0.79
204700	0.79	0	0	0	0	0.79
204800	0.79	0.01	0.01	0	0	0.79
204900	0.79	0.01	0.01	0	0	0.79
205000	0.79	0.01	0.01	0	0	0.79
205100	0.79	0.01	0.01	0	0	0.79
205200	0.79	0.01	0.01	0	0	0.79
205300	0.79	0.01	0.01	0	0	0.79
205400	0.79	0	0	0	0	0.79
205500	0.79	0.01	0.01	0	0	0.79
205600	0.8	0.01	0.01	0	0	0.8
205700	0.8	0.01	0.01	0	0	0.8
205800	0.8	0.01	0.01	0	0	0.8
205900	0.8	0.01	0.01	0	0	0.8
206000	0.8	0	0	0	0	0.8
206100	0.8	0	0	0	0	0.8
206200	0.8	0	0	0	0	0.8
206300	0.8	0	0	0	0	0.8
206400	0.8	0	0	0	0	0.8
206500	0.8	0	0	0	0	0.8
206600	0.8	0	0	0	0	0.8
206700	0.8	0	0	0	0	0.8
206800	0.8	0	0	0	0	0.8
206900	0.8	0	0	0	0	0.8
207000	0.8	0	0	0	0	0.8
207100	0.8	0.01	0.01	0	0	0.8
207200	0.8	0.01	0.01	0	0	0.8
207300	0.8	0.01	0.01	0	0	0.8
207400	0.8	0	0	0	0	0.8
207500	0.8	0	0	0	0	0.8
207600	0.8	0	0	0	0	0.8
207700	0.8	0	0	0	0	0.8
207800	0.8	0	0	0	0	0.8
207900	0.8	0	0	0	0	0.8
208000	0.8	0	0	0	0	0.8
208100	0.8	0	0	0	0	0.8
208200	0.8	0.01	0.01	0	0	0.8
208300	0.8	0.02	0.02	0	0	0.8
208400	0.8	0.02	0.02	0	0	0.8
208500	0.8	0.01	0.01	0	0	0.8
208600	0.8	0.02	0.02	0	0	0.8
208700	0.8	0.01	0.01	0	0	0.8
208800	0.8	0.01	0.01	0	0	0.8
208900	0.8	0.01	0.01	0	0	0.8
209000	0.8	0.02	0.02	0	0	0.8
209100	0.8	0.02	0.02	0	0	0.8
209200	0.8	0	0	0	0	0.8
209300	0.8	0	0	0	0	0.8
209400	0.8	0	0	0	0	0.8
209500	0.8	0	0	0	0	0.8
209600	0.8	0	0	0	0	0.8
209700	0.8	0	0	0	0	0.8
209800	0.8	0	0	0	0	0.8
209900	0.8	0.01	0.01	0	0	0.8
210000	0.8	0.01	0.01	0	0	0.8
210100	0.79	0.01	0.01	0	0	0.79
210200	0.79	0.01	0.01	0	0	0.79
210300	0.79	0.01	0.01	0	0	0.79
210400	0.79	0.01	0.01	0	0	0.79
210500	0.79	0	0	0	0	0.79
210600	0.79	0	0	0	0	0.79
210700	0.79	0	0	0	0	0.79
210800	0.79	0	0	0	0	0.79
210900	0.79	0	0	0	0	0.79
211000	0.79	0	0	0	0	0.79
211100	0.79	0.01	0.01	0	0	0.79
211200	0.79	0.02	0.02	0	0	0.79
211300	0.79	0.02	0.02	0	0	0.79
211400	0.79	0.02	0.02	0	0	0.79
211500	0.79	0.02	0.02	0	0	0.79
211600	0.79	0.01	0.01	0	0	0.79
211700	0.79	0	0	0	0	0.79
211800	0.79	0	0	0	0	0.79
211900	0.79	0	0	0	0	0.79
212000	0.79	0	0	0	0	0.79
212100	0.79	0	0	0	0	0.79
212200	0.79	0	0	0	0	0.79
212300	0.79	0	0	0	0	0.79
212400	0.79	0	0	0	0	0.79
212500	0.79	0.01	0.01	0	0	0.79
212600	0.79	0.01	0.01	0	0	0.79
212700	0.79	0.01	0.01	0	0	0.79
212800	0.79	0.02	0.02	0	0	0.79
212900	0.79	0.02	0.02	0	0	0.79
213000	0.79	0.02	0.02	0	0	0.79
213100	0.79	0.02	0.02	0	0	0.79
213200	0.79	0.02	0.02	0	0	0.79
213300	0.79	0.02	0.02	0	0	0.79
213400	0.79	0.02	0.02	0	0	0.79
213500	0.79	0.02	0.02	0	0	0.79
213600	0.79	0.01	0.01	0	0	0.79
213700	0.79	0.01	0.01	0	0	0.79
213800	0.79	0	0	0	0	0.79
213900	0.79	0	0	0	0	0.79
214000	0.79	0.01	0.01	0	0	0.79
214100	0.79	0.01	0.01	0	0	0.79
214200	0.79	0.01	0.01	0	0	0.79
214300	0.79	0.01	0.01	0	0	0.79
214400	0.79	0.01	0.01	0	0	0.79
214500	0.79	0.01	0.01	0	0	0.79
214600	0.79	0	0	0	0	0.79
214700	0.79	0	0	0	0	0.79
214800	0.79	0.01	0.01	0	0	0.79
214900	0.79	0.02	0.02	0	0	0.79
215000	0.79	0.02	0.02	0	0	0.79
215100	0.79	0.03	0.03	0	0	0.79
215200	0.79	0.03	0.03	0	0	0.79
215300	0.79	0.03	0.03	0	0	0.79
215400	0.79	0.03	0.03	0	0	0.79
215500	0.79	0.01	0.01	0	0	0.79
215600	0.79	0.01	0.01	0	0	0.79
215700	0.79	0.01	0.01	0	0	0.79
215800	0.79	0.01	0.01	0	0	0.79
215900	0.79	0	0	0	0	0.79
216000	0.79	0.01	0.01	0	0	0.79
216100	0.79	0.02	0.02	0	0	0.79
216200	0.79	0.02	0.02	0	0	0.79
216300	0.79	0.02	0.02	0	0	0.79
216400	0.79	0.02	0.02	0	0	0.79
216500	0.79	0.02	0.02	0	0	0.79
216600	0.79	0.01	0.01	0	0	0.79
216700	0.79	0	0	0	0	0.79
216800	0.79	0	0	0	0	0.79
216900	0.79	0	0	0	0	0.79
217000	0.79	0	0	0	0	0.79
217100	0.79	0.01	0.01	0	0	0.79
217200	0.79	0.02	0.02	0	0	0.79
217300	0.79	0.01	0.01	0	0	0.79
217400	0.79	0	0	0	0	0.79
217500	0.79	0	0	0	0	0.79
217600	0.79	0	0	0	0	0.79
217700	0.79	0	0	0	0	0.79
217800	0.79	0	0	0	0	0.79
217900	0.79	0	0	0	0	0.79
218000	0.79	0.01	0.01	0	0	0.79
218100	0.79	0.01	0.01	0	0	0.79
218200	0.79	0.01	0.01	0	0	0.79
218300	0.79	0.01	0.01	0	0	0.79
218400	0.79	0	0	0	0	0.79
218500	0.8	0	0	0	0	0.8
218600	0.8	0.01	0.01	0	0	0.8
218700	0.8	0.01	0.01	0	0	0.8
218800	0.8	0.01	0.01	0	0	0.8
218900	0.8	0	0	0	0	0.8
219000	0.8	0.01	0.01	0	0	0.8
219100	0.8	0	0	0	0	0.8
219200	0.8	0	0	0	0	0.8
219300	0.8	0.01	0.01	0	0	0.8
219400	0.8	0.01	0.01	0	0	0.8
219500	0.8	0.01	0.01	0	0	0.8
219600	0.8	0.02	0.02	0	0	0.8
219700	0.8	0.02	0.02	0	0	0.8
219800	0.8	0.02	0.02	0	0	0.8
219900	0.8	0.01	0.01	0	0	0.8
220000	0.8	0.01	0.01	0	0	0.8
220100	0.8	0.01	0.01	0	0	0.8
220200	0.8	0	0	0	0	0.8
220300	0.8	0.01	0.01	0	0	0.8
220400	0.8	0.01	0.01	0	0	0.8
220500	0.8	0.01	0.01	0	0	0.8
220600	0.8	0.01	0.01	0	0	0.8
220700	0.8	0.02	0.02	0	0	0.8
220800	0.8	0.01	0.01	0	0	0.8
220900	0.8	0.02	0.02	0	0	0.8
221000	0.8	0.02	0.02	0	0	0.8
221100	0.8	0.03	0.03	0	0	0.8
221200	0.8	0.02	0.02	0	0	0.8
221300	0.8	0.02	0.02	0	0	0.8
221400	0.8	0.01	0.01	0	0	0.8
221500	0.8	0	0	0	0	0.8
221600	0.8	0	0	0	0	0.8
221700	0.8	0.01	0.01	0	0	0.8
221800	0.79	0.01	0.01	0	0	0.79
221900	0.79	0.01	0.01	0	0	0.79
222000	0.79	0.01	0.01	0	0	0.79
222100	0.79	0	0	0	0	0.79
222200	0.79	0	0	0	0	0.79
222300	0.79	0.01	0.01	0	0	0.79
222400	0.79	0.01	0.01	0	0	0.79
222500	0.79	0.01	0.01	0	0	0.79
222600	0.79	0.01	0.01	0	0	0.79
222700	0.79	0.01	0.01	0	0	0.79
222800	0.79	0.02	0.02	0	0	0.79
222900	0.79	0.02	0.02	0	0	0.79
223000	0.8	0.02	0.02	0	0	0.8
223100	0.8	0.02	0.02	0	0	0.8
223200	0.8	0.02	0.02	0	0	0.8
223300	0.8	0.02	0.02	0	0	0.8
223400	0.8	0.01	0.01	0	0	0.8
223500	0.8	0	0	0	0	0.8
223600	0.8	0	0	0	0	0.8
223700	0.8	0	0	0	0	0.8
223800	0.8	0	0	0	0	0.8
223900	0.8	0	0	0	0	0.8
224000	0.8	0.01	0.01	0	0	0.8
224100	0.8	0.01	0.01	0	0	0.8
224200	0.8	0.01	0.01	0	0	0.8
224300	0.8	0.01	0.01	0	0	0.8
224400	0.8	0.01	0.01	0	0	0.8
224500	0.8	0.02	0.02	0	0	0.8
224600	0.8	0.02	0.02	0	0	0.8
224700	0.8	0.02	0.02	0	0	0.8
224800	0.8	0.02	0.02	0	0	0.8
224900	0.8	0	0	0	0	0.8
225000	0.8	0	0	0	0	0.8
225100	0.8	0.01	0.01	0	0	0.8
225200	0.8	0.01	0.01	0	0	0.8
225300	0.8	0.02	0.02	0	0	0.8
225400	0.8	0.02	0.02	0	0	0.8
225500	0.8	0.03	0.03	0	0	0.8
225600	0.8	0.03	0.03	0	0	0.8
225700	0.8	0.03	0.03	0	0	0.8
225800	0.8	0	0	0	0	0.8
225900	0.8	0	0	0	0	0.8
226000	0.8	0	0	0	0	0.8
226100	0.8	0.01	0.01	0	0	0.8
226200	0.8	0.02	0.02	0	0	0.8
226300	0.8	0.02	0.02	0	0	0.8
226400	0.8	0.01	0.01	0	0	0.8
226500	0.8	0	0	0	0	0.8
226600	0.8	0	0	0	0	0.8
226700	0.8	0	0	0	0	0.8
226800	0.8	0.01	0.01	0	0	0.8
226900	0.8	0.01	0.01	0	0	0.8
227000	0.8	0.01	0.01	0	0	0.8
227100	0.8	0.02	0.02	0	0	0.8
227200	0.8	0.02	0.02	0	0	0.8
227300	0.8	0.01	0.01	0	0	0.8
227400	0.8	0.01	0.01	0	0	0.8
227500	0.8	0.01	0.01	0	0	0.8
227600	0.8	0.01	0.01	0	0	0.8
227700	0.8	0	0	0	0	0.8
227800	0.8	0	0	0	0	0.8
227900	0.8	0	0	0	0	0.8
228000	0.8	0	0	0	0	0.8
228100	0.8	0	0	0	0	0.8
228200	0.8	0	0	0	0	0.8
228300	0.8	0	0	0	0	0.8
228400	0.8	0	0	0	0	0.8
228500	0.8	0	0	0	0	0.8
228600	0.8	0	0	0	0	0.8
228700	0.8	0.03	0.03	0	0	0.8
228800	0.8	0.03	0.03	0	0	0.8
228900	0.8	0.03	0.03	0	0	0.8
229000	0.8	0.03	0.03	0	0	0.8
229100	0.8	0.03	0.03	0	0	0.8
229200	0.8	0.02	0.02	0	0	0.8
229300	0.8	0.02	0.02	0	0	0.8
229400	0.8	0.01	0.01	0	0	0.8
229500	0.8	0.02	0.02	0	0	0.8
229600	0.8	0.03	0.03	0	0	0.8
229700	0.8	0.02	0.02	0	0	0.8
229800	0.8	0.02	0.02	0	0	0.8
229900	0.8	0.02	0.02	0	0	0.8
230000	0.8	0.02	0.02	0	0	0.8
230100	0.8	0	0	0	0	0.8
230200	0.8	0	0	0	0	0.8
230300	0.8	0	0	0	0	0.8
230400	0.8	0	0	0	0	0.8
230500	0.8	0	0	0	0	0.8
230600	0.8	0	0	0	0	0.8
230700	0.8	0	0	0	0	0.8
230800	0.8	0	0	0	0	0.8
230900	0.8	0	0	0	0	0.8
231000	0.8	0.02	0.02	0	0	0.8
231100	0.8	0.01	0.01	0	0	0.8
231200	0.8	0.01	0.01	0	0	0.8
231300	0.8	0.01	0.01	0	0	0.8
231400	0.8	0.01	0.01	0	0	0.8
231500	0.8	0.01	0.01	0	0	0.8
231600	0.8	0	0	0	0	0.8
231700	0.8	0	0	0	0	0.8
231800	0.8	0	0	0	0	0.8
231900	0.8	0	0	0	0	0.8
232000	0.8	0	0	0	0	0.8
232100	0.8	0	0	0	0	0.8
232200	0.8	0	0	0	0	0.8
232300	0.8	0	0	0	0	0.8
232400	0.8	0	0	0	0	0.8
232500	0.8	0	0	0	0	0.8
232600	0.8	0	0	0	0	0.8
232700	0.8	0	0	0	0	0.8
232800	0.8	0	0	0	0	0.8
232900	0.8	0	0	0	0	0.8
233000	0.8	0	0	0	0	0.8
233100	0.8	0	0	0	0	0.8
233200	0.8	0	0	0	0	0.8
233300	0.8	0	0	0	0	0.8
233400	0.8	0	0	0	0	0.8
233500	0.8	0.01	0.01	0	0	0.8
233600	0.8	0.01	0.01	0	0	0.8
233700	0.79	0.01	0.01	0	0	0.79
233800	0.79	0	0	0	0	0.79
233900	0.79	0	0	0	0	0.79
234000	0.79	0.01	0.01	0	0	0.79
234100	0.79	0.05	0.05	0	0	0.79
234200	0.79	0.03	0.03	0	0	0.79
234300	0.79	0.02	0.02	0	0	0.79
234400	0.79	0.02	0.02	0	0	0.79
234500	0.79	0.02	0.02	0	0	0.79
234600	0.79	0.02	0.02	0	0	0.79
234700	0.79	0.01	0.01	0	0	0.79
234800	0.79	0.01	0.01	0	0	0.79
234900	0.79	0.01	0.01	0	0	0.79
235000	0.79	0.01	0.01	0	0	0.79
235100	0.79	0	0	0	0	0.79
235200	0.79	0	0	0	0	0.79
235300	0.79	0	0	0	0	0.79
235400	0.79	0	0	0	0	0.79
235500	0.79	0	0	0	0	0.79
235600	0.79	0	0	0	0	0.79
235700	0.79	0	0	0	0	0.79
235800	0.79	0	0	0	0	0.79
235900	0.79	0	0	0	0	0.79
236000	0.79	0.02	0.02	0	0	0.79
236100	0.79	0.02	0.02	0	0	0.79
236200	0.79	0.02	0.02	0	0	0.79
236300	0.79	0	0	0	0	0.79
236400	0.79	0.01	0.01	0	0	0.79
236500	0.79	0.01	0.01	0	0	0.79
236600	0.79	0.01	0.01	0	0	0.79
236700	0.79	0.01	0.01	0	0	0.79
236800	0.79	0	0	0	0	0.79
236900	0.79	0	0	0	0	0.79
237000	0.79	0.01	0.01	0	0	0.79
237100	0.79	0.01	0.01	0	0	0.79
237200	0.79	0.01	0.01	0	0	0.79
237300	0.79	0.01	0.01	0	0	0.79
237400	0.79	0.02	0.02	0	0	0.79
237500	0.79	0.01	0.01	0	0	0.79
237600	0.79	0.01	0.01	0	0	0.79
237700	0.79	0.01	0.01	0	0	0.79
237800	0.79	0.01	0.01	0	0	0.79
237900	0.79	0	0	0	0	0.79
238000	0.79	0.02	0.02	0	0	0.79
238100	0.79	0.02	0.02	0	0	0.79
238200	0.79	0.02	0.02	0	0	0.79
238300	0.79	0	0	0	0	0.79
238400	0.79	0	0	0	0	0.79
238500	0.79	0.01	0.01	0	0	0.79
238600	0.79	0.01	0.01	0	0	0.79
238700	0.79	0.01	0.01	0	0	0.79
238800	0.79	0.02	0.02	0	0	0.79
238900	0.78	0.02	0.02	0	0	0.78
239000	0.78	0.02	0.02	0	0	0.78
239100	0.79	0.02	0.02	0	0	0.79
239200	0.79	0.03	0.03	0	0	0.79
239300	0.79	0.03	0.03	0	0	0.79
239400	0.78	0.02	0.02	0	0	0.78
239500	0.78	0.02	0.02	0	0	0.78
239600	0.78	0.01	0.01	0	0	0.78
239700	0.78	0.01	0.01	0	0	0.78
239800	0.78	0.02	0.02	0	0	0.78
239900	0.78	0.01	0.01	0	0	0.78
240000	0.78	0.01	0.01	0	0	0.78
240100	0.78	0.01	0.01	0	0	0.78
240200	0.78	0.01	0.01	0	0	0.78
240300	0.78	0	0	0	0	0.78
240400	0.78	0	0	0	0	0.78
240500	0.78	0	0	0	0	0.78
240600	0.78	0	0	0	0	0.78
240700	0.78	0	0	0	0	0.78
240800	0.78	0.02	0.02	0	0	0.78
240900	0.78	0.02	0.02	0	0	0.78
241000	0.78	0.02	0.02	0	0	0.78
241100	0.78	0.02	0.02	0	0	0.78
241200	0.78	0.02	0.02	0	0	0.78
241300	0.78	0.03	0.03	0	0	0.78
241400	0.78	0.01	0.01	0	0	0.78
241500	0.77	0	0	0	0	0.77
241600	0.77	0	0	0	0	0.77
241700	0.77	0	0	0	0	0.77
241800	0.77	0.01	0.01	0	0	0.77
241900	0.77	0.01	0.01	0	0	0.77
242000	0.77	0.01	0.01	0	0	0.77
242100	0.77	0.02	0.02	0	0	0.77
242200	0.77	0.01	0.01	0	0	0.77
242300	0.77	0.02	0.02	0	0	0.77
242400	0.77	0.02	0.02	0	0	0.77
242500	0.77	0.02	0.02	0	0	0.77
242600	0.77	0.02	0.02	0	0	0.77
242700	0.77	0.03	0.03	0	0	0.77
242800	0.77	0.01	0.01	0	0	0.77
242900	0.77	0.01	0.01	0	0	0.77
243000	0.77	0.03	0.03	0	0	0.77
243100	0.77	0.01	0.01	0	0	0.77
243200	0.77	0	0	0	0	0.77
243300	0.77	0.01	0.01	0	0	0.77
243400	0.77	0.03	0.03	0	0	0.77
243500	0.78	0.03	0.03	0	0	0.78
243600	0.78	0.03	0.03	0	0	0.78
243700	0.78	0.02	0.02	0	0	0.78
243800	0.78	0	0	0	0	0.78
243900	0.78	0	0	0	0	0.78
244000	0.78	0	0	0	0	0.78
244100	0.78	0	0	0	0	0.78
244200	0.77	0	0	0	0	0.77
244300	0.77	0	0	0	0	0.77
244400	0.77	0.03	0.03	0	0	0.77
244500	0.77	0.04	0.04	0	0	0.77
244600	0.77	0.06	0.06	0	0	0.77
244700	0.77	0.07	0.07	0	0	0.77
244800	0.77	0.07	0.07	0	0	0.77
244900	0.77	0.06	0.06	0	0	0.77
245000	0.77	0.02	0.02	0	0	0.77
245100	0.77	0.01	0.01	0	0	0.77
245200	0.77	0.01	0.01	0	0	0.77
245300	0.77	0	0	0	0	0.77
245400	0.77	0.01	0.01	0	0	0.77
245500	0.77	0.01	0.01	0	0	0.77
245600	0.77	0.01	0.01	0	0	0.77
245700	0.77	0.01	0.01	0	0	0.77
245800	0.77	0.01	0.01	0	0	0.77
245900	0.77	0.01	0.01	0	0	0.77
246000	0.77	0.01	0.01	0	0	0.77
246100	0.77	0.01	0.01	0	0	0.77
246200	0.77	0.01	0.01	0	0	0.77
246300	0.77	0.01	0.01	0	0	0.77
246400	0.77	0.02	0.02	0	0	0.77
246500	0.77	0.04	0.04	0	0	0.77
246600	0.77	0.04	0.04	0	0	0.77
246700	0.77	0.03	0.03	0	0	0.77
246800	0.77	0.01	0.01	0	0	0.77
246900	0.77	0.01	0.01	0	0	0.77
247000	0.77	0.01	0.01	0	0	0.77
247100	0.77	0.02	0.02	0	0	0.77
247200	0.77	0.02	0.02	0	0	0.77
247300	0.77	0.02	0.02	0	0	0.77
247400	0.77	0.03	0.03	0	0	0.77
247500	0.77	0.04	0.04	0	0	0.77
247600	0.77	0.03	0.03	0	0	0.77
247700	0.77	0.03	0.03	0	0	0.77
247800	0.77	0.03	0.03	0	0	0.77
247900	0.77	0.02	0.02	0	0	0.77
248000	0.77	0.02	0.02	0	0	0.77
248100	0.77	0.02	0.02	0	0	0.77
248200	0.77	0.03	0.03	0	0	0.77
248300	0.77	0.04	0.04	0	0	0.77
248400	0.77	0.04	0.04	0	0	0.77
248500	0.77	0.03	0.03	0	0	0.77
248600	0.77	0.02	0.02	0	0	0.77
248700	0.77	0.01	0.01	0	0	0.77
248800	0.77	0.02	0.02	0	0	0.77
248900	0.77	0.02	0.02	0	0	0.77
249000	0.77	0.02	0.02	0	0	0.77
249100	0.77	0.03	0.03	0	0	0.77
249200	0.77	0.03	0.03	0	0	0.77
249300	0.77	0.01	0.01	0	0	0.77
249400	0.77	0	0	0	0	0.77
249500	0.76	0.01	0.01	0	0	0.76
249600	0.76	0.02	0.02	0	0	0.76
249700	0.76	0.03	0.03	0	0	0.76
249800	0.76	0.03	0.03	0	0	0.76
249900	0.76	0.03	0.03	0	0	0.76
250000	0.76	0.03	0.03	0	0	0.76
250100	0.76	0.01	0.01	0	0	0.76
250200	0.76	0.01	0.01	0	0	0.76
250300	0.76	0	0	0	0	0.76
250400	0.76	0.01	0.01	0	0	0.76
250500	0.76	0.02	0.02	0	0	0.76
250600	0.76	0.02	0.02	0	0	0.76
250700	0.76	0.02	0.02	0	0	0.76
250800	0.76	0.01	0.01	0	0	0.76
250900	0.76	0.01	0.01	0	0	0.76
251000	0.76	0.01	0.01	0	0	0.76
251100	0.76	0.01	0.01	0	0	0.76
251200	0.76	0.01	0.01	0	0	0.76
251300	0.76	0.01	0.01	0	0	0.76
251400	0.76	0.01	0.01	0	0	0.76
251500	0.76	0.01	0.01	0	0	0.76
251600	0.76	0.01	0.01	0	0	0.76
251700	0.76	0.01	0.01	0	0	0.76
251800	0.76	0.01	0.01	0	0	0.76
251900	0.76	0.02	0.02	0	0	0.76
252000	0.76	0.03	0.03	0	0	0.76
252100	0.76	0.02	0.02	0	0	0.76
252200	0.76	0.02	0.02	0	0	0.76
252300	0.76	0.02	0.02	0	0	0.76
252400	0.76	0.01	0.01	0	0	0.76
252500	0.76	0.01	0.01	0	0	0.76
252600	0.76	0.01	0.01	0	0	0.76
252700	0.76	0.01	0.01	0	0	0.76
252800	0.76	0	0	0	0	0.76
252900	0.76	0.01	0.01	0	0	0.76
253000	0.76	0.01	0.01	0	0	0.76
253100	0.76	0.01	0.01	0	0	0.76
253200	0.76	0.01	0.01	0	0	0.76
253300	0.76	0	0	0	0	0.76
253400	0.76	0	0	0	0	0.76
253500	0.76	0	0	0	0	0.76
253600	0.76	0.01	0.01	0	0	0.76
253700	0.76	0.01	0.01	0	0	0.76
253800	0.76	0.01	0.01	0	0	0.76
253900	0.76	0.01	0.01	0	0	0.76
254000	0.76	0.01	0.01	0	0	0.76
254100	0.76	0.01	0.01	0	0	0.76
254200	0.76	0.01	0.01	0	0	0.76
254300	0.76	0	0	0	0	0.76
254400	0.76	0	0	0	0	0.76
254500	0.76	0	0	0	0	0.76
254600	0.76	0.01	0.01	0	0	0.76
254700	0.77	0.02	0.02	0	0	0.77
254800	0.77	0.03	0.03	0	0	0.77
254900	0.77	0.03	0.03	0	0	0.77
255000	0.77	0.02	0.02	0	0	0.77
255100	0.77	0.03	0.03	0	0	0.77
255200	0.77	0.01	0.01	0	0	0.77
255300	0.77	0.02	0.02	0	0	0.77
255400	0.77	0.01	0.01	0	0	0.77
255500	0.77	0.02	0.02	0	0	0.77
255600	0.77	0.03	0.03	0	0	0.77
255700	0.77	0.03	0.03	0	0	0.77
255800	0.76	0.03	0.03	0	0	0.76
255900	0.76	0.02	0.02	0	0	0.76
256000	0.76	0.01	0.01	0	0	0.76
256100	0.76	0	0	0	0	0.76
256200	0.76	0	0	0	0	0.76
256300	0.77	0	0	0	0	0.77
256400	0.77	0	0	0	0	0.77
256500	0.76	0	0	0	0	0.76
256600	0.76	0	0	0	0	0.76
256700	0.76	0	0	0	0	0.76
256800	0.76	0	0	0	0	0.76
256900	0.76	0.02	0.02	0	0	0.76
257000	0.77	0.02	0.02	0	0	0.77
257100	0.77	0.01	0.01	0	0	0.77
257200	0.77	0.01	0.01	0	0	0.77
257300	0.77	0.01	0.01	0	0	0.77
257400	0.77	0.01	0.01	0	0	0.77
257500	0.78	0.01	0.01	0	0	0.78
257600	0.77	0.01	0.01	0	0	0.77
257700	0.77	0	0	0	0	0.77
257800	0.77	0	0	0	0	0.77
257900	0.77	0	0	0	0	0.77
258000	0.77	0	0	0	0	0.77
258100	0.77	0	0	0	0	0.77
258200	0.77	0	0	0	0	0.77
258300	0.77	0	0	0	0	0.77
258400	0.77	0.01	0.01	0	0	0.77
258500	0.77	0.04	0.04	0	0	0.77
258600	0.77	0.04	0.04	0	0	0.77
258700	0.77	0.03	0.03	0	0	0.77
258800	0.77	0.03	0.03	0	0	0.77
258900	0.77	0.02	0.02	0	0	0.77
259000	0.77	0.01	0.01	0	0	0.77
259100	0.77	0	0	0	0	0.77
259200	0.77	0	0	0	0	0.77
259300	0.77	0	0	0	0	0.77
259400	0.77	0	0	0	0	0.77
259500	0.77	0.01	0.01	0	0	0.77
259600	0.77	0.01	0.01	0	0	0.77
259700	0.77	0.01	0.01	0	0	0.77
259800	0.77	0.02	0.02	0	0	0.77
259900	0.77	0.01	0.01	0	0	0.77
260000	0.77	0.01	0.01	0	0	0.77
260100	0.77	0.02	0.02	0	0	0.77
260200	0.77	0.02	0.02	0	0	0.77
260300	0.77	0.01	0.01	0	0	0.77
260400	0.77	0.02	0.02	0	0	0.77
260500	0.77	0.02	0.02	0	0	0.77
260600	0.77	0.01	0.01	0	0	0.77
260700	0.77	0.01	0.01	0	0	0.77
260800	0.77	0.02	0.02	0	0	0.77
260900	0.77	0.02	0.02	0	0	0.77
261000	0.77	0.01	0.01	0	0	0.77
261100	0.77	0.01	0.01	0	0	0.77
261200	0.77	0.02	0.02	0	0	0.77
261300	0.77	0.03	0.03	0	0	0.77
261400	0.77	0.01	0.01	0	0	0.77
261500	0.77	0.01	0.01	0	0	0.77
261600	0.77	0.01	0.01	0	0	0.77
261700	0.77	0	0	0	0	0.77
261800	0.77	0	0	0	0	0.77
261900	0.77	0	0	0	0	0.77
262000	0.77	0	0	0	0	0.77
262100	0.77	0	0	0	0	0.77
262200	0.77	0	0	0	0	0.77
262300	0.77	0	0	0	0	0.77
262400	0.77	0	0	0	0	0.77
262500	0.77	0	0	0	0	0.77
262600	0.77	0	0	0	0	0.77
262700	0.77	0	0	0	0	0.77
262800	0.77	0.01	0.01	0	0	0.77
262900	0.77	0.02	0.02	0	0	0.77
263000	0.77	0.02	0.02	0	0	0.77
263100	0.77	0.01	0.01	0	0	0.77
263200	0.77	0.01	0.01	0	0	0.77
263300	0.77	0.01	0.01	0	0	0.77
263400	0.77	0.01	0.01	0	0	0.77
263500	0.77	0	0	0	0	0.77
263600	0.77	0.01	0.01	0	0	0.77
263700	0.77	0.01	0.01	0	0	0.77
263800	0.77	0.01	0.01	0	0	0.77
263900	0.77	0.01	0.01	0	0	0.77
264000	0.77	0.01	0.01	0	0	0.77
264100	0.77	0	0	0	0	0.77
264200	0.77	0	0	0	0	0.77
264300	0.77	0	0	0	0	0.77
264400	0.77	0	0	0	0	0.77
264500	0.77	0	0	0	0	0.77
264600	0.77	0.02	0.02	0	0	0.77
264700	0.77	0.02	0.02	0	0	0.77
264800	0.77	0.03	0.03	0	0	0.77
264900	0.77	0.01	0.01	0	0	0.77
265000	0.77	0.01	0.01	0	0	0.77
265100	0.77	0.01	0.01	0	0	0.77
265200	0.77	0	0	0	0	0.77
265300	0.77	0	0	0	0	0.77
265400	0.77	0	0	0	0	0.77
265500	0.77	0	0	0	0	0.77
265600	0.77	0	0	0	0	0.77
265700	0.77	0	0	0	0	0.77
265800	0.78	0	0	0	0	0.78
265900	0.78	0	0	0	0	0.78
266000	0.78	0	0	0	0	0.78
266100	0.78	0.01	0.01	0	0	0.78
266200	0.78	0	0	0	0	0.78
266300	0.78	0	0	0	0	0.78
266400	0.78	0.01	0.01	0	0	0.78
266500	0.78	0.02	0.02	0	0	0.78
266600	0.78	0.02	0.02	0	0	0.78
266700	0.78	0.03	0.03	0	0	0.78
266800	0.78	0.03	0.03	0	0	0.78
266900	0.78	0.03	0.03	0	0	0.78
267000	0.78	0	0	0	0	0.78
267100	0.78	0	0	0	0	0.78
267200	0.78	0	0	0	0	0.78
267300	0.78	0	0	0	0	0.78
267400	0.78	0.01	0.01	0	0	0.78
267500	0.78	0	0	0	0	0.78
267600	0.78	0	0	0	0	0.78
267700	0.78	0	0	0	0	0.78
267800	0.78	0	0	0	0	0.78
267900	0.78	0.01	0.01	0	0	0.78
268000	0.78	0.01	0.01	0	0	0.78
268100	0.78	0.02	0.02	0	0	0.78
268200	0.78	0.01	0.01	0	0	0.78
268300	0.78	0.01	0.01	0	0	0.78
268400	0.78	0	0	0	0	0.78
268500	0.78	0	0	0	0	0.78
268600	0.78	0	0	0	0	0.78
268700	0.78	0.01	0.01	0	0	0.78
268800	0.78	0.01	0.01	0	0	0.78
268900	0.78	0.01	0.01	0	0	0.78
269000	0.78	0.02	0.02	0	0	0.78
269100	0.78	0.02	0.02	0	0	0.78
269200	0.78	0.03	0.03	0	0	0.78
269300	0.78	0.03	0.03	0	0	0.78
269400	0.78	0.04	0.04	0	0	0.78
269500	0.78	0.03	0.03	0	0	0.78
269600	0.78	0.03	0.03	0	0	0.78
269700	0.78	0.02	0.02	0	0	0.78
269800	0.78	0.01	0.01	0	0	0.78
269900	0.78	0.01	0.01	0	0	0.78
270000	0.78	0.01	0.01	0	0	0.78
270100	0.78	0.02	0.02	0	0	0.78
270200	0.78	0.03	0.03	0	0	0.78
270300	0.78	0.03	0.03	0	0	0.78
270400	0.78	0.02	0.02	0	0	0.78
270500	0.78	0.02	0.02	0	0	0.78
270600	0.78	0.02	0.02	0	0	0.78
270700	0.78	0.02	0.02	0	0	0.78
270800	0.78	0.02	0.02	0	0	0.78
270900	0.78	0.01	0.01	0	0	0.78
271000	0.78	0.01	0.01	0	0	0.78
271100	0.78	0.01	0.01	0	0	0.78
271200	0.78	0	0	0	0	0.78
271300	0.78	0.02	0.02	0	0	0.78
271400	0.78	0.02	0.02	0	0	0.78
271500	0.78	0.01	0.01	0	0	0.78
271600	0.78	0.01	0.01	0	0	0.78
271700	0.78	0.01	0.01	0	0	0.78
271800	0.78	0.02	0.02	0	0	0.78
271900	0.78	0.01	0.01	0	0	0.78
272000	0.78	0	0	0	0	0.78
272100	0.78	0.01	0.01	0	0	0.78
272200	0.78	0.02	0.02	0	0	0.78
272300	0.78	0.03	0.03	0	0	0.78
272400	0.78	0.03	0.03	0	0	0.78
272500	0.78	0.02	0.02	0	0	0.78
272600	0.78	0	0	0	0	0.78
272700	0.78	0	0	0	0	0.78
272800	0.78	0	0	0	0	0.78
272900	0.78	0	0	0	0	0.78
273000	0.78	0.01	0.01	0	0	0.78
273100	0.78	0.01	0.01	0	0	0.78
273200	0.78	0.02	0.02	0	0	0.78
273300	0.78	0.03	0.03	0	0	0.78
273400	0.78	0.03	0.03	0	0	0.78
273500	0.78	0.02	0.02	0	0	0.78
273600	0.78	0	0	0	0	0.78
273700	0.78	0.01	0.01	0	0	0.78
273800	0.78	0.01	0.01	0	0	0.78
273900	0.78	0.01	0.01	0	0	0.78
274000	0.78	0.01	0.01	0	0	0.78
274100	0.78	0.02	0.02	0	0	0.78
274200	0.78	0.02	0.02	0	0	0.78
274300	0.78	0.02	0.02	0	0	0.78
274400	0.78	0.02	0.02	0	0	0.78
274500	0.78	0.02	0.02	0	0	0.78
274600	0.78	0.01	0.01	0	0	0.78
274700	0.78	0.01	0.01	0	0	0.78
274800	0.78	0.01	0.01	0	0	0.78
274900	0.79	0.01	0.01	0	0	0.79
275000	0.79	0.01	0.01	0	0	0.79
275100	0.79	0.01	0.01	0	0	0.79
275200	0.79	0.01	0.01	0	0	0.79
275300	0.79	0.01	0.01	0	0	0.79
275400	0.78	0.01	0.01	0	0	0.78
275500	0.78	0.01	0.01	0	0	0.78
275600	0.78	0.01	0.01	0	0	0.78
275700	0.78	0.02	0.02	0	0	0.78
275800	0.78	0.04	0.04	0	0	0.78
275900	0.78	0.04	0.04	0	0	0.78
276000	0.78	0.03	0.03	0	0	0.78
276100	0.78	0.02	0.02	0	0	0.78
276200	0.78	0	0	0	0	0.78
276300	0.78	0	0	0	0	0.78
276400	0.78	0	0	0	0	0.78
276500	0.78	0	0	0	0	0.78
276600	0.78	0	0	0	0	0.78
276700	0.78	0	0	0	0	0.78
276800	0.78	0.01	0.01	0	0	0.78
276900	0.78	0.01	0.01	0	0	0.78
277000	0.78	0.01	0.01	0	0	0.78
277100	0.78	0.01	0.01	0	0	0.78
277200	0.78	0	0	0	0	0.78
277300	0.78	0	0	0	0	0.78
277400	0.78	0.01	0.01	0	0	0.78
277500	0.79	0.02	0.02	0	0	0.79
277600	0.79	0.02	0.02	0	0	0.79
277700	0.79	0.03	0.03	0	0	0.79
277800	0.79	0.03	0.03	0	0	0.79
277900	0.79	0.02	0.02	0	0	0.79
278000	0.79	0.01	0.01	0	0	0.79
278100	0.79	0.01	0.01	0	0	0.79
278200	0.79	0.01	0.01	0	0	0.79
278300	0.79	0.01	0.01	0	0	0.79
278400	0.79	0.01	0.01	0	0	0.79
278500	0.79	0.01	0.01	0	0	0.79
278600	0.79	0	0	0	0	0.79
278700	0.79	0	0	0	0	0.79
278800	0.79	0	0	0	0	0.79
278900	0.8	0.01	0.01	0	0	0.8
279000	0.8	0.03	0.03	0	0	0.8
279100	0.8	0.02	0.02	0	0	0.8
279200	0.8	0.02	0.02	0	0	0.8
279300	0.8	0.01	0.01	0	0	0.8
279400	0.8	0	0	0	0	0.8
279500	0.81	0	0	0	0	0.81
279600	0.8	0	0	0	0	0.8
279700	0.8	0	0	0	0	0.8
279800	0.8	0	0	0	0	0.8
279900	0.8	0	0	0	0	0.8
280000	0.8	0	0	0	0	0.8
280100	0.8	0	0	0	0	0.8
280200	0.8	0.01	0.01	0	0	0.8
280300	0.8	0.01	0.01	0	0	0.8
280400	0.8	0.01	0.01	0	0	0.8
280500	0.8	0.02	0.02	0	0	0.8
280600	0.8	0.03	0.03	0	0	0.8
280700	0.8	0.02	0.02	0	0	0.8
280800	0.8	0.02	0.02	0	0	0.8
280900	0.8	0.03	0.03	0	0	0.8
281000	0.8	0.01	0.01	0	0	0.8
281100	0.8	0.01	0.01	0	0	0.8
281200	0.8	0.01	0.01	0	0	0.8
281300	0.8	0.01	0.01	0	0	0.8
281400	0.8	0.01	0.01	0	0	0.8
281500	0.8	0	0	0	0	0.8
281600	0.8	0	0	0	0	0.8
281700	0.8	0	0	0	0	0.8
281800	0.8	0.01	0.01	0	0	0.8
281900	0.8	0.01	0.01	0	0	0.8
282000	0.8	0.01	0.01	0	0	0.8
282100	0.8	0.01	0.01	0	0	0.8
282200	0.8	0.01	0.01	0	0	0.8
282300	0.8	0.01	0.01	0	0	0.8
282400	0.8	0.01	0.01	0	0	0.8
282500	0.8	0.01	0.01	0	0	0.8
282600	0.8	0	0	0	0	0.8
282700	0.8	0	0	0	0	0.8
282800	0.8	0.01	0.01	0	0	0.8
282900	0.8	0.01	0.01	0	0	0.8
283000	0.8	0.01	0.01	0	0	0.8
283100	0.8	0.01	0.01	0	0	0.8
283200	0.8	0	0	0	0	0.8
283300	0.8	0	0	0	0	0.8
283400	0.8	0	0	0	0	0.8
283500	0.8	0.01	0.01	0	0	0.8
283600	0.8	0.01	0.01	0	0	0.8
283700	0.8	0.02	0.02	0	0	0.8
283800	0.8	0.03	0.03	0	0	0.8
283900	0.8	0.03	0.03	0	0	0.8
284000	0.8	0.01	0.01	0	0	0.8
284100	0.8	0.01	0.01	0	0	0.8
284200	0.8	0.01	0.01	0	0	0.8
284300	0.8	0	0	0	0	0.8
284400	0.8	0	0	0	0	0.8
284500	0.8	0.01	0.01	0	0	0.8
284600	0.8	0.01	0.01	0	0	0.8
284700	0.8	0.01	0.01	0	0	0.8
284800	0.8	0.02	0.02	0	0	0.8
284900	0.8	0.01	0.01	0	0	0.8
285000	0.8	0.01	0.01	0	0	0.8
285100	0.8	0.02	0.02	0	0	0.8
285200	0.8	0.01	0.01	0	0	0.8
285300	0.8	0.01	0.01	0	0	0.8
285400	0.8	0.01	0.01	0	0	0.8
285500	0.8	0.01	0.01	0	0	0.8
285600	0.8	0.01	0.01	0	0	0.8
285700	0.8	0.01	0.01	0	0	0.8
285800	0.8	0	0	0	0	0.8
285900	0.8	0	0	0	0	0.8
286000	0.8	0	0	0	0	0.8
286100	0.8	0	0	0	0	0.8
286200	0.8	0	0	0	0	0.8
286300	0.8	0	0	0	0	0.8
286400	0.8	0.01	0.01	0	0	0.8
286500	0.8	0.01	0.01	0	0	0.8
286600	0.8	0.01	0.01	0	0	0.8
286700	0.8	0.01	0.01	0	0	0.8
286800	0.8	0.01	0.01	0	0	0.8
286900	0.8	0.01	0.01	0	0	0.8
287000	0.8	0	0	0	0	0.8
287100	0.8	0	0	0	0	0.8
287200	0.8	0	0	0	0	0.8
287300	0.8	0.01	0.01	0	0	0.8
287400	0.8	0.01	0.01	0	0	0.8
287500	0.8	0.01	0.01	0	0	0.8
287600	0.8	0.01	0.01	0	0	0.8
287700	0.8	0.02	0.02	0	0	0.8
287800	0.8	0.02	0.02	0	0	0.8
287900	0.8	0.01	0.01	0	0	0.8
288000	0.8	0.03	0.03	0	0	0.8
288100	0.8	0.05	0.05	0	0	0.8
288200	0.8	0.04	0.04	0	0	0.8
288300	0.8	0.04	0.04	0	0	0.8
288400	0.8	0.04	0.04	0	0	0.8
288500	0.8	0.04	0.04	0	0	0.8
288600	0.8	0.04	0.04	0	0	0.8
288700	0.8	0.03	0.03	0	0	0.8
288800	0.8	0	0	0	0	0.8
288900	0.8	0	0	0	0	0.8
289000	0.8	0	0	0	0	0.8
289100	0.8	0	0	0	0	0.8
289200	0.8	0	0	0	0	0.8
289300	0.8	0.01	0.01	0	0	0.8
289400	0.8	0.01	0.01	0	0	0.8
289500	0.8	0.01	0.01	0	0	0.8
289600	0.8	0.01	0.01	0	0	0.8
289700	0.8	0.01	0.01	0	0	0.8
289800	0.8	0.01	0.01	0	0	0.8
289900	0.8	0	0	0	0	0.8
290000	0.8	0	0	0	0	0.8
290100	0.8	0	0	0	0	0.8
290200	0.8	0	0	0	0	0.8
290300	0.8	0.01	0.01	0	0	0.8
290400	0.8	0.02	0.02	0	0	0.8
290500	0.8	0.03	0.03	0	0	0.8
290600	0.8	0.03	0.03	0	0	0.8
290700	0.8	0.02	0.02	0	0	0.8
290800	0.8	0.03	0.03	0	0	0.8
290900	0.8	0.02	0.02	0	0	0.8
291000	0.8	0.02	0.02	0	0	0.8
291100	0.8	0.01	0.01	0	0	0.8
291200	0.8	0	0	0	0	0.8
291300	0.8	0	0	0	0	0.8
291400	0.8	0	0	0	0	0.8
291500	0.8	0	0	0	0	0.8
291600	0.8	0	0	0	0	0.8
291700	0.8	0	0	0	0	0.8
291800	0.8	0	0	0	0	0.8
291900	0.8	0.01	0.01	0	0	0.8
292000	0.8	0.01	0.01	0	0	0.8
292100	0.8	0.01	0.01	0	0	0.8
292200	0.8	0.02	0.02	0	0	0.8
292300	0.8	0.03	0.03	0	0	0.8
292400	0.8	0.02	0.02	0	0	0.8
292500	0.8	0.02	0.02	0	0	0.8
292600	0.8	0.02	0.02	0	0	0.8
292700	0.8	0.05	0.05	0	0	0.8
292800	0.8	0.05	0.05	0	0	0.8
292900	0.8	0.05	0.05	0	0	0.8
293000	0.8	0.05	0.05	0	0	0.8
293100	0.8	0.04	0.04	0	0	0.8
293200	0.8	0.03	0.03	0	0	0.8
293300	0.8	0.02	0.02	0	0	0.8
293400	0.8	0	0	0	0	0.8
293500	0.8	0	0	0	0	0.8
293600	0.8	0	0	0	0	0.8
293700	0.8	0.01	0.01	0	0	0.8
293800	0.8	0.01	0.01	0	0	0.8
293900	0.8	0.01	0.01	0	0	0.8
294000	0.8	0.02	0.02	0	0	0.8
294100	0.8	0.02	0.02	0	0	0.8
294200	0.8	0.02	0.02	0	0	0.8
294300	0.8	0.01	0.01	0	0	0.8
294400	0.8	0.01	0.01	0	0	0.8
294500	0.8	0.01	0.01	0	0	0.8
294600	0.8	0	0	0	0	0.8
294700	0.8	0.01	0.01	0	0	0.8
294800	0.8	0.01	0.01	0	0	0.8
294900	0.8	0.01	0.01	0	0	0.8
295000	0.8	0.02	0.02	0	0	0.8
295100	0.8	0.02	0.02	0	0	0.8
295200	0.8	0.02	0.02	0	0	0.8
295300	0.8	0.02	0.02	0	0	0.8
295400	0.8	0.03	0.03	0	0	0.8
295500	0.8	0.03	0.03	0	0	0.8
295600	0.8	0.04	0.04	0	0	0.8
295700	0.8	0.04	0.04	0	0	0.8
295800	0.8	0.04	0.04	0	0	0.8
295900	0.8	0.02	0.02	0	0	0.8
296000	0.8	0.02	0.02	0	0	0.8
296100	0.8	0.01	0.01	0	0	0.8
296200	0.8	0.02	0.02	0	0	0.8
296300	0.8	0.02	0.02	0	0	0.8
296400	0.8	0.03	0.03	0	0	0.8
296500	0.8	0.02	0.02	0	0	0.8
296600	0.8	0.01	0.01	0	0	0.8
296700	0.8	0.01	0.01	0	0	0.8
296800	0.8	0	0	0	0	0.8
296900	0.8	0	0	0	0	0.8
297000	0.8	0	0	0	0	0.8
297100	0.8	0	0	0	0	0.8
297200	0.8	0	0	0	0	0.8
297300	0.8	0.03	0.03	0	0	0.8
297400	0.8	0.01	0.01	0	0	0.8
297500	0.8	0.01	0.01	0	0	0.8
297600	0.8	0.01	0.01	0	0	0.8
297700	0.8	0.01	0.01	0	0	0.8
297800	0.8	0.01	0.01	0	0	0.8
297900	0.8	0.01	0.01	0	0	0.8
298000	0.8	0.01	0.01	0	0	0.8
298100	0.8	0.02	0.02	0	0	0.8
298200	0.8	0.01	0.01	0	0	0.8
298300	0.8	0	0	0	0	0.8
298400	0.8	0	0	0	0	0.8
298500	0.8	0.01	0.01	0	0	0.8
298600	0.8	0.02	0.02	0	0	0.8
298700	0.8	0.01	0.01	0	0	0.8
298800	0.8	0.01	0.01	0	0	0.8
298900	0.8	0.01	0.01	0	0	0.8
299000	0.8	0.01	0.01	0	0	0.8
299100	0.8	0	0	0	0	0.8
299200	0.8	0	0	0	0	0.8
299300	0.8	0	0	0	0	0.8
299400	0.8	0	0	0	0	0.8
299500	0.8	0	0	0	0	0.8
299600	0.8	0	0	0	0	0.8
299700	0.8	0	0	0	0	0.8
299800	0.8	0.01	0.01	0	0	0.8
299900	0.8	0.03	0.03	0	0	0.8
300000	0.8	0.04	0.04	0	0	0.8
