100	0.05	0.1	0.1	0	0	0.05
200	0.05	0.12	0.12	0	0	0.05
300	0.04	0.09	0.09	0	0	0.04
400	0.03	0.07	0.07	0	0	0.03
500	0.03	0.06	0.06	0	0	0.03
600	0.04	0.05	0.05	0	0	0.04
700	0.04	0.05	0.05	0	0	0.04
800	0.06	0.02	0.02	0	0	0.06
900	0.04	0.02	0.02	0	0	0.04
1000	0.07	0	0	0	0	0.07
1100	0.07	0.03	0.03	0	0	0.07
1200	0.06	0.04	0.04	0	0	0.06
1300	0.07	0.04	0.04	0	0	0.07
1400	0.08	0.07	0.07	0	0	0.08
1500	0.07	0.03	0.03	0	0	0.07
1600	0.05	0.03	0.03	0	0	0.05
1700	0.05	0.04	0.04	0	0	0.05
1800	0.03	0.03	0.03	0	0	0.03
1900	0.04	0.03	0.03	0	0	0.04
2000	0.02	0	0	0	0	0.02
2100	0.02	0.01	0.01	0	0	0.02
2200	0.03	0.02	0.02	0	0	0.03
2300	0.03	0.03	0.03	0	0	0.03
2400	0.03	0.04	0.04	0	0	0.03
2500	0.03	0.02	0.02	0	0	0.03
2600	0.03	0.03	0.03	0	0	0.03
2700	0.04	0.02	0.02	0	0	0.04
2800	0.06	0.02	0.02	0	0	0.06
2900	0.05	0.01	0.01	0	0	0.05
3000	0.04	0.01	0.01	0	0	0.04
3100	0.04	0.01	0.01	0	0	0.04
3200	0.02	0.01	0.01	0	0	0.02
3300	0.04	0.03	0.03	0	0	0.04
3400	0.06	0.02	0.02	0	0	0.06
3500	0.07	0.05	0.05	0	0	0.07
3600	0.07	0.04	0.04	0	0	0.07
3700	0.04	0.02	0.02	0	0	0.04
3800	0.03	0.04	0.04	0	0	0.03
3900	0.03	0.04	0.04	0	0	0.03
4000	0.03	0.05	0.05	0	0	0.03
4100	0.02	0.05	0.05	0	0	0.02
4200	0.04	0.07	0.07	0	0	0.04
4300	0.03	0.1	0.1	0	0	0.03
4400	0.02	0.1	0.1	0	0	0.02
4500	0.02	0.07	0.07	0	0	0.02
4600	0.01	0.03	0.03	0	0	0.01
4700	0.02	0.02	0.02	0	0	0.02
4800	0.02	0.03	0.03	0	0	0.02
4900	0.01	0.05	0.05	0	0	0.01
5000	0.03	0.05	0.05	0	0	0.03
5100	0.05	0.05	0.05	0	0	0.05
5200	0.03	0.04	0.04	0	0	0.03
5300	0.03	0.05	0.05	0	0	0.03
5400	0.05	0.03	0.03	0	0	0.05
5500	0.04	0.03	0.03	0	0	0.04
5600	0.03	0.04	0.04	0	0	0.03
5700	0.01	0.05	0.05	0	0	0.01
5800	0.04	0.06	0.06	0	0	0.04
5900	0.04	0.05	0.05	0	0	0.04
6000	0.03	0.04	0.04	0	0	0.03
6100	0.03	0.04	0.04	0	0	0.03
6200	0.03	0.03	0.03	0	0	0.03
6300	0.02	0.04	0.04	0	0	0.02
6400	0.02	0.04	0.04	0	0	0.02
6500	0.02	0.03	0.03	0	0	0.02
6600	0.02	0.06	0.06	0	0	0.02
6700	0.03	0.07	0.07	0	0	0.03
6800	0.04	0.08	0.08	0	0	0.04
6900	0.06	0.09	0.09	0	0	0.06
7000	0.04	0.08	0.08	0	0	0.04
7100	0.05	0.07	0.07	0	0	0.05
7200	0.06	0.07	0.07	0	0	0.06
7300	0.07	0.05	0.05	0	0	0.07
7400	0.04	0.02	0.02	0	0	0.04
7500	0.03	0	0	0	0	0.03
7600	0.04	0.02	0.02	0	0	0.04
7700	0.03	0.02	0.02	0	0	0.03
7800	0.02	0.02	0.02	0	0	0.02
7900	0.04	0.02	0.02	0	0	0.04
8000	0.06	0.03	0.03	0	0	0.06
8100	0.05	0.03	0.03	0	0	0.05
8200	0.05	0.06	0.06	0	0	0.05
8300	0.05	0.04	0.04	0	0	0.05
8400	0.05	0.05	0.05	0	0	0.05
8500	0.03	0.03	0.03	0	0	0.03
8600	0.03	0.04	0.04	0	0	0.03
8700	0.04	0.05	0.05	0	0	0.04
8800	0.05	0.08	0.08	0	0	0.05
8900	0.08	0.1	0.1	0	0	0.08
9000	0.07	0.09	0.09	0	0	0.07
9100	0.06	0.08	0.08	0	0	0.06
9200	0.03	0.09	0.09	0	0	0.03
9300	0.03	0.07	0.07	0	0	0.03
9400	0.04	0.06	0.06	0	0	0.04
9500	0.04	0.06	0.06	0	0	0.04
9600	0.02	0.05	0.05	0	0	0.02
9700	0.02	0.04	0.04	0	0	0.02
9800	0.03	0.05	0.05	0	0	0.03
9900	0.05	0.04	0.04	0	0	0.05
10000	0.06	0.04	0.04	0	0	0.06
10100	0.05	0.06	0.06	0	0	0.05
10200	0.04	0.06	0.06	0	0	0.04
10300	0.03	0.05	0.05	0	0	0.03
10400	0.03	0.06	0.06	0	0	0.03
10500	0.05	0.05	0.05	0	0	0.05
10600	0.04	0.03	0.03	0	0	0.04
10700	0.03	0.03	0.03	0	0	0.03
10800	0	0.06	0.06	0	0	0
10900	0.01	0.07	0.07	0	0	0.01
11000	0.01	0.07	0.07	0	0	0.01
11100	0.01	0.04	0.04	0	0	0.01
11200	0.03	0.02	0.02	0	0	0.03
11300	0.02	0.01	0.01	0	0	0.02
11400	0.03	0.02	0.02	0	0	0.03
11500	0.03	0.01	0.01	0	0	0.03
11600	0.02	0.02	0.02	0	0	0.02
11700	0.03	0.04	0.04	0	0	0.03
11800	0.02	0.03	0.03	0	0	0.02
11900	0.01	0.03	0.03	0	0	0.01
12000	0.02	0.02	0.02	0	0	0.02
12100	0.05	0.02	0.02	0	0	0.05
12200	0.05	0.03	0.03	0	0	0.05
12300	0.07	0.05	0.05	0	0	0.07
12400	0.07	0.04	0.04	0	0	0.07
12500	0.03	0.05	0.05	0	0	0.03
12600	0.04	0.04	0.04	0	0	0.04
12700	0.06	0.03	0.03	0	0	0.06
12800	0.07	0.02	0.02	0	0	0.07
12900	0.06	0.04	0.04	0	0	0.06
13000	0.08	0.04	0.04	0	0	0.08
13100	0.07	0.04	0.04	0	0	0.07
13200	0.06	0.05	0.05	0	0	0.06
13300	0.07	0.07	0.07	0	0	0.07
13400	0.07	0.07	0.07	0	0	0.07
13500	0.07	0.07	0.07	0	0	0.07
13600	0.06	0.1	0.1	0	0	0.06
13700	0.06	0.1	0.1	0	0	0.06
13800	0.06	0.1	0.1	0	0	0.06
13900	0.06	0.09	0.09	0	0	0.06
14000	0.05	0.11	0.11	0	0	0.05
14100	0.05	0.12	0.12	0	0	0.05
14200	0.05	0.14	0.14	0	0	0.05
14300	0.08	0.14	0.14	0	0	0.08
14400	0.09	0.15	0.15	0	0	0.09
14500	0.09	0.15	0.15	0	0	0.09
14600	0.08	0.15	0.15	0	0	0.08
14700	0.07	0.15	0.15	0	0	0.07
14800	0.08	0.16	0.16	0	0	0.08
14900	0.06	0.16	0.16	0	0	0.06
15000	0.06	0.17	0.17	0	0	0.06
15100	0.04	0.18	0.18	0	0	0.04
15200	0.04	0.18	0.18	0	0	0.04
15300	0.05	0.2	0.2	0	0	0.05
15400	0.05	0.2	0.2	0	0	0.05
15500	0.04	0.22	0.22	0	0	0.04
15600	0.05	0.22	0.22	0	0	0.05
15700	0.03	0.2	0.2	0	0	0.03
15800	0.04	0.19	0.19	0	0	0.04
15900	0.06	0.19	0.19	0	0	0.06
16000	0.05	0.18	0.18	0	0	0.05
16100	0.03	0.2	0.2	0	0	0.03
16200	0.04	0.21	0.21	0	0	0.04
16300	0.04	0.21	0.21	0	0	0.04
16400	0.04	0.21	0.21	0	0	0.04
16500	0.06	0.21	0.21	0	0	0.06
16600	0.06	0.23	0.23	0	0	0.06
16700	0.05	0.22	0.22	0	0	0.05
16800	0.04	0.22	0.22	0	0	0.04
16900	0.03	0.22	0.22	0	0	0.03
17000	0.02	0.22	0.22	0	0	0.02
17100	0	0.23	0.23	0	0	0
17200	0	0.23	0.23	0	0	0
17300	0.02	0.23	0.23	0	0	0.02
17400	0.05	0.22	0.22	0	0	0.05
17500	0.05	0.22	0.22	0	0	0.05
17600	0.07	0.23	0.23	0	0	0.07
17700	0.05	0.22	0.22	0	0	0.05
17800	0.05	0.22	0.22	0	0	0.05
17900	0.07	0.24	0.24	0	0	0.07
18000	0.04	0.25	0.25	0	0	0.04
18100	0.03	0.25	0.25	0	0	0.03
18200	0.02	0.26	0.26	0	0	0.02
18300	0.02	0.26	0.26	0	0	0.02
18400	0.02	0.26	0.26	0	0	0.02
18500	0.04	0.26	0.26	0	0	0.04
18600	0.04	0.27	0.27	0	0	0.04
18700	0.03	0.26	0.26	0	0	0.03
18800	0.03	0.27	0.27	0	0	0.03
18900	0.01	0.27	0.27	0	0	0.01
19000	0.01	0.28	0.28	0	0	0.01
19100	0.01	0.29	0.29	0	0	0.01
19200	0.02	0.29	0.29	0	0	0.02
19300	0.02	0.3	0.3	0	0	0.02
19400	0.03	0.29	0.29	0	0	0.03
19500	0.02	0.29	0.29	0	0	0.02
19600	0.02	0.31	0.31	0	0	0.02
19700	0.02	0.32	0.32	0	0	0.02
19800	0.02	0.33	0.33	0	0	0.02
19900	0.03	0.34	0.34	0	0	0.03
20000	0.03	0.34	0.34	0	0	0.03
20100	0.04	0.34	0.34	0	0	0.04
20200	0.06	0.34	0.34	0	0	0.06
20300	0.07	0.35	0.35	0	0	0.07
20400	0.09	0.34	0.34	0	0	0.09
20500	0.09	0.33	0.33	0	0	0.09
20600	0.09	0.33	0.33	0	0	0.09
20700	0.08	0.33	0.33	0	0	0.08
20800	0.08	0.33	0.33	0	0	0.08
20900	0.09	0.34	0.34	0	0	0.09
21000	0.08	0.34	0.34	0	0	0.08
21100	0.08	0.34	0.34	0	0	0.08
21200	0.08	0.34	0.34	0	0	0.08
21300	0.08	0.35	0.35	0	0	0.08
21400	0.09	0.35	0.35	0	0	0.09
21500	0.08	0.36	0.36	0	0	0.08
21600	0.08	0.36	0.36	0	0	0.08
21700	0.09	0.36	0.36	0	0	0.09
21800	0.08	0.38	0.38	0	0	0.08
21900	0.07	0.38	0.38	0	0	0.07
22000	0.05	0.37	0.37	0	0	0.05
22100	0.07	0.39	0.39	0	0	0.07
22200	0.08	0.39	0.39	0	0	0.08
22300	0.1	0.38	0.38	0	0	0.1
22400	0.09	0.39	0.39	0	0	0.09
22500	0.08	0.4	0.4	0	0	0.08
22600	0.06	0.41	0.41	0	0	0.06
22700	0.06	0.43	0.43	0	0	0.06
22800	0.06	0.44	0.44	0	0	0.06
22900	0.07	0.45	0.45	0	0	0.07
23000	0.08	0.45	0.45	0	0	0.08
23100	0.08	0.45	0.45	0	0	0.08
23200	0.1	0.46	0.46	0	0	0.1
23300	0.08	0.46	0.46	0	0	0.08
23400	0.09	0.46	0.46	0	0	0.09
23500	0.09	0.47	0.47	0	0	0.09
23600	0.11	0.46	0.46	0	0	0.11
23700	0.1	0.46	0.46	0	0	0.1
23800	0.11	0.47	0.47	0	0	0.11
23900	0.11	0.47	0.47	0	0	0.11
24000	0.1	0.47	0.47	0	0	0.1
24100	0.1	0.47	0.47	0	0	0.1
24200	0.08	0.48	0.48	0	0	0.08
24300	0.08	0.48	0.48	0	0	0.08
24400	0.09	0.48	0.48	0	0	0.09
24500	0.09	0.48	0.48	0	0	0.09
24600	0.09	0.48	0.48	0	0	0.09
24700	0.09	0.48	0.48	0	0	0.09
24800	0.1	0.49	0.49	0	0	0.1
24900	0.09	0.49	0.49	0	0	0.09
25000	0.09	0.49	0.49	0	0	0.09
25100	0.08	0.49	0.49	0	0	0.08
25200	0.08	0.5	0.5	0	0	0.08
25300	0.08	0.51	0.51	0	0	0.08
25400	0.08	0.51	0.51	0	0	0.08
25500	0.08	0.52	0.52	0	0	0.08
25600	0.08	0.52	0.52	0	0	0.08
25700	0.09	0.52	0.52	0	0	0.09
25800	0.09	0.52	0.52	0	0	0.09
25900	0.08	0.53	0.53	0	0	0.08
26000	0.08	0.53	0.53	0	0	0.08
26100	0.08	0.53	0.53	0	0	0.08
26200	0.08	0.53	0.53	0	0	0.08
26300	0.08	0.53	0.53	0	0	0.08
26400	0.08	0.53	0.53	0	0	0.08
26500	0.09	0.53	0.53	0	0	0.09
26600	0.09	0.53	0.53	0	0	0.09
26700	0.09	0.53	0.53	0	0	0.09
26800	0.09	0.53	0.53	0	0	0.09
26900	0.09	0.52	0.52	0	0	0.09
27000	0.08	0.52	0.52	0	0	0.08
27100	0.09	0.52	0.52	0	0	0.09
27200	0.09	0.52	0.52	0	0	0.09
27300	0.09	0.53	0.53	0	0	0.09
27400	0.09	0.52	0.52	0	0	0.09
27500	0.09	0.52	0.52	0	0	0.09
27600	0.11	0.52	0.52	0	0	0.11
27700	0.12	0.53	0.53	0	0	0.12
27800	0.12	0.53	0.53	0	0	0.12
27900	0.12	0.53	0.53	0	0	0.12
28000	0.14	0.54	0.54	0	0	0.14
28100	0.14	0.56	0.56	0	0	0.14
28200	0.14	0.55	0.55	0	0	0.14
28300	0.13	0.55	0.55	0	0	0.13
28400	0.13	0.55	0.55	0	0	0.13
28500	0.15	0.54	0.54	0	0	0.15
28600	0.15	0.54	0.54	0	0	0.15
28700	0.15	0.54	0.54	0	0	0.15
28800	0.14	0.53	0.53	0	0	0.14
28900	0.14	0.53	0.53	0	0	0.14
29000	0.15	0.53	0.53	0	0	0.15
29100	0.15	0.53	0.53	0	0	0.15
29200	0.16	0.53	0.53	0	0	0.16
29300	0.16	0.54	0.54	0	0	0.16
29400	0.17	0.55	0.55	0	0	0.17
29500	0.17	0.55	0.55	0	0	0.17
29600	0.17	0.56	0.56	0	0	0.17
29700	0.17	0.56	0.56	0	0	0.17
29800	0.17	0.56	0.56	0	0	0.17
29900	0.17	0.56	0.56	0	0	0.17
30000	0.17	0.56	0.56	0	0	0.17
30100	0.17	0.56	0.56	0	0	0.17
30200	0.17	0.56	0.56	0	0	0.17
30300	0.16	0.56	0.56	0	0	0.16
30400	0.16	0.56	0.56	0	0	0.16
30500	0.16	0.56	0.56	0	0	0.16
30600	0.18	0.57	0.57	0	0	0.18
30700	0.18	0.57	0.57	0	0	0.18
30800	0.18	0.57	0.57	0	0	0.18
30900	0.18	0.57	0.57	0	0	0.18
31000	0.17	0.57	0.57	0	0	0.17
31100	0.17	0.57	0.57	0	0	0.17
31200	0.16	0.57	0.57	0	0	0.16
31300	0.16	0.57	0.57	0	0	0.16
31400	0.16	0.57	0.57	0	0	0.16
31500	0.16	0.58	0.58	0	0	0.16
31600	0.16	0.58	0.58	0	0	0.16
31700	0.16	0.58	0.58	0	0	0.16
31800	0.16	0.6	0.6	0	0	0.16
31900	0.16	0.6	0.6	0	0	0.16
32000	0.17	0.6	0.6	0	0	0.17
32100	0.17	0.6	0.6	0	0	0.17
32200	0.17	0.59	0.59	0	0	0.17
32300	0.17	0.59	0.59	0	0	0.17
32400	0.16	0.61	0.61	0	0	0.16
32500	0.16	0.61	0.61	0	0	0.16
32600	0.16	0.61	0.61	0	0	0.16
32700	0.16	0.61	0.61	0	0	0.16
32800	0.16	0.61	0.61	0	0	0.16
32900	0.16	0.6	0.6	0	0	0.16
33000	0.16	0.59	0.59	0	0	0.16
33100	0.16	0.59	0.59	0	0	0.16
33200	0.16	0.59	0.59	0	0	0.16
33300	0.16	0.59	0.59	0	0	0.16
33400	0.16	0.6	0.6	0	0	0.16
33500	0.16	0.61	0.61	0	0	0.16
33600	0.16	0.61	0.61	0	0	0.16
33700	0.16	0.61	0.61	0	0	0.16
33800	0.16	0.61	0.61	0	0	0.16
33900	0.17	0.61	0.61	0	0	0.17
34000	0.17	0.61	0.61	0	0	0.17
34100	0.17	0.61	0.61	0	0	0.17
34200	0.17	0.61	0.61	0	0	0.17
34300	0.17	0.61	0.61	0	0	0.17
34400	0.17	0.61	0.61	0	0	0.17
34500	0.17	0.61	0.61	0	0	0.17
34600	0.18	0.61	0.61	0	0	0.18
34700	0.2	0.61	0.61	0	0	0.2
34800	0.2	0.61	0.61	0	0	0.2
34900	0.2	0.61	0.61	0	0	0.2
35000	0.21	0.61	0.61	0	0	0.21
35100	0.22	0.61	0.61	0	0	0.22
35200	0.21	0.62	0.62	0	0	0.21
35300	0.2	0.62	0.62	0	0	0.2
35400	0.19	0.62	0.62	0	0	0.19
35500	0.19	0.62	0.62	0	0	0.19
35600	0.19	0.62	0.62	0	0	0.19
35700	0.19	0.62	0.62	0	0	0.19
35800	0.18	0.62	0.62	0	0	0.18
35900	0.18	0.61	0.61	0	0	0.18
36000	0.17	0.62	0.62	0	0	0.17
36100	0.17	0.62	0.62	0	0	0.17
36200	0.16	0.62	0.62	0	0	0.16
36300	0.15	0.62	0.62	0	0	0.15
36400	0.15	0.62	0.62	0	0	0.15
36500	0.16	0.62	0.62	0	0	0.16
36600	0.16	0.62	0.62	0	0	0.16
36700	0.16	0.62	0.62	0	0	0.16
36800	0.16	0.62	0.62	0	0	0.16
36900	0.16	0.62	0.62	0	0	0.16
37000	0.15	0.62	0.62	0	0	0.15
37100	0.15	0.62	0.62	0	0	0.15
37200	0.15	0.62	0.62	0	0	0.15
37300	0.15	0.62	0.62	0	0	0.15
37400	0.15	0.62	0.62	0	0	0.15
37500	0.15	0.62	0.62	0	0	0.15
37600	0.16	0.62	0.62	0	0	0.16
37700	0.16	0.62	0.62	0	0	0.16
37800	0.15	0.62	0.62	0	0	0.15
37900	0.15	0.62	0.62	0	0	0.15
38000	0.15	0.63	0.63	0	0	0.15
38100	0.15	0.63	0.63	0	0	0.15
38200	0.16	0.64	0.64	0	0	0.16
38300	0.18	0.64	0.64	0	0	0.18
38400	0.18	0.65	0.65	0	0	0.18
38500	0.17	0.65	0.65	0	0	0.17
38600	0.16	0.65	0.65	0	0	0.16
38700	0.16	0.65	0.65	0	0	0.16
38800	0.15	0.65	0.65	0	0	0.15
38900	0.16	0.65	0.65	0	0	0.16
39000	0.16	0.65	0.65	0	0	0.16
39100	0.16	0.65	0.65	0	0	0.16
39200	0.16	0.65	0.65	0	0	0.16
39300	0.16	0.65	0.65	0	0	0.16
39400	0.16	0.65	0.65	0	0	0.16
39500	0.16	0.65	0.65	0	0	0.16
39600	0.16	0.65	0.65	0	0	0.16
39700	0.16	0.66	0.66	0	0	0.16
39800	0.16	0.65	0.65	0	0	0.16
39900	0.16	0.65	0.65	0	0	0.16
40000	0.16	0.65	0.65	0	0	0.16
40100	0.16	0.66	0.66	0	0	0.16
40200	0.16	0.65	0.65	0	0	0.16
40300	0.17	0.65	0.65	0	0	0.17
40400	0.17	0.65	0.65	0	0	0.17
40500	0.17	0.65	0.65	0	0	0.17
40600	0.17	0.66	0.66	0	0	0.17
40700	0.17	0.66	0.66	0	0	0.17
40800	0.17	0.66	0.66	0	0	0.17
40900	0.17	0.66	0.66	0	0	0.17
41000	0.17	0.66	0.66	0	0	0.17
41100	0.16	0.66	0.66	0	0	0.16
41200	0.17	0.66	0.66	0	0	0.17
41300	0.16	0.66	0.66	0	0	0.16
41400	0.16	0.66	0.66	0	0	0.16
41500	0.17	0.66	0.66	0	0	0.17
41600	0.17	0.66	0.66	0	0	0.17
41700	0.17	0.66	0.66	0	0	0.17
41800	0.2	0.66	0.66	0	0	0.2
41900	0.2	0.67	0.67	0	0	0.2
42000	0.2	0.67	0.67	0	0	0.2
42100	0.2	0.67	0.67	0	0	0.2
42200	0.18	0.67	0.67	0	0	0.18
42300	0.19	0.67	0.67	0	0	0.19
42400	0.19	0.67	0.67	0	0	0.19
42500	0.19	0.67	0.67	0	0	0.19
42600	0.2	0.67	0.67	0	0	0.2
42700	0.2	0.67	0.67	0	0	0.2
42800	0.19	0.67	0.67	0	0	0.19
42900	0.19	0.67	0.67	0	0	0.19
43000	0.19	0.67	0.67	0	0	0.19
43100	0.19	0.66	0.66	0	0	0.19
43200	0.2	0.66	0.66	0	0	0.2
43300	0.2	0.66	0.66	0	0	0.2
43400	0.2	0.66	0.66	0	0	0.2
43500	0.2	0.67	0.67	0	0	0.2
43600	0.2	0.67	0.67	0	0	0.2
43700	0.2	0.66	0.66	0	0	0.2
43800	0.2	0.66	0.66	0	0	0.2
43900	0.2	0.66	0.66	0	0	0.2
44000	0.2	0.66	0.66	0	0	0.2
44100	0.2	0.66	0.66	0	0	0.2
44200	0.2	0.66	0.66	0	0	0.2
44300	0.2	0.66	0.66	0	0	0.2
44400	0.2	0.66	0.66	0	0	0.2
44500	0.2	0.66	0.66	0	0	0.2
44600	0.2	0.66	0.66	0	0	0.2
44700	0.2	0.66	0.66	0	0	0.2
44800	0.21	0.66	0.66	0	0	0.21
44900	0.21	0.66	0.66	0	0	0.21
45000	0.21	0.66	0.66	0	0	0.21
45100	0.21	0.66	0.66	0	0	0.21
45200	0.21	0.66	0.66	0	0	0.21
45300	0.22	0.66	0.66	0	0	0.22
45400	0.21	0.66	0.66	0	0	0.21
45500	0.22	0.66	0.66	0	0	0.22
45600	0.22	0.66	0.66	0	0	0.22
45700	0.21	0.66	0.66	0	0	0.21
45800	0.2	0.66	0.66	0	0	0.2
45900	0.2	0.65	0.65	0	0	0.2
46000	0.2	0.65	0.65	0	0	0.2
46100	0.2	0.65	0.65	0	0	0.2
46200	0.2	0.65	0.65	0	0	0.2
46300	0.2	0.65	0.65	0	0	0.2
46400	0.2	0.65	0.65	0	0	0.2
46500	0.2	0.65	0.65	0	0	0.2
46600	0.2	0.65	0.65	0	0	0.2
46700	0.2	0.65	0.65	0	0	0.2
46800	0.2	0.65	0.65	0	0	0.2
46900	0.2	0.65	0.65	0	0	0.2
47000	0.2	0.65	0.65	0	0	0.2
47100	0.21	0.65	0.65	0	0	0.21
47200	0.21	0.65	0.65	0	0	0.21
47300	0.22	0.65	0.65	0	0	0.22
47400	0.2	0.65	0.65	0	0	0.2
47500	0.2	0.65	0.65	0	0	0.2
47600	0.21	0.65	0.65	0	0	0.21
47700	0.21	0.65	0.65	0	0	0.21
47800	0.21	0.65	0.65	0	0	0.21
47900	0.21	0.65	0.65	0	0	0.21
48000	0.22	0.66	0.66	0	0	0.22
48100	0.22	0.66	0.66	0	0	0.22
48200	0.21	0.66	0.66	0	0	0.21
48300	0.21	0.66	0.66	0	0	0.21
48400	0.22	0.66	0.66	0	0	0.22
48500	0.22	0.66	0.66	0	0	0.22
48600	0.22	0.66	0.66	0	0	0.22
48700	0.22	0.66	0.66	0	0	0.22
48800	0.22	0.66	0.66	0	0	0.22
48900	0.23	0.66	0.66	0	0	0.23
49000	0.22	0.66	0.66	0	0	0.22
49100	0.22	0.66	0.66	0	0	0.22
49200	0.22	0.65	0.65	0	0	0.22
49300	0.22	0.65	0.65	0	0	0.22
49400	0.21	0.65	0.65	0	0	0.21
49500	0.21	0.65	0.65	0	0	0.21
49600	0.21	0.65	0.65	0	0	0.21
49700	0.21	0.65	0.65	0	0	0.21
49800	0.21	0.65	0.65	0	0	0.21
49900	0.21	0.64	0.64	0	0	0.21
50000	0.22	0.64	0.64	0	0	0.22
50100	0.21	0.64	0.64	0	0	0.21
50200	0.21	0.63	0.63	0	0	0.21
50300	0.22	0.63	0.63	0	0	0.22
50400	0.22	0.63	0.63	0	0	0.22
50500	0.22	0.63	0.63	0	0	0.22
50600	0.22	0.63	0.63	0	0	0.22
50700	0.22	0.63	0.63	0	0	0.22
50800	0.22	0.63	0.63	0	0	0.22
50900	0.22	0.63	0.63	0	0	0.22
51000	0.22	0.62	0.62	0	0	0.22
51100	0.22	0.62	0.62	0	0	0.22
51200	0.22	0.62	0.62	0	0	0.22
51300	0.21	0.62	0.62	0	0	0.21
51400	0.21	0.62	0.62	0	0	0.21
51500	0.21	0.63	0.63	0	0	0.21
51600	0.21	0.63	0.63	0	0	0.21
51700	0.22	0.63	0.63	0	0	0.22
51800	0.21	0.62	0.62	0	0	0.21
51900	0.21	0.62	0.62	0	0	0.21
52000	0.21	0.62	0.62	0	0	0.21
52100	0.21	0.62	0.62	0	0	0.21
52200	0.23	0.62	0.62	0	0	0.23
52300	0.24	0.62	0.62	0	0	0.24
52400	0.24	0.62	0.62	0	0	0.24
52500	0.24	0.62	0.62	0	0	0.24
52600	0.22	0.62	0.62	0	0	0.22
52700	0.22	0.62	0.62	0	0	0.22
52800	0.22	0.62	0.62	0	0	0.22
52900	0.21	0.62	0.62	0	0	0.21
53000	0.22	0.63	0.63	0	0	0.22
53100	0.22	0.63	0.63	0	0	0.22
53200	0.22	0.63	0.63	0	0	0.22
53300	0.23	0.63	0.63	0	0	0.23
53400	0.23	0.63	0.63	0	0	0.23
53500	0.23	0.63	0.63	0	0	0.23
53600	0.22	0.63	0.63	0	0	0.22
53700	0.22	0.63	0.63	0	0	0.22
53800	0.22	0.63	0.63	0	0	0.22
53900	0.22	0.64	0.64	0	0	0.22
54000	0.22	0.64	0.64	0	0	0.22
54100	0.23	0.64	0.64	0	0	0.23
54200	0.23	0.64	0.64	0	0	0.23
54300	0.23	0.64	0.64	0	0	0.23
54400	0.23	0.64	0.64	0	0	0.23
54500	0.23	0.64	0.64	0	0	0.23
54600	0.23	0.65	0.65	0	0	0.23
54700	0.23	0.65	0.65	0	0	0.23
54800	0.23	0.65	0.65	0	0	0.23
54900	0.23	0.65	0.65	0	0	0.23
55000	0.24	0.65	0.65	0	0	0.24
55100	0.24	0.65	0.65	0	0	0.24
55200	0.24	0.65	0.65	0	0	0.24
55300	0.24	0.65	0.65	0	0	0.24
55400	0.23	0.65	0.65	0	0	0.23
55500	0.23	0.65	0.65	0	0	0.23
55600	0.23	0.65	0.65	0	0	0.23
55700	0.23	0.65	0.65	0	0	0.23
55800	0.23	0.65	0.65	0	0	0.23
55900	0.23	0.65	0.65	0	0	0.23
56000	0.23	0.65	0.65	0	0	0.23
56100	0.23	0.65	0.65	0	0	0.23
56200	0.23	0.65	0.65	0	0	0.23
56300	0.24	0.65	0.65	0	0	0.24
56400	0.24	0.65	0.65	0	0	0.24
56500	0.24	0.65	0.65	0	0	0.24
56600	0.24	0.65	0.65	0	0	0.24
56700	0.24	0.65	0.65	0	0	0.24
56800	0.23	0.65	0.65	0	0	0.23
56900	0.23	0.65	0.65	0	0	0.23
57000	0.23	0.65	0.65	0	0	0.23
57100	0.23	0.65	0.65	0	0	0.23
57200	0.23	0.65	0.65	0	0	0.23
57300	0.23	0.65	0.65	0	0	0.23
57400	0.23	0.65	0.65	0	0	0.23
57500	0.23	0.65	0.65	0	0	0.23
57600	0.24	0.65	0.65	0	0	0.24
57700	0.24	0.65	0.65	0	0	0.24
57800	0.24	0.65	0.65	0	0	0.24
57900	0.24	0.65	0.65	0	0	0.24
58000	0.24	0.65	0.65	0	0	0.24
58100	0.24	0.65	0.65	0	0	0.24
58200	0.24	0.64	0.64	0	0	0.24
58300	0.24	0.64	0.64	0	0	0.24
58400	0.24	0.64	0.64	0	0	0.24
58500	0.24	0.64	0.64	0	0	0.24
58600	0.24	0.64	0.64	0	0	0.24
58700	0.24	0.64	0.64	0	0	0.24
58800	0.24	0.64	0.64	0	0	0.24
58900	0.24	0.64	0.64	0	0	0.24
59000	0.24	0.64	0.64	0	0	0.24
59100	0.24	0.64	0.64	0	0	0.24
59200	0.25	0.64	0.64	0	0	0.25
59300	0.25	0.64	0.64	0	0	0.25
59400	0.26	0.64	0.64	0	0	0.26
59500	0.26	0.64	0.64	0	0	0.26
59600	0.27	0.64	0.64	0	0	0.27
59700	0.27	0.64	0.64	0	0	0.27
59800	0.27	0.64	0.64	0	0	0.27
59900	0.27	0.64	0.64	0	0	0.27
60000	0.26	0.64	0.64	0	0	0.26
60100	0.25	0.64	0.64	0	0	0.25
60200	0.25	0.64	0.64	0	0	0.25
60300	0.25	0.64	0.64	0	0	0.25
60400	0.25	0.64	0.64	0	0	0.25
60500	0.25	0.64	0.64	0	0	0.25
60600	0.25	0.64	0.64	0	0	0.25
60700	0.25	0.64	0.64	0	0	0.25
60800	0.25	0.64	0.64	0	0	0.25
60900	0.25	0.64	0.64	0	0	0.25
61000	0.25	0.64	0.64	0	0	0.25
61100	0.26	0.64	0.64	0	0	0.26
61200	0.26	0.64	0.64	0	0	0.26
61300	0.26	0.64	0.64	0	0	0.26
61400	0.26	0.64	0.64	0	0	0.26
61500	0.26	0.64	0.64	0	0	0.26
61600	0.26	0.64	0.64	0	0	0.26
61700	0.26	0.64	0.64	0	0	0.26
61800	0.26	0.64	0.64	0	0	0.26
61900	0.26	0.64	0.64	0	0	0.26
62000	0.27	0.64	0.64	0	0	0.27
62100	0.27	0.64	0.64	0	0	0.27
62200	0.27	0.64	0.64	0	0	0.27
62300	0.27	0.64	0.64	0	0	0.27
62400	0.27	0.63	0.63	0	0	0.27
62500	0.27	0.63	0.63	0	0	0.27
62600	0.27	0.63	0.63	0	0	0.27
62700	0.27	0.63	0.63	0	0	0.27
62800	0.27	0.63	0.63	0	0	0.27
62900	0.27	0.63	0.63	0	0	0.27
63000	0.27	0.63	0.63	0	0	0.27
63100	0.27	0.63	0.63	0	0	0.27
63200	0.27	0.62	0.62	0	0	0.27
63300	0.27	0.62	0.62	0	0	0.27
63400	0.27	0.62	0.62	0	0	0.27
63500	0.27	0.62	0.62	0	0	0.27
63600	0.27	0.62	0.62	0	0	0.27
63700	0.27	0.62	0.62	0	0	0.27
63800	0.27	0.62	0.62	0	0	0.27
63900	0.28	0.62	0.62	0	0	0.28
64000	0.28	0.62	0.62	0	0	0.28
64100	0.28	0.62	0.62	0	0	0.28
64200	0.28	0.62	0.62	0	0	0.28
64300	0.29	0.62	0.62	0	0	0.29
64400	0.29	0.62	0.62	0	0	0.29
64500	0.28	0.63	0.63	0	0	0.28
64600	0.28	0.63	0.63	0	0	0.28
64700	0.28	0.63	0.63	0	0	0.28
64800	0.28	0.63	0.63	0	0	0.28
64900	0.28	0.64	0.64	0	0	0.28
65000	0.28	0.64	0.64	0	0	0.28
65100	0.28	0.64	0.64	0	0	0.28
65200	0.27	0.64	0.64	0	0	0.27
65300	0.27	0.64	0.64	0	0	0.27
65400	0.27	0.64	0.64	0	0	0.27
65500	0.27	0.64	0.64	0	0	0.27
65600	0.27	0.64	0.64	0	0	0.27
65700	0.27	0.64	0.64	0	0	0.27
65800	0.28	0.64	0.64	0	0	0.28
65900	0.28	0.64	0.64	0	0	0.28
66000	0.28	0.64	0.64	0	0	0.28
66100	0.28	0.64	0.64	0	0	0.28
66200	0.29	0.64	0.64	0	0	0.29
66300	0.29	0.64	0.64	0	0	0.29
66400	0.29	0.64	0.64	0	0	0.29
66500	0.29	0.64	0.64	0	0	0.29
66600	0.29	0.64	0.64	0	0	0.29
66700	0.3	0.64	0.64	0	0	0.3
66800	0.3	0.64	0.64	0	0	0.3
66900	0.3	0.64	0.64	0	0	0.3
67000	0.3	0.64	0.64	0	0	0.3
67100	0.3	0.64	0.64	0	0	0.3
67200	0.3	0.64	0.64	0	0	0.3
67300	0.3	0.64	0.64	0	0	0.3
67400	0.3	0.64	0.64	0	0	0.3
67500	0.3	0.64	0.64	0	0	0.3
67600	0.3	0.64	0.64	0	0	0.3
67700	0.3	0.64	0.64	0	0	0.3
67800	0.3	0.64	0.64	0	0	0.3
67900	0.31	0.64	0.64	0	0	0.31
68000	0.31	0.64	0.64	0	0	0.31
68100	0.31	0.64	0.64	0	0	0.31
68200	0.32	0.65	0.65	0	0	0.32
68300	0.32	0.65	0.65	0	0	0.32
68400	0.32	0.65	0.65	0	0	0.32
68500	0.31	0.65	0.65	0	0	0.31
68600	0.31	0.65	0.65	0	0	0.31
68700	0.31	0.65	0.65	0	0	0.31
68800	0.31	0.65	0.65	0	0	0.31
68900	0.31	0.65	0.65	0	0	0.31
69000	0.31	0.65	0.65	0	0	0.31
69100	0.31	0.65	0.65	0	0	0.31
69200	0.31	0.65	0.65	0	0	0.31
69300	0.31	0.65	0.65	0	0	0.31
69400	0.31	0.65	0.65	0	0	0.31
69500	0.31	0.65	0.65	0	0	0.31
69600	0.31	0.65	0.65	0	0	0.31
69700	0.31	0.65	0.65	0	0	0.31
69800	0.31	0.65	0.65	0	0	0.31
69900	0.31	0.65	0.65	0	0	0.31
70000	0.31	0.65	0.65	0	0	0.31
70100	0.31	0.65	0.65	0	0	0.31
70200	0.33	0.65	0.65	0	0	0.33
70300	0.33	0.65	0.65	0	0	0.33
70400	0.33	0.65	0.65	0	0	0.33
70500	0.33	0.65	0.65	0	0	0.33
70600	0.33	0.65	0.65	0	0	0.33
70700	0.33	0.65	0.65	0	0	0.33
70800	0.33	0.65	0.65	0	0	0.33
70900	0.33	0.65	0.65	0	0	0.33
71000	0.33	0.65	0.65	0	0	0.33
71100	0.33	0.65	0.65	0	0	0.33
71200	0.33	0.65	0.65	0	0	0.33
71300	0.33	0.65	0.65	0	0	0.33
71400	0.33	0.65	0.65	0	0	0.33
71500	0.33	0.65	0.65	0	0	0.33
71600	0.33	0.65	0.65	0	0	0.33
71700	0.33	0.65	0.65	0	0	0.33
71800	0.33	0.65	0.65	0	0	0.33
71900	0.33	0.65	0.65	0	0	0.33
72000	0.33	0.65	0.65	0	0	0.33
72100	0.33	0.65	0.65	0	0	0.33
72200	0.33	0.65	0.65	0	0	0.33
72300	0.33	0.65	0.65	0	0	0.33
72400	0.33	0.65	0.65	0	0	0.33
72500	0.33	0.65	0.65	0	0	0.33
72600	0.33	0.65	0.65	0	0	0.33
72700	0.33	0.65	0.65	0	0	0.33
72800	0.33	0.65	0.65	0	0	0.33
72900	0.33	0.65	0.65	0	0	0.33
73000	0.33	0.65	0.65	0	0	0.33
73100	0.33	0.65	0.65	0	0	0.33
73200	0.33	0.65	0.65	0	0	0.33
73300	0.33	0.65	0.65	0	0	0.33
73400	0.33	0.65	0.65	0	0	0.33
73500	0.33	0.65	0.65	0	0	0.33
73600	0.33	0.65	0.65	0	0	0.33
73700	0.33	0.65	0.65	0	0	0.33
73800	0.33	0.65	0.65	0	0	0.33
73900	0.33	0.65	0.65	0	0	0.33
74000	0.33	0.65	0.65	0	0	0.33
74100	0.33	0.65	0.65	0	0	0.33
74200	0.33	0.65	0.65	0	0	0.33
74300	0.33	0.65	0.65	0	0	0.33
74400	0.33	0.65	0.65	0	0	0.33
74500	0.33	0.65	0.65	0	0	0.33
74600	0.33	0.65	0.65	0	0	0.33
74700	0.33	0.65	0.65	0	0	0.33
74800	0.33	0.65	0.65	0	0	0.33
74900	0.33	0.65	0.65	0	0	0.33
75000	0.33	0.65	0.65	0	0	0.33
75100	0.33	0.65	0.65	0	0	0.33
75200	0.33	0.65	0.65	0	0	0.33
75300	0.33	0.65	0.65	0	0	0.33
75400	0.33	0.65	0.65	0	0	0.33
75500	0.33	0.65	0.65	0	0	0.33
75600	0.33	0.65	0.65	0	0	0.33
75700	0.33	0.65	0.65	0	0	0.33
75800	0.33	0.65	0.65	0	0	0.33
75900	0.33	0.65	0.65	0	0	0.33
76000	0.33	0.65	0.65	0	0	0.33
76100	0.33	0.65	0.65	0	0	0.33
76200	0.33	0.65	0.65	0	0	0.33
76300	0.33	0.64	0.64	0	0	0.33
76400	0.33	0.64	0.64	0	0	0.33
76500	0.33	0.64	0.64	0	0	0.33
76600	0.33	0.64	0.64	0	0	0.33
76700	0.33	0.64	0.64	0	0	0.33
76800	0.33	0.64	0.64	0	0	0.33
76900	0.33	0.64	0.64	0	0	0.33
77000	0.33	0.64	0.64	0	0	0.33
77100	0.33	0.64	0.64	0	0	0.33
77200	0.33	0.64	0.64	0	0	0.33
77300	0.33	0.64	0.64	0	0	0.33
77400	0.33	0.64	0.64	0	0	0.33
77500	0.33	0.64	0.64	0	0	0.33
77600	0.33	0.64	0.64	0	0	0.33
77700	0.33	0.64	0.64	0	0	0.33
77800	0.33	0.64	0.64	0	0	0.33
77900	0.33	0.65	0.65	0	0	0.33
78000	0.33	0.65	0.65	0	0	0.33
78100	0.33	0.65	0.65	0	0	0.33
78200	0.33	0.65	0.65	0	0	0.33
78300	0.33	0.65	0.65	0	0	0.33
78400	0.33	0.65	0.65	0	0	0.33
78500	0.33	0.65	0.65	0	0	0.33
78600	0.33	0.65	0.65	0	0	0.33
78700	0.33	0.65	0.65	0	0	0.33
78800	0.33	0.65	0.65	0	0	0.33
78900	0.33	0.65	0.65	0	0	0.33
79000	0.33	0.65	0.65	0	0	0.33
79100	0.33	0.65	0.65	0	0	0.33
79200	0.33	0.65	0.65	0	0	0.33
79300	0.33	0.65	0.65	0	0	0.33
79400	0.33	0.65	0.65	0	0	0.33
79500	0.33	0.65	0.65	0	0	0.33
79600	0.33	0.65	0.65	0	0	0.33
79700	0.33	0.65	0.65	0	0	0.33
79800	0.33	0.65	0.65	0	0	0.33
79900	0.33	0.65	0.65	0	0	0.33
80000	0.33	0.65	0.65	0	0	0.33
80100	0.33	0.65	0.65	0	0	0.33
80200	0.33	0.65	0.65	0	0	0.33
80300	0.33	0.65	0.65	0	0	0.33
80400	0.33	0.65	0.65	0	0	0.33
80500	0.33	0.65	0.65	0	0	0.33
80600	0.33	0.65	0.65	0	0	0.33
80700	0.33	0.65	0.65	0	0	0.33
80800	0.33	0.65	0.65	0	0	0.33
80900	0.33	0.65	0.65	0	0	0.33
81000	0.33	0.65	0.65	0	0	0.33
81100	0.33	0.65	0.65	0	0	0.33
81200	0.33	0.65	0.65	0	0	0.33
81300	0.33	0.65	0.65	0	0	0.33
81400	0.33	0.65	0.65	0	0	0.33
81500	0.33	0.65	0.65	0	0	0.33
81600	0.33	0.65	0.65	0	0	0.33
81700	0.33	0.65	0.65	0	0	0.33
81800	0.33	0.65	0.65	0	0	0.33
81900	0.33	0.65	0.65	0	0	0.33
82000	0.33	0.65	0.65	0	0	0.33
82100	0.33	0.65	0.65	0	0	0.33
82200	0.34	0.65	0.65	0	0	0.34
82300	0.34	0.65	0.65	0	0	0.34
82400	0.34	0.65	0.65	0	0	0.34
82500	0.34	0.65	0.65	0	0	0.34
82600	0.34	0.65	0.65	0	0	0.34
82700	0.34	0.65	0.65	0	0	0.34
82800	0.34	0.65	0.65	0	0	0.34
82900	0.34	0.65	0.65	0	0	0.34
83000	0.34	0.65	0.65	0	0	0.34
83100	0.34	0.65	0.65	0	0	0.34
83200	0.34	0.65	0.65	0	0	0.34
83300	0.34	0.65	0.65	0	0	0.34
83400	0.34	0.65	0.65	0	0	0.34
83500	0.33	0.65	0.65	0	0	0.33
83600	0.33	0.65	0.65	0	0	0.33
83700	0.33	0.65	0.65	0	0	0.33
83800	0.33	0.65	0.65	0	0	0.33
83900	0.33	0.65	0.65	0	0	0.33
84000	0.33	0.65	0.65	0	0	0.33
84100	0.33	0.65	0.65	0	0	0.33
84200	0.33	0.65	0.65	0	0	0.33
84300	0.33	0.65	0.65	0	0	0.33
84400	0.33	0.65	0.65	0	0	0.33
84500	0.33	0.65	0.65	0	0	0.33
84600	0.33	0.65	0.65	0	0	0.33
84700	0.33	0.65	0.65	0	0	0.33
84800	0.33	0.65	0.65	0	0	0.33
84900	0.33	0.65	0.65	0	0	0.33
85000	0.33	0.65	0.65	0	0	0.33
85100	0.33	0.65	0.65	0	0	0.33
85200	0.33	0.65	0.65	0	0	0.33
85300	0.33	0.65	0.65	0	0	0.33
85400	0.33	0.65	0.65	0	0	0.33
85500	0.33	0.65	0.65	0	0	0.33
85600	0.33	0.65	0.65	0	0	0.33
85700	0.33	0.65	0.65	0	0	0.33
85800	0.33	0.65	0.65	0	0	0.33
85900	0.33	0.65	0.65	0	0	0.33
86000	0.33	0.65	0.65	0	0	0.33
86100	0.33	0.65	0.65	0	0	0.33
86200	0.33	0.65	0.65	0	0	0.33
86300	0.33	0.65	0.65	0	0	0.33
86400	0.33	0.65	0.65	0	0	0.33
86500	0.33	0.65	0.65	0	0	0.33
86600	0.33	0.65	0.65	0	0	0.33
86700	0.33	0.65	0.65	0	0	0.33
86800	0.33	0.65	0.65	0	0	0.33
86900	0.33	0.65	0.65	0	0	0.33
87000	0.33	0.65	0.65	0	0	0.33
87100	0.33	0.65	0.65	0	0	0.33
87200	0.33	0.65	0.65	0	0	0.33
87300	0.33	0.65	0.65	0	0	0.33
87400	0.33	0.65	0.65	0	0	0.33
87500	0.33	0.65	0.65	0	0	0.33
87600	0.33	0.65	0.65	0	0	0.33
87700	0.33	0.65	0.65	0	0	0.33
87800	0.33	0.65	0.65	0	0	0.33
87900	0.33	0.65	0.65	0	0	0.33
88000	0.33	0.65	0.65	0	0	0.33
88100	0.33	0.65	0.65	0	0	0.33
88200	0.33	0.65	0.65	0	0	0.33
88300	0.33	0.65	0.65	0	0	0.33
88400	0.33	0.65	0.65	0	0	0.33
88500	0.34	0.65	0.65	0	0	0.34
88600	0.34	0.65	0.65	0	0	0.34
88700	0.34	0.65	0.65	0	0	0.34
88800	0.34	0.65	0.65	0	0	0.34
88900	0.34	0.65	0.65	0	0	0.34
89000	0.34	0.65	0.65	0	0	0.34
89100	0.34	0.65	0.65	0	0	0.34
89200	0.34	0.65	0.65	0	0	0.34
89300	0.34	0.65	0.65	0	0	0.34
89400	0.34	0.65	0.65	0	0	0.34
89500	0.34	0.65	0.65	0	0	0.34
89600	0.34	0.65	0.65	0	0	0.34
89700	0.34	0.65	0.65	0	0	0.34
89800	0.34	0.65	0.65	0	0	0.34
89900	0.34	0.65	0.65	0	0	0.34
90000	0.34	0.65	0.65	0	0	0.34
90100	0.34	0.65	0.65	0	0	0.34
90200	0.34	0.65	0.65	0	0	0.34
90300	0.34	0.65	0.65	0	0	0.34
90400	0.34	0.65	0.65	0	0	0.34
90500	0.34	0.65	0.65	0	0	0.34
90600	0.34	0.65	0.65	0	0	0.34
90700	0.34	0.65	0.65	0	0	0.34
90800	0.34	0.65	0.65	0	0	0.34
90900	0.34	0.65	0.65	0	0	0.34
91000	0.34	0.65	0.65	0	0	0.34
91100	0.34	0.65	0.65	0	0	0.34
91200	0.34	0.65	0.65	0	0	0.34
91300	0.34	0.65	0.65	0	0	0.34
91400	0.34	0.65	0.65	0	0	0.34
91500	0.34	0.65	0.65	0	0	0.34
91600	0.34	0.65	0.65	0	0	0.34
91700	0.34	0.65	0.65	0	0	0.34
91800	0.34	0.65	0.65	0	0	0.34
91900	0.34	0.65	0.65	0	0	0.34
92000	0.34	0.65	0.65	0	0	0.34
92100	0.34	0.65	0.65	0	0	0.34
92200	0.33	0.65	0.65	0	0	0.33
92300	0.33	0.65	0.65	0	0	0.33
92400	0.33	0.65	0.65	0	0	0.33
92500	0.33	0.65	0.65	0	0	0.33
92600	0.33	0.65	0.65	0	0	0.33
92700	0.33	0.65	0.65	0	0	0.33
92800	0.33	0.65	0.65	0	0	0.33
92900	0.33	0.65	0.65	0	0	0.33
93000	0.33	0.65	0.65	0	0	0.33
93100	0.33	0.65	0.65	0	0	0.33
93200	0.33	0.65	0.65	0	0	0.33
93300	0.33	0.65	0.65	0	0	0.33
93400	0.33	0.65	0.65	0	0	0.33
93500	0.33	0.65	0.65	0	0	0.33
93600	0.33	0.65	0.65	0	0	0.33
93700	0.33	0.65	0.65	0	0	0.33
93800	0.33	0.65	0.65	0	0	0.33
93900	0.33	0.65	0.65	0	0	0.33
94000	0.33	0.65	0.65	0	0	0.33
94100	0.33	0.65	0.65	0	0	0.33
94200	0.33	0.65	0.65	0	0	0.33
94300	0.33	0.65	0.65	0	0	0.33
94400	0.33	0.65	0.65	0	0	0.33
94500	0.33	0.65	0.65	0	0	0.33
94600	0.33	0.65	0.65	0	0	0.33
94700	0.33	0.65	0.65	0	0	0.33
94800	0.33	0.65	0.65	0	0	0.33
94900	0.33	0.65	0.65	0	0	0.33
95000	0.33	0.65	0.65	0	0	0.33
95100	0.33	0.65	0.65	0	0	0.33
95200	0.33	0.65	0.65	0	0	0.33
95300	0.33	0.65	0.65	0	0	0.33
95400	0.33	0.65	0.65	0	0	0.33
95500	0.33	0.65	0.65	0	0	0.33
95600	0.33	0.65	0.65	0	0	0.33
95700	0.33	0.65	0.65	0	0	0.33
95800	0.33	0.65	0.65	0	0	0.33
95900	0.33	0.65	0.65	0	0	0.33
96000	0.33	0.65	0.65	0	0	0.33
96100	0.33	0.65	0.65	0	0	0.33
96200	0.33	0.65	0.65	0	0	0.33
96300	0.33	0.65	0.65	0	0	0.33
96400	0.33	0.65	0.65	0	0	0.33
96500	0.32	0.65	0.65	0	0	0.32
96600	0.32	0.65	0.65	0	0	0.32
96700	0.32	0.65	0.65	0	0	0.32
96800	0.32	0.65	0.65	0	0	0.32
96900	0.32	0.65	0.65	0	0	0.32
97000	0.32	0.65	0.65	0	0	0.32
97100	0.32	0.65	0.65	0	0	0.32
97200	0.32	0.65	0.65	0	0	0.32
97300	0.32	0.65	0.65	0	0	0.32
97400	0.32	0.65	0.65	0	0	0.32
97500	0.32	0.65	0.65	0	0	0.32
97600	0.32	0.65	0.65	0	0	0.32
97700	0.32	0.65	0.65	0	0	0.32
97800	0.32	0.65	0.65	0	0	0.32
97900	0.33	0.65	0.65	0	0	0.33
98000	0.33	0.65	0.65	0	0	0.33
98100	0.33	0.65	0.65	0	0	0.33
98200	0.33	0.65	0.65	0	0	0.33
98300	0.33	0.65	0.65	0	0	0.33
98400	0.33	0.65	0.65	0	0	0.33
98500	0.33	0.65	0.65	0	0	0.33
98600	0.33	0.65	0.65	0	0	0.33
98700	0.33	0.65	0.65	0	0	0.33
98800	0.33	0.65	0.65	0	0	0.33
98900	0.33	0.65	0.65	0	0	0.33
99000	0.33	0.65	0.65	0	0	0.33
99100	0.33	0.65	0.65	0	0	0.33
99200	0.33	0.65	0.65	0	0	0.33
99300	0.33	0.65	0.65	0	0	0.33
99400	0.33	0.65	0.65	0	0	0.33
99500	0.33	0.65	0.65	0	0	0.33
99600	0.33	0.65	0.65	0	0	0.33
99700	0.33	0.65	0.65	0	0	0.33
99800	0.33	0.65	0.65	0	0	0.33
99900	0.33	0.65	0.65	0	0	0.33
100000	0.33	0.65	0.65	0	0	0.33
100100	0.33	0.65	0.65	0	0	0.33
100200	0.33	0.65	0.65	0	0	0.33
100300	0.33	0.65	0.65	0	0	0.33
100400	0.33	0.65	0.65	0	0	0.33
100500	0.33	0.65	0.65	0	0	0.33
100600	0.33	0.65	0.65	0	0	0.33
100700	0.33	0.65	0.65	0	0	0.33
100800	0.33	0.65	0.65	0	0	0.33
100900	0.33	0.65	0.65	0	0	0.33
101000	0.33	0.65	0.65	0	0	0.33
101100	0.33	0.65	0.65	0	0	0.33
101200	0.33	0.65	0.65	0	0	0.33
101300	0.33	0.65	0.65	0	0	0.33
101400	0.33	0.65	0.65	0	0	0.33
101500	0.33	0.65	0.65	0	0	0.33
101600	0.33	0.65	0.65	0	0	0.33
101700	0.33	0.65	0.65	0	0	0.33
101800	0.33	0.65	0.65	0	0	0.33
101900	0.33	0.65	0.65	0	0	0.33
102000	0.33	0.65	0.65	0	0	0.33
102100	0.34	0.65	0.65	0	0	0.34
102200	0.34	0.65	0.65	0	0	0.34
102300	0.34	0.65	0.65	0	0	0.34
102400	0.34	0.65	0.65	0	0	0.34
102500	0.34	0.65	0.65	0	0	0.34
102600	0.34	0.65	0.65	0	0	0.34
102700	0.34	0.65	0.65	0	0	0.34
102800	0.34	0.65	0.65	0	0	0.34
102900	0.34	0.65	0.65	0	0	0.34
103000	0.34	0.65	0.65	0	0	0.34
103100	0.34	0.65	0.65	0	0	0.34
103200	0.34	0.65	0.65	0	0	0.34
103300	0.34	0.65	0.65	0	0	0.34
103400	0.34	0.65	0.65	0	0	0.34
103500	0.34	0.65	0.65	0	0	0.34
103600	0.34	0.65	0.65	0	0	0.34
103700	0.34	0.65	0.65	0	0	0.34
103800	0.34	0.65	0.65	0	0	0.34
103900	0.34	0.65	0.65	0	0	0.34
104000	0.34	0.65	0.65	0	0	0.34
104100	0.34	0.65	0.65	0	0	0.34
104200	0.34	0.65	0.65	0	0	0.34
104300	0.34	0.65	0.65	0	0	0.34
104400	0.34	0.65	0.65	0	0	0.34
104500	0.34	0.65	0.65	0	0	0.34
104600	0.34	0.65	0.65	0	0	0.34
104700	0.33	0.65	0.65	0	0	0.33
104800	0.33	0.65	0.65	0	0	0.33
104900	0.33	0.65	0.65	0	0	0.33
105000	0.33	0.65	0.65	0	0	0.33
105100	0.33	0.65	0.65	0	0	0.33
105200	0.33	0.65	0.65	0	0	0.33
105300	0.33	0.65	0.65	0	0	0.33
105400	0.33	0.65	0.65	0	0	0.33
105500	0.33	0.65	0.65	0	0	0.33
105600	0.33	0.65	0.65	0	0	0.33
105700	0.33	0.65	0.65	0	0	0.33
105800	0.33	0.65	0.65	0	0	0.33
105900	0.33	0.65	0.65	0	0	0.33
106000	0.33	0.65	0.65	0	0	0.33
106100	0.33	0.65	0.65	0	0	0.33
106200	0.33	0.65	0.65	0	0	0.33
106300	0.33	0.65	0.65	0	0	0.33
106400	0.33	0.65	0.65	0	0	0.33
106500	0.33	0.65	0.65	0	0	0.33
106600	0.33	0.65	0.65	0	0	0.33
106700	0.33	0.65	0.65	0	0	0.33
106800	0.33	0.65	0.65	0	0	0.33
106900	0.33	0.65	0.65	0	0	0.33
107000	0.33	0.65	0.65	0	0	0.33
107100	0.33	0.65	0.65	0	0	0.33
107200	0.33	0.65	0.65	0	0	0.33
107300	0.33	0.65	0.65	0	0	0.33
107400	0.33	0.65	0.65	0	0	0.33
107500	0.33	0.65	0.65	0	0	0.33
107600	0.33	0.65	0.65	0	0	0.33
107700	0.33	0.65	0.65	0	0	0.33
107800	0.33	0.65	0.65	0	0	0.33
107900	0.33	0.65	0.65	0	0	0.33
108000	0.33	0.65	0.65	0	0	0.33
108100	0.33	0.65	0.65	0	0	0.33
108200	0.33	0.65	0.65	0	0	0.33
108300	0.33	0.65	0.65	0	0	0.33
108400	0.33	0.65	0.65	0	0	0.33
108500	0.33	0.65	0.65	0	0	0.33
108600	0.33	0.65	0.65	0	0	0.33
108700	0.33	0.65	0.65	0	0	0.33
108800	0.33	0.65	0.65	0	0	0.33
108900	0.33	0.65	0.65	0	0	0.33
109000	0.33	0.65	0.65	0	0	0.33
109100	0.33	0.65	0.65	0	0	0.33
109200	0.33	0.65	0.65	0	0	0.33
109300	0.33	0.65	0.65	0	0	0.33
109400	0.33	0.65	0.65	0	0	0.33
109500	0.33	0.65	0.65	0	0	0.33
109600	0.33	0.65	0.65	0	0	0.33
109700	0.33	0.65	0.65	0	0	0.33
109800	0.33	0.65	0.65	0	0	0.33
109900	0.33	0.65	0.65	0	0	0.33
110000	0.33	0.65	0.65	0	0	0.33
110100	0.33	0.65	0.65	0	0	0.33
110200	0.33	0.65	0.65	0	0	0.33
110300	0.33	0.65	0.65	0	0	0.33
110400	0.33	0.65	0.65	0	0	0.33
110500	0.33	0.65	0.65	0	0	0.33
110600	0.33	0.65	0.65	0	0	0.33
110700	0.33	0.65	0.65	0	0	0.33
110800	0.33	0.65	0.65	0	0	0.33
110900	0.33	0.65	0.65	0	0	0.33
111000	0.33	0.65	0.65	0	0	0.33
111100	0.33	0.65	0.65	0	0	0.33
111200	0.33	0.65	0.65	0	0	0.33
111300	0.33	0.65	0.65	0	0	0.33
111400	0.33	0.65	0.65	0	0	0.33
111500	0.33	0.65	0.65	0	0	0.33
111600	0.33	0.65	0.65	0	0	0.33
111700	0.33	0.65	0.65	0	0	0.33
111800	0.33	0.65	0.65	0	0	0.33
111900	0.33	0.65	0.65	0	0	0.33
112000	0.33	0.65	0.65	0	0	0.33
112100	0.33	0.65	0.65	0	0	0.33
112200	0.33	0.65	0.65	0	0	0.33
112300	0.33	0.65	0.65	0	0	0.33
112400	0.33	0.65	0.65	0	0	0.33
112500	0.33	0.65	0.65	0	0	0.33
112600	0.33	0.65	0.65	0	0	0.33
112700	0.33	0.64	0.64	0	0	0.33
112800	0.33	0.64	0.64	0	0	0.33
112900	0.33	0.64	0.64	0	0	0.33
113000	0.33	0.64	0.64	0	0	0.33
113100	0.33	0.64	0.64	0	0	0.33
113200	0.33	0.64	0.64	0	0	0.33
113300	0.33	0.64	0.64	0	0	0.33
113400	0.33	0.64	0.64	0	0	0.33
113500	0.33	0.64	0.64	0	0	0.33
113600	0.33	0.64	0.64	0	0	0.33
113700	0.33	0.64	0.64	0	0	0.33
113800	0.33	0.64	0.64	0	0	0.33
113900	0.33	0.64	0.64	0	0	0.33
114000	0.33	0.64	0.64	0	0	0.33
114100	0.33	0.64	0.64	0	0	0.33
114200	0.33	0.64	0.64	0	0	0.33
114300	0.33	0.64	0.64	0	0	0.33
114400	0.33	0.64	0.64	0	0	0.33
114500	0.33	0.64	0.64	0	0	0.33
114600	0.33	0.64	0.64	0	0	0.33
114700	0.33	0.64	0.64	0	0	0.33
114800	0.33	0.64	0.64	0	0	0.33
114900	0.33	0.64	0.64	0	0	0.33
115000	0.33	0.64	0.64	0	0	0.33
115100	0.33	0.64	0.64	0	0	0.33
115200	0.33	0.64	0.64	0	0	0.33
115300	0.33	0.64	0.64	0	0	0.33
115400	0.33	0.63	0.63	0	0	0.33
115500	0.33	0.63	0.63	0	0	0.33
115600	0.33	0.63	0.63	0	0	0.33
115700	0.33	0.63	0.63	0	0	0.33
115800	0.33	0.63	0.63	0	0	0.33
115900	0.33	0.63	0.63	0	0	0.33
116000	0.33	0.63	0.63	0	0	0.33
116100	0.33	0.63	0.63	0	0	0.33
116200	0.33	0.63	0.63	0	0	0.33
116300	0.33	0.63	0.63	0	0	0.33
116400	0.33	0.63	0.63	0	0	0.33
116500	0.33	0.63	0.63	0	0	0.33
116600	0.33	0.63	0.63	0	0	0.33
116700	0.33	0.63	0.63	0	0	0.33
116800	0.33	0.63	0.63	0	0	0.33
116900	0.33	0.63	0.63	0	0	0.33
117000	0.33	0.63	0.63	0	0	0.33
117100	0.33	0.63	0.63	0	0	0.33
117200	0.33	0.63	0.63	0	0	0.33
117300	0.33	0.63	0.63	0	0	0.33
117400	0.33	0.63	0.63	0	0	0.33
117500	0.33	0.63	0.63	0	0	0.33
117600	0.33	0.63	0.63	0	0	0.33
117700	0.33	0.63	0.63	0	0	0.33
117800	0.33	0.63	0.63	0	0	0.33
117900	0.33	0.63	0.63	0	0	0.33
118000	0.33	0.63	0.63	0	0	0.33
118100	0.33	0.63	0.63	0	0	0.33
118200	0.33	0.63	0.63	0	0	0.33
118300	0.33	0.63	0.63	0	0	0.33
118400	0.33	0.63	0.63	0	0	0.33
118500	0.33	0.63	0.63	0	0	0.33
118600	0.33	0.63	0.63	0	0	0.33
118700	0.33	0.63	0.63	0	0	0.33
118800	0.34	0.63	0.63	0	0	0.34
118900	0.34	0.63	0.63	0	0	0.34
119000	0.34	0.63	0.63	0	0	0.34
119100	0.34	0.63	0.63	0	0	0.34
119200	0.34	0.63	0.63	0	0	0.34
119300	0.34	0.63	0.63	0	0	0.34
119400	0.34	0.63	0.63	0	0	0.34
119500	0.34	0.63	0.63	0	0	0.34
119600	0.34	0.63	0.63	0	0	0.34
119700	0.34	0.63	0.63	0	0	0.34
119800	0.34	0.63	0.63	0	0	0.34
119900	0.34	0.63	0.63	0	0	0.34
120000	0.34	0.63	0.63	0	0	0.34
120100	0.34	0.63	0.63	0	0	0.34
120200	0.34	0.63	0.63	0	0	0.34
120300	0.34	0.63	0.63	0	0	0.34
120400	0.34	0.63	0.63	0	0	0.34
120500	0.34	0.63	0.63	0	0	0.34
120600	0.34	0.63	0.63	0	0	0.34
120700	0.34	0.63	0.63	0	0	0.34
120800	0.34	0.63	0.63	0	0	0.34
120900	0.34	0.63	0.63	0	0	0.34
121000	0.34	0.63	0.63	0	0	0.34
121100	0.34	0.64	0.64	0	0	0.34
121200	0.34	0.63	0.63	0	0	0.34
121300	0.34	0.63	0.63	0	0	0.34
121400	0.34	0.63	0.63	0	0	0.34
121500	0.34	0.63	0.63	0	0	0.34
121600	0.34	0.63	0.63	0	0	0.34
121700	0.34	0.63	0.63	0	0	0.34
121800	0.34	0.63	0.63	0	0	0.34
121900	0.34	0.63	0.63	0	0	0.34
122000	0.34	0.63	0.63	0	0	0.34
122100	0.34	0.63	0.63	0	0	0.34
122200	0.34	0.63	0.63	0	0	0.34
122300	0.34	0.63	0.63	0	0	0.34
122400	0.34	0.63	0.63	0	0	0.34
122500	0.34	0.63	0.63	0	0	0.34
122600	0.34	0.63	0.63	0	0	0.34
122700	0.34	0.63	0.63	0	0	0.34
122800	0.34	0.63	0.63	0	0	0.34
122900	0.34	0.63	0.63	0	0	0.34
123000	0.34	0.63	0.63	0	0	0.34
123100	0.34	0.63	0.63	0	0	0.34
123200	0.33	0.63	0.63	0	0	0.33
123300	0.33	0.63	0.63	0	0	0.33
123400	0.33	0.63	0.63	0	0	0.33
123500	0.33	0.63	0.63	0	0	0.33
123600	0.33	0.63	0.63	0	0	0.33
123700	0.33	0.63	0.63	0	0	0.33
123800	0.33	0.63	0.63	0	0	0.33
123900	0.33	0.63	0.63	0	0	0.33
124000	0.33	0.63	0.63	0	0	0.33
124100	0.33	0.63	0.63	0	0	0.33
124200	0.33	0.63	0.63	0	0	0.33
124300	0.33	0.63	0.63	0	0	0.33
124400	0.33	0.63	0.63	0	0	0.33
124500	0.33	0.63	0.63	0	0	0.33
124600	0.33	0.63	0.63	0	0	0.33
124700	0.33	0.63	0.63	0	0	0.33
124800	0.33	0.63	0.63	0	0	0.33
124900	0.33	0.63	0.63	0	0	0.33
125000	0.33	0.63	0.63	0	0	0.33
125100	0.33	0.63	0.63	0	0	0.33
125200	0.33	0.63	0.63	0	0	0.33
125300	0.33	0.63	0.63	0	0	0.33
125400	0.33	0.63	0.63	0	0	0.33
125500	0.33	0.63	0.63	0	0	0.33
125600	0.33	0.62	0.62	0	0	0.33
125700	0.33	0.62	0.62	0	0	0.33
125800	0.33	0.62	0.62	0	0	0.33
125900	0.33	0.62	0.62	0	0	0.33
126000	0.33	0.62	0.62	0	0	0.33
126100	0.33	0.62	0.62	0	0	0.33
126200	0.33	0.62	0.62	0	0	0.33
126300	0.33	0.62	0.62	0	0	0.33
126400	0.33	0.62	0.62	0	0	0.33
126500	0.33	0.62	0.62	0	0	0.33
126600	0.33	0.62	0.62	0	0	0.33
126700	0.33	0.62	0.62	0	0	0.33
126800	0.33	0.62	0.62	0	0	0.33
126900	0.33	0.62	0.62	0	0	0.33
127000	0.33	0.62	0.62	0	0	0.33
127100	0.33	0.62	0.62	0	0	0.33
127200	0.33	0.62	0.62	0	0	0.33
127300	0.33	0.62	0.62	0	0	0.33
127400	0.33	0.62	0.62	0	0	0.33
127500	0.33	0.63	0.63	0	0	0.33
127600	0.33	0.64	0.64	0	0	0.33
127700	0.33	0.64	0.64	0	0	0.33
127800	0.33	0.64	0.64	0	0	0.33
127900	0.33	0.64	0.64	0	0	0.33
128000	0.33	0.64	0.64	0	0	0.33
128100	0.33	0.64	0.64	0	0	0.33
128200	0.33	0.64	0.64	0	0	0.33
128300	0.33	0.64	0.64	0	0	0.33
128400	0.33	0.64	0.64	0	0	0.33
128500	0.33	0.64	0.64	0	0	0.33
128600	0.33	0.64	0.64	0	0	0.33
128700	0.33	0.64	0.64	0	0	0.33
128800	0.33	0.64	0.64	0	0	0.33
128900	0.33	0.64	0.64	0	0	0.33
129000	0.33	0.64	0.64	0	0	0.33
129100	0.33	0.64	0.64	0	0	0.33
129200	0.33	0.64	0.64	0	0	0.33
129300	0.33	0.64	0.64	0	0	0.33
129400	0.33	0.64	0.64	0	0	0.33
129500	0.33	0.64	0.64	0	0	0.33
129600	0.33	0.64	0.64	0	0	0.33
129700	0.33	0.64	0.64	0	0	0.33
129800	0.33	0.64	0.64	0	0	0.33
129900	0.33	0.64	0.64	0	0	0.33
130000	0.33	0.64	0.64	0	0	0.33
130100	0.33	0.64	0.64	0	0	0.33
130200	0.33	0.64	0.64	0	0	0.33
130300	0.33	0.64	0.64	0	0	0.33
130400	0.33	0.64	0.64	0	0	0.33
130500	0.34	0.64	0.64	0	0	0.34
130600	0.34	0.64	0.64	0	0	0.34
130700	0.34	0.64	0.64	0	0	0.34
130800	0.34	0.64	0.64	0	0	0.34
130900	0.34	0.64	0.64	0	0	0.34
131000	0.34	0.64	0.64	0	0	0.34
131100	0.34	0.64	0.64	0	0	0.34
131200	0.34	0.64	0.64	0	0	0.34
131300	0.34	0.64	0.64	0	0	0.34
131400	0.34	0.64	0.64	0	0	0.34
131500	0.34	0.64	0.64	0	0	0.34
131600	0.34	0.64	0.64	0	0	0.34
131700	0.34	0.64	0.64	0	0	0.34
131800	0.34	0.64	0.64	0	0	0.34
131900	0.34	0.64	0.64	0	0	0.34
132000	0.34	0.64	0.64	0	0	0.34
132100	0.34	0.64	0.64	0	0	0.34
132200	0.34	0.64	0.64	0	0	0.34
132300	0.34	0.64	0.64	0	0	0.34
132400	0.34	0.64	0.64	0	0	0.34
132500	0.34	0.64	0.64	0	0	0.34
132600	0.34	0.64	0.64	0	0	0.34
132700	0.34	0.64	0.64	0	0	0.34
132800	0.34	0.64	0.64	0	0	0.34
132900	0.34	0.64	0.64	0	0	0.34
133000	0.34	0.64	0.64	0	0	0.34
133100	0.34	0.64	0.64	0	0	0.34
133200	0.34	0.64	0.64	0	0	0.34
133300	0.34	0.64	0.64	0	0	0.34
133400	0.34	0.64	0.64	0	0	0.34
133500	0.34	0.64	0.64	0	0	0.34
133600	0.34	0.64	0.64	0	0	0.34
133700	0.34	0.64	0.64	0	0	0.34
133800	0.34	0.64	0.64	0	0	0.34
133900	0.34	0.64	0.64	0	0	0.34
134000	0.34	0.64	0.64	0	0	0.34
134100	0.34	0.64	0.64	0	0	0.34
134200	0.34	0.64	0.64	0	0	0.34
134300	0.34	0.64	0.64	0	0	0.34
134400	0.34	0.64	0.64	0	0	0.34
134500	0.34	0.64	0.64	0	0	0.34
134600	0.34	0.64	0.64	0	0	0.34
134700	0.34	0.64	0.64	0	0	0.34
134800	0.34	0.64	0.64	0	0	0.34
134900	0.34	0.64	0.64	0	0	0.34
135000	0.34	0.64	0.64	0	0	0.34
135100	0.34	0.64	0.64	0	0	0.34
135200	0.34	0.64	0.64	0	0	0.34
135300	0.34	0.64	0.64	0	0	0.34
135400	0.34	0.64	0.64	0	0	0.34
135500	0.34	0.64	0.64	0	0	0.34
135600	0.34	0.64	0.64	0	0	0.34
135700	0.34	0.64	0.64	0	0	0.34
135800	0.34	0.64	0.64	0	0	0.34
135900	0.34	0.64	0.64	0	0	0.34
136000	0.34	0.64	0.64	0	0	0.34
136100	0.34	0.64	0.64	0	0	0.34
136200	0.34	0.64	0.64	0	0	0.34
136300	0.34	0.64	0.64	0	0	0.34
136400	0.34	0.64	0.64	0	0	0.34
136500	0.34	0.64	0.64	0	0	0.34
136600	0.33	0.64	0.64	0	0	0.33
136700	0.33	0.64	0.64	0	0	0.33
136800	0.33	0.64	0.64	0	0	0.33
136900	0.33	0.64	0.64	0	0	0.33
137000	0.33	0.64	0.64	0	0	0.33
137100	0.33	0.64	0.64	0	0	0.33
137200	0.33	0.64	0.64	0	0	0.33
137300	0.33	0.64	0.64	0	0	0.33
137400	0.33	0.64	0.64	0	0	0.33
137500	0.33	0.64	0.64	0	0	0.33
137600	0.33	0.64	0.64	0	0	0.33
137700	0.33	0.64	0.64	0	0	0.33
137800	0.33	0.64	0.64	0	0	0.33
137900	0.33	0.64	0.64	0	0	0.33
138000	0.33	0.64	0.64	0	0	0.33
138100	0.33	0.64	0.64	0	0	0.33
138200	0.33	0.64	0.64	0	0	0.33
138300	0.33	0.64	0.64	0	0	0.33
138400	0.33	0.64	0.64	0	0	0.33
138500	0.33	0.64	0.64	0	0	0.33
138600	0.33	0.64	0.64	0	0	0.33
138700	0.33	0.64	0.64	0	0	0.33
138800	0.33	0.64	0.64	0	0	0.33
138900	0.34	0.64	0.64	0	0	0.34
139000	0.34	0.64	0.64	0	0	0.34
139100	0.33	0.64	0.64	0	0	0.33
139200	0.33	0.64	0.64	0	0	0.33
139300	0.33	0.64	0.64	0	0	0.33
139400	0.33	0.64	0.64	0	0	0.33
139500	0.33	0.64	0.64	0	0	0.33
139600	0.34	0.64	0.64	0	0	0.34
139700	0.34	0.64	0.64	0	0	0.34
139800	0.34	0.64	0.64	0	0	0.34
139900	0.33	0.64	0.64	0	0	0.33
140000	0.33	0.64	0.64	0	0	0.33
140100	0.33	0.64	0.64	0	0	0.33
140200	0.33	0.64	0.64	0	0	0.33
140300	0.33	0.64	0.64	0	0	0.33
140400	0.33	0.64	0.64	0	0	0.33
140500	0.33	0.64	0.64	0	0	0.33
140600	0.33	0.64	0.64	0	0	0.33
140700	0.34	0.64	0.64	0	0	0.34
140800	0.34	0.64	0.64	0	0	0.34
140900	0.33	0.64	0.64	0	0	0.33
141000	0.33	0.64	0.64	0	0	0.33
141100	0.33	0.64	0.64	0	0	0.33
141200	0.33	0.64	0.64	0	0	0.33
141300	0.33	0.64	0.64	0	0	0.33
141400	0.33	0.64	0.64	0	0	0.33
141500	0.33	0.64	0.64	0	0	0.33
141600	0.33	0.64	0.64	0	0	0.33
141700	0.33	0.64	0.64	0	0	0.33
141800	0.33	0.64	0.64	0	0	0.33
141900	0.33	0.64	0.64	0	0	0.33
142000	0.33	0.64	0.64	0	0	0.33
142100	0.33	0.64	0.64	0	0	0.33
142200	0.33	0.64	0.64	0	0	0.33
142300	0.32	0.64	0.64	0	0	0.32
142400	0.32	0.64	0.64	0	0	0.32
142500	0.32	0.64	0.64	0	0	0.32
142600	0.32	0.64	0.64	0	0	0.32
142700	0.32	0.64	0.64	0	0	0.32
142800	0.32	0.64	0.64	0	0	0.32
142900	0.32	0.64	0.64	0	0	0.32
143000	0.32	0.64	0.64	0	0	0.32
143100	0.32	0.64	0.64	0	0	0.32
143200	0.32	0.64	0.64	0	0	0.32
143300	0.32	0.64	0.64	0	0	0.32
143400	0.32	0.64	0.64	0	0	0.32
143500	0.32	0.64	0.64	0	0	0.32
143600	0.33	0.64	0.64	0	0	0.33
143700	0.33	0.64	0.64	0	0	0.33
143800	0.33	0.64	0.64	0	0	0.33
143900	0.33	0.64	0.64	0	0	0.33
144000	0.33	0.64	0.64	0	0	0.33
144100	0.33	0.64	0.64	0	0	0.33
144200	0.33	0.64	0.64	0	0	0.33
144300	0.33	0.64	0.64	0	0	0.33
144400	0.33	0.64	0.64	0	0	0.33
144500	0.33	0.64	0.64	0	0	0.33
144600	0.33	0.64	0.64	0	0	0.33
144700	0.33	0.64	0.64	0	0	0.33
144800	0.33	0.64	0.64	0	0	0.33
144900	0.33	0.64	0.64	0	0	0.33
145000	0.33	0.64	0.64	0	0	0.33
145100	0.33	0.64	0.64	0	0	0.33
145200	0.33	0.65	0.65	0	0	0.33
145300	0.33	0.65	0.65	0	0	0.33
145400	0.33	0.65	0.65	0	0	0.33
145500	0.33	0.65	0.65	0	0	0.33
145600	0.33	0.65	0.65	0	0	0.33
145700	0.33	0.65	0.65	0	0	0.33
145800	0.33	0.65	0.65	0	0	0.33
145900	0.33	0.65	0.65	0	0	0.33
146000	0.33	0.65	0.65	0	0	0.33
146100	0.33	0.65	0.65	0	0	0.33
146200	0.33	0.65	0.65	0	0	0.33
146300	0.33	0.65	0.65	0	0	0.33
146400	0.33	0.65	0.65	0	0	0.33
146500	0.33	0.65	0.65	0	0	0.33
146600	0.33	0.65	0.65	0	0	0.33
146700	0.33	0.65	0.65	0	0	0.33
146800	0.33	0.65	0.65	0	0	0.33
146900	0.33	0.65	0.65	0	0	0.33
147000	0.33	0.65	0.65	0	0	0.33
147100	0.33	0.64	0.64	0	0	0.33
147200	0.33	0.64	0.64	0	0	0.33
147300	0.33	0.64	0.64	0	0	0.33
147400	0.33	0.64	0.64	0	0	0.33
147500	0.33	0.64	0.64	0	0	0.33
147600	0.33	0.64	0.64	0	0	0.33
147700	0.33	0.64	0.64	0	0	0.33
147800	0.33	0.64	0.64	0	0	0.33
147900	0.33	0.64	0.64	0	0	0.33
148000	0.33	0.64	0.64	0	0	0.33
148100	0.33	0.64	0.64	0	0	0.33
148200	0.33	0.64	0.64	0	0	0.33
148300	0.33	0.64	0.64	0	0	0.33
148400	0.33	0.64	0.64	0	0	0.33
148500	0.33	0.64	0.64	0	0	0.33
148600	0.33	0.64	0.64	0	0	0.33
148700	0.33	0.64	0.64	0	0	0.33
148800	0.33	0.64	0.64	0	0	0.33
148900	0.33	0.64	0.64	0	0	0.33
149000	0.33	0.64	0.64	0	0	0.33
149100	0.33	0.64	0.64	0	0	0.33
149200	0.33	0.64	0.64	0	0	0.33
149300	0.33	0.64	0.64	0	0	0.33
149400	0.33	0.64	0.64	0	0	0.33
149500	0.33	0.64	0.64	0	0	0.33
149600	0.33	0.64	0.64	0	0	0.33
149700	0.33	0.64	0.64	0	0	0.33
149800	0.33	0.64	0.64	0	0	0.33
149900	0.33	0.64	0.64	0	0	0.33
150000	0.33	0.64	0.64	0	0	0.33
150100	0.33	0.64	0.64	0	0	0.33
150200	0.33	0.64	0.64	0	0	0.33
150300	0.33	0.64	0.64	0	0	0.33
150400	0.33	0.64	0.64	0	0	0.33
150500	0.34	0.64	0.64	0	0	0.34
150600	0.34	0.64	0.64	0	0	0.34
150700	0.34	0.64	0.64	0	0	0.34
150800	0.33	0.64	0.64	0	0	0.33
150900	0.33	0.64	0.64	0	0	0.33
151000	0.33	0.64	0.64	0	0	0.33
151100	0.33	0.64	0.64	0	0	0.33
151200	0.33	0.64	0.64	0	0	0.33
151300	0.33	0.64	0.64	0	0	0.33
151400	0.33	0.64	0.64	0	0	0.33
151500	0.33	0.64	0.64	0	0	0.33
151600	0.33	0.64	0.64	0	0	0.33
151700	0.33	0.64	0.64	0	0	0.33
151800	0.33	0.64	0.64	0	0	0.33
151900	0.33	0.64	0.64	0	0	0.33
152000	0.33	0.64	0.64	0	0	0.33
152100	0.33	0.64	0.64	0	0	0.33
152200	0.33	0.64	0.64	0	0	0.33
152300	0.33	0.64	0.64	0	0	0.33
152400	0.32	0.64	0.64	0	0	0.32
152500	0.32	0.64	0.64	0	0	0.32
152600	0.32	0.64	0.64	0	0	0.32
152700	0.32	0.64	0.64	0	0	0.32
152800	0.32	0.64	0.64	0	0	0.32
152900	0.32	0.64	0.64	0	0	0.32
153000	0.33	0.64	0.64	0	0	0.33
153100	0.33	0.64	0.64	0	0	0.33
153200	0.33	0.64	0.64	0	0	0.33
153300	0.33	0.64	0.64	0	0	0.33
153400	0.33	0.64	0.64	0	0	0.33
153500	0.33	0.64	0.64	0	0	0.33
153600	0.33	0.64	0.64	0	0	0.33
153700	0.33	0.64	0.64	0	0	0.33
153800	0.33	0.64	0.64	0	0	0.33
153900	0.33	0.64	0.64	0	0	0.33
154000	0.33	0.64	0.64	0	0	0.33
154100	0.33	0.64	0.64	0	0	0.33
154200	0.33	0.64	0.64	0	0	0.33
154300	0.33	0.64	0.64	0	0	0.33
154400	0.33	0.64	0.64	0	0	0.33
154500	0.33	0.64	0.64	0	0	0.33
154600	0.33	0.64	0.64	0	0	0.33
154700	0.33	0.64	0.64	0	0	0.33
154800	0.34	0.64	0.64	0	0	0.34
154900	0.34	0.64	0.64	0	0	0.34
155000	0.34	0.64	0.64	0	0	0.34
155100	0.34	0.64	0.64	0	0	0.34
155200	0.34	0.64	0.64	0	0	0.34
155300	0.34	0.64	0.64	0	0	0.34
155400	0.34	0.64	0.64	0	0	0.34
155500	0.34	0.64	0.64	0	0	0.34
155600	0.33	0.64	0.64	0	0	0.33
155700	0.33	0.64	0.64	0	0	0.33
155800	0.33	0.64	0.64	0	0	0.33
155900	0.32	0.64	0.64	0	0	0.32
156000	0.32	0.64	0.64	0	0	0.32
156100	0.32	0.64	0.64	0	0	0.32
156200	0.32	0.64	0.64	0	0	0.32
156300	0.32	0.64	0.64	0	0	0.32
156400	0.32	0.64	0.64	0	0	0.32
156500	0.32	0.64	0.64	0	0	0.32
156600	0.32	0.64	0.64	0	0	0.32
156700	0.32	0.64	0.64	0	0	0.32
156800	0.32	0.64	0.64	0	0	0.32
156900	0.32	0.64	0.64	0	0	0.32
157000	0.32	0.64	0.64	0	0	0.32
157100	0.32	0.64	0.64	0	0	0.32
157200	0.32	0.64	0.64	0	0	0.32
157300	0.33	0.64	0.64	0	0	0.33
157400	0.33	0.64	0.64	0	0	0.33
157500	0.33	0.64	0.64	0	0	0.33
157600	0.33	0.65	0.65	0	0	0.33
157700	0.33	0.65	0.65	0	0	0.33
157800	0.33	0.65	0.65	0	0	0.33
157900	0.32	0.65	0.65	0	0	0.32
158000	0.32	0.65	0.65	0	0	0.32
158100	0.32	0.65	0.65	0	0	0.32
158200	0.32	0.65	0.65	0	0	0.32
158300	0.32	0.65	0.65	0	0	0.32
158400	0.32	0.65	0.65	0	0	0.32
158500	0.32	0.65	0.65	0	0	0.32
158600	0.32	0.65	0.65	0	0	0.32
158700	0.32	0.65	0.65	0	0	0.32
158800	0.32	0.65	0.65	0	0	0.32
158900	0.32	0.65	0.65	0	0	0.32
159000	0.32	0.65	0.65	0	0	0.32
159100	0.32	0.65	0.65	0	0	0.32
159200	0.32	0.65	0.65	0	0	0.32
159300	0.32	0.65	0.65	0	0	0.32
159400	0.33	0.65	0.65	0	0	0.33
159500	0.33	0.65	0.65	0	0	0.33
159600	0.33	0.65	0.65	0	0	0.33
159700	0.33	0.65	0.65	0	0	0.33
159800	0.33	0.65	0.65	0	0	0.33
159900	0.33	0.65	0.65	0	0	0.33
160000	0.33	0.65	0.65	0	0	0.33
160100	0.33	0.65	0.65	0	0	0.33
160200	0.33	0.65	0.65	0	0	0.33
160300	0.33	0.65	0.65	0	0	0.33
160400	0.33	0.65	0.65	0	0	0.33
160500	0.33	0.65	0.65	0	0	0.33
160600	0.33	0.65	0.65	0	0	0.33
160700	0.33	0.65	0.65	0	0	0.33
160800	0.33	0.65	0.65	0	0	0.33
160900	0.33	0.65	0.65	0	0	0.33
161000	0.33	0.65	0.65	0	0	0.33
161100	0.33	0.65	0.65	0	0	0.33
161200	0.33	0.65	0.65	0	0	0.33
161300	0.33	0.65	0.65	0	0	0.33
161400	0.33	0.65	0.65	0	0	0.33
161500	0.33	0.65	0.65	0	0	0.33
161600	0.33	0.65	0.65	0	0	0.33
161700	0.33	0.65	0.65	0	0	0.33
161800	0.33	0.65	0.65	0	0	0.33
161900	0.33	0.65	0.65	0	0	0.33
162000	0.33	0.65	0.65	0	0	0.33
162100	0.33	0.65	0.65	0	0	0.33
162200	0.33	0.65	0.65	0	0	0.33
162300	0.33	0.65	0.65	0	0	0.33
162400	0.33	0.65	0.65	0	0	0.33
162500	0.33	0.65	0.65	0	0	0.33
162600	0.33	0.65	0.65	0	0	0.33
162700	0.33	0.65	0.65	0	0	0.33
162800	0.33	0.65	0.65	0	0	0.33
162900	0.33	0.65	0.65	0	0	0.33
163000	0.33	0.65	0.65	0	0	0.33
163100	0.33	0.65	0.65	0	0	0.33
163200	0.33	0.65	0.65	0	0	0.33
163300	0.33	0.65	0.65	0	0	0.33
163400	0.33	0.65	0.65	0	0	0.33
163500	0.33	0.65	0.65	0	0	0.33
163600	0.33	0.65	0.65	0	0	0.33
163700	0.33	0.65	0.65	0	0	0.33
163800	0.33	0.65	0.65	0	0	0.33
163900	0.33	0.65	0.65	0	0	0.33
164000	0.33	0.65	0.65	0	0	0.33
164100	0.33	0.65	0.65	0	0	0.33
164200	0.33	0.65	0.65	0	0	0.33
164300	0.33	0.65	0.65	0	0	0.33
164400	0.33	0.65	0.65	0	0	0.33
164500	0.33	0.65	0.65	0	0	0.33
164600	0.33	0.65	0.65	0	0	0.33
164700	0.33	0.65	0.65	0	0	0.33
164800	0.32	0.65	0.65	0	0	0.32
164900	0.32	0.65	0.65	0	0	0.32
165000	0.32	0.65	0.65	0	0	0.32
165100	0.32	0.65	0.65	0	0	0.32
165200	0.32	0.65	0.65	0	0	0.32
165300	0.32	0.65	0.65	0	0	0.32
165400	0.32	0.65	0.65	0	0	0.32
165500	0.32	0.65	0.65	0	0	0.32
165600	0.32	0.65	0.65	0	0	0.32
165700	0.32	0.65	0.65	0	0	0.32
165800	0.32	0.65	0.65	0	0	0.32
165900	0.32	0.65	0.65	0	0	0.32
166000	0.32	0.65	0.65	0	0	0.32
166100	0.32	0.65	0.65	0	0	0.32
166200	0.32	0.65	0.65	0	0	0.32
166300	0.32	0.65	0.65	0	0	0.32
166400	0.32	0.65	0.65	0	0	0.32
166500	0.32	0.65	0.65	0	0	0.32
166600	0.32	0.65	0.65	0	0	0.32
166700	0.32	0.65	0.65	0	0	0.32
166800	0.32	0.65	0.65	0	0	0.32
166900	0.32	0.65	0.65	0	0	0.32
167000	0.32	0.65	0.65	0	0	0.32
167100	0.32	0.65	0.65	0	0	0.32
167200	0.32	0.65	0.65	0	0	0.32
167300	0.32	0.65	0.65	0	0	0.32
167400	0.32	0.65	0.65	0	0	0.32
167500	0.32	0.65	0.65	0	0	0.32
167600	0.32	0.65	0.65	0	0	0.32
167700	0.32	0.65	0.65	0	0	0.32
167800	0.32	0.65	0.65	0	0	0.32
167900	0.32	0.65	0.65	0	0	0.32
168000	0.32	0.65	0.65	0	0	0.32
168100	0.32	0.65	0.65	0	0	0.32
168200	0.32	0.65	0.65	0	0	0.32
168300	0.32	0.65	0.65	0	0	0.32
168400	0.32	0.65	0.65	0	0	0.32
168500	0.32	0.65	0.65	0	0	0.32
168600	0.32	0.65	0.65	0	0	0.32
168700	0.32	0.65	0.65	0	0	0.32
168800	0.32	0.65	0.65	0	0	0.32
168900	0.32	0.65	0.65	0	0	0.32
169000	0.32	0.65	0.65	0	0	0.32
169100	0.32	0.65	0.65	0	0	0.32
169200	0.32	0.65	0.65	0	0	0.32
169300	0.32	0.65	0.65	0	0	0.32
169400	0.32	0.65	0.65	0	0	0.32
169500	0.32	0.65	0.65	0	0	0.32
169600	0.32	0.65	0.65	0	0	0.32
169700	0.32	0.65	0.65	0	0	0.32
169800	0.33	0.65	0.65	0	0	0.33
169900	0.33	0.65	0.65	0	0	0.33
170000	0.33	0.65	0.65	0	0	0.33
170100	0.33	0.65	0.65	0	0	0.33
170200	0.33	0.65	0.65	0	0	0.33
170300	0.33	0.65	0.65	0	0	0.33
170400	0.33	0.65	0.65	0	0	0.33
170500	0.33	0.65	0.65	0	0	0.33
170600	0.33	0.65	0.65	0	0	0.33
170700	0.33	0.65	0.65	0	0	0.33
170800	0.33	0.65	0.65	0	0	0.33
170900	0.33	0.65	0.65	0	0	0.33
171000	0.33	0.65	0.65	0	0	0.33
171100	0.33	0.65	0.65	0	0	0.33
171200	0.33	0.65	0.65	0	0	0.33
171300	0.33	0.65	0.65	0	0	0.33
171400	0.33	0.65	0.65	0	0	0.33
171500	0.33	0.65	0.65	0	0	0.33
171600	0.33	0.65	0.65	0	0	0.33
171700	0.33	0.65	0.65	0	0	0.33
171800	0.33	0.65	0.65	0	0	0.33
171900	0.33	0.65	0.65	0	0	0.33
172000	0.33	0.65	0.65	0	0	0.33
172100	0.33	0.65	0.65	0	0	0.33
172200	0.33	0.65	0.65	0	0	0.33
172300	0.33	0.65	0.65	0	0	0.33
172400	0.33	0.65	0.65	0	0	0.33
172500	0.33	0.65	0.65	0	0	0.33
172600	0.33	0.65	0.65	0	0	0.33
172700	0.33	0.65	0.65	0	0	0.33
172800	0.33	0.65	0.65	0	0	0.33
172900	0.33	0.65	0.65	0	0	0.33
173000	0.33	0.65	0.65	0	0	0.33
173100	0.33	0.65	0.65	0	0	0.33
173200	0.33	0.65	0.65	0	0	0.33
173300	0.33	0.65	0.65	0	0	0.33
173400	0.33	0.65	0.65	0	0	0.33
173500	0.33	0.65	0.65	0	0	0.33
173600	0.33	0.65	0.65	0	0	0.33
173700	0.33	0.65	0.65	0	0	0.33
173800	0.33	0.65	0.65	0	0	0.33
173900	0.33	0.65	0.65	0	0	0.33
174000	0.33	0.65	0.65	0	0	0.33
174100	0.33	0.65	0.65	0	0	0.33
174200	0.33	0.65	0.65	0	0	0.33
174300	0.33	0.65	0.65	0	0	0.33
174400	0.33	0.65	0.65	0	0	0.33
174500	0.33	0.65	0.65	0	0	0.33
174600	0.33	0.65	0.65	0	0	0.33
174700	0.33	0.65	0.65	0	0	0.33
174800	0.33	0.65	0.65	0	0	0.33
174900	0.33	0.65	0.65	0	0	0.33
175000	0.33	0.65	0.65	0	0	0.33
175100	0.33	0.65	0.65	0	0	0.33
175200	0.33	0.65	0.65	0	0	0.33
175300	0.33	0.65	0.65	0	0	0.33
175400	0.33	0.65	0.65	0	0	0.33
175500	0.33	0.65	0.65	0	0	0.33
175600	0.33	0.65	0.65	0	0	0.33
175700	0.33	0.65	0.65	0	0	0.33
175800	0.33	0.65	0.65	0	0	0.33
175900	0.33	0.65	0.65	0	0	0.33
176000	0.33	0.65	0.65	0	0	0.33
176100	0.33	0.65	0.65	0	0	0.33
176200	0.33	0.65	0.65	0	0	0.33
176300	0.33	0.65	0.65	0	0	0.33
176400	0.33	0.65	0.65	0	0	0.33
176500	0.33	0.65	0.65	0	0	0.33
176600	0.33	0.65	0.65	0	0	0.33
176700	0.33	0.65	0.65	0	0	0.33
176800	0.33	0.65	0.65	0	0	0.33
176900	0.33	0.65	0.65	0	0	0.33
177000	0.33	0.65	0.65	0	0	0.33
177100	0.33	0.65	0.65	0	0	0.33
177200	0.33	0.65	0.65	0	0	0.33
177300	0.33	0.65	0.65	0	0	0.33
177400	0.33	0.65	0.65	0	0	0.33
177500	0.33	0.65	0.65	0	0	0.33
177600	0.33	0.65	0.65	0	0	0.33
177700	0.33	0.65	0.65	0	0	0.33
177800	0.33	0.65	0.65	0	0	0.33
177900	0.33	0.65	0.65	0	0	0.33
178000	0.33	0.65	0.65	0	0	0.33
178100	0.33	0.65	0.65	0	0	0.33
178200	0.33	0.65	0.65	0	0	0.33
178300	0.33	0.65	0.65	0	0	0.33
178400	0.33	0.65	0.65	0	0	0.33
178500	0.33	0.65	0.65	0	0	0.33
178600	0.33	0.65	0.65	0	0	0.33
178700	0.33	0.65	0.65	0	0	0.33
178800	0.33	0.65	0.65	0	0	0.33
178900	0.33	0.65	0.65	0	0	0.33
179000	0.33	0.65	0.65	0	0	0.33
179100	0.33	0.65	0.65	0	0	0.33
179200	0.33	0.65	0.65	0	0	0.33
179300	0.33	0.65	0.65	0	0	0.33
179400	0.33	0.65	0.65	0	0	0.33
179500	0.33	0.65	0.65	0	0	0.33
179600	0.33	0.65	0.65	0	0	0.33
179700	0.33	0.65	0.65	0	0	0.33
179800	0.33	0.65	0.65	0	0	0.33
179900	0.33	0.65	0.65	0	0	0.33
180000	0.33	0.65	0.65	0	0	0.33
180100	0.33	0.65	0.65	0	0	0.33
180200	0.33	0.65	0.65	0	0	0.33
180300	0.33	0.65	0.65	0	0	0.33
180400	0.33	0.65	0.65	0	0	0.33
180500	0.33	0.65	0.65	0	0	0.33
180600	0.33	0.65	0.65	0	0	0.33
180700	0.33	0.65	0.65	0	0	0.33
180800	0.33	0.65	0.65	0	0	0.33
180900	0.33	0.65	0.65	0	0	0.33
181000	0.33	0.65	0.65	0	0	0.33
181100	0.33	0.65	0.65	0	0	0.33
181200	0.33	0.65	0.65	0	0	0.33
181300	0.33	0.65	0.65	0	0	0.33
181400	0.33	0.65	0.65	0	0	0.33
181500	0.33	0.65	0.65	0	0	0.33
181600	0.33	0.65	0.65	0	0	0.33
181700	0.33	0.65	0.65	0	0	0.33
181800	0.33	0.65	0.65	0	0	0.33
181900	0.33	0.65	0.65	0	0	0.33
182000	0.33	0.65	0.65	0	0	0.33
182100	0.33	0.65	0.65	0	0	0.33
182200	0.33	0.65	0.65	0	0	0.33
182300	0.33	0.65	0.65	0	0	0.33
182400	0.33	0.65	0.65	0	0	0.33
182500	0.33	0.65	0.65	0	0	0.33
182600	0.33	0.65	0.65	0	0	0.33
182700	0.33	0.65	0.65	0	0	0.33
182800	0.33	0.65	0.65	0	0	0.33
182900	0.33	0.65	0.65	0	0	0.33
183000	0.33	0.65	0.65	0	0	0.33
183100	0.33	0.65	0.65	0	0	0.33
183200	0.33	0.65	0.65	0	0	0.33
183300	0.33	0.65	0.65	0	0	0.33
183400	0.33	0.65	0.65	0	0	0.33
183500	0.33	0.65	0.65	0	0	0.33
183600	0.33	0.65	0.65	0	0	0.33
183700	0.33	0.65	0.65	0	0	0.33
183800	0.33	0.65	0.65	0	0	0.33
183900	0.32	0.65	0.65	0	0	0.32
184000	0.32	0.65	0.65	0	0	0.32
184100	0.32	0.65	0.65	0	0	0.32
184200	0.32	0.65	0.65	0	0	0.32
184300	0.32	0.65	0.65	0	0	0.32
184400	0.32	0.64	0.64	0	0	0.32
184500	0.32	0.64	0.64	0	0	0.32
184600	0.32	0.64	0.64	0	0	0.32
184700	0.32	0.64	0.64	0	0	0.32
184800	0.32	0.64	0.64	0	0	0.32
184900	0.32	0.64	0.64	0	0	0.32
185000	0.33	0.64	0.64	0	0	0.33
185100	0.33	0.64	0.64	0	0	0.33
185200	0.33	0.64	0.64	0	0	0.33
185300	0.33	0.64	0.64	0	0	0.33
185400	0.33	0.64	0.64	0	0	0.33
185500	0.33	0.64	0.64	0	0	0.33
185600	0.33	0.64	0.64	0	0	0.33
185700	0.33	0.64	0.64	0	0	0.33
185800	0.33	0.64	0.64	0	0	0.33
185900	0.33	0.64	0.64	0	0	0.33
186000	0.33	0.64	0.64	0	0	0.33
186100	0.33	0.64	0.64	0	0	0.33
186200	0.33	0.64	0.64	0	0	0.33
186300	0.33	0.64	0.64	0	0	0.33
186400	0.33	0.64	0.64	0	0	0.33
186500	0.33	0.64	0.64	0	0	0.33
186600	0.33	0.64	0.64	0	0	0.33
186700	0.33	0.64	0.64	0	0	0.33
186800	0.33	0.64	0.64	0	0	0.33
186900	0.33	0.64	0.64	0	0	0.33
187000	0.33	0.64	0.64	0	0	0.33
187100	0.33	0.64	0.64	0	0	0.33
187200	0.33	0.64	0.64	0	0	0.33
187300	0.33	0.64	0.64	0	0	0.33
187400	0.33	0.64	0.64	0	0	0.33
187500	0.33	0.64	0.64	0	0	0.33
187600	0.33	0.64	0.64	0	0	0.33
187700	0.33	0.64	0.64	0	0	0.33
187800	0.33	0.64	0.64	0	0	0.33
187900	0.33	0.64	0.64	0	0	0.33
188000	0.33	0.64	0.64	0	0	0.33
188100	0.33	0.64	0.64	0	0	0.33
188200	0.33	0.64	0.64	0	0	0.33
188300	0.33	0.64	0.64	0	0	0.33
188400	0.33	0.64	0.64	0	0	0.33
188500	0.33	0.64	0.64	0	0	0.33
188600	0.33	0.64	0.64	0	0	0.33
188700	0.33	0.64	0.64	0	0	0.33
188800	0.33	0.64	0.64	0	0	0.33
188900	0.33	0.64	0.64	0	0	0.33
189000	0.33	0.64	0.64	0	0	0.33
189100	0.33	0.64	0.64	0	0	0.33
189200	0.33	0.64	0.64	0	0	0.33
189300	0.33	0.64	0.64	0	0	0.33
189400	0.33	0.64	0.64	0	0	0.33
189500	0.33	0.64	0.64	0	0	0.33
189600	0.33	0.64	0.64	0	0	0.33
189700	0.33	0.64	0.64	0	0	0.33
189800	0.33	0.64	0.64	0	0	0.33
189900	0.33	0.64	0.64	0	0	0.33
190000	0.33	0.64	0.64	0	0	0.33
190100	0.33	0.64	0.64	0	0	0.33
190200	0.33	0.64	0.64	0	0	0.33
190300	0.33	0.64	0.64	0	0	0.33
190400	0.33	0.64	0.64	0	0	0.33
190500	0.33	0.64	0.64	0	0	0.33
190600	0.33	0.64	0.64	0	0	0.33
190700	0.33	0.64	0.64	0	0	0.33
190800	0.33	0.64	0.64	0	0	0.33
190900	0.33	0.64	0.64	0	0	0.33
191000	0.33	0.64	0.64	0	0	0.33
191100	0.33	0.64	0.64	0	0	0.33
191200	0.33	0.64	0.64	0	0	0.33
191300	0.33	0.64	0.64	0	0	0.33
191400	0.33	0.64	0.64	0	0	0.33
191500	0.33	0.64	0.64	0	0	0.33
191600	0.33	0.64	0.64	0	0	0.33
191700	0.33	0.64	0.64	0	0	0.33
191800	0.33	0.64	0.64	0	0	0.33
191900	0.33	0.64	0.64	0	0	0.33
192000	0.33	0.64	0.64	0	0	0.33
192100	0.33	0.64	0.64	0	0	0.33
192200	0.33	0.65	0.65	0	0	0.33
192300	0.33	0.65	0.65	0	0	0.33
192400	0.33	0.65	0.65	0	0	0.33
192500	0.33	0.65	0.65	0	0	0.33
192600	0.33	0.65	0.65	0	0	0.33
192700	0.33	0.65	0.65	0	0	0.33
192800	0.33	0.65	0.65	0	0	0.33
192900	0.33	0.65	0.65	0	0	0.33
193000	0.33	0.65	0.65	0	0	0.33
193100	0.33	0.66	0.66	0	0	0.33
193200	0.33	0.66	0.66	0	0	0.33
193300	0.33	0.66	0.66	0	0	0.33
193400	0.33	0.66	0.66	0	0	0.33
193500	0.33	0.66	0.66	0	0	0.33
193600	0.33	0.66	0.66	0	0	0.33
193700	0.33	0.66	0.66	0	0	0.33
193800	0.33	0.66	0.66	0	0	0.33
193900	0.33	0.66	0.66	0	0	0.33
194000	0.33	0.66	0.66	0	0	0.33
194100	0.33	0.66	0.66	0	0	0.33
194200	0.33	0.66	0.66	0	0	0.33
194300	0.33	0.65	0.65	0	0	0.33
194400	0.33	0.65	0.65	0	0	0.33
194500	0.33	0.65	0.65	0	0	0.33
194600	0.33	0.65	0.65	0	0	0.33
194700	0.33	0.65	0.65	0	0	0.33
194800	0.33	0.65	0.65	0	0	0.33
194900	0.33	0.65	0.65	0	0	0.33
195000	0.33	0.65	0.65	0	0	0.33
195100	0.33	0.65	0.65	0	0	0.33
195200	0.33	0.65	0.65	0	0	0.33
195300	0.33	0.65	0.65	0	0	0.33
195400	0.33	0.65	0.65	0	0	0.33
195500	0.33	0.65	0.65	0	0	0.33
195600	0.33	0.65	0.65	0	0	0.33
195700	0.33	0.65	0.65	0	0	0.33
195800	0.33	0.65	0.65	0	0	0.33
195900	0.33	0.65	0.65	0	0	0.33
196000	0.33	0.65	0.65	0	0	0.33
196100	0.33	0.65	0.65	0	0	0.33
196200	0.33	0.65	0.65	0	0	0.33
196300	0.33	0.65	0.65	0	0	0.33
196400	0.33	0.65	0.65	0	0	0.33
196500	0.33	0.65	0.65	0	0	0.33
196600	0.33	0.65	0.65	0	0	0.33
196700	0.33	0.65	0.65	0	0	0.33
196800	0.33	0.65	0.65	0	0	0.33
196900	0.33	0.65	0.65	0	0	0.33
197000	0.33	0.65	0.65	0	0	0.33
197100	0.33	0.65	0.65	0	0	0.33
197200	0.34	0.65	0.65	0	0	0.34
197300	0.34	0.65	0.65	0	0	0.34
197400	0.34	0.65	0.65	0	0	0.34
197500	0.34	0.65	0.65	0	0	0.34
197600	0.34	0.65	0.65	0	0	0.34
197700	0.34	0.65	0.65	0	0	0.34
197800	0.34	0.65	0.65	0	0	0.34
197900	0.34	0.65	0.65	0	0	0.34
198000	0.34	0.65	0.65	0	0	0.34
198100	0.34	0.65	0.65	0	0	0.34
198200	0.34	0.65	0.65	0	0	0.34
198300	0.34	0.65	0.65	0	0	0.34
198400	0.34	0.65	0.65	0	0	0.34
198500	0.34	0.65	0.65	0	0	0.34
198600	0.34	0.65	0.65	0	0	0.34
198700	0.34	0.65	0.65	0	0	0.34
198800	0.34	0.65	0.65	0	0	0.34
198900	0.34	0.65	0.65	0	0	0.34
199000	0.34	0.65	0.65	0	0	0.34
199100	0.34	0.65	0.65	0	0	0.34
199200	0.34	0.65	0.65	0	0	0.34
199300	0.34	0.65	0.65	0	0	0.34
199400	0.34	0.65	0.65	0	0	0.34
199500	0.33	0.65	0.65	0	0	0.33
199600	0.33	0.65	0.65	0	0	0.33
199700	0.33	0.65	0.65	0	0	0.33
199800	0.33	0.65	0.65	0	0	0.33
199900	0.33	0.65	0.65	0	0	0.33
200000	0.33	0.65	0.65	0	0	0.33
200100	0.33	0.65	0.65	0	0	0.33
200200	0.33	0.65	0.65	0	0	0.33
200300	0.33	0.65	0.65	0	0	0.33
200400	0.33	0.65	0.65	0	0	0.33
200500	0.33	0.65	0.65	0	0	0.33
200600	0.33	0.65	0.65	0	0	0.33
200700	0.33	0.65	0.65	0	0	0.33
200800	0.33	0.65	0.65	0	0	0.33
200900	0.33	0.65	0.65	0	0	0.33
201000	0.33	0.65	0.65	0	0	0.33
201100	0.33	0.65	0.65	0	0	0.33
201200	0.33	0.65	0.65	0	0	0.33
201300	0.33	0.65	0.65	0	0	0.33
201400	0.33	0.65	0.65	0	0	0.33
201500	0.33	0.65	0.65	0	0	0.33
201600	0.33	0.65	0.65	0	0	0.33
201700	0.33	0.65	0.65	0	0	0.33
201800	0.33	0.65	0.65	0	0	0.33
201900	0.33	0.65	0.65	0	0	0.33
202000	0.33	0.65	0.65	0	0	0.33
202100	0.33	0.65	0.65	0	0	0.33
202200	0.33	0.65	0.65	0	0	0.33
202300	0.33	0.65	0.65	0	0	0.33
202400	0.33	0.65	0.65	0	0	0.33
202500	0.33	0.65	0.65	0	0	0.33
202600	0.33	0.65	0.65	0	0	0.33
202700	0.33	0.65	0.65	0	0	0.33
202800	0.33	0.65	0.65	0	0	0.33
202900	0.33	0.65	0.65	0	0	0.33
203000	0.33	0.65	0.65	0	0	0.33
203100	0.33	0.65	0.65	0	0	0.33
203200	0.33	0.65	0.65	0	0	0.33
203300	0.33	0.65	0.65	0	0	0.33
203400	0.33	0.65	0.65	0	0	0.33
203500	0.33	0.65	0.65	0	0	0.33
203600	0.33	0.65	0.65	0	0	0.33
203700	0.33	0.65	0.65	0	0	0.33
203800	0.33	0.65	0.65	0	0	0.33
203900	0.33	0.65	0.65	0	0	0.33
204000	0.33	0.65	0.65	0	0	0.33
204100	0.33	0.65	0.65	0	0	0.33
204200	0.33	0.65	0.65	0	0	0.33
204300	0.33	0.65	0.65	0	0	0.33
204400	0.33	0.65	0.65	0	0	0.33
204500	0.33	0.65	0.65	0	0	0.33
204600	0.33	0.65	0.65	0	0	0.33
204700	0.33	0.65	0.65	0	0	0.33
204800	0.33	0.65	0.65	0	0	0.33
204900	0.33	0.65	0.65	0	0	0.33
205000	0.33	0.65	0.65	0	0	0.33
205100	0.33	0.65	0.65	0	0	0.33
205200	0.33	0.65	0.65	0	0	0.33
205300	0.33	0.65	0.65	0	0	0.33
205400	0.33	0.65	0.65	0	0	0.33
205500	0.33	0.65	0.65	0	0	0.33
205600	0.33	0.65	0.65	0	0	0.33
205700	0.33	0.65	0.65	0	0	0.33
205800	0.33	0.65	0.65	0	0	0.33
205900	0.33	0.65	0.65	0	0	0.33
206000	0.33	0.65	0.65	0	0	0.33
206100	0.33	0.65	0.65	0	0	0.33
206200	0.33	0.65	0.65	0	0	0.33
206300	0.33	0.65	0.65	0	0	0.33
206400	0.33	0.65	0.65	0	0	0.33
206500	0.33	0.65	0.65	0	0	0.33
206600	0.33	0.65	0.65	0	0	0.33
206700	0.33	0.65	0.65	0	0	0.33
206800	0.33	0.65	0.65	0	0	0.33
206900	0.33	0.65	0.65	0	0	0.33
207000	0.33	0.65	0.65	0	0	0.33
207100	0.33	0.65	0.65	0	0	0.33
207200	0.33	0.65	0.65	0	0	0.33
207300	0.33	0.65	0.65	0	0	0.33
207400	0.33	0.65	0.65	0	0	0.33
207500	0.33	0.65	0.65	0	0	0.33
207600	0.33	0.65	0.65	0	0	0.33
207700	0.33	0.65	0.65	0	0	0.33
207800	0.33	0.65	0.65	0	0	0.33
207900	0.33	0.65	0.65	0	0	0.33
208000	0.33	0.65	0.65	0	0	0.33
208100	0.33	0.65	0.65	0	0	0.33
208200	0.33	0.65	0.65	0	0	0.33
208300	0.33	0.65	0.65	0	0	0.33
208400	0.33	0.65	0.65	0	0	0.33
208500	0.33	0.65	0.65	0	0	0.33
208600	0.33	0.65	0.65	0	0	0.33
208700	0.33	0.65	0.65	0	0	0.33
208800	0.33	0.65	0.65	0	0	0.33
208900	0.33	0.65	0.65	0	0	0.33
209000	0.33	0.65	0.65	0	0	0.33
209100	0.33	0.65	0.65	0	0	0.33
209200	0.33	0.65	0.65	0	0	0.33
209300	0.33	0.65	0.65	0	0	0.33
209400	0.33	0.65	0.65	0	0	0.33
209500	0.33	0.65	0.65	0	0	0.33
209600	0.33	0.65	0.65	0	0	0.33
209700	0.33	0.65	0.65	0	0	0.33
209800	0.33	0.65	0.65	0	0	0.33
209900	0.33	0.65	0.65	0	0	0.33
210000	0.33	0.65	0.65	0	0	0.33
210100	0.33	0.65	0.65	0	0	0.33
210200	0.33	0.65	0.65	0	0	0.33
210300	0.33	0.65	0.65	0	0	0.33
210400	0.33	0.65	0.65	0	0	0.33
210500	0.33	0.65	0.65	0	0	0.33
210600	0.33	0.65	0.65	0	0	0.33
210700	0.33	0.65	0.65	0	0	0.33
210800	0.33	0.65	0.65	0	0	0.33
210900	0.33	0.65	0.65	0	0	0.33
211000	0.33	0.65	0.65	0	0	0.33
211100	0.33	0.65	0.65	0	0	0.33
211200	0.33	0.65	0.65	0	0	0.33
211300	0.33	0.65	0.65	0	0	0.33
211400	0.33	0.65	0.65	0	0	0.33
211500	0.33	0.65	0.65	0	0	0.33
211600	0.33	0.65	0.65	0	0	0.33
211700	0.33	0.65	0.65	0	0	0.33
211800	0.33	0.65	0.65	0	0	0.33
211900	0.33	0.65	0.65	0	0	0.33
212000	0.33	0.65	0.65	0	0	0.33
212100	0.33	0.65	0.65	0	0	0.33
212200	0.33	0.65	0.65	0	0	0.33
212300	0.33	0.65	0.65	0	0	0.33
212400	0.33	0.65	0.65	0	0	0.33
212500	0.33	0.65	0.65	0	0	0.33
212600	0.33	0.65	0.65	0	0	0.33
212700	0.33	0.65	0.65	0	0	0.33
212800	0.33	0.65	0.65	0	0	0.33
212900	0.33	0.65	0.65	0	0	0.33
213000	0.33	0.65	0.65	0	0	0.33
213100	0.33	0.65	0.65	0	0	0.33
213200	0.33	0.65	0.65	0	0	0.33
213300	0.33	0.65	0.65	0	0	0.33
213400	0.33	0.65	0.65	0	0	0.33
213500	0.33	0.65	0.65	0	0	0.33
213600	0.33	0.65	0.65	0	0	0.33
213700	0.33	0.65	0.65	0	0	0.33
213800	0.33	0.65	0.65	0	0	0.33
213900	0.33	0.65	0.65	0	0	0.33
214000	0.33	0.65	0.65	0	0	0.33
214100	0.33	0.65	0.65	0	0	0.33
214200	0.33	0.65	0.65	0	0	0.33
214300	0.33	0.65	0.65	0	0	0.33
214400	0.33	0.65	0.65	0	0	0.33
214500	0.33	0.65	0.65	0	0	0.33
214600	0.33	0.65	0.65	0	0	0.33
214700	0.33	0.65	0.65	0	0	0.33
214800	0.33	0.65	0.65	0	0	0.33
214900	0.33	0.65	0.65	0	0	0.33
215000	0.33	0.65	0.65	0	0	0.33
215100	0.33	0.65	0.65	0	0	0.33
215200	0.33	0.65	0.65	0	0	0.33
215300	0.33	0.65	0.65	0	0	0.33
215400	0.33	0.65	0.65	0	0	0.33
215500	0.33	0.65	0.65	0	0	0.33
215600	0.33	0.65	0.65	0	0	0.33
215700	0.33	0.65	0.65	0	0	0.33
215800	0.33	0.65	0.65	0	0	0.33
215900	0.33	0.65	0.65	0	0	0.33
216000	0.33	0.65	0.65	0	0	0.33
216100	0.33	0.65	0.65	0	0	0.33
216200	0.33	0.65	0.65	0	0	0.33
216300	0.33	0.65	0.65	0	0	0.33
216400	0.33	0.65	0.65	0	0	0.33
216500	0.33	0.65	0.65	0	0	0.33
216600	0.33	0.65	0.65	0	0	0.33
216700	0.33	0.65	0.65	0	0	0.33
216800	0.33	0.65	0.65	0	0	0.33
216900	0.33	0.65	0.65	0	0	0.33
217000	0.33	0.65	0.65	0	0	0.33
217100	0.33	0.65	0.65	0	0	0.33
217200	0.33	0.65	0.65	0	0	0.33
217300	0.33	0.65	0.65	0	0	0.33
217400	0.33	0.65	0.65	0	0	0.33
217500	0.33	0.65	0.65	0	0	0.33
217600	0.33	0.65	0.65	0	0	0.33
217700	0.33	0.65	0.65	0	0	0.33
217800	0.33	0.65	0.65	0	0	0.33
217900	0.33	0.65	0.65	0	0	0.33
218000	0.33	0.65	0.65	0	0	0.33
218100	0.33	0.65	0.65	0	0	0.33
218200	0.33	0.65	0.65	0	0	0.33
218300	0.33	0.65	0.65	0	0	0.33
218400	0.33	0.65	0.65	0	0	0.33
218500	0.33	0.65	0.65	0	0	0.33
218600	0.33	0.65	0.65	0	0	0.33
218700	0.33	0.65	0.65	0	0	0.33
218800	0.33	0.65	0.65	0	0	0.33
218900	0.33	0.65	0.65	0	0	0.33
219000	0.33	0.65	0.65	0	0	0.33
219100	0.33	0.65	0.65	0	0	0.33
219200	0.33	0.65	0.65	0	0	0.33
219300	0.33	0.65	0.65	0	0	0.33
219400	0.33	0.65	0.65	0	0	0.33
219500	0.33	0.65	0.65	0	0	0.33
219600	0.33	0.65	0.65	0	0	0.33
219700	0.33	0.65	0.65	0	0	0.33
219800	0.33	0.65	0.65	0	0	0.33
219900	0.33	0.65	0.65	0	0	0.33
220000	0.33	0.65	0.65	0	0	0.33
220100	0.33	0.65	0.65	0	0	0.33
220200	0.33	0.65	0.65	0	0	0.33
220300	0.33	0.65	0.65	0	0	0.33
220400	0.33	0.65	0.65	0	0	0.33
220500	0.33	0.65	0.65	0	0	0.33
220600	0.33	0.65	0.65	0	0	0.33
220700	0.33	0.65	0.65	0	0	0.33
220800	0.33	0.65	0.65	0	0	0.33
220900	0.33	0.65	0.65	0	0	0.33
221000	0.33	0.65	0.65	0	0	0.33
221100	0.33	0.65	0.65	0	0	0.33
221200	0.33	0.65	0.65	0	0	0.33
221300	0.33	0.65	0.65	0	0	0.33
221400	0.33	0.65	0.65	0	0	0.33
221500	0.33	0.65	0.65	0	0	0.33
221600	0.33	0.65	0.65	0	0	0.33
221700	0.33	0.65	0.65	0	0	0.33
221800	0.33	0.65	0.65	0	0	0.33
221900	0.33	0.65	0.65	0	0	0.33
222000	0.33	0.65	0.65	0	0	0.33
222100	0.33	0.65	0.65	0	0	0.33
222200	0.33	0.65	0.65	0	0	0.33
222300	0.33	0.65	0.65	0	0	0.33
222400	0.33	0.65	0.65	0	0	0.33
222500	0.33	0.65	0.65	0	0	0.33
222600	0.33	0.65	0.65	0	0	0.33
222700	0.33	0.65	0.65	0	0	0.33
222800	0.33	0.65	0.65	0	0	0.33
222900	0.33	0.65	0.65	0	0	0.33
223000	0.33	0.65	0.65	0	0	0.33
223100	0.33	0.65	0.65	0	0	0.33
223200	0.33	0.65	0.65	0	0	0.33
223300	0.33	0.65	0.65	0	0	0.33
223400	0.33	0.65	0.65	0	0	0.33
223500	0.33	0.65	0.65	0	0	0.33
223600	0.33	0.65	0.65	0	0	0.33
223700	0.33	0.65	0.65	0	0	0.33
223800	0.33	0.65	0.65	0	0	0.33
223900	0.33	0.65	0.65	0	0	0.33
224000	0.33	0.65	0.65	0	0	0.33
224100	0.33	0.65	0.65	0	0	0.33
224200	0.33	0.65	0.65	0	0	0.33
224300	0.33	0.65	0.65	0	0	0.33
224400	0.33	0.65	0.65	0	0	0.33
224500	0.33	0.65	0.65	0	0	0.33
224600	0.33	0.65	0.65	0	0	0.33
224700	0.33	0.65	0.65	0	0	0.33
224800	0.33	0.65	0.65	0	0	0.33
224900	0.33	0.65	0.65	0	0	0.33
225000	0.33	0.65	0.65	0	0	0.33
225100	0.33	0.65	0.65	0	0	0.33
225200	0.33	0.65	0.65	0	0	0.33
225300	0.33	0.65	0.65	0	0	0.33
225400	0.33	0.65	0.65	0	0	0.33
225500	0.33	0.65	0.65	0	0	0.33
225600	0.33	0.65	0.65	0	0	0.33
225700	0.33	0.65	0.65	0	0	0.33
225800	0.33	0.65	0.65	0	0	0.33
225900	0.33	0.65	0.65	0	0	0.33
226000	0.33	0.65	0.65	0	0	0.33
226100	0.33	0.65	0.65	0	0	0.33
226200	0.33	0.66	0.66	0	0	0.33
226300	0.33	0.66	0.66	0	0	0.33
226400	0.33	0.66	0.66	0	0	0.33
226500	0.33	0.66	0.66	0	0	0.33
226600	0.33	0.66	0.66	0	0	0.33
226700	0.33	0.66	0.66	0	0	0.33
226800	0.33	0.66	0.66	0	0	0.33
226900	0.33	0.66	0.66	0	0	0.33
227000	0.33	0.66	0.66	0	0	0.33
227100	0.33	0.66	0.66	0	0	0.33
227200	0.33	0.66	0.66	0	0	0.33
227300	0.33	0.66	0.66	0	0	0.33
227400	0.33	0.66	0.66	0	0	0.33
227500	0.33	0.66	0.66	0	0	0.33
227600	0.33	0.66	0.66	0	0	0.33
227700	0.33	0.66	0.66	0	0	0.33
227800	0.33	0.66	0.66	0	0	0.33
227900	0.33	0.66	0.66	0	0	0.33
228000	0.33	0.66	0.66	0	0	0.33
228100	0.33	0.66	0.66	0	0	0.33
228200	0.33	0.66	0.66	0	0	0.33
228300	0.33	0.66	0.66	0	0	0.33
228400	0.33	0.66	0.66	0	0	0.33
228500	0.33	0.66	0.66	0	0	0.33
228600	0.33	0.66	0.66	0	0	0.33
228700	0.33	0.66	0.66	0	0	0.33
228800	0.33	0.66	0.66	0	0	0.33
228900	0.33	0.66	0.66	0	0	0.33
229000	0.33	0.66	0.66	0	0	0.33
229100	0.33	0.66	0.66	0	0	0.33
229200	0.33	0.66	0.66	0	0	0.33
229300	0.33	0.66	0.66	0	0	0.33
229400	0.33	0.66	0.66	0	0	0.33
229500	0.33	0.66	0.66	0	0	0.33
229600	0.33	0.66	0.66	0	0	0.33
229700	0.33	0.66	0.66	0	0	0.33
229800	0.33	0.66	0.66	0	0	0.33
229900	0.33	0.66	0.66	0	0	0.33
230000	0.33	0.66	0.66	0	0	0.33
230100	0.33	0.66	0.66	0	0	0.33
230200	0.33	0.66	0.66	0	0	0.33
230300	0.33	0.66	0.66	0	0	0.33
230400	0.33	0.66	0.66	0	0	0.33
230500	0.33	0.66	0.66	0	0	0.33
230600	0.33	0.66	0.66	0	0	0.33
230700	0.33	0.66	0.66	0	0	0.33
230800	0.33	0.66	0.66	0	0	0.33
230900	0.33	0.66	0.66	0	0	0.33
231000	0.33	0.66	0.66	0	0	0.33
231100	0.33	0.66	0.66	0	0	0.33
231200	0.33	0.66	0.66	0	0	0.33
231300	0.33	0.66	0.66	0	0	0.33
231400	0.33	0.66	0.66	0	0	0.33
231500	0.33	0.66	0.66	0	0	0.33
231600	0.33	0.66	0.66	0	0	0.33
231700	0.33	0.66	0.66	0	0	0.33
231800	0.33	0.66	0.66	0	0	0.33
231900	0.33	0.66	0.66	0	0	0.33
232000	0.33	0.66	0.66	0	0	0.33
232100	0.33	0.66	0.66	0	0	0.33
232200	0.33	0.66	0.66	0	0	0.33
232300	0.33	0.66	0.66	0	0	0.33
232400	0.33	0.66	0.66	0	0	0.33
232500	0.33	0.66	0.66	0	0	0.33
232600	0.33	0.66	0.66	0	0	0.33
232700	0.33	0.66	0.66	0	0	0.33
232800	0.33	0.66	0.66	0	0	0.33
232900	0.33	0.66	0.66	0	0	0.33
233000	0.33	0.66	0.66	0	0	0.33
233100	0.33	0.66	0.66	0	0	0.33
233200	0.33	0.66	0.66	0	0	0.33
233300	0.33	0.66	0.66	0	0	0.33
233400	0.33	0.66	0.66	0	0	0.33
233500	0.33	0.66	0.66	0	0	0.33
233600	0.33	0.66	0.66	0	0	0.33
233700	0.33	0.66	0.66	0	0	0.33
233800	0.33	0.66	0.66	0	0	0.33
233900	0.33	0.66	0.66	0	0	0.33
234000	0.33	0.66	0.66	0	0	0.33
234100	0.33	0.66	0.66	0	0	0.33
234200	0.33	0.66	0.66	0	0	0.33
234300	0.33	0.66	0.66	0	0	0.33
234400	0.33	0.66	0.66	0	0	0.33
234500	0.33	0.66	0.66	0	0	0.33
234600	0.33	0.66	0.66	0	0	0.33
234700	0.33	0.66	0.66	0	0	0.33
234800	0.34	0.66	0.66	0	0	0.34
234900	0.34	0.66	0.66	0	0	0.34
235000	0.34	0.66	0.66	0	0	0.34
235100	0.34	0.66	0.66	0	0	0.34
235200	0.34	0.66	0.66	0	0	0.34
235300	0.34	0.66	0.66	0	0	0.34
235400	0.34	0.66	0.66	0	0	0.34
235500	0.34	0.66	0.66	0	0	0.34
235600	0.34	0.66	0.66	0	0	0.34
235700	0.34	0.66	0.66	0	0	0.34
235800	0.34	0.66	0.66	0	0	0.34
235900	0.34	0.66	0.66	0	0	0.34
236000	0.34	0.66	0.66	0	0	0.34
236100	0.34	0.66	0.66	0	0	0.34
236200	0.34	0.66	0.66	0	0	0.34
236300	0.34	0.66	0.66	0	0	0.34
236400	0.34	0.66	0.66	0	0	0.34
236500	0.34	0.66	0.66	0	0	0.34
236600	0.34	0.66	0.66	0	0	0.34
236700	0.34	0.66	0.66	0	0	0.34
236800	0.34	0.66	0.66	0	0	0.34
236900	0.34	0.66	0.66	0	0	0.34
237000	0.34	0.66	0.66	0	0	0.34
237100	0.34	0.66	0.66	0	0	0.34
237200	0.34	0.66	0.66	0	0	0.34
237300	0.34	0.66	0.66	0	0	0.34
237400	0.34	0.66	0.66	0	0	0.34
237500	0.34	0.66	0.66	0	0	0.34
237600	0.34	0.66	0.66	0	0	0.34
237700	0.34	0.66	0.66	0	0	0.34
237800	0.34	0.66	0.66	0	0	0.34
237900	0.34	0.66	0.66	0	0	0.34
238000	0.34	0.66	0.66	0	0	0.34
238100	0.34	0.66	0.66	0	0	0.34
238200	0.34	0.66	0.66	0	0	0.34
238300	0.34	0.66	0.66	0	0	0.34
238400	0.34	0.66	0.66	0	0	0.34
238500	0.34	0.66	0.66	0	0	0.34
238600	0.34	0.66	0.66	0	0	0.34
238700	0.34	0.66	0.66	0	0	0.34
238800	0.34	0.66	0.66	0	0	0.34
238900	0.34	0.66	0.66	0	0	0.34
239000	0.34	0.66	0.66	0	0	0.34
239100	0.34	0.66	0.66	0	0	0.34
239200	0.34	0.66	0.66	0	0	0.34
239300	0.34	0.66	0.66	0	0	0.34
239400	0.34	0.66	0.66	0	0	0.34
239500	0.34	0.66	0.66	0	0	0.34
239600	0.34	0.66	0.66	0	0	0.34
239700	0.34	0.66	0.66	0	0	0.34
239800	0.34	0.66	0.66	0	0	0.34
239900	0.34	0.66	0.66	0	0	0.34
240000	0.34	0.66	0.66	0	0	0.34
240100	0.34	0.66	0.66	0	0	0.34
240200	0.34	0.66	0.66	0	0	0.34
240300	0.34	0.66	0.66	0	0	0.34
240400	0.34	0.66	0.66	0	0	0.34
240500	0.34	0.66	0.66	0	0	0.34
240600	0.34	0.66	0.66	0	0	0.34
240700	0.34	0.66	0.66	0	0	0.34
240800	0.34	0.66	0.66	0	0	0.34
240900	0.34	0.66	0.66	0	0	0.34
241000	0.34	0.66	0.66	0	0	0.34
241100	0.34	0.66	0.66	0	0	0.34
241200	0.34	0.66	0.66	0	0	0.34
241300	0.34	0.66	0.66	0	0	0.34
241400	0.34	0.66	0.66	0	0	0.34
241500	0.34	0.66	0.66	0	0	0.34
241600	0.34	0.66	0.66	0	0	0.34
241700	0.34	0.66	0.66	0	0	0.34
241800	0.34	0.66	0.66	0	0	0.34
241900	0.34	0.66	0.66	0	0	0.34
242000	0.34	0.66	0.66	0	0	0.34
242100	0.34	0.66	0.66	0	0	0.34
242200	0.34	0.66	0.66	0	0	0.34
242300	0.34	0.66	0.66	0	0	0.34
242400	0.34	0.66	0.66	0	0	0.34
242500	0.34	0.66	0.66	0	0	0.34
242600	0.34	0.66	0.66	0	0	0.34
242700	0.34	0.66	0.66	0	0	0.34
242800	0.34	0.66	0.66	0	0	0.34
242900	0.34	0.66	0.66	0	0	0.34
243000	0.34	0.66	0.66	0	0	0.34
243100	0.34	0.66	0.66	0	0	0.34
243200	0.34	0.66	0.66	0	0	0.34
243300	0.34	0.66	0.66	0	0	0.34
243400	0.34	0.66	0.66	0	0	0.34
243500	0.34	0.66	0.66	0	0	0.34
243600	0.34	0.66	0.66	0	0	0.34
243700	0.34	0.66	0.66	0	0	0.34
243800	0.34	0.66	0.66	0	0	0.34
243900	0.34	0.66	0.66	0	0	0.34
244000	0.34	0.66	0.66	0	0	0.34
244100	0.34	0.66	0.66	0	0	0.34
244200	0.34	0.66	0.66	0	0	0.34
244300	0.34	0.66	0.66	0	0	0.34
244400	0.34	0.66	0.66	0	0	0.34
244500	0.34	0.66	0.66	0	0	0.34
244600	0.34	0.66	0.66	0	0	0.34
244700	0.34	0.66	0.66	0	0	0.34
244800	0.34	0.66	0.66	0	0	0.34
244900	0.34	0.66	0.66	0	0	0.34
245000	0.34	0.66	0.66	0	0	0.34
245100	0.34	0.66	0.66	0	0	0.34
245200	0.34	0.66	0.66	0	0	0.34
245300	0.34	0.66	0.66	0	0	0.34
245400	0.34	0.66	0.66	0	0	0.34
245500	0.34	0.66	0.66	0	0	0.34
245600	0.34	0.66	0.66	0	0	0.34
245700	0.34	0.66	0.66	0	0	0.34
245800	0.34	0.66	0.66	0	0	0.34
245900	0.34	0.66	0.66	0	0	0.34
246000	0.34	0.66	0.66	0	0	0.34
246100	0.34	0.66	0.66	0	0	0.34
246200	0.34	0.66	0.66	0	0	0.34
246300	0.34	0.66	0.66	0	0	0.34
246400	0.34	0.66	0.66	0	0	0.34
246500	0.34	0.66	0.66	0	0	0.34
246600	0.34	0.66	0.66	0	0	0.34
246700	0.34	0.66	0.66	0	0	0.34
246800	0.34	0.66	0.66	0	0	0.34
246900	0.34	0.66	0.66	0	0	0.34
247000	0.34	0.66	0.66	0	0	0.34
247100	0.34	0.66	0.66	0	0	0.34
247200	0.34	0.66	0.66	0	0	0.34
247300	0.34	0.66	0.66	0	0	0.34
247400	0.34	0.66	0.66	0	0	0.34
247500	0.34	0.66	0.66	0	0	0.34
247600	0.34	0.66	0.66	0	0	0.34
247700	0.34	0.66	0.66	0	0	0.34
247800	0.34	0.66	0.66	0	0	0.34
247900	0.34	0.66	0.66	0	0	0.34
248000	0.34	0.66	0.66	0	0	0.34
248100	0.34	0.66	0.66	0	0	0.34
248200	0.34	0.66	0.66	0	0	0.34
248300	0.34	0.66	0.66	0	0	0.34
248400	0.34	0.66	0.66	0	0	0.34
248500	0.34	0.66	0.66	0	0	0.34
248600	0.34	0.66	0.66	0	0	0.34
248700	0.34	0.66	0.66	0	0	0.34
248800	0.34	0.66	0.66	0	0	0.34
248900	0.34	0.66	0.66	0	0	0.34
249000	0.34	0.66	0.66	0	0	0.34
249100	0.34	0.66	0.66	0	0	0.34
249200	0.34	0.66	0.66	0	0	0.34
249300	0.34	0.66	0.66	0	0	0.34
249400	0.34	0.66	0.66	0	0	0.34
249500	0.34	0.66	0.66	0	0	0.34
249600	0.34	0.66	0.66	0	0	0.34
249700	0.34	0.66	0.66	0	0	0.34
249800	0.34	0.66	0.66	0	0	0.34
249900	0.34	0.66	0.66	0	0	0.34
250000	0.34	0.66	0.66	0	0	0.34
250100	0.34	0.66	0.66	0	0	0.34
250200	0.34	0.66	0.66	0	0	0.34
250300	0.34	0.66	0.66	0	0	0.34
250400	0.34	0.66	0.66	0	0	0.34
250500	0.34	0.66	0.66	0	0	0.34
250600	0.34	0.66	0.66	0	0	0.34
250700	0.34	0.66	0.66	0	0	0.34
250800	0.34	0.66	0.66	0	0	0.34
250900	0.34	0.66	0.66	0	0	0.34
251000	0.34	0.66	0.66	0	0	0.34
251100	0.34	0.66	0.66	0	0	0.34
251200	0.34	0.66	0.66	0	0	0.34
251300	0.34	0.66	0.66	0	0	0.34
251400	0.34	0.66	0.66	0	0	0.34
251500	0.34	0.66	0.66	0	0	0.34
251600	0.34	0.66	0.66	0	0	0.34
251700	0.34	0.66	0.66	0	0	0.34
251800	0.34	0.66	0.66	0	0	0.34
251900	0.34	0.66	0.66	0	0	0.34
252000	0.34	0.66	0.66	0	0	0.34
252100	0.34	0.66	0.66	0	0	0.34
252200	0.34	0.66	0.66	0	0	0.34
252300	0.34	0.66	0.66	0	0	0.34
252400	0.34	0.66	0.66	0	0	0.34
252500	0.34	0.66	0.66	0	0	0.34
252600	0.34	0.66	0.66	0	0	0.34
252700	0.34	0.66	0.66	0	0	0.34
252800	0.34	0.66	0.66	0	0	0.34
252900	0.34	0.66	0.66	0	0	0.34
253000	0.34	0.66	0.66	0	0	0.34
253100	0.34	0.66	0.66	0	0	0.34
253200	0.34	0.66	0.66	0	0	0.34
253300	0.34	0.66	0.66	0	0	0.34
253400	0.34	0.66	0.66	0	0	0.34
253500	0.34	0.66	0.66	0	0	0.34
253600	0.34	0.66	0.66	0	0	0.34
253700	0.34	0.66	0.66	0	0	0.34
253800	0.34	0.66	0.66	0	0	0.34
253900	0.34	0.66	0.66	0	0	0.34
254000	0.34	0.66	0.66	0	0	0.34
254100	0.34	0.66	0.66	0	0	0.34
254200	0.34	0.66	0.66	0	0	0.34
254300	0.34	0.66	0.66	0	0	0.34
254400	0.34	0.66	0.66	0	0	0.34
254500	0.34	0.66	0.66	0	0	0.34
254600	0.34	0.66	0.66	0	0	0.34
254700	0.34	0.66	0.66	0	0	0.34
254800	0.34	0.66	0.66	0	0	0.34
254900	0.34	0.66	0.66	0	0	0.34
255000	0.34	0.66	0.66	0	0	0.34
255100	0.34	0.66	0.66	0	0	0.34
255200	0.34	0.66	0.66	0	0	0.34
255300	0.34	0.66	0.66	0	0	0.34
255400	0.34	0.66	0.66	0	0	0.34
255500	0.34	0.66	0.66	0	0	0.34
255600	0.34	0.66	0.66	0	0	0.34
255700	0.34	0.66	0.66	0	0	0.34
255800	0.34	0.66	0.66	0	0	0.34
255900	0.34	0.66	0.66	0	0	0.34
256000	0.34	0.66	0.66	0	0	0.34
256100	0.34	0.66	0.66	0	0	0.34
256200	0.34	0.66	0.66	0	0	0.34
256300	0.34	0.66	0.66	0	0	0.34
256400	0.34	0.66	0.66	0	0	0.34
256500	0.34	0.66	0.66	0	0	0.34
256600	0.34	0.66	0.66	0	0	0.34
256700	0.34	0.66	0.66	0	0	0.34
256800	0.34	0.66	0.66	0	0	0.34
256900	0.34	0.66	0.66	0	0	0.34
257000	0.34	0.66	0.66	0	0	0.34
257100	0.34	0.66	0.66	0	0	0.34
257200	0.34	0.66	0.66	0	0	0.34
257300	0.34	0.66	0.66	0	0	0.34
257400	0.34	0.66	0.66	0	0	0.34
257500	0.34	0.66	0.66	0	0	0.34
257600	0.34	0.66	0.66	0	0	0.34
257700	0.34	0.66	0.66	0	0	0.34
257800	0.34	0.66	0.66	0	0	0.34
257900	0.34	0.66	0.66	0	0	0.34
258000	0.34	0.66	0.66	0	0	0.34
258100	0.34	0.66	0.66	0	0	0.34
258200	0.34	0.66	0.66	0	0	0.34
258300	0.34	0.66	0.66	0	0	0.34
258400	0.34	0.66	0.66	0	0	0.34
258500	0.34	0.66	0.66	0	0	0.34
258600	0.34	0.66	0.66	0	0	0.34
258700	0.34	0.66	0.66	0	0	0.34
258800	0.34	0.66	0.66	0	0	0.34
258900	0.34	0.66	0.66	0	0	0.34
259000	0.34	0.66	0.66	0	0	0.34
259100	0.34	0.66	0.66	0	0	0.34
259200	0.34	0.66	0.66	0	0	0.34
259300	0.34	0.66	0.66	0	0	0.34
259400	0.34	0.66	0.66	0	0	0.34
259500	0.34	0.66	0.66	0	0	0.34
259600	0.34	0.66	0.66	0	0	0.34
259700	0.34	0.66	0.66	0	0	0.34
259800	0.34	0.66	0.66	0	0	0.34
259900	0.34	0.66	0.66	0	0	0.34
260000	0.34	0.66	0.66	0	0	0.34
260100	0.34	0.66	0.66	0	0	0.34
260200	0.34	0.66	0.66	0	0	0.34
260300	0.34	0.66	0.66	0	0	0.34
260400	0.34	0.66	0.66	0	0	0.34
260500	0.34	0.66	0.66	0	0	0.34
260600	0.34	0.66	0.66	0	0	0.34
260700	0.34	0.66	0.66	0	0	0.34
260800	0.34	0.66	0.66	0	0	0.34
260900	0.34	0.66	0.66	0	0	0.34
261000	0.34	0.66	0.66	0	0	0.34
261100	0.34	0.66	0.66	0	0	0.34
261200	0.34	0.66	0.66	0	0	0.34
261300	0.34	0.66	0.66	0	0	0.34
261400	0.34	0.66	0.66	0	0	0.34
261500	0.34	0.66	0.66	0	0	0.34
261600	0.34	0.66	0.66	0	0	0.34
261700	0.34	0.66	0.66	0	0	0.34
261800	0.34	0.66	0.66	0	0	0.34
261900	0.34	0.66	0.66	0	0	0.34
262000	0.34	0.66	0.66	0	0	0.34
262100	0.34	0.66	0.66	0	0	0.34
262200	0.34	0.66	0.66	0	0	0.34
262300	0.34	0.66	0.66	0	0	0.34
262400	0.34	0.66	0.66	0	0	0.34
262500	0.34	0.66	0.66	0	0	0.34
262600	0.34	0.66	0.66	0	0	0.34
262700	0.34	0.66	0.66	0	0	0.34
262800	0.34	0.66	0.66	0	0	0.34
262900	0.34	0.66	0.66	0	0	0.34
263000	0.34	0.66	0.66	0	0	0.34
263100	0.34	0.66	0.66	0	0	0.34
263200	0.34	0.66	0.66	0	0	0.34
263300	0.34	0.66	0.66	0	0	0.34
263400	0.34	0.66	0.66	0	0	0.34
263500	0.34	0.66	0.66	0	0	0.34
263600	0.34	0.66	0.66	0	0	0.34
263700	0.34	0.66	0.66	0	0	0.34
263800	0.34	0.66	0.66	0	0	0.34
263900	0.34	0.66	0.66	0	0	0.34
264000	0.34	0.66	0.66	0	0	0.34
264100	0.34	0.66	0.66	0	0	0.34
264200	0.34	0.66	0.66	0	0	0.34
264300	0.34	0.66	0.66	0	0	0.34
264400	0.34	0.66	0.66	0	0	0.34
264500	0.34	0.66	0.66	0	0	0.34
264600	0.34	0.66	0.66	0	0	0.34
264700	0.34	0.66	0.66	0	0	0.34
264800	0.34	0.66	0.66	0	0	0.34
264900	0.34	0.66	0.66	0	0	0.34
265000	0.34	0.66	0.66	0	0	0.34
265100	0.34	0.66	0.66	0	0	0.34
265200	0.34	0.66	0.66	0	0	0.34
265300	0.34	0.66	0.66	0	0	0.34
265400	0.34	0.66	0.66	0	0	0.34
265500	0.34	0.66	0.66	0	0	0.34
265600	0.34	0.66	0.66	0	0	0.34
265700	0.34	0.66	0.66	0	0	0.34
265800	0.34	0.66	0.66	0	0	0.34
265900	0.34	0.66	0.66	0	0	0.34
266000	0.34	0.66	0.66	0	0	0.34
266100	0.34	0.66	0.66	0	0	0.34
266200	0.34	0.66	0.66	0	0	0.34
266300	0.34	0.66	0.66	0	0	0.34
266400	0.34	0.66	0.66	0	0	0.34
266500	0.34	0.66	0.66	0	0	0.34
266600	0.34	0.66	0.66	0	0	0.34
266700	0.34	0.66	0.66	0	0	0.34
266800	0.34	0.66	0.66	0	0	0.34
266900	0.34	0.66	0.66	0	0	0.34
267000	0.34	0.66	0.66	0	0	0.34
267100	0.34	0.66	0.66	0	0	0.34
267200	0.34	0.66	0.66	0	0	0.34
267300	0.34	0.66	0.66	0	0	0.34
267400	0.34	0.66	0.66	0	0	0.34
267500	0.34	0.66	0.66	0	0	0.34
267600	0.34	0.66	0.66	0	0	0.34
267700	0.34	0.66	0.66	0	0	0.34
267800	0.34	0.66	0.66	0	0	0.34
267900	0.34	0.66	0.66	0	0	0.34
268000	0.34	0.66	0.66	0	0	0.34
268100	0.34	0.66	0.66	0	0	0.34
268200	0.34	0.66	0.66	0	0	0.34
268300	0.34	0.66	0.66	0	0	0.34
268400	0.34	0.66	0.66	0	0	0.34
268500	0.34	0.66	0.66	0	0	0.34
268600	0.34	0.66	0.66	0	0	0.34
268700	0.34	0.66	0.66	0	0	0.34
268800	0.34	0.66	0.66	0	0	0.34
268900	0.34	0.66	0.66	0	0	0.34
269000	0.34	0.66	0.66	0	0	0.34
269100	0.34	0.66	0.66	0	0	0.34
269200	0.34	0.66	0.66	0	0	0.34
269300	0.34	0.66	0.66	0	0	0.34
269400	0.34	0.66	0.66	0	0	0.34
269500	0.34	0.66	0.66	0	0	0.34
269600	0.34	0.66	0.66	0	0	0.34
269700	0.34	0.66	0.66	0	0	0.34
269800	0.33	0.66	0.66	0	0	0.33
269900	0.33	0.66	0.66	0	0	0.33
270000	0.33	0.66	0.66	0	0	0.33
270100	0.33	0.66	0.66	0	0	0.33
270200	0.33	0.66	0.66	0	0	0.33
270300	0.33	0.66	0.66	0	0	0.33
270400	0.33	0.66	0.66	0	0	0.33
270500	0.33	0.66	0.66	0	0	0.33
270600	0.33	0.66	0.66	0	0	0.33
270700	0.33	0.66	0.66	0	0	0.33
270800	0.33	0.66	0.66	0	0	0.33
270900	0.33	0.66	0.66	0	0	0.33
271000	0.33	0.66	0.66	0	0	0.33
271100	0.33	0.66	0.66	0	0	0.33
271200	0.33	0.66	0.66	0	0	0.33
271300	0.33	0.66	0.66	0	0	0.33
271400	0.33	0.66	0.66	0	0	0.33
271500	0.33	0.66	0.66	0	0	0.33
271600	0.33	0.66	0.66	0	0	0.33
271700	0.34	0.66	0.66	0	0	0.34
271800	0.34	0.66	0.66	0	0	0.34
271900	0.34	0.66	0.66	0	0	0.34
272000	0.34	0.66	0.66	0	0	0.34
272100	0.34	0.66	0.66	0	0	0.34
272200	0.34	0.66	0.66	0	0	0.34
272300	0.34	0.66	0.66	0	0	0.34
272400	0.34	0.66	0.66	0	0	0.34
272500	0.34	0.66	0.66	0	0	0.34
272600	0.34	0.66	0.66	0	0	0.34
272700	0.34	0.66	0.66	0	0	0.34
272800	0.34	0.66	0.66	0	0	0.34
272900	0.34	0.66	0.66	0	0	0.34
273000	0.34	0.66	0.66	0	0	0.34
273100	0.34	0.66	0.66	0	0	0.34
273200	0.34	0.66	0.66	0	0	0.34
273300	0.34	0.66	0.66	0	0	0.34
273400	0.34	0.66	0.66	0	0	0.34
273500	0.34	0.66	0.66	0	0	0.34
273600	0.34	0.66	0.66	0	0	0.34
273700	0.34	0.66	0.66	0	0	0.34
273800	0.34	0.66	0.66	0	0	0.34
273900	0.34	0.66	0.66	0	0	0.34
274000	0.34	0.66	0.66	0	0	0.34
274100	0.34	0.66	0.66	0	0	0.34
274200	0.34	0.66	0.66	0	0	0.34
274300	0.34	0.66	0.66	0	0	0.34
274400	0.34	0.66	0.66	0	0	0.34
274500	0.34	0.66	0.66	0	0	0.34
274600	0.34	0.66	0.66	0	0	0.34
274700	0.34	0.66	0.66	0	0	0.34
274800	0.34	0.66	0.66	0	0	0.34
274900	0.34	0.66	0.66	0	0	0.34
275000	0.34	0.66	0.66	0	0	0.34
275100	0.34	0.66	0.66	0	0	0.34
275200	0.34	0.66	0.66	0	0	0.34
275300	0.34	0.66	0.66	0	0	0.34
275400	0.34	0.66	0.66	0	0	0.34
275500	0.34	0.66	0.66	0	0	0.34
275600	0.34	0.66	0.66	0	0	0.34
275700	0.34	0.65	0.65	0	0	0.34
275800	0.34	0.65	0.65	0	0	0.34
275900	0.34	0.65	0.65	0	0	0.34
276000	0.34	0.65	0.65	0	0	0.34
276100	0.34	0.65	0.65	0	0	0.34
276200	0.34	0.65	0.65	0	0	0.34
276300	0.34	0.65	0.65	0	0	0.34
276400	0.34	0.65	0.65	0	0	0.34
276500	0.34	0.65	0.65	0	0	0.34
276600	0.34	0.65	0.65	0	0	0.34
276700	0.34	0.65	0.65	0	0	0.34
276800	0.34	0.65	0.65	0	0	0.34
276900	0.34	0.65	0.65	0	0	0.34
277000	0.34	0.65	0.65	0	0	0.34
277100	0.34	0.65	0.65	0	0	0.34
277200	0.34	0.65	0.65	0	0	0.34
277300	0.34	0.65	0.65	0	0	0.34
277400	0.34	0.65	0.65	0	0	0.34
277500	0.34	0.65	0.65	0	0	0.34
277600	0.34	0.65	0.65	0	0	0.34
277700	0.33	0.65	0.65	0	0	0.33
277800	0.33	0.65	0.65	0	0	0.33
277900	0.33	0.65	0.65	0	0	0.33
278000	0.33	0.65	0.65	0	0	0.33
278100	0.33	0.65	0.65	0	0	0.33
278200	0.33	0.65	0.65	0	0	0.33
278300	0.33	0.65	0.65	0	0	0.33
278400	0.33	0.65	0.65	0	0	0.33
278500	0.33	0.65	0.65	0	0	0.33
278600	0.33	0.65	0.65	0	0	0.33
278700	0.34	0.65	0.65	0	0	0.34
278800	0.34	0.65	0.65	0	0	0.34
278900	0.34	0.65	0.65	0	0	0.34
279000	0.34	0.65	0.65	0	0	0.34
279100	0.34	0.65	0.65	0	0	0.34
279200	0.34	0.65	0.65	0	0	0.34
279300	0.34	0.65	0.65	0	0	0.34
279400	0.34	0.65	0.65	0	0	0.34
279500	0.34	0.65	0.65	0	0	0.34
279600	0.34	0.65	0.65	0	0	0.34
279700	0.34	0.65	0.65	0	0	0.34
279800	0.34	0.65	0.65	0	0	0.34
279900	0.33	0.65	0.65	0	0	0.33
280000	0.33	0.65	0.65	0	0	0.33
280100	0.33	0.65	0.65	0	0	0.33
280200	0.33	0.65	0.65	0	0	0.33
280300	0.33	0.65	0.65	0	0	0.33
280400	0.33	0.65	0.65	0	0	0.33
280500	0.33	0.65	0.65	0	0	0.33
280600	0.33	0.65	0.65	0	0	0.33
280700	0.33	0.65	0.65	0	0	0.33
280800	0.33	0.65	0.65	0	0	0.33
280900	0.33	0.65	0.65	0	0	0.33
281000	0.33	0.65	0.65	0	0	0.33
281100	0.34	0.65	0.65	0	0	0.34
281200	0.34	0.65	0.65	0	0	0.34
281300	0.34	0.65	0.65	0	0	0.34
281400	0.34	0.65	0.65	0	0	0.34
281500	0.34	0.65	0.65	0	0	0.34
281600	0.34	0.65	0.65	0	0	0.34
281700	0.34	0.65	0.65	0	0	0.34
281800	0.34	0.65	0.65	0	0	0.34
281900	0.34	0.65	0.65	0	0	0.34
282000	0.34	0.65	0.65	0	0	0.34
282100	0.34	0.65	0.65	0	0	0.34
282200	0.34	0.65	0.65	0	0	0.34
282300	0.34	0.65	0.65	0	0	0.34
282400	0.34	0.65	0.65	0	0	0.34
282500	0.34	0.65	0.65	0	0	0.34
282600	0.34	0.65	0.65	0	0	0.34
282700	0.34	0.65	0.65	0	0	0.34
282800	0.34	0.65	0.65	0	0	0.34
282900	0.34	0.65	0.65	0	0	0.34
283000	0.34	0.65	0.65	0	0	0.34
283100	0.34	0.65	0.65	0	0	0.34
283200	0.34	0.65	0.65	0	0	0.34
283300	0.34	0.65	0.65	0	0	0.34
283400	0.34	0.65	0.65	0	0	0.34
283500	0.34	0.65	0.65	0	0	0.34
283600	0.33	0.65	0.65	0	0	0.33
283700	0.33	0.65	0.65	0	0	0.33
283800	0.33	0.65	0.65	0	0	0.33
283900	0.33	0.65	0.65	0	0	0.33
284000	0.33	0.65	0.65	0	0	0.33
284100	0.33	0.65	0.65	0	0	0.33
284200	0.33	0.65	0.65	0	0	0.33
284300	0.33	0.65	0.65	0	0	0.33
284400	0.33	0.65	0.65	0	0	0.33
284500	0.33	0.65	0.65	0	0	0.33
284600	0.33	0.65	0.65	0	0	0.33
284700	0.33	0.65	0.65	0	0	0.33
284800	0.33	0.65	0.65	0	0	0.33
284900	0.33	0.65	0.65	0	0	0.33
285000	0.33	0.65	0.65	0	0	0.33
285100	0.33	0.65	0.65	0	0	0.33
285200	0.33	0.65	0.65	0	0	0.33
285300	0.33	0.65	0.65	0	0	0.33
285400	0.33	0.65	0.65	0	0	0.33
285500	0.33	0.65	0.65	0	0	0.33
285600	0.33	0.65	0.65	0	0	0.33
285700	0.33	0.65	0.65	0	0	0.33
285800	0.33	0.65	0.65	0	0	0.33
285900	0.33	0.65	0.65	0	0	0.33
286000	0.33	0.65	0.65	0	0	0.33
286100	0.33	0.66	0.66	0	0	0.33
286200	0.33	0.67	0.67	0	0	0.33
286300	0.33	0.67	0.67	0	0	0.33
286400	0.33	0.67	0.67	0	0	0.33
286500	0.33	0.67	0.67	0	0	0.33
286600	0.33	0.67	0.67	0	0	0.33
286700	0.33	0.67	0.67	0	0	0.33
286800	0.33	0.67	0.67	0	0	0.33
286900	0.33	0.67	0.67	0	0	0.33
287000	0.33	0.67	0.67	0	0	0.33
287100	0.33	0.67	0.67	0	0	0.33
287200	0.33	0.67	0.67	0	0	0.33
287300	0.33	0.67	0.67	0	0	0.33
287400	0.33	0.67	0.67	0	0	0.33
287500	0.33	0.67	0.67	0	0	0.33
287600	0.33	0.67	0.67	0	0	0.33
287700	0.33	0.67	0.67	0	0	0.33
287800	0.33	0.67	0.67	0	0	0.33
287900	0.33	0.67	0.67	0	0	0.33
288000	0.33	0.67	0.67	0	0	0.33
288100	0.33	0.67	0.67	0	0	0.33
288200	0.33	0.67	0.67	0	0	0.33
288300	0.33	0.67	0.67	0	0	0.33
288400	0.33	0.67	0.67	0	0	0.33
288500	0.33	0.67	0.67	0	0	0.33
288600	0.33	0.67	0.67	0	0	0.33
288700	0.33	0.67	0.67	0	0	0.33
288800	0.33	0.67	0.67	0	0	0.33
288900	0.33	0.67	0.67	0	0	0.33
289000	0.33	0.67	0.67	0	0	0.33
289100	0.33	0.67	0.67	0	0	0.33
289200	0.33	0.67	0.67	0	0	0.33
289300	0.33	0.67	0.67	0	0	0.33
289400	0.33	0.67	0.67	0	0	0.33
289500	0.33	0.67	0.67	0	0	0.33
289600	0.33	0.67	0.67	0	0	0.33
289700	0.33	0.67	0.67	0	0	0.33
289800	0.33	0.67	0.67	0	0	0.33
289900	0.33	0.67	0.67	0	0	0.33
290000	0.33	0.67	0.67	0	0	0.33
290100	0.33	0.67	0.67	0	0	0.33
290200	0.33	0.67	0.67	0	0	0.33
290300	0.33	0.67	0.67	0	0	0.33
290400	0.33	0.67	0.67	0	0	0.33
290500	0.33	0.67	0.67	0	0	0.33
290600	0.33	0.67	0.67	0	0	0.33
290700	0.33	0.67	0.67	0	0	0.33
290800	0.33	0.67	0.67	0	0	0.33
290900	0.33	0.67	0.67	0	0	0.33
291000	0.33	0.67	0.67	0	0	0.33
291100	0.33	0.67	0.67	0	0	0.33
291200	0.33	0.67	0.67	0	0	0.33
291300	0.33	0.67	0.67	0	0	0.33
291400	0.33	0.67	0.67	0	0	0.33
291500	0.33	0.67	0.67	0	0	0.33
291600	0.33	0.67	0.67	0	0	0.33
291700	0.33	0.67	0.67	0	0	0.33
291800	0.33	0.67	0.67	0	0	0.33
291900	0.33	0.67	0.67	0	0	0.33
292000	0.33	0.67	0.67	0	0	0.33
292100	0.33	0.67	0.67	0	0	0.33
292200	0.33	0.67	0.67	0	0	0.33
292300	0.33	0.67	0.67	0	0	0.33
292400	0.33	0.67	0.67	0	0	0.33
292500	0.33	0.67	0.67	0	0	0.33
292600	0.33	0.67	0.67	0	0	0.33
292700	0.33	0.67	0.67	0	0	0.33
292800	0.33	0.67	0.67	0	0	0.33
292900	0.33	0.67	0.67	0	0	0.33
293000	0.33	0.67	0.67	0	0	0.33
293100	0.33	0.67	0.67	0	0	0.33
293200	0.33	0.67	0.67	0	0	0.33
293300	0.33	0.67	0.67	0	0	0.33
293400	0.33	0.67	0.67	0	0	0.33
293500	0.33	0.67	0.67	0	0	0.33
293600	0.33	0.67	0.67	0	0	0.33
293700	0.33	0.67	0.67	0	0	0.33
293800	0.33	0.67	0.67	0	0	0.33
293900	0.33	0.67	0.67	0	0	0.33
294000	0.33	0.67	0.67	0	0	0.33
294100	0.33	0.67	0.67	0	0	0.33
294200	0.33	0.67	0.67	0	0	0.33
294300	0.33	0.67	0.67	0	0	0.33
294400	0.33	0.67	0.67	0	0	0.33
294500	0.33	0.67	0.67	0	0	0.33
294600	0.33	0.67	0.67	0	0	0.33
294700	0.33	0.67	0.67	0	0	0.33
294800	0.33	0.67	0.67	0	0	0.33
294900	0.33	0.67	0.67	0	0	0.33
295000	0.33	0.67	0.67	0	0	0.33
295100	0.33	0.67	0.67	0	0	0.33
295200	0.33	0.67	0.67	0	0	0.33
295300	0.33	0.67	0.67	0	0	0.33
295400	0.33	0.67	0.67	0	0	0.33
295500	0.33	0.67	0.67	0	0	0.33
295600	0.33	0.67	0.67	0	0	0.33
295700	0.33	0.67	0.67	0	0	0.33
295800	0.33	0.67	0.67	0	0	0.33
295900	0.33	0.67	0.67	0	0	0.33
296000	0.33	0.67	0.67	0	0	0.33
296100	0.33	0.67	0.67	0	0	0.33
296200	0.33	0.67	0.67	0	0	0.33
296300	0.33	0.67	0.67	0	0	0.33
296400	0.33	0.67	0.67	0	0	0.33
296500	0.33	0.67	0.67	0	0	0.33
296600	0.33	0.67	0.67	0	0	0.33
296700	0.33	0.67	0.67	0	0	0.33
296800	0.33	0.67	0.67	0	0	0.33
296900	0.33	0.67	0.67	0	0	0.33
297000	0.33	0.67	0.67	0	0	0.33
297100	0.33	0.67	0.67	0	0	0.33
297200	0.33	0.67	0.67	0	0	0.33
297300	0.33	0.67	0.67	0	0	0.33
297400	0.33	0.67	0.67	0	0	0.33
297500	0.33	0.67	0.67	0	0	0.33
297600	0.33	0.67	0.67	0	0	0.33
297700	0.33	0.67	0.67	0	0	0.33
297800	0.33	0.67	0.67	0	0	0.33
297900	0.33	0.67	0.67	0	0	0.33
298000	0.33	0.67	0.67	0	0	0.33
298100	0.33	0.67	0.67	0	0	0.33
298200	0.33	0.67	0.67	0	0	0.33
298300	0.33	0.67	0.67	0	0	0.33
298400	0.33	0.67	0.67	0	0	0.33
298500	0.33	0.67	0.67	0	0	0.33
298600	0.33	0.67	0.67	0	0	0.33
298700	0.33	0.67	0.67	0	0	0.33
298800	0.33	0.67	0.67	0	0	0.33
298900	0.33	0.67	0.67	0	0	0.33
299000	0.33	0.67	0.67	0	0	0.33
299100	0.33	0.67	0.67	0	0	0.33
299200	0.33	0.67	0.67	0	0	0.33
299300	0.33	0.67	0.67	0	0	0.33
299400	0.33	0.67	0.67	0	0	0.33
299500	0.33	0.67	0.67	0	0	0.33
299600	0.33	0.67	0.67	0	0	0.33
299700	0.33	0.67	0.67	0	0	0.33
299800	0.33	0.67	0.67	0	0	0.33
299900	0.33	0.67	0.67	0	0	0.33
300000	0.33	0.67	0.67	0	0	0.33
