100	0.03	0.12	0.12	0	0	0.03
200	0.04	0.09	0.09	0	0	0.04
300	0.03	0.07	0.07	0	0	0.03
400	0.04	0.05	0.05	0	0	0.04
500	0.03	0.04	0.04	0	0	0.03
600	0.02	0.04	0.04	0	0	0.02
700	0	0.02	0.02	0	0	0
800	0	0.05	0.05	0	0	0
900	0	0.03	0.03	0	0	0
1000	0	0.03	0.03	0	0	0
1100	0	0.03	0.03	0	0	0
1200	0	0.04	0.04	0	0	0
1300	0	0.06	0.06	0	0	0
1400	0	0.06	0.06	0	0	0
1500	0	0.02	0.02	0	0	0
1600	0	0.02	0.02	0	0	0
1700	0	0.02	0.02	0	0	0
1800	0.01	0	0	0	0	0.01
1900	0.01	0	0	0	0	0.01
2000	0.02	0	0	0	0	0.02
2100	0.02	0.01	0.01	0	0	0.02
2200	0.01	0.02	0.02	0	0	0.01
2300	0.01	0.04	0.04	0	0	0.01
2400	0.01	0.06	0.06	0	0	0.01
2500	0	0.06	0.06	0	0	0
2600	0	0.07	0.07	0	0	0
2700	0	0.07	0.07	0	0	0
2800	0	0.07	0.07	0	0	0
2900	0.01	0.06	0.06	0	0	0.01
3000	0.01	0.03	0.03	0	0	0.01
3100	0	0.04	0.04	0	0	0
3200	0	0.02	0.02	0	0	0
3300	0	0.03	0.03	0	0	0
3400	0	0.03	0.03	0	0	0
3500	0.02	0	0	0	0	0.02
3600	0.02	0.02	0.02	0	0	0.02
3700	0.02	0.02	0.02	0	0	0.02
3800	0.03	0.04	0.04	0	0	0.03
3900	0.03	0.03	0.03	0	0	0.03
4000	0.02	0.03	0.03	0	0	0.02
4100	0.02	0.02	0.02	0	0	0.02
4200	0.03	0.05	0.05	0	0	0.03
4300	0.03	0.04	0.04	0	0	0.03
4400	0.03	0.05	0.05	0	0	0.03
4500	0.02	0.08	0.08	0	0	0.02
4600	0.01	0.07	0.07	0	0	0.01
4700	0.02	0.05	0.05	0	0	0.02
4800	0.01	0.03	0.03	0	0	0.01
4900	0.03	0.04	0.04	0	0	0.03
5000	0.02	0.01	0.01	0	0	0.02
5100	0.03	0.01	0.01	0	0	0.03
5200	0.02	0.04	0.04	0	0	0.02
5300	0.02	0.03	0.03	0	0	0.02
5400	0.02	0.06	0.06	0	0	0.02
5500	0.02	0.05	0.05	0	0	0.02
5600	0.02	0.04	0.04	0	0	0.02
5700	0.02	0.04	0.04	0	0	0.02
5800	0.01	0.05	0.05	0	0	0.01
5900	0.01	0.02	0.02	0	0	0.01
6000	0.02	0.02	0.02	0	0	0.02
6100	0.02	0.02	0.02	0	0	0.02
6200	0.02	0.04	0.04	0	0	0.02
6300	0.02	0.03	0.03	0	0	0.02
6400	0	0.04	0.04	0	0	0
6500	0	0.03	0.03	0	0	0
6600	0.01	0.03	0.03	0	0	0.01
6700	0.01	0.01	0.01	0	0	0.01
6800	0.01	0.01	0.01	0	0	0.01
6900	0	0.04	0.04	0	0	0
7000	0.01	0.06	0.06	0	0	0.01
7100	0.02	0.06	0.06	0	0	0.02
7200	0.02	0.07	0.07	0	0	0.02
7300	0.02	0.09	0.09	0	0	0.02
7400	0	0.09	0.09	0	0	0
7500	0	0.09	0.09	0	0	0
7600	0.01	0.06	0.06	0	0	0.01
7700	0.01	0.06	0.06	0	0	0.01
7800	0.01	0.05	0.05	0	0	0.01
7900	0.01	0.06	0.06	0	0	0.01
8000	0.01	0.05	0.05	0	0	0.01
8100	0	0.05	0.05	0	0	0
8200	0	0.04	0.04	0	0	0
8300	0	0.03	0.03	0	0	0
8400	0	0.04	0.04	0	0	0
8500	0.01	0.07	0.07	0	0	0.01
8600	0.01	0.07	0.07	0	0	0.01
8700	0.02	0.06	0.06	0	0	0.02
8800	0.01	0.03	0.03	0	0	0.01
8900	0.01	0.03	0.03	0	0	0.01
9000	0	0.02	0.02	0	0	0
9100	0	0.03	0.03	0	0	0
9200	0.01	0.02	0.02	0	0	0.01
9300	0.01	0.01	0.01	0	0	0.01
9400	0	0.02	0.02	0	0	0
9500	0	0.02	0.02	0	0	0
9600	0	0.03	0.03	0	0	0
9700	0	0.03	0.03	0	0	0
9800	0	0.03	0.03	0	0	0
9900	0.02	0.05	0.05	0	0	0.02
10000	0.02	0.04	0.04	0	0	0.02
10100	0.02	0.03	0.03	0	0	0.02
10200	0.02	0.02	0.02	0	0	0.02
10300	0.01	0.01	0.01	0	0	0.01
10400	0.01	0.01	0.01	0	0	0.01
10500	0	0.01	0.01	0	0	0
10600	0	0.01	0.01	0	0	0
10700	0	0.03	0.03	0	0	0
10800	0	0.05	0.05	0	0	0
10900	0.01	0.05	0.05	0	0	0.01
11000	0.01	0.04	0.04	0	0	0.01
11100	0.01	0.06	0.06	0	0	0.01
11200	0.01	0.06	0.06	0	0	0.01
11300	0.01	0.05	0.05	0	0	0.01
11400	0.01	0.05	0.05	0	0	0.01
11500	0.01	0.04	0.04	0	0	0.01
11600	0.01	0.05	0.05	0	0	0.01
11700	0.02	0.03	0.03	0	0	0.02
11800	0.01	0.01	0.01	0	0	0.01
11900	0.02	0.01	0.01	0	0	0.02
12000	0.01	0.01	0.01	0	0	0.01
12100	0.01	0.01	0.01	0	0	0.01
12200	0.01	0.04	0.04	0	0	0.01
12300	0	0.03	0.03	0	0	0
12400	0	0.02	0.02	0	0	0
12500	0	0.03	0.03	0	0	0
12600	0	0.03	0.03	0	0	0
12700	0	0.05	0.05	0	0	0
12800	0	0.03	0.03	0	0	0
12900	0.01	0.03	0.03	0	0	0.01
13000	0.02	0.03	0.03	0	0	0.02
13100	0.01	0.04	0.04	0	0	0.01
13200	0.02	0.04	0.04	0	0	0.02
13300	0.02	0.06	0.06	0	0	0.02
13400	0.02	0.08	0.08	0	0	0.02
13500	0.02	0.08	0.08	0	0	0.02
13600	0.01	0.07	0.07	0	0	0.01
13700	0.02	0.06	0.06	0	0	0.02
13800	0	0.08	0.08	0	0	0
13900	0	0.07	0.07	0	0	0
14000	0	0.05	0.05	0	0	0
14100	0	0.06	0.06	0	0	0
14200	0.01	0.05	0.05	0	0	0.01
14300	0	0.07	0.07	0	0	0
14400	0	0.08	0.08	0	0	0
14500	0	0.08	0.08	0	0	0
14600	0.01	0.07	0.07	0	0	0.01
14700	0.01	0.05	0.05	0	0	0.01
14800	0.01	0.05	0.05	0	0	0.01
14900	0.02	0.05	0.05	0	0	0.02
15000	0	0.05	0.05	0	0	0
15100	0	0.06	0.06	0	0	0
15200	0	0.07	0.07	0	0	0
15300	0.01	0.05	0.05	0	0	0.01
15400	0.02	0.06	0.06	0	0	0.02
15500	0.04	0.08	0.08	0	0	0.04
15600	0.04	0.06	0.06	0	0	0.04
15700	0.03	0.05	0.05	0	0	0.03
15800	0.02	0.04	0.04	0	0	0.02
15900	0.01	0.02	0.02	0	0	0.01
16000	0.02	0.01	0.01	0	0	0.02
16100	0.02	0.04	0.04	0	0	0.02
16200	0.03	0.04	0.04	0	0	0.03
16300	0.03	0.05	0.05	0	0	0.03
16400	0.03	0.04	0.04	0	0	0.03
16500	0.02	0.03	0.03	0	0	0.02
16600	0.02	0.01	0.01	0	0	0.02
16700	0.02	0.01	0.01	0	0	0.02
16800	0.02	0.01	0.01	0	0	0.02
16900	0.01	0.01	0.01	0	0	0.01
17000	0.02	0.02	0.02	0	0	0.02
17100	0.02	0.02	0.02	0	0	0.02
17200	0.01	0.02	0.02	0	0	0.01
17300	0.01	0.02	0.02	0	0	0.01
17400	0.03	0.03	0.03	0	0	0.03
17500	0.02	0.04	0.04	0	0	0.02
17600	0.01	0.01	0.01	0	0	0.01
17700	0.01	0	0	0	0	0.01
17800	0	0.02	0.02	0	0	0
17900	0	0.03	0.03	0	0	0
18000	0	0.03	0.03	0	0	0
18100	0	0.03	0.03	0	0	0
18200	0	0.02	0.02	0	0	0
18300	0	0.05	0.05	0	0	0
18400	0	0.04	0.04	0	0	0
18500	0	0.04	0.04	0	0	0
18600	0.01	0.05	0.05	0	0	0.01
18700	0.01	0.04	0.04	0	0	0.01
18800	0.01	0.05	0.05	0	0	0.01
18900	0	0.04	0.04	0	0	0
19000	0	0.04	0.04	0	0	0
19100	0.01	0.04	0.04	0	0	0.01
19200	0.01	0.04	0.04	0	0	0.01
19300	0.01	0.04	0.04	0	0	0.01
19400	0.02	0.02	0.02	0	0	0.02
19500	0.02	0.02	0.02	0	0	0.02
19600	0.03	0.03	0.03	0	0	0.03
19700	0.02	0.03	0.03	0	0	0.02
19800	0.01	0.03	0.03	0	0	0.01
19900	0.01	0.03	0.03	0	0	0.01
20000	0	0.01	0.01	0	0	0
20100	0	0.01	0.01	0	0	0
20200	0.01	0.03	0.03	0	0	0.01
20300	0.02	0.05	0.05	0	0	0.02
20400	0.02	0.07	0.07	0	0	0.02
20500	0.01	0.05	0.05	0	0	0.01
20600	0.01	0.04	0.04	0	0	0.01
20700	0	0.04	0.04	0	0	0
20800	0.01	0.06	0.06	0	0	0.01
20900	0.02	0.06	0.06	0	0	0.02
21000	0.03	0.05	0.05	0	0	0.03
21100	0.03	0.05	0.05	0	0	0.03
21200	0.04	0.03	0.03	0	0	0.04
21300	0.02	0.02	0.02	0	0	0.02
21400	0.02	0.04	0.04	0	0	0.02
21500	0.03	0.04	0.04	0	0	0.03
21600	0.02	0.04	0.04	0	0	0.02
21700	0.01	0.03	0.03	0	0	0.01
21800	0.01	0.06	0.06	0	0	0.01
21900	0.01	0.02	0.02	0	0	0.01
22000	0.02	0.03	0.03	0	0	0.02
22100	0.02	0.05	0.05	0	0	0.02
22200	0.03	0.04	0.04	0	0	0.03
22300	0.02	0.05	0.05	0	0	0.02
22400	0.02	0.05	0.05	0	0	0.02
22500	0.02	0.06	0.06	0	0	0.02
22600	0.01	0.04	0.04	0	0	0.01
22700	0.02	0.02	0.02	0	0	0.02
22800	0.02	0.03	0.03	0	0	0.02
22900	0.01	0.04	0.04	0	0	0.01
23000	0.01	0.05	0.05	0	0	0.01
23100	0.02	0.05	0.05	0	0	0.02
23200	0	0.05	0.05	0	0	0
23300	0	0.03	0.03	0	0	0
23400	0	0.04	0.04	0	0	0
23500	0	0.04	0.04	0	0	0
23600	0.02	0.03	0.03	0	0	0.02
23700	0.02	0.04	0.04	0	0	0.02
23800	0.02	0.05	0.05	0	0	0.02
23900	0.02	0.06	0.06	0	0	0.02
24000	0.02	0.07	0.07	0	0	0.02
24100	0.03	0.08	0.08	0	0	0.03
24200	0.03	0.07	0.07	0	0	0.03
24300	0.01	0.06	0.06	0	0	0.01
24400	0.01	0.04	0.04	0	0	0.01
24500	0.01	0.04	0.04	0	0	0.01
24600	0	0.04	0.04	0	0	0
24700	0	0.04	0.04	0	0	0
24800	0	0.03	0.03	0	0	0
24900	0	0.06	0.06	0	0	0
25000	0.01	0.06	0.06	0	0	0.01
25100	0.02	0.08	0.08	0	0	0.02
25200	0.02	0.08	0.08	0	0	0.02
25300	0.02	0.08	0.08	0	0	0.02
25400	0.01	0.08	0.08	0	0	0.01
25500	0.01	0.08	0.08	0	0	0.01
25600	0.01	0.07	0.07	0	0	0.01
25700	0.01	0.09	0.09	0	0	0.01
25800	0	0.07	0.07	0	0	0
25900	0	0.08	0.08	0	0	0
26000	0	0.05	0.05	0	0	0
26100	0	0.06	0.06	0	0	0
26200	0	0.05	0.05	0	0	0
26300	0	0.04	0.04	0	0	0
26400	0.01	0.04	0.04	0	0	0.01
26500	0.01	0.04	0.04	0	0	0.01
26600	0.01	0.03	0.03	0	0	0.01
26700	0.01	0.01	0.01	0	0	0.01
26800	0.02	0	0	0	0	0.02
26900	0.02	0	0	0	0	0.02
27000	0.01	0.02	0.02	0	0	0.01
27100	0.01	0.04	0.04	0	0	0.01
27200	0.01	0.05	0.05	0	0	0.01
27300	0.01	0.05	0.05	0	0	0.01
27400	0.01	0.04	0.04	0	0	0.01
27500	0.01	0.08	0.08	0	0	0.01
27600	0	0.08	0.08	0	0	0
27700	0	0.09	0.09	0	0	0
27800	0	0.08	0.08	0	0	0
27900	0	0.07	0.07	0	0	0
28000	0	0.05	0.05	0	0	0
28100	0	0.01	0.01	0	0	0
28200	0.01	0.02	0.02	0	0	0.01
28300	0.01	0.04	0.04	0	0	0.01
28400	0.01	0.03	0.03	0	0	0.01
28500	0.01	0.04	0.04	0	0	0.01
28600	0.01	0.04	0.04	0	0	0.01
28700	0	0.02	0.02	0	0	0
28800	0	0.03	0.03	0	0	0
28900	0	0.04	0.04	0	0	0
29000	0	0.04	0.04	0	0	0
29100	0	0.06	0.06	0	0	0
29200	0	0.08	0.08	0	0	0
29300	0.01	0.08	0.08	0	0	0.01
29400	0.01	0.08	0.08	0	0	0.01
29500	0	0.07	0.07	0	0	0
29600	0	0.07	0.07	0	0	0
29700	0	0.08	0.08	0	0	0
29800	0	0.1	0.1	0	0	0
29900	0.01	0.09	0.09	0	0	0.01
30000	0.02	0.07	0.07	0	0	0.02
30100	0.03	0.09	0.09	0	0	0.03
30200	0.02	0.1	0.1	0	0	0.02
30300	0.01	0.08	0.08	0	0	0.01
30400	0.01	0.11	0.11	0	0	0.01
30500	0.01	0.1	0.1	0	0	0.01
30600	0.01	0.11	0.11	0	0	0.01
30700	0	0.1	0.1	0	0	0
30800	0	0.1	0.1	0	0	0
30900	0	0.07	0.07	0	0	0
31000	0	0.07	0.07	0	0	0
31100	0.01	0.1	0.1	0	0	0.01
31200	0.02	0.09	0.09	0	0	0.02
31300	0.02	0.1	0.1	0	0	0.02
31400	0.02	0.12	0.12	0	0	0.02
31500	0.02	0.12	0.12	0	0	0.02
31600	0.01	0.12	0.12	0	0	0.01
31700	0.01	0.12	0.12	0	0	0.01
31800	0.01	0.13	0.13	0	0	0.01
31900	0.02	0.16	0.16	0	0	0.02
32000	0	0.18	0.18	0	0	0
32100	0	0.22	0.22	0	0	0
32200	0.01	0.21	0.21	0	0	0.01
32300	0.01	0.19	0.19	0	0	0.01
32400	0.01	0.15	0.15	0	0	0.01
32500	0.01	0.15	0.15	0	0	0.01
32600	0.01	0.16	0.16	0	0	0.01
32700	0.01	0.13	0.13	0	0	0.01
32800	0.01	0.14	0.14	0	0	0.01
32900	0.01	0.15	0.15	0	0	0.01
33000	0.01	0.16	0.16	0	0	0.01
33100	0.01	0.16	0.16	0	0	0.01
33200	0.02	0.17	0.17	0	0	0.02
33300	0.02	0.19	0.19	0	0	0.02
33400	0.02	0.19	0.19	0	0	0.02
33500	0.02	0.22	0.22	0	0	0.02
33600	0	0.24	0.24	0	0	0
33700	0	0.25	0.25	0	0	0
33800	0	0.25	0.25	0	0	0
33900	0	0.22	0.22	0	0	0
34000	0	0.22	0.22	0	0	0
34100	0	0.24	0.24	0	0	0
34200	0	0.26	0.26	0	0	0
34300	0.01	0.25	0.25	0	0	0.01
34400	0.01	0.24	0.24	0	0	0.01
34500	0.02	0.23	0.23	0	0	0.02
34600	0.02	0.22	0.22	0	0	0.02
34700	0.01	0.22	0.22	0	0	0.01
34800	0.01	0.23	0.23	0	0	0.01
34900	0.01	0.24	0.24	0	0	0.01
35000	0.03	0.27	0.27	0	0	0.03
35100	0.01	0.26	0.26	0	0	0.01
35200	0.01	0.24	0.24	0	0	0.01
35300	0.01	0.25	0.25	0	0	0.01
35400	0.01	0.24	0.24	0	0	0.01
35500	0.02	0.25	0.25	0	0	0.02
35600	0.01	0.26	0.26	0	0	0.01
35700	0.01	0.27	0.27	0	0	0.01
35800	0.02	0.25	0.25	0	0	0.02
35900	0.01	0.25	0.25	0	0	0.01
36000	0.01	0.26	0.26	0	0	0.01
36100	0.01	0.25	0.25	0	0	0.01
36200	0	0.26	0.26	0	0	0
36300	0	0.25	0.25	0	0	0
36400	0	0.26	0.26	0	0	0
36500	0	0.27	0.27	0	0	0
36600	0.01	0.29	0.29	0	0	0.01
36700	0.01	0.29	0.29	0	0	0.01
36800	0.01	0.28	0.28	0	0	0.01
36900	0.02	0.29	0.29	0	0	0.02
37000	0.03	0.28	0.28	0	0	0.03
37100	0.01	0.29	0.29	0	0	0.01
37200	0.01	0.29	0.29	0	0	0.01
37300	0.01	0.28	0.28	0	0	0.01
37400	0	0.3	0.3	0	0	0
37500	0.01	0.32	0.32	0	0	0.01
37600	0.02	0.34	0.34	0	0	0.02
37700	0.02	0.34	0.34	0	0	0.02
37800	0.02	0.34	0.34	0	0	0.02
37900	0.02	0.35	0.35	0	0	0.02
38000	0.02	0.36	0.36	0	0	0.02
38100	0.01	0.36	0.36	0	0	0.01
38200	0.02	0.37	0.37	0	0	0.02
38300	0.02	0.36	0.36	0	0	0.02
38400	0	0.37	0.37	0	0	0
38500	0	0.38	0.38	0	0	0
38600	0	0.37	0.37	0	0	0
38700	0	0.37	0.37	0	0	0
38800	0	0.38	0.38	0	0	0
38900	0.01	0.38	0.38	0	0	0.01
39000	0.02	0.4	0.4	0	0	0.02
39100	0.02	0.4	0.4	0	0	0.02
39200	0.02	0.4	0.4	0	0	0.02
39300	0.02	0.41	0.41	0	0	0.02
39400	0.01	0.39	0.39	0	0	0.01
39500	0.01	0.38	0.38	0	0	0.01
39600	0	0.37	0.37	0	0	0
39700	0	0.37	0.37	0	0	0
39800	0	0.37	0.37	0	0	0
39900	0	0.37	0.37	0	0	0
40000	0	0.36	0.36	0	0	0
40100	0	0.36	0.36	0	0	0
40200	0	0.36	0.36	0	0	0
40300	0	0.36	0.36	0	0	0
40400	0	0.38	0.38	0	0	0
40500	0	0.38	0.38	0	0	0
40600	0	0.39	0.39	0	0	0
40700	0.01	0.4	0.4	0	0	0.01
40800	0.01	0.4	0.4	0	0	0.01
40900	0.01	0.4	0.4	0	0	0.01
41000	0.01	0.4	0.4	0	0	0.01
41100	0.01	0.4	0.4	0	0	0.01
41200	0.01	0.4	0.4	0	0	0.01
41300	0	0.4	0.4	0	0	0
41400	0	0.4	0.4	0	0	0
41500	0.01	0.4	0.4	0	0	0.01
41600	0.01	0.41	0.41	0	0	0.01
41700	0.02	0.41	0.41	0	0	0.02
41800	0.02	0.42	0.42	0	0	0.02
41900	0.03	0.44	0.44	0	0	0.03
42000	0.01	0.44	0.44	0	0	0.01
42100	0.01	0.42	0.42	0	0	0.01
42200	0.01	0.41	0.41	0	0	0.01
42300	0.01	0.41	0.41	0	0	0.01
42400	0	0.41	0.41	0	0	0
42500	0.02	0.41	0.41	0	0	0.02
42600	0.02	0.41	0.41	0	0	0.02
42700	0.02	0.42	0.42	0	0	0.02
42800	0.03	0.42	0.42	0	0	0.03
42900	0.03	0.43	0.43	0	0	0.03
43000	0.02	0.43	0.43	0	0	0.02
43100	0.01	0.43	0.43	0	0	0.01
43200	0.01	0.43	0.43	0	0	0.01
43300	0.01	0.43	0.43	0	0	0.01
43400	0	0.43	0.43	0	0	0
43500	0	0.44	0.44	0	0	0
43600	0	0.44	0.44	0	0	0
43700	0	0.44	0.44	0	0	0
43800	0.02	0.44	0.44	0	0	0.02
43900	0.03	0.44	0.44	0	0	0.03
44000	0.03	0.44	0.44	0	0	0.03
44100	0.03	0.44	0.44	0	0	0.03
44200	0.02	0.44	0.44	0	0	0.02
44300	0.01	0.44	0.44	0	0	0.01
44400	0	0.45	0.45	0	0	0
44500	0	0.46	0.46	0	0	0
44600	0	0.46	0.46	0	0	0
44700	0	0.45	0.45	0	0	0
44800	0	0.45	0.45	0	0	0
44900	0	0.45	0.45	0	0	0
45000	0	0.46	0.46	0	0	0
45100	0	0.46	0.46	0	0	0
45200	0	0.46	0.46	0	0	0
45300	0	0.46	0.46	0	0	0
45400	0.01	0.46	0.46	0	0	0.01
45500	0.01	0.46	0.46	0	0	0.01
45600	0.01	0.47	0.47	0	0	0.01
45700	0.01	0.48	0.48	0	0	0.01
45800	0.01	0.47	0.47	0	0	0.01
45900	0.01	0.46	0.46	0	0	0.01
46000	0	0.46	0.46	0	0	0
46100	0	0.46	0.46	0	0	0
46200	0	0.46	0.46	0	0	0
46300	0.01	0.47	0.47	0	0	0.01
46400	0.02	0.49	0.49	0	0	0.02
46500	0.02	0.49	0.49	0	0	0.02
46600	0.01	0.49	0.49	0	0	0.01
46700	0.01	0.49	0.49	0	0	0.01
46800	0.01	0.49	0.49	0	0	0.01
46900	0	0.49	0.49	0	0	0
47000	0	0.49	0.49	0	0	0
47100	0	0.5	0.5	0	0	0
47200	0	0.5	0.5	0	0	0
47300	0	0.5	0.5	0	0	0
47400	0	0.5	0.5	0	0	0
47500	0	0.5	0.5	0	0	0
47600	0	0.5	0.5	0	0	0
47700	0.02	0.5	0.5	0	0	0.02
47800	0.02	0.5	0.5	0	0	0.02
47900	0.02	0.5	0.5	0	0	0.02
48000	0.02	0.51	0.51	0	0	0.02
48100	0.02	0.51	0.51	0	0	0.02
48200	0.02	0.51	0.51	0	0	0.02
48300	0.02	0.51	0.51	0	0	0.02
48400	0.02	0.51	0.51	0	0	0.02
48500	0.03	0.51	0.51	0	0	0.03
48600	0.03	0.52	0.52	0	0	0.03
48700	0.02	0.52	0.52	0	0	0.02
48800	0.02	0.53	0.53	0	0	0.02
48900	0	0.53	0.53	0	0	0
49000	0.01	0.53	0.53	0	0	0.01
49100	0.01	0.53	0.53	0	0	0.01
49200	0.02	0.52	0.52	0	0	0.02
49300	0.02	0.52	0.52	0	0	0.02
49400	0.03	0.52	0.52	0	0	0.03
49500	0.05	0.52	0.52	0	0	0.05
49600	0.04	0.53	0.53	0	0	0.04
49700	0.05	0.52	0.52	0	0	0.05
49800	0.01	0.52	0.52	0	0	0.01
49900	0.01	0.52	0.52	0	0	0.01
50000	0.02	0.53	0.53	0	0	0.02
50100	0.02	0.53	0.53	0	0	0.02
50200	0.02	0.52	0.52	0	0	0.02
50300	0.01	0.52	0.52	0	0	0.01
50400	0.01	0.52	0.52	0	0	0.01
50500	0.01	0.52	0.52	0	0	0.01
50600	0.02	0.53	0.53	0	0	0.02
50700	0.01	0.52	0.52	0	0	0.01
50800	0.01	0.53	0.53	0	0	0.01
50900	0.01	0.52	0.52	0	0	0.01
51000	0.02	0.53	0.53	0	0	0.02
51100	0.01	0.53	0.53	0	0	0.01
51200	0.01	0.53	0.53	0	0	0.01
51300	0.01	0.53	0.53	0	0	0.01
51400	0.01	0.53	0.53	0	0	0.01
51500	0.01	0.53	0.53	0	0	0.01
51600	0.01	0.53	0.53	0	0	0.01
51700	0.02	0.53	0.53	0	0	0.02
51800	0.02	0.53	0.53	0	0	0.02
51900	0.02	0.53	0.53	0	0	0.02
52000	0.01	0.54	0.54	0	0	0.01
52100	0.01	0.54	0.54	0	0	0.01
52200	0.01	0.54	0.54	0	0	0.01
52300	0.02	0.54	0.54	0	0	0.02
52400	0.02	0.54	0.54	0	0	0.02
52500	0.02	0.54	0.54	0	0	0.02
52600	0	0.55	0.55	0	0	0
52700	0	0.55	0.55	0	0	0
52800	0.01	0.55	0.55	0	0	0.01
52900	0.01	0.55	0.55	0	0	0.01
53000	0.02	0.57	0.57	0	0	0.02
53100	0.02	0.57	0.57	0	0	0.02
53200	0.02	0.58	0.58	0	0	0.02
53300	0.02	0.57	0.57	0	0	0.02
53400	0.01	0.57	0.57	0	0	0.01
53500	0.02	0.58	0.58	0	0	0.02
53600	0.02	0.57	0.57	0	0	0.02
53700	0	0.57	0.57	0	0	0
53800	0	0.57	0.57	0	0	0
53900	0	0.57	0.57	0	0	0
54000	0	0.57	0.57	0	0	0
54100	0	0.57	0.57	0	0	0
54200	0.01	0.57	0.57	0	0	0.01
54300	0	0.57	0.57	0	0	0
54400	0	0.57	0.57	0	0	0
54500	0	0.56	0.56	0	0	0
54600	0	0.56	0.56	0	0	0
54700	0	0.56	0.56	0	0	0
54800	0.01	0.56	0.56	0	0	0.01
54900	0.01	0.56	0.56	0	0	0.01
55000	0.01	0.57	0.57	0	0	0.01
55100	0.01	0.57	0.57	0	0	0.01
55200	0	0.57	0.57	0	0	0
55300	0	0.56	0.56	0	0	0
55400	0	0.56	0.56	0	0	0
55500	0	0.55	0.55	0	0	0
55600	0	0.55	0.55	0	0	0
55700	0	0.55	0.55	0	0	0
55800	0	0.55	0.55	0	0	0
55900	0	0.56	0.56	0	0	0
56000	0.01	0.56	0.56	0	0	0.01
56100	0.02	0.56	0.56	0	0	0.02
56200	0.02	0.56	0.56	0	0	0.02
56300	0.02	0.55	0.55	0	0	0.02
56400	0.02	0.55	0.55	0	0	0.02
56500	0.01	0.55	0.55	0	0	0.01
56600	0.01	0.55	0.55	0	0	0.01
56700	0	0.55	0.55	0	0	0
56800	0.01	0.55	0.55	0	0	0.01
56900	0.01	0.55	0.55	0	0	0.01
57000	0	0.56	0.56	0	0	0
57100	0	0.56	0.56	0	0	0
57200	0.01	0.57	0.57	0	0	0.01
57300	0.01	0.57	0.57	0	0	0.01
57400	0.01	0.57	0.57	0	0	0.01
57500	0.01	0.57	0.57	0	0	0.01
57600	0.01	0.57	0.57	0	0	0.01
57700	0	0.57	0.57	0	0	0
57800	0	0.57	0.57	0	0	0
57900	0	0.58	0.58	0	0	0
58000	0	0.58	0.58	0	0	0
58100	0	0.58	0.58	0	0	0
58200	0	0.58	0.58	0	0	0
58300	0	0.58	0.58	0	0	0
58400	0	0.58	0.58	0	0	0
58500	0	0.6	0.6	0	0	0
58600	0	0.59	0.59	0	0	0
58700	0	0.59	0.59	0	0	0
58800	0	0.59	0.59	0	0	0
58900	0.01	0.59	0.59	0	0	0.01
59000	0	0.58	0.58	0	0	0
59100	0	0.58	0.58	0	0	0
59200	0	0.58	0.58	0	0	0
59300	0	0.58	0.58	0	0	0
59400	0	0.58	0.58	0	0	0
59500	0.01	0.58	0.58	0	0	0.01
59600	0.01	0.58	0.58	0	0	0.01
59700	0.01	0.58	0.58	0	0	0.01
59800	0	0.58	0.58	0	0	0
59900	0.01	0.58	0.58	0	0	0.01
60000	0.01	0.58	0.58	0	0	0.01
60100	0.01	0.59	0.59	0	0	0.01
60200	0.01	0.59	0.59	0	0	0.01
60300	0.02	0.59	0.59	0	0	0.02
60400	0.01	0.59	0.59	0	0	0.01
60500	0.01	0.6	0.6	0	0	0.01
60600	0.01	0.6	0.6	0	0	0.01
60700	0.01	0.59	0.59	0	0	0.01
60800	0.02	0.6	0.6	0	0	0.02
60900	0.01	0.61	0.61	0	0	0.01
61000	0.01	0.61	0.61	0	0	0.01
61100	0.01	0.61	0.61	0	0	0.01
61200	0.01	0.61	0.61	0	0	0.01
61300	0.01	0.61	0.61	0	0	0.01
61400	0.01	0.61	0.61	0	0	0.01
61500	0.01	0.61	0.61	0	0	0.01
61600	0.01	0.61	0.61	0	0	0.01
61700	0	0.61	0.61	0	0	0
61800	0	0.61	0.61	0	0	0
61900	0.01	0.61	0.61	0	0	0.01
62000	0.01	0.61	0.61	0	0	0.01
62100	0.03	0.61	0.61	0	0	0.03
62200	0.03	0.61	0.61	0	0	0.03
62300	0.02	0.61	0.61	0	0	0.02
62400	0.03	0.61	0.61	0	0	0.03
62500	0.03	0.61	0.61	0	0	0.03
62600	0.04	0.62	0.62	0	0	0.04
62700	0.04	0.62	0.62	0	0	0.04
62800	0.04	0.62	0.62	0	0	0.04
62900	0.03	0.62	0.62	0	0	0.03
63000	0.03	0.61	0.61	0	0	0.03
63100	0.01	0.61	0.61	0	0	0.01
63200	0	0.61	0.61	0	0	0
63300	0	0.61	0.61	0	0	0
63400	0	0.61	0.61	0	0	0
63500	0	0.61	0.61	0	0	0
63600	0	0.62	0.62	0	0	0
63700	0.02	0.62	0.62	0	0	0.02
63800	0.02	0.63	0.63	0	0	0.02
