100	0.05	0.08	0.08	0	0	0.05
200	0.06	0.07	0.07	0	0	0.06
300	0.05	0.07	0.07	0	0	0.05
400	0.09	0.09	0.09	0	0	0.09
500	0.08	0.09	0.09	0	0	0.08
600	0.07	0.08	0.08	0	0	0.07
700	0.05	0.1	0.1	0	0	0.05
800	0.06	0.11	0.11	0	0	0.06
900	0.06	0.1	0.1	0	0	0.06
1000	0.06	0.08	0.08	0	0	0.06
1100	0.04	0.07	0.07	0	0	0.04
1200	0.04	0.07	0.07	0	0	0.04
1300	0.03	0.07	0.07	0	0	0.03
1400	0.03	0.07	0.07	0	0	0.03
1500	0.04	0.08	0.08	0	0	0.04
1600	0.04	0.08	0.08	0	0	0.04
1700	0.06	0.08	0.08	0	0	0.06
1800	0.05	0.09	0.09	0	0	0.05
1900	0.03	0.08	0.08	0	0	0.03
2000	0.04	0.09	0.09	0	0	0.04
2100	0.02	0.09	0.09	0	0	0.02
2200	0.01	0.08	0.08	0	0	0.01
2300	0.02	0.09	0.09	0	0	0.02
2400	0.04	0.1	0.1	0	0	0.04
2500	0.04	0.1	0.1	0	0	0.04
2600	0.04	0.1	0.1	0	0	0.04
2700	0.04	0.12	0.12	0	0	0.04
2800	0.04	0.13	0.13	0	0	0.04
2900	0.06	0.13	0.13	0	0	0.06
3000	0.04	0.13	0.13	0	0	0.04
3100	0.01	0.13	0.13	0	0	0.01
3200	0.03	0.11	0.11	0	0	0.03
3300	0.04	0.13	0.13	0	0	0.04
3400	0.04	0.13	0.13	0	0	0.04
3500	0.04	0.12	0.12	0	0	0.04
3600	0.03	0.13	0.13	0	0	0.03
3700	0.02	0.13	0.13	0	0	0.02
3800	0	0.14	0.14	0	0	0
3900	0.01	0.13	0.13	0	0	0.01
4000	0.02	0.14	0.14	0	0	0.02
4100	0.04	0.16	0.16	0	0	0.04
4200	0.04	0.16	0.16	0	0	0.04
4300	0.04	0.16	0.16	0	0	0.04
4400	0.04	0.16	0.16	0	0	0.04
4500	0.03	0.16	0.16	0	0	0.03
4600	0.02	0.15	0.15	0	0	0.02
4700	0.03	0.15	0.15	0	0	0.03
4800	0.04	0.15	0.15	0	0	0.04
4900	0.05	0.15	0.15	0	0	0.05
5000	0.05	0.14	0.14	0	0	0.05
5100	0.04	0.13	0.13	0	0	0.04
5200	0.02	0.13	0.13	0	0	0.02
5300	0.01	0.13	0.13	0	0	0.01
5400	0.01	0.12	0.12	0	0	0.01
5500	0.02	0.12	0.12	0	0	0.02
5600	0.02	0.13	0.13	0	0	0.02
5700	0.01	0.15	0.15	0	0	0.01
5800	0	0.14	0.14	0	0	0
5900	0.01	0.12	0.12	0	0	0.01
6000	0.01	0.13	0.13	0	0	0.01
6100	0.03	0.13	0.13	0	0	0.03
6200	0.03	0.12	0.12	0	0	0.03
6300	0.01	0.13	0.13	0	0	0.01
6400	0	0.13	0.13	0	0	0
6500	0	0.13	0.13	0	0	0
6600	0.02	0.14	0.14	0	0	0.02
6700	0.03	0.16	0.16	0	0	0.03
6800	0.03	0.18	0.18	0	0	0.03
6900	0.03	0.18	0.18	0	0	0.03
7000	0.03	0.18	0.18	0	0	0.03
7100	0.04	0.19	0.19	0	0	0.04
7200	0.04	0.18	0.18	0	0	0.04
7300	0.04	0.18	0.18	0	0	0.04
7400	0.05	0.19	0.19	0	0	0.05
7500	0.05	0.19	0.19	0	0	0.05
7600	0.05	0.19	0.19	0	0	0.05
7700	0.03	0.2	0.2	0	0	0.03
7800	0.02	0.2	0.2	0	0	0.02
7900	0.01	0.2	0.2	0	0	0.01
8000	0.02	0.2	0.2	0	0	0.02
8100	0.01	0.2	0.2	0	0	0.01
8200	0.02	0.21	0.21	0	0	0.02
8300	0.02	0.22	0.22	0	0	0.02
8400	0.02	0.22	0.22	0	0	0.02
8500	0.04	0.22	0.22	0	0	0.04
8600	0.06	0.22	0.22	0	0	0.06
8700	0.05	0.22	0.22	0	0	0.05
8800	0.03	0.22	0.22	0	0	0.03
8900	0.03	0.23	0.23	0	0	0.03
9000	0.03	0.23	0.23	0	0	0.03
9100	0.01	0.23	0.23	0	0	0.01
9200	0.02	0.23	0.23	0	0	0.02
9300	0.02	0.24	0.24	0	0	0.02
9400	0.02	0.26	0.26	0	0	0.02
9500	0.02	0.27	0.27	0	0	0.02
9600	0.03	0.26	0.26	0	0	0.03
9700	0.05	0.25	0.25	0	0	0.05
9800	0.05	0.24	0.24	0	0	0.05
9900	0.06	0.24	0.24	0	0	0.06
10000	0.03	0.24	0.24	0	0	0.03
10100	0.01	0.24	0.24	0	0	0.01
10200	0	0.24	0.24	0	0	0
10300	0	0.24	0.24	0	0	0
10400	0.01	0.24	0.24	0	0	0.01
10500	0.02	0.25	0.25	0	0	0.02
10600	0.03	0.25	0.25	0	0	0.03
10700	0.02	0.26	0.26	0	0	0.02
10800	0.01	0.27	0.27	0	0	0.01
10900	0.02	0.23	0.23	0	0	0.02
11000	0.02	0.23	0.23	0	0	0.02
11100	0.02	0.22	0.22	0	0	0.02
11200	0.02	0.22	0.22	0	0	0.02
11300	0.02	0.22	0.22	0	0	0.02
11400	0.02	0.23	0.23	0	0	0.02
11500	0.03	0.23	0.23	0	0	0.03
11600	0.01	0.24	0.24	0	0	0.01
11700	0.02	0.24	0.24	0	0	0.02
11800	0.02	0.24	0.24	0	0	0.02
11900	0.01	0.23	0.23	0	0	0.01
12000	0.02	0.24	0.24	0	0	0.02
12100	0.01	0.25	0.25	0	0	0.01
12200	0.01	0.25	0.25	0	0	0.01
12300	0.02	0.24	0.24	0	0	0.02
12400	0.03	0.25	0.25	0	0	0.03
12500	0.05	0.25	0.25	0	0	0.05
12600	0.06	0.26	0.26	0	0	0.06
12700	0.04	0.26	0.26	0	0	0.04
12800	0.04	0.25	0.25	0	0	0.04
12900	0.03	0.25	0.25	0	0	0.03
13000	0.03	0.25	0.25	0	0	0.03
13100	0.01	0.25	0.25	0	0	0.01
13200	0.01	0.26	0.26	0	0	0.01
13300	0.01	0.28	0.28	0	0	0.01
13400	0.04	0.28	0.28	0	0	0.04
13500	0.06	0.28	0.28	0	0	0.06
13600	0.02	0.28	0.28	0	0	0.02
13700	0.02	0.27	0.27	0	0	0.02
13800	0.01	0.27	0.27	0	0	0.01
13900	0.04	0.27	0.27	0	0	0.04
14000	0.04	0.27	0.27	0	0	0.04
14100	0.04	0.27	0.27	0	0	0.04
14200	0.01	0.28	0.28	0	0	0.01
14300	0.02	0.28	0.28	0	0	0.02
14400	0.04	0.29	0.29	0	0	0.04
14500	0.03	0.29	0.29	0	0	0.03
14600	0	0.29	0.29	0	0	0
14700	0	0.3	0.3	0	0	0
14800	0.01	0.29	0.29	0	0	0.01
14900	0.01	0.3	0.3	0	0	0.01
15000	0.01	0.31	0.31	0	0	0.01
15100	0.02	0.31	0.31	0	0	0.02
15200	0.03	0.32	0.32	0	0	0.03
15300	0.03	0.32	0.32	0	0	0.03
15400	0.02	0.32	0.32	0	0	0.02
15500	0	0.32	0.32	0	0	0
15600	0	0.32	0.32	0	0	0
15700	0	0.33	0.33	0	0	0
15800	0	0.33	0.33	0	0	0
15900	0	0.33	0.33	0	0	0
16000	0	0.33	0.33	0	0	0
16100	0.02	0.32	0.32	0	0	0.02
16200	0.02	0.32	0.32	0	0	0.02
16300	0.02	0.32	0.32	0	0	0.02
16400	0.03	0.32	0.32	0	0	0.03
16500	0.01	0.32	0.32	0	0	0.01
16600	0.02	0.32	0.32	0	0	0.02
16700	0.01	0.33	0.33	0	0	0.01
16800	0	0.35	0.35	0	0	0
16900	0.01	0.36	0.36	0	0	0.01
17000	0.01	0.35	0.35	0	0	0.01
17100	0.03	0.35	0.35	0	0	0.03
17200	0.02	0.35	0.35	0	0	0.02
17300	0.04	0.35	0.35	0	0	0.04
17400	0.08	0.35	0.35	0	0	0.08
17500	0.09	0.34	0.34	0	0	0.09
17600	0.09	0.34	0.34	0	0	0.09
17700	0.09	0.35	0.35	0	0	0.09
17800	0.08	0.35	0.35	0	0	0.08
17900	0.07	0.35	0.35	0	0	0.07
18000	0.06	0.35	0.35	0	0	0.06
18100	0.04	0.35	0.35	0	0	0.04
18200	0.01	0.36	0.36	0	0	0.01
18300	0.01	0.36	0.36	0	0	0.01
18400	0.01	0.36	0.36	0	0	0.01
18500	0.01	0.36	0.36	0	0	0.01
18600	0.01	0.36	0.36	0	0	0.01
18700	0.03	0.37	0.37	0	0	0.03
18800	0.03	0.37	0.37	0	0	0.03
18900	0.03	0.37	0.37	0	0	0.03
19000	0.02	0.37	0.37	0	0	0.02
19100	0.03	0.37	0.37	0	0	0.03
19200	0.03	0.37	0.37	0	0	0.03
19300	0.04	0.37	0.37	0	0	0.04
19400	0.02	0.37	0.37	0	0	0.02
19500	0.04	0.37	0.37	0	0	0.04
19600	0.03	0.37	0.37	0	0	0.03
19700	0.05	0.37	0.37	0	0	0.05
19800	0.06	0.38	0.38	0	0	0.06
19900	0.05	0.38	0.38	0	0	0.05
20000	0.05	0.38	0.38	0	0	0.05
20100	0.02	0.38	0.38	0	0	0.02
20200	0.01	0.37	0.37	0	0	0.01
20300	0.02	0.37	0.37	0	0	0.02
20400	0.03	0.37	0.37	0	0	0.03
20500	0.04	0.37	0.37	0	0	0.04
20600	0.04	0.37	0.37	0	0	0.04
20700	0.04	0.37	0.37	0	0	0.04
20800	0.05	0.38	0.38	0	0	0.05
20900	0.03	0.38	0.38	0	0	0.03
21000	0.04	0.38	0.38	0	0	0.04
21100	0.06	0.38	0.38	0	0	0.06
21200	0.06	0.38	0.38	0	0	0.06
21300	0.04	0.38	0.38	0	0	0.04
21400	0.03	0.38	0.38	0	0	0.03
21500	0.02	0.38	0.38	0	0	0.02
21600	0.01	0.38	0.38	0	0	0.01
21700	0.01	0.38	0.38	0	0	0.01
21800	0.01	0.38	0.38	0	0	0.01
21900	0.02	0.38	0.38	0	0	0.02
22000	0.04	0.38	0.38	0	0	0.04
22100	0.04	0.38	0.38	0	0	0.04
22200	0.03	0.38	0.38	0	0	0.03
22300	0.01	0.38	0.38	0	0	0.01
22400	0.02	0.38	0.38	0	0	0.02
22500	0.01	0.38	0.38	0	0	0.01
22600	0.02	0.38	0.38	0	0	0.02
22700	0.03	0.39	0.39	0	0	0.03
22800	0.04	0.39	0.39	0	0	0.04
22900	0.02	0.39	0.39	0	0	0.02
23000	0.03	0.39	0.39	0	0	0.03
23100	0.02	0.39	0.39	0	0	0.02
23200	0.03	0.39	0.39	0	0	0.03
23300	0.03	0.38	0.38	0	0	0.03
23400	0.06	0.38	0.38	0	0	0.06
23500	0.05	0.38	0.38	0	0	0.05
23600	0.04	0.38	0.38	0	0	0.04
23700	0.04	0.38	0.38	0	0	0.04
23800	0.02	0.38	0.38	0	0	0.02
23900	0.03	0.38	0.38	0	0	0.03
24000	0.03	0.38	0.38	0	0	0.03
24100	0.03	0.38	0.38	0	0	0.03
24200	0.03	0.39	0.39	0	0	0.03
24300	0.02	0.38	0.38	0	0	0.02
24400	0.05	0.38	0.38	0	0	0.05
24500	0.03	0.38	0.38	0	0	0.03
24600	0.04	0.38	0.38	0	0	0.04
24700	0.04	0.38	0.38	0	0	0.04
24800	0.06	0.38	0.38	0	0	0.06
24900	0.05	0.38	0.38	0	0	0.05
25000	0.06	0.38	0.38	0	0	0.06
25100	0.07	0.39	0.39	0	0	0.07
25200	0.07	0.39	0.39	0	0	0.07
25300	0.07	0.39	0.39	0	0	0.07
25400	0.07	0.4	0.4	0	0	0.07
25500	0.07	0.41	0.41	0	0	0.07
25600	0.08	0.42	0.42	0	0	0.08
25700	0.06	0.41	0.41	0	0	0.06
25800	0.07	0.41	0.41	0	0	0.07
25900	0.06	0.41	0.41	0	0	0.06
26000	0.03	0.41	0.41	0	0	0.03
26100	0.01	0.41	0.41	0	0	0.01
26200	0.01	0.41	0.41	0	0	0.01
26300	0.01	0.41	0.41	0	0	0.01
26400	0.03	0.41	0.41	0	0	0.03
26500	0.03	0.41	0.41	0	0	0.03
26600	0.04	0.41	0.41	0	0	0.04
26700	0.05	0.41	0.41	0	0	0.05
26800	0.05	0.41	0.41	0	0	0.05
26900	0.06	0.41	0.41	0	0	0.06
27000	0.04	0.41	0.41	0	0	0.04
27100	0.03	0.42	0.42	0	0	0.03
27200	0.02	0.42	0.42	0	0	0.02
27300	0.02	0.42	0.42	0	0	0.02
27400	0.02	0.42	0.42	0	0	0.02
27500	0.02	0.43	0.43	0	0	0.02
27600	0.04	0.43	0.43	0	0	0.04
27700	0.03	0.43	0.43	0	0	0.03
27800	0.04	0.43	0.43	0	0	0.04
27900	0.06	0.43	0.43	0	0	0.06
28000	0.06	0.43	0.43	0	0	0.06
28100	0.05	0.43	0.43	0	0	0.05
28200	0.03	0.43	0.43	0	0	0.03
28300	0.02	0.43	0.43	0	0	0.02
28400	0.02	0.43	0.43	0	0	0.02
28500	0.01	0.43	0.43	0	0	0.01
28600	0.02	0.43	0.43	0	0	0.02
28700	0.02	0.43	0.43	0	0	0.02
28800	0.03	0.43	0.43	0	0	0.03
28900	0.02	0.43	0.43	0	0	0.02
29000	0.02	0.43	0.43	0	0	0.02
29100	0.02	0.43	0.43	0	0	0.02
29200	0.02	0.43	0.43	0	0	0.02
29300	0.02	0.43	0.43	0	0	0.02
29400	0.02	0.43	0.43	0	0	0.02
29500	0.03	0.43	0.43	0	0	0.03
29600	0.02	0.43	0.43	0	0	0.02
29700	0.03	0.43	0.43	0	0	0.03
29800	0.01	0.43	0.43	0	0	0.01
29900	0.01	0.42	0.42	0	0	0.01
30000	0.01	0.42	0.42	0	0	0.01
30100	0.02	0.43	0.43	0	0	0.02
30200	0.02	0.43	0.43	0	0	0.02
30300	0.02	0.43	0.43	0	0	0.02
30400	0.03	0.43	0.43	0	0	0.03
30500	0.01	0.42	0.42	0	0	0.01
30600	0.01	0.41	0.41	0	0	0.01
30700	0.02	0.41	0.41	0	0	0.02
30800	0.01	0.41	0.41	0	0	0.01
30900	0.02	0.41	0.41	0	0	0.02
31000	0.03	0.4	0.4	0	0	0.03
31100	0.04	0.4	0.4	0	0	0.04
31200	0.03	0.4	0.4	0	0	0.03
31300	0.03	0.4	0.4	0	0	0.03
31400	0.03	0.4	0.4	0	0	0.03
31500	0.04	0.4	0.4	0	0	0.04
31600	0.04	0.4	0.4	0	0	0.04
31700	0.03	0.4	0.4	0	0	0.03
31800	0.04	0.4	0.4	0	0	0.04
31900	0.04	0.4	0.4	0	0	0.04
32000	0.03	0.4	0.4	0	0	0.03
32100	0.03	0.4	0.4	0	0	0.03
32200	0.02	0.4	0.4	0	0	0.02
32300	0.03	0.4	0.4	0	0	0.03
32400	0.04	0.4	0.4	0	0	0.04
32500	0.05	0.4	0.4	0	0	0.05
32600	0.05	0.4	0.4	0	0	0.05
32700	0.04	0.4	0.4	0	0	0.04
32800	0.06	0.41	0.41	0	0	0.06
32900	0.06	0.41	0.41	0	0	0.06
33000	0.03	0.41	0.41	0	0	0.03
33100	0.02	0.41	0.41	0	0	0.02
33200	0.03	0.41	0.41	0	0	0.03
33300	0.03	0.41	0.41	0	0	0.03
33400	0.03	0.42	0.42	0	0	0.03
33500	0.03	0.42	0.42	0	0	0.03
33600	0.01	0.43	0.43	0	0	0.01
33700	0.01	0.42	0.42	0	0	0.01
33800	0	0.42	0.42	0	0	0
33900	0	0.42	0.42	0	0	0
34000	0	0.42	0.42	0	0	0
34100	0	0.43	0.43	0	0	0
34200	0.01	0.42	0.42	0	0	0.01
34300	0.02	0.42	0.42	0	0	0.02
34400	0.04	0.43	0.43	0	0	0.04
34500	0.04	0.42	0.42	0	0	0.04
34600	0.04	0.42	0.42	0	0	0.04
34700	0.04	0.42	0.42	0	0	0.04
34800	0.01	0.41	0.41	0	0	0.01
34900	0.01	0.42	0.42	0	0	0.01
35000	0.01	0.42	0.42	0	0	0.01
35100	0.02	0.41	0.41	0	0	0.02
35200	0.02	0.41	0.41	0	0	0.02
35300	0.02	0.41	0.41	0	0	0.02
35400	0.02	0.4	0.4	0	0	0.02
35500	0.02	0.4	0.4	0	0	0.02
35600	0.01	0.4	0.4	0	0	0.01
35700	0	0.4	0.4	0	0	0
35800	0.01	0.4	0.4	0	0	0.01
35900	0.01	0.4	0.4	0	0	0.01
36000	0.01	0.4	0.4	0	0	0.01
36100	0.03	0.41	0.41	0	0	0.03
36200	0.01	0.41	0.41	0	0	0.01
36300	0	0.41	0.41	0	0	0
36400	0	0.41	0.41	0	0	0
36500	0	0.41	0.41	0	0	0
36600	0	0.41	0.41	0	0	0
36700	0	0.41	0.41	0	0	0
36800	0	0.41	0.41	0	0	0
36900	0.01	0.42	0.42	0	0	0.01
37000	0.02	0.42	0.42	0	0	0.02
37100	0.03	0.43	0.43	0	0	0.03
37200	0.05	0.43	0.43	0	0	0.05
37300	0.05	0.43	0.43	0	0	0.05
37400	0.07	0.43	0.43	0	0	0.07
37500	0.05	0.43	0.43	0	0	0.05
37600	0.04	0.43	0.43	0	0	0.04
37700	0.04	0.43	0.43	0	0	0.04
37800	0.03	0.43	0.43	0	0	0.03
37900	0.02	0.43	0.43	0	0	0.02
38000	0.02	0.44	0.44	0	0	0.02
38100	0.01	0.44	0.44	0	0	0.01
38200	0.01	0.44	0.44	0	0	0.01
38300	0.02	0.44	0.44	0	0	0.02
38400	0.03	0.44	0.44	0	0	0.03
38500	0.02	0.44	0.44	0	0	0.02
38600	0.03	0.44	0.44	0	0	0.03
38700	0.05	0.44	0.44	0	0	0.05
38800	0.05	0.44	0.44	0	0	0.05
38900	0.04	0.44	0.44	0	0	0.04
39000	0.05	0.44	0.44	0	0	0.05
39100	0.04	0.44	0.44	0	0	0.04
39200	0.02	0.44	0.44	0	0	0.02
39300	0.02	0.44	0.44	0	0	0.02
39400	0.02	0.44	0.44	0	0	0.02
39500	0.03	0.44	0.44	0	0	0.03
39600	0.03	0.44	0.44	0	0	0.03
39700	0.04	0.44	0.44	0	0	0.04
39800	0.03	0.44	0.44	0	0	0.03
39900	0.02	0.44	0.44	0	0	0.02
40000	0.02	0.44	0.44	0	0	0.02
40100	0.01	0.44	0.44	0	0	0.01
40200	0.01	0.44	0.44	0	0	0.01
40300	0.02	0.44	0.44	0	0	0.02
40400	0.03	0.44	0.44	0	0	0.03
40500	0.02	0.44	0.44	0	0	0.02
40600	0.03	0.44	0.44	0	0	0.03
40700	0.02	0.45	0.45	0	0	0.02
40800	0	0.45	0.45	0	0	0
40900	0	0.44	0.44	0	0	0
41000	0.03	0.44	0.44	0	0	0.03
41100	0.03	0.44	0.44	0	0	0.03
41200	0.02	0.45	0.45	0	0	0.02
41300	0.02	0.45	0.45	0	0	0.02
41400	0.01	0.45	0.45	0	0	0.01
41500	0.02	0.45	0.45	0	0	0.02
41600	0.02	0.45	0.45	0	0	0.02
41700	0.01	0.46	0.46	0	0	0.01
41800	0.02	0.46	0.46	0	0	0.02
41900	0.01	0.46	0.46	0	0	0.01
42000	0.01	0.45	0.45	0	0	0.01
42100	0.02	0.45	0.45	0	0	0.02
42200	0.01	0.45	0.45	0	0	0.01
42300	0.03	0.46	0.46	0	0	0.03
42400	0.03	0.45	0.45	0	0	0.03
42500	0.03	0.45	0.45	0	0	0.03
42600	0.04	0.45	0.45	0	0	0.04
42700	0.02	0.45	0.45	0	0	0.02
42800	0.02	0.45	0.45	0	0	0.02
42900	0.02	0.45	0.45	0	0	0.02
43000	0.04	0.45	0.45	0	0	0.04
43100	0.03	0.44	0.44	0	0	0.03
43200	0.03	0.45	0.45	0	0	0.03
43300	0.03	0.46	0.46	0	0	0.03
43400	0.03	0.46	0.46	0	0	0.03
43500	0.03	0.46	0.46	0	0	0.03
43600	0.04	0.46	0.46	0	0	0.04
43700	0.05	0.46	0.46	0	0	0.05
43800	0.05	0.46	0.46	0	0	0.05
43900	0.03	0.46	0.46	0	0	0.03
44000	0.03	0.46	0.46	0	0	0.03
44100	0.03	0.46	0.46	0	0	0.03
44200	0.02	0.47	0.47	0	0	0.02
44300	0.01	0.48	0.48	0	0	0.01
44400	0.02	0.48	0.48	0	0	0.02
44500	0.02	0.48	0.48	0	0	0.02
44600	0.02	0.48	0.48	0	0	0.02
44700	0.02	0.49	0.49	0	0	0.02
44800	0.02	0.49	0.49	0	0	0.02
44900	0.02	0.49	0.49	0	0	0.02
45000	0	0.49	0.49	0	0	0
45100	0.01	0.5	0.5	0	0	0.01
45200	0.01	0.5	0.5	0	0	0.01
45300	0.02	0.51	0.51	0	0	0.02
45400	0.02	0.51	0.51	0	0	0.02
45500	0.04	0.51	0.51	0	0	0.04
45600	0.04	0.5	0.5	0	0	0.04
45700	0.04	0.5	0.5	0	0	0.04
45800	0.03	0.5	0.5	0	0	0.03
45900	0.01	0.5	0.5	0	0	0.01
46000	0.04	0.5	0.5	0	0	0.04
46100	0.04	0.51	0.51	0	0	0.04
46200	0.05	0.5	0.5	0	0	0.05
46300	0.05	0.5	0.5	0	0	0.05
46400	0.05	0.49	0.49	0	0	0.05
46500	0.03	0.49	0.49	0	0	0.03
46600	0.03	0.49	0.49	0	0	0.03
46700	0.01	0.49	0.49	0	0	0.01
46800	0.01	0.5	0.5	0	0	0.01
46900	0.01	0.5	0.5	0	0	0.01
47000	0.01	0.5	0.5	0	0	0.01
47100	0.01	0.5	0.5	0	0	0.01
47200	0.01	0.5	0.5	0	0	0.01
47300	0.02	0.51	0.51	0	0	0.02
47400	0.03	0.51	0.51	0	0	0.03
47500	0	0.5	0.5	0	0	0
47600	0.01	0.5	0.5	0	0	0.01
47700	0	0.5	0.5	0	0	0
47800	0	0.5	0.5	0	0	0
47900	0	0.5	0.5	0	0	0
48000	0.01	0.5	0.5	0	0	0.01
48100	0.01	0.5	0.5	0	0	0.01
48200	0.01	0.5	0.5	0	0	0.01
48300	0.02	0.5	0.5	0	0	0.02
48400	0.01	0.5	0.5	0	0	0.01
48500	0.02	0.5	0.5	0	0	0.02
48600	0.04	0.5	0.5	0	0	0.04
48700	0.04	0.5	0.5	0	0	0.04
48800	0.05	0.5	0.5	0	0	0.05
48900	0.06	0.5	0.5	0	0	0.06
49000	0.06	0.5	0.5	0	0	0.06
49100	0.04	0.5	0.5	0	0	0.04
49200	0.03	0.5	0.5	0	0	0.03
49300	0.02	0.5	0.5	0	0	0.02
49400	0.02	0.51	0.51	0	0	0.02
49500	0.02	0.51	0.51	0	0	0.02
49600	0.02	0.51	0.51	0	0	0.02
49700	0.01	0.51	0.51	0	0	0.01
49800	0	0.51	0.51	0	0	0
49900	0.01	0.51	0.51	0	0	0.01
50000	0.01	0.51	0.51	0	0	0.01
50100	0.01	0.51	0.51	0	0	0.01
50200	0.01	0.51	0.51	0	0	0.01
50300	0.01	0.51	0.51	0	0	0.01
50400	0.01	0.51	0.51	0	0	0.01
50500	0	0.51	0.51	0	0	0
50600	0	0.5	0.5	0	0	0
50700	0	0.5	0.5	0	0	0
50800	0.02	0.5	0.5	0	0	0.02
50900	0.03	0.5	0.5	0	0	0.03
51000	0.03	0.5	0.5	0	0	0.03
51100	0.02	0.5	0.5	0	0	0.02
51200	0.02	0.5	0.5	0	0	0.02
51300	0.02	0.5	0.5	0	0	0.02
51400	0.03	0.5	0.5	0	0	0.03
51500	0.04	0.5	0.5	0	0	0.04
51600	0.03	0.5	0.5	0	0	0.03
51700	0.04	0.5	0.5	0	0	0.04
51800	0.03	0.5	0.5	0	0	0.03
51900	0.01	0.5	0.5	0	0	0.01
52000	0	0.5	0.5	0	0	0
52100	0	0.5	0.5	0	0	0
52200	0.02	0.5	0.5	0	0	0.02
52300	0.03	0.5	0.5	0	0	0.03
52400	0.03	0.5	0.5	0	0	0.03
52500	0.03	0.5	0.5	0	0	0.03
52600	0.03	0.5	0.5	0	0	0.03
52700	0.03	0.5	0.5	0	0	0.03
52800	0.02	0.5	0.5	0	0	0.02
52900	0.02	0.5	0.5	0	0	0.02
53000	0.02	0.5	0.5	0	0	0.02
53100	0.02	0.5	0.5	0	0	0.02
53200	0.02	0.51	0.51	0	0	0.02
53300	0.03	0.52	0.52	0	0	0.03
53400	0.04	0.52	0.52	0	0	0.04
53500	0.03	0.52	0.52	0	0	0.03
53600	0.05	0.52	0.52	0	0	0.05
53700	0.02	0.52	0.52	0	0	0.02
53800	0.02	0.52	0.52	0	0	0.02
53900	0.03	0.52	0.52	0	0	0.03
54000	0.03	0.52	0.52	0	0	0.03
54100	0.03	0.51	0.51	0	0	0.03
54200	0.02	0.51	0.51	0	0	0.02
54300	0.02	0.51	0.51	0	0	0.02
54400	0.03	0.5	0.5	0	0	0.03
54500	0.03	0.5	0.5	0	0	0.03
54600	0.02	0.49	0.49	0	0	0.02
54700	0.03	0.49	0.49	0	0	0.03
54800	0.03	0.49	0.49	0	0	0.03
54900	0	0.49	0.49	0	0	0
55000	0	0.49	0.49	0	0	0
55100	0.02	0.49	0.49	0	0	0.02
55200	0.02	0.49	0.49	0	0	0.02
55300	0.02	0.49	0.49	0	0	0.02
55400	0.05	0.49	0.49	0	0	0.05
55500	0.05	0.49	0.49	0	0	0.05
55600	0.05	0.51	0.51	0	0	0.05
55700	0.02	0.51	0.51	0	0	0.02
55800	0.03	0.51	0.51	0	0	0.03
55900	0.02	0.51	0.51	0	0	0.02
56000	0.02	0.51	0.51	0	0	0.02
56100	0.02	0.5	0.5	0	0	0.02
56200	0.02	0.5	0.5	0	0	0.02
56300	0.02	0.5	0.5	0	0	0.02
56400	0.02	0.49	0.49	0	0	0.02
56500	0	0.49	0.49	0	0	0
56600	0	0.49	0.49	0	0	0
56700	0.02	0.48	0.48	0	0	0.02
56800	0.03	0.48	0.48	0	0	0.03
56900	0.03	0.48	0.48	0	0	0.03
57000	0.03	0.48	0.48	0	0	0.03
57100	0.02	0.48	0.48	0	0	0.02
57200	0.02	0.48	0.48	0	0	0.02
57300	0.02	0.48	0.48	0	0	0.02
57400	0.02	0.48	0.48	0	0	0.02
57500	0.02	0.48	0.48	0	0	0.02
57600	0.01	0.48	0.48	0	0	0.01
57700	0.01	0.48	0.48	0	0	0.01
57800	0.02	0.48	0.48	0	0	0.02
57900	0.03	0.49	0.49	0	0	0.03
58000	0.02	0.49	0.49	0	0	0.02
58100	0.02	0.49	0.49	0	0	0.02
58200	0.01	0.49	0.49	0	0	0.01
58300	0.02	0.49	0.49	0	0	0.02
58400	0.03	0.49	0.49	0	0	0.03
58500	0	0.48	0.48	0	0	0
58600	0	0.48	0.48	0	0	0
58700	0.01	0.48	0.48	0	0	0.01
58800	0.01	0.49	0.49	0	0	0.01
58900	0.02	0.49	0.49	0	0	0.02
59000	0.03	0.49	0.49	0	0	0.03
59100	0.02	0.49	0.49	0	0	0.02
59200	0.02	0.49	0.49	0	0	0.02
59300	0.03	0.49	0.49	0	0	0.03
59400	0.03	0.49	0.49	0	0	0.03
59500	0.04	0.49	0.49	0	0	0.04
59600	0.05	0.49	0.49	0	0	0.05
59700	0.05	0.49	0.49	0	0	0.05
59800	0.04	0.49	0.49	0	0	0.04
59900	0.05	0.49	0.49	0	0	0.05
60000	0.05	0.49	0.49	0	0	0.05
60100	0.05	0.49	0.49	0	0	0.05
60200	0.06	0.49	0.49	0	0	0.06
60300	0.07	0.49	0.49	0	0	0.07
60400	0.07	0.49	0.49	0	0	0.07
60500	0.06	0.5	0.5	0	0	0.06
60600	0.06	0.5	0.5	0	0	0.06
60700	0.06	0.5	0.5	0	0	0.06
60800	0.06	0.49	0.49	0	0	0.06
60900	0.06	0.49	0.49	0	0	0.06
61000	0.06	0.49	0.49	0	0	0.06
61100	0.06	0.49	0.49	0	0	0.06
61200	0.08	0.49	0.49	0	0	0.08
61300	0.06	0.49	0.49	0	0	0.06
61400	0.06	0.49	0.49	0	0	0.06
61500	0.06	0.49	0.49	0	0	0.06
61600	0.05	0.49	0.49	0	0	0.05
61700	0.06	0.49	0.49	0	0	0.06
61800	0.06	0.49	0.49	0	0	0.06
61900	0.05	0.49	0.49	0	0	0.05
62000	0.05	0.49	0.49	0	0	0.05
62100	0.04	0.5	0.5	0	0	0.04
62200	0.04	0.5	0.5	0	0	0.04
62300	0.04	0.49	0.49	0	0	0.04
62400	0.06	0.49	0.49	0	0	0.06
62500	0.06	0.49	0.49	0	0	0.06
62600	0.08	0.49	0.49	0	0	0.08
62700	0.08	0.49	0.49	0	0	0.08
62800	0.09	0.49	0.49	0	0	0.09
62900	0.08	0.49	0.49	0	0	0.08
63000	0.08	0.49	0.49	0	0	0.08
63100	0.1	0.49	0.49	0	0	0.1
63200	0.09	0.49	0.49	0	0	0.09
63300	0.1	0.49	0.49	0	0	0.1
63400	0.11	0.49	0.49	0	0	0.11
63500	0.12	0.49	0.49	0	0	0.12
63600	0.12	0.49	0.49	0	0	0.12
63700	0.12	0.49	0.49	0	0	0.12
63800	0.11	0.49	0.49	0	0	0.11
63900	0.09	0.49	0.49	0	0	0.09
64000	0.08	0.49	0.49	0	0	0.08
64100	0.08	0.49	0.49	0	0	0.08
64200	0.09	0.49	0.49	0	0	0.09
64300	0.1	0.49	0.49	0	0	0.1
64400	0.09	0.49	0.49	0	0	0.09
64500	0.1	0.49	0.49	0	0	0.1
64600	0.1	0.49	0.49	0	0	0.1
64700	0.1	0.49	0.49	0	0	0.1
64800	0.1	0.49	0.49	0	0	0.1
64900	0.1	0.49	0.49	0	0	0.1
65000	0.1	0.49	0.49	0	0	0.1
65100	0.1	0.49	0.49	0	0	0.1
65200	0.1	0.49	0.49	0	0	0.1
65300	0.09	0.49	0.49	0	0	0.09
65400	0.09	0.49	0.49	0	0	0.09
65500	0.09	0.49	0.49	0	0	0.09
65600	0.1	0.49	0.49	0	0	0.1
65700	0.1	0.49	0.49	0	0	0.1
65800	0.08	0.49	0.49	0	0	0.08
65900	0.09	0.49	0.49	0	0	0.09
66000	0.09	0.49	0.49	0	0	0.09
66100	0.09	0.49	0.49	0	0	0.09
66200	0.09	0.49	0.49	0	0	0.09
66300	0.09	0.49	0.49	0	0	0.09
66400	0.08	0.49	0.49	0	0	0.08
66500	0.08	0.49	0.49	0	0	0.08
66600	0.09	0.49	0.49	0	0	0.09
66700	0.1	0.5	0.5	0	0	0.1
66800	0.11	0.49	0.49	0	0	0.11
66900	0.11	0.49	0.49	0	0	0.11
67000	0.11	0.49	0.49	0	0	0.11
67100	0.13	0.49	0.49	0	0	0.13
67200	0.12	0.49	0.49	0	0	0.12
67300	0.1	0.49	0.49	0	0	0.1
67400	0.1	0.49	0.49	0	0	0.1
67500	0.1	0.49	0.49	0	0	0.1
67600	0.09	0.49	0.49	0	0	0.09
67700	0.09	0.49	0.49	0	0	0.09
67800	0.09	0.49	0.49	0	0	0.09
67900	0.1	0.49	0.49	0	0	0.1
68000	0.1	0.49	0.49	0	0	0.1
68100	0.11	0.49	0.49	0	0	0.11
68200	0.11	0.49	0.49	0	0	0.11
68300	0.11	0.49	0.49	0	0	0.11
68400	0.12	0.49	0.49	0	0	0.12
68500	0.11	0.49	0.49	0	0	0.11
68600	0.11	0.49	0.49	0	0	0.11
68700	0.11	0.49	0.49	0	0	0.11
68800	0.13	0.49	0.49	0	0	0.13
68900	0.13	0.49	0.49	0	0	0.13
69000	0.13	0.49	0.49	0	0	0.13
69100	0.14	0.49	0.49	0	0	0.14
69200	0.14	0.49	0.49	0	0	0.14
69300	0.14	0.49	0.49	0	0	0.14
69400	0.13	0.49	0.49	0	0	0.13
69500	0.13	0.49	0.49	0	0	0.13
69600	0.13	0.49	0.49	0	0	0.13
69700	0.14	0.49	0.49	0	0	0.14
69800	0.14	0.49	0.49	0	0	0.14
69900	0.14	0.49	0.49	0	0	0.14
70000	0.14	0.49	0.49	0	0	0.14
70100	0.14	0.49	0.49	0	0	0.14
70200	0.14	0.49	0.49	0	0	0.14
70300	0.14	0.49	0.49	0	0	0.14
70400	0.15	0.49	0.49	0	0	0.15
70500	0.15	0.49	0.49	0	0	0.15
70600	0.15	0.49	0.49	0	0	0.15
70700	0.16	0.5	0.5	0	0	0.16
70800	0.17	0.5	0.5	0	0	0.17
70900	0.16	0.5	0.5	0	0	0.16
71000	0.15	0.49	0.49	0	0	0.15
71100	0.14	0.49	0.49	0	0	0.14
71200	0.14	0.49	0.49	0	0	0.14
71300	0.14	0.49	0.49	0	0	0.14
71400	0.14	0.49	0.49	0	0	0.14
71500	0.15	0.49	0.49	0	0	0.15
71600	0.14	0.49	0.49	0	0	0.14
71700	0.15	0.49	0.49	0	0	0.15
71800	0.15	0.49	0.49	0	0	0.15
71900	0.16	0.49	0.49	0	0	0.16
72000	0.17	0.49	0.49	0	0	0.17
72100	0.17	0.49	0.49	0	0	0.17
72200	0.16	0.49	0.49	0	0	0.16
72300	0.15	0.49	0.49	0	0	0.15
72400	0.16	0.49	0.49	0	0	0.16
72500	0.15	0.49	0.49	0	0	0.15
72600	0.14	0.5	0.5	0	0	0.14
72700	0.14	0.49	0.49	0	0	0.14
72800	0.14	0.49	0.49	0	0	0.14
72900	0.14	0.49	0.49	0	0	0.14
73000	0.16	0.49	0.49	0	0	0.16
73100	0.17	0.49	0.49	0	0	0.17
73200	0.16	0.49	0.49	0	0	0.16
73300	0.15	0.49	0.49	0	0	0.15
73400	0.15	0.49	0.49	0	0	0.15
73500	0.16	0.49	0.49	0	0	0.16
73600	0.15	0.49	0.49	0	0	0.15
73700	0.16	0.49	0.49	0	0	0.16
73800	0.16	0.49	0.49	0	0	0.16
73900	0.17	0.49	0.49	0	0	0.17
74000	0.17	0.49	0.49	0	0	0.17
74100	0.16	0.49	0.49	0	0	0.16
74200	0.16	0.49	0.49	0	0	0.16
74300	0.16	0.49	0.49	0	0	0.16
74400	0.17	0.49	0.49	0	0	0.17
74500	0.18	0.49	0.49	0	0	0.18
74600	0.18	0.5	0.5	0	0	0.18
74700	0.18	0.49	0.49	0	0	0.18
74800	0.17	0.49	0.49	0	0	0.17
74900	0.18	0.49	0.49	0	0	0.18
75000	0.2	0.49	0.49	0	0	0.2
75100	0.22	0.49	0.49	0	0	0.22
75200	0.22	0.49	0.49	0	0	0.22
75300	0.23	0.49	0.49	0	0	0.23
75400	0.23	0.49	0.49	0	0	0.23
75500	0.23	0.49	0.49	0	0	0.23
75600	0.23	0.49	0.49	0	0	0.23
75700	0.23	0.49	0.49	0	0	0.23
75800	0.22	0.5	0.5	0	0	0.22
75900	0.21	0.5	0.5	0	0	0.21
76000	0.21	0.5	0.5	0	0	0.21
76100	0.21	0.5	0.5	0	0	0.21
76200	0.21	0.5	0.5	0	0	0.21
76300	0.2	0.5	0.5	0	0	0.2
76400	0.21	0.5	0.5	0	0	0.21
76500	0.22	0.5	0.5	0	0	0.22
76600	0.23	0.5	0.5	0	0	0.23
76700	0.23	0.5	0.5	0	0	0.23
76800	0.23	0.5	0.5	0	0	0.23
76900	0.23	0.5	0.5	0	0	0.23
77000	0.23	0.5	0.5	0	0	0.23
77100	0.22	0.5	0.5	0	0	0.22
77200	0.22	0.5	0.5	0	0	0.22
77300	0.22	0.5	0.5	0	0	0.22
77400	0.22	0.5	0.5	0	0	0.22
77500	0.23	0.5	0.5	0	0	0.23
77600	0.24	0.5	0.5	0	0	0.24
77700	0.24	0.5	0.5	0	0	0.24
77800	0.24	0.5	0.5	0	0	0.24
77900	0.24	0.5	0.5	0	0	0.24
78000	0.24	0.5	0.5	0	0	0.24
78100	0.24	0.5	0.5	0	0	0.24
78200	0.25	0.5	0.5	0	0	0.25
78300	0.25	0.5	0.5	0	0	0.25
78400	0.25	0.5	0.5	0	0	0.25
78500	0.25	0.5	0.5	0	0	0.25
78600	0.27	0.5	0.5	0	0	0.27
78700	0.27	0.5	0.5	0	0	0.27
78800	0.28	0.5	0.5	0	0	0.28
78900	0.27	0.5	0.5	0	0	0.27
79000	0.28	0.5	0.5	0	0	0.28
79100	0.28	0.5	0.5	0	0	0.28
79200	0.28	0.5	0.5	0	0	0.28
79300	0.29	0.5	0.5	0	0	0.29
79400	0.29	0.5	0.5	0	0	0.29
79500	0.29	0.5	0.5	0	0	0.29
79600	0.29	0.5	0.5	0	0	0.29
79700	0.29	0.5	0.5	0	0	0.29
79800	0.28	0.5	0.5	0	0	0.28
79900	0.28	0.5	0.5	0	0	0.28
80000	0.29	0.51	0.51	0	0	0.29
80100	0.28	0.52	0.52	0	0	0.28
80200	0.29	0.51	0.51	0	0	0.29
80300	0.28	0.51	0.51	0	0	0.28
80400	0.28	0.51	0.51	0	0	0.28
80500	0.28	0.5	0.5	0	0	0.28
80600	0.27	0.5	0.5	0	0	0.27
80700	0.27	0.5	0.5	0	0	0.27
80800	0.27	0.5	0.5	0	0	0.27
80900	0.27	0.5	0.5	0	0	0.27
81000	0.27	0.5	0.5	0	0	0.27
81100	0.27	0.5	0.5	0	0	0.27
81200	0.28	0.5	0.5	0	0	0.28
81300	0.28	0.5	0.5	0	0	0.28
81400	0.28	0.5	0.5	0	0	0.28
81500	0.28	0.5	0.5	0	0	0.28
81600	0.28	0.5	0.5	0	0	0.28
81700	0.28	0.5	0.5	0	0	0.28
81800	0.28	0.51	0.51	0	0	0.28
81900	0.28	0.52	0.52	0	0	0.28
82000	0.28	0.52	0.52	0	0	0.28
82100	0.29	0.52	0.52	0	0	0.29
82200	0.29	0.53	0.53	0	0	0.29
82300	0.29	0.54	0.54	0	0	0.29
82400	0.29	0.54	0.54	0	0	0.29
82500	0.29	0.54	0.54	0	0	0.29
82600	0.3	0.53	0.53	0	0	0.3
82700	0.3	0.53	0.53	0	0	0.3
82800	0.3	0.53	0.53	0	0	0.3
82900	0.3	0.53	0.53	0	0	0.3
83000	0.3	0.53	0.53	0	0	0.3
83100	0.3	0.53	0.53	0	0	0.3
83200	0.3	0.53	0.53	0	0	0.3
83300	0.3	0.53	0.53	0	0	0.3
83400	0.31	0.53	0.53	0	0	0.31
83500	0.31	0.53	0.53	0	0	0.31
83600	0.31	0.53	0.53	0	0	0.31
83700	0.31	0.53	0.53	0	0	0.31
83800	0.31	0.53	0.53	0	0	0.31
83900	0.31	0.53	0.53	0	0	0.31
84000	0.31	0.53	0.53	0	0	0.31
84100	0.31	0.53	0.53	0	0	0.31
84200	0.32	0.53	0.53	0	0	0.32
84300	0.32	0.53	0.53	0	0	0.32
84400	0.32	0.54	0.54	0	0	0.32
84500	0.32	0.54	0.54	0	0	0.32
84600	0.32	0.54	0.54	0	0	0.32
84700	0.32	0.54	0.54	0	0	0.32
84800	0.32	0.54	0.54	0	0	0.32
84900	0.32	0.53	0.53	0	0	0.32
85000	0.32	0.53	0.53	0	0	0.32
85100	0.32	0.53	0.53	0	0	0.32
85200	0.32	0.53	0.53	0	0	0.32
85300	0.32	0.53	0.53	0	0	0.32
85400	0.32	0.53	0.53	0	0	0.32
85500	0.33	0.53	0.53	0	0	0.33
85600	0.33	0.53	0.53	0	0	0.33
85700	0.33	0.53	0.53	0	0	0.33
85800	0.33	0.53	0.53	0	0	0.33
85900	0.33	0.53	0.53	0	0	0.33
86000	0.33	0.53	0.53	0	0	0.33
86100	0.33	0.53	0.53	0	0	0.33
86200	0.33	0.53	0.53	0	0	0.33
86300	0.35	0.53	0.53	0	0	0.35
86400	0.35	0.54	0.54	0	0	0.35
86500	0.36	0.54	0.54	0	0	0.36
86600	0.34	0.53	0.53	0	0	0.34
86700	0.33	0.53	0.53	0	0	0.33
86800	0.33	0.53	0.53	0	0	0.33
86900	0.33	0.53	0.53	0	0	0.33
87000	0.33	0.53	0.53	0	0	0.33
87100	0.34	0.52	0.52	0	0	0.34
87200	0.35	0.52	0.52	0	0	0.35
87300	0.34	0.52	0.52	0	0	0.34
87400	0.34	0.52	0.52	0	0	0.34
87500	0.33	0.51	0.51	0	0	0.33
87600	0.33	0.51	0.51	0	0	0.33
87700	0.36	0.51	0.51	0	0	0.36
87800	0.36	0.51	0.51	0	0	0.36
87900	0.36	0.51	0.51	0	0	0.36
88000	0.35	0.51	0.51	0	0	0.35
88100	0.35	0.51	0.51	0	0	0.35
88200	0.34	0.51	0.51	0	0	0.34
88300	0.33	0.51	0.51	0	0	0.33
88400	0.33	0.51	0.51	0	0	0.33
88500	0.33	0.51	0.51	0	0	0.33
88600	0.33	0.51	0.51	0	0	0.33
88700	0.33	0.52	0.52	0	0	0.33
88800	0.33	0.52	0.52	0	0	0.33
88900	0.33	0.53	0.53	0	0	0.33
89000	0.33	0.53	0.53	0	0	0.33
89100	0.33	0.52	0.52	0	0	0.33
89200	0.33	0.52	0.52	0	0	0.33
89300	0.33	0.52	0.52	0	0	0.33
89400	0.33	0.52	0.52	0	0	0.33
89500	0.33	0.52	0.52	0	0	0.33
89600	0.33	0.52	0.52	0	0	0.33
89700	0.33	0.52	0.52	0	0	0.33
89800	0.33	0.52	0.52	0	0	0.33
89900	0.33	0.52	0.52	0	0	0.33
90000	0.33	0.52	0.52	0	0	0.33
90100	0.33	0.52	0.52	0	0	0.33
90200	0.33	0.52	0.52	0	0	0.33
90300	0.33	0.52	0.52	0	0	0.33
90400	0.33	0.52	0.52	0	0	0.33
90500	0.33	0.52	0.52	0	0	0.33
90600	0.33	0.52	0.52	0	0	0.33
90700	0.33	0.53	0.53	0	0	0.33
90800	0.33	0.53	0.53	0	0	0.33
90900	0.33	0.53	0.53	0	0	0.33
91000	0.33	0.53	0.53	0	0	0.33
91100	0.33	0.53	0.53	0	0	0.33
91200	0.33	0.53	0.53	0	0	0.33
91300	0.33	0.53	0.53	0	0	0.33
91400	0.33	0.53	0.53	0	0	0.33
91500	0.33	0.53	0.53	0	0	0.33
91600	0.33	0.53	0.53	0	0	0.33
91700	0.33	0.53	0.53	0	0	0.33
91800	0.33	0.53	0.53	0	0	0.33
91900	0.33	0.53	0.53	0	0	0.33
92000	0.34	0.53	0.53	0	0	0.34
92100	0.33	0.53	0.53	0	0	0.33
92200	0.33	0.53	0.53	0	0	0.33
92300	0.33	0.53	0.53	0	0	0.33
92400	0.33	0.52	0.52	0	0	0.33
92500	0.33	0.52	0.52	0	0	0.33
92600	0.33	0.52	0.52	0	0	0.33
92700	0.33	0.52	0.52	0	0	0.33
92800	0.33	0.52	0.52	0	0	0.33
92900	0.33	0.52	0.52	0	0	0.33
93000	0.33	0.52	0.52	0	0	0.33
93100	0.33	0.52	0.52	0	0	0.33
93200	0.33	0.52	0.52	0	0	0.33
93300	0.33	0.52	0.52	0	0	0.33
93400	0.33	0.52	0.52	0	0	0.33
93500	0.34	0.52	0.52	0	0	0.34
93600	0.34	0.52	0.52	0	0	0.34
93700	0.34	0.52	0.52	0	0	0.34
93800	0.34	0.52	0.52	0	0	0.34
93900	0.34	0.52	0.52	0	0	0.34
94000	0.34	0.52	0.52	0	0	0.34
94100	0.34	0.53	0.53	0	0	0.34
94200	0.34	0.53	0.53	0	0	0.34
94300	0.34	0.53	0.53	0	0	0.34
94400	0.34	0.53	0.53	0	0	0.34
94500	0.34	0.53	0.53	0	0	0.34
94600	0.34	0.53	0.53	0	0	0.34
94700	0.34	0.53	0.53	0	0	0.34
94800	0.34	0.53	0.53	0	0	0.34
94900	0.34	0.53	0.53	0	0	0.34
95000	0.34	0.53	0.53	0	0	0.34
95100	0.34	0.53	0.53	0	0	0.34
95200	0.34	0.53	0.53	0	0	0.34
95300	0.34	0.53	0.53	0	0	0.34
95400	0.34	0.53	0.53	0	0	0.34
95500	0.34	0.53	0.53	0	0	0.34
95600	0.34	0.53	0.53	0	0	0.34
95700	0.34	0.53	0.53	0	0	0.34
95800	0.34	0.53	0.53	0	0	0.34
95900	0.35	0.53	0.53	0	0	0.35
96000	0.34	0.53	0.53	0	0	0.34
96100	0.34	0.53	0.53	0	0	0.34
96200	0.34	0.53	0.53	0	0	0.34
96300	0.34	0.53	0.53	0	0	0.34
96400	0.34	0.53	0.53	0	0	0.34
96500	0.34	0.53	0.53	0	0	0.34
96600	0.34	0.54	0.54	0	0	0.34
96700	0.34	0.54	0.54	0	0	0.34
96800	0.34	0.53	0.53	0	0	0.34
96900	0.33	0.53	0.53	0	0	0.33
97000	0.33	0.53	0.53	0	0	0.33
97100	0.33	0.53	0.53	0	0	0.33
97200	0.33	0.53	0.53	0	0	0.33
97300	0.33	0.53	0.53	0	0	0.33
97400	0.33	0.53	0.53	0	0	0.33
97500	0.33	0.53	0.53	0	0	0.33
97600	0.32	0.53	0.53	0	0	0.32
97700	0.32	0.53	0.53	0	0	0.32
97800	0.33	0.54	0.54	0	0	0.33
97900	0.33	0.54	0.54	0	0	0.33
98000	0.33	0.54	0.54	0	0	0.33
98100	0.33	0.53	0.53	0	0	0.33
98200	0.33	0.53	0.53	0	0	0.33
98300	0.33	0.53	0.53	0	0	0.33
98400	0.34	0.53	0.53	0	0	0.34
98500	0.34	0.53	0.53	0	0	0.34
98600	0.34	0.53	0.53	0	0	0.34
98700	0.34	0.53	0.53	0	0	0.34
98800	0.34	0.53	0.53	0	0	0.34
98900	0.34	0.53	0.53	0	0	0.34
99000	0.34	0.53	0.53	0	0	0.34
99100	0.35	0.53	0.53	0	0	0.35
99200	0.35	0.53	0.53	0	0	0.35
99300	0.35	0.53	0.53	0	0	0.35
99400	0.35	0.53	0.53	0	0	0.35
99500	0.35	0.53	0.53	0	0	0.35
99600	0.35	0.53	0.53	0	0	0.35
99700	0.35	0.53	0.53	0	0	0.35
99800	0.35	0.53	0.53	0	0	0.35
99900	0.35	0.53	0.53	0	0	0.35
100000	0.35	0.53	0.53	0	0	0.35
100100	0.36	0.53	0.53	0	0	0.36
100200	0.36	0.53	0.53	0	0	0.36
100300	0.36	0.53	0.53	0	0	0.36
100400	0.36	0.53	0.53	0	0	0.36
100500	0.36	0.53	0.53	0	0	0.36
100600	0.36	0.53	0.53	0	0	0.36
100700	0.35	0.53	0.53	0	0	0.35
100800	0.35	0.53	0.53	0	0	0.35
100900	0.35	0.53	0.53	0	0	0.35
101000	0.35	0.53	0.53	0	0	0.35
101100	0.36	0.53	0.53	0	0	0.36
101200	0.36	0.53	0.53	0	0	0.36
101300	0.36	0.53	0.53	0	0	0.36
101400	0.37	0.53	0.53	0	0	0.37
101500	0.37	0.53	0.53	0	0	0.37
101600	0.36	0.53	0.53	0	0	0.36
101700	0.36	0.53	0.53	0	0	0.36
101800	0.36	0.53	0.53	0	0	0.36
101900	0.36	0.53	0.53	0	0	0.36
102000	0.36	0.53	0.53	0	0	0.36
102100	0.36	0.53	0.53	0	0	0.36
102200	0.36	0.53	0.53	0	0	0.36
102300	0.36	0.53	0.53	0	0	0.36
102400	0.36	0.53	0.53	0	0	0.36
102500	0.36	0.53	0.53	0	0	0.36
102600	0.36	0.53	0.53	0	0	0.36
102700	0.36	0.53	0.53	0	0	0.36
102800	0.36	0.53	0.53	0	0	0.36
102900	0.36	0.53	0.53	0	0	0.36
103000	0.36	0.53	0.53	0	0	0.36
103100	0.37	0.53	0.53	0	0	0.37
103200	0.37	0.53	0.53	0	0	0.37
103300	0.37	0.53	0.53	0	0	0.37
103400	0.37	0.53	0.53	0	0	0.37
103500	0.37	0.53	0.53	0	0	0.37
103600	0.37	0.53	0.53	0	0	0.37
103700	0.37	0.53	0.53	0	0	0.37
103800	0.36	0.53	0.53	0	0	0.36
103900	0.36	0.53	0.53	0	0	0.36
104000	0.36	0.53	0.53	0	0	0.36
104100	0.36	0.53	0.53	0	0	0.36
104200	0.36	0.53	0.53	0	0	0.36
104300	0.36	0.53	0.53	0	0	0.36
104400	0.36	0.53	0.53	0	0	0.36
104500	0.36	0.53	0.53	0	0	0.36
104600	0.36	0.53	0.53	0	0	0.36
104700	0.37	0.53	0.53	0	0	0.37
104800	0.37	0.53	0.53	0	0	0.37
104900	0.37	0.53	0.53	0	0	0.37
105000	0.37	0.53	0.53	0	0	0.37
105100	0.37	0.53	0.53	0	0	0.37
105200	0.36	0.53	0.53	0	0	0.36
105300	0.36	0.53	0.53	0	0	0.36
105400	0.37	0.53	0.53	0	0	0.37
105500	0.37	0.53	0.53	0	0	0.37
105600	0.37	0.53	0.53	0	0	0.37
105700	0.37	0.53	0.53	0	0	0.37
105800	0.37	0.53	0.53	0	0	0.37
105900	0.37	0.53	0.53	0	0	0.37
106000	0.38	0.53	0.53	0	0	0.38
106100	0.38	0.53	0.53	0	0	0.38
106200	0.38	0.53	0.53	0	0	0.38
106300	0.38	0.53	0.53	0	0	0.38
106400	0.38	0.53	0.53	0	0	0.38
106500	0.38	0.53	0.53	0	0	0.38
106600	0.38	0.53	0.53	0	0	0.38
106700	0.38	0.53	0.53	0	0	0.38
106800	0.38	0.53	0.53	0	0	0.38
106900	0.38	0.53	0.53	0	0	0.38
107000	0.38	0.53	0.53	0	0	0.38
107100	0.38	0.53	0.53	0	0	0.38
107200	0.38	0.53	0.53	0	0	0.38
107300	0.38	0.53	0.53	0	0	0.38
107400	0.38	0.53	0.53	0	0	0.38
107500	0.37	0.53	0.53	0	0	0.37
107600	0.37	0.53	0.53	0	0	0.37
107700	0.37	0.53	0.53	0	0	0.37
107800	0.37	0.53	0.53	0	0	0.37
107900	0.37	0.53	0.53	0	0	0.37
108000	0.37	0.53	0.53	0	0	0.37
108100	0.37	0.53	0.53	0	0	0.37
108200	0.37	0.53	0.53	0	0	0.37
108300	0.37	0.53	0.53	0	0	0.37
108400	0.37	0.53	0.53	0	0	0.37
108500	0.37	0.53	0.53	0	0	0.37
108600	0.37	0.53	0.53	0	0	0.37
108700	0.37	0.53	0.53	0	0	0.37
108800	0.38	0.53	0.53	0	0	0.38
108900	0.38	0.53	0.53	0	0	0.38
109000	0.38	0.53	0.53	0	0	0.38
109100	0.38	0.53	0.53	0	0	0.38
109200	0.38	0.53	0.53	0	0	0.38
109300	0.38	0.53	0.53	0	0	0.38
109400	0.38	0.53	0.53	0	0	0.38
109500	0.38	0.53	0.53	0	0	0.38
109600	0.38	0.53	0.53	0	0	0.38
109700	0.38	0.53	0.53	0	0	0.38
109800	0.38	0.53	0.53	0	0	0.38
109900	0.38	0.53	0.53	0	0	0.38
110000	0.38	0.53	0.53	0	0	0.38
110100	0.38	0.53	0.53	0	0	0.38
110200	0.38	0.53	0.53	0	0	0.38
110300	0.38	0.53	0.53	0	0	0.38
110400	0.38	0.53	0.53	0	0	0.38
110500	0.38	0.53	0.53	0	0	0.38
110600	0.39	0.53	0.53	0	0	0.39
110700	0.39	0.53	0.53	0	0	0.39
110800	0.39	0.53	0.53	0	0	0.39
110900	0.39	0.53	0.53	0	0	0.39
111000	0.39	0.53	0.53	0	0	0.39
111100	0.39	0.53	0.53	0	0	0.39
111200	0.39	0.53	0.53	0	0	0.39
111300	0.39	0.53	0.53	0	0	0.39
111400	0.39	0.53	0.53	0	0	0.39
111500	0.39	0.53	0.53	0	0	0.39
111600	0.39	0.53	0.53	0	0	0.39
111700	0.39	0.53	0.53	0	0	0.39
111800	0.39	0.53	0.53	0	0	0.39
111900	0.39	0.53	0.53	0	0	0.39
112000	0.39	0.53	0.53	0	0	0.39
112100	0.39	0.53	0.53	0	0	0.39
112200	0.39	0.53	0.53	0	0	0.39
112300	0.39	0.53	0.53	0	0	0.39
112400	0.39	0.53	0.53	0	0	0.39
112500	0.4	0.53	0.53	0	0	0.4
112600	0.4	0.53	0.53	0	0	0.4
112700	0.4	0.53	0.53	0	0	0.4
112800	0.4	0.53	0.53	0	0	0.4
112900	0.4	0.53	0.53	0	0	0.4
113000	0.39	0.53	0.53	0	0	0.39
113100	0.39	0.53	0.53	0	0	0.39
113200	0.39	0.53	0.53	0	0	0.39
113300	0.39	0.53	0.53	0	0	0.39
113400	0.39	0.53	0.53	0	0	0.39
113500	0.39	0.53	0.53	0	0	0.39
113600	0.39	0.53	0.53	0	0	0.39
113700	0.39	0.53	0.53	0	0	0.39
113800	0.39	0.53	0.53	0	0	0.39
113900	0.39	0.53	0.53	0	0	0.39
114000	0.39	0.53	0.53	0	0	0.39
114100	0.39	0.53	0.53	0	0	0.39
114200	0.39	0.53	0.53	0	0	0.39
114300	0.39	0.53	0.53	0	0	0.39
114400	0.39	0.53	0.53	0	0	0.39
114500	0.39	0.53	0.53	0	0	0.39
114600	0.39	0.53	0.53	0	0	0.39
114700	0.4	0.53	0.53	0	0	0.4
114800	0.4	0.53	0.53	0	0	0.4
114900	0.4	0.53	0.53	0	0	0.4
115000	0.4	0.53	0.53	0	0	0.4
115100	0.4	0.53	0.53	0	0	0.4
115200	0.4	0.53	0.53	0	0	0.4
115300	0.4	0.53	0.53	0	0	0.4
115400	0.4	0.53	0.53	0	0	0.4
115500	0.4	0.53	0.53	0	0	0.4
115600	0.4	0.53	0.53	0	0	0.4
115700	0.4	0.53	0.53	0	0	0.4
115800	0.4	0.53	0.53	0	0	0.4
115900	0.4	0.53	0.53	0	0	0.4
116000	0.4	0.53	0.53	0	0	0.4
116100	0.4	0.53	0.53	0	0	0.4
116200	0.4	0.53	0.53	0	0	0.4
116300	0.4	0.53	0.53	0	0	0.4
116400	0.4	0.53	0.53	0	0	0.4
116500	0.4	0.53	0.53	0	0	0.4
116600	0.4	0.53	0.53	0	0	0.4
116700	0.4	0.53	0.53	0	0	0.4
116800	0.4	0.53	0.53	0	0	0.4
116900	0.4	0.53	0.53	0	0	0.4
117000	0.4	0.53	0.53	0	0	0.4
117100	0.4	0.53	0.53	0	0	0.4
117200	0.4	0.53	0.53	0	0	0.4
117300	0.4	0.53	0.53	0	0	0.4
117400	0.4	0.53	0.53	0	0	0.4
117500	0.4	0.53	0.53	0	0	0.4
117600	0.4	0.53	0.53	0	0	0.4
117700	0.4	0.53	0.53	0	0	0.4
117800	0.4	0.53	0.53	0	0	0.4
117900	0.4	0.53	0.53	0	0	0.4
118000	0.4	0.53	0.53	0	0	0.4
118100	0.4	0.53	0.53	0	0	0.4
118200	0.4	0.53	0.53	0	0	0.4
118300	0.4	0.53	0.53	0	0	0.4
118400	0.4	0.53	0.53	0	0	0.4
118500	0.4	0.53	0.53	0	0	0.4
118600	0.4	0.53	0.53	0	0	0.4
118700	0.4	0.53	0.53	0	0	0.4
118800	0.4	0.53	0.53	0	0	0.4
118900	0.4	0.53	0.53	0	0	0.4
119000	0.41	0.53	0.53	0	0	0.41
119100	0.41	0.53	0.53	0	0	0.41
119200	0.41	0.53	0.53	0	0	0.41
119300	0.41	0.53	0.53	0	0	0.41
119400	0.41	0.53	0.53	0	0	0.41
119500	0.4	0.53	0.53	0	0	0.4
119600	0.4	0.53	0.53	0	0	0.4
119700	0.4	0.53	0.53	0	0	0.4
119800	0.4	0.53	0.53	0	0	0.4
119900	0.4	0.53	0.53	0	0	0.4
120000	0.4	0.53	0.53	0	0	0.4
120100	0.4	0.53	0.53	0	0	0.4
120200	0.4	0.53	0.53	0	0	0.4
120300	0.4	0.53	0.53	0	0	0.4
120400	0.4	0.53	0.53	0	0	0.4
120500	0.4	0.53	0.53	0	0	0.4
120600	0.4	0.53	0.53	0	0	0.4
120700	0.4	0.53	0.53	0	0	0.4
120800	0.4	0.53	0.53	0	0	0.4
120900	0.4	0.53	0.53	0	0	0.4
121000	0.4	0.53	0.53	0	0	0.4
121100	0.4	0.53	0.53	0	0	0.4
121200	0.4	0.53	0.53	0	0	0.4
121300	0.4	0.53	0.53	0	0	0.4
121400	0.4	0.53	0.53	0	0	0.4
121500	0.41	0.53	0.53	0	0	0.41
121600	0.41	0.53	0.53	0	0	0.41
121700	0.41	0.53	0.53	0	0	0.41
121800	0.41	0.53	0.53	0	0	0.41
121900	0.41	0.53	0.53	0	0	0.41
122000	0.41	0.53	0.53	0	0	0.41
122100	0.41	0.53	0.53	0	0	0.41
122200	0.41	0.53	0.53	0	0	0.41
122300	0.41	0.53	0.53	0	0	0.41
122400	0.42	0.52	0.52	0	0	0.42
122500	0.42	0.52	0.52	0	0	0.42
122600	0.42	0.52	0.52	0	0	0.42
122700	0.42	0.52	0.52	0	0	0.42
122800	0.41	0.52	0.52	0	0	0.41
122900	0.41	0.52	0.52	0	0	0.41
123000	0.41	0.52	0.52	0	0	0.41
123100	0.41	0.52	0.52	0	0	0.41
123200	0.41	0.52	0.52	0	0	0.41
123300	0.41	0.52	0.52	0	0	0.41
123400	0.41	0.53	0.53	0	0	0.41
123500	0.41	0.53	0.53	0	0	0.41
123600	0.41	0.53	0.53	0	0	0.41
123700	0.41	0.53	0.53	0	0	0.41
123800	0.41	0.53	0.53	0	0	0.41
123900	0.41	0.53	0.53	0	0	0.41
124000	0.41	0.53	0.53	0	0	0.41
124100	0.41	0.53	0.53	0	0	0.41
124200	0.41	0.53	0.53	0	0	0.41
124300	0.41	0.53	0.53	0	0	0.41
124400	0.41	0.53	0.53	0	0	0.41
124500	0.41	0.53	0.53	0	0	0.41
124600	0.41	0.53	0.53	0	0	0.41
124700	0.42	0.53	0.53	0	0	0.42
124800	0.42	0.53	0.53	0	0	0.42
124900	0.42	0.53	0.53	0	0	0.42
125000	0.42	0.53	0.53	0	0	0.42
125100	0.42	0.53	0.53	0	0	0.42
125200	0.42	0.53	0.53	0	0	0.42
125300	0.42	0.54	0.54	0	0	0.42
125400	0.42	0.54	0.54	0	0	0.42
125500	0.42	0.54	0.54	0	0	0.42
125600	0.42	0.54	0.54	0	0	0.42
125700	0.42	0.54	0.54	0	0	0.42
125800	0.42	0.54	0.54	0	0	0.42
125900	0.42	0.55	0.55	0	0	0.42
126000	0.42	0.55	0.55	0	0	0.42
126100	0.42	0.55	0.55	0	0	0.42
126200	0.42	0.55	0.55	0	0	0.42
126300	0.42	0.55	0.55	0	0	0.42
126400	0.42	0.55	0.55	0	0	0.42
126500	0.42	0.55	0.55	0	0	0.42
126600	0.42	0.55	0.55	0	0	0.42
126700	0.42	0.55	0.55	0	0	0.42
126800	0.42	0.55	0.55	0	0	0.42
126900	0.42	0.54	0.54	0	0	0.42
127000	0.42	0.54	0.54	0	0	0.42
127100	0.42	0.54	0.54	0	0	0.42
127200	0.42	0.54	0.54	0	0	0.42
127300	0.42	0.54	0.54	0	0	0.42
127400	0.42	0.54	0.54	0	0	0.42
127500	0.42	0.54	0.54	0	0	0.42
127600	0.42	0.54	0.54	0	0	0.42
127700	0.42	0.54	0.54	0	0	0.42
127800	0.42	0.54	0.54	0	0	0.42
127900	0.42	0.54	0.54	0	0	0.42
128000	0.42	0.54	0.54	0	0	0.42
128100	0.42	0.54	0.54	0	0	0.42
128200	0.42	0.54	0.54	0	0	0.42
128300	0.42	0.54	0.54	0	0	0.42
128400	0.42	0.53	0.53	0	0	0.42
128500	0.42	0.53	0.53	0	0	0.42
128600	0.42	0.53	0.53	0	0	0.42
128700	0.42	0.53	0.53	0	0	0.42
128800	0.42	0.53	0.53	0	0	0.42
128900	0.42	0.53	0.53	0	0	0.42
129000	0.42	0.53	0.53	0	0	0.42
129100	0.42	0.53	0.53	0	0	0.42
129200	0.42	0.53	0.53	0	0	0.42
129300	0.42	0.53	0.53	0	0	0.42
129400	0.42	0.53	0.53	0	0	0.42
129500	0.42	0.53	0.53	0	0	0.42
129600	0.42	0.53	0.53	0	0	0.42
129700	0.42	0.53	0.53	0	0	0.42
129800	0.42	0.53	0.53	0	0	0.42
129900	0.42	0.53	0.53	0	0	0.42
130000	0.42	0.53	0.53	0	0	0.42
130100	0.42	0.53	0.53	0	0	0.42
130200	0.42	0.53	0.53	0	0	0.42
130300	0.42	0.53	0.53	0	0	0.42
130400	0.42	0.53	0.53	0	0	0.42
130500	0.42	0.53	0.53	0	0	0.42
130600	0.42	0.53	0.53	0	0	0.42
130700	0.43	0.53	0.53	0	0	0.43
130800	0.43	0.53	0.53	0	0	0.43
130900	0.42	0.53	0.53	0	0	0.42
131000	0.42	0.53	0.53	0	0	0.42
131100	0.42	0.53	0.53	0	0	0.42
131200	0.42	0.53	0.53	0	0	0.42
131300	0.42	0.53	0.53	0	0	0.42
131400	0.42	0.53	0.53	0	0	0.42
131500	0.42	0.53	0.53	0	0	0.42
131600	0.42	0.53	0.53	0	0	0.42
131700	0.42	0.53	0.53	0	0	0.42
131800	0.42	0.53	0.53	0	0	0.42
131900	0.42	0.53	0.53	0	0	0.42
132000	0.42	0.54	0.54	0	0	0.42
132100	0.42	0.54	0.54	0	0	0.42
132200	0.42	0.54	0.54	0	0	0.42
132300	0.42	0.54	0.54	0	0	0.42
132400	0.42	0.54	0.54	0	0	0.42
132500	0.42	0.54	0.54	0	0	0.42
132600	0.42	0.53	0.53	0	0	0.42
132700	0.42	0.53	0.53	0	0	0.42
132800	0.42	0.53	0.53	0	0	0.42
132900	0.42	0.53	0.53	0	0	0.42
133000	0.42	0.53	0.53	0	0	0.42
133100	0.42	0.53	0.53	0	0	0.42
133200	0.42	0.53	0.53	0	0	0.42
133300	0.42	0.53	0.53	0	0	0.42
133400	0.42	0.53	0.53	0	0	0.42
133500	0.42	0.53	0.53	0	0	0.42
133600	0.42	0.53	0.53	0	0	0.42
133700	0.42	0.54	0.54	0	0	0.42
133800	0.42	0.54	0.54	0	0	0.42
133900	0.42	0.54	0.54	0	0	0.42
134000	0.42	0.54	0.54	0	0	0.42
134100	0.42	0.54	0.54	0	0	0.42
134200	0.43	0.54	0.54	0	0	0.43
134300	0.43	0.54	0.54	0	0	0.43
134400	0.43	0.54	0.54	0	0	0.43
134500	0.43	0.54	0.54	0	0	0.43
134600	0.44	0.54	0.54	0	0	0.44
134700	0.44	0.54	0.54	0	0	0.44
134800	0.43	0.54	0.54	0	0	0.43
134900	0.43	0.54	0.54	0	0	0.43
135000	0.43	0.54	0.54	0	0	0.43
135100	0.43	0.54	0.54	0	0	0.43
135200	0.43	0.54	0.54	0	0	0.43
135300	0.43	0.54	0.54	0	0	0.43
135400	0.43	0.54	0.54	0	0	0.43
135500	0.43	0.53	0.53	0	0	0.43
135600	0.43	0.53	0.53	0	0	0.43
135700	0.43	0.53	0.53	0	0	0.43
135800	0.43	0.53	0.53	0	0	0.43
135900	0.43	0.53	0.53	0	0	0.43
136000	0.43	0.53	0.53	0	0	0.43
136100	0.43	0.53	0.53	0	0	0.43
136200	0.42	0.53	0.53	0	0	0.42
136300	0.42	0.53	0.53	0	0	0.42
136400	0.42	0.53	0.53	0	0	0.42
136500	0.42	0.53	0.53	0	0	0.42
136600	0.42	0.53	0.53	0	0	0.42
136700	0.42	0.53	0.53	0	0	0.42
136800	0.42	0.53	0.53	0	0	0.42
136900	0.42	0.53	0.53	0	0	0.42
137000	0.42	0.53	0.53	0	0	0.42
137100	0.42	0.53	0.53	0	0	0.42
137200	0.42	0.53	0.53	0	0	0.42
137300	0.42	0.53	0.53	0	0	0.42
137400	0.42	0.53	0.53	0	0	0.42
137500	0.42	0.53	0.53	0	0	0.42
137600	0.42	0.53	0.53	0	0	0.42
137700	0.42	0.53	0.53	0	0	0.42
137800	0.42	0.53	0.53	0	0	0.42
137900	0.42	0.53	0.53	0	0	0.42
138000	0.42	0.53	0.53	0	0	0.42
138100	0.42	0.53	0.53	0	0	0.42
138200	0.42	0.53	0.53	0	0	0.42
138300	0.42	0.53	0.53	0	0	0.42
138400	0.42	0.53	0.53	0	0	0.42
138500	0.42	0.54	0.54	0	0	0.42
138600	0.42	0.54	0.54	0	0	0.42
138700	0.42	0.54	0.54	0	0	0.42
138800	0.42	0.54	0.54	0	0	0.42
138900	0.42	0.54	0.54	0	0	0.42
139000	0.42	0.54	0.54	0	0	0.42
139100	0.42	0.54	0.54	0	0	0.42
139200	0.42	0.54	0.54	0	0	0.42
139300	0.42	0.54	0.54	0	0	0.42
139400	0.41	0.54	0.54	0	0	0.41
139500	0.41	0.54	0.54	0	0	0.41
139600	0.41	0.54	0.54	0	0	0.41
139700	0.41	0.54	0.54	0	0	0.41
139800	0.41	0.54	0.54	0	0	0.41
139900	0.41	0.54	0.54	0	0	0.41
140000	0.41	0.54	0.54	0	0	0.41
140100	0.42	0.54	0.54	0	0	0.42
140200	0.42	0.54	0.54	0	0	0.42
140300	0.42	0.54	0.54	0	0	0.42
140400	0.42	0.54	0.54	0	0	0.42
140500	0.42	0.54	0.54	0	0	0.42
140600	0.41	0.54	0.54	0	0	0.41
140700	0.41	0.54	0.54	0	0	0.41
140800	0.41	0.54	0.54	0	0	0.41
140900	0.41	0.54	0.54	0	0	0.41
141000	0.41	0.54	0.54	0	0	0.41
141100	0.41	0.54	0.54	0	0	0.41
141200	0.41	0.54	0.54	0	0	0.41
141300	0.41	0.55	0.55	0	0	0.41
141400	0.41	0.55	0.55	0	0	0.41
141500	0.41	0.55	0.55	0	0	0.41
141600	0.41	0.55	0.55	0	0	0.41
141700	0.41	0.55	0.55	0	0	0.41
141800	0.41	0.55	0.55	0	0	0.41
141900	0.41	0.55	0.55	0	0	0.41
142000	0.41	0.55	0.55	0	0	0.41
142100	0.41	0.55	0.55	0	0	0.41
142200	0.41	0.55	0.55	0	0	0.41
142300	0.41	0.55	0.55	0	0	0.41
142400	0.41	0.55	0.55	0	0	0.41
142500	0.41	0.55	0.55	0	0	0.41
142600	0.41	0.55	0.55	0	0	0.41
142700	0.41	0.55	0.55	0	0	0.41
142800	0.41	0.55	0.55	0	0	0.41
142900	0.41	0.55	0.55	0	0	0.41
143000	0.41	0.55	0.55	0	0	0.41
143100	0.41	0.55	0.55	0	0	0.41
143200	0.41	0.55	0.55	0	0	0.41
143300	0.42	0.55	0.55	0	0	0.42
143400	0.42	0.55	0.55	0	0	0.42
143500	0.42	0.55	0.55	0	0	0.42
143600	0.42	0.55	0.55	0	0	0.42
143700	0.42	0.55	0.55	0	0	0.42
143800	0.42	0.55	0.55	0	0	0.42
143900	0.42	0.55	0.55	0	0	0.42
144000	0.42	0.55	0.55	0	0	0.42
144100	0.42	0.55	0.55	0	0	0.42
144200	0.42	0.55	0.55	0	0	0.42
144300	0.42	0.55	0.55	0	0	0.42
144400	0.42	0.55	0.55	0	0	0.42
144500	0.42	0.55	0.55	0	0	0.42
144600	0.42	0.55	0.55	0	0	0.42
144700	0.42	0.55	0.55	0	0	0.42
144800	0.42	0.55	0.55	0	0	0.42
144900	0.42	0.55	0.55	0	0	0.42
145000	0.42	0.55	0.55	0	0	0.42
145100	0.42	0.55	0.55	0	0	0.42
145200	0.42	0.55	0.55	0	0	0.42
145300	0.42	0.55	0.55	0	0	0.42
145400	0.42	0.55	0.55	0	0	0.42
145500	0.42	0.55	0.55	0	0	0.42
145600	0.42	0.55	0.55	0	0	0.42
145700	0.42	0.55	0.55	0	0	0.42
145800	0.42	0.55	0.55	0	0	0.42
145900	0.42	0.55	0.55	0	0	0.42
146000	0.42	0.55	0.55	0	0	0.42
146100	0.42	0.55	0.55	0	0	0.42
146200	0.42	0.55	0.55	0	0	0.42
146300	0.42	0.55	0.55	0	0	0.42
146400	0.42	0.55	0.55	0	0	0.42
146500	0.42	0.55	0.55	0	0	0.42
146600	0.42	0.55	0.55	0	0	0.42
146700	0.42	0.55	0.55	0	0	0.42
146800	0.42	0.55	0.55	0	0	0.42
146900	0.42	0.55	0.55	0	0	0.42
147000	0.42	0.55	0.55	0	0	0.42
147100	0.42	0.55	0.55	0	0	0.42
147200	0.43	0.55	0.55	0	0	0.43
147300	0.43	0.55	0.55	0	0	0.43
147400	0.42	0.55	0.55	0	0	0.42
147500	0.42	0.55	0.55	0	0	0.42
147600	0.42	0.55	0.55	0	0	0.42
147700	0.42	0.55	0.55	0	0	0.42
147800	0.42	0.55	0.55	0	0	0.42
147900	0.42	0.55	0.55	0	0	0.42
148000	0.42	0.55	0.55	0	0	0.42
148100	0.42	0.55	0.55	0	0	0.42
148200	0.42	0.55	0.55	0	0	0.42
148300	0.42	0.55	0.55	0	0	0.42
148400	0.42	0.55	0.55	0	0	0.42
148500	0.42	0.55	0.55	0	0	0.42
148600	0.42	0.55	0.55	0	0	0.42
148700	0.42	0.55	0.55	0	0	0.42
148800	0.42	0.55	0.55	0	0	0.42
148900	0.42	0.55	0.55	0	0	0.42
149000	0.42	0.55	0.55	0	0	0.42
149100	0.42	0.55	0.55	0	0	0.42
149200	0.42	0.55	0.55	0	0	0.42
149300	0.42	0.55	0.55	0	0	0.42
149400	0.42	0.55	0.55	0	0	0.42
149500	0.42	0.55	0.55	0	0	0.42
149600	0.42	0.55	0.55	0	0	0.42
149700	0.42	0.55	0.55	0	0	0.42
149800	0.42	0.55	0.55	0	0	0.42
149900	0.42	0.55	0.55	0	0	0.42
150000	0.42	0.55	0.55	0	0	0.42
150100	0.42	0.55	0.55	0	0	0.42
150200	0.42	0.55	0.55	0	0	0.42
150300	0.42	0.55	0.55	0	0	0.42
150400	0.42	0.55	0.55	0	0	0.42
150500	0.42	0.55	0.55	0	0	0.42
150600	0.42	0.55	0.55	0	0	0.42
150700	0.42	0.55	0.55	0	0	0.42
150800	0.42	0.55	0.55	0	0	0.42
150900	0.41	0.55	0.55	0	0	0.41
151000	0.41	0.55	0.55	0	0	0.41
151100	0.41	0.55	0.55	0	0	0.41
151200	0.41	0.55	0.55	0	0	0.41
151300	0.41	0.55	0.55	0	0	0.41
151400	0.41	0.55	0.55	0	0	0.41
151500	0.41	0.55	0.55	0	0	0.41
151600	0.41	0.55	0.55	0	0	0.41
151700	0.41	0.55	0.55	0	0	0.41
151800	0.41	0.55	0.55	0	0	0.41
151900	0.41	0.55	0.55	0	0	0.41
152000	0.41	0.55	0.55	0	0	0.41
152100	0.41	0.55	0.55	0	0	0.41
152200	0.41	0.55	0.55	0	0	0.41
152300	0.41	0.55	0.55	0	0	0.41
152400	0.41	0.55	0.55	0	0	0.41
152500	0.41	0.55	0.55	0	0	0.41
152600	0.41	0.55	0.55	0	0	0.41
152700	0.41	0.55	0.55	0	0	0.41
152800	0.41	0.55	0.55	0	0	0.41
152900	0.41	0.55	0.55	0	0	0.41
153000	0.41	0.55	0.55	0	0	0.41
153100	0.41	0.55	0.55	0	0	0.41
153200	0.4	0.55	0.55	0	0	0.4
153300	0.4	0.55	0.55	0	0	0.4
153400	0.4	0.55	0.55	0	0	0.4
153500	0.4	0.55	0.55	0	0	0.4
153600	0.4	0.55	0.55	0	0	0.4
153700	0.4	0.55	0.55	0	0	0.4
153800	0.4	0.55	0.55	0	0	0.4
153900	0.4	0.55	0.55	0	0	0.4
154000	0.4	0.55	0.55	0	0	0.4
154100	0.4	0.55	0.55	0	0	0.4
154200	0.4	0.55	0.55	0	0	0.4
154300	0.4	0.55	0.55	0	0	0.4
154400	0.4	0.55	0.55	0	0	0.4
154500	0.4	0.55	0.55	0	0	0.4
154600	0.4	0.55	0.55	0	0	0.4
154700	0.4	0.55	0.55	0	0	0.4
154800	0.4	0.55	0.55	0	0	0.4
154900	0.4	0.55	0.55	0	0	0.4
155000	0.4	0.55	0.55	0	0	0.4
155100	0.4	0.55	0.55	0	0	0.4
155200	0.4	0.55	0.55	0	0	0.4
155300	0.4	0.55	0.55	0	0	0.4
155400	0.4	0.55	0.55	0	0	0.4
155500	0.4	0.55	0.55	0	0	0.4
155600	0.4	0.55	0.55	0	0	0.4
155700	0.4	0.55	0.55	0	0	0.4
155800	0.4	0.55	0.55	0	0	0.4
155900	0.4	0.55	0.55	0	0	0.4
156000	0.4	0.55	0.55	0	0	0.4
156100	0.4	0.55	0.55	0	0	0.4
156200	0.4	0.55	0.55	0	0	0.4
156300	0.4	0.55	0.55	0	0	0.4
156400	0.4	0.55	0.55	0	0	0.4
156500	0.4	0.55	0.55	0	0	0.4
156600	0.4	0.55	0.55	0	0	0.4
156700	0.4	0.55	0.55	0	0	0.4
156800	0.4	0.55	0.55	0	0	0.4
156900	0.4	0.55	0.55	0	0	0.4
157000	0.4	0.55	0.55	0	0	0.4
157100	0.4	0.55	0.55	0	0	0.4
157200	0.4	0.55	0.55	0	0	0.4
157300	0.4	0.55	0.55	0	0	0.4
157400	0.4	0.55	0.55	0	0	0.4
157500	0.4	0.55	0.55	0	0	0.4
157600	0.4	0.55	0.55	0	0	0.4
157700	0.4	0.55	0.55	0	0	0.4
157800	0.4	0.55	0.55	0	0	0.4
157900	0.4	0.55	0.55	0	0	0.4
158000	0.4	0.55	0.55	0	0	0.4
158100	0.4	0.55	0.55	0	0	0.4
158200	0.4	0.55	0.55	0	0	0.4
158300	0.41	0.55	0.55	0	0	0.41
158400	0.41	0.55	0.55	0	0	0.41
158500	0.41	0.55	0.55	0	0	0.41
158600	0.41	0.55	0.55	0	0	0.41
158700	0.42	0.55	0.55	0	0	0.42
158800	0.42	0.55	0.55	0	0	0.42
158900	0.41	0.55	0.55	0	0	0.41
159000	0.41	0.55	0.55	0	0	0.41
159100	0.41	0.55	0.55	0	0	0.41
159200	0.41	0.55	0.55	0	0	0.41
159300	0.41	0.55	0.55	0	0	0.41
159400	0.41	0.55	0.55	0	0	0.41
159500	0.41	0.55	0.55	0	0	0.41
159600	0.41	0.55	0.55	0	0	0.41
159700	0.41	0.55	0.55	0	0	0.41
159800	0.41	0.55	0.55	0	0	0.41
159900	0.41	0.55	0.55	0	0	0.41
160000	0.41	0.55	0.55	0	0	0.41
160100	0.41	0.55	0.55	0	0	0.41
160200	0.41	0.55	0.55	0	0	0.41
160300	0.42	0.55	0.55	0	0	0.42
160400	0.42	0.55	0.55	0	0	0.42
160500	0.42	0.55	0.55	0	0	0.42
160600	0.42	0.55	0.55	0	0	0.42
160700	0.42	0.55	0.55	0	0	0.42
160800	0.42	0.55	0.55	0	0	0.42
160900	0.42	0.55	0.55	0	0	0.42
161000	0.41	0.55	0.55	0	0	0.41
161100	0.41	0.55	0.55	0	0	0.41
161200	0.41	0.55	0.55	0	0	0.41
161300	0.41	0.55	0.55	0	0	0.41
161400	0.41	0.55	0.55	0	0	0.41
161500	0.41	0.55	0.55	0	0	0.41
161600	0.41	0.55	0.55	0	0	0.41
161700	0.41	0.55	0.55	0	0	0.41
161800	0.41	0.55	0.55	0	0	0.41
161900	0.41	0.55	0.55	0	0	0.41
162000	0.41	0.55	0.55	0	0	0.41
162100	0.41	0.55	0.55	0	0	0.41
162200	0.41	0.55	0.55	0	0	0.41
162300	0.41	0.55	0.55	0	0	0.41
162400	0.41	0.55	0.55	0	0	0.41
162500	0.41	0.55	0.55	0	0	0.41
162600	0.41	0.55	0.55	0	0	0.41
162700	0.41	0.55	0.55	0	0	0.41
162800	0.41	0.55	0.55	0	0	0.41
162900	0.41	0.55	0.55	0	0	0.41
163000	0.41	0.55	0.55	0	0	0.41
163100	0.41	0.55	0.55	0	0	0.41
163200	0.41	0.55	0.55	0	0	0.41
163300	0.41	0.55	0.55	0	0	0.41
163400	0.41	0.55	0.55	0	0	0.41
163500	0.42	0.55	0.55	0	0	0.42
163600	0.41	0.55	0.55	0	0	0.41
163700	0.41	0.55	0.55	0	0	0.41
163800	0.41	0.55	0.55	0	0	0.41
163900	0.41	0.55	0.55	0	0	0.41
164000	0.41	0.55	0.55	0	0	0.41
164100	0.41	0.55	0.55	0	0	0.41
164200	0.41	0.55	0.55	0	0	0.41
164300	0.41	0.55	0.55	0	0	0.41
164400	0.41	0.55	0.55	0	0	0.41
164500	0.41	0.55	0.55	0	0	0.41
164600	0.41	0.55	0.55	0	0	0.41
164700	0.41	0.55	0.55	0	0	0.41
164800	0.41	0.55	0.55	0	0	0.41
164900	0.41	0.55	0.55	0	0	0.41
165000	0.41	0.55	0.55	0	0	0.41
165100	0.41	0.55	0.55	0	0	0.41
165200	0.41	0.55	0.55	0	0	0.41
165300	0.41	0.55	0.55	0	0	0.41
165400	0.41	0.55	0.55	0	0	0.41
165500	0.41	0.55	0.55	0	0	0.41
165600	0.41	0.55	0.55	0	0	0.41
165700	0.41	0.55	0.55	0	0	0.41
165800	0.41	0.55	0.55	0	0	0.41
165900	0.41	0.55	0.55	0	0	0.41
166000	0.41	0.55	0.55	0	0	0.41
166100	0.41	0.55	0.55	0	0	0.41
166200	0.41	0.55	0.55	0	0	0.41
166300	0.41	0.55	0.55	0	0	0.41
166400	0.41	0.55	0.55	0	0	0.41
166500	0.41	0.55	0.55	0	0	0.41
166600	0.41	0.55	0.55	0	0	0.41
166700	0.41	0.55	0.55	0	0	0.41
166800	0.41	0.55	0.55	0	0	0.41
166900	0.41	0.55	0.55	0	0	0.41
167000	0.41	0.55	0.55	0	0	0.41
167100	0.42	0.55	0.55	0	0	0.42
167200	0.42	0.55	0.55	0	0	0.42
167300	0.42	0.55	0.55	0	0	0.42
167400	0.42	0.55	0.55	0	0	0.42
167500	0.42	0.55	0.55	0	0	0.42
167600	0.42	0.55	0.55	0	0	0.42
167700	0.42	0.55	0.55	0	0	0.42
167800	0.42	0.55	0.55	0	0	0.42
167900	0.42	0.55	0.55	0	0	0.42
168000	0.42	0.55	0.55	0	0	0.42
168100	0.42	0.55	0.55	0	0	0.42
168200	0.42	0.55	0.55	0	0	0.42
168300	0.42	0.55	0.55	0	0	0.42
168400	0.42	0.55	0.55	0	0	0.42
168500	0.42	0.55	0.55	0	0	0.42
168600	0.43	0.55	0.55	0	0	0.43
168700	0.43	0.55	0.55	0	0	0.43
168800	0.43	0.55	0.55	0	0	0.43
168900	0.43	0.55	0.55	0	0	0.43
169000	0.43	0.55	0.55	0	0	0.43
169100	0.42	0.55	0.55	0	0	0.42
169200	0.42	0.55	0.55	0	0	0.42
169300	0.42	0.55	0.55	0	0	0.42
169400	0.42	0.55	0.55	0	0	0.42
169500	0.42	0.55	0.55	0	0	0.42
169600	0.42	0.54	0.54	0	0	0.42
169700	0.42	0.54	0.54	0	0	0.42
169800	0.42	0.54	0.54	0	0	0.42
169900	0.42	0.54	0.54	0	0	0.42
170000	0.42	0.54	0.54	0	0	0.42
170100	0.42	0.54	0.54	0	0	0.42
170200	0.42	0.54	0.54	0	0	0.42
170300	0.42	0.54	0.54	0	0	0.42
170400	0.42	0.54	0.54	0	0	0.42
170500	0.42	0.54	0.54	0	0	0.42
170600	0.42	0.54	0.54	0	0	0.42
170700	0.42	0.54	0.54	0	0	0.42
170800	0.42	0.54	0.54	0	0	0.42
170900	0.42	0.54	0.54	0	0	0.42
171000	0.42	0.54	0.54	0	0	0.42
171100	0.42	0.54	0.54	0	0	0.42
171200	0.42	0.54	0.54	0	0	0.42
171300	0.42	0.54	0.54	0	0	0.42
171400	0.42	0.54	0.54	0	0	0.42
171500	0.42	0.54	0.54	0	0	0.42
171600	0.42	0.54	0.54	0	0	0.42
171700	0.42	0.54	0.54	0	0	0.42
171800	0.42	0.54	0.54	0	0	0.42
171900	0.42	0.54	0.54	0	0	0.42
172000	0.42	0.54	0.54	0	0	0.42
172100	0.42	0.54	0.54	0	0	0.42
172200	0.42	0.54	0.54	0	0	0.42
172300	0.42	0.54	0.54	0	0	0.42
172400	0.43	0.54	0.54	0	0	0.43
172500	0.43	0.54	0.54	0	0	0.43
172600	0.43	0.54	0.54	0	0	0.43
172700	0.43	0.54	0.54	0	0	0.43
172800	0.43	0.54	0.54	0	0	0.43
172900	0.43	0.54	0.54	0	0	0.43
173000	0.43	0.54	0.54	0	0	0.43
173100	0.43	0.54	0.54	0	0	0.43
173200	0.43	0.54	0.54	0	0	0.43
173300	0.43	0.54	0.54	0	0	0.43
173400	0.43	0.54	0.54	0	0	0.43
173500	0.43	0.54	0.54	0	0	0.43
173600	0.43	0.54	0.54	0	0	0.43
173700	0.43	0.54	0.54	0	0	0.43
173800	0.43	0.54	0.54	0	0	0.43
173900	0.43	0.54	0.54	0	0	0.43
174000	0.43	0.54	0.54	0	0	0.43
174100	0.43	0.54	0.54	0	0	0.43
174200	0.43	0.54	0.54	0	0	0.43
174300	0.43	0.54	0.54	0	0	0.43
174400	0.43	0.54	0.54	0	0	0.43
174500	0.43	0.54	0.54	0	0	0.43
174600	0.43	0.54	0.54	0	0	0.43
174700	0.43	0.54	0.54	0	0	0.43
174800	0.43	0.54	0.54	0	0	0.43
174900	0.43	0.54	0.54	0	0	0.43
175000	0.43	0.54	0.54	0	0	0.43
175100	0.43	0.54	0.54	0	0	0.43
175200	0.44	0.54	0.54	0	0	0.44
175300	0.43	0.54	0.54	0	0	0.43
175400	0.43	0.54	0.54	0	0	0.43
175500	0.43	0.54	0.54	0	0	0.43
175600	0.43	0.54	0.54	0	0	0.43
175700	0.43	0.54	0.54	0	0	0.43
175800	0.43	0.54	0.54	0	0	0.43
175900	0.43	0.54	0.54	0	0	0.43
176000	0.43	0.54	0.54	0	0	0.43
176100	0.43	0.54	0.54	0	0	0.43
176200	0.43	0.54	0.54	0	0	0.43
176300	0.43	0.53	0.53	0	0	0.43
176400	0.43	0.53	0.53	0	0	0.43
176500	0.43	0.53	0.53	0	0	0.43
176600	0.43	0.53	0.53	0	0	0.43
176700	0.43	0.53	0.53	0	0	0.43
176800	0.43	0.53	0.53	0	0	0.43
176900	0.43	0.53	0.53	0	0	0.43
177000	0.43	0.53	0.53	0	0	0.43
177100	0.43	0.53	0.53	0	0	0.43
177200	0.43	0.53	0.53	0	0	0.43
177300	0.43	0.53	0.53	0	0	0.43
177400	0.43	0.53	0.53	0	0	0.43
177500	0.43	0.53	0.53	0	0	0.43
177600	0.43	0.53	0.53	0	0	0.43
177700	0.43	0.53	0.53	0	0	0.43
177800	0.43	0.53	0.53	0	0	0.43
177900	0.43	0.53	0.53	0	0	0.43
178000	0.43	0.53	0.53	0	0	0.43
178100	0.43	0.53	0.53	0	0	0.43
178200	0.43	0.53	0.53	0	0	0.43
178300	0.43	0.53	0.53	0	0	0.43
178400	0.43	0.53	0.53	0	0	0.43
178500	0.43	0.53	0.53	0	0	0.43
178600	0.43	0.53	0.53	0	0	0.43
178700	0.43	0.53	0.53	0	0	0.43
178800	0.43	0.53	0.53	0	0	0.43
178900	0.43	0.53	0.53	0	0	0.43
179000	0.43	0.53	0.53	0	0	0.43
179100	0.43	0.53	0.53	0	0	0.43
179200	0.43	0.53	0.53	0	0	0.43
179300	0.44	0.53	0.53	0	0	0.44
179400	0.44	0.53	0.53	0	0	0.44
179500	0.44	0.53	0.53	0	0	0.44
179600	0.44	0.53	0.53	0	0	0.44
179700	0.44	0.53	0.53	0	0	0.44
179800	0.44	0.53	0.53	0	0	0.44
179900	0.44	0.53	0.53	0	0	0.44
180000	0.44	0.53	0.53	0	0	0.44
180100	0.44	0.53	0.53	0	0	0.44
180200	0.44	0.53	0.53	0	0	0.44
180300	0.44	0.53	0.53	0	0	0.44
180400	0.44	0.53	0.53	0	0	0.44
180500	0.44	0.53	0.53	0	0	0.44
180600	0.44	0.53	0.53	0	0	0.44
180700	0.44	0.53	0.53	0	0	0.44
180800	0.44	0.53	0.53	0	0	0.44
180900	0.44	0.53	0.53	0	0	0.44
181000	0.44	0.53	0.53	0	0	0.44
181100	0.44	0.53	0.53	0	0	0.44
181200	0.44	0.53	0.53	0	0	0.44
181300	0.44	0.53	0.53	0	0	0.44
181400	0.44	0.53	0.53	0	0	0.44
181500	0.44	0.53	0.53	0	0	0.44
181600	0.44	0.53	0.53	0	0	0.44
181700	0.44	0.53	0.53	0	0	0.44
181800	0.44	0.53	0.53	0	0	0.44
181900	0.44	0.53	0.53	0	0	0.44
182000	0.44	0.53	0.53	0	0	0.44
182100	0.44	0.53	0.53	0	0	0.44
182200	0.44	0.53	0.53	0	0	0.44
182300	0.44	0.53	0.53	0	0	0.44
182400	0.44	0.53	0.53	0	0	0.44
182500	0.44	0.53	0.53	0	0	0.44
182600	0.44	0.53	0.53	0	0	0.44
182700	0.44	0.53	0.53	0	0	0.44
182800	0.44	0.53	0.53	0	0	0.44
182900	0.44	0.53	0.53	0	0	0.44
183000	0.44	0.52	0.52	0	0	0.44
183100	0.44	0.52	0.52	0	0	0.44
183200	0.44	0.52	0.52	0	0	0.44
183300	0.44	0.52	0.52	0	0	0.44
183400	0.44	0.52	0.52	0	0	0.44
183500	0.44	0.52	0.52	0	0	0.44
183600	0.44	0.52	0.52	0	0	0.44
183700	0.44	0.52	0.52	0	0	0.44
183800	0.44	0.52	0.52	0	0	0.44
183900	0.44	0.52	0.52	0	0	0.44
184000	0.44	0.52	0.52	0	0	0.44
184100	0.44	0.52	0.52	0	0	0.44
184200	0.44	0.52	0.52	0	0	0.44
184300	0.44	0.52	0.52	0	0	0.44
184400	0.44	0.52	0.52	0	0	0.44
184500	0.44	0.52	0.52	0	0	0.44
184600	0.44	0.52	0.52	0	0	0.44
184700	0.44	0.52	0.52	0	0	0.44
184800	0.44	0.52	0.52	0	0	0.44
184900	0.44	0.52	0.52	0	0	0.44
185000	0.44	0.52	0.52	0	0	0.44
185100	0.44	0.52	0.52	0	0	0.44
185200	0.44	0.52	0.52	0	0	0.44
185300	0.44	0.52	0.52	0	0	0.44
185400	0.44	0.52	0.52	0	0	0.44
185500	0.44	0.52	0.52	0	0	0.44
185600	0.44	0.52	0.52	0	0	0.44
185700	0.44	0.52	0.52	0	0	0.44
185800	0.44	0.52	0.52	0	0	0.44
185900	0.44	0.52	0.52	0	0	0.44
186000	0.44	0.52	0.52	0	0	0.44
186100	0.44	0.52	0.52	0	0	0.44
186200	0.44	0.52	0.52	0	0	0.44
186300	0.44	0.52	0.52	0	0	0.44
186400	0.44	0.52	0.52	0	0	0.44
186500	0.44	0.52	0.52	0	0	0.44
186600	0.44	0.52	0.52	0	0	0.44
186700	0.44	0.52	0.52	0	0	0.44
186800	0.44	0.52	0.52	0	0	0.44
186900	0.44	0.52	0.52	0	0	0.44
187000	0.44	0.52	0.52	0	0	0.44
187100	0.44	0.53	0.53	0	0	0.44
187200	0.44	0.53	0.53	0	0	0.44
187300	0.44	0.53	0.53	0	0	0.44
187400	0.44	0.53	0.53	0	0	0.44
187500	0.44	0.53	0.53	0	0	0.44
187600	0.44	0.53	0.53	0	0	0.44
187700	0.44	0.53	0.53	0	0	0.44
187800	0.44	0.53	0.53	0	0	0.44
187900	0.44	0.53	0.53	0	0	0.44
188000	0.44	0.53	0.53	0	0	0.44
188100	0.44	0.53	0.53	0	0	0.44
188200	0.44	0.53	0.53	0	0	0.44
188300	0.44	0.53	0.53	0	0	0.44
188400	0.44	0.53	0.53	0	0	0.44
188500	0.44	0.53	0.53	0	0	0.44
188600	0.44	0.53	0.53	0	0	0.44
188700	0.44	0.53	0.53	0	0	0.44
188800	0.44	0.53	0.53	0	0	0.44
188900	0.44	0.53	0.53	0	0	0.44
189000	0.44	0.53	0.53	0	0	0.44
189100	0.44	0.53	0.53	0	0	0.44
189200	0.44	0.53	0.53	0	0	0.44
189300	0.44	0.53	0.53	0	0	0.44
189400	0.44	0.54	0.54	0	0	0.44
189500	0.44	0.54	0.54	0	0	0.44
189600	0.44	0.54	0.54	0	0	0.44
189700	0.44	0.54	0.54	0	0	0.44
189800	0.44	0.54	0.54	0	0	0.44
189900	0.44	0.53	0.53	0	0	0.44
190000	0.44	0.53	0.53	0	0	0.44
190100	0.44	0.53	0.53	0	0	0.44
190200	0.44	0.53	0.53	0	0	0.44
190300	0.44	0.53	0.53	0	0	0.44
190400	0.44	0.53	0.53	0	0	0.44
190500	0.44	0.53	0.53	0	0	0.44
190600	0.44	0.53	0.53	0	0	0.44
190700	0.44	0.53	0.53	0	0	0.44
190800	0.44	0.53	0.53	0	0	0.44
190900	0.44	0.53	0.53	0	0	0.44
191000	0.44	0.53	0.53	0	0	0.44
191100	0.44	0.53	0.53	0	0	0.44
191200	0.44	0.53	0.53	0	0	0.44
191300	0.44	0.54	0.54	0	0	0.44
191400	0.44	0.54	0.54	0	0	0.44
191500	0.44	0.54	0.54	0	0	0.44
191600	0.44	0.54	0.54	0	0	0.44
191700	0.44	0.54	0.54	0	0	0.44
191800	0.44	0.54	0.54	0	0	0.44
191900	0.44	0.54	0.54	0	0	0.44
192000	0.44	0.54	0.54	0	0	0.44
192100	0.44	0.54	0.54	0	0	0.44
192200	0.44	0.54	0.54	0	0	0.44
192300	0.44	0.54	0.54	0	0	0.44
192400	0.44	0.54	0.54	0	0	0.44
192500	0.44	0.54	0.54	0	0	0.44
192600	0.44	0.54	0.54	0	0	0.44
192700	0.44	0.54	0.54	0	0	0.44
192800	0.44	0.54	0.54	0	0	0.44
192900	0.44	0.54	0.54	0	0	0.44
193000	0.44	0.54	0.54	0	0	0.44
193100	0.44	0.54	0.54	0	0	0.44
193200	0.44	0.54	0.54	0	0	0.44
193300	0.44	0.54	0.54	0	0	0.44
193400	0.44	0.54	0.54	0	0	0.44
193500	0.44	0.54	0.54	0	0	0.44
193600	0.44	0.54	0.54	0	0	0.44
193700	0.44	0.54	0.54	0	0	0.44
193800	0.44	0.54	0.54	0	0	0.44
193900	0.44	0.54	0.54	0	0	0.44
194000	0.44	0.54	0.54	0	0	0.44
194100	0.44	0.54	0.54	0	0	0.44
194200	0.44	0.54	0.54	0	0	0.44
194300	0.44	0.54	0.54	0	0	0.44
194400	0.44	0.54	0.54	0	0	0.44
194500	0.44	0.54	0.54	0	0	0.44
194600	0.44	0.54	0.54	0	0	0.44
194700	0.44	0.54	0.54	0	0	0.44
194800	0.44	0.54	0.54	0	0	0.44
194900	0.44	0.54	0.54	0	0	0.44
195000	0.44	0.54	0.54	0	0	0.44
195100	0.44	0.54	0.54	0	0	0.44
195200	0.44	0.54	0.54	0	0	0.44
195300	0.44	0.54	0.54	0	0	0.44
195400	0.44	0.54	0.54	0	0	0.44
195500	0.44	0.54	0.54	0	0	0.44
195600	0.44	0.54	0.54	0	0	0.44
195700	0.44	0.54	0.54	0	0	0.44
195800	0.44	0.54	0.54	0	0	0.44
195900	0.44	0.54	0.54	0	0	0.44
196000	0.44	0.54	0.54	0	0	0.44
196100	0.44	0.54	0.54	0	0	0.44
196200	0.44	0.54	0.54	0	0	0.44
196300	0.44	0.54	0.54	0	0	0.44
196400	0.44	0.54	0.54	0	0	0.44
196500	0.44	0.54	0.54	0	0	0.44
196600	0.44	0.54	0.54	0	0	0.44
196700	0.44	0.54	0.54	0	0	0.44
196800	0.44	0.54	0.54	0	0	0.44
196900	0.44	0.54	0.54	0	0	0.44
197000	0.44	0.54	0.54	0	0	0.44
197100	0.44	0.54	0.54	0	0	0.44
197200	0.44	0.54	0.54	0	0	0.44
197300	0.44	0.54	0.54	0	0	0.44
197400	0.44	0.54	0.54	0	0	0.44
197500	0.44	0.54	0.54	0	0	0.44
197600	0.44	0.54	0.54	0	0	0.44
197700	0.44	0.54	0.54	0	0	0.44
197800	0.44	0.54	0.54	0	0	0.44
197900	0.44	0.54	0.54	0	0	0.44
198000	0.44	0.54	0.54	0	0	0.44
198100	0.44	0.54	0.54	0	0	0.44
198200	0.44	0.54	0.54	0	0	0.44
198300	0.44	0.54	0.54	0	0	0.44
198400	0.44	0.54	0.54	0	0	0.44
198500	0.44	0.54	0.54	0	0	0.44
198600	0.44	0.54	0.54	0	0	0.44
198700	0.44	0.54	0.54	0	0	0.44
198800	0.44	0.54	0.54	0	0	0.44
198900	0.44	0.54	0.54	0	0	0.44
199000	0.44	0.54	0.54	0	0	0.44
199100	0.44	0.54	0.54	0	0	0.44
199200	0.44	0.54	0.54	0	0	0.44
199300	0.44	0.54	0.54	0	0	0.44
199400	0.44	0.54	0.54	0	0	0.44
199500	0.44	0.54	0.54	0	0	0.44
199600	0.44	0.54	0.54	0	0	0.44
199700	0.44	0.54	0.54	0	0	0.44
199800	0.44	0.54	0.54	0	0	0.44
199900	0.44	0.54	0.54	0	0	0.44
200000	0.44	0.54	0.54	0	0	0.44
200100	0.44	0.54	0.54	0	0	0.44
200200	0.44	0.54	0.54	0	0	0.44
200300	0.44	0.54	0.54	0	0	0.44
200400	0.44	0.54	0.54	0	0	0.44
200500	0.44	0.54	0.54	0	0	0.44
200600	0.44	0.54	0.54	0	0	0.44
200700	0.44	0.54	0.54	0	0	0.44
200800	0.44	0.54	0.54	0	0	0.44
200900	0.44	0.55	0.55	0	0	0.44
201000	0.44	0.55	0.55	0	0	0.44
201100	0.44	0.55	0.55	0	0	0.44
201200	0.44	0.55	0.55	0	0	0.44
201300	0.44	0.55	0.55	0	0	0.44
201400	0.44	0.55	0.55	0	0	0.44
201500	0.44	0.55	0.55	0	0	0.44
201600	0.44	0.55	0.55	0	0	0.44
201700	0.44	0.55	0.55	0	0	0.44
201800	0.44	0.55	0.55	0	0	0.44
201900	0.44	0.55	0.55	0	0	0.44
202000	0.44	0.55	0.55	0	0	0.44
202100	0.44	0.55	0.55	0	0	0.44
202200	0.44	0.55	0.55	0	0	0.44
202300	0.44	0.55	0.55	0	0	0.44
202400	0.44	0.55	0.55	0	0	0.44
202500	0.44	0.55	0.55	0	0	0.44
202600	0.44	0.55	0.55	0	0	0.44
202700	0.44	0.55	0.55	0	0	0.44
202800	0.44	0.55	0.55	0	0	0.44
202900	0.44	0.55	0.55	0	0	0.44
203000	0.44	0.55	0.55	0	0	0.44
203100	0.44	0.55	0.55	0	0	0.44
203200	0.44	0.55	0.55	0	0	0.44
203300	0.44	0.55	0.55	0	0	0.44
203400	0.44	0.55	0.55	0	0	0.44
203500	0.44	0.55	0.55	0	0	0.44
203600	0.44	0.55	0.55	0	0	0.44
203700	0.44	0.55	0.55	0	0	0.44
203800	0.44	0.55	0.55	0	0	0.44
203900	0.44	0.55	0.55	0	0	0.44
204000	0.44	0.55	0.55	0	0	0.44
204100	0.44	0.55	0.55	0	0	0.44
204200	0.44	0.55	0.55	0	0	0.44
204300	0.44	0.55	0.55	0	0	0.44
204400	0.44	0.55	0.55	0	0	0.44
204500	0.44	0.55	0.55	0	0	0.44
204600	0.44	0.55	0.55	0	0	0.44
204700	0.44	0.55	0.55	0	0	0.44
204800	0.44	0.55	0.55	0	0	0.44
204900	0.44	0.55	0.55	0	0	0.44
205000	0.44	0.55	0.55	0	0	0.44
205100	0.44	0.55	0.55	0	0	0.44
205200	0.44	0.55	0.55	0	0	0.44
205300	0.44	0.55	0.55	0	0	0.44
205400	0.44	0.55	0.55	0	0	0.44
205500	0.44	0.55	0.55	0	0	0.44
205600	0.44	0.55	0.55	0	0	0.44
205700	0.44	0.55	0.55	0	0	0.44
205800	0.44	0.55	0.55	0	0	0.44
205900	0.44	0.55	0.55	0	0	0.44
206000	0.44	0.55	0.55	0	0	0.44
206100	0.44	0.55	0.55	0	0	0.44
206200	0.44	0.55	0.55	0	0	0.44
206300	0.44	0.55	0.55	0	0	0.44
206400	0.44	0.55	0.55	0	0	0.44
206500	0.44	0.55	0.55	0	0	0.44
206600	0.44	0.55	0.55	0	0	0.44
206700	0.44	0.55	0.55	0	0	0.44
206800	0.44	0.55	0.55	0	0	0.44
206900	0.44	0.55	0.55	0	0	0.44
207000	0.44	0.55	0.55	0	0	0.44
207100	0.44	0.55	0.55	0	0	0.44
207200	0.44	0.55	0.55	0	0	0.44
207300	0.44	0.55	0.55	0	0	0.44
207400	0.44	0.55	0.55	0	0	0.44
207500	0.44	0.55	0.55	0	0	0.44
207600	0.44	0.55	0.55	0	0	0.44
207700	0.44	0.55	0.55	0	0	0.44
207800	0.44	0.55	0.55	0	0	0.44
207900	0.44	0.55	0.55	0	0	0.44
208000	0.44	0.55	0.55	0	0	0.44
208100	0.44	0.55	0.55	0	0	0.44
208200	0.44	0.55	0.55	0	0	0.44
208300	0.44	0.55	0.55	0	0	0.44
208400	0.44	0.55	0.55	0	0	0.44
208500	0.44	0.55	0.55	0	0	0.44
208600	0.44	0.55	0.55	0	0	0.44
208700	0.44	0.55	0.55	0	0	0.44
208800	0.44	0.55	0.55	0	0	0.44
208900	0.44	0.55	0.55	0	0	0.44
209000	0.44	0.55	0.55	0	0	0.44
209100	0.44	0.55	0.55	0	0	0.44
209200	0.44	0.55	0.55	0	0	0.44
209300	0.44	0.55	0.55	0	0	0.44
209400	0.44	0.55	0.55	0	0	0.44
209500	0.44	0.55	0.55	0	0	0.44
209600	0.44	0.55	0.55	0	0	0.44
209700	0.44	0.55	0.55	0	0	0.44
209800	0.44	0.55	0.55	0	0	0.44
209900	0.44	0.55	0.55	0	0	0.44
210000	0.44	0.55	0.55	0	0	0.44
210100	0.44	0.55	0.55	0	0	0.44
210200	0.44	0.55	0.55	0	0	0.44
210300	0.44	0.55	0.55	0	0	0.44
210400	0.44	0.55	0.55	0	0	0.44
210500	0.44	0.55	0.55	0	0	0.44
210600	0.44	0.55	0.55	0	0	0.44
210700	0.44	0.55	0.55	0	0	0.44
210800	0.44	0.55	0.55	0	0	0.44
210900	0.44	0.55	0.55	0	0	0.44
211000	0.44	0.55	0.55	0	0	0.44
211100	0.44	0.55	0.55	0	0	0.44
211200	0.44	0.55	0.55	0	0	0.44
211300	0.44	0.55	0.55	0	0	0.44
211400	0.44	0.55	0.55	0	0	0.44
211500	0.44	0.55	0.55	0	0	0.44
211600	0.44	0.55	0.55	0	0	0.44
211700	0.44	0.55	0.55	0	0	0.44
211800	0.44	0.55	0.55	0	0	0.44
211900	0.44	0.55	0.55	0	0	0.44
212000	0.44	0.55	0.55	0	0	0.44
212100	0.44	0.55	0.55	0	0	0.44
212200	0.44	0.55	0.55	0	0	0.44
212300	0.44	0.55	0.55	0	0	0.44
212400	0.44	0.55	0.55	0	0	0.44
212500	0.44	0.55	0.55	0	0	0.44
212600	0.44	0.55	0.55	0	0	0.44
212700	0.44	0.55	0.55	0	0	0.44
212800	0.44	0.55	0.55	0	0	0.44
212900	0.44	0.55	0.55	0	0	0.44
213000	0.44	0.55	0.55	0	0	0.44
213100	0.44	0.55	0.55	0	0	0.44
213200	0.44	0.55	0.55	0	0	0.44
213300	0.44	0.55	0.55	0	0	0.44
213400	0.44	0.55	0.55	0	0	0.44
213500	0.44	0.55	0.55	0	0	0.44
213600	0.44	0.55	0.55	0	0	0.44
213700	0.44	0.55	0.55	0	0	0.44
213800	0.44	0.55	0.55	0	0	0.44
213900	0.44	0.55	0.55	0	0	0.44
214000	0.44	0.55	0.55	0	0	0.44
214100	0.44	0.55	0.55	0	0	0.44
214200	0.44	0.55	0.55	0	0	0.44
214300	0.44	0.55	0.55	0	0	0.44
214400	0.44	0.55	0.55	0	0	0.44
214500	0.44	0.55	0.55	0	0	0.44
214600	0.44	0.55	0.55	0	0	0.44
214700	0.44	0.55	0.55	0	0	0.44
214800	0.44	0.55	0.55	0	0	0.44
214900	0.44	0.55	0.55	0	0	0.44
215000	0.44	0.55	0.55	0	0	0.44
215100	0.44	0.55	0.55	0	0	0.44
215200	0.44	0.55	0.55	0	0	0.44
215300	0.44	0.55	0.55	0	0	0.44
215400	0.44	0.55	0.55	0	0	0.44
215500	0.44	0.55	0.55	0	0	0.44
215600	0.44	0.55	0.55	0	0	0.44
215700	0.44	0.55	0.55	0	0	0.44
215800	0.44	0.55	0.55	0	0	0.44
215900	0.44	0.55	0.55	0	0	0.44
216000	0.44	0.55	0.55	0	0	0.44
216100	0.44	0.55	0.55	0	0	0.44
216200	0.44	0.55	0.55	0	0	0.44
216300	0.44	0.55	0.55	0	0	0.44
216400	0.44	0.55	0.55	0	0	0.44
216500	0.44	0.55	0.55	0	0	0.44
216600	0.44	0.55	0.55	0	0	0.44
216700	0.44	0.55	0.55	0	0	0.44
216800	0.44	0.55	0.55	0	0	0.44
216900	0.44	0.55	0.55	0	0	0.44
217000	0.44	0.55	0.55	0	0	0.44
217100	0.44	0.55	0.55	0	0	0.44
217200	0.44	0.55	0.55	0	0	0.44
217300	0.44	0.55	0.55	0	0	0.44
217400	0.44	0.55	0.55	0	0	0.44
217500	0.44	0.55	0.55	0	0	0.44
217600	0.44	0.55	0.55	0	0	0.44
217700	0.44	0.55	0.55	0	0	0.44
217800	0.44	0.55	0.55	0	0	0.44
217900	0.44	0.55	0.55	0	0	0.44
218000	0.44	0.55	0.55	0	0	0.44
218100	0.44	0.55	0.55	0	0	0.44
218200	0.44	0.55	0.55	0	0	0.44
218300	0.44	0.55	0.55	0	0	0.44
218400	0.44	0.55	0.55	0	0	0.44
218500	0.44	0.55	0.55	0	0	0.44
218600	0.44	0.55	0.55	0	0	0.44
218700	0.44	0.55	0.55	0	0	0.44
218800	0.44	0.55	0.55	0	0	0.44
218900	0.44	0.55	0.55	0	0	0.44
219000	0.44	0.55	0.55	0	0	0.44
219100	0.44	0.55	0.55	0	0	0.44
219200	0.44	0.55	0.55	0	0	0.44
219300	0.44	0.55	0.55	0	0	0.44
219400	0.44	0.55	0.55	0	0	0.44
219500	0.44	0.55	0.55	0	0	0.44
219600	0.44	0.55	0.55	0	0	0.44
219700	0.44	0.55	0.55	0	0	0.44
219800	0.44	0.55	0.55	0	0	0.44
219900	0.44	0.55	0.55	0	0	0.44
220000	0.44	0.55	0.55	0	0	0.44
220100	0.44	0.55	0.55	0	0	0.44
220200	0.44	0.55	0.55	0	0	0.44
220300	0.44	0.55	0.55	0	0	0.44
220400	0.44	0.55	0.55	0	0	0.44
220500	0.44	0.55	0.55	0	0	0.44
220600	0.44	0.55	0.55	0	0	0.44
220700	0.44	0.55	0.55	0	0	0.44
220800	0.44	0.55	0.55	0	0	0.44
220900	0.44	0.55	0.55	0	0	0.44
221000	0.44	0.55	0.55	0	0	0.44
221100	0.44	0.55	0.55	0	0	0.44
221200	0.44	0.55	0.55	0	0	0.44
221300	0.44	0.55	0.55	0	0	0.44
221400	0.44	0.55	0.55	0	0	0.44
221500	0.44	0.55	0.55	0	0	0.44
221600	0.44	0.55	0.55	0	0	0.44
221700	0.44	0.55	0.55	0	0	0.44
221800	0.44	0.55	0.55	0	0	0.44
221900	0.44	0.55	0.55	0	0	0.44
222000	0.44	0.55	0.55	0	0	0.44
222100	0.44	0.55	0.55	0	0	0.44
222200	0.44	0.55	0.55	0	0	0.44
222300	0.44	0.55	0.55	0	0	0.44
222400	0.44	0.55	0.55	0	0	0.44
222500	0.44	0.55	0.55	0	0	0.44
222600	0.44	0.55	0.55	0	0	0.44
222700	0.44	0.55	0.55	0	0	0.44
222800	0.44	0.55	0.55	0	0	0.44
222900	0.44	0.55	0.55	0	0	0.44
223000	0.44	0.55	0.55	0	0	0.44
223100	0.44	0.55	0.55	0	0	0.44
223200	0.44	0.55	0.55	0	0	0.44
223300	0.44	0.55	0.55	0	0	0.44
223400	0.44	0.55	0.55	0	0	0.44
223500	0.44	0.55	0.55	0	0	0.44
223600	0.44	0.55	0.55	0	0	0.44
223700	0.44	0.55	0.55	0	0	0.44
223800	0.44	0.55	0.55	0	0	0.44
223900	0.44	0.55	0.55	0	0	0.44
224000	0.44	0.55	0.55	0	0	0.44
224100	0.44	0.55	0.55	0	0	0.44
224200	0.44	0.55	0.55	0	0	0.44
224300	0.44	0.55	0.55	0	0	0.44
224400	0.44	0.55	0.55	0	0	0.44
224500	0.44	0.55	0.55	0	0	0.44
224600	0.44	0.55	0.55	0	0	0.44
224700	0.44	0.55	0.55	0	0	0.44
224800	0.44	0.55	0.55	0	0	0.44
224900	0.44	0.55	0.55	0	0	0.44
225000	0.44	0.55	0.55	0	0	0.44
225100	0.44	0.55	0.55	0	0	0.44
225200	0.44	0.55	0.55	0	0	0.44
225300	0.44	0.55	0.55	0	0	0.44
225400	0.44	0.55	0.55	0	0	0.44
225500	0.44	0.55	0.55	0	0	0.44
225600	0.44	0.55	0.55	0	0	0.44
225700	0.44	0.55	0.55	0	0	0.44
225800	0.44	0.55	0.55	0	0	0.44
225900	0.44	0.55	0.55	0	0	0.44
226000	0.44	0.55	0.55	0	0	0.44
226100	0.44	0.55	0.55	0	0	0.44
226200	0.44	0.55	0.55	0	0	0.44
226300	0.44	0.55	0.55	0	0	0.44
226400	0.44	0.55	0.55	0	0	0.44
226500	0.44	0.55	0.55	0	0	0.44
226600	0.44	0.55	0.55	0	0	0.44
226700	0.44	0.55	0.55	0	0	0.44
226800	0.44	0.55	0.55	0	0	0.44
226900	0.44	0.55	0.55	0	0	0.44
227000	0.44	0.55	0.55	0	0	0.44
227100	0.44	0.55	0.55	0	0	0.44
227200	0.44	0.55	0.55	0	0	0.44
227300	0.44	0.55	0.55	0	0	0.44
227400	0.44	0.55	0.55	0	0	0.44
227500	0.44	0.55	0.55	0	0	0.44
227600	0.44	0.55	0.55	0	0	0.44
227700	0.44	0.55	0.55	0	0	0.44
227800	0.44	0.55	0.55	0	0	0.44
227900	0.44	0.55	0.55	0	0	0.44
228000	0.44	0.55	0.55	0	0	0.44
228100	0.44	0.55	0.55	0	0	0.44
228200	0.44	0.55	0.55	0	0	0.44
228300	0.44	0.55	0.55	0	0	0.44
228400	0.44	0.55	0.55	0	0	0.44
228500	0.44	0.55	0.55	0	0	0.44
228600	0.44	0.55	0.55	0	0	0.44
228700	0.44	0.55	0.55	0	0	0.44
228800	0.44	0.55	0.55	0	0	0.44
228900	0.44	0.55	0.55	0	0	0.44
229000	0.44	0.55	0.55	0	0	0.44
229100	0.44	0.55	0.55	0	0	0.44
229200	0.44	0.55	0.55	0	0	0.44
229300	0.44	0.55	0.55	0	0	0.44
229400	0.44	0.55	0.55	0	0	0.44
229500	0.44	0.55	0.55	0	0	0.44
229600	0.44	0.55	0.55	0	0	0.44
229700	0.44	0.55	0.55	0	0	0.44
229800	0.44	0.55	0.55	0	0	0.44
229900	0.44	0.55	0.55	0	0	0.44
230000	0.44	0.55	0.55	0	0	0.44
230100	0.44	0.55	0.55	0	0	0.44
230200	0.44	0.55	0.55	0	0	0.44
230300	0.44	0.55	0.55	0	0	0.44
230400	0.44	0.55	0.55	0	0	0.44
230500	0.44	0.55	0.55	0	0	0.44
230600	0.44	0.55	0.55	0	0	0.44
230700	0.44	0.55	0.55	0	0	0.44
230800	0.44	0.55	0.55	0	0	0.44
230900	0.44	0.55	0.55	0	0	0.44
231000	0.44	0.55	0.55	0	0	0.44
231100	0.44	0.55	0.55	0	0	0.44
231200	0.44	0.55	0.55	0	0	0.44
231300	0.44	0.55	0.55	0	0	0.44
231400	0.44	0.55	0.55	0	0	0.44
231500	0.44	0.55	0.55	0	0	0.44
231600	0.44	0.55	0.55	0	0	0.44
231700	0.44	0.55	0.55	0	0	0.44
231800	0.44	0.55	0.55	0	0	0.44
231900	0.44	0.55	0.55	0	0	0.44
232000	0.44	0.55	0.55	0	0	0.44
232100	0.44	0.55	0.55	0	0	0.44
232200	0.44	0.55	0.55	0	0	0.44
232300	0.44	0.55	0.55	0	0	0.44
232400	0.44	0.55	0.55	0	0	0.44
232500	0.44	0.55	0.55	0	0	0.44
232600	0.44	0.55	0.55	0	0	0.44
232700	0.44	0.55	0.55	0	0	0.44
232800	0.44	0.55	0.55	0	0	0.44
232900	0.44	0.55	0.55	0	0	0.44
233000	0.44	0.55	0.55	0	0	0.44
233100	0.44	0.55	0.55	0	0	0.44
233200	0.44	0.55	0.55	0	0	0.44
233300	0.44	0.55	0.55	0	0	0.44
233400	0.44	0.55	0.55	0	0	0.44
233500	0.44	0.55	0.55	0	0	0.44
233600	0.44	0.55	0.55	0	0	0.44
233700	0.44	0.55	0.55	0	0	0.44
233800	0.44	0.55	0.55	0	0	0.44
233900	0.44	0.55	0.55	0	0	0.44
234000	0.44	0.55	0.55	0	0	0.44
234100	0.44	0.55	0.55	0	0	0.44
234200	0.44	0.55	0.55	0	0	0.44
234300	0.44	0.55	0.55	0	0	0.44
234400	0.44	0.55	0.55	0	0	0.44
234500	0.44	0.55	0.55	0	0	0.44
234600	0.44	0.55	0.55	0	0	0.44
234700	0.44	0.55	0.55	0	0	0.44
234800	0.44	0.55	0.55	0	0	0.44
234900	0.44	0.55	0.55	0	0	0.44
235000	0.44	0.55	0.55	0	0	0.44
235100	0.44	0.55	0.55	0	0	0.44
235200	0.44	0.55	0.55	0	0	0.44
235300	0.44	0.55	0.55	0	0	0.44
235400	0.44	0.55	0.55	0	0	0.44
235500	0.44	0.55	0.55	0	0	0.44
235600	0.44	0.55	0.55	0	0	0.44
235700	0.44	0.55	0.55	0	0	0.44
235800	0.44	0.55	0.55	0	0	0.44
235900	0.44	0.55	0.55	0	0	0.44
236000	0.44	0.55	0.55	0	0	0.44
236100	0.44	0.55	0.55	0	0	0.44
236200	0.44	0.55	0.55	0	0	0.44
236300	0.44	0.55	0.55	0	0	0.44
236400	0.44	0.55	0.55	0	0	0.44
236500	0.44	0.55	0.55	0	0	0.44
236600	0.44	0.55	0.55	0	0	0.44
236700	0.44	0.55	0.55	0	0	0.44
236800	0.44	0.55	0.55	0	0	0.44
236900	0.44	0.55	0.55	0	0	0.44
237000	0.44	0.55	0.55	0	0	0.44
237100	0.44	0.55	0.55	0	0	0.44
237200	0.44	0.55	0.55	0	0	0.44
237300	0.44	0.55	0.55	0	0	0.44
237400	0.44	0.55	0.55	0	0	0.44
237500	0.44	0.55	0.55	0	0	0.44
237600	0.44	0.55	0.55	0	0	0.44
237700	0.44	0.55	0.55	0	0	0.44
237800	0.44	0.55	0.55	0	0	0.44
237900	0.44	0.55	0.55	0	0	0.44
238000	0.44	0.55	0.55	0	0	0.44
238100	0.44	0.55	0.55	0	0	0.44
238200	0.44	0.55	0.55	0	0	0.44
238300	0.44	0.55	0.55	0	0	0.44
238400	0.44	0.55	0.55	0	0	0.44
238500	0.44	0.55	0.55	0	0	0.44
238600	0.44	0.55	0.55	0	0	0.44
238700	0.44	0.55	0.55	0	0	0.44
238800	0.44	0.55	0.55	0	0	0.44
238900	0.44	0.55	0.55	0	0	0.44
239000	0.44	0.55	0.55	0	0	0.44
239100	0.44	0.55	0.55	0	0	0.44
239200	0.44	0.55	0.55	0	0	0.44
239300	0.44	0.55	0.55	0	0	0.44
239400	0.44	0.55	0.55	0	0	0.44
239500	0.44	0.55	0.55	0	0	0.44
239600	0.44	0.55	0.55	0	0	0.44
239700	0.44	0.55	0.55	0	0	0.44
239800	0.44	0.55	0.55	0	0	0.44
239900	0.44	0.55	0.55	0	0	0.44
240000	0.44	0.55	0.55	0	0	0.44
240100	0.44	0.55	0.55	0	0	0.44
240200	0.44	0.55	0.55	0	0	0.44
240300	0.44	0.55	0.55	0	0	0.44
240400	0.44	0.55	0.55	0	0	0.44
240500	0.44	0.55	0.55	0	0	0.44
240600	0.44	0.55	0.55	0	0	0.44
240700	0.44	0.55	0.55	0	0	0.44
240800	0.44	0.55	0.55	0	0	0.44
240900	0.44	0.55	0.55	0	0	0.44
241000	0.44	0.55	0.55	0	0	0.44
241100	0.44	0.55	0.55	0	0	0.44
241200	0.44	0.55	0.55	0	0	0.44
241300	0.44	0.55	0.55	0	0	0.44
241400	0.44	0.55	0.55	0	0	0.44
241500	0.44	0.55	0.55	0	0	0.44
241600	0.44	0.55	0.55	0	0	0.44
241700	0.44	0.55	0.55	0	0	0.44
241800	0.44	0.55	0.55	0	0	0.44
241900	0.44	0.55	0.55	0	0	0.44
242000	0.44	0.55	0.55	0	0	0.44
242100	0.44	0.55	0.55	0	0	0.44
242200	0.44	0.55	0.55	0	0	0.44
242300	0.44	0.55	0.55	0	0	0.44
242400	0.44	0.55	0.55	0	0	0.44
242500	0.44	0.55	0.55	0	0	0.44
242600	0.44	0.55	0.55	0	0	0.44
242700	0.44	0.55	0.55	0	0	0.44
242800	0.44	0.55	0.55	0	0	0.44
242900	0.44	0.55	0.55	0	0	0.44
243000	0.44	0.55	0.55	0	0	0.44
243100	0.44	0.55	0.55	0	0	0.44
243200	0.44	0.55	0.55	0	0	0.44
243300	0.44	0.55	0.55	0	0	0.44
243400	0.44	0.55	0.55	0	0	0.44
243500	0.44	0.55	0.55	0	0	0.44
243600	0.44	0.55	0.55	0	0	0.44
243700	0.44	0.55	0.55	0	0	0.44
243800	0.44	0.55	0.55	0	0	0.44
243900	0.44	0.55	0.55	0	0	0.44
244000	0.44	0.55	0.55	0	0	0.44
244100	0.44	0.55	0.55	0	0	0.44
244200	0.44	0.55	0.55	0	0	0.44
244300	0.44	0.55	0.55	0	0	0.44
244400	0.44	0.55	0.55	0	0	0.44
244500	0.44	0.55	0.55	0	0	0.44
244600	0.44	0.55	0.55	0	0	0.44
244700	0.44	0.55	0.55	0	0	0.44
244800	0.44	0.55	0.55	0	0	0.44
244900	0.44	0.55	0.55	0	0	0.44
245000	0.44	0.55	0.55	0	0	0.44
245100	0.44	0.55	0.55	0	0	0.44
245200	0.44	0.55	0.55	0	0	0.44
245300	0.44	0.55	0.55	0	0	0.44
245400	0.44	0.55	0.55	0	0	0.44
245500	0.44	0.55	0.55	0	0	0.44
245600	0.44	0.55	0.55	0	0	0.44
245700	0.44	0.55	0.55	0	0	0.44
245800	0.44	0.55	0.55	0	0	0.44
245900	0.44	0.55	0.55	0	0	0.44
246000	0.44	0.55	0.55	0	0	0.44
246100	0.44	0.55	0.55	0	0	0.44
246200	0.44	0.55	0.55	0	0	0.44
246300	0.44	0.55	0.55	0	0	0.44
246400	0.44	0.55	0.55	0	0	0.44
246500	0.44	0.55	0.55	0	0	0.44
246600	0.44	0.55	0.55	0	0	0.44
246700	0.44	0.55	0.55	0	0	0.44
246800	0.44	0.55	0.55	0	0	0.44
246900	0.44	0.55	0.55	0	0	0.44
247000	0.44	0.55	0.55	0	0	0.44
247100	0.44	0.55	0.55	0	0	0.44
247200	0.44	0.55	0.55	0	0	0.44
247300	0.44	0.55	0.55	0	0	0.44
247400	0.44	0.55	0.55	0	0	0.44
247500	0.44	0.55	0.55	0	0	0.44
247600	0.44	0.55	0.55	0	0	0.44
247700	0.44	0.55	0.55	0	0	0.44
247800	0.44	0.55	0.55	0	0	0.44
247900	0.44	0.55	0.55	0	0	0.44
248000	0.44	0.55	0.55	0	0	0.44
248100	0.44	0.55	0.55	0	0	0.44
248200	0.44	0.55	0.55	0	0	0.44
248300	0.44	0.55	0.55	0	0	0.44
248400	0.44	0.55	0.55	0	0	0.44
248500	0.44	0.55	0.55	0	0	0.44
248600	0.44	0.55	0.55	0	0	0.44
248700	0.44	0.55	0.55	0	0	0.44
248800	0.44	0.55	0.55	0	0	0.44
248900	0.44	0.55	0.55	0	0	0.44
249000	0.44	0.55	0.55	0	0	0.44
249100	0.44	0.55	0.55	0	0	0.44
249200	0.44	0.55	0.55	0	0	0.44
249300	0.44	0.55	0.55	0	0	0.44
249400	0.44	0.55	0.55	0	0	0.44
249500	0.44	0.55	0.55	0	0	0.44
249600	0.44	0.55	0.55	0	0	0.44
249700	0.44	0.55	0.55	0	0	0.44
249800	0.44	0.55	0.55	0	0	0.44
249900	0.44	0.55	0.55	0	0	0.44
250000	0.44	0.55	0.55	0	0	0.44
250100	0.44	0.55	0.55	0	0	0.44
250200	0.44	0.55	0.55	0	0	0.44
250300	0.44	0.55	0.55	0	0	0.44
250400	0.44	0.55	0.55	0	0	0.44
250500	0.44	0.55	0.55	0	0	0.44
250600	0.44	0.55	0.55	0	0	0.44
250700	0.44	0.55	0.55	0	0	0.44
250800	0.44	0.55	0.55	0	0	0.44
250900	0.44	0.55	0.55	0	0	0.44
251000	0.44	0.55	0.55	0	0	0.44
251100	0.44	0.55	0.55	0	0	0.44
251200	0.44	0.55	0.55	0	0	0.44
251300	0.44	0.55	0.55	0	0	0.44
251400	0.44	0.55	0.55	0	0	0.44
251500	0.44	0.55	0.55	0	0	0.44
251600	0.44	0.55	0.55	0	0	0.44
251700	0.44	0.55	0.55	0	0	0.44
251800	0.44	0.55	0.55	0	0	0.44
251900	0.44	0.55	0.55	0	0	0.44
252000	0.44	0.55	0.55	0	0	0.44
252100	0.44	0.55	0.55	0	0	0.44
252200	0.44	0.55	0.55	0	0	0.44
252300	0.44	0.55	0.55	0	0	0.44
252400	0.44	0.55	0.55	0	0	0.44
252500	0.44	0.55	0.55	0	0	0.44
252600	0.44	0.55	0.55	0	0	0.44
252700	0.44	0.55	0.55	0	0	0.44
252800	0.44	0.55	0.55	0	0	0.44
252900	0.44	0.55	0.55	0	0	0.44
253000	0.44	0.55	0.55	0	0	0.44
253100	0.44	0.55	0.55	0	0	0.44
253200	0.44	0.55	0.55	0	0	0.44
253300	0.44	0.55	0.55	0	0	0.44
253400	0.44	0.55	0.55	0	0	0.44
253500	0.44	0.55	0.55	0	0	0.44
253600	0.44	0.55	0.55	0	0	0.44
253700	0.44	0.55	0.55	0	0	0.44
253800	0.44	0.55	0.55	0	0	0.44
253900	0.44	0.55	0.55	0	0	0.44
254000	0.44	0.55	0.55	0	0	0.44
254100	0.44	0.55	0.55	0	0	0.44
254200	0.44	0.55	0.55	0	0	0.44
254300	0.44	0.55	0.55	0	0	0.44
254400	0.44	0.55	0.55	0	0	0.44
254500	0.44	0.55	0.55	0	0	0.44
254600	0.44	0.55	0.55	0	0	0.44
254700	0.44	0.55	0.55	0	0	0.44
254800	0.44	0.55	0.55	0	0	0.44
254900	0.44	0.55	0.55	0	0	0.44
255000	0.44	0.55	0.55	0	0	0.44
255100	0.44	0.55	0.55	0	0	0.44
255200	0.44	0.55	0.55	0	0	0.44
255300	0.44	0.55	0.55	0	0	0.44
255400	0.44	0.55	0.55	0	0	0.44
255500	0.44	0.55	0.55	0	0	0.44
255600	0.44	0.55	0.55	0	0	0.44
255700	0.44	0.55	0.55	0	0	0.44
255800	0.44	0.55	0.55	0	0	0.44
255900	0.44	0.55	0.55	0	0	0.44
256000	0.44	0.55	0.55	0	0	0.44
256100	0.44	0.55	0.55	0	0	0.44
256200	0.44	0.55	0.55	0	0	0.44
256300	0.44	0.55	0.55	0	0	0.44
256400	0.44	0.55	0.55	0	0	0.44
256500	0.44	0.55	0.55	0	0	0.44
256600	0.44	0.55	0.55	0	0	0.44
256700	0.44	0.55	0.55	0	0	0.44
256800	0.44	0.55	0.55	0	0	0.44
256900	0.44	0.55	0.55	0	0	0.44
257000	0.44	0.55	0.55	0	0	0.44
257100	0.44	0.55	0.55	0	0	0.44
257200	0.44	0.55	0.55	0	0	0.44
257300	0.44	0.55	0.55	0	0	0.44
257400	0.44	0.55	0.55	0	0	0.44
257500	0.44	0.55	0.55	0	0	0.44
257600	0.44	0.55	0.55	0	0	0.44
257700	0.44	0.55	0.55	0	0	0.44
257800	0.44	0.55	0.55	0	0	0.44
257900	0.44	0.55	0.55	0	0	0.44
258000	0.44	0.55	0.55	0	0	0.44
258100	0.44	0.55	0.55	0	0	0.44
258200	0.44	0.55	0.55	0	0	0.44
258300	0.44	0.55	0.55	0	0	0.44
258400	0.44	0.55	0.55	0	0	0.44
258500	0.44	0.55	0.55	0	0	0.44
258600	0.44	0.55	0.55	0	0	0.44
258700	0.44	0.55	0.55	0	0	0.44
258800	0.44	0.55	0.55	0	0	0.44
258900	0.44	0.55	0.55	0	0	0.44
259000	0.44	0.55	0.55	0	0	0.44
259100	0.44	0.55	0.55	0	0	0.44
259200	0.44	0.55	0.55	0	0	0.44
259300	0.44	0.55	0.55	0	0	0.44
259400	0.44	0.55	0.55	0	0	0.44
259500	0.44	0.55	0.55	0	0	0.44
259600	0.44	0.55	0.55	0	0	0.44
259700	0.44	0.55	0.55	0	0	0.44
259800	0.44	0.55	0.55	0	0	0.44
259900	0.44	0.55	0.55	0	0	0.44
260000	0.44	0.55	0.55	0	0	0.44
260100	0.44	0.55	0.55	0	0	0.44
260200	0.44	0.55	0.55	0	0	0.44
260300	0.44	0.55	0.55	0	0	0.44
260400	0.44	0.55	0.55	0	0	0.44
260500	0.44	0.55	0.55	0	0	0.44
260600	0.44	0.55	0.55	0	0	0.44
260700	0.44	0.55	0.55	0	0	0.44
260800	0.44	0.55	0.55	0	0	0.44
260900	0.44	0.55	0.55	0	0	0.44
261000	0.44	0.55	0.55	0	0	0.44
261100	0.44	0.55	0.55	0	0	0.44
261200	0.44	0.55	0.55	0	0	0.44
261300	0.44	0.55	0.55	0	0	0.44
261400	0.44	0.55	0.55	0	0	0.44
261500	0.44	0.55	0.55	0	0	0.44
261600	0.44	0.55	0.55	0	0	0.44
261700	0.44	0.55	0.55	0	0	0.44
261800	0.44	0.55	0.55	0	0	0.44
261900	0.44	0.55	0.55	0	0	0.44
262000	0.44	0.55	0.55	0	0	0.44
262100	0.44	0.55	0.55	0	0	0.44
262200	0.44	0.55	0.55	0	0	0.44
262300	0.44	0.55	0.55	0	0	0.44
262400	0.44	0.55	0.55	0	0	0.44
262500	0.44	0.55	0.55	0	0	0.44
262600	0.44	0.55	0.55	0	0	0.44
262700	0.44	0.55	0.55	0	0	0.44
262800	0.44	0.55	0.55	0	0	0.44
262900	0.44	0.55	0.55	0	0	0.44
263000	0.44	0.55	0.55	0	0	0.44
263100	0.44	0.55	0.55	0	0	0.44
263200	0.44	0.55	0.55	0	0	0.44
263300	0.44	0.55	0.55	0	0	0.44
263400	0.44	0.55	0.55	0	0	0.44
263500	0.44	0.55	0.55	0	0	0.44
263600	0.44	0.55	0.55	0	0	0.44
263700	0.44	0.55	0.55	0	0	0.44
263800	0.44	0.55	0.55	0	0	0.44
263900	0.44	0.55	0.55	0	0	0.44
264000	0.44	0.55	0.55	0	0	0.44
264100	0.44	0.55	0.55	0	0	0.44
264200	0.44	0.55	0.55	0	0	0.44
264300	0.44	0.55	0.55	0	0	0.44
264400	0.44	0.55	0.55	0	0	0.44
264500	0.44	0.55	0.55	0	0	0.44
264600	0.44	0.55	0.55	0	0	0.44
264700	0.44	0.55	0.55	0	0	0.44
264800	0.44	0.55	0.55	0	0	0.44
264900	0.44	0.55	0.55	0	0	0.44
265000	0.44	0.55	0.55	0	0	0.44
265100	0.44	0.55	0.55	0	0	0.44
265200	0.44	0.55	0.55	0	0	0.44
265300	0.44	0.55	0.55	0	0	0.44
265400	0.44	0.55	0.55	0	0	0.44
265500	0.44	0.55	0.55	0	0	0.44
265600	0.44	0.55	0.55	0	0	0.44
265700	0.44	0.55	0.55	0	0	0.44
265800	0.44	0.55	0.55	0	0	0.44
265900	0.44	0.55	0.55	0	0	0.44
266000	0.44	0.55	0.55	0	0	0.44
266100	0.44	0.55	0.55	0	0	0.44
266200	0.44	0.55	0.55	0	0	0.44
266300	0.44	0.55	0.55	0	0	0.44
266400	0.44	0.55	0.55	0	0	0.44
266500	0.44	0.55	0.55	0	0	0.44
266600	0.44	0.55	0.55	0	0	0.44
266700	0.44	0.55	0.55	0	0	0.44
266800	0.44	0.55	0.55	0	0	0.44
266900	0.44	0.55	0.55	0	0	0.44
267000	0.44	0.55	0.55	0	0	0.44
267100	0.44	0.55	0.55	0	0	0.44
267200	0.44	0.55	0.55	0	0	0.44
267300	0.44	0.55	0.55	0	0	0.44
267400	0.44	0.55	0.55	0	0	0.44
267500	0.44	0.55	0.55	0	0	0.44
267600	0.44	0.55	0.55	0	0	0.44
267700	0.44	0.55	0.55	0	0	0.44
267800	0.44	0.55	0.55	0	0	0.44
267900	0.44	0.55	0.55	0	0	0.44
268000	0.44	0.55	0.55	0	0	0.44
268100	0.44	0.55	0.55	0	0	0.44
268200	0.44	0.55	0.55	0	0	0.44
268300	0.44	0.55	0.55	0	0	0.44
268400	0.44	0.55	0.55	0	0	0.44
268500	0.44	0.55	0.55	0	0	0.44
268600	0.44	0.55	0.55	0	0	0.44
268700	0.44	0.55	0.55	0	0	0.44
268800	0.44	0.55	0.55	0	0	0.44
268900	0.44	0.55	0.55	0	0	0.44
269000	0.44	0.55	0.55	0	0	0.44
269100	0.44	0.55	0.55	0	0	0.44
269200	0.44	0.55	0.55	0	0	0.44
269300	0.44	0.55	0.55	0	0	0.44
269400	0.44	0.55	0.55	0	0	0.44
269500	0.44	0.55	0.55	0	0	0.44
269600	0.44	0.54	0.54	0	0	0.44
269700	0.44	0.54	0.54	0	0	0.44
269800	0.44	0.54	0.54	0	0	0.44
269900	0.44	0.54	0.54	0	0	0.44
270000	0.44	0.54	0.54	0	0	0.44
270100	0.44	0.54	0.54	0	0	0.44
270200	0.44	0.54	0.54	0	0	0.44
270300	0.44	0.54	0.54	0	0	0.44
270400	0.44	0.54	0.54	0	0	0.44
270500	0.44	0.54	0.54	0	0	0.44
270600	0.44	0.54	0.54	0	0	0.44
270700	0.44	0.54	0.54	0	0	0.44
270800	0.44	0.54	0.54	0	0	0.44
270900	0.44	0.54	0.54	0	0	0.44
271000	0.44	0.54	0.54	0	0	0.44
271100	0.44	0.54	0.54	0	0	0.44
271200	0.44	0.54	0.54	0	0	0.44
271300	0.44	0.54	0.54	0	0	0.44
271400	0.44	0.54	0.54	0	0	0.44
271500	0.44	0.54	0.54	0	0	0.44
271600	0.44	0.54	0.54	0	0	0.44
271700	0.44	0.54	0.54	0	0	0.44
271800	0.44	0.54	0.54	0	0	0.44
271900	0.44	0.54	0.54	0	0	0.44
272000	0.44	0.54	0.54	0	0	0.44
272100	0.44	0.54	0.54	0	0	0.44
272200	0.44	0.54	0.54	0	0	0.44
272300	0.44	0.55	0.55	0	0	0.44
272400	0.44	0.55	0.55	0	0	0.44
272500	0.44	0.55	0.55	0	0	0.44
272600	0.44	0.55	0.55	0	0	0.44
272700	0.44	0.55	0.55	0	0	0.44
272800	0.44	0.55	0.55	0	0	0.44
272900	0.44	0.55	0.55	0	0	0.44
273000	0.44	0.55	0.55	0	0	0.44
273100	0.44	0.55	0.55	0	0	0.44
273200	0.44	0.55	0.55	0	0	0.44
273300	0.44	0.55	0.55	0	0	0.44
273400	0.44	0.55	0.55	0	0	0.44
273500	0.44	0.55	0.55	0	0	0.44
273600	0.44	0.55	0.55	0	0	0.44
273700	0.44	0.55	0.55	0	0	0.44
273800	0.44	0.55	0.55	0	0	0.44
273900	0.44	0.55	0.55	0	0	0.44
274000	0.44	0.55	0.55	0	0	0.44
274100	0.44	0.55	0.55	0	0	0.44
274200	0.44	0.55	0.55	0	0	0.44
274300	0.44	0.55	0.55	0	0	0.44
274400	0.44	0.55	0.55	0	0	0.44
274500	0.44	0.55	0.55	0	0	0.44
274600	0.44	0.55	0.55	0	0	0.44
274700	0.44	0.55	0.55	0	0	0.44
274800	0.44	0.55	0.55	0	0	0.44
274900	0.44	0.55	0.55	0	0	0.44
275000	0.44	0.55	0.55	0	0	0.44
275100	0.44	0.55	0.55	0	0	0.44
275200	0.44	0.55	0.55	0	0	0.44
275300	0.44	0.55	0.55	0	0	0.44
275400	0.44	0.55	0.55	0	0	0.44
275500	0.44	0.55	0.55	0	0	0.44
275600	0.44	0.55	0.55	0	0	0.44
275700	0.44	0.55	0.55	0	0	0.44
275800	0.44	0.55	0.55	0	0	0.44
275900	0.44	0.55	0.55	0	0	0.44
276000	0.44	0.55	0.55	0	0	0.44
276100	0.44	0.55	0.55	0	0	0.44
276200	0.44	0.55	0.55	0	0	0.44
276300	0.44	0.55	0.55	0	0	0.44
276400	0.44	0.55	0.55	0	0	0.44
276500	0.44	0.55	0.55	0	0	0.44
276600	0.44	0.55	0.55	0	0	0.44
276700	0.44	0.55	0.55	0	0	0.44
276800	0.44	0.55	0.55	0	0	0.44
276900	0.44	0.55	0.55	0	0	0.44
277000	0.44	0.55	0.55	0	0	0.44
277100	0.44	0.55	0.55	0	0	0.44
277200	0.44	0.55	0.55	0	0	0.44
277300	0.44	0.55	0.55	0	0	0.44
277400	0.44	0.55	0.55	0	0	0.44
277500	0.44	0.55	0.55	0	0	0.44
277600	0.44	0.55	0.55	0	0	0.44
277700	0.44	0.55	0.55	0	0	0.44
277800	0.44	0.55	0.55	0	0	0.44
277900	0.44	0.55	0.55	0	0	0.44
278000	0.44	0.55	0.55	0	0	0.44
278100	0.44	0.55	0.55	0	0	0.44
278200	0.44	0.55	0.55	0	0	0.44
278300	0.44	0.55	0.55	0	0	0.44
278400	0.44	0.55	0.55	0	0	0.44
278500	0.44	0.55	0.55	0	0	0.44
278600	0.44	0.55	0.55	0	0	0.44
278700	0.44	0.55	0.55	0	0	0.44
278800	0.44	0.55	0.55	0	0	0.44
278900	0.44	0.55	0.55	0	0	0.44
279000	0.44	0.55	0.55	0	0	0.44
279100	0.44	0.55	0.55	0	0	0.44
279200	0.44	0.55	0.55	0	0	0.44
279300	0.44	0.55	0.55	0	0	0.44
279400	0.44	0.55	0.55	0	0	0.44
279500	0.44	0.55	0.55	0	0	0.44
279600	0.44	0.55	0.55	0	0	0.44
279700	0.44	0.55	0.55	0	0	0.44
279800	0.44	0.55	0.55	0	0	0.44
279900	0.44	0.55	0.55	0	0	0.44
280000	0.44	0.55	0.55	0	0	0.44
280100	0.44	0.55	0.55	0	0	0.44
280200	0.44	0.55	0.55	0	0	0.44
280300	0.44	0.55	0.55	0	0	0.44
280400	0.44	0.55	0.55	0	0	0.44
280500	0.44	0.55	0.55	0	0	0.44
280600	0.44	0.55	0.55	0	0	0.44
280700	0.44	0.55	0.55	0	0	0.44
280800	0.44	0.55	0.55	0	0	0.44
280900	0.44	0.55	0.55	0	0	0.44
281000	0.44	0.55	0.55	0	0	0.44
281100	0.44	0.55	0.55	0	0	0.44
281200	0.44	0.55	0.55	0	0	0.44
281300	0.44	0.55	0.55	0	0	0.44
281400	0.44	0.55	0.55	0	0	0.44
281500	0.44	0.55	0.55	0	0	0.44
281600	0.44	0.55	0.55	0	0	0.44
281700	0.44	0.55	0.55	0	0	0.44
281800	0.44	0.55	0.55	0	0	0.44
281900	0.44	0.55	0.55	0	0	0.44
282000	0.44	0.55	0.55	0	0	0.44
282100	0.44	0.55	0.55	0	0	0.44
282200	0.44	0.55	0.55	0	0	0.44
282300	0.44	0.55	0.55	0	0	0.44
282400	0.44	0.55	0.55	0	0	0.44
282500	0.44	0.55	0.55	0	0	0.44
282600	0.44	0.55	0.55	0	0	0.44
282700	0.44	0.55	0.55	0	0	0.44
282800	0.44	0.55	0.55	0	0	0.44
282900	0.44	0.55	0.55	0	0	0.44
283000	0.44	0.55	0.55	0	0	0.44
283100	0.44	0.55	0.55	0	0	0.44
283200	0.44	0.55	0.55	0	0	0.44
283300	0.44	0.55	0.55	0	0	0.44
283400	0.44	0.55	0.55	0	0	0.44
283500	0.44	0.55	0.55	0	0	0.44
283600	0.44	0.55	0.55	0	0	0.44
283700	0.44	0.55	0.55	0	0	0.44
283800	0.44	0.55	0.55	0	0	0.44
283900	0.44	0.55	0.55	0	0	0.44
284000	0.44	0.55	0.55	0	0	0.44
284100	0.44	0.55	0.55	0	0	0.44
284200	0.44	0.55	0.55	0	0	0.44
284300	0.44	0.55	0.55	0	0	0.44
284400	0.44	0.55	0.55	0	0	0.44
284500	0.44	0.55	0.55	0	0	0.44
284600	0.44	0.55	0.55	0	0	0.44
284700	0.44	0.55	0.55	0	0	0.44
284800	0.44	0.55	0.55	0	0	0.44
284900	0.44	0.55	0.55	0	0	0.44
285000	0.44	0.55	0.55	0	0	0.44
285100	0.44	0.55	0.55	0	0	0.44
285200	0.44	0.55	0.55	0	0	0.44
285300	0.44	0.55	0.55	0	0	0.44
285400	0.44	0.55	0.55	0	0	0.44
285500	0.44	0.55	0.55	0	0	0.44
285600	0.44	0.55	0.55	0	0	0.44
285700	0.44	0.55	0.55	0	0	0.44
285800	0.44	0.55	0.55	0	0	0.44
285900	0.44	0.55	0.55	0	0	0.44
286000	0.44	0.55	0.55	0	0	0.44
286100	0.44	0.55	0.55	0	0	0.44
286200	0.44	0.55	0.55	0	0	0.44
286300	0.44	0.55	0.55	0	0	0.44
286400	0.44	0.55	0.55	0	0	0.44
286500	0.44	0.55	0.55	0	0	0.44
286600	0.44	0.55	0.55	0	0	0.44
286700	0.44	0.55	0.55	0	0	0.44
286800	0.44	0.55	0.55	0	0	0.44
286900	0.44	0.55	0.55	0	0	0.44
287000	0.44	0.55	0.55	0	0	0.44
287100	0.44	0.55	0.55	0	0	0.44
287200	0.44	0.55	0.55	0	0	0.44
287300	0.44	0.55	0.55	0	0	0.44
287400	0.44	0.55	0.55	0	0	0.44
287500	0.44	0.55	0.55	0	0	0.44
287600	0.44	0.55	0.55	0	0	0.44
287700	0.44	0.55	0.55	0	0	0.44
287800	0.44	0.55	0.55	0	0	0.44
287900	0.44	0.55	0.55	0	0	0.44
288000	0.44	0.55	0.55	0	0	0.44
288100	0.44	0.55	0.55	0	0	0.44
288200	0.44	0.55	0.55	0	0	0.44
288300	0.44	0.55	0.55	0	0	0.44
288400	0.44	0.55	0.55	0	0	0.44
288500	0.44	0.55	0.55	0	0	0.44
288600	0.44	0.55	0.55	0	0	0.44
288700	0.44	0.55	0.55	0	0	0.44
288800	0.44	0.55	0.55	0	0	0.44
288900	0.44	0.55	0.55	0	0	0.44
289000	0.44	0.55	0.55	0	0	0.44
289100	0.44	0.55	0.55	0	0	0.44
289200	0.44	0.55	0.55	0	0	0.44
289300	0.44	0.55	0.55	0	0	0.44
289400	0.44	0.55	0.55	0	0	0.44
289500	0.44	0.55	0.55	0	0	0.44
289600	0.44	0.55	0.55	0	0	0.44
289700	0.44	0.55	0.55	0	0	0.44
289800	0.44	0.55	0.55	0	0	0.44
289900	0.44	0.55	0.55	0	0	0.44
290000	0.44	0.55	0.55	0	0	0.44
290100	0.44	0.55	0.55	0	0	0.44
290200	0.44	0.55	0.55	0	0	0.44
290300	0.44	0.55	0.55	0	0	0.44
290400	0.44	0.55	0.55	0	0	0.44
290500	0.44	0.55	0.55	0	0	0.44
290600	0.44	0.55	0.55	0	0	0.44
290700	0.44	0.55	0.55	0	0	0.44
290800	0.44	0.55	0.55	0	0	0.44
290900	0.44	0.55	0.55	0	0	0.44
291000	0.44	0.55	0.55	0	0	0.44
291100	0.44	0.55	0.55	0	0	0.44
291200	0.44	0.55	0.55	0	0	0.44
291300	0.44	0.55	0.55	0	0	0.44
291400	0.44	0.55	0.55	0	0	0.44
291500	0.44	0.55	0.55	0	0	0.44
291600	0.44	0.55	0.55	0	0	0.44
291700	0.44	0.55	0.55	0	0	0.44
291800	0.44	0.55	0.55	0	0	0.44
291900	0.44	0.55	0.55	0	0	0.44
292000	0.44	0.55	0.55	0	0	0.44
292100	0.44	0.55	0.55	0	0	0.44
292200	0.44	0.55	0.55	0	0	0.44
292300	0.44	0.55	0.55	0	0	0.44
292400	0.44	0.55	0.55	0	0	0.44
292500	0.44	0.55	0.55	0	0	0.44
292600	0.44	0.55	0.55	0	0	0.44
292700	0.44	0.55	0.55	0	0	0.44
292800	0.44	0.55	0.55	0	0	0.44
292900	0.44	0.55	0.55	0	0	0.44
293000	0.44	0.55	0.55	0	0	0.44
293100	0.44	0.55	0.55	0	0	0.44
293200	0.44	0.55	0.55	0	0	0.44
293300	0.44	0.55	0.55	0	0	0.44
293400	0.44	0.55	0.55	0	0	0.44
293500	0.44	0.55	0.55	0	0	0.44
293600	0.44	0.55	0.55	0	0	0.44
293700	0.44	0.55	0.55	0	0	0.44
293800	0.44	0.55	0.55	0	0	0.44
293900	0.44	0.55	0.55	0	0	0.44
294000	0.44	0.55	0.55	0	0	0.44
294100	0.44	0.55	0.55	0	0	0.44
294200	0.44	0.55	0.55	0	0	0.44
294300	0.44	0.55	0.55	0	0	0.44
294400	0.44	0.55	0.55	0	0	0.44
294500	0.44	0.55	0.55	0	0	0.44
294600	0.44	0.55	0.55	0	0	0.44
294700	0.44	0.55	0.55	0	0	0.44
294800	0.44	0.55	0.55	0	0	0.44
294900	0.44	0.55	0.55	0	0	0.44
295000	0.44	0.55	0.55	0	0	0.44
295100	0.44	0.55	0.55	0	0	0.44
295200	0.44	0.55	0.55	0	0	0.44
295300	0.44	0.55	0.55	0	0	0.44
295400	0.44	0.55	0.55	0	0	0.44
295500	0.44	0.55	0.55	0	0	0.44
295600	0.44	0.55	0.55	0	0	0.44
295700	0.44	0.55	0.55	0	0	0.44
295800	0.44	0.55	0.55	0	0	0.44
295900	0.44	0.55	0.55	0	0	0.44
296000	0.44	0.55	0.55	0	0	0.44
296100	0.44	0.55	0.55	0	0	0.44
296200	0.44	0.55	0.55	0	0	0.44
296300	0.44	0.55	0.55	0	0	0.44
296400	0.44	0.55	0.55	0	0	0.44
296500	0.44	0.55	0.55	0	0	0.44
296600	0.44	0.55	0.55	0	0	0.44
296700	0.44	0.55	0.55	0	0	0.44
296800	0.44	0.55	0.55	0	0	0.44
296900	0.44	0.55	0.55	0	0	0.44
297000	0.44	0.55	0.55	0	0	0.44
297100	0.44	0.55	0.55	0	0	0.44
297200	0.44	0.55	0.55	0	0	0.44
297300	0.44	0.55	0.55	0	0	0.44
297400	0.44	0.55	0.55	0	0	0.44
297500	0.44	0.55	0.55	0	0	0.44
297600	0.44	0.55	0.55	0	0	0.44
297700	0.44	0.55	0.55	0	0	0.44
297800	0.44	0.55	0.55	0	0	0.44
297900	0.44	0.55	0.55	0	0	0.44
298000	0.44	0.55	0.55	0	0	0.44
298100	0.44	0.55	0.55	0	0	0.44
298200	0.44	0.55	0.55	0	0	0.44
298300	0.44	0.55	0.55	0	0	0.44
298400	0.44	0.55	0.55	0	0	0.44
298500	0.44	0.55	0.55	0	0	0.44
298600	0.44	0.55	0.55	0	0	0.44
298700	0.44	0.55	0.55	0	0	0.44
298800	0.44	0.55	0.55	0	0	0.44
298900	0.44	0.55	0.55	0	0	0.44
299000	0.44	0.55	0.55	0	0	0.44
299100	0.44	0.55	0.55	0	0	0.44
299200	0.44	0.55	0.55	0	0	0.44
299300	0.44	0.55	0.55	0	0	0.44
299400	0.44	0.55	0.55	0	0	0.44
299500	0.44	0.55	0.55	0	0	0.44
299600	0.44	0.55	0.55	0	0	0.44
299700	0.44	0.55	0.55	0	0	0.44
299800	0.44	0.55	0.55	0	0	0.44
299900	0.44	0.55	0.55	0	0	0.44
300000	0.44	0.55	0.55	0	0	0.44
