100	0.02	0.03	0.03	0	0	0.02
200	0.03	0.04	0.04	0	0	0.03
300	0.03	0.05	0.05	0	0	0.03
400	0.04	0.05	0.05	0	0	0.04
500	0.04	0.07	0.07	0	0	0.04
600	0.03	0.06	0.06	0	0	0.03
700	0.02	0.05	0.05	0	0	0.02
800	0.01	0.07	0.07	0	0	0.01
900	0.02	0.08	0.08	0	0	0.02
1000	0.03	0.08	0.08	0	0	0.03
1100	0.04	0.07	0.07	0	0	0.04
1200	0.06	0.07	0.07	0	0	0.06
1300	0.07	0.07	0.07	0	0	0.07
1400	0.06	0.06	0.06	0	0	0.06
1500	0.07	0.06	0.06	0	0	0.07
1600	0.06	0.06	0.06	0	0	0.06
1700	0.06	0.06	0.06	0	0	0.06
1800	0.05	0.07	0.07	0	0	0.05
1900	0.03	0.08	0.08	0	0	0.03
2000	0.02	0.07	0.07	0	0	0.02
2100	0.02	0.06	0.06	0	0	0.02
2200	0.03	0.05	0.05	0	0	0.03
2300	0.01	0.04	0.04	0	0	0.01
2400	0.01	0.04	0.04	0	0	0.01
2500	0.02	0.06	0.06	0	0	0.02
2600	0.01	0.06	0.06	0	0	0.01
2700	0.04	0.05	0.05	0	0	0.04
2800	0.04	0.06	0.06	0	0	0.04
2900	0.04	0.06	0.06	0	0	0.04
3000	0.03	0.06	0.06	0	0	0.03
3100	0.02	0.06	0.06	0	0	0.02
3200	0.02	0.06	0.06	0	0	0.02
3300	0.02	0.06	0.06	0	0	0.02
3400	0.02	0.09	0.09	0	0	0.02
3500	0.01	0.09	0.09	0	0	0.01
3600	0.01	0.1	0.1	0	0	0.01
3700	0.03	0.09	0.09	0	0	0.03
3800	0.02	0.11	0.11	0	0	0.02
3900	0.02	0.12	0.12	0	0	0.02
4000	0.02	0.12	0.12	0	0	0.02
4100	0.03	0.13	0.13	0	0	0.03
4200	0.02	0.13	0.13	0	0	0.02
4300	0.02	0.11	0.11	0	0	0.02
4400	0.01	0.1	0.1	0	0	0.01
4500	0.01	0.1	0.1	0	0	0.01
4600	0.01	0.11	0.11	0	0	0.01
4700	0.01	0.12	0.12	0	0	0.01
4800	0	0.11	0.11	0	0	0
4900	0	0.11	0.11	0	0	0
5000	0.02	0.12	0.12	0	0	0.02
5100	0.02	0.11	0.11	0	0	0.02
5200	0.04	0.11	0.11	0	0	0.04
5300	0.04	0.1	0.1	0	0	0.04
5400	0.04	0.1	0.1	0	0	0.04
5500	0.05	0.1	0.1	0	0	0.05
5600	0.04	0.1	0.1	0	0	0.04
5700	0.06	0.1	0.1	0	0	0.06
5800	0.07	0.1	0.1	0	0	0.07
5900	0.07	0.11	0.11	0	0	0.07
6000	0.05	0.13	0.13	0	0	0.05
6100	0.04	0.15	0.15	0	0	0.04
6200	0.03	0.14	0.14	0	0	0.03
6300	0.03	0.12	0.12	0	0	0.03
6400	0.02	0.12	0.12	0	0	0.02
6500	0.03	0.11	0.11	0	0	0.03
6600	0.03	0.11	0.11	0	0	0.03
6700	0.04	0.11	0.11	0	0	0.04
6800	0.03	0.11	0.11	0	0	0.03
6900	0.01	0.12	0.12	0	0	0.01
7000	0	0.12	0.12	0	0	0
7100	0.01	0.12	0.12	0	0	0.01
7200	0.01	0.13	0.13	0	0	0.01
7300	0.03	0.14	0.14	0	0	0.03
7400	0.03	0.15	0.15	0	0	0.03
7500	0.03	0.15	0.15	0	0	0.03
7600	0.03	0.15	0.15	0	0	0.03
7700	0.03	0.14	0.14	0	0	0.03
7800	0.03	0.13	0.13	0	0	0.03
7900	0.03	0.14	0.14	0	0	0.03
8000	0.05	0.14	0.14	0	0	0.05
8100	0.04	0.14	0.14	0	0	0.04
8200	0.03	0.14	0.14	0	0	0.03
8300	0.03	0.14	0.14	0	0	0.03
8400	0.03	0.14	0.14	0	0	0.03
8500	0.03	0.15	0.15	0	0	0.03
8600	0.03	0.16	0.16	0	0	0.03
8700	0.02	0.17	0.17	0	0	0.02
8800	0	0.17	0.17	0	0	0
8900	0	0.16	0.16	0	0	0
9000	0.01	0.16	0.16	0	0	0.01
9100	0.01	0.15	0.15	0	0	0.01
9200	0.01	0.16	0.16	0	0	0.01
9300	0.01	0.16	0.16	0	0	0.01
9400	0.03	0.17	0.17	0	0	0.03
9500	0.03	0.16	0.16	0	0	0.03
9600	0.03	0.16	0.16	0	0	0.03
9700	0.04	0.17	0.17	0	0	0.04
9800	0.03	0.17	0.17	0	0	0.03
9900	0.03	0.17	0.17	0	0	0.03
10000	0.01	0.18	0.18	0	0	0.01
10100	0.01	0.18	0.18	0	0	0.01
10200	0.01	0.19	0.19	0	0	0.01
10300	0.02	0.19	0.19	0	0	0.02
10400	0.02	0.18	0.18	0	0	0.02
10500	0.03	0.18	0.18	0	0	0.03
10600	0.01	0.18	0.18	0	0	0.01
10700	0.01	0.18	0.18	0	0	0.01
10800	0.02	0.19	0.19	0	0	0.02
10900	0.02	0.19	0.19	0	0	0.02
11000	0.02	0.19	0.19	0	0	0.02
11100	0.02	0.18	0.18	0	0	0.02
11200	0.03	0.18	0.18	0	0	0.03
11300	0.01	0.18	0.18	0	0	0.01
11400	0.02	0.18	0.18	0	0	0.02
11500	0.03	0.18	0.18	0	0	0.03
11600	0.04	0.18	0.18	0	0	0.04
11700	0.05	0.19	0.19	0	0	0.05
11800	0.03	0.18	0.18	0	0	0.03
11900	0.04	0.18	0.18	0	0	0.04
12000	0.04	0.18	0.18	0	0	0.04
12100	0.03	0.18	0.18	0	0	0.03
12200	0.03	0.18	0.18	0	0	0.03
12300	0.01	0.18	0.18	0	0	0.01
12400	0.01	0.19	0.19	0	0	0.01
12500	0.02	0.19	0.19	0	0	0.02
12600	0.01	0.19	0.19	0	0	0.01
12700	0.01	0.19	0.19	0	0	0.01
12800	0.01	0.2	0.2	0	0	0.01
12900	0.01	0.2	0.2	0	0	0.01
13000	0.01	0.2	0.2	0	0	0.01
13100	0.03	0.2	0.2	0	0	0.03
13200	0.03	0.2	0.2	0	0	0.03
13300	0.06	0.2	0.2	0	0	0.06
13400	0.04	0.2	0.2	0	0	0.04
13500	0.04	0.2	0.2	0	0	0.04
13600	0.04	0.2	0.2	0	0	0.04
13700	0.05	0.2	0.2	0	0	0.05
13800	0.02	0.2	0.2	0	0	0.02
13900	0.03	0.2	0.2	0	0	0.03
14000	0.05	0.2	0.2	0	0	0.05
14100	0.02	0.2	0.2	0	0	0.02
14200	0.03	0.2	0.2	0	0	0.03
14300	0.04	0.2	0.2	0	0	0.04
14400	0.04	0.21	0.21	0	0	0.04
14500	0.04	0.21	0.21	0	0	0.04
14600	0.05	0.22	0.22	0	0	0.05
14700	0.05	0.25	0.25	0	0	0.05
14800	0.04	0.24	0.24	0	0	0.04
14900	0.02	0.24	0.24	0	0	0.02
15000	0.03	0.23	0.23	0	0	0.03
15100	0.03	0.21	0.21	0	0	0.03
15200	0.02	0.21	0.21	0	0	0.02
15300	0.04	0.22	0.22	0	0	0.04
15400	0.04	0.23	0.23	0	0	0.04
15500	0.03	0.23	0.23	0	0	0.03
15600	0.02	0.23	0.23	0	0	0.02
15700	0.04	0.23	0.23	0	0	0.04
15800	0.01	0.23	0.23	0	0	0.01
15900	0.01	0.23	0.23	0	0	0.01
16000	0.01	0.24	0.24	0	0	0.01
16100	0	0.25	0.25	0	0	0
16200	0.01	0.25	0.25	0	0	0.01
16300	0.01	0.26	0.26	0	0	0.01
16400	0.02	0.27	0.27	0	0	0.02
16500	0.02	0.27	0.27	0	0	0.02
16600	0.04	0.26	0.26	0	0	0.04
16700	0.04	0.27	0.27	0	0	0.04
16800	0.04	0.27	0.27	0	0	0.04
16900	0.03	0.26	0.26	0	0	0.03
17000	0.03	0.27	0.27	0	0	0.03
17100	0.02	0.27	0.27	0	0	0.02
17200	0.03	0.27	0.27	0	0	0.03
17300	0.03	0.27	0.27	0	0	0.03
17400	0.04	0.27	0.27	0	0	0.04
17500	0.04	0.27	0.27	0	0	0.04
17600	0.04	0.27	0.27	0	0	0.04
17700	0.02	0.28	0.28	0	0	0.02
17800	0	0.29	0.29	0	0	0
17900	0.01	0.29	0.29	0	0	0.01
18000	0.02	0.3	0.3	0	0	0.02
18100	0.02	0.3	0.3	0	0	0.02
18200	0.01	0.29	0.29	0	0	0.01
18300	0.02	0.29	0.29	0	0	0.02
18400	0.02	0.29	0.29	0	0	0.02
18500	0.02	0.29	0.29	0	0	0.02
18600	0.01	0.29	0.29	0	0	0.01
18700	0.02	0.28	0.28	0	0	0.02
18800	0.02	0.29	0.29	0	0	0.02
18900	0.02	0.29	0.29	0	0	0.02
19000	0.02	0.29	0.29	0	0	0.02
19100	0.01	0.29	0.29	0	0	0.01
19200	0.01	0.29	0.29	0	0	0.01
19300	0	0.31	0.31	0	0	0
19400	0	0.32	0.32	0	0	0
19500	0	0.32	0.32	0	0	0
19600	0.01	0.32	0.32	0	0	0.01
19700	0.01	0.31	0.31	0	0	0.01
19800	0.02	0.31	0.31	0	0	0.02
19900	0.03	0.31	0.31	0	0	0.03
20000	0.05	0.31	0.31	0	0	0.05
20100	0.06	0.31	0.31	0	0	0.06
20200	0.06	0.31	0.31	0	0	0.06
20300	0.05	0.31	0.31	0	0	0.05
20400	0.04	0.31	0.31	0	0	0.04
20500	0.04	0.31	0.31	0	0	0.04
20600	0.02	0.31	0.31	0	0	0.02
20700	0.01	0.32	0.32	0	0	0.01
20800	0.01	0.33	0.33	0	0	0.01
20900	0.02	0.32	0.32	0	0	0.02
21000	0.03	0.32	0.32	0	0	0.03
21100	0.03	0.31	0.31	0	0	0.03
21200	0.03	0.31	0.31	0	0	0.03
21300	0.03	0.31	0.31	0	0	0.03
21400	0.01	0.31	0.31	0	0	0.01
21500	0	0.31	0.31	0	0	0
21600	0	0.31	0.31	0	0	0
21700	0	0.31	0.31	0	0	0
21800	0	0.32	0.32	0	0	0
21900	0	0.32	0.32	0	0	0
22000	0.01	0.32	0.32	0	0	0.01
22100	0.01	0.32	0.32	0	0	0.01
22200	0.01	0.33	0.33	0	0	0.01
22300	0.02	0.33	0.33	0	0	0.02
22400	0.02	0.33	0.33	0	0	0.02
22500	0	0.33	0.33	0	0	0
22600	0	0.33	0.33	0	0	0
22700	0	0.34	0.34	0	0	0
22800	0.02	0.34	0.34	0	0	0.02
22900	0.02	0.35	0.35	0	0	0.02
23000	0.04	0.35	0.35	0	0	0.04
23100	0.03	0.36	0.36	0	0	0.03
23200	0.04	0.35	0.35	0	0	0.04
23300	0.03	0.36	0.36	0	0	0.03
23400	0.03	0.35	0.35	0	0	0.03
23500	0.02	0.36	0.36	0	0	0.02
23600	0.03	0.36	0.36	0	0	0.03
23700	0.02	0.36	0.36	0	0	0.02
23800	0.02	0.36	0.36	0	0	0.02
23900	0.04	0.36	0.36	0	0	0.04
24000	0.06	0.36	0.36	0	0	0.06
24100	0.06	0.36	0.36	0	0	0.06
24200	0.05	0.37	0.37	0	0	0.05
24300	0.05	0.38	0.38	0	0	0.05
24400	0.05	0.38	0.38	0	0	0.05
24500	0.04	0.38	0.38	0	0	0.04
24600	0.04	0.38	0.38	0	0	0.04
24700	0.03	0.39	0.39	0	0	0.03
24800	0.03	0.39	0.39	0	0	0.03
24900	0.02	0.39	0.39	0	0	0.02
25000	0.05	0.39	0.39	0	0	0.05
25100	0.04	0.4	0.4	0	0	0.04
25200	0.03	0.4	0.4	0	0	0.03
25300	0.02	0.41	0.41	0	0	0.02
25400	0.02	0.41	0.41	0	0	0.02
25500	0	0.41	0.41	0	0	0
25600	0.01	0.41	0.41	0	0	0.01
25700	0	0.4	0.4	0	0	0
25800	0	0.4	0.4	0	0	0
25900	0.01	0.4	0.4	0	0	0.01
26000	0.02	0.4	0.4	0	0	0.02
26100	0.03	0.4	0.4	0	0	0.03
26200	0.04	0.4	0.4	0	0	0.04
26300	0.04	0.4	0.4	0	0	0.04
26400	0.06	0.4	0.4	0	0	0.06
26500	0.04	0.4	0.4	0	0	0.04
26600	0.02	0.41	0.41	0	0	0.02
26700	0.02	0.41	0.41	0	0	0.02
26800	0.02	0.41	0.41	0	0	0.02
26900	0.02	0.41	0.41	0	0	0.02
27000	0.04	0.41	0.41	0	0	0.04
27100	0.04	0.42	0.42	0	0	0.04
27200	0.06	0.42	0.42	0	0	0.06
27300	0.07	0.43	0.43	0	0	0.07
27400	0.06	0.44	0.44	0	0	0.06
27500	0.03	0.44	0.44	0	0	0.03
27600	0.02	0.44	0.44	0	0	0.02
27700	0.03	0.44	0.44	0	0	0.03
27800	0.02	0.44	0.44	0	0	0.02
27900	0	0.44	0.44	0	0	0
28000	0	0.44	0.44	0	0	0
28100	0	0.44	0.44	0	0	0
28200	0.01	0.44	0.44	0	0	0.01
28300	0.03	0.44	0.44	0	0	0.03
28400	0.02	0.44	0.44	0	0	0.02
28500	0.02	0.44	0.44	0	0	0.02
28600	0.02	0.44	0.44	0	0	0.02
28700	0.02	0.44	0.44	0	0	0.02
28800	0.01	0.45	0.45	0	0	0.01
28900	0.03	0.45	0.45	0	0	0.03
29000	0.03	0.45	0.45	0	0	0.03
29100	0.02	0.45	0.45	0	0	0.02
29200	0.03	0.45	0.45	0	0	0.03
29300	0.02	0.45	0.45	0	0	0.02
29400	0.02	0.45	0.45	0	0	0.02
29500	0.03	0.45	0.45	0	0	0.03
29600	0.03	0.45	0.45	0	0	0.03
29700	0.03	0.45	0.45	0	0	0.03
29800	0.04	0.45	0.45	0	0	0.04
29900	0.02	0.45	0.45	0	0	0.02
30000	0.04	0.44	0.44	0	0	0.04
30100	0.03	0.44	0.44	0	0	0.03
30200	0.04	0.44	0.44	0	0	0.04
30300	0.04	0.44	0.44	0	0	0.04
30400	0.02	0.45	0.45	0	0	0.02
30500	0.02	0.43	0.43	0	0	0.02
30600	0.02	0.43	0.43	0	0	0.02
30700	0.02	0.43	0.43	0	0	0.02
30800	0.02	0.44	0.44	0	0	0.02
30900	0	0.44	0.44	0	0	0
31000	0	0.44	0.44	0	0	0
31100	0.02	0.44	0.44	0	0	0.02
31200	0.01	0.44	0.44	0	0	0.01
31300	0.02	0.45	0.45	0	0	0.02
31400	0.02	0.45	0.45	0	0	0.02
31500	0.02	0.45	0.45	0	0	0.02
31600	0.01	0.45	0.45	0	0	0.01
31700	0.01	0.45	0.45	0	0	0.01
31800	0.02	0.45	0.45	0	0	0.02
31900	0.01	0.45	0.45	0	0	0.01
32000	0.02	0.45	0.45	0	0	0.02
32100	0.02	0.45	0.45	0	0	0.02
32200	0.02	0.45	0.45	0	0	0.02
32300	0.01	0.45	0.45	0	0	0.01
32400	0	0.45	0.45	0	0	0
32500	0	0.45	0.45	0	0	0
32600	0	0.45	0.45	0	0	0
32700	0.02	0.45	0.45	0	0	0.02
32800	0.03	0.45	0.45	0	0	0.03
32900	0.03	0.45	0.45	0	0	0.03
33000	0.03	0.45	0.45	0	0	0.03
33100	0.04	0.45	0.45	0	0	0.04
33200	0.02	0.45	0.45	0	0	0.02
33300	0.01	0.45	0.45	0	0	0.01
33400	0.01	0.45	0.45	0	0	0.01
33500	0.01	0.46	0.46	0	0	0.01
33600	0.02	0.46	0.46	0	0	0.02
33700	0.03	0.46	0.46	0	0	0.03
33800	0.03	0.46	0.46	0	0	0.03
33900	0.05	0.46	0.46	0	0	0.05
34000	0.04	0.46	0.46	0	0	0.04
34100	0.03	0.46	0.46	0	0	0.03
34200	0.01	0.47	0.47	0	0	0.01
34300	0.02	0.47	0.47	0	0	0.02
34400	0.02	0.47	0.47	0	0	0.02
34500	0.03	0.47	0.47	0	0	0.03
34600	0.03	0.47	0.47	0	0	0.03
34700	0.01	0.47	0.47	0	0	0.01
34800	0.01	0.47	0.47	0	0	0.01
34900	0.01	0.47	0.47	0	0	0.01
35000	0.01	0.47	0.47	0	0	0.01
35100	0.02	0.46	0.46	0	0	0.02
35200	0.03	0.46	0.46	0	0	0.03
35300	0.04	0.46	0.46	0	0	0.04
35400	0.04	0.46	0.46	0	0	0.04
35500	0.03	0.46	0.46	0	0	0.03
35600	0.03	0.46	0.46	0	0	0.03
35700	0.03	0.46	0.46	0	0	0.03
35800	0.02	0.46	0.46	0	0	0.02
35900	0.03	0.46	0.46	0	0	0.03
36000	0.04	0.46	0.46	0	0	0.04
36100	0.03	0.46	0.46	0	0	0.03
36200	0.05	0.46	0.46	0	0	0.05
36300	0.03	0.46	0.46	0	0	0.03
36400	0.02	0.46	0.46	0	0	0.02
36500	0.02	0.45	0.45	0	0	0.02
36600	0.03	0.45	0.45	0	0	0.03
36700	0.03	0.45	0.45	0	0	0.03
36800	0.02	0.45	0.45	0	0	0.02
36900	0.02	0.45	0.45	0	0	0.02
37000	0.02	0.45	0.45	0	0	0.02
37100	0.04	0.45	0.45	0	0	0.04
37200	0.05	0.45	0.45	0	0	0.05
37300	0.03	0.45	0.45	0	0	0.03
37400	0.03	0.45	0.45	0	0	0.03
37500	0.03	0.46	0.46	0	0	0.03
37600	0.02	0.46	0.46	0	0	0.02
37700	0.02	0.47	0.47	0	0	0.02
37800	0.02	0.46	0.46	0	0	0.02
37900	0.03	0.46	0.46	0	0	0.03
38000	0.04	0.46	0.46	0	0	0.04
38100	0.04	0.46	0.46	0	0	0.04
38200	0.05	0.46	0.46	0	0	0.05
38300	0.06	0.47	0.47	0	0	0.06
38400	0.04	0.47	0.47	0	0	0.04
38500	0.03	0.47	0.47	0	0	0.03
38600	0.03	0.47	0.47	0	0	0.03
38700	0.02	0.47	0.47	0	0	0.02
38800	0.03	0.47	0.47	0	0	0.03
38900	0.02	0.47	0.47	0	0	0.02
39000	0.02	0.47	0.47	0	0	0.02
39100	0.01	0.47	0.47	0	0	0.01
39200	0.01	0.47	0.47	0	0	0.01
39300	0.03	0.47	0.47	0	0	0.03
39400	0.02	0.47	0.47	0	0	0.02
39500	0.02	0.47	0.47	0	0	0.02
39600	0.03	0.47	0.47	0	0	0.03
39700	0.02	0.47	0.47	0	0	0.02
39800	0.02	0.47	0.47	0	0	0.02
39900	0.01	0.47	0.47	0	0	0.01
40000	0.02	0.47	0.47	0	0	0.02
40100	0.02	0.47	0.47	0	0	0.02
40200	0.03	0.47	0.47	0	0	0.03
40300	0.03	0.47	0.47	0	0	0.03
40400	0.04	0.47	0.47	0	0	0.04
40500	0.03	0.47	0.47	0	0	0.03
40600	0.01	0.47	0.47	0	0	0.01
40700	0.01	0.48	0.48	0	0	0.01
40800	0.01	0.48	0.48	0	0	0.01
40900	0.03	0.48	0.48	0	0	0.03
41000	0.03	0.48	0.48	0	0	0.03
41100	0.04	0.49	0.49	0	0	0.04
41200	0.04	0.49	0.49	0	0	0.04
41300	0.03	0.49	0.49	0	0	0.03
41400	0.02	0.49	0.49	0	0	0.02
41500	0	0.49	0.49	0	0	0
41600	0.02	0.49	0.49	0	0	0.02
41700	0.02	0.49	0.49	0	0	0.02
41800	0.02	0.49	0.49	0	0	0.02
41900	0.02	0.49	0.49	0	0	0.02
42000	0.03	0.49	0.49	0	0	0.03
42100	0.03	0.49	0.49	0	0	0.03
42200	0.03	0.49	0.49	0	0	0.03
42300	0.03	0.49	0.49	0	0	0.03
42400	0.03	0.49	0.49	0	0	0.03
42500	0.07	0.49	0.49	0	0	0.07
42600	0.07	0.49	0.49	0	0	0.07
42700	0.08	0.49	0.49	0	0	0.08
42800	0.07	0.49	0.49	0	0	0.07
42900	0.05	0.49	0.49	0	0	0.05
43000	0.05	0.49	0.49	0	0	0.05
43100	0.04	0.49	0.49	0	0	0.04
43200	0.03	0.49	0.49	0	0	0.03
43300	0.04	0.49	0.49	0	0	0.04
43400	0.05	0.49	0.49	0	0	0.05
43500	0.04	0.49	0.49	0	0	0.04
43600	0.02	0.49	0.49	0	0	0.02
43700	0.03	0.49	0.49	0	0	0.03
43800	0.06	0.49	0.49	0	0	0.06
43900	0.09	0.49	0.49	0	0	0.09
44000	0.08	0.49	0.49	0	0	0.08
44100	0.05	0.49	0.49	0	0	0.05
44200	0.02	0.49	0.49	0	0	0.02
44300	0.02	0.49	0.49	0	0	0.02
44400	0.01	0.49	0.49	0	0	0.01
44500	0.01	0.49	0.49	0	0	0.01
44600	0.03	0.49	0.49	0	0	0.03
44700	0.03	0.49	0.49	0	0	0.03
44800	0.04	0.49	0.49	0	0	0.04
44900	0.05	0.49	0.49	0	0	0.05
45000	0.03	0.49	0.49	0	0	0.03
45100	0.02	0.49	0.49	0	0	0.02
45200	0.02	0.49	0.49	0	0	0.02
45300	0.02	0.49	0.49	0	0	0.02
45400	0.01	0.49	0.49	0	0	0.01
45500	0	0.49	0.49	0	0	0
45600	0.01	0.49	0.49	0	0	0.01
45700	0.02	0.49	0.49	0	0	0.02
45800	0.05	0.49	0.49	0	0	0.05
45900	0.05	0.49	0.49	0	0	0.05
46000	0.04	0.5	0.5	0	0	0.04
46100	0.05	0.51	0.51	0	0	0.05
46200	0.06	0.5	0.5	0	0	0.06
46300	0.06	0.5	0.5	0	0	0.06
46400	0.03	0.49	0.49	0	0	0.03
46500	0.01	0.49	0.49	0	0	0.01
46600	0	0.49	0.49	0	0	0
46700	0	0.49	0.49	0	0	0
46800	0	0.49	0.49	0	0	0
46900	0.01	0.49	0.49	0	0	0.01
47000	0.01	0.49	0.49	0	0	0.01
47100	0	0.49	0.49	0	0	0
47200	0.01	0.49	0.49	0	0	0.01
47300	0.01	0.5	0.5	0	0	0.01
47400	0.02	0.5	0.5	0	0	0.02
47500	0.02	0.5	0.5	0	0	0.02
47600	0.02	0.5	0.5	0	0	0.02
47700	0.01	0.5	0.5	0	0	0.01
47800	0.02	0.49	0.49	0	0	0.02
47900	0.02	0.49	0.49	0	0	0.02
48000	0.02	0.49	0.49	0	0	0.02
48100	0.03	0.5	0.5	0	0	0.03
48200	0.04	0.5	0.5	0	0	0.04
48300	0.04	0.5	0.5	0	0	0.04
48400	0.02	0.5	0.5	0	0	0.02
48500	0.02	0.5	0.5	0	0	0.02
48600	0.03	0.5	0.5	0	0	0.03
48700	0.01	0.5	0.5	0	0	0.01
48800	0.02	0.5	0.5	0	0	0.02
48900	0.02	0.5	0.5	0	0	0.02
49000	0.02	0.5	0.5	0	0	0.02
49100	0.02	0.51	0.51	0	0	0.02
49200	0.02	0.51	0.51	0	0	0.02
49300	0.03	0.5	0.5	0	0	0.03
49400	0.01	0.5	0.5	0	0	0.01
49500	0.01	0.5	0.5	0	0	0.01
49600	0.01	0.5	0.5	0	0	0.01
49700	0.01	0.5	0.5	0	0	0.01
49800	0	0.5	0.5	0	0	0
49900	0.02	0.5	0.5	0	0	0.02
50000	0.03	0.5	0.5	0	0	0.03
50100	0.05	0.5	0.5	0	0	0.05
50200	0.04	0.5	0.5	0	0	0.04
50300	0.04	0.5	0.5	0	0	0.04
50400	0.03	0.5	0.5	0	0	0.03
50500	0.06	0.5	0.5	0	0	0.06
50600	0.04	0.5	0.5	0	0	0.04
50700	0.05	0.5	0.5	0	0	0.05
50800	0.05	0.5	0.5	0	0	0.05
50900	0.08	0.5	0.5	0	0	0.08
51000	0.07	0.5	0.5	0	0	0.07
51100	0.09	0.5	0.5	0	0	0.09
51200	0.06	0.5	0.5	0	0	0.06
51300	0.06	0.5	0.5	0	0	0.06
51400	0.06	0.5	0.5	0	0	0.06
51500	0.04	0.5	0.5	0	0	0.04
51600	0.01	0.5	0.5	0	0	0.01
51700	0.01	0.5	0.5	0	0	0.01
51800	0	0.5	0.5	0	0	0
51900	0	0.5	0.5	0	0	0
52000	0	0.5	0.5	0	0	0
52100	0.01	0.5	0.5	0	0	0.01
52200	0.02	0.5	0.5	0	0	0.02
52300	0.04	0.49	0.49	0	0	0.04
52400	0.04	0.49	0.49	0	0	0.04
52500	0.04	0.48	0.48	0	0	0.04
52600	0.03	0.48	0.48	0	0	0.03
52700	0.04	0.48	0.48	0	0	0.04
52800	0.04	0.49	0.49	0	0	0.04
52900	0.02	0.49	0.49	0	0	0.02
53000	0.01	0.49	0.49	0	0	0.01
53100	0.03	0.49	0.49	0	0	0.03
53200	0.03	0.49	0.49	0	0	0.03
53300	0.02	0.49	0.49	0	0	0.02
53400	0.02	0.49	0.49	0	0	0.02
53500	0.04	0.5	0.5	0	0	0.04
53600	0.04	0.5	0.5	0	0	0.04
53700	0.04	0.5	0.5	0	0	0.04
53800	0.03	0.5	0.5	0	0	0.03
53900	0.02	0.5	0.5	0	0	0.02
54000	0.04	0.51	0.51	0	0	0.04
54100	0.03	0.51	0.51	0	0	0.03
54200	0.04	0.51	0.51	0	0	0.04
54300	0.04	0.52	0.52	0	0	0.04
54400	0.04	0.52	0.52	0	0	0.04
54500	0.02	0.52	0.52	0	0	0.02
54600	0.01	0.52	0.52	0	0	0.01
54700	0	0.52	0.52	0	0	0
54800	0	0.52	0.52	0	0	0
54900	0	0.52	0.52	0	0	0
55000	0.02	0.51	0.51	0	0	0.02
55100	0.01	0.51	0.51	0	0	0.01
55200	0.01	0.51	0.51	0	0	0.01
55300	0.01	0.51	0.51	0	0	0.01
55400	0.01	0.51	0.51	0	0	0.01
55500	0.03	0.51	0.51	0	0	0.03
55600	0.02	0.51	0.51	0	0	0.02
55700	0.02	0.51	0.51	0	0	0.02
55800	0.04	0.51	0.51	0	0	0.04
55900	0.03	0.51	0.51	0	0	0.03
56000	0.04	0.51	0.51	0	0	0.04
56100	0.04	0.51	0.51	0	0	0.04
56200	0.01	0.51	0.51	0	0	0.01
56300	0.01	0.51	0.51	0	0	0.01
56400	0	0.51	0.51	0	0	0
56500	0	0.51	0.51	0	0	0
56600	0.03	0.51	0.51	0	0	0.03
56700	0.03	0.51	0.51	0	0	0.03
56800	0.03	0.51	0.51	0	0	0.03
56900	0.02	0.51	0.51	0	0	0.02
57000	0.03	0.51	0.51	0	0	0.03
57100	0.03	0.51	0.51	0	0	0.03
57200	0.05	0.51	0.51	0	0	0.05
57300	0.04	0.51	0.51	0	0	0.04
57400	0.03	0.51	0.51	0	0	0.03
57500	0.01	0.51	0.51	0	0	0.01
57600	0.02	0.51	0.51	0	0	0.02
57700	0.02	0.52	0.52	0	0	0.02
57800	0.01	0.52	0.52	0	0	0.01
57900	0.02	0.52	0.52	0	0	0.02
58000	0.03	0.52	0.52	0	0	0.03
58100	0.02	0.52	0.52	0	0	0.02
58200	0.03	0.52	0.52	0	0	0.03
58300	0.02	0.52	0.52	0	0	0.02
58400	0.03	0.52	0.52	0	0	0.03
58500	0.03	0.51	0.51	0	0	0.03
58600	0.01	0.51	0.51	0	0	0.01
58700	0.01	0.51	0.51	0	0	0.01
58800	0	0.51	0.51	0	0	0
58900	0.01	0.51	0.51	0	0	0.01
59000	0	0.51	0.51	0	0	0
59100	0	0.51	0.51	0	0	0
59200	0.02	0.51	0.51	0	0	0.02
59300	0.01	0.51	0.51	0	0	0.01
59400	0.02	0.51	0.51	0	0	0.02
59500	0.02	0.51	0.51	0	0	0.02
59600	0.02	0.51	0.51	0	0	0.02
59700	0.04	0.51	0.51	0	0	0.04
59800	0.05	0.51	0.51	0	0	0.05
59900	0.06	0.51	0.51	0	0	0.06
60000	0.03	0.51	0.51	0	0	0.03
60100	0.02	0.51	0.51	0	0	0.02
60200	0.01	0.51	0.51	0	0	0.01
60300	0.03	0.51	0.51	0	0	0.03
60400	0.02	0.51	0.51	0	0	0.02
60500	0.01	0.51	0.51	0	0	0.01
60600	0.01	0.51	0.51	0	0	0.01
60700	0.02	0.51	0.51	0	0	0.02
60800	0.02	0.51	0.51	0	0	0.02
60900	0.03	0.51	0.51	0	0	0.03
61000	0.02	0.51	0.51	0	0	0.02
61100	0.02	0.51	0.51	0	0	0.02
61200	0.02	0.51	0.51	0	0	0.02
61300	0.03	0.51	0.51	0	0	0.03
61400	0.04	0.51	0.51	0	0	0.04
61500	0.03	0.51	0.51	0	0	0.03
61600	0.03	0.51	0.51	0	0	0.03
61700	0.03	0.51	0.51	0	0	0.03
61800	0.03	0.51	0.51	0	0	0.03
61900	0.01	0.51	0.51	0	0	0.01
62000	0.01	0.51	0.51	0	0	0.01
62100	0.01	0.51	0.51	0	0	0.01
62200	0.04	0.51	0.51	0	0	0.04
62300	0.05	0.51	0.51	0	0	0.05
62400	0.05	0.51	0.51	0	0	0.05
62500	0.04	0.51	0.51	0	0	0.04
62600	0.03	0.51	0.51	0	0	0.03
62700	0.02	0.51	0.51	0	0	0.02
62800	0	0.51	0.51	0	0	0
62900	0.02	0.51	0.51	0	0	0.02
63000	0.01	0.51	0.51	0	0	0.01
63100	0	0.51	0.51	0	0	0
63200	0	0.51	0.51	0	0	0
63300	0	0.51	0.51	0	0	0
63400	0	0.51	0.51	0	0	0
63500	0.01	0.51	0.51	0	0	0.01
63600	0.01	0.51	0.51	0	0	0.01
63700	0	0.51	0.51	0	0	0
63800	0.03	0.51	0.51	0	0	0.03
63900	0.04	0.51	0.51	0	0	0.04
64000	0.03	0.51	0.51	0	0	0.03
64100	0.03	0.52	0.52	0	0	0.03
64200	0.02	0.52	0.52	0	0	0.02
64300	0.02	0.51	0.51	0	0	0.02
64400	0.01	0.51	0.51	0	0	0.01
64500	0.02	0.51	0.51	0	0	0.02
64600	0.02	0.51	0.51	0	0	0.02
64700	0.03	0.51	0.51	0	0	0.03
64800	0.03	0.51	0.51	0	0	0.03
64900	0.03	0.51	0.51	0	0	0.03
65000	0.02	0.51	0.51	0	0	0.02
65100	0.02	0.51	0.51	0	0	0.02
65200	0.02	0.51	0.51	0	0	0.02
65300	0.03	0.51	0.51	0	0	0.03
65400	0.03	0.51	0.51	0	0	0.03
65500	0.03	0.51	0.51	0	0	0.03
65600	0.03	0.51	0.51	0	0	0.03
65700	0.05	0.51	0.51	0	0	0.05
65800	0.03	0.52	0.52	0	0	0.03
65900	0.03	0.52	0.52	0	0	0.03
66000	0.04	0.52	0.52	0	0	0.04
66100	0.04	0.52	0.52	0	0	0.04
66200	0.02	0.52	0.52	0	0	0.02
66300	0.01	0.52	0.52	0	0	0.01
66400	0.02	0.52	0.52	0	0	0.02
66500	0.02	0.52	0.52	0	0	0.02
66600	0.01	0.52	0.52	0	0	0.01
66700	0.01	0.52	0.52	0	0	0.01
66800	0.01	0.52	0.52	0	0	0.01
66900	0	0.52	0.52	0	0	0
67000	0.01	0.52	0.52	0	0	0.01
67100	0.01	0.52	0.52	0	0	0.01
67200	0.02	0.52	0.52	0	0	0.02
67300	0.01	0.52	0.52	0	0	0.01
67400	0.01	0.52	0.52	0	0	0.01
67500	0.02	0.52	0.52	0	0	0.02
67600	0.03	0.52	0.52	0	0	0.03
67700	0.03	0.52	0.52	0	0	0.03
67800	0.02	0.52	0.52	0	0	0.02
67900	0.02	0.52	0.52	0	0	0.02
68000	0.03	0.52	0.52	0	0	0.03
68100	0.03	0.52	0.52	0	0	0.03
68200	0.02	0.52	0.52	0	0	0.02
68300	0.01	0.52	0.52	0	0	0.01
68400	0.01	0.52	0.52	0	0	0.01
68500	0.01	0.52	0.52	0	0	0.01
68600	0.02	0.52	0.52	0	0	0.02
68700	0.02	0.52	0.52	0	0	0.02
68800	0.02	0.52	0.52	0	0	0.02
68900	0.02	0.52	0.52	0	0	0.02
69000	0.05	0.52	0.52	0	0	0.05
69100	0.06	0.52	0.52	0	0	0.06
69200	0.04	0.52	0.52	0	0	0.04
69300	0.04	0.52	0.52	0	0	0.04
69400	0.03	0.52	0.52	0	0	0.03
69500	0.04	0.52	0.52	0	0	0.04
69600	0.04	0.52	0.52	0	0	0.04
69700	0.05	0.52	0.52	0	0	0.05
69800	0.06	0.52	0.52	0	0	0.06
69900	0.07	0.52	0.52	0	0	0.07
70000	0.07	0.52	0.52	0	0	0.07
70100	0.07	0.52	0.52	0	0	0.07
70200	0.06	0.52	0.52	0	0	0.06
70300	0.05	0.52	0.52	0	0	0.05
70400	0.05	0.51	0.51	0	0	0.05
70500	0.06	0.51	0.51	0	0	0.06
70600	0.06	0.51	0.51	0	0	0.06
70700	0.07	0.51	0.51	0	0	0.07
70800	0.08	0.51	0.51	0	0	0.08
70900	0.08	0.51	0.51	0	0	0.08
71000	0.07	0.51	0.51	0	0	0.07
71100	0.06	0.51	0.51	0	0	0.06
71200	0.04	0.51	0.51	0	0	0.04
71300	0.05	0.51	0.51	0	0	0.05
71400	0.05	0.51	0.51	0	0	0.05
71500	0.04	0.51	0.51	0	0	0.04
71600	0.04	0.51	0.51	0	0	0.04
71700	0.04	0.51	0.51	0	0	0.04
71800	0.05	0.51	0.51	0	0	0.05
71900	0.05	0.51	0.51	0	0	0.05
72000	0.05	0.51	0.51	0	0	0.05
72100	0.05	0.51	0.51	0	0	0.05
72200	0.06	0.51	0.51	0	0	0.06
72300	0.06	0.51	0.51	0	0	0.06
72400	0.05	0.51	0.51	0	0	0.05
72500	0.05	0.51	0.51	0	0	0.05
72600	0.05	0.51	0.51	0	0	0.05
72700	0.06	0.51	0.51	0	0	0.06
72800	0.07	0.51	0.51	0	0	0.07
72900	0.07	0.51	0.51	0	0	0.07
73000	0.06	0.51	0.51	0	0	0.06
73100	0.07	0.51	0.51	0	0	0.07
73200	0.07	0.51	0.51	0	0	0.07
73300	0.07	0.51	0.51	0	0	0.07
73400	0.1	0.51	0.51	0	0	0.1
73500	0.11	0.51	0.51	0	0	0.11
73600	0.11	0.51	0.51	0	0	0.11
73700	0.1	0.51	0.51	0	0	0.1
73800	0.12	0.51	0.51	0	0	0.12
73900	0.12	0.51	0.51	0	0	0.12
74000	0.12	0.51	0.51	0	0	0.12
74100	0.13	0.51	0.51	0	0	0.13
74200	0.14	0.51	0.51	0	0	0.14
74300	0.11	0.51	0.51	0	0	0.11
74400	0.11	0.51	0.51	0	0	0.11
74500	0.11	0.51	0.51	0	0	0.11
74600	0.11	0.51	0.51	0	0	0.11
74700	0.11	0.51	0.51	0	0	0.11
74800	0.11	0.51	0.51	0	0	0.11
74900	0.12	0.51	0.51	0	0	0.12
75000	0.11	0.51	0.51	0	0	0.11
75100	0.09	0.51	0.51	0	0	0.09
75200	0.09	0.51	0.51	0	0	0.09
75300	0.09	0.51	0.51	0	0	0.09
75400	0.09	0.51	0.51	0	0	0.09
75500	0.09	0.51	0.51	0	0	0.09
75600	0.09	0.51	0.51	0	0	0.09
75700	0.09	0.51	0.51	0	0	0.09
75800	0.09	0.51	0.51	0	0	0.09
75900	0.09	0.51	0.51	0	0	0.09
76000	0.1	0.51	0.51	0	0	0.1
76100	0.1	0.51	0.51	0	0	0.1
76200	0.1	0.51	0.51	0	0	0.1
76300	0.1	0.51	0.51	0	0	0.1
76400	0.1	0.51	0.51	0	0	0.1
76500	0.09	0.52	0.52	0	0	0.09
76600	0.08	0.53	0.53	0	0	0.08
76700	0.08	0.53	0.53	0	0	0.08
76800	0.08	0.53	0.53	0	0	0.08
76900	0.09	0.53	0.53	0	0	0.09
77000	0.09	0.52	0.52	0	0	0.09
77100	0.1	0.52	0.52	0	0	0.1
77200	0.1	0.52	0.52	0	0	0.1
77300	0.09	0.52	0.52	0	0	0.09
77400	0.1	0.52	0.52	0	0	0.1
77500	0.1	0.52	0.52	0	0	0.1
77600	0.11	0.52	0.52	0	0	0.11
77700	0.12	0.52	0.52	0	0	0.12
77800	0.13	0.52	0.52	0	0	0.13
77900	0.12	0.52	0.52	0	0	0.12
78000	0.12	0.52	0.52	0	0	0.12
78100	0.12	0.52	0.52	0	0	0.12
78200	0.14	0.52	0.52	0	0	0.14
78300	0.14	0.52	0.52	0	0	0.14
78400	0.14	0.52	0.52	0	0	0.14
78500	0.14	0.52	0.52	0	0	0.14
78600	0.14	0.52	0.52	0	0	0.14
78700	0.15	0.52	0.52	0	0	0.15
78800	0.15	0.53	0.53	0	0	0.15
78900	0.15	0.53	0.53	0	0	0.15
79000	0.16	0.52	0.52	0	0	0.16
79100	0.17	0.52	0.52	0	0	0.17
79200	0.16	0.52	0.52	0	0	0.16
79300	0.15	0.52	0.52	0	0	0.15
79400	0.15	0.53	0.53	0	0	0.15
79500	0.15	0.53	0.53	0	0	0.15
79600	0.15	0.53	0.53	0	0	0.15
79700	0.15	0.53	0.53	0	0	0.15
79800	0.15	0.53	0.53	0	0	0.15
79900	0.15	0.53	0.53	0	0	0.15
80000	0.15	0.53	0.53	0	0	0.15
80100	0.15	0.53	0.53	0	0	0.15
80200	0.15	0.53	0.53	0	0	0.15
80300	0.16	0.53	0.53	0	0	0.16
80400	0.17	0.53	0.53	0	0	0.17
80500	0.18	0.53	0.53	0	0	0.18
80600	0.17	0.53	0.53	0	0	0.17
80700	0.18	0.53	0.53	0	0	0.18
80800	0.21	0.53	0.53	0	0	0.21
80900	0.21	0.53	0.53	0	0	0.21
81000	0.21	0.53	0.53	0	0	0.21
81100	0.2	0.53	0.53	0	0	0.2
81200	0.18	0.53	0.53	0	0	0.18
81300	0.19	0.53	0.53	0	0	0.19
81400	0.2	0.53	0.53	0	0	0.2
81500	0.2	0.53	0.53	0	0	0.2
81600	0.2	0.53	0.53	0	0	0.2
81700	0.21	0.53	0.53	0	0	0.21
81800	0.21	0.53	0.53	0	0	0.21
81900	0.21	0.53	0.53	0	0	0.21
82000	0.21	0.53	0.53	0	0	0.21
82100	0.22	0.53	0.53	0	0	0.22
82200	0.22	0.53	0.53	0	0	0.22
82300	0.22	0.53	0.53	0	0	0.22
82400	0.23	0.53	0.53	0	0	0.23
82500	0.23	0.53	0.53	0	0	0.23
82600	0.24	0.53	0.53	0	0	0.24
82700	0.25	0.54	0.54	0	0	0.25
82800	0.25	0.54	0.54	0	0	0.25
82900	0.26	0.54	0.54	0	0	0.26
83000	0.26	0.54	0.54	0	0	0.26
83100	0.25	0.54	0.54	0	0	0.25
83200	0.26	0.54	0.54	0	0	0.26
83300	0.26	0.54	0.54	0	0	0.26
83400	0.26	0.53	0.53	0	0	0.26
83500	0.26	0.53	0.53	0	0	0.26
83600	0.26	0.53	0.53	0	0	0.26
83700	0.26	0.53	0.53	0	0	0.26
83800	0.26	0.53	0.53	0	0	0.26
83900	0.26	0.53	0.53	0	0	0.26
84000	0.26	0.53	0.53	0	0	0.26
84100	0.26	0.53	0.53	0	0	0.26
84200	0.27	0.52	0.52	0	0	0.27
84300	0.27	0.52	0.52	0	0	0.27
84400	0.27	0.52	0.52	0	0	0.27
84500	0.27	0.52	0.52	0	0	0.27
84600	0.26	0.52	0.52	0	0	0.26
84700	0.26	0.52	0.52	0	0	0.26
84800	0.26	0.52	0.52	0	0	0.26
84900	0.27	0.52	0.52	0	0	0.27
85000	0.27	0.52	0.52	0	0	0.27
85100	0.27	0.52	0.52	0	0	0.27
85200	0.27	0.52	0.52	0	0	0.27
85300	0.28	0.52	0.52	0	0	0.28
85400	0.28	0.52	0.52	0	0	0.28
85500	0.28	0.52	0.52	0	0	0.28
85600	0.29	0.52	0.52	0	0	0.29
85700	0.3	0.52	0.52	0	0	0.3
85800	0.3	0.52	0.52	0	0	0.3
85900	0.3	0.52	0.52	0	0	0.3
86000	0.3	0.52	0.52	0	0	0.3
86100	0.3	0.52	0.52	0	0	0.3
86200	0.3	0.52	0.52	0	0	0.3
86300	0.31	0.52	0.52	0	0	0.31
86400	0.32	0.52	0.52	0	0	0.32
86500	0.33	0.52	0.52	0	0	0.33
86600	0.33	0.52	0.52	0	0	0.33
86700	0.33	0.52	0.52	0	0	0.33
86800	0.33	0.52	0.52	0	0	0.33
86900	0.33	0.52	0.52	0	0	0.33
87000	0.33	0.52	0.52	0	0	0.33
87100	0.33	0.52	0.52	0	0	0.33
87200	0.33	0.52	0.52	0	0	0.33
87300	0.33	0.52	0.52	0	0	0.33
87400	0.34	0.52	0.52	0	0	0.34
87500	0.34	0.52	0.52	0	0	0.34
87600	0.34	0.52	0.52	0	0	0.34
87700	0.34	0.52	0.52	0	0	0.34
87800	0.34	0.52	0.52	0	0	0.34
87900	0.34	0.52	0.52	0	0	0.34
88000	0.33	0.52	0.52	0	0	0.33
88100	0.34	0.52	0.52	0	0	0.34
88200	0.34	0.52	0.52	0	0	0.34
88300	0.34	0.52	0.52	0	0	0.34
88400	0.34	0.52	0.52	0	0	0.34
88500	0.33	0.52	0.52	0	0	0.33
88600	0.33	0.52	0.52	0	0	0.33
88700	0.33	0.52	0.52	0	0	0.33
88800	0.33	0.52	0.52	0	0	0.33
88900	0.33	0.52	0.52	0	0	0.33
89000	0.33	0.52	0.52	0	0	0.33
89100	0.33	0.52	0.52	0	0	0.33
89200	0.33	0.52	0.52	0	0	0.33
89300	0.33	0.52	0.52	0	0	0.33
89400	0.34	0.52	0.52	0	0	0.34
89500	0.35	0.52	0.52	0	0	0.35
89600	0.35	0.52	0.52	0	0	0.35
89700	0.34	0.52	0.52	0	0	0.34
89800	0.35	0.52	0.52	0	0	0.35
89900	0.35	0.52	0.52	0	0	0.35
90000	0.35	0.52	0.52	0	0	0.35
90100	0.34	0.52	0.52	0	0	0.34
90200	0.34	0.52	0.52	0	0	0.34
90300	0.34	0.52	0.52	0	0	0.34
90400	0.34	0.52	0.52	0	0	0.34
90500	0.34	0.53	0.53	0	0	0.34
90600	0.35	0.53	0.53	0	0	0.35
90700	0.37	0.53	0.53	0	0	0.37
90800	0.37	0.54	0.54	0	0	0.37
90900	0.37	0.54	0.54	0	0	0.37
91000	0.36	0.52	0.52	0	0	0.36
91100	0.37	0.52	0.52	0	0	0.37
91200	0.37	0.52	0.52	0	0	0.37
91300	0.37	0.52	0.52	0	0	0.37
91400	0.37	0.52	0.52	0	0	0.37
91500	0.37	0.52	0.52	0	0	0.37
91600	0.37	0.52	0.52	0	0	0.37
91700	0.36	0.52	0.52	0	0	0.36
91800	0.37	0.52	0.52	0	0	0.37
91900	0.37	0.52	0.52	0	0	0.37
92000	0.38	0.52	0.52	0	0	0.38
92100	0.38	0.52	0.52	0	0	0.38
92200	0.38	0.52	0.52	0	0	0.38
92300	0.38	0.52	0.52	0	0	0.38
92400	0.38	0.52	0.52	0	0	0.38
92500	0.38	0.52	0.52	0	0	0.38
92600	0.37	0.52	0.52	0	0	0.37
92700	0.37	0.52	0.52	0	0	0.37
92800	0.37	0.52	0.52	0	0	0.37
92900	0.37	0.52	0.52	0	0	0.37
93000	0.37	0.52	0.52	0	0	0.37
93100	0.37	0.52	0.52	0	0	0.37
93200	0.37	0.52	0.52	0	0	0.37
93300	0.37	0.52	0.52	0	0	0.37
93400	0.37	0.52	0.52	0	0	0.37
93500	0.38	0.52	0.52	0	0	0.38
93600	0.38	0.52	0.52	0	0	0.38
93700	0.38	0.52	0.52	0	0	0.38
93800	0.38	0.52	0.52	0	0	0.38
93900	0.38	0.52	0.52	0	0	0.38
94000	0.38	0.52	0.52	0	0	0.38
94100	0.38	0.52	0.52	0	0	0.38
94200	0.38	0.52	0.52	0	0	0.38
94300	0.38	0.52	0.52	0	0	0.38
94400	0.38	0.52	0.52	0	0	0.38
94500	0.38	0.52	0.52	0	0	0.38
94600	0.38	0.52	0.52	0	0	0.38
94700	0.38	0.52	0.52	0	0	0.38
94800	0.38	0.52	0.52	0	0	0.38
94900	0.38	0.52	0.52	0	0	0.38
95000	0.38	0.52	0.52	0	0	0.38
95100	0.38	0.52	0.52	0	0	0.38
95200	0.39	0.52	0.52	0	0	0.39
95300	0.38	0.52	0.52	0	0	0.38
95400	0.38	0.52	0.52	0	0	0.38
95500	0.38	0.52	0.52	0	0	0.38
95600	0.38	0.52	0.52	0	0	0.38
95700	0.38	0.52	0.52	0	0	0.38
95800	0.39	0.52	0.52	0	0	0.39
95900	0.39	0.52	0.52	0	0	0.39
96000	0.39	0.52	0.52	0	0	0.39
96100	0.39	0.52	0.52	0	0	0.39
96200	0.39	0.52	0.52	0	0	0.39
96300	0.39	0.52	0.52	0	0	0.39
96400	0.39	0.52	0.52	0	0	0.39
96500	0.39	0.52	0.52	0	0	0.39
96600	0.39	0.52	0.52	0	0	0.39
96700	0.39	0.52	0.52	0	0	0.39
96800	0.39	0.52	0.52	0	0	0.39
96900	0.39	0.52	0.52	0	0	0.39
97000	0.4	0.52	0.52	0	0	0.4
97100	0.4	0.52	0.52	0	0	0.4
97200	0.4	0.52	0.52	0	0	0.4
97300	0.39	0.52	0.52	0	0	0.39
97400	0.39	0.52	0.52	0	0	0.39
97500	0.39	0.52	0.52	0	0	0.39
97600	0.39	0.52	0.52	0	0	0.39
97700	0.4	0.52	0.52	0	0	0.4
97800	0.4	0.52	0.52	0	0	0.4
97900	0.4	0.52	0.52	0	0	0.4
98000	0.4	0.52	0.52	0	0	0.4
98100	0.4	0.52	0.52	0	0	0.4
98200	0.4	0.52	0.52	0	0	0.4
98300	0.4	0.52	0.52	0	0	0.4
98400	0.4	0.53	0.53	0	0	0.4
98500	0.4	0.53	0.53	0	0	0.4
98600	0.4	0.53	0.53	0	0	0.4
98700	0.4	0.53	0.53	0	0	0.4
98800	0.4	0.53	0.53	0	0	0.4
98900	0.4	0.53	0.53	0	0	0.4
99000	0.4	0.53	0.53	0	0	0.4
99100	0.4	0.52	0.52	0	0	0.4
99200	0.4	0.52	0.52	0	0	0.4
99300	0.4	0.52	0.52	0	0	0.4
99400	0.4	0.52	0.52	0	0	0.4
99500	0.4	0.52	0.52	0	0	0.4
99600	0.4	0.52	0.52	0	0	0.4
99700	0.4	0.52	0.52	0	0	0.4
99800	0.4	0.52	0.52	0	0	0.4
99900	0.4	0.52	0.52	0	0	0.4
100000	0.4	0.52	0.52	0	0	0.4
100100	0.4	0.52	0.52	0	0	0.4
100200	0.4	0.52	0.52	0	0	0.4
100300	0.4	0.52	0.52	0	0	0.4
100400	0.4	0.52	0.52	0	0	0.4
100500	0.4	0.52	0.52	0	0	0.4
100600	0.4	0.52	0.52	0	0	0.4
100700	0.4	0.52	0.52	0	0	0.4
100800	0.4	0.52	0.52	0	0	0.4
100900	0.4	0.52	0.52	0	0	0.4
101000	0.4	0.52	0.52	0	0	0.4
101100	0.4	0.52	0.52	0	0	0.4
101200	0.4	0.52	0.52	0	0	0.4
101300	0.41	0.52	0.52	0	0	0.41
101400	0.41	0.52	0.52	0	0	0.41
101500	0.41	0.52	0.52	0	0	0.41
101600	0.42	0.52	0.52	0	0	0.42
101700	0.42	0.52	0.52	0	0	0.42
101800	0.42	0.52	0.52	0	0	0.42
101900	0.42	0.52	0.52	0	0	0.42
102000	0.42	0.52	0.52	0	0	0.42
102100	0.41	0.52	0.52	0	0	0.41
102200	0.42	0.52	0.52	0	0	0.42
102300	0.42	0.52	0.52	0	0	0.42
102400	0.42	0.51	0.51	0	0	0.42
102500	0.42	0.51	0.51	0	0	0.42
102600	0.42	0.51	0.51	0	0	0.42
102700	0.42	0.51	0.51	0	0	0.42
102800	0.42	0.51	0.51	0	0	0.42
102900	0.41	0.51	0.51	0	0	0.41
103000	0.41	0.51	0.51	0	0	0.41
103100	0.41	0.51	0.51	0	0	0.41
103200	0.41	0.51	0.51	0	0	0.41
103300	0.41	0.51	0.51	0	0	0.41
103400	0.41	0.51	0.51	0	0	0.41
103500	0.42	0.51	0.51	0	0	0.42
103600	0.42	0.51	0.51	0	0	0.42
103700	0.44	0.51	0.51	0	0	0.44
103800	0.44	0.51	0.51	0	0	0.44
103900	0.44	0.51	0.51	0	0	0.44
104000	0.44	0.51	0.51	0	0	0.44
104100	0.44	0.51	0.51	0	0	0.44
104200	0.44	0.51	0.51	0	0	0.44
104300	0.44	0.52	0.52	0	0	0.44
104400	0.44	0.52	0.52	0	0	0.44
104500	0.44	0.52	0.52	0	0	0.44
104600	0.44	0.52	0.52	0	0	0.44
104700	0.44	0.52	0.52	0	0	0.44
104800	0.44	0.52	0.52	0	0	0.44
104900	0.43	0.52	0.52	0	0	0.43
105000	0.43	0.52	0.52	0	0	0.43
105100	0.43	0.52	0.52	0	0	0.43
105200	0.43	0.52	0.52	0	0	0.43
105300	0.43	0.52	0.52	0	0	0.43
105400	0.43	0.52	0.52	0	0	0.43
105500	0.43	0.52	0.52	0	0	0.43
105600	0.43	0.52	0.52	0	0	0.43
105700	0.43	0.52	0.52	0	0	0.43
105800	0.43	0.52	0.52	0	0	0.43
105900	0.43	0.52	0.52	0	0	0.43
106000	0.43	0.52	0.52	0	0	0.43
106100	0.43	0.52	0.52	0	0	0.43
106200	0.43	0.52	0.52	0	0	0.43
106300	0.43	0.52	0.52	0	0	0.43
106400	0.43	0.52	0.52	0	0	0.43
106500	0.43	0.52	0.52	0	0	0.43
106600	0.43	0.52	0.52	0	0	0.43
106700	0.43	0.52	0.52	0	0	0.43
106800	0.43	0.52	0.52	0	0	0.43
106900	0.43	0.52	0.52	0	0	0.43
107000	0.43	0.52	0.52	0	0	0.43
107100	0.43	0.52	0.52	0	0	0.43
107200	0.43	0.52	0.52	0	0	0.43
107300	0.43	0.52	0.52	0	0	0.43
107400	0.44	0.52	0.52	0	0	0.44
107500	0.44	0.52	0.52	0	0	0.44
107600	0.44	0.52	0.52	0	0	0.44
107700	0.44	0.52	0.52	0	0	0.44
107800	0.43	0.52	0.52	0	0	0.43
107900	0.43	0.52	0.52	0	0	0.43
108000	0.43	0.52	0.52	0	0	0.43
108100	0.43	0.52	0.52	0	0	0.43
108200	0.43	0.52	0.52	0	0	0.43
108300	0.43	0.52	0.52	0	0	0.43
108400	0.43	0.52	0.52	0	0	0.43
108500	0.43	0.52	0.52	0	0	0.43
108600	0.43	0.52	0.52	0	0	0.43
108700	0.43	0.52	0.52	0	0	0.43
108800	0.43	0.52	0.52	0	0	0.43
108900	0.43	0.52	0.52	0	0	0.43
109000	0.43	0.52	0.52	0	0	0.43
109100	0.43	0.52	0.52	0	0	0.43
109200	0.44	0.52	0.52	0	0	0.44
109300	0.44	0.52	0.52	0	0	0.44
109400	0.44	0.52	0.52	0	0	0.44
109500	0.44	0.52	0.52	0	0	0.44
109600	0.44	0.52	0.52	0	0	0.44
109700	0.44	0.52	0.52	0	0	0.44
109800	0.44	0.52	0.52	0	0	0.44
109900	0.44	0.52	0.52	0	0	0.44
110000	0.44	0.52	0.52	0	0	0.44
110100	0.44	0.52	0.52	0	0	0.44
110200	0.44	0.52	0.52	0	0	0.44
110300	0.44	0.52	0.52	0	0	0.44
110400	0.44	0.52	0.52	0	0	0.44
110500	0.44	0.52	0.52	0	0	0.44
110600	0.44	0.52	0.52	0	0	0.44
110700	0.43	0.53	0.53	0	0	0.43
110800	0.43	0.53	0.53	0	0	0.43
110900	0.43	0.53	0.53	0	0	0.43
111000	0.43	0.53	0.53	0	0	0.43
111100	0.43	0.53	0.53	0	0	0.43
111200	0.43	0.53	0.53	0	0	0.43
111300	0.43	0.53	0.53	0	0	0.43
111400	0.44	0.53	0.53	0	0	0.44
111500	0.44	0.53	0.53	0	0	0.44
111600	0.44	0.53	0.53	0	0	0.44
111700	0.44	0.53	0.53	0	0	0.44
111800	0.44	0.53	0.53	0	0	0.44
111900	0.44	0.53	0.53	0	0	0.44
112000	0.43	0.53	0.53	0	0	0.43
112100	0.43	0.53	0.53	0	0	0.43
112200	0.43	0.53	0.53	0	0	0.43
112300	0.43	0.53	0.53	0	0	0.43
112400	0.43	0.53	0.53	0	0	0.43
112500	0.43	0.53	0.53	0	0	0.43
112600	0.43	0.53	0.53	0	0	0.43
112700	0.43	0.53	0.53	0	0	0.43
112800	0.43	0.53	0.53	0	0	0.43
112900	0.44	0.53	0.53	0	0	0.44
113000	0.44	0.53	0.53	0	0	0.44
113100	0.44	0.53	0.53	0	0	0.44
113200	0.44	0.53	0.53	0	0	0.44
113300	0.44	0.53	0.53	0	0	0.44
113400	0.44	0.53	0.53	0	0	0.44
113500	0.44	0.53	0.53	0	0	0.44
113600	0.44	0.53	0.53	0	0	0.44
113700	0.45	0.53	0.53	0	0	0.45
113800	0.45	0.53	0.53	0	0	0.45
113900	0.45	0.53	0.53	0	0	0.45
114000	0.45	0.53	0.53	0	0	0.45
114100	0.45	0.53	0.53	0	0	0.45
114200	0.45	0.53	0.53	0	0	0.45
114300	0.45	0.53	0.53	0	0	0.45
114400	0.45	0.53	0.53	0	0	0.45
114500	0.45	0.53	0.53	0	0	0.45
114600	0.46	0.53	0.53	0	0	0.46
114700	0.46	0.53	0.53	0	0	0.46
114800	0.46	0.53	0.53	0	0	0.46
114900	0.46	0.53	0.53	0	0	0.46
115000	0.45	0.53	0.53	0	0	0.45
115100	0.45	0.53	0.53	0	0	0.45
115200	0.45	0.53	0.53	0	0	0.45
115300	0.45	0.53	0.53	0	0	0.45
115400	0.45	0.53	0.53	0	0	0.45
115500	0.45	0.53	0.53	0	0	0.45
115600	0.45	0.53	0.53	0	0	0.45
115700	0.45	0.53	0.53	0	0	0.45
115800	0.45	0.53	0.53	0	0	0.45
115900	0.45	0.53	0.53	0	0	0.45
116000	0.45	0.53	0.53	0	0	0.45
116100	0.45	0.53	0.53	0	0	0.45
116200	0.44	0.53	0.53	0	0	0.44
116300	0.44	0.53	0.53	0	0	0.44
116400	0.44	0.53	0.53	0	0	0.44
116500	0.44	0.53	0.53	0	0	0.44
116600	0.44	0.53	0.53	0	0	0.44
116700	0.44	0.53	0.53	0	0	0.44
116800	0.44	0.53	0.53	0	0	0.44
116900	0.44	0.53	0.53	0	0	0.44
117000	0.44	0.53	0.53	0	0	0.44
117100	0.45	0.53	0.53	0	0	0.45
117200	0.45	0.53	0.53	0	0	0.45
117300	0.45	0.53	0.53	0	0	0.45
117400	0.45	0.53	0.53	0	0	0.45
117500	0.44	0.53	0.53	0	0	0.44
117600	0.44	0.53	0.53	0	0	0.44
117700	0.44	0.53	0.53	0	0	0.44
117800	0.44	0.53	0.53	0	0	0.44
117900	0.44	0.53	0.53	0	0	0.44
118000	0.44	0.53	0.53	0	0	0.44
118100	0.44	0.53	0.53	0	0	0.44
118200	0.44	0.53	0.53	0	0	0.44
118300	0.44	0.53	0.53	0	0	0.44
118400	0.44	0.53	0.53	0	0	0.44
118500	0.44	0.53	0.53	0	0	0.44
118600	0.44	0.53	0.53	0	0	0.44
118700	0.44	0.53	0.53	0	0	0.44
118800	0.44	0.53	0.53	0	0	0.44
118900	0.44	0.53	0.53	0	0	0.44
119000	0.44	0.53	0.53	0	0	0.44
119100	0.44	0.53	0.53	0	0	0.44
119200	0.44	0.53	0.53	0	0	0.44
119300	0.44	0.53	0.53	0	0	0.44
119400	0.44	0.53	0.53	0	0	0.44
119500	0.44	0.53	0.53	0	0	0.44
119600	0.44	0.53	0.53	0	0	0.44
119700	0.44	0.53	0.53	0	0	0.44
119800	0.44	0.53	0.53	0	0	0.44
119900	0.44	0.53	0.53	0	0	0.44
120000	0.44	0.53	0.53	0	0	0.44
120100	0.44	0.53	0.53	0	0	0.44
120200	0.44	0.53	0.53	0	0	0.44
120300	0.44	0.53	0.53	0	0	0.44
120400	0.44	0.53	0.53	0	0	0.44
120500	0.44	0.53	0.53	0	0	0.44
120600	0.44	0.53	0.53	0	0	0.44
120700	0.44	0.53	0.53	0	0	0.44
120800	0.44	0.53	0.53	0	0	0.44
120900	0.44	0.53	0.53	0	0	0.44
121000	0.44	0.53	0.53	0	0	0.44
121100	0.44	0.53	0.53	0	0	0.44
121200	0.44	0.53	0.53	0	0	0.44
121300	0.44	0.53	0.53	0	0	0.44
121400	0.44	0.53	0.53	0	0	0.44
121500	0.44	0.53	0.53	0	0	0.44
121600	0.44	0.53	0.53	0	0	0.44
121700	0.44	0.53	0.53	0	0	0.44
121800	0.44	0.53	0.53	0	0	0.44
121900	0.44	0.53	0.53	0	0	0.44
122000	0.44	0.53	0.53	0	0	0.44
122100	0.44	0.53	0.53	0	0	0.44
122200	0.44	0.53	0.53	0	0	0.44
122300	0.44	0.53	0.53	0	0	0.44
122400	0.44	0.53	0.53	0	0	0.44
122500	0.44	0.53	0.53	0	0	0.44
122600	0.44	0.53	0.53	0	0	0.44
122700	0.44	0.53	0.53	0	0	0.44
122800	0.44	0.53	0.53	0	0	0.44
122900	0.44	0.53	0.53	0	0	0.44
123000	0.44	0.53	0.53	0	0	0.44
123100	0.44	0.53	0.53	0	0	0.44
123200	0.44	0.53	0.53	0	0	0.44
123300	0.44	0.53	0.53	0	0	0.44
123400	0.44	0.53	0.53	0	0	0.44
123500	0.44	0.53	0.53	0	0	0.44
123600	0.44	0.53	0.53	0	0	0.44
123700	0.45	0.53	0.53	0	0	0.45
123800	0.45	0.53	0.53	0	0	0.45
123900	0.45	0.53	0.53	0	0	0.45
124000	0.45	0.53	0.53	0	0	0.45
124100	0.45	0.53	0.53	0	0	0.45
124200	0.44	0.53	0.53	0	0	0.44
124300	0.44	0.53	0.53	0	0	0.44
124400	0.44	0.53	0.53	0	0	0.44
124500	0.44	0.53	0.53	0	0	0.44
124600	0.44	0.53	0.53	0	0	0.44
124700	0.44	0.53	0.53	0	0	0.44
124800	0.44	0.53	0.53	0	0	0.44
124900	0.44	0.53	0.53	0	0	0.44
125000	0.44	0.53	0.53	0	0	0.44
125100	0.43	0.53	0.53	0	0	0.43
125200	0.43	0.53	0.53	0	0	0.43
125300	0.43	0.53	0.53	0	0	0.43
125400	0.43	0.53	0.53	0	0	0.43
125500	0.44	0.53	0.53	0	0	0.44
125600	0.44	0.53	0.53	0	0	0.44
125700	0.44	0.53	0.53	0	0	0.44
125800	0.44	0.53	0.53	0	0	0.44
125900	0.44	0.53	0.53	0	0	0.44
126000	0.44	0.53	0.53	0	0	0.44
126100	0.44	0.53	0.53	0	0	0.44
126200	0.44	0.53	0.53	0	0	0.44
126300	0.44	0.53	0.53	0	0	0.44
126400	0.44	0.53	0.53	0	0	0.44
126500	0.44	0.53	0.53	0	0	0.44
126600	0.44	0.53	0.53	0	0	0.44
126700	0.44	0.53	0.53	0	0	0.44
126800	0.44	0.53	0.53	0	0	0.44
126900	0.44	0.53	0.53	0	0	0.44
127000	0.44	0.53	0.53	0	0	0.44
127100	0.44	0.53	0.53	0	0	0.44
127200	0.44	0.53	0.53	0	0	0.44
127300	0.44	0.53	0.53	0	0	0.44
127400	0.44	0.53	0.53	0	0	0.44
127500	0.44	0.53	0.53	0	0	0.44
127600	0.44	0.53	0.53	0	0	0.44
127700	0.44	0.53	0.53	0	0	0.44
127800	0.44	0.53	0.53	0	0	0.44
127900	0.44	0.53	0.53	0	0	0.44
128000	0.44	0.53	0.53	0	0	0.44
128100	0.44	0.53	0.53	0	0	0.44
128200	0.44	0.53	0.53	0	0	0.44
128300	0.44	0.53	0.53	0	0	0.44
128400	0.44	0.53	0.53	0	0	0.44
128500	0.44	0.53	0.53	0	0	0.44
128600	0.44	0.53	0.53	0	0	0.44
128700	0.44	0.53	0.53	0	0	0.44
128800	0.44	0.53	0.53	0	0	0.44
128900	0.44	0.53	0.53	0	0	0.44
129000	0.44	0.53	0.53	0	0	0.44
129100	0.44	0.53	0.53	0	0	0.44
129200	0.44	0.53	0.53	0	0	0.44
129300	0.44	0.53	0.53	0	0	0.44
129400	0.44	0.53	0.53	0	0	0.44
129500	0.44	0.53	0.53	0	0	0.44
129600	0.44	0.53	0.53	0	0	0.44
129700	0.44	0.53	0.53	0	0	0.44
129800	0.44	0.53	0.53	0	0	0.44
129900	0.44	0.53	0.53	0	0	0.44
130000	0.44	0.53	0.53	0	0	0.44
130100	0.44	0.53	0.53	0	0	0.44
130200	0.44	0.53	0.53	0	0	0.44
130300	0.44	0.53	0.53	0	0	0.44
130400	0.44	0.53	0.53	0	0	0.44
130500	0.44	0.53	0.53	0	0	0.44
130600	0.44	0.53	0.53	0	0	0.44
130700	0.44	0.53	0.53	0	0	0.44
130800	0.44	0.53	0.53	0	0	0.44
130900	0.44	0.53	0.53	0	0	0.44
131000	0.44	0.53	0.53	0	0	0.44
131100	0.44	0.53	0.53	0	0	0.44
131200	0.44	0.53	0.53	0	0	0.44
131300	0.44	0.53	0.53	0	0	0.44
131400	0.44	0.53	0.53	0	0	0.44
131500	0.44	0.53	0.53	0	0	0.44
131600	0.44	0.53	0.53	0	0	0.44
131700	0.44	0.53	0.53	0	0	0.44
131800	0.44	0.53	0.53	0	0	0.44
131900	0.44	0.53	0.53	0	0	0.44
132000	0.44	0.53	0.53	0	0	0.44
132100	0.44	0.53	0.53	0	0	0.44
132200	0.44	0.53	0.53	0	0	0.44
132300	0.44	0.53	0.53	0	0	0.44
132400	0.44	0.53	0.53	0	0	0.44
132500	0.44	0.53	0.53	0	0	0.44
132600	0.44	0.53	0.53	0	0	0.44
132700	0.44	0.53	0.53	0	0	0.44
132800	0.44	0.53	0.53	0	0	0.44
132900	0.44	0.53	0.53	0	0	0.44
133000	0.44	0.53	0.53	0	0	0.44
133100	0.44	0.53	0.53	0	0	0.44
133200	0.44	0.53	0.53	0	0	0.44
133300	0.44	0.53	0.53	0	0	0.44
133400	0.44	0.53	0.53	0	0	0.44
133500	0.44	0.53	0.53	0	0	0.44
133600	0.44	0.53	0.53	0	0	0.44
133700	0.44	0.53	0.53	0	0	0.44
133800	0.44	0.53	0.53	0	0	0.44
133900	0.44	0.53	0.53	0	0	0.44
134000	0.44	0.53	0.53	0	0	0.44
134100	0.44	0.53	0.53	0	0	0.44
134200	0.44	0.53	0.53	0	0	0.44
134300	0.44	0.53	0.53	0	0	0.44
134400	0.44	0.53	0.53	0	0	0.44
134500	0.44	0.53	0.53	0	0	0.44
134600	0.44	0.53	0.53	0	0	0.44
134700	0.44	0.53	0.53	0	0	0.44
134800	0.44	0.53	0.53	0	0	0.44
134900	0.44	0.53	0.53	0	0	0.44
135000	0.44	0.53	0.53	0	0	0.44
135100	0.44	0.53	0.53	0	0	0.44
135200	0.44	0.53	0.53	0	0	0.44
135300	0.44	0.53	0.53	0	0	0.44
135400	0.44	0.53	0.53	0	0	0.44
135500	0.44	0.53	0.53	0	0	0.44
135600	0.44	0.53	0.53	0	0	0.44
135700	0.44	0.53	0.53	0	0	0.44
135800	0.44	0.53	0.53	0	0	0.44
135900	0.44	0.53	0.53	0	0	0.44
136000	0.44	0.53	0.53	0	0	0.44
136100	0.44	0.53	0.53	0	0	0.44
136200	0.44	0.53	0.53	0	0	0.44
136300	0.44	0.52	0.52	0	0	0.44
136400	0.44	0.52	0.52	0	0	0.44
136500	0.44	0.52	0.52	0	0	0.44
136600	0.44	0.52	0.52	0	0	0.44
136700	0.44	0.52	0.52	0	0	0.44
136800	0.44	0.52	0.52	0	0	0.44
136900	0.44	0.52	0.52	0	0	0.44
137000	0.44	0.52	0.52	0	0	0.44
137100	0.44	0.52	0.52	0	0	0.44
137200	0.44	0.52	0.52	0	0	0.44
137300	0.44	0.52	0.52	0	0	0.44
137400	0.44	0.52	0.52	0	0	0.44
137500	0.44	0.52	0.52	0	0	0.44
137600	0.44	0.52	0.52	0	0	0.44
137700	0.44	0.52	0.52	0	0	0.44
137800	0.44	0.52	0.52	0	0	0.44
137900	0.44	0.52	0.52	0	0	0.44
138000	0.44	0.52	0.52	0	0	0.44
138100	0.44	0.52	0.52	0	0	0.44
138200	0.44	0.52	0.52	0	0	0.44
138300	0.44	0.52	0.52	0	0	0.44
138400	0.44	0.52	0.52	0	0	0.44
138500	0.44	0.52	0.52	0	0	0.44
138600	0.44	0.52	0.52	0	0	0.44
138700	0.44	0.52	0.52	0	0	0.44
138800	0.44	0.52	0.52	0	0	0.44
138900	0.44	0.52	0.52	0	0	0.44
139000	0.44	0.52	0.52	0	0	0.44
139100	0.44	0.52	0.52	0	0	0.44
139200	0.44	0.52	0.52	0	0	0.44
139300	0.44	0.52	0.52	0	0	0.44
139400	0.43	0.52	0.52	0	0	0.43
139500	0.43	0.52	0.52	0	0	0.43
139600	0.43	0.52	0.52	0	0	0.43
139700	0.43	0.52	0.52	0	0	0.43
139800	0.43	0.52	0.52	0	0	0.43
139900	0.44	0.52	0.52	0	0	0.44
140000	0.44	0.52	0.52	0	0	0.44
140100	0.44	0.52	0.52	0	0	0.44
140200	0.44	0.52	0.52	0	0	0.44
140300	0.45	0.52	0.52	0	0	0.45
140400	0.45	0.52	0.52	0	0	0.45
140500	0.45	0.52	0.52	0	0	0.45
140600	0.45	0.51	0.51	0	0	0.45
140700	0.45	0.51	0.51	0	0	0.45
140800	0.45	0.51	0.51	0	0	0.45
140900	0.45	0.51	0.51	0	0	0.45
141000	0.45	0.51	0.51	0	0	0.45
141100	0.45	0.51	0.51	0	0	0.45
141200	0.45	0.51	0.51	0	0	0.45
141300	0.45	0.51	0.51	0	0	0.45
141400	0.45	0.51	0.51	0	0	0.45
141500	0.45	0.51	0.51	0	0	0.45
141600	0.45	0.51	0.51	0	0	0.45
141700	0.45	0.51	0.51	0	0	0.45
141800	0.46	0.51	0.51	0	0	0.46
141900	0.46	0.52	0.52	0	0	0.46
142000	0.46	0.51	0.51	0	0	0.46
142100	0.46	0.51	0.51	0	0	0.46
142200	0.46	0.51	0.51	0	0	0.46
142300	0.46	0.51	0.51	0	0	0.46
142400	0.46	0.51	0.51	0	0	0.46
142500	0.46	0.51	0.51	0	0	0.46
142600	0.46	0.51	0.51	0	0	0.46
142700	0.46	0.51	0.51	0	0	0.46
142800	0.46	0.51	0.51	0	0	0.46
142900	0.46	0.51	0.51	0	0	0.46
143000	0.46	0.51	0.51	0	0	0.46
143100	0.46	0.51	0.51	0	0	0.46
143200	0.46	0.51	0.51	0	0	0.46
143300	0.46	0.51	0.51	0	0	0.46
143400	0.45	0.51	0.51	0	0	0.45
143500	0.45	0.51	0.51	0	0	0.45
143600	0.45	0.51	0.51	0	0	0.45
143700	0.45	0.51	0.51	0	0	0.45
143800	0.45	0.51	0.51	0	0	0.45
143900	0.45	0.51	0.51	0	0	0.45
144000	0.45	0.51	0.51	0	0	0.45
144100	0.46	0.51	0.51	0	0	0.46
144200	0.46	0.51	0.51	0	0	0.46
144300	0.45	0.51	0.51	0	0	0.45
144400	0.45	0.51	0.51	0	0	0.45
144500	0.45	0.51	0.51	0	0	0.45
144600	0.45	0.51	0.51	0	0	0.45
144700	0.45	0.51	0.51	0	0	0.45
144800	0.45	0.51	0.51	0	0	0.45
144900	0.45	0.51	0.51	0	0	0.45
145000	0.45	0.51	0.51	0	0	0.45
145100	0.45	0.51	0.51	0	0	0.45
145200	0.45	0.51	0.51	0	0	0.45
145300	0.45	0.51	0.51	0	0	0.45
145400	0.45	0.51	0.51	0	0	0.45
145500	0.45	0.51	0.51	0	0	0.45
145600	0.46	0.51	0.51	0	0	0.46
145700	0.46	0.51	0.51	0	0	0.46
145800	0.46	0.51	0.51	0	0	0.46
145900	0.46	0.51	0.51	0	0	0.46
146000	0.46	0.51	0.51	0	0	0.46
146100	0.46	0.51	0.51	0	0	0.46
146200	0.46	0.51	0.51	0	0	0.46
146300	0.46	0.51	0.51	0	0	0.46
146400	0.46	0.51	0.51	0	0	0.46
146500	0.46	0.51	0.51	0	0	0.46
146600	0.46	0.51	0.51	0	0	0.46
146700	0.46	0.51	0.51	0	0	0.46
146800	0.46	0.51	0.51	0	0	0.46
146900	0.46	0.51	0.51	0	0	0.46
147000	0.46	0.51	0.51	0	0	0.46
147100	0.46	0.51	0.51	0	0	0.46
147200	0.46	0.51	0.51	0	0	0.46
147300	0.46	0.51	0.51	0	0	0.46
147400	0.46	0.51	0.51	0	0	0.46
147500	0.46	0.51	0.51	0	0	0.46
147600	0.46	0.51	0.51	0	0	0.46
147700	0.46	0.51	0.51	0	0	0.46
147800	0.46	0.51	0.51	0	0	0.46
147900	0.46	0.51	0.51	0	0	0.46
148000	0.46	0.51	0.51	0	0	0.46
148100	0.46	0.52	0.52	0	0	0.46
148200	0.46	0.52	0.52	0	0	0.46
148300	0.46	0.52	0.52	0	0	0.46
148400	0.46	0.52	0.52	0	0	0.46
148500	0.46	0.52	0.52	0	0	0.46
148600	0.46	0.52	0.52	0	0	0.46
148700	0.46	0.52	0.52	0	0	0.46
148800	0.46	0.52	0.52	0	0	0.46
148900	0.46	0.52	0.52	0	0	0.46
149000	0.46	0.52	0.52	0	0	0.46
149100	0.46	0.52	0.52	0	0	0.46
149200	0.46	0.52	0.52	0	0	0.46
149300	0.46	0.52	0.52	0	0	0.46
149400	0.46	0.52	0.52	0	0	0.46
149500	0.46	0.52	0.52	0	0	0.46
149600	0.46	0.52	0.52	0	0	0.46
149700	0.46	0.52	0.52	0	0	0.46
149800	0.46	0.52	0.52	0	0	0.46
149900	0.46	0.52	0.52	0	0	0.46
150000	0.46	0.52	0.52	0	0	0.46
150100	0.46	0.52	0.52	0	0	0.46
150200	0.46	0.52	0.52	0	0	0.46
150300	0.46	0.52	0.52	0	0	0.46
150400	0.46	0.52	0.52	0	0	0.46
150500	0.46	0.52	0.52	0	0	0.46
150600	0.46	0.52	0.52	0	0	0.46
150700	0.46	0.52	0.52	0	0	0.46
150800	0.46	0.52	0.52	0	0	0.46
150900	0.46	0.52	0.52	0	0	0.46
151000	0.46	0.52	0.52	0	0	0.46
151100	0.46	0.52	0.52	0	0	0.46
151200	0.46	0.52	0.52	0	0	0.46
151300	0.46	0.52	0.52	0	0	0.46
151400	0.46	0.52	0.52	0	0	0.46
151500	0.46	0.52	0.52	0	0	0.46
151600	0.46	0.52	0.52	0	0	0.46
151700	0.46	0.52	0.52	0	0	0.46
151800	0.46	0.52	0.52	0	0	0.46
151900	0.46	0.52	0.52	0	0	0.46
152000	0.46	0.52	0.52	0	0	0.46
152100	0.46	0.52	0.52	0	0	0.46
152200	0.46	0.52	0.52	0	0	0.46
152300	0.46	0.52	0.52	0	0	0.46
152400	0.46	0.52	0.52	0	0	0.46
152500	0.46	0.52	0.52	0	0	0.46
152600	0.46	0.52	0.52	0	0	0.46
152700	0.46	0.52	0.52	0	0	0.46
152800	0.46	0.52	0.52	0	0	0.46
152900	0.46	0.52	0.52	0	0	0.46
153000	0.46	0.52	0.52	0	0	0.46
153100	0.46	0.52	0.52	0	0	0.46
153200	0.46	0.52	0.52	0	0	0.46
153300	0.46	0.52	0.52	0	0	0.46
153400	0.46	0.52	0.52	0	0	0.46
153500	0.46	0.52	0.52	0	0	0.46
153600	0.46	0.52	0.52	0	0	0.46
153700	0.46	0.52	0.52	0	0	0.46
153800	0.46	0.52	0.52	0	0	0.46
153900	0.46	0.52	0.52	0	0	0.46
154000	0.46	0.52	0.52	0	0	0.46
154100	0.46	0.52	0.52	0	0	0.46
154200	0.46	0.52	0.52	0	0	0.46
154300	0.46	0.52	0.52	0	0	0.46
154400	0.46	0.52	0.52	0	0	0.46
154500	0.46	0.52	0.52	0	0	0.46
154600	0.46	0.52	0.52	0	0	0.46
154700	0.46	0.52	0.52	0	0	0.46
154800	0.46	0.52	0.52	0	0	0.46
154900	0.46	0.52	0.52	0	0	0.46
155000	0.46	0.52	0.52	0	0	0.46
155100	0.46	0.52	0.52	0	0	0.46
155200	0.46	0.52	0.52	0	0	0.46
155300	0.46	0.52	0.52	0	0	0.46
155400	0.46	0.52	0.52	0	0	0.46
155500	0.46	0.52	0.52	0	0	0.46
155600	0.46	0.53	0.53	0	0	0.46
155700	0.46	0.53	0.53	0	0	0.46
155800	0.46	0.53	0.53	0	0	0.46
155900	0.46	0.52	0.52	0	0	0.46
156000	0.46	0.52	0.52	0	0	0.46
156100	0.46	0.52	0.52	0	0	0.46
156200	0.46	0.52	0.52	0	0	0.46
156300	0.46	0.52	0.52	0	0	0.46
156400	0.46	0.52	0.52	0	0	0.46
156500	0.46	0.52	0.52	0	0	0.46
156600	0.46	0.52	0.52	0	0	0.46
156700	0.46	0.52	0.52	0	0	0.46
156800	0.46	0.52	0.52	0	0	0.46
156900	0.46	0.52	0.52	0	0	0.46
157000	0.46	0.52	0.52	0	0	0.46
157100	0.46	0.52	0.52	0	0	0.46
157200	0.46	0.52	0.52	0	0	0.46
157300	0.46	0.52	0.52	0	0	0.46
157400	0.46	0.52	0.52	0	0	0.46
157500	0.46	0.52	0.52	0	0	0.46
157600	0.46	0.52	0.52	0	0	0.46
157700	0.46	0.52	0.52	0	0	0.46
157800	0.46	0.52	0.52	0	0	0.46
157900	0.46	0.52	0.52	0	0	0.46
158000	0.46	0.52	0.52	0	0	0.46
158100	0.46	0.52	0.52	0	0	0.46
158200	0.46	0.52	0.52	0	0	0.46
158300	0.46	0.52	0.52	0	0	0.46
158400	0.46	0.52	0.52	0	0	0.46
158500	0.46	0.52	0.52	0	0	0.46
158600	0.46	0.52	0.52	0	0	0.46
158700	0.46	0.52	0.52	0	0	0.46
158800	0.46	0.52	0.52	0	0	0.46
158900	0.46	0.52	0.52	0	0	0.46
159000	0.46	0.52	0.52	0	0	0.46
159100	0.46	0.52	0.52	0	0	0.46
159200	0.46	0.52	0.52	0	0	0.46
159300	0.46	0.52	0.52	0	0	0.46
159400	0.46	0.52	0.52	0	0	0.46
159500	0.46	0.52	0.52	0	0	0.46
159600	0.46	0.52	0.52	0	0	0.46
159700	0.46	0.52	0.52	0	0	0.46
159800	0.46	0.52	0.52	0	0	0.46
159900	0.46	0.52	0.52	0	0	0.46
160000	0.46	0.51	0.51	0	0	0.46
160100	0.46	0.52	0.52	0	0	0.46
160200	0.46	0.52	0.52	0	0	0.46
160300	0.46	0.51	0.51	0	0	0.46
160400	0.46	0.51	0.51	0	0	0.46
160500	0.46	0.51	0.51	0	0	0.46
160600	0.46	0.5	0.5	0	0	0.46
160700	0.46	0.5	0.5	0	0	0.46
160800	0.46	0.5	0.5	0	0	0.46
160900	0.46	0.5	0.5	0	0	0.46
161000	0.46	0.5	0.5	0	0	0.46
161100	0.46	0.5	0.5	0	0	0.46
161200	0.46	0.5	0.5	0	0	0.46
161300	0.46	0.5	0.5	0	0	0.46
161400	0.46	0.5	0.5	0	0	0.46
161500	0.46	0.5	0.5	0	0	0.46
161600	0.46	0.5	0.5	0	0	0.46
161700	0.46	0.5	0.5	0	0	0.46
161800	0.46	0.5	0.5	0	0	0.46
161900	0.46	0.5	0.5	0	0	0.46
162000	0.46	0.5	0.5	0	0	0.46
162100	0.46	0.5	0.5	0	0	0.46
162200	0.46	0.51	0.51	0	0	0.46
162300	0.46	0.51	0.51	0	0	0.46
162400	0.46	0.51	0.51	0	0	0.46
162500	0.46	0.51	0.51	0	0	0.46
162600	0.46	0.51	0.51	0	0	0.46
162700	0.46	0.51	0.51	0	0	0.46
162800	0.46	0.51	0.51	0	0	0.46
162900	0.46	0.51	0.51	0	0	0.46
163000	0.46	0.51	0.51	0	0	0.46
163100	0.46	0.51	0.51	0	0	0.46
163200	0.46	0.51	0.51	0	0	0.46
163300	0.46	0.51	0.51	0	0	0.46
163400	0.46	0.51	0.51	0	0	0.46
163500	0.46	0.51	0.51	0	0	0.46
163600	0.46	0.51	0.51	0	0	0.46
163700	0.46	0.51	0.51	0	0	0.46
163800	0.46	0.51	0.51	0	0	0.46
163900	0.46	0.51	0.51	0	0	0.46
164000	0.46	0.51	0.51	0	0	0.46
164100	0.46	0.51	0.51	0	0	0.46
164200	0.46	0.51	0.51	0	0	0.46
164300	0.46	0.51	0.51	0	0	0.46
164400	0.46	0.51	0.51	0	0	0.46
164500	0.46	0.51	0.51	0	0	0.46
164600	0.46	0.51	0.51	0	0	0.46
164700	0.46	0.51	0.51	0	0	0.46
164800	0.46	0.51	0.51	0	0	0.46
164900	0.46	0.51	0.51	0	0	0.46
165000	0.46	0.51	0.51	0	0	0.46
165100	0.46	0.51	0.51	0	0	0.46
165200	0.46	0.51	0.51	0	0	0.46
165300	0.46	0.51	0.51	0	0	0.46
165400	0.46	0.51	0.51	0	0	0.46
165500	0.46	0.51	0.51	0	0	0.46
165600	0.46	0.51	0.51	0	0	0.46
165700	0.46	0.51	0.51	0	0	0.46
165800	0.46	0.51	0.51	0	0	0.46
165900	0.46	0.51	0.51	0	0	0.46
166000	0.46	0.51	0.51	0	0	0.46
166100	0.46	0.51	0.51	0	0	0.46
166200	0.46	0.51	0.51	0	0	0.46
166300	0.46	0.51	0.51	0	0	0.46
166400	0.46	0.51	0.51	0	0	0.46
166500	0.46	0.51	0.51	0	0	0.46
166600	0.46	0.51	0.51	0	0	0.46
166700	0.46	0.51	0.51	0	0	0.46
166800	0.46	0.51	0.51	0	0	0.46
166900	0.46	0.51	0.51	0	0	0.46
167000	0.46	0.51	0.51	0	0	0.46
167100	0.46	0.51	0.51	0	0	0.46
167200	0.46	0.51	0.51	0	0	0.46
167300	0.46	0.51	0.51	0	0	0.46
167400	0.46	0.51	0.51	0	0	0.46
167500	0.46	0.51	0.51	0	0	0.46
167600	0.46	0.51	0.51	0	0	0.46
167700	0.46	0.51	0.51	0	0	0.46
167800	0.46	0.51	0.51	0	0	0.46
167900	0.46	0.51	0.51	0	0	0.46
168000	0.46	0.51	0.51	0	0	0.46
168100	0.46	0.51	0.51	0	0	0.46
168200	0.46	0.51	0.51	0	0	0.46
168300	0.46	0.51	0.51	0	0	0.46
168400	0.46	0.51	0.51	0	0	0.46
168500	0.46	0.51	0.51	0	0	0.46
168600	0.46	0.51	0.51	0	0	0.46
168700	0.46	0.51	0.51	0	0	0.46
168800	0.46	0.51	0.51	0	0	0.46
168900	0.46	0.51	0.51	0	0	0.46
169000	0.46	0.51	0.51	0	0	0.46
169100	0.46	0.51	0.51	0	0	0.46
169200	0.46	0.51	0.51	0	0	0.46
169300	0.46	0.51	0.51	0	0	0.46
169400	0.46	0.51	0.51	0	0	0.46
169500	0.46	0.51	0.51	0	0	0.46
169600	0.46	0.51	0.51	0	0	0.46
169700	0.46	0.51	0.51	0	0	0.46
169800	0.46	0.51	0.51	0	0	0.46
169900	0.46	0.51	0.51	0	0	0.46
170000	0.46	0.51	0.51	0	0	0.46
170100	0.46	0.51	0.51	0	0	0.46
170200	0.46	0.51	0.51	0	0	0.46
170300	0.46	0.51	0.51	0	0	0.46
170400	0.46	0.51	0.51	0	0	0.46
170500	0.46	0.51	0.51	0	0	0.46
170600	0.46	0.51	0.51	0	0	0.46
170700	0.46	0.51	0.51	0	0	0.46
170800	0.46	0.51	0.51	0	0	0.46
170900	0.46	0.51	0.51	0	0	0.46
171000	0.46	0.51	0.51	0	0	0.46
171100	0.46	0.51	0.51	0	0	0.46
171200	0.46	0.51	0.51	0	0	0.46
171300	0.46	0.51	0.51	0	0	0.46
171400	0.46	0.51	0.51	0	0	0.46
171500	0.46	0.51	0.51	0	0	0.46
171600	0.46	0.51	0.51	0	0	0.46
171700	0.46	0.51	0.51	0	0	0.46
171800	0.46	0.51	0.51	0	0	0.46
171900	0.46	0.51	0.51	0	0	0.46
172000	0.46	0.51	0.51	0	0	0.46
172100	0.46	0.52	0.52	0	0	0.46
172200	0.46	0.52	0.52	0	0	0.46
172300	0.46	0.52	0.52	0	0	0.46
172400	0.46	0.52	0.52	0	0	0.46
172500	0.46	0.52	0.52	0	0	0.46
172600	0.46	0.52	0.52	0	0	0.46
172700	0.46	0.53	0.53	0	0	0.46
172800	0.46	0.52	0.52	0	0	0.46
172900	0.46	0.52	0.52	0	0	0.46
173000	0.46	0.52	0.52	0	0	0.46
173100	0.46	0.52	0.52	0	0	0.46
173200	0.46	0.52	0.52	0	0	0.46
173300	0.46	0.52	0.52	0	0	0.46
173400	0.46	0.52	0.52	0	0	0.46
173500	0.46	0.52	0.52	0	0	0.46
173600	0.46	0.52	0.52	0	0	0.46
173700	0.46	0.52	0.52	0	0	0.46
173800	0.46	0.52	0.52	0	0	0.46
173900	0.46	0.53	0.53	0	0	0.46
174000	0.46	0.53	0.53	0	0	0.46
174100	0.46	0.52	0.52	0	0	0.46
174200	0.46	0.52	0.52	0	0	0.46
174300	0.46	0.52	0.52	0	0	0.46
174400	0.46	0.52	0.52	0	0	0.46
174500	0.46	0.52	0.52	0	0	0.46
174600	0.46	0.52	0.52	0	0	0.46
174700	0.46	0.52	0.52	0	0	0.46
174800	0.46	0.52	0.52	0	0	0.46
174900	0.46	0.52	0.52	0	0	0.46
175000	0.46	0.52	0.52	0	0	0.46
175100	0.46	0.52	0.52	0	0	0.46
175200	0.46	0.52	0.52	0	0	0.46
175300	0.46	0.52	0.52	0	0	0.46
175400	0.46	0.52	0.52	0	0	0.46
175500	0.46	0.52	0.52	0	0	0.46
175600	0.46	0.52	0.52	0	0	0.46
175700	0.46	0.52	0.52	0	0	0.46
175800	0.46	0.52	0.52	0	0	0.46
175900	0.46	0.52	0.52	0	0	0.46
176000	0.46	0.52	0.52	0	0	0.46
176100	0.46	0.52	0.52	0	0	0.46
176200	0.46	0.52	0.52	0	0	0.46
176300	0.46	0.52	0.52	0	0	0.46
176400	0.46	0.52	0.52	0	0	0.46
176500	0.46	0.52	0.52	0	0	0.46
176600	0.46	0.52	0.52	0	0	0.46
176700	0.46	0.52	0.52	0	0	0.46
176800	0.46	0.52	0.52	0	0	0.46
176900	0.46	0.52	0.52	0	0	0.46
177000	0.46	0.52	0.52	0	0	0.46
177100	0.46	0.52	0.52	0	0	0.46
177200	0.46	0.52	0.52	0	0	0.46
177300	0.46	0.52	0.52	0	0	0.46
177400	0.46	0.52	0.52	0	0	0.46
177500	0.46	0.52	0.52	0	0	0.46
177600	0.46	0.52	0.52	0	0	0.46
177700	0.46	0.52	0.52	0	0	0.46
177800	0.46	0.52	0.52	0	0	0.46
177900	0.46	0.52	0.52	0	0	0.46
178000	0.46	0.52	0.52	0	0	0.46
178100	0.46	0.52	0.52	0	0	0.46
178200	0.46	0.52	0.52	0	0	0.46
178300	0.46	0.52	0.52	0	0	0.46
178400	0.46	0.52	0.52	0	0	0.46
178500	0.46	0.52	0.52	0	0	0.46
178600	0.46	0.52	0.52	0	0	0.46
178700	0.46	0.52	0.52	0	0	0.46
178800	0.46	0.52	0.52	0	0	0.46
178900	0.46	0.52	0.52	0	0	0.46
179000	0.46	0.52	0.52	0	0	0.46
179100	0.46	0.52	0.52	0	0	0.46
179200	0.46	0.52	0.52	0	0	0.46
179300	0.46	0.52	0.52	0	0	0.46
179400	0.46	0.52	0.52	0	0	0.46
179500	0.46	0.52	0.52	0	0	0.46
179600	0.46	0.52	0.52	0	0	0.46
179700	0.46	0.52	0.52	0	0	0.46
179800	0.46	0.52	0.52	0	0	0.46
179900	0.46	0.52	0.52	0	0	0.46
180000	0.46	0.52	0.52	0	0	0.46
180100	0.46	0.52	0.52	0	0	0.46
180200	0.46	0.52	0.52	0	0	0.46
180300	0.46	0.52	0.52	0	0	0.46
180400	0.46	0.52	0.52	0	0	0.46
180500	0.46	0.51	0.51	0	0	0.46
180600	0.46	0.51	0.51	0	0	0.46
180700	0.46	0.51	0.51	0	0	0.46
180800	0.46	0.51	0.51	0	0	0.46
180900	0.46	0.51	0.51	0	0	0.46
181000	0.46	0.51	0.51	0	0	0.46
181100	0.46	0.51	0.51	0	0	0.46
181200	0.46	0.51	0.51	0	0	0.46
181300	0.46	0.51	0.51	0	0	0.46
181400	0.46	0.51	0.51	0	0	0.46
181500	0.46	0.51	0.51	0	0	0.46
181600	0.46	0.51	0.51	0	0	0.46
181700	0.46	0.51	0.51	0	0	0.46
181800	0.46	0.51	0.51	0	0	0.46
181900	0.46	0.51	0.51	0	0	0.46
182000	0.46	0.51	0.51	0	0	0.46
182100	0.46	0.51	0.51	0	0	0.46
182200	0.46	0.51	0.51	0	0	0.46
182300	0.46	0.51	0.51	0	0	0.46
182400	0.46	0.51	0.51	0	0	0.46
182500	0.46	0.51	0.51	0	0	0.46
182600	0.46	0.51	0.51	0	0	0.46
182700	0.46	0.51	0.51	0	0	0.46
182800	0.46	0.51	0.51	0	0	0.46
182900	0.46	0.51	0.51	0	0	0.46
183000	0.46	0.51	0.51	0	0	0.46
183100	0.46	0.51	0.51	0	0	0.46
183200	0.46	0.51	0.51	0	0	0.46
183300	0.46	0.51	0.51	0	0	0.46
183400	0.46	0.5	0.5	0	0	0.46
183500	0.46	0.5	0.5	0	0	0.46
183600	0.46	0.51	0.51	0	0	0.46
183700	0.46	0.51	0.51	0	0	0.46
183800	0.46	0.51	0.51	0	0	0.46
183900	0.46	0.51	0.51	0	0	0.46
184000	0.46	0.51	0.51	0	0	0.46
184100	0.46	0.51	0.51	0	0	0.46
184200	0.46	0.51	0.51	0	0	0.46
184300	0.46	0.52	0.52	0	0	0.46
184400	0.46	0.52	0.52	0	0	0.46
184500	0.46	0.52	0.52	0	0	0.46
184600	0.46	0.52	0.52	0	0	0.46
184700	0.46	0.52	0.52	0	0	0.46
184800	0.46	0.51	0.51	0	0	0.46
184900	0.46	0.51	0.51	0	0	0.46
185000	0.46	0.51	0.51	0	0	0.46
185100	0.46	0.51	0.51	0	0	0.46
185200	0.46	0.51	0.51	0	0	0.46
185300	0.46	0.51	0.51	0	0	0.46
185400	0.46	0.51	0.51	0	0	0.46
185500	0.46	0.51	0.51	0	0	0.46
185600	0.46	0.51	0.51	0	0	0.46
185700	0.46	0.51	0.51	0	0	0.46
185800	0.46	0.51	0.51	0	0	0.46
185900	0.46	0.51	0.51	0	0	0.46
186000	0.46	0.51	0.51	0	0	0.46
186100	0.46	0.51	0.51	0	0	0.46
186200	0.46	0.51	0.51	0	0	0.46
186300	0.46	0.51	0.51	0	0	0.46
186400	0.46	0.51	0.51	0	0	0.46
186500	0.46	0.51	0.51	0	0	0.46
186600	0.46	0.51	0.51	0	0	0.46
186700	0.46	0.5	0.5	0	0	0.46
186800	0.46	0.5	0.5	0	0	0.46
186900	0.46	0.5	0.5	0	0	0.46
187000	0.46	0.5	0.5	0	0	0.46
187100	0.46	0.5	0.5	0	0	0.46
187200	0.46	0.5	0.5	0	0	0.46
187300	0.46	0.51	0.51	0	0	0.46
187400	0.46	0.51	0.51	0	0	0.46
187500	0.46	0.51	0.51	0	0	0.46
187600	0.46	0.51	0.51	0	0	0.46
187700	0.46	0.51	0.51	0	0	0.46
187800	0.46	0.51	0.51	0	0	0.46
187900	0.46	0.51	0.51	0	0	0.46
188000	0.46	0.51	0.51	0	0	0.46
188100	0.46	0.51	0.51	0	0	0.46
188200	0.46	0.51	0.51	0	0	0.46
188300	0.46	0.51	0.51	0	0	0.46
188400	0.46	0.51	0.51	0	0	0.46
188500	0.46	0.51	0.51	0	0	0.46
188600	0.46	0.51	0.51	0	0	0.46
188700	0.46	0.51	0.51	0	0	0.46
188800	0.46	0.51	0.51	0	0	0.46
188900	0.46	0.51	0.51	0	0	0.46
189000	0.46	0.51	0.51	0	0	0.46
189100	0.46	0.51	0.51	0	0	0.46
189200	0.46	0.51	0.51	0	0	0.46
189300	0.46	0.51	0.51	0	0	0.46
189400	0.46	0.51	0.51	0	0	0.46
189500	0.46	0.51	0.51	0	0	0.46
189600	0.46	0.51	0.51	0	0	0.46
189700	0.46	0.51	0.51	0	0	0.46
189800	0.46	0.51	0.51	0	0	0.46
189900	0.46	0.52	0.52	0	0	0.46
190000	0.46	0.52	0.52	0	0	0.46
190100	0.46	0.52	0.52	0	0	0.46
190200	0.46	0.52	0.52	0	0	0.46
190300	0.46	0.52	0.52	0	0	0.46
190400	0.46	0.52	0.52	0	0	0.46
190500	0.46	0.52	0.52	0	0	0.46
190600	0.46	0.52	0.52	0	0	0.46
190700	0.46	0.52	0.52	0	0	0.46
190800	0.46	0.52	0.52	0	0	0.46
190900	0.46	0.52	0.52	0	0	0.46
191000	0.46	0.52	0.52	0	0	0.46
191100	0.46	0.52	0.52	0	0	0.46
191200	0.45	0.52	0.52	0	0	0.45
191300	0.45	0.52	0.52	0	0	0.45
191400	0.45	0.52	0.52	0	0	0.45
191500	0.45	0.52	0.52	0	0	0.45
191600	0.45	0.52	0.52	0	0	0.45
191700	0.45	0.52	0.52	0	0	0.45
191800	0.45	0.52	0.52	0	0	0.45
191900	0.45	0.52	0.52	0	0	0.45
192000	0.45	0.52	0.52	0	0	0.45
192100	0.45	0.52	0.52	0	0	0.45
192200	0.45	0.52	0.52	0	0	0.45
192300	0.45	0.52	0.52	0	0	0.45
192400	0.45	0.52	0.52	0	0	0.45
192500	0.45	0.52	0.52	0	0	0.45
192600	0.45	0.52	0.52	0	0	0.45
192700	0.45	0.53	0.53	0	0	0.45
192800	0.45	0.53	0.53	0	0	0.45
192900	0.45	0.53	0.53	0	0	0.45
193000	0.45	0.53	0.53	0	0	0.45
193100	0.45	0.53	0.53	0	0	0.45
193200	0.45	0.53	0.53	0	0	0.45
193300	0.45	0.53	0.53	0	0	0.45
193400	0.45	0.53	0.53	0	0	0.45
193500	0.45	0.53	0.53	0	0	0.45
193600	0.45	0.53	0.53	0	0	0.45
193700	0.45	0.53	0.53	0	0	0.45
193800	0.45	0.53	0.53	0	0	0.45
193900	0.45	0.53	0.53	0	0	0.45
194000	0.45	0.53	0.53	0	0	0.45
194100	0.45	0.53	0.53	0	0	0.45
194200	0.45	0.53	0.53	0	0	0.45
194300	0.45	0.53	0.53	0	0	0.45
194400	0.45	0.53	0.53	0	0	0.45
194500	0.45	0.53	0.53	0	0	0.45
194600	0.45	0.53	0.53	0	0	0.45
194700	0.45	0.53	0.53	0	0	0.45
194800	0.45	0.53	0.53	0	0	0.45
194900	0.45	0.53	0.53	0	0	0.45
195000	0.45	0.53	0.53	0	0	0.45
195100	0.45	0.53	0.53	0	0	0.45
195200	0.45	0.53	0.53	0	0	0.45
195300	0.45	0.53	0.53	0	0	0.45
195400	0.45	0.53	0.53	0	0	0.45
195500	0.45	0.53	0.53	0	0	0.45
195600	0.45	0.53	0.53	0	0	0.45
195700	0.45	0.53	0.53	0	0	0.45
195800	0.45	0.53	0.53	0	0	0.45
195900	0.45	0.53	0.53	0	0	0.45
196000	0.45	0.53	0.53	0	0	0.45
196100	0.45	0.53	0.53	0	0	0.45
196200	0.45	0.53	0.53	0	0	0.45
196300	0.45	0.53	0.53	0	0	0.45
196400	0.45	0.53	0.53	0	0	0.45
196500	0.45	0.53	0.53	0	0	0.45
196600	0.45	0.53	0.53	0	0	0.45
196700	0.45	0.53	0.53	0	0	0.45
196800	0.45	0.53	0.53	0	0	0.45
196900	0.45	0.53	0.53	0	0	0.45
197000	0.45	0.53	0.53	0	0	0.45
197100	0.45	0.53	0.53	0	0	0.45
197200	0.45	0.53	0.53	0	0	0.45
197300	0.45	0.53	0.53	0	0	0.45
197400	0.45	0.53	0.53	0	0	0.45
197500	0.46	0.53	0.53	0	0	0.46
197600	0.46	0.53	0.53	0	0	0.46
197700	0.45	0.53	0.53	0	0	0.45
197800	0.45	0.53	0.53	0	0	0.45
197900	0.45	0.53	0.53	0	0	0.45
198000	0.45	0.53	0.53	0	0	0.45
198100	0.45	0.53	0.53	0	0	0.45
198200	0.45	0.53	0.53	0	0	0.45
198300	0.45	0.53	0.53	0	0	0.45
198400	0.45	0.53	0.53	0	0	0.45
198500	0.45	0.53	0.53	0	0	0.45
198600	0.45	0.53	0.53	0	0	0.45
198700	0.45	0.53	0.53	0	0	0.45
198800	0.45	0.53	0.53	0	0	0.45
198900	0.45	0.53	0.53	0	0	0.45
199000	0.45	0.53	0.53	0	0	0.45
199100	0.46	0.53	0.53	0	0	0.46
199200	0.46	0.53	0.53	0	0	0.46
199300	0.45	0.53	0.53	0	0	0.45
199400	0.45	0.53	0.53	0	0	0.45
199500	0.45	0.53	0.53	0	0	0.45
199600	0.45	0.53	0.53	0	0	0.45
199700	0.45	0.53	0.53	0	0	0.45
199800	0.45	0.53	0.53	0	0	0.45
199900	0.45	0.53	0.53	0	0	0.45
200000	0.45	0.53	0.53	0	0	0.45
200100	0.45	0.53	0.53	0	0	0.45
200200	0.45	0.53	0.53	0	0	0.45
200300	0.45	0.53	0.53	0	0	0.45
200400	0.45	0.53	0.53	0	0	0.45
200500	0.45	0.53	0.53	0	0	0.45
200600	0.45	0.53	0.53	0	0	0.45
200700	0.45	0.53	0.53	0	0	0.45
200800	0.45	0.53	0.53	0	0	0.45
200900	0.45	0.53	0.53	0	0	0.45
201000	0.45	0.53	0.53	0	0	0.45
201100	0.45	0.53	0.53	0	0	0.45
201200	0.45	0.53	0.53	0	0	0.45
201300	0.45	0.53	0.53	0	0	0.45
201400	0.45	0.53	0.53	0	0	0.45
201500	0.45	0.53	0.53	0	0	0.45
201600	0.45	0.53	0.53	0	0	0.45
201700	0.45	0.53	0.53	0	0	0.45
201800	0.45	0.53	0.53	0	0	0.45
201900	0.45	0.53	0.53	0	0	0.45
202000	0.45	0.53	0.53	0	0	0.45
202100	0.45	0.53	0.53	0	0	0.45
202200	0.45	0.53	0.53	0	0	0.45
202300	0.45	0.53	0.53	0	0	0.45
202400	0.45	0.53	0.53	0	0	0.45
202500	0.45	0.53	0.53	0	0	0.45
202600	0.46	0.53	0.53	0	0	0.46
202700	0.46	0.53	0.53	0	0	0.46
202800	0.46	0.53	0.53	0	0	0.46
202900	0.46	0.53	0.53	0	0	0.46
203000	0.46	0.53	0.53	0	0	0.46
203100	0.46	0.53	0.53	0	0	0.46
203200	0.46	0.53	0.53	0	0	0.46
203300	0.46	0.53	0.53	0	0	0.46
203400	0.46	0.53	0.53	0	0	0.46
203500	0.46	0.53	0.53	0	0	0.46
203600	0.46	0.53	0.53	0	0	0.46
203700	0.46	0.53	0.53	0	0	0.46
203800	0.46	0.53	0.53	0	0	0.46
203900	0.46	0.53	0.53	0	0	0.46
204000	0.46	0.53	0.53	0	0	0.46
204100	0.46	0.53	0.53	0	0	0.46
204200	0.46	0.53	0.53	0	0	0.46
204300	0.46	0.53	0.53	0	0	0.46
204400	0.46	0.53	0.53	0	0	0.46
204500	0.46	0.53	0.53	0	0	0.46
204600	0.46	0.53	0.53	0	0	0.46
204700	0.46	0.53	0.53	0	0	0.46
204800	0.46	0.53	0.53	0	0	0.46
204900	0.46	0.53	0.53	0	0	0.46
205000	0.46	0.53	0.53	0	0	0.46
205100	0.46	0.53	0.53	0	0	0.46
205200	0.46	0.53	0.53	0	0	0.46
205300	0.46	0.53	0.53	0	0	0.46
205400	0.46	0.53	0.53	0	0	0.46
205500	0.46	0.53	0.53	0	0	0.46
205600	0.46	0.53	0.53	0	0	0.46
205700	0.46	0.53	0.53	0	0	0.46
205800	0.46	0.53	0.53	0	0	0.46
205900	0.46	0.53	0.53	0	0	0.46
206000	0.46	0.53	0.53	0	0	0.46
206100	0.46	0.53	0.53	0	0	0.46
206200	0.46	0.53	0.53	0	0	0.46
206300	0.46	0.53	0.53	0	0	0.46
206400	0.46	0.53	0.53	0	0	0.46
206500	0.46	0.53	0.53	0	0	0.46
206600	0.46	0.53	0.53	0	0	0.46
206700	0.46	0.53	0.53	0	0	0.46
206800	0.46	0.53	0.53	0	0	0.46
206900	0.46	0.52	0.52	0	0	0.46
207000	0.46	0.52	0.52	0	0	0.46
207100	0.46	0.52	0.52	0	0	0.46
207200	0.46	0.52	0.52	0	0	0.46
207300	0.46	0.52	0.52	0	0	0.46
207400	0.46	0.52	0.52	0	0	0.46
207500	0.46	0.52	0.52	0	0	0.46
207600	0.46	0.52	0.52	0	0	0.46
207700	0.46	0.52	0.52	0	0	0.46
207800	0.46	0.52	0.52	0	0	0.46
207900	0.46	0.52	0.52	0	0	0.46
208000	0.46	0.52	0.52	0	0	0.46
208100	0.46	0.52	0.52	0	0	0.46
208200	0.46	0.52	0.52	0	0	0.46
208300	0.46	0.52	0.52	0	0	0.46
208400	0.46	0.52	0.52	0	0	0.46
208500	0.46	0.52	0.52	0	0	0.46
208600	0.46	0.52	0.52	0	0	0.46
208700	0.46	0.52	0.52	0	0	0.46
208800	0.46	0.52	0.52	0	0	0.46
208900	0.46	0.52	0.52	0	0	0.46
209000	0.46	0.52	0.52	0	0	0.46
209100	0.46	0.52	0.52	0	0	0.46
209200	0.46	0.52	0.52	0	0	0.46
209300	0.46	0.52	0.52	0	0	0.46
209400	0.46	0.52	0.52	0	0	0.46
209500	0.46	0.52	0.52	0	0	0.46
209600	0.46	0.52	0.52	0	0	0.46
209700	0.46	0.52	0.52	0	0	0.46
209800	0.46	0.52	0.52	0	0	0.46
209900	0.46	0.52	0.52	0	0	0.46
210000	0.46	0.52	0.52	0	0	0.46
210100	0.46	0.52	0.52	0	0	0.46
210200	0.46	0.52	0.52	0	0	0.46
210300	0.46	0.52	0.52	0	0	0.46
210400	0.46	0.52	0.52	0	0	0.46
210500	0.46	0.52	0.52	0	0	0.46
210600	0.46	0.51	0.51	0	0	0.46
210700	0.46	0.51	0.51	0	0	0.46
210800	0.46	0.51	0.51	0	0	0.46
210900	0.46	0.51	0.51	0	0	0.46
211000	0.46	0.51	0.51	0	0	0.46
211100	0.46	0.51	0.51	0	0	0.46
211200	0.46	0.51	0.51	0	0	0.46
211300	0.46	0.51	0.51	0	0	0.46
211400	0.46	0.51	0.51	0	0	0.46
211500	0.46	0.51	0.51	0	0	0.46
211600	0.46	0.51	0.51	0	0	0.46
211700	0.46	0.51	0.51	0	0	0.46
211800	0.46	0.51	0.51	0	0	0.46
211900	0.46	0.51	0.51	0	0	0.46
212000	0.46	0.51	0.51	0	0	0.46
212100	0.46	0.51	0.51	0	0	0.46
212200	0.46	0.51	0.51	0	0	0.46
212300	0.46	0.51	0.51	0	0	0.46
212400	0.46	0.51	0.51	0	0	0.46
212500	0.46	0.51	0.51	0	0	0.46
212600	0.46	0.51	0.51	0	0	0.46
212700	0.46	0.51	0.51	0	0	0.46
212800	0.46	0.51	0.51	0	0	0.46
212900	0.46	0.51	0.51	0	0	0.46
213000	0.46	0.51	0.51	0	0	0.46
213100	0.46	0.51	0.51	0	0	0.46
213200	0.46	0.51	0.51	0	0	0.46
213300	0.46	0.51	0.51	0	0	0.46
213400	0.46	0.51	0.51	0	0	0.46
213500	0.46	0.51	0.51	0	0	0.46
213600	0.46	0.51	0.51	0	0	0.46
213700	0.46	0.51	0.51	0	0	0.46
213800	0.46	0.51	0.51	0	0	0.46
213900	0.46	0.51	0.51	0	0	0.46
214000	0.46	0.51	0.51	0	0	0.46
214100	0.46	0.51	0.51	0	0	0.46
214200	0.46	0.51	0.51	0	0	0.46
214300	0.46	0.51	0.51	0	0	0.46
214400	0.46	0.51	0.51	0	0	0.46
214500	0.46	0.51	0.51	0	0	0.46
214600	0.46	0.51	0.51	0	0	0.46
214700	0.46	0.51	0.51	0	0	0.46
214800	0.46	0.51	0.51	0	0	0.46
214900	0.46	0.51	0.51	0	0	0.46
215000	0.46	0.51	0.51	0	0	0.46
215100	0.46	0.51	0.51	0	0	0.46
215200	0.46	0.51	0.51	0	0	0.46
215300	0.46	0.51	0.51	0	0	0.46
215400	0.46	0.51	0.51	0	0	0.46
215500	0.46	0.51	0.51	0	0	0.46
215600	0.46	0.51	0.51	0	0	0.46
215700	0.46	0.51	0.51	0	0	0.46
215800	0.46	0.51	0.51	0	0	0.46
215900	0.46	0.51	0.51	0	0	0.46
216000	0.46	0.51	0.51	0	0	0.46
216100	0.46	0.51	0.51	0	0	0.46
216200	0.46	0.51	0.51	0	0	0.46
216300	0.46	0.51	0.51	0	0	0.46
216400	0.46	0.51	0.51	0	0	0.46
216500	0.46	0.51	0.51	0	0	0.46
216600	0.46	0.51	0.51	0	0	0.46
216700	0.46	0.51	0.51	0	0	0.46
216800	0.46	0.51	0.51	0	0	0.46
216900	0.46	0.51	0.51	0	0	0.46
217000	0.46	0.51	0.51	0	0	0.46
217100	0.46	0.51	0.51	0	0	0.46
217200	0.46	0.51	0.51	0	0	0.46
217300	0.46	0.51	0.51	0	0	0.46
217400	0.46	0.51	0.51	0	0	0.46
217500	0.46	0.51	0.51	0	0	0.46
217600	0.46	0.51	0.51	0	0	0.46
217700	0.46	0.51	0.51	0	0	0.46
217800	0.46	0.51	0.51	0	0	0.46
217900	0.46	0.51	0.51	0	0	0.46
218000	0.46	0.51	0.51	0	0	0.46
218100	0.46	0.51	0.51	0	0	0.46
218200	0.46	0.51	0.51	0	0	0.46
218300	0.46	0.51	0.51	0	0	0.46
218400	0.46	0.51	0.51	0	0	0.46
218500	0.46	0.51	0.51	0	0	0.46
218600	0.46	0.51	0.51	0	0	0.46
218700	0.46	0.51	0.51	0	0	0.46
218800	0.46	0.51	0.51	0	0	0.46
218900	0.46	0.51	0.51	0	0	0.46
219000	0.46	0.51	0.51	0	0	0.46
219100	0.46	0.51	0.51	0	0	0.46
219200	0.46	0.51	0.51	0	0	0.46
219300	0.46	0.51	0.51	0	0	0.46
219400	0.46	0.51	0.51	0	0	0.46
219500	0.46	0.51	0.51	0	0	0.46
219600	0.46	0.51	0.51	0	0	0.46
219700	0.46	0.51	0.51	0	0	0.46
219800	0.46	0.51	0.51	0	0	0.46
219900	0.46	0.51	0.51	0	0	0.46
220000	0.46	0.51	0.51	0	0	0.46
220100	0.46	0.51	0.51	0	0	0.46
220200	0.46	0.51	0.51	0	0	0.46
220300	0.46	0.51	0.51	0	0	0.46
220400	0.46	0.51	0.51	0	0	0.46
220500	0.46	0.51	0.51	0	0	0.46
220600	0.46	0.51	0.51	0	0	0.46
220700	0.46	0.51	0.51	0	0	0.46
220800	0.46	0.51	0.51	0	0	0.46
220900	0.46	0.51	0.51	0	0	0.46
221000	0.46	0.52	0.52	0	0	0.46
221100	0.46	0.52	0.52	0	0	0.46
221200	0.46	0.52	0.52	0	0	0.46
221300	0.46	0.52	0.52	0	0	0.46
221400	0.46	0.52	0.52	0	0	0.46
221500	0.46	0.52	0.52	0	0	0.46
221600	0.46	0.52	0.52	0	0	0.46
221700	0.46	0.52	0.52	0	0	0.46
221800	0.46	0.52	0.52	0	0	0.46
221900	0.46	0.52	0.52	0	0	0.46
222000	0.46	0.52	0.52	0	0	0.46
222100	0.46	0.52	0.52	0	0	0.46
222200	0.46	0.52	0.52	0	0	0.46
222300	0.46	0.52	0.52	0	0	0.46
222400	0.46	0.52	0.52	0	0	0.46
222500	0.46	0.52	0.52	0	0	0.46
222600	0.46	0.52	0.52	0	0	0.46
222700	0.46	0.52	0.52	0	0	0.46
222800	0.46	0.52	0.52	0	0	0.46
222900	0.46	0.52	0.52	0	0	0.46
223000	0.46	0.52	0.52	0	0	0.46
223100	0.46	0.52	0.52	0	0	0.46
223200	0.46	0.52	0.52	0	0	0.46
223300	0.46	0.52	0.52	0	0	0.46
223400	0.46	0.52	0.52	0	0	0.46
223500	0.46	0.52	0.52	0	0	0.46
223600	0.46	0.52	0.52	0	0	0.46
223700	0.46	0.52	0.52	0	0	0.46
223800	0.46	0.52	0.52	0	0	0.46
223900	0.46	0.52	0.52	0	0	0.46
224000	0.46	0.52	0.52	0	0	0.46
224100	0.46	0.52	0.52	0	0	0.46
224200	0.46	0.52	0.52	0	0	0.46
224300	0.46	0.52	0.52	0	0	0.46
224400	0.46	0.52	0.52	0	0	0.46
224500	0.46	0.52	0.52	0	0	0.46
224600	0.46	0.52	0.52	0	0	0.46
224700	0.46	0.52	0.52	0	0	0.46
224800	0.46	0.52	0.52	0	0	0.46
224900	0.46	0.52	0.52	0	0	0.46
225000	0.46	0.52	0.52	0	0	0.46
225100	0.46	0.52	0.52	0	0	0.46
225200	0.46	0.52	0.52	0	0	0.46
225300	0.46	0.52	0.52	0	0	0.46
225400	0.46	0.52	0.52	0	0	0.46
225500	0.46	0.52	0.52	0	0	0.46
225600	0.46	0.52	0.52	0	0	0.46
225700	0.46	0.52	0.52	0	0	0.46
225800	0.46	0.52	0.52	0	0	0.46
225900	0.46	0.52	0.52	0	0	0.46
226000	0.46	0.52	0.52	0	0	0.46
226100	0.46	0.52	0.52	0	0	0.46
226200	0.46	0.52	0.52	0	0	0.46
226300	0.46	0.52	0.52	0	0	0.46
226400	0.46	0.52	0.52	0	0	0.46
226500	0.46	0.52	0.52	0	0	0.46
226600	0.46	0.52	0.52	0	0	0.46
226700	0.46	0.52	0.52	0	0	0.46
226800	0.46	0.52	0.52	0	0	0.46
226900	0.46	0.52	0.52	0	0	0.46
227000	0.46	0.52	0.52	0	0	0.46
227100	0.46	0.52	0.52	0	0	0.46
227200	0.46	0.52	0.52	0	0	0.46
227300	0.46	0.52	0.52	0	0	0.46
227400	0.46	0.52	0.52	0	0	0.46
227500	0.46	0.52	0.52	0	0	0.46
227600	0.46	0.52	0.52	0	0	0.46
227700	0.46	0.52	0.52	0	0	0.46
227800	0.46	0.52	0.52	0	0	0.46
227900	0.46	0.52	0.52	0	0	0.46
228000	0.46	0.53	0.53	0	0	0.46
228100	0.46	0.53	0.53	0	0	0.46
228200	0.46	0.53	0.53	0	0	0.46
228300	0.46	0.52	0.52	0	0	0.46
228400	0.46	0.52	0.52	0	0	0.46
228500	0.46	0.52	0.52	0	0	0.46
228600	0.46	0.52	0.52	0	0	0.46
228700	0.46	0.52	0.52	0	0	0.46
228800	0.46	0.52	0.52	0	0	0.46
228900	0.46	0.52	0.52	0	0	0.46
229000	0.46	0.52	0.52	0	0	0.46
229100	0.46	0.52	0.52	0	0	0.46
229200	0.46	0.52	0.52	0	0	0.46
229300	0.46	0.52	0.52	0	0	0.46
229400	0.46	0.52	0.52	0	0	0.46
229500	0.46	0.52	0.52	0	0	0.46
229600	0.46	0.52	0.52	0	0	0.46
229700	0.46	0.52	0.52	0	0	0.46
229800	0.46	0.52	0.52	0	0	0.46
229900	0.46	0.52	0.52	0	0	0.46
230000	0.46	0.52	0.52	0	0	0.46
230100	0.46	0.52	0.52	0	0	0.46
230200	0.46	0.52	0.52	0	0	0.46
230300	0.46	0.52	0.52	0	0	0.46
230400	0.46	0.52	0.52	0	0	0.46
230500	0.46	0.52	0.52	0	0	0.46
230600	0.46	0.52	0.52	0	0	0.46
230700	0.46	0.52	0.52	0	0	0.46
230800	0.46	0.52	0.52	0	0	0.46
230900	0.46	0.52	0.52	0	0	0.46
231000	0.46	0.52	0.52	0	0	0.46
231100	0.46	0.52	0.52	0	0	0.46
231200	0.46	0.52	0.52	0	0	0.46
231300	0.46	0.52	0.52	0	0	0.46
231400	0.46	0.52	0.52	0	0	0.46
231500	0.46	0.52	0.52	0	0	0.46
231600	0.46	0.52	0.52	0	0	0.46
231700	0.46	0.52	0.52	0	0	0.46
231800	0.46	0.52	0.52	0	0	0.46
231900	0.46	0.52	0.52	0	0	0.46
232000	0.46	0.52	0.52	0	0	0.46
232100	0.46	0.52	0.52	0	0	0.46
232200	0.46	0.52	0.52	0	0	0.46
232300	0.46	0.52	0.52	0	0	0.46
232400	0.46	0.52	0.52	0	0	0.46
232500	0.46	0.52	0.52	0	0	0.46
232600	0.46	0.52	0.52	0	0	0.46
232700	0.46	0.52	0.52	0	0	0.46
232800	0.46	0.52	0.52	0	0	0.46
232900	0.46	0.52	0.52	0	0	0.46
233000	0.46	0.52	0.52	0	0	0.46
233100	0.46	0.52	0.52	0	0	0.46
233200	0.46	0.52	0.52	0	0	0.46
233300	0.46	0.52	0.52	0	0	0.46
233400	0.45	0.52	0.52	0	0	0.45
233500	0.45	0.52	0.52	0	0	0.45
233600	0.45	0.52	0.52	0	0	0.45
233700	0.45	0.52	0.52	0	0	0.45
233800	0.45	0.52	0.52	0	0	0.45
233900	0.45	0.52	0.52	0	0	0.45
234000	0.45	0.52	0.52	0	0	0.45
234100	0.45	0.52	0.52	0	0	0.45
234200	0.45	0.52	0.52	0	0	0.45
234300	0.45	0.52	0.52	0	0	0.45
234400	0.45	0.52	0.52	0	0	0.45
234500	0.45	0.52	0.52	0	0	0.45
234600	0.45	0.52	0.52	0	0	0.45
234700	0.45	0.52	0.52	0	0	0.45
234800	0.45	0.52	0.52	0	0	0.45
234900	0.45	0.52	0.52	0	0	0.45
235000	0.45	0.52	0.52	0	0	0.45
235100	0.45	0.52	0.52	0	0	0.45
235200	0.45	0.52	0.52	0	0	0.45
235300	0.45	0.52	0.52	0	0	0.45
235400	0.45	0.52	0.52	0	0	0.45
235500	0.45	0.52	0.52	0	0	0.45
235600	0.45	0.52	0.52	0	0	0.45
235700	0.46	0.52	0.52	0	0	0.46
235800	0.46	0.52	0.52	0	0	0.46
235900	0.45	0.52	0.52	0	0	0.45
236000	0.45	0.52	0.52	0	0	0.45
236100	0.45	0.52	0.52	0	0	0.45
236200	0.45	0.52	0.52	0	0	0.45
236300	0.45	0.52	0.52	0	0	0.45
236400	0.45	0.52	0.52	0	0	0.45
236500	0.45	0.52	0.52	0	0	0.45
236600	0.45	0.52	0.52	0	0	0.45
236700	0.45	0.52	0.52	0	0	0.45
236800	0.45	0.52	0.52	0	0	0.45
236900	0.45	0.52	0.52	0	0	0.45
237000	0.45	0.52	0.52	0	0	0.45
237100	0.45	0.52	0.52	0	0	0.45
237200	0.45	0.52	0.52	0	0	0.45
237300	0.45	0.52	0.52	0	0	0.45
237400	0.45	0.52	0.52	0	0	0.45
237500	0.45	0.52	0.52	0	0	0.45
237600	0.45	0.52	0.52	0	0	0.45
237700	0.45	0.52	0.52	0	0	0.45
237800	0.45	0.52	0.52	0	0	0.45
237900	0.45	0.52	0.52	0	0	0.45
238000	0.45	0.52	0.52	0	0	0.45
238100	0.45	0.52	0.52	0	0	0.45
238200	0.45	0.52	0.52	0	0	0.45
238300	0.45	0.52	0.52	0	0	0.45
238400	0.45	0.52	0.52	0	0	0.45
238500	0.45	0.52	0.52	0	0	0.45
238600	0.45	0.52	0.52	0	0	0.45
238700	0.45	0.52	0.52	0	0	0.45
238800	0.45	0.52	0.52	0	0	0.45
238900	0.45	0.52	0.52	0	0	0.45
239000	0.46	0.52	0.52	0	0	0.46
239100	0.46	0.52	0.52	0	0	0.46
239200	0.46	0.52	0.52	0	0	0.46
239300	0.46	0.52	0.52	0	0	0.46
239400	0.46	0.52	0.52	0	0	0.46
239500	0.46	0.52	0.52	0	0	0.46
239600	0.46	0.52	0.52	0	0	0.46
239700	0.46	0.52	0.52	0	0	0.46
239800	0.46	0.52	0.52	0	0	0.46
239900	0.46	0.52	0.52	0	0	0.46
240000	0.46	0.52	0.52	0	0	0.46
240100	0.46	0.52	0.52	0	0	0.46
240200	0.46	0.52	0.52	0	0	0.46
240300	0.46	0.52	0.52	0	0	0.46
240400	0.46	0.52	0.52	0	0	0.46
240500	0.46	0.52	0.52	0	0	0.46
240600	0.46	0.52	0.52	0	0	0.46
240700	0.46	0.52	0.52	0	0	0.46
240800	0.46	0.52	0.52	0	0	0.46
240900	0.46	0.52	0.52	0	0	0.46
241000	0.46	0.52	0.52	0	0	0.46
241100	0.46	0.52	0.52	0	0	0.46
241200	0.46	0.52	0.52	0	0	0.46
241300	0.46	0.52	0.52	0	0	0.46
241400	0.46	0.52	0.52	0	0	0.46
241500	0.46	0.52	0.52	0	0	0.46
241600	0.46	0.52	0.52	0	0	0.46
241700	0.46	0.52	0.52	0	0	0.46
241800	0.46	0.52	0.52	0	0	0.46
241900	0.46	0.52	0.52	0	0	0.46
242000	0.46	0.52	0.52	0	0	0.46
242100	0.46	0.52	0.52	0	0	0.46
242200	0.46	0.52	0.52	0	0	0.46
242300	0.46	0.52	0.52	0	0	0.46
242400	0.46	0.52	0.52	0	0	0.46
242500	0.46	0.52	0.52	0	0	0.46
242600	0.46	0.52	0.52	0	0	0.46
242700	0.46	0.52	0.52	0	0	0.46
242800	0.46	0.52	0.52	0	0	0.46
242900	0.46	0.52	0.52	0	0	0.46
243000	0.46	0.52	0.52	0	0	0.46
243100	0.46	0.52	0.52	0	0	0.46
243200	0.46	0.52	0.52	0	0	0.46
243300	0.46	0.52	0.52	0	0	0.46
243400	0.46	0.52	0.52	0	0	0.46
243500	0.46	0.52	0.52	0	0	0.46
243600	0.46	0.52	0.52	0	0	0.46
243700	0.46	0.52	0.52	0	0	0.46
243800	0.46	0.52	0.52	0	0	0.46
243900	0.46	0.52	0.52	0	0	0.46
244000	0.46	0.52	0.52	0	0	0.46
244100	0.46	0.52	0.52	0	0	0.46
244200	0.46	0.52	0.52	0	0	0.46
244300	0.46	0.52	0.52	0	0	0.46
244400	0.46	0.52	0.52	0	0	0.46
244500	0.46	0.52	0.52	0	0	0.46
244600	0.46	0.52	0.52	0	0	0.46
244700	0.46	0.52	0.52	0	0	0.46
244800	0.46	0.52	0.52	0	0	0.46
244900	0.46	0.52	0.52	0	0	0.46
245000	0.46	0.52	0.52	0	0	0.46
245100	0.46	0.52	0.52	0	0	0.46
245200	0.46	0.52	0.52	0	0	0.46
245300	0.46	0.52	0.52	0	0	0.46
245400	0.46	0.52	0.52	0	0	0.46
245500	0.46	0.52	0.52	0	0	0.46
245600	0.46	0.52	0.52	0	0	0.46
245700	0.46	0.52	0.52	0	0	0.46
245800	0.46	0.52	0.52	0	0	0.46
245900	0.46	0.52	0.52	0	0	0.46
246000	0.46	0.52	0.52	0	0	0.46
246100	0.46	0.52	0.52	0	0	0.46
246200	0.46	0.52	0.52	0	0	0.46
246300	0.46	0.52	0.52	0	0	0.46
246400	0.46	0.52	0.52	0	0	0.46
246500	0.46	0.52	0.52	0	0	0.46
246600	0.46	0.52	0.52	0	0	0.46
246700	0.46	0.52	0.52	0	0	0.46
246800	0.46	0.52	0.52	0	0	0.46
246900	0.46	0.52	0.52	0	0	0.46
247000	0.46	0.52	0.52	0	0	0.46
247100	0.46	0.52	0.52	0	0	0.46
247200	0.46	0.52	0.52	0	0	0.46
247300	0.46	0.52	0.52	0	0	0.46
247400	0.46	0.52	0.52	0	0	0.46
247500	0.46	0.52	0.52	0	0	0.46
247600	0.46	0.52	0.52	0	0	0.46
247700	0.46	0.52	0.52	0	0	0.46
247800	0.46	0.52	0.52	0	0	0.46
247900	0.46	0.52	0.52	0	0	0.46
248000	0.46	0.52	0.52	0	0	0.46
248100	0.46	0.52	0.52	0	0	0.46
248200	0.46	0.52	0.52	0	0	0.46
248300	0.46	0.52	0.52	0	0	0.46
248400	0.46	0.52	0.52	0	0	0.46
248500	0.46	0.52	0.52	0	0	0.46
248600	0.46	0.52	0.52	0	0	0.46
248700	0.46	0.52	0.52	0	0	0.46
248800	0.46	0.52	0.52	0	0	0.46
248900	0.46	0.52	0.52	0	0	0.46
249000	0.46	0.52	0.52	0	0	0.46
249100	0.46	0.52	0.52	0	0	0.46
249200	0.46	0.52	0.52	0	0	0.46
249300	0.46	0.52	0.52	0	0	0.46
249400	0.46	0.52	0.52	0	0	0.46
249500	0.46	0.52	0.52	0	0	0.46
249600	0.46	0.52	0.52	0	0	0.46
249700	0.46	0.52	0.52	0	0	0.46
249800	0.46	0.52	0.52	0	0	0.46
249900	0.46	0.52	0.52	0	0	0.46
250000	0.46	0.52	0.52	0	0	0.46
250100	0.46	0.52	0.52	0	0	0.46
250200	0.46	0.52	0.52	0	0	0.46
250300	0.46	0.52	0.52	0	0	0.46
250400	0.46	0.52	0.52	0	0	0.46
250500	0.46	0.52	0.52	0	0	0.46
250600	0.46	0.52	0.52	0	0	0.46
250700	0.46	0.52	0.52	0	0	0.46
250800	0.46	0.52	0.52	0	0	0.46
250900	0.46	0.51	0.51	0	0	0.46
251000	0.46	0.51	0.51	0	0	0.46
251100	0.46	0.51	0.51	0	0	0.46
251200	0.46	0.51	0.51	0	0	0.46
251300	0.46	0.52	0.52	0	0	0.46
251400	0.46	0.52	0.52	0	0	0.46
251500	0.46	0.52	0.52	0	0	0.46
251600	0.46	0.52	0.52	0	0	0.46
251700	0.46	0.52	0.52	0	0	0.46
251800	0.46	0.51	0.51	0	0	0.46
251900	0.46	0.51	0.51	0	0	0.46
252000	0.46	0.51	0.51	0	0	0.46
252100	0.46	0.51	0.51	0	0	0.46
252200	0.46	0.51	0.51	0	0	0.46
252300	0.46	0.51	0.51	0	0	0.46
252400	0.46	0.51	0.51	0	0	0.46
252500	0.46	0.51	0.51	0	0	0.46
252600	0.46	0.51	0.51	0	0	0.46
252700	0.46	0.51	0.51	0	0	0.46
252800	0.46	0.51	0.51	0	0	0.46
252900	0.46	0.51	0.51	0	0	0.46
253000	0.46	0.51	0.51	0	0	0.46
253100	0.46	0.51	0.51	0	0	0.46
253200	0.46	0.51	0.51	0	0	0.46
253300	0.46	0.51	0.51	0	0	0.46
253400	0.46	0.51	0.51	0	0	0.46
253500	0.46	0.51	0.51	0	0	0.46
253600	0.46	0.51	0.51	0	0	0.46
253700	0.46	0.51	0.51	0	0	0.46
253800	0.46	0.51	0.51	0	0	0.46
253900	0.46	0.52	0.52	0	0	0.46
254000	0.46	0.52	0.52	0	0	0.46
254100	0.46	0.52	0.52	0	0	0.46
254200	0.46	0.52	0.52	0	0	0.46
254300	0.46	0.52	0.52	0	0	0.46
254400	0.46	0.52	0.52	0	0	0.46
254500	0.46	0.52	0.52	0	0	0.46
254600	0.46	0.52	0.52	0	0	0.46
254700	0.46	0.52	0.52	0	0	0.46
254800	0.46	0.52	0.52	0	0	0.46
254900	0.46	0.52	0.52	0	0	0.46
255000	0.46	0.52	0.52	0	0	0.46
255100	0.46	0.52	0.52	0	0	0.46
255200	0.46	0.52	0.52	0	0	0.46
255300	0.46	0.52	0.52	0	0	0.46
255400	0.46	0.52	0.52	0	0	0.46
255500	0.46	0.52	0.52	0	0	0.46
255600	0.46	0.52	0.52	0	0	0.46
255700	0.46	0.52	0.52	0	0	0.46
255800	0.46	0.52	0.52	0	0	0.46
255900	0.46	0.52	0.52	0	0	0.46
256000	0.46	0.52	0.52	0	0	0.46
256100	0.46	0.52	0.52	0	0	0.46
256200	0.46	0.52	0.52	0	0	0.46
256300	0.46	0.52	0.52	0	0	0.46
256400	0.46	0.52	0.52	0	0	0.46
256500	0.46	0.52	0.52	0	0	0.46
256600	0.46	0.52	0.52	0	0	0.46
256700	0.46	0.53	0.53	0	0	0.46
256800	0.46	0.53	0.53	0	0	0.46
256900	0.46	0.53	0.53	0	0	0.46
257000	0.46	0.53	0.53	0	0	0.46
257100	0.46	0.53	0.53	0	0	0.46
257200	0.46	0.53	0.53	0	0	0.46
257300	0.46	0.53	0.53	0	0	0.46
257400	0.46	0.53	0.53	0	0	0.46
257500	0.46	0.53	0.53	0	0	0.46
257600	0.46	0.53	0.53	0	0	0.46
257700	0.46	0.53	0.53	0	0	0.46
257800	0.46	0.53	0.53	0	0	0.46
257900	0.46	0.53	0.53	0	0	0.46
258000	0.46	0.53	0.53	0	0	0.46
258100	0.46	0.53	0.53	0	0	0.46
258200	0.46	0.53	0.53	0	0	0.46
258300	0.46	0.53	0.53	0	0	0.46
258400	0.46	0.53	0.53	0	0	0.46
258500	0.46	0.53	0.53	0	0	0.46
258600	0.46	0.53	0.53	0	0	0.46
258700	0.46	0.53	0.53	0	0	0.46
258800	0.46	0.53	0.53	0	0	0.46
258900	0.46	0.52	0.52	0	0	0.46
259000	0.46	0.52	0.52	0	0	0.46
259100	0.46	0.52	0.52	0	0	0.46
259200	0.46	0.52	0.52	0	0	0.46
259300	0.46	0.52	0.52	0	0	0.46
259400	0.46	0.52	0.52	0	0	0.46
259500	0.46	0.52	0.52	0	0	0.46
259600	0.46	0.52	0.52	0	0	0.46
259700	0.46	0.52	0.52	0	0	0.46
259800	0.46	0.52	0.52	0	0	0.46
259900	0.46	0.52	0.52	0	0	0.46
260000	0.46	0.52	0.52	0	0	0.46
260100	0.46	0.52	0.52	0	0	0.46
260200	0.46	0.52	0.52	0	0	0.46
260300	0.46	0.52	0.52	0	0	0.46
260400	0.46	0.52	0.52	0	0	0.46
260500	0.46	0.52	0.52	0	0	0.46
260600	0.46	0.52	0.52	0	0	0.46
260700	0.46	0.52	0.52	0	0	0.46
260800	0.46	0.52	0.52	0	0	0.46
260900	0.46	0.52	0.52	0	0	0.46
261000	0.46	0.52	0.52	0	0	0.46
261100	0.46	0.52	0.52	0	0	0.46
261200	0.46	0.52	0.52	0	0	0.46
261300	0.46	0.52	0.52	0	0	0.46
261400	0.46	0.52	0.52	0	0	0.46
261500	0.46	0.52	0.52	0	0	0.46
261600	0.46	0.52	0.52	0	0	0.46
261700	0.46	0.52	0.52	0	0	0.46
261800	0.46	0.52	0.52	0	0	0.46
261900	0.46	0.52	0.52	0	0	0.46
262000	0.46	0.52	0.52	0	0	0.46
262100	0.46	0.52	0.52	0	0	0.46
262200	0.46	0.52	0.52	0	0	0.46
262300	0.46	0.52	0.52	0	0	0.46
262400	0.46	0.52	0.52	0	0	0.46
262500	0.46	0.52	0.52	0	0	0.46
262600	0.46	0.52	0.52	0	0	0.46
262700	0.46	0.52	0.52	0	0	0.46
262800	0.46	0.52	0.52	0	0	0.46
262900	0.46	0.52	0.52	0	0	0.46
263000	0.46	0.53	0.53	0	0	0.46
263100	0.46	0.53	0.53	0	0	0.46
263200	0.46	0.53	0.53	0	0	0.46
263300	0.46	0.53	0.53	0	0	0.46
263400	0.46	0.52	0.52	0	0	0.46
263500	0.46	0.52	0.52	0	0	0.46
263600	0.46	0.52	0.52	0	0	0.46
263700	0.46	0.52	0.52	0	0	0.46
263800	0.46	0.52	0.52	0	0	0.46
263900	0.46	0.52	0.52	0	0	0.46
264000	0.46	0.52	0.52	0	0	0.46
264100	0.46	0.52	0.52	0	0	0.46
264200	0.46	0.53	0.53	0	0	0.46
264300	0.46	0.53	0.53	0	0	0.46
264400	0.46	0.53	0.53	0	0	0.46
264500	0.46	0.53	0.53	0	0	0.46
264600	0.46	0.53	0.53	0	0	0.46
264700	0.46	0.53	0.53	0	0	0.46
264800	0.46	0.53	0.53	0	0	0.46
264900	0.46	0.53	0.53	0	0	0.46
265000	0.46	0.53	0.53	0	0	0.46
265100	0.46	0.53	0.53	0	0	0.46
265200	0.46	0.52	0.52	0	0	0.46
265300	0.46	0.52	0.52	0	0	0.46
265400	0.46	0.52	0.52	0	0	0.46
265500	0.46	0.52	0.52	0	0	0.46
265600	0.46	0.52	0.52	0	0	0.46
265700	0.46	0.52	0.52	0	0	0.46
265800	0.46	0.52	0.52	0	0	0.46
265900	0.46	0.52	0.52	0	0	0.46
266000	0.46	0.52	0.52	0	0	0.46
266100	0.46	0.52	0.52	0	0	0.46
266200	0.46	0.53	0.53	0	0	0.46
266300	0.46	0.53	0.53	0	0	0.46
266400	0.46	0.53	0.53	0	0	0.46
266500	0.46	0.53	0.53	0	0	0.46
266600	0.46	0.53	0.53	0	0	0.46
266700	0.46	0.53	0.53	0	0	0.46
266800	0.46	0.53	0.53	0	0	0.46
266900	0.46	0.53	0.53	0	0	0.46
267000	0.46	0.53	0.53	0	0	0.46
267100	0.46	0.53	0.53	0	0	0.46
267200	0.46	0.53	0.53	0	0	0.46
267300	0.46	0.52	0.52	0	0	0.46
267400	0.46	0.52	0.52	0	0	0.46
267500	0.46	0.52	0.52	0	0	0.46
267600	0.46	0.52	0.52	0	0	0.46
267700	0.46	0.52	0.52	0	0	0.46
267800	0.46	0.52	0.52	0	0	0.46
267900	0.46	0.52	0.52	0	0	0.46
268000	0.46	0.52	0.52	0	0	0.46
268100	0.46	0.52	0.52	0	0	0.46
268200	0.46	0.52	0.52	0	0	0.46
268300	0.46	0.52	0.52	0	0	0.46
268400	0.46	0.51	0.51	0	0	0.46
268500	0.46	0.51	0.51	0	0	0.46
268600	0.46	0.51	0.51	0	0	0.46
268700	0.46	0.51	0.51	0	0	0.46
268800	0.46	0.51	0.51	0	0	0.46
268900	0.46	0.51	0.51	0	0	0.46
269000	0.46	0.51	0.51	0	0	0.46
269100	0.46	0.51	0.51	0	0	0.46
269200	0.46	0.51	0.51	0	0	0.46
269300	0.46	0.51	0.51	0	0	0.46
269400	0.46	0.51	0.51	0	0	0.46
269500	0.46	0.51	0.51	0	0	0.46
269600	0.46	0.51	0.51	0	0	0.46
269700	0.46	0.51	0.51	0	0	0.46
269800	0.46	0.51	0.51	0	0	0.46
269900	0.46	0.51	0.51	0	0	0.46
270000	0.46	0.51	0.51	0	0	0.46
270100	0.46	0.51	0.51	0	0	0.46
270200	0.46	0.51	0.51	0	0	0.46
270300	0.46	0.51	0.51	0	0	0.46
270400	0.46	0.51	0.51	0	0	0.46
270500	0.46	0.51	0.51	0	0	0.46
270600	0.46	0.51	0.51	0	0	0.46
270700	0.46	0.51	0.51	0	0	0.46
270800	0.46	0.52	0.52	0	0	0.46
270900	0.46	0.52	0.52	0	0	0.46
271000	0.46	0.52	0.52	0	0	0.46
271100	0.46	0.52	0.52	0	0	0.46
271200	0.46	0.52	0.52	0	0	0.46
271300	0.46	0.52	0.52	0	0	0.46
271400	0.46	0.52	0.52	0	0	0.46
271500	0.46	0.52	0.52	0	0	0.46
271600	0.46	0.52	0.52	0	0	0.46
271700	0.46	0.52	0.52	0	0	0.46
271800	0.46	0.52	0.52	0	0	0.46
271900	0.46	0.52	0.52	0	0	0.46
272000	0.46	0.52	0.52	0	0	0.46
272100	0.46	0.52	0.52	0	0	0.46
272200	0.46	0.52	0.52	0	0	0.46
272300	0.46	0.52	0.52	0	0	0.46
272400	0.46	0.52	0.52	0	0	0.46
272500	0.46	0.52	0.52	0	0	0.46
272600	0.46	0.52	0.52	0	0	0.46
272700	0.46	0.52	0.52	0	0	0.46
272800	0.46	0.52	0.52	0	0	0.46
272900	0.46	0.52	0.52	0	0	0.46
273000	0.46	0.52	0.52	0	0	0.46
273100	0.46	0.52	0.52	0	0	0.46
273200	0.46	0.52	0.52	0	0	0.46
273300	0.46	0.52	0.52	0	0	0.46
273400	0.46	0.52	0.52	0	0	0.46
273500	0.46	0.52	0.52	0	0	0.46
273600	0.46	0.52	0.52	0	0	0.46
273700	0.46	0.52	0.52	0	0	0.46
273800	0.46	0.52	0.52	0	0	0.46
273900	0.46	0.52	0.52	0	0	0.46
274000	0.46	0.52	0.52	0	0	0.46
274100	0.46	0.52	0.52	0	0	0.46
274200	0.46	0.52	0.52	0	0	0.46
274300	0.46	0.52	0.52	0	0	0.46
274400	0.46	0.52	0.52	0	0	0.46
274500	0.46	0.52	0.52	0	0	0.46
274600	0.46	0.52	0.52	0	0	0.46
274700	0.46	0.52	0.52	0	0	0.46
274800	0.46	0.52	0.52	0	0	0.46
274900	0.46	0.52	0.52	0	0	0.46
275000	0.46	0.52	0.52	0	0	0.46
275100	0.46	0.52	0.52	0	0	0.46
275200	0.46	0.52	0.52	0	0	0.46
275300	0.46	0.52	0.52	0	0	0.46
275400	0.46	0.52	0.52	0	0	0.46
275500	0.46	0.52	0.52	0	0	0.46
275600	0.46	0.52	0.52	0	0	0.46
275700	0.46	0.52	0.52	0	0	0.46
275800	0.46	0.52	0.52	0	0	0.46
275900	0.46	0.52	0.52	0	0	0.46
276000	0.46	0.52	0.52	0	0	0.46
276100	0.46	0.52	0.52	0	0	0.46
276200	0.46	0.52	0.52	0	0	0.46
276300	0.46	0.52	0.52	0	0	0.46
276400	0.46	0.52	0.52	0	0	0.46
276500	0.46	0.52	0.52	0	0	0.46
276600	0.46	0.52	0.52	0	0	0.46
276700	0.46	0.52	0.52	0	0	0.46
276800	0.46	0.52	0.52	0	0	0.46
276900	0.46	0.52	0.52	0	0	0.46
277000	0.46	0.52	0.52	0	0	0.46
277100	0.46	0.52	0.52	0	0	0.46
277200	0.46	0.52	0.52	0	0	0.46
277300	0.46	0.52	0.52	0	0	0.46
277400	0.46	0.52	0.52	0	0	0.46
277500	0.46	0.52	0.52	0	0	0.46
277600	0.46	0.52	0.52	0	0	0.46
277700	0.46	0.52	0.52	0	0	0.46
277800	0.46	0.52	0.52	0	0	0.46
277900	0.46	0.52	0.52	0	0	0.46
278000	0.46	0.52	0.52	0	0	0.46
278100	0.46	0.52	0.52	0	0	0.46
278200	0.46	0.52	0.52	0	0	0.46
278300	0.46	0.52	0.52	0	0	0.46
278400	0.46	0.52	0.52	0	0	0.46
278500	0.46	0.53	0.53	0	0	0.46
278600	0.46	0.53	0.53	0	0	0.46
278700	0.46	0.53	0.53	0	0	0.46
278800	0.46	0.53	0.53	0	0	0.46
278900	0.46	0.53	0.53	0	0	0.46
279000	0.46	0.53	0.53	0	0	0.46
279100	0.46	0.53	0.53	0	0	0.46
279200	0.46	0.52	0.52	0	0	0.46
279300	0.46	0.52	0.52	0	0	0.46
279400	0.46	0.52	0.52	0	0	0.46
279500	0.46	0.52	0.52	0	0	0.46
279600	0.46	0.52	0.52	0	0	0.46
279700	0.46	0.52	0.52	0	0	0.46
279800	0.46	0.52	0.52	0	0	0.46
279900	0.46	0.52	0.52	0	0	0.46
280000	0.46	0.52	0.52	0	0	0.46
280100	0.46	0.52	0.52	0	0	0.46
280200	0.46	0.52	0.52	0	0	0.46
280300	0.46	0.52	0.52	0	0	0.46
280400	0.46	0.52	0.52	0	0	0.46
280500	0.46	0.52	0.52	0	0	0.46
280600	0.46	0.52	0.52	0	0	0.46
280700	0.46	0.52	0.52	0	0	0.46
280800	0.46	0.52	0.52	0	0	0.46
280900	0.46	0.52	0.52	0	0	0.46
281000	0.46	0.52	0.52	0	0	0.46
281100	0.46	0.52	0.52	0	0	0.46
281200	0.46	0.52	0.52	0	0	0.46
281300	0.46	0.52	0.52	0	0	0.46
281400	0.46	0.52	0.52	0	0	0.46
281500	0.46	0.52	0.52	0	0	0.46
281600	0.46	0.52	0.52	0	0	0.46
281700	0.46	0.52	0.52	0	0	0.46
281800	0.46	0.52	0.52	0	0	0.46
281900	0.46	0.52	0.52	0	0	0.46
282000	0.46	0.52	0.52	0	0	0.46
282100	0.46	0.52	0.52	0	0	0.46
282200	0.46	0.52	0.52	0	0	0.46
282300	0.46	0.52	0.52	0	0	0.46
282400	0.46	0.52	0.52	0	0	0.46
282500	0.46	0.52	0.52	0	0	0.46
282600	0.46	0.52	0.52	0	0	0.46
282700	0.46	0.52	0.52	0	0	0.46
282800	0.46	0.52	0.52	0	0	0.46
282900	0.46	0.52	0.52	0	0	0.46
283000	0.46	0.52	0.52	0	0	0.46
283100	0.46	0.52	0.52	0	0	0.46
283200	0.46	0.52	0.52	0	0	0.46
283300	0.46	0.52	0.52	0	0	0.46
283400	0.46	0.52	0.52	0	0	0.46
283500	0.46	0.52	0.52	0	0	0.46
283600	0.46	0.52	0.52	0	0	0.46
283700	0.46	0.52	0.52	0	0	0.46
283800	0.46	0.52	0.52	0	0	0.46
283900	0.46	0.52	0.52	0	0	0.46
284000	0.46	0.52	0.52	0	0	0.46
284100	0.46	0.52	0.52	0	0	0.46
284200	0.46	0.52	0.52	0	0	0.46
284300	0.46	0.52	0.52	0	0	0.46
284400	0.46	0.52	0.52	0	0	0.46
284500	0.46	0.52	0.52	0	0	0.46
284600	0.46	0.52	0.52	0	0	0.46
284700	0.46	0.52	0.52	0	0	0.46
284800	0.46	0.52	0.52	0	0	0.46
284900	0.46	0.52	0.52	0	0	0.46
285000	0.46	0.52	0.52	0	0	0.46
285100	0.46	0.52	0.52	0	0	0.46
285200	0.46	0.52	0.52	0	0	0.46
285300	0.46	0.52	0.52	0	0	0.46
285400	0.46	0.52	0.52	0	0	0.46
285500	0.46	0.52	0.52	0	0	0.46
285600	0.46	0.52	0.52	0	0	0.46
285700	0.46	0.52	0.52	0	0	0.46
285800	0.46	0.52	0.52	0	0	0.46
285900	0.46	0.52	0.52	0	0	0.46
286000	0.46	0.52	0.52	0	0	0.46
286100	0.46	0.52	0.52	0	0	0.46
286200	0.46	0.52	0.52	0	0	0.46
286300	0.46	0.52	0.52	0	0	0.46
286400	0.46	0.52	0.52	0	0	0.46
286500	0.46	0.52	0.52	0	0	0.46
286600	0.46	0.52	0.52	0	0	0.46
286700	0.46	0.52	0.52	0	0	0.46
286800	0.46	0.52	0.52	0	0	0.46
286900	0.46	0.52	0.52	0	0	0.46
287000	0.46	0.52	0.52	0	0	0.46
287100	0.46	0.52	0.52	0	0	0.46
287200	0.46	0.52	0.52	0	0	0.46
287300	0.46	0.52	0.52	0	0	0.46
287400	0.46	0.52	0.52	0	0	0.46
287500	0.46	0.52	0.52	0	0	0.46
287600	0.46	0.52	0.52	0	0	0.46
287700	0.46	0.52	0.52	0	0	0.46
287800	0.46	0.52	0.52	0	0	0.46
287900	0.46	0.52	0.52	0	0	0.46
288000	0.46	0.52	0.52	0	0	0.46
288100	0.46	0.52	0.52	0	0	0.46
288200	0.46	0.52	0.52	0	0	0.46
288300	0.46	0.52	0.52	0	0	0.46
288400	0.46	0.52	0.52	0	0	0.46
288500	0.46	0.52	0.52	0	0	0.46
288600	0.46	0.52	0.52	0	0	0.46
288700	0.46	0.52	0.52	0	0	0.46
288800	0.46	0.52	0.52	0	0	0.46
288900	0.46	0.52	0.52	0	0	0.46
289000	0.46	0.52	0.52	0	0	0.46
289100	0.46	0.53	0.53	0	0	0.46
289200	0.46	0.53	0.53	0	0	0.46
289300	0.46	0.53	0.53	0	0	0.46
289400	0.46	0.53	0.53	0	0	0.46
289500	0.46	0.53	0.53	0	0	0.46
289600	0.46	0.53	0.53	0	0	0.46
289700	0.46	0.53	0.53	0	0	0.46
289800	0.45	0.53	0.53	0	0	0.45
289900	0.45	0.53	0.53	0	0	0.45
290000	0.45	0.53	0.53	0	0	0.45
290100	0.45	0.53	0.53	0	0	0.45
290200	0.45	0.53	0.53	0	0	0.45
290300	0.45	0.53	0.53	0	0	0.45
290400	0.45	0.52	0.52	0	0	0.45
290500	0.45	0.52	0.52	0	0	0.45
290600	0.45	0.52	0.52	0	0	0.45
290700	0.45	0.52	0.52	0	0	0.45
290800	0.45	0.52	0.52	0	0	0.45
290900	0.45	0.52	0.52	0	0	0.45
291000	0.45	0.52	0.52	0	0	0.45
291100	0.45	0.52	0.52	0	0	0.45
291200	0.45	0.52	0.52	0	0	0.45
291300	0.45	0.52	0.52	0	0	0.45
291400	0.45	0.52	0.52	0	0	0.45
291500	0.45	0.52	0.52	0	0	0.45
291600	0.45	0.52	0.52	0	0	0.45
291700	0.45	0.52	0.52	0	0	0.45
291800	0.45	0.52	0.52	0	0	0.45
291900	0.45	0.52	0.52	0	0	0.45
292000	0.45	0.52	0.52	0	0	0.45
292100	0.45	0.52	0.52	0	0	0.45
292200	0.45	0.52	0.52	0	0	0.45
292300	0.45	0.52	0.52	0	0	0.45
292400	0.45	0.52	0.52	0	0	0.45
292500	0.45	0.52	0.52	0	0	0.45
292600	0.45	0.52	0.52	0	0	0.45
292700	0.45	0.52	0.52	0	0	0.45
292800	0.45	0.52	0.52	0	0	0.45
292900	0.45	0.52	0.52	0	0	0.45
293000	0.45	0.52	0.52	0	0	0.45
293100	0.45	0.52	0.52	0	0	0.45
293200	0.45	0.51	0.51	0	0	0.45
293300	0.45	0.51	0.51	0	0	0.45
293400	0.45	0.51	0.51	0	0	0.45
293500	0.45	0.51	0.51	0	0	0.45
293600	0.45	0.51	0.51	0	0	0.45
293700	0.45	0.51	0.51	0	0	0.45
293800	0.45	0.51	0.51	0	0	0.45
293900	0.45	0.51	0.51	0	0	0.45
294000	0.45	0.51	0.51	0	0	0.45
294100	0.45	0.51	0.51	0	0	0.45
294200	0.45	0.51	0.51	0	0	0.45
294300	0.45	0.51	0.51	0	0	0.45
294400	0.45	0.51	0.51	0	0	0.45
294500	0.45	0.51	0.51	0	0	0.45
294600	0.45	0.51	0.51	0	0	0.45
294700	0.45	0.51	0.51	0	0	0.45
294800	0.45	0.51	0.51	0	0	0.45
294900	0.45	0.51	0.51	0	0	0.45
295000	0.45	0.51	0.51	0	0	0.45
295100	0.45	0.51	0.51	0	0	0.45
295200	0.45	0.51	0.51	0	0	0.45
295300	0.45	0.51	0.51	0	0	0.45
295400	0.45	0.51	0.51	0	0	0.45
295500	0.45	0.51	0.51	0	0	0.45
295600	0.45	0.51	0.51	0	0	0.45
295700	0.45	0.51	0.51	0	0	0.45
295800	0.46	0.51	0.51	0	0	0.46
295900	0.46	0.51	0.51	0	0	0.46
296000	0.46	0.51	0.51	0	0	0.46
296100	0.46	0.51	0.51	0	0	0.46
296200	0.46	0.51	0.51	0	0	0.46
296300	0.46	0.51	0.51	0	0	0.46
296400	0.46	0.51	0.51	0	0	0.46
296500	0.46	0.51	0.51	0	0	0.46
296600	0.46	0.51	0.51	0	0	0.46
296700	0.46	0.51	0.51	0	0	0.46
296800	0.46	0.51	0.51	0	0	0.46
296900	0.46	0.51	0.51	0	0	0.46
297000	0.46	0.51	0.51	0	0	0.46
297100	0.46	0.51	0.51	0	0	0.46
297200	0.46	0.51	0.51	0	0	0.46
297300	0.46	0.51	0.51	0	0	0.46
297400	0.46	0.51	0.51	0	0	0.46
297500	0.46	0.51	0.51	0	0	0.46
297600	0.46	0.51	0.51	0	0	0.46
297700	0.46	0.51	0.51	0	0	0.46
297800	0.46	0.51	0.51	0	0	0.46
297900	0.46	0.51	0.51	0	0	0.46
298000	0.45	0.51	0.51	0	0	0.45
298100	0.45	0.51	0.51	0	0	0.45
298200	0.45	0.51	0.51	0	0	0.45
298300	0.45	0.51	0.51	0	0	0.45
298400	0.45	0.51	0.51	0	0	0.45
298500	0.45	0.51	0.51	0	0	0.45
298600	0.45	0.51	0.51	0	0	0.45
298700	0.45	0.51	0.51	0	0	0.45
298800	0.45	0.51	0.51	0	0	0.45
298900	0.45	0.51	0.51	0	0	0.45
299000	0.45	0.51	0.51	0	0	0.45
299100	0.45	0.51	0.51	0	0	0.45
299200	0.45	0.51	0.51	0	0	0.45
299300	0.45	0.51	0.51	0	0	0.45
299400	0.46	0.51	0.51	0	0	0.46
299500	0.46	0.51	0.51	0	0	0.46
299600	0.46	0.51	0.51	0	0	0.46
299700	0.46	0.51	0.51	0	0	0.46
299800	0.46	0.51	0.51	0	0	0.46
299900	0.46	0.51	0.51	0	0	0.46
300000	0.46	0.51	0.51	0	0	0.46
