100	0.04	0.03	0.03	0	0	0.04
200	0.03	0.02	0.02	0	0	0.03
300	0.02	0.01	0.01	0	0	0.02
400	0.02	0.01	0.01	0	0	0.02
500	0.02	0.03	0.03	0	0	0.02
600	0.01	0.05	0.05	0	0	0.01
700	0.01	0.05	0.05	0	0	0.01
800	0.01	0.05	0.05	0	0	0.01
900	0.02	0.04	0.04	0	0	0.02
1000	0.02	0.03	0.03	0	0	0.02
1100	0.02	0.03	0.03	0	0	0.02
1200	0.02	0.03	0.03	0	0	0.02
1300	0.02	0.02	0.02	0	0	0.02
1400	0.04	0.03	0.03	0	0	0.04
1500	0.03	0.03	0.03	0	0	0.03
1600	0.02	0.02	0.02	0	0	0.02
1700	0.02	0.01	0.01	0	0	0.02
1800	0.04	0.01	0.01	0	0	0.04
1900	0.05	0.02	0.02	0	0	0.05
2000	0.04	0.01	0.01	0	0	0.04
2100	0.04	0.03	0.03	0	0	0.04
2200	0.04	0.02	0.02	0	0	0.04
2300	0.03	0.01	0.01	0	0	0.03
2400	0.03	0.02	0.02	0	0	0.03
2500	0.03	0.02	0.02	0	0	0.03
2600	0.02	0.03	0.03	0	0	0.02
2700	0.02	0.01	0.01	0	0	0.02
2800	0.01	0.01	0.01	0	0	0.01
2900	0	0	0	0	0	0
3000	0	0	0	0	0	0
3100	0	0	0	0	0	0
3200	0.01	0	0	0	0	0.01
3300	0.01	0	0	0	0	0.01
3400	0	0	0	0	0	0
3500	0	0.01	0.01	0	0	0
3600	0.02	0.01	0.01	0	0	0.02
3700	0.02	0.03	0.03	0	0	0.02
3800	0.02	0.03	0.03	0	0	0.02
3900	0.02	0.05	0.05	0	0	0.02
4000	0.02	0.05	0.05	0	0	0.02
4100	0.01	0.05	0.05	0	0	0.01
4200	0.01	0.04	0.04	0	0	0.01
4300	0	0.03	0.03	0	0	0
4400	0	0.02	0.02	0	0	0
4500	0	0.02	0.02	0	0	0
4600	0.01	0.03	0.03	0	0	0.01
4700	0.01	0.04	0.04	0	0	0.01
4800	0	0.05	0.05	0	0	0
4900	0	0.03	0.03	0	0	0
5000	0	0.05	0.05	0	0	0
5100	0	0.04	0.04	0	0	0
5200	0.02	0.02	0.02	0	0	0.02
5300	0.03	0.04	0.04	0	0	0.03
5400	0.04	0.06	0.06	0	0	0.04
5500	0.03	0.07	0.07	0	0	0.03
5600	0.03	0.05	0.05	0	0	0.03
5700	0.04	0.05	0.05	0	0	0.04
5800	0.05	0.05	0.05	0	0	0.05
5900	0.05	0.04	0.04	0	0	0.05
6000	0.05	0.02	0.02	0	0	0.05
6100	0.04	0.01	0.01	0	0	0.04
6200	0.01	0.02	0.02	0	0	0.01
6300	0.01	0	0	0	0	0.01
6400	0.03	0	0	0	0	0.03
6500	0.03	0	0	0	0	0.03
6600	0.03	0.01	0.01	0	0	0.03
6700	0.03	0.03	0.03	0	0	0.03
6800	0.04	0.03	0.03	0	0	0.04
6900	0.04	0.04	0.04	0	0	0.04
7000	0.03	0.03	0.03	0	0	0.03
7100	0.03	0.03	0.03	0	0	0.03
7200	0.04	0.01	0.01	0	0	0.04
7300	0.02	0.02	0.02	0	0	0.02
7400	0.02	0.03	0.03	0	0	0.02
7500	0.04	0.04	0.04	0	0	0.04
7600	0.01	0.05	0.05	0	0	0.01
7700	0.01	0.03	0.03	0	0	0.01
7800	0.02	0.04	0.04	0	0	0.02
7900	0.02	0.06	0.06	0	0	0.02
8000	0.03	0.06	0.06	0	0	0.03
8100	0.02	0.04	0.04	0	0	0.02
8200	0.02	0.03	0.03	0	0	0.02
8300	0.02	0.03	0.03	0	0	0.02
8400	0.01	0.03	0.03	0	0	0.01
8500	0	0.03	0.03	0	0	0
8600	0	0.04	0.04	0	0	0
8700	0.01	0.05	0.05	0	0	0.01
8800	0.01	0.02	0.02	0	0	0.01
8900	0.02	0.01	0.01	0	0	0.02
9000	0	0.02	0.02	0	0	0
9100	0.01	0.03	0.03	0	0	0.01
9200	0.01	0.03	0.03	0	0	0.01
9300	0	0.04	0.04	0	0	0
9400	0.01	0.03	0.03	0	0	0.01
9500	0.01	0.03	0.03	0	0	0.01
9600	0.02	0.06	0.06	0	0	0.02
9700	0.02	0.08	0.08	0	0	0.02
9800	0.03	0.06	0.06	0	0	0.03
9900	0.04	0.07	0.07	0	0	0.04
10000	0.05	0.08	0.08	0	0	0.05
10100	0.05	0.07	0.07	0	0	0.05
10200	0.04	0.07	0.07	0	0	0.04
10300	0.04	0.08	0.08	0	0	0.04
10400	0.05	0.08	0.08	0	0	0.05
10500	0.04	0.07	0.07	0	0	0.04
10600	0.02	0.04	0.04	0	0	0.02
10700	0.04	0.04	0.04	0	0	0.04
10800	0.02	0.04	0.04	0	0	0.02
10900	0.02	0.03	0.03	0	0	0.02
11000	0.03	0.02	0.02	0	0	0.03
11100	0.03	0	0	0	0	0.03
11200	0.05	0.02	0.02	0	0	0.05
11300	0.07	0.03	0.03	0	0	0.07
11400	0.05	0.04	0.04	0	0	0.05
11500	0.03	0.05	0.05	0	0	0.03
11600	0.03	0.04	0.04	0	0	0.03
11700	0.02	0.03	0.03	0	0	0.02
11800	0.02	0.03	0.03	0	0	0.02
11900	0.02	0.03	0.03	0	0	0.02
12000	0.03	0.02	0.02	0	0	0.03
12100	0.03	0.02	0.02	0	0	0.03
12200	0.04	0.01	0.01	0	0	0.04
12300	0.04	0.01	0.01	0	0	0.04
12400	0.05	0.01	0.01	0	0	0.05
12500	0.03	0.01	0.01	0	0	0.03
12600	0.04	0.02	0.02	0	0	0.04
12700	0.05	0.02	0.02	0	0	0.05
12800	0.04	0.01	0.01	0	0	0.04
12900	0.05	0.04	0.04	0	0	0.05
13000	0.05	0.04	0.04	0	0	0.05
13100	0.06	0.06	0.06	0	0	0.06
13200	0.06	0.04	0.04	0	0	0.06
13300	0.06	0.05	0.05	0	0	0.06
13400	0.04	0.04	0.04	0	0	0.04
13500	0.01	0.02	0.02	0	0	0.01
13600	0	0.02	0.02	0	0	0
13700	0	0.03	0.03	0	0	0
13800	0.01	0.02	0.02	0	0	0.01
13900	0.02	0.01	0.01	0	0	0.02
14000	0.02	0.01	0.01	0	0	0.02
14100	0.02	0	0	0	0	0.02
14200	0.02	0	0	0	0	0.02
14300	0.03	0	0	0	0	0.03
14400	0.01	0	0	0	0	0.01
14500	0.01	0.01	0.01	0	0	0.01
14600	0.01	0.02	0.02	0	0	0.01
14700	0.01	0.02	0.02	0	0	0.01
14800	0.01	0.03	0.03	0	0	0.01
14900	0.01	0.04	0.04	0	0	0.01
15000	0.01	0.04	0.04	0	0	0.01
15100	0.04	0.05	0.05	0	0	0.04
15200	0.04	0.04	0.04	0	0	0.04
15300	0.03	0.05	0.05	0	0	0.03
15400	0.03	0.06	0.06	0	0	0.03
15500	0.01	0.05	0.05	0	0	0.01
15600	0.01	0.04	0.04	0	0	0.01
15700	0.02	0.03	0.03	0	0	0.02
15800	0.03	0.04	0.04	0	0	0.03
15900	0.03	0.04	0.04	0	0	0.03
16000	0.03	0.03	0.03	0	0	0.03
16100	0.03	0.01	0.01	0	0	0.03
16200	0.04	0.01	0.01	0	0	0.04
16300	0.05	0	0	0	0	0.05
16400	0.05	0.01	0.01	0	0	0.05
16500	0.04	0.01	0.01	0	0	0.04
16600	0.06	0.01	0.01	0	0	0.06
16700	0.05	0.01	0.01	0	0	0.05
16800	0.02	0.01	0.01	0	0	0.02
16900	0.02	0.01	0.01	0	0	0.02
17000	0.04	0.01	0.01	0	0	0.04
17100	0.03	0.02	0.02	0	0	0.03
17200	0.01	0.02	0.02	0	0	0.01
17300	0.02	0.02	0.02	0	0	0.02
17400	0.04	0.01	0.01	0	0	0.04
17500	0.03	0	0	0	0	0.03
17600	0.01	0	0	0	0	0.01
17700	0.01	0.01	0.01	0	0	0.01
17800	0.04	0.01	0.01	0	0	0.04
17900	0.05	0.02	0.02	0	0	0.05
18000	0.05	0.01	0.01	0	0	0.05
18100	0.06	0.01	0.01	0	0	0.06
18200	0.05	0.01	0.01	0	0	0.05
18300	0.05	0.03	0.03	0	0	0.05
18400	0.04	0.04	0.04	0	0	0.04
18500	0.04	0.03	0.03	0	0	0.04
18600	0.04	0.04	0.04	0	0	0.04
18700	0.06	0.03	0.03	0	0	0.06
18800	0.03	0.02	0.02	0	0	0.03
18900	0.02	0.01	0.01	0	0	0.02
19000	0.02	0.01	0.01	0	0	0.02
19100	0.01	0.01	0.01	0	0	0.01
19200	0.02	0.01	0.01	0	0	0.02
19300	0.02	0.02	0.02	0	0	0.02
19400	0.03	0.05	0.05	0	0	0.03
19500	0.04	0.05	0.05	0	0	0.04
19600	0.05	0.05	0.05	0	0	0.05
19700	0.02	0.04	0.04	0	0	0.02
19800	0.02	0.05	0.05	0	0	0.02
19900	0.01	0.05	0.05	0	0	0.01
20000	0	0.03	0.03	0	0	0
20100	0	0.05	0.05	0	0	0
20200	0.01	0.06	0.06	0	0	0.01
20300	0.02	0.06	0.06	0	0	0.02
20400	0.03	0.05	0.05	0	0	0.03
20500	0.05	0.04	0.04	0	0	0.05
20600	0.05	0.04	0.04	0	0	0.05
20700	0.05	0.04	0.04	0	0	0.05
20800	0.05	0.02	0.02	0	0	0.05
20900	0.03	0.02	0.02	0	0	0.03
21000	0.03	0.02	0.02	0	0	0.03
21100	0.04	0.02	0.02	0	0	0.04
21200	0.03	0.02	0.02	0	0	0.03
21300	0.01	0	0	0	0	0.01
21400	0	0.01	0.01	0	0	0
21500	0	0.02	0.02	0	0	0
21600	0	0.01	0.01	0	0	0
21700	0.01	0.01	0.01	0	0	0.01
21800	0.02	0.01	0.01	0	0	0.02
21900	0.01	0.01	0.01	0	0	0.01
22000	0.02	0.01	0.01	0	0	0.02
22100	0.02	0.01	0.01	0	0	0.02
22200	0.02	0	0	0	0	0.02
22300	0.02	0.01	0.01	0	0	0.02
22400	0.03	0.01	0.01	0	0	0.03
22500	0.04	0.02	0.02	0	0	0.04
22600	0.02	0.02	0.02	0	0	0.02
22700	0.04	0.03	0.03	0	0	0.04
22800	0.04	0.05	0.05	0	0	0.04
22900	0.05	0.03	0.03	0	0	0.05
23000	0.05	0.03	0.03	0	0	0.05
23100	0.02	0.04	0.04	0	0	0.02
23200	0.02	0.04	0.04	0	0	0.02
23300	0.05	0.04	0.04	0	0	0.05
23400	0.04	0.03	0.03	0	0	0.04
23500	0.04	0.03	0.03	0	0	0.04
23600	0.04	0.02	0.02	0	0	0.04
23700	0.03	0.04	0.04	0	0	0.03
23800	0.05	0.04	0.04	0	0	0.05
23900	0.06	0.03	0.03	0	0	0.06
24000	0.05	0.03	0.03	0	0	0.05
24100	0.04	0.02	0.02	0	0	0.04
24200	0.02	0.02	0.02	0	0	0.02
24300	0.01	0.01	0.01	0	0	0.01
24400	0.03	0.02	0.02	0	0	0.03
24500	0.05	0.03	0.03	0	0	0.05
24600	0.06	0.05	0.05	0	0	0.06
24700	0.05	0.06	0.06	0	0	0.05
24800	0.05	0.06	0.06	0	0	0.05
24900	0.04	0.07	0.07	0	0	0.04
25000	0.04	0.05	0.05	0	0	0.04
25100	0.04	0.01	0.01	0	0	0.04
25200	0.03	0	0	0	0	0.03
25300	0.04	0	0	0	0	0.04
25400	0.02	0.01	0.01	0	0	0.02
25500	0.02	0.02	0.02	0	0	0.02
25600	0.03	0.04	0.04	0	0	0.03
25700	0.03	0.04	0.04	0	0	0.03
25800	0.02	0.03	0.03	0	0	0.02
25900	0.02	0.02	0.02	0	0	0.02
26000	0.03	0.01	0.01	0	0	0.03
26100	0.03	0	0	0	0	0.03
26200	0.04	0	0	0	0	0.04
26300	0.03	0	0	0	0	0.03
26400	0.05	0.01	0.01	0	0	0.05
26500	0.02	0.02	0.02	0	0	0.02
26600	0.03	0.03	0.03	0	0	0.03
26700	0.03	0.04	0.04	0	0	0.03
26800	0.02	0.03	0.03	0	0	0.02
26900	0.01	0.03	0.03	0	0	0.01
27000	0.01	0.02	0.02	0	0	0.01
27100	0.01	0	0	0	0	0.01
27200	0.01	0	0	0	0	0.01
27300	0.02	0	0	0	0	0.02
27400	0.02	0	0	0	0	0.02
27500	0.04	0	0	0	0	0.04
27600	0.04	0	0	0	0	0.04
27700	0.04	0.02	0.02	0	0	0.04
27800	0.02	0.06	0.06	0	0	0.02
27900	0.01	0.05	0.05	0	0	0.01
28000	0.02	0.05	0.05	0	0	0.02
28100	0.03	0.05	0.05	0	0	0.03
28200	0.02	0.05	0.05	0	0	0.02
28300	0.02	0.04	0.04	0	0	0.02
28400	0.03	0.06	0.06	0	0	0.03
28500	0.01	0.04	0.04	0	0	0.01
28600	0	0.03	0.03	0	0	0
28700	0.01	0.03	0.03	0	0	0.01
28800	0.02	0.01	0.01	0	0	0.02
28900	0.02	0.01	0.01	0	0	0.02
29000	0.01	0.01	0.01	0	0	0.01
29100	0.01	0.02	0.02	0	0	0.01
29200	0.01	0.03	0.03	0	0	0.01
29300	0	0.05	0.05	0	0	0
29400	0	0.05	0.05	0	0	0
29500	0.01	0.04	0.04	0	0	0.01
29600	0.02	0.03	0.03	0	0	0.02
29700	0.02	0.03	0.03	0	0	0.02
29800	0.01	0.04	0.04	0	0	0.01
29900	0.02	0.03	0.03	0	0	0.02
30000	0.04	0.05	0.05	0	0	0.04
30100	0.05	0.04	0.04	0	0	0.05
30200	0.05	0.02	0.02	0	0	0.05
30300	0.03	0.02	0.02	0	0	0.03
30400	0.02	0.01	0.01	0	0	0.02
30500	0.01	0.02	0.02	0	0	0.01
30600	0.01	0.02	0.02	0	0	0.01
30700	0	0.04	0.04	0	0	0
30800	0	0.04	0.04	0	0	0
30900	0.02	0.05	0.05	0	0	0.02
31000	0.01	0.06	0.06	0	0	0.01
31100	0.01	0.06	0.06	0	0	0.01
31200	0.02	0.07	0.07	0	0	0.02
31300	0.02	0.06	0.06	0	0	0.02
31400	0.02	0.04	0.04	0	0	0.02
31500	0.01	0.03	0.03	0	0	0.01
31600	0.02	0.04	0.04	0	0	0.02
31700	0.03	0.03	0.03	0	0	0.03
31800	0.04	0.04	0.04	0	0	0.04
31900	0.05	0.03	0.03	0	0	0.05
32000	0.06	0.04	0.04	0	0	0.06
32100	0.05	0.04	0.04	0	0	0.05
32200	0.04	0.03	0.03	0	0	0.04
32300	0.05	0.03	0.03	0	0	0.05
32400	0.02	0.01	0.01	0	0	0.02
32500	0.04	0	0	0	0	0.04
32600	0.02	0	0	0	0	0.02
32700	0.01	0.01	0.01	0	0	0.01
32800	0.06	0.03	0.03	0	0	0.06
32900	0.03	0.04	0.04	0	0	0.03
33000	0.03	0.03	0.03	0	0	0.03
33100	0.05	0.03	0.03	0	0	0.05
33200	0.03	0.05	0.05	0	0	0.03
33300	0.02	0.04	0.04	0	0	0.02
33400	0.03	0.02	0.02	0	0	0.03
33500	0.05	0.02	0.02	0	0	0.05
33600	0.06	0.01	0.01	0	0	0.06
33700	0.04	0.02	0.02	0	0	0.04
33800	0.05	0.04	0.04	0	0	0.05
33900	0.04	0.04	0.04	0	0	0.04
34000	0.03	0.04	0.04	0	0	0.03
34100	0.03	0.03	0.03	0	0	0.03
34200	0.01	0.03	0.03	0	0	0.01
34300	0.01	0.05	0.05	0	0	0.01
34400	0.02	0.07	0.07	0	0	0.02
34500	0.02	0.05	0.05	0	0	0.02
34600	0.03	0.02	0.02	0	0	0.03
34700	0.04	0.02	0.02	0	0	0.04
34800	0.05	0.02	0.02	0	0	0.05
34900	0.06	0	0	0	0	0.06
35000	0.07	0.01	0.01	0	0	0.07
35100	0.07	0.03	0.03	0	0	0.07
35200	0.07	0.03	0.03	0	0	0.07
35300	0.06	0.02	0.02	0	0	0.06
35400	0.05	0.02	0.02	0	0	0.05
35500	0.04	0.05	0.05	0	0	0.04
35600	0.02	0.06	0.06	0	0	0.02
35700	0.01	0.07	0.07	0	0	0.01
35800	0.01	0.06	0.06	0	0	0.01
35900	0.01	0.06	0.06	0	0	0.01
36000	0.02	0.05	0.05	0	0	0.02
36100	0.05	0.05	0.05	0	0	0.05
36200	0.05	0.06	0.06	0	0	0.05
36300	0.06	0.06	0.06	0	0	0.06
36400	0.04	0.07	0.07	0	0	0.04
36500	0.03	0.07	0.07	0	0	0.03
36600	0.02	0.07	0.07	0	0	0.02
36700	0.02	0.06	0.06	0	0	0.02
36800	0.03	0.05	0.05	0	0	0.03
36900	0.02	0.03	0.03	0	0	0.02
37000	0.01	0.01	0.01	0	0	0.01
37100	0.01	0.01	0.01	0	0	0.01
37200	0.01	0.02	0.02	0	0	0.01
37300	0	0.05	0.05	0	0	0
37400	0.01	0.06	0.06	0	0	0.01
37500	0.03	0.07	0.07	0	0	0.03
37600	0.04	0.07	0.07	0	0	0.04
37700	0.06	0.05	0.05	0	0	0.06
37800	0.06	0.06	0.06	0	0	0.06
37900	0.06	0.05	0.05	0	0	0.06
38000	0.03	0.02	0.02	0	0	0.03
38100	0.03	0.03	0.03	0	0	0.03
38200	0.03	0.03	0.03	0	0	0.03
38300	0.03	0.05	0.05	0	0	0.03
38400	0.05	0.02	0.02	0	0	0.05
38500	0.05	0.02	0.02	0	0	0.05
38600	0.05	0.04	0.04	0	0	0.05
38700	0.06	0.04	0.04	0	0	0.06
38800	0.05	0.04	0.04	0	0	0.05
38900	0.04	0.03	0.03	0	0	0.04
39000	0.04	0.05	0.05	0	0	0.04
39100	0.02	0.04	0.04	0	0	0.02
39200	0.01	0.05	0.05	0	0	0.01
39300	0.01	0.04	0.04	0	0	0.01
39400	0.01	0.03	0.03	0	0	0.01
39500	0	0.02	0.02	0	0	0
39600	0	0.02	0.02	0	0	0
39700	0.01	0.04	0.04	0	0	0.01
39800	0.01	0.03	0.03	0	0	0.01
39900	0.02	0.01	0.01	0	0	0.02
40000	0.02	0.01	0.01	0	0	0.02
40100	0.02	0.01	0.01	0	0	0.02
40200	0.02	0.03	0.03	0	0	0.02
40300	0	0.05	0.05	0	0	0
40400	0.01	0.03	0.03	0	0	0.01
40500	0.01	0.04	0.04	0	0	0.01
40600	0.01	0.02	0.02	0	0	0.01
40700	0.01	0.04	0.04	0	0	0.01
40800	0.02	0.04	0.04	0	0	0.02
40900	0.04	0.02	0.02	0	0	0.04
41000	0.05	0.02	0.02	0	0	0.05
41100	0.04	0.01	0.01	0	0	0.04
41200	0.02	0.01	0.01	0	0	0.02
41300	0.01	0	0	0	0	0.01
41400	0.01	0.05	0.05	0	0	0.01
41500	0.02	0.06	0.06	0	0	0.02
41600	0.01	0.07	0.07	0	0	0.01
41700	0	0.06	0.06	0	0	0
41800	0.01	0.05	0.05	0	0	0.01
41900	0.01	0.04	0.04	0	0	0.01
42000	0.02	0.03	0.03	0	0	0.02
42100	0.02	0.06	0.06	0	0	0.02
42200	0.02	0.06	0.06	0	0	0.02
42300	0.01	0.06	0.06	0	0	0.01
42400	0.01	0.05	0.05	0	0	0.01
42500	0	0.05	0.05	0	0	0
42600	0	0.04	0.04	0	0	0
42700	0.01	0.02	0.02	0	0	0.01
42800	0.02	0.03	0.03	0	0	0.02
42900	0.02	0.04	0.04	0	0	0.02
43000	0.01	0.04	0.04	0	0	0.01
43100	0.01	0.04	0.04	0	0	0.01
43200	0.02	0.03	0.03	0	0	0.02
43300	0.01	0.04	0.04	0	0	0.01
43400	0.02	0.05	0.05	0	0	0.02
43500	0.02	0.05	0.05	0	0	0.02
43600	0.04	0.04	0.04	0	0	0.04
43700	0.05	0.03	0.03	0	0	0.05
43800	0.04	0.02	0.02	0	0	0.04
43900	0.02	0.02	0.02	0	0	0.02
44000	0.02	0.03	0.03	0	0	0.02
44100	0.03	0.04	0.04	0	0	0.03
44200	0.01	0.03	0.03	0	0	0.01
44300	0.01	0.02	0.02	0	0	0.01
44400	0.01	0.02	0.02	0	0	0.01
44500	0	0.02	0.02	0	0	0
44600	0.01	0.03	0.03	0	0	0.01
44700	0.01	0.05	0.05	0	0	0.01
44800	0.02	0.05	0.05	0	0	0.02
44900	0.02	0.04	0.04	0	0	0.02
45000	0.03	0.04	0.04	0	0	0.03
45100	0.05	0.03	0.03	0	0	0.05
45200	0.04	0.02	0.02	0	0	0.04
45300	0.04	0.02	0.02	0	0	0.04
45400	0.05	0.02	0.02	0	0	0.05
45500	0.06	0.02	0.02	0	0	0.06
45600	0.07	0	0	0	0	0.07
45700	0.08	0.01	0.01	0	0	0.08
45800	0.08	0.02	0.02	0	0	0.08
45900	0.09	0.01	0.01	0	0	0.09
46000	0.1	0.01	0.01	0	0	0.1
46100	0.08	0.01	0.01	0	0	0.08
46200	0.07	0.02	0.02	0	0	0.07
46300	0.07	0.02	0.02	0	0	0.07
46400	0.08	0.03	0.03	0	0	0.08
46500	0.08	0.02	0.02	0	0	0.08
46600	0.08	0.01	0.01	0	0	0.08
46700	0.08	0.02	0.02	0	0	0.08
46800	0.08	0.01	0.01	0	0	0.08
46900	0.07	0.02	0.02	0	0	0.07
47000	0.08	0.03	0.03	0	0	0.08
47100	0.11	0.02	0.02	0	0	0.11
47200	0.12	0.02	0.02	0	0	0.12
47300	0.12	0.02	0.02	0	0	0.12
47400	0.12	0.04	0.04	0	0	0.12
47500	0.11	0.03	0.03	0	0	0.11
47600	0.11	0.03	0.03	0	0	0.11
47700	0.11	0.03	0.03	0	0	0.11
47800	0.13	0.02	0.02	0	0	0.13
47900	0.14	0.02	0.02	0	0	0.14
48000	0.15	0	0	0	0	0.15
48100	0.15	0.02	0.02	0	0	0.15
48200	0.16	0.02	0.02	0	0	0.16
48300	0.16	0.01	0.01	0	0	0.16
48400	0.15	0.01	0.01	0	0	0.15
48500	0.16	0.01	0.01	0	0	0.16
48600	0.15	0.01	0.01	0	0	0.15
48700	0.15	0.02	0.02	0	0	0.15
48800	0.15	0.02	0.02	0	0	0.15
48900	0.15	0.02	0.02	0	0	0.15
49000	0.16	0.01	0.01	0	0	0.16
49100	0.17	0.02	0.02	0	0	0.17
49200	0.18	0.02	0.02	0	0	0.18
49300	0.19	0	0	0	0	0.19
49400	0.19	0.01	0.01	0	0	0.19
49500	0.2	0.01	0.01	0	0	0.2
49600	0.19	0.01	0.01	0	0	0.19
49700	0.19	0.01	0.01	0	0	0.19
49800	0.19	0.01	0.01	0	0	0.19
49900	0.19	0	0	0	0	0.19
50000	0.19	0	0	0	0	0.19
50100	0.19	0.02	0.02	0	0	0.19
50200	0.19	0.02	0.02	0	0	0.19
50300	0.19	0.03	0.03	0	0	0.19
50400	0.2	0.03	0.03	0	0	0.2
50500	0.2	0.04	0.04	0	0	0.2
50600	0.2	0.04	0.04	0	0	0.2
50700	0.2	0.02	0.02	0	0	0.2
50800	0.2	0.03	0.03	0	0	0.2
50900	0.23	0.03	0.03	0	0	0.23
51000	0.23	0.03	0.03	0	0	0.23
51100	0.23	0.06	0.06	0	0	0.23
51200	0.23	0.04	0.04	0	0	0.23
51300	0.22	0.02	0.02	0	0	0.22
51400	0.21	0.03	0.03	0	0	0.21
51500	0.22	0.05	0.05	0	0	0.22
51600	0.23	0.03	0.03	0	0	0.23
51700	0.23	0.03	0.03	0	0	0.23
51800	0.23	0.02	0.02	0	0	0.23
51900	0.23	0.03	0.03	0	0	0.23
52000	0.25	0.06	0.06	0	0	0.25
52100	0.25	0.04	0.04	0	0	0.25
52200	0.25	0.02	0.02	0	0	0.25
52300	0.25	0.02	0.02	0	0	0.25
52400	0.26	0.02	0.02	0	0	0.26
52500	0.26	0.01	0.01	0	0	0.26
52600	0.26	0.01	0.01	0	0	0.26
52700	0.27	0.01	0.01	0	0	0.27
52800	0.3	0.03	0.03	0	0	0.3
52900	0.3	0.02	0.02	0	0	0.3
53000	0.32	0.02	0.02	0	0	0.32
53100	0.32	0.02	0.02	0	0	0.32
53200	0.33	0.02	0.02	0	0	0.33
53300	0.33	0	0	0	0	0.33
53400	0.33	0.01	0.01	0	0	0.33
53500	0.33	0.01	0.01	0	0	0.33
53600	0.33	0.01	0.01	0	0	0.33
53700	0.33	0.01	0.01	0	0	0.33
53800	0.34	0.01	0.01	0	0	0.34
53900	0.34	0.02	0.02	0	0	0.34
54000	0.34	0.03	0.03	0	0	0.34
54100	0.34	0.03	0.03	0	0	0.34
54200	0.34	0.04	0.04	0	0	0.34
54300	0.33	0.04	0.04	0	0	0.33
54400	0.33	0.06	0.06	0	0	0.33
54500	0.33	0.05	0.05	0	0	0.33
54600	0.33	0.03	0.03	0	0	0.33
54700	0.33	0.02	0.02	0	0	0.33
54800	0.34	0.01	0.01	0	0	0.34
54900	0.34	0.03	0.03	0	0	0.34
55000	0.34	0.02	0.02	0	0	0.34
55100	0.35	0.03	0.03	0	0	0.35
55200	0.36	0.03	0.03	0	0	0.36
55300	0.36	0.03	0.03	0	0	0.36
55400	0.35	0.04	0.04	0	0	0.35
55500	0.35	0.05	0.05	0	0	0.35
55600	0.35	0.06	0.06	0	0	0.35
55700	0.35	0.06	0.06	0	0	0.35
55800	0.35	0.08	0.08	0	0	0.35
55900	0.35	0.09	0.09	0	0	0.35
56000	0.35	0.08	0.08	0	0	0.35
56100	0.35	0.04	0.04	0	0	0.35
56200	0.35	0.04	0.04	0	0	0.35
56300	0.35	0.05	0.05	0	0	0.35
56400	0.35	0.02	0.02	0	0	0.35
56500	0.34	0.02	0.02	0	0	0.34
56600	0.34	0	0	0	0	0.34
56700	0.34	0	0	0	0	0.34
56800	0.34	0	0	0	0	0.34
56900	0.34	0.01	0.01	0	0	0.34
57000	0.35	0.01	0.01	0	0	0.35
57100	0.35	0.02	0.02	0	0	0.35
57200	0.35	0.02	0.02	0	0	0.35
57300	0.35	0.02	0.02	0	0	0.35
57400	0.34	0.02	0.02	0	0	0.34
57500	0.34	0.02	0.02	0	0	0.34
57600	0.34	0.03	0.03	0	0	0.34
57700	0.34	0.02	0.02	0	0	0.34
57800	0.35	0.03	0.03	0	0	0.35
57900	0.37	0.02	0.02	0	0	0.37
58000	0.37	0.01	0.01	0	0	0.37
58100	0.37	0.04	0.04	0	0	0.37
58200	0.37	0.05	0.05	0	0	0.37
58300	0.36	0.04	0.04	0	0	0.36
58400	0.35	0.04	0.04	0	0	0.35
58500	0.35	0.04	0.04	0	0	0.35
58600	0.36	0.02	0.02	0	0	0.36
58700	0.38	0.03	0.03	0	0	0.38
58800	0.37	0.04	0.04	0	0	0.37
58900	0.36	0.04	0.04	0	0	0.36
59000	0.36	0.05	0.05	0	0	0.36
59100	0.37	0.06	0.06	0	0	0.37
59200	0.37	0.08	0.08	0	0	0.37
59300	0.37	0.07	0.07	0	0	0.37
59400	0.36	0.07	0.07	0	0	0.36
59500	0.36	0.05	0.05	0	0	0.36
59600	0.35	0.06	0.06	0	0	0.35
59700	0.36	0.07	0.07	0	0	0.36
59800	0.36	0.08	0.08	0	0	0.36
59900	0.36	0.07	0.07	0	0	0.36
60000	0.36	0.07	0.07	0	0	0.36
60100	0.36	0.06	0.06	0	0	0.36
60200	0.36	0.04	0.04	0	0	0.36
60300	0.37	0.05	0.05	0	0	0.37
60400	0.38	0.02	0.02	0	0	0.38
60500	0.38	0.01	0.01	0	0	0.38
60600	0.38	0.03	0.03	0	0	0.38
60700	0.38	0.03	0.03	0	0	0.38
60800	0.39	0.03	0.03	0	0	0.39
60900	0.39	0.03	0.03	0	0	0.39
61000	0.39	0.03	0.03	0	0	0.39
61100	0.38	0.02	0.02	0	0	0.38
61200	0.38	0.01	0.01	0	0	0.38
61300	0.38	0	0	0	0	0.38
61400	0.39	0	0	0	0	0.39
61500	0.39	0.02	0.02	0	0	0.39
61600	0.4	0.03	0.03	0	0	0.4
61700	0.4	0.04	0.04	0	0	0.4
61800	0.4	0.05	0.05	0	0	0.4
61900	0.4	0.04	0.04	0	0	0.4
62000	0.4	0.04	0.04	0	0	0.4
62100	0.42	0.04	0.04	0	0	0.42
62200	0.42	0.03	0.03	0	0	0.42
62300	0.42	0.03	0.03	0	0	0.42
62400	0.41	0.03	0.03	0	0	0.41
62500	0.41	0.04	0.04	0	0	0.41
62600	0.42	0.04	0.04	0	0	0.42
62700	0.42	0.06	0.06	0	0	0.42
62800	0.42	0.05	0.05	0	0	0.42
62900	0.42	0.03	0.03	0	0	0.42
63000	0.42	0.03	0.03	0	0	0.42
63100	0.42	0.02	0.02	0	0	0.42
63200	0.42	0.02	0.02	0	0	0.42
63300	0.42	0.01	0.01	0	0	0.42
63400	0.42	0.02	0.02	0	0	0.42
63500	0.42	0.02	0.02	0	0	0.42
63600	0.42	0.03	0.03	0	0	0.42
63700	0.44	0.03	0.03	0	0	0.44
63800	0.44	0.04	0.04	0	0	0.44
63900	0.44	0.03	0.03	0	0	0.44
64000	0.44	0.02	0.02	0	0	0.44
64100	0.44	0.04	0.04	0	0	0.44
64200	0.44	0.02	0.02	0	0	0.44
64300	0.44	0.02	0.02	0	0	0.44
64400	0.46	0.02	0.02	0	0	0.46
64500	0.46	0.05	0.05	0	0	0.46
64600	0.45	0.05	0.05	0	0	0.45
64700	0.45	0.05	0.05	0	0	0.45
64800	0.45	0.04	0.04	0	0	0.45
64900	0.45	0.04	0.04	0	0	0.45
65000	0.45	0.04	0.04	0	0	0.45
65100	0.45	0.02	0.02	0	0	0.45
65200	0.45	0.02	0.02	0	0	0.45
65300	0.45	0	0	0	0	0.45
65400	0.45	0	0	0	0	0.45
65500	0.45	0	0	0	0	0.45
65600	0.44	0	0	0	0	0.44
65700	0.44	0.01	0.01	0	0	0.44
65800	0.45	0.01	0.01	0	0	0.45
65900	0.45	0.02	0.02	0	0	0.45
66000	0.45	0.03	0.03	0	0	0.45
66100	0.45	0.03	0.03	0	0	0.45
66200	0.44	0.03	0.03	0	0	0.44
66300	0.44	0.03	0.03	0	0	0.44
66400	0.44	0.03	0.03	0	0	0.44
66500	0.44	0.04	0.04	0	0	0.44
66600	0.44	0.03	0.03	0	0	0.44
66700	0.45	0.02	0.02	0	0	0.45
66800	0.46	0.01	0.01	0	0	0.46
66900	0.46	0.01	0.01	0	0	0.46
67000	0.47	0.01	0.01	0	0	0.47
67100	0.46	0.01	0.01	0	0	0.46
67200	0.47	0.01	0.01	0	0	0.47
67300	0.48	0.01	0.01	0	0	0.48
67400	0.48	0	0	0	0	0.48
67500	0.48	0	0	0	0	0.48
67600	0.48	0.01	0.01	0	0	0.48
67700	0.48	0.02	0.02	0	0	0.48
67800	0.48	0.03	0.03	0	0	0.48
67900	0.49	0.03	0.03	0	0	0.49
68000	0.5	0.04	0.04	0	0	0.5
68100	0.5	0.03	0.03	0	0	0.5
68200	0.51	0.03	0.03	0	0	0.51
68300	0.51	0.04	0.04	0	0	0.51
68400	0.51	0.06	0.06	0	0	0.51
68500	0.51	0.01	0.01	0	0	0.51
68600	0.51	0.01	0.01	0	0	0.51
68700	0.51	0	0	0	0	0.51
68800	0.51	0	0	0	0	0.51
68900	0.51	0.01	0.01	0	0	0.51
69000	0.51	0.01	0.01	0	0	0.51
69100	0.51	0.01	0.01	0	0	0.51
69200	0.51	0.01	0.01	0	0	0.51
69300	0.5	0.01	0.01	0	0	0.5
69400	0.5	0.03	0.03	0	0	0.5
69500	0.5	0.03	0.03	0	0	0.5
69600	0.5	0.03	0.03	0	0	0.5
69700	0.5	0.03	0.03	0	0	0.5
69800	0.5	0.02	0.02	0	0	0.5
69900	0.5	0.03	0.03	0	0	0.5
70000	0.5	0.01	0.01	0	0	0.5
70100	0.5	0.02	0.02	0	0	0.5
70200	0.5	0.02	0.02	0	0	0.5
70300	0.5	0.03	0.03	0	0	0.5
70400	0.51	0.02	0.02	0	0	0.51
70500	0.51	0.03	0.03	0	0	0.51
70600	0.51	0.02	0.02	0	0	0.51
70700	0.51	0.01	0.01	0	0	0.51
70800	0.5	0.01	0.01	0	0	0.5
70900	0.5	0	0	0	0	0.5
71000	0.5	0	0	0	0	0.5
71100	0.5	0.01	0.01	0	0	0.5
71200	0.5	0.01	0.01	0	0	0.5
71300	0.5	0.01	0.01	0	0	0.5
71400	0.5	0.02	0.02	0	0	0.5
71500	0.5	0.02	0.02	0	0	0.5
71600	0.5	0.02	0.02	0	0	0.5
71700	0.5	0.01	0.01	0	0	0.5
71800	0.5	0	0	0	0	0.5
71900	0.5	0	0	0	0	0.5
72000	0.5	0	0	0	0	0.5
72100	0.5	0	0	0	0	0.5
72200	0.5	0	0	0	0	0.5
72300	0.5	0.01	0.01	0	0	0.5
72400	0.5	0.01	0.01	0	0	0.5
72500	0.5	0.02	0.02	0	0	0.5
72600	0.5	0.02	0.02	0	0	0.5
72700	0.5	0.02	0.02	0	0	0.5
72800	0.51	0.03	0.03	0	0	0.51
72900	0.5	0.04	0.04	0	0	0.5
73000	0.5	0.04	0.04	0	0	0.5
73100	0.5	0.04	0.04	0	0	0.5
73200	0.49	0.03	0.03	0	0	0.49
73300	0.49	0.03	0.03	0	0	0.49
73400	0.49	0.03	0.03	0	0	0.49
73500	0.49	0.04	0.04	0	0	0.49
73600	0.49	0.03	0.03	0	0	0.49
73700	0.49	0.03	0.03	0	0	0.49
73800	0.5	0.03	0.03	0	0	0.5
73900	0.5	0.04	0.04	0	0	0.5
74000	0.5	0.03	0.03	0	0	0.5
74100	0.5	0.06	0.06	0	0	0.5
74200	0.5	0.07	0.07	0	0	0.5
74300	0.5	0.06	0.06	0	0	0.5
74400	0.51	0.05	0.05	0	0	0.51
74500	0.51	0.03	0.03	0	0	0.51
74600	0.51	0.04	0.04	0	0	0.51
74700	0.51	0.04	0.04	0	0	0.51
74800	0.52	0.04	0.04	0	0	0.52
74900	0.51	0.03	0.03	0	0	0.51
75000	0.5	0.01	0.01	0	0	0.5
75100	0.5	0.01	0.01	0	0	0.5
75200	0.5	0.01	0.01	0	0	0.5
75300	0.5	0.02	0.02	0	0	0.5
75400	0.5	0.01	0.01	0	0	0.5
75500	0.5	0.02	0.02	0	0	0.5
75600	0.5	0.02	0.02	0	0	0.5
75700	0.5	0.01	0.01	0	0	0.5
75800	0.5	0.01	0.01	0	0	0.5
75900	0.5	0.01	0.01	0	0	0.5
76000	0.5	0	0	0	0	0.5
76100	0.5	0.01	0.01	0	0	0.5
76200	0.5	0.02	0.02	0	0	0.5
76300	0.5	0.02	0.02	0	0	0.5
76400	0.5	0.03	0.03	0	0	0.5
76500	0.5	0.03	0.03	0	0	0.5
76600	0.5	0.02	0.02	0	0	0.5
76700	0.5	0.02	0.02	0	0	0.5
76800	0.5	0.01	0.01	0	0	0.5
76900	0.5	0.01	0.01	0	0	0.5
77000	0.5	0.02	0.02	0	0	0.5
77100	0.5	0.02	0.02	0	0	0.5
77200	0.5	0.01	0.01	0	0	0.5
77300	0.51	0.02	0.02	0	0	0.51
77400	0.51	0.01	0.01	0	0	0.51
77500	0.52	0.01	0.01	0	0	0.52
77600	0.52	0.01	0.01	0	0	0.52
77700	0.52	0.02	0.02	0	0	0.52
77800	0.52	0.02	0.02	0	0	0.52
77900	0.52	0.03	0.03	0	0	0.52
78000	0.52	0.04	0.04	0	0	0.52
78100	0.52	0.03	0.03	0	0	0.52
78200	0.52	0.03	0.03	0	0	0.52
78300	0.52	0.03	0.03	0	0	0.52
78400	0.52	0.02	0.02	0	0	0.52
78500	0.52	0.03	0.03	0	0	0.52
78600	0.52	0.01	0.01	0	0	0.52
78700	0.52	0.02	0.02	0	0	0.52
78800	0.52	0.01	0.01	0	0	0.52
78900	0.52	0.01	0.01	0	0	0.52
79000	0.52	0.01	0.01	0	0	0.52
79100	0.52	0.05	0.05	0	0	0.52
79200	0.52	0.05	0.05	0	0	0.52
79300	0.52	0.06	0.06	0	0	0.52
79400	0.52	0.08	0.08	0	0	0.52
79500	0.52	0.08	0.08	0	0	0.52
79600	0.52	0.09	0.09	0	0	0.52
79700	0.52	0.09	0.09	0	0	0.52
79800	0.52	0.09	0.09	0	0	0.52
79900	0.52	0.09	0.09	0	0	0.52
80000	0.52	0.1	0.1	0	0	0.52
80100	0.52	0.09	0.09	0	0	0.52
80200	0.52	0.09	0.09	0	0	0.52
80300	0.52	0.08	0.08	0	0	0.52
80400	0.52	0.08	0.08	0	0	0.52
80500	0.52	0.08	0.08	0	0	0.52
80600	0.52	0.08	0.08	0	0	0.52
80700	0.52	0.08	0.08	0	0	0.52
80800	0.52	0.09	0.09	0	0	0.52
80900	0.52	0.09	0.09	0	0	0.52
81000	0.52	0.08	0.08	0	0	0.52
81100	0.52	0.07	0.07	0	0	0.52
81200	0.52	0.07	0.07	0	0	0.52
81300	0.52	0.06	0.06	0	0	0.52
81400	0.52	0.07	0.07	0	0	0.52
81500	0.52	0.07	0.07	0	0	0.52
81600	0.51	0.07	0.07	0	0	0.51
81700	0.51	0.06	0.06	0	0	0.51
81800	0.51	0.06	0.06	0	0	0.51
81900	0.51	0.07	0.07	0	0	0.51
82000	0.51	0.07	0.07	0	0	0.51
82100	0.51	0.07	0.07	0	0	0.51
82200	0.51	0.07	0.07	0	0	0.51
82300	0.51	0.07	0.07	0	0	0.51
82400	0.51	0.08	0.08	0	0	0.51
82500	0.51	0.09	0.09	0	0	0.51
82600	0.51	0.1	0.1	0	0	0.51
82700	0.51	0.12	0.12	0	0	0.51
82800	0.51	0.11	0.11	0	0	0.51
82900	0.51	0.11	0.11	0	0	0.51
83000	0.51	0.11	0.11	0	0	0.51
83100	0.51	0.11	0.11	0	0	0.51
83200	0.51	0.11	0.11	0	0	0.51
83300	0.51	0.11	0.11	0	0	0.51
83400	0.51	0.12	0.12	0	0	0.51
83500	0.51	0.13	0.13	0	0	0.51
83600	0.51	0.13	0.13	0	0	0.51
83700	0.51	0.13	0.13	0	0	0.51
83800	0.51	0.14	0.14	0	0	0.51
83900	0.51	0.15	0.15	0	0	0.51
84000	0.51	0.15	0.15	0	0	0.51
84100	0.51	0.16	0.16	0	0	0.51
84200	0.51	0.16	0.16	0	0	0.51
84300	0.51	0.17	0.17	0	0	0.51
84400	0.51	0.17	0.17	0	0	0.51
84500	0.51	0.18	0.18	0	0	0.51
84600	0.5	0.19	0.19	0	0	0.5
84700	0.5	0.19	0.19	0	0	0.5
84800	0.51	0.18	0.18	0	0	0.51
84900	0.51	0.19	0.19	0	0	0.51
85000	0.51	0.19	0.19	0	0	0.51
85100	0.51	0.19	0.19	0	0	0.51
85200	0.51	0.19	0.19	0	0	0.51
85300	0.51	0.19	0.19	0	0	0.51
85400	0.51	0.19	0.19	0	0	0.51
85500	0.51	0.19	0.19	0	0	0.51
85600	0.51	0.19	0.19	0	0	0.51
85700	0.51	0.2	0.2	0	0	0.51
85800	0.51	0.22	0.22	0	0	0.51
85900	0.51	0.23	0.23	0	0	0.51
86000	0.51	0.23	0.23	0	0	0.51
86100	0.51	0.22	0.22	0	0	0.51
86200	0.51	0.22	0.22	0	0	0.51
86300	0.51	0.2	0.2	0	0	0.51
86400	0.51	0.2	0.2	0	0	0.51
86500	0.52	0.2	0.2	0	0	0.52
86600	0.52	0.23	0.23	0	0	0.52
86700	0.52	0.23	0.23	0	0	0.52
86800	0.52	0.23	0.23	0	0	0.52
86900	0.52	0.22	0.22	0	0	0.52
87000	0.51	0.22	0.22	0	0	0.51
87100	0.51	0.22	0.22	0	0	0.51
87200	0.51	0.22	0.22	0	0	0.51
87300	0.51	0.22	0.22	0	0	0.51
87400	0.51	0.22	0.22	0	0	0.51
87500	0.51	0.22	0.22	0	0	0.51
87600	0.51	0.22	0.22	0	0	0.51
87700	0.51	0.23	0.23	0	0	0.51
87800	0.51	0.23	0.23	0	0	0.51
87900	0.51	0.23	0.23	0	0	0.51
88000	0.51	0.23	0.23	0	0	0.51
88100	0.51	0.24	0.24	0	0	0.51
88200	0.51	0.24	0.24	0	0	0.51
88300	0.51	0.24	0.24	0	0	0.51
88400	0.51	0.24	0.24	0	0	0.51
88500	0.51	0.24	0.24	0	0	0.51
88600	0.51	0.24	0.24	0	0	0.51
88700	0.51	0.24	0.24	0	0	0.51
88800	0.51	0.24	0.24	0	0	0.51
88900	0.51	0.24	0.24	0	0	0.51
89000	0.51	0.24	0.24	0	0	0.51
89100	0.51	0.23	0.23	0	0	0.51
89200	0.51	0.23	0.23	0	0	0.51
89300	0.51	0.23	0.23	0	0	0.51
89400	0.51	0.24	0.24	0	0	0.51
89500	0.51	0.24	0.24	0	0	0.51
89600	0.51	0.25	0.25	0	0	0.51
89700	0.51	0.25	0.25	0	0	0.51
89800	0.51	0.24	0.24	0	0	0.51
89900	0.51	0.23	0.23	0	0	0.51
90000	0.51	0.24	0.24	0	0	0.51
90100	0.51	0.24	0.24	0	0	0.51
90200	0.51	0.24	0.24	0	0	0.51
90300	0.51	0.25	0.25	0	0	0.51
90400	0.51	0.25	0.25	0	0	0.51
90500	0.51	0.25	0.25	0	0	0.51
90600	0.51	0.25	0.25	0	0	0.51
90700	0.51	0.25	0.25	0	0	0.51
90800	0.51	0.24	0.24	0	0	0.51
90900	0.51	0.24	0.24	0	0	0.51
91000	0.51	0.25	0.25	0	0	0.51
91100	0.51	0.25	0.25	0	0	0.51
91200	0.51	0.26	0.26	0	0	0.51
91300	0.51	0.26	0.26	0	0	0.51
91400	0.51	0.27	0.27	0	0	0.51
91500	0.51	0.26	0.26	0	0	0.51
91600	0.51	0.26	0.26	0	0	0.51
91700	0.51	0.26	0.26	0	0	0.51
91800	0.51	0.27	0.27	0	0	0.51
91900	0.51	0.27	0.27	0	0	0.51
92000	0.51	0.26	0.26	0	0	0.51
92100	0.51	0.26	0.26	0	0	0.51
92200	0.51	0.27	0.27	0	0	0.51
92300	0.51	0.26	0.26	0	0	0.51
92400	0.51	0.26	0.26	0	0	0.51
92500	0.51	0.26	0.26	0	0	0.51
92600	0.51	0.26	0.26	0	0	0.51
92700	0.51	0.27	0.27	0	0	0.51
92800	0.51	0.27	0.27	0	0	0.51
92900	0.51	0.27	0.27	0	0	0.51
93000	0.51	0.26	0.26	0	0	0.51
93100	0.51	0.26	0.26	0	0	0.51
93200	0.52	0.25	0.25	0	0	0.52
93300	0.52	0.25	0.25	0	0	0.52
93400	0.52	0.24	0.24	0	0	0.52
93500	0.52	0.23	0.23	0	0	0.52
93600	0.52	0.23	0.23	0	0	0.52
93700	0.52	0.23	0.23	0	0	0.52
93800	0.52	0.23	0.23	0	0	0.52
93900	0.52	0.23	0.23	0	0	0.52
94000	0.52	0.23	0.23	0	0	0.52
94100	0.52	0.23	0.23	0	0	0.52
94200	0.52	0.23	0.23	0	0	0.52
94300	0.52	0.23	0.23	0	0	0.52
94400	0.53	0.23	0.23	0	0	0.53
94500	0.53	0.23	0.23	0	0	0.53
94600	0.53	0.23	0.23	0	0	0.53
94700	0.53	0.23	0.23	0	0	0.53
94800	0.53	0.25	0.25	0	0	0.53
94900	0.53	0.25	0.25	0	0	0.53
95000	0.53	0.25	0.25	0	0	0.53
95100	0.53	0.24	0.24	0	0	0.53
95200	0.53	0.26	0.26	0	0	0.53
95300	0.53	0.26	0.26	0	0	0.53
95400	0.53	0.27	0.27	0	0	0.53
95500	0.53	0.27	0.27	0	0	0.53
95600	0.53	0.27	0.27	0	0	0.53
95700	0.53	0.27	0.27	0	0	0.53
95800	0.53	0.27	0.27	0	0	0.53
95900	0.53	0.28	0.28	0	0	0.53
96000	0.53	0.27	0.27	0	0	0.53
96100	0.53	0.28	0.28	0	0	0.53
96200	0.53	0.27	0.27	0	0	0.53
96300	0.53	0.26	0.26	0	0	0.53
96400	0.52	0.26	0.26	0	0	0.52
96500	0.52	0.27	0.27	0	0	0.52
96600	0.52	0.27	0.27	0	0	0.52
96700	0.52	0.27	0.27	0	0	0.52
96800	0.53	0.27	0.27	0	0	0.53
96900	0.53	0.27	0.27	0	0	0.53
97000	0.53	0.27	0.27	0	0	0.53
97100	0.53	0.27	0.27	0	0	0.53
97200	0.53	0.27	0.27	0	0	0.53
97300	0.53	0.27	0.27	0	0	0.53
97400	0.54	0.27	0.27	0	0	0.54
97500	0.54	0.27	0.27	0	0	0.54
97600	0.54	0.27	0.27	0	0	0.54
97700	0.54	0.28	0.28	0	0	0.54
97800	0.54	0.28	0.28	0	0	0.54
97900	0.54	0.28	0.28	0	0	0.54
98000	0.54	0.28	0.28	0	0	0.54
98100	0.54	0.28	0.28	0	0	0.54
98200	0.54	0.28	0.28	0	0	0.54
98300	0.54	0.28	0.28	0	0	0.54
98400	0.54	0.28	0.28	0	0	0.54
98500	0.54	0.29	0.29	0	0	0.54
98600	0.54	0.29	0.29	0	0	0.54
98700	0.54	0.29	0.29	0	0	0.54
98800	0.54	0.28	0.28	0	0	0.54
98900	0.54	0.28	0.28	0	0	0.54
99000	0.54	0.28	0.28	0	0	0.54
99100	0.54	0.28	0.28	0	0	0.54
99200	0.54	0.28	0.28	0	0	0.54
99300	0.54	0.28	0.28	0	0	0.54
99400	0.54	0.28	0.28	0	0	0.54
99500	0.54	0.28	0.28	0	0	0.54
99600	0.54	0.28	0.28	0	0	0.54
99700	0.55	0.28	0.28	0	0	0.55
99800	0.55	0.29	0.29	0	0	0.55
99900	0.55	0.28	0.28	0	0	0.55
100000	0.54	0.29	0.29	0	0	0.54
100100	0.54	0.29	0.29	0	0	0.54
100200	0.54	0.29	0.29	0	0	0.54
100300	0.54	0.29	0.29	0	0	0.54
100400	0.54	0.28	0.28	0	0	0.54
100500	0.54	0.28	0.28	0	0	0.54
100600	0.54	0.28	0.28	0	0	0.54
100700	0.54	0.29	0.29	0	0	0.54
100800	0.54	0.29	0.29	0	0	0.54
100900	0.54	0.3	0.3	0	0	0.54
101000	0.54	0.3	0.3	0	0	0.54
101100	0.54	0.3	0.3	0	0	0.54
101200	0.54	0.3	0.3	0	0	0.54
101300	0.54	0.3	0.3	0	0	0.54
101400	0.54	0.31	0.31	0	0	0.54
101500	0.54	0.32	0.32	0	0	0.54
101600	0.54	0.32	0.32	0	0	0.54
101700	0.54	0.32	0.32	0	0	0.54
101800	0.54	0.32	0.32	0	0	0.54
101900	0.54	0.31	0.31	0	0	0.54
102000	0.54	0.31	0.31	0	0	0.54
102100	0.54	0.31	0.31	0	0	0.54
102200	0.54	0.31	0.31	0	0	0.54
102300	0.54	0.31	0.31	0	0	0.54
102400	0.54	0.31	0.31	0	0	0.54
102500	0.54	0.31	0.31	0	0	0.54
102600	0.54	0.31	0.31	0	0	0.54
102700	0.54	0.31	0.31	0	0	0.54
102800	0.54	0.31	0.31	0	0	0.54
102900	0.54	0.32	0.32	0	0	0.54
103000	0.54	0.32	0.32	0	0	0.54
103100	0.54	0.32	0.32	0	0	0.54
103200	0.54	0.32	0.32	0	0	0.54
103300	0.54	0.32	0.32	0	0	0.54
103400	0.54	0.32	0.32	0	0	0.54
103500	0.54	0.32	0.32	0	0	0.54
103600	0.54	0.32	0.32	0	0	0.54
103700	0.54	0.32	0.32	0	0	0.54
103800	0.54	0.32	0.32	0	0	0.54
103900	0.54	0.32	0.32	0	0	0.54
104000	0.54	0.32	0.32	0	0	0.54
104100	0.54	0.32	0.32	0	0	0.54
104200	0.54	0.32	0.32	0	0	0.54
104300	0.54	0.32	0.32	0	0	0.54
104400	0.54	0.33	0.33	0	0	0.54
104500	0.54	0.33	0.33	0	0	0.54
104600	0.54	0.33	0.33	0	0	0.54
104700	0.54	0.34	0.34	0	0	0.54
104800	0.54	0.34	0.34	0	0	0.54
104900	0.54	0.35	0.35	0	0	0.54
105000	0.54	0.35	0.35	0	0	0.54
105100	0.54	0.35	0.35	0	0	0.54
105200	0.54	0.35	0.35	0	0	0.54
105300	0.54	0.35	0.35	0	0	0.54
105400	0.54	0.35	0.35	0	0	0.54
105500	0.54	0.35	0.35	0	0	0.54
105600	0.54	0.35	0.35	0	0	0.54
105700	0.54	0.34	0.34	0	0	0.54
105800	0.54	0.34	0.34	0	0	0.54
105900	0.54	0.34	0.34	0	0	0.54
106000	0.54	0.34	0.34	0	0	0.54
106100	0.54	0.34	0.34	0	0	0.54
106200	0.54	0.34	0.34	0	0	0.54
106300	0.54	0.34	0.34	0	0	0.54
106400	0.54	0.34	0.34	0	0	0.54
106500	0.54	0.35	0.35	0	0	0.54
106600	0.54	0.36	0.36	0	0	0.54
106700	0.54	0.36	0.36	0	0	0.54
106800	0.54	0.36	0.36	0	0	0.54
106900	0.54	0.35	0.35	0	0	0.54
107000	0.54	0.35	0.35	0	0	0.54
107100	0.54	0.35	0.35	0	0	0.54
107200	0.54	0.36	0.36	0	0	0.54
107300	0.54	0.37	0.37	0	0	0.54
107400	0.54	0.37	0.37	0	0	0.54
107500	0.54	0.36	0.36	0	0	0.54
107600	0.54	0.36	0.36	0	0	0.54
107700	0.54	0.36	0.36	0	0	0.54
107800	0.54	0.36	0.36	0	0	0.54
107900	0.54	0.36	0.36	0	0	0.54
108000	0.54	0.36	0.36	0	0	0.54
108100	0.54	0.36	0.36	0	0	0.54
108200	0.54	0.36	0.36	0	0	0.54
108300	0.54	0.36	0.36	0	0	0.54
108400	0.54	0.36	0.36	0	0	0.54
108500	0.54	0.36	0.36	0	0	0.54
108600	0.54	0.37	0.37	0	0	0.54
108700	0.54	0.37	0.37	0	0	0.54
108800	0.54	0.37	0.37	0	0	0.54
108900	0.54	0.36	0.36	0	0	0.54
109000	0.54	0.35	0.35	0	0	0.54
109100	0.54	0.35	0.35	0	0	0.54
109200	0.54	0.35	0.35	0	0	0.54
109300	0.54	0.35	0.35	0	0	0.54
109400	0.54	0.35	0.35	0	0	0.54
109500	0.54	0.35	0.35	0	0	0.54
109600	0.54	0.35	0.35	0	0	0.54
109700	0.54	0.35	0.35	0	0	0.54
109800	0.54	0.35	0.35	0	0	0.54
109900	0.54	0.36	0.36	0	0	0.54
110000	0.54	0.36	0.36	0	0	0.54
110100	0.54	0.36	0.36	0	0	0.54
110200	0.54	0.37	0.37	0	0	0.54
110300	0.54	0.37	0.37	0	0	0.54
110400	0.54	0.37	0.37	0	0	0.54
110500	0.54	0.37	0.37	0	0	0.54
110600	0.54	0.37	0.37	0	0	0.54
110700	0.54	0.37	0.37	0	0	0.54
110800	0.54	0.37	0.37	0	0	0.54
110900	0.54	0.37	0.37	0	0	0.54
111000	0.54	0.37	0.37	0	0	0.54
111100	0.54	0.37	0.37	0	0	0.54
111200	0.54	0.37	0.37	0	0	0.54
111300	0.54	0.37	0.37	0	0	0.54
111400	0.54	0.37	0.37	0	0	0.54
111500	0.54	0.37	0.37	0	0	0.54
111600	0.54	0.37	0.37	0	0	0.54
111700	0.54	0.37	0.37	0	0	0.54
111800	0.54	0.37	0.37	0	0	0.54
111900	0.54	0.36	0.36	0	0	0.54
112000	0.55	0.36	0.36	0	0	0.55
112100	0.55	0.36	0.36	0	0	0.55
112200	0.55	0.35	0.35	0	0	0.55
112300	0.55	0.35	0.35	0	0	0.55
112400	0.55	0.35	0.35	0	0	0.55
112500	0.55	0.35	0.35	0	0	0.55
112600	0.55	0.35	0.35	0	0	0.55
112700	0.55	0.35	0.35	0	0	0.55
112800	0.55	0.36	0.36	0	0	0.55
112900	0.55	0.36	0.36	0	0	0.55
113000	0.55	0.36	0.36	0	0	0.55
113100	0.55	0.36	0.36	0	0	0.55
113200	0.55	0.35	0.35	0	0	0.55
113300	0.55	0.35	0.35	0	0	0.55
113400	0.55	0.35	0.35	0	0	0.55
113500	0.55	0.35	0.35	0	0	0.55
113600	0.55	0.35	0.35	0	0	0.55
113700	0.55	0.35	0.35	0	0	0.55
113800	0.55	0.35	0.35	0	0	0.55
113900	0.55	0.35	0.35	0	0	0.55
114000	0.55	0.36	0.36	0	0	0.55
114100	0.55	0.36	0.36	0	0	0.55
114200	0.55	0.36	0.36	0	0	0.55
114300	0.55	0.36	0.36	0	0	0.55
114400	0.55	0.36	0.36	0	0	0.55
114500	0.55	0.36	0.36	0	0	0.55
114600	0.55	0.36	0.36	0	0	0.55
114700	0.55	0.37	0.37	0	0	0.55
114800	0.55	0.37	0.37	0	0	0.55
114900	0.55	0.37	0.37	0	0	0.55
115000	0.55	0.37	0.37	0	0	0.55
115100	0.55	0.37	0.37	0	0	0.55
115200	0.55	0.37	0.37	0	0	0.55
115300	0.55	0.37	0.37	0	0	0.55
115400	0.55	0.37	0.37	0	0	0.55
115500	0.55	0.36	0.36	0	0	0.55
115600	0.55	0.36	0.36	0	0	0.55
115700	0.55	0.36	0.36	0	0	0.55
115800	0.55	0.37	0.37	0	0	0.55
115900	0.55	0.37	0.37	0	0	0.55
116000	0.55	0.37	0.37	0	0	0.55
116100	0.55	0.37	0.37	0	0	0.55
116200	0.55	0.37	0.37	0	0	0.55
116300	0.55	0.37	0.37	0	0	0.55
116400	0.55	0.36	0.36	0	0	0.55
116500	0.55	0.36	0.36	0	0	0.55
116600	0.55	0.36	0.36	0	0	0.55
116700	0.55	0.37	0.37	0	0	0.55
116800	0.55	0.37	0.37	0	0	0.55
116900	0.55	0.38	0.38	0	0	0.55
117000	0.55	0.37	0.37	0	0	0.55
117100	0.55	0.37	0.37	0	0	0.55
117200	0.55	0.37	0.37	0	0	0.55
117300	0.55	0.37	0.37	0	0	0.55
117400	0.55	0.37	0.37	0	0	0.55
117500	0.55	0.37	0.37	0	0	0.55
117600	0.55	0.37	0.37	0	0	0.55
117700	0.55	0.37	0.37	0	0	0.55
117800	0.54	0.37	0.37	0	0	0.54
117900	0.54	0.37	0.37	0	0	0.54
118000	0.54	0.37	0.37	0	0	0.54
118100	0.54	0.37	0.37	0	0	0.54
118200	0.54	0.37	0.37	0	0	0.54
118300	0.54	0.37	0.37	0	0	0.54
118400	0.54	0.37	0.37	0	0	0.54
118500	0.54	0.37	0.37	0	0	0.54
118600	0.54	0.38	0.38	0	0	0.54
118700	0.54	0.38	0.38	0	0	0.54
118800	0.54	0.38	0.38	0	0	0.54
118900	0.54	0.39	0.39	0	0	0.54
119000	0.54	0.39	0.39	0	0	0.54
119100	0.54	0.39	0.39	0	0	0.54
119200	0.54	0.39	0.39	0	0	0.54
119300	0.54	0.4	0.4	0	0	0.54
119400	0.54	0.4	0.4	0	0	0.54
119500	0.54	0.4	0.4	0	0	0.54
119600	0.54	0.4	0.4	0	0	0.54
119700	0.54	0.4	0.4	0	0	0.54
119800	0.54	0.4	0.4	0	0	0.54
119900	0.54	0.4	0.4	0	0	0.54
120000	0.54	0.41	0.41	0	0	0.54
120100	0.54	0.41	0.41	0	0	0.54
120200	0.54	0.41	0.41	0	0	0.54
120300	0.54	0.41	0.41	0	0	0.54
120400	0.55	0.41	0.41	0	0	0.55
120500	0.55	0.4	0.4	0	0	0.55
120600	0.55	0.4	0.4	0	0	0.55
120700	0.55	0.4	0.4	0	0	0.55
120800	0.55	0.4	0.4	0	0	0.55
120900	0.55	0.4	0.4	0	0	0.55
121000	0.54	0.4	0.4	0	0	0.54
121100	0.54	0.4	0.4	0	0	0.54
121200	0.54	0.41	0.41	0	0	0.54
121300	0.54	0.41	0.41	0	0	0.54
121400	0.54	0.42	0.42	0	0	0.54
121500	0.54	0.42	0.42	0	0	0.54
121600	0.54	0.42	0.42	0	0	0.54
121700	0.54	0.42	0.42	0	0	0.54
121800	0.54	0.42	0.42	0	0	0.54
121900	0.54	0.42	0.42	0	0	0.54
122000	0.54	0.42	0.42	0	0	0.54
122100	0.54	0.42	0.42	0	0	0.54
122200	0.54	0.42	0.42	0	0	0.54
122300	0.54	0.42	0.42	0	0	0.54
122400	0.54	0.42	0.42	0	0	0.54
122500	0.54	0.42	0.42	0	0	0.54
122600	0.54	0.42	0.42	0	0	0.54
122700	0.54	0.42	0.42	0	0	0.54
122800	0.54	0.42	0.42	0	0	0.54
122900	0.54	0.43	0.43	0	0	0.54
123000	0.54	0.43	0.43	0	0	0.54
123100	0.53	0.43	0.43	0	0	0.53
123200	0.53	0.44	0.44	0	0	0.53
123300	0.53	0.43	0.43	0	0	0.53
123400	0.53	0.43	0.43	0	0	0.53
123500	0.53	0.43	0.43	0	0	0.53
123600	0.53	0.43	0.43	0	0	0.53
123700	0.53	0.43	0.43	0	0	0.53
123800	0.53	0.43	0.43	0	0	0.53
123900	0.53	0.43	0.43	0	0	0.53
124000	0.53	0.43	0.43	0	0	0.53
124100	0.53	0.43	0.43	0	0	0.53
124200	0.53	0.42	0.42	0	0	0.53
124300	0.53	0.41	0.41	0	0	0.53
124400	0.53	0.4	0.4	0	0	0.53
124500	0.54	0.4	0.4	0	0	0.54
124600	0.54	0.4	0.4	0	0	0.54
124700	0.54	0.4	0.4	0	0	0.54
124800	0.54	0.4	0.4	0	0	0.54
124900	0.54	0.4	0.4	0	0	0.54
125000	0.54	0.4	0.4	0	0	0.54
125100	0.54	0.4	0.4	0	0	0.54
125200	0.54	0.4	0.4	0	0	0.54
125300	0.54	0.4	0.4	0	0	0.54
125400	0.54	0.4	0.4	0	0	0.54
125500	0.54	0.4	0.4	0	0	0.54
125600	0.54	0.41	0.41	0	0	0.54
125700	0.55	0.41	0.41	0	0	0.55
125800	0.55	0.41	0.41	0	0	0.55
125900	0.54	0.41	0.41	0	0	0.54
126000	0.54	0.41	0.41	0	0	0.54
126100	0.54	0.41	0.41	0	0	0.54
126200	0.54	0.4	0.4	0	0	0.54
126300	0.54	0.4	0.4	0	0	0.54
126400	0.54	0.4	0.4	0	0	0.54
126500	0.54	0.4	0.4	0	0	0.54
126600	0.54	0.4	0.4	0	0	0.54
126700	0.54	0.4	0.4	0	0	0.54
126800	0.54	0.4	0.4	0	0	0.54
126900	0.54	0.4	0.4	0	0	0.54
127000	0.54	0.4	0.4	0	0	0.54
127100	0.54	0.4	0.4	0	0	0.54
127200	0.54	0.41	0.41	0	0	0.54
127300	0.54	0.41	0.41	0	0	0.54
127400	0.54	0.41	0.41	0	0	0.54
127500	0.54	0.41	0.41	0	0	0.54
127600	0.54	0.41	0.41	0	0	0.54
127700	0.54	0.41	0.41	0	0	0.54
127800	0.54	0.41	0.41	0	0	0.54
127900	0.54	0.42	0.42	0	0	0.54
128000	0.54	0.42	0.42	0	0	0.54
128100	0.54	0.42	0.42	0	0	0.54
128200	0.54	0.42	0.42	0	0	0.54
128300	0.54	0.42	0.42	0	0	0.54
128400	0.54	0.42	0.42	0	0	0.54
128500	0.54	0.42	0.42	0	0	0.54
128600	0.54	0.42	0.42	0	0	0.54
128700	0.54	0.42	0.42	0	0	0.54
128800	0.54	0.42	0.42	0	0	0.54
128900	0.54	0.42	0.42	0	0	0.54
129000	0.54	0.42	0.42	0	0	0.54
129100	0.54	0.42	0.42	0	0	0.54
129200	0.54	0.42	0.42	0	0	0.54
129300	0.54	0.42	0.42	0	0	0.54
129400	0.54	0.42	0.42	0	0	0.54
129500	0.54	0.42	0.42	0	0	0.54
129600	0.54	0.43	0.43	0	0	0.54
129700	0.54	0.43	0.43	0	0	0.54
129800	0.54	0.42	0.42	0	0	0.54
129900	0.54	0.42	0.42	0	0	0.54
130000	0.54	0.42	0.42	0	0	0.54
130100	0.54	0.42	0.42	0	0	0.54
130200	0.54	0.42	0.42	0	0	0.54
130300	0.54	0.42	0.42	0	0	0.54
130400	0.54	0.42	0.42	0	0	0.54
130500	0.54	0.42	0.42	0	0	0.54
130600	0.54	0.42	0.42	0	0	0.54
130700	0.54	0.42	0.42	0	0	0.54
130800	0.54	0.42	0.42	0	0	0.54
130900	0.54	0.42	0.42	0	0	0.54
131000	0.54	0.42	0.42	0	0	0.54
131100	0.54	0.42	0.42	0	0	0.54
131200	0.54	0.42	0.42	0	0	0.54
131300	0.54	0.42	0.42	0	0	0.54
131400	0.54	0.42	0.42	0	0	0.54
131500	0.54	0.42	0.42	0	0	0.54
131600	0.54	0.42	0.42	0	0	0.54
131700	0.54	0.42	0.42	0	0	0.54
131800	0.54	0.42	0.42	0	0	0.54
131900	0.54	0.42	0.42	0	0	0.54
132000	0.54	0.42	0.42	0	0	0.54
132100	0.54	0.42	0.42	0	0	0.54
132200	0.54	0.42	0.42	0	0	0.54
132300	0.54	0.42	0.42	0	0	0.54
132400	0.54	0.42	0.42	0	0	0.54
132500	0.54	0.42	0.42	0	0	0.54
132600	0.54	0.42	0.42	0	0	0.54
132700	0.54	0.42	0.42	0	0	0.54
132800	0.54	0.42	0.42	0	0	0.54
132900	0.54	0.42	0.42	0	0	0.54
133000	0.54	0.42	0.42	0	0	0.54
133100	0.54	0.43	0.43	0	0	0.54
133200	0.54	0.42	0.42	0	0	0.54
133300	0.54	0.42	0.42	0	0	0.54
133400	0.54	0.42	0.42	0	0	0.54
133500	0.54	0.42	0.42	0	0	0.54
133600	0.54	0.42	0.42	0	0	0.54
133700	0.54	0.42	0.42	0	0	0.54
133800	0.54	0.42	0.42	0	0	0.54
133900	0.54	0.42	0.42	0	0	0.54
134000	0.54	0.42	0.42	0	0	0.54
134100	0.54	0.42	0.42	0	0	0.54
134200	0.54	0.42	0.42	0	0	0.54
134300	0.54	0.42	0.42	0	0	0.54
134400	0.54	0.42	0.42	0	0	0.54
134500	0.54	0.42	0.42	0	0	0.54
134600	0.54	0.42	0.42	0	0	0.54
134700	0.54	0.42	0.42	0	0	0.54
134800	0.54	0.42	0.42	0	0	0.54
134900	0.54	0.42	0.42	0	0	0.54
135000	0.54	0.42	0.42	0	0	0.54
135100	0.54	0.42	0.42	0	0	0.54
135200	0.54	0.42	0.42	0	0	0.54
135300	0.54	0.42	0.42	0	0	0.54
135400	0.54	0.42	0.42	0	0	0.54
135500	0.54	0.42	0.42	0	0	0.54
135600	0.54	0.42	0.42	0	0	0.54
135700	0.54	0.42	0.42	0	0	0.54
135800	0.54	0.42	0.42	0	0	0.54
135900	0.54	0.42	0.42	0	0	0.54
136000	0.54	0.42	0.42	0	0	0.54
136100	0.54	0.42	0.42	0	0	0.54
136200	0.54	0.41	0.41	0	0	0.54
136300	0.54	0.41	0.41	0	0	0.54
136400	0.54	0.41	0.41	0	0	0.54
136500	0.54	0.41	0.41	0	0	0.54
136600	0.54	0.41	0.41	0	0	0.54
136700	0.53	0.41	0.41	0	0	0.53
136800	0.53	0.41	0.41	0	0	0.53
136900	0.53	0.42	0.42	0	0	0.53
137000	0.53	0.42	0.42	0	0	0.53
137100	0.53	0.42	0.42	0	0	0.53
137200	0.53	0.42	0.42	0	0	0.53
137300	0.53	0.42	0.42	0	0	0.53
137400	0.53	0.42	0.42	0	0	0.53
137500	0.53	0.42	0.42	0	0	0.53
137600	0.53	0.42	0.42	0	0	0.53
137700	0.53	0.42	0.42	0	0	0.53
137800	0.54	0.42	0.42	0	0	0.54
137900	0.54	0.42	0.42	0	0	0.54
138000	0.54	0.42	0.42	0	0	0.54
138100	0.54	0.42	0.42	0	0	0.54
138200	0.54	0.42	0.42	0	0	0.54
138300	0.54	0.42	0.42	0	0	0.54
138400	0.54	0.42	0.42	0	0	0.54
138500	0.54	0.42	0.42	0	0	0.54
138600	0.54	0.42	0.42	0	0	0.54
138700	0.54	0.42	0.42	0	0	0.54
138800	0.54	0.42	0.42	0	0	0.54
138900	0.54	0.42	0.42	0	0	0.54
139000	0.54	0.42	0.42	0	0	0.54
139100	0.54	0.42	0.42	0	0	0.54
139200	0.54	0.42	0.42	0	0	0.54
139300	0.55	0.42	0.42	0	0	0.55
139400	0.55	0.42	0.42	0	0	0.55
139500	0.55	0.42	0.42	0	0	0.55
139600	0.55	0.42	0.42	0	0	0.55
139700	0.55	0.42	0.42	0	0	0.55
139800	0.55	0.42	0.42	0	0	0.55
139900	0.55	0.42	0.42	0	0	0.55
140000	0.55	0.42	0.42	0	0	0.55
140100	0.55	0.42	0.42	0	0	0.55
140200	0.55	0.42	0.42	0	0	0.55
140300	0.55	0.42	0.42	0	0	0.55
140400	0.55	0.42	0.42	0	0	0.55
140500	0.55	0.42	0.42	0	0	0.55
140600	0.55	0.42	0.42	0	0	0.55
140700	0.55	0.42	0.42	0	0	0.55
140800	0.55	0.42	0.42	0	0	0.55
140900	0.55	0.42	0.42	0	0	0.55
141000	0.55	0.42	0.42	0	0	0.55
141100	0.55	0.42	0.42	0	0	0.55
141200	0.55	0.42	0.42	0	0	0.55
141300	0.55	0.42	0.42	0	0	0.55
141400	0.55	0.42	0.42	0	0	0.55
141500	0.55	0.41	0.41	0	0	0.55
141600	0.55	0.41	0.41	0	0	0.55
141700	0.55	0.41	0.41	0	0	0.55
141800	0.55	0.41	0.41	0	0	0.55
141900	0.55	0.41	0.41	0	0	0.55
142000	0.55	0.41	0.41	0	0	0.55
142100	0.55	0.41	0.41	0	0	0.55
142200	0.55	0.41	0.41	0	0	0.55
142300	0.55	0.41	0.41	0	0	0.55
142400	0.55	0.41	0.41	0	0	0.55
142500	0.55	0.41	0.41	0	0	0.55
142600	0.55	0.41	0.41	0	0	0.55
142700	0.55	0.41	0.41	0	0	0.55
142800	0.55	0.41	0.41	0	0	0.55
142900	0.55	0.41	0.41	0	0	0.55
143000	0.55	0.41	0.41	0	0	0.55
143100	0.55	0.41	0.41	0	0	0.55
143200	0.55	0.41	0.41	0	0	0.55
143300	0.55	0.41	0.41	0	0	0.55
143400	0.55	0.41	0.41	0	0	0.55
143500	0.55	0.41	0.41	0	0	0.55
143600	0.55	0.41	0.41	0	0	0.55
143700	0.55	0.41	0.41	0	0	0.55
143800	0.55	0.41	0.41	0	0	0.55
143900	0.55	0.41	0.41	0	0	0.55
144000	0.55	0.41	0.41	0	0	0.55
144100	0.55	0.41	0.41	0	0	0.55
144200	0.55	0.41	0.41	0	0	0.55
144300	0.55	0.41	0.41	0	0	0.55
144400	0.55	0.41	0.41	0	0	0.55
144500	0.55	0.41	0.41	0	0	0.55
144600	0.55	0.41	0.41	0	0	0.55
144700	0.55	0.41	0.41	0	0	0.55
144800	0.55	0.41	0.41	0	0	0.55
144900	0.55	0.41	0.41	0	0	0.55
145000	0.55	0.41	0.41	0	0	0.55
145100	0.54	0.41	0.41	0	0	0.54
145200	0.54	0.41	0.41	0	0	0.54
145300	0.54	0.41	0.41	0	0	0.54
145400	0.54	0.41	0.41	0	0	0.54
145500	0.54	0.41	0.41	0	0	0.54
145600	0.54	0.41	0.41	0	0	0.54
145700	0.54	0.41	0.41	0	0	0.54
145800	0.54	0.41	0.41	0	0	0.54
145900	0.55	0.41	0.41	0	0	0.55
146000	0.55	0.41	0.41	0	0	0.55
146100	0.55	0.41	0.41	0	0	0.55
146200	0.55	0.41	0.41	0	0	0.55
146300	0.54	0.41	0.41	0	0	0.54
146400	0.54	0.42	0.42	0	0	0.54
146500	0.54	0.42	0.42	0	0	0.54
146600	0.54	0.41	0.41	0	0	0.54
146700	0.54	0.41	0.41	0	0	0.54
146800	0.54	0.41	0.41	0	0	0.54
146900	0.54	0.41	0.41	0	0	0.54
147000	0.54	0.41	0.41	0	0	0.54
147100	0.54	0.41	0.41	0	0	0.54
147200	0.54	0.41	0.41	0	0	0.54
147300	0.55	0.41	0.41	0	0	0.55
147400	0.54	0.41	0.41	0	0	0.54
147500	0.55	0.41	0.41	0	0	0.55
147600	0.55	0.41	0.41	0	0	0.55
147700	0.55	0.41	0.41	0	0	0.55
147800	0.55	0.41	0.41	0	0	0.55
147900	0.55	0.41	0.41	0	0	0.55
148000	0.54	0.41	0.41	0	0	0.54
148100	0.54	0.41	0.41	0	0	0.54
148200	0.54	0.41	0.41	0	0	0.54
148300	0.54	0.41	0.41	0	0	0.54
148400	0.53	0.41	0.41	0	0	0.53
148500	0.53	0.41	0.41	0	0	0.53
148600	0.53	0.41	0.41	0	0	0.53
148700	0.53	0.42	0.42	0	0	0.53
148800	0.53	0.42	0.42	0	0	0.53
148900	0.53	0.42	0.42	0	0	0.53
149000	0.53	0.42	0.42	0	0	0.53
149100	0.53	0.42	0.42	0	0	0.53
149200	0.53	0.42	0.42	0	0	0.53
149300	0.53	0.42	0.42	0	0	0.53
149400	0.53	0.43	0.43	0	0	0.53
149500	0.53	0.43	0.43	0	0	0.53
149600	0.53	0.43	0.43	0	0	0.53
149700	0.53	0.43	0.43	0	0	0.53
149800	0.53	0.42	0.42	0	0	0.53
149900	0.53	0.42	0.42	0	0	0.53
150000	0.53	0.41	0.41	0	0	0.53
150100	0.53	0.41	0.41	0	0	0.53
150200	0.53	0.41	0.41	0	0	0.53
150300	0.53	0.41	0.41	0	0	0.53
150400	0.53	0.41	0.41	0	0	0.53
150500	0.53	0.41	0.41	0	0	0.53
150600	0.53	0.41	0.41	0	0	0.53
150700	0.53	0.41	0.41	0	0	0.53
150800	0.53	0.41	0.41	0	0	0.53
150900	0.53	0.41	0.41	0	0	0.53
151000	0.53	0.41	0.41	0	0	0.53
151100	0.53	0.42	0.42	0	0	0.53
151200	0.53	0.43	0.43	0	0	0.53
151300	0.53	0.43	0.43	0	0	0.53
151400	0.53	0.43	0.43	0	0	0.53
151500	0.53	0.43	0.43	0	0	0.53
151600	0.53	0.43	0.43	0	0	0.53
151700	0.53	0.43	0.43	0	0	0.53
151800	0.53	0.43	0.43	0	0	0.53
151900	0.53	0.43	0.43	0	0	0.53
152000	0.53	0.43	0.43	0	0	0.53
152100	0.53	0.43	0.43	0	0	0.53
152200	0.53	0.43	0.43	0	0	0.53
152300	0.53	0.43	0.43	0	0	0.53
152400	0.53	0.44	0.44	0	0	0.53
152500	0.53	0.44	0.44	0	0	0.53
152600	0.53	0.44	0.44	0	0	0.53
152700	0.53	0.44	0.44	0	0	0.53
152800	0.53	0.44	0.44	0	0	0.53
152900	0.53	0.44	0.44	0	0	0.53
153000	0.53	0.44	0.44	0	0	0.53
153100	0.53	0.44	0.44	0	0	0.53
153200	0.53	0.44	0.44	0	0	0.53
153300	0.53	0.44	0.44	0	0	0.53
153400	0.53	0.44	0.44	0	0	0.53
153500	0.53	0.44	0.44	0	0	0.53
153600	0.53	0.44	0.44	0	0	0.53
153700	0.53	0.43	0.43	0	0	0.53
153800	0.52	0.43	0.43	0	0	0.52
153900	0.52	0.43	0.43	0	0	0.52
154000	0.52	0.43	0.43	0	0	0.52
154100	0.52	0.43	0.43	0	0	0.52
154200	0.52	0.43	0.43	0	0	0.52
154300	0.52	0.43	0.43	0	0	0.52
154400	0.52	0.43	0.43	0	0	0.52
154500	0.52	0.43	0.43	0	0	0.52
154600	0.52	0.43	0.43	0	0	0.52
154700	0.53	0.43	0.43	0	0	0.53
154800	0.53	0.43	0.43	0	0	0.53
154900	0.53	0.43	0.43	0	0	0.53
155000	0.54	0.43	0.43	0	0	0.54
155100	0.54	0.43	0.43	0	0	0.54
155200	0.54	0.43	0.43	0	0	0.54
155300	0.54	0.43	0.43	0	0	0.54
155400	0.54	0.43	0.43	0	0	0.54
155500	0.54	0.43	0.43	0	0	0.54
155600	0.54	0.43	0.43	0	0	0.54
155700	0.54	0.43	0.43	0	0	0.54
155800	0.54	0.43	0.43	0	0	0.54
155900	0.54	0.43	0.43	0	0	0.54
156000	0.54	0.43	0.43	0	0	0.54
156100	0.54	0.43	0.43	0	0	0.54
156200	0.54	0.43	0.43	0	0	0.54
156300	0.54	0.44	0.44	0	0	0.54
156400	0.54	0.44	0.44	0	0	0.54
156500	0.54	0.43	0.43	0	0	0.54
156600	0.54	0.43	0.43	0	0	0.54
156700	0.54	0.43	0.43	0	0	0.54
156800	0.54	0.43	0.43	0	0	0.54
156900	0.54	0.43	0.43	0	0	0.54
157000	0.54	0.43	0.43	0	0	0.54
157100	0.54	0.43	0.43	0	0	0.54
157200	0.54	0.43	0.43	0	0	0.54
157300	0.54	0.43	0.43	0	0	0.54
157400	0.54	0.43	0.43	0	0	0.54
157500	0.54	0.43	0.43	0	0	0.54
157600	0.54	0.43	0.43	0	0	0.54
157700	0.54	0.43	0.43	0	0	0.54
157800	0.54	0.43	0.43	0	0	0.54
157900	0.54	0.43	0.43	0	0	0.54
158000	0.54	0.43	0.43	0	0	0.54
158100	0.54	0.43	0.43	0	0	0.54
158200	0.54	0.43	0.43	0	0	0.54
158300	0.54	0.43	0.43	0	0	0.54
158400	0.54	0.44	0.44	0	0	0.54
158500	0.54	0.44	0.44	0	0	0.54
158600	0.54	0.44	0.44	0	0	0.54
158700	0.54	0.44	0.44	0	0	0.54
158800	0.54	0.44	0.44	0	0	0.54
158900	0.54	0.44	0.44	0	0	0.54
159000	0.54	0.44	0.44	0	0	0.54
159100	0.54	0.44	0.44	0	0	0.54
159200	0.54	0.44	0.44	0	0	0.54
159300	0.54	0.44	0.44	0	0	0.54
159400	0.54	0.44	0.44	0	0	0.54
159500	0.54	0.44	0.44	0	0	0.54
159600	0.54	0.44	0.44	0	0	0.54
159700	0.54	0.44	0.44	0	0	0.54
159800	0.54	0.44	0.44	0	0	0.54
159900	0.54	0.44	0.44	0	0	0.54
160000	0.54	0.44	0.44	0	0	0.54
160100	0.54	0.44	0.44	0	0	0.54
160200	0.54	0.44	0.44	0	0	0.54
160300	0.54	0.44	0.44	0	0	0.54
160400	0.54	0.44	0.44	0	0	0.54
160500	0.54	0.44	0.44	0	0	0.54
160600	0.54	0.44	0.44	0	0	0.54
160700	0.54	0.44	0.44	0	0	0.54
160800	0.54	0.44	0.44	0	0	0.54
160900	0.54	0.44	0.44	0	0	0.54
161000	0.54	0.44	0.44	0	0	0.54
161100	0.55	0.44	0.44	0	0	0.55
161200	0.55	0.44	0.44	0	0	0.55
161300	0.55	0.44	0.44	0	0	0.55
161400	0.55	0.44	0.44	0	0	0.55
161500	0.55	0.44	0.44	0	0	0.55
161600	0.55	0.44	0.44	0	0	0.55
161700	0.55	0.44	0.44	0	0	0.55
161800	0.55	0.44	0.44	0	0	0.55
161900	0.55	0.44	0.44	0	0	0.55
162000	0.55	0.44	0.44	0	0	0.55
162100	0.55	0.44	0.44	0	0	0.55
162200	0.55	0.44	0.44	0	0	0.55
162300	0.55	0.44	0.44	0	0	0.55
162400	0.55	0.45	0.45	0	0	0.55
162500	0.55	0.44	0.44	0	0	0.55
162600	0.55	0.44	0.44	0	0	0.55
162700	0.55	0.44	0.44	0	0	0.55
162800	0.55	0.44	0.44	0	0	0.55
162900	0.55	0.44	0.44	0	0	0.55
163000	0.55	0.44	0.44	0	0	0.55
163100	0.55	0.44	0.44	0	0	0.55
163200	0.55	0.44	0.44	0	0	0.55
163300	0.55	0.44	0.44	0	0	0.55
163400	0.55	0.44	0.44	0	0	0.55
163500	0.55	0.44	0.44	0	0	0.55
163600	0.55	0.44	0.44	0	0	0.55
163700	0.55	0.44	0.44	0	0	0.55
163800	0.55	0.44	0.44	0	0	0.55
163900	0.55	0.44	0.44	0	0	0.55
164000	0.55	0.44	0.44	0	0	0.55
164100	0.55	0.44	0.44	0	0	0.55
164200	0.55	0.44	0.44	0	0	0.55
164300	0.55	0.44	0.44	0	0	0.55
164400	0.55	0.44	0.44	0	0	0.55
164500	0.55	0.44	0.44	0	0	0.55
164600	0.55	0.44	0.44	0	0	0.55
164700	0.55	0.44	0.44	0	0	0.55
164800	0.55	0.44	0.44	0	0	0.55
164900	0.55	0.44	0.44	0	0	0.55
165000	0.55	0.44	0.44	0	0	0.55
165100	0.55	0.44	0.44	0	0	0.55
165200	0.55	0.44	0.44	0	0	0.55
165300	0.55	0.44	0.44	0	0	0.55
165400	0.55	0.44	0.44	0	0	0.55
165500	0.55	0.44	0.44	0	0	0.55
165600	0.55	0.44	0.44	0	0	0.55
165700	0.55	0.44	0.44	0	0	0.55
165800	0.55	0.44	0.44	0	0	0.55
165900	0.55	0.44	0.44	0	0	0.55
166000	0.55	0.44	0.44	0	0	0.55
166100	0.55	0.44	0.44	0	0	0.55
166200	0.55	0.44	0.44	0	0	0.55
166300	0.55	0.44	0.44	0	0	0.55
166400	0.55	0.44	0.44	0	0	0.55
166500	0.55	0.44	0.44	0	0	0.55
166600	0.55	0.44	0.44	0	0	0.55
166700	0.55	0.44	0.44	0	0	0.55
166800	0.55	0.44	0.44	0	0	0.55
166900	0.55	0.44	0.44	0	0	0.55
167000	0.55	0.44	0.44	0	0	0.55
167100	0.55	0.44	0.44	0	0	0.55
167200	0.55	0.44	0.44	0	0	0.55
167300	0.55	0.44	0.44	0	0	0.55
167400	0.55	0.44	0.44	0	0	0.55
167500	0.55	0.44	0.44	0	0	0.55
167600	0.55	0.45	0.45	0	0	0.55
167700	0.55	0.45	0.45	0	0	0.55
167800	0.55	0.45	0.45	0	0	0.55
167900	0.55	0.45	0.45	0	0	0.55
168000	0.55	0.45	0.45	0	0	0.55
168100	0.55	0.45	0.45	0	0	0.55
168200	0.55	0.45	0.45	0	0	0.55
168300	0.55	0.45	0.45	0	0	0.55
168400	0.55	0.45	0.45	0	0	0.55
168500	0.55	0.45	0.45	0	0	0.55
168600	0.55	0.45	0.45	0	0	0.55
168700	0.55	0.45	0.45	0	0	0.55
168800	0.55	0.45	0.45	0	0	0.55
168900	0.55	0.45	0.45	0	0	0.55
169000	0.55	0.45	0.45	0	0	0.55
169100	0.55	0.45	0.45	0	0	0.55
169200	0.55	0.45	0.45	0	0	0.55
169300	0.55	0.45	0.45	0	0	0.55
169400	0.55	0.45	0.45	0	0	0.55
169500	0.55	0.45	0.45	0	0	0.55
169600	0.55	0.45	0.45	0	0	0.55
169700	0.55	0.45	0.45	0	0	0.55
169800	0.55	0.45	0.45	0	0	0.55
169900	0.55	0.44	0.44	0	0	0.55
170000	0.55	0.44	0.44	0	0	0.55
170100	0.55	0.44	0.44	0	0	0.55
170200	0.55	0.44	0.44	0	0	0.55
170300	0.55	0.44	0.44	0	0	0.55
170400	0.55	0.44	0.44	0	0	0.55
170500	0.55	0.44	0.44	0	0	0.55
170600	0.55	0.44	0.44	0	0	0.55
170700	0.55	0.44	0.44	0	0	0.55
170800	0.55	0.44	0.44	0	0	0.55
170900	0.55	0.44	0.44	0	0	0.55
171000	0.55	0.44	0.44	0	0	0.55
171100	0.55	0.44	0.44	0	0	0.55
171200	0.55	0.44	0.44	0	0	0.55
171300	0.55	0.44	0.44	0	0	0.55
171400	0.55	0.44	0.44	0	0	0.55
171500	0.55	0.44	0.44	0	0	0.55
171600	0.54	0.44	0.44	0	0	0.54
171700	0.54	0.44	0.44	0	0	0.54
171800	0.54	0.44	0.44	0	0	0.54
171900	0.54	0.44	0.44	0	0	0.54
172000	0.54	0.44	0.44	0	0	0.54
172100	0.54	0.44	0.44	0	0	0.54
172200	0.54	0.44	0.44	0	0	0.54
172300	0.54	0.44	0.44	0	0	0.54
172400	0.54	0.44	0.44	0	0	0.54
172500	0.54	0.44	0.44	0	0	0.54
172600	0.54	0.44	0.44	0	0	0.54
172700	0.54	0.44	0.44	0	0	0.54
172800	0.54	0.44	0.44	0	0	0.54
172900	0.54	0.44	0.44	0	0	0.54
173000	0.54	0.44	0.44	0	0	0.54
173100	0.54	0.44	0.44	0	0	0.54
173200	0.54	0.44	0.44	0	0	0.54
173300	0.54	0.44	0.44	0	0	0.54
173400	0.54	0.44	0.44	0	0	0.54
173500	0.54	0.44	0.44	0	0	0.54
173600	0.54	0.44	0.44	0	0	0.54
173700	0.54	0.44	0.44	0	0	0.54
173800	0.54	0.44	0.44	0	0	0.54
173900	0.54	0.44	0.44	0	0	0.54
174000	0.54	0.44	0.44	0	0	0.54
174100	0.54	0.44	0.44	0	0	0.54
174200	0.54	0.44	0.44	0	0	0.54
174300	0.54	0.44	0.44	0	0	0.54
174400	0.54	0.44	0.44	0	0	0.54
174500	0.54	0.44	0.44	0	0	0.54
174600	0.54	0.44	0.44	0	0	0.54
174700	0.54	0.44	0.44	0	0	0.54
174800	0.54	0.44	0.44	0	0	0.54
174900	0.54	0.44	0.44	0	0	0.54
175000	0.54	0.44	0.44	0	0	0.54
175100	0.54	0.44	0.44	0	0	0.54
175200	0.54	0.44	0.44	0	0	0.54
175300	0.54	0.44	0.44	0	0	0.54
175400	0.54	0.44	0.44	0	0	0.54
175500	0.54	0.44	0.44	0	0	0.54
175600	0.54	0.44	0.44	0	0	0.54
175700	0.54	0.44	0.44	0	0	0.54
175800	0.54	0.44	0.44	0	0	0.54
175900	0.54	0.44	0.44	0	0	0.54
176000	0.54	0.44	0.44	0	0	0.54
176100	0.54	0.44	0.44	0	0	0.54
176200	0.54	0.44	0.44	0	0	0.54
176300	0.54	0.44	0.44	0	0	0.54
176400	0.54	0.44	0.44	0	0	0.54
176500	0.54	0.44	0.44	0	0	0.54
176600	0.54	0.44	0.44	0	0	0.54
176700	0.54	0.44	0.44	0	0	0.54
176800	0.54	0.44	0.44	0	0	0.54
176900	0.55	0.44	0.44	0	0	0.55
177000	0.54	0.44	0.44	0	0	0.54
177100	0.54	0.44	0.44	0	0	0.54
177200	0.54	0.44	0.44	0	0	0.54
177300	0.54	0.44	0.44	0	0	0.54
177400	0.54	0.44	0.44	0	0	0.54
177500	0.54	0.45	0.45	0	0	0.54
177600	0.54	0.45	0.45	0	0	0.54
177700	0.54	0.45	0.45	0	0	0.54
177800	0.54	0.44	0.44	0	0	0.54
177900	0.54	0.44	0.44	0	0	0.54
178000	0.54	0.44	0.44	0	0	0.54
178100	0.54	0.44	0.44	0	0	0.54
178200	0.54	0.44	0.44	0	0	0.54
178300	0.54	0.44	0.44	0	0	0.54
178400	0.54	0.44	0.44	0	0	0.54
178500	0.54	0.44	0.44	0	0	0.54
178600	0.54	0.44	0.44	0	0	0.54
178700	0.54	0.44	0.44	0	0	0.54
178800	0.54	0.44	0.44	0	0	0.54
178900	0.54	0.44	0.44	0	0	0.54
179000	0.54	0.44	0.44	0	0	0.54
179100	0.54	0.44	0.44	0	0	0.54
179200	0.54	0.44	0.44	0	0	0.54
179300	0.54	0.44	0.44	0	0	0.54
179400	0.54	0.44	0.44	0	0	0.54
179500	0.54	0.44	0.44	0	0	0.54
179600	0.54	0.44	0.44	0	0	0.54
179700	0.54	0.44	0.44	0	0	0.54
179800	0.54	0.44	0.44	0	0	0.54
179900	0.54	0.44	0.44	0	0	0.54
180000	0.54	0.44	0.44	0	0	0.54
180100	0.54	0.44	0.44	0	0	0.54
180200	0.54	0.44	0.44	0	0	0.54
180300	0.54	0.44	0.44	0	0	0.54
180400	0.54	0.44	0.44	0	0	0.54
180500	0.54	0.44	0.44	0	0	0.54
180600	0.54	0.44	0.44	0	0	0.54
180700	0.54	0.44	0.44	0	0	0.54
180800	0.54	0.44	0.44	0	0	0.54
180900	0.54	0.44	0.44	0	0	0.54
181000	0.54	0.44	0.44	0	0	0.54
181100	0.54	0.44	0.44	0	0	0.54
181200	0.54	0.44	0.44	0	0	0.54
181300	0.54	0.44	0.44	0	0	0.54
181400	0.54	0.44	0.44	0	0	0.54
181500	0.54	0.44	0.44	0	0	0.54
181600	0.54	0.44	0.44	0	0	0.54
181700	0.54	0.44	0.44	0	0	0.54
181800	0.54	0.44	0.44	0	0	0.54
181900	0.54	0.44	0.44	0	0	0.54
182000	0.54	0.44	0.44	0	0	0.54
182100	0.54	0.44	0.44	0	0	0.54
182200	0.54	0.44	0.44	0	0	0.54
182300	0.54	0.44	0.44	0	0	0.54
182400	0.54	0.44	0.44	0	0	0.54
182500	0.54	0.44	0.44	0	0	0.54
182600	0.54	0.44	0.44	0	0	0.54
182700	0.54	0.44	0.44	0	0	0.54
182800	0.54	0.44	0.44	0	0	0.54
182900	0.54	0.44	0.44	0	0	0.54
183000	0.54	0.44	0.44	0	0	0.54
183100	0.54	0.44	0.44	0	0	0.54
183200	0.54	0.44	0.44	0	0	0.54
183300	0.54	0.44	0.44	0	0	0.54
183400	0.54	0.44	0.44	0	0	0.54
183500	0.54	0.44	0.44	0	0	0.54
183600	0.54	0.44	0.44	0	0	0.54
183700	0.54	0.44	0.44	0	0	0.54
183800	0.54	0.44	0.44	0	0	0.54
183900	0.54	0.44	0.44	0	0	0.54
184000	0.54	0.44	0.44	0	0	0.54
184100	0.54	0.44	0.44	0	0	0.54
184200	0.54	0.44	0.44	0	0	0.54
184300	0.54	0.44	0.44	0	0	0.54
184400	0.54	0.44	0.44	0	0	0.54
184500	0.54	0.44	0.44	0	0	0.54
184600	0.54	0.44	0.44	0	0	0.54
184700	0.54	0.44	0.44	0	0	0.54
184800	0.54	0.44	0.44	0	0	0.54
184900	0.54	0.44	0.44	0	0	0.54
185000	0.54	0.44	0.44	0	0	0.54
185100	0.54	0.44	0.44	0	0	0.54
185200	0.54	0.44	0.44	0	0	0.54
185300	0.54	0.44	0.44	0	0	0.54
185400	0.54	0.44	0.44	0	0	0.54
185500	0.54	0.44	0.44	0	0	0.54
185600	0.54	0.44	0.44	0	0	0.54
185700	0.54	0.44	0.44	0	0	0.54
185800	0.54	0.44	0.44	0	0	0.54
185900	0.54	0.44	0.44	0	0	0.54
186000	0.54	0.44	0.44	0	0	0.54
186100	0.54	0.44	0.44	0	0	0.54
186200	0.54	0.44	0.44	0	0	0.54
186300	0.54	0.44	0.44	0	0	0.54
186400	0.54	0.44	0.44	0	0	0.54
186500	0.54	0.44	0.44	0	0	0.54
186600	0.54	0.44	0.44	0	0	0.54
186700	0.54	0.44	0.44	0	0	0.54
186800	0.54	0.44	0.44	0	0	0.54
186900	0.54	0.44	0.44	0	0	0.54
187000	0.54	0.44	0.44	0	0	0.54
187100	0.54	0.44	0.44	0	0	0.54
187200	0.54	0.44	0.44	0	0	0.54
187300	0.54	0.44	0.44	0	0	0.54
187400	0.54	0.44	0.44	0	0	0.54
187500	0.54	0.44	0.44	0	0	0.54
187600	0.54	0.44	0.44	0	0	0.54
187700	0.54	0.44	0.44	0	0	0.54
187800	0.54	0.44	0.44	0	0	0.54
187900	0.54	0.44	0.44	0	0	0.54
188000	0.54	0.44	0.44	0	0	0.54
188100	0.54	0.44	0.44	0	0	0.54
188200	0.54	0.44	0.44	0	0	0.54
188300	0.54	0.44	0.44	0	0	0.54
188400	0.54	0.44	0.44	0	0	0.54
188500	0.54	0.44	0.44	0	0	0.54
188600	0.54	0.44	0.44	0	0	0.54
188700	0.54	0.44	0.44	0	0	0.54
188800	0.54	0.44	0.44	0	0	0.54
188900	0.54	0.44	0.44	0	0	0.54
189000	0.54	0.44	0.44	0	0	0.54
189100	0.54	0.44	0.44	0	0	0.54
189200	0.54	0.44	0.44	0	0	0.54
189300	0.54	0.44	0.44	0	0	0.54
189400	0.54	0.44	0.44	0	0	0.54
189500	0.54	0.45	0.45	0	0	0.54
189600	0.54	0.45	0.45	0	0	0.54
189700	0.54	0.45	0.45	0	0	0.54
189800	0.54	0.45	0.45	0	0	0.54
189900	0.54	0.45	0.45	0	0	0.54
190000	0.54	0.45	0.45	0	0	0.54
190100	0.54	0.45	0.45	0	0	0.54
190200	0.55	0.45	0.45	0	0	0.55
190300	0.55	0.45	0.45	0	0	0.55
190400	0.55	0.45	0.45	0	0	0.55
190500	0.55	0.45	0.45	0	0	0.55
190600	0.55	0.45	0.45	0	0	0.55
190700	0.55	0.45	0.45	0	0	0.55
190800	0.55	0.45	0.45	0	0	0.55
190900	0.55	0.45	0.45	0	0	0.55
191000	0.55	0.45	0.45	0	0	0.55
191100	0.55	0.45	0.45	0	0	0.55
191200	0.55	0.45	0.45	0	0	0.55
191300	0.55	0.45	0.45	0	0	0.55
191400	0.55	0.45	0.45	0	0	0.55
191500	0.55	0.45	0.45	0	0	0.55
191600	0.55	0.45	0.45	0	0	0.55
191700	0.55	0.45	0.45	0	0	0.55
191800	0.55	0.45	0.45	0	0	0.55
191900	0.55	0.45	0.45	0	0	0.55
192000	0.55	0.45	0.45	0	0	0.55
192100	0.55	0.45	0.45	0	0	0.55
192200	0.55	0.45	0.45	0	0	0.55
192300	0.55	0.45	0.45	0	0	0.55
192400	0.55	0.45	0.45	0	0	0.55
192500	0.55	0.45	0.45	0	0	0.55
192600	0.55	0.45	0.45	0	0	0.55
192700	0.55	0.45	0.45	0	0	0.55
192800	0.55	0.45	0.45	0	0	0.55
192900	0.55	0.45	0.45	0	0	0.55
193000	0.55	0.45	0.45	0	0	0.55
193100	0.55	0.45	0.45	0	0	0.55
193200	0.55	0.45	0.45	0	0	0.55
193300	0.55	0.45	0.45	0	0	0.55
193400	0.55	0.45	0.45	0	0	0.55
193500	0.55	0.45	0.45	0	0	0.55
193600	0.55	0.45	0.45	0	0	0.55
193700	0.55	0.45	0.45	0	0	0.55
193800	0.55	0.45	0.45	0	0	0.55
193900	0.55	0.45	0.45	0	0	0.55
194000	0.55	0.45	0.45	0	0	0.55
194100	0.55	0.45	0.45	0	0	0.55
194200	0.55	0.45	0.45	0	0	0.55
194300	0.55	0.45	0.45	0	0	0.55
194400	0.55	0.45	0.45	0	0	0.55
194500	0.55	0.45	0.45	0	0	0.55
194600	0.55	0.45	0.45	0	0	0.55
194700	0.55	0.45	0.45	0	0	0.55
194800	0.55	0.45	0.45	0	0	0.55
194900	0.55	0.45	0.45	0	0	0.55
195000	0.55	0.45	0.45	0	0	0.55
195100	0.55	0.45	0.45	0	0	0.55
195200	0.55	0.45	0.45	0	0	0.55
195300	0.55	0.45	0.45	0	0	0.55
195400	0.55	0.45	0.45	0	0	0.55
195500	0.55	0.45	0.45	0	0	0.55
195600	0.55	0.45	0.45	0	0	0.55
195700	0.55	0.45	0.45	0	0	0.55
195800	0.55	0.45	0.45	0	0	0.55
195900	0.55	0.45	0.45	0	0	0.55
196000	0.55	0.45	0.45	0	0	0.55
196100	0.55	0.45	0.45	0	0	0.55
196200	0.55	0.45	0.45	0	0	0.55
196300	0.55	0.45	0.45	0	0	0.55
196400	0.55	0.45	0.45	0	0	0.55
196500	0.55	0.45	0.45	0	0	0.55
196600	0.55	0.45	0.45	0	0	0.55
196700	0.55	0.45	0.45	0	0	0.55
196800	0.55	0.45	0.45	0	0	0.55
196900	0.55	0.45	0.45	0	0	0.55
197000	0.55	0.45	0.45	0	0	0.55
197100	0.55	0.45	0.45	0	0	0.55
197200	0.55	0.45	0.45	0	0	0.55
197300	0.55	0.45	0.45	0	0	0.55
197400	0.55	0.45	0.45	0	0	0.55
197500	0.55	0.45	0.45	0	0	0.55
197600	0.55	0.45	0.45	0	0	0.55
197700	0.55	0.45	0.45	0	0	0.55
197800	0.55	0.45	0.45	0	0	0.55
197900	0.55	0.45	0.45	0	0	0.55
198000	0.55	0.45	0.45	0	0	0.55
198100	0.55	0.45	0.45	0	0	0.55
198200	0.55	0.45	0.45	0	0	0.55
198300	0.55	0.45	0.45	0	0	0.55
198400	0.55	0.45	0.45	0	0	0.55
198500	0.55	0.45	0.45	0	0	0.55
198600	0.55	0.45	0.45	0	0	0.55
198700	0.55	0.45	0.45	0	0	0.55
198800	0.55	0.45	0.45	0	0	0.55
198900	0.55	0.45	0.45	0	0	0.55
199000	0.55	0.45	0.45	0	0	0.55
199100	0.55	0.45	0.45	0	0	0.55
199200	0.55	0.45	0.45	0	0	0.55
199300	0.55	0.45	0.45	0	0	0.55
199400	0.55	0.45	0.45	0	0	0.55
199500	0.55	0.45	0.45	0	0	0.55
199600	0.55	0.45	0.45	0	0	0.55
199700	0.55	0.45	0.45	0	0	0.55
199800	0.55	0.45	0.45	0	0	0.55
199900	0.55	0.45	0.45	0	0	0.55
200000	0.55	0.45	0.45	0	0	0.55
200100	0.55	0.45	0.45	0	0	0.55
200200	0.55	0.45	0.45	0	0	0.55
200300	0.55	0.45	0.45	0	0	0.55
200400	0.55	0.45	0.45	0	0	0.55
200500	0.55	0.45	0.45	0	0	0.55
200600	0.55	0.45	0.45	0	0	0.55
200700	0.55	0.45	0.45	0	0	0.55
200800	0.55	0.45	0.45	0	0	0.55
200900	0.55	0.45	0.45	0	0	0.55
201000	0.55	0.45	0.45	0	0	0.55
201100	0.55	0.45	0.45	0	0	0.55
201200	0.55	0.45	0.45	0	0	0.55
201300	0.55	0.45	0.45	0	0	0.55
201400	0.55	0.45	0.45	0	0	0.55
201500	0.55	0.45	0.45	0	0	0.55
201600	0.55	0.45	0.45	0	0	0.55
201700	0.55	0.45	0.45	0	0	0.55
201800	0.55	0.45	0.45	0	0	0.55
201900	0.54	0.45	0.45	0	0	0.54
202000	0.54	0.45	0.45	0	0	0.54
202100	0.54	0.45	0.45	0	0	0.54
202200	0.54	0.44	0.44	0	0	0.54
202300	0.54	0.44	0.44	0	0	0.54
202400	0.54	0.44	0.44	0	0	0.54
202500	0.54	0.44	0.44	0	0	0.54
202600	0.54	0.44	0.44	0	0	0.54
202700	0.54	0.44	0.44	0	0	0.54
202800	0.54	0.44	0.44	0	0	0.54
202900	0.54	0.44	0.44	0	0	0.54
203000	0.54	0.44	0.44	0	0	0.54
203100	0.54	0.44	0.44	0	0	0.54
203200	0.54	0.44	0.44	0	0	0.54
203300	0.54	0.44	0.44	0	0	0.54
203400	0.54	0.44	0.44	0	0	0.54
203500	0.54	0.44	0.44	0	0	0.54
203600	0.54	0.44	0.44	0	0	0.54
203700	0.54	0.44	0.44	0	0	0.54
203800	0.54	0.44	0.44	0	0	0.54
203900	0.54	0.44	0.44	0	0	0.54
204000	0.54	0.44	0.44	0	0	0.54
204100	0.54	0.44	0.44	0	0	0.54
204200	0.54	0.44	0.44	0	0	0.54
204300	0.54	0.44	0.44	0	0	0.54
204400	0.54	0.44	0.44	0	0	0.54
204500	0.54	0.44	0.44	0	0	0.54
204600	0.54	0.44	0.44	0	0	0.54
204700	0.54	0.44	0.44	0	0	0.54
204800	0.54	0.44	0.44	0	0	0.54
204900	0.54	0.44	0.44	0	0	0.54
205000	0.54	0.44	0.44	0	0	0.54
205100	0.54	0.44	0.44	0	0	0.54
205200	0.54	0.44	0.44	0	0	0.54
205300	0.54	0.44	0.44	0	0	0.54
205400	0.54	0.44	0.44	0	0	0.54
205500	0.54	0.44	0.44	0	0	0.54
205600	0.54	0.44	0.44	0	0	0.54
205700	0.54	0.44	0.44	0	0	0.54
205800	0.54	0.44	0.44	0	0	0.54
205900	0.54	0.44	0.44	0	0	0.54
206000	0.54	0.44	0.44	0	0	0.54
206100	0.54	0.44	0.44	0	0	0.54
206200	0.54	0.44	0.44	0	0	0.54
206300	0.54	0.44	0.44	0	0	0.54
206400	0.54	0.44	0.44	0	0	0.54
206500	0.54	0.44	0.44	0	0	0.54
206600	0.54	0.44	0.44	0	0	0.54
206700	0.54	0.44	0.44	0	0	0.54
206800	0.54	0.44	0.44	0	0	0.54
206900	0.54	0.44	0.44	0	0	0.54
207000	0.55	0.44	0.44	0	0	0.55
207100	0.55	0.44	0.44	0	0	0.55
207200	0.55	0.44	0.44	0	0	0.55
207300	0.55	0.44	0.44	0	0	0.55
207400	0.55	0.44	0.44	0	0	0.55
207500	0.55	0.44	0.44	0	0	0.55
207600	0.55	0.44	0.44	0	0	0.55
207700	0.55	0.44	0.44	0	0	0.55
207800	0.55	0.44	0.44	0	0	0.55
207900	0.55	0.44	0.44	0	0	0.55
208000	0.55	0.44	0.44	0	0	0.55
208100	0.55	0.44	0.44	0	0	0.55
208200	0.55	0.45	0.45	0	0	0.55
208300	0.55	0.45	0.45	0	0	0.55
208400	0.55	0.45	0.45	0	0	0.55
208500	0.55	0.44	0.44	0	0	0.55
208600	0.55	0.44	0.44	0	0	0.55
208700	0.55	0.44	0.44	0	0	0.55
208800	0.55	0.44	0.44	0	0	0.55
208900	0.55	0.44	0.44	0	0	0.55
209000	0.55	0.44	0.44	0	0	0.55
209100	0.55	0.44	0.44	0	0	0.55
209200	0.55	0.44	0.44	0	0	0.55
209300	0.55	0.44	0.44	0	0	0.55
209400	0.55	0.45	0.45	0	0	0.55
209500	0.55	0.45	0.45	0	0	0.55
209600	0.55	0.45	0.45	0	0	0.55
209700	0.55	0.45	0.45	0	0	0.55
209800	0.55	0.45	0.45	0	0	0.55
209900	0.55	0.45	0.45	0	0	0.55
210000	0.55	0.45	0.45	0	0	0.55
210100	0.55	0.45	0.45	0	0	0.55
210200	0.55	0.45	0.45	0	0	0.55
210300	0.55	0.45	0.45	0	0	0.55
210400	0.55	0.45	0.45	0	0	0.55
210500	0.55	0.45	0.45	0	0	0.55
210600	0.55	0.45	0.45	0	0	0.55
210700	0.55	0.45	0.45	0	0	0.55
210800	0.55	0.45	0.45	0	0	0.55
210900	0.55	0.45	0.45	0	0	0.55
211000	0.55	0.45	0.45	0	0	0.55
211100	0.55	0.45	0.45	0	0	0.55
211200	0.55	0.45	0.45	0	0	0.55
211300	0.55	0.45	0.45	0	0	0.55
211400	0.55	0.45	0.45	0	0	0.55
211500	0.55	0.45	0.45	0	0	0.55
211600	0.55	0.45	0.45	0	0	0.55
211700	0.55	0.45	0.45	0	0	0.55
211800	0.55	0.45	0.45	0	0	0.55
211900	0.55	0.45	0.45	0	0	0.55
212000	0.55	0.45	0.45	0	0	0.55
212100	0.55	0.45	0.45	0	0	0.55
212200	0.55	0.45	0.45	0	0	0.55
212300	0.55	0.45	0.45	0	0	0.55
212400	0.55	0.45	0.45	0	0	0.55
212500	0.55	0.45	0.45	0	0	0.55
212600	0.55	0.45	0.45	0	0	0.55
212700	0.55	0.45	0.45	0	0	0.55
212800	0.55	0.45	0.45	0	0	0.55
212900	0.55	0.45	0.45	0	0	0.55
213000	0.55	0.45	0.45	0	0	0.55
213100	0.55	0.45	0.45	0	0	0.55
213200	0.55	0.45	0.45	0	0	0.55
213300	0.55	0.45	0.45	0	0	0.55
213400	0.55	0.45	0.45	0	0	0.55
213500	0.55	0.45	0.45	0	0	0.55
213600	0.55	0.45	0.45	0	0	0.55
213700	0.55	0.45	0.45	0	0	0.55
213800	0.55	0.45	0.45	0	0	0.55
213900	0.55	0.45	0.45	0	0	0.55
214000	0.55	0.45	0.45	0	0	0.55
214100	0.55	0.45	0.45	0	0	0.55
214200	0.55	0.45	0.45	0	0	0.55
214300	0.55	0.45	0.45	0	0	0.55
214400	0.55	0.45	0.45	0	0	0.55
214500	0.55	0.45	0.45	0	0	0.55
214600	0.55	0.45	0.45	0	0	0.55
214700	0.55	0.45	0.45	0	0	0.55
214800	0.55	0.45	0.45	0	0	0.55
214900	0.55	0.45	0.45	0	0	0.55
215000	0.55	0.45	0.45	0	0	0.55
215100	0.55	0.45	0.45	0	0	0.55
215200	0.55	0.45	0.45	0	0	0.55
215300	0.55	0.45	0.45	0	0	0.55
215400	0.55	0.45	0.45	0	0	0.55
215500	0.55	0.45	0.45	0	0	0.55
215600	0.55	0.45	0.45	0	0	0.55
215700	0.55	0.45	0.45	0	0	0.55
215800	0.55	0.45	0.45	0	0	0.55
215900	0.55	0.45	0.45	0	0	0.55
216000	0.55	0.45	0.45	0	0	0.55
216100	0.55	0.45	0.45	0	0	0.55
216200	0.55	0.45	0.45	0	0	0.55
216300	0.55	0.45	0.45	0	0	0.55
216400	0.55	0.45	0.45	0	0	0.55
216500	0.55	0.45	0.45	0	0	0.55
216600	0.55	0.45	0.45	0	0	0.55
216700	0.55	0.45	0.45	0	0	0.55
216800	0.55	0.45	0.45	0	0	0.55
216900	0.55	0.45	0.45	0	0	0.55
217000	0.55	0.45	0.45	0	0	0.55
217100	0.55	0.45	0.45	0	0	0.55
217200	0.55	0.45	0.45	0	0	0.55
217300	0.55	0.45	0.45	0	0	0.55
217400	0.55	0.45	0.45	0	0	0.55
217500	0.55	0.45	0.45	0	0	0.55
217600	0.55	0.45	0.45	0	0	0.55
217700	0.55	0.45	0.45	0	0	0.55
217800	0.55	0.45	0.45	0	0	0.55
217900	0.55	0.45	0.45	0	0	0.55
218000	0.55	0.45	0.45	0	0	0.55
218100	0.55	0.45	0.45	0	0	0.55
218200	0.55	0.45	0.45	0	0	0.55
218300	0.55	0.45	0.45	0	0	0.55
218400	0.55	0.45	0.45	0	0	0.55
218500	0.55	0.45	0.45	0	0	0.55
218600	0.55	0.45	0.45	0	0	0.55
218700	0.55	0.45	0.45	0	0	0.55
218800	0.55	0.45	0.45	0	0	0.55
218900	0.55	0.45	0.45	0	0	0.55
219000	0.55	0.45	0.45	0	0	0.55
219100	0.55	0.45	0.45	0	0	0.55
219200	0.55	0.45	0.45	0	0	0.55
219300	0.55	0.45	0.45	0	0	0.55
219400	0.55	0.45	0.45	0	0	0.55
219500	0.55	0.45	0.45	0	0	0.55
219600	0.55	0.45	0.45	0	0	0.55
219700	0.55	0.45	0.45	0	0	0.55
219800	0.55	0.45	0.45	0	0	0.55
219900	0.55	0.45	0.45	0	0	0.55
220000	0.55	0.45	0.45	0	0	0.55
220100	0.55	0.45	0.45	0	0	0.55
220200	0.55	0.45	0.45	0	0	0.55
220300	0.55	0.45	0.45	0	0	0.55
220400	0.55	0.45	0.45	0	0	0.55
220500	0.55	0.45	0.45	0	0	0.55
220600	0.55	0.45	0.45	0	0	0.55
220700	0.55	0.45	0.45	0	0	0.55
220800	0.55	0.45	0.45	0	0	0.55
220900	0.55	0.45	0.45	0	0	0.55
221000	0.55	0.45	0.45	0	0	0.55
221100	0.55	0.45	0.45	0	0	0.55
221200	0.55	0.45	0.45	0	0	0.55
221300	0.55	0.45	0.45	0	0	0.55
221400	0.55	0.45	0.45	0	0	0.55
221500	0.55	0.45	0.45	0	0	0.55
221600	0.55	0.45	0.45	0	0	0.55
221700	0.55	0.45	0.45	0	0	0.55
221800	0.55	0.45	0.45	0	0	0.55
221900	0.55	0.45	0.45	0	0	0.55
222000	0.55	0.45	0.45	0	0	0.55
222100	0.55	0.45	0.45	0	0	0.55
222200	0.55	0.45	0.45	0	0	0.55
222300	0.55	0.45	0.45	0	0	0.55
222400	0.55	0.45	0.45	0	0	0.55
222500	0.55	0.45	0.45	0	0	0.55
222600	0.55	0.45	0.45	0	0	0.55
222700	0.55	0.45	0.45	0	0	0.55
222800	0.55	0.45	0.45	0	0	0.55
222900	0.55	0.45	0.45	0	0	0.55
223000	0.55	0.45	0.45	0	0	0.55
223100	0.55	0.45	0.45	0	0	0.55
223200	0.55	0.45	0.45	0	0	0.55
223300	0.55	0.45	0.45	0	0	0.55
223400	0.55	0.45	0.45	0	0	0.55
223500	0.55	0.45	0.45	0	0	0.55
223600	0.55	0.45	0.45	0	0	0.55
223700	0.55	0.45	0.45	0	0	0.55
223800	0.55	0.45	0.45	0	0	0.55
223900	0.55	0.45	0.45	0	0	0.55
224000	0.55	0.45	0.45	0	0	0.55
224100	0.55	0.45	0.45	0	0	0.55
224200	0.55	0.45	0.45	0	0	0.55
224300	0.55	0.45	0.45	0	0	0.55
224400	0.55	0.45	0.45	0	0	0.55
224500	0.55	0.45	0.45	0	0	0.55
224600	0.55	0.45	0.45	0	0	0.55
224700	0.55	0.45	0.45	0	0	0.55
224800	0.55	0.45	0.45	0	0	0.55
224900	0.55	0.45	0.45	0	0	0.55
225000	0.55	0.45	0.45	0	0	0.55
225100	0.55	0.45	0.45	0	0	0.55
225200	0.55	0.45	0.45	0	0	0.55
225300	0.55	0.45	0.45	0	0	0.55
225400	0.55	0.45	0.45	0	0	0.55
225500	0.55	0.45	0.45	0	0	0.55
225600	0.55	0.45	0.45	0	0	0.55
225700	0.55	0.45	0.45	0	0	0.55
225800	0.55	0.45	0.45	0	0	0.55
225900	0.55	0.45	0.45	0	0	0.55
226000	0.55	0.45	0.45	0	0	0.55
226100	0.55	0.45	0.45	0	0	0.55
226200	0.55	0.45	0.45	0	0	0.55
226300	0.55	0.45	0.45	0	0	0.55
226400	0.55	0.45	0.45	0	0	0.55
226500	0.55	0.45	0.45	0	0	0.55
226600	0.55	0.45	0.45	0	0	0.55
226700	0.55	0.45	0.45	0	0	0.55
226800	0.55	0.45	0.45	0	0	0.55
226900	0.55	0.45	0.45	0	0	0.55
227000	0.55	0.45	0.45	0	0	0.55
227100	0.55	0.45	0.45	0	0	0.55
227200	0.55	0.45	0.45	0	0	0.55
227300	0.55	0.45	0.45	0	0	0.55
227400	0.55	0.45	0.45	0	0	0.55
227500	0.55	0.45	0.45	0	0	0.55
227600	0.55	0.45	0.45	0	0	0.55
227700	0.55	0.45	0.45	0	0	0.55
227800	0.55	0.45	0.45	0	0	0.55
227900	0.55	0.45	0.45	0	0	0.55
228000	0.55	0.45	0.45	0	0	0.55
228100	0.55	0.45	0.45	0	0	0.55
228200	0.55	0.45	0.45	0	0	0.55
228300	0.55	0.45	0.45	0	0	0.55
228400	0.55	0.45	0.45	0	0	0.55
228500	0.55	0.45	0.45	0	0	0.55
228600	0.55	0.45	0.45	0	0	0.55
228700	0.55	0.45	0.45	0	0	0.55
228800	0.55	0.45	0.45	0	0	0.55
228900	0.55	0.45	0.45	0	0	0.55
229000	0.55	0.45	0.45	0	0	0.55
229100	0.55	0.45	0.45	0	0	0.55
229200	0.55	0.45	0.45	0	0	0.55
229300	0.55	0.45	0.45	0	0	0.55
229400	0.55	0.45	0.45	0	0	0.55
229500	0.55	0.45	0.45	0	0	0.55
229600	0.55	0.45	0.45	0	0	0.55
229700	0.55	0.45	0.45	0	0	0.55
229800	0.55	0.45	0.45	0	0	0.55
229900	0.55	0.45	0.45	0	0	0.55
230000	0.55	0.45	0.45	0	0	0.55
230100	0.55	0.45	0.45	0	0	0.55
230200	0.55	0.45	0.45	0	0	0.55
230300	0.55	0.45	0.45	0	0	0.55
230400	0.55	0.45	0.45	0	0	0.55
230500	0.55	0.45	0.45	0	0	0.55
230600	0.55	0.45	0.45	0	0	0.55
230700	0.55	0.45	0.45	0	0	0.55
230800	0.55	0.45	0.45	0	0	0.55
230900	0.55	0.45	0.45	0	0	0.55
231000	0.55	0.45	0.45	0	0	0.55
231100	0.55	0.45	0.45	0	0	0.55
231200	0.55	0.45	0.45	0	0	0.55
231300	0.54	0.45	0.45	0	0	0.54
231400	0.54	0.45	0.45	0	0	0.54
231500	0.54	0.45	0.45	0	0	0.54
231600	0.54	0.45	0.45	0	0	0.54
231700	0.54	0.45	0.45	0	0	0.54
231800	0.54	0.45	0.45	0	0	0.54
231900	0.54	0.45	0.45	0	0	0.54
232000	0.54	0.45	0.45	0	0	0.54
232100	0.54	0.45	0.45	0	0	0.54
232200	0.54	0.45	0.45	0	0	0.54
232300	0.54	0.45	0.45	0	0	0.54
232400	0.54	0.45	0.45	0	0	0.54
232500	0.54	0.45	0.45	0	0	0.54
232600	0.55	0.45	0.45	0	0	0.55
232700	0.55	0.45	0.45	0	0	0.55
232800	0.55	0.45	0.45	0	0	0.55
232900	0.55	0.45	0.45	0	0	0.55
233000	0.55	0.45	0.45	0	0	0.55
233100	0.55	0.45	0.45	0	0	0.55
233200	0.55	0.45	0.45	0	0	0.55
233300	0.55	0.45	0.45	0	0	0.55
233400	0.54	0.45	0.45	0	0	0.54
233500	0.54	0.45	0.45	0	0	0.54
233600	0.54	0.45	0.45	0	0	0.54
233700	0.54	0.45	0.45	0	0	0.54
233800	0.54	0.45	0.45	0	0	0.54
233900	0.54	0.45	0.45	0	0	0.54
234000	0.54	0.45	0.45	0	0	0.54
234100	0.54	0.45	0.45	0	0	0.54
234200	0.54	0.45	0.45	0	0	0.54
234300	0.54	0.45	0.45	0	0	0.54
234400	0.54	0.45	0.45	0	0	0.54
234500	0.54	0.45	0.45	0	0	0.54
234600	0.54	0.45	0.45	0	0	0.54
234700	0.54	0.45	0.45	0	0	0.54
234800	0.54	0.45	0.45	0	0	0.54
234900	0.54	0.45	0.45	0	0	0.54
235000	0.54	0.45	0.45	0	0	0.54
235100	0.54	0.45	0.45	0	0	0.54
235200	0.54	0.45	0.45	0	0	0.54
235300	0.54	0.45	0.45	0	0	0.54
235400	0.54	0.45	0.45	0	0	0.54
235500	0.54	0.45	0.45	0	0	0.54
235600	0.54	0.45	0.45	0	0	0.54
235700	0.54	0.45	0.45	0	0	0.54
235800	0.54	0.45	0.45	0	0	0.54
235900	0.54	0.45	0.45	0	0	0.54
236000	0.54	0.45	0.45	0	0	0.54
236100	0.54	0.45	0.45	0	0	0.54
236200	0.54	0.45	0.45	0	0	0.54
236300	0.54	0.45	0.45	0	0	0.54
236400	0.54	0.45	0.45	0	0	0.54
236500	0.54	0.45	0.45	0	0	0.54
236600	0.54	0.45	0.45	0	0	0.54
236700	0.54	0.45	0.45	0	0	0.54
236800	0.54	0.45	0.45	0	0	0.54
236900	0.54	0.45	0.45	0	0	0.54
237000	0.54	0.45	0.45	0	0	0.54
237100	0.54	0.45	0.45	0	0	0.54
237200	0.54	0.45	0.45	0	0	0.54
237300	0.54	0.45	0.45	0	0	0.54
237400	0.54	0.45	0.45	0	0	0.54
237500	0.54	0.45	0.45	0	0	0.54
237600	0.54	0.45	0.45	0	0	0.54
237700	0.54	0.45	0.45	0	0	0.54
237800	0.54	0.45	0.45	0	0	0.54
237900	0.54	0.45	0.45	0	0	0.54
238000	0.54	0.45	0.45	0	0	0.54
238100	0.54	0.45	0.45	0	0	0.54
238200	0.54	0.45	0.45	0	0	0.54
238300	0.54	0.45	0.45	0	0	0.54
238400	0.53	0.45	0.45	0	0	0.53
238500	0.53	0.45	0.45	0	0	0.53
238600	0.53	0.45	0.45	0	0	0.53
238700	0.53	0.45	0.45	0	0	0.53
238800	0.53	0.45	0.45	0	0	0.53
238900	0.53	0.45	0.45	0	0	0.53
239000	0.53	0.45	0.45	0	0	0.53
239100	0.53	0.45	0.45	0	0	0.53
239200	0.53	0.45	0.45	0	0	0.53
239300	0.53	0.45	0.45	0	0	0.53
239400	0.53	0.45	0.45	0	0	0.53
239500	0.53	0.45	0.45	0	0	0.53
239600	0.53	0.45	0.45	0	0	0.53
239700	0.53	0.45	0.45	0	0	0.53
239800	0.53	0.45	0.45	0	0	0.53
239900	0.53	0.45	0.45	0	0	0.53
240000	0.53	0.45	0.45	0	0	0.53
240100	0.53	0.45	0.45	0	0	0.53
240200	0.53	0.45	0.45	0	0	0.53
240300	0.53	0.45	0.45	0	0	0.53
240400	0.53	0.45	0.45	0	0	0.53
240500	0.53	0.45	0.45	0	0	0.53
240600	0.54	0.45	0.45	0	0	0.54
240700	0.54	0.45	0.45	0	0	0.54
240800	0.54	0.45	0.45	0	0	0.54
240900	0.54	0.45	0.45	0	0	0.54
241000	0.54	0.45	0.45	0	0	0.54
241100	0.54	0.45	0.45	0	0	0.54
241200	0.54	0.45	0.45	0	0	0.54
241300	0.54	0.45	0.45	0	0	0.54
241400	0.54	0.45	0.45	0	0	0.54
241500	0.54	0.45	0.45	0	0	0.54
241600	0.54	0.45	0.45	0	0	0.54
241700	0.54	0.45	0.45	0	0	0.54
241800	0.54	0.45	0.45	0	0	0.54
241900	0.54	0.45	0.45	0	0	0.54
242000	0.54	0.45	0.45	0	0	0.54
242100	0.54	0.45	0.45	0	0	0.54
242200	0.54	0.45	0.45	0	0	0.54
242300	0.54	0.45	0.45	0	0	0.54
242400	0.54	0.45	0.45	0	0	0.54
242500	0.54	0.45	0.45	0	0	0.54
242600	0.54	0.45	0.45	0	0	0.54
242700	0.54	0.45	0.45	0	0	0.54
242800	0.54	0.45	0.45	0	0	0.54
242900	0.54	0.45	0.45	0	0	0.54
243000	0.54	0.45	0.45	0	0	0.54
243100	0.54	0.45	0.45	0	0	0.54
243200	0.54	0.45	0.45	0	0	0.54
243300	0.54	0.45	0.45	0	0	0.54
243400	0.54	0.45	0.45	0	0	0.54
243500	0.54	0.45	0.45	0	0	0.54
243600	0.54	0.45	0.45	0	0	0.54
243700	0.54	0.45	0.45	0	0	0.54
243800	0.54	0.45	0.45	0	0	0.54
243900	0.54	0.45	0.45	0	0	0.54
244000	0.54	0.45	0.45	0	0	0.54
244100	0.54	0.45	0.45	0	0	0.54
244200	0.54	0.45	0.45	0	0	0.54
244300	0.54	0.45	0.45	0	0	0.54
244400	0.54	0.45	0.45	0	0	0.54
244500	0.54	0.45	0.45	0	0	0.54
244600	0.54	0.45	0.45	0	0	0.54
244700	0.54	0.45	0.45	0	0	0.54
244800	0.54	0.44	0.44	0	0	0.54
244900	0.54	0.44	0.44	0	0	0.54
245000	0.54	0.44	0.44	0	0	0.54
245100	0.54	0.44	0.44	0	0	0.54
245200	0.54	0.44	0.44	0	0	0.54
245300	0.54	0.44	0.44	0	0	0.54
245400	0.54	0.44	0.44	0	0	0.54
245500	0.54	0.44	0.44	0	0	0.54
245600	0.54	0.44	0.44	0	0	0.54
245700	0.54	0.44	0.44	0	0	0.54
245800	0.54	0.44	0.44	0	0	0.54
245900	0.54	0.44	0.44	0	0	0.54
246000	0.54	0.44	0.44	0	0	0.54
246100	0.54	0.44	0.44	0	0	0.54
246200	0.54	0.44	0.44	0	0	0.54
246300	0.54	0.44	0.44	0	0	0.54
246400	0.54	0.44	0.44	0	0	0.54
246500	0.54	0.44	0.44	0	0	0.54
246600	0.54	0.44	0.44	0	0	0.54
246700	0.54	0.44	0.44	0	0	0.54
246800	0.54	0.44	0.44	0	0	0.54
246900	0.54	0.44	0.44	0	0	0.54
247000	0.54	0.44	0.44	0	0	0.54
247100	0.54	0.44	0.44	0	0	0.54
247200	0.54	0.44	0.44	0	0	0.54
247300	0.54	0.44	0.44	0	0	0.54
247400	0.54	0.44	0.44	0	0	0.54
247500	0.54	0.44	0.44	0	0	0.54
247600	0.54	0.44	0.44	0	0	0.54
247700	0.54	0.45	0.45	0	0	0.54
247800	0.54	0.45	0.45	0	0	0.54
247900	0.54	0.45	0.45	0	0	0.54
248000	0.54	0.45	0.45	0	0	0.54
248100	0.54	0.45	0.45	0	0	0.54
248200	0.54	0.45	0.45	0	0	0.54
248300	0.54	0.45	0.45	0	0	0.54
248400	0.54	0.45	0.45	0	0	0.54
248500	0.54	0.45	0.45	0	0	0.54
248600	0.54	0.45	0.45	0	0	0.54
248700	0.54	0.45	0.45	0	0	0.54
248800	0.54	0.45	0.45	0	0	0.54
248900	0.54	0.45	0.45	0	0	0.54
249000	0.54	0.45	0.45	0	0	0.54
249100	0.54	0.45	0.45	0	0	0.54
249200	0.54	0.45	0.45	0	0	0.54
249300	0.54	0.45	0.45	0	0	0.54
249400	0.54	0.45	0.45	0	0	0.54
249500	0.54	0.45	0.45	0	0	0.54
249600	0.54	0.45	0.45	0	0	0.54
249700	0.54	0.45	0.45	0	0	0.54
249800	0.54	0.45	0.45	0	0	0.54
249900	0.54	0.45	0.45	0	0	0.54
250000	0.54	0.45	0.45	0	0	0.54
250100	0.54	0.45	0.45	0	0	0.54
250200	0.54	0.45	0.45	0	0	0.54
250300	0.54	0.45	0.45	0	0	0.54
250400	0.54	0.45	0.45	0	0	0.54
250500	0.54	0.45	0.45	0	0	0.54
250600	0.54	0.45	0.45	0	0	0.54
250700	0.54	0.45	0.45	0	0	0.54
250800	0.54	0.45	0.45	0	0	0.54
250900	0.54	0.45	0.45	0	0	0.54
251000	0.54	0.45	0.45	0	0	0.54
251100	0.54	0.45	0.45	0	0	0.54
251200	0.55	0.45	0.45	0	0	0.55
251300	0.55	0.45	0.45	0	0	0.55
251400	0.55	0.45	0.45	0	0	0.55
251500	0.55	0.45	0.45	0	0	0.55
251600	0.55	0.45	0.45	0	0	0.55
251700	0.55	0.45	0.45	0	0	0.55
251800	0.55	0.45	0.45	0	0	0.55
251900	0.55	0.45	0.45	0	0	0.55
252000	0.55	0.45	0.45	0	0	0.55
252100	0.55	0.45	0.45	0	0	0.55
252200	0.55	0.45	0.45	0	0	0.55
252300	0.55	0.45	0.45	0	0	0.55
252400	0.55	0.45	0.45	0	0	0.55
252500	0.55	0.45	0.45	0	0	0.55
252600	0.55	0.45	0.45	0	0	0.55
252700	0.55	0.45	0.45	0	0	0.55
252800	0.55	0.45	0.45	0	0	0.55
252900	0.55	0.45	0.45	0	0	0.55
253000	0.55	0.45	0.45	0	0	0.55
253100	0.55	0.45	0.45	0	0	0.55
253200	0.55	0.45	0.45	0	0	0.55
253300	0.55	0.45	0.45	0	0	0.55
253400	0.55	0.45	0.45	0	0	0.55
253500	0.55	0.45	0.45	0	0	0.55
253600	0.55	0.45	0.45	0	0	0.55
253700	0.55	0.45	0.45	0	0	0.55
253800	0.55	0.45	0.45	0	0	0.55
253900	0.55	0.45	0.45	0	0	0.55
254000	0.55	0.45	0.45	0	0	0.55
254100	0.55	0.45	0.45	0	0	0.55
254200	0.55	0.45	0.45	0	0	0.55
254300	0.55	0.45	0.45	0	0	0.55
254400	0.55	0.45	0.45	0	0	0.55
254500	0.55	0.45	0.45	0	0	0.55
254600	0.55	0.45	0.45	0	0	0.55
254700	0.55	0.45	0.45	0	0	0.55
254800	0.55	0.44	0.44	0	0	0.55
254900	0.55	0.44	0.44	0	0	0.55
255000	0.55	0.44	0.44	0	0	0.55
255100	0.55	0.44	0.44	0	0	0.55
255200	0.55	0.44	0.44	0	0	0.55
255300	0.55	0.44	0.44	0	0	0.55
255400	0.55	0.44	0.44	0	0	0.55
255500	0.55	0.44	0.44	0	0	0.55
255600	0.55	0.44	0.44	0	0	0.55
255700	0.55	0.44	0.44	0	0	0.55
255800	0.55	0.45	0.45	0	0	0.55
255900	0.55	0.45	0.45	0	0	0.55
256000	0.55	0.45	0.45	0	0	0.55
256100	0.55	0.45	0.45	0	0	0.55
256200	0.55	0.44	0.44	0	0	0.55
256300	0.55	0.44	0.44	0	0	0.55
256400	0.55	0.44	0.44	0	0	0.55
256500	0.55	0.44	0.44	0	0	0.55
256600	0.55	0.44	0.44	0	0	0.55
256700	0.55	0.44	0.44	0	0	0.55
256800	0.55	0.44	0.44	0	0	0.55
256900	0.55	0.44	0.44	0	0	0.55
257000	0.55	0.44	0.44	0	0	0.55
257100	0.55	0.44	0.44	0	0	0.55
257200	0.55	0.44	0.44	0	0	0.55
257300	0.55	0.44	0.44	0	0	0.55
257400	0.55	0.44	0.44	0	0	0.55
257500	0.55	0.44	0.44	0	0	0.55
257600	0.55	0.44	0.44	0	0	0.55
257700	0.55	0.44	0.44	0	0	0.55
257800	0.55	0.44	0.44	0	0	0.55
257900	0.55	0.44	0.44	0	0	0.55
258000	0.55	0.44	0.44	0	0	0.55
258100	0.55	0.44	0.44	0	0	0.55
258200	0.55	0.44	0.44	0	0	0.55
258300	0.55	0.44	0.44	0	0	0.55
258400	0.55	0.44	0.44	0	0	0.55
258500	0.55	0.44	0.44	0	0	0.55
258600	0.55	0.44	0.44	0	0	0.55
258700	0.55	0.44	0.44	0	0	0.55
258800	0.55	0.44	0.44	0	0	0.55
258900	0.55	0.44	0.44	0	0	0.55
259000	0.55	0.44	0.44	0	0	0.55
259100	0.55	0.44	0.44	0	0	0.55
259200	0.55	0.44	0.44	0	0	0.55
259300	0.55	0.44	0.44	0	0	0.55
259400	0.55	0.44	0.44	0	0	0.55
259500	0.55	0.44	0.44	0	0	0.55
259600	0.55	0.44	0.44	0	0	0.55
259700	0.55	0.44	0.44	0	0	0.55
259800	0.55	0.44	0.44	0	0	0.55
259900	0.55	0.44	0.44	0	0	0.55
260000	0.55	0.44	0.44	0	0	0.55
260100	0.55	0.44	0.44	0	0	0.55
260200	0.55	0.44	0.44	0	0	0.55
260300	0.55	0.44	0.44	0	0	0.55
260400	0.55	0.44	0.44	0	0	0.55
260500	0.55	0.44	0.44	0	0	0.55
260600	0.55	0.44	0.44	0	0	0.55
260700	0.55	0.44	0.44	0	0	0.55
260800	0.55	0.44	0.44	0	0	0.55
260900	0.55	0.44	0.44	0	0	0.55
261000	0.55	0.44	0.44	0	0	0.55
261100	0.55	0.44	0.44	0	0	0.55
261200	0.55	0.44	0.44	0	0	0.55
261300	0.55	0.44	0.44	0	0	0.55
261400	0.55	0.44	0.44	0	0	0.55
261500	0.55	0.44	0.44	0	0	0.55
261600	0.55	0.44	0.44	0	0	0.55
261700	0.55	0.44	0.44	0	0	0.55
261800	0.55	0.44	0.44	0	0	0.55
261900	0.55	0.44	0.44	0	0	0.55
262000	0.55	0.44	0.44	0	0	0.55
262100	0.55	0.44	0.44	0	0	0.55
262200	0.55	0.44	0.44	0	0	0.55
262300	0.55	0.44	0.44	0	0	0.55
262400	0.55	0.44	0.44	0	0	0.55
262500	0.55	0.44	0.44	0	0	0.55
262600	0.55	0.44	0.44	0	0	0.55
262700	0.55	0.44	0.44	0	0	0.55
262800	0.55	0.44	0.44	0	0	0.55
262900	0.55	0.44	0.44	0	0	0.55
263000	0.55	0.44	0.44	0	0	0.55
263100	0.55	0.44	0.44	0	0	0.55
263200	0.55	0.44	0.44	0	0	0.55
263300	0.55	0.44	0.44	0	0	0.55
263400	0.55	0.44	0.44	0	0	0.55
263500	0.55	0.44	0.44	0	0	0.55
263600	0.55	0.44	0.44	0	0	0.55
263700	0.55	0.44	0.44	0	0	0.55
263800	0.55	0.44	0.44	0	0	0.55
263900	0.55	0.44	0.44	0	0	0.55
264000	0.55	0.44	0.44	0	0	0.55
264100	0.55	0.44	0.44	0	0	0.55
264200	0.55	0.44	0.44	0	0	0.55
264300	0.55	0.44	0.44	0	0	0.55
264400	0.55	0.44	0.44	0	0	0.55
264500	0.55	0.44	0.44	0	0	0.55
264600	0.55	0.44	0.44	0	0	0.55
264700	0.55	0.44	0.44	0	0	0.55
264800	0.55	0.44	0.44	0	0	0.55
264900	0.55	0.44	0.44	0	0	0.55
265000	0.55	0.44	0.44	0	0	0.55
265100	0.55	0.44	0.44	0	0	0.55
265200	0.55	0.44	0.44	0	0	0.55
265300	0.55	0.44	0.44	0	0	0.55
265400	0.55	0.44	0.44	0	0	0.55
265500	0.55	0.44	0.44	0	0	0.55
265600	0.55	0.44	0.44	0	0	0.55
265700	0.55	0.44	0.44	0	0	0.55
265800	0.55	0.44	0.44	0	0	0.55
265900	0.55	0.44	0.44	0	0	0.55
266000	0.55	0.44	0.44	0	0	0.55
266100	0.55	0.44	0.44	0	0	0.55
266200	0.55	0.44	0.44	0	0	0.55
266300	0.55	0.44	0.44	0	0	0.55
266400	0.55	0.44	0.44	0	0	0.55
266500	0.55	0.44	0.44	0	0	0.55
266600	0.55	0.44	0.44	0	0	0.55
266700	0.55	0.44	0.44	0	0	0.55
266800	0.55	0.44	0.44	0	0	0.55
266900	0.55	0.44	0.44	0	0	0.55
267000	0.55	0.44	0.44	0	0	0.55
267100	0.55	0.44	0.44	0	0	0.55
267200	0.55	0.44	0.44	0	0	0.55
267300	0.55	0.44	0.44	0	0	0.55
267400	0.55	0.44	0.44	0	0	0.55
267500	0.55	0.44	0.44	0	0	0.55
267600	0.55	0.44	0.44	0	0	0.55
267700	0.55	0.44	0.44	0	0	0.55
267800	0.55	0.44	0.44	0	0	0.55
267900	0.55	0.44	0.44	0	0	0.55
268000	0.55	0.44	0.44	0	0	0.55
268100	0.55	0.44	0.44	0	0	0.55
268200	0.55	0.44	0.44	0	0	0.55
268300	0.55	0.44	0.44	0	0	0.55
268400	0.55	0.44	0.44	0	0	0.55
268500	0.55	0.44	0.44	0	0	0.55
268600	0.55	0.44	0.44	0	0	0.55
268700	0.55	0.44	0.44	0	0	0.55
268800	0.55	0.44	0.44	0	0	0.55
268900	0.55	0.44	0.44	0	0	0.55
269000	0.55	0.44	0.44	0	0	0.55
269100	0.55	0.44	0.44	0	0	0.55
269200	0.55	0.44	0.44	0	0	0.55
269300	0.55	0.44	0.44	0	0	0.55
269400	0.55	0.44	0.44	0	0	0.55
269500	0.55	0.44	0.44	0	0	0.55
269600	0.55	0.44	0.44	0	0	0.55
269700	0.55	0.44	0.44	0	0	0.55
269800	0.55	0.44	0.44	0	0	0.55
269900	0.55	0.44	0.44	0	0	0.55
270000	0.55	0.44	0.44	0	0	0.55
270100	0.55	0.44	0.44	0	0	0.55
270200	0.55	0.44	0.44	0	0	0.55
270300	0.55	0.44	0.44	0	0	0.55
270400	0.55	0.44	0.44	0	0	0.55
270500	0.55	0.44	0.44	0	0	0.55
270600	0.55	0.44	0.44	0	0	0.55
270700	0.55	0.44	0.44	0	0	0.55
270800	0.55	0.44	0.44	0	0	0.55
270900	0.55	0.44	0.44	0	0	0.55
271000	0.55	0.44	0.44	0	0	0.55
271100	0.55	0.44	0.44	0	0	0.55
271200	0.55	0.44	0.44	0	0	0.55
271300	0.55	0.44	0.44	0	0	0.55
271400	0.55	0.44	0.44	0	0	0.55
271500	0.55	0.44	0.44	0	0	0.55
271600	0.55	0.44	0.44	0	0	0.55
271700	0.55	0.44	0.44	0	0	0.55
271800	0.55	0.44	0.44	0	0	0.55
271900	0.55	0.44	0.44	0	0	0.55
272000	0.55	0.43	0.43	0	0	0.55
272100	0.55	0.43	0.43	0	0	0.55
272200	0.55	0.43	0.43	0	0	0.55
272300	0.55	0.43	0.43	0	0	0.55
272400	0.55	0.43	0.43	0	0	0.55
272500	0.55	0.43	0.43	0	0	0.55
272600	0.55	0.43	0.43	0	0	0.55
272700	0.55	0.43	0.43	0	0	0.55
272800	0.55	0.43	0.43	0	0	0.55
272900	0.55	0.43	0.43	0	0	0.55
273000	0.55	0.43	0.43	0	0	0.55
273100	0.55	0.43	0.43	0	0	0.55
273200	0.55	0.43	0.43	0	0	0.55
273300	0.55	0.43	0.43	0	0	0.55
273400	0.55	0.43	0.43	0	0	0.55
273500	0.55	0.43	0.43	0	0	0.55
273600	0.55	0.43	0.43	0	0	0.55
273700	0.55	0.43	0.43	0	0	0.55
273800	0.55	0.43	0.43	0	0	0.55
273900	0.55	0.43	0.43	0	0	0.55
274000	0.55	0.43	0.43	0	0	0.55
274100	0.55	0.43	0.43	0	0	0.55
274200	0.55	0.43	0.43	0	0	0.55
274300	0.55	0.43	0.43	0	0	0.55
274400	0.55	0.43	0.43	0	0	0.55
274500	0.55	0.43	0.43	0	0	0.55
274600	0.55	0.43	0.43	0	0	0.55
274700	0.55	0.43	0.43	0	0	0.55
274800	0.55	0.43	0.43	0	0	0.55
274900	0.55	0.43	0.43	0	0	0.55
275000	0.55	0.43	0.43	0	0	0.55
275100	0.55	0.43	0.43	0	0	0.55
275200	0.55	0.43	0.43	0	0	0.55
275300	0.55	0.43	0.43	0	0	0.55
275400	0.55	0.43	0.43	0	0	0.55
275500	0.55	0.43	0.43	0	0	0.55
275600	0.55	0.43	0.43	0	0	0.55
275700	0.55	0.43	0.43	0	0	0.55
275800	0.55	0.43	0.43	0	0	0.55
275900	0.55	0.43	0.43	0	0	0.55
276000	0.55	0.43	0.43	0	0	0.55
276100	0.55	0.43	0.43	0	0	0.55
276200	0.55	0.43	0.43	0	0	0.55
276300	0.55	0.43	0.43	0	0	0.55
276400	0.55	0.43	0.43	0	0	0.55
276500	0.55	0.43	0.43	0	0	0.55
276600	0.55	0.43	0.43	0	0	0.55
276700	0.55	0.43	0.43	0	0	0.55
276800	0.55	0.43	0.43	0	0	0.55
276900	0.55	0.43	0.43	0	0	0.55
277000	0.55	0.43	0.43	0	0	0.55
277100	0.55	0.43	0.43	0	0	0.55
277200	0.55	0.43	0.43	0	0	0.55
277300	0.55	0.43	0.43	0	0	0.55
277400	0.55	0.43	0.43	0	0	0.55
277500	0.55	0.43	0.43	0	0	0.55
277600	0.55	0.43	0.43	0	0	0.55
277700	0.55	0.43	0.43	0	0	0.55
277800	0.55	0.43	0.43	0	0	0.55
277900	0.55	0.43	0.43	0	0	0.55
278000	0.55	0.43	0.43	0	0	0.55
278100	0.55	0.43	0.43	0	0	0.55
278200	0.55	0.43	0.43	0	0	0.55
278300	0.55	0.43	0.43	0	0	0.55
278400	0.55	0.43	0.43	0	0	0.55
278500	0.55	0.43	0.43	0	0	0.55
278600	0.55	0.43	0.43	0	0	0.55
278700	0.55	0.43	0.43	0	0	0.55
278800	0.55	0.43	0.43	0	0	0.55
278900	0.55	0.43	0.43	0	0	0.55
279000	0.55	0.44	0.44	0	0	0.55
279100	0.55	0.44	0.44	0	0	0.55
279200	0.55	0.44	0.44	0	0	0.55
279300	0.55	0.44	0.44	0	0	0.55
279400	0.55	0.43	0.43	0	0	0.55
279500	0.55	0.43	0.43	0	0	0.55
279600	0.55	0.43	0.43	0	0	0.55
279700	0.55	0.43	0.43	0	0	0.55
279800	0.55	0.43	0.43	0	0	0.55
279900	0.55	0.43	0.43	0	0	0.55
280000	0.55	0.43	0.43	0	0	0.55
280100	0.55	0.44	0.44	0	0	0.55
280200	0.55	0.44	0.44	0	0	0.55
280300	0.55	0.44	0.44	0	0	0.55
280400	0.55	0.44	0.44	0	0	0.55
280500	0.55	0.44	0.44	0	0	0.55
280600	0.55	0.44	0.44	0	0	0.55
280700	0.55	0.44	0.44	0	0	0.55
280800	0.55	0.44	0.44	0	0	0.55
280900	0.55	0.44	0.44	0	0	0.55
281000	0.55	0.44	0.44	0	0	0.55
281100	0.55	0.44	0.44	0	0	0.55
281200	0.55	0.44	0.44	0	0	0.55
281300	0.55	0.44	0.44	0	0	0.55
281400	0.55	0.44	0.44	0	0	0.55
281500	0.55	0.44	0.44	0	0	0.55
281600	0.55	0.44	0.44	0	0	0.55
281700	0.55	0.44	0.44	0	0	0.55
281800	0.55	0.44	0.44	0	0	0.55
281900	0.55	0.44	0.44	0	0	0.55
282000	0.55	0.44	0.44	0	0	0.55
282100	0.55	0.44	0.44	0	0	0.55
282200	0.55	0.44	0.44	0	0	0.55
282300	0.55	0.44	0.44	0	0	0.55
282400	0.55	0.44	0.44	0	0	0.55
282500	0.55	0.44	0.44	0	0	0.55
282600	0.55	0.44	0.44	0	0	0.55
282700	0.55	0.44	0.44	0	0	0.55
282800	0.55	0.44	0.44	0	0	0.55
282900	0.55	0.44	0.44	0	0	0.55
283000	0.55	0.44	0.44	0	0	0.55
283100	0.55	0.44	0.44	0	0	0.55
283200	0.55	0.44	0.44	0	0	0.55
283300	0.55	0.44	0.44	0	0	0.55
283400	0.55	0.44	0.44	0	0	0.55
283500	0.55	0.44	0.44	0	0	0.55
283600	0.55	0.44	0.44	0	0	0.55
283700	0.55	0.44	0.44	0	0	0.55
283800	0.55	0.44	0.44	0	0	0.55
283900	0.55	0.44	0.44	0	0	0.55
284000	0.55	0.44	0.44	0	0	0.55
284100	0.55	0.44	0.44	0	0	0.55
284200	0.55	0.44	0.44	0	0	0.55
284300	0.55	0.44	0.44	0	0	0.55
284400	0.55	0.44	0.44	0	0	0.55
284500	0.55	0.44	0.44	0	0	0.55
284600	0.55	0.44	0.44	0	0	0.55
284700	0.55	0.44	0.44	0	0	0.55
284800	0.55	0.44	0.44	0	0	0.55
284900	0.55	0.44	0.44	0	0	0.55
285000	0.55	0.44	0.44	0	0	0.55
285100	0.55	0.44	0.44	0	0	0.55
285200	0.55	0.44	0.44	0	0	0.55
285300	0.55	0.44	0.44	0	0	0.55
285400	0.55	0.44	0.44	0	0	0.55
285500	0.55	0.44	0.44	0	0	0.55
285600	0.55	0.44	0.44	0	0	0.55
285700	0.55	0.44	0.44	0	0	0.55
285800	0.55	0.44	0.44	0	0	0.55
285900	0.55	0.44	0.44	0	0	0.55
286000	0.55	0.44	0.44	0	0	0.55
286100	0.55	0.44	0.44	0	0	0.55
286200	0.55	0.44	0.44	0	0	0.55
286300	0.55	0.44	0.44	0	0	0.55
286400	0.55	0.44	0.44	0	0	0.55
286500	0.55	0.44	0.44	0	0	0.55
286600	0.55	0.44	0.44	0	0	0.55
286700	0.55	0.44	0.44	0	0	0.55
286800	0.55	0.44	0.44	0	0	0.55
286900	0.55	0.44	0.44	0	0	0.55
287000	0.55	0.44	0.44	0	0	0.55
287100	0.55	0.44	0.44	0	0	0.55
287200	0.55	0.44	0.44	0	0	0.55
287300	0.55	0.45	0.45	0	0	0.55
287400	0.55	0.45	0.45	0	0	0.55
287500	0.55	0.45	0.45	0	0	0.55
287600	0.55	0.45	0.45	0	0	0.55
287700	0.55	0.45	0.45	0	0	0.55
287800	0.55	0.45	0.45	0	0	0.55
287900	0.55	0.45	0.45	0	0	0.55
288000	0.55	0.45	0.45	0	0	0.55
288100	0.55	0.45	0.45	0	0	0.55
288200	0.55	0.45	0.45	0	0	0.55
288300	0.55	0.45	0.45	0	0	0.55
288400	0.55	0.45	0.45	0	0	0.55
288500	0.55	0.45	0.45	0	0	0.55
288600	0.55	0.45	0.45	0	0	0.55
288700	0.55	0.45	0.45	0	0	0.55
288800	0.55	0.45	0.45	0	0	0.55
288900	0.55	0.45	0.45	0	0	0.55
289000	0.55	0.45	0.45	0	0	0.55
289100	0.55	0.45	0.45	0	0	0.55
289200	0.55	0.45	0.45	0	0	0.55
289300	0.55	0.45	0.45	0	0	0.55
289400	0.55	0.45	0.45	0	0	0.55
289500	0.55	0.45	0.45	0	0	0.55
289600	0.55	0.45	0.45	0	0	0.55
289700	0.55	0.45	0.45	0	0	0.55
289800	0.55	0.45	0.45	0	0	0.55
289900	0.55	0.45	0.45	0	0	0.55
290000	0.55	0.45	0.45	0	0	0.55
290100	0.55	0.45	0.45	0	0	0.55
290200	0.55	0.45	0.45	0	0	0.55
290300	0.55	0.45	0.45	0	0	0.55
290400	0.55	0.45	0.45	0	0	0.55
290500	0.55	0.45	0.45	0	0	0.55
290600	0.55	0.45	0.45	0	0	0.55
290700	0.55	0.45	0.45	0	0	0.55
290800	0.55	0.45	0.45	0	0	0.55
290900	0.55	0.45	0.45	0	0	0.55
291000	0.55	0.45	0.45	0	0	0.55
291100	0.55	0.45	0.45	0	0	0.55
291200	0.55	0.45	0.45	0	0	0.55
291300	0.55	0.45	0.45	0	0	0.55
291400	0.55	0.45	0.45	0	0	0.55
291500	0.55	0.45	0.45	0	0	0.55
291600	0.55	0.45	0.45	0	0	0.55
291700	0.55	0.45	0.45	0	0	0.55
291800	0.55	0.45	0.45	0	0	0.55
291900	0.55	0.45	0.45	0	0	0.55
292000	0.55	0.45	0.45	0	0	0.55
292100	0.55	0.45	0.45	0	0	0.55
292200	0.55	0.45	0.45	0	0	0.55
292300	0.55	0.45	0.45	0	0	0.55
292400	0.55	0.45	0.45	0	0	0.55
292500	0.55	0.45	0.45	0	0	0.55
292600	0.55	0.45	0.45	0	0	0.55
292700	0.55	0.45	0.45	0	0	0.55
292800	0.55	0.45	0.45	0	0	0.55
292900	0.55	0.45	0.45	0	0	0.55
293000	0.55	0.45	0.45	0	0	0.55
293100	0.55	0.45	0.45	0	0	0.55
293200	0.55	0.45	0.45	0	0	0.55
293300	0.55	0.45	0.45	0	0	0.55
293400	0.55	0.45	0.45	0	0	0.55
293500	0.55	0.45	0.45	0	0	0.55
293600	0.55	0.45	0.45	0	0	0.55
293700	0.55	0.45	0.45	0	0	0.55
293800	0.55	0.45	0.45	0	0	0.55
293900	0.55	0.45	0.45	0	0	0.55
294000	0.55	0.45	0.45	0	0	0.55
294100	0.55	0.45	0.45	0	0	0.55
294200	0.55	0.45	0.45	0	0	0.55
294300	0.55	0.45	0.45	0	0	0.55
294400	0.55	0.45	0.45	0	0	0.55
294500	0.55	0.45	0.45	0	0	0.55
294600	0.55	0.45	0.45	0	0	0.55
294700	0.55	0.45	0.45	0	0	0.55
294800	0.55	0.45	0.45	0	0	0.55
294900	0.55	0.45	0.45	0	0	0.55
295000	0.55	0.45	0.45	0	0	0.55
295100	0.55	0.45	0.45	0	0	0.55
295200	0.55	0.45	0.45	0	0	0.55
295300	0.55	0.45	0.45	0	0	0.55
295400	0.55	0.45	0.45	0	0	0.55
295500	0.55	0.45	0.45	0	0	0.55
295600	0.55	0.45	0.45	0	0	0.55
295700	0.55	0.45	0.45	0	0	0.55
295800	0.55	0.45	0.45	0	0	0.55
295900	0.55	0.45	0.45	0	0	0.55
296000	0.55	0.45	0.45	0	0	0.55
296100	0.55	0.45	0.45	0	0	0.55
296200	0.55	0.45	0.45	0	0	0.55
296300	0.55	0.45	0.45	0	0	0.55
296400	0.55	0.45	0.45	0	0	0.55
296500	0.55	0.45	0.45	0	0	0.55
296600	0.55	0.45	0.45	0	0	0.55
296700	0.55	0.45	0.45	0	0	0.55
296800	0.55	0.45	0.45	0	0	0.55
296900	0.55	0.45	0.45	0	0	0.55
297000	0.55	0.45	0.45	0	0	0.55
297100	0.55	0.45	0.45	0	0	0.55
297200	0.55	0.45	0.45	0	0	0.55
297300	0.55	0.45	0.45	0	0	0.55
297400	0.55	0.45	0.45	0	0	0.55
297500	0.55	0.45	0.45	0	0	0.55
297600	0.55	0.45	0.45	0	0	0.55
297700	0.55	0.45	0.45	0	0	0.55
297800	0.55	0.45	0.45	0	0	0.55
297900	0.55	0.45	0.45	0	0	0.55
298000	0.55	0.45	0.45	0	0	0.55
298100	0.55	0.45	0.45	0	0	0.55
298200	0.55	0.45	0.45	0	0	0.55
298300	0.55	0.45	0.45	0	0	0.55
298400	0.55	0.45	0.45	0	0	0.55
298500	0.55	0.45	0.45	0	0	0.55
298600	0.55	0.45	0.45	0	0	0.55
298700	0.55	0.45	0.45	0	0	0.55
298800	0.55	0.45	0.45	0	0	0.55
298900	0.55	0.45	0.45	0	0	0.55
299000	0.55	0.45	0.45	0	0	0.55
299100	0.55	0.45	0.45	0	0	0.55
299200	0.55	0.45	0.45	0	0	0.55
299300	0.55	0.45	0.45	0	0	0.55
299400	0.55	0.45	0.45	0	0	0.55
299500	0.55	0.45	0.45	0	0	0.55
299600	0.55	0.45	0.45	0	0	0.55
299700	0.55	0.45	0.45	0	0	0.55
299800	0.55	0.45	0.45	0	0	0.55
299900	0.55	0.45	0.45	0	0	0.55
300000	0.55	0.45	0.45	0	0	0.55
