100	0.01	0.05	0.05	0	0	0.01
200	0.03	0.05	0.05	0	0	0.03
300	0.02	0.06	0.06	0	0	0.02
400	0.01	0.05	0.05	0	0	0.01
500	0	0.05	0.05	0	0	0
600	0.01	0.06	0.06	0	0	0.01
700	0.04	0.05	0.05	0	0	0.04
800	0.04	0.04	0.04	0	0	0.04
900	0.03	0.02	0.02	0	0	0.03
1000	0.03	0	0	0	0	0.03
1100	0.03	0.01	0.01	0	0	0.03
1200	0.01	0.02	0.02	0	0	0.01
1300	0.02	0.02	0.02	0	0	0.02
1400	0.02	0.03	0.03	0	0	0.02
1500	0.02	0.03	0.03	0	0	0.02
1600	0.02	0.03	0.03	0	0	0.02
1700	0.02	0.01	0.01	0	0	0.02
1800	0	0.01	0.01	0	0	0
1900	0	0.02	0.02	0	0	0
2000	0	0.01	0.01	0	0	0
2100	0.03	0.03	0.03	0	0	0.03
2200	0.03	0.03	0.03	0	0	0.03
2300	0.03	0.03	0.03	0	0	0.03
2400	0.03	0.02	0.02	0	0	0.03
2500	0.04	0	0	0	0	0.04
2600	0.04	0	0	0	0	0.04
2700	0.03	0	0	0	0	0.03
2800	0.03	0	0	0	0	0.03
2900	0.03	0	0	0	0	0.03
3000	0.05	0.01	0.01	0	0	0.05
3100	0.03	0.04	0.04	0	0	0.03
3200	0.04	0.06	0.06	0	0	0.04
3300	0.03	0.06	0.06	0	0	0.03
3400	0.04	0.05	0.05	0	0	0.04
3500	0.03	0.05	0.05	0	0	0.03
3600	0.06	0.04	0.04	0	0	0.06
3700	0.07	0.02	0.02	0	0	0.07
3800	0.06	0.01	0.01	0	0	0.06
3900	0.02	0.02	0.02	0	0	0.02
4000	0.02	0.01	0.01	0	0	0.02
4100	0.04	0.01	0.01	0	0	0.04
4200	0.05	0.01	0.01	0	0	0.05
4300	0.04	0.02	0.02	0	0	0.04
4400	0.04	0.03	0.03	0	0	0.04
4500	0.06	0.03	0.03	0	0	0.06
4600	0.06	0.05	0.05	0	0	0.06
4700	0.08	0.04	0.04	0	0	0.08
4800	0.1	0.05	0.05	0	0	0.1
4900	0.11	0.03	0.03	0	0	0.11
5000	0.09	0.02	0.02	0	0	0.09
5100	0.1	0.02	0.02	0	0	0.1
5200	0.08	0.02	0.02	0	0	0.08
5300	0.07	0.01	0.01	0	0	0.07
5400	0.06	0.01	0.01	0	0	0.06
5500	0.05	0	0	0	0	0.05
5600	0.07	0.02	0.02	0	0	0.07
5700	0.08	0.02	0.02	0	0	0.08
5800	0.1	0.02	0.02	0	0	0.1
5900	0.12	0.03	0.03	0	0	0.12
6000	0.11	0.04	0.04	0	0	0.11
6100	0.11	0.04	0.04	0	0	0.11
6200	0.12	0.06	0.06	0	0	0.12
6300	0.13	0.06	0.06	0	0	0.13
6400	0.13	0.06	0.06	0	0	0.13
6500	0.13	0.06	0.06	0	0	0.13
6600	0.13	0.06	0.06	0	0	0.13
6700	0.14	0.06	0.06	0	0	0.14
6800	0.15	0.05	0.05	0	0	0.15
6900	0.13	0.05	0.05	0	0	0.13
7000	0.11	0.05	0.05	0	0	0.11
7100	0.12	0.03	0.03	0	0	0.12
7200	0.12	0.01	0.01	0	0	0.12
7300	0.12	0.02	0.02	0	0	0.12
7400	0.12	0.04	0.04	0	0	0.12
7500	0.13	0.01	0.01	0	0	0.13
7600	0.14	0.01	0.01	0	0	0.14
7700	0.15	0	0	0	0	0.15
7800	0.14	0	0	0	0	0.14
7900	0.12	0.01	0.01	0	0	0.12
8000	0.11	0.01	0.01	0	0	0.11
8100	0.11	0.01	0.01	0	0	0.11
8200	0.11	0.02	0.02	0	0	0.11
8300	0.13	0.01	0.01	0	0	0.13
8400	0.13	0.01	0.01	0	0	0.13
8500	0.14	0.02	0.02	0	0	0.14
8600	0.12	0.02	0.02	0	0	0.12
8700	0.11	0.02	0.02	0	0	0.11
8800	0.11	0.03	0.03	0	0	0.11
8900	0.11	0.04	0.04	0	0	0.11
9000	0.12	0.03	0.03	0	0	0.12
9100	0.12	0.01	0.01	0	0	0.12
9200	0.12	0.01	0.01	0	0	0.12
9300	0.13	0	0	0	0	0.13
9400	0.13	0.01	0.01	0	0	0.13
9500	0.13	0.01	0.01	0	0	0.13
9600	0.14	0.01	0.01	0	0	0.14
9700	0.14	0.02	0.02	0	0	0.14
9800	0.13	0.02	0.02	0	0	0.13
9900	0.13	0.01	0.01	0	0	0.13
10000	0.14	0.01	0.01	0	0	0.14
10100	0.15	0.01	0.01	0	0	0.15
10200	0.15	0.01	0.01	0	0	0.15
10300	0.16	0.02	0.02	0	0	0.16
10400	0.16	0.03	0.03	0	0	0.16
10500	0.16	0.02	0.02	0	0	0.16
10600	0.14	0.02	0.02	0	0	0.14
10700	0.14	0.04	0.04	0	0	0.14
10800	0.13	0.05	0.05	0	0	0.13
10900	0.14	0.05	0.05	0	0	0.14
11000	0.15	0.02	0.02	0	0	0.15
11100	0.15	0.02	0.02	0	0	0.15
11200	0.19	0.02	0.02	0	0	0.19
11300	0.19	0.02	0.02	0	0	0.19
11400	0.18	0.03	0.03	0	0	0.18
11500	0.17	0.01	0.01	0	0	0.17
11600	0.17	0.01	0.01	0	0	0.17
11700	0.16	0.01	0.01	0	0	0.16
11800	0.15	0.02	0.02	0	0	0.15
11900	0.16	0.02	0.02	0	0	0.16
12000	0.16	0.01	0.01	0	0	0.16
12100	0.16	0.03	0.03	0	0	0.16
12200	0.17	0.02	0.02	0	0	0.17
12300	0.17	0.01	0.01	0	0	0.17
12400	0.17	0	0	0	0	0.17
12500	0.17	0	0	0	0	0.17
12600	0.17	0.01	0.01	0	0	0.17
12700	0.18	0.03	0.03	0	0	0.18
12800	0.17	0.03	0.03	0	0	0.17
12900	0.17	0.02	0.02	0	0	0.17
13000	0.2	0.02	0.02	0	0	0.2
13100	0.2	0.03	0.03	0	0	0.2
13200	0.22	0.04	0.04	0	0	0.22
13300	0.22	0.04	0.04	0	0	0.22
13400	0.22	0.03	0.03	0	0	0.22
13500	0.2	0.02	0.02	0	0	0.2
13600	0.2	0.01	0.01	0	0	0.2
13700	0.2	0.01	0.01	0	0	0.2
13800	0.2	0.01	0.01	0	0	0.2
13900	0.2	0.01	0.01	0	0	0.2
14000	0.2	0	0	0	0	0.2
14100	0.2	0	0	0	0	0.2
14200	0.2	0	0	0	0	0.2
14300	0.2	0	0	0	0	0.2
14400	0.21	0	0	0	0	0.21
14500	0.21	0	0	0	0	0.21
14600	0.22	0	0	0	0	0.22
14700	0.22	0.01	0.01	0	0	0.22
14800	0.22	0.01	0.01	0	0	0.22
14900	0.23	0.01	0.01	0	0	0.23
15000	0.23	0.01	0.01	0	0	0.23
15100	0.21	0.01	0.01	0	0	0.21
15200	0.21	0.03	0.03	0	0	0.21
15300	0.21	0.02	0.02	0	0	0.21
15400	0.21	0.02	0.02	0	0	0.21
15500	0.22	0.02	0.02	0	0	0.22
15600	0.22	0.03	0.03	0	0	0.22
15700	0.24	0.03	0.03	0	0	0.24
15800	0.24	0.04	0.04	0	0	0.24
15900	0.26	0.03	0.03	0	0	0.26
16000	0.26	0.01	0.01	0	0	0.26
16100	0.25	0	0	0	0	0.25
16200	0.25	0.01	0.01	0	0	0.25
16300	0.23	0.01	0.01	0	0	0.23
16400	0.22	0.02	0.02	0	0	0.22
16500	0.22	0.02	0.02	0	0	0.22
16600	0.22	0.02	0.02	0	0	0.22
16700	0.22	0.01	0.01	0	0	0.22
16800	0.23	0.01	0.01	0	0	0.23
16900	0.25	0.02	0.02	0	0	0.25
17000	0.25	0.02	0.02	0	0	0.25
17100	0.25	0.03	0.03	0	0	0.25
17200	0.25	0.02	0.02	0	0	0.25
17300	0.25	0.03	0.03	0	0	0.25
17400	0.25	0.04	0.04	0	0	0.25
17500	0.25	0.02	0.02	0	0	0.25
17600	0.25	0.02	0.02	0	0	0.25
17700	0.25	0.04	0.04	0	0	0.25
17800	0.25	0.02	0.02	0	0	0.25
17900	0.25	0.01	0.01	0	0	0.25
18000	0.24	0.01	0.01	0	0	0.24
18100	0.25	0.01	0.01	0	0	0.25
18200	0.26	0.01	0.01	0	0	0.26
18300	0.25	0.02	0.02	0	0	0.25
18400	0.25	0.05	0.05	0	0	0.25
18500	0.25	0.05	0.05	0	0	0.25
18600	0.24	0.05	0.05	0	0	0.24
18700	0.25	0.05	0.05	0	0	0.25
18800	0.25	0.04	0.04	0	0	0.25
18900	0.25	0.03	0.03	0	0	0.25
19000	0.25	0.03	0.03	0	0	0.25
19100	0.25	0.03	0.03	0	0	0.25
19200	0.25	0.01	0.01	0	0	0.25
19300	0.25	0.01	0.01	0	0	0.25
19400	0.25	0.01	0.01	0	0	0.25
19500	0.26	0.01	0.01	0	0	0.26
19600	0.25	0.01	0.01	0	0	0.25
19700	0.25	0.01	0.01	0	0	0.25
19800	0.26	0	0	0	0	0.26
19900	0.26	0.02	0.02	0	0	0.26
20000	0.26	0.02	0.02	0	0	0.26
20100	0.26	0.03	0.03	0	0	0.26
20200	0.25	0.05	0.05	0	0	0.25
20300	0.25	0.06	0.06	0	0	0.25
20400	0.25	0.06	0.06	0	0	0.25
20500	0.25	0.06	0.06	0	0	0.25
20600	0.26	0.04	0.04	0	0	0.26
20700	0.27	0.02	0.02	0	0	0.27
20800	0.27	0.02	0.02	0	0	0.27
20900	0.27	0.02	0.02	0	0	0.27
21000	0.27	0.02	0.02	0	0	0.27
21100	0.27	0.03	0.03	0	0	0.27
21200	0.27	0.02	0.02	0	0	0.27
21300	0.27	0.01	0.01	0	0	0.27
21400	0.26	0.04	0.04	0	0	0.26
21500	0.26	0.04	0.04	0	0	0.26
21600	0.26	0.06	0.06	0	0	0.26
21700	0.26	0.05	0.05	0	0	0.26
21800	0.26	0.04	0.04	0	0	0.26
21900	0.28	0.03	0.03	0	0	0.28
22000	0.28	0.05	0.05	0	0	0.28
22100	0.28	0.08	0.08	0	0	0.28
22200	0.29	0.08	0.08	0	0	0.29
22300	0.29	0.07	0.07	0	0	0.29
22400	0.29	0.04	0.04	0	0	0.29
22500	0.29	0.03	0.03	0	0	0.29
22600	0.29	0.02	0.02	0	0	0.29
22700	0.29	0.01	0.01	0	0	0.29
22800	0.29	0.02	0.02	0	0	0.29
22900	0.29	0.04	0.04	0	0	0.29
23000	0.29	0.05	0.05	0	0	0.29
23100	0.29	0.06	0.06	0	0	0.29
23200	0.29	0.06	0.06	0	0	0.29
23300	0.29	0.03	0.03	0	0	0.29
23400	0.29	0	0	0	0	0.29
23500	0.29	0.01	0.01	0	0	0.29
23600	0.29	0.03	0.03	0	0	0.29
23700	0.31	0.04	0.04	0	0	0.31
23800	0.31	0.04	0.04	0	0	0.31
23900	0.31	0.02	0.02	0	0	0.31
24000	0.31	0.01	0.01	0	0	0.31
24100	0.31	0	0	0	0	0.31
24200	0.3	0.01	0.01	0	0	0.3
24300	0.3	0.03	0.03	0	0	0.3
24400	0.3	0.02	0.02	0	0	0.3
24500	0.31	0.05	0.05	0	0	0.31
24600	0.31	0.04	0.04	0	0	0.31
24700	0.32	0.04	0.04	0	0	0.32
24800	0.33	0.03	0.03	0	0	0.33
24900	0.33	0.03	0.03	0	0	0.33
25000	0.32	0.02	0.02	0	0	0.32
25100	0.32	0.03	0.03	0	0	0.32
25200	0.31	0.03	0.03	0	0	0.31
25300	0.31	0.04	0.04	0	0	0.31
25400	0.31	0.05	0.05	0	0	0.31
25500	0.31	0.05	0.05	0	0	0.31
25600	0.32	0.03	0.03	0	0	0.32
25700	0.32	0	0	0	0	0.32
25800	0.32	0	0	0	0	0.32
25900	0.32	0.01	0.01	0	0	0.32
26000	0.32	0.01	0.01	0	0	0.32
26100	0.32	0.01	0.01	0	0	0.32
26200	0.32	0.02	0.02	0	0	0.32
26300	0.32	0.03	0.03	0	0	0.32
26400	0.32	0.04	0.04	0	0	0.32
26500	0.32	0.02	0.02	0	0	0.32
26600	0.33	0.02	0.02	0	0	0.33
26700	0.33	0.04	0.04	0	0	0.33
26800	0.33	0.05	0.05	0	0	0.33
26900	0.35	0.04	0.04	0	0	0.35
27000	0.37	0.05	0.05	0	0	0.37
27100	0.37	0.05	0.05	0	0	0.37
27200	0.37	0.05	0.05	0	0	0.37
27300	0.36	0.05	0.05	0	0	0.36
27400	0.36	0.04	0.04	0	0	0.36
27500	0.35	0.02	0.02	0	0	0.35
27600	0.35	0	0	0	0	0.35
27700	0.35	0	0	0	0	0.35
27800	0.35	0	0	0	0	0.35
27900	0.37	0.04	0.04	0	0	0.37
28000	0.37	0.06	0.06	0	0	0.37
28100	0.38	0.04	0.04	0	0	0.38
28200	0.38	0.06	0.06	0	0	0.38
28300	0.38	0.05	0.05	0	0	0.38
28400	0.38	0.05	0.05	0	0	0.38
28500	0.38	0.05	0.05	0	0	0.38
28600	0.39	0.05	0.05	0	0	0.39
28700	0.39	0.07	0.07	0	0	0.39
28800	0.39	0.05	0.05	0	0	0.39
28900	0.39	0.03	0.03	0	0	0.39
29000	0.4	0.03	0.03	0	0	0.4
29100	0.4	0.03	0.03	0	0	0.4
29200	0.41	0.01	0.01	0	0	0.41
29300	0.41	0.01	0.01	0	0	0.41
29400	0.4	0.01	0.01	0	0	0.4
29500	0.4	0.01	0.01	0	0	0.4
29600	0.39	0.01	0.01	0	0	0.39
29700	0.39	0.02	0.02	0	0	0.39
29800	0.39	0.01	0.01	0	0	0.39
29900	0.39	0.01	0.01	0	0	0.39
30000	0.39	0.01	0.01	0	0	0.39
30100	0.39	0.01	0.01	0	0	0.39
30200	0.4	0.03	0.03	0	0	0.4
30300	0.39	0.02	0.02	0	0	0.39
30400	0.39	0.02	0.02	0	0	0.39
30500	0.4	0.02	0.02	0	0	0.4
30600	0.41	0.01	0.01	0	0	0.41
30700	0.42	0.01	0.01	0	0	0.42
30800	0.42	0	0	0	0	0.42
30900	0.41	0	0	0	0	0.41
31000	0.41	0	0	0	0	0.41
31100	0.41	0	0	0	0	0.41
31200	0.41	0.01	0.01	0	0	0.41
31300	0.41	0.03	0.03	0	0	0.41
31400	0.41	0.03	0.03	0	0	0.41
31500	0.41	0.02	0.02	0	0	0.41
31600	0.41	0.02	0.02	0	0	0.41
31700	0.41	0.02	0.02	0	0	0.41
31800	0.41	0.01	0.01	0	0	0.41
31900	0.42	0.02	0.02	0	0	0.42
32000	0.42	0.02	0.02	0	0	0.42
32100	0.42	0.03	0.03	0	0	0.42
32200	0.41	0.03	0.03	0	0	0.41
32300	0.41	0.05	0.05	0	0	0.41
32400	0.41	0.06	0.06	0	0	0.41
32500	0.41	0.05	0.05	0	0	0.41
32600	0.41	0.03	0.03	0	0	0.41
32700	0.42	0.03	0.03	0	0	0.42
32800	0.42	0.04	0.04	0	0	0.42
32900	0.42	0.06	0.06	0	0	0.42
33000	0.42	0.06	0.06	0	0	0.42
33100	0.42	0.07	0.07	0	0	0.42
33200	0.42	0.07	0.07	0	0	0.42
33300	0.42	0.04	0.04	0	0	0.42
33400	0.42	0.03	0.03	0	0	0.42
33500	0.42	0.01	0.01	0	0	0.42
33600	0.43	0.01	0.01	0	0	0.43
33700	0.43	0.02	0.02	0	0	0.43
33800	0.43	0.02	0.02	0	0	0.43
33900	0.44	0.01	0.01	0	0	0.44
34000	0.44	0	0	0	0	0.44
34100	0.44	0.02	0.02	0	0	0.44
34200	0.43	0.03	0.03	0	0	0.43
34300	0.43	0.05	0.05	0	0	0.43
34400	0.43	0.05	0.05	0	0	0.43
34500	0.43	0.04	0.04	0	0	0.43
34600	0.43	0.04	0.04	0	0	0.43
34700	0.43	0.03	0.03	0	0	0.43
34800	0.43	0.03	0.03	0	0	0.43
34900	0.43	0.03	0.03	0	0	0.43
35000	0.43	0.01	0.01	0	0	0.43
35100	0.43	0.01	0.01	0	0	0.43
35200	0.43	0.01	0.01	0	0	0.43
35300	0.43	0	0	0	0	0.43
35400	0.43	0.01	0.01	0	0	0.43
35500	0.43	0.04	0.04	0	0	0.43
35600	0.44	0.05	0.05	0	0	0.44
35700	0.44	0.05	0.05	0	0	0.44
35800	0.44	0.04	0.04	0	0	0.44
35900	0.44	0.04	0.04	0	0	0.44
36000	0.44	0.03	0.03	0	0	0.44
36100	0.44	0.01	0.01	0	0	0.44
36200	0.44	0	0	0	0	0.44
36300	0.44	0	0	0	0	0.44
36400	0.43	0.01	0.01	0	0	0.43
36500	0.43	0.02	0.02	0	0	0.43
36600	0.43	0.01	0.01	0	0	0.43
36700	0.43	0.03	0.03	0	0	0.43
36800	0.43	0.03	0.03	0	0	0.43
36900	0.43	0.02	0.02	0	0	0.43
37000	0.44	0.03	0.03	0	0	0.44
37100	0.44	0.02	0.02	0	0	0.44
37200	0.44	0.02	0.02	0	0	0.44
37300	0.44	0.06	0.06	0	0	0.44
37400	0.44	0.04	0.04	0	0	0.44
37500	0.43	0.05	0.05	0	0	0.43
37600	0.43	0.04	0.04	0	0	0.43
37700	0.43	0.07	0.07	0	0	0.43
37800	0.44	0.03	0.03	0	0	0.44
37900	0.45	0.04	0.04	0	0	0.45
38000	0.45	0.02	0.02	0	0	0.45
38100	0.44	0.02	0.02	0	0	0.44
38200	0.44	0.02	0.02	0	0	0.44
38300	0.44	0.01	0.01	0	0	0.44
38400	0.45	0.02	0.02	0	0	0.45
38500	0.45	0.03	0.03	0	0	0.45
38600	0.47	0.05	0.05	0	0	0.47
38700	0.46	0.02	0.02	0	0	0.46
38800	0.46	0.04	0.04	0	0	0.46
38900	0.46	0.03	0.03	0	0	0.46
39000	0.45	0.04	0.04	0	0	0.45
39100	0.46	0.04	0.04	0	0	0.46
39200	0.45	0.04	0.04	0	0	0.45
39300	0.45	0.04	0.04	0	0	0.45
39400	0.45	0.04	0.04	0	0	0.45
39500	0.45	0.01	0.01	0	0	0.45
39600	0.45	0.03	0.03	0	0	0.45
39700	0.46	0.01	0.01	0	0	0.46
39800	0.46	0	0	0	0	0.46
39900	0.45	0	0	0	0	0.45
40000	0.45	0.01	0.01	0	0	0.45
40100	0.45	0.02	0.02	0	0	0.45
40200	0.45	0.02	0.02	0	0	0.45
40300	0.45	0.02	0.02	0	0	0.45
40400	0.45	0.02	0.02	0	0	0.45
40500	0.46	0.01	0.01	0	0	0.46
40600	0.46	0.01	0.01	0	0	0.46
40700	0.46	0.01	0.01	0	0	0.46
40800	0.46	0.02	0.02	0	0	0.46
40900	0.46	0.05	0.05	0	0	0.46
41000	0.45	0.04	0.04	0	0	0.45
41100	0.45	0.01	0.01	0	0	0.45
41200	0.45	0.02	0.02	0	0	0.45
41300	0.45	0.01	0.01	0	0	0.45
41400	0.45	0.01	0.01	0	0	0.45
41500	0.45	0.01	0.01	0	0	0.45
41600	0.45	0.02	0.02	0	0	0.45
41700	0.45	0.02	0.02	0	0	0.45
41800	0.45	0.01	0.01	0	0	0.45
41900	0.45	0.03	0.03	0	0	0.45
42000	0.45	0.04	0.04	0	0	0.45
42100	0.45	0.04	0.04	0	0	0.45
42200	0.45	0.01	0.01	0	0	0.45
42300	0.45	0.03	0.03	0	0	0.45
42400	0.45	0.03	0.03	0	0	0.45
42500	0.45	0.02	0.02	0	0	0.45
42600	0.45	0.01	0.01	0	0	0.45
42700	0.45	0.02	0.02	0	0	0.45
42800	0.46	0.02	0.02	0	0	0.46
42900	0.46	0.02	0.02	0	0	0.46
43000	0.47	0.02	0.02	0	0	0.47
43100	0.47	0.03	0.03	0	0	0.47
43200	0.47	0.04	0.04	0	0	0.47
43300	0.46	0.05	0.05	0	0	0.46
43400	0.46	0.06	0.06	0	0	0.46
43500	0.46	0.07	0.07	0	0	0.46
43600	0.47	0.07	0.07	0	0	0.47
43700	0.47	0.05	0.05	0	0	0.47
43800	0.46	0.05	0.05	0	0	0.46
43900	0.47	0.02	0.02	0	0	0.47
44000	0.47	0	0	0	0	0.47
44100	0.47	0.01	0.01	0	0	0.47
44200	0.47	0.02	0.02	0	0	0.47
44300	0.47	0.02	0.02	0	0	0.47
44400	0.47	0.04	0.04	0	0	0.47
44500	0.47	0.03	0.03	0	0	0.47
44600	0.47	0.04	0.04	0	0	0.47
44700	0.47	0.04	0.04	0	0	0.47
44800	0.47	0.05	0.05	0	0	0.47
44900	0.47	0.04	0.04	0	0	0.47
45000	0.48	0.04	0.04	0	0	0.48
45100	0.48	0.05	0.05	0	0	0.48
45200	0.49	0.04	0.04	0	0	0.49
45300	0.49	0.03	0.03	0	0	0.49
45400	0.49	0.02	0.02	0	0	0.49
45500	0.5	0.01	0.01	0	0	0.5
45600	0.49	0	0	0	0	0.49
45700	0.49	0	0	0	0	0.49
45800	0.49	0	0	0	0	0.49
45900	0.49	0	0	0	0	0.49
46000	0.49	0.01	0.01	0	0	0.49
46100	0.49	0.01	0.01	0	0	0.49
46200	0.49	0.01	0.01	0	0	0.49
46300	0.49	0.02	0.02	0	0	0.49
46400	0.49	0.03	0.03	0	0	0.49
46500	0.49	0.04	0.04	0	0	0.49
46600	0.49	0.04	0.04	0	0	0.49
46700	0.49	0.04	0.04	0	0	0.49
46800	0.49	0.04	0.04	0	0	0.49
46900	0.49	0.03	0.03	0	0	0.49
47000	0.49	0.02	0.02	0	0	0.49
47100	0.49	0.02	0.02	0	0	0.49
47200	0.49	0.01	0.01	0	0	0.49
47300	0.49	0.04	0.04	0	0	0.49
47400	0.49	0.03	0.03	0	0	0.49
47500	0.5	0.02	0.02	0	0	0.5
47600	0.5	0.02	0.02	0	0	0.5
47700	0.5	0.03	0.03	0	0	0.5
47800	0.49	0.02	0.02	0	0	0.49
47900	0.49	0.02	0.02	0	0	0.49
48000	0.49	0.04	0.04	0	0	0.49
48100	0.49	0.02	0.02	0	0	0.49
48200	0.49	0.03	0.03	0	0	0.49
48300	0.49	0.03	0.03	0	0	0.49
48400	0.49	0.03	0.03	0	0	0.49
48500	0.5	0.01	0.01	0	0	0.5
48600	0.5	0.02	0.02	0	0	0.5
48700	0.5	0.03	0.03	0	0	0.5
48800	0.5	0.03	0.03	0	0	0.5
48900	0.5	0.02	0.02	0	0	0.5
49000	0.5	0.02	0.02	0	0	0.5
49100	0.5	0.01	0.01	0	0	0.5
49200	0.5	0	0	0	0	0.5
49300	0.5	0	0	0	0	0.5
49400	0.5	0.03	0.03	0	0	0.5
49500	0.5	0.04	0.04	0	0	0.5
49600	0.5	0.04	0.04	0	0	0.5
49700	0.5	0.04	0.04	0	0	0.5
49800	0.5	0.05	0.05	0	0	0.5
49900	0.5	0.05	0.05	0	0	0.5
50000	0.5	0.04	0.04	0	0	0.5
50100	0.5	0.03	0.03	0	0	0.5
50200	0.5	0.03	0.03	0	0	0.5
50300	0.5	0.01	0.01	0	0	0.5
50400	0.5	0.01	0.01	0	0	0.5
50500	0.5	0.01	0.01	0	0	0.5
50600	0.5	0.01	0.01	0	0	0.5
50700	0.5	0.01	0.01	0	0	0.5
50800	0.51	0.01	0.01	0	0	0.51
50900	0.5	0.01	0.01	0	0	0.5
51000	0.5	0.01	0.01	0	0	0.5
51100	0.5	0.01	0.01	0	0	0.5
51200	0.5	0.03	0.03	0	0	0.5
51300	0.5	0.04	0.04	0	0	0.5
51400	0.5	0.07	0.07	0	0	0.5
51500	0.5	0.05	0.05	0	0	0.5
51600	0.5	0.04	0.04	0	0	0.5
51700	0.5	0.05	0.05	0	0	0.5
51800	0.5	0.04	0.04	0	0	0.5
51900	0.51	0.02	0.02	0	0	0.51
52000	0.51	0.01	0.01	0	0	0.51
52100	0.51	0	0	0	0	0.51
52200	0.51	0.01	0.01	0	0	0.51
52300	0.51	0.02	0.02	0	0	0.51
52400	0.51	0.02	0.02	0	0	0.51
52500	0.51	0.02	0.02	0	0	0.51
52600	0.52	0.01	0.01	0	0	0.52
52700	0.52	0.01	0.01	0	0	0.52
52800	0.52	0.01	0.01	0	0	0.52
52900	0.52	0.01	0.01	0	0	0.52
53000	0.51	0.03	0.03	0	0	0.51
53100	0.51	0.04	0.04	0	0	0.51
53200	0.51	0.03	0.03	0	0	0.51
53300	0.51	0.02	0.02	0	0	0.51
53400	0.51	0.03	0.03	0	0	0.51
53500	0.51	0.02	0.02	0	0	0.51
53600	0.51	0.01	0.01	0	0	0.51
53700	0.51	0	0	0	0	0.51
53800	0.51	0.01	0.01	0	0	0.51
53900	0.51	0.01	0.01	0	0	0.51
54000	0.51	0.03	0.03	0	0	0.51
54100	0.51	0.03	0.03	0	0	0.51
54200	0.51	0.03	0.03	0	0	0.51
54300	0.51	0.03	0.03	0	0	0.51
54400	0.51	0.02	0.02	0	0	0.51
54500	0.51	0.02	0.02	0	0	0.51
54600	0.51	0.04	0.04	0	0	0.51
54700	0.51	0.02	0.02	0	0	0.51
54800	0.51	0.01	0.01	0	0	0.51
54900	0.5	0.02	0.02	0	0	0.5
55000	0.5	0.03	0.03	0	0	0.5
55100	0.5	0.04	0.04	0	0	0.5
55200	0.5	0.03	0.03	0	0	0.5
55300	0.5	0.04	0.04	0	0	0.5
55400	0.5	0.02	0.02	0	0	0.5
55500	0.5	0	0	0	0	0.5
55600	0.5	0	0	0	0	0.5
55700	0.5	0	0	0	0	0.5
55800	0.5	0	0	0	0	0.5
55900	0.5	0.02	0.02	0	0	0.5
56000	0.5	0.02	0.02	0	0	0.5
56100	0.5	0.02	0.02	0	0	0.5
56200	0.5	0.01	0.01	0	0	0.5
56300	0.5	0.02	0.02	0	0	0.5
56400	0.5	0.04	0.04	0	0	0.5
56500	0.5	0.05	0.05	0	0	0.5
56600	0.5	0.07	0.07	0	0	0.5
56700	0.5	0.03	0.03	0	0	0.5
56800	0.5	0.03	0.03	0	0	0.5
56900	0.5	0.03	0.03	0	0	0.5
57000	0.5	0.03	0.03	0	0	0.5
57100	0.5	0.04	0.04	0	0	0.5
57200	0.5	0.04	0.04	0	0	0.5
57300	0.5	0.04	0.04	0	0	0.5
57400	0.5	0.04	0.04	0	0	0.5
57500	0.5	0.02	0.02	0	0	0.5
57600	0.5	0.03	0.03	0	0	0.5
57700	0.5	0.03	0.03	0	0	0.5
57800	0.5	0.01	0.01	0	0	0.5
57900	0.5	0.02	0.02	0	0	0.5
58000	0.5	0.02	0.02	0	0	0.5
58100	0.5	0.01	0.01	0	0	0.5
58200	0.5	0.01	0.01	0	0	0.5
58300	0.5	0.01	0.01	0	0	0.5
58400	0.5	0.02	0.02	0	0	0.5
58500	0.5	0.02	0.02	0	0	0.5
58600	0.5	0.02	0.02	0	0	0.5
58700	0.5	0.02	0.02	0	0	0.5
58800	0.5	0.04	0.04	0	0	0.5
58900	0.5	0.04	0.04	0	0	0.5
59000	0.5	0.06	0.06	0	0	0.5
59100	0.5	0.05	0.05	0	0	0.5
59200	0.5	0.04	0.04	0	0	0.5
59300	0.5	0.03	0.03	0	0	0.5
59400	0.5	0.01	0.01	0	0	0.5
59500	0.5	0.03	0.03	0	0	0.5
59600	0.5	0.01	0.01	0	0	0.5
59700	0.5	0.01	0.01	0	0	0.5
59800	0.5	0.01	0.01	0	0	0.5
59900	0.5	0	0	0	0	0.5
60000	0.5	0	0	0	0	0.5
60100	0.5	0.01	0.01	0	0	0.5
60200	0.5	0.03	0.03	0	0	0.5
60300	0.5	0.04	0.04	0	0	0.5
60400	0.5	0.03	0.03	0	0	0.5
60500	0.5	0.02	0.02	0	0	0.5
60600	0.5	0.02	0.02	0	0	0.5
60700	0.5	0.03	0.03	0	0	0.5
60800	0.5	0.01	0.01	0	0	0.5
60900	0.5	0.01	0.01	0	0	0.5
61000	0.5	0.02	0.02	0	0	0.5
61100	0.5	0.02	0.02	0	0	0.5
61200	0.5	0.03	0.03	0	0	0.5
61300	0.5	0.04	0.04	0	0	0.5
61400	0.5	0.04	0.04	0	0	0.5
61500	0.5	0.04	0.04	0	0	0.5
61600	0.5	0.04	0.04	0	0	0.5
61700	0.5	0.02	0.02	0	0	0.5
61800	0.5	0.02	0.02	0	0	0.5
61900	0.5	0.01	0.01	0	0	0.5
62000	0.5	0.01	0.01	0	0	0.5
62100	0.5	0.01	0.01	0	0	0.5
62200	0.5	0.02	0.02	0	0	0.5
62300	0.5	0.04	0.04	0	0	0.5
62400	0.5	0.06	0.06	0	0	0.5
62500	0.5	0.05	0.05	0	0	0.5
62600	0.5	0.02	0.02	0	0	0.5
62700	0.5	0.01	0.01	0	0	0.5
62800	0.5	0.01	0.01	0	0	0.5
62900	0.5	0	0	0	0	0.5
63000	0.5	0.01	0.01	0	0	0.5
63100	0.5	0.01	0.01	0	0	0.5
63200	0.5	0.01	0.01	0	0	0.5
63300	0.5	0.01	0.01	0	0	0.5
63400	0.5	0.01	0.01	0	0	0.5
63500	0.5	0.01	0.01	0	0	0.5
63600	0.5	0.02	0.02	0	0	0.5
63700	0.5	0.02	0.02	0	0	0.5
63800	0.5	0.01	0.01	0	0	0.5
63900	0.5	0	0	0	0	0.5
64000	0.5	0.01	0.01	0	0	0.5
64100	0.5	0.02	0.02	0	0	0.5
64200	0.5	0.02	0.02	0	0	0.5
64300	0.5	0.03	0.03	0	0	0.5
64400	0.5	0.03	0.03	0	0	0.5
64500	0.5	0.02	0.02	0	0	0.5
64600	0.5	0.02	0.02	0	0	0.5
64700	0.5	0.02	0.02	0	0	0.5
64800	0.5	0.01	0.01	0	0	0.5
64900	0.5	0.02	0.02	0	0	0.5
65000	0.5	0.02	0.02	0	0	0.5
65100	0.5	0.02	0.02	0	0	0.5
65200	0.5	0.02	0.02	0	0	0.5
65300	0.5	0.02	0.02	0	0	0.5
65400	0.5	0.02	0.02	0	0	0.5
65500	0.5	0.01	0.01	0	0	0.5
65600	0.5	0.01	0.01	0	0	0.5
65700	0.49	0.01	0.01	0	0	0.49
65800	0.49	0.01	0.01	0	0	0.49
65900	0.49	0.02	0.02	0	0	0.49
66000	0.49	0.03	0.03	0	0	0.49
66100	0.49	0.05	0.05	0	0	0.49
66200	0.49	0.04	0.04	0	0	0.49
66300	0.49	0.07	0.07	0	0	0.49
66400	0.49	0.07	0.07	0	0	0.49
66500	0.49	0.04	0.04	0	0	0.49
66600	0.49	0.06	0.06	0	0	0.49
66700	0.49	0.05	0.05	0	0	0.49
66800	0.49	0.04	0.04	0	0	0.49
66900	0.49	0.02	0.02	0	0	0.49
67000	0.49	0.01	0.01	0	0	0.49
67100	0.49	0.01	0.01	0	0	0.49
67200	0.49	0	0	0	0	0.49
67300	0.49	0	0	0	0	0.49
67400	0.49	0	0	0	0	0.49
67500	0.49	0	0	0	0	0.49
67600	0.49	0	0	0	0	0.49
67700	0.49	0	0	0	0	0.49
67800	0.49	0.01	0.01	0	0	0.49
67900	0.49	0.01	0.01	0	0	0.49
68000	0.49	0.02	0.02	0	0	0.49
68100	0.49	0.02	0.02	0	0	0.49
68200	0.49	0.02	0.02	0	0	0.49
68300	0.49	0.02	0.02	0	0	0.49
68400	0.49	0.03	0.03	0	0	0.49
68500	0.49	0.02	0.02	0	0	0.49
68600	0.49	0	0	0	0	0.49
68700	0.49	0	0	0	0	0.49
68800	0.49	0	0	0	0	0.49
68900	0.49	0.01	0.01	0	0	0.49
69000	0.49	0.02	0.02	0	0	0.49
69100	0.49	0.02	0.02	0	0	0.49
69200	0.49	0.02	0.02	0	0	0.49
69300	0.49	0.02	0.02	0	0	0.49
69400	0.49	0.02	0.02	0	0	0.49
69500	0.49	0.03	0.03	0	0	0.49
69600	0.49	0.03	0.03	0	0	0.49
69700	0.49	0.02	0.02	0	0	0.49
69800	0.49	0.03	0.03	0	0	0.49
69900	0.49	0.03	0.03	0	0	0.49
70000	0.49	0.03	0.03	0	0	0.49
70100	0.49	0.02	0.02	0	0	0.49
70200	0.49	0.02	0.02	0	0	0.49
70300	0.49	0.02	0.02	0	0	0.49
70400	0.51	0.01	0.01	0	0	0.51
70500	0.51	0	0	0	0	0.51
70600	0.5	0	0	0	0	0.5
70700	0.5	0.02	0.02	0	0	0.5
70800	0.5	0.02	0.02	0	0	0.5
70900	0.5	0.03	0.03	0	0	0.5
71000	0.5	0.04	0.04	0	0	0.5
71100	0.5	0.04	0.04	0	0	0.5
71200	0.5	0.05	0.05	0	0	0.5
71300	0.5	0.04	0.04	0	0	0.5
71400	0.5	0.03	0.03	0	0	0.5
71500	0.5	0.02	0.02	0	0	0.5
71600	0.5	0.01	0.01	0	0	0.5
71700	0.5	0.02	0.02	0	0	0.5
71800	0.5	0.03	0.03	0	0	0.5
71900	0.5	0.03	0.03	0	0	0.5
72000	0.5	0.04	0.04	0	0	0.5
72100	0.5	0.05	0.05	0	0	0.5
72200	0.5	0.04	0.04	0	0	0.5
72300	0.5	0.02	0.02	0	0	0.5
72400	0.51	0.03	0.03	0	0	0.51
72500	0.51	0.03	0.03	0	0	0.51
72600	0.51	0.02	0.02	0	0	0.51
72700	0.51	0.02	0.02	0	0	0.51
72800	0.51	0.02	0.02	0	0	0.51
72900	0.51	0.02	0.02	0	0	0.51
73000	0.51	0.01	0.01	0	0	0.51
73100	0.51	0.01	0.01	0	0	0.51
73200	0.51	0.02	0.02	0	0	0.51
73300	0.51	0.02	0.02	0	0	0.51
73400	0.52	0.02	0.02	0	0	0.52
73500	0.52	0.01	0.01	0	0	0.52
73600	0.52	0.01	0.01	0	0	0.52
73700	0.52	0.01	0.01	0	0	0.52
73800	0.52	0.01	0.01	0	0	0.52
73900	0.52	0.02	0.02	0	0	0.52
74000	0.52	0.01	0.01	0	0	0.52
74100	0.53	0	0	0	0	0.53
74200	0.53	0	0	0	0	0.53
74300	0.54	0.01	0.01	0	0	0.54
74400	0.54	0	0	0	0	0.54
74500	0.54	0	0	0	0	0.54
74600	0.54	0.01	0.01	0	0	0.54
74700	0.54	0.01	0.01	0	0	0.54
74800	0.53	0.01	0.01	0	0	0.53
74900	0.53	0.01	0.01	0	0	0.53
75000	0.54	0.01	0.01	0	0	0.54
75100	0.54	0.01	0.01	0	0	0.54
75200	0.54	0	0	0	0	0.54
75300	0.54	0	0	0	0	0.54
75400	0.54	0	0	0	0	0.54
75500	0.53	0	0	0	0	0.53
75600	0.53	0	0	0	0	0.53
75700	0.53	0.01	0.01	0	0	0.53
75800	0.53	0.01	0.01	0	0	0.53
75900	0.53	0.02	0.02	0	0	0.53
76000	0.53	0.02	0.02	0	0	0.53
76100	0.53	0.02	0.02	0	0	0.53
76200	0.53	0	0	0	0	0.53
76300	0.53	0	0	0	0	0.53
76400	0.53	0.02	0.02	0	0	0.53
76500	0.53	0.02	0.02	0	0	0.53
76600	0.53	0.02	0.02	0	0	0.53
76700	0.53	0.02	0.02	0	0	0.53
76800	0.53	0.04	0.04	0	0	0.53
76900	0.53	0.04	0.04	0	0	0.53
77000	0.53	0.04	0.04	0	0	0.53
77100	0.53	0.01	0.01	0	0	0.53
77200	0.53	0.01	0.01	0	0	0.53
77300	0.53	0.02	0.02	0	0	0.53
77400	0.53	0.02	0.02	0	0	0.53
77500	0.53	0.01	0.01	0	0	0.53
77600	0.53	0	0	0	0	0.53
77700	0.53	0.01	0.01	0	0	0.53
77800	0.53	0.01	0.01	0	0	0.53
77900	0.53	0.01	0.01	0	0	0.53
78000	0.53	0.02	0.02	0	0	0.53
78100	0.53	0.03	0.03	0	0	0.53
78200	0.53	0.03	0.03	0	0	0.53
78300	0.53	0.01	0.01	0	0	0.53
78400	0.53	0	0	0	0	0.53
78500	0.53	0.02	0.02	0	0	0.53
78600	0.53	0.02	0.02	0	0	0.53
78700	0.53	0.02	0.02	0	0	0.53
78800	0.53	0.02	0.02	0	0	0.53
78900	0.53	0.03	0.03	0	0	0.53
79000	0.53	0.04	0.04	0	0	0.53
79100	0.53	0.03	0.03	0	0	0.53
79200	0.53	0.03	0.03	0	0	0.53
79300	0.53	0.02	0.02	0	0	0.53
79400	0.53	0	0	0	0	0.53
79500	0.53	0.01	0.01	0	0	0.53
79600	0.53	0.01	0.01	0	0	0.53
79700	0.53	0	0	0	0	0.53
79800	0.53	0	0	0	0	0.53
79900	0.53	0.01	0.01	0	0	0.53
80000	0.53	0.03	0.03	0	0	0.53
80100	0.53	0.03	0.03	0	0	0.53
80200	0.53	0.03	0.03	0	0	0.53
80300	0.53	0.03	0.03	0	0	0.53
80400	0.53	0.02	0.02	0	0	0.53
80500	0.53	0.01	0.01	0	0	0.53
80600	0.53	0.02	0.02	0	0	0.53
80700	0.53	0.03	0.03	0	0	0.53
80800	0.53	0.04	0.04	0	0	0.53
80900	0.53	0.05	0.05	0	0	0.53
81000	0.53	0.03	0.03	0	0	0.53
81100	0.53	0.04	0.04	0	0	0.53
81200	0.53	0.02	0.02	0	0	0.53
81300	0.54	0.03	0.03	0	0	0.54
81400	0.54	0.03	0.03	0	0	0.54
81500	0.53	0.04	0.04	0	0	0.53
81600	0.53	0.04	0.04	0	0	0.53
81700	0.53	0.01	0.01	0	0	0.53
81800	0.53	0.01	0.01	0	0	0.53
81900	0.53	0.01	0.01	0	0	0.53
82000	0.53	0.03	0.03	0	0	0.53
82100	0.53	0.06	0.06	0	0	0.53
82200	0.53	0.07	0.07	0	0	0.53
82300	0.53	0.05	0.05	0	0	0.53
82400	0.53	0.04	0.04	0	0	0.53
82500	0.53	0.01	0.01	0	0	0.53
82600	0.53	0.03	0.03	0	0	0.53
82700	0.53	0.03	0.03	0	0	0.53
82800	0.53	0.05	0.05	0	0	0.53
82900	0.53	0.04	0.04	0	0	0.53
83000	0.53	0.06	0.06	0	0	0.53
83100	0.53	0.05	0.05	0	0	0.53
83200	0.53	0.02	0.02	0	0	0.53
83300	0.53	0.04	0.04	0	0	0.53
83400	0.53	0.03	0.03	0	0	0.53
83500	0.53	0.02	0.02	0	0	0.53
83600	0.53	0.01	0.01	0	0	0.53
83700	0.53	0.02	0.02	0	0	0.53
83800	0.53	0.03	0.03	0	0	0.53
83900	0.53	0.03	0.03	0	0	0.53
84000	0.53	0.04	0.04	0	0	0.53
84100	0.53	0.05	0.05	0	0	0.53
84200	0.53	0.06	0.06	0	0	0.53
84300	0.53	0.06	0.06	0	0	0.53
84400	0.53	0.03	0.03	0	0	0.53
84500	0.53	0.03	0.03	0	0	0.53
84600	0.53	0.04	0.04	0	0	0.53
84700	0.53	0.03	0.03	0	0	0.53
84800	0.53	0.02	0.02	0	0	0.53
84900	0.53	0.04	0.04	0	0	0.53
85000	0.53	0.05	0.05	0	0	0.53
85100	0.53	0.07	0.07	0	0	0.53
85200	0.53	0.07	0.07	0	0	0.53
85300	0.53	0.07	0.07	0	0	0.53
85400	0.53	0.06	0.06	0	0	0.53
85500	0.53	0.03	0.03	0	0	0.53
85600	0.53	0.03	0.03	0	0	0.53
85700	0.53	0.01	0.01	0	0	0.53
85800	0.53	0.01	0.01	0	0	0.53
85900	0.53	0.01	0.01	0	0	0.53
86000	0.53	0.02	0.02	0	0	0.53
86100	0.53	0.03	0.03	0	0	0.53
86200	0.53	0.05	0.05	0	0	0.53
86300	0.53	0.08	0.08	0	0	0.53
86400	0.53	0.08	0.08	0	0	0.53
86500	0.53	0.07	0.07	0	0	0.53
86600	0.53	0.05	0.05	0	0	0.53
86700	0.53	0.07	0.07	0	0	0.53
86800	0.53	0.07	0.07	0	0	0.53
86900	0.53	0.07	0.07	0	0	0.53
87000	0.53	0.06	0.06	0	0	0.53
87100	0.53	0.06	0.06	0	0	0.53
87200	0.53	0.03	0.03	0	0	0.53
87300	0.53	0.02	0.02	0	0	0.53
87400	0.53	0.01	0.01	0	0	0.53
87500	0.53	0.01	0.01	0	0	0.53
87600	0.53	0.02	0.02	0	0	0.53
87700	0.53	0.02	0.02	0	0	0.53
87800	0.53	0.03	0.03	0	0	0.53
87900	0.53	0.02	0.02	0	0	0.53
88000	0.53	0.04	0.04	0	0	0.53
88100	0.53	0.03	0.03	0	0	0.53
88200	0.53	0.02	0.02	0	0	0.53
88300	0.53	0.03	0.03	0	0	0.53
88400	0.54	0.03	0.03	0	0	0.54
88500	0.53	0.01	0.01	0	0	0.53
88600	0.53	0.01	0.01	0	0	0.53
88700	0.53	0.01	0.01	0	0	0.53
88800	0.53	0.01	0.01	0	0	0.53
88900	0.53	0.01	0.01	0	0	0.53
89000	0.53	0.01	0.01	0	0	0.53
89100	0.53	0.01	0.01	0	0	0.53
89200	0.53	0	0	0	0	0.53
89300	0.53	0	0	0	0	0.53
89400	0.53	0	0	0	0	0.53
89500	0.53	0.02	0.02	0	0	0.53
89600	0.53	0.03	0.03	0	0	0.53
89700	0.53	0.03	0.03	0	0	0.53
89800	0.53	0.03	0.03	0	0	0.53
89900	0.53	0.02	0.02	0	0	0.53
90000	0.53	0.02	0.02	0	0	0.53
90100	0.53	0.03	0.03	0	0	0.53
90200	0.53	0.03	0.03	0	0	0.53
90300	0.53	0.02	0.02	0	0	0.53
90400	0.53	0.01	0.01	0	0	0.53
90500	0.53	0.01	0.01	0	0	0.53
90600	0.53	0.02	0.02	0	0	0.53
90700	0.53	0.01	0.01	0	0	0.53
90800	0.53	0.01	0.01	0	0	0.53
90900	0.53	0.01	0.01	0	0	0.53
91000	0.53	0.01	0.01	0	0	0.53
91100	0.53	0	0	0	0	0.53
91200	0.53	0.01	0.01	0	0	0.53
91300	0.53	0.03	0.03	0	0	0.53
91400	0.53	0.03	0.03	0	0	0.53
91500	0.53	0.02	0.02	0	0	0.53
91600	0.53	0.01	0.01	0	0	0.53
91700	0.53	0.02	0.02	0	0	0.53
91800	0.53	0.03	0.03	0	0	0.53
91900	0.53	0.04	0.04	0	0	0.53
92000	0.53	0.05	0.05	0	0	0.53
92100	0.53	0.04	0.04	0	0	0.53
92200	0.53	0.04	0.04	0	0	0.53
92300	0.53	0.02	0.02	0	0	0.53
92400	0.53	0.02	0.02	0	0	0.53
92500	0.53	0.02	0.02	0	0	0.53
92600	0.53	0.02	0.02	0	0	0.53
92700	0.53	0.03	0.03	0	0	0.53
92800	0.53	0.03	0.03	0	0	0.53
92900	0.53	0.04	0.04	0	0	0.53
93000	0.53	0.04	0.04	0	0	0.53
93100	0.53	0.02	0.02	0	0	0.53
93200	0.53	0.01	0.01	0	0	0.53
93300	0.53	0.01	0.01	0	0	0.53
93400	0.53	0.01	0.01	0	0	0.53
93500	0.53	0.01	0.01	0	0	0.53
93600	0.53	0.02	0.02	0	0	0.53
93700	0.53	0.02	0.02	0	0	0.53
93800	0.53	0.02	0.02	0	0	0.53
93900	0.53	0.03	0.03	0	0	0.53
94000	0.53	0.04	0.04	0	0	0.53
94100	0.53	0.03	0.03	0	0	0.53
94200	0.53	0.03	0.03	0	0	0.53
94300	0.53	0.03	0.03	0	0	0.53
94400	0.53	0.02	0.02	0	0	0.53
94500	0.53	0.02	0.02	0	0	0.53
94600	0.53	0	0	0	0	0.53
94700	0.53	0	0	0	0	0.53
94800	0.53	0.01	0.01	0	0	0.53
94900	0.53	0.01	0.01	0	0	0.53
95000	0.53	0.01	0.01	0	0	0.53
95100	0.53	0.01	0.01	0	0	0.53
95200	0.53	0.03	0.03	0	0	0.53
95300	0.53	0.02	0.02	0	0	0.53
95400	0.53	0.01	0.01	0	0	0.53
95500	0.53	0.01	0.01	0	0	0.53
95600	0.53	0.01	0.01	0	0	0.53
95700	0.53	0.01	0.01	0	0	0.53
95800	0.54	0.01	0.01	0	0	0.54
95900	0.54	0.02	0.02	0	0	0.54
96000	0.54	0.02	0.02	0	0	0.54
96100	0.54	0.03	0.03	0	0	0.54
96200	0.54	0.04	0.04	0	0	0.54
96300	0.54	0.05	0.05	0	0	0.54
96400	0.54	0.04	0.04	0	0	0.54
96500	0.54	0.04	0.04	0	0	0.54
96600	0.54	0.05	0.05	0	0	0.54
96700	0.54	0.04	0.04	0	0	0.54
96800	0.54	0.01	0.01	0	0	0.54
96900	0.54	0.01	0.01	0	0	0.54
97000	0.54	0.01	0.01	0	0	0.54
97100	0.54	0.02	0.02	0	0	0.54
97200	0.54	0.02	0.02	0	0	0.54
97300	0.55	0.03	0.03	0	0	0.55
97400	0.55	0.02	0.02	0	0	0.55
97500	0.55	0.03	0.03	0	0	0.55
97600	0.55	0.03	0.03	0	0	0.55
97700	0.55	0.01	0.01	0	0	0.55
97800	0.55	0.03	0.03	0	0	0.55
97900	0.55	0.04	0.04	0	0	0.55
98000	0.55	0.05	0.05	0	0	0.55
98100	0.55	0.05	0.05	0	0	0.55
98200	0.55	0.02	0.02	0	0	0.55
98300	0.55	0.04	0.04	0	0	0.55
98400	0.55	0.03	0.03	0	0	0.55
98500	0.55	0.02	0.02	0	0	0.55
98600	0.55	0.02	0.02	0	0	0.55
98700	0.55	0.03	0.03	0	0	0.55
98800	0.55	0.05	0.05	0	0	0.55
98900	0.55	0.03	0.03	0	0	0.55
99000	0.55	0.03	0.03	0	0	0.55
99100	0.55	0.03	0.03	0	0	0.55
99200	0.55	0	0	0	0	0.55
99300	0.55	0	0	0	0	0.55
99400	0.55	0	0	0	0	0.55
99500	0.55	0.01	0.01	0	0	0.55
99600	0.55	0	0	0	0	0.55
99700	0.55	0.03	0.03	0	0	0.55
99800	0.55	0.03	0.03	0	0	0.55
99900	0.55	0.03	0.03	0	0	0.55
100000	0.55	0.03	0.03	0	0	0.55
100100	0.55	0.03	0.03	0	0	0.55
100200	0.55	0.01	0.01	0	0	0.55
100300	0.55	0.01	0.01	0	0	0.55
100400	0.55	0.02	0.02	0	0	0.55
100500	0.55	0.05	0.05	0	0	0.55
100600	0.55	0.04	0.04	0	0	0.55
100700	0.55	0.05	0.05	0	0	0.55
100800	0.55	0.05	0.05	0	0	0.55
100900	0.55	0.02	0.02	0	0	0.55
101000	0.55	0.01	0.01	0	0	0.55
101100	0.55	0.01	0.01	0	0	0.55
101200	0.55	0.01	0.01	0	0	0.55
101300	0.55	0.02	0.02	0	0	0.55
101400	0.55	0.02	0.02	0	0	0.55
101500	0.55	0.02	0.02	0	0	0.55
101600	0.56	0.03	0.03	0	0	0.56
101700	0.56	0.03	0.03	0	0	0.56
101800	0.55	0.02	0.02	0	0	0.55
101900	0.55	0.01	0.01	0	0	0.55
102000	0.55	0.01	0.01	0	0	0.55
102100	0.55	0.03	0.03	0	0	0.55
102200	0.55	0.04	0.04	0	0	0.55
102300	0.55	0.04	0.04	0	0	0.55
102400	0.55	0.04	0.04	0	0	0.55
102500	0.55	0.04	0.04	0	0	0.55
102600	0.55	0.03	0.03	0	0	0.55
102700	0.55	0.05	0.05	0	0	0.55
102800	0.55	0.03	0.03	0	0	0.55
102900	0.55	0.02	0.02	0	0	0.55
103000	0.55	0.01	0.01	0	0	0.55
103100	0.55	0.01	0.01	0	0	0.55
103200	0.55	0	0	0	0	0.55
103300	0.55	0.01	0.01	0	0	0.55
103400	0.55	0.01	0.01	0	0	0.55
103500	0.55	0.01	0.01	0	0	0.55
103600	0.55	0.01	0.01	0	0	0.55
103700	0.55	0.03	0.03	0	0	0.55
103800	0.55	0.03	0.03	0	0	0.55
103900	0.54	0.03	0.03	0	0	0.54
104000	0.54	0.05	0.05	0	0	0.54
104100	0.54	0.03	0.03	0	0	0.54
104200	0.54	0.02	0.02	0	0	0.54
104300	0.54	0.02	0.02	0	0	0.54
104400	0.54	0.01	0.01	0	0	0.54
104500	0.54	0	0	0	0	0.54
104600	0.54	0.01	0.01	0	0	0.54
104700	0.54	0.01	0.01	0	0	0.54
104800	0.54	0.02	0.02	0	0	0.54
104900	0.54	0.03	0.03	0	0	0.54
105000	0.54	0.05	0.05	0	0	0.54
105100	0.54	0.04	0.04	0	0	0.54
105200	0.54	0.05	0.05	0	0	0.54
105300	0.54	0.05	0.05	0	0	0.54
105400	0.54	0.05	0.05	0	0	0.54
105500	0.54	0.06	0.06	0	0	0.54
105600	0.54	0.05	0.05	0	0	0.54
105700	0.54	0.06	0.06	0	0	0.54
105800	0.54	0.07	0.07	0	0	0.54
105900	0.54	0.06	0.06	0	0	0.54
106000	0.54	0.06	0.06	0	0	0.54
106100	0.54	0.07	0.07	0	0	0.54
106200	0.54	0.07	0.07	0	0	0.54
106300	0.54	0.08	0.08	0	0	0.54
106400	0.55	0.07	0.07	0	0	0.55
106500	0.55	0.03	0.03	0	0	0.55
106600	0.55	0.01	0.01	0	0	0.55
106700	0.55	0.01	0.01	0	0	0.55
106800	0.55	0.01	0.01	0	0	0.55
106900	0.55	0.01	0.01	0	0	0.55
107000	0.55	0.01	0.01	0	0	0.55
107100	0.55	0.03	0.03	0	0	0.55
107200	0.55	0.02	0.02	0	0	0.55
107300	0.55	0.01	0.01	0	0	0.55
107400	0.55	0.03	0.03	0	0	0.55
107500	0.55	0.03	0.03	0	0	0.55
107600	0.55	0.02	0.02	0	0	0.55
107700	0.55	0.03	0.03	0	0	0.55
107800	0.55	0.05	0.05	0	0	0.55
107900	0.55	0.07	0.07	0	0	0.55
108000	0.55	0.06	0.06	0	0	0.55
108100	0.55	0.05	0.05	0	0	0.55
108200	0.55	0.05	0.05	0	0	0.55
108300	0.55	0.03	0.03	0	0	0.55
108400	0.55	0.03	0.03	0	0	0.55
108500	0.55	0.04	0.04	0	0	0.55
108600	0.55	0.04	0.04	0	0	0.55
108700	0.55	0.04	0.04	0	0	0.55
108800	0.55	0.04	0.04	0	0	0.55
108900	0.55	0.04	0.04	0	0	0.55
109000	0.55	0.03	0.03	0	0	0.55
109100	0.55	0.03	0.03	0	0	0.55
109200	0.55	0.04	0.04	0	0	0.55
109300	0.55	0.03	0.03	0	0	0.55
109400	0.55	0.02	0.02	0	0	0.55
109500	0.55	0.01	0.01	0	0	0.55
109600	0.55	0.01	0.01	0	0	0.55
109700	0.55	0.01	0.01	0	0	0.55
109800	0.55	0.01	0.01	0	0	0.55
109900	0.55	0.02	0.02	0	0	0.55
110000	0.55	0.03	0.03	0	0	0.55
110100	0.55	0.02	0.02	0	0	0.55
110200	0.55	0.04	0.04	0	0	0.55
110300	0.55	0.04	0.04	0	0	0.55
110400	0.55	0.04	0.04	0	0	0.55
110500	0.55	0.04	0.04	0	0	0.55
110600	0.55	0.05	0.05	0	0	0.55
110700	0.55	0.03	0.03	0	0	0.55
110800	0.55	0.05	0.05	0	0	0.55
110900	0.55	0.05	0.05	0	0	0.55
111000	0.55	0.04	0.04	0	0	0.55
111100	0.55	0.03	0.03	0	0	0.55
111200	0.54	0.01	0.01	0	0	0.54
111300	0.54	0.01	0.01	0	0	0.54
111400	0.54	0.02	0.02	0	0	0.54
111500	0.54	0.03	0.03	0	0	0.54
111600	0.54	0.03	0.03	0	0	0.54
111700	0.54	0.03	0.03	0	0	0.54
111800	0.54	0.03	0.03	0	0	0.54
111900	0.54	0	0	0	0	0.54
112000	0.54	0	0	0	0	0.54
112100	0.54	0.02	0.02	0	0	0.54
112200	0.54	0.03	0.03	0	0	0.54
112300	0.54	0.03	0.03	0	0	0.54
112400	0.54	0.03	0.03	0	0	0.54
112500	0.54	0.03	0.03	0	0	0.54
112600	0.54	0.02	0.02	0	0	0.54
112700	0.54	0.03	0.03	0	0	0.54
112800	0.54	0.04	0.04	0	0	0.54
112900	0.54	0.03	0.03	0	0	0.54
113000	0.54	0.02	0.02	0	0	0.54
113100	0.54	0.02	0.02	0	0	0.54
113200	0.54	0.02	0.02	0	0	0.54
113300	0.55	0.02	0.02	0	0	0.55
113400	0.54	0.03	0.03	0	0	0.54
113500	0.54	0.03	0.03	0	0	0.54
113600	0.54	0.02	0.02	0	0	0.54
113700	0.54	0.02	0.02	0	0	0.54
113800	0.54	0	0	0	0	0.54
113900	0.54	0	0	0	0	0.54
114000	0.53	0.01	0.01	0	0	0.53
114100	0.53	0.01	0.01	0	0	0.53
114200	0.53	0.01	0.01	0	0	0.53
114300	0.53	0.02	0.02	0	0	0.53
114400	0.53	0.05	0.05	0	0	0.53
114500	0.53	0.06	0.06	0	0	0.53
114600	0.53	0.04	0.04	0	0	0.53
114700	0.53	0.04	0.04	0	0	0.53
114800	0.53	0.05	0.05	0	0	0.53
114900	0.53	0.05	0.05	0	0	0.53
115000	0.53	0.05	0.05	0	0	0.53
115100	0.53	0.05	0.05	0	0	0.53
115200	0.53	0.05	0.05	0	0	0.53
115300	0.53	0.05	0.05	0	0	0.53
115400	0.53	0.05	0.05	0	0	0.53
115500	0.53	0.07	0.07	0	0	0.53
115600	0.54	0.08	0.08	0	0	0.54
115700	0.54	0.07	0.07	0	0	0.54
115800	0.54	0.06	0.06	0	0	0.54
115900	0.53	0.06	0.06	0	0	0.53
116000	0.53	0.07	0.07	0	0	0.53
116100	0.53	0.07	0.07	0	0	0.53
116200	0.53	0.05	0.05	0	0	0.53
116300	0.53	0.05	0.05	0	0	0.53
116400	0.53	0.05	0.05	0	0	0.53
116500	0.53	0.05	0.05	0	0	0.53
116600	0.53	0.04	0.04	0	0	0.53
116700	0.53	0.02	0.02	0	0	0.53
116800	0.53	0.02	0.02	0	0	0.53
116900	0.53	0.02	0.02	0	0	0.53
117000	0.53	0.02	0.02	0	0	0.53
117100	0.53	0.01	0.01	0	0	0.53
117200	0.53	0.01	0.01	0	0	0.53
117300	0.53	0.02	0.02	0	0	0.53
117400	0.53	0.02	0.02	0	0	0.53
117500	0.53	0.02	0.02	0	0	0.53
117600	0.53	0.03	0.03	0	0	0.53
117700	0.53	0.02	0.02	0	0	0.53
117800	0.53	0.02	0.02	0	0	0.53
117900	0.53	0.01	0.01	0	0	0.53
118000	0.53	0	0	0	0	0.53
118100	0.53	0	0	0	0	0.53
118200	0.53	0.01	0.01	0	0	0.53
118300	0.53	0.03	0.03	0	0	0.53
118400	0.53	0.03	0.03	0	0	0.53
118500	0.53	0.05	0.05	0	0	0.53
118600	0.53	0.03	0.03	0	0	0.53
118700	0.53	0.05	0.05	0	0	0.53
118800	0.53	0.06	0.06	0	0	0.53
118900	0.53	0.04	0.04	0	0	0.53
119000	0.53	0.05	0.05	0	0	0.53
119100	0.53	0.03	0.03	0	0	0.53
119200	0.53	0.06	0.06	0	0	0.53
119300	0.53	0.08	0.08	0	0	0.53
119400	0.53	0.07	0.07	0	0	0.53
119500	0.53	0.07	0.07	0	0	0.53
119600	0.54	0.06	0.06	0	0	0.54
119700	0.54	0.07	0.07	0	0	0.54
119800	0.54	0.06	0.06	0	0	0.54
119900	0.54	0.02	0.02	0	0	0.54
120000	0.54	0.03	0.03	0	0	0.54
120100	0.54	0.02	0.02	0	0	0.54
120200	0.54	0.02	0.02	0	0	0.54
120300	0.54	0.02	0.02	0	0	0.54
120400	0.54	0.02	0.02	0	0	0.54
120500	0.54	0.02	0.02	0	0	0.54
120600	0.54	0.02	0.02	0	0	0.54
120700	0.54	0.02	0.02	0	0	0.54
120800	0.54	0.03	0.03	0	0	0.54
120900	0.54	0.04	0.04	0	0	0.54
121000	0.54	0.03	0.03	0	0	0.54
121100	0.54	0.02	0.02	0	0	0.54
121200	0.54	0.01	0.01	0	0	0.54
121300	0.54	0.01	0.01	0	0	0.54
121400	0.54	0.02	0.02	0	0	0.54
121500	0.54	0.01	0.01	0	0	0.54
121600	0.55	0.02	0.02	0	0	0.55
121700	0.55	0.02	0.02	0	0	0.55
121800	0.54	0.03	0.03	0	0	0.54
121900	0.54	0.03	0.03	0	0	0.54
122000	0.54	0.03	0.03	0	0	0.54
122100	0.54	0.03	0.03	0	0	0.54
122200	0.54	0.03	0.03	0	0	0.54
122300	0.54	0.04	0.04	0	0	0.54
122400	0.54	0.06	0.06	0	0	0.54
122500	0.54	0.03	0.03	0	0	0.54
122600	0.54	0.03	0.03	0	0	0.54
122700	0.54	0.03	0.03	0	0	0.54
122800	0.54	0.01	0.01	0	0	0.54
122900	0.54	0	0	0	0	0.54
123000	0.54	0	0	0	0	0.54
123100	0.54	0	0	0	0	0.54
123200	0.54	0	0	0	0	0.54
123300	0.54	0.01	0.01	0	0	0.54
123400	0.54	0.01	0.01	0	0	0.54
123500	0.54	0.03	0.03	0	0	0.54
123600	0.54	0.03	0.03	0	0	0.54
123700	0.54	0.03	0.03	0	0	0.54
123800	0.55	0.02	0.02	0	0	0.55
123900	0.54	0.04	0.04	0	0	0.54
124000	0.54	0.05	0.05	0	0	0.54
124100	0.54	0.03	0.03	0	0	0.54
124200	0.55	0.04	0.04	0	0	0.55
124300	0.55	0.04	0.04	0	0	0.55
124400	0.55	0.04	0.04	0	0	0.55
124500	0.55	0.04	0.04	0	0	0.55
124600	0.55	0.03	0.03	0	0	0.55
124700	0.55	0.02	0.02	0	0	0.55
124800	0.55	0.02	0.02	0	0	0.55
124900	0.55	0.03	0.03	0	0	0.55
125000	0.55	0.01	0.01	0	0	0.55
125100	0.55	0.02	0.02	0	0	0.55
125200	0.55	0.03	0.03	0	0	0.55
125300	0.55	0.03	0.03	0	0	0.55
125400	0.55	0.03	0.03	0	0	0.55
125500	0.55	0.01	0.01	0	0	0.55
125600	0.55	0.01	0.01	0	0	0.55
125700	0.55	0.01	0.01	0	0	0.55
125800	0.55	0.01	0.01	0	0	0.55
125900	0.55	0.01	0.01	0	0	0.55
126000	0.55	0	0	0	0	0.55
126100	0.55	0	0	0	0	0.55
126200	0.55	0.01	0.01	0	0	0.55
126300	0.55	0.01	0.01	0	0	0.55
126400	0.55	0.03	0.03	0	0	0.55
126500	0.55	0.05	0.05	0	0	0.55
126600	0.55	0.04	0.04	0	0	0.55
126700	0.55	0.06	0.06	0	0	0.55
126800	0.55	0.06	0.06	0	0	0.55
126900	0.55	0.05	0.05	0	0	0.55
127000	0.56	0.04	0.04	0	0	0.56
127100	0.55	0.03	0.03	0	0	0.55
127200	0.55	0.03	0.03	0	0	0.55
127300	0.55	0.01	0.01	0	0	0.55
127400	0.55	0.01	0.01	0	0	0.55
127500	0.55	0.01	0.01	0	0	0.55
127600	0.55	0	0	0	0	0.55
127700	0.55	0	0	0	0	0.55
127800	0.55	0	0	0	0	0.55
127900	0.55	0.01	0.01	0	0	0.55
128000	0.55	0.02	0.02	0	0	0.55
128100	0.55	0.02	0.02	0	0	0.55
128200	0.55	0.02	0.02	0	0	0.55
128300	0.55	0.02	0.02	0	0	0.55
128400	0.55	0.06	0.06	0	0	0.55
128500	0.55	0.06	0.06	0	0	0.55
128600	0.55	0.05	0.05	0	0	0.55
128700	0.55	0.02	0.02	0	0	0.55
128800	0.55	0.02	0.02	0	0	0.55
128900	0.55	0.02	0.02	0	0	0.55
129000	0.55	0.01	0.01	0	0	0.55
129100	0.55	0.02	0.02	0	0	0.55
129200	0.55	0.02	0.02	0	0	0.55
129300	0.55	0.03	0.03	0	0	0.55
129400	0.55	0.06	0.06	0	0	0.55
129500	0.55	0.07	0.07	0	0	0.55
129600	0.55	0.05	0.05	0	0	0.55
129700	0.55	0.03	0.03	0	0	0.55
129800	0.55	0.02	0.02	0	0	0.55
129900	0.55	0.02	0.02	0	0	0.55
130000	0.55	0.03	0.03	0	0	0.55
130100	0.55	0.01	0.01	0	0	0.55
130200	0.55	0.01	0.01	0	0	0.55
130300	0.55	0.01	0.01	0	0	0.55
130400	0.55	0.01	0.01	0	0	0.55
130500	0.55	0.01	0.01	0	0	0.55
130600	0.55	0.03	0.03	0	0	0.55
130700	0.55	0.04	0.04	0	0	0.55
130800	0.55	0.06	0.06	0	0	0.55
130900	0.55	0.06	0.06	0	0	0.55
131000	0.55	0.06	0.06	0	0	0.55
131100	0.55	0.04	0.04	0	0	0.55
131200	0.55	0.04	0.04	0	0	0.55
131300	0.55	0.04	0.04	0	0	0.55
131400	0.55	0.03	0.03	0	0	0.55
131500	0.55	0.01	0.01	0	0	0.55
131600	0.55	0.01	0.01	0	0	0.55
131700	0.55	0.01	0.01	0	0	0.55
131800	0.54	0	0	0	0	0.54
131900	0.54	0	0	0	0	0.54
132000	0.54	0.02	0.02	0	0	0.54
132100	0.54	0.03	0.03	0	0	0.54
132200	0.54	0.04	0.04	0	0	0.54
132300	0.54	0.06	0.06	0	0	0.54
132400	0.54	0.04	0.04	0	0	0.54
132500	0.54	0.03	0.03	0	0	0.54
132600	0.54	0.03	0.03	0	0	0.54
132700	0.54	0.05	0.05	0	0	0.54
132800	0.54	0.04	0.04	0	0	0.54
132900	0.54	0.07	0.07	0	0	0.54
133000	0.54	0.06	0.06	0	0	0.54
133100	0.54	0.06	0.06	0	0	0.54
133200	0.54	0.05	0.05	0	0	0.54
133300	0.54	0.01	0.01	0	0	0.54
133400	0.54	0	0	0	0	0.54
133500	0.54	0	0	0	0	0.54
133600	0.54	0.01	0.01	0	0	0.54
133700	0.54	0.01	0.01	0	0	0.54
133800	0.54	0.01	0.01	0	0	0.54
133900	0.54	0.01	0.01	0	0	0.54
134000	0.54	0.01	0.01	0	0	0.54
134100	0.54	0.03	0.03	0	0	0.54
134200	0.54	0.03	0.03	0	0	0.54
134300	0.54	0.04	0.04	0	0	0.54
134400	0.54	0.03	0.03	0	0	0.54
134500	0.54	0.06	0.06	0	0	0.54
134600	0.54	0.05	0.05	0	0	0.54
134700	0.54	0.04	0.04	0	0	0.54
134800	0.54	0.03	0.03	0	0	0.54
134900	0.54	0.03	0.03	0	0	0.54
135000	0.54	0.02	0.02	0	0	0.54
135100	0.54	0.01	0.01	0	0	0.54
135200	0.54	0	0	0	0	0.54
135300	0.54	0.01	0.01	0	0	0.54
135400	0.54	0.01	0.01	0	0	0.54
135500	0.54	0.01	0.01	0	0	0.54
135600	0.54	0.01	0.01	0	0	0.54
135700	0.54	0	0	0	0	0.54
135800	0.54	0	0	0	0	0.54
135900	0.54	0.01	0.01	0	0	0.54
136000	0.54	0.01	0.01	0	0	0.54
136100	0.54	0.01	0.01	0	0	0.54
136200	0.54	0.02	0.02	0	0	0.54
136300	0.54	0.03	0.03	0	0	0.54
136400	0.54	0.03	0.03	0	0	0.54
136500	0.54	0.02	0.02	0	0	0.54
136600	0.54	0.02	0.02	0	0	0.54
136700	0.54	0.02	0.02	0	0	0.54
136800	0.54	0.02	0.02	0	0	0.54
136900	0.54	0.03	0.03	0	0	0.54
137000	0.54	0.05	0.05	0	0	0.54
137100	0.54	0.05	0.05	0	0	0.54
137200	0.54	0.04	0.04	0	0	0.54
137300	0.54	0.06	0.06	0	0	0.54
137400	0.54	0.05	0.05	0	0	0.54
137500	0.54	0.05	0.05	0	0	0.54
137600	0.54	0.04	0.04	0	0	0.54
137700	0.54	0.03	0.03	0	0	0.54
137800	0.54	0.03	0.03	0	0	0.54
137900	0.54	0.03	0.03	0	0	0.54
138000	0.54	0.02	0.02	0	0	0.54
138100	0.54	0.04	0.04	0	0	0.54
138200	0.54	0.04	0.04	0	0	0.54
138300	0.54	0.04	0.04	0	0	0.54
138400	0.54	0.06	0.06	0	0	0.54
138500	0.54	0.07	0.07	0	0	0.54
138600	0.54	0.06	0.06	0	0	0.54
138700	0.54	0.04	0.04	0	0	0.54
138800	0.54	0.03	0.03	0	0	0.54
138900	0.54	0.01	0.01	0	0	0.54
139000	0.54	0.01	0.01	0	0	0.54
139100	0.54	0	0	0	0	0.54
139200	0.54	0.01	0.01	0	0	0.54
139300	0.54	0.01	0.01	0	0	0.54
139400	0.54	0.01	0.01	0	0	0.54
139500	0.54	0.01	0.01	0	0	0.54
139600	0.54	0.02	0.02	0	0	0.54
139700	0.54	0.02	0.02	0	0	0.54
139800	0.54	0.02	0.02	0	0	0.54
139900	0.54	0.02	0.02	0	0	0.54
140000	0.54	0.03	0.03	0	0	0.54
140100	0.54	0.02	0.02	0	0	0.54
140200	0.54	0.03	0.03	0	0	0.54
140300	0.54	0.03	0.03	0	0	0.54
140400	0.54	0.02	0.02	0	0	0.54
140500	0.54	0.02	0.02	0	0	0.54
140600	0.54	0.01	0.01	0	0	0.54
140700	0.54	0	0	0	0	0.54
140800	0.54	0	0	0	0	0.54
140900	0.54	0.02	0.02	0	0	0.54
141000	0.54	0.02	0.02	0	0	0.54
141100	0.54	0.02	0.02	0	0	0.54
141200	0.54	0.02	0.02	0	0	0.54
141300	0.54	0.02	0.02	0	0	0.54
141400	0.54	0.01	0.01	0	0	0.54
141500	0.54	0	0	0	0	0.54
141600	0.54	0	0	0	0	0.54
141700	0.54	0.01	0.01	0	0	0.54
141800	0.54	0.01	0.01	0	0	0.54
141900	0.54	0.02	0.02	0	0	0.54
142000	0.54	0.02	0.02	0	0	0.54
142100	0.54	0.02	0.02	0	0	0.54
142200	0.54	0.01	0.01	0	0	0.54
142300	0.54	0.01	0.01	0	0	0.54
142400	0.54	0	0	0	0	0.54
142500	0.54	0.01	0.01	0	0	0.54
142600	0.54	0.01	0.01	0	0	0.54
142700	0.54	0.01	0.01	0	0	0.54
142800	0.54	0.02	0.02	0	0	0.54
142900	0.54	0.04	0.04	0	0	0.54
143000	0.54	0.04	0.04	0	0	0.54
143100	0.54	0.04	0.04	0	0	0.54
143200	0.54	0.02	0.02	0	0	0.54
143300	0.54	0.02	0.02	0	0	0.54
143400	0.54	0.01	0.01	0	0	0.54
143500	0.54	0.01	0.01	0	0	0.54
143600	0.54	0	0	0	0	0.54
143700	0.54	0.01	0.01	0	0	0.54
143800	0.54	0.03	0.03	0	0	0.54
143900	0.54	0.06	0.06	0	0	0.54
144000	0.54	0.05	0.05	0	0	0.54
144100	0.54	0.05	0.05	0	0	0.54
144200	0.54	0.06	0.06	0	0	0.54
144300	0.54	0.05	0.05	0	0	0.54
144400	0.54	0.03	0.03	0	0	0.54
144500	0.54	0.01	0.01	0	0	0.54
144600	0.54	0.01	0.01	0	0	0.54
144700	0.54	0.02	0.02	0	0	0.54
144800	0.54	0.03	0.03	0	0	0.54
144900	0.54	0.02	0.02	0	0	0.54
145000	0.54	0.04	0.04	0	0	0.54
145100	0.54	0.04	0.04	0	0	0.54
145200	0.54	0.02	0.02	0	0	0.54
145300	0.54	0.03	0.03	0	0	0.54
145400	0.54	0.03	0.03	0	0	0.54
145500	0.54	0.02	0.02	0	0	0.54
145600	0.54	0.02	0.02	0	0	0.54
145700	0.54	0.03	0.03	0	0	0.54
145800	0.54	0.03	0.03	0	0	0.54
145900	0.54	0.01	0.01	0	0	0.54
146000	0.54	0.01	0.01	0	0	0.54
146100	0.54	0.01	0.01	0	0	0.54
146200	0.54	0.01	0.01	0	0	0.54
146300	0.54	0.01	0.01	0	0	0.54
146400	0.54	0.02	0.02	0	0	0.54
146500	0.54	0.02	0.02	0	0	0.54
146600	0.54	0.02	0.02	0	0	0.54
146700	0.54	0.02	0.02	0	0	0.54
146800	0.54	0.02	0.02	0	0	0.54
146900	0.54	0.02	0.02	0	0	0.54
147000	0.54	0.01	0.01	0	0	0.54
147100	0.54	0.01	0.01	0	0	0.54
147200	0.54	0.01	0.01	0	0	0.54
147300	0.54	0.01	0.01	0	0	0.54
147400	0.54	0.01	0.01	0	0	0.54
147500	0.54	0.02	0.02	0	0	0.54
147600	0.54	0.02	0.02	0	0	0.54
147700	0.54	0.01	0.01	0	0	0.54
147800	0.54	0.01	0.01	0	0	0.54
147900	0.54	0.01	0.01	0	0	0.54
148000	0.54	0.02	0.02	0	0	0.54
148100	0.54	0.03	0.03	0	0	0.54
148200	0.54	0.04	0.04	0	0	0.54
148300	0.54	0.04	0.04	0	0	0.54
148400	0.54	0.03	0.03	0	0	0.54
148500	0.54	0.01	0.01	0	0	0.54
148600	0.54	0	0	0	0	0.54
148700	0.54	0.02	0.02	0	0	0.54
148800	0.54	0.02	0.02	0	0	0.54
148900	0.54	0.03	0.03	0	0	0.54
149000	0.54	0.04	0.04	0	0	0.54
149100	0.54	0.03	0.03	0	0	0.54
149200	0.54	0.03	0.03	0	0	0.54
149300	0.54	0.04	0.04	0	0	0.54
149400	0.54	0.03	0.03	0	0	0.54
149500	0.54	0.03	0.03	0	0	0.54
149600	0.54	0.03	0.03	0	0	0.54
149700	0.54	0.04	0.04	0	0	0.54
149800	0.54	0.04	0.04	0	0	0.54
149900	0.54	0.04	0.04	0	0	0.54
150000	0.54	0.05	0.05	0	0	0.54
150100	0.54	0.05	0.05	0	0	0.54
150200	0.54	0.03	0.03	0	0	0.54
150300	0.54	0.04	0.04	0	0	0.54
150400	0.54	0.05	0.05	0	0	0.54
150500	0.54	0.04	0.04	0	0	0.54
150600	0.54	0.04	0.04	0	0	0.54
150700	0.54	0.03	0.03	0	0	0.54
150800	0.54	0.02	0.02	0	0	0.54
150900	0.54	0.04	0.04	0	0	0.54
151000	0.54	0.03	0.03	0	0	0.54
151100	0.54	0.02	0.02	0	0	0.54
151200	0.54	0.02	0.02	0	0	0.54
151300	0.54	0.02	0.02	0	0	0.54
151400	0.54	0.02	0.02	0	0	0.54
151500	0.54	0	0	0	0	0.54
151600	0.54	0	0	0	0	0.54
151700	0.54	0.01	0.01	0	0	0.54
151800	0.54	0.02	0.02	0	0	0.54
151900	0.54	0.02	0.02	0	0	0.54
152000	0.54	0.03	0.03	0	0	0.54
152100	0.54	0.03	0.03	0	0	0.54
152200	0.54	0.03	0.03	0	0	0.54
152300	0.54	0.02	0.02	0	0	0.54
152400	0.54	0.03	0.03	0	0	0.54
152500	0.54	0.02	0.02	0	0	0.54
152600	0.54	0.03	0.03	0	0	0.54
152700	0.54	0.04	0.04	0	0	0.54
152800	0.54	0.03	0.03	0	0	0.54
152900	0.54	0.04	0.04	0	0	0.54
153000	0.54	0.04	0.04	0	0	0.54
153100	0.54	0.03	0.03	0	0	0.54
153200	0.54	0.04	0.04	0	0	0.54
153300	0.54	0.05	0.05	0	0	0.54
153400	0.54	0.04	0.04	0	0	0.54
153500	0.54	0.03	0.03	0	0	0.54
153600	0.54	0.03	0.03	0	0	0.54
153700	0.54	0.02	0.02	0	0	0.54
153800	0.54	0	0	0	0	0.54
153900	0.54	0	0	0	0	0.54
154000	0.54	0	0	0	0	0.54
154100	0.54	0.01	0.01	0	0	0.54
154200	0.54	0.01	0.01	0	0	0.54
154300	0.54	0.01	0.01	0	0	0.54
154400	0.54	0	0	0	0	0.54
154500	0.54	0.01	0.01	0	0	0.54
154600	0.54	0.01	0.01	0	0	0.54
154700	0.54	0.03	0.03	0	0	0.54
154800	0.55	0.05	0.05	0	0	0.55
154900	0.55	0.05	0.05	0	0	0.55
155000	0.55	0.03	0.03	0	0	0.55
155100	0.55	0.02	0.02	0	0	0.55
155200	0.54	0.01	0.01	0	0	0.54
155300	0.54	0.01	0.01	0	0	0.54
155400	0.54	0	0	0	0	0.54
155500	0.54	0	0	0	0	0.54
155600	0.54	0	0	0	0	0.54
155700	0.54	0	0	0	0	0.54
155800	0.54	0.01	0.01	0	0	0.54
155900	0.54	0.01	0.01	0	0	0.54
156000	0.54	0.01	0.01	0	0	0.54
156100	0.54	0.04	0.04	0	0	0.54
156200	0.54	0.06	0.06	0	0	0.54
156300	0.54	0.06	0.06	0	0	0.54
156400	0.54	0.03	0.03	0	0	0.54
156500	0.55	0.02	0.02	0	0	0.55
156600	0.55	0.03	0.03	0	0	0.55
156700	0.55	0.02	0.02	0	0	0.55
156800	0.55	0.02	0.02	0	0	0.55
156900	0.55	0.02	0.02	0	0	0.55
157000	0.55	0.02	0.02	0	0	0.55
157100	0.55	0	0	0	0	0.55
157200	0.55	0	0	0	0	0.55
157300	0.55	0.01	0.01	0	0	0.55
157400	0.55	0.04	0.04	0	0	0.55
157500	0.55	0.04	0.04	0	0	0.55
157600	0.55	0.05	0.05	0	0	0.55
157700	0.55	0.06	0.06	0	0	0.55
157800	0.55	0.04	0.04	0	0	0.55
157900	0.55	0.04	0.04	0	0	0.55
158000	0.55	0.04	0.04	0	0	0.55
158100	0.55	0.05	0.05	0	0	0.55
158200	0.55	0.02	0.02	0	0	0.55
158300	0.55	0.02	0.02	0	0	0.55
158400	0.55	0.01	0.01	0	0	0.55
158500	0.55	0.01	0.01	0	0	0.55
158600	0.55	0.01	0.01	0	0	0.55
158700	0.55	0.01	0.01	0	0	0.55
158800	0.55	0.01	0.01	0	0	0.55
158900	0.55	0.01	0.01	0	0	0.55
159000	0.55	0	0	0	0	0.55
159100	0.55	0	0	0	0	0.55
159200	0.55	0	0	0	0	0.55
159300	0.55	0.02	0.02	0	0	0.55
159400	0.55	0.04	0.04	0	0	0.55
159500	0.55	0.04	0.04	0	0	0.55
159600	0.55	0.05	0.05	0	0	0.55
159700	0.55	0.03	0.03	0	0	0.55
159800	0.55	0.04	0.04	0	0	0.55
159900	0.55	0.04	0.04	0	0	0.55
160000	0.55	0.04	0.04	0	0	0.55
160100	0.55	0.03	0.03	0	0	0.55
160200	0.55	0.01	0.01	0	0	0.55
160300	0.55	0	0	0	0	0.55
160400	0.55	0.02	0.02	0	0	0.55
160500	0.55	0.02	0.02	0	0	0.55
160600	0.55	0.03	0.03	0	0	0.55
160700	0.55	0.03	0.03	0	0	0.55
160800	0.55	0.04	0.04	0	0	0.55
160900	0.55	0.05	0.05	0	0	0.55
161000	0.55	0.05	0.05	0	0	0.55
161100	0.55	0.05	0.05	0	0	0.55
161200	0.55	0.03	0.03	0	0	0.55
161300	0.55	0.03	0.03	0	0	0.55
161400	0.55	0.03	0.03	0	0	0.55
161500	0.55	0.03	0.03	0	0	0.55
161600	0.55	0.02	0.02	0	0	0.55
161700	0.55	0.02	0.02	0	0	0.55
161800	0.55	0.02	0.02	0	0	0.55
161900	0.55	0.02	0.02	0	0	0.55
162000	0.55	0.01	0.01	0	0	0.55
162100	0.55	0	0	0	0	0.55
162200	0.55	0.01	0.01	0	0	0.55
162300	0.55	0.02	0.02	0	0	0.55
162400	0.55	0.03	0.03	0	0	0.55
162500	0.55	0.05	0.05	0	0	0.55
162600	0.55	0.05	0.05	0	0	0.55
162700	0.55	0.05	0.05	0	0	0.55
162800	0.55	0.04	0.04	0	0	0.55
162900	0.55	0.04	0.04	0	0	0.55
163000	0.55	0.03	0.03	0	0	0.55
163100	0.55	0.04	0.04	0	0	0.55
163200	0.55	0.04	0.04	0	0	0.55
163300	0.55	0.04	0.04	0	0	0.55
163400	0.55	0.04	0.04	0	0	0.55
163500	0.55	0.02	0.02	0	0	0.55
163600	0.55	0.01	0.01	0	0	0.55
163700	0.55	0.01	0.01	0	0	0.55
163800	0.55	0.02	0.02	0	0	0.55
163900	0.55	0.03	0.03	0	0	0.55
164000	0.55	0.02	0.02	0	0	0.55
164100	0.55	0.02	0.02	0	0	0.55
164200	0.55	0.02	0.02	0	0	0.55
164300	0.55	0.01	0.01	0	0	0.55
164400	0.55	0.03	0.03	0	0	0.55
164500	0.55	0.03	0.03	0	0	0.55
164600	0.55	0.03	0.03	0	0	0.55
164700	0.55	0.03	0.03	0	0	0.55
164800	0.55	0.03	0.03	0	0	0.55
164900	0.55	0.04	0.04	0	0	0.55
165000	0.55	0.02	0.02	0	0	0.55
165100	0.55	0.01	0.01	0	0	0.55
165200	0.55	0.02	0.02	0	0	0.55
165300	0.55	0.02	0.02	0	0	0.55
165400	0.55	0.01	0.01	0	0	0.55
165500	0.55	0.02	0.02	0	0	0.55
165600	0.55	0.02	0.02	0	0	0.55
165700	0.55	0.02	0.02	0	0	0.55
165800	0.55	0.02	0.02	0	0	0.55
165900	0.55	0.02	0.02	0	0	0.55
166000	0.55	0.01	0.01	0	0	0.55
166100	0.55	0.01	0.01	0	0	0.55
166200	0.55	0.02	0.02	0	0	0.55
166300	0.55	0.03	0.03	0	0	0.55
166400	0.55	0.04	0.04	0	0	0.55
166500	0.55	0.04	0.04	0	0	0.55
166600	0.55	0.04	0.04	0	0	0.55
166700	0.55	0.03	0.03	0	0	0.55
166800	0.55	0.03	0.03	0	0	0.55
166900	0.55	0.02	0.02	0	0	0.55
167000	0.55	0.02	0.02	0	0	0.55
167100	0.55	0.03	0.03	0	0	0.55
167200	0.55	0.02	0.02	0	0	0.55
167300	0.55	0.02	0.02	0	0	0.55
167400	0.55	0.02	0.02	0	0	0.55
167500	0.55	0.02	0.02	0	0	0.55
167600	0.55	0.01	0.01	0	0	0.55
167700	0.55	0	0	0	0	0.55
167800	0.55	0.01	0.01	0	0	0.55
167900	0.55	0.01	0.01	0	0	0.55
168000	0.54	0.01	0.01	0	0	0.54
168100	0.54	0.01	0.01	0	0	0.54
168200	0.54	0	0	0	0	0.54
168300	0.54	0.01	0.01	0	0	0.54
168400	0.54	0.02	0.02	0	0	0.54
168500	0.54	0.04	0.04	0	0	0.54
168600	0.54	0.02	0.02	0	0	0.54
168700	0.54	0.04	0.04	0	0	0.54
168800	0.54	0.04	0.04	0	0	0.54
168900	0.54	0.04	0.04	0	0	0.54
169000	0.54	0.04	0.04	0	0	0.54
169100	0.54	0.03	0.03	0	0	0.54
169200	0.54	0.02	0.02	0	0	0.54
169300	0.54	0	0	0	0	0.54
169400	0.54	0	0	0	0	0.54
169500	0.53	0.02	0.02	0	0	0.53
169600	0.53	0.01	0.01	0	0	0.53
169700	0.53	0.01	0.01	0	0	0.53
169800	0.53	0.01	0.01	0	0	0.53
169900	0.53	0.01	0.01	0	0	0.53
170000	0.53	0.01	0.01	0	0	0.53
170100	0.53	0.02	0.02	0	0	0.53
170200	0.53	0.03	0.03	0	0	0.53
170300	0.53	0.03	0.03	0	0	0.53
170400	0.53	0.01	0.01	0	0	0.53
170500	0.53	0	0	0	0	0.53
170600	0.53	0	0	0	0	0.53
170700	0.53	0	0	0	0	0.53
170800	0.53	0	0	0	0	0.53
170900	0.53	0	0	0	0	0.53
171000	0.53	0	0	0	0	0.53
171100	0.53	0	0	0	0	0.53
171200	0.53	0.02	0.02	0	0	0.53
171300	0.53	0.02	0.02	0	0	0.53
171400	0.53	0.03	0.03	0	0	0.53
171500	0.53	0.02	0.02	0	0	0.53
171600	0.53	0.04	0.04	0	0	0.53
171700	0.53	0.04	0.04	0	0	0.53
171800	0.53	0.04	0.04	0	0	0.53
171900	0.53	0.03	0.03	0	0	0.53
172000	0.53	0.04	0.04	0	0	0.53
172100	0.53	0.05	0.05	0	0	0.53
172200	0.53	0.03	0.03	0	0	0.53
172300	0.53	0.04	0.04	0	0	0.53
172400	0.53	0.04	0.04	0	0	0.53
172500	0.53	0.06	0.06	0	0	0.53
172600	0.53	0.05	0.05	0	0	0.53
172700	0.53	0.05	0.05	0	0	0.53
172800	0.53	0.03	0.03	0	0	0.53
172900	0.53	0.03	0.03	0	0	0.53
173000	0.53	0.02	0.02	0	0	0.53
173100	0.53	0.01	0.01	0	0	0.53
173200	0.53	0.01	0.01	0	0	0.53
173300	0.53	0	0	0	0	0.53
173400	0.53	0.01	0.01	0	0	0.53
173500	0.53	0.02	0.02	0	0	0.53
173600	0.53	0.03	0.03	0	0	0.53
173700	0.53	0.03	0.03	0	0	0.53
173800	0.53	0.02	0.02	0	0	0.53
173900	0.53	0.03	0.03	0	0	0.53
174000	0.53	0.03	0.03	0	0	0.53
174100	0.53	0.02	0.02	0	0	0.53
174200	0.53	0.03	0.03	0	0	0.53
174300	0.53	0.02	0.02	0	0	0.53
174400	0.52	0.01	0.01	0	0	0.52
174500	0.52	0	0	0	0	0.52
174600	0.52	0	0	0	0	0.52
174700	0.52	0	0	0	0	0.52
174800	0.52	0.01	0.01	0	0	0.52
174900	0.52	0.01	0.01	0	0	0.52
175000	0.52	0.04	0.04	0	0	0.52
175100	0.52	0.04	0.04	0	0	0.52
175200	0.52	0.04	0.04	0	0	0.52
175300	0.52	0.03	0.03	0	0	0.52
175400	0.52	0.04	0.04	0	0	0.52
175500	0.52	0.04	0.04	0	0	0.52
175600	0.52	0.03	0.03	0	0	0.52
175700	0.53	0.01	0.01	0	0	0.53
175800	0.53	0.01	0.01	0	0	0.53
175900	0.53	0.01	0.01	0	0	0.53
176000	0.52	0	0	0	0	0.52
176100	0.52	0.01	0.01	0	0	0.52
176200	0.52	0.02	0.02	0	0	0.52
176300	0.52	0.02	0.02	0	0	0.52
176400	0.52	0.03	0.03	0	0	0.52
176500	0.52	0.02	0.02	0	0	0.52
176600	0.52	0.02	0.02	0	0	0.52
176700	0.52	0.01	0.01	0	0	0.52
176800	0.52	0.01	0.01	0	0	0.52
176900	0.53	0	0	0	0	0.53
177000	0.53	0.01	0.01	0	0	0.53
177100	0.53	0.01	0.01	0	0	0.53
177200	0.53	0.01	0.01	0	0	0.53
177300	0.53	0.01	0.01	0	0	0.53
177400	0.54	0.01	0.01	0	0	0.54
177500	0.53	0.02	0.02	0	0	0.53
177600	0.53	0.02	0.02	0	0	0.53
177700	0.53	0.02	0.02	0	0	0.53
177800	0.53	0.02	0.02	0	0	0.53
177900	0.53	0.02	0.02	0	0	0.53
178000	0.53	0.04	0.04	0	0	0.53
178100	0.53	0.02	0.02	0	0	0.53
178200	0.53	0.02	0.02	0	0	0.53
178300	0.53	0.01	0.01	0	0	0.53
178400	0.53	0.02	0.02	0	0	0.53
178500	0.53	0.03	0.03	0	0	0.53
178600	0.53	0.03	0.03	0	0	0.53
178700	0.53	0.03	0.03	0	0	0.53
178800	0.53	0.05	0.05	0	0	0.53
178900	0.53	0.02	0.02	0	0	0.53
179000	0.53	0.01	0.01	0	0	0.53
179100	0.53	0.02	0.02	0	0	0.53
179200	0.53	0.03	0.03	0	0	0.53
179300	0.53	0.04	0.04	0	0	0.53
179400	0.53	0.04	0.04	0	0	0.53
179500	0.53	0.03	0.03	0	0	0.53
179600	0.53	0.01	0.01	0	0	0.53
179700	0.53	0.01	0.01	0	0	0.53
179800	0.53	0.01	0.01	0	0	0.53
179900	0.53	0.01	0.01	0	0	0.53
180000	0.53	0.01	0.01	0	0	0.53
180100	0.53	0.01	0.01	0	0	0.53
180200	0.53	0	0	0	0	0.53
180300	0.53	0.01	0.01	0	0	0.53
180400	0.53	0.03	0.03	0	0	0.53
180500	0.53	0.03	0.03	0	0	0.53
180600	0.53	0.03	0.03	0	0	0.53
180700	0.53	0.02	0.02	0	0	0.53
180800	0.53	0.01	0.01	0	0	0.53
180900	0.53	0.01	0.01	0	0	0.53
181000	0.53	0	0	0	0	0.53
181100	0.53	0	0	0	0	0.53
181200	0.54	0	0	0	0	0.54
181300	0.54	0.01	0.01	0	0	0.54
181400	0.54	0.01	0.01	0	0	0.54
181500	0.54	0.01	0.01	0	0	0.54
181600	0.54	0.01	0.01	0	0	0.54
181700	0.54	0.01	0.01	0	0	0.54
181800	0.54	0.02	0.02	0	0	0.54
181900	0.54	0.01	0.01	0	0	0.54
182000	0.54	0.01	0.01	0	0	0.54
182100	0.54	0.03	0.03	0	0	0.54
182200	0.54	0.03	0.03	0	0	0.54
182300	0.54	0.04	0.04	0	0	0.54
182400	0.54	0.04	0.04	0	0	0.54
182500	0.54	0.04	0.04	0	0	0.54
182600	0.54	0.04	0.04	0	0	0.54
182700	0.54	0.05	0.05	0	0	0.54
182800	0.54	0.02	0.02	0	0	0.54
182900	0.54	0.03	0.03	0	0	0.54
183000	0.54	0.03	0.03	0	0	0.54
183100	0.54	0.01	0.01	0	0	0.54
183200	0.54	0.01	0.01	0	0	0.54
183300	0.54	0.03	0.03	0	0	0.54
183400	0.54	0.03	0.03	0	0	0.54
183500	0.54	0.03	0.03	0	0	0.54
183600	0.54	0.03	0.03	0	0	0.54
183700	0.54	0.05	0.05	0	0	0.54
183800	0.54	0.04	0.04	0	0	0.54
183900	0.54	0.02	0.02	0	0	0.54
184000	0.54	0.03	0.03	0	0	0.54
184100	0.54	0.02	0.02	0	0	0.54
184200	0.54	0.03	0.03	0	0	0.54
184300	0.54	0.02	0.02	0	0	0.54
184400	0.54	0.02	0.02	0	0	0.54
184500	0.54	0.02	0.02	0	0	0.54
184600	0.54	0.01	0.01	0	0	0.54
184700	0.54	0.01	0.01	0	0	0.54
184800	0.54	0.01	0.01	0	0	0.54
184900	0.54	0.02	0.02	0	0	0.54
185000	0.54	0.02	0.02	0	0	0.54
185100	0.54	0.01	0.01	0	0	0.54
185200	0.54	0.02	0.02	0	0	0.54
185300	0.54	0.02	0.02	0	0	0.54
185400	0.54	0.02	0.02	0	0	0.54
185500	0.54	0.02	0.02	0	0	0.54
185600	0.54	0.03	0.03	0	0	0.54
185700	0.54	0.04	0.04	0	0	0.54
185800	0.54	0.04	0.04	0	0	0.54
185900	0.54	0.03	0.03	0	0	0.54
186000	0.54	0.02	0.02	0	0	0.54
186100	0.54	0.02	0.02	0	0	0.54
186200	0.54	0.01	0.01	0	0	0.54
186300	0.54	0.01	0.01	0	0	0.54
186400	0.54	0.01	0.01	0	0	0.54
186500	0.54	0.01	0.01	0	0	0.54
186600	0.54	0	0	0	0	0.54
186700	0.54	0	0	0	0	0.54
186800	0.54	0	0	0	0	0.54
186900	0.54	0	0	0	0	0.54
187000	0.54	0	0	0	0	0.54
187100	0.54	0	0	0	0	0.54
187200	0.54	0	0	0	0	0.54
187300	0.54	0.02	0.02	0	0	0.54
187400	0.54	0.02	0.02	0	0	0.54
187500	0.54	0.05	0.05	0	0	0.54
187600	0.54	0.06	0.06	0	0	0.54
187700	0.54	0.04	0.04	0	0	0.54
187800	0.54	0.05	0.05	0	0	0.54
187900	0.54	0.05	0.05	0	0	0.54
188000	0.54	0.05	0.05	0	0	0.54
188100	0.54	0.05	0.05	0	0	0.54
188200	0.54	0.03	0.03	0	0	0.54
188300	0.54	0	0	0	0	0.54
188400	0.54	0	0	0	0	0.54
188500	0.54	0	0	0	0	0.54
188600	0.54	0.01	0.01	0	0	0.54
188700	0.53	0.02	0.02	0	0	0.53
188800	0.53	0.03	0.03	0	0	0.53
188900	0.53	0.04	0.04	0	0	0.53
189000	0.53	0.04	0.04	0	0	0.53
189100	0.53	0.03	0.03	0	0	0.53
189200	0.53	0.02	0.02	0	0	0.53
189300	0.53	0	0	0	0	0.53
189400	0.53	0	0	0	0	0.53
189500	0.53	0	0	0	0	0.53
189600	0.53	0	0	0	0	0.53
189700	0.53	0	0	0	0	0.53
189800	0.53	0.03	0.03	0	0	0.53
189900	0.53	0.02	0.02	0	0	0.53
190000	0.53	0.03	0.03	0	0	0.53
190100	0.53	0.02	0.02	0	0	0.53
190200	0.53	0.01	0.01	0	0	0.53
190300	0.53	0.02	0.02	0	0	0.53
190400	0.53	0.02	0.02	0	0	0.53
190500	0.54	0.04	0.04	0	0	0.54
190600	0.54	0.04	0.04	0	0	0.54
190700	0.54	0.04	0.04	0	0	0.54
190800	0.54	0.02	0.02	0	0	0.54
190900	0.54	0.01	0.01	0	0	0.54
191000	0.54	0.02	0.02	0	0	0.54
191100	0.54	0.01	0.01	0	0	0.54
191200	0.54	0.02	0.02	0	0	0.54
191300	0.54	0.02	0.02	0	0	0.54
191400	0.54	0.02	0.02	0	0	0.54
191500	0.54	0.01	0.01	0	0	0.54
191600	0.54	0.01	0.01	0	0	0.54
191700	0.54	0.01	0.01	0	0	0.54
191800	0.54	0	0	0	0	0.54
191900	0.54	0	0	0	0	0.54
192000	0.54	0	0	0	0	0.54
192100	0.54	0	0	0	0	0.54
192200	0.54	0.01	0.01	0	0	0.54
192300	0.54	0.02	0.02	0	0	0.54
192400	0.54	0.03	0.03	0	0	0.54
192500	0.54	0.04	0.04	0	0	0.54
192600	0.54	0.03	0.03	0	0	0.54
192700	0.54	0.03	0.03	0	0	0.54
192800	0.54	0.02	0.02	0	0	0.54
192900	0.54	0.01	0.01	0	0	0.54
193000	0.54	0.01	0.01	0	0	0.54
193100	0.54	0.01	0.01	0	0	0.54
193200	0.54	0.01	0.01	0	0	0.54
193300	0.54	0.02	0.02	0	0	0.54
193400	0.54	0.02	0.02	0	0	0.54
193500	0.54	0.02	0.02	0	0	0.54
193600	0.54	0.01	0.01	0	0	0.54
193700	0.54	0	0	0	0	0.54
193800	0.54	0	0	0	0	0.54
193900	0.54	0	0	0	0	0.54
194000	0.54	0	0	0	0	0.54
194100	0.54	0	0	0	0	0.54
194200	0.54	0	0	0	0	0.54
194300	0.54	0	0	0	0	0.54
194400	0.54	0	0	0	0	0.54
194500	0.54	0	0	0	0	0.54
194600	0.54	0	0	0	0	0.54
194700	0.54	0.02	0.02	0	0	0.54
194800	0.54	0.02	0.02	0	0	0.54
194900	0.54	0.04	0.04	0	0	0.54
195000	0.54	0.04	0.04	0	0	0.54
195100	0.54	0.03	0.03	0	0	0.54
195200	0.54	0.04	0.04	0	0	0.54
195300	0.54	0.02	0.02	0	0	0.54
195400	0.54	0.01	0.01	0	0	0.54
195500	0.54	0.01	0.01	0	0	0.54
195600	0.54	0.01	0.01	0	0	0.54
195700	0.54	0	0	0	0	0.54
195800	0.54	0	0	0	0	0.54
195900	0.54	0	0	0	0	0.54
196000	0.54	0.01	0.01	0	0	0.54
196100	0.54	0.01	0.01	0	0	0.54
196200	0.54	0.01	0.01	0	0	0.54
196300	0.54	0.02	0.02	0	0	0.54
196400	0.54	0.02	0.02	0	0	0.54
196500	0.54	0.02	0.02	0	0	0.54
196600	0.54	0.03	0.03	0	0	0.54
196700	0.54	0.05	0.05	0	0	0.54
196800	0.54	0.04	0.04	0	0	0.54
196900	0.54	0.02	0.02	0	0	0.54
197000	0.54	0.02	0.02	0	0	0.54
197100	0.54	0.02	0.02	0	0	0.54
197200	0.54	0.01	0.01	0	0	0.54
197300	0.54	0.02	0.02	0	0	0.54
197400	0.54	0.01	0.01	0	0	0.54
197500	0.54	0.02	0.02	0	0	0.54
197600	0.54	0.03	0.03	0	0	0.54
197700	0.54	0.04	0.04	0	0	0.54
197800	0.55	0.04	0.04	0	0	0.55
197900	0.55	0.04	0.04	0	0	0.55
198000	0.55	0.03	0.03	0	0	0.55
198100	0.55	0.01	0.01	0	0	0.55
198200	0.55	0.01	0.01	0	0	0.55
198300	0.55	0.02	0.02	0	0	0.55
198400	0.55	0.02	0.02	0	0	0.55
198500	0.55	0.03	0.03	0	0	0.55
198600	0.55	0.03	0.03	0	0	0.55
198700	0.55	0.02	0.02	0	0	0.55
198800	0.55	0.01	0.01	0	0	0.55
198900	0.55	0.01	0.01	0	0	0.55
199000	0.55	0	0	0	0	0.55
199100	0.55	0.01	0.01	0	0	0.55
199200	0.55	0.01	0.01	0	0	0.55
199300	0.55	0.01	0.01	0	0	0.55
199400	0.55	0.01	0.01	0	0	0.55
199500	0.55	0.01	0.01	0	0	0.55
199600	0.55	0.01	0.01	0	0	0.55
199700	0.55	0.01	0.01	0	0	0.55
199800	0.55	0.01	0.01	0	0	0.55
199900	0.55	0.01	0.01	0	0	0.55
200000	0.55	0.01	0.01	0	0	0.55
200100	0.55	0	0	0	0	0.55
200200	0.55	0.01	0.01	0	0	0.55
200300	0.55	0.01	0.01	0	0	0.55
200400	0.55	0.02	0.02	0	0	0.55
200500	0.55	0.02	0.02	0	0	0.55
200600	0.55	0.03	0.03	0	0	0.55
200700	0.55	0.05	0.05	0	0	0.55
200800	0.55	0.04	0.04	0	0	0.55
200900	0.55	0.03	0.03	0	0	0.55
201000	0.55	0.02	0.02	0	0	0.55
201100	0.55	0.02	0.02	0	0	0.55
201200	0.55	0	0	0	0	0.55
201300	0.55	0	0	0	0	0.55
201400	0.55	0.01	0.01	0	0	0.55
201500	0.55	0.01	0.01	0	0	0.55
201600	0.55	0.01	0.01	0	0	0.55
201700	0.55	0.01	0.01	0	0	0.55
201800	0.55	0.02	0.02	0	0	0.55
201900	0.55	0.04	0.04	0	0	0.55
202000	0.55	0.06	0.06	0	0	0.55
202100	0.55	0.03	0.03	0	0	0.55
202200	0.55	0.04	0.04	0	0	0.55
202300	0.55	0.04	0.04	0	0	0.55
202400	0.55	0.03	0.03	0	0	0.55
202500	0.55	0.01	0.01	0	0	0.55
202600	0.55	0.01	0.01	0	0	0.55
202700	0.55	0.01	0.01	0	0	0.55
202800	0.55	0.01	0.01	0	0	0.55
202900	0.55	0	0	0	0	0.55
203000	0.55	0.02	0.02	0	0	0.55
203100	0.55	0.02	0.02	0	0	0.55
203200	0.55	0.02	0.02	0	0	0.55
203300	0.55	0.02	0.02	0	0	0.55
203400	0.55	0.04	0.04	0	0	0.55
203500	0.55	0.04	0.04	0	0	0.55
203600	0.55	0.05	0.05	0	0	0.55
203700	0.55	0.06	0.06	0	0	0.55
203800	0.55	0.04	0.04	0	0	0.55
203900	0.55	0.01	0.01	0	0	0.55
204000	0.55	0.02	0.02	0	0	0.55
204100	0.55	0.02	0.02	0	0	0.55
204200	0.55	0.01	0.01	0	0	0.55
204300	0.55	0.02	0.02	0	0	0.55
204400	0.55	0.02	0.02	0	0	0.55
204500	0.55	0.02	0.02	0	0	0.55
204600	0.55	0.02	0.02	0	0	0.55
204700	0.55	0.02	0.02	0	0	0.55
204800	0.55	0.01	0.01	0	0	0.55
204900	0.55	0.02	0.02	0	0	0.55
205000	0.55	0.01	0.01	0	0	0.55
205100	0.55	0.01	0.01	0	0	0.55
205200	0.55	0.01	0.01	0	0	0.55
205300	0.55	0.02	0.02	0	0	0.55
205400	0.55	0.02	0.02	0	0	0.55
205500	0.55	0.02	0.02	0	0	0.55
205600	0.55	0.02	0.02	0	0	0.55
205700	0.55	0.02	0.02	0	0	0.55
205800	0.55	0.02	0.02	0	0	0.55
205900	0.55	0.01	0.01	0	0	0.55
206000	0.55	0.01	0.01	0	0	0.55
206100	0.55	0.01	0.01	0	0	0.55
206200	0.55	0.01	0.01	0	0	0.55
206300	0.55	0.01	0.01	0	0	0.55
206400	0.55	0	0	0	0	0.55
206500	0.55	0	0	0	0	0.55
206600	0.55	0.01	0.01	0	0	0.55
206700	0.55	0.02	0.02	0	0	0.55
206800	0.55	0.03	0.03	0	0	0.55
206900	0.55	0.03	0.03	0	0	0.55
207000	0.55	0.04	0.04	0	0	0.55
207100	0.55	0.03	0.03	0	0	0.55
207200	0.55	0.03	0.03	0	0	0.55
207300	0.55	0.03	0.03	0	0	0.55
207400	0.55	0.04	0.04	0	0	0.55
207500	0.55	0.03	0.03	0	0	0.55
207600	0.55	0.05	0.05	0	0	0.55
207700	0.55	0.04	0.04	0	0	0.55
207800	0.55	0.04	0.04	0	0	0.55
207900	0.55	0.04	0.04	0	0	0.55
208000	0.55	0.02	0.02	0	0	0.55
208100	0.55	0.02	0.02	0	0	0.55
208200	0.55	0.01	0.01	0	0	0.55
208300	0.55	0.01	0.01	0	0	0.55
208400	0.55	0.01	0.01	0	0	0.55
208500	0.55	0.03	0.03	0	0	0.55
208600	0.55	0.05	0.05	0	0	0.55
208700	0.55	0.05	0.05	0	0	0.55
208800	0.55	0.06	0.06	0	0	0.55
208900	0.55	0.07	0.07	0	0	0.55
209000	0.55	0.04	0.04	0	0	0.55
209100	0.55	0.05	0.05	0	0	0.55
209200	0.55	0.04	0.04	0	0	0.55
209300	0.55	0.03	0.03	0	0	0.55
209400	0.55	0.04	0.04	0	0	0.55
209500	0.55	0.04	0.04	0	0	0.55
209600	0.55	0.02	0.02	0	0	0.55
209700	0.55	0.03	0.03	0	0	0.55
209800	0.55	0.02	0.02	0	0	0.55
209900	0.55	0.02	0.02	0	0	0.55
210000	0.55	0.01	0.01	0	0	0.55
210100	0.55	0.02	0.02	0	0	0.55
210200	0.55	0.02	0.02	0	0	0.55
210300	0.55	0.02	0.02	0	0	0.55
210400	0.55	0.02	0.02	0	0	0.55
210500	0.55	0.02	0.02	0	0	0.55
210600	0.55	0.01	0.01	0	0	0.55
210700	0.55	0.02	0.02	0	0	0.55
210800	0.55	0.01	0.01	0	0	0.55
210900	0.55	0.01	0.01	0	0	0.55
211000	0.55	0.02	0.02	0	0	0.55
211100	0.55	0.02	0.02	0	0	0.55
211200	0.55	0.02	0.02	0	0	0.55
211300	0.55	0.03	0.03	0	0	0.55
211400	0.55	0.02	0.02	0	0	0.55
211500	0.55	0	0	0	0	0.55
211600	0.55	0	0	0	0	0.55
211700	0.55	0.01	0.01	0	0	0.55
211800	0.55	0.03	0.03	0	0	0.55
211900	0.55	0.03	0.03	0	0	0.55
212000	0.55	0.04	0.04	0	0	0.55
212100	0.55	0.04	0.04	0	0	0.55
212200	0.55	0.05	0.05	0	0	0.55
212300	0.55	0.05	0.05	0	0	0.55
212400	0.55	0.05	0.05	0	0	0.55
212500	0.55	0.03	0.03	0	0	0.55
212600	0.55	0.01	0.01	0	0	0.55
212700	0.55	0.03	0.03	0	0	0.55
212800	0.55	0.02	0.02	0	0	0.55
212900	0.55	0.03	0.03	0	0	0.55
213000	0.55	0.03	0.03	0	0	0.55
213100	0.55	0.04	0.04	0	0	0.55
213200	0.55	0.03	0.03	0	0	0.55
213300	0.55	0.03	0.03	0	0	0.55
213400	0.55	0.02	0.02	0	0	0.55
213500	0.55	0.02	0.02	0	0	0.55
213600	0.55	0.04	0.04	0	0	0.55
213700	0.55	0.04	0.04	0	0	0.55
213800	0.55	0.04	0.04	0	0	0.55
213900	0.55	0.04	0.04	0	0	0.55
214000	0.55	0.04	0.04	0	0	0.55
214100	0.55	0.02	0.02	0	0	0.55
214200	0.55	0.02	0.02	0	0	0.55
214300	0.55	0.02	0.02	0	0	0.55
214400	0.55	0.01	0.01	0	0	0.55
214500	0.55	0	0	0	0	0.55
214600	0.55	0	0	0	0	0.55
214700	0.55	0	0	0	0	0.55
214800	0.55	0	0	0	0	0.55
214900	0.55	0	0	0	0	0.55
215000	0.55	0.01	0.01	0	0	0.55
215100	0.55	0.01	0.01	0	0	0.55
215200	0.55	0.04	0.04	0	0	0.55
215300	0.55	0.07	0.07	0	0	0.55
215400	0.55	0.06	0.06	0	0	0.55
215500	0.55	0.06	0.06	0	0	0.55
215600	0.55	0.05	0.05	0	0	0.55
215700	0.55	0.01	0.01	0	0	0.55
215800	0.55	0.01	0.01	0	0	0.55
215900	0.55	0.02	0.02	0	0	0.55
216000	0.55	0.03	0.03	0	0	0.55
216100	0.55	0.05	0.05	0	0	0.55
216200	0.55	0.07	0.07	0	0	0.55
216300	0.55	0.09	0.09	0	0	0.55
216400	0.55	0.08	0.08	0	0	0.55
216500	0.55	0.07	0.07	0	0	0.55
216600	0.55	0.04	0.04	0	0	0.55
216700	0.55	0.01	0.01	0	0	0.55
216800	0.55	0.01	0.01	0	0	0.55
216900	0.55	0.03	0.03	0	0	0.55
217000	0.55	0.04	0.04	0	0	0.55
217100	0.55	0.02	0.02	0	0	0.55
217200	0.55	0.03	0.03	0	0	0.55
217300	0.55	0.03	0.03	0	0	0.55
217400	0.55	0.03	0.03	0	0	0.55
217500	0.55	0.03	0.03	0	0	0.55
217600	0.55	0.03	0.03	0	0	0.55
217700	0.55	0.02	0.02	0	0	0.55
217800	0.55	0	0	0	0	0.55
217900	0.55	0.01	0.01	0	0	0.55
218000	0.55	0.01	0.01	0	0	0.55
218100	0.55	0	0	0	0	0.55
218200	0.55	0	0	0	0	0.55
218300	0.55	0	0	0	0	0.55
218400	0.55	0.01	0.01	0	0	0.55
218500	0.55	0.01	0.01	0	0	0.55
218600	0.55	0.02	0.02	0	0	0.55
218700	0.55	0.03	0.03	0	0	0.55
218800	0.55	0.04	0.04	0	0	0.55
218900	0.55	0.03	0.03	0	0	0.55
219000	0.55	0.02	0.02	0	0	0.55
219100	0.55	0.03	0.03	0	0	0.55
219200	0.55	0.03	0.03	0	0	0.55
219300	0.55	0	0	0	0	0.55
219400	0.55	0	0	0	0	0.55
219500	0.55	0.01	0.01	0	0	0.55
219600	0.55	0.02	0.02	0	0	0.55
219700	0.55	0.01	0.01	0	0	0.55
219800	0.55	0.01	0.01	0	0	0.55
219900	0.55	0.02	0.02	0	0	0.55
220000	0.55	0.03	0.03	0	0	0.55
220100	0.55	0.03	0.03	0	0	0.55
220200	0.55	0.01	0.01	0	0	0.55
220300	0.55	0.01	0.01	0	0	0.55
220400	0.55	0.01	0.01	0	0	0.55
220500	0.55	0.02	0.02	0	0	0.55
220600	0.55	0.02	0.02	0	0	0.55
220700	0.55	0.02	0.02	0	0	0.55
220800	0.55	0.04	0.04	0	0	0.55
220900	0.55	0.03	0.03	0	0	0.55
221000	0.55	0.03	0.03	0	0	0.55
221100	0.55	0.03	0.03	0	0	0.55
221200	0.55	0.02	0.02	0	0	0.55
221300	0.55	0.03	0.03	0	0	0.55
221400	0.55	0.02	0.02	0	0	0.55
221500	0.55	0.03	0.03	0	0	0.55
221600	0.55	0.02	0.02	0	0	0.55
221700	0.55	0.02	0.02	0	0	0.55
221800	0.55	0.03	0.03	0	0	0.55
221900	0.55	0.02	0.02	0	0	0.55
222000	0.55	0.03	0.03	0	0	0.55
222100	0.55	0.04	0.04	0	0	0.55
222200	0.55	0.04	0.04	0	0	0.55
222300	0.55	0.04	0.04	0	0	0.55
222400	0.55	0.03	0.03	0	0	0.55
222500	0.55	0.02	0.02	0	0	0.55
222600	0.55	0.01	0.01	0	0	0.55
222700	0.55	0	0	0	0	0.55
222800	0.55	0.01	0.01	0	0	0.55
222900	0.55	0.01	0.01	0	0	0.55
223000	0.55	0.02	0.02	0	0	0.55
223100	0.55	0.02	0.02	0	0	0.55
223200	0.55	0.05	0.05	0	0	0.55
223300	0.55	0.07	0.07	0	0	0.55
223400	0.55	0.06	0.06	0	0	0.55
223500	0.55	0.04	0.04	0	0	0.55
223600	0.55	0.03	0.03	0	0	0.55
223700	0.55	0.03	0.03	0	0	0.55
223800	0.55	0.03	0.03	0	0	0.55
223900	0.55	0.02	0.02	0	0	0.55
224000	0.55	0.01	0.01	0	0	0.55
224100	0.55	0.01	0.01	0	0	0.55
224200	0.55	0.02	0.02	0	0	0.55
224300	0.55	0.02	0.02	0	0	0.55
224400	0.55	0.02	0.02	0	0	0.55
224500	0.55	0.02	0.02	0	0	0.55
224600	0.55	0.02	0.02	0	0	0.55
224700	0.55	0.02	0.02	0	0	0.55
224800	0.55	0.03	0.03	0	0	0.55
224900	0.55	0.04	0.04	0	0	0.55
225000	0.55	0.03	0.03	0	0	0.55
225100	0.55	0.05	0.05	0	0	0.55
225200	0.55	0.04	0.04	0	0	0.55
225300	0.55	0.03	0.03	0	0	0.55
225400	0.55	0.05	0.05	0	0	0.55
225500	0.55	0.06	0.06	0	0	0.55
225600	0.55	0.06	0.06	0	0	0.55
225700	0.55	0.06	0.06	0	0	0.55
225800	0.55	0.06	0.06	0	0	0.55
225900	0.55	0.07	0.07	0	0	0.55
226000	0.55	0.08	0.08	0	0	0.55
226100	0.55	0.08	0.08	0	0	0.55
226200	0.55	0.09	0.09	0	0	0.55
226300	0.55	0.09	0.09	0	0	0.55
226400	0.55	0.09	0.09	0	0	0.55
226500	0.55	0.1	0.1	0	0	0.55
226600	0.55	0.13	0.13	0	0	0.55
226700	0.55	0.14	0.14	0	0	0.55
226800	0.55	0.15	0.15	0	0	0.55
226900	0.55	0.15	0.15	0	0	0.55
227000	0.55	0.14	0.14	0	0	0.55
227100	0.55	0.14	0.14	0	0	0.55
227200	0.55	0.12	0.12	0	0	0.55
227300	0.55	0.12	0.12	0	0	0.55
227400	0.55	0.12	0.12	0	0	0.55
227500	0.55	0.12	0.12	0	0	0.55
227600	0.55	0.12	0.12	0	0	0.55
227700	0.55	0.13	0.13	0	0	0.55
227800	0.55	0.16	0.16	0	0	0.55
227900	0.55	0.15	0.15	0	0	0.55
228000	0.55	0.15	0.15	0	0	0.55
228100	0.55	0.16	0.16	0	0	0.55
228200	0.55	0.15	0.15	0	0	0.55
228300	0.55	0.15	0.15	0	0	0.55
228400	0.55	0.15	0.15	0	0	0.55
228500	0.55	0.14	0.14	0	0	0.55
228600	0.55	0.13	0.13	0	0	0.55
228700	0.55	0.13	0.13	0	0	0.55
228800	0.55	0.13	0.13	0	0	0.55
228900	0.55	0.13	0.13	0	0	0.55
229000	0.55	0.14	0.14	0	0	0.55
229100	0.55	0.14	0.14	0	0	0.55
229200	0.55	0.15	0.15	0	0	0.55
229300	0.55	0.16	0.16	0	0	0.55
229400	0.55	0.16	0.16	0	0	0.55
229500	0.55	0.15	0.15	0	0	0.55
229600	0.55	0.15	0.15	0	0	0.55
229700	0.55	0.16	0.16	0	0	0.55
229800	0.55	0.16	0.16	0	0	0.55
229900	0.55	0.17	0.17	0	0	0.55
230000	0.55	0.17	0.17	0	0	0.55
230100	0.55	0.17	0.17	0	0	0.55
230200	0.55	0.18	0.18	0	0	0.55
230300	0.55	0.18	0.18	0	0	0.55
230400	0.55	0.18	0.18	0	0	0.55
230500	0.55	0.18	0.18	0	0	0.55
230600	0.55	0.19	0.19	0	0	0.55
230700	0.55	0.19	0.19	0	0	0.55
230800	0.55	0.19	0.19	0	0	0.55
230900	0.55	0.17	0.17	0	0	0.55
231000	0.55	0.18	0.18	0	0	0.55
231100	0.55	0.18	0.18	0	0	0.55
231200	0.55	0.18	0.18	0	0	0.55
231300	0.55	0.18	0.18	0	0	0.55
231400	0.55	0.19	0.19	0	0	0.55
231500	0.55	0.19	0.19	0	0	0.55
231600	0.55	0.19	0.19	0	0	0.55
231700	0.55	0.19	0.19	0	0	0.55
231800	0.55	0.2	0.2	0	0	0.55
231900	0.55	0.22	0.22	0	0	0.55
232000	0.55	0.22	0.22	0	0	0.55
232100	0.55	0.21	0.21	0	0	0.55
232200	0.55	0.21	0.21	0	0	0.55
232300	0.55	0.2	0.2	0	0	0.55
232400	0.55	0.2	0.2	0	0	0.55
232500	0.55	0.2	0.2	0	0	0.55
232600	0.55	0.21	0.21	0	0	0.55
232700	0.55	0.21	0.21	0	0	0.55
232800	0.55	0.22	0.22	0	0	0.55
232900	0.55	0.22	0.22	0	0	0.55
233000	0.55	0.22	0.22	0	0	0.55
233100	0.55	0.22	0.22	0	0	0.55
233200	0.55	0.23	0.23	0	0	0.55
233300	0.55	0.25	0.25	0	0	0.55
233400	0.55	0.24	0.24	0	0	0.55
233500	0.55	0.23	0.23	0	0	0.55
233600	0.55	0.23	0.23	0	0	0.55
233700	0.55	0.22	0.22	0	0	0.55
233800	0.55	0.22	0.22	0	0	0.55
233900	0.55	0.24	0.24	0	0	0.55
234000	0.55	0.24	0.24	0	0	0.55
234100	0.55	0.25	0.25	0	0	0.55
234200	0.55	0.25	0.25	0	0	0.55
234300	0.55	0.26	0.26	0	0	0.55
234400	0.55	0.25	0.25	0	0	0.55
234500	0.55	0.25	0.25	0	0	0.55
234600	0.55	0.25	0.25	0	0	0.55
234700	0.55	0.25	0.25	0	0	0.55
234800	0.55	0.27	0.27	0	0	0.55
234900	0.55	0.26	0.26	0	0	0.55
235000	0.55	0.26	0.26	0	0	0.55
235100	0.55	0.26	0.26	0	0	0.55
235200	0.55	0.26	0.26	0	0	0.55
235300	0.55	0.26	0.26	0	0	0.55
235400	0.55	0.26	0.26	0	0	0.55
235500	0.55	0.27	0.27	0	0	0.55
235600	0.55	0.27	0.27	0	0	0.55
235700	0.55	0.27	0.27	0	0	0.55
235800	0.55	0.26	0.26	0	0	0.55
235900	0.55	0.26	0.26	0	0	0.55
236000	0.55	0.26	0.26	0	0	0.55
236100	0.55	0.27	0.27	0	0	0.55
236200	0.55	0.28	0.28	0	0	0.55
236300	0.55	0.28	0.28	0	0	0.55
236400	0.55	0.29	0.29	0	0	0.55
236500	0.55	0.3	0.3	0	0	0.55
236600	0.55	0.3	0.3	0	0	0.55
236700	0.55	0.31	0.31	0	0	0.55
236800	0.55	0.32	0.32	0	0	0.55
236900	0.55	0.32	0.32	0	0	0.55
237000	0.55	0.33	0.33	0	0	0.55
237100	0.55	0.33	0.33	0	0	0.55
237200	0.55	0.33	0.33	0	0	0.55
237300	0.55	0.33	0.33	0	0	0.55
237400	0.55	0.33	0.33	0	0	0.55
237500	0.55	0.33	0.33	0	0	0.55
237600	0.55	0.33	0.33	0	0	0.55
237700	0.55	0.33	0.33	0	0	0.55
237800	0.55	0.33	0.33	0	0	0.55
237900	0.55	0.33	0.33	0	0	0.55
238000	0.55	0.33	0.33	0	0	0.55
238100	0.55	0.33	0.33	0	0	0.55
238200	0.55	0.33	0.33	0	0	0.55
238300	0.55	0.33	0.33	0	0	0.55
238400	0.55	0.34	0.34	0	0	0.55
238500	0.55	0.34	0.34	0	0	0.55
238600	0.55	0.34	0.34	0	0	0.55
238700	0.55	0.34	0.34	0	0	0.55
238800	0.55	0.34	0.34	0	0	0.55
238900	0.55	0.34	0.34	0	0	0.55
239000	0.55	0.34	0.34	0	0	0.55
239100	0.55	0.34	0.34	0	0	0.55
239200	0.55	0.33	0.33	0	0	0.55
239300	0.55	0.33	0.33	0	0	0.55
239400	0.55	0.33	0.33	0	0	0.55
239500	0.55	0.34	0.34	0	0	0.55
239600	0.55	0.35	0.35	0	0	0.55
239700	0.55	0.35	0.35	0	0	0.55
239800	0.55	0.35	0.35	0	0	0.55
239900	0.55	0.35	0.35	0	0	0.55
240000	0.55	0.35	0.35	0	0	0.55
240100	0.55	0.35	0.35	0	0	0.55
240200	0.55	0.36	0.36	0	0	0.55
240300	0.55	0.36	0.36	0	0	0.55
240400	0.55	0.36	0.36	0	0	0.55
240500	0.55	0.36	0.36	0	0	0.55
240600	0.55	0.36	0.36	0	0	0.55
240700	0.55	0.35	0.35	0	0	0.55
240800	0.55	0.36	0.36	0	0	0.55
240900	0.55	0.36	0.36	0	0	0.55
241000	0.55	0.36	0.36	0	0	0.55
241100	0.55	0.36	0.36	0	0	0.55
241200	0.55	0.36	0.36	0	0	0.55
241300	0.55	0.36	0.36	0	0	0.55
241400	0.55	0.36	0.36	0	0	0.55
241500	0.55	0.36	0.36	0	0	0.55
241600	0.55	0.35	0.35	0	0	0.55
241700	0.55	0.36	0.36	0	0	0.55
241800	0.55	0.37	0.37	0	0	0.55
241900	0.55	0.37	0.37	0	0	0.55
242000	0.55	0.37	0.37	0	0	0.55
242100	0.55	0.37	0.37	0	0	0.55
242200	0.55	0.37	0.37	0	0	0.55
242300	0.55	0.38	0.38	0	0	0.55
242400	0.55	0.38	0.38	0	0	0.55
242500	0.55	0.39	0.39	0	0	0.55
242600	0.55	0.39	0.39	0	0	0.55
242700	0.55	0.39	0.39	0	0	0.55
242800	0.55	0.39	0.39	0	0	0.55
242900	0.55	0.39	0.39	0	0	0.55
243000	0.55	0.4	0.4	0	0	0.55
243100	0.55	0.4	0.4	0	0	0.55
243200	0.55	0.41	0.41	0	0	0.55
243300	0.55	0.41	0.41	0	0	0.55
243400	0.55	0.41	0.41	0	0	0.55
243500	0.55	0.42	0.42	0	0	0.55
243600	0.55	0.42	0.42	0	0	0.55
243700	0.55	0.41	0.41	0	0	0.55
243800	0.55	0.41	0.41	0	0	0.55
243900	0.55	0.41	0.41	0	0	0.55
244000	0.55	0.41	0.41	0	0	0.55
244100	0.55	0.41	0.41	0	0	0.55
244200	0.55	0.41	0.41	0	0	0.55
244300	0.55	0.41	0.41	0	0	0.55
244400	0.55	0.41	0.41	0	0	0.55
244500	0.55	0.41	0.41	0	0	0.55
244600	0.55	0.41	0.41	0	0	0.55
244700	0.55	0.41	0.41	0	0	0.55
244800	0.55	0.41	0.41	0	0	0.55
244900	0.55	0.41	0.41	0	0	0.55
245000	0.55	0.41	0.41	0	0	0.55
245100	0.55	0.41	0.41	0	0	0.55
245200	0.55	0.41	0.41	0	0	0.55
245300	0.55	0.41	0.41	0	0	0.55
245400	0.55	0.41	0.41	0	0	0.55
245500	0.55	0.41	0.41	0	0	0.55
245600	0.55	0.41	0.41	0	0	0.55
245700	0.55	0.41	0.41	0	0	0.55
245800	0.55	0.41	0.41	0	0	0.55
245900	0.55	0.41	0.41	0	0	0.55
246000	0.55	0.41	0.41	0	0	0.55
246100	0.55	0.41	0.41	0	0	0.55
246200	0.55	0.41	0.41	0	0	0.55
246300	0.55	0.41	0.41	0	0	0.55
246400	0.55	0.41	0.41	0	0	0.55
246500	0.55	0.41	0.41	0	0	0.55
246600	0.55	0.41	0.41	0	0	0.55
246700	0.55	0.41	0.41	0	0	0.55
246800	0.55	0.41	0.41	0	0	0.55
246900	0.55	0.41	0.41	0	0	0.55
247000	0.55	0.41	0.41	0	0	0.55
247100	0.55	0.41	0.41	0	0	0.55
247200	0.55	0.41	0.41	0	0	0.55
247300	0.55	0.41	0.41	0	0	0.55
247400	0.55	0.41	0.41	0	0	0.55
247500	0.55	0.41	0.41	0	0	0.55
247600	0.55	0.41	0.41	0	0	0.55
247700	0.55	0.41	0.41	0	0	0.55
247800	0.55	0.41	0.41	0	0	0.55
247900	0.55	0.41	0.41	0	0	0.55
248000	0.55	0.41	0.41	0	0	0.55
248100	0.55	0.41	0.41	0	0	0.55
248200	0.55	0.41	0.41	0	0	0.55
248300	0.55	0.41	0.41	0	0	0.55
248400	0.55	0.41	0.41	0	0	0.55
248500	0.55	0.41	0.41	0	0	0.55
248600	0.55	0.41	0.41	0	0	0.55
248700	0.55	0.41	0.41	0	0	0.55
248800	0.55	0.41	0.41	0	0	0.55
248900	0.55	0.41	0.41	0	0	0.55
249000	0.55	0.41	0.41	0	0	0.55
249100	0.55	0.41	0.41	0	0	0.55
249200	0.55	0.41	0.41	0	0	0.55
249300	0.55	0.41	0.41	0	0	0.55
249400	0.55	0.41	0.41	0	0	0.55
249500	0.55	0.41	0.41	0	0	0.55
249600	0.55	0.41	0.41	0	0	0.55
249700	0.55	0.41	0.41	0	0	0.55
249800	0.55	0.41	0.41	0	0	0.55
249900	0.55	0.41	0.41	0	0	0.55
250000	0.55	0.41	0.41	0	0	0.55
250100	0.55	0.41	0.41	0	0	0.55
250200	0.55	0.41	0.41	0	0	0.55
250300	0.55	0.41	0.41	0	0	0.55
250400	0.55	0.41	0.41	0	0	0.55
250500	0.55	0.42	0.42	0	0	0.55
250600	0.55	0.42	0.42	0	0	0.55
250700	0.55	0.42	0.42	0	0	0.55
250800	0.55	0.42	0.42	0	0	0.55
250900	0.55	0.42	0.42	0	0	0.55
251000	0.55	0.42	0.42	0	0	0.55
251100	0.55	0.42	0.42	0	0	0.55
251200	0.55	0.42	0.42	0	0	0.55
251300	0.55	0.42	0.42	0	0	0.55
251400	0.55	0.42	0.42	0	0	0.55
251500	0.55	0.42	0.42	0	0	0.55
251600	0.55	0.43	0.43	0	0	0.55
251700	0.55	0.43	0.43	0	0	0.55
251800	0.55	0.43	0.43	0	0	0.55
251900	0.55	0.43	0.43	0	0	0.55
252000	0.55	0.43	0.43	0	0	0.55
252100	0.55	0.43	0.43	0	0	0.55
252200	0.55	0.43	0.43	0	0	0.55
252300	0.55	0.43	0.43	0	0	0.55
252400	0.55	0.43	0.43	0	0	0.55
252500	0.55	0.43	0.43	0	0	0.55
252600	0.55	0.43	0.43	0	0	0.55
252700	0.55	0.43	0.43	0	0	0.55
252800	0.55	0.43	0.43	0	0	0.55
252900	0.55	0.43	0.43	0	0	0.55
253000	0.55	0.43	0.43	0	0	0.55
253100	0.55	0.43	0.43	0	0	0.55
253200	0.55	0.43	0.43	0	0	0.55
253300	0.55	0.43	0.43	0	0	0.55
253400	0.55	0.43	0.43	0	0	0.55
253500	0.55	0.43	0.43	0	0	0.55
253600	0.55	0.44	0.44	0	0	0.55
253700	0.55	0.43	0.43	0	0	0.55
253800	0.55	0.43	0.43	0	0	0.55
253900	0.55	0.43	0.43	0	0	0.55
254000	0.55	0.43	0.43	0	0	0.55
254100	0.55	0.43	0.43	0	0	0.55
254200	0.55	0.43	0.43	0	0	0.55
254300	0.55	0.43	0.43	0	0	0.55
254400	0.55	0.43	0.43	0	0	0.55
254500	0.55	0.43	0.43	0	0	0.55
254600	0.55	0.43	0.43	0	0	0.55
254700	0.55	0.43	0.43	0	0	0.55
254800	0.55	0.43	0.43	0	0	0.55
254900	0.55	0.43	0.43	0	0	0.55
255000	0.55	0.43	0.43	0	0	0.55
255100	0.55	0.43	0.43	0	0	0.55
255200	0.55	0.43	0.43	0	0	0.55
255300	0.55	0.43	0.43	0	0	0.55
255400	0.55	0.43	0.43	0	0	0.55
255500	0.55	0.43	0.43	0	0	0.55
255600	0.55	0.43	0.43	0	0	0.55
255700	0.55	0.43	0.43	0	0	0.55
255800	0.55	0.43	0.43	0	0	0.55
255900	0.55	0.43	0.43	0	0	0.55
256000	0.55	0.43	0.43	0	0	0.55
256100	0.55	0.43	0.43	0	0	0.55
256200	0.55	0.43	0.43	0	0	0.55
256300	0.55	0.43	0.43	0	0	0.55
256400	0.55	0.43	0.43	0	0	0.55
256500	0.55	0.43	0.43	0	0	0.55
256600	0.55	0.43	0.43	0	0	0.55
256700	0.55	0.43	0.43	0	0	0.55
256800	0.55	0.43	0.43	0	0	0.55
256900	0.55	0.43	0.43	0	0	0.55
257000	0.55	0.43	0.43	0	0	0.55
257100	0.55	0.43	0.43	0	0	0.55
257200	0.55	0.43	0.43	0	0	0.55
257300	0.55	0.43	0.43	0	0	0.55
257400	0.55	0.43	0.43	0	0	0.55
257500	0.55	0.43	0.43	0	0	0.55
257600	0.55	0.43	0.43	0	0	0.55
257700	0.55	0.43	0.43	0	0	0.55
257800	0.55	0.43	0.43	0	0	0.55
257900	0.55	0.43	0.43	0	0	0.55
258000	0.55	0.43	0.43	0	0	0.55
258100	0.55	0.43	0.43	0	0	0.55
258200	0.55	0.43	0.43	0	0	0.55
258300	0.55	0.43	0.43	0	0	0.55
258400	0.55	0.43	0.43	0	0	0.55
258500	0.55	0.44	0.44	0	0	0.55
258600	0.55	0.44	0.44	0	0	0.55
258700	0.55	0.44	0.44	0	0	0.55
258800	0.55	0.44	0.44	0	0	0.55
258900	0.55	0.44	0.44	0	0	0.55
259000	0.55	0.44	0.44	0	0	0.55
259100	0.55	0.44	0.44	0	0	0.55
259200	0.55	0.44	0.44	0	0	0.55
259300	0.55	0.44	0.44	0	0	0.55
259400	0.55	0.44	0.44	0	0	0.55
259500	0.55	0.44	0.44	0	0	0.55
259600	0.55	0.44	0.44	0	0	0.55
259700	0.55	0.45	0.45	0	0	0.55
259800	0.55	0.45	0.45	0	0	0.55
259900	0.55	0.45	0.45	0	0	0.55
260000	0.55	0.45	0.45	0	0	0.55
260100	0.55	0.45	0.45	0	0	0.55
260200	0.55	0.45	0.45	0	0	0.55
260300	0.55	0.45	0.45	0	0	0.55
260400	0.55	0.45	0.45	0	0	0.55
260500	0.55	0.45	0.45	0	0	0.55
260600	0.55	0.45	0.45	0	0	0.55
260700	0.55	0.45	0.45	0	0	0.55
260800	0.55	0.45	0.45	0	0	0.55
260900	0.55	0.45	0.45	0	0	0.55
261000	0.55	0.45	0.45	0	0	0.55
261100	0.55	0.45	0.45	0	0	0.55
261200	0.55	0.45	0.45	0	0	0.55
261300	0.55	0.45	0.45	0	0	0.55
261400	0.55	0.45	0.45	0	0	0.55
261500	0.55	0.45	0.45	0	0	0.55
261600	0.55	0.45	0.45	0	0	0.55
261700	0.55	0.45	0.45	0	0	0.55
261800	0.55	0.45	0.45	0	0	0.55
261900	0.55	0.45	0.45	0	0	0.55
262000	0.55	0.45	0.45	0	0	0.55
262100	0.55	0.45	0.45	0	0	0.55
262200	0.55	0.45	0.45	0	0	0.55
262300	0.55	0.45	0.45	0	0	0.55
262400	0.55	0.45	0.45	0	0	0.55
262500	0.55	0.45	0.45	0	0	0.55
262600	0.55	0.45	0.45	0	0	0.55
262700	0.55	0.45	0.45	0	0	0.55
262800	0.55	0.45	0.45	0	0	0.55
262900	0.55	0.45	0.45	0	0	0.55
263000	0.55	0.45	0.45	0	0	0.55
263100	0.55	0.45	0.45	0	0	0.55
263200	0.55	0.45	0.45	0	0	0.55
263300	0.55	0.45	0.45	0	0	0.55
263400	0.55	0.45	0.45	0	0	0.55
263500	0.55	0.45	0.45	0	0	0.55
263600	0.55	0.45	0.45	0	0	0.55
263700	0.55	0.45	0.45	0	0	0.55
263800	0.55	0.45	0.45	0	0	0.55
263900	0.55	0.45	0.45	0	0	0.55
264000	0.55	0.45	0.45	0	0	0.55
264100	0.55	0.45	0.45	0	0	0.55
264200	0.55	0.45	0.45	0	0	0.55
264300	0.55	0.45	0.45	0	0	0.55
264400	0.55	0.45	0.45	0	0	0.55
264500	0.55	0.45	0.45	0	0	0.55
264600	0.55	0.45	0.45	0	0	0.55
264700	0.55	0.45	0.45	0	0	0.55
264800	0.55	0.45	0.45	0	0	0.55
264900	0.55	0.45	0.45	0	0	0.55
265000	0.55	0.45	0.45	0	0	0.55
265100	0.55	0.45	0.45	0	0	0.55
265200	0.55	0.45	0.45	0	0	0.55
265300	0.55	0.45	0.45	0	0	0.55
265400	0.55	0.45	0.45	0	0	0.55
265500	0.55	0.45	0.45	0	0	0.55
265600	0.55	0.45	0.45	0	0	0.55
265700	0.55	0.45	0.45	0	0	0.55
265800	0.55	0.45	0.45	0	0	0.55
265900	0.55	0.45	0.45	0	0	0.55
266000	0.55	0.44	0.44	0	0	0.55
266100	0.55	0.44	0.44	0	0	0.55
266200	0.55	0.44	0.44	0	0	0.55
266300	0.55	0.44	0.44	0	0	0.55
266400	0.55	0.44	0.44	0	0	0.55
266500	0.55	0.44	0.44	0	0	0.55
266600	0.55	0.44	0.44	0	0	0.55
266700	0.55	0.44	0.44	0	0	0.55
266800	0.55	0.44	0.44	0	0	0.55
266900	0.55	0.44	0.44	0	0	0.55
267000	0.55	0.44	0.44	0	0	0.55
267100	0.55	0.45	0.45	0	0	0.55
267200	0.55	0.44	0.44	0	0	0.55
267300	0.55	0.44	0.44	0	0	0.55
267400	0.55	0.44	0.44	0	0	0.55
267500	0.55	0.44	0.44	0	0	0.55
267600	0.55	0.44	0.44	0	0	0.55
267700	0.55	0.44	0.44	0	0	0.55
267800	0.55	0.44	0.44	0	0	0.55
267900	0.55	0.44	0.44	0	0	0.55
268000	0.55	0.44	0.44	0	0	0.55
268100	0.55	0.44	0.44	0	0	0.55
268200	0.55	0.44	0.44	0	0	0.55
268300	0.55	0.44	0.44	0	0	0.55
268400	0.55	0.44	0.44	0	0	0.55
268500	0.55	0.44	0.44	0	0	0.55
268600	0.55	0.44	0.44	0	0	0.55
268700	0.55	0.44	0.44	0	0	0.55
268800	0.55	0.44	0.44	0	0	0.55
268900	0.55	0.44	0.44	0	0	0.55
269000	0.55	0.44	0.44	0	0	0.55
269100	0.55	0.44	0.44	0	0	0.55
269200	0.55	0.44	0.44	0	0	0.55
269300	0.55	0.44	0.44	0	0	0.55
269400	0.55	0.44	0.44	0	0	0.55
269500	0.55	0.44	0.44	0	0	0.55
269600	0.55	0.44	0.44	0	0	0.55
269700	0.55	0.44	0.44	0	0	0.55
269800	0.55	0.44	0.44	0	0	0.55
269900	0.55	0.44	0.44	0	0	0.55
270000	0.55	0.44	0.44	0	0	0.55
270100	0.55	0.44	0.44	0	0	0.55
270200	0.55	0.44	0.44	0	0	0.55
270300	0.55	0.44	0.44	0	0	0.55
270400	0.55	0.44	0.44	0	0	0.55
270500	0.55	0.44	0.44	0	0	0.55
270600	0.55	0.44	0.44	0	0	0.55
270700	0.55	0.44	0.44	0	0	0.55
270800	0.55	0.44	0.44	0	0	0.55
270900	0.55	0.44	0.44	0	0	0.55
271000	0.55	0.44	0.44	0	0	0.55
271100	0.55	0.44	0.44	0	0	0.55
271200	0.55	0.44	0.44	0	0	0.55
271300	0.55	0.44	0.44	0	0	0.55
271400	0.55	0.44	0.44	0	0	0.55
271500	0.55	0.44	0.44	0	0	0.55
271600	0.55	0.44	0.44	0	0	0.55
271700	0.55	0.44	0.44	0	0	0.55
271800	0.55	0.44	0.44	0	0	0.55
271900	0.55	0.44	0.44	0	0	0.55
272000	0.55	0.44	0.44	0	0	0.55
272100	0.55	0.44	0.44	0	0	0.55
272200	0.55	0.44	0.44	0	0	0.55
272300	0.55	0.44	0.44	0	0	0.55
272400	0.55	0.44	0.44	0	0	0.55
272500	0.55	0.44	0.44	0	0	0.55
272600	0.55	0.44	0.44	0	0	0.55
272700	0.55	0.44	0.44	0	0	0.55
272800	0.55	0.44	0.44	0	0	0.55
272900	0.55	0.44	0.44	0	0	0.55
273000	0.55	0.44	0.44	0	0	0.55
273100	0.55	0.44	0.44	0	0	0.55
273200	0.55	0.44	0.44	0	0	0.55
273300	0.55	0.44	0.44	0	0	0.55
273400	0.55	0.44	0.44	0	0	0.55
273500	0.55	0.44	0.44	0	0	0.55
273600	0.55	0.44	0.44	0	0	0.55
273700	0.55	0.44	0.44	0	0	0.55
273800	0.55	0.44	0.44	0	0	0.55
273900	0.55	0.44	0.44	0	0	0.55
274000	0.55	0.44	0.44	0	0	0.55
274100	0.55	0.44	0.44	0	0	0.55
274200	0.55	0.44	0.44	0	0	0.55
274300	0.55	0.44	0.44	0	0	0.55
274400	0.55	0.44	0.44	0	0	0.55
274500	0.55	0.44	0.44	0	0	0.55
274600	0.55	0.44	0.44	0	0	0.55
274700	0.55	0.44	0.44	0	0	0.55
274800	0.55	0.44	0.44	0	0	0.55
274900	0.55	0.44	0.44	0	0	0.55
275000	0.55	0.44	0.44	0	0	0.55
275100	0.55	0.44	0.44	0	0	0.55
275200	0.55	0.44	0.44	0	0	0.55
275300	0.55	0.44	0.44	0	0	0.55
275400	0.55	0.44	0.44	0	0	0.55
275500	0.55	0.44	0.44	0	0	0.55
275600	0.55	0.44	0.44	0	0	0.55
275700	0.55	0.44	0.44	0	0	0.55
275800	0.55	0.44	0.44	0	0	0.55
275900	0.55	0.44	0.44	0	0	0.55
276000	0.55	0.44	0.44	0	0	0.55
276100	0.55	0.45	0.45	0	0	0.55
276200	0.55	0.45	0.45	0	0	0.55
276300	0.55	0.45	0.45	0	0	0.55
276400	0.55	0.45	0.45	0	0	0.55
276500	0.55	0.45	0.45	0	0	0.55
276600	0.55	0.44	0.44	0	0	0.55
276700	0.55	0.44	0.44	0	0	0.55
276800	0.55	0.44	0.44	0	0	0.55
276900	0.55	0.44	0.44	0	0	0.55
277000	0.55	0.44	0.44	0	0	0.55
277100	0.55	0.44	0.44	0	0	0.55
277200	0.55	0.44	0.44	0	0	0.55
277300	0.55	0.44	0.44	0	0	0.55
277400	0.55	0.44	0.44	0	0	0.55
277500	0.55	0.44	0.44	0	0	0.55
277600	0.55	0.44	0.44	0	0	0.55
277700	0.55	0.44	0.44	0	0	0.55
277800	0.55	0.44	0.44	0	0	0.55
277900	0.55	0.44	0.44	0	0	0.55
278000	0.55	0.44	0.44	0	0	0.55
278100	0.55	0.44	0.44	0	0	0.55
278200	0.55	0.44	0.44	0	0	0.55
278300	0.55	0.44	0.44	0	0	0.55
278400	0.55	0.44	0.44	0	0	0.55
278500	0.55	0.44	0.44	0	0	0.55
278600	0.55	0.44	0.44	0	0	0.55
278700	0.55	0.44	0.44	0	0	0.55
278800	0.55	0.44	0.44	0	0	0.55
278900	0.55	0.45	0.45	0	0	0.55
279000	0.55	0.45	0.45	0	0	0.55
279100	0.55	0.45	0.45	0	0	0.55
279200	0.55	0.45	0.45	0	0	0.55
279300	0.55	0.45	0.45	0	0	0.55
279400	0.55	0.45	0.45	0	0	0.55
279500	0.55	0.45	0.45	0	0	0.55
279600	0.55	0.45	0.45	0	0	0.55
279700	0.55	0.45	0.45	0	0	0.55
279800	0.55	0.45	0.45	0	0	0.55
279900	0.55	0.45	0.45	0	0	0.55
280000	0.55	0.45	0.45	0	0	0.55
280100	0.55	0.45	0.45	0	0	0.55
280200	0.55	0.45	0.45	0	0	0.55
280300	0.55	0.45	0.45	0	0	0.55
280400	0.55	0.45	0.45	0	0	0.55
280500	0.55	0.45	0.45	0	0	0.55
280600	0.55	0.45	0.45	0	0	0.55
280700	0.55	0.45	0.45	0	0	0.55
280800	0.55	0.45	0.45	0	0	0.55
280900	0.55	0.45	0.45	0	0	0.55
281000	0.55	0.45	0.45	0	0	0.55
281100	0.55	0.45	0.45	0	0	0.55
281200	0.55	0.45	0.45	0	0	0.55
281300	0.55	0.45	0.45	0	0	0.55
281400	0.55	0.45	0.45	0	0	0.55
281500	0.55	0.45	0.45	0	0	0.55
281600	0.55	0.45	0.45	0	0	0.55
281700	0.55	0.45	0.45	0	0	0.55
281800	0.55	0.45	0.45	0	0	0.55
281900	0.55	0.45	0.45	0	0	0.55
282000	0.55	0.45	0.45	0	0	0.55
282100	0.55	0.45	0.45	0	0	0.55
282200	0.55	0.45	0.45	0	0	0.55
282300	0.55	0.45	0.45	0	0	0.55
282400	0.55	0.45	0.45	0	0	0.55
282500	0.55	0.45	0.45	0	0	0.55
282600	0.55	0.45	0.45	0	0	0.55
282700	0.55	0.45	0.45	0	0	0.55
282800	0.55	0.45	0.45	0	0	0.55
282900	0.55	0.45	0.45	0	0	0.55
283000	0.55	0.45	0.45	0	0	0.55
283100	0.55	0.45	0.45	0	0	0.55
283200	0.55	0.45	0.45	0	0	0.55
283300	0.55	0.45	0.45	0	0	0.55
283400	0.55	0.45	0.45	0	0	0.55
283500	0.55	0.45	0.45	0	0	0.55
283600	0.55	0.45	0.45	0	0	0.55
283700	0.55	0.45	0.45	0	0	0.55
283800	0.55	0.45	0.45	0	0	0.55
283900	0.55	0.45	0.45	0	0	0.55
284000	0.55	0.45	0.45	0	0	0.55
284100	0.55	0.45	0.45	0	0	0.55
284200	0.55	0.45	0.45	0	0	0.55
284300	0.55	0.45	0.45	0	0	0.55
284400	0.55	0.45	0.45	0	0	0.55
284500	0.55	0.45	0.45	0	0	0.55
284600	0.55	0.45	0.45	0	0	0.55
284700	0.55	0.45	0.45	0	0	0.55
284800	0.55	0.45	0.45	0	0	0.55
284900	0.55	0.45	0.45	0	0	0.55
285000	0.55	0.45	0.45	0	0	0.55
285100	0.55	0.45	0.45	0	0	0.55
285200	0.55	0.45	0.45	0	0	0.55
285300	0.55	0.45	0.45	0	0	0.55
285400	0.55	0.45	0.45	0	0	0.55
285500	0.55	0.45	0.45	0	0	0.55
285600	0.55	0.45	0.45	0	0	0.55
285700	0.55	0.45	0.45	0	0	0.55
285800	0.55	0.45	0.45	0	0	0.55
285900	0.55	0.45	0.45	0	0	0.55
286000	0.55	0.45	0.45	0	0	0.55
286100	0.55	0.45	0.45	0	0	0.55
286200	0.55	0.45	0.45	0	0	0.55
286300	0.54	0.45	0.45	0	0	0.54
286400	0.54	0.45	0.45	0	0	0.54
286500	0.54	0.45	0.45	0	0	0.54
286600	0.54	0.45	0.45	0	0	0.54
286700	0.54	0.45	0.45	0	0	0.54
286800	0.54	0.45	0.45	0	0	0.54
286900	0.54	0.45	0.45	0	0	0.54
287000	0.54	0.45	0.45	0	0	0.54
287100	0.54	0.44	0.44	0	0	0.54
287200	0.54	0.44	0.44	0	0	0.54
287300	0.54	0.44	0.44	0	0	0.54
287400	0.54	0.44	0.44	0	0	0.54
287500	0.54	0.44	0.44	0	0	0.54
287600	0.54	0.44	0.44	0	0	0.54
287700	0.54	0.44	0.44	0	0	0.54
287800	0.54	0.44	0.44	0	0	0.54
287900	0.54	0.44	0.44	0	0	0.54
288000	0.54	0.44	0.44	0	0	0.54
288100	0.54	0.44	0.44	0	0	0.54
288200	0.54	0.44	0.44	0	0	0.54
288300	0.54	0.44	0.44	0	0	0.54
288400	0.54	0.44	0.44	0	0	0.54
288500	0.54	0.44	0.44	0	0	0.54
288600	0.54	0.44	0.44	0	0	0.54
288700	0.54	0.44	0.44	0	0	0.54
288800	0.54	0.44	0.44	0	0	0.54
288900	0.54	0.45	0.45	0	0	0.54
289000	0.54	0.45	0.45	0	0	0.54
289100	0.54	0.45	0.45	0	0	0.54
289200	0.54	0.45	0.45	0	0	0.54
289300	0.54	0.45	0.45	0	0	0.54
289400	0.54	0.45	0.45	0	0	0.54
289500	0.54	0.45	0.45	0	0	0.54
289600	0.54	0.45	0.45	0	0	0.54
289700	0.54	0.45	0.45	0	0	0.54
289800	0.54	0.45	0.45	0	0	0.54
289900	0.54	0.45	0.45	0	0	0.54
290000	0.54	0.45	0.45	0	0	0.54
290100	0.54	0.45	0.45	0	0	0.54
290200	0.54	0.45	0.45	0	0	0.54
290300	0.54	0.45	0.45	0	0	0.54
290400	0.54	0.45	0.45	0	0	0.54
290500	0.54	0.45	0.45	0	0	0.54
290600	0.54	0.45	0.45	0	0	0.54
290700	0.54	0.45	0.45	0	0	0.54
290800	0.54	0.45	0.45	0	0	0.54
290900	0.54	0.45	0.45	0	0	0.54
291000	0.54	0.45	0.45	0	0	0.54
291100	0.54	0.45	0.45	0	0	0.54
291200	0.54	0.45	0.45	0	0	0.54
291300	0.54	0.45	0.45	0	0	0.54
291400	0.54	0.45	0.45	0	0	0.54
291500	0.54	0.45	0.45	0	0	0.54
291600	0.54	0.45	0.45	0	0	0.54
291700	0.54	0.45	0.45	0	0	0.54
291800	0.54	0.45	0.45	0	0	0.54
291900	0.54	0.45	0.45	0	0	0.54
292000	0.54	0.45	0.45	0	0	0.54
292100	0.54	0.45	0.45	0	0	0.54
292200	0.54	0.45	0.45	0	0	0.54
292300	0.54	0.45	0.45	0	0	0.54
292400	0.54	0.45	0.45	0	0	0.54
292500	0.54	0.45	0.45	0	0	0.54
292600	0.54	0.45	0.45	0	0	0.54
292700	0.54	0.45	0.45	0	0	0.54
292800	0.54	0.45	0.45	0	0	0.54
292900	0.54	0.45	0.45	0	0	0.54
293000	0.54	0.45	0.45	0	0	0.54
293100	0.54	0.45	0.45	0	0	0.54
293200	0.54	0.45	0.45	0	0	0.54
293300	0.54	0.45	0.45	0	0	0.54
293400	0.54	0.45	0.45	0	0	0.54
293500	0.54	0.45	0.45	0	0	0.54
293600	0.54	0.45	0.45	0	0	0.54
293700	0.54	0.45	0.45	0	0	0.54
293800	0.54	0.45	0.45	0	0	0.54
293900	0.54	0.45	0.45	0	0	0.54
294000	0.53	0.45	0.45	0	0	0.53
294100	0.53	0.45	0.45	0	0	0.53
294200	0.53	0.45	0.45	0	0	0.53
294300	0.53	0.45	0.45	0	0	0.53
294400	0.53	0.45	0.45	0	0	0.53
294500	0.53	0.45	0.45	0	0	0.53
294600	0.53	0.45	0.45	0	0	0.53
294700	0.53	0.45	0.45	0	0	0.53
294800	0.53	0.45	0.45	0	0	0.53
294900	0.53	0.45	0.45	0	0	0.53
295000	0.53	0.45	0.45	0	0	0.53
295100	0.53	0.45	0.45	0	0	0.53
295200	0.53	0.45	0.45	0	0	0.53
295300	0.53	0.45	0.45	0	0	0.53
295400	0.53	0.45	0.45	0	0	0.53
295500	0.53	0.45	0.45	0	0	0.53
295600	0.53	0.45	0.45	0	0	0.53
295700	0.53	0.45	0.45	0	0	0.53
295800	0.53	0.45	0.45	0	0	0.53
295900	0.53	0.45	0.45	0	0	0.53
296000	0.53	0.45	0.45	0	0	0.53
296100	0.53	0.45	0.45	0	0	0.53
296200	0.53	0.45	0.45	0	0	0.53
296300	0.53	0.45	0.45	0	0	0.53
296400	0.53	0.45	0.45	0	0	0.53
296500	0.53	0.45	0.45	0	0	0.53
296600	0.53	0.45	0.45	0	0	0.53
296700	0.53	0.45	0.45	0	0	0.53
296800	0.53	0.45	0.45	0	0	0.53
296900	0.53	0.45	0.45	0	0	0.53
297000	0.53	0.45	0.45	0	0	0.53
297100	0.53	0.45	0.45	0	0	0.53
297200	0.53	0.45	0.45	0	0	0.53
297300	0.53	0.45	0.45	0	0	0.53
297400	0.53	0.45	0.45	0	0	0.53
297500	0.53	0.45	0.45	0	0	0.53
297600	0.53	0.45	0.45	0	0	0.53
297700	0.53	0.45	0.45	0	0	0.53
297800	0.53	0.45	0.45	0	0	0.53
297900	0.53	0.45	0.45	0	0	0.53
298000	0.53	0.45	0.45	0	0	0.53
298100	0.53	0.45	0.45	0	0	0.53
298200	0.53	0.45	0.45	0	0	0.53
298300	0.53	0.45	0.45	0	0	0.53
298400	0.53	0.45	0.45	0	0	0.53
298500	0.53	0.45	0.45	0	0	0.53
298600	0.52	0.45	0.45	0	0	0.52
298700	0.52	0.45	0.45	0	0	0.52
298800	0.52	0.45	0.45	0	0	0.52
298900	0.52	0.45	0.45	0	0	0.52
299000	0.52	0.45	0.45	0	0	0.52
299100	0.52	0.45	0.45	0	0	0.52
299200	0.52	0.45	0.45	0	0	0.52
299300	0.52	0.45	0.45	0	0	0.52
299400	0.52	0.45	0.45	0	0	0.52
299500	0.52	0.45	0.45	0	0	0.52
299600	0.52	0.45	0.45	0	0	0.52
299700	0.52	0.45	0.45	0	0	0.52
299800	0.52	0.45	0.45	0	0	0.52
299900	0.52	0.45	0.45	0	0	0.52
300000	0.52	0.45	0.45	0	0	0.52
