100	0.07	0.07	0.07	0	0	0.07
200	0.09	0.08	0.08	0	0	0.09
300	0.07	0.07	0.07	0	0	0.07
400	0.08	0.07	0.07	0	0	0.08
500	0.08	0.08	0.08	0	0	0.08
600	0.06	0.08	0.08	0	0	0.06
700	0.04	0.08	0.08	0	0	0.04
800	0.04	0.08	0.08	0	0	0.04
900	0.05	0.08	0.08	0	0	0.05
1000	0.05	0.06	0.06	0	0	0.05
1100	0.03	0.08	0.08	0	0	0.03
1200	0.04	0.08	0.08	0	0	0.04
1300	0.04	0.07	0.07	0	0	0.04
1400	0.03	0.06	0.06	0	0	0.03
1500	0.03	0.07	0.07	0	0	0.03
1600	0.03	0.07	0.07	0	0	0.03
1700	0.02	0.07	0.07	0	0	0.02
1800	0.04	0.06	0.06	0	0	0.04
1900	0.04	0.06	0.06	0	0	0.04
2000	0.01	0.07	0.07	0	0	0.01
2100	0.01	0.08	0.08	0	0	0.01
2200	0.03	0.09	0.09	0	0	0.03
2300	0.04	0.09	0.09	0	0	0.04
2400	0.03	0.09	0.09	0	0	0.03
2500	0.04	0.1	0.1	0	0	0.04
2600	0.04	0.11	0.11	0	0	0.04
2700	0.03	0.08	0.08	0	0	0.03
2800	0.03	0.09	0.09	0	0	0.03
2900	0.03	0.1	0.1	0	0	0.03
3000	0.03	0.11	0.11	0	0	0.03
3100	0	0.11	0.11	0	0	0
3200	0.01	0.11	0.11	0	0	0.01
3300	0.03	0.11	0.11	0	0	0.03
3400	0.03	0.12	0.12	0	0	0.03
3500	0.03	0.12	0.12	0	0	0.03
3600	0.03	0.11	0.11	0	0	0.03
3700	0.02	0.11	0.11	0	0	0.02
3800	0.03	0.13	0.13	0	0	0.03
3900	0.02	0.12	0.12	0	0	0.02
4000	0.02	0.12	0.12	0	0	0.02
4100	0.01	0.12	0.12	0	0	0.01
4200	0.02	0.11	0.11	0	0	0.02
4300	0.02	0.11	0.11	0	0	0.02
4400	0.01	0.13	0.13	0	0	0.01
4500	0.01	0.13	0.13	0	0	0.01
4600	0.01	0.13	0.13	0	0	0.01
4700	0.03	0.14	0.14	0	0	0.03
4800	0.02	0.14	0.14	0	0	0.02
4900	0.04	0.14	0.14	0	0	0.04
5000	0.06	0.15	0.15	0	0	0.06
5100	0.06	0.15	0.15	0	0	0.06
5200	0.06	0.16	0.16	0	0	0.06
5300	0.04	0.17	0.17	0	0	0.04
5400	0.04	0.17	0.17	0	0	0.04
5500	0.04	0.16	0.16	0	0	0.04
5600	0.01	0.17	0.17	0	0	0.01
5700	0.03	0.16	0.16	0	0	0.03
5800	0.03	0.17	0.17	0	0	0.03
5900	0.03	0.14	0.14	0	0	0.03
6000	0.05	0.14	0.14	0	0	0.05
6100	0.05	0.15	0.15	0	0	0.05
6200	0.04	0.15	0.15	0	0	0.04
6300	0.04	0.15	0.15	0	0	0.04
6400	0.05	0.15	0.15	0	0	0.05
6500	0.04	0.14	0.14	0	0	0.04
6600	0.03	0.15	0.15	0	0	0.03
6700	0.06	0.16	0.16	0	0	0.06
6800	0.06	0.18	0.18	0	0	0.06
6900	0.04	0.17	0.17	0	0	0.04
7000	0.02	0.17	0.17	0	0	0.02
7100	0.03	0.18	0.18	0	0	0.03
7200	0.04	0.18	0.18	0	0	0.04
7300	0.04	0.15	0.15	0	0	0.04
7400	0.04	0.14	0.14	0	0	0.04
7500	0.02	0.14	0.14	0	0	0.02
7600	0.02	0.14	0.14	0	0	0.02
7700	0.03	0.14	0.14	0	0	0.03
7800	0.01	0.14	0.14	0	0	0.01
7900	0.02	0.16	0.16	0	0	0.02
8000	0.01	0.17	0.17	0	0	0.01
8100	0.01	0.16	0.16	0	0	0.01
8200	0	0.17	0.17	0	0	0
8300	0	0.16	0.16	0	0	0
8400	0.01	0.16	0.16	0	0	0.01
8500	0.03	0.16	0.16	0	0	0.03
8600	0.06	0.17	0.17	0	0	0.06
8700	0.07	0.16	0.16	0	0	0.07
8800	0.06	0.16	0.16	0	0	0.06
8900	0.05	0.17	0.17	0	0	0.05
9000	0.05	0.17	0.17	0	0	0.05
9100	0.03	0.17	0.17	0	0	0.03
9200	0.04	0.17	0.17	0	0	0.04
9300	0.06	0.18	0.18	0	0	0.06
9400	0.06	0.19	0.19	0	0	0.06
9500	0.03	0.19	0.19	0	0	0.03
9600	0.02	0.18	0.18	0	0	0.02
9700	0	0.19	0.19	0	0	0
9800	0.01	0.2	0.2	0	0	0.01
9900	0.03	0.2	0.2	0	0	0.03
10000	0.03	0.2	0.2	0	0	0.03
10100	0.02	0.2	0.2	0	0	0.02
10200	0	0.21	0.21	0	0	0
10300	0.01	0.21	0.21	0	0	0.01
10400	0.03	0.2	0.2	0	0	0.03
10500	0.03	0.21	0.21	0	0	0.03
10600	0.07	0.22	0.22	0	0	0.07
10700	0.07	0.21	0.21	0	0	0.07
10800	0.07	0.21	0.21	0	0	0.07
10900	0.06	0.21	0.21	0	0	0.06
11000	0.06	0.21	0.21	0	0	0.06
11100	0.07	0.21	0.21	0	0	0.07
11200	0.06	0.2	0.2	0	0	0.06
11300	0.05	0.2	0.2	0	0	0.05
11400	0.04	0.21	0.21	0	0	0.04
11500	0.02	0.23	0.23	0	0	0.02
11600	0.03	0.23	0.23	0	0	0.03
11700	0.02	0.23	0.23	0	0	0.02
11800	0.04	0.23	0.23	0	0	0.04
11900	0.04	0.23	0.23	0	0	0.04
12000	0.05	0.23	0.23	0	0	0.05
12100	0.05	0.21	0.21	0	0	0.05
12200	0.05	0.21	0.21	0	0	0.05
12300	0.05	0.21	0.21	0	0	0.05
12400	0.01	0.21	0.21	0	0	0.01
12500	0	0.21	0.21	0	0	0
12600	0.01	0.21	0.21	0	0	0.01
12700	0	0.22	0.22	0	0	0
12800	0.01	0.22	0.22	0	0	0.01
12900	0.03	0.22	0.22	0	0	0.03
13000	0.04	0.22	0.22	0	0	0.04
13100	0.06	0.22	0.22	0	0	0.06
13200	0.03	0.22	0.22	0	0	0.03
13300	0.03	0.21	0.21	0	0	0.03
13400	0.04	0.22	0.22	0	0	0.04
13500	0.02	0.23	0.23	0	0	0.02
13600	0.01	0.23	0.23	0	0	0.01
13700	0.02	0.23	0.23	0	0	0.02
13800	0.03	0.25	0.25	0	0	0.03
13900	0.02	0.25	0.25	0	0	0.02
14000	0.01	0.25	0.25	0	0	0.01
14100	0.01	0.26	0.26	0	0	0.01
14200	0.01	0.26	0.26	0	0	0.01
14300	0	0.26	0.26	0	0	0
14400	0	0.26	0.26	0	0	0
14500	0.01	0.25	0.25	0	0	0.01
14600	0.02	0.25	0.25	0	0	0.02
14700	0.03	0.24	0.24	0	0	0.03
14800	0.04	0.25	0.25	0	0	0.04
14900	0.03	0.25	0.25	0	0	0.03
15000	0.03	0.25	0.25	0	0	0.03
15100	0.03	0.25	0.25	0	0	0.03
15200	0.02	0.24	0.24	0	0	0.02
15300	0.01	0.24	0.24	0	0	0.01
15400	0	0.24	0.24	0	0	0
15500	0	0.24	0.24	0	0	0
15600	0	0.24	0.24	0	0	0
15700	0.01	0.26	0.26	0	0	0.01
15800	0.02	0.27	0.27	0	0	0.02
15900	0.01	0.27	0.27	0	0	0.01
16000	0.04	0.26	0.26	0	0	0.04
16100	0.04	0.26	0.26	0	0	0.04
16200	0.04	0.26	0.26	0	0	0.04
16300	0.03	0.27	0.27	0	0	0.03
16400	0.02	0.27	0.27	0	0	0.02
16500	0.01	0.27	0.27	0	0	0.01
16600	0	0.27	0.27	0	0	0
16700	0.02	0.27	0.27	0	0	0.02
16800	0.02	0.27	0.27	0	0	0.02
16900	0.02	0.27	0.27	0	0	0.02
17000	0.02	0.27	0.27	0	0	0.02
17100	0.02	0.28	0.28	0	0	0.02
17200	0.02	0.28	0.28	0	0	0.02
17300	0.02	0.29	0.29	0	0	0.02
17400	0.01	0.28	0.28	0	0	0.01
17500	0.02	0.28	0.28	0	0	0.02
17600	0.01	0.28	0.28	0	0	0.01
17700	0	0.29	0.29	0	0	0
17800	0	0.3	0.3	0	0	0
17900	0	0.3	0.3	0	0	0
18000	0	0.3	0.3	0	0	0
18100	0.01	0.3	0.3	0	0	0.01
18200	0.01	0.3	0.3	0	0	0.01
18300	0.01	0.32	0.32	0	0	0.01
18400	0.02	0.32	0.32	0	0	0.02
18500	0.02	0.32	0.32	0	0	0.02
18600	0.01	0.32	0.32	0	0	0.01
18700	0.01	0.32	0.32	0	0	0.01
18800	0.04	0.32	0.32	0	0	0.04
18900	0.04	0.32	0.32	0	0	0.04
19000	0.03	0.32	0.32	0	0	0.03
19100	0.02	0.32	0.32	0	0	0.02
19200	0.02	0.33	0.33	0	0	0.02
19300	0.01	0.33	0.33	0	0	0.01
19400	0.01	0.33	0.33	0	0	0.01
19500	0.02	0.33	0.33	0	0	0.02
19600	0.01	0.33	0.33	0	0	0.01
19700	0	0.33	0.33	0	0	0
19800	0.01	0.32	0.32	0	0	0.01
19900	0.01	0.32	0.32	0	0	0.01
20000	0.02	0.32	0.32	0	0	0.02
20100	0.01	0.32	0.32	0	0	0.01
20200	0.01	0.33	0.33	0	0	0.01
20300	0.01	0.33	0.33	0	0	0.01
20400	0.01	0.33	0.33	0	0	0.01
20500	0.02	0.32	0.32	0	0	0.02
20600	0.03	0.32	0.32	0	0	0.03
20700	0.02	0.32	0.32	0	0	0.02
20800	0.03	0.32	0.32	0	0	0.03
20900	0.03	0.32	0.32	0	0	0.03
21000	0.04	0.32	0.32	0	0	0.04
21100	0.05	0.32	0.32	0	0	0.05
21200	0.04	0.32	0.32	0	0	0.04
21300	0.03	0.32	0.32	0	0	0.03
21400	0.03	0.32	0.32	0	0	0.03
21500	0.01	0.33	0.33	0	0	0.01
21600	0.01	0.33	0.33	0	0	0.01
21700	0.01	0.33	0.33	0	0	0.01
21800	0.02	0.33	0.33	0	0	0.02
21900	0.02	0.32	0.32	0	0	0.02
22000	0.02	0.33	0.33	0	0	0.02
22100	0.02	0.33	0.33	0	0	0.02
22200	0.03	0.34	0.34	0	0	0.03
22300	0.02	0.34	0.34	0	0	0.02
22400	0.04	0.34	0.34	0	0	0.04
22500	0.06	0.34	0.34	0	0	0.06
22600	0.02	0.34	0.34	0	0	0.02
22700	0.03	0.36	0.36	0	0	0.03
22800	0.03	0.36	0.36	0	0	0.03
22900	0.05	0.36	0.36	0	0	0.05
23000	0.06	0.36	0.36	0	0	0.06
23100	0.06	0.36	0.36	0	0	0.06
23200	0.03	0.36	0.36	0	0	0.03
23300	0.04	0.36	0.36	0	0	0.04
23400	0.03	0.36	0.36	0	0	0.03
23500	0.02	0.37	0.37	0	0	0.02
23600	0.03	0.37	0.37	0	0	0.03
23700	0.03	0.37	0.37	0	0	0.03
23800	0.02	0.37	0.37	0	0	0.02
23900	0.02	0.37	0.37	0	0	0.02
24000	0.04	0.37	0.37	0	0	0.04
24100	0.04	0.38	0.38	0	0	0.04
24200	0.03	0.38	0.38	0	0	0.03
24300	0	0.38	0.38	0	0	0
24400	0	0.38	0.38	0	0	0
24500	0.01	0.38	0.38	0	0	0.01
24600	0.02	0.38	0.38	0	0	0.02
24700	0.02	0.4	0.4	0	0	0.02
24800	0.02	0.4	0.4	0	0	0.02
24900	0.03	0.4	0.4	0	0	0.03
25000	0.04	0.4	0.4	0	0	0.04
25100	0.04	0.4	0.4	0	0	0.04
25200	0.03	0.4	0.4	0	0	0.03
25300	0.02	0.4	0.4	0	0	0.02
25400	0.03	0.4	0.4	0	0	0.03
25500	0.06	0.4	0.4	0	0	0.06
25600	0.05	0.4	0.4	0	0	0.05
25700	0.05	0.4	0.4	0	0	0.05
25800	0.05	0.41	0.41	0	0	0.05
25900	0.06	0.41	0.41	0	0	0.06
26000	0.04	0.41	0.41	0	0	0.04
26100	0.04	0.41	0.41	0	0	0.04
26200	0.02	0.4	0.4	0	0	0.02
26300	0.02	0.4	0.4	0	0	0.02
26400	0	0.4	0.4	0	0	0
26500	0	0.4	0.4	0	0	0
26600	0.01	0.41	0.41	0	0	0.01
26700	0.01	0.4	0.4	0	0	0.01
26800	0.02	0.4	0.4	0	0	0.02
26900	0.01	0.4	0.4	0	0	0.01
27000	0.02	0.4	0.4	0	0	0.02
27100	0.05	0.4	0.4	0	0	0.05
27200	0.06	0.4	0.4	0	0	0.06
27300	0.06	0.4	0.4	0	0	0.06
27400	0.03	0.4	0.4	0	0	0.03
27500	0.04	0.4	0.4	0	0	0.04
27600	0.04	0.4	0.4	0	0	0.04
27700	0.03	0.4	0.4	0	0	0.03
27800	0.02	0.4	0.4	0	0	0.02
27900	0.02	0.4	0.4	0	0	0.02
28000	0.02	0.4	0.4	0	0	0.02
28100	0.01	0.4	0.4	0	0	0.01
28200	0.03	0.4	0.4	0	0	0.03
28300	0.03	0.4	0.4	0	0	0.03
28400	0.03	0.41	0.41	0	0	0.03
28500	0.04	0.41	0.41	0	0	0.04
28600	0.04	0.41	0.41	0	0	0.04
28700	0.04	0.41	0.41	0	0	0.04
28800	0.06	0.41	0.41	0	0	0.06
28900	0.06	0.41	0.41	0	0	0.06
29000	0.03	0.41	0.41	0	0	0.03
29100	0.01	0.41	0.41	0	0	0.01
29200	0.01	0.41	0.41	0	0	0.01
29300	0.04	0.41	0.41	0	0	0.04
29400	0.03	0.41	0.41	0	0	0.03
29500	0.02	0.41	0.41	0	0	0.02
29600	0.02	0.42	0.42	0	0	0.02
29700	0.02	0.42	0.42	0	0	0.02
29800	0.02	0.42	0.42	0	0	0.02
29900	0.02	0.41	0.41	0	0	0.02
30000	0.03	0.41	0.41	0	0	0.03
30100	0.03	0.41	0.41	0	0	0.03
30200	0.02	0.41	0.41	0	0	0.02
30300	0.03	0.41	0.41	0	0	0.03
30400	0.01	0.41	0.41	0	0	0.01
30500	0.02	0.41	0.41	0	0	0.02
30600	0.02	0.41	0.41	0	0	0.02
30700	0.03	0.42	0.42	0	0	0.03
30800	0.02	0.42	0.42	0	0	0.02
30900	0.02	0.43	0.43	0	0	0.02
31000	0.02	0.42	0.42	0	0	0.02
31100	0.01	0.43	0.43	0	0	0.01
31200	0.01	0.42	0.42	0	0	0.01
31300	0	0.43	0.43	0	0	0
31400	0.01	0.43	0.43	0	0	0.01
31500	0.01	0.43	0.43	0	0	0.01
31600	0.01	0.45	0.45	0	0	0.01
31700	0.03	0.44	0.44	0	0	0.03
31800	0.03	0.43	0.43	0	0	0.03
31900	0.03	0.43	0.43	0	0	0.03
32000	0.03	0.43	0.43	0	0	0.03
32100	0.04	0.43	0.43	0	0	0.04
32200	0.02	0.43	0.43	0	0	0.02
32300	0.02	0.43	0.43	0	0	0.02
32400	0.02	0.43	0.43	0	0	0.02
32500	0.02	0.43	0.43	0	0	0.02
32600	0.01	0.43	0.43	0	0	0.01
32700	0.01	0.43	0.43	0	0	0.01
32800	0.04	0.45	0.45	0	0	0.04
32900	0.04	0.45	0.45	0	0	0.04
33000	0.04	0.46	0.46	0	0	0.04
33100	0.02	0.47	0.47	0	0	0.02
33200	0.03	0.47	0.47	0	0	0.03
33300	0.02	0.46	0.46	0	0	0.02
33400	0.02	0.46	0.46	0	0	0.02
33500	0.03	0.45	0.45	0	0	0.03
33600	0.03	0.45	0.45	0	0	0.03
33700	0.03	0.45	0.45	0	0	0.03
33800	0.03	0.45	0.45	0	0	0.03
33900	0.03	0.45	0.45	0	0	0.03
34000	0.03	0.45	0.45	0	0	0.03
34100	0.01	0.45	0.45	0	0	0.01
34200	0	0.45	0.45	0	0	0
34300	0.01	0.45	0.45	0	0	0.01
34400	0.01	0.45	0.45	0	0	0.01
34500	0.01	0.45	0.45	0	0	0.01
34600	0	0.45	0.45	0	0	0
34700	0	0.46	0.46	0	0	0
34800	0	0.46	0.46	0	0	0
34900	0.02	0.47	0.47	0	0	0.02
35000	0.02	0.46	0.46	0	0	0.02
35100	0.01	0.46	0.46	0	0	0.01
35200	0.02	0.46	0.46	0	0	0.02
35300	0.03	0.46	0.46	0	0	0.03
35400	0.03	0.46	0.46	0	0	0.03
35500	0.03	0.45	0.45	0	0	0.03
35600	0.05	0.45	0.45	0	0	0.05
35700	0.05	0.45	0.45	0	0	0.05
35800	0.03	0.45	0.45	0	0	0.03
35900	0.02	0.45	0.45	0	0	0.02
36000	0.04	0.45	0.45	0	0	0.04
36100	0.05	0.46	0.46	0	0	0.05
36200	0.04	0.45	0.45	0	0	0.04
36300	0.05	0.45	0.45	0	0	0.05
36400	0.05	0.46	0.46	0	0	0.05
36500	0.05	0.46	0.46	0	0	0.05
36600	0.03	0.46	0.46	0	0	0.03
36700	0.01	0.46	0.46	0	0	0.01
36800	0.01	0.46	0.46	0	0	0.01
36900	0	0.46	0.46	0	0	0
37000	0	0.45	0.45	0	0	0
37100	0	0.45	0.45	0	0	0
37200	0.02	0.45	0.45	0	0	0.02
37300	0.02	0.45	0.45	0	0	0.02
37400	0.03	0.45	0.45	0	0	0.03
37500	0.04	0.45	0.45	0	0	0.04
37600	0.04	0.45	0.45	0	0	0.04
37700	0.03	0.46	0.46	0	0	0.03
37800	0.01	0.45	0.45	0	0	0.01
37900	0	0.46	0.46	0	0	0
38000	0	0.46	0.46	0	0	0
38100	0.01	0.45	0.45	0	0	0.01
38200	0.02	0.45	0.45	0	0	0.02
38300	0.02	0.45	0.45	0	0	0.02
38400	0.03	0.45	0.45	0	0	0.03
38500	0.04	0.45	0.45	0	0	0.04
38600	0.03	0.45	0.45	0	0	0.03
38700	0.02	0.45	0.45	0	0	0.02
38800	0.03	0.45	0.45	0	0	0.03
38900	0.04	0.45	0.45	0	0	0.04
39000	0.04	0.46	0.46	0	0	0.04
39100	0.01	0.46	0.46	0	0	0.01
39200	0	0.46	0.46	0	0	0
39300	0.01	0.46	0.46	0	0	0.01
39400	0.01	0.46	0.46	0	0	0.01
39500	0.03	0.45	0.45	0	0	0.03
39600	0.03	0.45	0.45	0	0	0.03
39700	0.04	0.45	0.45	0	0	0.04
39800	0.03	0.45	0.45	0	0	0.03
39900	0.02	0.45	0.45	0	0	0.02
40000	0.03	0.45	0.45	0	0	0.03
40100	0.03	0.45	0.45	0	0	0.03
40200	0.03	0.45	0.45	0	0	0.03
40300	0.02	0.46	0.46	0	0	0.02
40400	0.02	0.46	0.46	0	0	0.02
40500	0.02	0.46	0.46	0	0	0.02
40600	0.02	0.46	0.46	0	0	0.02
40700	0.02	0.46	0.46	0	0	0.02
40800	0.01	0.46	0.46	0	0	0.01
40900	0.04	0.46	0.46	0	0	0.04
41000	0.03	0.46	0.46	0	0	0.03
41100	0.05	0.46	0.46	0	0	0.05
41200	0.03	0.46	0.46	0	0	0.03
41300	0.03	0.46	0.46	0	0	0.03
41400	0.03	0.46	0.46	0	0	0.03
41500	0.03	0.46	0.46	0	0	0.03
41600	0.04	0.46	0.46	0	0	0.04
41700	0.02	0.46	0.46	0	0	0.02
41800	0	0.46	0.46	0	0	0
41900	0.01	0.46	0.46	0	0	0.01
42000	0.02	0.46	0.46	0	0	0.02
42100	0.02	0.46	0.46	0	0	0.02
42200	0.03	0.46	0.46	0	0	0.03
42300	0.01	0.46	0.46	0	0	0.01
42400	0.01	0.46	0.46	0	0	0.01
42500	0.02	0.47	0.47	0	0	0.02
42600	0.02	0.47	0.47	0	0	0.02
42700	0.02	0.47	0.47	0	0	0.02
42800	0.02	0.47	0.47	0	0	0.02
42900	0.02	0.47	0.47	0	0	0.02
43000	0.01	0.47	0.47	0	0	0.01
43100	0.01	0.47	0.47	0	0	0.01
43200	0.01	0.47	0.47	0	0	0.01
43300	0.01	0.47	0.47	0	0	0.01
43400	0.01	0.47	0.47	0	0	0.01
43500	0.01	0.47	0.47	0	0	0.01
43600	0.01	0.47	0.47	0	0	0.01
43700	0.02	0.48	0.48	0	0	0.02
43800	0.03	0.48	0.48	0	0	0.03
43900	0.03	0.48	0.48	0	0	0.03
44000	0.03	0.47	0.47	0	0	0.03
44100	0.04	0.47	0.47	0	0	0.04
44200	0.02	0.48	0.48	0	0	0.02
44300	0.02	0.49	0.49	0	0	0.02
44400	0.02	0.48	0.48	0	0	0.02
44500	0.02	0.48	0.48	0	0	0.02
44600	0.02	0.48	0.48	0	0	0.02
44700	0.02	0.49	0.49	0	0	0.02
44800	0.01	0.5	0.5	0	0	0.01
44900	0.01	0.5	0.5	0	0	0.01
45000	0.03	0.5	0.5	0	0	0.03
45100	0.02	0.5	0.5	0	0	0.02
45200	0.02	0.5	0.5	0	0	0.02
45300	0.02	0.5	0.5	0	0	0.02
45400	0.03	0.5	0.5	0	0	0.03
45500	0.03	0.5	0.5	0	0	0.03
45600	0.03	0.5	0.5	0	0	0.03
45700	0.03	0.5	0.5	0	0	0.03
45800	0.03	0.5	0.5	0	0	0.03
45900	0.04	0.5	0.5	0	0	0.04
46000	0.03	0.5	0.5	0	0	0.03
46100	0.01	0.5	0.5	0	0	0.01
46200	0	0.51	0.51	0	0	0
46300	0.02	0.5	0.5	0	0	0.02
46400	0.02	0.51	0.51	0	0	0.02
46500	0.02	0.51	0.51	0	0	0.02
46600	0.02	0.51	0.51	0	0	0.02
46700	0.02	0.51	0.51	0	0	0.02
46800	0.01	0.51	0.51	0	0	0.01
46900	0.01	0.51	0.51	0	0	0.01
47000	0.02	0.51	0.51	0	0	0.02
47100	0.03	0.51	0.51	0	0	0.03
47200	0.03	0.51	0.51	0	0	0.03
47300	0.04	0.51	0.51	0	0	0.04
47400	0.04	0.51	0.51	0	0	0.04
47500	0.01	0.51	0.51	0	0	0.01
47600	0.02	0.51	0.51	0	0	0.02
47700	0.03	0.51	0.51	0	0	0.03
47800	0.04	0.51	0.51	0	0	0.04
47900	0.03	0.51	0.51	0	0	0.03
48000	0.02	0.51	0.51	0	0	0.02
48100	0.02	0.51	0.51	0	0	0.02
48200	0	0.51	0.51	0	0	0
48300	0	0.51	0.51	0	0	0
48400	0.01	0.51	0.51	0	0	0.01
48500	0.01	0.51	0.51	0	0	0.01
48600	0.01	0.51	0.51	0	0	0.01
48700	0.02	0.51	0.51	0	0	0.02
48800	0.02	0.51	0.51	0	0	0.02
48900	0.02	0.51	0.51	0	0	0.02
49000	0.02	0.51	0.51	0	0	0.02
49100	0.03	0.51	0.51	0	0	0.03
49200	0.03	0.51	0.51	0	0	0.03
49300	0.02	0.51	0.51	0	0	0.02
49400	0.01	0.51	0.51	0	0	0.01
49500	0.01	0.51	0.51	0	0	0.01
49600	0.03	0.51	0.51	0	0	0.03
49700	0.03	0.51	0.51	0	0	0.03
49800	0.03	0.51	0.51	0	0	0.03
49900	0.04	0.51	0.51	0	0	0.04
50000	0.04	0.51	0.51	0	0	0.04
50100	0.04	0.51	0.51	0	0	0.04
50200	0.02	0.51	0.51	0	0	0.02
50300	0	0.51	0.51	0	0	0
50400	0	0.51	0.51	0	0	0
50500	0	0.51	0.51	0	0	0
50600	0	0.51	0.51	0	0	0
50700	0	0.51	0.51	0	0	0
50800	0	0.51	0.51	0	0	0
50900	0.01	0.51	0.51	0	0	0.01
51000	0.01	0.51	0.51	0	0	0.01
51100	0.01	0.51	0.51	0	0	0.01
51200	0.01	0.51	0.51	0	0	0.01
51300	0.03	0.51	0.51	0	0	0.03
51400	0.02	0.51	0.51	0	0	0.02
51500	0.02	0.51	0.51	0	0	0.02
51600	0.03	0.51	0.51	0	0	0.03
51700	0.03	0.51	0.51	0	0	0.03
51800	0.01	0.51	0.51	0	0	0.01
51900	0	0.51	0.51	0	0	0
52000	0	0.51	0.51	0	0	0
52100	0	0.51	0.51	0	0	0
52200	0	0.51	0.51	0	0	0
52300	0.01	0.51	0.51	0	0	0.01
52400	0.01	0.51	0.51	0	0	0.01
52500	0.02	0.51	0.51	0	0	0.02
52600	0.04	0.51	0.51	0	0	0.04
52700	0.04	0.51	0.51	0	0	0.04
52800	0.02	0.51	0.51	0	0	0.02
52900	0.03	0.51	0.51	0	0	0.03
53000	0.03	0.51	0.51	0	0	0.03
53100	0.04	0.51	0.51	0	0	0.04
53200	0.03	0.51	0.51	0	0	0.03
53300	0.04	0.51	0.51	0	0	0.04
53400	0.04	0.51	0.51	0	0	0.04
53500	0.03	0.51	0.51	0	0	0.03
53600	0.04	0.51	0.51	0	0	0.04
53700	0.04	0.51	0.51	0	0	0.04
53800	0.02	0.51	0.51	0	0	0.02
53900	0.01	0.51	0.51	0	0	0.01
54000	0.01	0.51	0.51	0	0	0.01
54100	0.02	0.51	0.51	0	0	0.02
54200	0.02	0.51	0.51	0	0	0.02
54300	0.02	0.51	0.51	0	0	0.02
54400	0.01	0.51	0.51	0	0	0.01
54500	0.01	0.51	0.51	0	0	0.01
54600	0.01	0.51	0.51	0	0	0.01
54700	0.02	0.51	0.51	0	0	0.02
54800	0.02	0.51	0.51	0	0	0.02
54900	0.03	0.51	0.51	0	0	0.03
55000	0.04	0.51	0.51	0	0	0.04
55100	0.03	0.51	0.51	0	0	0.03
55200	0.04	0.51	0.51	0	0	0.04
55300	0.02	0.51	0.51	0	0	0.02
55400	0.03	0.51	0.51	0	0	0.03
55500	0.02	0.52	0.52	0	0	0.02
55600	0.01	0.52	0.52	0	0	0.01
55700	0.01	0.52	0.52	0	0	0.01
55800	0.02	0.52	0.52	0	0	0.02
55900	0.04	0.52	0.52	0	0	0.04
56000	0.04	0.51	0.51	0	0	0.04
56100	0.03	0.51	0.51	0	0	0.03
56200	0.02	0.51	0.51	0	0	0.02
56300	0.03	0.51	0.51	0	0	0.03
56400	0.02	0.51	0.51	0	0	0.02
56500	0.02	0.51	0.51	0	0	0.02
56600	0.01	0.51	0.51	0	0	0.01
56700	0.01	0.51	0.51	0	0	0.01
56800	0.01	0.51	0.51	0	0	0.01
56900	0.02	0.51	0.51	0	0	0.02
57000	0.01	0.51	0.51	0	0	0.01
57100	0.01	0.51	0.51	0	0	0.01
57200	0.01	0.51	0.51	0	0	0.01
57300	0.02	0.51	0.51	0	0	0.02
57400	0.04	0.51	0.51	0	0	0.04
57500	0.03	0.51	0.51	0	0	0.03
57600	0.03	0.51	0.51	0	0	0.03
57700	0.04	0.51	0.51	0	0	0.04
57800	0.05	0.51	0.51	0	0	0.05
57900	0.05	0.51	0.51	0	0	0.05
58000	0.04	0.51	0.51	0	0	0.04
58100	0.01	0.51	0.51	0	0	0.01
58200	0.01	0.51	0.51	0	0	0.01
58300	0.01	0.51	0.51	0	0	0.01
58400	0.03	0.51	0.51	0	0	0.03
58500	0.03	0.51	0.51	0	0	0.03
58600	0.02	0.51	0.51	0	0	0.02
58700	0.04	0.51	0.51	0	0	0.04
58800	0.04	0.51	0.51	0	0	0.04
58900	0.04	0.51	0.51	0	0	0.04
59000	0.02	0.51	0.51	0	0	0.02
59100	0.02	0.51	0.51	0	0	0.02
59200	0.03	0.51	0.51	0	0	0.03
59300	0.05	0.51	0.51	0	0	0.05
59400	0.05	0.51	0.51	0	0	0.05
59500	0.03	0.51	0.51	0	0	0.03
59600	0.04	0.51	0.51	0	0	0.04
59700	0.02	0.51	0.51	0	0	0.02
59800	0	0.51	0.51	0	0	0
59900	0.02	0.51	0.51	0	0	0.02
60000	0.01	0.51	0.51	0	0	0.01
60100	0.02	0.52	0.52	0	0	0.02
60200	0.03	0.52	0.52	0	0	0.03
60300	0.03	0.51	0.51	0	0	0.03
60400	0.02	0.51	0.51	0	0	0.02
60500	0.03	0.51	0.51	0	0	0.03
60600	0.04	0.52	0.52	0	0	0.04
60700	0.05	0.52	0.52	0	0	0.05
60800	0.05	0.52	0.52	0	0	0.05
60900	0.04	0.53	0.53	0	0	0.04
61000	0.03	0.52	0.52	0	0	0.03
61100	0.01	0.52	0.52	0	0	0.01
61200	0.03	0.52	0.52	0	0	0.03
61300	0	0.52	0.52	0	0	0
61400	0	0.53	0.53	0	0	0
61500	0	0.53	0.53	0	0	0
61600	0.02	0.53	0.53	0	0	0.02
61700	0.03	0.53	0.53	0	0	0.03
61800	0.02	0.53	0.53	0	0	0.02
61900	0.03	0.53	0.53	0	0	0.03
62000	0.02	0.53	0.53	0	0	0.02
62100	0.02	0.53	0.53	0	0	0.02
62200	0.03	0.53	0.53	0	0	0.03
62300	0.02	0.53	0.53	0	0	0.02
62400	0.01	0.53	0.53	0	0	0.01
62500	0.02	0.53	0.53	0	0	0.02
62600	0.01	0.53	0.53	0	0	0.01
62700	0.01	0.53	0.53	0	0	0.01
62800	0.01	0.53	0.53	0	0	0.01
62900	0.01	0.53	0.53	0	0	0.01
63000	0.01	0.53	0.53	0	0	0.01
63100	0.02	0.53	0.53	0	0	0.02
63200	0.02	0.53	0.53	0	0	0.02
63300	0.02	0.53	0.53	0	0	0.02
63400	0.02	0.53	0.53	0	0	0.02
63500	0.04	0.53	0.53	0	0	0.04
63600	0.03	0.53	0.53	0	0	0.03
63700	0.03	0.51	0.51	0	0	0.03
63800	0.03	0.51	0.51	0	0	0.03
63900	0.02	0.51	0.51	0	0	0.02
64000	0.02	0.51	0.51	0	0	0.02
64100	0.03	0.51	0.51	0	0	0.03
64200	0.05	0.51	0.51	0	0	0.05
64300	0.05	0.52	0.52	0	0	0.05
64400	0.06	0.52	0.52	0	0	0.06
64500	0.02	0.52	0.52	0	0	0.02
64600	0.02	0.52	0.52	0	0	0.02
64700	0.02	0.52	0.52	0	0	0.02
64800	0.01	0.52	0.52	0	0	0.01
64900	0.01	0.51	0.51	0	0	0.01
65000	0	0.51	0.51	0	0	0
65100	0	0.51	0.51	0	0	0
65200	0.01	0.51	0.51	0	0	0.01
65300	0.01	0.51	0.51	0	0	0.01
65400	0.01	0.51	0.51	0	0	0.01
65500	0.01	0.51	0.51	0	0	0.01
65600	0.01	0.51	0.51	0	0	0.01
65700	0.01	0.51	0.51	0	0	0.01
65800	0.03	0.51	0.51	0	0	0.03
65900	0.03	0.51	0.51	0	0	0.03
66000	0.03	0.51	0.51	0	0	0.03
66100	0.02	0.51	0.51	0	0	0.02
66200	0.02	0.51	0.51	0	0	0.02
66300	0.02	0.51	0.51	0	0	0.02
66400	0.01	0.51	0.51	0	0	0.01
66500	0.02	0.51	0.51	0	0	0.02
66600	0.01	0.51	0.51	0	0	0.01
66700	0.02	0.51	0.51	0	0	0.02
66800	0.01	0.51	0.51	0	0	0.01
66900	0.02	0.51	0.51	0	0	0.02
67000	0.02	0.51	0.51	0	0	0.02
67100	0.02	0.51	0.51	0	0	0.02
67200	0.03	0.51	0.51	0	0	0.03
67300	0.02	0.51	0.51	0	0	0.02
67400	0.04	0.51	0.51	0	0	0.04
67500	0.04	0.51	0.51	0	0	0.04
67600	0.03	0.51	0.51	0	0	0.03
67700	0.03	0.51	0.51	0	0	0.03
67800	0.01	0.51	0.51	0	0	0.01
67900	0.02	0.51	0.51	0	0	0.02
68000	0.01	0.51	0.51	0	0	0.01
68100	0.03	0.51	0.51	0	0	0.03
68200	0.03	0.51	0.51	0	0	0.03
68300	0.02	0.51	0.51	0	0	0.02
68400	0.02	0.51	0.51	0	0	0.02
68500	0.03	0.51	0.51	0	0	0.03
68600	0.02	0.51	0.51	0	0	0.02
68700	0.02	0.51	0.51	0	0	0.02
68800	0.04	0.51	0.51	0	0	0.04
68900	0.03	0.51	0.51	0	0	0.03
69000	0.05	0.51	0.51	0	0	0.05
69100	0.05	0.51	0.51	0	0	0.05
69200	0.06	0.51	0.51	0	0	0.06
69300	0.06	0.51	0.51	0	0	0.06
69400	0.04	0.51	0.51	0	0	0.04
69500	0.04	0.51	0.51	0	0	0.04
69600	0.03	0.51	0.51	0	0	0.03
69700	0.03	0.51	0.51	0	0	0.03
69800	0.02	0.51	0.51	0	0	0.02
69900	0.01	0.51	0.51	0	0	0.01
70000	0.02	0.51	0.51	0	0	0.02
70100	0.01	0.51	0.51	0	0	0.01
70200	0.01	0.51	0.51	0	0	0.01
70300	0.01	0.51	0.51	0	0	0.01
70400	0.01	0.51	0.51	0	0	0.01
70500	0.01	0.51	0.51	0	0	0.01
70600	0	0.51	0.51	0	0	0
70700	0.01	0.51	0.51	0	0	0.01
70800	0.01	0.51	0.51	0	0	0.01
70900	0.01	0.51	0.51	0	0	0.01
71000	0.02	0.52	0.52	0	0	0.02
71100	0.02	0.51	0.51	0	0	0.02
71200	0.03	0.51	0.51	0	0	0.03
71300	0.04	0.51	0.51	0	0	0.04
71400	0.04	0.51	0.51	0	0	0.04
71500	0.01	0.51	0.51	0	0	0.01
71600	0.01	0.51	0.51	0	0	0.01
71700	0.03	0.51	0.51	0	0	0.03
71800	0.04	0.51	0.51	0	0	0.04
71900	0.04	0.51	0.51	0	0	0.04
72000	0.03	0.51	0.51	0	0	0.03
72100	0.03	0.51	0.51	0	0	0.03
72200	0.05	0.51	0.51	0	0	0.05
72300	0.03	0.51	0.51	0	0	0.03
72400	0.03	0.51	0.51	0	0	0.03
72500	0.02	0.51	0.51	0	0	0.02
72600	0.02	0.51	0.51	0	0	0.02
72700	0.02	0.51	0.51	0	0	0.02
72800	0.02	0.51	0.51	0	0	0.02
72900	0.02	0.51	0.51	0	0	0.02
73000	0.01	0.51	0.51	0	0	0.01
73100	0.03	0.51	0.51	0	0	0.03
73200	0.03	0.51	0.51	0	0	0.03
73300	0.03	0.52	0.52	0	0	0.03
73400	0.04	0.52	0.52	0	0	0.04
73500	0.03	0.52	0.52	0	0	0.03
73600	0.02	0.52	0.52	0	0	0.02
73700	0.03	0.52	0.52	0	0	0.03
73800	0.03	0.52	0.52	0	0	0.03
73900	0.02	0.52	0.52	0	0	0.02
74000	0.02	0.52	0.52	0	0	0.02
74100	0.05	0.52	0.52	0	0	0.05
74200	0.05	0.52	0.52	0	0	0.05
74300	0.04	0.52	0.52	0	0	0.04
74400	0.04	0.52	0.52	0	0	0.04
74500	0.05	0.52	0.52	0	0	0.05
74600	0.05	0.52	0.52	0	0	0.05
74700	0.05	0.52	0.52	0	0	0.05
74800	0.06	0.52	0.52	0	0	0.06
74900	0.04	0.52	0.52	0	0	0.04
75000	0.04	0.52	0.52	0	0	0.04
75100	0.01	0.53	0.53	0	0	0.01
75200	0.01	0.53	0.53	0	0	0.01
75300	0.03	0.53	0.53	0	0	0.03
75400	0.03	0.53	0.53	0	0	0.03
75500	0.02	0.53	0.53	0	0	0.02
75600	0.02	0.53	0.53	0	0	0.02
75700	0.03	0.53	0.53	0	0	0.03
75800	0.04	0.53	0.53	0	0	0.04
75900	0.03	0.53	0.53	0	0	0.03
76000	0.02	0.53	0.53	0	0	0.02
76100	0.02	0.53	0.53	0	0	0.02
76200	0.02	0.53	0.53	0	0	0.02
76300	0.02	0.53	0.53	0	0	0.02
76400	0.02	0.53	0.53	0	0	0.02
76500	0.03	0.53	0.53	0	0	0.03
76600	0.03	0.53	0.53	0	0	0.03
76700	0.02	0.53	0.53	0	0	0.02
76800	0.01	0.53	0.53	0	0	0.01
76900	0.03	0.53	0.53	0	0	0.03
77000	0.02	0.53	0.53	0	0	0.02
77100	0.02	0.53	0.53	0	0	0.02
77200	0.01	0.53	0.53	0	0	0.01
77300	0.01	0.53	0.53	0	0	0.01
77400	0.01	0.53	0.53	0	0	0.01
77500	0	0.53	0.53	0	0	0
77600	0	0.53	0.53	0	0	0
77700	0.02	0.53	0.53	0	0	0.02
77800	0.02	0.53	0.53	0	0	0.02
77900	0.02	0.53	0.53	0	0	0.02
78000	0.03	0.53	0.53	0	0	0.03
78100	0.03	0.53	0.53	0	0	0.03
78200	0.04	0.53	0.53	0	0	0.04
78300	0.04	0.53	0.53	0	0	0.04
78400	0.05	0.53	0.53	0	0	0.05
78500	0.05	0.53	0.53	0	0	0.05
78600	0.05	0.53	0.53	0	0	0.05
78700	0.03	0.53	0.53	0	0	0.03
78800	0.02	0.53	0.53	0	0	0.02
78900	0.02	0.53	0.53	0	0	0.02
79000	0.01	0.53	0.53	0	0	0.01
79100	0.02	0.53	0.53	0	0	0.02
79200	0.04	0.53	0.53	0	0	0.04
79300	0.04	0.53	0.53	0	0	0.04
79400	0.04	0.53	0.53	0	0	0.04
79500	0.06	0.53	0.53	0	0	0.06
79600	0.06	0.53	0.53	0	0	0.06
79700	0.04	0.53	0.53	0	0	0.04
79800	0.06	0.53	0.53	0	0	0.06
79900	0.07	0.53	0.53	0	0	0.07
80000	0.07	0.53	0.53	0	0	0.07
80100	0.07	0.53	0.53	0	0	0.07
80200	0.06	0.53	0.53	0	0	0.06
80300	0.07	0.53	0.53	0	0	0.07
80400	0.07	0.53	0.53	0	0	0.07
80500	0.08	0.53	0.53	0	0	0.08
80600	0.08	0.53	0.53	0	0	0.08
80700	0.09	0.53	0.53	0	0	0.09
80800	0.1	0.53	0.53	0	0	0.1
80900	0.1	0.53	0.53	0	0	0.1
81000	0.11	0.53	0.53	0	0	0.11
81100	0.08	0.53	0.53	0	0	0.08
81200	0.07	0.53	0.53	0	0	0.07
81300	0.08	0.53	0.53	0	0	0.08
81400	0.08	0.53	0.53	0	0	0.08
81500	0.1	0.53	0.53	0	0	0.1
81600	0.08	0.53	0.53	0	0	0.08
81700	0.08	0.53	0.53	0	0	0.08
81800	0.06	0.53	0.53	0	0	0.06
81900	0.06	0.53	0.53	0	0	0.06
82000	0.06	0.53	0.53	0	0	0.06
82100	0.06	0.53	0.53	0	0	0.06
82200	0.06	0.53	0.53	0	0	0.06
82300	0.06	0.53	0.53	0	0	0.06
82400	0.06	0.53	0.53	0	0	0.06
82500	0.06	0.53	0.53	0	0	0.06
82600	0.06	0.53	0.53	0	0	0.06
82700	0.07	0.53	0.53	0	0	0.07
82800	0.07	0.53	0.53	0	0	0.07
82900	0.08	0.53	0.53	0	0	0.08
83000	0.09	0.53	0.53	0	0	0.09
83100	0.09	0.53	0.53	0	0	0.09
83200	0.08	0.53	0.53	0	0	0.08
83300	0.09	0.53	0.53	0	0	0.09
83400	0.08	0.53	0.53	0	0	0.08
83500	0.09	0.53	0.53	0	0	0.09
83600	0.1	0.53	0.53	0	0	0.1
83700	0.09	0.53	0.53	0	0	0.09
83800	0.09	0.53	0.53	0	0	0.09
83900	0.09	0.53	0.53	0	0	0.09
84000	0.08	0.53	0.53	0	0	0.08
84100	0.08	0.53	0.53	0	0	0.08
84200	0.09	0.53	0.53	0	0	0.09
84300	0.09	0.53	0.53	0	0	0.09
84400	0.09	0.53	0.53	0	0	0.09
84500	0.09	0.53	0.53	0	0	0.09
84600	0.09	0.53	0.53	0	0	0.09
84700	0.09	0.53	0.53	0	0	0.09
84800	0.09	0.53	0.53	0	0	0.09
84900	0.09	0.53	0.53	0	0	0.09
85000	0.09	0.53	0.53	0	0	0.09
85100	0.07	0.53	0.53	0	0	0.07
85200	0.08	0.53	0.53	0	0	0.08
85300	0.08	0.53	0.53	0	0	0.08
85400	0.09	0.53	0.53	0	0	0.09
85500	0.09	0.53	0.53	0	0	0.09
85600	0.09	0.53	0.53	0	0	0.09
85700	0.08	0.53	0.53	0	0	0.08
85800	0.07	0.53	0.53	0	0	0.07
85900	0.07	0.53	0.53	0	0	0.07
86000	0.06	0.53	0.53	0	0	0.06
86100	0.06	0.53	0.53	0	0	0.06
86200	0.06	0.53	0.53	0	0	0.06
86300	0.08	0.52	0.52	0	0	0.08
86400	0.1	0.52	0.52	0	0	0.1
86500	0.13	0.52	0.52	0	0	0.13
86600	0.14	0.52	0.52	0	0	0.14
86700	0.14	0.52	0.52	0	0	0.14
86800	0.12	0.52	0.52	0	0	0.12
86900	0.11	0.52	0.52	0	0	0.11
87000	0.11	0.52	0.52	0	0	0.11
87100	0.11	0.52	0.52	0	0	0.11
87200	0.13	0.52	0.52	0	0	0.13
87300	0.12	0.52	0.52	0	0	0.12
87400	0.13	0.53	0.53	0	0	0.13
87500	0.13	0.53	0.53	0	0	0.13
87600	0.12	0.53	0.53	0	0	0.12
87700	0.1	0.53	0.53	0	0	0.1
87800	0.1	0.53	0.53	0	0	0.1
87900	0.09	0.53	0.53	0	0	0.09
88000	0.09	0.53	0.53	0	0	0.09
88100	0.1	0.53	0.53	0	0	0.1
88200	0.12	0.53	0.53	0	0	0.12
88300	0.12	0.53	0.53	0	0	0.12
88400	0.11	0.53	0.53	0	0	0.11
88500	0.11	0.53	0.53	0	0	0.11
88600	0.11	0.53	0.53	0	0	0.11
88700	0.11	0.53	0.53	0	0	0.11
88800	0.12	0.53	0.53	0	0	0.12
88900	0.12	0.53	0.53	0	0	0.12
89000	0.12	0.53	0.53	0	0	0.12
89100	0.11	0.53	0.53	0	0	0.11
89200	0.11	0.53	0.53	0	0	0.11
89300	0.11	0.53	0.53	0	0	0.11
89400	0.12	0.53	0.53	0	0	0.12
89500	0.13	0.53	0.53	0	0	0.13
89600	0.15	0.53	0.53	0	0	0.15
89700	0.15	0.53	0.53	0	0	0.15
89800	0.15	0.53	0.53	0	0	0.15
89900	0.14	0.53	0.53	0	0	0.14
90000	0.14	0.53	0.53	0	0	0.14
90100	0.13	0.53	0.53	0	0	0.13
90200	0.14	0.53	0.53	0	0	0.14
90300	0.15	0.53	0.53	0	0	0.15
90400	0.16	0.53	0.53	0	0	0.16
90500	0.16	0.53	0.53	0	0	0.16
90600	0.16	0.53	0.53	0	0	0.16
90700	0.15	0.53	0.53	0	0	0.15
90800	0.15	0.53	0.53	0	0	0.15
90900	0.15	0.53	0.53	0	0	0.15
91000	0.15	0.53	0.53	0	0	0.15
91100	0.15	0.53	0.53	0	0	0.15
91200	0.16	0.53	0.53	0	0	0.16
91300	0.17	0.53	0.53	0	0	0.17
91400	0.18	0.52	0.52	0	0	0.18
91500	0.17	0.52	0.52	0	0	0.17
91600	0.16	0.52	0.52	0	0	0.16
91700	0.16	0.52	0.52	0	0	0.16
91800	0.16	0.52	0.52	0	0	0.16
91900	0.16	0.52	0.52	0	0	0.16
92000	0.17	0.52	0.52	0	0	0.17
92100	0.17	0.52	0.52	0	0	0.17
92200	0.17	0.51	0.51	0	0	0.17
92300	0.17	0.51	0.51	0	0	0.17
92400	0.18	0.51	0.51	0	0	0.18
92500	0.19	0.51	0.51	0	0	0.19
92600	0.21	0.52	0.52	0	0	0.21
92700	0.21	0.52	0.52	0	0	0.21
92800	0.22	0.51	0.51	0	0	0.22
92900	0.21	0.51	0.51	0	0	0.21
93000	0.21	0.51	0.51	0	0	0.21
93100	0.21	0.51	0.51	0	0	0.21
93200	0.21	0.51	0.51	0	0	0.21
93300	0.22	0.51	0.51	0	0	0.22
93400	0.22	0.51	0.51	0	0	0.22
93500	0.22	0.51	0.51	0	0	0.22
93600	0.22	0.51	0.51	0	0	0.22
93700	0.23	0.51	0.51	0	0	0.23
93800	0.22	0.51	0.51	0	0	0.22
93900	0.22	0.51	0.51	0	0	0.22
94000	0.22	0.52	0.52	0	0	0.22
94100	0.22	0.52	0.52	0	0	0.22
94200	0.22	0.52	0.52	0	0	0.22
94300	0.22	0.52	0.52	0	0	0.22
94400	0.24	0.52	0.52	0	0	0.24
94500	0.24	0.52	0.52	0	0	0.24
94600	0.23	0.52	0.52	0	0	0.23
94700	0.24	0.52	0.52	0	0	0.24
94800	0.25	0.52	0.52	0	0	0.25
94900	0.25	0.52	0.52	0	0	0.25
95000	0.26	0.52	0.52	0	0	0.26
95100	0.26	0.52	0.52	0	0	0.26
95200	0.26	0.52	0.52	0	0	0.26
95300	0.26	0.52	0.52	0	0	0.26
95400	0.26	0.52	0.52	0	0	0.26
95500	0.26	0.52	0.52	0	0	0.26
95600	0.26	0.52	0.52	0	0	0.26
95700	0.26	0.53	0.53	0	0	0.26
95800	0.26	0.53	0.53	0	0	0.26
95900	0.27	0.53	0.53	0	0	0.27
96000	0.27	0.54	0.54	0	0	0.27
96100	0.27	0.54	0.54	0	0	0.27
96200	0.27	0.54	0.54	0	0	0.27
96300	0.27	0.53	0.53	0	0	0.27
96400	0.27	0.53	0.53	0	0	0.27
96500	0.27	0.53	0.53	0	0	0.27
96600	0.27	0.53	0.53	0	0	0.27
96700	0.29	0.53	0.53	0	0	0.29
96800	0.3	0.53	0.53	0	0	0.3
96900	0.3	0.53	0.53	0	0	0.3
97000	0.3	0.53	0.53	0	0	0.3
97100	0.3	0.53	0.53	0	0	0.3
97200	0.29	0.53	0.53	0	0	0.29
97300	0.3	0.53	0.53	0	0	0.3
97400	0.3	0.53	0.53	0	0	0.3
97500	0.3	0.53	0.53	0	0	0.3
97600	0.3	0.53	0.53	0	0	0.3
97700	0.29	0.53	0.53	0	0	0.29
97800	0.29	0.53	0.53	0	0	0.29
97900	0.29	0.53	0.53	0	0	0.29
98000	0.29	0.53	0.53	0	0	0.29
98100	0.29	0.53	0.53	0	0	0.29
98200	0.29	0.53	0.53	0	0	0.29
98300	0.29	0.53	0.53	0	0	0.29
98400	0.29	0.53	0.53	0	0	0.29
98500	0.29	0.53	0.53	0	0	0.29
98600	0.29	0.53	0.53	0	0	0.29
98700	0.29	0.53	0.53	0	0	0.29
98800	0.29	0.53	0.53	0	0	0.29
98900	0.29	0.53	0.53	0	0	0.29
99000	0.29	0.53	0.53	0	0	0.29
99100	0.29	0.53	0.53	0	0	0.29
99200	0.3	0.53	0.53	0	0	0.3
99300	0.3	0.54	0.54	0	0	0.3
99400	0.3	0.54	0.54	0	0	0.3
99500	0.3	0.54	0.54	0	0	0.3
99600	0.3	0.54	0.54	0	0	0.3
99700	0.29	0.54	0.54	0	0	0.29
99800	0.29	0.54	0.54	0	0	0.29
99900	0.29	0.54	0.54	0	0	0.29
100000	0.29	0.54	0.54	0	0	0.29
100100	0.29	0.54	0.54	0	0	0.29
100200	0.29	0.54	0.54	0	0	0.29
100300	0.29	0.54	0.54	0	0	0.29
100400	0.29	0.54	0.54	0	0	0.29
100500	0.29	0.54	0.54	0	0	0.29
100600	0.29	0.54	0.54	0	0	0.29
100700	0.29	0.54	0.54	0	0	0.29
100800	0.29	0.54	0.54	0	0	0.29
100900	0.29	0.54	0.54	0	0	0.29
101000	0.29	0.54	0.54	0	0	0.29
101100	0.3	0.54	0.54	0	0	0.3
101200	0.3	0.54	0.54	0	0	0.3
101300	0.3	0.54	0.54	0	0	0.3
101400	0.3	0.54	0.54	0	0	0.3
101500	0.31	0.54	0.54	0	0	0.31
101600	0.31	0.54	0.54	0	0	0.31
101700	0.31	0.54	0.54	0	0	0.31
101800	0.31	0.54	0.54	0	0	0.31
101900	0.3	0.54	0.54	0	0	0.3
102000	0.3	0.54	0.54	0	0	0.3
102100	0.3	0.54	0.54	0	0	0.3
102200	0.31	0.54	0.54	0	0	0.31
102300	0.31	0.54	0.54	0	0	0.31
102400	0.32	0.54	0.54	0	0	0.32
102500	0.32	0.54	0.54	0	0	0.32
102600	0.31	0.54	0.54	0	0	0.31
102700	0.32	0.54	0.54	0	0	0.32
102800	0.31	0.54	0.54	0	0	0.31
102900	0.31	0.54	0.54	0	0	0.31
103000	0.31	0.54	0.54	0	0	0.31
103100	0.31	0.54	0.54	0	0	0.31
103200	0.31	0.54	0.54	0	0	0.31
103300	0.31	0.54	0.54	0	0	0.31
103400	0.31	0.54	0.54	0	0	0.31
103500	0.31	0.54	0.54	0	0	0.31
103600	0.32	0.54	0.54	0	0	0.32
103700	0.32	0.54	0.54	0	0	0.32
103800	0.32	0.54	0.54	0	0	0.32
103900	0.32	0.54	0.54	0	0	0.32
104000	0.32	0.54	0.54	0	0	0.32
104100	0.32	0.54	0.54	0	0	0.32
104200	0.32	0.54	0.54	0	0	0.32
104300	0.32	0.54	0.54	0	0	0.32
104400	0.32	0.54	0.54	0	0	0.32
104500	0.33	0.54	0.54	0	0	0.33
104600	0.33	0.54	0.54	0	0	0.33
104700	0.33	0.54	0.54	0	0	0.33
104800	0.33	0.54	0.54	0	0	0.33
104900	0.33	0.54	0.54	0	0	0.33
105000	0.33	0.54	0.54	0	0	0.33
105100	0.33	0.54	0.54	0	0	0.33
105200	0.33	0.54	0.54	0	0	0.33
105300	0.33	0.54	0.54	0	0	0.33
105400	0.33	0.54	0.54	0	0	0.33
105500	0.34	0.54	0.54	0	0	0.34
105600	0.35	0.54	0.54	0	0	0.35
105700	0.36	0.54	0.54	0	0	0.36
105800	0.36	0.54	0.54	0	0	0.36
105900	0.35	0.54	0.54	0	0	0.35
106000	0.35	0.54	0.54	0	0	0.35
106100	0.35	0.54	0.54	0	0	0.35
106200	0.35	0.54	0.54	0	0	0.35
106300	0.35	0.54	0.54	0	0	0.35
106400	0.35	0.54	0.54	0	0	0.35
106500	0.36	0.54	0.54	0	0	0.36
106600	0.36	0.54	0.54	0	0	0.36
106700	0.36	0.54	0.54	0	0	0.36
106800	0.36	0.54	0.54	0	0	0.36
106900	0.36	0.54	0.54	0	0	0.36
107000	0.36	0.54	0.54	0	0	0.36
107100	0.36	0.54	0.54	0	0	0.36
107200	0.36	0.54	0.54	0	0	0.36
107300	0.38	0.54	0.54	0	0	0.38
107400	0.38	0.54	0.54	0	0	0.38
107500	0.38	0.54	0.54	0	0	0.38
107600	0.38	0.54	0.54	0	0	0.38
107700	0.38	0.54	0.54	0	0	0.38
107800	0.38	0.54	0.54	0	0	0.38
107900	0.38	0.54	0.54	0	0	0.38
108000	0.38	0.54	0.54	0	0	0.38
108100	0.38	0.54	0.54	0	0	0.38
108200	0.38	0.54	0.54	0	0	0.38
108300	0.38	0.54	0.54	0	0	0.38
108400	0.38	0.54	0.54	0	0	0.38
108500	0.38	0.54	0.54	0	0	0.38
108600	0.38	0.54	0.54	0	0	0.38
108700	0.38	0.54	0.54	0	0	0.38
108800	0.38	0.54	0.54	0	0	0.38
108900	0.38	0.54	0.54	0	0	0.38
109000	0.38	0.54	0.54	0	0	0.38
109100	0.38	0.54	0.54	0	0	0.38
109200	0.38	0.54	0.54	0	0	0.38
109300	0.38	0.54	0.54	0	0	0.38
109400	0.38	0.54	0.54	0	0	0.38
109500	0.39	0.54	0.54	0	0	0.39
109600	0.39	0.54	0.54	0	0	0.39
109700	0.39	0.54	0.54	0	0	0.39
109800	0.39	0.54	0.54	0	0	0.39
109900	0.39	0.54	0.54	0	0	0.39
110000	0.39	0.54	0.54	0	0	0.39
110100	0.39	0.54	0.54	0	0	0.39
110200	0.39	0.54	0.54	0	0	0.39
110300	0.39	0.54	0.54	0	0	0.39
110400	0.4	0.54	0.54	0	0	0.4
110500	0.41	0.54	0.54	0	0	0.41
110600	0.41	0.54	0.54	0	0	0.41
110700	0.41	0.54	0.54	0	0	0.41
110800	0.4	0.54	0.54	0	0	0.4
110900	0.4	0.54	0.54	0	0	0.4
111000	0.39	0.54	0.54	0	0	0.39
111100	0.39	0.54	0.54	0	0	0.39
111200	0.39	0.54	0.54	0	0	0.39
111300	0.39	0.54	0.54	0	0	0.39
111400	0.39	0.54	0.54	0	0	0.39
111500	0.39	0.54	0.54	0	0	0.39
111600	0.38	0.54	0.54	0	0	0.38
111700	0.38	0.54	0.54	0	0	0.38
111800	0.38	0.54	0.54	0	0	0.38
111900	0.39	0.54	0.54	0	0	0.39
112000	0.39	0.54	0.54	0	0	0.39
112100	0.38	0.54	0.54	0	0	0.38
112200	0.38	0.54	0.54	0	0	0.38
112300	0.39	0.54	0.54	0	0	0.39
112400	0.39	0.54	0.54	0	0	0.39
112500	0.38	0.54	0.54	0	0	0.38
112600	0.39	0.54	0.54	0	0	0.39
112700	0.39	0.54	0.54	0	0	0.39
112800	0.39	0.54	0.54	0	0	0.39
112900	0.39	0.54	0.54	0	0	0.39
113000	0.39	0.54	0.54	0	0	0.39
113100	0.39	0.54	0.54	0	0	0.39
113200	0.39	0.54	0.54	0	0	0.39
113300	0.39	0.54	0.54	0	0	0.39
113400	0.39	0.54	0.54	0	0	0.39
113500	0.39	0.54	0.54	0	0	0.39
113600	0.4	0.54	0.54	0	0	0.4
113700	0.41	0.54	0.54	0	0	0.41
113800	0.41	0.54	0.54	0	0	0.41
113900	0.41	0.54	0.54	0	0	0.41
114000	0.4	0.54	0.54	0	0	0.4
114100	0.4	0.54	0.54	0	0	0.4
114200	0.4	0.54	0.54	0	0	0.4
114300	0.4	0.54	0.54	0	0	0.4
114400	0.4	0.54	0.54	0	0	0.4
114500	0.4	0.54	0.54	0	0	0.4
114600	0.4	0.54	0.54	0	0	0.4
114700	0.4	0.54	0.54	0	0	0.4
114800	0.4	0.54	0.54	0	0	0.4
114900	0.4	0.54	0.54	0	0	0.4
115000	0.4	0.54	0.54	0	0	0.4
115100	0.4	0.54	0.54	0	0	0.4
115200	0.4	0.54	0.54	0	0	0.4
115300	0.4	0.54	0.54	0	0	0.4
115400	0.4	0.54	0.54	0	0	0.4
115500	0.4	0.54	0.54	0	0	0.4
115600	0.4	0.54	0.54	0	0	0.4
115700	0.4	0.54	0.54	0	0	0.4
115800	0.4	0.54	0.54	0	0	0.4
115900	0.4	0.54	0.54	0	0	0.4
116000	0.4	0.54	0.54	0	0	0.4
116100	0.4	0.54	0.54	0	0	0.4
116200	0.4	0.54	0.54	0	0	0.4
116300	0.4	0.54	0.54	0	0	0.4
116400	0.4	0.54	0.54	0	0	0.4
116500	0.41	0.54	0.54	0	0	0.41
116600	0.41	0.54	0.54	0	0	0.41
116700	0.41	0.54	0.54	0	0	0.41
116800	0.41	0.54	0.54	0	0	0.41
116900	0.41	0.54	0.54	0	0	0.41
117000	0.4	0.54	0.54	0	0	0.4
117100	0.4	0.54	0.54	0	0	0.4
117200	0.4	0.54	0.54	0	0	0.4
117300	0.4	0.54	0.54	0	0	0.4
117400	0.4	0.54	0.54	0	0	0.4
117500	0.4	0.54	0.54	0	0	0.4
117600	0.4	0.54	0.54	0	0	0.4
117700	0.4	0.54	0.54	0	0	0.4
117800	0.4	0.54	0.54	0	0	0.4
117900	0.4	0.54	0.54	0	0	0.4
118000	0.41	0.54	0.54	0	0	0.41
118100	0.41	0.54	0.54	0	0	0.41
118200	0.41	0.54	0.54	0	0	0.41
118300	0.4	0.54	0.54	0	0	0.4
118400	0.4	0.54	0.54	0	0	0.4
118500	0.4	0.54	0.54	0	0	0.4
118600	0.4	0.54	0.54	0	0	0.4
118700	0.4	0.54	0.54	0	0	0.4
118800	0.4	0.54	0.54	0	0	0.4
118900	0.4	0.54	0.54	0	0	0.4
119000	0.4	0.54	0.54	0	0	0.4
119100	0.4	0.54	0.54	0	0	0.4
119200	0.39	0.54	0.54	0	0	0.39
119300	0.39	0.54	0.54	0	0	0.39
119400	0.39	0.54	0.54	0	0	0.39
119500	0.39	0.54	0.54	0	0	0.39
119600	0.39	0.54	0.54	0	0	0.39
119700	0.39	0.54	0.54	0	0	0.39
119800	0.39	0.54	0.54	0	0	0.39
119900	0.39	0.54	0.54	0	0	0.39
120000	0.39	0.54	0.54	0	0	0.39
120100	0.39	0.54	0.54	0	0	0.39
120200	0.39	0.54	0.54	0	0	0.39
120300	0.39	0.54	0.54	0	0	0.39
120400	0.39	0.54	0.54	0	0	0.39
120500	0.39	0.54	0.54	0	0	0.39
120600	0.39	0.54	0.54	0	0	0.39
120700	0.39	0.54	0.54	0	0	0.39
120800	0.39	0.54	0.54	0	0	0.39
120900	0.39	0.54	0.54	0	0	0.39
121000	0.39	0.54	0.54	0	0	0.39
121100	0.39	0.54	0.54	0	0	0.39
121200	0.39	0.54	0.54	0	0	0.39
121300	0.39	0.54	0.54	0	0	0.39
121400	0.39	0.54	0.54	0	0	0.39
121500	0.39	0.54	0.54	0	0	0.39
121600	0.39	0.54	0.54	0	0	0.39
121700	0.39	0.54	0.54	0	0	0.39
121800	0.39	0.54	0.54	0	0	0.39
121900	0.39	0.54	0.54	0	0	0.39
122000	0.39	0.54	0.54	0	0	0.39
122100	0.39	0.54	0.54	0	0	0.39
122200	0.39	0.54	0.54	0	0	0.39
122300	0.39	0.54	0.54	0	0	0.39
122400	0.39	0.54	0.54	0	0	0.39
122500	0.39	0.54	0.54	0	0	0.39
122600	0.39	0.54	0.54	0	0	0.39
122700	0.39	0.54	0.54	0	0	0.39
122800	0.39	0.54	0.54	0	0	0.39
122900	0.39	0.54	0.54	0	0	0.39
123000	0.39	0.54	0.54	0	0	0.39
123100	0.39	0.54	0.54	0	0	0.39
123200	0.39	0.54	0.54	0	0	0.39
123300	0.39	0.54	0.54	0	0	0.39
123400	0.39	0.54	0.54	0	0	0.39
123500	0.39	0.54	0.54	0	0	0.39
123600	0.39	0.54	0.54	0	0	0.39
123700	0.39	0.54	0.54	0	0	0.39
123800	0.4	0.54	0.54	0	0	0.4
123900	0.4	0.54	0.54	0	0	0.4
124000	0.4	0.54	0.54	0	0	0.4
124100	0.4	0.54	0.54	0	0	0.4
124200	0.4	0.54	0.54	0	0	0.4
124300	0.4	0.54	0.54	0	0	0.4
124400	0.4	0.53	0.53	0	0	0.4
124500	0.4	0.53	0.53	0	0	0.4
124600	0.4	0.53	0.53	0	0	0.4
124700	0.4	0.53	0.53	0	0	0.4
124800	0.4	0.53	0.53	0	0	0.4
124900	0.4	0.53	0.53	0	0	0.4
125000	0.41	0.53	0.53	0	0	0.41
125100	0.41	0.53	0.53	0	0	0.41
125200	0.41	0.53	0.53	0	0	0.41
125300	0.41	0.53	0.53	0	0	0.41
125400	0.41	0.53	0.53	0	0	0.41
125500	0.41	0.53	0.53	0	0	0.41
125600	0.41	0.53	0.53	0	0	0.41
125700	0.41	0.53	0.53	0	0	0.41
125800	0.41	0.53	0.53	0	0	0.41
125900	0.41	0.53	0.53	0	0	0.41
126000	0.41	0.53	0.53	0	0	0.41
126100	0.41	0.53	0.53	0	0	0.41
126200	0.41	0.53	0.53	0	0	0.41
126300	0.41	0.53	0.53	0	0	0.41
126400	0.41	0.53	0.53	0	0	0.41
126500	0.41	0.53	0.53	0	0	0.41
126600	0.42	0.53	0.53	0	0	0.42
126700	0.42	0.53	0.53	0	0	0.42
126800	0.42	0.53	0.53	0	0	0.42
126900	0.42	0.53	0.53	0	0	0.42
127000	0.42	0.53	0.53	0	0	0.42
127100	0.42	0.53	0.53	0	0	0.42
127200	0.42	0.53	0.53	0	0	0.42
127300	0.42	0.53	0.53	0	0	0.42
127400	0.42	0.53	0.53	0	0	0.42
127500	0.42	0.53	0.53	0	0	0.42
127600	0.42	0.53	0.53	0	0	0.42
127700	0.42	0.53	0.53	0	0	0.42
127800	0.42	0.53	0.53	0	0	0.42
127900	0.42	0.53	0.53	0	0	0.42
128000	0.42	0.53	0.53	0	0	0.42
128100	0.42	0.53	0.53	0	0	0.42
128200	0.42	0.53	0.53	0	0	0.42
128300	0.42	0.53	0.53	0	0	0.42
128400	0.42	0.53	0.53	0	0	0.42
128500	0.42	0.53	0.53	0	0	0.42
128600	0.42	0.53	0.53	0	0	0.42
128700	0.42	0.53	0.53	0	0	0.42
128800	0.42	0.53	0.53	0	0	0.42
128900	0.42	0.53	0.53	0	0	0.42
129000	0.42	0.53	0.53	0	0	0.42
129100	0.42	0.53	0.53	0	0	0.42
129200	0.42	0.53	0.53	0	0	0.42
129300	0.42	0.53	0.53	0	0	0.42
129400	0.42	0.53	0.53	0	0	0.42
129500	0.42	0.53	0.53	0	0	0.42
129600	0.42	0.53	0.53	0	0	0.42
129700	0.42	0.53	0.53	0	0	0.42
129800	0.42	0.52	0.52	0	0	0.42
129900	0.42	0.52	0.52	0	0	0.42
130000	0.42	0.52	0.52	0	0	0.42
130100	0.42	0.52	0.52	0	0	0.42
130200	0.42	0.52	0.52	0	0	0.42
130300	0.42	0.52	0.52	0	0	0.42
130400	0.42	0.52	0.52	0	0	0.42
130500	0.42	0.52	0.52	0	0	0.42
130600	0.42	0.52	0.52	0	0	0.42
130700	0.42	0.52	0.52	0	0	0.42
130800	0.42	0.52	0.52	0	0	0.42
130900	0.42	0.52	0.52	0	0	0.42
131000	0.42	0.52	0.52	0	0	0.42
131100	0.42	0.52	0.52	0	0	0.42
131200	0.42	0.52	0.52	0	0	0.42
131300	0.42	0.52	0.52	0	0	0.42
131400	0.42	0.52	0.52	0	0	0.42
131500	0.42	0.52	0.52	0	0	0.42
131600	0.41	0.52	0.52	0	0	0.41
131700	0.41	0.52	0.52	0	0	0.41
131800	0.41	0.52	0.52	0	0	0.41
131900	0.41	0.52	0.52	0	0	0.41
132000	0.42	0.52	0.52	0	0	0.42
132100	0.43	0.52	0.52	0	0	0.43
132200	0.42	0.52	0.52	0	0	0.42
132300	0.42	0.52	0.52	0	0	0.42
132400	0.42	0.52	0.52	0	0	0.42
132500	0.42	0.52	0.52	0	0	0.42
132600	0.42	0.52	0.52	0	0	0.42
132700	0.42	0.52	0.52	0	0	0.42
132800	0.42	0.52	0.52	0	0	0.42
132900	0.41	0.52	0.52	0	0	0.41
133000	0.41	0.52	0.52	0	0	0.41
133100	0.41	0.52	0.52	0	0	0.41
133200	0.41	0.52	0.52	0	0	0.41
133300	0.41	0.52	0.52	0	0	0.41
133400	0.41	0.52	0.52	0	0	0.41
133500	0.42	0.52	0.52	0	0	0.42
133600	0.42	0.52	0.52	0	0	0.42
133700	0.42	0.52	0.52	0	0	0.42
133800	0.42	0.52	0.52	0	0	0.42
133900	0.42	0.52	0.52	0	0	0.42
134000	0.42	0.52	0.52	0	0	0.42
134100	0.42	0.52	0.52	0	0	0.42
134200	0.42	0.52	0.52	0	0	0.42
134300	0.42	0.52	0.52	0	0	0.42
134400	0.42	0.52	0.52	0	0	0.42
134500	0.42	0.52	0.52	0	0	0.42
134600	0.42	0.52	0.52	0	0	0.42
134700	0.42	0.52	0.52	0	0	0.42
134800	0.42	0.52	0.52	0	0	0.42
134900	0.42	0.52	0.52	0	0	0.42
135000	0.42	0.52	0.52	0	0	0.42
135100	0.42	0.52	0.52	0	0	0.42
135200	0.42	0.52	0.52	0	0	0.42
135300	0.42	0.52	0.52	0	0	0.42
135400	0.42	0.52	0.52	0	0	0.42
135500	0.42	0.52	0.52	0	0	0.42
135600	0.42	0.52	0.52	0	0	0.42
135700	0.42	0.52	0.52	0	0	0.42
135800	0.42	0.52	0.52	0	0	0.42
135900	0.42	0.52	0.52	0	0	0.42
136000	0.42	0.52	0.52	0	0	0.42
136100	0.42	0.52	0.52	0	0	0.42
136200	0.42	0.52	0.52	0	0	0.42
136300	0.42	0.52	0.52	0	0	0.42
136400	0.42	0.52	0.52	0	0	0.42
136500	0.43	0.52	0.52	0	0	0.43
136600	0.43	0.52	0.52	0	0	0.43
136700	0.43	0.52	0.52	0	0	0.43
136800	0.43	0.52	0.52	0	0	0.43
136900	0.43	0.52	0.52	0	0	0.43
137000	0.43	0.52	0.52	0	0	0.43
137100	0.43	0.52	0.52	0	0	0.43
137200	0.43	0.52	0.52	0	0	0.43
137300	0.43	0.52	0.52	0	0	0.43
137400	0.43	0.52	0.52	0	0	0.43
137500	0.43	0.52	0.52	0	0	0.43
137600	0.43	0.52	0.52	0	0	0.43
137700	0.43	0.52	0.52	0	0	0.43
137800	0.43	0.52	0.52	0	0	0.43
137900	0.43	0.52	0.52	0	0	0.43
138000	0.43	0.52	0.52	0	0	0.43
138100	0.43	0.52	0.52	0	0	0.43
138200	0.43	0.52	0.52	0	0	0.43
138300	0.43	0.52	0.52	0	0	0.43
138400	0.43	0.52	0.52	0	0	0.43
138500	0.43	0.52	0.52	0	0	0.43
138600	0.43	0.52	0.52	0	0	0.43
138700	0.43	0.52	0.52	0	0	0.43
138800	0.43	0.52	0.52	0	0	0.43
138900	0.43	0.52	0.52	0	0	0.43
139000	0.43	0.52	0.52	0	0	0.43
139100	0.43	0.52	0.52	0	0	0.43
139200	0.43	0.52	0.52	0	0	0.43
139300	0.43	0.52	0.52	0	0	0.43
139400	0.43	0.52	0.52	0	0	0.43
139500	0.43	0.52	0.52	0	0	0.43
139600	0.43	0.52	0.52	0	0	0.43
139700	0.43	0.52	0.52	0	0	0.43
139800	0.43	0.52	0.52	0	0	0.43
139900	0.43	0.52	0.52	0	0	0.43
140000	0.43	0.52	0.52	0	0	0.43
140100	0.43	0.52	0.52	0	0	0.43
140200	0.43	0.52	0.52	0	0	0.43
140300	0.43	0.52	0.52	0	0	0.43
140400	0.43	0.52	0.52	0	0	0.43
140500	0.43	0.52	0.52	0	0	0.43
140600	0.43	0.52	0.52	0	0	0.43
140700	0.43	0.52	0.52	0	0	0.43
140800	0.43	0.52	0.52	0	0	0.43
140900	0.43	0.53	0.53	0	0	0.43
141000	0.43	0.53	0.53	0	0	0.43
141100	0.43	0.53	0.53	0	0	0.43
141200	0.43	0.53	0.53	0	0	0.43
141300	0.43	0.53	0.53	0	0	0.43
141400	0.43	0.53	0.53	0	0	0.43
141500	0.43	0.53	0.53	0	0	0.43
141600	0.43	0.53	0.53	0	0	0.43
141700	0.43	0.52	0.52	0	0	0.43
141800	0.43	0.52	0.52	0	0	0.43
141900	0.43	0.52	0.52	0	0	0.43
142000	0.43	0.52	0.52	0	0	0.43
142100	0.43	0.52	0.52	0	0	0.43
142200	0.43	0.52	0.52	0	0	0.43
142300	0.43	0.52	0.52	0	0	0.43
142400	0.43	0.52	0.52	0	0	0.43
142500	0.43	0.52	0.52	0	0	0.43
142600	0.43	0.52	0.52	0	0	0.43
142700	0.43	0.52	0.52	0	0	0.43
142800	0.43	0.52	0.52	0	0	0.43
142900	0.43	0.52	0.52	0	0	0.43
143000	0.43	0.52	0.52	0	0	0.43
143100	0.43	0.52	0.52	0	0	0.43
143200	0.42	0.52	0.52	0	0	0.42
143300	0.42	0.52	0.52	0	0	0.42
143400	0.42	0.52	0.52	0	0	0.42
143500	0.42	0.52	0.52	0	0	0.42
143600	0.42	0.52	0.52	0	0	0.42
143700	0.42	0.52	0.52	0	0	0.42
143800	0.42	0.52	0.52	0	0	0.42
143900	0.41	0.52	0.52	0	0	0.41
144000	0.41	0.52	0.52	0	0	0.41
144100	0.41	0.52	0.52	0	0	0.41
144200	0.41	0.52	0.52	0	0	0.41
144300	0.41	0.52	0.52	0	0	0.41
144400	0.41	0.52	0.52	0	0	0.41
144500	0.41	0.51	0.51	0	0	0.41
144600	0.41	0.51	0.51	0	0	0.41
144700	0.41	0.51	0.51	0	0	0.41
144800	0.41	0.51	0.51	0	0	0.41
144900	0.41	0.51	0.51	0	0	0.41
145000	0.42	0.51	0.51	0	0	0.42
145100	0.42	0.51	0.51	0	0	0.42
145200	0.42	0.51	0.51	0	0	0.42
145300	0.42	0.51	0.51	0	0	0.42
145400	0.42	0.51	0.51	0	0	0.42
145500	0.42	0.51	0.51	0	0	0.42
145600	0.42	0.51	0.51	0	0	0.42
145700	0.42	0.51	0.51	0	0	0.42
145800	0.42	0.51	0.51	0	0	0.42
145900	0.42	0.51	0.51	0	0	0.42
146000	0.42	0.51	0.51	0	0	0.42
146100	0.42	0.51	0.51	0	0	0.42
146200	0.42	0.51	0.51	0	0	0.42
146300	0.42	0.51	0.51	0	0	0.42
146400	0.42	0.51	0.51	0	0	0.42
146500	0.42	0.51	0.51	0	0	0.42
146600	0.42	0.51	0.51	0	0	0.42
146700	0.42	0.51	0.51	0	0	0.42
146800	0.42	0.51	0.51	0	0	0.42
146900	0.42	0.51	0.51	0	0	0.42
147000	0.42	0.51	0.51	0	0	0.42
147100	0.42	0.51	0.51	0	0	0.42
147200	0.42	0.51	0.51	0	0	0.42
147300	0.42	0.51	0.51	0	0	0.42
147400	0.42	0.51	0.51	0	0	0.42
147500	0.42	0.51	0.51	0	0	0.42
147600	0.42	0.51	0.51	0	0	0.42
147700	0.42	0.51	0.51	0	0	0.42
147800	0.42	0.51	0.51	0	0	0.42
147900	0.42	0.51	0.51	0	0	0.42
148000	0.42	0.51	0.51	0	0	0.42
148100	0.42	0.51	0.51	0	0	0.42
148200	0.42	0.51	0.51	0	0	0.42
148300	0.42	0.51	0.51	0	0	0.42
148400	0.42	0.51	0.51	0	0	0.42
148500	0.42	0.52	0.52	0	0	0.42
148600	0.42	0.52	0.52	0	0	0.42
148700	0.42	0.52	0.52	0	0	0.42
148800	0.42	0.52	0.52	0	0	0.42
148900	0.42	0.52	0.52	0	0	0.42
149000	0.42	0.52	0.52	0	0	0.42
149100	0.43	0.52	0.52	0	0	0.43
149200	0.42	0.52	0.52	0	0	0.42
149300	0.42	0.52	0.52	0	0	0.42
149400	0.42	0.52	0.52	0	0	0.42
149500	0.42	0.52	0.52	0	0	0.42
149600	0.42	0.52	0.52	0	0	0.42
149700	0.42	0.52	0.52	0	0	0.42
149800	0.42	0.52	0.52	0	0	0.42
149900	0.42	0.52	0.52	0	0	0.42
150000	0.42	0.52	0.52	0	0	0.42
150100	0.42	0.52	0.52	0	0	0.42
150200	0.42	0.52	0.52	0	0	0.42
150300	0.43	0.52	0.52	0	0	0.43
150400	0.43	0.52	0.52	0	0	0.43
150500	0.43	0.52	0.52	0	0	0.43
150600	0.42	0.52	0.52	0	0	0.42
150700	0.42	0.52	0.52	0	0	0.42
150800	0.42	0.52	0.52	0	0	0.42
150900	0.42	0.52	0.52	0	0	0.42
151000	0.42	0.52	0.52	0	0	0.42
151100	0.42	0.52	0.52	0	0	0.42
151200	0.42	0.52	0.52	0	0	0.42
151300	0.43	0.52	0.52	0	0	0.43
151400	0.43	0.52	0.52	0	0	0.43
151500	0.43	0.52	0.52	0	0	0.43
151600	0.43	0.51	0.51	0	0	0.43
151700	0.43	0.51	0.51	0	0	0.43
151800	0.43	0.51	0.51	0	0	0.43
151900	0.43	0.51	0.51	0	0	0.43
152000	0.43	0.51	0.51	0	0	0.43
152100	0.43	0.51	0.51	0	0	0.43
152200	0.43	0.51	0.51	0	0	0.43
152300	0.43	0.51	0.51	0	0	0.43
152400	0.43	0.51	0.51	0	0	0.43
152500	0.43	0.51	0.51	0	0	0.43
152600	0.43	0.51	0.51	0	0	0.43
152700	0.43	0.51	0.51	0	0	0.43
152800	0.44	0.51	0.51	0	0	0.44
152900	0.44	0.51	0.51	0	0	0.44
153000	0.44	0.51	0.51	0	0	0.44
153100	0.44	0.51	0.51	0	0	0.44
153200	0.44	0.51	0.51	0	0	0.44
153300	0.44	0.5	0.5	0	0	0.44
153400	0.44	0.5	0.5	0	0	0.44
153500	0.44	0.5	0.5	0	0	0.44
153600	0.44	0.5	0.5	0	0	0.44
153700	0.44	0.5	0.5	0	0	0.44
153800	0.44	0.5	0.5	0	0	0.44
153900	0.44	0.5	0.5	0	0	0.44
154000	0.44	0.5	0.5	0	0	0.44
154100	0.44	0.5	0.5	0	0	0.44
154200	0.44	0.5	0.5	0	0	0.44
154300	0.44	0.5	0.5	0	0	0.44
154400	0.44	0.5	0.5	0	0	0.44
154500	0.44	0.5	0.5	0	0	0.44
154600	0.44	0.5	0.5	0	0	0.44
154700	0.44	0.5	0.5	0	0	0.44
154800	0.44	0.5	0.5	0	0	0.44
154900	0.44	0.5	0.5	0	0	0.44
155000	0.44	0.5	0.5	0	0	0.44
155100	0.44	0.5	0.5	0	0	0.44
155200	0.44	0.5	0.5	0	0	0.44
155300	0.44	0.5	0.5	0	0	0.44
155400	0.44	0.5	0.5	0	0	0.44
155500	0.44	0.5	0.5	0	0	0.44
155600	0.44	0.5	0.5	0	0	0.44
155700	0.44	0.5	0.5	0	0	0.44
155800	0.44	0.5	0.5	0	0	0.44
155900	0.44	0.5	0.5	0	0	0.44
156000	0.44	0.5	0.5	0	0	0.44
156100	0.44	0.5	0.5	0	0	0.44
156200	0.44	0.5	0.5	0	0	0.44
156300	0.44	0.5	0.5	0	0	0.44
156400	0.44	0.5	0.5	0	0	0.44
156500	0.44	0.5	0.5	0	0	0.44
156600	0.44	0.5	0.5	0	0	0.44
156700	0.44	0.5	0.5	0	0	0.44
156800	0.44	0.5	0.5	0	0	0.44
156900	0.44	0.5	0.5	0	0	0.44
157000	0.44	0.5	0.5	0	0	0.44
157100	0.44	0.5	0.5	0	0	0.44
157200	0.44	0.5	0.5	0	0	0.44
157300	0.44	0.5	0.5	0	0	0.44
157400	0.44	0.5	0.5	0	0	0.44
157500	0.44	0.5	0.5	0	0	0.44
157600	0.44	0.5	0.5	0	0	0.44
157700	0.44	0.5	0.5	0	0	0.44
157800	0.44	0.5	0.5	0	0	0.44
157900	0.45	0.5	0.5	0	0	0.45
158000	0.45	0.5	0.5	0	0	0.45
158100	0.45	0.5	0.5	0	0	0.45
158200	0.45	0.49	0.49	0	0	0.45
158300	0.45	0.49	0.49	0	0	0.45
158400	0.45	0.49	0.49	0	0	0.45
158500	0.45	0.49	0.49	0	0	0.45
158600	0.45	0.49	0.49	0	0	0.45
158700	0.45	0.49	0.49	0	0	0.45
158800	0.45	0.49	0.49	0	0	0.45
158900	0.45	0.49	0.49	0	0	0.45
159000	0.45	0.49	0.49	0	0	0.45
159100	0.45	0.49	0.49	0	0	0.45
159200	0.45	0.49	0.49	0	0	0.45
159300	0.45	0.49	0.49	0	0	0.45
159400	0.45	0.49	0.49	0	0	0.45
159500	0.45	0.49	0.49	0	0	0.45
159600	0.45	0.49	0.49	0	0	0.45
159700	0.45	0.49	0.49	0	0	0.45
159800	0.45	0.5	0.5	0	0	0.45
159900	0.45	0.5	0.5	0	0	0.45
160000	0.45	0.5	0.5	0	0	0.45
160100	0.45	0.5	0.5	0	0	0.45
160200	0.45	0.5	0.5	0	0	0.45
160300	0.45	0.5	0.5	0	0	0.45
160400	0.45	0.5	0.5	0	0	0.45
160500	0.45	0.5	0.5	0	0	0.45
160600	0.45	0.5	0.5	0	0	0.45
160700	0.45	0.51	0.51	0	0	0.45
160800	0.45	0.51	0.51	0	0	0.45
160900	0.45	0.51	0.51	0	0	0.45
161000	0.45	0.51	0.51	0	0	0.45
161100	0.45	0.51	0.51	0	0	0.45
161200	0.45	0.51	0.51	0	0	0.45
161300	0.45	0.51	0.51	0	0	0.45
161400	0.45	0.51	0.51	0	0	0.45
161500	0.45	0.51	0.51	0	0	0.45
161600	0.45	0.51	0.51	0	0	0.45
161700	0.45	0.51	0.51	0	0	0.45
161800	0.45	0.51	0.51	0	0	0.45
161900	0.45	0.51	0.51	0	0	0.45
162000	0.45	0.51	0.51	0	0	0.45
162100	0.45	0.51	0.51	0	0	0.45
162200	0.45	0.51	0.51	0	0	0.45
162300	0.45	0.51	0.51	0	0	0.45
162400	0.45	0.51	0.51	0	0	0.45
162500	0.45	0.51	0.51	0	0	0.45
162600	0.45	0.51	0.51	0	0	0.45
162700	0.45	0.51	0.51	0	0	0.45
162800	0.45	0.51	0.51	0	0	0.45
162900	0.45	0.52	0.52	0	0	0.45
163000	0.45	0.52	0.52	0	0	0.45
163100	0.45	0.52	0.52	0	0	0.45
163200	0.45	0.52	0.52	0	0	0.45
163300	0.45	0.52	0.52	0	0	0.45
163400	0.45	0.52	0.52	0	0	0.45
163500	0.45	0.52	0.52	0	0	0.45
163600	0.45	0.52	0.52	0	0	0.45
163700	0.45	0.52	0.52	0	0	0.45
163800	0.45	0.52	0.52	0	0	0.45
163900	0.45	0.52	0.52	0	0	0.45
164000	0.45	0.52	0.52	0	0	0.45
164100	0.45	0.52	0.52	0	0	0.45
164200	0.45	0.52	0.52	0	0	0.45
164300	0.45	0.52	0.52	0	0	0.45
164400	0.45	0.52	0.52	0	0	0.45
164500	0.45	0.52	0.52	0	0	0.45
164600	0.45	0.52	0.52	0	0	0.45
164700	0.45	0.52	0.52	0	0	0.45
164800	0.45	0.52	0.52	0	0	0.45
164900	0.45	0.52	0.52	0	0	0.45
165000	0.45	0.52	0.52	0	0	0.45
165100	0.45	0.52	0.52	0	0	0.45
165200	0.45	0.52	0.52	0	0	0.45
165300	0.45	0.52	0.52	0	0	0.45
165400	0.45	0.52	0.52	0	0	0.45
165500	0.45	0.52	0.52	0	0	0.45
165600	0.45	0.52	0.52	0	0	0.45
165700	0.45	0.52	0.52	0	0	0.45
165800	0.45	0.52	0.52	0	0	0.45
165900	0.45	0.52	0.52	0	0	0.45
166000	0.45	0.52	0.52	0	0	0.45
166100	0.45	0.52	0.52	0	0	0.45
166200	0.45	0.52	0.52	0	0	0.45
166300	0.45	0.52	0.52	0	0	0.45
166400	0.45	0.52	0.52	0	0	0.45
166500	0.45	0.52	0.52	0	0	0.45
166600	0.45	0.52	0.52	0	0	0.45
166700	0.45	0.52	0.52	0	0	0.45
166800	0.45	0.52	0.52	0	0	0.45
166900	0.45	0.52	0.52	0	0	0.45
167000	0.45	0.52	0.52	0	0	0.45
167100	0.45	0.52	0.52	0	0	0.45
167200	0.45	0.52	0.52	0	0	0.45
167300	0.45	0.52	0.52	0	0	0.45
167400	0.45	0.52	0.52	0	0	0.45
167500	0.45	0.52	0.52	0	0	0.45
167600	0.45	0.52	0.52	0	0	0.45
167700	0.45	0.52	0.52	0	0	0.45
167800	0.45	0.52	0.52	0	0	0.45
167900	0.45	0.52	0.52	0	0	0.45
168000	0.45	0.52	0.52	0	0	0.45
168100	0.45	0.52	0.52	0	0	0.45
168200	0.45	0.52	0.52	0	0	0.45
168300	0.45	0.52	0.52	0	0	0.45
168400	0.45	0.52	0.52	0	0	0.45
168500	0.45	0.52	0.52	0	0	0.45
168600	0.45	0.52	0.52	0	0	0.45
168700	0.45	0.52	0.52	0	0	0.45
168800	0.45	0.52	0.52	0	0	0.45
168900	0.45	0.52	0.52	0	0	0.45
169000	0.45	0.52	0.52	0	0	0.45
169100	0.45	0.52	0.52	0	0	0.45
169200	0.45	0.52	0.52	0	0	0.45
169300	0.45	0.52	0.52	0	0	0.45
169400	0.45	0.51	0.51	0	0	0.45
169500	0.45	0.51	0.51	0	0	0.45
169600	0.45	0.51	0.51	0	0	0.45
169700	0.45	0.51	0.51	0	0	0.45
169800	0.45	0.51	0.51	0	0	0.45
169900	0.45	0.51	0.51	0	0	0.45
170000	0.45	0.51	0.51	0	0	0.45
170100	0.45	0.51	0.51	0	0	0.45
170200	0.45	0.51	0.51	0	0	0.45
170300	0.45	0.51	0.51	0	0	0.45
170400	0.45	0.51	0.51	0	0	0.45
170500	0.45	0.51	0.51	0	0	0.45
170600	0.45	0.51	0.51	0	0	0.45
170700	0.45	0.51	0.51	0	0	0.45
170800	0.45	0.51	0.51	0	0	0.45
170900	0.45	0.51	0.51	0	0	0.45
171000	0.45	0.51	0.51	0	0	0.45
171100	0.45	0.51	0.51	0	0	0.45
171200	0.45	0.51	0.51	0	0	0.45
171300	0.45	0.51	0.51	0	0	0.45
171400	0.45	0.51	0.51	0	0	0.45
171500	0.45	0.51	0.51	0	0	0.45
171600	0.45	0.51	0.51	0	0	0.45
171700	0.45	0.51	0.51	0	0	0.45
171800	0.45	0.51	0.51	0	0	0.45
171900	0.45	0.51	0.51	0	0	0.45
172000	0.45	0.51	0.51	0	0	0.45
172100	0.45	0.51	0.51	0	0	0.45
172200	0.45	0.51	0.51	0	0	0.45
172300	0.45	0.51	0.51	0	0	0.45
172400	0.45	0.51	0.51	0	0	0.45
172500	0.45	0.51	0.51	0	0	0.45
172600	0.45	0.51	0.51	0	0	0.45
172700	0.45	0.51	0.51	0	0	0.45
172800	0.45	0.51	0.51	0	0	0.45
172900	0.45	0.51	0.51	0	0	0.45
173000	0.45	0.51	0.51	0	0	0.45
173100	0.45	0.51	0.51	0	0	0.45
173200	0.45	0.51	0.51	0	0	0.45
173300	0.45	0.51	0.51	0	0	0.45
173400	0.45	0.51	0.51	0	0	0.45
173500	0.45	0.51	0.51	0	0	0.45
173600	0.45	0.51	0.51	0	0	0.45
173700	0.45	0.51	0.51	0	0	0.45
173800	0.45	0.51	0.51	0	0	0.45
173900	0.45	0.51	0.51	0	0	0.45
174000	0.44	0.51	0.51	0	0	0.44
174100	0.44	0.51	0.51	0	0	0.44
174200	0.44	0.51	0.51	0	0	0.44
174300	0.44	0.51	0.51	0	0	0.44
174400	0.44	0.51	0.51	0	0	0.44
174500	0.44	0.51	0.51	0	0	0.44
174600	0.44	0.51	0.51	0	0	0.44
174700	0.44	0.51	0.51	0	0	0.44
174800	0.44	0.51	0.51	0	0	0.44
174900	0.44	0.51	0.51	0	0	0.44
175000	0.44	0.51	0.51	0	0	0.44
175100	0.44	0.51	0.51	0	0	0.44
175200	0.44	0.51	0.51	0	0	0.44
175300	0.44	0.51	0.51	0	0	0.44
175400	0.44	0.51	0.51	0	0	0.44
175500	0.44	0.51	0.51	0	0	0.44
175600	0.44	0.51	0.51	0	0	0.44
175700	0.44	0.51	0.51	0	0	0.44
175800	0.44	0.51	0.51	0	0	0.44
175900	0.44	0.51	0.51	0	0	0.44
176000	0.44	0.51	0.51	0	0	0.44
176100	0.44	0.51	0.51	0	0	0.44
176200	0.44	0.51	0.51	0	0	0.44
176300	0.44	0.51	0.51	0	0	0.44
176400	0.44	0.51	0.51	0	0	0.44
176500	0.44	0.51	0.51	0	0	0.44
176600	0.44	0.51	0.51	0	0	0.44
176700	0.44	0.51	0.51	0	0	0.44
176800	0.44	0.51	0.51	0	0	0.44
176900	0.44	0.51	0.51	0	0	0.44
177000	0.44	0.51	0.51	0	0	0.44
177100	0.44	0.51	0.51	0	0	0.44
177200	0.44	0.51	0.51	0	0	0.44
177300	0.44	0.51	0.51	0	0	0.44
177400	0.44	0.51	0.51	0	0	0.44
177500	0.44	0.51	0.51	0	0	0.44
177600	0.44	0.51	0.51	0	0	0.44
177700	0.44	0.51	0.51	0	0	0.44
177800	0.44	0.51	0.51	0	0	0.44
177900	0.44	0.51	0.51	0	0	0.44
178000	0.44	0.51	0.51	0	0	0.44
178100	0.44	0.51	0.51	0	0	0.44
178200	0.44	0.51	0.51	0	0	0.44
178300	0.44	0.51	0.51	0	0	0.44
178400	0.44	0.51	0.51	0	0	0.44
178500	0.44	0.51	0.51	0	0	0.44
178600	0.44	0.51	0.51	0	0	0.44
178700	0.44	0.51	0.51	0	0	0.44
178800	0.44	0.51	0.51	0	0	0.44
178900	0.44	0.51	0.51	0	0	0.44
179000	0.44	0.51	0.51	0	0	0.44
179100	0.44	0.51	0.51	0	0	0.44
179200	0.44	0.51	0.51	0	0	0.44
179300	0.44	0.51	0.51	0	0	0.44
179400	0.44	0.51	0.51	0	0	0.44
179500	0.44	0.51	0.51	0	0	0.44
179600	0.44	0.51	0.51	0	0	0.44
179700	0.44	0.51	0.51	0	0	0.44
179800	0.44	0.51	0.51	0	0	0.44
179900	0.44	0.51	0.51	0	0	0.44
180000	0.44	0.51	0.51	0	0	0.44
180100	0.44	0.51	0.51	0	0	0.44
180200	0.44	0.51	0.51	0	0	0.44
180300	0.44	0.51	0.51	0	0	0.44
180400	0.44	0.51	0.51	0	0	0.44
180500	0.44	0.52	0.52	0	0	0.44
180600	0.44	0.52	0.52	0	0	0.44
180700	0.44	0.52	0.52	0	0	0.44
180800	0.44	0.52	0.52	0	0	0.44
180900	0.44	0.52	0.52	0	0	0.44
181000	0.44	0.52	0.52	0	0	0.44
181100	0.44	0.52	0.52	0	0	0.44
181200	0.44	0.52	0.52	0	0	0.44
181300	0.44	0.52	0.52	0	0	0.44
181400	0.44	0.52	0.52	0	0	0.44
181500	0.44	0.52	0.52	0	0	0.44
181600	0.44	0.52	0.52	0	0	0.44
181700	0.44	0.51	0.51	0	0	0.44
181800	0.44	0.51	0.51	0	0	0.44
181900	0.44	0.51	0.51	0	0	0.44
182000	0.44	0.51	0.51	0	0	0.44
182100	0.44	0.51	0.51	0	0	0.44
182200	0.44	0.51	0.51	0	0	0.44
182300	0.44	0.51	0.51	0	0	0.44
182400	0.44	0.52	0.52	0	0	0.44
182500	0.44	0.52	0.52	0	0	0.44
182600	0.44	0.52	0.52	0	0	0.44
182700	0.44	0.52	0.52	0	0	0.44
182800	0.44	0.52	0.52	0	0	0.44
182900	0.44	0.51	0.51	0	0	0.44
183000	0.44	0.51	0.51	0	0	0.44
183100	0.44	0.51	0.51	0	0	0.44
183200	0.44	0.51	0.51	0	0	0.44
183300	0.44	0.51	0.51	0	0	0.44
183400	0.44	0.51	0.51	0	0	0.44
183500	0.44	0.51	0.51	0	0	0.44
183600	0.44	0.51	0.51	0	0	0.44
183700	0.44	0.51	0.51	0	0	0.44
183800	0.44	0.51	0.51	0	0	0.44
183900	0.44	0.51	0.51	0	0	0.44
184000	0.44	0.51	0.51	0	0	0.44
184100	0.44	0.51	0.51	0	0	0.44
184200	0.44	0.51	0.51	0	0	0.44
184300	0.44	0.51	0.51	0	0	0.44
184400	0.44	0.51	0.51	0	0	0.44
184500	0.44	0.51	0.51	0	0	0.44
184600	0.44	0.51	0.51	0	0	0.44
184700	0.44	0.51	0.51	0	0	0.44
184800	0.44	0.51	0.51	0	0	0.44
184900	0.44	0.51	0.51	0	0	0.44
185000	0.44	0.51	0.51	0	0	0.44
185100	0.44	0.51	0.51	0	0	0.44
185200	0.44	0.51	0.51	0	0	0.44
185300	0.44	0.51	0.51	0	0	0.44
185400	0.44	0.51	0.51	0	0	0.44
185500	0.44	0.51	0.51	0	0	0.44
185600	0.44	0.51	0.51	0	0	0.44
185700	0.44	0.51	0.51	0	0	0.44
185800	0.44	0.51	0.51	0	0	0.44
185900	0.44	0.51	0.51	0	0	0.44
186000	0.44	0.51	0.51	0	0	0.44
186100	0.44	0.51	0.51	0	0	0.44
186200	0.44	0.51	0.51	0	0	0.44
186300	0.44	0.51	0.51	0	0	0.44
186400	0.44	0.51	0.51	0	0	0.44
186500	0.44	0.51	0.51	0	0	0.44
186600	0.44	0.51	0.51	0	0	0.44
186700	0.44	0.51	0.51	0	0	0.44
186800	0.44	0.51	0.51	0	0	0.44
186900	0.44	0.51	0.51	0	0	0.44
187000	0.44	0.51	0.51	0	0	0.44
187100	0.44	0.51	0.51	0	0	0.44
187200	0.44	0.51	0.51	0	0	0.44
187300	0.44	0.51	0.51	0	0	0.44
187400	0.44	0.51	0.51	0	0	0.44
187500	0.44	0.51	0.51	0	0	0.44
187600	0.44	0.51	0.51	0	0	0.44
187700	0.44	0.51	0.51	0	0	0.44
187800	0.44	0.51	0.51	0	0	0.44
187900	0.44	0.51	0.51	0	0	0.44
188000	0.44	0.51	0.51	0	0	0.44
188100	0.44	0.51	0.51	0	0	0.44
188200	0.44	0.51	0.51	0	0	0.44
188300	0.44	0.51	0.51	0	0	0.44
188400	0.44	0.51	0.51	0	0	0.44
188500	0.44	0.51	0.51	0	0	0.44
188600	0.44	0.51	0.51	0	0	0.44
188700	0.44	0.51	0.51	0	0	0.44
188800	0.44	0.51	0.51	0	0	0.44
188900	0.44	0.51	0.51	0	0	0.44
189000	0.44	0.51	0.51	0	0	0.44
189100	0.44	0.51	0.51	0	0	0.44
189200	0.44	0.51	0.51	0	0	0.44
189300	0.44	0.51	0.51	0	0	0.44
189400	0.44	0.51	0.51	0	0	0.44
189500	0.44	0.51	0.51	0	0	0.44
189600	0.44	0.51	0.51	0	0	0.44
189700	0.44	0.51	0.51	0	0	0.44
189800	0.44	0.51	0.51	0	0	0.44
189900	0.44	0.51	0.51	0	0	0.44
190000	0.44	0.51	0.51	0	0	0.44
190100	0.44	0.51	0.51	0	0	0.44
190200	0.44	0.51	0.51	0	0	0.44
190300	0.44	0.52	0.52	0	0	0.44
190400	0.44	0.52	0.52	0	0	0.44
190500	0.44	0.52	0.52	0	0	0.44
190600	0.44	0.51	0.51	0	0	0.44
190700	0.44	0.51	0.51	0	0	0.44
190800	0.44	0.51	0.51	0	0	0.44
190900	0.44	0.51	0.51	0	0	0.44
191000	0.44	0.51	0.51	0	0	0.44
191100	0.44	0.51	0.51	0	0	0.44
191200	0.44	0.51	0.51	0	0	0.44
191300	0.44	0.51	0.51	0	0	0.44
191400	0.44	0.51	0.51	0	0	0.44
191500	0.44	0.51	0.51	0	0	0.44
191600	0.44	0.51	0.51	0	0	0.44
191700	0.44	0.51	0.51	0	0	0.44
191800	0.44	0.51	0.51	0	0	0.44
191900	0.44	0.51	0.51	0	0	0.44
192000	0.44	0.51	0.51	0	0	0.44
192100	0.44	0.51	0.51	0	0	0.44
192200	0.44	0.51	0.51	0	0	0.44
192300	0.44	0.51	0.51	0	0	0.44
192400	0.44	0.51	0.51	0	0	0.44
192500	0.44	0.51	0.51	0	0	0.44
192600	0.44	0.51	0.51	0	0	0.44
192700	0.44	0.51	0.51	0	0	0.44
192800	0.44	0.51	0.51	0	0	0.44
192900	0.44	0.51	0.51	0	0	0.44
193000	0.44	0.51	0.51	0	0	0.44
193100	0.44	0.51	0.51	0	0	0.44
193200	0.44	0.51	0.51	0	0	0.44
193300	0.44	0.51	0.51	0	0	0.44
193400	0.44	0.51	0.51	0	0	0.44
193500	0.44	0.51	0.51	0	0	0.44
193600	0.44	0.51	0.51	0	0	0.44
193700	0.44	0.51	0.51	0	0	0.44
193800	0.44	0.51	0.51	0	0	0.44
193900	0.44	0.51	0.51	0	0	0.44
194000	0.44	0.51	0.51	0	0	0.44
194100	0.44	0.51	0.51	0	0	0.44
194200	0.44	0.52	0.52	0	0	0.44
194300	0.44	0.52	0.52	0	0	0.44
194400	0.44	0.52	0.52	0	0	0.44
194500	0.44	0.52	0.52	0	0	0.44
194600	0.44	0.52	0.52	0	0	0.44
194700	0.44	0.52	0.52	0	0	0.44
194800	0.44	0.52	0.52	0	0	0.44
194900	0.44	0.52	0.52	0	0	0.44
195000	0.44	0.52	0.52	0	0	0.44
195100	0.44	0.52	0.52	0	0	0.44
195200	0.44	0.52	0.52	0	0	0.44
195300	0.44	0.52	0.52	0	0	0.44
195400	0.44	0.52	0.52	0	0	0.44
195500	0.44	0.52	0.52	0	0	0.44
195600	0.44	0.52	0.52	0	0	0.44
195700	0.44	0.53	0.53	0	0	0.44
195800	0.44	0.53	0.53	0	0	0.44
195900	0.44	0.53	0.53	0	0	0.44
196000	0.44	0.53	0.53	0	0	0.44
196100	0.44	0.53	0.53	0	0	0.44
196200	0.44	0.53	0.53	0	0	0.44
196300	0.44	0.53	0.53	0	0	0.44
196400	0.44	0.53	0.53	0	0	0.44
196500	0.44	0.53	0.53	0	0	0.44
196600	0.44	0.53	0.53	0	0	0.44
196700	0.44	0.53	0.53	0	0	0.44
196800	0.44	0.53	0.53	0	0	0.44
196900	0.44	0.53	0.53	0	0	0.44
197000	0.44	0.53	0.53	0	0	0.44
197100	0.44	0.53	0.53	0	0	0.44
197200	0.44	0.53	0.53	0	0	0.44
197300	0.44	0.53	0.53	0	0	0.44
197400	0.44	0.53	0.53	0	0	0.44
197500	0.44	0.53	0.53	0	0	0.44
197600	0.44	0.53	0.53	0	0	0.44
197700	0.44	0.53	0.53	0	0	0.44
197800	0.44	0.53	0.53	0	0	0.44
197900	0.44	0.53	0.53	0	0	0.44
198000	0.44	0.53	0.53	0	0	0.44
198100	0.44	0.53	0.53	0	0	0.44
198200	0.44	0.53	0.53	0	0	0.44
198300	0.44	0.53	0.53	0	0	0.44
198400	0.44	0.53	0.53	0	0	0.44
198500	0.44	0.53	0.53	0	0	0.44
198600	0.43	0.53	0.53	0	0	0.43
198700	0.43	0.53	0.53	0	0	0.43
198800	0.43	0.53	0.53	0	0	0.43
198900	0.43	0.53	0.53	0	0	0.43
199000	0.43	0.53	0.53	0	0	0.43
199100	0.43	0.53	0.53	0	0	0.43
199200	0.43	0.53	0.53	0	0	0.43
199300	0.43	0.53	0.53	0	0	0.43
199400	0.43	0.53	0.53	0	0	0.43
199500	0.43	0.53	0.53	0	0	0.43
199600	0.43	0.53	0.53	0	0	0.43
199700	0.43	0.53	0.53	0	0	0.43
199800	0.43	0.53	0.53	0	0	0.43
199900	0.43	0.53	0.53	0	0	0.43
200000	0.43	0.53	0.53	0	0	0.43
200100	0.43	0.53	0.53	0	0	0.43
200200	0.43	0.53	0.53	0	0	0.43
200300	0.43	0.53	0.53	0	0	0.43
200400	0.43	0.53	0.53	0	0	0.43
200500	0.43	0.53	0.53	0	0	0.43
200600	0.43	0.53	0.53	0	0	0.43
200700	0.43	0.53	0.53	0	0	0.43
200800	0.43	0.53	0.53	0	0	0.43
200900	0.43	0.53	0.53	0	0	0.43
201000	0.43	0.53	0.53	0	0	0.43
201100	0.43	0.53	0.53	0	0	0.43
201200	0.43	0.53	0.53	0	0	0.43
201300	0.44	0.53	0.53	0	0	0.44
201400	0.44	0.53	0.53	0	0	0.44
201500	0.44	0.53	0.53	0	0	0.44
201600	0.44	0.53	0.53	0	0	0.44
201700	0.44	0.53	0.53	0	0	0.44
201800	0.44	0.53	0.53	0	0	0.44
201900	0.44	0.53	0.53	0	0	0.44
202000	0.44	0.53	0.53	0	0	0.44
202100	0.44	0.53	0.53	0	0	0.44
202200	0.44	0.53	0.53	0	0	0.44
202300	0.44	0.53	0.53	0	0	0.44
202400	0.44	0.53	0.53	0	0	0.44
202500	0.44	0.53	0.53	0	0	0.44
202600	0.44	0.53	0.53	0	0	0.44
202700	0.44	0.53	0.53	0	0	0.44
202800	0.44	0.53	0.53	0	0	0.44
202900	0.44	0.53	0.53	0	0	0.44
203000	0.44	0.53	0.53	0	0	0.44
203100	0.44	0.53	0.53	0	0	0.44
203200	0.44	0.53	0.53	0	0	0.44
203300	0.44	0.53	0.53	0	0	0.44
203400	0.44	0.53	0.53	0	0	0.44
203500	0.44	0.53	0.53	0	0	0.44
203600	0.44	0.53	0.53	0	0	0.44
203700	0.44	0.53	0.53	0	0	0.44
203800	0.44	0.53	0.53	0	0	0.44
203900	0.44	0.53	0.53	0	0	0.44
204000	0.44	0.53	0.53	0	0	0.44
204100	0.44	0.53	0.53	0	0	0.44
204200	0.44	0.53	0.53	0	0	0.44
204300	0.44	0.53	0.53	0	0	0.44
204400	0.44	0.53	0.53	0	0	0.44
204500	0.44	0.53	0.53	0	0	0.44
204600	0.44	0.53	0.53	0	0	0.44
204700	0.44	0.53	0.53	0	0	0.44
204800	0.44	0.53	0.53	0	0	0.44
204900	0.44	0.53	0.53	0	0	0.44
205000	0.44	0.53	0.53	0	0	0.44
205100	0.44	0.53	0.53	0	0	0.44
205200	0.44	0.53	0.53	0	0	0.44
205300	0.44	0.53	0.53	0	0	0.44
205400	0.43	0.53	0.53	0	0	0.43
205500	0.43	0.53	0.53	0	0	0.43
205600	0.43	0.53	0.53	0	0	0.43
205700	0.43	0.53	0.53	0	0	0.43
205800	0.43	0.53	0.53	0	0	0.43
205900	0.43	0.53	0.53	0	0	0.43
206000	0.43	0.53	0.53	0	0	0.43
206100	0.43	0.53	0.53	0	0	0.43
206200	0.43	0.53	0.53	0	0	0.43
206300	0.43	0.53	0.53	0	0	0.43
206400	0.43	0.53	0.53	0	0	0.43
206500	0.42	0.53	0.53	0	0	0.42
206600	0.42	0.53	0.53	0	0	0.42
206700	0.42	0.53	0.53	0	0	0.42
206800	0.42	0.53	0.53	0	0	0.42
206900	0.43	0.53	0.53	0	0	0.43
207000	0.43	0.53	0.53	0	0	0.43
207100	0.43	0.53	0.53	0	0	0.43
207200	0.43	0.53	0.53	0	0	0.43
207300	0.43	0.53	0.53	0	0	0.43
207400	0.43	0.53	0.53	0	0	0.43
207500	0.43	0.53	0.53	0	0	0.43
207600	0.43	0.53	0.53	0	0	0.43
207700	0.43	0.53	0.53	0	0	0.43
207800	0.43	0.53	0.53	0	0	0.43
207900	0.43	0.53	0.53	0	0	0.43
208000	0.43	0.53	0.53	0	0	0.43
208100	0.43	0.53	0.53	0	0	0.43
208200	0.43	0.53	0.53	0	0	0.43
208300	0.43	0.53	0.53	0	0	0.43
208400	0.43	0.53	0.53	0	0	0.43
208500	0.43	0.53	0.53	0	0	0.43
208600	0.43	0.53	0.53	0	0	0.43
208700	0.43	0.53	0.53	0	0	0.43
208800	0.43	0.53	0.53	0	0	0.43
208900	0.43	0.53	0.53	0	0	0.43
209000	0.43	0.53	0.53	0	0	0.43
209100	0.43	0.53	0.53	0	0	0.43
209200	0.43	0.53	0.53	0	0	0.43
209300	0.43	0.53	0.53	0	0	0.43
209400	0.43	0.53	0.53	0	0	0.43
209500	0.43	0.53	0.53	0	0	0.43
209600	0.43	0.53	0.53	0	0	0.43
209700	0.43	0.53	0.53	0	0	0.43
209800	0.43	0.53	0.53	0	0	0.43
209900	0.43	0.53	0.53	0	0	0.43
210000	0.43	0.53	0.53	0	0	0.43
210100	0.43	0.53	0.53	0	0	0.43
210200	0.43	0.53	0.53	0	0	0.43
210300	0.43	0.53	0.53	0	0	0.43
210400	0.43	0.53	0.53	0	0	0.43
210500	0.43	0.53	0.53	0	0	0.43
210600	0.43	0.53	0.53	0	0	0.43
210700	0.42	0.53	0.53	0	0	0.42
210800	0.42	0.53	0.53	0	0	0.42
210900	0.42	0.53	0.53	0	0	0.42
211000	0.42	0.53	0.53	0	0	0.42
211100	0.42	0.53	0.53	0	0	0.42
211200	0.42	0.53	0.53	0	0	0.42
211300	0.42	0.53	0.53	0	0	0.42
211400	0.42	0.53	0.53	0	0	0.42
211500	0.42	0.53	0.53	0	0	0.42
211600	0.42	0.53	0.53	0	0	0.42
211700	0.42	0.53	0.53	0	0	0.42
211800	0.42	0.53	0.53	0	0	0.42
211900	0.42	0.53	0.53	0	0	0.42
212000	0.42	0.53	0.53	0	0	0.42
212100	0.42	0.53	0.53	0	0	0.42
212200	0.42	0.53	0.53	0	0	0.42
212300	0.42	0.53	0.53	0	0	0.42
212400	0.42	0.53	0.53	0	0	0.42
212500	0.42	0.53	0.53	0	0	0.42
212600	0.42	0.53	0.53	0	0	0.42
212700	0.42	0.53	0.53	0	0	0.42
212800	0.41	0.53	0.53	0	0	0.41
212900	0.41	0.53	0.53	0	0	0.41
213000	0.41	0.53	0.53	0	0	0.41
213100	0.41	0.53	0.53	0	0	0.41
213200	0.41	0.53	0.53	0	0	0.41
213300	0.41	0.53	0.53	0	0	0.41
213400	0.41	0.53	0.53	0	0	0.41
213500	0.41	0.53	0.53	0	0	0.41
213600	0.41	0.53	0.53	0	0	0.41
213700	0.41	0.53	0.53	0	0	0.41
213800	0.41	0.53	0.53	0	0	0.41
213900	0.41	0.53	0.53	0	0	0.41
214000	0.41	0.53	0.53	0	0	0.41
214100	0.41	0.53	0.53	0	0	0.41
214200	0.41	0.53	0.53	0	0	0.41
214300	0.41	0.53	0.53	0	0	0.41
214400	0.42	0.53	0.53	0	0	0.42
214500	0.42	0.53	0.53	0	0	0.42
214600	0.42	0.53	0.53	0	0	0.42
214700	0.43	0.53	0.53	0	0	0.43
214800	0.42	0.53	0.53	0	0	0.42
214900	0.42	0.53	0.53	0	0	0.42
215000	0.42	0.53	0.53	0	0	0.42
215100	0.42	0.53	0.53	0	0	0.42
215200	0.41	0.53	0.53	0	0	0.41
215300	0.41	0.53	0.53	0	0	0.41
215400	0.41	0.53	0.53	0	0	0.41
215500	0.41	0.53	0.53	0	0	0.41
215600	0.41	0.53	0.53	0	0	0.41
215700	0.41	0.53	0.53	0	0	0.41
215800	0.41	0.53	0.53	0	0	0.41
215900	0.41	0.53	0.53	0	0	0.41
216000	0.41	0.53	0.53	0	0	0.41
216100	0.41	0.53	0.53	0	0	0.41
216200	0.41	0.53	0.53	0	0	0.41
216300	0.41	0.53	0.53	0	0	0.41
216400	0.41	0.53	0.53	0	0	0.41
216500	0.42	0.53	0.53	0	0	0.42
216600	0.42	0.53	0.53	0	0	0.42
216700	0.42	0.53	0.53	0	0	0.42
216800	0.42	0.53	0.53	0	0	0.42
216900	0.42	0.53	0.53	0	0	0.42
217000	0.41	0.53	0.53	0	0	0.41
217100	0.41	0.53	0.53	0	0	0.41
217200	0.41	0.53	0.53	0	0	0.41
217300	0.41	0.53	0.53	0	0	0.41
217400	0.41	0.53	0.53	0	0	0.41
217500	0.41	0.53	0.53	0	0	0.41
217600	0.41	0.53	0.53	0	0	0.41
217700	0.41	0.53	0.53	0	0	0.41
217800	0.41	0.53	0.53	0	0	0.41
217900	0.41	0.53	0.53	0	0	0.41
218000	0.41	0.53	0.53	0	0	0.41
218100	0.41	0.53	0.53	0	0	0.41
218200	0.41	0.53	0.53	0	0	0.41
218300	0.42	0.53	0.53	0	0	0.42
218400	0.42	0.53	0.53	0	0	0.42
218500	0.42	0.53	0.53	0	0	0.42
218600	0.42	0.53	0.53	0	0	0.42
218700	0.42	0.53	0.53	0	0	0.42
218800	0.42	0.53	0.53	0	0	0.42
218900	0.42	0.53	0.53	0	0	0.42
219000	0.42	0.53	0.53	0	0	0.42
219100	0.42	0.53	0.53	0	0	0.42
219200	0.42	0.53	0.53	0	0	0.42
219300	0.42	0.53	0.53	0	0	0.42
219400	0.42	0.53	0.53	0	0	0.42
219500	0.42	0.53	0.53	0	0	0.42
219600	0.42	0.53	0.53	0	0	0.42
219700	0.42	0.53	0.53	0	0	0.42
219800	0.42	0.53	0.53	0	0	0.42
219900	0.42	0.53	0.53	0	0	0.42
220000	0.43	0.53	0.53	0	0	0.43
220100	0.43	0.53	0.53	0	0	0.43
220200	0.43	0.53	0.53	0	0	0.43
220300	0.42	0.53	0.53	0	0	0.42
220400	0.42	0.53	0.53	0	0	0.42
220500	0.42	0.53	0.53	0	0	0.42
220600	0.42	0.53	0.53	0	0	0.42
220700	0.42	0.53	0.53	0	0	0.42
220800	0.42	0.53	0.53	0	0	0.42
220900	0.42	0.53	0.53	0	0	0.42
221000	0.42	0.53	0.53	0	0	0.42
221100	0.42	0.53	0.53	0	0	0.42
221200	0.42	0.53	0.53	0	0	0.42
221300	0.42	0.53	0.53	0	0	0.42
221400	0.42	0.53	0.53	0	0	0.42
221500	0.42	0.53	0.53	0	0	0.42
221600	0.42	0.53	0.53	0	0	0.42
221700	0.42	0.53	0.53	0	0	0.42
221800	0.42	0.53	0.53	0	0	0.42
221900	0.42	0.53	0.53	0	0	0.42
222000	0.42	0.53	0.53	0	0	0.42
222100	0.42	0.53	0.53	0	0	0.42
222200	0.42	0.53	0.53	0	0	0.42
222300	0.42	0.53	0.53	0	0	0.42
222400	0.42	0.53	0.53	0	0	0.42
222500	0.42	0.53	0.53	0	0	0.42
222600	0.42	0.53	0.53	0	0	0.42
222700	0.42	0.53	0.53	0	0	0.42
222800	0.42	0.53	0.53	0	0	0.42
222900	0.43	0.53	0.53	0	0	0.43
223000	0.43	0.53	0.53	0	0	0.43
223100	0.43	0.53	0.53	0	0	0.43
223200	0.43	0.53	0.53	0	0	0.43
223300	0.43	0.53	0.53	0	0	0.43
223400	0.43	0.53	0.53	0	0	0.43
223500	0.43	0.53	0.53	0	0	0.43
223600	0.43	0.53	0.53	0	0	0.43
223700	0.43	0.53	0.53	0	0	0.43
223800	0.43	0.53	0.53	0	0	0.43
223900	0.43	0.53	0.53	0	0	0.43
224000	0.43	0.53	0.53	0	0	0.43
224100	0.43	0.53	0.53	0	0	0.43
224200	0.43	0.53	0.53	0	0	0.43
224300	0.43	0.53	0.53	0	0	0.43
224400	0.43	0.53	0.53	0	0	0.43
224500	0.43	0.53	0.53	0	0	0.43
224600	0.43	0.53	0.53	0	0	0.43
224700	0.43	0.53	0.53	0	0	0.43
224800	0.43	0.53	0.53	0	0	0.43
224900	0.43	0.53	0.53	0	0	0.43
225000	0.43	0.53	0.53	0	0	0.43
225100	0.43	0.53	0.53	0	0	0.43
225200	0.43	0.53	0.53	0	0	0.43
225300	0.43	0.53	0.53	0	0	0.43
225400	0.43	0.53	0.53	0	0	0.43
225500	0.43	0.53	0.53	0	0	0.43
225600	0.43	0.53	0.53	0	0	0.43
225700	0.43	0.53	0.53	0	0	0.43
225800	0.43	0.53	0.53	0	0	0.43
225900	0.43	0.53	0.53	0	0	0.43
226000	0.43	0.53	0.53	0	0	0.43
226100	0.43	0.53	0.53	0	0	0.43
226200	0.43	0.53	0.53	0	0	0.43
226300	0.43	0.53	0.53	0	0	0.43
226400	0.43	0.53	0.53	0	0	0.43
226500	0.43	0.53	0.53	0	0	0.43
226600	0.43	0.53	0.53	0	0	0.43
226700	0.43	0.53	0.53	0	0	0.43
226800	0.43	0.53	0.53	0	0	0.43
226900	0.43	0.53	0.53	0	0	0.43
227000	0.43	0.53	0.53	0	0	0.43
227100	0.43	0.53	0.53	0	0	0.43
227200	0.43	0.53	0.53	0	0	0.43
227300	0.43	0.53	0.53	0	0	0.43
227400	0.43	0.53	0.53	0	0	0.43
227500	0.43	0.53	0.53	0	0	0.43
227600	0.43	0.53	0.53	0	0	0.43
227700	0.43	0.53	0.53	0	0	0.43
227800	0.43	0.53	0.53	0	0	0.43
227900	0.43	0.53	0.53	0	0	0.43
228000	0.43	0.53	0.53	0	0	0.43
228100	0.43	0.53	0.53	0	0	0.43
228200	0.43	0.53	0.53	0	0	0.43
228300	0.43	0.53	0.53	0	0	0.43
228400	0.43	0.53	0.53	0	0	0.43
228500	0.43	0.53	0.53	0	0	0.43
228600	0.43	0.53	0.53	0	0	0.43
228700	0.43	0.53	0.53	0	0	0.43
228800	0.43	0.53	0.53	0	0	0.43
228900	0.43	0.53	0.53	0	0	0.43
229000	0.43	0.53	0.53	0	0	0.43
229100	0.43	0.53	0.53	0	0	0.43
229200	0.43	0.53	0.53	0	0	0.43
229300	0.43	0.53	0.53	0	0	0.43
229400	0.43	0.53	0.53	0	0	0.43
229500	0.43	0.53	0.53	0	0	0.43
229600	0.43	0.53	0.53	0	0	0.43
229700	0.44	0.52	0.52	0	0	0.44
229800	0.44	0.52	0.52	0	0	0.44
229900	0.44	0.52	0.52	0	0	0.44
230000	0.44	0.52	0.52	0	0	0.44
230100	0.44	0.52	0.52	0	0	0.44
230200	0.44	0.52	0.52	0	0	0.44
230300	0.44	0.52	0.52	0	0	0.44
230400	0.44	0.52	0.52	0	0	0.44
230500	0.44	0.52	0.52	0	0	0.44
230600	0.44	0.52	0.52	0	0	0.44
230700	0.44	0.52	0.52	0	0	0.44
230800	0.44	0.52	0.52	0	0	0.44
230900	0.44	0.52	0.52	0	0	0.44
231000	0.44	0.52	0.52	0	0	0.44
231100	0.44	0.52	0.52	0	0	0.44
231200	0.44	0.52	0.52	0	0	0.44
231300	0.44	0.52	0.52	0	0	0.44
231400	0.44	0.52	0.52	0	0	0.44
231500	0.44	0.52	0.52	0	0	0.44
231600	0.44	0.52	0.52	0	0	0.44
231700	0.44	0.52	0.52	0	0	0.44
231800	0.44	0.52	0.52	0	0	0.44
231900	0.44	0.52	0.52	0	0	0.44
232000	0.44	0.52	0.52	0	0	0.44
232100	0.44	0.52	0.52	0	0	0.44
232200	0.44	0.52	0.52	0	0	0.44
232300	0.44	0.52	0.52	0	0	0.44
232400	0.44	0.52	0.52	0	0	0.44
232500	0.44	0.52	0.52	0	0	0.44
232600	0.44	0.52	0.52	0	0	0.44
232700	0.44	0.52	0.52	0	0	0.44
232800	0.44	0.52	0.52	0	0	0.44
232900	0.44	0.52	0.52	0	0	0.44
233000	0.44	0.52	0.52	0	0	0.44
233100	0.44	0.52	0.52	0	0	0.44
233200	0.44	0.52	0.52	0	0	0.44
233300	0.44	0.52	0.52	0	0	0.44
233400	0.44	0.52	0.52	0	0	0.44
233500	0.44	0.52	0.52	0	0	0.44
233600	0.44	0.52	0.52	0	0	0.44
233700	0.44	0.52	0.52	0	0	0.44
233800	0.44	0.52	0.52	0	0	0.44
233900	0.44	0.52	0.52	0	0	0.44
234000	0.44	0.52	0.52	0	0	0.44
234100	0.44	0.52	0.52	0	0	0.44
234200	0.44	0.52	0.52	0	0	0.44
234300	0.44	0.52	0.52	0	0	0.44
234400	0.44	0.52	0.52	0	0	0.44
234500	0.44	0.52	0.52	0	0	0.44
234600	0.44	0.52	0.52	0	0	0.44
234700	0.44	0.52	0.52	0	0	0.44
234800	0.44	0.52	0.52	0	0	0.44
234900	0.44	0.52	0.52	0	0	0.44
235000	0.44	0.52	0.52	0	0	0.44
235100	0.44	0.52	0.52	0	0	0.44
235200	0.44	0.52	0.52	0	0	0.44
235300	0.44	0.52	0.52	0	0	0.44
235400	0.44	0.52	0.52	0	0	0.44
235500	0.44	0.52	0.52	0	0	0.44
235600	0.44	0.52	0.52	0	0	0.44
235700	0.44	0.52	0.52	0	0	0.44
235800	0.44	0.52	0.52	0	0	0.44
235900	0.44	0.52	0.52	0	0	0.44
236000	0.44	0.52	0.52	0	0	0.44
236100	0.44	0.52	0.52	0	0	0.44
236200	0.44	0.52	0.52	0	0	0.44
236300	0.44	0.52	0.52	0	0	0.44
236400	0.44	0.52	0.52	0	0	0.44
236500	0.44	0.52	0.52	0	0	0.44
236600	0.44	0.52	0.52	0	0	0.44
236700	0.44	0.52	0.52	0	0	0.44
236800	0.44	0.52	0.52	0	0	0.44
236900	0.44	0.52	0.52	0	0	0.44
237000	0.44	0.52	0.52	0	0	0.44
237100	0.44	0.52	0.52	0	0	0.44
237200	0.44	0.52	0.52	0	0	0.44
237300	0.44	0.52	0.52	0	0	0.44
237400	0.44	0.52	0.52	0	0	0.44
237500	0.44	0.52	0.52	0	0	0.44
237600	0.44	0.52	0.52	0	0	0.44
237700	0.44	0.52	0.52	0	0	0.44
237800	0.44	0.52	0.52	0	0	0.44
237900	0.44	0.52	0.52	0	0	0.44
238000	0.44	0.52	0.52	0	0	0.44
238100	0.44	0.52	0.52	0	0	0.44
238200	0.44	0.52	0.52	0	0	0.44
238300	0.44	0.52	0.52	0	0	0.44
238400	0.44	0.52	0.52	0	0	0.44
238500	0.44	0.52	0.52	0	0	0.44
238600	0.44	0.52	0.52	0	0	0.44
238700	0.44	0.52	0.52	0	0	0.44
238800	0.44	0.52	0.52	0	0	0.44
238900	0.44	0.52	0.52	0	0	0.44
239000	0.44	0.52	0.52	0	0	0.44
239100	0.44	0.52	0.52	0	0	0.44
239200	0.44	0.52	0.52	0	0	0.44
239300	0.44	0.52	0.52	0	0	0.44
239400	0.44	0.52	0.52	0	0	0.44
239500	0.44	0.52	0.52	0	0	0.44
239600	0.44	0.52	0.52	0	0	0.44
239700	0.44	0.52	0.52	0	0	0.44
239800	0.44	0.52	0.52	0	0	0.44
239900	0.44	0.52	0.52	0	0	0.44
240000	0.44	0.52	0.52	0	0	0.44
240100	0.44	0.52	0.52	0	0	0.44
240200	0.44	0.52	0.52	0	0	0.44
240300	0.44	0.52	0.52	0	0	0.44
240400	0.44	0.52	0.52	0	0	0.44
240500	0.44	0.52	0.52	0	0	0.44
240600	0.44	0.52	0.52	0	0	0.44
240700	0.44	0.52	0.52	0	0	0.44
240800	0.44	0.52	0.52	0	0	0.44
240900	0.44	0.52	0.52	0	0	0.44
241000	0.44	0.52	0.52	0	0	0.44
241100	0.44	0.52	0.52	0	0	0.44
241200	0.44	0.52	0.52	0	0	0.44
241300	0.44	0.52	0.52	0	0	0.44
241400	0.44	0.52	0.52	0	0	0.44
241500	0.44	0.52	0.52	0	0	0.44
241600	0.44	0.52	0.52	0	0	0.44
241700	0.44	0.52	0.52	0	0	0.44
241800	0.44	0.52	0.52	0	0	0.44
241900	0.44	0.52	0.52	0	0	0.44
242000	0.44	0.52	0.52	0	0	0.44
242100	0.44	0.52	0.52	0	0	0.44
242200	0.44	0.52	0.52	0	0	0.44
242300	0.44	0.52	0.52	0	0	0.44
242400	0.44	0.52	0.52	0	0	0.44
242500	0.44	0.52	0.52	0	0	0.44
242600	0.44	0.52	0.52	0	0	0.44
242700	0.44	0.52	0.52	0	0	0.44
242800	0.44	0.52	0.52	0	0	0.44
242900	0.44	0.52	0.52	0	0	0.44
243000	0.44	0.52	0.52	0	0	0.44
243100	0.44	0.52	0.52	0	0	0.44
243200	0.44	0.52	0.52	0	0	0.44
243300	0.44	0.52	0.52	0	0	0.44
243400	0.44	0.52	0.52	0	0	0.44
243500	0.44	0.52	0.52	0	0	0.44
243600	0.44	0.52	0.52	0	0	0.44
243700	0.44	0.52	0.52	0	0	0.44
243800	0.44	0.52	0.52	0	0	0.44
243900	0.44	0.52	0.52	0	0	0.44
244000	0.44	0.52	0.52	0	0	0.44
244100	0.44	0.52	0.52	0	0	0.44
244200	0.44	0.52	0.52	0	0	0.44
244300	0.44	0.52	0.52	0	0	0.44
244400	0.44	0.52	0.52	0	0	0.44
244500	0.44	0.52	0.52	0	0	0.44
244600	0.44	0.52	0.52	0	0	0.44
244700	0.44	0.52	0.52	0	0	0.44
244800	0.44	0.52	0.52	0	0	0.44
244900	0.43	0.52	0.52	0	0	0.43
245000	0.43	0.52	0.52	0	0	0.43
245100	0.43	0.52	0.52	0	0	0.43
245200	0.43	0.52	0.52	0	0	0.43
245300	0.43	0.52	0.52	0	0	0.43
245400	0.43	0.52	0.52	0	0	0.43
245500	0.43	0.52	0.52	0	0	0.43
245600	0.43	0.52	0.52	0	0	0.43
245700	0.43	0.52	0.52	0	0	0.43
245800	0.43	0.52	0.52	0	0	0.43
245900	0.43	0.52	0.52	0	0	0.43
246000	0.43	0.52	0.52	0	0	0.43
246100	0.43	0.52	0.52	0	0	0.43
246200	0.43	0.52	0.52	0	0	0.43
246300	0.43	0.52	0.52	0	0	0.43
246400	0.43	0.52	0.52	0	0	0.43
246500	0.43	0.52	0.52	0	0	0.43
246600	0.43	0.52	0.52	0	0	0.43
246700	0.43	0.52	0.52	0	0	0.43
246800	0.43	0.52	0.52	0	0	0.43
246900	0.43	0.52	0.52	0	0	0.43
247000	0.43	0.52	0.52	0	0	0.43
247100	0.43	0.52	0.52	0	0	0.43
247200	0.43	0.52	0.52	0	0	0.43
247300	0.44	0.52	0.52	0	0	0.44
247400	0.44	0.52	0.52	0	0	0.44
247500	0.44	0.52	0.52	0	0	0.44
247600	0.44	0.52	0.52	0	0	0.44
247700	0.44	0.52	0.52	0	0	0.44
247800	0.43	0.52	0.52	0	0	0.43
247900	0.43	0.52	0.52	0	0	0.43
248000	0.43	0.52	0.52	0	0	0.43
248100	0.43	0.52	0.52	0	0	0.43
248200	0.43	0.52	0.52	0	0	0.43
248300	0.43	0.52	0.52	0	0	0.43
248400	0.43	0.52	0.52	0	0	0.43
248500	0.43	0.52	0.52	0	0	0.43
248600	0.43	0.52	0.52	0	0	0.43
248700	0.43	0.52	0.52	0	0	0.43
248800	0.43	0.52	0.52	0	0	0.43
248900	0.43	0.52	0.52	0	0	0.43
249000	0.43	0.52	0.52	0	0	0.43
249100	0.43	0.52	0.52	0	0	0.43
249200	0.43	0.52	0.52	0	0	0.43
249300	0.43	0.52	0.52	0	0	0.43
249400	0.43	0.52	0.52	0	0	0.43
249500	0.43	0.52	0.52	0	0	0.43
249600	0.43	0.52	0.52	0	0	0.43
249700	0.43	0.52	0.52	0	0	0.43
249800	0.43	0.52	0.52	0	0	0.43
249900	0.43	0.52	0.52	0	0	0.43
250000	0.43	0.52	0.52	0	0	0.43
250100	0.43	0.52	0.52	0	0	0.43
250200	0.43	0.52	0.52	0	0	0.43
250300	0.43	0.52	0.52	0	0	0.43
250400	0.43	0.52	0.52	0	0	0.43
250500	0.43	0.52	0.52	0	0	0.43
250600	0.43	0.52	0.52	0	0	0.43
250700	0.43	0.52	0.52	0	0	0.43
250800	0.43	0.52	0.52	0	0	0.43
250900	0.43	0.52	0.52	0	0	0.43
251000	0.43	0.52	0.52	0	0	0.43
251100	0.43	0.52	0.52	0	0	0.43
251200	0.43	0.52	0.52	0	0	0.43
251300	0.43	0.52	0.52	0	0	0.43
251400	0.43	0.52	0.52	0	0	0.43
251500	0.43	0.52	0.52	0	0	0.43
251600	0.43	0.52	0.52	0	0	0.43
251700	0.43	0.52	0.52	0	0	0.43
251800	0.43	0.52	0.52	0	0	0.43
251900	0.43	0.52	0.52	0	0	0.43
252000	0.43	0.52	0.52	0	0	0.43
252100	0.43	0.52	0.52	0	0	0.43
252200	0.43	0.52	0.52	0	0	0.43
252300	0.43	0.52	0.52	0	0	0.43
252400	0.43	0.52	0.52	0	0	0.43
252500	0.43	0.52	0.52	0	0	0.43
252600	0.43	0.52	0.52	0	0	0.43
252700	0.43	0.52	0.52	0	0	0.43
252800	0.42	0.52	0.52	0	0	0.42
252900	0.42	0.52	0.52	0	0	0.42
253000	0.42	0.52	0.52	0	0	0.42
253100	0.42	0.52	0.52	0	0	0.42
253200	0.42	0.52	0.52	0	0	0.42
253300	0.42	0.52	0.52	0	0	0.42
253400	0.42	0.52	0.52	0	0	0.42
253500	0.42	0.52	0.52	0	0	0.42
253600	0.42	0.52	0.52	0	0	0.42
253700	0.42	0.52	0.52	0	0	0.42
253800	0.42	0.52	0.52	0	0	0.42
253900	0.42	0.52	0.52	0	0	0.42
254000	0.42	0.52	0.52	0	0	0.42
254100	0.42	0.52	0.52	0	0	0.42
254200	0.42	0.52	0.52	0	0	0.42
254300	0.42	0.52	0.52	0	0	0.42
254400	0.42	0.52	0.52	0	0	0.42
254500	0.42	0.52	0.52	0	0	0.42
254600	0.42	0.52	0.52	0	0	0.42
254700	0.42	0.52	0.52	0	0	0.42
254800	0.42	0.52	0.52	0	0	0.42
254900	0.42	0.52	0.52	0	0	0.42
255000	0.42	0.52	0.52	0	0	0.42
255100	0.42	0.52	0.52	0	0	0.42
255200	0.42	0.52	0.52	0	0	0.42
255300	0.42	0.52	0.52	0	0	0.42
255400	0.42	0.52	0.52	0	0	0.42
255500	0.42	0.52	0.52	0	0	0.42
255600	0.42	0.52	0.52	0	0	0.42
255700	0.42	0.52	0.52	0	0	0.42
255800	0.42	0.52	0.52	0	0	0.42
255900	0.42	0.52	0.52	0	0	0.42
256000	0.42	0.52	0.52	0	0	0.42
256100	0.42	0.52	0.52	0	0	0.42
256200	0.42	0.52	0.52	0	0	0.42
256300	0.42	0.52	0.52	0	0	0.42
256400	0.42	0.52	0.52	0	0	0.42
256500	0.42	0.52	0.52	0	0	0.42
256600	0.42	0.52	0.52	0	0	0.42
256700	0.42	0.52	0.52	0	0	0.42
256800	0.42	0.52	0.52	0	0	0.42
256900	0.42	0.52	0.52	0	0	0.42
257000	0.42	0.52	0.52	0	0	0.42
257100	0.42	0.52	0.52	0	0	0.42
257200	0.42	0.53	0.53	0	0	0.42
257300	0.42	0.53	0.53	0	0	0.42
257400	0.42	0.53	0.53	0	0	0.42
257500	0.42	0.53	0.53	0	0	0.42
257600	0.42	0.53	0.53	0	0	0.42
257700	0.43	0.53	0.53	0	0	0.43
257800	0.43	0.53	0.53	0	0	0.43
257900	0.43	0.53	0.53	0	0	0.43
258000	0.43	0.53	0.53	0	0	0.43
258100	0.42	0.53	0.53	0	0	0.42
258200	0.42	0.53	0.53	0	0	0.42
258300	0.42	0.53	0.53	0	0	0.42
258400	0.42	0.53	0.53	0	0	0.42
258500	0.42	0.53	0.53	0	0	0.42
258600	0.42	0.53	0.53	0	0	0.42
258700	0.42	0.53	0.53	0	0	0.42
258800	0.42	0.53	0.53	0	0	0.42
258900	0.42	0.53	0.53	0	0	0.42
259000	0.42	0.53	0.53	0	0	0.42
259100	0.42	0.53	0.53	0	0	0.42
259200	0.42	0.53	0.53	0	0	0.42
259300	0.42	0.53	0.53	0	0	0.42
259400	0.42	0.53	0.53	0	0	0.42
259500	0.42	0.53	0.53	0	0	0.42
259600	0.42	0.53	0.53	0	0	0.42
259700	0.41	0.53	0.53	0	0	0.41
259800	0.41	0.53	0.53	0	0	0.41
259900	0.41	0.53	0.53	0	0	0.41
260000	0.41	0.53	0.53	0	0	0.41
260100	0.41	0.53	0.53	0	0	0.41
260200	0.41	0.53	0.53	0	0	0.41
260300	0.41	0.53	0.53	0	0	0.41
260400	0.41	0.53	0.53	0	0	0.41
260500	0.41	0.53	0.53	0	0	0.41
260600	0.41	0.53	0.53	0	0	0.41
260700	0.41	0.53	0.53	0	0	0.41
260800	0.41	0.53	0.53	0	0	0.41
260900	0.41	0.53	0.53	0	0	0.41
261000	0.41	0.53	0.53	0	0	0.41
261100	0.41	0.53	0.53	0	0	0.41
261200	0.41	0.53	0.53	0	0	0.41
261300	0.41	0.53	0.53	0	0	0.41
261400	0.41	0.53	0.53	0	0	0.41
261500	0.41	0.53	0.53	0	0	0.41
261600	0.41	0.53	0.53	0	0	0.41
261700	0.41	0.53	0.53	0	0	0.41
261800	0.41	0.53	0.53	0	0	0.41
261900	0.41	0.53	0.53	0	0	0.41
262000	0.41	0.53	0.53	0	0	0.41
262100	0.41	0.53	0.53	0	0	0.41
262200	0.41	0.53	0.53	0	0	0.41
262300	0.41	0.53	0.53	0	0	0.41
262400	0.41	0.53	0.53	0	0	0.41
262500	0.41	0.53	0.53	0	0	0.41
262600	0.41	0.53	0.53	0	0	0.41
262700	0.41	0.53	0.53	0	0	0.41
262800	0.41	0.53	0.53	0	0	0.41
262900	0.41	0.53	0.53	0	0	0.41
263000	0.41	0.53	0.53	0	0	0.41
263100	0.41	0.53	0.53	0	0	0.41
263200	0.41	0.53	0.53	0	0	0.41
263300	0.41	0.53	0.53	0	0	0.41
263400	0.41	0.53	0.53	0	0	0.41
263500	0.41	0.53	0.53	0	0	0.41
263600	0.41	0.53	0.53	0	0	0.41
263700	0.41	0.53	0.53	0	0	0.41
263800	0.41	0.53	0.53	0	0	0.41
263900	0.41	0.53	0.53	0	0	0.41
264000	0.41	0.53	0.53	0	0	0.41
264100	0.41	0.53	0.53	0	0	0.41
264200	0.41	0.53	0.53	0	0	0.41
264300	0.41	0.53	0.53	0	0	0.41
264400	0.41	0.53	0.53	0	0	0.41
264500	0.41	0.53	0.53	0	0	0.41
264600	0.41	0.53	0.53	0	0	0.41
264700	0.41	0.53	0.53	0	0	0.41
264800	0.41	0.53	0.53	0	0	0.41
264900	0.41	0.53	0.53	0	0	0.41
265000	0.41	0.53	0.53	0	0	0.41
265100	0.42	0.53	0.53	0	0	0.42
265200	0.42	0.53	0.53	0	0	0.42
265300	0.42	0.53	0.53	0	0	0.42
265400	0.41	0.53	0.53	0	0	0.41
265500	0.41	0.53	0.53	0	0	0.41
265600	0.41	0.53	0.53	0	0	0.41
265700	0.41	0.53	0.53	0	0	0.41
265800	0.41	0.53	0.53	0	0	0.41
265900	0.41	0.53	0.53	0	0	0.41
266000	0.41	0.53	0.53	0	0	0.41
266100	0.41	0.53	0.53	0	0	0.41
266200	0.41	0.53	0.53	0	0	0.41
266300	0.41	0.53	0.53	0	0	0.41
266400	0.41	0.53	0.53	0	0	0.41
266500	0.41	0.53	0.53	0	0	0.41
266600	0.41	0.53	0.53	0	0	0.41
266700	0.41	0.53	0.53	0	0	0.41
266800	0.41	0.53	0.53	0	0	0.41
266900	0.41	0.53	0.53	0	0	0.41
267000	0.41	0.53	0.53	0	0	0.41
267100	0.41	0.53	0.53	0	0	0.41
267200	0.41	0.53	0.53	0	0	0.41
267300	0.41	0.53	0.53	0	0	0.41
267400	0.41	0.53	0.53	0	0	0.41
267500	0.4	0.53	0.53	0	0	0.4
267600	0.4	0.53	0.53	0	0	0.4
267700	0.4	0.53	0.53	0	0	0.4
267800	0.4	0.53	0.53	0	0	0.4
267900	0.4	0.53	0.53	0	0	0.4
268000	0.4	0.53	0.53	0	0	0.4
268100	0.4	0.53	0.53	0	0	0.4
268200	0.4	0.53	0.53	0	0	0.4
268300	0.4	0.53	0.53	0	0	0.4
268400	0.4	0.53	0.53	0	0	0.4
268500	0.4	0.53	0.53	0	0	0.4
268600	0.4	0.53	0.53	0	0	0.4
268700	0.4	0.52	0.52	0	0	0.4
268800	0.4	0.52	0.52	0	0	0.4
268900	0.4	0.52	0.52	0	0	0.4
269000	0.4	0.52	0.52	0	0	0.4
269100	0.4	0.52	0.52	0	0	0.4
269200	0.4	0.52	0.52	0	0	0.4
269300	0.4	0.52	0.52	0	0	0.4
269400	0.4	0.52	0.52	0	0	0.4
269500	0.4	0.52	0.52	0	0	0.4
269600	0.4	0.53	0.53	0	0	0.4
269700	0.4	0.53	0.53	0	0	0.4
269800	0.4	0.53	0.53	0	0	0.4
269900	0.4	0.53	0.53	0	0	0.4
270000	0.4	0.53	0.53	0	0	0.4
270100	0.4	0.53	0.53	0	0	0.4
270200	0.4	0.53	0.53	0	0	0.4
270300	0.4	0.53	0.53	0	0	0.4
270400	0.4	0.53	0.53	0	0	0.4
270500	0.4	0.53	0.53	0	0	0.4
270600	0.4	0.53	0.53	0	0	0.4
270700	0.4	0.53	0.53	0	0	0.4
270800	0.41	0.53	0.53	0	0	0.41
270900	0.41	0.53	0.53	0	0	0.41
271000	0.41	0.53	0.53	0	0	0.41
271100	0.41	0.53	0.53	0	0	0.41
271200	0.4	0.53	0.53	0	0	0.4
271300	0.41	0.53	0.53	0	0	0.41
271400	0.41	0.53	0.53	0	0	0.41
271500	0.41	0.53	0.53	0	0	0.41
271600	0.41	0.53	0.53	0	0	0.41
271700	0.41	0.53	0.53	0	0	0.41
271800	0.41	0.53	0.53	0	0	0.41
271900	0.41	0.53	0.53	0	0	0.41
272000	0.41	0.53	0.53	0	0	0.41
272100	0.41	0.53	0.53	0	0	0.41
272200	0.41	0.53	0.53	0	0	0.41
272300	0.41	0.53	0.53	0	0	0.41
272400	0.41	0.53	0.53	0	0	0.41
272500	0.41	0.53	0.53	0	0	0.41
272600	0.41	0.53	0.53	0	0	0.41
272700	0.41	0.53	0.53	0	0	0.41
272800	0.41	0.53	0.53	0	0	0.41
272900	0.41	0.53	0.53	0	0	0.41
273000	0.41	0.53	0.53	0	0	0.41
273100	0.41	0.53	0.53	0	0	0.41
273200	0.41	0.53	0.53	0	0	0.41
273300	0.41	0.53	0.53	0	0	0.41
273400	0.41	0.53	0.53	0	0	0.41
273500	0.42	0.53	0.53	0	0	0.42
273600	0.42	0.53	0.53	0	0	0.42
273700	0.42	0.53	0.53	0	0	0.42
273800	0.42	0.53	0.53	0	0	0.42
273900	0.42	0.53	0.53	0	0	0.42
274000	0.42	0.53	0.53	0	0	0.42
274100	0.42	0.53	0.53	0	0	0.42
274200	0.42	0.53	0.53	0	0	0.42
274300	0.42	0.53	0.53	0	0	0.42
274400	0.42	0.53	0.53	0	0	0.42
274500	0.42	0.53	0.53	0	0	0.42
274600	0.43	0.53	0.53	0	0	0.43
274700	0.43	0.53	0.53	0	0	0.43
274800	0.43	0.53	0.53	0	0	0.43
274900	0.43	0.53	0.53	0	0	0.43
275000	0.43	0.53	0.53	0	0	0.43
275100	0.43	0.53	0.53	0	0	0.43
275200	0.43	0.53	0.53	0	0	0.43
275300	0.43	0.53	0.53	0	0	0.43
275400	0.43	0.53	0.53	0	0	0.43
275500	0.43	0.53	0.53	0	0	0.43
275600	0.43	0.53	0.53	0	0	0.43
275700	0.43	0.53	0.53	0	0	0.43
275800	0.43	0.53	0.53	0	0	0.43
275900	0.44	0.53	0.53	0	0	0.44
276000	0.44	0.53	0.53	0	0	0.44
276100	0.44	0.53	0.53	0	0	0.44
276200	0.44	0.53	0.53	0	0	0.44
276300	0.44	0.53	0.53	0	0	0.44
276400	0.44	0.53	0.53	0	0	0.44
276500	0.44	0.53	0.53	0	0	0.44
276600	0.44	0.53	0.53	0	0	0.44
276700	0.44	0.53	0.53	0	0	0.44
276800	0.44	0.53	0.53	0	0	0.44
276900	0.44	0.53	0.53	0	0	0.44
277000	0.44	0.53	0.53	0	0	0.44
277100	0.44	0.53	0.53	0	0	0.44
277200	0.44	0.53	0.53	0	0	0.44
277300	0.44	0.53	0.53	0	0	0.44
277400	0.44	0.53	0.53	0	0	0.44
277500	0.44	0.53	0.53	0	0	0.44
277600	0.44	0.53	0.53	0	0	0.44
277700	0.44	0.53	0.53	0	0	0.44
277800	0.44	0.53	0.53	0	0	0.44
277900	0.44	0.53	0.53	0	0	0.44
278000	0.44	0.53	0.53	0	0	0.44
278100	0.44	0.53	0.53	0	0	0.44
278200	0.44	0.53	0.53	0	0	0.44
278300	0.44	0.53	0.53	0	0	0.44
278400	0.44	0.53	0.53	0	0	0.44
278500	0.44	0.53	0.53	0	0	0.44
278600	0.44	0.53	0.53	0	0	0.44
278700	0.44	0.53	0.53	0	0	0.44
278800	0.44	0.53	0.53	0	0	0.44
278900	0.44	0.53	0.53	0	0	0.44
279000	0.44	0.53	0.53	0	0	0.44
279100	0.44	0.53	0.53	0	0	0.44
279200	0.44	0.53	0.53	0	0	0.44
279300	0.44	0.53	0.53	0	0	0.44
279400	0.44	0.53	0.53	0	0	0.44
279500	0.44	0.53	0.53	0	0	0.44
279600	0.44	0.53	0.53	0	0	0.44
279700	0.44	0.53	0.53	0	0	0.44
279800	0.44	0.53	0.53	0	0	0.44
279900	0.44	0.53	0.53	0	0	0.44
280000	0.44	0.53	0.53	0	0	0.44
280100	0.44	0.53	0.53	0	0	0.44
280200	0.44	0.53	0.53	0	0	0.44
280300	0.44	0.53	0.53	0	0	0.44
280400	0.44	0.53	0.53	0	0	0.44
280500	0.44	0.53	0.53	0	0	0.44
280600	0.44	0.53	0.53	0	0	0.44
280700	0.44	0.53	0.53	0	0	0.44
280800	0.44	0.53	0.53	0	0	0.44
280900	0.44	0.53	0.53	0	0	0.44
281000	0.44	0.53	0.53	0	0	0.44
281100	0.44	0.53	0.53	0	0	0.44
281200	0.44	0.53	0.53	0	0	0.44
281300	0.44	0.53	0.53	0	0	0.44
281400	0.44	0.53	0.53	0	0	0.44
281500	0.44	0.53	0.53	0	0	0.44
281600	0.44	0.53	0.53	0	0	0.44
281700	0.44	0.53	0.53	0	0	0.44
281800	0.44	0.53	0.53	0	0	0.44
281900	0.44	0.53	0.53	0	0	0.44
282000	0.44	0.53	0.53	0	0	0.44
282100	0.44	0.53	0.53	0	0	0.44
282200	0.44	0.53	0.53	0	0	0.44
282300	0.44	0.53	0.53	0	0	0.44
282400	0.44	0.53	0.53	0	0	0.44
282500	0.44	0.53	0.53	0	0	0.44
282600	0.44	0.53	0.53	0	0	0.44
282700	0.44	0.53	0.53	0	0	0.44
282800	0.44	0.53	0.53	0	0	0.44
282900	0.44	0.53	0.53	0	0	0.44
283000	0.44	0.53	0.53	0	0	0.44
283100	0.44	0.53	0.53	0	0	0.44
283200	0.44	0.53	0.53	0	0	0.44
283300	0.44	0.53	0.53	0	0	0.44
283400	0.44	0.53	0.53	0	0	0.44
283500	0.44	0.53	0.53	0	0	0.44
283600	0.44	0.53	0.53	0	0	0.44
283700	0.44	0.53	0.53	0	0	0.44
283800	0.44	0.53	0.53	0	0	0.44
283900	0.44	0.53	0.53	0	0	0.44
284000	0.44	0.53	0.53	0	0	0.44
284100	0.44	0.53	0.53	0	0	0.44
284200	0.44	0.53	0.53	0	0	0.44
284300	0.44	0.53	0.53	0	0	0.44
284400	0.44	0.53	0.53	0	0	0.44
284500	0.44	0.53	0.53	0	0	0.44
284600	0.44	0.53	0.53	0	0	0.44
284700	0.44	0.53	0.53	0	0	0.44
284800	0.44	0.53	0.53	0	0	0.44
284900	0.44	0.53	0.53	0	0	0.44
285000	0.44	0.53	0.53	0	0	0.44
285100	0.44	0.53	0.53	0	0	0.44
285200	0.44	0.53	0.53	0	0	0.44
285300	0.44	0.53	0.53	0	0	0.44
285400	0.44	0.53	0.53	0	0	0.44
285500	0.44	0.53	0.53	0	0	0.44
285600	0.44	0.53	0.53	0	0	0.44
285700	0.44	0.53	0.53	0	0	0.44
285800	0.44	0.53	0.53	0	0	0.44
285900	0.44	0.53	0.53	0	0	0.44
286000	0.44	0.53	0.53	0	0	0.44
286100	0.44	0.53	0.53	0	0	0.44
286200	0.44	0.53	0.53	0	0	0.44
286300	0.44	0.53	0.53	0	0	0.44
286400	0.44	0.53	0.53	0	0	0.44
286500	0.44	0.53	0.53	0	0	0.44
286600	0.44	0.53	0.53	0	0	0.44
286700	0.44	0.53	0.53	0	0	0.44
286800	0.44	0.53	0.53	0	0	0.44
286900	0.44	0.53	0.53	0	0	0.44
287000	0.44	0.53	0.53	0	0	0.44
287100	0.44	0.53	0.53	0	0	0.44
287200	0.44	0.53	0.53	0	0	0.44
287300	0.44	0.53	0.53	0	0	0.44
287400	0.44	0.53	0.53	0	0	0.44
287500	0.44	0.53	0.53	0	0	0.44
287600	0.44	0.53	0.53	0	0	0.44
287700	0.44	0.53	0.53	0	0	0.44
287800	0.44	0.53	0.53	0	0	0.44
287900	0.44	0.53	0.53	0	0	0.44
288000	0.44	0.53	0.53	0	0	0.44
288100	0.44	0.53	0.53	0	0	0.44
288200	0.44	0.53	0.53	0	0	0.44
288300	0.44	0.53	0.53	0	0	0.44
288400	0.44	0.53	0.53	0	0	0.44
288500	0.44	0.53	0.53	0	0	0.44
288600	0.44	0.53	0.53	0	0	0.44
288700	0.44	0.53	0.53	0	0	0.44
288800	0.44	0.53	0.53	0	0	0.44
288900	0.44	0.53	0.53	0	0	0.44
289000	0.44	0.53	0.53	0	0	0.44
289100	0.44	0.53	0.53	0	0	0.44
289200	0.44	0.53	0.53	0	0	0.44
289300	0.44	0.53	0.53	0	0	0.44
289400	0.44	0.53	0.53	0	0	0.44
289500	0.44	0.53	0.53	0	0	0.44
289600	0.44	0.53	0.53	0	0	0.44
289700	0.44	0.53	0.53	0	0	0.44
289800	0.44	0.53	0.53	0	0	0.44
289900	0.44	0.53	0.53	0	0	0.44
290000	0.44	0.53	0.53	0	0	0.44
290100	0.44	0.53	0.53	0	0	0.44
290200	0.44	0.53	0.53	0	0	0.44
290300	0.44	0.53	0.53	0	0	0.44
290400	0.44	0.53	0.53	0	0	0.44
290500	0.44	0.53	0.53	0	0	0.44
290600	0.44	0.53	0.53	0	0	0.44
290700	0.44	0.53	0.53	0	0	0.44
290800	0.44	0.53	0.53	0	0	0.44
290900	0.44	0.53	0.53	0	0	0.44
291000	0.44	0.53	0.53	0	0	0.44
291100	0.44	0.53	0.53	0	0	0.44
291200	0.44	0.53	0.53	0	0	0.44
291300	0.44	0.53	0.53	0	0	0.44
291400	0.44	0.53	0.53	0	0	0.44
291500	0.44	0.53	0.53	0	0	0.44
291600	0.44	0.53	0.53	0	0	0.44
291700	0.44	0.53	0.53	0	0	0.44
291800	0.44	0.53	0.53	0	0	0.44
291900	0.44	0.53	0.53	0	0	0.44
292000	0.44	0.53	0.53	0	0	0.44
292100	0.44	0.53	0.53	0	0	0.44
292200	0.44	0.53	0.53	0	0	0.44
292300	0.44	0.53	0.53	0	0	0.44
292400	0.44	0.53	0.53	0	0	0.44
292500	0.44	0.53	0.53	0	0	0.44
292600	0.44	0.53	0.53	0	0	0.44
292700	0.44	0.53	0.53	0	0	0.44
292800	0.44	0.53	0.53	0	0	0.44
292900	0.44	0.53	0.53	0	0	0.44
293000	0.44	0.53	0.53	0	0	0.44
293100	0.44	0.53	0.53	0	0	0.44
293200	0.44	0.53	0.53	0	0	0.44
293300	0.44	0.53	0.53	0	0	0.44
293400	0.44	0.53	0.53	0	0	0.44
293500	0.44	0.53	0.53	0	0	0.44
293600	0.44	0.53	0.53	0	0	0.44
293700	0.44	0.53	0.53	0	0	0.44
293800	0.44	0.53	0.53	0	0	0.44
293900	0.44	0.53	0.53	0	0	0.44
294000	0.44	0.53	0.53	0	0	0.44
294100	0.44	0.53	0.53	0	0	0.44
294200	0.44	0.53	0.53	0	0	0.44
294300	0.44	0.53	0.53	0	0	0.44
294400	0.44	0.53	0.53	0	0	0.44
294500	0.44	0.53	0.53	0	0	0.44
294600	0.44	0.53	0.53	0	0	0.44
294700	0.44	0.53	0.53	0	0	0.44
294800	0.44	0.53	0.53	0	0	0.44
294900	0.44	0.53	0.53	0	0	0.44
295000	0.44	0.53	0.53	0	0	0.44
295100	0.44	0.53	0.53	0	0	0.44
295200	0.44	0.53	0.53	0	0	0.44
295300	0.44	0.53	0.53	0	0	0.44
295400	0.44	0.53	0.53	0	0	0.44
295500	0.44	0.53	0.53	0	0	0.44
295600	0.44	0.53	0.53	0	0	0.44
295700	0.44	0.53	0.53	0	0	0.44
295800	0.44	0.53	0.53	0	0	0.44
295900	0.44	0.53	0.53	0	0	0.44
296000	0.44	0.53	0.53	0	0	0.44
296100	0.44	0.53	0.53	0	0	0.44
296200	0.44	0.53	0.53	0	0	0.44
296300	0.44	0.53	0.53	0	0	0.44
296400	0.44	0.53	0.53	0	0	0.44
296500	0.44	0.53	0.53	0	0	0.44
296600	0.44	0.53	0.53	0	0	0.44
296700	0.44	0.53	0.53	0	0	0.44
296800	0.44	0.53	0.53	0	0	0.44
296900	0.44	0.53	0.53	0	0	0.44
297000	0.44	0.53	0.53	0	0	0.44
297100	0.44	0.53	0.53	0	0	0.44
297200	0.44	0.53	0.53	0	0	0.44
297300	0.44	0.53	0.53	0	0	0.44
297400	0.44	0.53	0.53	0	0	0.44
297500	0.44	0.53	0.53	0	0	0.44
297600	0.44	0.53	0.53	0	0	0.44
297700	0.44	0.53	0.53	0	0	0.44
297800	0.44	0.53	0.53	0	0	0.44
297900	0.44	0.53	0.53	0	0	0.44
298000	0.44	0.53	0.53	0	0	0.44
298100	0.44	0.53	0.53	0	0	0.44
298200	0.44	0.53	0.53	0	0	0.44
298300	0.44	0.53	0.53	0	0	0.44
298400	0.44	0.53	0.53	0	0	0.44
298500	0.44	0.53	0.53	0	0	0.44
298600	0.44	0.52	0.52	0	0	0.44
298700	0.44	0.52	0.52	0	0	0.44
298800	0.44	0.52	0.52	0	0	0.44
298900	0.44	0.52	0.52	0	0	0.44
299000	0.44	0.52	0.52	0	0	0.44
299100	0.44	0.52	0.52	0	0	0.44
299200	0.44	0.52	0.52	0	0	0.44
299300	0.44	0.52	0.52	0	0	0.44
299400	0.44	0.52	0.52	0	0	0.44
299500	0.44	0.52	0.52	0	0	0.44
299600	0.44	0.52	0.52	0	0	0.44
299700	0.44	0.52	0.52	0	0	0.44
299800	0.44	0.52	0.52	0	0	0.44
299900	0.44	0.52	0.52	0	0	0.44
300000	0.44	0.52	0.52	0	0	0.44
