100	0.06	0.06	0.06	0	0	0.06
200	0.07	0.04	0.04	0	0	0.07
300	0.07	0.06	0.06	0	0	0.07
400	0.06	0.06	0.06	0	0	0.06
500	0.05	0.06	0.06	0	0	0.05
600	0.04	0.06	0.06	0	0	0.04
700	0.03	0.07	0.07	0	0	0.03
800	0.04	0.08	0.08	0	0	0.04
900	0.04	0.07	0.07	0	0	0.04
1000	0.03	0.05	0.05	0	0	0.03
1100	0.03	0.04	0.04	0	0	0.03
1200	0.03	0.05	0.05	0	0	0.03
1300	0.01	0.05	0.05	0	0	0.01
1400	0	0.06	0.06	0	0	0
1500	0.01	0.05	0.05	0	0	0.01
1600	0.01	0.05	0.05	0	0	0.01
1700	0.01	0.03	0.03	0	0	0.01
1800	0.02	0.01	0.01	0	0	0.02
1900	0.04	0.05	0.05	0	0	0.04
2000	0.01	0.04	0.04	0	0	0.01
2100	0	0.04	0.04	0	0	0
2200	0	0.05	0.05	0	0	0
2300	0.01	0.05	0.05	0	0	0.01
2400	0.02	0.04	0.04	0	0	0.02
2500	0.03	0.05	0.05	0	0	0.03
2600	0.02	0.05	0.05	0	0	0.02
2700	0.02	0.07	0.07	0	0	0.02
2800	0.01	0.07	0.07	0	0	0.01
2900	0	0.06	0.06	0	0	0
3000	0	0.04	0.04	0	0	0
3100	0.01	0.05	0.05	0	0	0.01
3200	0.01	0.06	0.06	0	0	0.01
3300	0.02	0.07	0.07	0	0	0.02
3400	0.04	0.07	0.07	0	0	0.04
3500	0.01	0.06	0.06	0	0	0.01
3600	0.02	0.07	0.07	0	0	0.02
3700	0.03	0.07	0.07	0	0	0.03
3800	0.03	0.09	0.09	0	0	0.03
3900	0.02	0.1	0.1	0	0	0.02
4000	0.02	0.11	0.11	0	0	0.02
4100	0.02	0.11	0.11	0	0	0.02
4200	0.03	0.1	0.1	0	0	0.03
4300	0.03	0.09	0.09	0	0	0.03
4400	0.05	0.07	0.07	0	0	0.05
4500	0.06	0.07	0.07	0	0	0.06
4600	0.05	0.08	0.08	0	0	0.05
4700	0.03	0.1	0.1	0	0	0.03
4800	0.01	0.12	0.12	0	0	0.01
4900	0.02	0.13	0.13	0	0	0.02
5000	0.04	0.12	0.12	0	0	0.04
5100	0.05	0.12	0.12	0	0	0.05
5200	0.05	0.11	0.11	0	0	0.05
5300	0.05	0.1	0.1	0	0	0.05
5400	0.03	0.1	0.1	0	0	0.03
5500	0.03	0.09	0.09	0	0	0.03
5600	0.02	0.09	0.09	0	0	0.02
5700	0.02	0.09	0.09	0	0	0.02
5800	0.02	0.1	0.1	0	0	0.02
5900	0.03	0.12	0.12	0	0	0.03
6000	0.02	0.13	0.13	0	0	0.02
6100	0.04	0.13	0.13	0	0	0.04
6200	0.04	0.12	0.12	0	0	0.04
6300	0.03	0.1	0.1	0	0	0.03
6400	0.02	0.1	0.1	0	0	0.02
6500	0.02	0.11	0.11	0	0	0.02
6600	0.05	0.13	0.13	0	0	0.05
6700	0.04	0.13	0.13	0	0	0.04
6800	0.04	0.14	0.14	0	0	0.04
6900	0.04	0.16	0.16	0	0	0.04
7000	0.03	0.16	0.16	0	0	0.03
7100	0.02	0.16	0.16	0	0	0.02
7200	0.01	0.15	0.15	0	0	0.01
7300	0.03	0.15	0.15	0	0	0.03
7400	0.02	0.16	0.16	0	0	0.02
7500	0.01	0.16	0.16	0	0	0.01
7600	0.01	0.16	0.16	0	0	0.01
7700	0.02	0.17	0.17	0	0	0.02
7800	0.02	0.17	0.17	0	0	0.02
7900	0.01	0.18	0.18	0	0	0.01
8000	0	0.19	0.19	0	0	0
8100	0	0.2	0.2	0	0	0
8200	0	0.19	0.19	0	0	0
8300	0.01	0.19	0.19	0	0	0.01
8400	0.03	0.2	0.2	0	0	0.03
8500	0.03	0.19	0.19	0	0	0.03
8600	0.03	0.19	0.19	0	0	0.03
8700	0.03	0.19	0.19	0	0	0.03
8800	0.02	0.19	0.19	0	0	0.02
8900	0.01	0.2	0.2	0	0	0.01
9000	0.03	0.23	0.23	0	0	0.03
9100	0.03	0.23	0.23	0	0	0.03
9200	0.04	0.23	0.23	0	0	0.04
9300	0.04	0.25	0.25	0	0	0.04
9400	0.03	0.24	0.24	0	0	0.03
9500	0.03	0.23	0.23	0	0	0.03
9600	0.01	0.23	0.23	0	0	0.01
9700	0.02	0.23	0.23	0	0	0.02
9800	0.02	0.23	0.23	0	0	0.02
9900	0.02	0.24	0.24	0	0	0.02
10000	0.02	0.23	0.23	0	0	0.02
10100	0.01	0.23	0.23	0	0	0.01
10200	0	0.25	0.25	0	0	0
10300	0	0.25	0.25	0	0	0
10400	0	0.25	0.25	0	0	0
10500	0	0.25	0.25	0	0	0
10600	0.01	0.25	0.25	0	0	0.01
10700	0.01	0.25	0.25	0	0	0.01
10800	0.01	0.28	0.28	0	0	0.01
10900	0.01	0.28	0.28	0	0	0.01
11000	0.01	0.28	0.28	0	0	0.01
11100	0.02	0.27	0.27	0	0	0.02
11200	0.02	0.27	0.27	0	0	0.02
11300	0.01	0.27	0.27	0	0	0.01
11400	0	0.28	0.28	0	0	0
11500	0.01	0.28	0.28	0	0	0.01
11600	0.01	0.28	0.28	0	0	0.01
11700	0.02	0.29	0.29	0	0	0.02
11800	0.03	0.29	0.29	0	0	0.03
11900	0.04	0.3	0.3	0	0	0.04
12000	0.04	0.3	0.3	0	0	0.04
12100	0.04	0.3	0.3	0	0	0.04
12200	0.05	0.3	0.3	0	0	0.05
12300	0.04	0.3	0.3	0	0	0.04
12400	0.03	0.3	0.3	0	0	0.03
12500	0.03	0.3	0.3	0	0	0.03
12600	0.02	0.32	0.32	0	0	0.02
12700	0.02	0.33	0.33	0	0	0.02
12800	0.03	0.33	0.33	0	0	0.03
12900	0.02	0.33	0.33	0	0	0.02
13000	0.03	0.33	0.33	0	0	0.03
13100	0.03	0.33	0.33	0	0	0.03
13200	0.02	0.33	0.33	0	0	0.02
13300	0.01	0.33	0.33	0	0	0.01
13400	0.02	0.33	0.33	0	0	0.02
13500	0.02	0.32	0.32	0	0	0.02
13600	0.02	0.35	0.35	0	0	0.02
13700	0.02	0.35	0.35	0	0	0.02
13800	0.03	0.35	0.35	0	0	0.03
13900	0.03	0.35	0.35	0	0	0.03
14000	0.02	0.35	0.35	0	0	0.02
14100	0.05	0.35	0.35	0	0	0.05
14200	0.04	0.36	0.36	0	0	0.04
14300	0.03	0.36	0.36	0	0	0.03
14400	0.01	0.36	0.36	0	0	0.01
14500	0.01	0.36	0.36	0	0	0.01
14600	0.02	0.36	0.36	0	0	0.02
14700	0.05	0.36	0.36	0	0	0.05
14800	0.05	0.36	0.36	0	0	0.05
14900	0.06	0.36	0.36	0	0	0.06
15000	0.05	0.36	0.36	0	0	0.05
15100	0.06	0.37	0.37	0	0	0.06
15200	0.05	0.37	0.37	0	0	0.05
15300	0.03	0.37	0.37	0	0	0.03
15400	0.02	0.37	0.37	0	0	0.02
15500	0.02	0.38	0.38	0	0	0.02
15600	0.01	0.39	0.39	0	0	0.01
15700	0.02	0.39	0.39	0	0	0.02
15800	0.02	0.39	0.39	0	0	0.02
15900	0.04	0.39	0.39	0	0	0.04
16000	0.05	0.38	0.38	0	0	0.05
16100	0.05	0.37	0.37	0	0	0.05
16200	0.02	0.37	0.37	0	0	0.02
16300	0.03	0.37	0.37	0	0	0.03
16400	0.03	0.37	0.37	0	0	0.03
16500	0.04	0.37	0.37	0	0	0.04
16600	0.03	0.37	0.37	0	0	0.03
16700	0.03	0.38	0.38	0	0	0.03
16800	0.03	0.38	0.38	0	0	0.03
16900	0.03	0.38	0.38	0	0	0.03
17000	0.01	0.38	0.38	0	0	0.01
17100	0.02	0.37	0.37	0	0	0.02
17200	0.02	0.36	0.36	0	0	0.02
17300	0.02	0.36	0.36	0	0	0.02
17400	0.02	0.37	0.37	0	0	0.02
17500	0.04	0.38	0.38	0	0	0.04
17600	0.04	0.39	0.39	0	0	0.04
17700	0.03	0.39	0.39	0	0	0.03
17800	0.01	0.38	0.38	0	0	0.01
17900	0.01	0.39	0.39	0	0	0.01
18000	0	0.39	0.39	0	0	0
18100	0	0.39	0.39	0	0	0
18200	0	0.39	0.39	0	0	0
18300	0.01	0.39	0.39	0	0	0.01
18400	0.01	0.39	0.39	0	0	0.01
18500	0.02	0.39	0.39	0	0	0.02
18600	0.03	0.39	0.39	0	0	0.03
18700	0.03	0.39	0.39	0	0	0.03
18800	0.04	0.4	0.4	0	0	0.04
18900	0.03	0.41	0.41	0	0	0.03
19000	0.03	0.41	0.41	0	0	0.03
19100	0.02	0.41	0.41	0	0	0.02
19200	0.03	0.41	0.41	0	0	0.03
19300	0.05	0.41	0.41	0	0	0.05
19400	0.05	0.4	0.4	0	0	0.05
19500	0.05	0.4	0.4	0	0	0.05
19600	0.03	0.41	0.41	0	0	0.03
19700	0.04	0.41	0.41	0	0	0.04
19800	0.05	0.41	0.41	0	0	0.05
19900	0.03	0.41	0.41	0	0	0.03
20000	0.01	0.43	0.43	0	0	0.01
20100	0.01	0.43	0.43	0	0	0.01
20200	0.01	0.43	0.43	0	0	0.01
20300	0.01	0.44	0.44	0	0	0.01
20400	0.01	0.44	0.44	0	0	0.01
20500	0.01	0.44	0.44	0	0	0.01
20600	0.03	0.44	0.44	0	0	0.03
20700	0.02	0.44	0.44	0	0	0.02
20800	0.03	0.44	0.44	0	0	0.03
20900	0.03	0.44	0.44	0	0	0.03
21000	0.04	0.44	0.44	0	0	0.04
21100	0.04	0.45	0.45	0	0	0.04
21200	0.04	0.46	0.46	0	0	0.04
21300	0.02	0.46	0.46	0	0	0.02
21400	0.04	0.45	0.45	0	0	0.04
21500	0.05	0.44	0.44	0	0	0.05
21600	0.04	0.44	0.44	0	0	0.04
21700	0.04	0.45	0.45	0	0	0.04
21800	0.03	0.45	0.45	0	0	0.03
21900	0.01	0.44	0.44	0	0	0.01
22000	0.02	0.44	0.44	0	0	0.02
22100	0.04	0.44	0.44	0	0	0.04
22200	0.04	0.46	0.46	0	0	0.04
22300	0.02	0.46	0.46	0	0	0.02
22400	0.03	0.47	0.47	0	0	0.03
22500	0.03	0.47	0.47	0	0	0.03
22600	0.02	0.46	0.46	0	0	0.02
22700	0	0.46	0.46	0	0	0
22800	0	0.46	0.46	0	0	0
22900	0.02	0.47	0.47	0	0	0.02
23000	0.02	0.46	0.46	0	0	0.02
23100	0.01	0.47	0.47	0	0	0.01
23200	0	0.46	0.46	0	0	0
23300	0.01	0.46	0.46	0	0	0.01
23400	0.01	0.46	0.46	0	0	0.01
23500	0.02	0.46	0.46	0	0	0.02
23600	0.03	0.46	0.46	0	0	0.03
23700	0.02	0.45	0.45	0	0	0.02
23800	0.02	0.45	0.45	0	0	0.02
23900	0.02	0.45	0.45	0	0	0.02
24000	0.03	0.45	0.45	0	0	0.03
24100	0.03	0.45	0.45	0	0	0.03
24200	0.03	0.45	0.45	0	0	0.03
24300	0.03	0.45	0.45	0	0	0.03
24400	0.03	0.46	0.46	0	0	0.03
24500	0.03	0.45	0.45	0	0	0.03
24600	0.03	0.45	0.45	0	0	0.03
24700	0.02	0.45	0.45	0	0	0.02
24800	0.02	0.45	0.45	0	0	0.02
24900	0.02	0.46	0.46	0	0	0.02
25000	0.01	0.47	0.47	0	0	0.01
25100	0.02	0.47	0.47	0	0	0.02
25200	0.02	0.47	0.47	0	0	0.02
25300	0.02	0.47	0.47	0	0	0.02
25400	0.02	0.47	0.47	0	0	0.02
25500	0.01	0.47	0.47	0	0	0.01
25600	0	0.49	0.49	0	0	0
25700	0	0.48	0.48	0	0	0
25800	0.01	0.48	0.48	0	0	0.01
25900	0.01	0.48	0.48	0	0	0.01
26000	0.01	0.48	0.48	0	0	0.01
26100	0.01	0.48	0.48	0	0	0.01
26200	0.02	0.48	0.48	0	0	0.02
26300	0.01	0.48	0.48	0	0	0.01
26400	0	0.49	0.49	0	0	0
26500	0	0.49	0.49	0	0	0
26600	0	0.49	0.49	0	0	0
26700	0	0.5	0.5	0	0	0
26800	0.01	0.5	0.5	0	0	0.01
26900	0.02	0.5	0.5	0	0	0.02
27000	0.02	0.5	0.5	0	0	0.02
27100	0.03	0.5	0.5	0	0	0.03
27200	0.05	0.5	0.5	0	0	0.05
27300	0.07	0.5	0.5	0	0	0.07
27400	0.06	0.52	0.52	0	0	0.06
27500	0.08	0.52	0.52	0	0	0.08
27600	0.05	0.52	0.52	0	0	0.05
27700	0.05	0.52	0.52	0	0	0.05
27800	0.05	0.52	0.52	0	0	0.05
27900	0.04	0.52	0.52	0	0	0.04
28000	0.03	0.52	0.52	0	0	0.03
28100	0.04	0.52	0.52	0	0	0.04
28200	0.03	0.52	0.52	0	0	0.03
28300	0.02	0.52	0.52	0	0	0.02
28400	0	0.51	0.51	0	0	0
28500	0.01	0.51	0.51	0	0	0.01
28600	0.02	0.51	0.51	0	0	0.02
28700	0.03	0.51	0.51	0	0	0.03
28800	0.02	0.51	0.51	0	0	0.02
28900	0.03	0.51	0.51	0	0	0.03
29000	0.03	0.51	0.51	0	0	0.03
29100	0.02	0.51	0.51	0	0	0.02
29200	0.02	0.51	0.51	0	0	0.02
29300	0.01	0.51	0.51	0	0	0.01
29400	0.01	0.51	0.51	0	0	0.01
29500	0.01	0.51	0.51	0	0	0.01
29600	0.02	0.51	0.51	0	0	0.02
29700	0.03	0.51	0.51	0	0	0.03
29800	0.04	0.51	0.51	0	0	0.04
29900	0.04	0.51	0.51	0	0	0.04
30000	0.04	0.51	0.51	0	0	0.04
30100	0.04	0.51	0.51	0	0	0.04
30200	0.02	0.51	0.51	0	0	0.02
30300	0.04	0.51	0.51	0	0	0.04
30400	0.05	0.51	0.51	0	0	0.05
30500	0.05	0.51	0.51	0	0	0.05
30600	0.04	0.51	0.51	0	0	0.04
30700	0.04	0.51	0.51	0	0	0.04
30800	0.05	0.51	0.51	0	0	0.05
30900	0.02	0.51	0.51	0	0	0.02
31000	0.03	0.51	0.51	0	0	0.03
31100	0.04	0.53	0.53	0	0	0.04
31200	0.03	0.53	0.53	0	0	0.03
31300	0.04	0.52	0.52	0	0	0.04
31400	0.02	0.52	0.52	0	0	0.02
31500	0	0.52	0.52	0	0	0
31600	0	0.52	0.52	0	0	0
31700	0	0.52	0.52	0	0	0
31800	0	0.52	0.52	0	0	0
31900	0	0.52	0.52	0	0	0
32000	0	0.51	0.51	0	0	0
32100	0.01	0.51	0.51	0	0	0.01
32200	0.01	0.51	0.51	0	0	0.01
32300	0.01	0.51	0.51	0	0	0.01
32400	0.01	0.51	0.51	0	0	0.01
32500	0.02	0.51	0.51	0	0	0.02
32600	0.02	0.51	0.51	0	0	0.02
32700	0.02	0.51	0.51	0	0	0.02
32800	0.02	0.51	0.51	0	0	0.02
32900	0.02	0.52	0.52	0	0	0.02
33000	0.02	0.52	0.52	0	0	0.02
33100	0.02	0.52	0.52	0	0	0.02
33200	0.03	0.52	0.52	0	0	0.03
33300	0.03	0.52	0.52	0	0	0.03
33400	0.03	0.52	0.52	0	0	0.03
33500	0.02	0.52	0.52	0	0	0.02
33600	0.04	0.52	0.52	0	0	0.04
33700	0.03	0.52	0.52	0	0	0.03
33800	0.03	0.52	0.52	0	0	0.03
33900	0.04	0.52	0.52	0	0	0.04
34000	0.04	0.53	0.53	0	0	0.04
34100	0.04	0.53	0.53	0	0	0.04
34200	0.03	0.53	0.53	0	0	0.03
34300	0.04	0.53	0.53	0	0	0.04
34400	0.04	0.53	0.53	0	0	0.04
34500	0.04	0.53	0.53	0	0	0.04
34600	0.05	0.53	0.53	0	0	0.05
34700	0.04	0.53	0.53	0	0	0.04
34800	0.03	0.53	0.53	0	0	0.03
34900	0.03	0.53	0.53	0	0	0.03
35000	0.03	0.53	0.53	0	0	0.03
35100	0.02	0.54	0.54	0	0	0.02
35200	0.03	0.54	0.54	0	0	0.03
35300	0.05	0.54	0.54	0	0	0.05
35400	0.06	0.54	0.54	0	0	0.06
35500	0.06	0.54	0.54	0	0	0.06
35600	0.04	0.54	0.54	0	0	0.04
35700	0.02	0.54	0.54	0	0	0.02
35800	0.01	0.54	0.54	0	0	0.01
35900	0	0.54	0.54	0	0	0
36000	0	0.54	0.54	0	0	0
36100	0.01	0.54	0.54	0	0	0.01
36200	0	0.54	0.54	0	0	0
36300	0.03	0.54	0.54	0	0	0.03
36400	0.03	0.54	0.54	0	0	0.03
36500	0.01	0.54	0.54	0	0	0.01
36600	0.03	0.54	0.54	0	0	0.03
36700	0.01	0.54	0.54	0	0	0.01
36800	0.03	0.54	0.54	0	0	0.03
36900	0.03	0.54	0.54	0	0	0.03
37000	0.03	0.54	0.54	0	0	0.03
37100	0.03	0.54	0.54	0	0	0.03
37200	0.03	0.54	0.54	0	0	0.03
37300	0.02	0.54	0.54	0	0	0.02
37400	0.02	0.54	0.54	0	0	0.02
37500	0	0.54	0.54	0	0	0
37600	0	0.54	0.54	0	0	0
37700	0	0.54	0.54	0	0	0
37800	0.03	0.54	0.54	0	0	0.03
37900	0.04	0.54	0.54	0	0	0.04
38000	0.04	0.54	0.54	0	0	0.04
38100	0.05	0.54	0.54	0	0	0.05
38200	0.04	0.54	0.54	0	0	0.04
38300	0.05	0.53	0.53	0	0	0.05
38400	0.02	0.53	0.53	0	0	0.02
38500	0.02	0.52	0.52	0	0	0.02
38600	0.02	0.53	0.53	0	0	0.02
38700	0.01	0.53	0.53	0	0	0.01
38800	0.01	0.53	0.53	0	0	0.01
38900	0.01	0.53	0.53	0	0	0.01
39000	0.01	0.53	0.53	0	0	0.01
39100	0.01	0.53	0.53	0	0	0.01
39200	0.01	0.53	0.53	0	0	0.01
39300	0.02	0.53	0.53	0	0	0.02
39400	0.02	0.53	0.53	0	0	0.02
39500	0.03	0.53	0.53	0	0	0.03
39600	0.03	0.53	0.53	0	0	0.03
39700	0.04	0.53	0.53	0	0	0.04
39800	0.05	0.53	0.53	0	0	0.05
39900	0.07	0.53	0.53	0	0	0.07
40000	0.06	0.53	0.53	0	0	0.06
40100	0.06	0.53	0.53	0	0	0.06
40200	0.06	0.53	0.53	0	0	0.06
40300	0.07	0.53	0.53	0	0	0.07
40400	0.06	0.53	0.53	0	0	0.06
40500	0.05	0.53	0.53	0	0	0.05
40600	0.02	0.53	0.53	0	0	0.02
40700	0.01	0.53	0.53	0	0	0.01
40800	0.01	0.53	0.53	0	0	0.01
40900	0.01	0.53	0.53	0	0	0.01
41000	0.02	0.54	0.54	0	0	0.02
41100	0.02	0.54	0.54	0	0	0.02
41200	0.01	0.53	0.53	0	0	0.01
41300	0.01	0.53	0.53	0	0	0.01
41400	0.02	0.53	0.53	0	0	0.02
41500	0.01	0.53	0.53	0	0	0.01
41600	0.01	0.53	0.53	0	0	0.01
41700	0.01	0.53	0.53	0	0	0.01
41800	0.01	0.53	0.53	0	0	0.01
41900	0	0.53	0.53	0	0	0
42000	0	0.53	0.53	0	0	0
42100	0	0.53	0.53	0	0	0
42200	0.01	0.53	0.53	0	0	0.01
42300	0.01	0.53	0.53	0	0	0.01
42400	0	0.53	0.53	0	0	0
42500	0.02	0.53	0.53	0	0	0.02
42600	0.02	0.53	0.53	0	0	0.02
42700	0.02	0.53	0.53	0	0	0.02
42800	0	0.53	0.53	0	0	0
42900	0.02	0.53	0.53	0	0	0.02
43000	0.05	0.53	0.53	0	0	0.05
43100	0.06	0.53	0.53	0	0	0.06
43200	0.05	0.53	0.53	0	0	0.05
43300	0.07	0.53	0.53	0	0	0.07
43400	0.04	0.53	0.53	0	0	0.04
43500	0.05	0.53	0.53	0	0	0.05
43600	0.04	0.53	0.53	0	0	0.04
43700	0.05	0.53	0.53	0	0	0.05
43800	0.06	0.53	0.53	0	0	0.06
43900	0.06	0.53	0.53	0	0	0.06
44000	0.05	0.53	0.53	0	0	0.05
44100	0.05	0.53	0.53	0	0	0.05
44200	0.07	0.53	0.53	0	0	0.07
44300	0.07	0.53	0.53	0	0	0.07
44400	0.06	0.53	0.53	0	0	0.06
44500	0.04	0.53	0.53	0	0	0.04
44600	0.03	0.53	0.53	0	0	0.03
44700	0.01	0.53	0.53	0	0	0.01
44800	0.02	0.53	0.53	0	0	0.02
44900	0.02	0.53	0.53	0	0	0.02
45000	0.02	0.53	0.53	0	0	0.02
45100	0.02	0.53	0.53	0	0	0.02
45200	0.01	0.53	0.53	0	0	0.01
45300	0.01	0.53	0.53	0	0	0.01
45400	0.02	0.53	0.53	0	0	0.02
45500	0.03	0.53	0.53	0	0	0.03
45600	0.03	0.53	0.53	0	0	0.03
45700	0.03	0.53	0.53	0	0	0.03
45800	0.03	0.53	0.53	0	0	0.03
45900	0.02	0.53	0.53	0	0	0.02
46000	0.02	0.53	0.53	0	0	0.02
46100	0.02	0.53	0.53	0	0	0.02
46200	0.03	0.53	0.53	0	0	0.03
46300	0.01	0.53	0.53	0	0	0.01
46400	0.01	0.53	0.53	0	0	0.01
46500	0.02	0.53	0.53	0	0	0.02
46600	0.02	0.53	0.53	0	0	0.02
46700	0.03	0.53	0.53	0	0	0.03
46800	0.03	0.53	0.53	0	0	0.03
46900	0.03	0.53	0.53	0	0	0.03
47000	0.03	0.53	0.53	0	0	0.03
47100	0.03	0.53	0.53	0	0	0.03
47200	0	0.53	0.53	0	0	0
47300	0.01	0.53	0.53	0	0	0.01
47400	0.02	0.53	0.53	0	0	0.02
47500	0.04	0.53	0.53	0	0	0.04
47600	0.03	0.53	0.53	0	0	0.03
47700	0.03	0.53	0.53	0	0	0.03
47800	0.04	0.53	0.53	0	0	0.04
47900	0.01	0.53	0.53	0	0	0.01
48000	0.01	0.53	0.53	0	0	0.01
48100	0.01	0.53	0.53	0	0	0.01
48200	0	0.53	0.53	0	0	0
48300	0	0.53	0.53	0	0	0
48400	0.01	0.53	0.53	0	0	0.01
48500	0.01	0.53	0.53	0	0	0.01
48600	0.01	0.53	0.53	0	0	0.01
48700	0.03	0.55	0.55	0	0	0.03
48800	0.04	0.54	0.54	0	0	0.04
48900	0.02	0.54	0.54	0	0	0.02
49000	0	0.54	0.54	0	0	0
49100	0.02	0.54	0.54	0	0	0.02
49200	0.04	0.54	0.54	0	0	0.04
49300	0.04	0.54	0.54	0	0	0.04
49400	0.03	0.54	0.54	0	0	0.03
49500	0.05	0.54	0.54	0	0	0.05
49600	0.03	0.54	0.54	0	0	0.03
49700	0.02	0.54	0.54	0	0	0.02
49800	0.03	0.54	0.54	0	0	0.03
49900	0.02	0.54	0.54	0	0	0.02
50000	0.02	0.54	0.54	0	0	0.02
50100	0.02	0.54	0.54	0	0	0.02
50200	0.02	0.54	0.54	0	0	0.02
50300	0.02	0.54	0.54	0	0	0.02
50400	0.01	0.54	0.54	0	0	0.01
50500	0	0.54	0.54	0	0	0
50600	0.01	0.54	0.54	0	0	0.01
50700	0.02	0.54	0.54	0	0	0.02
50800	0.02	0.54	0.54	0	0	0.02
50900	0.03	0.54	0.54	0	0	0.03
51000	0.04	0.54	0.54	0	0	0.04
51100	0.05	0.54	0.54	0	0	0.05
51200	0.03	0.54	0.54	0	0	0.03
51300	0.03	0.54	0.54	0	0	0.03
51400	0.03	0.54	0.54	0	0	0.03
51500	0.03	0.54	0.54	0	0	0.03
51600	0.03	0.54	0.54	0	0	0.03
51700	0.03	0.54	0.54	0	0	0.03
51800	0.03	0.54	0.54	0	0	0.03
51900	0.03	0.54	0.54	0	0	0.03
52000	0.03	0.54	0.54	0	0	0.03
52100	0.01	0.54	0.54	0	0	0.01
52200	0.01	0.54	0.54	0	0	0.01
52300	0.02	0.54	0.54	0	0	0.02
52400	0.02	0.54	0.54	0	0	0.02
52500	0.03	0.54	0.54	0	0	0.03
52600	0.04	0.54	0.54	0	0	0.04
52700	0.04	0.54	0.54	0	0	0.04
52800	0.04	0.54	0.54	0	0	0.04
52900	0.04	0.54	0.54	0	0	0.04
53000	0.02	0.54	0.54	0	0	0.02
53100	0.03	0.54	0.54	0	0	0.03
53200	0.03	0.54	0.54	0	0	0.03
53300	0.02	0.54	0.54	0	0	0.02
53400	0.02	0.54	0.54	0	0	0.02
53500	0.03	0.54	0.54	0	0	0.03
53600	0.03	0.54	0.54	0	0	0.03
53700	0.02	0.54	0.54	0	0	0.02
53800	0.01	0.54	0.54	0	0	0.01
53900	0	0.54	0.54	0	0	0
54000	0.01	0.54	0.54	0	0	0.01
54100	0.01	0.54	0.54	0	0	0.01
54200	0.01	0.55	0.55	0	0	0.01
54300	0.02	0.55	0.55	0	0	0.02
54400	0.04	0.54	0.54	0	0	0.04
54500	0.04	0.54	0.54	0	0	0.04
54600	0.04	0.55	0.55	0	0	0.04
54700	0.04	0.55	0.55	0	0	0.04
54800	0.01	0.55	0.55	0	0	0.01
54900	0.01	0.55	0.55	0	0	0.01
55000	0.01	0.55	0.55	0	0	0.01
55100	0.02	0.55	0.55	0	0	0.02
55200	0.01	0.55	0.55	0	0	0.01
55300	0.01	0.55	0.55	0	0	0.01
55400	0.01	0.55	0.55	0	0	0.01
55500	0.01	0.55	0.55	0	0	0.01
55600	0	0.55	0.55	0	0	0
55700	0	0.55	0.55	0	0	0
55800	0.01	0.55	0.55	0	0	0.01
55900	0.02	0.55	0.55	0	0	0.02
56000	0.02	0.55	0.55	0	0	0.02
56100	0.02	0.55	0.55	0	0	0.02
56200	0.02	0.55	0.55	0	0	0.02
56300	0.01	0.55	0.55	0	0	0.01
56400	0.01	0.55	0.55	0	0	0.01
56500	0.04	0.55	0.55	0	0	0.04
56600	0.04	0.55	0.55	0	0	0.04
56700	0.05	0.55	0.55	0	0	0.05
56800	0.04	0.55	0.55	0	0	0.04
56900	0.03	0.55	0.55	0	0	0.03
57000	0.04	0.55	0.55	0	0	0.04
57100	0.05	0.55	0.55	0	0	0.05
57200	0.04	0.55	0.55	0	0	0.04
57300	0.04	0.55	0.55	0	0	0.04
57400	0.02	0.55	0.55	0	0	0.02
57500	0	0.55	0.55	0	0	0
57600	0.03	0.55	0.55	0	0	0.03
57700	0.03	0.55	0.55	0	0	0.03
57800	0.04	0.55	0.55	0	0	0.04
57900	0.04	0.55	0.55	0	0	0.04
58000	0.03	0.55	0.55	0	0	0.03
58100	0.02	0.55	0.55	0	0	0.02
58200	0.02	0.55	0.55	0	0	0.02
58300	0.01	0.55	0.55	0	0	0.01
58400	0.01	0.55	0.55	0	0	0.01
58500	0.01	0.55	0.55	0	0	0.01
58600	0.01	0.55	0.55	0	0	0.01
58700	0	0.55	0.55	0	0	0
58800	0.02	0.55	0.55	0	0	0.02
58900	0.02	0.55	0.55	0	0	0.02
59000	0.02	0.55	0.55	0	0	0.02
59100	0.02	0.55	0.55	0	0	0.02
59200	0.02	0.55	0.55	0	0	0.02
59300	0.01	0.55	0.55	0	0	0.01
59400	0	0.55	0.55	0	0	0
59500	0.02	0.55	0.55	0	0	0.02
59600	0.03	0.55	0.55	0	0	0.03
59700	0.04	0.55	0.55	0	0	0.04
59800	0.03	0.55	0.55	0	0	0.03
59900	0.02	0.55	0.55	0	0	0.02
60000	0.03	0.55	0.55	0	0	0.03
60100	0.02	0.55	0.55	0	0	0.02
60200	0.02	0.55	0.55	0	0	0.02
60300	0.03	0.55	0.55	0	0	0.03
60400	0.01	0.55	0.55	0	0	0.01
60500	0.01	0.55	0.55	0	0	0.01
60600	0.01	0.55	0.55	0	0	0.01
60700	0	0.55	0.55	0	0	0
60800	0	0.55	0.55	0	0	0
60900	0	0.55	0.55	0	0	0
61000	0	0.55	0.55	0	0	0
61100	0	0.55	0.55	0	0	0
61200	0.01	0.55	0.55	0	0	0.01
61300	0.01	0.55	0.55	0	0	0.01
61400	0.03	0.55	0.55	0	0	0.03
61500	0.03	0.55	0.55	0	0	0.03
61600	0.02	0.55	0.55	0	0	0.02
61700	0.03	0.55	0.55	0	0	0.03
61800	0.04	0.55	0.55	0	0	0.04
61900	0.02	0.55	0.55	0	0	0.02
62000	0.03	0.55	0.55	0	0	0.03
62100	0.02	0.55	0.55	0	0	0.02
62200	0.03	0.55	0.55	0	0	0.03
62300	0.04	0.55	0.55	0	0	0.04
62400	0.04	0.55	0.55	0	0	0.04
62500	0.03	0.55	0.55	0	0	0.03
62600	0.02	0.55	0.55	0	0	0.02
62700	0.01	0.55	0.55	0	0	0.01
62800	0	0.54	0.54	0	0	0
62900	0	0.54	0.54	0	0	0
63000	0.01	0.54	0.54	0	0	0.01
63100	0.01	0.54	0.54	0	0	0.01
63200	0.01	0.55	0.55	0	0	0.01
63300	0.01	0.55	0.55	0	0	0.01
63400	0.01	0.55	0.55	0	0	0.01
63500	0.02	0.55	0.55	0	0	0.02
63600	0.03	0.55	0.55	0	0	0.03
63700	0.03	0.55	0.55	0	0	0.03
63800	0.03	0.55	0.55	0	0	0.03
63900	0.04	0.55	0.55	0	0	0.04
64000	0.04	0.55	0.55	0	0	0.04
64100	0.03	0.55	0.55	0	0	0.03
64200	0.01	0.55	0.55	0	0	0.01
64300	0.01	0.55	0.55	0	0	0.01
64400	0.02	0.55	0.55	0	0	0.02
64500	0.01	0.55	0.55	0	0	0.01
64600	0.01	0.55	0.55	0	0	0.01
64700	0.02	0.55	0.55	0	0	0.02
64800	0.04	0.55	0.55	0	0	0.04
64900	0.05	0.55	0.55	0	0	0.05
65000	0.06	0.55	0.55	0	0	0.06
65100	0.07	0.55	0.55	0	0	0.07
65200	0.05	0.55	0.55	0	0	0.05
65300	0.05	0.55	0.55	0	0	0.05
65400	0.03	0.55	0.55	0	0	0.03
65500	0.05	0.55	0.55	0	0	0.05
65600	0.04	0.55	0.55	0	0	0.04
65700	0.05	0.55	0.55	0	0	0.05
65800	0.03	0.55	0.55	0	0	0.03
65900	0.03	0.55	0.55	0	0	0.03
66000	0.03	0.55	0.55	0	0	0.03
66100	0.01	0.55	0.55	0	0	0.01
66200	0.01	0.55	0.55	0	0	0.01
66300	0.01	0.55	0.55	0	0	0.01
66400	0.01	0.55	0.55	0	0	0.01
66500	0	0.55	0.55	0	0	0
66600	0	0.55	0.55	0	0	0
66700	0	0.55	0.55	0	0	0
66800	0	0.55	0.55	0	0	0
66900	0.01	0.55	0.55	0	0	0.01
67000	0.01	0.55	0.55	0	0	0.01
67100	0.01	0.55	0.55	0	0	0.01
67200	0.02	0.55	0.55	0	0	0.02
67300	0.03	0.55	0.55	0	0	0.03
67400	0.04	0.55	0.55	0	0	0.04
67500	0.03	0.55	0.55	0	0	0.03
67600	0.03	0.55	0.55	0	0	0.03
67700	0.03	0.55	0.55	0	0	0.03
67800	0.03	0.55	0.55	0	0	0.03
67900	0.04	0.55	0.55	0	0	0.04
68000	0.02	0.55	0.55	0	0	0.02
68100	0.01	0.55	0.55	0	0	0.01
68200	0.02	0.55	0.55	0	0	0.02
68300	0.01	0.55	0.55	0	0	0.01
68400	0.01	0.55	0.55	0	0	0.01
68500	0.01	0.55	0.55	0	0	0.01
68600	0.01	0.55	0.55	0	0	0.01
68700	0.02	0.55	0.55	0	0	0.02
68800	0.03	0.55	0.55	0	0	0.03
68900	0.03	0.55	0.55	0	0	0.03
69000	0.03	0.55	0.55	0	0	0.03
69100	0.03	0.55	0.55	0	0	0.03
69200	0.02	0.55	0.55	0	0	0.02
69300	0.04	0.55	0.55	0	0	0.04
69400	0.02	0.55	0.55	0	0	0.02
69500	0.01	0.55	0.55	0	0	0.01
69600	0.02	0.55	0.55	0	0	0.02
69700	0.03	0.55	0.55	0	0	0.03
69800	0.06	0.55	0.55	0	0	0.06
69900	0.07	0.55	0.55	0	0	0.07
70000	0.06	0.55	0.55	0	0	0.06
70100	0.08	0.55	0.55	0	0	0.08
70200	0.08	0.55	0.55	0	0	0.08
70300	0.09	0.55	0.55	0	0	0.09
70400	0.03	0.55	0.55	0	0	0.03
70500	0.02	0.55	0.55	0	0	0.02
70600	0.01	0.55	0.55	0	0	0.01
70700	0	0.55	0.55	0	0	0
70800	0.01	0.55	0.55	0	0	0.01
70900	0.01	0.55	0.55	0	0	0.01
71000	0.01	0.55	0.55	0	0	0.01
71100	0.03	0.55	0.55	0	0	0.03
71200	0.03	0.55	0.55	0	0	0.03
71300	0.04	0.55	0.55	0	0	0.04
71400	0.03	0.55	0.55	0	0	0.03
71500	0.04	0.55	0.55	0	0	0.04
71600	0.06	0.55	0.55	0	0	0.06
71700	0.03	0.55	0.55	0	0	0.03
71800	0.03	0.55	0.55	0	0	0.03
71900	0.01	0.55	0.55	0	0	0.01
72000	0.02	0.55	0.55	0	0	0.02
72100	0.02	0.55	0.55	0	0	0.02
72200	0.02	0.55	0.55	0	0	0.02
72300	0.02	0.55	0.55	0	0	0.02
72400	0.05	0.55	0.55	0	0	0.05
72500	0.05	0.55	0.55	0	0	0.05
72600	0.06	0.55	0.55	0	0	0.06
72700	0.05	0.55	0.55	0	0	0.05
72800	0.02	0.55	0.55	0	0	0.02
72900	0.03	0.55	0.55	0	0	0.03
73000	0.02	0.55	0.55	0	0	0.02
73100	0.02	0.55	0.55	0	0	0.02
73200	0.04	0.55	0.55	0	0	0.04
73300	0.03	0.55	0.55	0	0	0.03
73400	0.05	0.55	0.55	0	0	0.05
73500	0.04	0.55	0.55	0	0	0.04
73600	0.05	0.55	0.55	0	0	0.05
73700	0.05	0.55	0.55	0	0	0.05
73800	0.04	0.54	0.54	0	0	0.04
73900	0.03	0.54	0.54	0	0	0.03
74000	0.01	0.54	0.54	0	0	0.01
74100	0.01	0.54	0.54	0	0	0.01
74200	0.01	0.54	0.54	0	0	0.01
74300	0.01	0.54	0.54	0	0	0.01
74400	0.01	0.54	0.54	0	0	0.01
74500	0.01	0.54	0.54	0	0	0.01
74600	0.01	0.54	0.54	0	0	0.01
74700	0.02	0.54	0.54	0	0	0.02
74800	0.02	0.54	0.54	0	0	0.02
74900	0.03	0.54	0.54	0	0	0.03
75000	0.03	0.54	0.54	0	0	0.03
75100	0.05	0.54	0.54	0	0	0.05
75200	0.04	0.54	0.54	0	0	0.04
75300	0.03	0.54	0.54	0	0	0.03
75400	0.04	0.54	0.54	0	0	0.04
75500	0.04	0.54	0.54	0	0	0.04
75600	0.03	0.54	0.54	0	0	0.03
75700	0.03	0.54	0.54	0	0	0.03
75800	0.01	0.54	0.54	0	0	0.01
75900	0.01	0.54	0.54	0	0	0.01
76000	0	0.54	0.54	0	0	0
76100	0.01	0.54	0.54	0	0	0.01
76200	0.01	0.54	0.54	0	0	0.01
76300	0.02	0.54	0.54	0	0	0.02
76400	0.03	0.54	0.54	0	0	0.03
76500	0.03	0.54	0.54	0	0	0.03
76600	0.04	0.54	0.54	0	0	0.04
76700	0.03	0.54	0.54	0	0	0.03
76800	0.02	0.54	0.54	0	0	0.02
76900	0.02	0.54	0.54	0	0	0.02
77000	0.04	0.54	0.54	0	0	0.04
77100	0.03	0.54	0.54	0	0	0.03
77200	0.02	0.54	0.54	0	0	0.02
77300	0.04	0.54	0.54	0	0	0.04
77400	0.04	0.54	0.54	0	0	0.04
77500	0.04	0.54	0.54	0	0	0.04
77600	0.03	0.54	0.54	0	0	0.03
77700	0.02	0.54	0.54	0	0	0.02
77800	0.02	0.54	0.54	0	0	0.02
77900	0	0.54	0.54	0	0	0
78000	0.01	0.54	0.54	0	0	0.01
78100	0.01	0.54	0.54	0	0	0.01
78200	0.01	0.54	0.54	0	0	0.01
78300	0.01	0.54	0.54	0	0	0.01
78400	0.01	0.54	0.54	0	0	0.01
78500	0.01	0.54	0.54	0	0	0.01
78600	0.01	0.54	0.54	0	0	0.01
78700	0.01	0.54	0.54	0	0	0.01
78800	0.02	0.54	0.54	0	0	0.02
78900	0.02	0.54	0.54	0	0	0.02
79000	0.02	0.54	0.54	0	0	0.02
79100	0.02	0.54	0.54	0	0	0.02
79200	0.02	0.54	0.54	0	0	0.02
79300	0.02	0.54	0.54	0	0	0.02
79400	0.01	0.54	0.54	0	0	0.01
79500	0	0.54	0.54	0	0	0
79600	0.01	0.54	0.54	0	0	0.01
79700	0.01	0.54	0.54	0	0	0.01
79800	0.02	0.54	0.54	0	0	0.02
79900	0.03	0.54	0.54	0	0	0.03
80000	0.03	0.54	0.54	0	0	0.03
80100	0.02	0.54	0.54	0	0	0.02
80200	0.04	0.54	0.54	0	0	0.04
80300	0.04	0.54	0.54	0	0	0.04
80400	0.05	0.54	0.54	0	0	0.05
80500	0.05	0.54	0.54	0	0	0.05
80600	0.06	0.54	0.54	0	0	0.06
80700	0.05	0.54	0.54	0	0	0.05
80800	0.04	0.54	0.54	0	0	0.04
80900	0.03	0.54	0.54	0	0	0.03
81000	0.02	0.54	0.54	0	0	0.02
81100	0.01	0.54	0.54	0	0	0.01
81200	0.02	0.54	0.54	0	0	0.02
81300	0.01	0.54	0.54	0	0	0.01
81400	0.01	0.54	0.54	0	0	0.01
81500	0.01	0.54	0.54	0	0	0.01
81600	0.01	0.54	0.54	0	0	0.01
81700	0.01	0.54	0.54	0	0	0.01
81800	0.01	0.54	0.54	0	0	0.01
81900	0.05	0.54	0.54	0	0	0.05
82000	0.02	0.54	0.54	0	0	0.02
82100	0.01	0.54	0.54	0	0	0.01
82200	0.01	0.54	0.54	0	0	0.01
82300	0.01	0.54	0.54	0	0	0.01
82400	0	0.54	0.54	0	0	0
82500	0	0.54	0.54	0	0	0
82600	0.01	0.54	0.54	0	0	0.01
82700	0.02	0.54	0.54	0	0	0.02
82800	0.01	0.54	0.54	0	0	0.01
82900	0.02	0.54	0.54	0	0	0.02
83000	0.03	0.54	0.54	0	0	0.03
83100	0.03	0.54	0.54	0	0	0.03
83200	0.03	0.54	0.54	0	0	0.03
83300	0.01	0.54	0.54	0	0	0.01
83400	0.02	0.54	0.54	0	0	0.02
83500	0.02	0.54	0.54	0	0	0.02
83600	0.04	0.54	0.54	0	0	0.04
83700	0.03	0.54	0.54	0	0	0.03
83800	0.03	0.54	0.54	0	0	0.03
83900	0.01	0.54	0.54	0	0	0.01
84000	0	0.54	0.54	0	0	0
84100	0.01	0.54	0.54	0	0	0.01
84200	0.02	0.54	0.54	0	0	0.02
84300	0.02	0.54	0.54	0	0	0.02
84400	0.01	0.54	0.54	0	0	0.01
84500	0.01	0.54	0.54	0	0	0.01
84600	0.01	0.54	0.54	0	0	0.01
84700	0	0.54	0.54	0	0	0
84800	0	0.54	0.54	0	0	0
84900	0	0.54	0.54	0	0	0
85000	0	0.54	0.54	0	0	0
85100	0.01	0.54	0.54	0	0	0.01
85200	0.02	0.54	0.54	0	0	0.02
85300	0.01	0.54	0.54	0	0	0.01
85400	0.02	0.54	0.54	0	0	0.02
85500	0.03	0.54	0.54	0	0	0.03
85600	0.04	0.54	0.54	0	0	0.04
85700	0.02	0.54	0.54	0	0	0.02
85800	0	0.54	0.54	0	0	0
85900	0	0.54	0.54	0	0	0
86000	0	0.54	0.54	0	0	0
86100	0	0.54	0.54	0	0	0
86200	0.01	0.54	0.54	0	0	0.01
86300	0.03	0.54	0.54	0	0	0.03
86400	0.03	0.54	0.54	0	0	0.03
86500	0.04	0.54	0.54	0	0	0.04
86600	0.02	0.54	0.54	0	0	0.02
86700	0.03	0.54	0.54	0	0	0.03
86800	0.04	0.54	0.54	0	0	0.04
86900	0.02	0.54	0.54	0	0	0.02
87000	0.01	0.54	0.54	0	0	0.01
87100	0.04	0.54	0.54	0	0	0.04
87200	0.02	0.54	0.54	0	0	0.02
87300	0.02	0.54	0.54	0	0	0.02
87400	0.02	0.54	0.54	0	0	0.02
87500	0.02	0.54	0.54	0	0	0.02
87600	0.01	0.54	0.54	0	0	0.01
87700	0	0.54	0.54	0	0	0
87800	0.02	0.54	0.54	0	0	0.02
87900	0.03	0.54	0.54	0	0	0.03
88000	0.03	0.54	0.54	0	0	0.03
88100	0.04	0.54	0.54	0	0	0.04
88200	0.02	0.54	0.54	0	0	0.02
88300	0.03	0.54	0.54	0	0	0.03
88400	0.04	0.54	0.54	0	0	0.04
88500	0.02	0.54	0.54	0	0	0.02
88600	0.02	0.54	0.54	0	0	0.02
88700	0.01	0.54	0.54	0	0	0.01
88800	0.01	0.54	0.54	0	0	0.01
88900	0.01	0.54	0.54	0	0	0.01
89000	0	0.54	0.54	0	0	0
89100	0	0.54	0.54	0	0	0
89200	0	0.54	0.54	0	0	0
89300	0	0.54	0.54	0	0	0
89400	0.02	0.54	0.54	0	0	0.02
89500	0.02	0.54	0.54	0	0	0.02
89600	0.04	0.54	0.54	0	0	0.04
89700	0.04	0.54	0.54	0	0	0.04
89800	0.04	0.55	0.55	0	0	0.04
89900	0.03	0.54	0.54	0	0	0.03
90000	0.02	0.54	0.54	0	0	0.02
90100	0.01	0.54	0.54	0	0	0.01
90200	0.01	0.54	0.54	0	0	0.01
90300	0.01	0.54	0.54	0	0	0.01
90400	0	0.54	0.54	0	0	0
90500	0	0.54	0.54	0	0	0
90600	0	0.54	0.54	0	0	0
90700	0.01	0.54	0.54	0	0	0.01
90800	0.01	0.54	0.54	0	0	0.01
90900	0.02	0.54	0.54	0	0	0.02
91000	0.02	0.54	0.54	0	0	0.02
91100	0.02	0.54	0.54	0	0	0.02
91200	0.02	0.54	0.54	0	0	0.02
91300	0	0.54	0.54	0	0	0
91400	0.02	0.54	0.54	0	0	0.02
91500	0.03	0.54	0.54	0	0	0.03
91600	0.03	0.54	0.54	0	0	0.03
91700	0.03	0.54	0.54	0	0	0.03
91800	0.02	0.54	0.54	0	0	0.02
91900	0.03	0.54	0.54	0	0	0.03
92000	0.03	0.54	0.54	0	0	0.03
92100	0.02	0.54	0.54	0	0	0.02
92200	0.02	0.54	0.54	0	0	0.02
92300	0.02	0.54	0.54	0	0	0.02
92400	0.02	0.54	0.54	0	0	0.02
92500	0.01	0.54	0.54	0	0	0.01
92600	0.01	0.54	0.54	0	0	0.01
92700	0.01	0.54	0.54	0	0	0.01
92800	0.02	0.54	0.54	0	0	0.02
92900	0.03	0.54	0.54	0	0	0.03
93000	0.02	0.54	0.54	0	0	0.02
93100	0.02	0.54	0.54	0	0	0.02
93200	0	0.54	0.54	0	0	0
93300	0	0.54	0.54	0	0	0
93400	0	0.54	0.54	0	0	0
93500	0.01	0.54	0.54	0	0	0.01
93600	0.02	0.54	0.54	0	0	0.02
93700	0.03	0.54	0.54	0	0	0.03
93800	0.03	0.54	0.54	0	0	0.03
93900	0.04	0.54	0.54	0	0	0.04
94000	0.04	0.54	0.54	0	0	0.04
94100	0.04	0.54	0.54	0	0	0.04
94200	0.03	0.54	0.54	0	0	0.03
94300	0.02	0.54	0.54	0	0	0.02
94400	0.04	0.54	0.54	0	0	0.04
94500	0.02	0.54	0.54	0	0	0.02
94600	0.02	0.54	0.54	0	0	0.02
94700	0	0.54	0.54	0	0	0
94800	0	0.54	0.54	0	0	0
94900	0.01	0.54	0.54	0	0	0.01
95000	0.02	0.54	0.54	0	0	0.02
95100	0.03	0.54	0.54	0	0	0.03
95200	0.03	0.54	0.54	0	0	0.03
95300	0.06	0.54	0.54	0	0	0.06
95400	0.06	0.54	0.54	0	0	0.06
95500	0.06	0.54	0.54	0	0	0.06
95600	0.04	0.54	0.54	0	0	0.04
95700	0.04	0.54	0.54	0	0	0.04
95800	0.04	0.54	0.54	0	0	0.04
95900	0.05	0.54	0.54	0	0	0.05
96000	0.06	0.54	0.54	0	0	0.06
96100	0.05	0.54	0.54	0	0	0.05
96200	0.02	0.54	0.54	0	0	0.02
96300	0.01	0.54	0.54	0	0	0.01
96400	0.03	0.54	0.54	0	0	0.03
96500	0.03	0.54	0.54	0	0	0.03
96600	0.03	0.54	0.54	0	0	0.03
96700	0.03	0.54	0.54	0	0	0.03
96800	0.02	0.54	0.54	0	0	0.02
96900	0.02	0.54	0.54	0	0	0.02
97000	0.02	0.54	0.54	0	0	0.02
97100	0.03	0.54	0.54	0	0	0.03
97200	0.04	0.54	0.54	0	0	0.04
97300	0.04	0.54	0.54	0	0	0.04
97400	0.04	0.54	0.54	0	0	0.04
97500	0.02	0.54	0.54	0	0	0.02
97600	0	0.54	0.54	0	0	0
97700	0.01	0.54	0.54	0	0	0.01
97800	0.01	0.54	0.54	0	0	0.01
97900	0.01	0.54	0.54	0	0	0.01
98000	0.01	0.54	0.54	0	0	0.01
98100	0.01	0.54	0.54	0	0	0.01
98200	0.01	0.54	0.54	0	0	0.01
98300	0.02	0.54	0.54	0	0	0.02
98400	0.03	0.54	0.54	0	0	0.03
98500	0.04	0.54	0.54	0	0	0.04
98600	0.04	0.54	0.54	0	0	0.04
98700	0.05	0.54	0.54	0	0	0.05
98800	0.04	0.54	0.54	0	0	0.04
98900	0.04	0.54	0.54	0	0	0.04
99000	0.04	0.54	0.54	0	0	0.04
99100	0.05	0.54	0.54	0	0	0.05
99200	0.04	0.54	0.54	0	0	0.04
99300	0.05	0.54	0.54	0	0	0.05
99400	0.04	0.54	0.54	0	0	0.04
99500	0.04	0.54	0.54	0	0	0.04
99600	0.04	0.55	0.55	0	0	0.04
99700	0.04	0.55	0.55	0	0	0.04
99800	0.01	0.54	0.54	0	0	0.01
99900	0	0.54	0.54	0	0	0
100000	0.02	0.54	0.54	0	0	0.02
100100	0.02	0.54	0.54	0	0	0.02
100200	0.04	0.54	0.54	0	0	0.04
100300	0.04	0.54	0.54	0	0	0.04
100400	0.04	0.54	0.54	0	0	0.04
100500	0.05	0.54	0.54	0	0	0.05
100600	0.06	0.54	0.54	0	0	0.06
100700	0.06	0.54	0.54	0	0	0.06
100800	0.05	0.54	0.54	0	0	0.05
100900	0.04	0.54	0.54	0	0	0.04
101000	0.03	0.54	0.54	0	0	0.03
101100	0.03	0.54	0.54	0	0	0.03
101200	0.03	0.54	0.54	0	0	0.03
101300	0.03	0.54	0.54	0	0	0.03
101400	0.02	0.54	0.54	0	0	0.02
101500	0.01	0.54	0.54	0	0	0.01
101600	0.01	0.54	0.54	0	0	0.01
101700	0.03	0.54	0.54	0	0	0.03
101800	0.02	0.54	0.54	0	0	0.02
101900	0.02	0.54	0.54	0	0	0.02
102000	0.02	0.53	0.53	0	0	0.02
102100	0.01	0.53	0.53	0	0	0.01
102200	0.02	0.53	0.53	0	0	0.02
102300	0.02	0.54	0.54	0	0	0.02
102400	0.01	0.53	0.53	0	0	0.01
102500	0.01	0.53	0.53	0	0	0.01
102600	0.01	0.53	0.53	0	0	0.01
102700	0.01	0.53	0.53	0	0	0.01
102800	0.02	0.53	0.53	0	0	0.02
102900	0.04	0.53	0.53	0	0	0.04
103000	0.06	0.53	0.53	0	0	0.06
103100	0.04	0.53	0.53	0	0	0.04
103200	0.04	0.53	0.53	0	0	0.04
103300	0.04	0.53	0.53	0	0	0.04
103400	0.04	0.53	0.53	0	0	0.04
103500	0.03	0.53	0.53	0	0	0.03
103600	0.02	0.53	0.53	0	0	0.02
103700	0.01	0.53	0.53	0	0	0.01
103800	0	0.53	0.53	0	0	0
103900	0.01	0.53	0.53	0	0	0.01
104000	0.01	0.53	0.53	0	0	0.01
104100	0.02	0.53	0.53	0	0	0.02
104200	0.02	0.53	0.53	0	0	0.02
104300	0.03	0.53	0.53	0	0	0.03
104400	0.04	0.53	0.53	0	0	0.04
104500	0.04	0.53	0.53	0	0	0.04
104600	0	0.53	0.53	0	0	0
104700	0	0.53	0.53	0	0	0
104800	0	0.53	0.53	0	0	0
104900	0	0.53	0.53	0	0	0
105000	0.01	0.53	0.53	0	0	0.01
105100	0.03	0.53	0.53	0	0	0.03
105200	0.03	0.53	0.53	0	0	0.03
105300	0.03	0.53	0.53	0	0	0.03
105400	0.04	0.53	0.53	0	0	0.04
105500	0.02	0.53	0.53	0	0	0.02
105600	0.02	0.53	0.53	0	0	0.02
105700	0.02	0.53	0.53	0	0	0.02
105800	0.03	0.53	0.53	0	0	0.03
105900	0.01	0.53	0.53	0	0	0.01
106000	0.01	0.53	0.53	0	0	0.01
106100	0.02	0.53	0.53	0	0	0.02
106200	0.02	0.53	0.53	0	0	0.02
106300	0.02	0.53	0.53	0	0	0.02
106400	0.02	0.53	0.53	0	0	0.02
106500	0.02	0.53	0.53	0	0	0.02
106600	0.03	0.53	0.53	0	0	0.03
106700	0.02	0.53	0.53	0	0	0.02
106800	0.01	0.53	0.53	0	0	0.01
106900	0.01	0.53	0.53	0	0	0.01
107000	0.01	0.53	0.53	0	0	0.01
107100	0.03	0.53	0.53	0	0	0.03
107200	0.04	0.53	0.53	0	0	0.04
107300	0.02	0.53	0.53	0	0	0.02
107400	0.02	0.53	0.53	0	0	0.02
107500	0.03	0.53	0.53	0	0	0.03
107600	0.02	0.53	0.53	0	0	0.02
107700	0.04	0.53	0.53	0	0	0.04
107800	0.05	0.53	0.53	0	0	0.05
107900	0.05	0.53	0.53	0	0	0.05
108000	0.04	0.53	0.53	0	0	0.04
108100	0.06	0.53	0.53	0	0	0.06
108200	0.07	0.53	0.53	0	0	0.07
108300	0.07	0.53	0.53	0	0	0.07
108400	0.05	0.53	0.53	0	0	0.05
108500	0.02	0.53	0.53	0	0	0.02
108600	0.01	0.53	0.53	0	0	0.01
108700	0	0.53	0.53	0	0	0
108800	0	0.53	0.53	0	0	0
108900	0	0.53	0.53	0	0	0
109000	0.02	0.53	0.53	0	0	0.02
109100	0.04	0.53	0.53	0	0	0.04
109200	0.04	0.53	0.53	0	0	0.04
109300	0.02	0.53	0.53	0	0	0.02
109400	0.01	0.53	0.53	0	0	0.01
109500	0.02	0.53	0.53	0	0	0.02
109600	0.01	0.53	0.53	0	0	0.01
109700	0.01	0.53	0.53	0	0	0.01
109800	0.01	0.53	0.53	0	0	0.01
109900	0.01	0.53	0.53	0	0	0.01
110000	0.01	0.53	0.53	0	0	0.01
110100	0.01	0.53	0.53	0	0	0.01
110200	0.01	0.53	0.53	0	0	0.01
110300	0.02	0.53	0.53	0	0	0.02
110400	0.01	0.53	0.53	0	0	0.01
110500	0.01	0.53	0.53	0	0	0.01
110600	0.02	0.53	0.53	0	0	0.02
110700	0.02	0.53	0.53	0	0	0.02
110800	0.03	0.53	0.53	0	0	0.03
110900	0.03	0.53	0.53	0	0	0.03
111000	0.03	0.53	0.53	0	0	0.03
111100	0.04	0.53	0.53	0	0	0.04
111200	0.03	0.53	0.53	0	0	0.03
111300	0.02	0.53	0.53	0	0	0.02
111400	0.01	0.53	0.53	0	0	0.01
111500	0.02	0.53	0.53	0	0	0.02
111600	0.02	0.53	0.53	0	0	0.02
111700	0.02	0.53	0.53	0	0	0.02
111800	0.01	0.53	0.53	0	0	0.01
111900	0.01	0.53	0.53	0	0	0.01
112000	0.02	0.53	0.53	0	0	0.02
112100	0.03	0.53	0.53	0	0	0.03
112200	0.03	0.53	0.53	0	0	0.03
112300	0.03	0.53	0.53	0	0	0.03
112400	0.03	0.53	0.53	0	0	0.03
112500	0.03	0.53	0.53	0	0	0.03
112600	0.02	0.53	0.53	0	0	0.02
112700	0	0.53	0.53	0	0	0
112800	0	0.53	0.53	0	0	0
112900	0.02	0.53	0.53	0	0	0.02
113000	0.03	0.53	0.53	0	0	0.03
113100	0.03	0.53	0.53	0	0	0.03
113200	0.02	0.53	0.53	0	0	0.02
113300	0.02	0.53	0.53	0	0	0.02
113400	0.03	0.53	0.53	0	0	0.03
113500	0.01	0.53	0.53	0	0	0.01
113600	0.03	0.53	0.53	0	0	0.03
113700	0.02	0.53	0.53	0	0	0.02
113800	0.02	0.53	0.53	0	0	0.02
113900	0.02	0.53	0.53	0	0	0.02
114000	0.02	0.53	0.53	0	0	0.02
114100	0.02	0.53	0.53	0	0	0.02
114200	0.02	0.53	0.53	0	0	0.02
114300	0.02	0.53	0.53	0	0	0.02
114400	0.05	0.53	0.53	0	0	0.05
114500	0.03	0.53	0.53	0	0	0.03
114600	0.03	0.53	0.53	0	0	0.03
114700	0.04	0.53	0.53	0	0	0.04
114800	0.05	0.53	0.53	0	0	0.05
114900	0.03	0.53	0.53	0	0	0.03
115000	0.02	0.53	0.53	0	0	0.02
115100	0.02	0.54	0.54	0	0	0.02
115200	0.01	0.54	0.54	0	0	0.01
115300	0.01	0.54	0.54	0	0	0.01
115400	0.01	0.54	0.54	0	0	0.01
115500	0.02	0.54	0.54	0	0	0.02
115600	0.02	0.54	0.54	0	0	0.02
115700	0.01	0.54	0.54	0	0	0.01
115800	0.01	0.54	0.54	0	0	0.01
115900	0.01	0.54	0.54	0	0	0.01
116000	0.02	0.54	0.54	0	0	0.02
116100	0.02	0.54	0.54	0	0	0.02
116200	0.01	0.54	0.54	0	0	0.01
116300	0.01	0.54	0.54	0	0	0.01
116400	0.01	0.54	0.54	0	0	0.01
116500	0	0.54	0.54	0	0	0
116600	0	0.54	0.54	0	0	0
116700	0.01	0.54	0.54	0	0	0.01
116800	0.01	0.54	0.54	0	0	0.01
116900	0.01	0.54	0.54	0	0	0.01
117000	0.02	0.54	0.54	0	0	0.02
117100	0.02	0.54	0.54	0	0	0.02
117200	0.02	0.54	0.54	0	0	0.02
117300	0.01	0.54	0.54	0	0	0.01
117400	0.02	0.54	0.54	0	0	0.02
117500	0.02	0.54	0.54	0	0	0.02
117600	0.03	0.54	0.54	0	0	0.03
117700	0.01	0.54	0.54	0	0	0.01
117800	0.02	0.54	0.54	0	0	0.02
117900	0.02	0.54	0.54	0	0	0.02
118000	0.02	0.54	0.54	0	0	0.02
118100	0	0.54	0.54	0	0	0
118200	0.02	0.54	0.54	0	0	0.02
118300	0.02	0.54	0.54	0	0	0.02
118400	0.02	0.54	0.54	0	0	0.02
118500	0.01	0.54	0.54	0	0	0.01
118600	0	0.54	0.54	0	0	0
118700	0	0.54	0.54	0	0	0
118800	0.01	0.54	0.54	0	0	0.01
118900	0.01	0.54	0.54	0	0	0.01
119000	0.02	0.54	0.54	0	0	0.02
119100	0.02	0.54	0.54	0	0	0.02
119200	0.02	0.54	0.54	0	0	0.02
119300	0	0.54	0.54	0	0	0
119400	0	0.54	0.54	0	0	0
119500	0	0.54	0.54	0	0	0
119600	0	0.54	0.54	0	0	0
119700	0.01	0.54	0.54	0	0	0.01
119800	0.02	0.54	0.54	0	0	0.02
119900	0.02	0.54	0.54	0	0	0.02
120000	0.02	0.54	0.54	0	0	0.02
120100	0.02	0.54	0.54	0	0	0.02
120200	0	0.54	0.54	0	0	0
120300	0.02	0.54	0.54	0	0	0.02
120400	0	0.54	0.54	0	0	0
120500	0.01	0.54	0.54	0	0	0.01
120600	0.02	0.54	0.54	0	0	0.02
120700	0.02	0.54	0.54	0	0	0.02
120800	0.03	0.54	0.54	0	0	0.03
120900	0.01	0.54	0.54	0	0	0.01
121000	0.01	0.54	0.54	0	0	0.01
121100	0.01	0.54	0.54	0	0	0.01
121200	0.01	0.54	0.54	0	0	0.01
121300	0.02	0.54	0.54	0	0	0.02
121400	0.03	0.54	0.54	0	0	0.03
121500	0.02	0.54	0.54	0	0	0.02
121600	0.02	0.54	0.54	0	0	0.02
121700	0.02	0.54	0.54	0	0	0.02
121800	0.01	0.54	0.54	0	0	0.01
121900	0.01	0.54	0.54	0	0	0.01
122000	0.01	0.54	0.54	0	0	0.01
122100	0.01	0.54	0.54	0	0	0.01
122200	0	0.54	0.54	0	0	0
122300	0.02	0.54	0.54	0	0	0.02
122400	0.02	0.54	0.54	0	0	0.02
122500	0.04	0.54	0.54	0	0	0.04
122600	0.04	0.54	0.54	0	0	0.04
122700	0.03	0.54	0.54	0	0	0.03
122800	0.05	0.54	0.54	0	0	0.05
122900	0.05	0.54	0.54	0	0	0.05
123000	0.04	0.54	0.54	0	0	0.04
123100	0.05	0.54	0.54	0	0	0.05
123200	0.04	0.54	0.54	0	0	0.04
123300	0.02	0.54	0.54	0	0	0.02
123400	0.02	0.54	0.54	0	0	0.02
123500	0.02	0.54	0.54	0	0	0.02
123600	0.04	0.54	0.54	0	0	0.04
123700	0.04	0.54	0.54	0	0	0.04
123800	0.06	0.54	0.54	0	0	0.06
123900	0.02	0.54	0.54	0	0	0.02
124000	0.04	0.54	0.54	0	0	0.04
124100	0.04	0.54	0.54	0	0	0.04
124200	0.02	0.54	0.54	0	0	0.02
124300	0.02	0.54	0.54	0	0	0.02
124400	0	0.54	0.54	0	0	0
124500	0.04	0.54	0.54	0	0	0.04
124600	0.04	0.54	0.54	0	0	0.04
124700	0.03	0.54	0.54	0	0	0.03
124800	0.02	0.54	0.54	0	0	0.02
124900	0.02	0.54	0.54	0	0	0.02
125000	0.02	0.54	0.54	0	0	0.02
125100	0.01	0.54	0.54	0	0	0.01
125200	0.02	0.54	0.54	0	0	0.02
125300	0.02	0.54	0.54	0	0	0.02
125400	0.05	0.54	0.54	0	0	0.05
125500	0.06	0.54	0.54	0	0	0.06
125600	0.03	0.54	0.54	0	0	0.03
125700	0.03	0.54	0.54	0	0	0.03
125800	0.04	0.54	0.54	0	0	0.04
125900	0.04	0.54	0.54	0	0	0.04
126000	0.02	0.54	0.54	0	0	0.02
126100	0.01	0.54	0.54	0	0	0.01
126200	0.01	0.54	0.54	0	0	0.01
126300	0.03	0.54	0.54	0	0	0.03
126400	0.03	0.54	0.54	0	0	0.03
126500	0.03	0.54	0.54	0	0	0.03
126600	0.01	0.54	0.54	0	0	0.01
126700	0.01	0.54	0.54	0	0	0.01
126800	0.02	0.54	0.54	0	0	0.02
126900	0.02	0.54	0.54	0	0	0.02
127000	0.03	0.54	0.54	0	0	0.03
127100	0.02	0.54	0.54	0	0	0.02
127200	0.02	0.54	0.54	0	0	0.02
127300	0.02	0.54	0.54	0	0	0.02
127400	0.03	0.54	0.54	0	0	0.03
127500	0.04	0.54	0.54	0	0	0.04
127600	0.04	0.54	0.54	0	0	0.04
127700	0.03	0.54	0.54	0	0	0.03
127800	0.04	0.54	0.54	0	0	0.04
127900	0.05	0.54	0.54	0	0	0.05
128000	0.02	0.54	0.54	0	0	0.02
128100	0.01	0.54	0.54	0	0	0.01
128200	0.01	0.54	0.54	0	0	0.01
128300	0.01	0.54	0.54	0	0	0.01
128400	0.01	0.54	0.54	0	0	0.01
128500	0.03	0.54	0.54	0	0	0.03
128600	0.03	0.54	0.54	0	0	0.03
128700	0.03	0.54	0.54	0	0	0.03
128800	0.04	0.54	0.54	0	0	0.04
128900	0	0.54	0.54	0	0	0
129000	0.01	0.54	0.54	0	0	0.01
129100	0.01	0.54	0.54	0	0	0.01
129200	0.01	0.54	0.54	0	0	0.01
129300	0	0.54	0.54	0	0	0
129400	0	0.54	0.54	0	0	0
129500	0	0.54	0.54	0	0	0
129600	0	0.54	0.54	0	0	0
129700	0.01	0.54	0.54	0	0	0.01
129800	0.01	0.54	0.54	0	0	0.01
129900	0.01	0.54	0.54	0	0	0.01
130000	0.02	0.54	0.54	0	0	0.02
130100	0.01	0.54	0.54	0	0	0.01
130200	0	0.54	0.54	0	0	0
130300	0	0.54	0.54	0	0	0
130400	0.01	0.54	0.54	0	0	0.01
130500	0.02	0.54	0.54	0	0	0.02
130600	0.04	0.54	0.54	0	0	0.04
130700	0.06	0.54	0.54	0	0	0.06
130800	0.06	0.54	0.54	0	0	0.06
130900	0.06	0.54	0.54	0	0	0.06
131000	0.07	0.54	0.54	0	0	0.07
131100	0.06	0.54	0.54	0	0	0.06
131200	0.04	0.54	0.54	0	0	0.04
131300	0.02	0.54	0.54	0	0	0.02
131400	0.02	0.54	0.54	0	0	0.02
131500	0.01	0.54	0.54	0	0	0.01
131600	0.02	0.54	0.54	0	0	0.02
131700	0.02	0.54	0.54	0	0	0.02
131800	0.03	0.54	0.54	0	0	0.03
131900	0.01	0.54	0.54	0	0	0.01
132000	0.03	0.54	0.54	0	0	0.03
132100	0.02	0.54	0.54	0	0	0.02
132200	0.01	0.54	0.54	0	0	0.01
132300	0.02	0.54	0.54	0	0	0.02
132400	0.03	0.54	0.54	0	0	0.03
132500	0.03	0.54	0.54	0	0	0.03
132600	0.03	0.54	0.54	0	0	0.03
132700	0.03	0.54	0.54	0	0	0.03
132800	0.02	0.54	0.54	0	0	0.02
132900	0.03	0.54	0.54	0	0	0.03
133000	0.01	0.54	0.54	0	0	0.01
133100	0.02	0.54	0.54	0	0	0.02
133200	0.02	0.54	0.54	0	0	0.02
133300	0.05	0.54	0.54	0	0	0.05
133400	0.05	0.54	0.54	0	0	0.05
133500	0.05	0.54	0.54	0	0	0.05
133600	0.03	0.54	0.54	0	0	0.03
133700	0.02	0.54	0.54	0	0	0.02
133800	0.02	0.54	0.54	0	0	0.02
133900	0.02	0.54	0.54	0	0	0.02
134000	0.03	0.54	0.54	0	0	0.03
134100	0.01	0.54	0.54	0	0	0.01
134200	0.01	0.54	0.54	0	0	0.01
134300	0.01	0.54	0.54	0	0	0.01
134400	0.02	0.54	0.54	0	0	0.02
134500	0.03	0.54	0.54	0	0	0.03
134600	0.02	0.54	0.54	0	0	0.02
134700	0.04	0.54	0.54	0	0	0.04
134800	0.05	0.54	0.54	0	0	0.05
134900	0.04	0.54	0.54	0	0	0.04
135000	0.03	0.54	0.54	0	0	0.03
135100	0.05	0.54	0.54	0	0	0.05
135200	0.05	0.54	0.54	0	0	0.05
135300	0.07	0.54	0.54	0	0	0.07
135400	0.05	0.54	0.54	0	0	0.05
135500	0.05	0.54	0.54	0	0	0.05
135600	0.05	0.54	0.54	0	0	0.05
135700	0.07	0.54	0.54	0	0	0.07
135800	0.02	0.54	0.54	0	0	0.02
135900	0.02	0.54	0.54	0	0	0.02
136000	0.03	0.54	0.54	0	0	0.03
136100	0.03	0.54	0.54	0	0	0.03
136200	0.01	0.54	0.54	0	0	0.01
136300	0.03	0.54	0.54	0	0	0.03
136400	0.03	0.54	0.54	0	0	0.03
136500	0.05	0.54	0.54	0	0	0.05
136600	0.06	0.54	0.54	0	0	0.06
136700	0.05	0.54	0.54	0	0	0.05
136800	0.04	0.54	0.54	0	0	0.04
136900	0.03	0.54	0.54	0	0	0.03
137000	0.01	0.54	0.54	0	0	0.01
137100	0.01	0.54	0.54	0	0	0.01
137200	0.01	0.54	0.54	0	0	0.01
137300	0.03	0.54	0.54	0	0	0.03
137400	0.03	0.54	0.54	0	0	0.03
137500	0.03	0.54	0.54	0	0	0.03
137600	0.02	0.54	0.54	0	0	0.02
137700	0.01	0.54	0.54	0	0	0.01
137800	0.02	0.54	0.54	0	0	0.02
137900	0.03	0.54	0.54	0	0	0.03
138000	0.05	0.54	0.54	0	0	0.05
138100	0.04	0.54	0.54	0	0	0.04
138200	0.03	0.54	0.54	0	0	0.03
138300	0.04	0.54	0.54	0	0	0.04
138400	0.03	0.54	0.54	0	0	0.03
138500	0.02	0.54	0.54	0	0	0.02
138600	0.02	0.54	0.54	0	0	0.02
138700	0.02	0.54	0.54	0	0	0.02
138800	0.02	0.54	0.54	0	0	0.02
138900	0.03	0.54	0.54	0	0	0.03
139000	0.04	0.54	0.54	0	0	0.04
139100	0.03	0.54	0.54	0	0	0.03
139200	0.02	0.54	0.54	0	0	0.02
139300	0.01	0.54	0.54	0	0	0.01
139400	0.02	0.54	0.54	0	0	0.02
139500	0.02	0.54	0.54	0	0	0.02
139600	0.03	0.54	0.54	0	0	0.03
139700	0.03	0.54	0.54	0	0	0.03
139800	0.05	0.54	0.54	0	0	0.05
139900	0.05	0.54	0.54	0	0	0.05
140000	0.07	0.54	0.54	0	0	0.07
140100	0.05	0.54	0.54	0	0	0.05
140200	0.03	0.54	0.54	0	0	0.03
140300	0.05	0.54	0.54	0	0	0.05
140400	0.07	0.54	0.54	0	0	0.07
140500	0.07	0.54	0.54	0	0	0.07
140600	0.06	0.54	0.54	0	0	0.06
140700	0.06	0.54	0.54	0	0	0.06
140800	0.05	0.54	0.54	0	0	0.05
140900	0.05	0.54	0.54	0	0	0.05
141000	0.01	0.54	0.54	0	0	0.01
141100	0.02	0.54	0.54	0	0	0.02
141200	0.03	0.54	0.54	0	0	0.03
141300	0.02	0.54	0.54	0	0	0.02
141400	0.03	0.54	0.54	0	0	0.03
141500	0.04	0.54	0.54	0	0	0.04
141600	0.04	0.54	0.54	0	0	0.04
141700	0.07	0.54	0.54	0	0	0.07
141800	0.06	0.54	0.54	0	0	0.06
141900	0.07	0.54	0.54	0	0	0.07
142000	0.06	0.54	0.54	0	0	0.06
142100	0.03	0.54	0.54	0	0	0.03
142200	0.04	0.54	0.54	0	0	0.04
142300	0.04	0.54	0.54	0	0	0.04
142400	0.04	0.53	0.53	0	0	0.04
142500	0	0.53	0.53	0	0	0
142600	0.02	0.53	0.53	0	0	0.02
142700	0.03	0.53	0.53	0	0	0.03
142800	0.02	0.53	0.53	0	0	0.02
142900	0.02	0.53	0.53	0	0	0.02
143000	0	0.53	0.53	0	0	0
143100	0.01	0.53	0.53	0	0	0.01
143200	0.01	0.53	0.53	0	0	0.01
143300	0.01	0.54	0.54	0	0	0.01
143400	0.01	0.54	0.54	0	0	0.01
143500	0.01	0.54	0.54	0	0	0.01
143600	0	0.54	0.54	0	0	0
143700	0	0.54	0.54	0	0	0
143800	0.04	0.54	0.54	0	0	0.04
143900	0.06	0.54	0.54	0	0	0.06
144000	0.06	0.54	0.54	0	0	0.06
144100	0.04	0.54	0.54	0	0	0.04
144200	0.03	0.54	0.54	0	0	0.03
144300	0.02	0.54	0.54	0	0	0.02
144400	0.01	0.54	0.54	0	0	0.01
144500	0.01	0.54	0.54	0	0	0.01
144600	0.01	0.54	0.54	0	0	0.01
144700	0.02	0.54	0.54	0	0	0.02
144800	0.01	0.54	0.54	0	0	0.01
144900	0.01	0.54	0.54	0	0	0.01
145000	0.02	0.54	0.54	0	0	0.02
145100	0.02	0.54	0.54	0	0	0.02
145200	0.01	0.54	0.54	0	0	0.01
145300	0.02	0.54	0.54	0	0	0.02
145400	0.03	0.54	0.54	0	0	0.03
145500	0.03	0.54	0.54	0	0	0.03
145600	0.03	0.54	0.54	0	0	0.03
145700	0.04	0.54	0.54	0	0	0.04
145800	0.03	0.54	0.54	0	0	0.03
145900	0.03	0.54	0.54	0	0	0.03
146000	0.01	0.54	0.54	0	0	0.01
146100	0.02	0.54	0.54	0	0	0.02
146200	0.03	0.54	0.54	0	0	0.03
146300	0.04	0.54	0.54	0	0	0.04
146400	0.06	0.54	0.54	0	0	0.06
146500	0.05	0.54	0.54	0	0	0.05
146600	0.05	0.54	0.54	0	0	0.05
146700	0.03	0.54	0.54	0	0	0.03
146800	0.02	0.54	0.54	0	0	0.02
146900	0.01	0.54	0.54	0	0	0.01
147000	0.01	0.54	0.54	0	0	0.01
147100	0	0.54	0.54	0	0	0
147200	0.02	0.54	0.54	0	0	0.02
147300	0.05	0.54	0.54	0	0	0.05
147400	0.05	0.54	0.54	0	0	0.05
147500	0.05	0.54	0.54	0	0	0.05
147600	0.06	0.54	0.54	0	0	0.06
147700	0.04	0.54	0.54	0	0	0.04
147800	0.02	0.54	0.54	0	0	0.02
147900	0.01	0.54	0.54	0	0	0.01
148000	0.02	0.54	0.54	0	0	0.02
148100	0.02	0.54	0.54	0	0	0.02
148200	0.04	0.54	0.54	0	0	0.04
148300	0.05	0.54	0.54	0	0	0.05
148400	0.05	0.54	0.54	0	0	0.05
148500	0.06	0.54	0.54	0	0	0.06
148600	0.05	0.54	0.54	0	0	0.05
148700	0.04	0.54	0.54	0	0	0.04
148800	0.04	0.54	0.54	0	0	0.04
148900	0.02	0.54	0.54	0	0	0.02
149000	0.02	0.54	0.54	0	0	0.02
149100	0.01	0.54	0.54	0	0	0.01
149200	0.01	0.54	0.54	0	0	0.01
149300	0.01	0.54	0.54	0	0	0.01
149400	0.02	0.54	0.54	0	0	0.02
149500	0.03	0.54	0.54	0	0	0.03
149600	0.02	0.54	0.54	0	0	0.02
149700	0.03	0.54	0.54	0	0	0.03
149800	0.02	0.54	0.54	0	0	0.02
149900	0.02	0.54	0.54	0	0	0.02
150000	0.05	0.54	0.54	0	0	0.05
150100	0.03	0.54	0.54	0	0	0.03
150200	0.05	0.53	0.53	0	0	0.05
150300	0.05	0.53	0.53	0	0	0.05
150400	0.05	0.53	0.53	0	0	0.05
150500	0.06	0.53	0.53	0	0	0.06
150600	0.05	0.53	0.53	0	0	0.05
150700	0.05	0.53	0.53	0	0	0.05
150800	0.03	0.53	0.53	0	0	0.03
150900	0.03	0.53	0.53	0	0	0.03
151000	0.03	0.53	0.53	0	0	0.03
151100	0.03	0.53	0.53	0	0	0.03
151200	0.03	0.53	0.53	0	0	0.03
151300	0.03	0.53	0.53	0	0	0.03
151400	0.02	0.53	0.53	0	0	0.02
151500	0.03	0.53	0.53	0	0	0.03
151600	0.02	0.53	0.53	0	0	0.02
151700	0.01	0.53	0.53	0	0	0.01
151800	0.02	0.53	0.53	0	0	0.02
151900	0.04	0.53	0.53	0	0	0.04
152000	0.04	0.53	0.53	0	0	0.04
152100	0.05	0.53	0.53	0	0	0.05
152200	0.05	0.53	0.53	0	0	0.05
152300	0.03	0.53	0.53	0	0	0.03
152400	0	0.53	0.53	0	0	0
152500	0.02	0.53	0.53	0	0	0.02
152600	0.05	0.53	0.53	0	0	0.05
152700	0.04	0.53	0.53	0	0	0.04
152800	0.03	0.53	0.53	0	0	0.03
152900	0.05	0.53	0.53	0	0	0.05
153000	0.03	0.53	0.53	0	0	0.03
153100	0.02	0.53	0.53	0	0	0.02
153200	0.03	0.53	0.53	0	0	0.03
153300	0.03	0.53	0.53	0	0	0.03
153400	0.02	0.53	0.53	0	0	0.02
153500	0.01	0.53	0.53	0	0	0.01
153600	0.01	0.53	0.53	0	0	0.01
153700	0.01	0.53	0.53	0	0	0.01
153800	0.03	0.53	0.53	0	0	0.03
153900	0.03	0.53	0.53	0	0	0.03
154000	0.04	0.53	0.53	0	0	0.04
154100	0.04	0.53	0.53	0	0	0.04
154200	0.04	0.53	0.53	0	0	0.04
154300	0.03	0.53	0.53	0	0	0.03
154400	0.01	0.53	0.53	0	0	0.01
154500	0.02	0.53	0.53	0	0	0.02
154600	0.01	0.53	0.53	0	0	0.01
154700	0.01	0.53	0.53	0	0	0.01
154800	0.02	0.53	0.53	0	0	0.02
154900	0.03	0.53	0.53	0	0	0.03
155000	0.05	0.53	0.53	0	0	0.05
155100	0.03	0.53	0.53	0	0	0.03
155200	0.03	0.53	0.53	0	0	0.03
155300	0.02	0.53	0.53	0	0	0.02
155400	0.01	0.53	0.53	0	0	0.01
155500	0.02	0.53	0.53	0	0	0.02
155600	0.03	0.53	0.53	0	0	0.03
155700	0.03	0.53	0.53	0	0	0.03
155800	0.03	0.53	0.53	0	0	0.03
155900	0.03	0.53	0.53	0	0	0.03
156000	0.04	0.53	0.53	0	0	0.04
156100	0.02	0.53	0.53	0	0	0.02
156200	0.01	0.53	0.53	0	0	0.01
156300	0.02	0.53	0.53	0	0	0.02
156400	0.06	0.53	0.53	0	0	0.06
156500	0.06	0.52	0.52	0	0	0.06
156600	0.06	0.52	0.52	0	0	0.06
156700	0.07	0.52	0.52	0	0	0.07
156800	0.07	0.52	0.52	0	0	0.07
156900	0.06	0.52	0.52	0	0	0.06
157000	0.01	0.52	0.52	0	0	0.01
157100	0.02	0.52	0.52	0	0	0.02
157200	0.05	0.52	0.52	0	0	0.05
157300	0.03	0.52	0.52	0	0	0.03
157400	0.02	0.52	0.52	0	0	0.02
157500	0.03	0.52	0.52	0	0	0.03
157600	0.02	0.52	0.52	0	0	0.02
157700	0.02	0.52	0.52	0	0	0.02
157800	0.03	0.52	0.52	0	0	0.03
157900	0.06	0.52	0.52	0	0	0.06
158000	0.06	0.52	0.52	0	0	0.06
158100	0.02	0.52	0.52	0	0	0.02
158200	0.02	0.52	0.52	0	0	0.02
158300	0.02	0.52	0.52	0	0	0.02
158400	0.06	0.52	0.52	0	0	0.06
158500	0.07	0.52	0.52	0	0	0.07
158600	0.04	0.52	0.52	0	0	0.04
158700	0.03	0.52	0.52	0	0	0.03
158800	0.03	0.52	0.52	0	0	0.03
158900	0.02	0.52	0.52	0	0	0.02
159000	0.01	0.52	0.52	0	0	0.01
159100	0.01	0.52	0.52	0	0	0.01
159200	0.02	0.52	0.52	0	0	0.02
159300	0.03	0.52	0.52	0	0	0.03
159400	0.03	0.52	0.52	0	0	0.03
159500	0.03	0.52	0.52	0	0	0.03
159600	0.03	0.52	0.52	0	0	0.03
159700	0.04	0.52	0.52	0	0	0.04
159800	0.03	0.52	0.52	0	0	0.03
159900	0.05	0.52	0.52	0	0	0.05
160000	0.03	0.52	0.52	0	0	0.03
160100	0.03	0.51	0.51	0	0	0.03
160200	0.03	0.51	0.51	0	0	0.03
160300	0.03	0.51	0.51	0	0	0.03
160400	0.02	0.52	0.52	0	0	0.02
160500	0	0.52	0.52	0	0	0
160600	0.01	0.52	0.52	0	0	0.01
160700	0.03	0.52	0.52	0	0	0.03
160800	0.04	0.52	0.52	0	0	0.04
160900	0.03	0.52	0.52	0	0	0.03
161000	0.03	0.52	0.52	0	0	0.03
161100	0.03	0.52	0.52	0	0	0.03
161200	0.01	0.52	0.52	0	0	0.01
161300	0.01	0.52	0.52	0	0	0.01
161400	0.02	0.52	0.52	0	0	0.02
161500	0.01	0.52	0.52	0	0	0.01
161600	0.02	0.52	0.52	0	0	0.02
161700	0.02	0.52	0.52	0	0	0.02
161800	0.03	0.52	0.52	0	0	0.03
161900	0.03	0.53	0.53	0	0	0.03
162000	0.03	0.53	0.53	0	0	0.03
162100	0.02	0.53	0.53	0	0	0.02
162200	0.01	0.53	0.53	0	0	0.01
162300	0	0.54	0.54	0	0	0
162400	0	0.54	0.54	0	0	0
162500	0	0.54	0.54	0	0	0
162600	0.01	0.54	0.54	0	0	0.01
162700	0.01	0.54	0.54	0	0	0.01
162800	0.01	0.54	0.54	0	0	0.01
162900	0.01	0.54	0.54	0	0	0.01
163000	0.01	0.54	0.54	0	0	0.01
163100	0.01	0.54	0.54	0	0	0.01
163200	0	0.53	0.53	0	0	0
163300	0	0.53	0.53	0	0	0
163400	0.01	0.53	0.53	0	0	0.01
163500	0.01	0.52	0.52	0	0	0.01
163600	0.01	0.52	0.52	0	0	0.01
163700	0.01	0.52	0.52	0	0	0.01
163800	0	0.52	0.52	0	0	0
163900	0	0.52	0.52	0	0	0
164000	0.01	0.52	0.52	0	0	0.01
164100	0.02	0.52	0.52	0	0	0.02
164200	0.02	0.52	0.52	0	0	0.02
164300	0.01	0.53	0.53	0	0	0.01
164400	0.02	0.53	0.53	0	0	0.02
164500	0.01	0.52	0.52	0	0	0.01
164600	0.01	0.52	0.52	0	0	0.01
164700	0.02	0.52	0.52	0	0	0.02
164800	0.04	0.52	0.52	0	0	0.04
164900	0.03	0.52	0.52	0	0	0.03
165000	0.04	0.52	0.52	0	0	0.04
165100	0.03	0.52	0.52	0	0	0.03
165200	0.03	0.52	0.52	0	0	0.03
165300	0.03	0.52	0.52	0	0	0.03
165400	0.03	0.52	0.52	0	0	0.03
165500	0.04	0.52	0.52	0	0	0.04
165600	0.04	0.53	0.53	0	0	0.04
165700	0.04	0.53	0.53	0	0	0.04
165800	0.03	0.53	0.53	0	0	0.03
165900	0.03	0.53	0.53	0	0	0.03
166000	0.01	0.53	0.53	0	0	0.01
166100	0.01	0.53	0.53	0	0	0.01
166200	0.01	0.53	0.53	0	0	0.01
166300	0.01	0.53	0.53	0	0	0.01
166400	0	0.53	0.53	0	0	0
166500	0	0.53	0.53	0	0	0
166600	0	0.53	0.53	0	0	0
166700	0.01	0.53	0.53	0	0	0.01
166800	0.01	0.53	0.53	0	0	0.01
166900	0.01	0.53	0.53	0	0	0.01
167000	0.01	0.53	0.53	0	0	0.01
167100	0.01	0.53	0.53	0	0	0.01
167200	0.02	0.53	0.53	0	0	0.02
167300	0.01	0.53	0.53	0	0	0.01
167400	0.01	0.53	0.53	0	0	0.01
167500	0.03	0.53	0.53	0	0	0.03
167600	0.04	0.53	0.53	0	0	0.04
167700	0.04	0.53	0.53	0	0	0.04
167800	0.03	0.53	0.53	0	0	0.03
167900	0.03	0.53	0.53	0	0	0.03
168000	0.02	0.53	0.53	0	0	0.02
168100	0.02	0.53	0.53	0	0	0.02
168200	0.02	0.53	0.53	0	0	0.02
168300	0.04	0.53	0.53	0	0	0.04
168400	0.03	0.53	0.53	0	0	0.03
168500	0.04	0.53	0.53	0	0	0.04
168600	0.02	0.53	0.53	0	0	0.02
168700	0.03	0.53	0.53	0	0	0.03
168800	0.03	0.53	0.53	0	0	0.03
168900	0.03	0.53	0.53	0	0	0.03
169000	0.03	0.53	0.53	0	0	0.03
169100	0.01	0.53	0.53	0	0	0.01
169200	0.01	0.53	0.53	0	0	0.01
169300	0.01	0.54	0.54	0	0	0.01
169400	0.03	0.54	0.54	0	0	0.03
169500	0.02	0.54	0.54	0	0	0.02
169600	0.03	0.54	0.54	0	0	0.03
169700	0.04	0.54	0.54	0	0	0.04
169800	0.05	0.54	0.54	0	0	0.05
169900	0.07	0.54	0.54	0	0	0.07
170000	0.04	0.54	0.54	0	0	0.04
170100	0.04	0.54	0.54	0	0	0.04
170200	0.02	0.54	0.54	0	0	0.02
170300	0.02	0.54	0.54	0	0	0.02
170400	0.01	0.54	0.54	0	0	0.01
170500	0.02	0.54	0.54	0	0	0.02
170600	0.02	0.54	0.54	0	0	0.02
170700	0.02	0.54	0.54	0	0	0.02
170800	0	0.54	0.54	0	0	0
170900	0.01	0.54	0.54	0	0	0.01
171000	0.03	0.54	0.54	0	0	0.03
171100	0.04	0.54	0.54	0	0	0.04
171200	0.02	0.54	0.54	0	0	0.02
171300	0.01	0.54	0.54	0	0	0.01
171400	0	0.54	0.54	0	0	0
171500	0.01	0.54	0.54	0	0	0.01
171600	0.01	0.54	0.54	0	0	0.01
171700	0.02	0.54	0.54	0	0	0.02
171800	0.03	0.55	0.55	0	0	0.03
171900	0.03	0.55	0.55	0	0	0.03
172000	0.03	0.55	0.55	0	0	0.03
172100	0.04	0.55	0.55	0	0	0.04
172200	0.02	0.55	0.55	0	0	0.02
172300	0.01	0.55	0.55	0	0	0.01
172400	0.01	0.55	0.55	0	0	0.01
172500	0.02	0.55	0.55	0	0	0.02
172600	0.02	0.55	0.55	0	0	0.02
172700	0.01	0.55	0.55	0	0	0.01
172800	0.02	0.55	0.55	0	0	0.02
172900	0.02	0.55	0.55	0	0	0.02
173000	0.03	0.55	0.55	0	0	0.03
173100	0.06	0.55	0.55	0	0	0.06
173200	0.06	0.55	0.55	0	0	0.06
173300	0.05	0.55	0.55	0	0	0.05
173400	0.05	0.55	0.55	0	0	0.05
173500	0.01	0.55	0.55	0	0	0.01
173600	0	0.55	0.55	0	0	0
173700	0	0.55	0.55	0	0	0
173800	0	0.55	0.55	0	0	0
173900	0.01	0.55	0.55	0	0	0.01
174000	0.02	0.55	0.55	0	0	0.02
174100	0.02	0.55	0.55	0	0	0.02
174200	0.02	0.55	0.55	0	0	0.02
174300	0.03	0.55	0.55	0	0	0.03
174400	0.02	0.55	0.55	0	0	0.02
174500	0.01	0.55	0.55	0	0	0.01
174600	0.01	0.55	0.55	0	0	0.01
174700	0.01	0.55	0.55	0	0	0.01
174800	0.01	0.55	0.55	0	0	0.01
174900	0.01	0.55	0.55	0	0	0.01
175000	0.02	0.55	0.55	0	0	0.02
175100	0.02	0.55	0.55	0	0	0.02
175200	0.02	0.55	0.55	0	0	0.02
175300	0.01	0.55	0.55	0	0	0.01
175400	0.02	0.55	0.55	0	0	0.02
175500	0.02	0.55	0.55	0	0	0.02
175600	0.01	0.55	0.55	0	0	0.01
175700	0.01	0.55	0.55	0	0	0.01
175800	0.03	0.55	0.55	0	0	0.03
175900	0.03	0.55	0.55	0	0	0.03
176000	0.03	0.55	0.55	0	0	0.03
176100	0.03	0.55	0.55	0	0	0.03
176200	0.03	0.55	0.55	0	0	0.03
176300	0.04	0.55	0.55	0	0	0.04
176400	0.04	0.55	0.55	0	0	0.04
176500	0.04	0.55	0.55	0	0	0.04
176600	0.02	0.55	0.55	0	0	0.02
176700	0.01	0.55	0.55	0	0	0.01
176800	0.01	0.55	0.55	0	0	0.01
176900	0.02	0.55	0.55	0	0	0.02
177000	0.01	0.55	0.55	0	0	0.01
177100	0.02	0.55	0.55	0	0	0.02
177200	0.02	0.55	0.55	0	0	0.02
177300	0.03	0.55	0.55	0	0	0.03
177400	0.01	0.55	0.55	0	0	0.01
177500	0	0.55	0.55	0	0	0
177600	0	0.55	0.55	0	0	0
177700	0	0.55	0.55	0	0	0
177800	0.02	0.55	0.55	0	0	0.02
177900	0.01	0.56	0.56	0	0	0.01
178000	0.01	0.55	0.55	0	0	0.01
178100	0.03	0.55	0.55	0	0	0.03
178200	0.01	0.55	0.55	0	0	0.01
178300	0.01	0.55	0.55	0	0	0.01
178400	0.01	0.55	0.55	0	0	0.01
178500	0.02	0.55	0.55	0	0	0.02
178600	0.03	0.55	0.55	0	0	0.03
178700	0.03	0.55	0.55	0	0	0.03
178800	0.05	0.55	0.55	0	0	0.05
178900	0.04	0.55	0.55	0	0	0.04
179000	0.03	0.55	0.55	0	0	0.03
179100	0.01	0.55	0.55	0	0	0.01
179200	0.01	0.55	0.55	0	0	0.01
179300	0.03	0.55	0.55	0	0	0.03
179400	0.04	0.55	0.55	0	0	0.04
179500	0.05	0.55	0.55	0	0	0.05
179600	0.05	0.55	0.55	0	0	0.05
179700	0.07	0.55	0.55	0	0	0.07
179800	0.06	0.55	0.55	0	0	0.06
179900	0.06	0.55	0.55	0	0	0.06
180000	0.07	0.55	0.55	0	0	0.07
180100	0.07	0.55	0.55	0	0	0.07
180200	0.08	0.55	0.55	0	0	0.08
180300	0.09	0.55	0.55	0	0	0.09
180400	0.09	0.55	0.55	0	0	0.09
180500	0.08	0.55	0.55	0	0	0.08
180600	0.08	0.55	0.55	0	0	0.08
180700	0.07	0.55	0.55	0	0	0.07
180800	0.07	0.55	0.55	0	0	0.07
180900	0.08	0.55	0.55	0	0	0.08
181000	0.07	0.55	0.55	0	0	0.07
181100	0.09	0.55	0.55	0	0	0.09
181200	0.1	0.55	0.55	0	0	0.1
181300	0.08	0.55	0.55	0	0	0.08
181400	0.08	0.55	0.55	0	0	0.08
181500	0.09	0.55	0.55	0	0	0.09
181600	0.09	0.54	0.54	0	0	0.09
181700	0.07	0.54	0.54	0	0	0.07
181800	0.08	0.54	0.54	0	0	0.08
181900	0.08	0.54	0.54	0	0	0.08
182000	0.06	0.54	0.54	0	0	0.06
182100	0.06	0.54	0.54	0	0	0.06
182200	0.06	0.54	0.54	0	0	0.06
182300	0.06	0.54	0.54	0	0	0.06
182400	0.07	0.54	0.54	0	0	0.07
182500	0.06	0.54	0.54	0	0	0.06
182600	0.06	0.54	0.54	0	0	0.06
182700	0.07	0.54	0.54	0	0	0.07
182800	0.06	0.54	0.54	0	0	0.06
182900	0.06	0.54	0.54	0	0	0.06
183000	0.07	0.54	0.54	0	0	0.07
183100	0.06	0.54	0.54	0	0	0.06
183200	0.07	0.54	0.54	0	0	0.07
183300	0.08	0.54	0.54	0	0	0.08
183400	0.08	0.54	0.54	0	0	0.08
183500	0.09	0.54	0.54	0	0	0.09
183600	0.09	0.54	0.54	0	0	0.09
183700	0.08	0.54	0.54	0	0	0.08
183800	0.08	0.54	0.54	0	0	0.08
183900	0.08	0.54	0.54	0	0	0.08
184000	0.09	0.54	0.54	0	0	0.09
184100	0.09	0.54	0.54	0	0	0.09
184200	0.09	0.54	0.54	0	0	0.09
184300	0.09	0.54	0.54	0	0	0.09
184400	0.08	0.54	0.54	0	0	0.08
184500	0.09	0.54	0.54	0	0	0.09
184600	0.09	0.54	0.54	0	0	0.09
184700	0.09	0.54	0.54	0	0	0.09
184800	0.11	0.54	0.54	0	0	0.11
184900	0.11	0.54	0.54	0	0	0.11
185000	0.1	0.54	0.54	0	0	0.1
185100	0.1	0.54	0.54	0	0	0.1
185200	0.11	0.54	0.54	0	0	0.11
185300	0.12	0.54	0.54	0	0	0.12
185400	0.12	0.54	0.54	0	0	0.12
185500	0.13	0.55	0.55	0	0	0.13
185600	0.14	0.55	0.55	0	0	0.14
185700	0.13	0.55	0.55	0	0	0.13
185800	0.15	0.55	0.55	0	0	0.15
185900	0.16	0.55	0.55	0	0	0.16
186000	0.18	0.55	0.55	0	0	0.18
186100	0.17	0.55	0.55	0	0	0.17
186200	0.15	0.55	0.55	0	0	0.15
186300	0.15	0.55	0.55	0	0	0.15
186400	0.16	0.55	0.55	0	0	0.16
186500	0.15	0.55	0.55	0	0	0.15
186600	0.15	0.55	0.55	0	0	0.15
186700	0.15	0.55	0.55	0	0	0.15
186800	0.15	0.55	0.55	0	0	0.15
186900	0.15	0.55	0.55	0	0	0.15
187000	0.15	0.55	0.55	0	0	0.15
187100	0.16	0.55	0.55	0	0	0.16
187200	0.16	0.55	0.55	0	0	0.16
187300	0.16	0.55	0.55	0	0	0.16
187400	0.16	0.55	0.55	0	0	0.16
187500	0.15	0.55	0.55	0	0	0.15
187600	0.15	0.55	0.55	0	0	0.15
187700	0.16	0.55	0.55	0	0	0.16
187800	0.18	0.55	0.55	0	0	0.18
187900	0.19	0.55	0.55	0	0	0.19
188000	0.19	0.55	0.55	0	0	0.19
188100	0.19	0.55	0.55	0	0	0.19
188200	0.2	0.55	0.55	0	0	0.2
188300	0.2	0.55	0.55	0	0	0.2
188400	0.2	0.55	0.55	0	0	0.2
188500	0.2	0.55	0.55	0	0	0.2
188600	0.21	0.55	0.55	0	0	0.21
188700	0.21	0.55	0.55	0	0	0.21
188800	0.21	0.55	0.55	0	0	0.21
188900	0.21	0.55	0.55	0	0	0.21
189000	0.2	0.55	0.55	0	0	0.2
189100	0.2	0.55	0.55	0	0	0.2
189200	0.21	0.55	0.55	0	0	0.21
189300	0.22	0.55	0.55	0	0	0.22
189400	0.22	0.55	0.55	0	0	0.22
189500	0.23	0.55	0.55	0	0	0.23
189600	0.23	0.55	0.55	0	0	0.23
189700	0.23	0.55	0.55	0	0	0.23
189800	0.23	0.55	0.55	0	0	0.23
189900	0.24	0.55	0.55	0	0	0.24
190000	0.24	0.55	0.55	0	0	0.24
190100	0.25	0.55	0.55	0	0	0.25
190200	0.25	0.55	0.55	0	0	0.25
190300	0.26	0.55	0.55	0	0	0.26
190400	0.27	0.55	0.55	0	0	0.27
190500	0.27	0.55	0.55	0	0	0.27
190600	0.27	0.55	0.55	0	0	0.27
190700	0.27	0.55	0.55	0	0	0.27
190800	0.27	0.55	0.55	0	0	0.27
190900	0.27	0.55	0.55	0	0	0.27
191000	0.27	0.55	0.55	0	0	0.27
191100	0.27	0.55	0.55	0	0	0.27
191200	0.27	0.55	0.55	0	0	0.27
191300	0.27	0.55	0.55	0	0	0.27
191400	0.27	0.55	0.55	0	0	0.27
191500	0.27	0.55	0.55	0	0	0.27
191600	0.27	0.55	0.55	0	0	0.27
191700	0.27	0.55	0.55	0	0	0.27
191800	0.27	0.55	0.55	0	0	0.27
191900	0.27	0.55	0.55	0	0	0.27
192000	0.27	0.55	0.55	0	0	0.27
192100	0.27	0.55	0.55	0	0	0.27
192200	0.27	0.55	0.55	0	0	0.27
192300	0.28	0.55	0.55	0	0	0.28
192400	0.28	0.55	0.55	0	0	0.28
192500	0.28	0.55	0.55	0	0	0.28
192600	0.27	0.55	0.55	0	0	0.27
192700	0.27	0.55	0.55	0	0	0.27
192800	0.27	0.55	0.55	0	0	0.27
192900	0.27	0.55	0.55	0	0	0.27
193000	0.28	0.55	0.55	0	0	0.28
193100	0.28	0.55	0.55	0	0	0.28
193200	0.28	0.55	0.55	0	0	0.28
193300	0.29	0.55	0.55	0	0	0.29
193400	0.29	0.55	0.55	0	0	0.29
193500	0.29	0.55	0.55	0	0	0.29
193600	0.3	0.55	0.55	0	0	0.3
193700	0.3	0.55	0.55	0	0	0.3
193800	0.3	0.55	0.55	0	0	0.3
193900	0.3	0.55	0.55	0	0	0.3
194000	0.3	0.55	0.55	0	0	0.3
194100	0.31	0.54	0.54	0	0	0.31
194200	0.32	0.54	0.54	0	0	0.32
194300	0.31	0.54	0.54	0	0	0.31
194400	0.32	0.54	0.54	0	0	0.32
194500	0.32	0.54	0.54	0	0	0.32
194600	0.31	0.54	0.54	0	0	0.31
194700	0.32	0.54	0.54	0	0	0.32
194800	0.33	0.54	0.54	0	0	0.33
194900	0.33	0.54	0.54	0	0	0.33
195000	0.33	0.54	0.54	0	0	0.33
195100	0.31	0.55	0.55	0	0	0.31
195200	0.3	0.55	0.55	0	0	0.3
195300	0.29	0.55	0.55	0	0	0.29
195400	0.29	0.55	0.55	0	0	0.29
195500	0.29	0.55	0.55	0	0	0.29
195600	0.29	0.55	0.55	0	0	0.29
195700	0.29	0.55	0.55	0	0	0.29
195800	0.3	0.55	0.55	0	0	0.3
195900	0.3	0.55	0.55	0	0	0.3
196000	0.31	0.55	0.55	0	0	0.31
196100	0.31	0.55	0.55	0	0	0.31
196200	0.31	0.55	0.55	0	0	0.31
196300	0.31	0.55	0.55	0	0	0.31
196400	0.32	0.55	0.55	0	0	0.32
196500	0.32	0.55	0.55	0	0	0.32
196600	0.33	0.55	0.55	0	0	0.33
196700	0.34	0.55	0.55	0	0	0.34
196800	0.34	0.55	0.55	0	0	0.34
196900	0.33	0.55	0.55	0	0	0.33
197000	0.33	0.55	0.55	0	0	0.33
197100	0.33	0.55	0.55	0	0	0.33
197200	0.33	0.55	0.55	0	0	0.33
197300	0.33	0.55	0.55	0	0	0.33
197400	0.33	0.55	0.55	0	0	0.33
197500	0.34	0.55	0.55	0	0	0.34
197600	0.34	0.55	0.55	0	0	0.34
197700	0.34	0.55	0.55	0	0	0.34
197800	0.35	0.55	0.55	0	0	0.35
197900	0.35	0.55	0.55	0	0	0.35
198000	0.35	0.55	0.55	0	0	0.35
198100	0.35	0.55	0.55	0	0	0.35
198200	0.35	0.55	0.55	0	0	0.35
198300	0.35	0.55	0.55	0	0	0.35
198400	0.35	0.55	0.55	0	0	0.35
198500	0.35	0.55	0.55	0	0	0.35
198600	0.35	0.55	0.55	0	0	0.35
198700	0.35	0.55	0.55	0	0	0.35
198800	0.36	0.55	0.55	0	0	0.36
198900	0.35	0.55	0.55	0	0	0.35
199000	0.35	0.55	0.55	0	0	0.35
199100	0.36	0.55	0.55	0	0	0.36
199200	0.36	0.55	0.55	0	0	0.36
199300	0.35	0.55	0.55	0	0	0.35
199400	0.35	0.55	0.55	0	0	0.35
199500	0.35	0.55	0.55	0	0	0.35
199600	0.36	0.55	0.55	0	0	0.36
199700	0.36	0.55	0.55	0	0	0.36
199800	0.36	0.55	0.55	0	0	0.36
199900	0.36	0.55	0.55	0	0	0.36
200000	0.36	0.55	0.55	0	0	0.36
200100	0.36	0.55	0.55	0	0	0.36
200200	0.36	0.55	0.55	0	0	0.36
200300	0.36	0.55	0.55	0	0	0.36
200400	0.36	0.55	0.55	0	0	0.36
200500	0.36	0.55	0.55	0	0	0.36
200600	0.36	0.55	0.55	0	0	0.36
200700	0.36	0.55	0.55	0	0	0.36
200800	0.37	0.55	0.55	0	0	0.37
200900	0.37	0.55	0.55	0	0	0.37
201000	0.37	0.55	0.55	0	0	0.37
201100	0.37	0.55	0.55	0	0	0.37
201200	0.37	0.55	0.55	0	0	0.37
201300	0.37	0.55	0.55	0	0	0.37
201400	0.37	0.55	0.55	0	0	0.37
201500	0.37	0.55	0.55	0	0	0.37
201600	0.37	0.55	0.55	0	0	0.37
201700	0.37	0.55	0.55	0	0	0.37
201800	0.37	0.55	0.55	0	0	0.37
201900	0.37	0.55	0.55	0	0	0.37
202000	0.37	0.55	0.55	0	0	0.37
202100	0.37	0.55	0.55	0	0	0.37
202200	0.37	0.55	0.55	0	0	0.37
202300	0.37	0.55	0.55	0	0	0.37
202400	0.37	0.55	0.55	0	0	0.37
202500	0.37	0.55	0.55	0	0	0.37
202600	0.38	0.55	0.55	0	0	0.38
202700	0.38	0.55	0.55	0	0	0.38
202800	0.38	0.55	0.55	0	0	0.38
202900	0.38	0.55	0.55	0	0	0.38
203000	0.38	0.55	0.55	0	0	0.38
203100	0.38	0.55	0.55	0	0	0.38
203200	0.38	0.55	0.55	0	0	0.38
203300	0.38	0.55	0.55	0	0	0.38
203400	0.38	0.55	0.55	0	0	0.38
203500	0.38	0.55	0.55	0	0	0.38
203600	0.38	0.55	0.55	0	0	0.38
203700	0.38	0.55	0.55	0	0	0.38
203800	0.39	0.55	0.55	0	0	0.39
203900	0.39	0.55	0.55	0	0	0.39
204000	0.39	0.55	0.55	0	0	0.39
204100	0.39	0.55	0.55	0	0	0.39
204200	0.38	0.55	0.55	0	0	0.38
204300	0.38	0.55	0.55	0	0	0.38
204400	0.38	0.55	0.55	0	0	0.38
204500	0.38	0.55	0.55	0	0	0.38
204600	0.38	0.55	0.55	0	0	0.38
204700	0.39	0.55	0.55	0	0	0.39
204800	0.38	0.55	0.55	0	0	0.38
204900	0.38	0.55	0.55	0	0	0.38
205000	0.38	0.55	0.55	0	0	0.38
205100	0.38	0.55	0.55	0	0	0.38
205200	0.38	0.55	0.55	0	0	0.38
205300	0.38	0.55	0.55	0	0	0.38
205400	0.38	0.55	0.55	0	0	0.38
205500	0.38	0.55	0.55	0	0	0.38
205600	0.38	0.55	0.55	0	0	0.38
205700	0.38	0.55	0.55	0	0	0.38
205800	0.38	0.55	0.55	0	0	0.38
205900	0.38	0.55	0.55	0	0	0.38
206000	0.39	0.55	0.55	0	0	0.39
206100	0.39	0.55	0.55	0	0	0.39
206200	0.39	0.55	0.55	0	0	0.39
206300	0.39	0.55	0.55	0	0	0.39
206400	0.39	0.55	0.55	0	0	0.39
206500	0.39	0.55	0.55	0	0	0.39
206600	0.39	0.55	0.55	0	0	0.39
206700	0.39	0.55	0.55	0	0	0.39
206800	0.39	0.55	0.55	0	0	0.39
206900	0.39	0.55	0.55	0	0	0.39
207000	0.39	0.55	0.55	0	0	0.39
207100	0.39	0.55	0.55	0	0	0.39
207200	0.39	0.55	0.55	0	0	0.39
207300	0.39	0.55	0.55	0	0	0.39
207400	0.39	0.55	0.55	0	0	0.39
207500	0.39	0.55	0.55	0	0	0.39
207600	0.39	0.55	0.55	0	0	0.39
207700	0.39	0.55	0.55	0	0	0.39
207800	0.39	0.55	0.55	0	0	0.39
207900	0.39	0.55	0.55	0	0	0.39
208000	0.39	0.55	0.55	0	0	0.39
208100	0.4	0.55	0.55	0	0	0.4
208200	0.4	0.55	0.55	0	0	0.4
208300	0.4	0.55	0.55	0	0	0.4
208400	0.4	0.55	0.55	0	0	0.4
208500	0.4	0.55	0.55	0	0	0.4
208600	0.4	0.55	0.55	0	0	0.4
208700	0.4	0.55	0.55	0	0	0.4
208800	0.4	0.55	0.55	0	0	0.4
208900	0.4	0.55	0.55	0	0	0.4
209000	0.4	0.55	0.55	0	0	0.4
209100	0.4	0.55	0.55	0	0	0.4
209200	0.4	0.55	0.55	0	0	0.4
209300	0.4	0.55	0.55	0	0	0.4
209400	0.4	0.55	0.55	0	0	0.4
209500	0.4	0.55	0.55	0	0	0.4
209600	0.4	0.55	0.55	0	0	0.4
209700	0.4	0.55	0.55	0	0	0.4
209800	0.4	0.55	0.55	0	0	0.4
209900	0.4	0.55	0.55	0	0	0.4
210000	0.39	0.55	0.55	0	0	0.39
210100	0.39	0.55	0.55	0	0	0.39
210200	0.39	0.55	0.55	0	0	0.39
210300	0.39	0.55	0.55	0	0	0.39
210400	0.4	0.55	0.55	0	0	0.4
210500	0.4	0.55	0.55	0	0	0.4
210600	0.4	0.55	0.55	0	0	0.4
210700	0.4	0.55	0.55	0	0	0.4
210800	0.4	0.55	0.55	0	0	0.4
210900	0.4	0.55	0.55	0	0	0.4
211000	0.4	0.55	0.55	0	0	0.4
211100	0.4	0.55	0.55	0	0	0.4
211200	0.4	0.55	0.55	0	0	0.4
211300	0.41	0.55	0.55	0	0	0.41
211400	0.41	0.55	0.55	0	0	0.41
211500	0.41	0.55	0.55	0	0	0.41
211600	0.41	0.55	0.55	0	0	0.41
211700	0.41	0.55	0.55	0	0	0.41
211800	0.41	0.55	0.55	0	0	0.41
211900	0.41	0.55	0.55	0	0	0.41
212000	0.41	0.55	0.55	0	0	0.41
212100	0.41	0.55	0.55	0	0	0.41
212200	0.42	0.55	0.55	0	0	0.42
212300	0.42	0.55	0.55	0	0	0.42
212400	0.42	0.55	0.55	0	0	0.42
212500	0.42	0.55	0.55	0	0	0.42
212600	0.42	0.55	0.55	0	0	0.42
212700	0.41	0.55	0.55	0	0	0.41
212800	0.41	0.55	0.55	0	0	0.41
212900	0.41	0.55	0.55	0	0	0.41
213000	0.41	0.55	0.55	0	0	0.41
213100	0.41	0.55	0.55	0	0	0.41
213200	0.41	0.55	0.55	0	0	0.41
213300	0.41	0.55	0.55	0	0	0.41
213400	0.41	0.55	0.55	0	0	0.41
213500	0.41	0.55	0.55	0	0	0.41
213600	0.41	0.55	0.55	0	0	0.41
213700	0.41	0.55	0.55	0	0	0.41
213800	0.41	0.55	0.55	0	0	0.41
213900	0.41	0.55	0.55	0	0	0.41
214000	0.41	0.55	0.55	0	0	0.41
214100	0.41	0.55	0.55	0	0	0.41
214200	0.41	0.55	0.55	0	0	0.41
214300	0.41	0.55	0.55	0	0	0.41
214400	0.42	0.55	0.55	0	0	0.42
214500	0.42	0.55	0.55	0	0	0.42
214600	0.42	0.55	0.55	0	0	0.42
214700	0.42	0.55	0.55	0	0	0.42
214800	0.42	0.55	0.55	0	0	0.42
214900	0.42	0.55	0.55	0	0	0.42
215000	0.42	0.55	0.55	0	0	0.42
215100	0.42	0.55	0.55	0	0	0.42
215200	0.42	0.55	0.55	0	0	0.42
215300	0.42	0.55	0.55	0	0	0.42
215400	0.42	0.55	0.55	0	0	0.42
215500	0.42	0.55	0.55	0	0	0.42
215600	0.42	0.55	0.55	0	0	0.42
215700	0.42	0.55	0.55	0	0	0.42
215800	0.42	0.55	0.55	0	0	0.42
215900	0.42	0.55	0.55	0	0	0.42
216000	0.42	0.55	0.55	0	0	0.42
216100	0.42	0.55	0.55	0	0	0.42
216200	0.42	0.55	0.55	0	0	0.42
216300	0.42	0.55	0.55	0	0	0.42
216400	0.42	0.55	0.55	0	0	0.42
216500	0.42	0.55	0.55	0	0	0.42
216600	0.42	0.55	0.55	0	0	0.42
216700	0.42	0.55	0.55	0	0	0.42
216800	0.42	0.55	0.55	0	0	0.42
216900	0.42	0.55	0.55	0	0	0.42
217000	0.42	0.55	0.55	0	0	0.42
217100	0.42	0.55	0.55	0	0	0.42
217200	0.41	0.55	0.55	0	0	0.41
217300	0.41	0.55	0.55	0	0	0.41
217400	0.41	0.55	0.55	0	0	0.41
217500	0.41	0.55	0.55	0	0	0.41
217600	0.41	0.55	0.55	0	0	0.41
217700	0.41	0.55	0.55	0	0	0.41
217800	0.41	0.55	0.55	0	0	0.41
217900	0.41	0.55	0.55	0	0	0.41
218000	0.41	0.55	0.55	0	0	0.41
218100	0.41	0.55	0.55	0	0	0.41
218200	0.41	0.55	0.55	0	0	0.41
218300	0.41	0.55	0.55	0	0	0.41
218400	0.41	0.55	0.55	0	0	0.41
218500	0.41	0.54	0.54	0	0	0.41
218600	0.41	0.54	0.54	0	0	0.41
218700	0.41	0.54	0.54	0	0	0.41
218800	0.41	0.54	0.54	0	0	0.41
218900	0.41	0.54	0.54	0	0	0.41
219000	0.41	0.54	0.54	0	0	0.41
219100	0.41	0.54	0.54	0	0	0.41
219200	0.41	0.54	0.54	0	0	0.41
219300	0.41	0.54	0.54	0	0	0.41
219400	0.41	0.54	0.54	0	0	0.41
219500	0.41	0.54	0.54	0	0	0.41
219600	0.42	0.54	0.54	0	0	0.42
219700	0.42	0.54	0.54	0	0	0.42
219800	0.42	0.54	0.54	0	0	0.42
219900	0.42	0.54	0.54	0	0	0.42
220000	0.41	0.54	0.54	0	0	0.41
220100	0.41	0.54	0.54	0	0	0.41
220200	0.41	0.54	0.54	0	0	0.41
220300	0.41	0.54	0.54	0	0	0.41
220400	0.41	0.54	0.54	0	0	0.41
220500	0.41	0.54	0.54	0	0	0.41
220600	0.41	0.54	0.54	0	0	0.41
220700	0.41	0.54	0.54	0	0	0.41
220800	0.41	0.54	0.54	0	0	0.41
220900	0.41	0.54	0.54	0	0	0.41
221000	0.41	0.54	0.54	0	0	0.41
221100	0.41	0.54	0.54	0	0	0.41
221200	0.41	0.54	0.54	0	0	0.41
221300	0.41	0.54	0.54	0	0	0.41
221400	0.41	0.54	0.54	0	0	0.41
221500	0.41	0.54	0.54	0	0	0.41
221600	0.41	0.54	0.54	0	0	0.41
221700	0.41	0.54	0.54	0	0	0.41
221800	0.41	0.54	0.54	0	0	0.41
221900	0.41	0.54	0.54	0	0	0.41
222000	0.41	0.54	0.54	0	0	0.41
222100	0.41	0.54	0.54	0	0	0.41
222200	0.41	0.54	0.54	0	0	0.41
222300	0.41	0.54	0.54	0	0	0.41
222400	0.41	0.54	0.54	0	0	0.41
222500	0.41	0.54	0.54	0	0	0.41
222600	0.41	0.54	0.54	0	0	0.41
222700	0.41	0.54	0.54	0	0	0.41
222800	0.41	0.54	0.54	0	0	0.41
222900	0.41	0.54	0.54	0	0	0.41
223000	0.41	0.54	0.54	0	0	0.41
223100	0.41	0.54	0.54	0	0	0.41
223200	0.41	0.54	0.54	0	0	0.41
223300	0.41	0.54	0.54	0	0	0.41
223400	0.41	0.54	0.54	0	0	0.41
223500	0.41	0.54	0.54	0	0	0.41
223600	0.41	0.54	0.54	0	0	0.41
223700	0.41	0.54	0.54	0	0	0.41
223800	0.41	0.54	0.54	0	0	0.41
223900	0.41	0.54	0.54	0	0	0.41
224000	0.41	0.54	0.54	0	0	0.41
224100	0.43	0.54	0.54	0	0	0.43
224200	0.43	0.54	0.54	0	0	0.43
224300	0.43	0.54	0.54	0	0	0.43
224400	0.43	0.54	0.54	0	0	0.43
224500	0.43	0.54	0.54	0	0	0.43
224600	0.43	0.54	0.54	0	0	0.43
224700	0.43	0.54	0.54	0	0	0.43
224800	0.43	0.54	0.54	0	0	0.43
224900	0.43	0.54	0.54	0	0	0.43
225000	0.43	0.54	0.54	0	0	0.43
225100	0.43	0.54	0.54	0	0	0.43
225200	0.43	0.54	0.54	0	0	0.43
225300	0.43	0.54	0.54	0	0	0.43
225400	0.43	0.54	0.54	0	0	0.43
225500	0.43	0.54	0.54	0	0	0.43
225600	0.43	0.54	0.54	0	0	0.43
225700	0.43	0.54	0.54	0	0	0.43
225800	0.43	0.54	0.54	0	0	0.43
225900	0.43	0.54	0.54	0	0	0.43
226000	0.43	0.54	0.54	0	0	0.43
226100	0.43	0.54	0.54	0	0	0.43
226200	0.43	0.55	0.55	0	0	0.43
226300	0.44	0.55	0.55	0	0	0.44
226400	0.44	0.55	0.55	0	0	0.44
226500	0.43	0.55	0.55	0	0	0.43
226600	0.43	0.55	0.55	0	0	0.43
226700	0.43	0.55	0.55	0	0	0.43
226800	0.43	0.55	0.55	0	0	0.43
226900	0.43	0.55	0.55	0	0	0.43
227000	0.43	0.55	0.55	0	0	0.43
227100	0.43	0.55	0.55	0	0	0.43
227200	0.43	0.55	0.55	0	0	0.43
227300	0.43	0.55	0.55	0	0	0.43
227400	0.43	0.54	0.54	0	0	0.43
227500	0.43	0.54	0.54	0	0	0.43
227600	0.42	0.54	0.54	0	0	0.42
227700	0.42	0.54	0.54	0	0	0.42
227800	0.42	0.54	0.54	0	0	0.42
227900	0.42	0.54	0.54	0	0	0.42
228000	0.42	0.54	0.54	0	0	0.42
228100	0.42	0.54	0.54	0	0	0.42
228200	0.42	0.54	0.54	0	0	0.42
228300	0.42	0.54	0.54	0	0	0.42
228400	0.42	0.54	0.54	0	0	0.42
228500	0.42	0.54	0.54	0	0	0.42
228600	0.42	0.54	0.54	0	0	0.42
228700	0.42	0.54	0.54	0	0	0.42
228800	0.42	0.54	0.54	0	0	0.42
228900	0.42	0.54	0.54	0	0	0.42
229000	0.42	0.54	0.54	0	0	0.42
229100	0.43	0.55	0.55	0	0	0.43
229200	0.43	0.55	0.55	0	0	0.43
229300	0.43	0.55	0.55	0	0	0.43
229400	0.43	0.55	0.55	0	0	0.43
229500	0.43	0.55	0.55	0	0	0.43
229600	0.43	0.55	0.55	0	0	0.43
229700	0.43	0.55	0.55	0	0	0.43
229800	0.43	0.55	0.55	0	0	0.43
229900	0.43	0.55	0.55	0	0	0.43
230000	0.43	0.55	0.55	0	0	0.43
230100	0.43	0.55	0.55	0	0	0.43
230200	0.43	0.55	0.55	0	0	0.43
230300	0.43	0.55	0.55	0	0	0.43
230400	0.43	0.55	0.55	0	0	0.43
230500	0.43	0.55	0.55	0	0	0.43
230600	0.43	0.55	0.55	0	0	0.43
230700	0.43	0.55	0.55	0	0	0.43
230800	0.43	0.55	0.55	0	0	0.43
230900	0.43	0.55	0.55	0	0	0.43
231000	0.43	0.55	0.55	0	0	0.43
231100	0.43	0.55	0.55	0	0	0.43
231200	0.43	0.54	0.54	0	0	0.43
231300	0.43	0.54	0.54	0	0	0.43
231400	0.43	0.54	0.54	0	0	0.43
231500	0.43	0.54	0.54	0	0	0.43
231600	0.43	0.54	0.54	0	0	0.43
231700	0.43	0.54	0.54	0	0	0.43
231800	0.43	0.54	0.54	0	0	0.43
231900	0.43	0.54	0.54	0	0	0.43
232000	0.43	0.54	0.54	0	0	0.43
232100	0.43	0.54	0.54	0	0	0.43
232200	0.43	0.54	0.54	0	0	0.43
232300	0.43	0.54	0.54	0	0	0.43
232400	0.43	0.54	0.54	0	0	0.43
232500	0.43	0.54	0.54	0	0	0.43
232600	0.43	0.54	0.54	0	0	0.43
232700	0.43	0.54	0.54	0	0	0.43
232800	0.43	0.54	0.54	0	0	0.43
232900	0.43	0.54	0.54	0	0	0.43
233000	0.43	0.54	0.54	0	0	0.43
233100	0.43	0.54	0.54	0	0	0.43
233200	0.43	0.54	0.54	0	0	0.43
233300	0.43	0.54	0.54	0	0	0.43
233400	0.43	0.54	0.54	0	0	0.43
233500	0.43	0.54	0.54	0	0	0.43
233600	0.43	0.54	0.54	0	0	0.43
233700	0.43	0.54	0.54	0	0	0.43
233800	0.43	0.54	0.54	0	0	0.43
233900	0.43	0.54	0.54	0	0	0.43
234000	0.43	0.54	0.54	0	0	0.43
234100	0.43	0.54	0.54	0	0	0.43
234200	0.43	0.54	0.54	0	0	0.43
234300	0.43	0.54	0.54	0	0	0.43
234400	0.43	0.54	0.54	0	0	0.43
234500	0.43	0.54	0.54	0	0	0.43
234600	0.43	0.54	0.54	0	0	0.43
234700	0.43	0.54	0.54	0	0	0.43
234800	0.43	0.54	0.54	0	0	0.43
234900	0.42	0.54	0.54	0	0	0.42
235000	0.42	0.54	0.54	0	0	0.42
235100	0.42	0.54	0.54	0	0	0.42
235200	0.42	0.54	0.54	0	0	0.42
235300	0.42	0.54	0.54	0	0	0.42
235400	0.42	0.54	0.54	0	0	0.42
235500	0.43	0.54	0.54	0	0	0.43
235600	0.43	0.54	0.54	0	0	0.43
235700	0.43	0.54	0.54	0	0	0.43
235800	0.43	0.54	0.54	0	0	0.43
235900	0.43	0.54	0.54	0	0	0.43
236000	0.43	0.54	0.54	0	0	0.43
236100	0.43	0.54	0.54	0	0	0.43
236200	0.43	0.54	0.54	0	0	0.43
236300	0.43	0.54	0.54	0	0	0.43
236400	0.43	0.54	0.54	0	0	0.43
236500	0.43	0.54	0.54	0	0	0.43
236600	0.43	0.54	0.54	0	0	0.43
236700	0.43	0.54	0.54	0	0	0.43
236800	0.43	0.54	0.54	0	0	0.43
236900	0.43	0.54	0.54	0	0	0.43
237000	0.43	0.54	0.54	0	0	0.43
237100	0.43	0.54	0.54	0	0	0.43
237200	0.44	0.54	0.54	0	0	0.44
237300	0.44	0.54	0.54	0	0	0.44
237400	0.44	0.54	0.54	0	0	0.44
237500	0.44	0.54	0.54	0	0	0.44
237600	0.44	0.54	0.54	0	0	0.44
237700	0.44	0.54	0.54	0	0	0.44
237800	0.44	0.54	0.54	0	0	0.44
237900	0.44	0.54	0.54	0	0	0.44
238000	0.44	0.54	0.54	0	0	0.44
238100	0.44	0.54	0.54	0	0	0.44
238200	0.44	0.54	0.54	0	0	0.44
238300	0.44	0.54	0.54	0	0	0.44
238400	0.44	0.54	0.54	0	0	0.44
238500	0.44	0.54	0.54	0	0	0.44
238600	0.44	0.54	0.54	0	0	0.44
238700	0.44	0.54	0.54	0	0	0.44
238800	0.44	0.54	0.54	0	0	0.44
238900	0.44	0.54	0.54	0	0	0.44
239000	0.44	0.54	0.54	0	0	0.44
239100	0.44	0.54	0.54	0	0	0.44
239200	0.44	0.54	0.54	0	0	0.44
239300	0.44	0.54	0.54	0	0	0.44
239400	0.44	0.54	0.54	0	0	0.44
239500	0.44	0.54	0.54	0	0	0.44
239600	0.44	0.54	0.54	0	0	0.44
239700	0.44	0.54	0.54	0	0	0.44
239800	0.44	0.54	0.54	0	0	0.44
239900	0.44	0.54	0.54	0	0	0.44
240000	0.44	0.54	0.54	0	0	0.44
240100	0.44	0.54	0.54	0	0	0.44
240200	0.44	0.54	0.54	0	0	0.44
240300	0.44	0.54	0.54	0	0	0.44
240400	0.44	0.54	0.54	0	0	0.44
240500	0.44	0.54	0.54	0	0	0.44
240600	0.44	0.54	0.54	0	0	0.44
240700	0.44	0.54	0.54	0	0	0.44
240800	0.44	0.54	0.54	0	0	0.44
240900	0.44	0.54	0.54	0	0	0.44
241000	0.44	0.54	0.54	0	0	0.44
241100	0.44	0.54	0.54	0	0	0.44
241200	0.44	0.54	0.54	0	0	0.44
241300	0.44	0.54	0.54	0	0	0.44
241400	0.44	0.54	0.54	0	0	0.44
241500	0.44	0.54	0.54	0	0	0.44
241600	0.44	0.54	0.54	0	0	0.44
241700	0.44	0.54	0.54	0	0	0.44
241800	0.44	0.54	0.54	0	0	0.44
241900	0.44	0.54	0.54	0	0	0.44
242000	0.44	0.54	0.54	0	0	0.44
242100	0.44	0.54	0.54	0	0	0.44
242200	0.44	0.54	0.54	0	0	0.44
242300	0.44	0.54	0.54	0	0	0.44
242400	0.44	0.54	0.54	0	0	0.44
242500	0.44	0.54	0.54	0	0	0.44
242600	0.44	0.54	0.54	0	0	0.44
242700	0.44	0.54	0.54	0	0	0.44
242800	0.44	0.54	0.54	0	0	0.44
242900	0.44	0.54	0.54	0	0	0.44
243000	0.44	0.54	0.54	0	0	0.44
243100	0.44	0.54	0.54	0	0	0.44
243200	0.44	0.54	0.54	0	0	0.44
243300	0.44	0.54	0.54	0	0	0.44
243400	0.44	0.54	0.54	0	0	0.44
243500	0.44	0.54	0.54	0	0	0.44
243600	0.44	0.54	0.54	0	0	0.44
243700	0.44	0.54	0.54	0	0	0.44
243800	0.44	0.54	0.54	0	0	0.44
243900	0.44	0.54	0.54	0	0	0.44
244000	0.44	0.54	0.54	0	0	0.44
244100	0.44	0.54	0.54	0	0	0.44
244200	0.44	0.54	0.54	0	0	0.44
244300	0.44	0.54	0.54	0	0	0.44
244400	0.44	0.54	0.54	0	0	0.44
244500	0.44	0.54	0.54	0	0	0.44
244600	0.44	0.54	0.54	0	0	0.44
244700	0.44	0.54	0.54	0	0	0.44
244800	0.44	0.54	0.54	0	0	0.44
244900	0.44	0.54	0.54	0	0	0.44
245000	0.44	0.54	0.54	0	0	0.44
245100	0.44	0.54	0.54	0	0	0.44
245200	0.44	0.54	0.54	0	0	0.44
245300	0.44	0.54	0.54	0	0	0.44
245400	0.44	0.54	0.54	0	0	0.44
245500	0.44	0.54	0.54	0	0	0.44
245600	0.44	0.54	0.54	0	0	0.44
245700	0.44	0.54	0.54	0	0	0.44
245800	0.44	0.54	0.54	0	0	0.44
245900	0.44	0.54	0.54	0	0	0.44
246000	0.44	0.54	0.54	0	0	0.44
246100	0.44	0.54	0.54	0	0	0.44
246200	0.44	0.54	0.54	0	0	0.44
246300	0.44	0.54	0.54	0	0	0.44
246400	0.44	0.54	0.54	0	0	0.44
246500	0.44	0.54	0.54	0	0	0.44
246600	0.44	0.54	0.54	0	0	0.44
246700	0.44	0.54	0.54	0	0	0.44
246800	0.44	0.54	0.54	0	0	0.44
246900	0.44	0.54	0.54	0	0	0.44
247000	0.44	0.54	0.54	0	0	0.44
247100	0.44	0.54	0.54	0	0	0.44
247200	0.44	0.54	0.54	0	0	0.44
247300	0.44	0.54	0.54	0	0	0.44
247400	0.44	0.54	0.54	0	0	0.44
247500	0.44	0.54	0.54	0	0	0.44
247600	0.44	0.54	0.54	0	0	0.44
247700	0.44	0.54	0.54	0	0	0.44
247800	0.44	0.54	0.54	0	0	0.44
247900	0.44	0.54	0.54	0	0	0.44
248000	0.44	0.54	0.54	0	0	0.44
248100	0.44	0.54	0.54	0	0	0.44
248200	0.44	0.54	0.54	0	0	0.44
248300	0.44	0.54	0.54	0	0	0.44
248400	0.44	0.54	0.54	0	0	0.44
248500	0.44	0.54	0.54	0	0	0.44
248600	0.44	0.54	0.54	0	0	0.44
248700	0.44	0.54	0.54	0	0	0.44
248800	0.44	0.54	0.54	0	0	0.44
248900	0.44	0.54	0.54	0	0	0.44
249000	0.44	0.54	0.54	0	0	0.44
249100	0.44	0.55	0.55	0	0	0.44
249200	0.44	0.55	0.55	0	0	0.44
249300	0.44	0.55	0.55	0	0	0.44
249400	0.44	0.55	0.55	0	0	0.44
249500	0.44	0.55	0.55	0	0	0.44
249600	0.44	0.55	0.55	0	0	0.44
249700	0.44	0.55	0.55	0	0	0.44
249800	0.44	0.55	0.55	0	0	0.44
249900	0.44	0.55	0.55	0	0	0.44
250000	0.44	0.55	0.55	0	0	0.44
250100	0.44	0.55	0.55	0	0	0.44
250200	0.44	0.55	0.55	0	0	0.44
250300	0.44	0.55	0.55	0	0	0.44
250400	0.44	0.55	0.55	0	0	0.44
250500	0.44	0.55	0.55	0	0	0.44
250600	0.44	0.55	0.55	0	0	0.44
250700	0.44	0.55	0.55	0	0	0.44
250800	0.44	0.55	0.55	0	0	0.44
250900	0.44	0.55	0.55	0	0	0.44
251000	0.44	0.55	0.55	0	0	0.44
251100	0.44	0.55	0.55	0	0	0.44
251200	0.44	0.55	0.55	0	0	0.44
251300	0.44	0.55	0.55	0	0	0.44
251400	0.44	0.55	0.55	0	0	0.44
251500	0.44	0.55	0.55	0	0	0.44
251600	0.44	0.55	0.55	0	0	0.44
251700	0.44	0.55	0.55	0	0	0.44
251800	0.44	0.55	0.55	0	0	0.44
251900	0.44	0.55	0.55	0	0	0.44
252000	0.44	0.55	0.55	0	0	0.44
252100	0.44	0.55	0.55	0	0	0.44
252200	0.44	0.55	0.55	0	0	0.44
252300	0.44	0.55	0.55	0	0	0.44
252400	0.44	0.55	0.55	0	0	0.44
252500	0.44	0.55	0.55	0	0	0.44
252600	0.44	0.55	0.55	0	0	0.44
252700	0.44	0.55	0.55	0	0	0.44
252800	0.44	0.55	0.55	0	0	0.44
252900	0.44	0.55	0.55	0	0	0.44
253000	0.44	0.55	0.55	0	0	0.44
253100	0.44	0.55	0.55	0	0	0.44
253200	0.44	0.55	0.55	0	0	0.44
253300	0.44	0.55	0.55	0	0	0.44
253400	0.44	0.55	0.55	0	0	0.44
253500	0.44	0.55	0.55	0	0	0.44
253600	0.44	0.55	0.55	0	0	0.44
253700	0.44	0.55	0.55	0	0	0.44
253800	0.44	0.55	0.55	0	0	0.44
253900	0.44	0.55	0.55	0	0	0.44
254000	0.44	0.55	0.55	0	0	0.44
254100	0.44	0.55	0.55	0	0	0.44
254200	0.44	0.55	0.55	0	0	0.44
254300	0.44	0.55	0.55	0	0	0.44
254400	0.44	0.55	0.55	0	0	0.44
254500	0.44	0.55	0.55	0	0	0.44
254600	0.44	0.54	0.54	0	0	0.44
254700	0.44	0.54	0.54	0	0	0.44
254800	0.44	0.54	0.54	0	0	0.44
254900	0.44	0.54	0.54	0	0	0.44
255000	0.44	0.54	0.54	0	0	0.44
255100	0.44	0.54	0.54	0	0	0.44
255200	0.44	0.54	0.54	0	0	0.44
255300	0.44	0.54	0.54	0	0	0.44
255400	0.44	0.54	0.54	0	0	0.44
255500	0.44	0.54	0.54	0	0	0.44
255600	0.44	0.54	0.54	0	0	0.44
255700	0.44	0.54	0.54	0	0	0.44
255800	0.44	0.54	0.54	0	0	0.44
255900	0.44	0.54	0.54	0	0	0.44
256000	0.44	0.54	0.54	0	0	0.44
256100	0.44	0.54	0.54	0	0	0.44
256200	0.44	0.54	0.54	0	0	0.44
256300	0.44	0.54	0.54	0	0	0.44
256400	0.44	0.54	0.54	0	0	0.44
256500	0.44	0.54	0.54	0	0	0.44
256600	0.44	0.54	0.54	0	0	0.44
256700	0.44	0.54	0.54	0	0	0.44
256800	0.44	0.54	0.54	0	0	0.44
256900	0.44	0.54	0.54	0	0	0.44
257000	0.44	0.54	0.54	0	0	0.44
257100	0.44	0.54	0.54	0	0	0.44
257200	0.44	0.54	0.54	0	0	0.44
257300	0.44	0.54	0.54	0	0	0.44
257400	0.44	0.54	0.54	0	0	0.44
257500	0.44	0.54	0.54	0	0	0.44
257600	0.44	0.54	0.54	0	0	0.44
257700	0.44	0.54	0.54	0	0	0.44
257800	0.44	0.54	0.54	0	0	0.44
257900	0.44	0.54	0.54	0	0	0.44
258000	0.44	0.54	0.54	0	0	0.44
258100	0.44	0.54	0.54	0	0	0.44
258200	0.44	0.54	0.54	0	0	0.44
258300	0.44	0.54	0.54	0	0	0.44
258400	0.44	0.54	0.54	0	0	0.44
258500	0.44	0.54	0.54	0	0	0.44
258600	0.44	0.54	0.54	0	0	0.44
258700	0.44	0.54	0.54	0	0	0.44
258800	0.44	0.54	0.54	0	0	0.44
258900	0.44	0.54	0.54	0	0	0.44
259000	0.44	0.54	0.54	0	0	0.44
259100	0.44	0.54	0.54	0	0	0.44
259200	0.44	0.54	0.54	0	0	0.44
259300	0.44	0.54	0.54	0	0	0.44
259400	0.44	0.54	0.54	0	0	0.44
259500	0.44	0.54	0.54	0	0	0.44
259600	0.44	0.54	0.54	0	0	0.44
259700	0.44	0.54	0.54	0	0	0.44
259800	0.44	0.54	0.54	0	0	0.44
259900	0.44	0.54	0.54	0	0	0.44
260000	0.44	0.54	0.54	0	0	0.44
260100	0.44	0.54	0.54	0	0	0.44
260200	0.44	0.54	0.54	0	0	0.44
260300	0.44	0.54	0.54	0	0	0.44
260400	0.44	0.54	0.54	0	0	0.44
260500	0.44	0.54	0.54	0	0	0.44
260600	0.44	0.54	0.54	0	0	0.44
260700	0.44	0.54	0.54	0	0	0.44
260800	0.44	0.54	0.54	0	0	0.44
260900	0.44	0.54	0.54	0	0	0.44
261000	0.44	0.54	0.54	0	0	0.44
261100	0.44	0.54	0.54	0	0	0.44
261200	0.44	0.54	0.54	0	0	0.44
261300	0.44	0.54	0.54	0	0	0.44
261400	0.44	0.54	0.54	0	0	0.44
261500	0.44	0.54	0.54	0	0	0.44
261600	0.44	0.54	0.54	0	0	0.44
261700	0.44	0.54	0.54	0	0	0.44
261800	0.44	0.54	0.54	0	0	0.44
261900	0.44	0.54	0.54	0	0	0.44
262000	0.44	0.54	0.54	0	0	0.44
262100	0.44	0.54	0.54	0	0	0.44
262200	0.44	0.54	0.54	0	0	0.44
262300	0.44	0.54	0.54	0	0	0.44
262400	0.44	0.54	0.54	0	0	0.44
262500	0.44	0.54	0.54	0	0	0.44
262600	0.44	0.54	0.54	0	0	0.44
262700	0.44	0.54	0.54	0	0	0.44
262800	0.44	0.54	0.54	0	0	0.44
262900	0.44	0.54	0.54	0	0	0.44
263000	0.44	0.54	0.54	0	0	0.44
263100	0.44	0.54	0.54	0	0	0.44
263200	0.44	0.54	0.54	0	0	0.44
263300	0.44	0.54	0.54	0	0	0.44
263400	0.44	0.54	0.54	0	0	0.44
263500	0.44	0.54	0.54	0	0	0.44
263600	0.44	0.54	0.54	0	0	0.44
263700	0.44	0.54	0.54	0	0	0.44
263800	0.44	0.54	0.54	0	0	0.44
263900	0.44	0.54	0.54	0	0	0.44
264000	0.44	0.54	0.54	0	0	0.44
264100	0.44	0.54	0.54	0	0	0.44
264200	0.44	0.54	0.54	0	0	0.44
264300	0.44	0.54	0.54	0	0	0.44
264400	0.44	0.54	0.54	0	0	0.44
264500	0.44	0.54	0.54	0	0	0.44
264600	0.44	0.54	0.54	0	0	0.44
264700	0.44	0.54	0.54	0	0	0.44
264800	0.44	0.54	0.54	0	0	0.44
264900	0.44	0.54	0.54	0	0	0.44
265000	0.44	0.54	0.54	0	0	0.44
265100	0.44	0.54	0.54	0	0	0.44
265200	0.44	0.54	0.54	0	0	0.44
265300	0.44	0.54	0.54	0	0	0.44
265400	0.44	0.54	0.54	0	0	0.44
265500	0.44	0.54	0.54	0	0	0.44
265600	0.44	0.54	0.54	0	0	0.44
265700	0.44	0.54	0.54	0	0	0.44
265800	0.44	0.54	0.54	0	0	0.44
265900	0.44	0.54	0.54	0	0	0.44
266000	0.44	0.54	0.54	0	0	0.44
266100	0.44	0.54	0.54	0	0	0.44
266200	0.43	0.54	0.54	0	0	0.43
266300	0.43	0.55	0.55	0	0	0.43
266400	0.43	0.55	0.55	0	0	0.43
266500	0.43	0.55	0.55	0	0	0.43
266600	0.43	0.55	0.55	0	0	0.43
266700	0.43	0.55	0.55	0	0	0.43
266800	0.43	0.55	0.55	0	0	0.43
266900	0.43	0.55	0.55	0	0	0.43
267000	0.43	0.55	0.55	0	0	0.43
267100	0.43	0.55	0.55	0	0	0.43
267200	0.43	0.55	0.55	0	0	0.43
267300	0.43	0.55	0.55	0	0	0.43
267400	0.43	0.55	0.55	0	0	0.43
267500	0.43	0.55	0.55	0	0	0.43
267600	0.43	0.55	0.55	0	0	0.43
267700	0.43	0.55	0.55	0	0	0.43
267800	0.43	0.55	0.55	0	0	0.43
267900	0.43	0.55	0.55	0	0	0.43
268000	0.43	0.55	0.55	0	0	0.43
268100	0.43	0.55	0.55	0	0	0.43
268200	0.43	0.55	0.55	0	0	0.43
268300	0.43	0.55	0.55	0	0	0.43
268400	0.43	0.55	0.55	0	0	0.43
268500	0.43	0.55	0.55	0	0	0.43
268600	0.43	0.55	0.55	0	0	0.43
268700	0.43	0.55	0.55	0	0	0.43
268800	0.43	0.55	0.55	0	0	0.43
268900	0.43	0.55	0.55	0	0	0.43
269000	0.43	0.55	0.55	0	0	0.43
269100	0.43	0.55	0.55	0	0	0.43
269200	0.43	0.55	0.55	0	0	0.43
269300	0.43	0.55	0.55	0	0	0.43
269400	0.43	0.55	0.55	0	0	0.43
269500	0.43	0.55	0.55	0	0	0.43
269600	0.43	0.55	0.55	0	0	0.43
269700	0.43	0.55	0.55	0	0	0.43
269800	0.43	0.55	0.55	0	0	0.43
269900	0.43	0.55	0.55	0	0	0.43
270000	0.43	0.55	0.55	0	0	0.43
270100	0.43	0.55	0.55	0	0	0.43
270200	0.43	0.55	0.55	0	0	0.43
270300	0.43	0.55	0.55	0	0	0.43
270400	0.43	0.55	0.55	0	0	0.43
270500	0.43	0.55	0.55	0	0	0.43
270600	0.44	0.55	0.55	0	0	0.44
270700	0.44	0.55	0.55	0	0	0.44
270800	0.44	0.55	0.55	0	0	0.44
270900	0.44	0.55	0.55	0	0	0.44
271000	0.44	0.55	0.55	0	0	0.44
271100	0.44	0.55	0.55	0	0	0.44
271200	0.44	0.55	0.55	0	0	0.44
271300	0.44	0.55	0.55	0	0	0.44
271400	0.44	0.55	0.55	0	0	0.44
271500	0.44	0.55	0.55	0	0	0.44
271600	0.44	0.55	0.55	0	0	0.44
271700	0.44	0.55	0.55	0	0	0.44
271800	0.44	0.55	0.55	0	0	0.44
271900	0.44	0.55	0.55	0	0	0.44
272000	0.44	0.55	0.55	0	0	0.44
272100	0.44	0.55	0.55	0	0	0.44
272200	0.44	0.55	0.55	0	0	0.44
272300	0.44	0.55	0.55	0	0	0.44
272400	0.44	0.55	0.55	0	0	0.44
272500	0.44	0.55	0.55	0	0	0.44
272600	0.44	0.55	0.55	0	0	0.44
272700	0.44	0.55	0.55	0	0	0.44
272800	0.44	0.55	0.55	0	0	0.44
272900	0.44	0.55	0.55	0	0	0.44
273000	0.44	0.55	0.55	0	0	0.44
273100	0.44	0.55	0.55	0	0	0.44
273200	0.44	0.55	0.55	0	0	0.44
273300	0.44	0.55	0.55	0	0	0.44
273400	0.44	0.55	0.55	0	0	0.44
273500	0.44	0.55	0.55	0	0	0.44
273600	0.44	0.55	0.55	0	0	0.44
273700	0.44	0.55	0.55	0	0	0.44
273800	0.44	0.55	0.55	0	0	0.44
273900	0.44	0.55	0.55	0	0	0.44
274000	0.44	0.55	0.55	0	0	0.44
274100	0.44	0.55	0.55	0	0	0.44
274200	0.44	0.55	0.55	0	0	0.44
274300	0.44	0.55	0.55	0	0	0.44
274400	0.44	0.55	0.55	0	0	0.44
274500	0.44	0.55	0.55	0	0	0.44
274600	0.44	0.55	0.55	0	0	0.44
274700	0.44	0.55	0.55	0	0	0.44
274800	0.44	0.55	0.55	0	0	0.44
274900	0.44	0.55	0.55	0	0	0.44
275000	0.44	0.55	0.55	0	0	0.44
275100	0.44	0.55	0.55	0	0	0.44
275200	0.44	0.55	0.55	0	0	0.44
275300	0.44	0.55	0.55	0	0	0.44
275400	0.44	0.55	0.55	0	0	0.44
275500	0.44	0.55	0.55	0	0	0.44
275600	0.44	0.55	0.55	0	0	0.44
275700	0.44	0.55	0.55	0	0	0.44
275800	0.44	0.55	0.55	0	0	0.44
275900	0.44	0.55	0.55	0	0	0.44
276000	0.44	0.55	0.55	0	0	0.44
276100	0.44	0.55	0.55	0	0	0.44
276200	0.44	0.55	0.55	0	0	0.44
276300	0.44	0.55	0.55	0	0	0.44
276400	0.44	0.55	0.55	0	0	0.44
276500	0.44	0.55	0.55	0	0	0.44
276600	0.44	0.55	0.55	0	0	0.44
276700	0.44	0.55	0.55	0	0	0.44
276800	0.44	0.55	0.55	0	0	0.44
276900	0.44	0.55	0.55	0	0	0.44
277000	0.44	0.55	0.55	0	0	0.44
277100	0.44	0.55	0.55	0	0	0.44
277200	0.44	0.55	0.55	0	0	0.44
277300	0.44	0.55	0.55	0	0	0.44
277400	0.44	0.55	0.55	0	0	0.44
277500	0.44	0.55	0.55	0	0	0.44
277600	0.44	0.55	0.55	0	0	0.44
277700	0.44	0.55	0.55	0	0	0.44
277800	0.44	0.55	0.55	0	0	0.44
277900	0.44	0.55	0.55	0	0	0.44
278000	0.44	0.55	0.55	0	0	0.44
278100	0.44	0.55	0.55	0	0	0.44
278200	0.44	0.55	0.55	0	0	0.44
278300	0.44	0.55	0.55	0	0	0.44
278400	0.44	0.55	0.55	0	0	0.44
278500	0.44	0.55	0.55	0	0	0.44
278600	0.44	0.55	0.55	0	0	0.44
278700	0.44	0.55	0.55	0	0	0.44
278800	0.44	0.55	0.55	0	0	0.44
278900	0.44	0.55	0.55	0	0	0.44
279000	0.44	0.55	0.55	0	0	0.44
279100	0.44	0.55	0.55	0	0	0.44
279200	0.44	0.55	0.55	0	0	0.44
279300	0.44	0.55	0.55	0	0	0.44
279400	0.44	0.55	0.55	0	0	0.44
279500	0.44	0.55	0.55	0	0	0.44
279600	0.44	0.55	0.55	0	0	0.44
279700	0.44	0.55	0.55	0	0	0.44
279800	0.44	0.55	0.55	0	0	0.44
279900	0.44	0.55	0.55	0	0	0.44
280000	0.44	0.55	0.55	0	0	0.44
280100	0.44	0.55	0.55	0	0	0.44
280200	0.44	0.55	0.55	0	0	0.44
280300	0.44	0.55	0.55	0	0	0.44
280400	0.44	0.55	0.55	0	0	0.44
280500	0.44	0.55	0.55	0	0	0.44
280600	0.44	0.55	0.55	0	0	0.44
280700	0.44	0.55	0.55	0	0	0.44
280800	0.44	0.55	0.55	0	0	0.44
280900	0.44	0.55	0.55	0	0	0.44
281000	0.44	0.55	0.55	0	0	0.44
281100	0.44	0.55	0.55	0	0	0.44
281200	0.44	0.55	0.55	0	0	0.44
281300	0.44	0.55	0.55	0	0	0.44
281400	0.44	0.55	0.55	0	0	0.44
281500	0.44	0.55	0.55	0	0	0.44
281600	0.44	0.55	0.55	0	0	0.44
281700	0.44	0.55	0.55	0	0	0.44
281800	0.44	0.55	0.55	0	0	0.44
281900	0.44	0.55	0.55	0	0	0.44
282000	0.44	0.55	0.55	0	0	0.44
282100	0.44	0.55	0.55	0	0	0.44
282200	0.44	0.55	0.55	0	0	0.44
282300	0.44	0.55	0.55	0	0	0.44
282400	0.44	0.55	0.55	0	0	0.44
282500	0.44	0.55	0.55	0	0	0.44
282600	0.44	0.55	0.55	0	0	0.44
282700	0.44	0.55	0.55	0	0	0.44
282800	0.44	0.55	0.55	0	0	0.44
282900	0.44	0.55	0.55	0	0	0.44
283000	0.44	0.55	0.55	0	0	0.44
283100	0.44	0.55	0.55	0	0	0.44
283200	0.44	0.55	0.55	0	0	0.44
283300	0.44	0.55	0.55	0	0	0.44
283400	0.44	0.54	0.54	0	0	0.44
283500	0.44	0.54	0.54	0	0	0.44
283600	0.44	0.54	0.54	0	0	0.44
283700	0.44	0.55	0.55	0	0	0.44
283800	0.44	0.55	0.55	0	0	0.44
283900	0.44	0.55	0.55	0	0	0.44
284000	0.44	0.55	0.55	0	0	0.44
284100	0.44	0.55	0.55	0	0	0.44
284200	0.44	0.55	0.55	0	0	0.44
284300	0.44	0.55	0.55	0	0	0.44
284400	0.44	0.55	0.55	0	0	0.44
284500	0.44	0.55	0.55	0	0	0.44
284600	0.44	0.55	0.55	0	0	0.44
284700	0.44	0.55	0.55	0	0	0.44
284800	0.44	0.55	0.55	0	0	0.44
284900	0.44	0.55	0.55	0	0	0.44
285000	0.44	0.55	0.55	0	0	0.44
285100	0.44	0.55	0.55	0	0	0.44
285200	0.44	0.55	0.55	0	0	0.44
285300	0.44	0.55	0.55	0	0	0.44
285400	0.44	0.55	0.55	0	0	0.44
285500	0.44	0.55	0.55	0	0	0.44
285600	0.44	0.55	0.55	0	0	0.44
285700	0.44	0.55	0.55	0	0	0.44
285800	0.44	0.55	0.55	0	0	0.44
285900	0.44	0.55	0.55	0	0	0.44
286000	0.44	0.55	0.55	0	0	0.44
286100	0.44	0.55	0.55	0	0	0.44
286200	0.44	0.55	0.55	0	0	0.44
286300	0.44	0.55	0.55	0	0	0.44
286400	0.44	0.55	0.55	0	0	0.44
286500	0.44	0.54	0.54	0	0	0.44
286600	0.44	0.54	0.54	0	0	0.44
286700	0.44	0.54	0.54	0	0	0.44
286800	0.44	0.54	0.54	0	0	0.44
286900	0.44	0.54	0.54	0	0	0.44
287000	0.43	0.54	0.54	0	0	0.43
287100	0.43	0.54	0.54	0	0	0.43
287200	0.43	0.54	0.54	0	0	0.43
287300	0.43	0.54	0.54	0	0	0.43
287400	0.43	0.54	0.54	0	0	0.43
287500	0.43	0.54	0.54	0	0	0.43
287600	0.43	0.54	0.54	0	0	0.43
287700	0.43	0.55	0.55	0	0	0.43
287800	0.43	0.55	0.55	0	0	0.43
287900	0.43	0.55	0.55	0	0	0.43
288000	0.43	0.55	0.55	0	0	0.43
288100	0.43	0.54	0.54	0	0	0.43
288200	0.44	0.54	0.54	0	0	0.44
288300	0.44	0.54	0.54	0	0	0.44
288400	0.44	0.54	0.54	0	0	0.44
288500	0.44	0.54	0.54	0	0	0.44
288600	0.44	0.54	0.54	0	0	0.44
288700	0.44	0.54	0.54	0	0	0.44
288800	0.44	0.54	0.54	0	0	0.44
288900	0.44	0.54	0.54	0	0	0.44
289000	0.44	0.54	0.54	0	0	0.44
289100	0.44	0.54	0.54	0	0	0.44
289200	0.44	0.54	0.54	0	0	0.44
289300	0.44	0.54	0.54	0	0	0.44
289400	0.44	0.54	0.54	0	0	0.44
289500	0.44	0.54	0.54	0	0	0.44
289600	0.44	0.54	0.54	0	0	0.44
289700	0.44	0.54	0.54	0	0	0.44
289800	0.44	0.54	0.54	0	0	0.44
289900	0.44	0.54	0.54	0	0	0.44
290000	0.44	0.54	0.54	0	0	0.44
290100	0.44	0.54	0.54	0	0	0.44
290200	0.44	0.54	0.54	0	0	0.44
290300	0.44	0.54	0.54	0	0	0.44
290400	0.43	0.54	0.54	0	0	0.43
290500	0.43	0.54	0.54	0	0	0.43
290600	0.43	0.54	0.54	0	0	0.43
290700	0.43	0.54	0.54	0	0	0.43
290800	0.43	0.54	0.54	0	0	0.43
290900	0.43	0.54	0.54	0	0	0.43
291000	0.43	0.54	0.54	0	0	0.43
291100	0.43	0.54	0.54	0	0	0.43
291200	0.43	0.54	0.54	0	0	0.43
291300	0.43	0.54	0.54	0	0	0.43
291400	0.43	0.54	0.54	0	0	0.43
291500	0.43	0.54	0.54	0	0	0.43
291600	0.43	0.54	0.54	0	0	0.43
291700	0.43	0.54	0.54	0	0	0.43
291800	0.43	0.54	0.54	0	0	0.43
291900	0.43	0.54	0.54	0	0	0.43
292000	0.43	0.54	0.54	0	0	0.43
292100	0.43	0.54	0.54	0	0	0.43
292200	0.43	0.54	0.54	0	0	0.43
292300	0.43	0.54	0.54	0	0	0.43
292400	0.43	0.54	0.54	0	0	0.43
292500	0.43	0.54	0.54	0	0	0.43
292600	0.43	0.54	0.54	0	0	0.43
292700	0.43	0.54	0.54	0	0	0.43
292800	0.43	0.54	0.54	0	0	0.43
292900	0.43	0.54	0.54	0	0	0.43
293000	0.43	0.54	0.54	0	0	0.43
293100	0.43	0.54	0.54	0	0	0.43
293200	0.43	0.54	0.54	0	0	0.43
293300	0.43	0.54	0.54	0	0	0.43
293400	0.43	0.54	0.54	0	0	0.43
293500	0.43	0.54	0.54	0	0	0.43
293600	0.43	0.54	0.54	0	0	0.43
293700	0.43	0.54	0.54	0	0	0.43
293800	0.43	0.54	0.54	0	0	0.43
293900	0.43	0.54	0.54	0	0	0.43
294000	0.43	0.54	0.54	0	0	0.43
294100	0.43	0.54	0.54	0	0	0.43
294200	0.43	0.54	0.54	0	0	0.43
294300	0.43	0.54	0.54	0	0	0.43
294400	0.43	0.54	0.54	0	0	0.43
294500	0.43	0.54	0.54	0	0	0.43
294600	0.43	0.54	0.54	0	0	0.43
294700	0.43	0.54	0.54	0	0	0.43
294800	0.43	0.54	0.54	0	0	0.43
294900	0.43	0.54	0.54	0	0	0.43
295000	0.43	0.54	0.54	0	0	0.43
295100	0.43	0.54	0.54	0	0	0.43
295200	0.43	0.54	0.54	0	0	0.43
295300	0.43	0.54	0.54	0	0	0.43
295400	0.43	0.54	0.54	0	0	0.43
295500	0.43	0.54	0.54	0	0	0.43
295600	0.43	0.54	0.54	0	0	0.43
295700	0.43	0.54	0.54	0	0	0.43
295800	0.43	0.54	0.54	0	0	0.43
295900	0.43	0.54	0.54	0	0	0.43
296000	0.43	0.54	0.54	0	0	0.43
296100	0.43	0.54	0.54	0	0	0.43
296200	0.43	0.54	0.54	0	0	0.43
296300	0.43	0.55	0.55	0	0	0.43
296400	0.43	0.54	0.54	0	0	0.43
296500	0.43	0.54	0.54	0	0	0.43
296600	0.43	0.54	0.54	0	0	0.43
296700	0.43	0.54	0.54	0	0	0.43
296800	0.43	0.54	0.54	0	0	0.43
296900	0.43	0.54	0.54	0	0	0.43
297000	0.43	0.54	0.54	0	0	0.43
297100	0.43	0.54	0.54	0	0	0.43
297200	0.43	0.54	0.54	0	0	0.43
297300	0.43	0.54	0.54	0	0	0.43
297400	0.43	0.54	0.54	0	0	0.43
297500	0.43	0.54	0.54	0	0	0.43
297600	0.43	0.54	0.54	0	0	0.43
297700	0.43	0.54	0.54	0	0	0.43
297800	0.43	0.54	0.54	0	0	0.43
297900	0.43	0.54	0.54	0	0	0.43
298000	0.43	0.54	0.54	0	0	0.43
298100	0.43	0.54	0.54	0	0	0.43
298200	0.43	0.54	0.54	0	0	0.43
298300	0.43	0.54	0.54	0	0	0.43
298400	0.43	0.54	0.54	0	0	0.43
298500	0.44	0.54	0.54	0	0	0.44
298600	0.44	0.54	0.54	0	0	0.44
298700	0.44	0.54	0.54	0	0	0.44
298800	0.44	0.54	0.54	0	0	0.44
298900	0.44	0.54	0.54	0	0	0.44
299000	0.44	0.54	0.54	0	0	0.44
299100	0.44	0.54	0.54	0	0	0.44
299200	0.44	0.54	0.54	0	0	0.44
299300	0.44	0.54	0.54	0	0	0.44
299400	0.44	0.54	0.54	0	0	0.44
299500	0.44	0.54	0.54	0	0	0.44
299600	0.44	0.54	0.54	0	0	0.44
299700	0.44	0.54	0.54	0	0	0.44
299800	0.44	0.54	0.54	0	0	0.44
299900	0.44	0.54	0.54	0	0	0.44
300000	0.44	0.54	0.54	0	0	0.44
