100	0.04	0.02	0.02	0	0	0.04
200	0.05	0.01	0.01	0	0	0.05
300	0.06	0	0	0	0	0.06
400	0.04	0	0	0	0	0.04
500	0.03	0.01	0.01	0	0	0.03
600	0.03	0.03	0.03	0	0	0.03
700	0.03	0.03	0.03	0	0	0.03
800	0.02	0.03	0.03	0	0	0.02
900	0.01	0.02	0.02	0	0	0.01
1000	0.01	0.02	0.02	0	0	0.01
1100	0.01	0.01	0.01	0	0	0.01
1200	0.02	0.01	0.01	0	0	0.02
1300	0.02	0.01	0.01	0	0	0.02
1400	0.02	0.01	0.01	0	0	0.02
1500	0.02	0.01	0.01	0	0	0.02
1600	0.01	0.01	0.01	0	0	0.01
1700	0	0.01	0.01	0	0	0
1800	0.02	0	0	0	0	0.02
1900	0.02	0	0	0	0	0.02
2000	0.02	0	0	0	0	0.02
2100	0.03	0.01	0.01	0	0	0.03
2200	0.05	0.01	0.01	0	0	0.05
2300	0.04	0.01	0.01	0	0	0.04
2400	0.03	0.01	0.01	0	0	0.03
2500	0.02	0.01	0.01	0	0	0.02
2600	0.01	0.01	0.01	0	0	0.01
2700	0.02	0.01	0.01	0	0	0.02
2800	0.03	0	0	0	0	0.03
2900	0.01	0.02	0.02	0	0	0.01
3000	0.02	0.04	0.04	0	0	0.02
3100	0.02	0.04	0.04	0	0	0.02
3200	0.03	0.04	0.04	0	0	0.03
3300	0.03	0.04	0.04	0	0	0.03
3400	0.03	0.03	0.03	0	0	0.03
3500	0.05	0.03	0.03	0	0	0.05
3600	0.06	0.02	0.02	0	0	0.06
3700	0.05	0.04	0.04	0	0	0.05
3800	0.03	0.05	0.05	0	0	0.03
3900	0.02	0.04	0.04	0	0	0.02
4000	0.03	0.03	0.03	0	0	0.03
4100	0.03	0.02	0.02	0	0	0.03
4200	0.03	0.02	0.02	0	0	0.03
4300	0.01	0.02	0.02	0	0	0.01
4400	0.01	0.03	0.03	0	0	0.01
4500	0.01	0.03	0.03	0	0	0.01
4600	0.02	0.02	0.02	0	0	0.02
4700	0.02	0.01	0.01	0	0	0.02
4800	0.03	0.03	0.03	0	0	0.03
4900	0.02	0.03	0.03	0	0	0.02
5000	0.01	0.03	0.03	0	0	0.01
5100	0	0.02	0.02	0	0	0
5200	0	0.03	0.03	0	0	0
5300	0.01	0.03	0.03	0	0	0.01
5400	0.01	0.05	0.05	0	0	0.01
5500	0.01	0.05	0.05	0	0	0.01
5600	0.01	0.03	0.03	0	0	0.01
5700	0.02	0.03	0.03	0	0	0.02
5800	0.01	0.02	0.02	0	0	0.01
5900	0.02	0.02	0.02	0	0	0.02
6000	0.03	0.02	0.02	0	0	0.03
6100	0.03	0.04	0.04	0	0	0.03
6200	0.03	0.05	0.05	0	0	0.03
6300	0.03	0.04	0.04	0	0	0.03
6400	0.02	0.05	0.05	0	0	0.02
6500	0.01	0.04	0.04	0	0	0.01
6600	0.01	0.05	0.05	0	0	0.01
6700	0.01	0.05	0.05	0	0	0.01
6800	0.01	0.02	0.02	0	0	0.01
6900	0.01	0.01	0.01	0	0	0.01
7000	0	0.02	0.02	0	0	0
7100	0	0.01	0.01	0	0	0
7200	0	0	0	0	0	0
7300	0	0	0	0	0	0
7400	0	0	0	0	0	0
7500	0	0.01	0.01	0	0	0
7600	0	0.01	0.01	0	0	0
7700	0.02	0.01	0.01	0	0	0.02
7800	0.02	0	0	0	0	0.02
7900	0.02	0	0	0	0	0.02
8000	0.02	0	0	0	0	0.02
8100	0	0	0	0	0	0
8200	0	0	0	0	0	0
8300	0.02	0.01	0.01	0	0	0.02
8400	0.03	0.02	0.02	0	0	0.03
8500	0.04	0.02	0.02	0	0	0.04
8600	0.03	0.03	0.03	0	0	0.03
8700	0.03	0.04	0.04	0	0	0.03
8800	0.03	0.05	0.05	0	0	0.03
8900	0.02	0.05	0.05	0	0	0.02
9000	0.02	0.03	0.03	0	0	0.02
9100	0.02	0.02	0.02	0	0	0.02
9200	0.02	0	0	0	0	0.02
9300	0.02	0	0	0	0	0.02
9400	0.01	0.01	0.01	0	0	0.01
9500	0.01	0.02	0.02	0	0	0.01
9600	0.01	0	0	0	0	0.01
9700	0.01	0	0	0	0	0.01
9800	0.01	0	0	0	0	0.01
9900	0.02	0	0	0	0	0.02
10000	0.02	0	0	0	0	0.02
10100	0.02	0.02	0.02	0	0	0.02
10200	0.02	0.03	0.03	0	0	0.02
10300	0.03	0.04	0.04	0	0	0.03
10400	0.03	0.04	0.04	0	0	0.03
10500	0.03	0.06	0.06	0	0	0.03
10600	0.02	0.05	0.05	0	0	0.02
10700	0.02	0.05	0.05	0	0	0.02
10800	0.02	0.03	0.03	0	0	0.02
10900	0.02	0.04	0.04	0	0	0.02
11000	0.05	0.04	0.04	0	0	0.05
11100	0.04	0.03	0.03	0	0	0.04
11200	0.05	0.01	0.01	0	0	0.05
11300	0.03	0.01	0.01	0	0	0.03
11400	0.02	0	0	0	0	0.02
11500	0.01	0.01	0.01	0	0	0.01
11600	0.01	0.01	0.01	0	0	0.01
11700	0.03	0.02	0.02	0	0	0.03
11800	0.04	0.03	0.03	0	0	0.04
11900	0.04	0.06	0.06	0	0	0.04
12000	0.03	0.06	0.06	0	0	0.03
12100	0.05	0.03	0.03	0	0	0.05
12200	0.04	0.01	0.01	0	0	0.04
12300	0.04	0	0	0	0	0.04
12400	0.03	0	0	0	0	0.03
12500	0.04	0.01	0.01	0	0	0.04
12600	0.03	0.02	0.02	0	0	0.03
12700	0.04	0.04	0.04	0	0	0.04
12800	0.04	0.06	0.06	0	0	0.04
12900	0.04	0.03	0.03	0	0	0.04
13000	0.03	0.05	0.05	0	0	0.03
13100	0.01	0.06	0.06	0	0	0.01
13200	0.01	0.04	0.04	0	0	0.01
13300	0.03	0.04	0.04	0	0	0.03
13400	0.03	0.03	0.03	0	0	0.03
13500	0.04	0.02	0.02	0	0	0.04
13600	0.03	0.02	0.02	0	0	0.03
13700	0.03	0.03	0.03	0	0	0.03
13800	0.02	0.02	0.02	0	0	0.02
13900	0.01	0.01	0.01	0	0	0.01
14000	0.01	0.02	0.02	0	0	0.01
14100	0.02	0.03	0.03	0	0	0.02
14200	0.02	0.04	0.04	0	0	0.02
14300	0.02	0.04	0.04	0	0	0.02
14400	0.01	0.02	0.02	0	0	0.01
14500	0.01	0.03	0.03	0	0	0.01
14600	0.02	0.03	0.03	0	0	0.02
14700	0.04	0.03	0.03	0	0	0.04
14800	0.06	0.05	0.05	0	0	0.06
14900	0.06	0.05	0.05	0	0	0.06
15000	0.06	0.03	0.03	0	0	0.06
15100	0.05	0.02	0.02	0	0	0.05
15200	0.06	0	0	0	0	0.06
15300	0.03	0	0	0	0	0.03
15400	0.03	0	0	0	0	0.03
15500	0.02	0.01	0.01	0	0	0.02
15600	0.01	0.01	0.01	0	0	0.01
15700	0.02	0.02	0.02	0	0	0.02
15800	0.03	0.02	0.02	0	0	0.03
15900	0.03	0.02	0.02	0	0	0.03
16000	0.02	0	0	0	0	0.02
16100	0.03	0.01	0.01	0	0	0.03
16200	0.02	0.01	0.01	0	0	0.02
16300	0	0.01	0.01	0	0	0
16400	0.01	0.01	0.01	0	0	0.01
16500	0.02	0.02	0.02	0	0	0.02
16600	0.02	0.02	0.02	0	0	0.02
16700	0	0.03	0.03	0	0	0
16800	0.03	0.04	0.04	0	0	0.03
16900	0.04	0.04	0.04	0	0	0.04
17000	0.05	0.04	0.04	0	0	0.05
17100	0.05	0.04	0.04	0	0	0.05
17200	0.02	0.06	0.06	0	0	0.02
17300	0.01	0.05	0.05	0	0	0.01
17400	0.02	0.04	0.04	0	0	0.02
17500	0.02	0.05	0.05	0	0	0.02
17600	0.03	0.04	0.04	0	0	0.03
17700	0.03	0.02	0.02	0	0	0.03
17800	0.05	0.01	0.01	0	0	0.05
17900	0.07	0.01	0.01	0	0	0.07
18000	0.06	0	0	0	0	0.06
18100	0.06	0	0	0	0	0.06
18200	0.06	0	0	0	0	0.06
18300	0.04	0	0	0	0	0.04
18400	0.03	0	0	0	0	0.03
18500	0.04	0.01	0.01	0	0	0.04
18600	0.05	0.01	0.01	0	0	0.05
18700	0.03	0.01	0.01	0	0	0.03
18800	0.02	0.01	0.01	0	0	0.02
18900	0.04	0.01	0.01	0	0	0.04
19000	0.05	0.02	0.02	0	0	0.05
19100	0.06	0.01	0.01	0	0	0.06
19200	0.05	0.01	0.01	0	0	0.05
19300	0.05	0.01	0.01	0	0	0.05
19400	0.06	0.02	0.02	0	0	0.06
19500	0.04	0.04	0.04	0	0	0.04
19600	0.02	0.03	0.03	0	0	0.02
19700	0.03	0.02	0.02	0	0	0.03
19800	0.04	0.02	0.02	0	0	0.04
19900	0.03	0	0	0	0	0.03
20000	0.04	0.01	0.01	0	0	0.04
20100	0.04	0.01	0.01	0	0	0.04
20200	0.04	0.03	0.03	0	0	0.04
20300	0.02	0.03	0.03	0	0	0.02
20400	0.03	0.02	0.02	0	0	0.03
20500	0.02	0.01	0.01	0	0	0.02
20600	0.01	0	0	0	0	0.01
20700	0.02	0	0	0	0	0.02
20800	0.04	0	0	0	0	0.04
20900	0.05	0	0	0	0	0.05
21000	0.04	0.02	0.02	0	0	0.04
21100	0.03	0.02	0.02	0	0	0.03
21200	0.04	0.02	0.02	0	0	0.04
21300	0.03	0.02	0.02	0	0	0.03
21400	0.02	0.01	0.01	0	0	0.02
21500	0.04	0.01	0.01	0	0	0.04
21600	0.05	0.01	0.01	0	0	0.05
21700	0.06	0	0	0	0	0.06
21800	0.06	0	0	0	0	0.06
21900	0.04	0	0	0	0	0.04
22000	0.06	0	0	0	0	0.06
22100	0.05	0	0	0	0	0.05
22200	0.06	0.02	0.02	0	0	0.06
22300	0.06	0.02	0.02	0	0	0.06
22400	0.04	0.02	0.02	0	0	0.04
22500	0.05	0.02	0.02	0	0	0.05
22600	0.03	0.01	0.01	0	0	0.03
22700	0.03	0.02	0.02	0	0	0.03
22800	0.04	0.02	0.02	0	0	0.04
22900	0.04	0.01	0.01	0	0	0.04
23000	0.03	0.02	0.02	0	0	0.03
23100	0.02	0.03	0.03	0	0	0.02
23200	0.02	0.04	0.04	0	0	0.02
23300	0.01	0.03	0.03	0	0	0.01
23400	0.01	0.03	0.03	0	0	0.01
23500	0.01	0.03	0.03	0	0	0.01
23600	0.01	0.05	0.05	0	0	0.01
23700	0.01	0.06	0.06	0	0	0.01
23800	0.03	0.05	0.05	0	0	0.03
23900	0.02	0.04	0.04	0	0	0.02
24000	0.01	0.05	0.05	0	0	0.01
24100	0.01	0.06	0.06	0	0	0.01
24200	0.02	0.06	0.06	0	0	0.02
24300	0.01	0.03	0.03	0	0	0.01
24400	0.03	0.04	0.04	0	0	0.03
24500	0.02	0.04	0.04	0	0	0.02
24600	0.01	0.03	0.03	0	0	0.01
24700	0.03	0.04	0.04	0	0	0.03
24800	0.03	0.02	0.02	0	0	0.03
24900	0.02	0.01	0.01	0	0	0.02
25000	0.03	0.01	0.01	0	0	0.03
25100	0.02	0.03	0.03	0	0	0.02
25200	0.02	0.03	0.03	0	0	0.02
25300	0.02	0.03	0.03	0	0	0.02
25400	0.01	0.03	0.03	0	0	0.01
25500	0.02	0.04	0.04	0	0	0.02
25600	0.01	0.05	0.05	0	0	0.01
25700	0.01	0.05	0.05	0	0	0.01
25800	0.03	0.05	0.05	0	0	0.03
25900	0.03	0.03	0.03	0	0	0.03
26000	0.03	0.02	0.02	0	0	0.03
26100	0.04	0.01	0.01	0	0	0.04
26200	0.03	0.01	0.01	0	0	0.03
26300	0.02	0.03	0.03	0	0	0.02
26400	0.02	0.04	0.04	0	0	0.02
26500	0.02	0.04	0.04	0	0	0.02
26600	0.02	0.04	0.04	0	0	0.02
26700	0.03	0.02	0.02	0	0	0.03
26800	0.02	0.01	0.01	0	0	0.02
26900	0	0.01	0.01	0	0	0
27000	0	0.01	0.01	0	0	0
27100	0	0.03	0.03	0	0	0
27200	0	0.04	0.04	0	0	0
27300	0.01	0.01	0.01	0	0	0.01
27400	0.01	0.03	0.03	0	0	0.01
27500	0.02	0.02	0.02	0	0	0.02
27600	0.02	0.02	0.02	0	0	0.02
27700	0.02	0.02	0.02	0	0	0.02
27800	0.04	0.02	0.02	0	0	0.04
27900	0.05	0.03	0.03	0	0	0.05
28000	0.06	0.03	0.03	0	0	0.06
28100	0.05	0.04	0.04	0	0	0.05
28200	0.06	0.05	0.05	0	0	0.06
28300	0.07	0.04	0.04	0	0	0.07
28400	0.06	0.04	0.04	0	0	0.06
28500	0.06	0.04	0.04	0	0	0.06
28600	0.04	0.02	0.02	0	0	0.04
28700	0.04	0.01	0.01	0	0	0.04
28800	0.04	0.01	0.01	0	0	0.04
28900	0.04	0.01	0.01	0	0	0.04
29000	0.05	0.02	0.02	0	0	0.05
29100	0.07	0.03	0.03	0	0	0.07
29200	0.04	0.02	0.02	0	0	0.04
29300	0.01	0.02	0.02	0	0	0.01
29400	0.01	0.02	0.02	0	0	0.01
29500	0	0.02	0.02	0	0	0
29600	0	0	0	0	0	0
29700	0.01	0.02	0.02	0	0	0.01
29800	0.02	0.03	0.03	0	0	0.02
29900	0.04	0.02	0.02	0	0	0.04
30000	0.04	0.02	0.02	0	0	0.04
30100	0.05	0.01	0.01	0	0	0.05
30200	0.02	0.02	0.02	0	0	0.02
30300	0.01	0.05	0.05	0	0	0.01
30400	0.02	0.04	0.04	0	0	0.02
30500	0.02	0.05	0.05	0	0	0.02
30600	0.02	0.04	0.04	0	0	0.02
30700	0.06	0.03	0.03	0	0	0.06
30800	0.06	0.04	0.04	0	0	0.06
30900	0.05	0.04	0.04	0	0	0.05
31000	0.04	0.03	0.03	0	0	0.04
31100	0.03	0.03	0.03	0	0	0.03
31200	0.03	0.04	0.04	0	0	0.03
31300	0.02	0.04	0.04	0	0	0.02
31400	0.03	0.05	0.05	0	0	0.03
31500	0.02	0.04	0.04	0	0	0.02
31600	0.01	0.04	0.04	0	0	0.01
31700	0.02	0.02	0.02	0	0	0.02
31800	0.04	0.01	0.01	0	0	0.04
31900	0.04	0	0	0	0	0.04
32000	0.03	0	0	0	0	0.03
32100	0.02	0	0	0	0	0.02
32200	0.02	0	0	0	0	0.02
32300	0.02	0.01	0.01	0	0	0.02
32400	0.03	0.01	0.01	0	0	0.03
32500	0.01	0.01	0.01	0	0	0.01
32600	0.01	0.01	0.01	0	0	0.01
32700	0.01	0.03	0.03	0	0	0.01
32800	0.01	0.03	0.03	0	0	0.01
32900	0.03	0.05	0.05	0	0	0.03
33000	0.02	0.06	0.06	0	0	0.02
33100	0.01	0.06	0.06	0	0	0.01
33200	0.01	0.04	0.04	0	0	0.01
33300	0.03	0.07	0.07	0	0	0.03
33400	0.01	0.07	0.07	0	0	0.01
33500	0.02	0.06	0.06	0	0	0.02
33600	0.02	0.07	0.07	0	0	0.02
33700	0.02	0.09	0.09	0	0	0.02
33800	0.02	0.08	0.08	0	0	0.02
33900	0	0.05	0.05	0	0	0
34000	0	0.04	0.04	0	0	0
34100	0	0.02	0.02	0	0	0
34200	0	0.02	0.02	0	0	0
34300	0.01	0.02	0.02	0	0	0.01
34400	0.03	0.01	0.01	0	0	0.03
34500	0.03	0.01	0.01	0	0	0.03
34600	0.03	0.02	0.02	0	0	0.03
34700	0.02	0.03	0.03	0	0	0.02
34800	0.03	0.04	0.04	0	0	0.03
34900	0.02	0.06	0.06	0	0	0.02
35000	0.02	0.07	0.07	0	0	0.02
35100	0.01	0.07	0.07	0	0	0.01
35200	0.02	0.07	0.07	0	0	0.02
35300	0.01	0.08	0.08	0	0	0.01
35400	0.01	0.08	0.08	0	0	0.01
35500	0.02	0.05	0.05	0	0	0.02
35600	0.02	0.05	0.05	0	0	0.02
35700	0.03	0.07	0.07	0	0	0.03
35800	0.04	0.07	0.07	0	0	0.04
35900	0.03	0.07	0.07	0	0	0.03
36000	0.02	0.08	0.08	0	0	0.02
36100	0.02	0.09	0.09	0	0	0.02
36200	0.01	0.09	0.09	0	0	0.01
36300	0.02	0.09	0.09	0	0	0.02
36400	0.02	0.07	0.07	0	0	0.02
36500	0.03	0.07	0.07	0	0	0.03
36600	0.03	0.08	0.08	0	0	0.03
36700	0.02	0.07	0.07	0	0	0.02
36800	0.01	0.07	0.07	0	0	0.01
36900	0.03	0.09	0.09	0	0	0.03
37000	0.03	0.09	0.09	0	0	0.03
37100	0.03	0.09	0.09	0	0	0.03
37200	0.06	0.08	0.08	0	0	0.06
37300	0.02	0.06	0.06	0	0	0.02
37400	0.02	0.07	0.07	0	0	0.02
37500	0.02	0.05	0.05	0	0	0.02
37600	0.05	0.04	0.04	0	0	0.05
37700	0.05	0.03	0.03	0	0	0.05
37800	0.04	0.03	0.03	0	0	0.04
37900	0.04	0.03	0.03	0	0	0.04
38000	0.03	0.03	0.03	0	0	0.03
38100	0.03	0.04	0.04	0	0	0.03
38200	0.05	0.04	0.04	0	0	0.05
38300	0.07	0.05	0.05	0	0	0.07
38400	0.06	0.02	0.02	0	0	0.06
38500	0.04	0.03	0.03	0	0	0.04
38600	0.04	0.02	0.02	0	0	0.04
38700	0.03	0.02	0.02	0	0	0.03
38800	0.04	0.03	0.03	0	0	0.04
38900	0.03	0.02	0.02	0	0	0.03
39000	0.03	0.04	0.04	0	0	0.03
39100	0.02	0.03	0.03	0	0	0.02
39200	0.02	0.01	0.01	0	0	0.02
39300	0	0.03	0.03	0	0	0
39400	0	0.04	0.04	0	0	0
39500	0	0.06	0.06	0	0	0
39600	0.01	0.04	0.04	0	0	0.01
39700	0.02	0.04	0.04	0	0	0.02
39800	0.02	0.04	0.04	0	0	0.02
39900	0.01	0.02	0.02	0	0	0.01
40000	0.01	0.02	0.02	0	0	0.01
40100	0.02	0.01	0.01	0	0	0.02
40200	0.04	0	0	0	0	0.04
40300	0.03	0.02	0.02	0	0	0.03
40400	0.03	0.04	0.04	0	0	0.03
40500	0.03	0.04	0.04	0	0	0.03
40600	0.02	0.05	0.05	0	0	0.02
40700	0.01	0.05	0.05	0	0	0.01
40800	0	0.05	0.05	0	0	0
40900	0	0.04	0.04	0	0	0
41000	0.01	0.08	0.08	0	0	0.01
41100	0.02	0.08	0.08	0	0	0.02
41200	0.02	0.06	0.06	0	0	0.02
41300	0.03	0.06	0.06	0	0	0.03
41400	0.04	0.06	0.06	0	0	0.04
41500	0.05	0.08	0.08	0	0	0.05
41600	0.04	0.07	0.07	0	0	0.04
41700	0.04	0.07	0.07	0	0	0.04
41800	0.03	0.06	0.06	0	0	0.03
41900	0.01	0.04	0.04	0	0	0.01
42000	0.01	0.04	0.04	0	0	0.01
42100	0.03	0.02	0.02	0	0	0.03
42200	0.02	0.01	0.01	0	0	0.02
42300	0.01	0.01	0.01	0	0	0.01
42400	0.03	0.02	0.02	0	0	0.03
42500	0.04	0.02	0.02	0	0	0.04
42600	0.02	0	0	0	0	0.02
42700	0.02	0.01	0.01	0	0	0.02
42800	0.01	0.01	0.01	0	0	0.01
42900	0.01	0.03	0.03	0	0	0.01
43000	0.01	0.03	0.03	0	0	0.01
43100	0.01	0.03	0.03	0	0	0.01
43200	0.03	0.04	0.04	0	0	0.03
43300	0.02	0.04	0.04	0	0	0.02
43400	0.03	0.05	0.05	0	0	0.03
43500	0.03	0.06	0.06	0	0	0.03
43600	0.03	0.06	0.06	0	0	0.03
43700	0.02	0.06	0.06	0	0	0.02
43800	0.01	0.06	0.06	0	0	0.01
43900	0.01	0.04	0.04	0	0	0.01
44000	0.03	0.05	0.05	0	0	0.03
44100	0.03	0.05	0.05	0	0	0.03
44200	0.02	0.04	0.04	0	0	0.02
44300	0.02	0.04	0.04	0	0	0.02
44400	0.01	0.05	0.05	0	0	0.01
44500	0	0.06	0.06	0	0	0
44600	0	0.05	0.05	0	0	0
44700	0.01	0.03	0.03	0	0	0.01
44800	0.01	0.03	0.03	0	0	0.01
44900	0.02	0.02	0.02	0	0	0.02
45000	0.03	0.01	0.01	0	0	0.03
45100	0.03	0.01	0.01	0	0	0.03
45200	0.04	0.02	0.02	0	0	0.04
45300	0.06	0.03	0.03	0	0	0.06
45400	0.05	0.03	0.03	0	0	0.05
45500	0.06	0.04	0.04	0	0	0.06
45600	0.07	0.02	0.02	0	0	0.07
45700	0.08	0.04	0.04	0	0	0.08
45800	0.09	0.04	0.04	0	0	0.09
45900	0.08	0.03	0.03	0	0	0.08
46000	0.08	0.03	0.03	0	0	0.08
46100	0.07	0.03	0.03	0	0	0.07
46200	0.08	0.04	0.04	0	0	0.08
46300	0.08	0.05	0.05	0	0	0.08
46400	0.07	0.04	0.04	0	0	0.07
46500	0.09	0.02	0.02	0	0	0.09
46600	0.09	0.02	0.02	0	0	0.09
46700	0.09	0.02	0.02	0	0	0.09
46800	0.09	0	0	0	0	0.09
46900	0.1	0.01	0.01	0	0	0.1
47000	0.09	0.03	0.03	0	0	0.09
47100	0.08	0.03	0.03	0	0	0.08
47200	0.07	0.04	0.04	0	0	0.07
47300	0.07	0.04	0.04	0	0	0.07
47400	0.06	0.03	0.03	0	0	0.06
47500	0.06	0.03	0.03	0	0	0.06
47600	0.06	0.04	0.04	0	0	0.06
47700	0.07	0.02	0.02	0	0	0.07
47800	0.08	0.01	0.01	0	0	0.08
47900	0.08	0.01	0.01	0	0	0.08
48000	0.08	0.01	0.01	0	0	0.08
48100	0.07	0.01	0.01	0	0	0.07
48200	0.08	0.01	0.01	0	0	0.08
48300	0.08	0.01	0.01	0	0	0.08
48400	0.06	0.01	0.01	0	0	0.06
48500	0.07	0.01	0.01	0	0	0.07
48600	0.08	0.01	0.01	0	0	0.08
48700	0.08	0.01	0.01	0	0	0.08
48800	0.07	0.01	0.01	0	0	0.07
48900	0.08	0.02	0.02	0	0	0.08
49000	0.07	0.02	0.02	0	0	0.07
49100	0.07	0.03	0.03	0	0	0.07
49200	0.04	0.05	0.05	0	0	0.04
49300	0.04	0.05	0.05	0	0	0.04
49400	0.06	0.06	0.06	0	0	0.06
49500	0.06	0.05	0.05	0	0	0.06
49600	0.08	0.06	0.06	0	0	0.08
49700	0.08	0.06	0.06	0	0	0.08
49800	0.08	0.05	0.05	0	0	0.08
49900	0.08	0.04	0.04	0	0	0.08
50000	0.08	0.01	0.01	0	0	0.08
50100	0.07	0.01	0.01	0	0	0.07
50200	0.07	0.01	0.01	0	0	0.07
50300	0.07	0.02	0.02	0	0	0.07
50400	0.07	0.01	0.01	0	0	0.07
50500	0.08	0.02	0.02	0	0	0.08
50600	0.08	0.02	0.02	0	0	0.08
50700	0.08	0.01	0.01	0	0	0.08
50800	0.09	0.02	0.02	0	0	0.09
50900	0.1	0.03	0.03	0	0	0.1
51000	0.09	0.04	0.04	0	0	0.09
51100	0.09	0.04	0.04	0	0	0.09
51200	0.09	0.06	0.06	0	0	0.09
51300	0.09	0.05	0.05	0	0	0.09
51400	0.1	0.05	0.05	0	0	0.1
51500	0.1	0.03	0.03	0	0	0.1
51600	0.11	0.02	0.02	0	0	0.11
51700	0.1	0	0	0	0	0.1
51800	0.1	0	0	0	0	0.1
51900	0.09	0.03	0.03	0	0	0.09
52000	0.08	0.06	0.06	0	0	0.08
52100	0.08	0.06	0.06	0	0	0.08
52200	0.08	0.06	0.06	0	0	0.08
52300	0.08	0.04	0.04	0	0	0.08
52400	0.08	0.03	0.03	0	0	0.08
52500	0.08	0.03	0.03	0	0	0.08
52600	0.09	0.04	0.04	0	0	0.09
52700	0.08	0.04	0.04	0	0	0.08
52800	0.08	0.05	0.05	0	0	0.08
52900	0.08	0.04	0.04	0	0	0.08
53000	0.08	0.05	0.05	0	0	0.08
53100	0.09	0.05	0.05	0	0	0.09
53200	0.1	0.04	0.04	0	0	0.1
53300	0.11	0.03	0.03	0	0	0.11
53400	0.11	0.04	0.04	0	0	0.11
53500	0.11	0.04	0.04	0	0	0.11
53600	0.1	0.04	0.04	0	0	0.1
53700	0.1	0.05	0.05	0	0	0.1
53800	0.12	0.06	0.06	0	0	0.12
53900	0.13	0.04	0.04	0	0	0.13
54000	0.13	0.02	0.02	0	0	0.13
54100	0.12	0.03	0.03	0	0	0.12
54200	0.12	0.02	0.02	0	0	0.12
54300	0.12	0.02	0.02	0	0	0.12
54400	0.12	0.04	0.04	0	0	0.12
54500	0.11	0.05	0.05	0	0	0.11
54600	0.11	0.03	0.03	0	0	0.11
54700	0.11	0.02	0.02	0	0	0.11
54800	0.11	0.01	0.01	0	0	0.11
54900	0.11	0.01	0.01	0	0	0.11
55000	0.1	0	0	0	0	0.1
55100	0.11	0.03	0.03	0	0	0.11
55200	0.12	0.04	0.04	0	0	0.12
55300	0.12	0.05	0.05	0	0	0.12
55400	0.14	0.05	0.05	0	0	0.14
55500	0.14	0.03	0.03	0	0	0.14
55600	0.13	0.04	0.04	0	0	0.13
55700	0.13	0.01	0.01	0	0	0.13
55800	0.12	0.05	0.05	0	0	0.12
55900	0.13	0.07	0.07	0	0	0.13
56000	0.13	0.09	0.09	0	0	0.13
56100	0.11	0.05	0.05	0	0	0.11
56200	0.12	0.03	0.03	0	0	0.12
56300	0.1	0.03	0.03	0	0	0.1
56400	0.11	0.03	0.03	0	0	0.11
56500	0.13	0.02	0.02	0	0	0.13
56600	0.12	0.01	0.01	0	0	0.12
56700	0.14	0	0	0	0	0.14
56800	0.15	0.03	0.03	0	0	0.15
56900	0.15	0.02	0.02	0	0	0.15
57000	0.14	0.02	0.02	0	0	0.14
57100	0.13	0.02	0.02	0	0	0.13
57200	0.12	0.03	0.03	0	0	0.12
57300	0.11	0.03	0.03	0	0	0.11
57400	0.11	0.01	0.01	0	0	0.11
57500	0.12	0.01	0.01	0	0	0.12
57600	0.12	0	0	0	0	0.12
57700	0.12	0.02	0.02	0	0	0.12
57800	0.13	0.03	0.03	0	0	0.13
57900	0.13	0.05	0.05	0	0	0.13
58000	0.13	0.05	0.05	0	0	0.13
58100	0.12	0.04	0.04	0	0	0.12
58200	0.12	0.04	0.04	0	0	0.12
58300	0.13	0.03	0.03	0	0	0.13
58400	0.15	0.02	0.02	0	0	0.15
58500	0.16	0.01	0.01	0	0	0.16
58600	0.16	0.01	0.01	0	0	0.16
58700	0.15	0	0	0	0	0.15
58800	0.14	0.01	0.01	0	0	0.14
58900	0.15	0.01	0.01	0	0	0.15
59000	0.14	0	0	0	0	0.14
59100	0.16	0.01	0.01	0	0	0.16
59200	0.15	0.04	0.04	0	0	0.15
59300	0.15	0.04	0.04	0	0	0.15
59400	0.15	0.03	0.03	0	0	0.15
59500	0.15	0.02	0.02	0	0	0.15
59600	0.15	0.04	0.04	0	0	0.15
59700	0.14	0.02	0.02	0	0	0.14
59800	0.14	0.03	0.03	0	0	0.14
59900	0.13	0.04	0.04	0	0	0.13
60000	0.13	0.04	0.04	0	0	0.13
60100	0.13	0.04	0.04	0	0	0.13
60200	0.14	0.03	0.03	0	0	0.14
60300	0.16	0.01	0.01	0	0	0.16
60400	0.16	0.02	0.02	0	0	0.16
60500	0.16	0.02	0.02	0	0	0.16
60600	0.16	0.01	0.01	0	0	0.16
60700	0.17	0	0	0	0	0.17
60800	0.17	0	0	0	0	0.17
60900	0.16	0	0	0	0	0.16
61000	0.17	0	0	0	0	0.17
61100	0.17	0	0	0	0	0.17
61200	0.17	0	0	0	0	0.17
61300	0.17	0.01	0.01	0	0	0.17
61400	0.17	0.01	0.01	0	0	0.17
61500	0.17	0.01	0.01	0	0	0.17
61600	0.17	0.01	0.01	0	0	0.17
61700	0.16	0	0	0	0	0.16
61800	0.16	0	0	0	0	0.16
61900	0.16	0.01	0.01	0	0	0.16
62000	0.16	0.02	0.02	0	0	0.16
62100	0.17	0.01	0.01	0	0	0.17
62200	0.17	0.01	0.01	0	0	0.17
62300	0.18	0	0	0	0	0.18
62400	0.18	0	0	0	0	0.18
62500	0.19	0.03	0.03	0	0	0.19
62600	0.19	0.03	0.03	0	0	0.19
62700	0.18	0.04	0.04	0	0	0.18
62800	0.2	0.04	0.04	0	0	0.2
62900	0.22	0.02	0.02	0	0	0.22
63000	0.21	0.03	0.03	0	0	0.21
63100	0.21	0.01	0.01	0	0	0.21
63200	0.21	0.01	0.01	0	0	0.21
63300	0.21	0.02	0.02	0	0	0.21
63400	0.2	0.02	0.02	0	0	0.2
63500	0.2	0.03	0.03	0	0	0.2
63600	0.2	0.05	0.05	0	0	0.2
63700	0.21	0.06	0.06	0	0	0.21
63800	0.21	0.04	0.04	0	0	0.21
63900	0.22	0.03	0.03	0	0	0.22
64000	0.22	0.01	0.01	0	0	0.22
64100	0.23	0.01	0.01	0	0	0.23
64200	0.23	0	0	0	0	0.23
64300	0.22	0	0	0	0	0.22
64400	0.22	0	0	0	0	0.22
64500	0.22	0.02	0.02	0	0	0.22
64600	0.22	0.02	0.02	0	0	0.22
64700	0.22	0.04	0.04	0	0	0.22
64800	0.22	0.04	0.04	0	0	0.22
64900	0.22	0.06	0.06	0	0	0.22
65000	0.22	0.07	0.07	0	0	0.22
65100	0.22	0.07	0.07	0	0	0.22
65200	0.22	0.08	0.08	0	0	0.22
65300	0.22	0.06	0.06	0	0	0.22
65400	0.22	0.06	0.06	0	0	0.22
65500	0.22	0.06	0.06	0	0	0.22
65600	0.23	0.06	0.06	0	0	0.23
65700	0.23	0.06	0.06	0	0	0.23
65800	0.23	0.06	0.06	0	0	0.23
65900	0.24	0.07	0.07	0	0	0.24
66000	0.24	0.07	0.07	0	0	0.24
66100	0.25	0.05	0.05	0	0	0.25
66200	0.25	0.04	0.04	0	0	0.25
66300	0.25	0.06	0.06	0	0	0.25
66400	0.25	0.05	0.05	0	0	0.25
66500	0.25	0.03	0.03	0	0	0.25
66600	0.25	0.02	0.02	0	0	0.25
66700	0.25	0.02	0.02	0	0	0.25
66800	0.25	0.03	0.03	0	0	0.25
66900	0.25	0.03	0.03	0	0	0.25
67000	0.24	0.02	0.02	0	0	0.24
67100	0.24	0.02	0.02	0	0	0.24
67200	0.24	0.02	0.02	0	0	0.24
67300	0.24	0.01	0.01	0	0	0.24
67400	0.24	0	0	0	0	0.24
67500	0.24	0	0	0	0	0.24
67600	0.24	0.01	0.01	0	0	0.24
67700	0.24	0.02	0.02	0	0	0.24
67800	0.24	0.03	0.03	0	0	0.24
67900	0.24	0.03	0.03	0	0	0.24
68000	0.25	0.03	0.03	0	0	0.25
68100	0.24	0.03	0.03	0	0	0.24
68200	0.24	0.03	0.03	0	0	0.24
68300	0.25	0.02	0.02	0	0	0.25
68400	0.25	0.03	0.03	0	0	0.25
68500	0.24	0.02	0.02	0	0	0.24
68600	0.25	0.02	0.02	0	0	0.25
68700	0.27	0.02	0.02	0	0	0.27
68800	0.29	0.01	0.01	0	0	0.29
68900	0.28	0.02	0.02	0	0	0.28
69000	0.28	0.02	0.02	0	0	0.28
69100	0.28	0.02	0.02	0	0	0.28
69200	0.27	0.04	0.04	0	0	0.27
69300	0.25	0.04	0.04	0	0	0.25
69400	0.24	0.04	0.04	0	0	0.24
69500	0.26	0.02	0.02	0	0	0.26
69600	0.25	0.01	0.01	0	0	0.25
69700	0.25	0.01	0.01	0	0	0.25
69800	0.25	0.01	0.01	0	0	0.25
69900	0.27	0.02	0.02	0	0	0.27
70000	0.27	0.01	0.01	0	0	0.27
70100	0.27	0.01	0.01	0	0	0.27
70200	0.26	0.03	0.03	0	0	0.26
70300	0.27	0.04	0.04	0	0	0.27
70400	0.27	0.05	0.05	0	0	0.27
70500	0.26	0.05	0.05	0	0	0.26
70600	0.26	0.05	0.05	0	0	0.26
70700	0.27	0.08	0.08	0	0	0.27
70800	0.27	0.07	0.07	0	0	0.27
70900	0.27	0.05	0.05	0	0	0.27
71000	0.27	0.08	0.08	0	0	0.27
71100	0.27	0.09	0.09	0	0	0.27
71200	0.27	0.1	0.1	0	0	0.27
71300	0.27	0.08	0.08	0	0	0.27
71400	0.27	0.08	0.08	0	0	0.27
71500	0.28	0.07	0.07	0	0	0.28
71600	0.27	0.07	0.07	0	0	0.27
71700	0.27	0.07	0.07	0	0	0.27
71800	0.27	0.06	0.06	0	0	0.27
71900	0.27	0.05	0.05	0	0	0.27
72000	0.26	0.06	0.06	0	0	0.26
72100	0.26	0.06	0.06	0	0	0.26
72200	0.27	0.06	0.06	0	0	0.27
72300	0.27	0.05	0.05	0	0	0.27
72400	0.27	0.04	0.04	0	0	0.27
72500	0.27	0.04	0.04	0	0	0.27
72600	0.28	0.04	0.04	0	0	0.28
72700	0.28	0.04	0.04	0	0	0.28
72800	0.28	0.05	0.05	0	0	0.28
72900	0.28	0.06	0.06	0	0	0.28
73000	0.28	0.06	0.06	0	0	0.28
73100	0.28	0.06	0.06	0	0	0.28
73200	0.28	0.04	0.04	0	0	0.28
73300	0.29	0.02	0.02	0	0	0.29
73400	0.31	0.03	0.03	0	0	0.31
73500	0.31	0.04	0.04	0	0	0.31
73600	0.31	0.04	0.04	0	0	0.31
73700	0.31	0.06	0.06	0	0	0.31
73800	0.32	0.06	0.06	0	0	0.32
73900	0.31	0.06	0.06	0	0	0.31
74000	0.32	0.07	0.07	0	0	0.32
74100	0.32	0.05	0.05	0	0	0.32
74200	0.33	0.02	0.02	0	0	0.33
74300	0.33	0	0	0	0	0.33
74400	0.33	0.02	0.02	0	0	0.33
74500	0.34	0.03	0.03	0	0	0.34
74600	0.34	0.03	0.03	0	0	0.34
74700	0.32	0.03	0.03	0	0	0.32
74800	0.32	0.03	0.03	0	0	0.32
74900	0.32	0.03	0.03	0	0	0.32
75000	0.32	0.03	0.03	0	0	0.32
75100	0.33	0.04	0.04	0	0	0.33
75200	0.33	0.04	0.04	0	0	0.33
75300	0.35	0.04	0.04	0	0	0.35
75400	0.35	0.03	0.03	0	0	0.35
75500	0.35	0.02	0.02	0	0	0.35
75600	0.34	0.03	0.03	0	0	0.34
75700	0.33	0.03	0.03	0	0	0.33
75800	0.33	0.03	0.03	0	0	0.33
75900	0.34	0.06	0.06	0	0	0.34
76000	0.34	0.05	0.05	0	0	0.34
76100	0.34	0.04	0.04	0	0	0.34
76200	0.34	0.05	0.05	0	0	0.34
76300	0.33	0.06	0.06	0	0	0.33
76400	0.33	0.06	0.06	0	0	0.33
76500	0.33	0.04	0.04	0	0	0.33
76600	0.33	0.05	0.05	0	0	0.33
76700	0.33	0.05	0.05	0	0	0.33
76800	0.33	0.04	0.04	0	0	0.33
76900	0.33	0.02	0.02	0	0	0.33
77000	0.34	0.01	0.01	0	0	0.34
77100	0.34	0.01	0.01	0	0	0.34
77200	0.34	0.02	0.02	0	0	0.34
77300	0.34	0.05	0.05	0	0	0.34
77400	0.34	0.05	0.05	0	0	0.34
77500	0.34	0.05	0.05	0	0	0.34
77600	0.34	0.05	0.05	0	0	0.34
77700	0.34	0.05	0.05	0	0	0.34
77800	0.34	0.04	0.04	0	0	0.34
77900	0.34	0.06	0.06	0	0	0.34
78000	0.34	0.07	0.07	0	0	0.34
78100	0.34	0.08	0.08	0	0	0.34
78200	0.34	0.06	0.06	0	0	0.34
78300	0.35	0.09	0.09	0	0	0.35
78400	0.35	0.09	0.09	0	0	0.35
78500	0.35	0.06	0.06	0	0	0.35
78600	0.35	0.03	0.03	0	0	0.35
78700	0.35	0.02	0.02	0	0	0.35
78800	0.35	0.04	0.04	0	0	0.35
78900	0.34	0.02	0.02	0	0	0.34
79000	0.35	0.01	0.01	0	0	0.35
79100	0.35	0.02	0.02	0	0	0.35
79200	0.34	0.03	0.03	0	0	0.34
79300	0.34	0.04	0.04	0	0	0.34
79400	0.34	0.07	0.07	0	0	0.34
79500	0.34	0.05	0.05	0	0	0.34
79600	0.34	0.05	0.05	0	0	0.34
79700	0.34	0.04	0.04	0	0	0.34
79800	0.34	0.05	0.05	0	0	0.34
79900	0.34	0.06	0.06	0	0	0.34
80000	0.34	0.07	0.07	0	0	0.34
80100	0.34	0.06	0.06	0	0	0.34
80200	0.34	0.05	0.05	0	0	0.34
80300	0.34	0.07	0.07	0	0	0.34
80400	0.34	0.08	0.08	0	0	0.34
80500	0.34	0.09	0.09	0	0	0.34
80600	0.34	0.09	0.09	0	0	0.34
80700	0.34	0.07	0.07	0	0	0.34
80800	0.34	0.06	0.06	0	0	0.34
80900	0.34	0.06	0.06	0	0	0.34
81000	0.35	0.06	0.06	0	0	0.35
81100	0.35	0.06	0.06	0	0	0.35
81200	0.36	0.06	0.06	0	0	0.36
81300	0.35	0.06	0.06	0	0	0.35
81400	0.35	0.06	0.06	0	0	0.35
81500	0.36	0.08	0.08	0	0	0.36
81600	0.38	0.08	0.08	0	0	0.38
81700	0.39	0.09	0.09	0	0	0.39
81800	0.38	0.08	0.08	0	0	0.38
81900	0.38	0.08	0.08	0	0	0.38
82000	0.39	0.08	0.08	0	0	0.39
82100	0.39	0.08	0.08	0	0	0.39
82200	0.37	0.09	0.09	0	0	0.37
82300	0.37	0.08	0.08	0	0	0.37
82400	0.38	0.1	0.1	0	0	0.38
82500	0.38	0.1	0.1	0	0	0.38
82600	0.38	0.1	0.1	0	0	0.38
82700	0.39	0.1	0.1	0	0	0.39
82800	0.37	0.11	0.11	0	0	0.37
82900	0.37	0.12	0.12	0	0	0.37
83000	0.38	0.13	0.13	0	0	0.38
83100	0.38	0.13	0.13	0	0	0.38
83200	0.38	0.12	0.12	0	0	0.38
83300	0.38	0.11	0.11	0	0	0.38
83400	0.38	0.11	0.11	0	0	0.38
83500	0.38	0.12	0.12	0	0	0.38
83600	0.38	0.12	0.12	0	0	0.38
83700	0.39	0.12	0.12	0	0	0.39
83800	0.39	0.12	0.12	0	0	0.39
83900	0.39	0.12	0.12	0	0	0.39
84000	0.39	0.1	0.1	0	0	0.39
84100	0.4	0.13	0.13	0	0	0.4
84200	0.4	0.13	0.13	0	0	0.4
84300	0.4	0.14	0.14	0	0	0.4
84400	0.41	0.12	0.12	0	0	0.41
84500	0.41	0.11	0.11	0	0	0.41
84600	0.41	0.11	0.11	0	0	0.41
84700	0.4	0.12	0.12	0	0	0.4
84800	0.4	0.12	0.12	0	0	0.4
84900	0.4	0.13	0.13	0	0	0.4
85000	0.4	0.14	0.14	0	0	0.4
85100	0.4	0.14	0.14	0	0	0.4
85200	0.4	0.14	0.14	0	0	0.4
85300	0.4	0.14	0.14	0	0	0.4
85400	0.4	0.14	0.14	0	0	0.4
85500	0.4	0.15	0.15	0	0	0.4
85600	0.4	0.15	0.15	0	0	0.4
85700	0.4	0.15	0.15	0	0	0.4
85800	0.41	0.14	0.14	0	0	0.41
85900	0.41	0.13	0.13	0	0	0.41
86000	0.41	0.13	0.13	0	0	0.41
86100	0.41	0.13	0.13	0	0	0.41
86200	0.41	0.12	0.12	0	0	0.41
86300	0.41	0.13	0.13	0	0	0.41
86400	0.41	0.14	0.14	0	0	0.41
86500	0.42	0.15	0.15	0	0	0.42
86600	0.42	0.15	0.15	0	0	0.42
86700	0.42	0.15	0.15	0	0	0.42
86800	0.42	0.15	0.15	0	0	0.42
86900	0.42	0.16	0.16	0	0	0.42
87000	0.42	0.16	0.16	0	0	0.42
87100	0.42	0.16	0.16	0	0	0.42
87200	0.42	0.16	0.16	0	0	0.42
87300	0.42	0.16	0.16	0	0	0.42
87400	0.42	0.17	0.17	0	0	0.42
87500	0.42	0.18	0.18	0	0	0.42
87600	0.42	0.17	0.17	0	0	0.42
87700	0.42	0.17	0.17	0	0	0.42
87800	0.43	0.16	0.16	0	0	0.43
87900	0.43	0.16	0.16	0	0	0.43
88000	0.43	0.16	0.16	0	0	0.43
88100	0.43	0.16	0.16	0	0	0.43
88200	0.43	0.16	0.16	0	0	0.43
88300	0.42	0.17	0.17	0	0	0.42
88400	0.42	0.17	0.17	0	0	0.42
88500	0.42	0.2	0.2	0	0	0.42
88600	0.42	0.22	0.22	0	0	0.42
88700	0.42	0.23	0.23	0	0	0.42
88800	0.42	0.22	0.22	0	0	0.42
88900	0.42	0.21	0.21	0	0	0.42
89000	0.42	0.22	0.22	0	0	0.42
89100	0.42	0.22	0.22	0	0	0.42
89200	0.42	0.21	0.21	0	0	0.42
89300	0.42	0.23	0.23	0	0	0.42
89400	0.42	0.23	0.23	0	0	0.42
89500	0.42	0.24	0.24	0	0	0.42
89600	0.42	0.24	0.24	0	0	0.42
89700	0.42	0.23	0.23	0	0	0.42
89800	0.42	0.23	0.23	0	0	0.42
89900	0.42	0.24	0.24	0	0	0.42
90000	0.42	0.24	0.24	0	0	0.42
90100	0.42	0.24	0.24	0	0	0.42
90200	0.42	0.23	0.23	0	0	0.42
90300	0.42	0.23	0.23	0	0	0.42
90400	0.42	0.23	0.23	0	0	0.42
90500	0.42	0.23	0.23	0	0	0.42
90600	0.42	0.23	0.23	0	0	0.42
90700	0.42	0.22	0.22	0	0	0.42
90800	0.42	0.21	0.21	0	0	0.42
90900	0.42	0.21	0.21	0	0	0.42
91000	0.42	0.21	0.21	0	0	0.42
91100	0.42	0.21	0.21	0	0	0.42
91200	0.42	0.21	0.21	0	0	0.42
91300	0.42	0.22	0.22	0	0	0.42
91400	0.42	0.22	0.22	0	0	0.42
91500	0.42	0.22	0.22	0	0	0.42
91600	0.42	0.23	0.23	0	0	0.42
91700	0.42	0.24	0.24	0	0	0.42
91800	0.42	0.25	0.25	0	0	0.42
91900	0.42	0.26	0.26	0	0	0.42
92000	0.42	0.25	0.25	0	0	0.42
92100	0.42	0.25	0.25	0	0	0.42
92200	0.42	0.25	0.25	0	0	0.42
92300	0.42	0.25	0.25	0	0	0.42
92400	0.43	0.25	0.25	0	0	0.43
92500	0.43	0.25	0.25	0	0	0.43
92600	0.43	0.25	0.25	0	0	0.43
92700	0.43	0.26	0.26	0	0	0.43
92800	0.43	0.27	0.27	0	0	0.43
92900	0.43	0.28	0.28	0	0	0.43
93000	0.43	0.28	0.28	0	0	0.43
93100	0.44	0.28	0.28	0	0	0.44
93200	0.44	0.29	0.29	0	0	0.44
93300	0.44	0.29	0.29	0	0	0.44
93400	0.44	0.29	0.29	0	0	0.44
93500	0.44	0.28	0.28	0	0	0.44
93600	0.44	0.29	0.29	0	0	0.44
93700	0.44	0.29	0.29	0	0	0.44
93800	0.44	0.29	0.29	0	0	0.44
93900	0.44	0.3	0.3	0	0	0.44
94000	0.44	0.3	0.3	0	0	0.44
94100	0.44	0.32	0.32	0	0	0.44
94200	0.44	0.31	0.31	0	0	0.44
94300	0.44	0.3	0.3	0	0	0.44
94400	0.44	0.31	0.31	0	0	0.44
94500	0.45	0.31	0.31	0	0	0.45
94600	0.45	0.32	0.32	0	0	0.45
94700	0.45	0.32	0.32	0	0	0.45
94800	0.45	0.31	0.31	0	0	0.45
94900	0.45	0.31	0.31	0	0	0.45
95000	0.45	0.31	0.31	0	0	0.45
95100	0.46	0.31	0.31	0	0	0.46
95200	0.46	0.32	0.32	0	0	0.46
95300	0.46	0.32	0.32	0	0	0.46
95400	0.46	0.32	0.32	0	0	0.46
95500	0.46	0.32	0.32	0	0	0.46
95600	0.46	0.32	0.32	0	0	0.46
95700	0.46	0.32	0.32	0	0	0.46
95800	0.46	0.32	0.32	0	0	0.46
95900	0.46	0.32	0.32	0	0	0.46
96000	0.46	0.32	0.32	0	0	0.46
96100	0.45	0.32	0.32	0	0	0.45
96200	0.45	0.32	0.32	0	0	0.45
96300	0.45	0.33	0.33	0	0	0.45
96400	0.45	0.33	0.33	0	0	0.45
96500	0.45	0.34	0.34	0	0	0.45
96600	0.45	0.34	0.34	0	0	0.45
96700	0.45	0.34	0.34	0	0	0.45
96800	0.45	0.34	0.34	0	0	0.45
96900	0.45	0.34	0.34	0	0	0.45
97000	0.45	0.34	0.34	0	0	0.45
97100	0.47	0.33	0.33	0	0	0.47
97200	0.47	0.34	0.34	0	0	0.47
97300	0.46	0.35	0.35	0	0	0.46
97400	0.46	0.35	0.35	0	0	0.46
97500	0.46	0.36	0.36	0	0	0.46
97600	0.46	0.35	0.35	0	0	0.46
97700	0.46	0.35	0.35	0	0	0.46
97800	0.46	0.35	0.35	0	0	0.46
97900	0.46	0.35	0.35	0	0	0.46
98000	0.46	0.35	0.35	0	0	0.46
98100	0.46	0.35	0.35	0	0	0.46
98200	0.46	0.36	0.36	0	0	0.46
98300	0.47	0.36	0.36	0	0	0.47
98400	0.47	0.36	0.36	0	0	0.47
98500	0.48	0.36	0.36	0	0	0.48
98600	0.48	0.36	0.36	0	0	0.48
98700	0.48	0.36	0.36	0	0	0.48
98800	0.48	0.36	0.36	0	0	0.48
98900	0.48	0.36	0.36	0	0	0.48
99000	0.48	0.35	0.35	0	0	0.48
99100	0.48	0.35	0.35	0	0	0.48
99200	0.48	0.35	0.35	0	0	0.48
99300	0.48	0.36	0.36	0	0	0.48
99400	0.48	0.36	0.36	0	0	0.48
99500	0.48	0.36	0.36	0	0	0.48
99600	0.48	0.36	0.36	0	0	0.48
99700	0.48	0.36	0.36	0	0	0.48
99800	0.48	0.37	0.37	0	0	0.48
99900	0.48	0.37	0.37	0	0	0.48
100000	0.48	0.37	0.37	0	0	0.48
100100	0.48	0.37	0.37	0	0	0.48
100200	0.47	0.39	0.39	0	0	0.47
100300	0.47	0.39	0.39	0	0	0.47
100400	0.47	0.39	0.39	0	0	0.47
100500	0.47	0.39	0.39	0	0	0.47
100600	0.47	0.4	0.4	0	0	0.47
100700	0.47	0.4	0.4	0	0	0.47
100800	0.48	0.4	0.4	0	0	0.48
100900	0.47	0.4	0.4	0	0	0.47
101000	0.47	0.4	0.4	0	0	0.47
101100	0.47	0.4	0.4	0	0	0.47
101200	0.47	0.4	0.4	0	0	0.47
101300	0.47	0.4	0.4	0	0	0.47
101400	0.47	0.41	0.41	0	0	0.47
101500	0.46	0.41	0.41	0	0	0.46
101600	0.46	0.41	0.41	0	0	0.46
101700	0.46	0.41	0.41	0	0	0.46
101800	0.46	0.41	0.41	0	0	0.46
101900	0.47	0.4	0.4	0	0	0.47
102000	0.47	0.4	0.4	0	0	0.47
102100	0.47	0.4	0.4	0	0	0.47
102200	0.47	0.4	0.4	0	0	0.47
102300	0.47	0.4	0.4	0	0	0.47
102400	0.47	0.4	0.4	0	0	0.47
102500	0.47	0.41	0.41	0	0	0.47
102600	0.47	0.41	0.41	0	0	0.47
102700	0.47	0.41	0.41	0	0	0.47
102800	0.48	0.41	0.41	0	0	0.48
102900	0.48	0.41	0.41	0	0	0.48
103000	0.48	0.41	0.41	0	0	0.48
103100	0.48	0.41	0.41	0	0	0.48
103200	0.48	0.41	0.41	0	0	0.48
103300	0.47	0.4	0.4	0	0	0.47
103400	0.47	0.4	0.4	0	0	0.47
103500	0.47	0.4	0.4	0	0	0.47
103600	0.47	0.4	0.4	0	0	0.47
103700	0.47	0.4	0.4	0	0	0.47
103800	0.47	0.4	0.4	0	0	0.47
103900	0.47	0.4	0.4	0	0	0.47
104000	0.47	0.4	0.4	0	0	0.47
104100	0.47	0.4	0.4	0	0	0.47
104200	0.47	0.4	0.4	0	0	0.47
104300	0.47	0.4	0.4	0	0	0.47
104400	0.47	0.4	0.4	0	0	0.47
104500	0.47	0.41	0.41	0	0	0.47
104600	0.47	0.41	0.41	0	0	0.47
104700	0.47	0.41	0.41	0	0	0.47
104800	0.47	0.41	0.41	0	0	0.47
104900	0.47	0.41	0.41	0	0	0.47
105000	0.47	0.42	0.42	0	0	0.47
105100	0.47	0.41	0.41	0	0	0.47
105200	0.47	0.4	0.4	0	0	0.47
105300	0.47	0.4	0.4	0	0	0.47
105400	0.47	0.4	0.4	0	0	0.47
105500	0.47	0.4	0.4	0	0	0.47
105600	0.47	0.4	0.4	0	0	0.47
105700	0.46	0.4	0.4	0	0	0.46
105800	0.46	0.41	0.41	0	0	0.46
105900	0.46	0.42	0.42	0	0	0.46
106000	0.46	0.42	0.42	0	0	0.46
106100	0.46	0.42	0.42	0	0	0.46
106200	0.46	0.41	0.41	0	0	0.46
106300	0.46	0.41	0.41	0	0	0.46
106400	0.46	0.41	0.41	0	0	0.46
106500	0.46	0.41	0.41	0	0	0.46
106600	0.46	0.41	0.41	0	0	0.46
106700	0.46	0.41	0.41	0	0	0.46
106800	0.46	0.41	0.41	0	0	0.46
106900	0.46	0.41	0.41	0	0	0.46
107000	0.46	0.4	0.4	0	0	0.46
107100	0.46	0.4	0.4	0	0	0.46
107200	0.47	0.41	0.41	0	0	0.47
107300	0.47	0.41	0.41	0	0	0.47
107400	0.47	0.42	0.42	0	0	0.47
107500	0.47	0.42	0.42	0	0	0.47
107600	0.47	0.42	0.42	0	0	0.47
107700	0.47	0.42	0.42	0	0	0.47
107800	0.47	0.43	0.43	0	0	0.47
107900	0.47	0.44	0.44	0	0	0.47
108000	0.47	0.44	0.44	0	0	0.47
108100	0.47	0.44	0.44	0	0	0.47
108200	0.47	0.44	0.44	0	0	0.47
108300	0.47	0.44	0.44	0	0	0.47
108400	0.47	0.43	0.43	0	0	0.47
108500	0.47	0.43	0.43	0	0	0.47
108600	0.47	0.43	0.43	0	0	0.47
108700	0.47	0.43	0.43	0	0	0.47
108800	0.47	0.43	0.43	0	0	0.47
108900	0.47	0.43	0.43	0	0	0.47
109000	0.47	0.43	0.43	0	0	0.47
109100	0.47	0.43	0.43	0	0	0.47
109200	0.47	0.43	0.43	0	0	0.47
109300	0.47	0.43	0.43	0	0	0.47
109400	0.47	0.43	0.43	0	0	0.47
109500	0.47	0.43	0.43	0	0	0.47
109600	0.47	0.44	0.44	0	0	0.47
109700	0.47	0.44	0.44	0	0	0.47
109800	0.47	0.44	0.44	0	0	0.47
109900	0.47	0.44	0.44	0	0	0.47
110000	0.47	0.44	0.44	0	0	0.47
110100	0.47	0.44	0.44	0	0	0.47
110200	0.47	0.44	0.44	0	0	0.47
110300	0.47	0.44	0.44	0	0	0.47
110400	0.47	0.44	0.44	0	0	0.47
110500	0.47	0.44	0.44	0	0	0.47
110600	0.47	0.44	0.44	0	0	0.47
110700	0.47	0.44	0.44	0	0	0.47
110800	0.47	0.44	0.44	0	0	0.47
110900	0.47	0.44	0.44	0	0	0.47
111000	0.47	0.44	0.44	0	0	0.47
111100	0.47	0.44	0.44	0	0	0.47
111200	0.47	0.45	0.45	0	0	0.47
111300	0.47	0.45	0.45	0	0	0.47
111400	0.47	0.45	0.45	0	0	0.47
111500	0.47	0.45	0.45	0	0	0.47
111600	0.48	0.45	0.45	0	0	0.48
111700	0.48	0.45	0.45	0	0	0.48
111800	0.48	0.45	0.45	0	0	0.48
111900	0.48	0.45	0.45	0	0	0.48
112000	0.47	0.44	0.44	0	0	0.47
112100	0.47	0.44	0.44	0	0	0.47
112200	0.47	0.45	0.45	0	0	0.47
112300	0.47	0.45	0.45	0	0	0.47
112400	0.47	0.45	0.45	0	0	0.47
112500	0.47	0.46	0.46	0	0	0.47
112600	0.47	0.46	0.46	0	0	0.47
112700	0.48	0.46	0.46	0	0	0.48
112800	0.48	0.46	0.46	0	0	0.48
112900	0.48	0.46	0.46	0	0	0.48
113000	0.48	0.46	0.46	0	0	0.48
113100	0.48	0.46	0.46	0	0	0.48
113200	0.48	0.46	0.46	0	0	0.48
113300	0.48	0.47	0.47	0	0	0.48
113400	0.48	0.47	0.47	0	0	0.48
113500	0.48	0.47	0.47	0	0	0.48
113600	0.48	0.46	0.46	0	0	0.48
113700	0.48	0.46	0.46	0	0	0.48
113800	0.48	0.46	0.46	0	0	0.48
113900	0.48	0.46	0.46	0	0	0.48
114000	0.48	0.46	0.46	0	0	0.48
114100	0.48	0.46	0.46	0	0	0.48
114200	0.48	0.46	0.46	0	0	0.48
114300	0.48	0.46	0.46	0	0	0.48
114400	0.48	0.46	0.46	0	0	0.48
114500	0.48	0.46	0.46	0	0	0.48
114600	0.48	0.46	0.46	0	0	0.48
114700	0.49	0.46	0.46	0	0	0.49
114800	0.49	0.46	0.46	0	0	0.49
114900	0.48	0.46	0.46	0	0	0.48
115000	0.48	0.46	0.46	0	0	0.48
115100	0.48	0.46	0.46	0	0	0.48
115200	0.48	0.46	0.46	0	0	0.48
115300	0.48	0.46	0.46	0	0	0.48
115400	0.48	0.46	0.46	0	0	0.48
115500	0.48	0.46	0.46	0	0	0.48
115600	0.48	0.46	0.46	0	0	0.48
115700	0.48	0.46	0.46	0	0	0.48
115800	0.48	0.46	0.46	0	0	0.48
115900	0.48	0.46	0.46	0	0	0.48
116000	0.48	0.46	0.46	0	0	0.48
116100	0.48	0.46	0.46	0	0	0.48
116200	0.48	0.46	0.46	0	0	0.48
116300	0.48	0.46	0.46	0	0	0.48
116400	0.48	0.46	0.46	0	0	0.48
116500	0.48	0.47	0.47	0	0	0.48
116600	0.48	0.47	0.47	0	0	0.48
116700	0.48	0.47	0.47	0	0	0.48
116800	0.48	0.47	0.47	0	0	0.48
116900	0.48	0.47	0.47	0	0	0.48
117000	0.48	0.47	0.47	0	0	0.48
117100	0.48	0.47	0.47	0	0	0.48
117200	0.48	0.48	0.48	0	0	0.48
117300	0.48	0.48	0.48	0	0	0.48
117400	0.48	0.48	0.48	0	0	0.48
117500	0.49	0.48	0.48	0	0	0.49
117600	0.49	0.48	0.48	0	0	0.49
117700	0.49	0.48	0.48	0	0	0.49
117800	0.48	0.48	0.48	0	0	0.48
117900	0.48	0.48	0.48	0	0	0.48
118000	0.48	0.47	0.47	0	0	0.48
118100	0.48	0.47	0.47	0	0	0.48
118200	0.48	0.47	0.47	0	0	0.48
118300	0.48	0.47	0.47	0	0	0.48
118400	0.48	0.47	0.47	0	0	0.48
118500	0.48	0.47	0.47	0	0	0.48
118600	0.48	0.47	0.47	0	0	0.48
118700	0.48	0.47	0.47	0	0	0.48
118800	0.48	0.47	0.47	0	0	0.48
118900	0.49	0.47	0.47	0	0	0.49
119000	0.49	0.47	0.47	0	0	0.49
119100	0.49	0.47	0.47	0	0	0.49
119200	0.48	0.46	0.46	0	0	0.48
119300	0.48	0.46	0.46	0	0	0.48
119400	0.48	0.46	0.46	0	0	0.48
119500	0.48	0.46	0.46	0	0	0.48
119600	0.48	0.46	0.46	0	0	0.48
119700	0.48	0.47	0.47	0	0	0.48
119800	0.48	0.47	0.47	0	0	0.48
119900	0.49	0.47	0.47	0	0	0.49
120000	0.49	0.47	0.47	0	0	0.49
120100	0.49	0.48	0.48	0	0	0.49
120200	0.49	0.48	0.48	0	0	0.49
120300	0.49	0.47	0.47	0	0	0.49
120400	0.49	0.47	0.47	0	0	0.49
120500	0.49	0.47	0.47	0	0	0.49
120600	0.49	0.48	0.48	0	0	0.49
120700	0.49	0.48	0.48	0	0	0.49
120800	0.49	0.48	0.48	0	0	0.49
120900	0.49	0.48	0.48	0	0	0.49
121000	0.49	0.48	0.48	0	0	0.49
121100	0.49	0.48	0.48	0	0	0.49
121200	0.49	0.48	0.48	0	0	0.49
121300	0.49	0.47	0.47	0	0	0.49
121400	0.49	0.47	0.47	0	0	0.49
121500	0.49	0.47	0.47	0	0	0.49
121600	0.49	0.47	0.47	0	0	0.49
121700	0.49	0.47	0.47	0	0	0.49
121800	0.49	0.48	0.48	0	0	0.49
121900	0.49	0.48	0.48	0	0	0.49
122000	0.49	0.48	0.48	0	0	0.49
122100	0.49	0.48	0.48	0	0	0.49
122200	0.49	0.48	0.48	0	0	0.49
122300	0.49	0.48	0.48	0	0	0.49
122400	0.49	0.48	0.48	0	0	0.49
122500	0.49	0.48	0.48	0	0	0.49
122600	0.49	0.48	0.48	0	0	0.49
122700	0.49	0.48	0.48	0	0	0.49
122800	0.49	0.48	0.48	0	0	0.49
122900	0.49	0.48	0.48	0	0	0.49
123000	0.49	0.48	0.48	0	0	0.49
123100	0.49	0.48	0.48	0	0	0.49
123200	0.49	0.48	0.48	0	0	0.49
123300	0.49	0.48	0.48	0	0	0.49
123400	0.49	0.48	0.48	0	0	0.49
123500	0.49	0.48	0.48	0	0	0.49
123600	0.49	0.48	0.48	0	0	0.49
123700	0.49	0.48	0.48	0	0	0.49
123800	0.49	0.48	0.48	0	0	0.49
123900	0.49	0.48	0.48	0	0	0.49
124000	0.49	0.48	0.48	0	0	0.49
124100	0.49	0.48	0.48	0	0	0.49
124200	0.49	0.48	0.48	0	0	0.49
124300	0.49	0.48	0.48	0	0	0.49
124400	0.49	0.48	0.48	0	0	0.49
124500	0.49	0.48	0.48	0	0	0.49
124600	0.49	0.48	0.48	0	0	0.49
124700	0.49	0.48	0.48	0	0	0.49
124800	0.49	0.48	0.48	0	0	0.49
124900	0.49	0.48	0.48	0	0	0.49
125000	0.49	0.48	0.48	0	0	0.49
125100	0.49	0.48	0.48	0	0	0.49
125200	0.49	0.48	0.48	0	0	0.49
125300	0.49	0.48	0.48	0	0	0.49
125400	0.49	0.48	0.48	0	0	0.49
125500	0.49	0.48	0.48	0	0	0.49
125600	0.49	0.48	0.48	0	0	0.49
125700	0.49	0.48	0.48	0	0	0.49
125800	0.49	0.47	0.47	0	0	0.49
125900	0.49	0.47	0.47	0	0	0.49
126000	0.49	0.47	0.47	0	0	0.49
126100	0.49	0.47	0.47	0	0	0.49
126200	0.49	0.47	0.47	0	0	0.49
126300	0.49	0.47	0.47	0	0	0.49
126400	0.49	0.47	0.47	0	0	0.49
126500	0.49	0.47	0.47	0	0	0.49
126600	0.49	0.47	0.47	0	0	0.49
126700	0.49	0.48	0.48	0	0	0.49
126800	0.49	0.48	0.48	0	0	0.49
126900	0.49	0.48	0.48	0	0	0.49
127000	0.49	0.48	0.48	0	0	0.49
127100	0.49	0.48	0.48	0	0	0.49
127200	0.49	0.48	0.48	0	0	0.49
127300	0.49	0.48	0.48	0	0	0.49
127400	0.49	0.48	0.48	0	0	0.49
127500	0.49	0.48	0.48	0	0	0.49
127600	0.49	0.48	0.48	0	0	0.49
127700	0.49	0.48	0.48	0	0	0.49
127800	0.49	0.48	0.48	0	0	0.49
127900	0.49	0.48	0.48	0	0	0.49
128000	0.49	0.48	0.48	0	0	0.49
128100	0.49	0.48	0.48	0	0	0.49
128200	0.49	0.48	0.48	0	0	0.49
128300	0.49	0.48	0.48	0	0	0.49
128400	0.49	0.48	0.48	0	0	0.49
128500	0.49	0.48	0.48	0	0	0.49
128600	0.49	0.48	0.48	0	0	0.49
128700	0.49	0.48	0.48	0	0	0.49
128800	0.49	0.48	0.48	0	0	0.49
128900	0.49	0.48	0.48	0	0	0.49
129000	0.49	0.48	0.48	0	0	0.49
129100	0.49	0.48	0.48	0	0	0.49
129200	0.49	0.48	0.48	0	0	0.49
129300	0.49	0.48	0.48	0	0	0.49
129400	0.49	0.48	0.48	0	0	0.49
129500	0.49	0.48	0.48	0	0	0.49
129600	0.49	0.48	0.48	0	0	0.49
129700	0.49	0.48	0.48	0	0	0.49
129800	0.49	0.48	0.48	0	0	0.49
129900	0.49	0.48	0.48	0	0	0.49
130000	0.49	0.48	0.48	0	0	0.49
130100	0.49	0.48	0.48	0	0	0.49
130200	0.49	0.48	0.48	0	0	0.49
130300	0.49	0.48	0.48	0	0	0.49
130400	0.49	0.48	0.48	0	0	0.49
130500	0.49	0.49	0.49	0	0	0.49
130600	0.49	0.49	0.49	0	0	0.49
130700	0.49	0.49	0.49	0	0	0.49
130800	0.49	0.49	0.49	0	0	0.49
130900	0.49	0.49	0.49	0	0	0.49
131000	0.49	0.49	0.49	0	0	0.49
131100	0.49	0.49	0.49	0	0	0.49
131200	0.49	0.49	0.49	0	0	0.49
131300	0.49	0.49	0.49	0	0	0.49
131400	0.49	0.49	0.49	0	0	0.49
131500	0.49	0.49	0.49	0	0	0.49
131600	0.49	0.49	0.49	0	0	0.49
131700	0.49	0.49	0.49	0	0	0.49
131800	0.49	0.49	0.49	0	0	0.49
131900	0.49	0.49	0.49	0	0	0.49
132000	0.49	0.49	0.49	0	0	0.49
132100	0.49	0.49	0.49	0	0	0.49
132200	0.49	0.49	0.49	0	0	0.49
132300	0.49	0.49	0.49	0	0	0.49
132400	0.49	0.49	0.49	0	0	0.49
132500	0.5	0.49	0.49	0	0	0.5
132600	0.5	0.48	0.48	0	0	0.5
132700	0.5	0.48	0.48	0	0	0.5
132800	0.49	0.48	0.48	0	0	0.49
132900	0.49	0.48	0.48	0	0	0.49
133000	0.49	0.48	0.48	0	0	0.49
133100	0.49	0.48	0.48	0	0	0.49
133200	0.49	0.48	0.48	0	0	0.49
133300	0.49	0.48	0.48	0	0	0.49
133400	0.49	0.48	0.48	0	0	0.49
133500	0.49	0.48	0.48	0	0	0.49
133600	0.49	0.48	0.48	0	0	0.49
133700	0.49	0.48	0.48	0	0	0.49
133800	0.49	0.48	0.48	0	0	0.49
133900	0.49	0.48	0.48	0	0	0.49
134000	0.49	0.48	0.48	0	0	0.49
134100	0.49	0.48	0.48	0	0	0.49
134200	0.49	0.47	0.47	0	0	0.49
134300	0.49	0.47	0.47	0	0	0.49
134400	0.49	0.47	0.47	0	0	0.49
134500	0.49	0.47	0.47	0	0	0.49
134600	0.49	0.47	0.47	0	0	0.49
134700	0.49	0.47	0.47	0	0	0.49
134800	0.49	0.47	0.47	0	0	0.49
134900	0.49	0.47	0.47	0	0	0.49
135000	0.49	0.47	0.47	0	0	0.49
135100	0.49	0.47	0.47	0	0	0.49
135200	0.49	0.47	0.47	0	0	0.49
135300	0.49	0.47	0.47	0	0	0.49
135400	0.49	0.47	0.47	0	0	0.49
135500	0.49	0.48	0.48	0	0	0.49
135600	0.49	0.48	0.48	0	0	0.49
135700	0.49	0.48	0.48	0	0	0.49
135800	0.49	0.48	0.48	0	0	0.49
135900	0.49	0.48	0.48	0	0	0.49
136000	0.49	0.48	0.48	0	0	0.49
136100	0.49	0.48	0.48	0	0	0.49
136200	0.49	0.48	0.48	0	0	0.49
136300	0.49	0.48	0.48	0	0	0.49
136400	0.49	0.48	0.48	0	0	0.49
136500	0.49	0.48	0.48	0	0	0.49
136600	0.49	0.48	0.48	0	0	0.49
136700	0.49	0.48	0.48	0	0	0.49
136800	0.49	0.48	0.48	0	0	0.49
136900	0.49	0.48	0.48	0	0	0.49
137000	0.49	0.48	0.48	0	0	0.49
137100	0.49	0.48	0.48	0	0	0.49
137200	0.49	0.48	0.48	0	0	0.49
137300	0.48	0.48	0.48	0	0	0.48
137400	0.48	0.48	0.48	0	0	0.48
137500	0.48	0.48	0.48	0	0	0.48
137600	0.48	0.48	0.48	0	0	0.48
137700	0.48	0.48	0.48	0	0	0.48
137800	0.48	0.48	0.48	0	0	0.48
137900	0.48	0.48	0.48	0	0	0.48
138000	0.48	0.48	0.48	0	0	0.48
138100	0.48	0.48	0.48	0	0	0.48
138200	0.48	0.49	0.49	0	0	0.48
138300	0.48	0.49	0.49	0	0	0.48
138400	0.48	0.49	0.49	0	0	0.48
138500	0.48	0.49	0.49	0	0	0.48
138600	0.48	0.49	0.49	0	0	0.48
138700	0.48	0.49	0.49	0	0	0.48
138800	0.48	0.49	0.49	0	0	0.48
138900	0.48	0.5	0.5	0	0	0.48
139000	0.48	0.5	0.5	0	0	0.48
139100	0.48	0.5	0.5	0	0	0.48
139200	0.48	0.5	0.5	0	0	0.48
139300	0.48	0.5	0.5	0	0	0.48
139400	0.48	0.5	0.5	0	0	0.48
139500	0.48	0.5	0.5	0	0	0.48
139600	0.48	0.5	0.5	0	0	0.48
139700	0.47	0.5	0.5	0	0	0.47
139800	0.47	0.5	0.5	0	0	0.47
139900	0.47	0.5	0.5	0	0	0.47
140000	0.47	0.5	0.5	0	0	0.47
140100	0.47	0.5	0.5	0	0	0.47
140200	0.47	0.5	0.5	0	0	0.47
140300	0.47	0.5	0.5	0	0	0.47
140400	0.47	0.5	0.5	0	0	0.47
140500	0.47	0.5	0.5	0	0	0.47
140600	0.47	0.5	0.5	0	0	0.47
140700	0.47	0.5	0.5	0	0	0.47
140800	0.47	0.5	0.5	0	0	0.47
140900	0.47	0.5	0.5	0	0	0.47
141000	0.47	0.5	0.5	0	0	0.47
141100	0.47	0.5	0.5	0	0	0.47
141200	0.47	0.5	0.5	0	0	0.47
141300	0.47	0.5	0.5	0	0	0.47
141400	0.47	0.5	0.5	0	0	0.47
141500	0.47	0.5	0.5	0	0	0.47
141600	0.47	0.5	0.5	0	0	0.47
141700	0.47	0.5	0.5	0	0	0.47
141800	0.47	0.5	0.5	0	0	0.47
141900	0.47	0.5	0.5	0	0	0.47
142000	0.47	0.5	0.5	0	0	0.47
142100	0.47	0.5	0.5	0	0	0.47
142200	0.47	0.5	0.5	0	0	0.47
142300	0.47	0.5	0.5	0	0	0.47
142400	0.47	0.5	0.5	0	0	0.47
142500	0.47	0.5	0.5	0	0	0.47
142600	0.47	0.5	0.5	0	0	0.47
142700	0.47	0.5	0.5	0	0	0.47
142800	0.47	0.5	0.5	0	0	0.47
142900	0.47	0.5	0.5	0	0	0.47
143000	0.47	0.5	0.5	0	0	0.47
143100	0.47	0.5	0.5	0	0	0.47
143200	0.47	0.5	0.5	0	0	0.47
143300	0.47	0.5	0.5	0	0	0.47
143400	0.47	0.5	0.5	0	0	0.47
143500	0.47	0.5	0.5	0	0	0.47
143600	0.47	0.5	0.5	0	0	0.47
143700	0.47	0.5	0.5	0	0	0.47
143800	0.47	0.5	0.5	0	0	0.47
143900	0.47	0.5	0.5	0	0	0.47
144000	0.47	0.5	0.5	0	0	0.47
144100	0.47	0.5	0.5	0	0	0.47
144200	0.47	0.5	0.5	0	0	0.47
144300	0.47	0.5	0.5	0	0	0.47
144400	0.47	0.5	0.5	0	0	0.47
144500	0.47	0.5	0.5	0	0	0.47
144600	0.47	0.5	0.5	0	0	0.47
144700	0.47	0.5	0.5	0	0	0.47
144800	0.47	0.5	0.5	0	0	0.47
144900	0.47	0.5	0.5	0	0	0.47
145000	0.47	0.5	0.5	0	0	0.47
145100	0.47	0.5	0.5	0	0	0.47
145200	0.47	0.5	0.5	0	0	0.47
145300	0.47	0.5	0.5	0	0	0.47
145400	0.47	0.5	0.5	0	0	0.47
145500	0.47	0.5	0.5	0	0	0.47
145600	0.47	0.5	0.5	0	0	0.47
145700	0.47	0.5	0.5	0	0	0.47
145800	0.47	0.5	0.5	0	0	0.47
145900	0.47	0.5	0.5	0	0	0.47
146000	0.48	0.5	0.5	0	0	0.48
146100	0.48	0.5	0.5	0	0	0.48
146200	0.48	0.5	0.5	0	0	0.48
146300	0.48	0.5	0.5	0	0	0.48
146400	0.48	0.5	0.5	0	0	0.48
146500	0.47	0.5	0.5	0	0	0.47
146600	0.47	0.5	0.5	0	0	0.47
146700	0.47	0.5	0.5	0	0	0.47
146800	0.47	0.5	0.5	0	0	0.47
146900	0.47	0.5	0.5	0	0	0.47
147000	0.47	0.5	0.5	0	0	0.47
147100	0.47	0.5	0.5	0	0	0.47
147200	0.47	0.5	0.5	0	0	0.47
147300	0.47	0.5	0.5	0	0	0.47
147400	0.47	0.5	0.5	0	0	0.47
147500	0.47	0.5	0.5	0	0	0.47
147600	0.47	0.5	0.5	0	0	0.47
147700	0.47	0.5	0.5	0	0	0.47
147800	0.47	0.5	0.5	0	0	0.47
147900	0.47	0.5	0.5	0	0	0.47
148000	0.47	0.5	0.5	0	0	0.47
148100	0.47	0.5	0.5	0	0	0.47
148200	0.47	0.5	0.5	0	0	0.47
148300	0.47	0.5	0.5	0	0	0.47
148400	0.47	0.5	0.5	0	0	0.47
148500	0.48	0.5	0.5	0	0	0.48
148600	0.48	0.5	0.5	0	0	0.48
148700	0.48	0.5	0.5	0	0	0.48
148800	0.48	0.5	0.5	0	0	0.48
148900	0.48	0.5	0.5	0	0	0.48
149000	0.48	0.5	0.5	0	0	0.48
149100	0.48	0.5	0.5	0	0	0.48
149200	0.48	0.5	0.5	0	0	0.48
149300	0.48	0.5	0.5	0	0	0.48
149400	0.48	0.5	0.5	0	0	0.48
149500	0.48	0.5	0.5	0	0	0.48
149600	0.48	0.5	0.5	0	0	0.48
149700	0.48	0.5	0.5	0	0	0.48
149800	0.48	0.5	0.5	0	0	0.48
149900	0.48	0.5	0.5	0	0	0.48
150000	0.49	0.5	0.5	0	0	0.49
150100	0.49	0.5	0.5	0	0	0.49
150200	0.48	0.5	0.5	0	0	0.48
150300	0.48	0.5	0.5	0	0	0.48
150400	0.48	0.5	0.5	0	0	0.48
150500	0.48	0.5	0.5	0	0	0.48
150600	0.48	0.5	0.5	0	0	0.48
150700	0.48	0.5	0.5	0	0	0.48
150800	0.48	0.5	0.5	0	0	0.48
150900	0.48	0.5	0.5	0	0	0.48
151000	0.48	0.5	0.5	0	0	0.48
151100	0.48	0.5	0.5	0	0	0.48
151200	0.48	0.5	0.5	0	0	0.48
151300	0.48	0.5	0.5	0	0	0.48
151400	0.48	0.5	0.5	0	0	0.48
151500	0.48	0.5	0.5	0	0	0.48
151600	0.48	0.5	0.5	0	0	0.48
151700	0.48	0.5	0.5	0	0	0.48
151800	0.48	0.5	0.5	0	0	0.48
151900	0.48	0.5	0.5	0	0	0.48
152000	0.48	0.5	0.5	0	0	0.48
152100	0.48	0.5	0.5	0	0	0.48
152200	0.48	0.49	0.49	0	0	0.48
152300	0.48	0.49	0.49	0	0	0.48
152400	0.48	0.49	0.49	0	0	0.48
152500	0.48	0.49	0.49	0	0	0.48
152600	0.48	0.49	0.49	0	0	0.48
152700	0.48	0.49	0.49	0	0	0.48
152800	0.48	0.49	0.49	0	0	0.48
152900	0.48	0.49	0.49	0	0	0.48
153000	0.48	0.49	0.49	0	0	0.48
153100	0.49	0.49	0.49	0	0	0.49
153200	0.49	0.49	0.49	0	0	0.49
153300	0.48	0.49	0.49	0	0	0.48
153400	0.48	0.49	0.49	0	0	0.48
153500	0.48	0.49	0.49	0	0	0.48
153600	0.48	0.49	0.49	0	0	0.48
153700	0.48	0.49	0.49	0	0	0.48
153800	0.48	0.49	0.49	0	0	0.48
153900	0.48	0.49	0.49	0	0	0.48
154000	0.48	0.49	0.49	0	0	0.48
154100	0.48	0.49	0.49	0	0	0.48
154200	0.48	0.49	0.49	0	0	0.48
154300	0.48	0.49	0.49	0	0	0.48
154400	0.48	0.49	0.49	0	0	0.48
154500	0.48	0.49	0.49	0	0	0.48
154600	0.48	0.49	0.49	0	0	0.48
154700	0.48	0.49	0.49	0	0	0.48
154800	0.48	0.49	0.49	0	0	0.48
154900	0.48	0.49	0.49	0	0	0.48
155000	0.48	0.49	0.49	0	0	0.48
155100	0.48	0.49	0.49	0	0	0.48
155200	0.48	0.49	0.49	0	0	0.48
155300	0.48	0.49	0.49	0	0	0.48
155400	0.48	0.5	0.5	0	0	0.48
155500	0.48	0.49	0.49	0	0	0.48
155600	0.48	0.49	0.49	0	0	0.48
155700	0.48	0.49	0.49	0	0	0.48
155800	0.48	0.49	0.49	0	0	0.48
155900	0.48	0.49	0.49	0	0	0.48
156000	0.48	0.49	0.49	0	0	0.48
156100	0.48	0.49	0.49	0	0	0.48
156200	0.48	0.49	0.49	0	0	0.48
156300	0.48	0.49	0.49	0	0	0.48
156400	0.48	0.49	0.49	0	0	0.48
156500	0.48	0.49	0.49	0	0	0.48
156600	0.48	0.49	0.49	0	0	0.48
156700	0.48	0.49	0.49	0	0	0.48
156800	0.48	0.49	0.49	0	0	0.48
156900	0.48	0.49	0.49	0	0	0.48
157000	0.48	0.49	0.49	0	0	0.48
157100	0.48	0.49	0.49	0	0	0.48
157200	0.48	0.49	0.49	0	0	0.48
157300	0.48	0.49	0.49	0	0	0.48
157400	0.48	0.49	0.49	0	0	0.48
157500	0.48	0.49	0.49	0	0	0.48
157600	0.48	0.49	0.49	0	0	0.48
157700	0.48	0.49	0.49	0	0	0.48
157800	0.48	0.49	0.49	0	0	0.48
157900	0.48	0.49	0.49	0	0	0.48
158000	0.48	0.49	0.49	0	0	0.48
158100	0.48	0.49	0.49	0	0	0.48
158200	0.48	0.49	0.49	0	0	0.48
158300	0.48	0.49	0.49	0	0	0.48
158400	0.48	0.49	0.49	0	0	0.48
158500	0.48	0.49	0.49	0	0	0.48
158600	0.48	0.49	0.49	0	0	0.48
158700	0.48	0.49	0.49	0	0	0.48
158800	0.48	0.49	0.49	0	0	0.48
158900	0.48	0.49	0.49	0	0	0.48
159000	0.48	0.49	0.49	0	0	0.48
159100	0.48	0.49	0.49	0	0	0.48
159200	0.48	0.49	0.49	0	0	0.48
159300	0.48	0.49	0.49	0	0	0.48
159400	0.48	0.49	0.49	0	0	0.48
159500	0.48	0.49	0.49	0	0	0.48
159600	0.48	0.49	0.49	0	0	0.48
159700	0.48	0.49	0.49	0	0	0.48
159800	0.48	0.49	0.49	0	0	0.48
159900	0.48	0.49	0.49	0	0	0.48
160000	0.48	0.49	0.49	0	0	0.48
160100	0.48	0.49	0.49	0	0	0.48
160200	0.48	0.49	0.49	0	0	0.48
160300	0.48	0.49	0.49	0	0	0.48
160400	0.48	0.49	0.49	0	0	0.48
160500	0.48	0.49	0.49	0	0	0.48
160600	0.48	0.49	0.49	0	0	0.48
160700	0.48	0.49	0.49	0	0	0.48
160800	0.48	0.49	0.49	0	0	0.48
160900	0.48	0.49	0.49	0	0	0.48
161000	0.48	0.49	0.49	0	0	0.48
161100	0.48	0.49	0.49	0	0	0.48
161200	0.48	0.49	0.49	0	0	0.48
161300	0.48	0.49	0.49	0	0	0.48
161400	0.48	0.49	0.49	0	0	0.48
161500	0.48	0.49	0.49	0	0	0.48
161600	0.48	0.49	0.49	0	0	0.48
161700	0.48	0.49	0.49	0	0	0.48
161800	0.48	0.49	0.49	0	0	0.48
161900	0.48	0.49	0.49	0	0	0.48
162000	0.48	0.49	0.49	0	0	0.48
162100	0.47	0.49	0.49	0	0	0.47
162200	0.47	0.49	0.49	0	0	0.47
162300	0.47	0.49	0.49	0	0	0.47
162400	0.47	0.49	0.49	0	0	0.47
162500	0.47	0.49	0.49	0	0	0.47
162600	0.47	0.49	0.49	0	0	0.47
162700	0.47	0.49	0.49	0	0	0.47
162800	0.47	0.49	0.49	0	0	0.47
162900	0.47	0.49	0.49	0	0	0.47
163000	0.47	0.5	0.5	0	0	0.47
163100	0.47	0.5	0.5	0	0	0.47
163200	0.47	0.5	0.5	0	0	0.47
163300	0.47	0.5	0.5	0	0	0.47
163400	0.47	0.5	0.5	0	0	0.47
163500	0.47	0.5	0.5	0	0	0.47
163600	0.47	0.5	0.5	0	0	0.47
163700	0.47	0.5	0.5	0	0	0.47
163800	0.47	0.5	0.5	0	0	0.47
163900	0.47	0.5	0.5	0	0	0.47
164000	0.48	0.5	0.5	0	0	0.48
164100	0.48	0.5	0.5	0	0	0.48
164200	0.49	0.5	0.5	0	0	0.49
164300	0.49	0.5	0.5	0	0	0.49
164400	0.49	0.5	0.5	0	0	0.49
164500	0.49	0.5	0.5	0	0	0.49
164600	0.49	0.5	0.5	0	0	0.49
164700	0.49	0.5	0.5	0	0	0.49
164800	0.49	0.5	0.5	0	0	0.49
164900	0.49	0.5	0.5	0	0	0.49
165000	0.49	0.5	0.5	0	0	0.49
165100	0.49	0.5	0.5	0	0	0.49
165200	0.49	0.49	0.49	0	0	0.49
165300	0.49	0.49	0.49	0	0	0.49
165400	0.49	0.49	0.49	0	0	0.49
165500	0.49	0.49	0.49	0	0	0.49
165600	0.49	0.49	0.49	0	0	0.49
165700	0.49	0.49	0.49	0	0	0.49
165800	0.5	0.49	0.49	0	0	0.5
165900	0.5	0.49	0.49	0	0	0.5
166000	0.5	0.49	0.49	0	0	0.5
166100	0.5	0.49	0.49	0	0	0.5
166200	0.5	0.49	0.49	0	0	0.5
166300	0.5	0.49	0.49	0	0	0.5
166400	0.5	0.49	0.49	0	0	0.5
166500	0.5	0.49	0.49	0	0	0.5
166600	0.5	0.49	0.49	0	0	0.5
166700	0.5	0.49	0.49	0	0	0.5
166800	0.5	0.49	0.49	0	0	0.5
166900	0.5	0.49	0.49	0	0	0.5
167000	0.5	0.49	0.49	0	0	0.5
167100	0.5	0.49	0.49	0	0	0.5
167200	0.5	0.49	0.49	0	0	0.5
167300	0.5	0.49	0.49	0	0	0.5
167400	0.5	0.49	0.49	0	0	0.5
167500	0.5	0.49	0.49	0	0	0.5
167600	0.5	0.49	0.49	0	0	0.5
167700	0.5	0.49	0.49	0	0	0.5
167800	0.5	0.49	0.49	0	0	0.5
167900	0.5	0.48	0.48	0	0	0.5
168000	0.5	0.48	0.48	0	0	0.5
168100	0.5	0.48	0.48	0	0	0.5
168200	0.5	0.48	0.48	0	0	0.5
168300	0.5	0.48	0.48	0	0	0.5
168400	0.5	0.48	0.48	0	0	0.5
168500	0.5	0.48	0.48	0	0	0.5
168600	0.5	0.48	0.48	0	0	0.5
168700	0.5	0.48	0.48	0	0	0.5
168800	0.5	0.48	0.48	0	0	0.5
168900	0.5	0.48	0.48	0	0	0.5
169000	0.5	0.48	0.48	0	0	0.5
169100	0.5	0.48	0.48	0	0	0.5
169200	0.5	0.48	0.48	0	0	0.5
169300	0.5	0.48	0.48	0	0	0.5
169400	0.5	0.48	0.48	0	0	0.5
169500	0.5	0.48	0.48	0	0	0.5
169600	0.5	0.48	0.48	0	0	0.5
169700	0.5	0.48	0.48	0	0	0.5
169800	0.5	0.48	0.48	0	0	0.5
169900	0.5	0.48	0.48	0	0	0.5
170000	0.5	0.48	0.48	0	0	0.5
170100	0.5	0.48	0.48	0	0	0.5
170200	0.5	0.48	0.48	0	0	0.5
170300	0.5	0.48	0.48	0	0	0.5
170400	0.5	0.48	0.48	0	0	0.5
170500	0.5	0.48	0.48	0	0	0.5
170600	0.5	0.48	0.48	0	0	0.5
170700	0.5	0.48	0.48	0	0	0.5
170800	0.5	0.48	0.48	0	0	0.5
170900	0.5	0.48	0.48	0	0	0.5
171000	0.5	0.48	0.48	0	0	0.5
171100	0.5	0.48	0.48	0	0	0.5
171200	0.5	0.48	0.48	0	0	0.5
171300	0.5	0.48	0.48	0	0	0.5
171400	0.5	0.48	0.48	0	0	0.5
171500	0.5	0.48	0.48	0	0	0.5
171600	0.5	0.48	0.48	0	0	0.5
171700	0.5	0.48	0.48	0	0	0.5
171800	0.5	0.48	0.48	0	0	0.5
171900	0.5	0.48	0.48	0	0	0.5
172000	0.5	0.48	0.48	0	0	0.5
172100	0.5	0.48	0.48	0	0	0.5
172200	0.5	0.48	0.48	0	0	0.5
172300	0.5	0.48	0.48	0	0	0.5
172400	0.5	0.48	0.48	0	0	0.5
172500	0.5	0.48	0.48	0	0	0.5
172600	0.5	0.48	0.48	0	0	0.5
172700	0.5	0.48	0.48	0	0	0.5
172800	0.5	0.48	0.48	0	0	0.5
172900	0.5	0.48	0.48	0	0	0.5
173000	0.5	0.48	0.48	0	0	0.5
173100	0.5	0.48	0.48	0	0	0.5
173200	0.5	0.48	0.48	0	0	0.5
173300	0.5	0.48	0.48	0	0	0.5
173400	0.5	0.48	0.48	0	0	0.5
173500	0.5	0.48	0.48	0	0	0.5
173600	0.5	0.48	0.48	0	0	0.5
173700	0.5	0.48	0.48	0	0	0.5
173800	0.5	0.48	0.48	0	0	0.5
173900	0.5	0.48	0.48	0	0	0.5
174000	0.5	0.48	0.48	0	0	0.5
174100	0.5	0.48	0.48	0	0	0.5
174200	0.5	0.48	0.48	0	0	0.5
174300	0.5	0.48	0.48	0	0	0.5
174400	0.5	0.48	0.48	0	0	0.5
174500	0.5	0.48	0.48	0	0	0.5
174600	0.5	0.48	0.48	0	0	0.5
174700	0.5	0.48	0.48	0	0	0.5
174800	0.5	0.48	0.48	0	0	0.5
174900	0.5	0.48	0.48	0	0	0.5
175000	0.5	0.48	0.48	0	0	0.5
175100	0.5	0.48	0.48	0	0	0.5
175200	0.5	0.48	0.48	0	0	0.5
175300	0.5	0.48	0.48	0	0	0.5
175400	0.5	0.48	0.48	0	0	0.5
175500	0.5	0.48	0.48	0	0	0.5
175600	0.49	0.48	0.48	0	0	0.49
175700	0.49	0.47	0.47	0	0	0.49
175800	0.49	0.47	0.47	0	0	0.49
175900	0.49	0.47	0.47	0	0	0.49
176000	0.49	0.48	0.48	0	0	0.49
176100	0.49	0.48	0.48	0	0	0.49
176200	0.49	0.48	0.48	0	0	0.49
176300	0.49	0.48	0.48	0	0	0.49
176400	0.49	0.48	0.48	0	0	0.49
176500	0.49	0.48	0.48	0	0	0.49
176600	0.49	0.48	0.48	0	0	0.49
176700	0.49	0.48	0.48	0	0	0.49
176800	0.49	0.48	0.48	0	0	0.49
176900	0.49	0.48	0.48	0	0	0.49
177000	0.49	0.48	0.48	0	0	0.49
177100	0.49	0.48	0.48	0	0	0.49
177200	0.49	0.48	0.48	0	0	0.49
177300	0.49	0.48	0.48	0	0	0.49
177400	0.49	0.48	0.48	0	0	0.49
177500	0.49	0.48	0.48	0	0	0.49
177600	0.49	0.48	0.48	0	0	0.49
177700	0.49	0.48	0.48	0	0	0.49
177800	0.49	0.48	0.48	0	0	0.49
177900	0.49	0.48	0.48	0	0	0.49
178000	0.49	0.48	0.48	0	0	0.49
178100	0.49	0.48	0.48	0	0	0.49
178200	0.49	0.48	0.48	0	0	0.49
178300	0.49	0.48	0.48	0	0	0.49
178400	0.49	0.48	0.48	0	0	0.49
178500	0.49	0.48	0.48	0	0	0.49
178600	0.49	0.48	0.48	0	0	0.49
178700	0.49	0.48	0.48	0	0	0.49
178800	0.49	0.48	0.48	0	0	0.49
178900	0.49	0.48	0.48	0	0	0.49
179000	0.49	0.48	0.48	0	0	0.49
179100	0.49	0.48	0.48	0	0	0.49
179200	0.49	0.48	0.48	0	0	0.49
179300	0.49	0.48	0.48	0	0	0.49
179400	0.49	0.48	0.48	0	0	0.49
179500	0.49	0.48	0.48	0	0	0.49
179600	0.5	0.49	0.49	0	0	0.5
179700	0.5	0.49	0.49	0	0	0.5
179800	0.5	0.49	0.49	0	0	0.5
179900	0.5	0.49	0.49	0	0	0.5
180000	0.5	0.49	0.49	0	0	0.5
180100	0.5	0.49	0.49	0	0	0.5
180200	0.5	0.49	0.49	0	0	0.5
180300	0.5	0.49	0.49	0	0	0.5
180400	0.5	0.49	0.49	0	0	0.5
180500	0.5	0.49	0.49	0	0	0.5
180600	0.5	0.49	0.49	0	0	0.5
180700	0.5	0.49	0.49	0	0	0.5
180800	0.5	0.5	0.5	0	0	0.5
180900	0.5	0.5	0.5	0	0	0.5
181000	0.5	0.5	0.5	0	0	0.5
181100	0.5	0.5	0.5	0	0	0.5
181200	0.5	0.5	0.5	0	0	0.5
181300	0.5	0.5	0.5	0	0	0.5
181400	0.5	0.5	0.5	0	0	0.5
181500	0.5	0.5	0.5	0	0	0.5
181600	0.5	0.5	0.5	0	0	0.5
181700	0.5	0.5	0.5	0	0	0.5
181800	0.5	0.5	0.5	0	0	0.5
181900	0.5	0.5	0.5	0	0	0.5
182000	0.5	0.5	0.5	0	0	0.5
182100	0.5	0.5	0.5	0	0	0.5
182200	0.5	0.5	0.5	0	0	0.5
182300	0.5	0.5	0.5	0	0	0.5
182400	0.5	0.5	0.5	0	0	0.5
182500	0.5	0.5	0.5	0	0	0.5
182600	0.5	0.5	0.5	0	0	0.5
182700	0.5	0.5	0.5	0	0	0.5
182800	0.5	0.5	0.5	0	0	0.5
182900	0.5	0.5	0.5	0	0	0.5
183000	0.5	0.5	0.5	0	0	0.5
183100	0.5	0.5	0.5	0	0	0.5
183200	0.5	0.5	0.5	0	0	0.5
183300	0.5	0.5	0.5	0	0	0.5
183400	0.5	0.5	0.5	0	0	0.5
183500	0.5	0.5	0.5	0	0	0.5
183600	0.5	0.5	0.5	0	0	0.5
183700	0.5	0.5	0.5	0	0	0.5
183800	0.5	0.5	0.5	0	0	0.5
183900	0.5	0.5	0.5	0	0	0.5
184000	0.5	0.5	0.5	0	0	0.5
184100	0.5	0.5	0.5	0	0	0.5
184200	0.5	0.5	0.5	0	0	0.5
184300	0.5	0.5	0.5	0	0	0.5
184400	0.5	0.5	0.5	0	0	0.5
184500	0.5	0.5	0.5	0	0	0.5
184600	0.5	0.5	0.5	0	0	0.5
184700	0.5	0.5	0.5	0	0	0.5
184800	0.5	0.5	0.5	0	0	0.5
184900	0.5	0.5	0.5	0	0	0.5
185000	0.5	0.5	0.5	0	0	0.5
185100	0.5	0.5	0.5	0	0	0.5
185200	0.5	0.5	0.5	0	0	0.5
185300	0.5	0.5	0.5	0	0	0.5
185400	0.5	0.5	0.5	0	0	0.5
185500	0.5	0.5	0.5	0	0	0.5
185600	0.5	0.5	0.5	0	0	0.5
185700	0.5	0.5	0.5	0	0	0.5
185800	0.5	0.5	0.5	0	0	0.5
185900	0.5	0.5	0.5	0	0	0.5
186000	0.5	0.5	0.5	0	0	0.5
186100	0.5	0.5	0.5	0	0	0.5
186200	0.5	0.5	0.5	0	0	0.5
186300	0.5	0.5	0.5	0	0	0.5
186400	0.5	0.5	0.5	0	0	0.5
186500	0.5	0.5	0.5	0	0	0.5
186600	0.5	0.5	0.5	0	0	0.5
186700	0.5	0.5	0.5	0	0	0.5
186800	0.5	0.5	0.5	0	0	0.5
186900	0.5	0.5	0.5	0	0	0.5
187000	0.5	0.5	0.5	0	0	0.5
187100	0.5	0.5	0.5	0	0	0.5
187200	0.5	0.5	0.5	0	0	0.5
187300	0.5	0.5	0.5	0	0	0.5
187400	0.5	0.5	0.5	0	0	0.5
187500	0.5	0.5	0.5	0	0	0.5
187600	0.5	0.5	0.5	0	0	0.5
187700	0.5	0.5	0.5	0	0	0.5
187800	0.5	0.5	0.5	0	0	0.5
187900	0.5	0.5	0.5	0	0	0.5
188000	0.5	0.5	0.5	0	0	0.5
188100	0.5	0.5	0.5	0	0	0.5
188200	0.5	0.5	0.5	0	0	0.5
188300	0.5	0.5	0.5	0	0	0.5
188400	0.5	0.5	0.5	0	0	0.5
188500	0.5	0.5	0.5	0	0	0.5
188600	0.5	0.5	0.5	0	0	0.5
188700	0.5	0.5	0.5	0	0	0.5
188800	0.5	0.5	0.5	0	0	0.5
188900	0.5	0.5	0.5	0	0	0.5
189000	0.5	0.5	0.5	0	0	0.5
189100	0.5	0.5	0.5	0	0	0.5
189200	0.5	0.5	0.5	0	0	0.5
189300	0.5	0.5	0.5	0	0	0.5
189400	0.5	0.5	0.5	0	0	0.5
189500	0.5	0.5	0.5	0	0	0.5
189600	0.5	0.5	0.5	0	0	0.5
189700	0.5	0.5	0.5	0	0	0.5
189800	0.5	0.5	0.5	0	0	0.5
189900	0.5	0.5	0.5	0	0	0.5
190000	0.5	0.5	0.5	0	0	0.5
190100	0.5	0.5	0.5	0	0	0.5
190200	0.5	0.5	0.5	0	0	0.5
190300	0.5	0.5	0.5	0	0	0.5
190400	0.5	0.5	0.5	0	0	0.5
190500	0.5	0.5	0.5	0	0	0.5
190600	0.5	0.5	0.5	0	0	0.5
190700	0.5	0.5	0.5	0	0	0.5
190800	0.5	0.5	0.5	0	0	0.5
190900	0.5	0.5	0.5	0	0	0.5
191000	0.5	0.5	0.5	0	0	0.5
191100	0.5	0.5	0.5	0	0	0.5
191200	0.5	0.5	0.5	0	0	0.5
191300	0.5	0.5	0.5	0	0	0.5
191400	0.5	0.5	0.5	0	0	0.5
191500	0.5	0.5	0.5	0	0	0.5
191600	0.5	0.5	0.5	0	0	0.5
191700	0.5	0.5	0.5	0	0	0.5
191800	0.5	0.5	0.5	0	0	0.5
191900	0.5	0.5	0.5	0	0	0.5
192000	0.5	0.5	0.5	0	0	0.5
192100	0.5	0.5	0.5	0	0	0.5
192200	0.5	0.5	0.5	0	0	0.5
192300	0.5	0.5	0.5	0	0	0.5
192400	0.5	0.5	0.5	0	0	0.5
192500	0.5	0.5	0.5	0	0	0.5
192600	0.5	0.5	0.5	0	0	0.5
192700	0.5	0.5	0.5	0	0	0.5
192800	0.5	0.5	0.5	0	0	0.5
192900	0.5	0.5	0.5	0	0	0.5
193000	0.5	0.5	0.5	0	0	0.5
193100	0.5	0.5	0.5	0	0	0.5
193200	0.5	0.5	0.5	0	0	0.5
193300	0.5	0.5	0.5	0	0	0.5
193400	0.5	0.5	0.5	0	0	0.5
193500	0.5	0.5	0.5	0	0	0.5
193600	0.5	0.5	0.5	0	0	0.5
193700	0.5	0.5	0.5	0	0	0.5
193800	0.5	0.5	0.5	0	0	0.5
193900	0.5	0.5	0.5	0	0	0.5
194000	0.5	0.5	0.5	0	0	0.5
194100	0.5	0.5	0.5	0	0	0.5
194200	0.5	0.5	0.5	0	0	0.5
194300	0.5	0.5	0.5	0	0	0.5
194400	0.5	0.5	0.5	0	0	0.5
194500	0.5	0.5	0.5	0	0	0.5
194600	0.5	0.5	0.5	0	0	0.5
194700	0.5	0.5	0.5	0	0	0.5
194800	0.5	0.5	0.5	0	0	0.5
194900	0.5	0.5	0.5	0	0	0.5
195000	0.5	0.5	0.5	0	0	0.5
195100	0.5	0.5	0.5	0	0	0.5
195200	0.5	0.5	0.5	0	0	0.5
195300	0.5	0.5	0.5	0	0	0.5
195400	0.5	0.5	0.5	0	0	0.5
195500	0.5	0.5	0.5	0	0	0.5
195600	0.5	0.5	0.5	0	0	0.5
195700	0.5	0.5	0.5	0	0	0.5
195800	0.5	0.5	0.5	0	0	0.5
195900	0.5	0.5	0.5	0	0	0.5
196000	0.5	0.5	0.5	0	0	0.5
196100	0.5	0.5	0.5	0	0	0.5
196200	0.5	0.5	0.5	0	0	0.5
196300	0.5	0.5	0.5	0	0	0.5
196400	0.5	0.5	0.5	0	0	0.5
196500	0.5	0.5	0.5	0	0	0.5
196600	0.5	0.5	0.5	0	0	0.5
196700	0.5	0.5	0.5	0	0	0.5
196800	0.5	0.5	0.5	0	0	0.5
196900	0.5	0.5	0.5	0	0	0.5
197000	0.5	0.5	0.5	0	0	0.5
197100	0.5	0.5	0.5	0	0	0.5
197200	0.5	0.5	0.5	0	0	0.5
197300	0.5	0.5	0.5	0	0	0.5
197400	0.5	0.5	0.5	0	0	0.5
197500	0.5	0.5	0.5	0	0	0.5
197600	0.5	0.5	0.5	0	0	0.5
197700	0.5	0.5	0.5	0	0	0.5
197800	0.5	0.5	0.5	0	0	0.5
197900	0.5	0.5	0.5	0	0	0.5
198000	0.5	0.5	0.5	0	0	0.5
198100	0.5	0.5	0.5	0	0	0.5
198200	0.5	0.5	0.5	0	0	0.5
198300	0.5	0.5	0.5	0	0	0.5
198400	0.5	0.5	0.5	0	0	0.5
198500	0.5	0.5	0.5	0	0	0.5
198600	0.5	0.5	0.5	0	0	0.5
198700	0.5	0.5	0.5	0	0	0.5
198800	0.5	0.5	0.5	0	0	0.5
198900	0.5	0.5	0.5	0	0	0.5
199000	0.5	0.5	0.5	0	0	0.5
199100	0.5	0.5	0.5	0	0	0.5
199200	0.5	0.5	0.5	0	0	0.5
199300	0.5	0.5	0.5	0	0	0.5
199400	0.5	0.5	0.5	0	0	0.5
199500	0.5	0.5	0.5	0	0	0.5
199600	0.5	0.5	0.5	0	0	0.5
199700	0.5	0.5	0.5	0	0	0.5
199800	0.5	0.5	0.5	0	0	0.5
199900	0.5	0.5	0.5	0	0	0.5
200000	0.5	0.5	0.5	0	0	0.5
200100	0.5	0.5	0.5	0	0	0.5
200200	0.5	0.5	0.5	0	0	0.5
200300	0.5	0.5	0.5	0	0	0.5
200400	0.5	0.5	0.5	0	0	0.5
200500	0.5	0.5	0.5	0	0	0.5
200600	0.5	0.5	0.5	0	0	0.5
200700	0.5	0.5	0.5	0	0	0.5
200800	0.5	0.5	0.5	0	0	0.5
200900	0.5	0.5	0.5	0	0	0.5
201000	0.5	0.5	0.5	0	0	0.5
201100	0.5	0.5	0.5	0	0	0.5
201200	0.5	0.5	0.5	0	0	0.5
201300	0.5	0.5	0.5	0	0	0.5
201400	0.5	0.5	0.5	0	0	0.5
201500	0.5	0.5	0.5	0	0	0.5
201600	0.5	0.5	0.5	0	0	0.5
201700	0.5	0.5	0.5	0	0	0.5
201800	0.5	0.5	0.5	0	0	0.5
201900	0.5	0.5	0.5	0	0	0.5
202000	0.5	0.5	0.5	0	0	0.5
202100	0.5	0.5	0.5	0	0	0.5
202200	0.49	0.5	0.5	0	0	0.49
202300	0.49	0.5	0.5	0	0	0.49
202400	0.49	0.5	0.5	0	0	0.49
202500	0.49	0.5	0.5	0	0	0.49
202600	0.49	0.5	0.5	0	0	0.49
202700	0.49	0.5	0.5	0	0	0.49
202800	0.49	0.5	0.5	0	0	0.49
202900	0.49	0.5	0.5	0	0	0.49
203000	0.49	0.5	0.5	0	0	0.49
203100	0.49	0.5	0.5	0	0	0.49
203200	0.49	0.5	0.5	0	0	0.49
203300	0.49	0.5	0.5	0	0	0.49
203400	0.49	0.5	0.5	0	0	0.49
203500	0.49	0.5	0.5	0	0	0.49
203600	0.49	0.5	0.5	0	0	0.49
203700	0.49	0.5	0.5	0	0	0.49
203800	0.49	0.5	0.5	0	0	0.49
203900	0.49	0.5	0.5	0	0	0.49
204000	0.49	0.5	0.5	0	0	0.49
204100	0.49	0.5	0.5	0	0	0.49
204200	0.49	0.5	0.5	0	0	0.49
204300	0.49	0.5	0.5	0	0	0.49
204400	0.49	0.5	0.5	0	0	0.49
204500	0.49	0.5	0.5	0	0	0.49
204600	0.49	0.5	0.5	0	0	0.49
204700	0.49	0.5	0.5	0	0	0.49
204800	0.49	0.5	0.5	0	0	0.49
204900	0.49	0.5	0.5	0	0	0.49
205000	0.49	0.5	0.5	0	0	0.49
205100	0.49	0.5	0.5	0	0	0.49
205200	0.49	0.5	0.5	0	0	0.49
205300	0.49	0.5	0.5	0	0	0.49
205400	0.49	0.5	0.5	0	0	0.49
205500	0.49	0.5	0.5	0	0	0.49
205600	0.49	0.5	0.5	0	0	0.49
205700	0.49	0.5	0.5	0	0	0.49
205800	0.49	0.5	0.5	0	0	0.49
205900	0.49	0.49	0.49	0	0	0.49
206000	0.49	0.49	0.49	0	0	0.49
206100	0.49	0.49	0.49	0	0	0.49
206200	0.49	0.49	0.49	0	0	0.49
206300	0.49	0.49	0.49	0	0	0.49
206400	0.49	0.49	0.49	0	0	0.49
206500	0.49	0.49	0.49	0	0	0.49
206600	0.49	0.49	0.49	0	0	0.49
206700	0.49	0.49	0.49	0	0	0.49
206800	0.49	0.49	0.49	0	0	0.49
206900	0.49	0.49	0.49	0	0	0.49
207000	0.49	0.49	0.49	0	0	0.49
207100	0.49	0.49	0.49	0	0	0.49
207200	0.49	0.49	0.49	0	0	0.49
207300	0.49	0.49	0.49	0	0	0.49
207400	0.49	0.49	0.49	0	0	0.49
207500	0.49	0.49	0.49	0	0	0.49
207600	0.49	0.49	0.49	0	0	0.49
207700	0.49	0.49	0.49	0	0	0.49
207800	0.49	0.49	0.49	0	0	0.49
207900	0.49	0.49	0.49	0	0	0.49
208000	0.49	0.49	0.49	0	0	0.49
208100	0.49	0.49	0.49	0	0	0.49
208200	0.49	0.49	0.49	0	0	0.49
208300	0.49	0.49	0.49	0	0	0.49
208400	0.49	0.49	0.49	0	0	0.49
208500	0.49	0.49	0.49	0	0	0.49
208600	0.49	0.49	0.49	0	0	0.49
208700	0.49	0.49	0.49	0	0	0.49
208800	0.49	0.49	0.49	0	0	0.49
208900	0.49	0.49	0.49	0	0	0.49
209000	0.49	0.49	0.49	0	0	0.49
209100	0.49	0.49	0.49	0	0	0.49
209200	0.49	0.49	0.49	0	0	0.49
209300	0.49	0.49	0.49	0	0	0.49
209400	0.49	0.49	0.49	0	0	0.49
209500	0.49	0.49	0.49	0	0	0.49
209600	0.49	0.49	0.49	0	0	0.49
209700	0.49	0.49	0.49	0	0	0.49
209800	0.49	0.49	0.49	0	0	0.49
209900	0.49	0.49	0.49	0	0	0.49
210000	0.49	0.49	0.49	0	0	0.49
210100	0.49	0.49	0.49	0	0	0.49
210200	0.49	0.49	0.49	0	0	0.49
210300	0.49	0.49	0.49	0	0	0.49
210400	0.49	0.49	0.49	0	0	0.49
210500	0.49	0.5	0.5	0	0	0.49
210600	0.49	0.49	0.49	0	0	0.49
210700	0.49	0.49	0.49	0	0	0.49
210800	0.49	0.49	0.49	0	0	0.49
210900	0.49	0.49	0.49	0	0	0.49
211000	0.49	0.49	0.49	0	0	0.49
211100	0.49	0.49	0.49	0	0	0.49
211200	0.49	0.49	0.49	0	0	0.49
211300	0.49	0.49	0.49	0	0	0.49
211400	0.49	0.49	0.49	0	0	0.49
211500	0.49	0.49	0.49	0	0	0.49
211600	0.5	0.5	0.5	0	0	0.5
211700	0.5	0.5	0.5	0	0	0.5
211800	0.5	0.5	0.5	0	0	0.5
211900	0.5	0.5	0.5	0	0	0.5
212000	0.5	0.5	0.5	0	0	0.5
212100	0.49	0.5	0.5	0	0	0.49
212200	0.49	0.5	0.5	0	0	0.49
212300	0.49	0.5	0.5	0	0	0.49
212400	0.49	0.5	0.5	0	0	0.49
212500	0.49	0.5	0.5	0	0	0.49
212600	0.49	0.5	0.5	0	0	0.49
212700	0.49	0.5	0.5	0	0	0.49
212800	0.49	0.5	0.5	0	0	0.49
212900	0.49	0.5	0.5	0	0	0.49
213000	0.49	0.5	0.5	0	0	0.49
213100	0.49	0.5	0.5	0	0	0.49
213200	0.49	0.5	0.5	0	0	0.49
213300	0.49	0.5	0.5	0	0	0.49
213400	0.49	0.5	0.5	0	0	0.49
213500	0.49	0.5	0.5	0	0	0.49
213600	0.49	0.5	0.5	0	0	0.49
213700	0.49	0.5	0.5	0	0	0.49
213800	0.49	0.5	0.5	0	0	0.49
213900	0.49	0.5	0.5	0	0	0.49
214000	0.49	0.5	0.5	0	0	0.49
214100	0.49	0.5	0.5	0	0	0.49
214200	0.49	0.5	0.5	0	0	0.49
214300	0.49	0.5	0.5	0	0	0.49
214400	0.49	0.5	0.5	0	0	0.49
214500	0.49	0.5	0.5	0	0	0.49
214600	0.49	0.5	0.5	0	0	0.49
214700	0.49	0.5	0.5	0	0	0.49
214800	0.49	0.5	0.5	0	0	0.49
214900	0.49	0.5	0.5	0	0	0.49
215000	0.49	0.5	0.5	0	0	0.49
215100	0.49	0.5	0.5	0	0	0.49
215200	0.49	0.5	0.5	0	0	0.49
215300	0.49	0.5	0.5	0	0	0.49
215400	0.49	0.5	0.5	0	0	0.49
215500	0.49	0.5	0.5	0	0	0.49
215600	0.49	0.5	0.5	0	0	0.49
215700	0.49	0.5	0.5	0	0	0.49
215800	0.49	0.5	0.5	0	0	0.49
215900	0.49	0.5	0.5	0	0	0.49
216000	0.49	0.5	0.5	0	0	0.49
216100	0.49	0.5	0.5	0	0	0.49
216200	0.49	0.5	0.5	0	0	0.49
216300	0.49	0.5	0.5	0	0	0.49
216400	0.49	0.5	0.5	0	0	0.49
216500	0.49	0.5	0.5	0	0	0.49
216600	0.49	0.5	0.5	0	0	0.49
216700	0.49	0.5	0.5	0	0	0.49
216800	0.49	0.5	0.5	0	0	0.49
216900	0.49	0.5	0.5	0	0	0.49
217000	0.49	0.5	0.5	0	0	0.49
217100	0.49	0.5	0.5	0	0	0.49
217200	0.49	0.5	0.5	0	0	0.49
217300	0.49	0.5	0.5	0	0	0.49
217400	0.49	0.5	0.5	0	0	0.49
217500	0.49	0.5	0.5	0	0	0.49
217600	0.49	0.5	0.5	0	0	0.49
217700	0.49	0.5	0.5	0	0	0.49
217800	0.49	0.5	0.5	0	0	0.49
217900	0.49	0.5	0.5	0	0	0.49
218000	0.49	0.5	0.5	0	0	0.49
218100	0.49	0.5	0.5	0	0	0.49
218200	0.49	0.5	0.5	0	0	0.49
218300	0.49	0.5	0.5	0	0	0.49
218400	0.49	0.5	0.5	0	0	0.49
218500	0.49	0.5	0.5	0	0	0.49
218600	0.49	0.5	0.5	0	0	0.49
218700	0.49	0.5	0.5	0	0	0.49
218800	0.49	0.5	0.5	0	0	0.49
218900	0.49	0.5	0.5	0	0	0.49
219000	0.49	0.5	0.5	0	0	0.49
219100	0.49	0.5	0.5	0	0	0.49
219200	0.49	0.5	0.5	0	0	0.49
219300	0.49	0.5	0.5	0	0	0.49
219400	0.49	0.5	0.5	0	0	0.49
219500	0.49	0.5	0.5	0	0	0.49
219600	0.49	0.5	0.5	0	0	0.49
219700	0.49	0.5	0.5	0	0	0.49
219800	0.49	0.5	0.5	0	0	0.49
219900	0.49	0.5	0.5	0	0	0.49
220000	0.49	0.5	0.5	0	0	0.49
220100	0.49	0.5	0.5	0	0	0.49
220200	0.49	0.5	0.5	0	0	0.49
220300	0.49	0.5	0.5	0	0	0.49
220400	0.49	0.5	0.5	0	0	0.49
220500	0.49	0.5	0.5	0	0	0.49
220600	0.49	0.5	0.5	0	0	0.49
220700	0.49	0.5	0.5	0	0	0.49
220800	0.5	0.5	0.5	0	0	0.5
220900	0.5	0.5	0.5	0	0	0.5
221000	0.5	0.5	0.5	0	0	0.5
221100	0.49	0.5	0.5	0	0	0.49
221200	0.49	0.5	0.5	0	0	0.49
221300	0.49	0.5	0.5	0	0	0.49
221400	0.49	0.5	0.5	0	0	0.49
221500	0.49	0.5	0.5	0	0	0.49
221600	0.49	0.5	0.5	0	0	0.49
221700	0.49	0.5	0.5	0	0	0.49
221800	0.49	0.5	0.5	0	0	0.49
221900	0.49	0.5	0.5	0	0	0.49
222000	0.49	0.5	0.5	0	0	0.49
222100	0.49	0.5	0.5	0	0	0.49
222200	0.49	0.5	0.5	0	0	0.49
222300	0.49	0.5	0.5	0	0	0.49
222400	0.49	0.5	0.5	0	0	0.49
222500	0.49	0.5	0.5	0	0	0.49
222600	0.49	0.5	0.5	0	0	0.49
222700	0.49	0.5	0.5	0	0	0.49
222800	0.49	0.5	0.5	0	0	0.49
222900	0.49	0.5	0.5	0	0	0.49
223000	0.49	0.5	0.5	0	0	0.49
223100	0.49	0.5	0.5	0	0	0.49
223200	0.49	0.5	0.5	0	0	0.49
223300	0.49	0.5	0.5	0	0	0.49
223400	0.49	0.5	0.5	0	0	0.49
223500	0.49	0.5	0.5	0	0	0.49
223600	0.49	0.5	0.5	0	0	0.49
223700	0.49	0.5	0.5	0	0	0.49
223800	0.49	0.5	0.5	0	0	0.49
223900	0.49	0.5	0.5	0	0	0.49
224000	0.49	0.5	0.5	0	0	0.49
224100	0.49	0.5	0.5	0	0	0.49
224200	0.49	0.5	0.5	0	0	0.49
224300	0.49	0.5	0.5	0	0	0.49
224400	0.49	0.5	0.5	0	0	0.49
224500	0.49	0.5	0.5	0	0	0.49
224600	0.49	0.5	0.5	0	0	0.49
224700	0.49	0.5	0.5	0	0	0.49
224800	0.49	0.5	0.5	0	0	0.49
224900	0.49	0.5	0.5	0	0	0.49
225000	0.49	0.5	0.5	0	0	0.49
225100	0.49	0.5	0.5	0	0	0.49
225200	0.49	0.5	0.5	0	0	0.49
225300	0.49	0.5	0.5	0	0	0.49
225400	0.49	0.5	0.5	0	0	0.49
225500	0.49	0.5	0.5	0	0	0.49
225600	0.49	0.5	0.5	0	0	0.49
225700	0.49	0.5	0.5	0	0	0.49
225800	0.49	0.5	0.5	0	0	0.49
225900	0.49	0.5	0.5	0	0	0.49
226000	0.49	0.5	0.5	0	0	0.49
226100	0.49	0.5	0.5	0	0	0.49
226200	0.49	0.5	0.5	0	0	0.49
226300	0.49	0.5	0.5	0	0	0.49
226400	0.49	0.5	0.5	0	0	0.49
226500	0.49	0.5	0.5	0	0	0.49
226600	0.49	0.5	0.5	0	0	0.49
226700	0.49	0.5	0.5	0	0	0.49
226800	0.49	0.5	0.5	0	0	0.49
226900	0.49	0.5	0.5	0	0	0.49
227000	0.49	0.5	0.5	0	0	0.49
227100	0.49	0.5	0.5	0	0	0.49
227200	0.49	0.5	0.5	0	0	0.49
227300	0.49	0.5	0.5	0	0	0.49
227400	0.49	0.5	0.5	0	0	0.49
227500	0.49	0.5	0.5	0	0	0.49
227600	0.49	0.5	0.5	0	0	0.49
227700	0.49	0.5	0.5	0	0	0.49
227800	0.49	0.5	0.5	0	0	0.49
227900	0.49	0.5	0.5	0	0	0.49
228000	0.49	0.5	0.5	0	0	0.49
228100	0.49	0.5	0.5	0	0	0.49
228200	0.49	0.5	0.5	0	0	0.49
228300	0.49	0.5	0.5	0	0	0.49
228400	0.5	0.5	0.5	0	0	0.5
228500	0.5	0.5	0.5	0	0	0.5
228600	0.5	0.5	0.5	0	0	0.5
228700	0.5	0.5	0.5	0	0	0.5
228800	0.49	0.5	0.5	0	0	0.49
228900	0.49	0.5	0.5	0	0	0.49
229000	0.49	0.5	0.5	0	0	0.49
229100	0.49	0.5	0.5	0	0	0.49
229200	0.49	0.5	0.5	0	0	0.49
229300	0.49	0.5	0.5	0	0	0.49
229400	0.49	0.5	0.5	0	0	0.49
229500	0.49	0.5	0.5	0	0	0.49
229600	0.49	0.5	0.5	0	0	0.49
229700	0.49	0.5	0.5	0	0	0.49
229800	0.49	0.5	0.5	0	0	0.49
229900	0.49	0.5	0.5	0	0	0.49
230000	0.49	0.5	0.5	0	0	0.49
230100	0.49	0.5	0.5	0	0	0.49
230200	0.49	0.5	0.5	0	0	0.49
230300	0.49	0.5	0.5	0	0	0.49
230400	0.49	0.5	0.5	0	0	0.49
230500	0.49	0.5	0.5	0	0	0.49
230600	0.49	0.5	0.5	0	0	0.49
230700	0.49	0.5	0.5	0	0	0.49
230800	0.49	0.5	0.5	0	0	0.49
230900	0.49	0.5	0.5	0	0	0.49
231000	0.49	0.5	0.5	0	0	0.49
231100	0.49	0.5	0.5	0	0	0.49
231200	0.49	0.5	0.5	0	0	0.49
231300	0.49	0.5	0.5	0	0	0.49
231400	0.49	0.5	0.5	0	0	0.49
231500	0.49	0.5	0.5	0	0	0.49
231600	0.49	0.5	0.5	0	0	0.49
231700	0.49	0.5	0.5	0	0	0.49
231800	0.49	0.5	0.5	0	0	0.49
231900	0.49	0.5	0.5	0	0	0.49
232000	0.49	0.5	0.5	0	0	0.49
232100	0.49	0.5	0.5	0	0	0.49
232200	0.49	0.5	0.5	0	0	0.49
232300	0.49	0.5	0.5	0	0	0.49
232400	0.49	0.5	0.5	0	0	0.49
232500	0.49	0.5	0.5	0	0	0.49
232600	0.49	0.5	0.5	0	0	0.49
232700	0.49	0.5	0.5	0	0	0.49
232800	0.49	0.5	0.5	0	0	0.49
232900	0.49	0.5	0.5	0	0	0.49
233000	0.49	0.5	0.5	0	0	0.49
233100	0.49	0.5	0.5	0	0	0.49
233200	0.49	0.5	0.5	0	0	0.49
233300	0.49	0.5	0.5	0	0	0.49
233400	0.49	0.5	0.5	0	0	0.49
233500	0.49	0.5	0.5	0	0	0.49
233600	0.49	0.5	0.5	0	0	0.49
233700	0.49	0.5	0.5	0	0	0.49
233800	0.49	0.5	0.5	0	0	0.49
233900	0.49	0.5	0.5	0	0	0.49
234000	0.49	0.5	0.5	0	0	0.49
234100	0.49	0.5	0.5	0	0	0.49
234200	0.49	0.5	0.5	0	0	0.49
234300	0.49	0.5	0.5	0	0	0.49
234400	0.49	0.5	0.5	0	0	0.49
234500	0.49	0.5	0.5	0	0	0.49
234600	0.49	0.5	0.5	0	0	0.49
234700	0.49	0.5	0.5	0	0	0.49
234800	0.49	0.5	0.5	0	0	0.49
234900	0.49	0.5	0.5	0	0	0.49
235000	0.49	0.5	0.5	0	0	0.49
235100	0.49	0.5	0.5	0	0	0.49
235200	0.49	0.5	0.5	0	0	0.49
235300	0.49	0.5	0.5	0	0	0.49
235400	0.49	0.5	0.5	0	0	0.49
235500	0.49	0.5	0.5	0	0	0.49
235600	0.49	0.5	0.5	0	0	0.49
235700	0.49	0.5	0.5	0	0	0.49
235800	0.49	0.5	0.5	0	0	0.49
235900	0.49	0.5	0.5	0	0	0.49
236000	0.49	0.5	0.5	0	0	0.49
236100	0.49	0.5	0.5	0	0	0.49
236200	0.49	0.5	0.5	0	0	0.49
236300	0.49	0.5	0.5	0	0	0.49
236400	0.49	0.5	0.5	0	0	0.49
236500	0.49	0.5	0.5	0	0	0.49
236600	0.49	0.5	0.5	0	0	0.49
236700	0.49	0.5	0.5	0	0	0.49
236800	0.49	0.5	0.5	0	0	0.49
236900	0.49	0.5	0.5	0	0	0.49
237000	0.49	0.5	0.5	0	0	0.49
237100	0.49	0.5	0.5	0	0	0.49
237200	0.49	0.5	0.5	0	0	0.49
237300	0.49	0.5	0.5	0	0	0.49
237400	0.49	0.5	0.5	0	0	0.49
237500	0.49	0.5	0.5	0	0	0.49
237600	0.49	0.5	0.5	0	0	0.49
237700	0.49	0.5	0.5	0	0	0.49
237800	0.49	0.5	0.5	0	0	0.49
237900	0.49	0.5	0.5	0	0	0.49
238000	0.49	0.5	0.5	0	0	0.49
238100	0.49	0.5	0.5	0	0	0.49
238200	0.49	0.5	0.5	0	0	0.49
238300	0.49	0.5	0.5	0	0	0.49
238400	0.49	0.5	0.5	0	0	0.49
238500	0.49	0.5	0.5	0	0	0.49
238600	0.49	0.5	0.5	0	0	0.49
238700	0.49	0.5	0.5	0	0	0.49
238800	0.49	0.5	0.5	0	0	0.49
238900	0.49	0.5	0.5	0	0	0.49
239000	0.49	0.5	0.5	0	0	0.49
239100	0.49	0.5	0.5	0	0	0.49
239200	0.49	0.5	0.5	0	0	0.49
239300	0.49	0.5	0.5	0	0	0.49
239400	0.49	0.5	0.5	0	0	0.49
239500	0.49	0.5	0.5	0	0	0.49
239600	0.49	0.5	0.5	0	0	0.49
239700	0.49	0.5	0.5	0	0	0.49
239800	0.49	0.5	0.5	0	0	0.49
239900	0.49	0.5	0.5	0	0	0.49
240000	0.49	0.5	0.5	0	0	0.49
240100	0.49	0.5	0.5	0	0	0.49
240200	0.49	0.5	0.5	0	0	0.49
240300	0.49	0.5	0.5	0	0	0.49
240400	0.49	0.5	0.5	0	0	0.49
240500	0.49	0.5	0.5	0	0	0.49
240600	0.49	0.5	0.5	0	0	0.49
240700	0.49	0.5	0.5	0	0	0.49
240800	0.49	0.5	0.5	0	0	0.49
240900	0.49	0.5	0.5	0	0	0.49
241000	0.49	0.5	0.5	0	0	0.49
241100	0.49	0.5	0.5	0	0	0.49
241200	0.49	0.5	0.5	0	0	0.49
241300	0.49	0.5	0.5	0	0	0.49
241400	0.49	0.5	0.5	0	0	0.49
241500	0.49	0.5	0.5	0	0	0.49
241600	0.49	0.5	0.5	0	0	0.49
241700	0.49	0.5	0.5	0	0	0.49
241800	0.49	0.5	0.5	0	0	0.49
241900	0.49	0.5	0.5	0	0	0.49
242000	0.49	0.5	0.5	0	0	0.49
242100	0.49	0.5	0.5	0	0	0.49
242200	0.49	0.5	0.5	0	0	0.49
242300	0.49	0.5	0.5	0	0	0.49
242400	0.49	0.5	0.5	0	0	0.49
242500	0.49	0.5	0.5	0	0	0.49
242600	0.49	0.5	0.5	0	0	0.49
242700	0.49	0.5	0.5	0	0	0.49
242800	0.49	0.5	0.5	0	0	0.49
242900	0.49	0.5	0.5	0	0	0.49
243000	0.49	0.5	0.5	0	0	0.49
243100	0.49	0.5	0.5	0	0	0.49
243200	0.49	0.5	0.5	0	0	0.49
243300	0.49	0.5	0.5	0	0	0.49
243400	0.49	0.5	0.5	0	0	0.49
243500	0.49	0.5	0.5	0	0	0.49
243600	0.49	0.5	0.5	0	0	0.49
243700	0.49	0.5	0.5	0	0	0.49
243800	0.49	0.5	0.5	0	0	0.49
243900	0.49	0.5	0.5	0	0	0.49
244000	0.49	0.5	0.5	0	0	0.49
244100	0.49	0.5	0.5	0	0	0.49
244200	0.49	0.5	0.5	0	0	0.49
244300	0.49	0.5	0.5	0	0	0.49
244400	0.49	0.5	0.5	0	0	0.49
244500	0.49	0.5	0.5	0	0	0.49
244600	0.49	0.5	0.5	0	0	0.49
244700	0.49	0.5	0.5	0	0	0.49
244800	0.49	0.5	0.5	0	0	0.49
244900	0.49	0.5	0.5	0	0	0.49
245000	0.49	0.5	0.5	0	0	0.49
245100	0.49	0.5	0.5	0	0	0.49
245200	0.49	0.5	0.5	0	0	0.49
245300	0.49	0.5	0.5	0	0	0.49
245400	0.49	0.5	0.5	0	0	0.49
245500	0.49	0.5	0.5	0	0	0.49
245600	0.49	0.5	0.5	0	0	0.49
245700	0.49	0.5	0.5	0	0	0.49
245800	0.49	0.5	0.5	0	0	0.49
245900	0.49	0.5	0.5	0	0	0.49
246000	0.49	0.5	0.5	0	0	0.49
246100	0.49	0.5	0.5	0	0	0.49
246200	0.49	0.5	0.5	0	0	0.49
246300	0.49	0.49	0.49	0	0	0.49
246400	0.49	0.5	0.5	0	0	0.49
246500	0.49	0.5	0.5	0	0	0.49
246600	0.49	0.5	0.5	0	0	0.49
246700	0.49	0.49	0.49	0	0	0.49
246800	0.49	0.49	0.49	0	0	0.49
246900	0.49	0.49	0.49	0	0	0.49
247000	0.49	0.49	0.49	0	0	0.49
247100	0.49	0.49	0.49	0	0	0.49
247200	0.49	0.49	0.49	0	0	0.49
247300	0.49	0.49	0.49	0	0	0.49
247400	0.49	0.49	0.49	0	0	0.49
247500	0.49	0.49	0.49	0	0	0.49
247600	0.49	0.49	0.49	0	0	0.49
247700	0.49	0.49	0.49	0	0	0.49
247800	0.49	0.49	0.49	0	0	0.49
247900	0.49	0.49	0.49	0	0	0.49
248000	0.49	0.49	0.49	0	0	0.49
248100	0.49	0.49	0.49	0	0	0.49
248200	0.49	0.49	0.49	0	0	0.49
248300	0.49	0.49	0.49	0	0	0.49
248400	0.49	0.49	0.49	0	0	0.49
248500	0.49	0.49	0.49	0	0	0.49
248600	0.49	0.49	0.49	0	0	0.49
248700	0.49	0.49	0.49	0	0	0.49
248800	0.49	0.49	0.49	0	0	0.49
248900	0.49	0.49	0.49	0	0	0.49
249000	0.49	0.49	0.49	0	0	0.49
249100	0.49	0.49	0.49	0	0	0.49
249200	0.49	0.49	0.49	0	0	0.49
249300	0.49	0.49	0.49	0	0	0.49
249400	0.49	0.49	0.49	0	0	0.49
249500	0.49	0.49	0.49	0	0	0.49
249600	0.49	0.49	0.49	0	0	0.49
249700	0.49	0.49	0.49	0	0	0.49
249800	0.49	0.49	0.49	0	0	0.49
249900	0.49	0.49	0.49	0	0	0.49
250000	0.49	0.49	0.49	0	0	0.49
250100	0.49	0.49	0.49	0	0	0.49
250200	0.49	0.49	0.49	0	0	0.49
250300	0.49	0.49	0.49	0	0	0.49
250400	0.49	0.49	0.49	0	0	0.49
250500	0.49	0.49	0.49	0	0	0.49
250600	0.49	0.49	0.49	0	0	0.49
250700	0.49	0.5	0.5	0	0	0.49
250800	0.49	0.5	0.5	0	0	0.49
250900	0.49	0.5	0.5	0	0	0.49
251000	0.49	0.5	0.5	0	0	0.49
251100	0.49	0.5	0.5	0	0	0.49
251200	0.49	0.5	0.5	0	0	0.49
251300	0.49	0.5	0.5	0	0	0.49
251400	0.49	0.5	0.5	0	0	0.49
251500	0.49	0.5	0.5	0	0	0.49
251600	0.49	0.5	0.5	0	0	0.49
251700	0.49	0.5	0.5	0	0	0.49
251800	0.49	0.5	0.5	0	0	0.49
251900	0.49	0.5	0.5	0	0	0.49
252000	0.49	0.5	0.5	0	0	0.49
252100	0.49	0.5	0.5	0	0	0.49
252200	0.49	0.5	0.5	0	0	0.49
252300	0.49	0.5	0.5	0	0	0.49
252400	0.49	0.5	0.5	0	0	0.49
252500	0.49	0.5	0.5	0	0	0.49
252600	0.49	0.5	0.5	0	0	0.49
252700	0.49	0.5	0.5	0	0	0.49
252800	0.49	0.5	0.5	0	0	0.49
252900	0.49	0.5	0.5	0	0	0.49
253000	0.49	0.5	0.5	0	0	0.49
253100	0.49	0.5	0.5	0	0	0.49
253200	0.49	0.5	0.5	0	0	0.49
253300	0.49	0.5	0.5	0	0	0.49
253400	0.49	0.5	0.5	0	0	0.49
253500	0.49	0.5	0.5	0	0	0.49
253600	0.49	0.5	0.5	0	0	0.49
253700	0.49	0.5	0.5	0	0	0.49
253800	0.49	0.5	0.5	0	0	0.49
253900	0.49	0.5	0.5	0	0	0.49
254000	0.49	0.5	0.5	0	0	0.49
254100	0.49	0.5	0.5	0	0	0.49
254200	0.49	0.5	0.5	0	0	0.49
254300	0.49	0.5	0.5	0	0	0.49
254400	0.49	0.5	0.5	0	0	0.49
254500	0.49	0.5	0.5	0	0	0.49
254600	0.49	0.5	0.5	0	0	0.49
254700	0.49	0.5	0.5	0	0	0.49
254800	0.49	0.5	0.5	0	0	0.49
254900	0.49	0.5	0.5	0	0	0.49
255000	0.49	0.5	0.5	0	0	0.49
255100	0.49	0.5	0.5	0	0	0.49
255200	0.49	0.5	0.5	0	0	0.49
255300	0.49	0.5	0.5	0	0	0.49
255400	0.49	0.5	0.5	0	0	0.49
255500	0.49	0.5	0.5	0	0	0.49
255600	0.49	0.5	0.5	0	0	0.49
255700	0.49	0.5	0.5	0	0	0.49
255800	0.49	0.5	0.5	0	0	0.49
255900	0.49	0.5	0.5	0	0	0.49
256000	0.49	0.5	0.5	0	0	0.49
256100	0.49	0.5	0.5	0	0	0.49
256200	0.49	0.5	0.5	0	0	0.49
256300	0.49	0.5	0.5	0	0	0.49
256400	0.49	0.5	0.5	0	0	0.49
256500	0.49	0.5	0.5	0	0	0.49
256600	0.49	0.5	0.5	0	0	0.49
256700	0.49	0.5	0.5	0	0	0.49
256800	0.49	0.5	0.5	0	0	0.49
256900	0.49	0.5	0.5	0	0	0.49
257000	0.49	0.5	0.5	0	0	0.49
257100	0.49	0.5	0.5	0	0	0.49
257200	0.49	0.5	0.5	0	0	0.49
257300	0.49	0.5	0.5	0	0	0.49
257400	0.49	0.5	0.5	0	0	0.49
257500	0.49	0.5	0.5	0	0	0.49
257600	0.49	0.5	0.5	0	0	0.49
257700	0.49	0.5	0.5	0	0	0.49
257800	0.49	0.5	0.5	0	0	0.49
257900	0.49	0.5	0.5	0	0	0.49
258000	0.49	0.5	0.5	0	0	0.49
258100	0.49	0.5	0.5	0	0	0.49
258200	0.49	0.5	0.5	0	0	0.49
258300	0.49	0.5	0.5	0	0	0.49
258400	0.49	0.5	0.5	0	0	0.49
258500	0.49	0.5	0.5	0	0	0.49
258600	0.49	0.5	0.5	0	0	0.49
258700	0.49	0.5	0.5	0	0	0.49
258800	0.49	0.5	0.5	0	0	0.49
258900	0.49	0.5	0.5	0	0	0.49
259000	0.49	0.5	0.5	0	0	0.49
259100	0.49	0.5	0.5	0	0	0.49
259200	0.49	0.5	0.5	0	0	0.49
259300	0.49	0.5	0.5	0	0	0.49
259400	0.49	0.5	0.5	0	0	0.49
259500	0.49	0.5	0.5	0	0	0.49
259600	0.49	0.5	0.5	0	0	0.49
259700	0.49	0.5	0.5	0	0	0.49
259800	0.49	0.5	0.5	0	0	0.49
259900	0.49	0.5	0.5	0	0	0.49
260000	0.49	0.5	0.5	0	0	0.49
260100	0.49	0.5	0.5	0	0	0.49
260200	0.49	0.5	0.5	0	0	0.49
260300	0.49	0.5	0.5	0	0	0.49
260400	0.49	0.5	0.5	0	0	0.49
260500	0.49	0.5	0.5	0	0	0.49
260600	0.49	0.5	0.5	0	0	0.49
260700	0.49	0.5	0.5	0	0	0.49
260800	0.49	0.5	0.5	0	0	0.49
260900	0.49	0.5	0.5	0	0	0.49
261000	0.49	0.5	0.5	0	0	0.49
261100	0.49	0.5	0.5	0	0	0.49
261200	0.49	0.5	0.5	0	0	0.49
261300	0.49	0.5	0.5	0	0	0.49
261400	0.49	0.5	0.5	0	0	0.49
261500	0.49	0.5	0.5	0	0	0.49
261600	0.49	0.5	0.5	0	0	0.49
261700	0.49	0.5	0.5	0	0	0.49
261800	0.49	0.5	0.5	0	0	0.49
261900	0.49	0.5	0.5	0	0	0.49
262000	0.49	0.5	0.5	0	0	0.49
262100	0.49	0.5	0.5	0	0	0.49
262200	0.49	0.5	0.5	0	0	0.49
262300	0.49	0.5	0.5	0	0	0.49
262400	0.49	0.5	0.5	0	0	0.49
262500	0.49	0.5	0.5	0	0	0.49
262600	0.49	0.5	0.5	0	0	0.49
262700	0.49	0.5	0.5	0	0	0.49
262800	0.49	0.5	0.5	0	0	0.49
262900	0.49	0.5	0.5	0	0	0.49
263000	0.49	0.5	0.5	0	0	0.49
263100	0.49	0.5	0.5	0	0	0.49
263200	0.49	0.5	0.5	0	0	0.49
263300	0.49	0.5	0.5	0	0	0.49
263400	0.49	0.5	0.5	0	0	0.49
263500	0.49	0.5	0.5	0	0	0.49
263600	0.49	0.5	0.5	0	0	0.49
263700	0.49	0.5	0.5	0	0	0.49
263800	0.49	0.5	0.5	0	0	0.49
263900	0.49	0.5	0.5	0	0	0.49
264000	0.49	0.5	0.5	0	0	0.49
264100	0.49	0.5	0.5	0	0	0.49
264200	0.49	0.5	0.5	0	0	0.49
264300	0.49	0.5	0.5	0	0	0.49
264400	0.49	0.5	0.5	0	0	0.49
264500	0.49	0.5	0.5	0	0	0.49
264600	0.49	0.5	0.5	0	0	0.49
264700	0.49	0.5	0.5	0	0	0.49
264800	0.49	0.5	0.5	0	0	0.49
264900	0.49	0.5	0.5	0	0	0.49
265000	0.49	0.5	0.5	0	0	0.49
265100	0.49	0.5	0.5	0	0	0.49
265200	0.49	0.5	0.5	0	0	0.49
265300	0.49	0.5	0.5	0	0	0.49
265400	0.49	0.5	0.5	0	0	0.49
265500	0.49	0.5	0.5	0	0	0.49
265600	0.49	0.5	0.5	0	0	0.49
265700	0.49	0.5	0.5	0	0	0.49
265800	0.49	0.5	0.5	0	0	0.49
265900	0.49	0.5	0.5	0	0	0.49
266000	0.49	0.5	0.5	0	0	0.49
266100	0.49	0.5	0.5	0	0	0.49
266200	0.49	0.5	0.5	0	0	0.49
266300	0.49	0.5	0.5	0	0	0.49
266400	0.49	0.5	0.5	0	0	0.49
266500	0.49	0.5	0.5	0	0	0.49
266600	0.49	0.5	0.5	0	0	0.49
266700	0.49	0.5	0.5	0	0	0.49
266800	0.49	0.5	0.5	0	0	0.49
266900	0.49	0.5	0.5	0	0	0.49
267000	0.49	0.5	0.5	0	0	0.49
267100	0.49	0.5	0.5	0	0	0.49
267200	0.49	0.5	0.5	0	0	0.49
267300	0.49	0.5	0.5	0	0	0.49
267400	0.49	0.5	0.5	0	0	0.49
267500	0.49	0.5	0.5	0	0	0.49
267600	0.49	0.5	0.5	0	0	0.49
267700	0.49	0.5	0.5	0	0	0.49
267800	0.49	0.5	0.5	0	0	0.49
267900	0.49	0.5	0.5	0	0	0.49
268000	0.49	0.5	0.5	0	0	0.49
268100	0.49	0.5	0.5	0	0	0.49
268200	0.49	0.5	0.5	0	0	0.49
268300	0.49	0.5	0.5	0	0	0.49
268400	0.49	0.5	0.5	0	0	0.49
268500	0.49	0.5	0.5	0	0	0.49
268600	0.49	0.5	0.5	0	0	0.49
268700	0.49	0.5	0.5	0	0	0.49
268800	0.49	0.5	0.5	0	0	0.49
268900	0.49	0.5	0.5	0	0	0.49
269000	0.49	0.5	0.5	0	0	0.49
269100	0.49	0.5	0.5	0	0	0.49
269200	0.49	0.5	0.5	0	0	0.49
269300	0.49	0.5	0.5	0	0	0.49
269400	0.49	0.5	0.5	0	0	0.49
269500	0.49	0.5	0.5	0	0	0.49
269600	0.49	0.5	0.5	0	0	0.49
269700	0.49	0.5	0.5	0	0	0.49
269800	0.49	0.5	0.5	0	0	0.49
269900	0.49	0.5	0.5	0	0	0.49
270000	0.49	0.5	0.5	0	0	0.49
270100	0.49	0.5	0.5	0	0	0.49
270200	0.49	0.5	0.5	0	0	0.49
270300	0.49	0.5	0.5	0	0	0.49
270400	0.49	0.5	0.5	0	0	0.49
270500	0.5	0.5	0.5	0	0	0.5
270600	0.5	0.5	0.5	0	0	0.5
270700	0.5	0.5	0.5	0	0	0.5
270800	0.5	0.5	0.5	0	0	0.5
270900	0.5	0.5	0.5	0	0	0.5
271000	0.5	0.5	0.5	0	0	0.5
271100	0.5	0.5	0.5	0	0	0.5
271200	0.5	0.5	0.5	0	0	0.5
271300	0.5	0.5	0.5	0	0	0.5
271400	0.5	0.5	0.5	0	0	0.5
271500	0.5	0.5	0.5	0	0	0.5
271600	0.5	0.5	0.5	0	0	0.5
271700	0.5	0.5	0.5	0	0	0.5
271800	0.5	0.5	0.5	0	0	0.5
271900	0.5	0.5	0.5	0	0	0.5
272000	0.5	0.5	0.5	0	0	0.5
272100	0.5	0.5	0.5	0	0	0.5
272200	0.5	0.5	0.5	0	0	0.5
272300	0.5	0.5	0.5	0	0	0.5
272400	0.5	0.5	0.5	0	0	0.5
272500	0.5	0.5	0.5	0	0	0.5
272600	0.5	0.5	0.5	0	0	0.5
272700	0.5	0.5	0.5	0	0	0.5
272800	0.5	0.5	0.5	0	0	0.5
272900	0.5	0.5	0.5	0	0	0.5
273000	0.5	0.5	0.5	0	0	0.5
273100	0.5	0.5	0.5	0	0	0.5
273200	0.5	0.5	0.5	0	0	0.5
273300	0.5	0.5	0.5	0	0	0.5
273400	0.5	0.5	0.5	0	0	0.5
273500	0.5	0.5	0.5	0	0	0.5
273600	0.5	0.5	0.5	0	0	0.5
273700	0.5	0.5	0.5	0	0	0.5
273800	0.5	0.5	0.5	0	0	0.5
273900	0.5	0.5	0.5	0	0	0.5
274000	0.5	0.5	0.5	0	0	0.5
274100	0.5	0.5	0.5	0	0	0.5
274200	0.5	0.5	0.5	0	0	0.5
274300	0.5	0.5	0.5	0	0	0.5
274400	0.5	0.5	0.5	0	0	0.5
274500	0.5	0.5	0.5	0	0	0.5
274600	0.5	0.5	0.5	0	0	0.5
274700	0.5	0.5	0.5	0	0	0.5
274800	0.5	0.5	0.5	0	0	0.5
274900	0.5	0.5	0.5	0	0	0.5
275000	0.5	0.5	0.5	0	0	0.5
275100	0.5	0.5	0.5	0	0	0.5
275200	0.5	0.5	0.5	0	0	0.5
275300	0.5	0.5	0.5	0	0	0.5
275400	0.5	0.5	0.5	0	0	0.5
275500	0.5	0.5	0.5	0	0	0.5
275600	0.5	0.5	0.5	0	0	0.5
275700	0.5	0.5	0.5	0	0	0.5
275800	0.5	0.5	0.5	0	0	0.5
275900	0.5	0.5	0.5	0	0	0.5
276000	0.5	0.5	0.5	0	0	0.5
276100	0.5	0.5	0.5	0	0	0.5
276200	0.5	0.5	0.5	0	0	0.5
276300	0.5	0.5	0.5	0	0	0.5
276400	0.5	0.5	0.5	0	0	0.5
276500	0.5	0.5	0.5	0	0	0.5
276600	0.5	0.5	0.5	0	0	0.5
276700	0.5	0.5	0.5	0	0	0.5
276800	0.5	0.5	0.5	0	0	0.5
276900	0.5	0.5	0.5	0	0	0.5
277000	0.5	0.5	0.5	0	0	0.5
277100	0.5	0.5	0.5	0	0	0.5
277200	0.5	0.5	0.5	0	0	0.5
277300	0.5	0.5	0.5	0	0	0.5
277400	0.5	0.5	0.5	0	0	0.5
277500	0.5	0.5	0.5	0	0	0.5
277600	0.5	0.5	0.5	0	0	0.5
277700	0.5	0.5	0.5	0	0	0.5
277800	0.5	0.5	0.5	0	0	0.5
277900	0.5	0.5	0.5	0	0	0.5
278000	0.5	0.5	0.5	0	0	0.5
278100	0.5	0.5	0.5	0	0	0.5
278200	0.5	0.5	0.5	0	0	0.5
278300	0.5	0.5	0.5	0	0	0.5
278400	0.5	0.5	0.5	0	0	0.5
278500	0.5	0.5	0.5	0	0	0.5
278600	0.5	0.5	0.5	0	0	0.5
278700	0.5	0.5	0.5	0	0	0.5
278800	0.5	0.5	0.5	0	0	0.5
278900	0.5	0.5	0.5	0	0	0.5
279000	0.5	0.5	0.5	0	0	0.5
279100	0.5	0.5	0.5	0	0	0.5
279200	0.5	0.5	0.5	0	0	0.5
279300	0.5	0.5	0.5	0	0	0.5
279400	0.5	0.5	0.5	0	0	0.5
279500	0.5	0.5	0.5	0	0	0.5
279600	0.5	0.5	0.5	0	0	0.5
279700	0.5	0.5	0.5	0	0	0.5
279800	0.5	0.5	0.5	0	0	0.5
279900	0.5	0.5	0.5	0	0	0.5
280000	0.5	0.5	0.5	0	0	0.5
280100	0.5	0.5	0.5	0	0	0.5
280200	0.5	0.5	0.5	0	0	0.5
280300	0.5	0.5	0.5	0	0	0.5
280400	0.5	0.5	0.5	0	0	0.5
280500	0.5	0.5	0.5	0	0	0.5
280600	0.5	0.5	0.5	0	0	0.5
280700	0.5	0.5	0.5	0	0	0.5
280800	0.5	0.5	0.5	0	0	0.5
280900	0.5	0.5	0.5	0	0	0.5
281000	0.5	0.5	0.5	0	0	0.5
281100	0.5	0.5	0.5	0	0	0.5
281200	0.5	0.5	0.5	0	0	0.5
281300	0.5	0.5	0.5	0	0	0.5
281400	0.5	0.5	0.5	0	0	0.5
281500	0.5	0.5	0.5	0	0	0.5
281600	0.5	0.5	0.5	0	0	0.5
281700	0.5	0.5	0.5	0	0	0.5
281800	0.5	0.5	0.5	0	0	0.5
281900	0.5	0.5	0.5	0	0	0.5
282000	0.5	0.5	0.5	0	0	0.5
282100	0.5	0.5	0.5	0	0	0.5
282200	0.5	0.5	0.5	0	0	0.5
282300	0.5	0.5	0.5	0	0	0.5
282400	0.5	0.5	0.5	0	0	0.5
282500	0.5	0.5	0.5	0	0	0.5
282600	0.5	0.5	0.5	0	0	0.5
282700	0.5	0.5	0.5	0	0	0.5
282800	0.5	0.5	0.5	0	0	0.5
282900	0.5	0.5	0.5	0	0	0.5
283000	0.5	0.5	0.5	0	0	0.5
283100	0.5	0.5	0.5	0	0	0.5
283200	0.5	0.5	0.5	0	0	0.5
283300	0.5	0.5	0.5	0	0	0.5
283400	0.5	0.5	0.5	0	0	0.5
283500	0.5	0.5	0.5	0	0	0.5
283600	0.5	0.5	0.5	0	0	0.5
283700	0.5	0.5	0.5	0	0	0.5
283800	0.5	0.5	0.5	0	0	0.5
283900	0.5	0.5	0.5	0	0	0.5
284000	0.5	0.5	0.5	0	0	0.5
284100	0.5	0.5	0.5	0	0	0.5
284200	0.5	0.5	0.5	0	0	0.5
284300	0.5	0.5	0.5	0	0	0.5
284400	0.5	0.5	0.5	0	0	0.5
284500	0.5	0.5	0.5	0	0	0.5
284600	0.5	0.5	0.5	0	0	0.5
284700	0.5	0.5	0.5	0	0	0.5
284800	0.5	0.5	0.5	0	0	0.5
284900	0.5	0.5	0.5	0	0	0.5
285000	0.5	0.5	0.5	0	0	0.5
285100	0.5	0.5	0.5	0	0	0.5
285200	0.5	0.5	0.5	0	0	0.5
285300	0.5	0.5	0.5	0	0	0.5
285400	0.5	0.5	0.5	0	0	0.5
285500	0.5	0.5	0.5	0	0	0.5
285600	0.5	0.5	0.5	0	0	0.5
285700	0.5	0.5	0.5	0	0	0.5
285800	0.5	0.5	0.5	0	0	0.5
285900	0.5	0.5	0.5	0	0	0.5
286000	0.5	0.5	0.5	0	0	0.5
286100	0.5	0.5	0.5	0	0	0.5
286200	0.5	0.5	0.5	0	0	0.5
286300	0.5	0.5	0.5	0	0	0.5
286400	0.5	0.5	0.5	0	0	0.5
286500	0.5	0.5	0.5	0	0	0.5
286600	0.5	0.5	0.5	0	0	0.5
286700	0.5	0.5	0.5	0	0	0.5
286800	0.5	0.5	0.5	0	0	0.5
286900	0.5	0.5	0.5	0	0	0.5
287000	0.5	0.5	0.5	0	0	0.5
287100	0.5	0.5	0.5	0	0	0.5
287200	0.5	0.5	0.5	0	0	0.5
287300	0.5	0.5	0.5	0	0	0.5
287400	0.5	0.5	0.5	0	0	0.5
287500	0.5	0.5	0.5	0	0	0.5
287600	0.5	0.5	0.5	0	0	0.5
287700	0.5	0.5	0.5	0	0	0.5
287800	0.5	0.5	0.5	0	0	0.5
287900	0.5	0.5	0.5	0	0	0.5
288000	0.5	0.5	0.5	0	0	0.5
288100	0.5	0.5	0.5	0	0	0.5
288200	0.5	0.5	0.5	0	0	0.5
288300	0.5	0.5	0.5	0	0	0.5
288400	0.5	0.5	0.5	0	0	0.5
288500	0.5	0.5	0.5	0	0	0.5
288600	0.5	0.5	0.5	0	0	0.5
288700	0.5	0.5	0.5	0	0	0.5
288800	0.5	0.5	0.5	0	0	0.5
288900	0.5	0.5	0.5	0	0	0.5
289000	0.5	0.5	0.5	0	0	0.5
289100	0.5	0.5	0.5	0	0	0.5
289200	0.5	0.5	0.5	0	0	0.5
289300	0.5	0.5	0.5	0	0	0.5
289400	0.5	0.5	0.5	0	0	0.5
289500	0.5	0.5	0.5	0	0	0.5
289600	0.5	0.5	0.5	0	0	0.5
289700	0.5	0.5	0.5	0	0	0.5
289800	0.5	0.5	0.5	0	0	0.5
289900	0.5	0.5	0.5	0	0	0.5
290000	0.5	0.5	0.5	0	0	0.5
290100	0.5	0.5	0.5	0	0	0.5
290200	0.5	0.5	0.5	0	0	0.5
290300	0.5	0.5	0.5	0	0	0.5
290400	0.5	0.5	0.5	0	0	0.5
290500	0.5	0.5	0.5	0	0	0.5
290600	0.5	0.5	0.5	0	0	0.5
290700	0.5	0.5	0.5	0	0	0.5
290800	0.5	0.5	0.5	0	0	0.5
290900	0.5	0.5	0.5	0	0	0.5
291000	0.5	0.5	0.5	0	0	0.5
291100	0.5	0.5	0.5	0	0	0.5
291200	0.5	0.5	0.5	0	0	0.5
291300	0.5	0.5	0.5	0	0	0.5
291400	0.5	0.5	0.5	0	0	0.5
291500	0.5	0.5	0.5	0	0	0.5
291600	0.5	0.5	0.5	0	0	0.5
291700	0.5	0.5	0.5	0	0	0.5
291800	0.5	0.5	0.5	0	0	0.5
291900	0.5	0.5	0.5	0	0	0.5
292000	0.5	0.5	0.5	0	0	0.5
292100	0.5	0.5	0.5	0	0	0.5
292200	0.5	0.5	0.5	0	0	0.5
292300	0.5	0.5	0.5	0	0	0.5
292400	0.5	0.5	0.5	0	0	0.5
292500	0.5	0.5	0.5	0	0	0.5
292600	0.5	0.5	0.5	0	0	0.5
292700	0.5	0.5	0.5	0	0	0.5
292800	0.5	0.5	0.5	0	0	0.5
292900	0.5	0.5	0.5	0	0	0.5
293000	0.5	0.5	0.5	0	0	0.5
293100	0.5	0.5	0.5	0	0	0.5
293200	0.5	0.5	0.5	0	0	0.5
293300	0.5	0.5	0.5	0	0	0.5
293400	0.5	0.5	0.5	0	0	0.5
293500	0.5	0.5	0.5	0	0	0.5
293600	0.5	0.5	0.5	0	0	0.5
293700	0.5	0.49	0.49	0	0	0.5
293800	0.5	0.49	0.49	0	0	0.5
293900	0.5	0.49	0.49	0	0	0.5
294000	0.5	0.49	0.49	0	0	0.5
294100	0.5	0.49	0.49	0	0	0.5
294200	0.5	0.49	0.49	0	0	0.5
294300	0.5	0.49	0.49	0	0	0.5
294400	0.5	0.49	0.49	0	0	0.5
294500	0.5	0.49	0.49	0	0	0.5
294600	0.5	0.49	0.49	0	0	0.5
294700	0.5	0.49	0.49	0	0	0.5
294800	0.5	0.49	0.49	0	0	0.5
294900	0.5	0.49	0.49	0	0	0.5
295000	0.5	0.49	0.49	0	0	0.5
295100	0.5	0.49	0.49	0	0	0.5
295200	0.49	0.49	0.49	0	0	0.49
295300	0.49	0.49	0.49	0	0	0.49
295400	0.49	0.49	0.49	0	0	0.49
295500	0.49	0.49	0.49	0	0	0.49
295600	0.49	0.49	0.49	0	0	0.49
295700	0.49	0.49	0.49	0	0	0.49
295800	0.49	0.49	0.49	0	0	0.49
295900	0.49	0.49	0.49	0	0	0.49
296000	0.49	0.49	0.49	0	0	0.49
296100	0.49	0.49	0.49	0	0	0.49
296200	0.49	0.49	0.49	0	0	0.49
296300	0.49	0.49	0.49	0	0	0.49
296400	0.49	0.49	0.49	0	0	0.49
296500	0.49	0.49	0.49	0	0	0.49
296600	0.49	0.49	0.49	0	0	0.49
296700	0.49	0.49	0.49	0	0	0.49
296800	0.49	0.49	0.49	0	0	0.49
296900	0.49	0.49	0.49	0	0	0.49
297000	0.49	0.49	0.49	0	0	0.49
297100	0.49	0.49	0.49	0	0	0.49
297200	0.49	0.49	0.49	0	0	0.49
297300	0.49	0.49	0.49	0	0	0.49
297400	0.49	0.49	0.49	0	0	0.49
297500	0.49	0.49	0.49	0	0	0.49
297600	0.49	0.49	0.49	0	0	0.49
297700	0.49	0.49	0.49	0	0	0.49
297800	0.49	0.49	0.49	0	0	0.49
297900	0.49	0.49	0.49	0	0	0.49
298000	0.49	0.49	0.49	0	0	0.49
298100	0.49	0.49	0.49	0	0	0.49
298200	0.49	0.49	0.49	0	0	0.49
298300	0.49	0.49	0.49	0	0	0.49
298400	0.49	0.5	0.5	0	0	0.49
298500	0.49	0.5	0.5	0	0	0.49
298600	0.49	0.5	0.5	0	0	0.49
298700	0.49	0.5	0.5	0	0	0.49
298800	0.49	0.5	0.5	0	0	0.49
298900	0.49	0.5	0.5	0	0	0.49
299000	0.49	0.5	0.5	0	0	0.49
299100	0.49	0.5	0.5	0	0	0.49
299200	0.49	0.5	0.5	0	0	0.49
299300	0.49	0.5	0.5	0	0	0.49
299400	0.49	0.5	0.5	0	0	0.49
299500	0.49	0.5	0.5	0	0	0.49
299600	0.49	0.5	0.5	0	0	0.49
299700	0.49	0.5	0.5	0	0	0.49
299800	0.49	0.5	0.5	0	0	0.49
299900	0.49	0.5	0.5	0	0	0.49
300000	0.49	0.5	0.5	0	0	0.49
