100	0.06	0.01	0.01	0	0	0.06
200	0.06	0.02	0.02	0	0	0.06
300	0.07	0.02	0.02	0	0	0.07
400	0.07	0.03	0.03	0	0	0.07
500	0.03	0.03	0.03	0	0	0.03
600	0.04	0.02	0.02	0	0	0.04
700	0.04	0.01	0.01	0	0	0.04
800	0.04	0.03	0.03	0	0	0.04
900	0.04	0.03	0.03	0	0	0.04
1000	0.04	0.01	0.01	0	0	0.04
1100	0.03	0.02	0.02	0	0	0.03
1200	0.03	0.02	0.02	0	0	0.03
1300	0.02	0.01	0.01	0	0	0.02
1400	0.02	0	0	0	0	0.02
1500	0.02	0.01	0.01	0	0	0.02
1600	0.03	0.01	0.01	0	0	0.03
1700	0	0.02	0.02	0	0	0
1800	0	0.01	0.01	0	0	0
1900	0	0.01	0.01	0	0	0
2000	0	0.01	0.01	0	0	0
2100	0	0.02	0.02	0	0	0
2200	0.01	0.02	0.02	0	0	0.01
2300	0.01	0.03	0.03	0	0	0.01
2400	0.02	0.02	0.02	0	0	0.02
2500	0.02	0.03	0.03	0	0	0.02
2600	0.03	0.05	0.05	0	0	0.03
2700	0.03	0.06	0.06	0	0	0.03
2800	0.06	0.06	0.06	0	0	0.06
2900	0.06	0.06	0.06	0	0	0.06
3000	0.06	0.05	0.05	0	0	0.06
3100	0.03	0.04	0.04	0	0	0.03
3200	0.03	0.03	0.03	0	0	0.03
3300	0.04	0.04	0.04	0	0	0.04
3400	0.03	0.04	0.04	0	0	0.03
3500	0.03	0.02	0.02	0	0	0.03
3600	0.02	0.03	0.03	0	0	0.02
3700	0.03	0.03	0.03	0	0	0.03
3800	0.03	0.03	0.03	0	0	0.03
3900	0.03	0.01	0.01	0	0	0.03
4000	0.03	0.02	0.02	0	0	0.03
4100	0.02	0.02	0.02	0	0	0.02
4200	0.02	0.03	0.03	0	0	0.02
4300	0.02	0.03	0.03	0	0	0.02
4400	0.01	0.03	0.03	0	0	0.01
4500	0.01	0.03	0.03	0	0	0.01
4600	0.01	0.05	0.05	0	0	0.01
4700	0	0.05	0.05	0	0	0
4800	0	0.04	0.04	0	0	0
4900	0	0.04	0.04	0	0	0
5000	0	0.04	0.04	0	0	0
5100	0	0.02	0.02	0	0	0
5200	0.02	0.02	0.02	0	0	0.02
5300	0.01	0.02	0.02	0	0	0.01
5400	0.01	0.01	0.01	0	0	0.01
5500	0.02	0	0	0	0	0.02
5600	0.03	0	0	0	0	0.03
5700	0.04	0	0	0	0	0.04
5800	0	0	0	0	0	0
5900	0	0	0	0	0	0
6000	0.01	0	0	0	0	0.01
6100	0.01	0	0	0	0	0.01
6200	0.02	0	0	0	0	0.02
6300	0.03	0	0	0	0	0.03
6400	0.02	0.01	0.01	0	0	0.02
6500	0.01	0.02	0.02	0	0	0.01
6600	0.01	0.01	0.01	0	0	0.01
6700	0	0	0	0	0	0
6800	0.01	0	0	0	0	0.01
6900	0.02	0	0	0	0	0.02
7000	0.03	0.01	0.01	0	0	0.03
7100	0.03	0.03	0.03	0	0	0.03
7200	0.03	0.04	0.04	0	0	0.03
7300	0.02	0.01	0.01	0	0	0.02
7400	0.02	0.01	0.01	0	0	0.02
7500	0.01	0.02	0.02	0	0	0.01
7600	0.02	0.03	0.03	0	0	0.02
7700	0.03	0.04	0.04	0	0	0.03
7800	0.03	0.04	0.04	0	0	0.03
7900	0.03	0.05	0.05	0	0	0.03
8000	0.02	0.05	0.05	0	0	0.02
8100	0.02	0.04	0.04	0	0	0.02
8200	0.02	0.04	0.04	0	0	0.02
8300	0	0.02	0.02	0	0	0
8400	0.02	0.01	0.01	0	0	0.02
8500	0.02	0.04	0.04	0	0	0.02
8600	0.02	0.04	0.04	0	0	0.02
8700	0.02	0.03	0.03	0	0	0.02
8800	0.03	0.04	0.04	0	0	0.03
8900	0.03	0.03	0.03	0	0	0.03
9000	0.02	0.03	0.03	0	0	0.02
9100	0.01	0.03	0.03	0	0	0.01
9200	0.02	0.03	0.03	0	0	0.02
9300	0.03	0.03	0.03	0	0	0.03
9400	0.01	0.04	0.04	0	0	0.01
9500	0.02	0.03	0.03	0	0	0.02
9600	0.03	0.03	0.03	0	0	0.03
9700	0.01	0.02	0.02	0	0	0.01
9800	0.01	0.01	0.01	0	0	0.01
9900	0.03	0	0	0	0	0.03
10000	0.02	0	0	0	0	0.02
10100	0.02	0	0	0	0	0.02
10200	0.02	0.01	0.01	0	0	0.02
10300	0.03	0.01	0.01	0	0	0.03
10400	0.03	0.04	0.04	0	0	0.03
10500	0.03	0.04	0.04	0	0	0.03
10600	0.04	0.02	0.02	0	0	0.04
10700	0.07	0.02	0.02	0	0	0.07
10800	0.04	0.01	0.01	0	0	0.04
10900	0.03	0.01	0.01	0	0	0.03
11000	0.03	0.02	0.02	0	0	0.03
11100	0.02	0.03	0.03	0	0	0.02
11200	0.02	0.02	0.02	0	0	0.02
11300	0.02	0.02	0.02	0	0	0.02
11400	0.02	0.02	0.02	0	0	0.02
11500	0.03	0.02	0.02	0	0	0.03
11600	0.03	0.04	0.04	0	0	0.03
11700	0.04	0.04	0.04	0	0	0.04
11800	0.04	0.02	0.02	0	0	0.04
11900	0.02	0.02	0.02	0	0	0.02
12000	0	0.02	0.02	0	0	0
12100	0	0.01	0.01	0	0	0
12200	0.01	0.01	0.01	0	0	0.01
12300	0.02	0.01	0.01	0	0	0.02
12400	0.01	0.01	0.01	0	0	0.01
12500	0.02	0.01	0.01	0	0	0.02
12600	0.02	0	0	0	0	0.02
12700	0.01	0	0	0	0	0.01
12800	0.01	0.02	0.02	0	0	0.01
12900	0.02	0.02	0.02	0	0	0.02
13000	0.02	0.01	0.01	0	0	0.02
13100	0.02	0	0	0	0	0.02
13200	0.02	0.01	0.01	0	0	0.02
13300	0.03	0.03	0.03	0	0	0.03
13400	0.04	0.03	0.03	0	0	0.04
13500	0.03	0.02	0.02	0	0	0.03
13600	0.03	0.01	0.01	0	0	0.03
13700	0.04	0	0	0	0	0.04
13800	0.04	0	0	0	0	0.04
13900	0.04	0.02	0.02	0	0	0.04
14000	0.03	0.02	0.02	0	0	0.03
14100	0.03	0.03	0.03	0	0	0.03
14200	0.03	0.02	0.02	0	0	0.03
14300	0.01	0.01	0.01	0	0	0.01
14400	0.01	0.02	0.02	0	0	0.01
14500	0.02	0.01	0.01	0	0	0.02
14600	0.02	0.01	0.01	0	0	0.02
14700	0.01	0.01	0.01	0	0	0.01
14800	0.01	0.02	0.02	0	0	0.01
14900	0.01	0.02	0.02	0	0	0.01
15000	0.01	0.02	0.02	0	0	0.01
15100	0.01	0.02	0.02	0	0	0.01
15200	0.02	0.02	0.02	0	0	0.02
15300	0.01	0.02	0.02	0	0	0.01
15400	0.02	0	0	0	0	0.02
15500	0.02	0	0	0	0	0.02
15600	0.04	0.01	0.01	0	0	0.04
15700	0.03	0.03	0.03	0	0	0.03
15800	0.03	0.04	0.04	0	0	0.03
15900	0.04	0.04	0.04	0	0	0.04
16000	0.04	0.05	0.05	0	0	0.04
16100	0.04	0.03	0.03	0	0	0.04
16200	0.02	0.04	0.04	0	0	0.02
16300	0.03	0.02	0.02	0	0	0.03
16400	0.02	0.01	0.01	0	0	0.02
16500	0.01	0.01	0.01	0	0	0.01
16600	0.01	0.02	0.02	0	0	0.01
16700	0.01	0.02	0.02	0	0	0.01
16800	0.02	0.01	0.01	0	0	0.02
16900	0.03	0.01	0.01	0	0	0.03
17000	0.02	0.01	0.01	0	0	0.02
17100	0.02	0.02	0.02	0	0	0.02
17200	0.01	0.02	0.02	0	0	0.01
17300	0.03	0.02	0.02	0	0	0.03
17400	0.03	0.02	0.02	0	0	0.03
17500	0.03	0.04	0.04	0	0	0.03
17600	0.01	0.03	0.03	0	0	0.01
17700	0.03	0.01	0.01	0	0	0.03
17800	0.03	0.02	0.02	0	0	0.03
17900	0.03	0.02	0.02	0	0	0.03
18000	0.02	0.01	0.01	0	0	0.02
18100	0.01	0.02	0.02	0	0	0.01
18200	0	0.03	0.03	0	0	0
18300	0.01	0.01	0.01	0	0	0.01
18400	0.02	0.01	0.01	0	0	0.02
18500	0.03	0.01	0.01	0	0	0.03
18600	0.03	0.01	0.01	0	0	0.03
18700	0.03	0.02	0.02	0	0	0.03
18800	0.03	0.02	0.02	0	0	0.03
18900	0.03	0.02	0.02	0	0	0.03
19000	0	0.01	0.01	0	0	0
19100	0	0.01	0.01	0	0	0
19200	0	0.02	0.02	0	0	0
19300	0.02	0.02	0.02	0	0	0.02
19400	0.02	0.02	0.02	0	0	0.02
19500	0.02	0.02	0.02	0	0	0.02
19600	0.03	0.02	0.02	0	0	0.03
19700	0.03	0.01	0.01	0	0	0.03
19800	0.03	0	0	0	0	0.03
19900	0.01	0.01	0.01	0	0	0.01
20000	0.02	0	0	0	0	0.02
20100	0.03	0	0	0	0	0.03
20200	0.02	0.01	0.01	0	0	0.02
20300	0	0.02	0.02	0	0	0
20400	0.01	0.01	0.01	0	0	0.01
20500	0.02	0.02	0.02	0	0	0.02
20600	0.02	0.01	0.01	0	0	0.02
20700	0.02	0.01	0.01	0	0	0.02
20800	0.01	0.02	0.02	0	0	0.01
20900	0.01	0.04	0.04	0	0	0.01
21000	0.02	0.04	0.04	0	0	0.02
21100	0.03	0.03	0.03	0	0	0.03
21200	0.02	0.03	0.03	0	0	0.02
21300	0.02	0.04	0.04	0	0	0.02
21400	0.01	0.02	0.02	0	0	0.01
21500	0.01	0.03	0.03	0	0	0.01
21600	0.02	0.03	0.03	0	0	0.02
21700	0.03	0.04	0.04	0	0	0.03
21800	0.03	0.04	0.04	0	0	0.03
21900	0.05	0.02	0.02	0	0	0.05
22000	0.05	0.01	0.01	0	0	0.05
22100	0.02	0.01	0.01	0	0	0.02
22200	0.01	0.02	0.02	0	0	0.01
22300	0.01	0.02	0.02	0	0	0.01
22400	0.01	0.03	0.03	0	0	0.01
22500	0.04	0.02	0.02	0	0	0.04
22600	0.05	0.02	0.02	0	0	0.05
22700	0.05	0.03	0.03	0	0	0.05
22800	0.04	0.05	0.05	0	0	0.04
22900	0.03	0.05	0.05	0	0	0.03
23000	0.05	0.03	0.03	0	0	0.05
23100	0.05	0.03	0.03	0	0	0.05
23200	0.03	0.02	0.02	0	0	0.03
23300	0.02	0	0	0	0	0.02
23400	0.05	0.01	0.01	0	0	0.05
23500	0.04	0.02	0.02	0	0	0.04
23600	0.03	0.03	0.03	0	0	0.03
23700	0.02	0.03	0.03	0	0	0.02
23800	0.02	0.04	0.04	0	0	0.02
23900	0.04	0.03	0.03	0	0	0.04
24000	0.05	0.03	0.03	0	0	0.05
24100	0.04	0.02	0.02	0	0	0.04
24200	0.03	0.01	0.01	0	0	0.03
24300	0.05	0	0	0	0	0.05
24400	0.05	0	0	0	0	0.05
24500	0.01	0.01	0.01	0	0	0.01
24600	0.02	0.01	0.01	0	0	0.02
24700	0.01	0.02	0.02	0	0	0.01
24800	0.02	0.01	0.01	0	0	0.02
24900	0.02	0.02	0.02	0	0	0.02
25000	0.02	0.02	0.02	0	0	0.02
25100	0.02	0.02	0.02	0	0	0.02
25200	0	0.03	0.03	0	0	0
25300	0.02	0.03	0.03	0	0	0.02
25400	0.02	0.02	0.02	0	0	0.02
25500	0.02	0.01	0.01	0	0	0.02
25600	0.01	0.01	0.01	0	0	0.01
25700	0.01	0.03	0.03	0	0	0.01
25800	0	0.05	0.05	0	0	0
25900	0.02	0.06	0.06	0	0	0.02
26000	0.02	0.05	0.05	0	0	0.02
26100	0.02	0.03	0.03	0	0	0.02
26200	0.02	0.02	0.02	0	0	0.02
26300	0.01	0.03	0.03	0	0	0.01
26400	0.02	0.01	0.01	0	0	0.02
26500	0.02	0.03	0.03	0	0	0.02
26600	0.01	0.03	0.03	0	0	0.01
26700	0.04	0.03	0.03	0	0	0.04
26800	0.03	0.03	0.03	0	0	0.03
26900	0.02	0.01	0.01	0	0	0.02
27000	0.02	0.01	0.01	0	0	0.02
27100	0.03	0.01	0.01	0	0	0.03
27200	0.01	0	0	0	0	0.01
27300	0.03	0.01	0.01	0	0	0.03
27400	0.03	0	0	0	0	0.03
27500	0.03	0	0	0	0	0.03
27600	0.01	0.01	0.01	0	0	0.01
27700	0.01	0.01	0.01	0	0	0.01
27800	0.01	0	0	0	0	0.01
27900	0	0.01	0.01	0	0	0
28000	0	0.02	0.02	0	0	0
28100	0	0.01	0.01	0	0	0
28200	0.01	0.01	0.01	0	0	0.01
28300	0.01	0.03	0.03	0	0	0.01
28400	0	0.03	0.03	0	0	0
28500	0.01	0.03	0.03	0	0	0.01
28600	0.02	0.02	0.02	0	0	0.02
28700	0.02	0.02	0.02	0	0	0.02
28800	0.04	0.02	0.02	0	0	0.04
28900	0.03	0.01	0.01	0	0	0.03
29000	0.05	0	0	0	0	0.05
29100	0.05	0	0	0	0	0.05
29200	0.06	0.02	0.02	0	0	0.06
29300	0.05	0.04	0.04	0	0	0.05
29400	0.04	0.04	0.04	0	0	0.04
29500	0.04	0.04	0.04	0	0	0.04
29600	0.02	0.03	0.03	0	0	0.02
29700	0.01	0.02	0.02	0	0	0.01
29800	0.01	0.01	0.01	0	0	0.01
29900	0.01	0	0	0	0	0.01
30000	0.01	0	0	0	0	0.01
30100	0.01	0.01	0.01	0	0	0.01
30200	0.04	0.03	0.03	0	0	0.04
30300	0.05	0.03	0.03	0	0	0.05
30400	0.06	0.02	0.02	0	0	0.06
30500	0.04	0.01	0.01	0	0	0.04
30600	0.04	0.01	0.01	0	0	0.04
30700	0.03	0.01	0.01	0	0	0.03
30800	0.01	0.01	0.01	0	0	0.01
30900	0	0.02	0.02	0	0	0
31000	0	0.02	0.02	0	0	0
31100	0.02	0.04	0.04	0	0	0.02
31200	0.03	0.04	0.04	0	0	0.03
31300	0.03	0.03	0.03	0	0	0.03
31400	0.03	0.02	0.02	0	0	0.03
31500	0.02	0.02	0.02	0	0	0.02
31600	0.03	0.02	0.02	0	0	0.03
31700	0.01	0.01	0.01	0	0	0.01
31800	0.02	0.01	0.01	0	0	0.02
31900	0.02	0.02	0.02	0	0	0.02
32000	0.03	0.02	0.02	0	0	0.03
32100	0.02	0.01	0.01	0	0	0.02
32200	0.02	0	0	0	0	0.02
32300	0.01	0	0	0	0	0.01
32400	0.02	0	0	0	0	0.02
32500	0.02	0	0	0	0	0.02
32600	0.02	0	0	0	0	0.02
32700	0.04	0	0	0	0	0.04
32800	0.04	0.01	0.01	0	0	0.04
32900	0.04	0	0	0	0	0.04
33000	0.01	0	0	0	0	0.01
33100	0.01	0.01	0.01	0	0	0.01
33200	0	0.01	0.01	0	0	0
33300	0.01	0.02	0.02	0	0	0.01
33400	0.01	0.02	0.02	0	0	0.01
33500	0.01	0.03	0.03	0	0	0.01
33600	0.02	0.02	0.02	0	0	0.02
33700	0.02	0.02	0.02	0	0	0.02
33800	0.02	0.02	0.02	0	0	0.02
33900	0.01	0.02	0.02	0	0	0.01
34000	0.02	0	0	0	0	0.02
34100	0.03	0.02	0.02	0	0	0.03
34200	0.03	0.02	0.02	0	0	0.03
34300	0.03	0.02	0.02	0	0	0.03
34400	0.03	0.02	0.02	0	0	0.03
34500	0.02	0.02	0.02	0	0	0.02
34600	0.02	0.03	0.03	0	0	0.02
34700	0.03	0.03	0.03	0	0	0.03
34800	0.04	0.03	0.03	0	0	0.04
34900	0.05	0.03	0.03	0	0	0.05
35000	0.06	0.02	0.02	0	0	0.06
35100	0.05	0	0	0	0	0.05
35200	0.05	0.01	0.01	0	0	0.05
35300	0.03	0.01	0.01	0	0	0.03
35400	0.03	0.01	0.01	0	0	0.03
35500	0.06	0.01	0.01	0	0	0.06
35600	0.04	0.02	0.02	0	0	0.04
35700	0.05	0.01	0.01	0	0	0.05
35800	0.05	0.02	0.02	0	0	0.05
35900	0.05	0.02	0.02	0	0	0.05
36000	0.04	0.02	0.02	0	0	0.04
36100	0.03	0.03	0.03	0	0	0.03
36200	0.04	0.03	0.03	0	0	0.04
36300	0.02	0.03	0.03	0	0	0.02
36400	0.03	0.03	0.03	0	0	0.03
36500	0.02	0.02	0.02	0	0	0.02
36600	0.01	0	0	0	0	0.01
36700	0.01	0	0	0	0	0.01
36800	0.02	0.01	0.01	0	0	0.02
36900	0.03	0.02	0.02	0	0	0.03
37000	0.03	0.02	0.02	0	0	0.03
37100	0.02	0.02	0.02	0	0	0.02
37200	0.03	0.02	0.02	0	0	0.03
37300	0.01	0.01	0.01	0	0	0.01
37400	0.02	0	0	0	0	0.02
37500	0.02	0.01	0.01	0	0	0.02
37600	0.02	0.03	0.03	0	0	0.02
37700	0.03	0.03	0.03	0	0	0.03
37800	0.05	0.01	0.01	0	0	0.05
37900	0.04	0.02	0.02	0	0	0.04
38000	0.06	0.03	0.03	0	0	0.06
38100	0.06	0.03	0.03	0	0	0.06
38200	0.04	0.03	0.03	0	0	0.04
38300	0.02	0.04	0.04	0	0	0.02
38400	0.02	0.03	0.03	0	0	0.02
38500	0.02	0.03	0.03	0	0	0.02
38600	0.01	0.01	0.01	0	0	0.01
38700	0	0.01	0.01	0	0	0
38800	0	0.01	0.01	0	0	0
38900	0.01	0.01	0.01	0	0	0.01
39000	0.02	0.02	0.02	0	0	0.02
39100	0.03	0.01	0.01	0	0	0.03
39200	0.05	0.01	0.01	0	0	0.05
39300	0.07	0.01	0.01	0	0	0.07
39400	0.06	0.01	0.01	0	0	0.06
39500	0.05	0	0	0	0	0.05
39600	0.05	0	0	0	0	0.05
39700	0.05	0.02	0.02	0	0	0.05
39800	0.03	0.05	0.05	0	0	0.03
39900	0.01	0.05	0.05	0	0	0.01
40000	0.03	0.04	0.04	0	0	0.03
40100	0.04	0.04	0.04	0	0	0.04
40200	0.03	0.04	0.04	0	0	0.03
40300	0.03	0.03	0.03	0	0	0.03
40400	0.04	0.03	0.03	0	0	0.04
40500	0.04	0.02	0.02	0	0	0.04
40600	0.04	0.01	0.01	0	0	0.04
40700	0.04	0.01	0.01	0	0	0.04
40800	0.01	0.01	0.01	0	0	0.01
40900	0	0.01	0.01	0	0	0
41000	0.01	0.01	0.01	0	0	0.01
41100	0.01	0.02	0.02	0	0	0.01
41200	0.01	0.02	0.02	0	0	0.01
41300	0.02	0.02	0.02	0	0	0.02
41400	0.04	0.02	0.02	0	0	0.04
41500	0.04	0.03	0.03	0	0	0.04
41600	0.03	0.03	0.03	0	0	0.03
41700	0.05	0.02	0.02	0	0	0.05
41800	0.05	0.04	0.04	0	0	0.05
41900	0.06	0.05	0.05	0	0	0.06
42000	0.05	0.05	0.05	0	0	0.05
42100	0.05	0.06	0.06	0	0	0.05
42200	0.05	0.06	0.06	0	0	0.05
42300	0.04	0.04	0.04	0	0	0.04
42400	0.02	0.03	0.03	0	0	0.02
42500	0.03	0.02	0.02	0	0	0.03
42600	0.02	0.02	0.02	0	0	0.02
42700	0.03	0.02	0.02	0	0	0.03
42800	0.03	0.02	0.02	0	0	0.03
42900	0.04	0.04	0.04	0	0	0.04
43000	0.04	0.01	0.01	0	0	0.04
43100	0.03	0.02	0.02	0	0	0.03
43200	0.03	0.01	0.01	0	0	0.03
43300	0.02	0.01	0.01	0	0	0.02
43400	0.03	0.01	0.01	0	0	0.03
43500	0.02	0.01	0.01	0	0	0.02
43600	0.03	0.02	0.02	0	0	0.03
43700	0.03	0.01	0.01	0	0	0.03
43800	0.03	0.03	0.03	0	0	0.03
43900	0.03	0.03	0.03	0	0	0.03
44000	0.01	0.03	0.03	0	0	0.01
44100	0.01	0.02	0.02	0	0	0.01
44200	0	0.04	0.04	0	0	0
44300	0.01	0.02	0.02	0	0	0.01
44400	0.03	0.02	0.02	0	0	0.03
44500	0.02	0.01	0.01	0	0	0.02
44600	0.02	0.01	0.01	0	0	0.02
44700	0.03	0.01	0.01	0	0	0.03
44800	0.02	0	0	0	0	0.02
44900	0.01	0	0	0	0	0.01
45000	0.02	0	0	0	0	0.02
45100	0.02	0.01	0.01	0	0	0.02
45200	0.01	0.02	0.02	0	0	0.01
45300	0.01	0.04	0.04	0	0	0.01
45400	0	0.03	0.03	0	0	0
45500	0.01	0.03	0.03	0	0	0.01
45600	0.01	0.03	0.03	0	0	0.01
45700	0.01	0.03	0.03	0	0	0.01
45800	0.01	0.03	0.03	0	0	0.01
45900	0.03	0.04	0.04	0	0	0.03
46000	0.04	0.04	0.04	0	0	0.04
46100	0.05	0.04	0.04	0	0	0.05
46200	0.05	0.05	0.05	0	0	0.05
46300	0.03	0.05	0.05	0	0	0.03
46400	0.02	0.05	0.05	0	0	0.02
46500	0.02	0.06	0.06	0	0	0.02
46600	0	0.06	0.06	0	0	0
46700	0.01	0.03	0.03	0	0	0.01
46800	0.01	0.03	0.03	0	0	0.01
46900	0.01	0.03	0.03	0	0	0.01
47000	0.01	0.03	0.03	0	0	0.01
47100	0.04	0.01	0.01	0	0	0.04
47200	0.03	0.02	0.02	0	0	0.03
47300	0.04	0.03	0.03	0	0	0.04
47400	0.04	0.04	0.04	0	0	0.04
47500	0.02	0.07	0.07	0	0	0.02
47600	0.02	0.05	0.05	0	0	0.02
47700	0.01	0.03	0.03	0	0	0.01
47800	0.01	0.02	0.02	0	0	0.01
47900	0.03	0.02	0.02	0	0	0.03
48000	0.02	0.02	0.02	0	0	0.02
48100	0.03	0.01	0.01	0	0	0.03
48200	0.02	0.02	0.02	0	0	0.02
48300	0.02	0.01	0.01	0	0	0.02
48400	0.02	0.02	0.02	0	0	0.02
48500	0.01	0.03	0.03	0	0	0.01
48600	0.02	0.04	0.04	0	0	0.02
48700	0.02	0.05	0.05	0	0	0.02
48800	0.03	0.06	0.06	0	0	0.03
48900	0.04	0.06	0.06	0	0	0.04
49000	0.05	0.05	0.05	0	0	0.05
49100	0.07	0.06	0.06	0	0	0.07
49200	0.05	0.07	0.07	0	0	0.05
49300	0.05	0.08	0.08	0	0	0.05
49400	0.05	0.06	0.06	0	0	0.05
49500	0.06	0.04	0.04	0	0	0.06
49600	0.05	0.04	0.04	0	0	0.05
49700	0.03	0.01	0.01	0	0	0.03
49800	0.05	0.01	0.01	0	0	0.05
49900	0.05	0.02	0.02	0	0	0.05
50000	0.05	0.02	0.02	0	0	0.05
50100	0.04	0.04	0.04	0	0	0.04
50200	0.05	0.04	0.04	0	0	0.05
50300	0.05	0.03	0.03	0	0	0.05
50400	0.05	0.03	0.03	0	0	0.05
50500	0.02	0.02	0.02	0	0	0.02
50600	0	0.03	0.03	0	0	0
50700	0.01	0.04	0.04	0	0	0.01
50800	0	0.05	0.05	0	0	0
50900	0	0.04	0.04	0	0	0
51000	0.02	0.04	0.04	0	0	0.02
51100	0	0.04	0.04	0	0	0
51200	0	0.05	0.05	0	0	0
51300	0.01	0.05	0.05	0	0	0.01
51400	0.01	0.06	0.06	0	0	0.01
51500	0.01	0.07	0.07	0	0	0.01
51600	0.01	0.05	0.05	0	0	0.01
51700	0.03	0.04	0.04	0	0	0.03
51800	0.03	0.03	0.03	0	0	0.03
51900	0.02	0.04	0.04	0	0	0.02
52000	0.02	0.04	0.04	0	0	0.02
52100	0.03	0.05	0.05	0	0	0.03
52200	0.01	0.03	0.03	0	0	0.01
52300	0.03	0.05	0.05	0	0	0.03
52400	0.03	0.06	0.06	0	0	0.03
52500	0.03	0.05	0.05	0	0	0.03
52600	0.03	0.04	0.04	0	0	0.03
52700	0.03	0.04	0.04	0	0	0.03
52800	0.03	0.04	0.04	0	0	0.03
52900	0.02	0.02	0.02	0	0	0.02
53000	0	0.01	0.01	0	0	0
53100	0.02	0	0	0	0	0.02
53200	0.02	0	0	0	0	0.02
53300	0.02	0	0	0	0	0.02
53400	0.03	0.01	0.01	0	0	0.03
53500	0.04	0.01	0.01	0	0	0.04
53600	0.04	0.02	0.02	0	0	0.04
53700	0.06	0.03	0.03	0	0	0.06
53800	0.05	0.01	0.01	0	0	0.05
53900	0.05	0	0	0	0	0.05
54000	0.05	0	0	0	0	0.05
54100	0.03	0	0	0	0	0.03
54200	0.02	0.01	0.01	0	0	0.02
54300	0.03	0.02	0.02	0	0	0.03
54400	0.03	0.03	0.03	0	0	0.03
54500	0.04	0.03	0.03	0	0	0.04
54600	0.04	0.04	0.04	0	0	0.04
54700	0.02	0.06	0.06	0	0	0.02
54800	0.01	0.06	0.06	0	0	0.01
54900	0.01	0.04	0.04	0	0	0.01
55000	0.02	0.06	0.06	0	0	0.02
55100	0.01	0.03	0.03	0	0	0.01
55200	0.01	0.03	0.03	0	0	0.01
55300	0.02	0.03	0.03	0	0	0.02
55400	0.02	0.01	0.01	0	0	0.02
55500	0.05	0.02	0.02	0	0	0.05
55600	0.03	0.02	0.02	0	0	0.03
55700	0.03	0.02	0.02	0	0	0.03
55800	0.03	0.03	0.03	0	0	0.03
55900	0.05	0.03	0.03	0	0	0.05
56000	0.07	0.04	0.04	0	0	0.07
56100	0.06	0.01	0.01	0	0	0.06
56200	0.04	0.01	0.01	0	0	0.04
56300	0.02	0.04	0.04	0	0	0.02
56400	0.01	0.03	0.03	0	0	0.01
56500	0.02	0.04	0.04	0	0	0.02
56600	0.01	0.04	0.04	0	0	0.01
56700	0	0.04	0.04	0	0	0
56800	0.01	0.05	0.05	0	0	0.01
56900	0.02	0.03	0.03	0	0	0.02
57000	0.03	0.02	0.02	0	0	0.03
57100	0.03	0.03	0.03	0	0	0.03
57200	0.04	0.04	0.04	0	0	0.04
57300	0.03	0.07	0.07	0	0	0.03
57400	0.03	0.07	0.07	0	0	0.03
57500	0.04	0.05	0.05	0	0	0.04
57600	0.03	0.06	0.06	0	0	0.03
57700	0.03	0.03	0.03	0	0	0.03
57800	0.04	0.01	0.01	0	0	0.04
57900	0.06	0.02	0.02	0	0	0.06
58000	0.04	0.04	0.04	0	0	0.04
58100	0.02	0.07	0.07	0	0	0.02
58200	0.02	0.07	0.07	0	0	0.02
58300	0.02	0.07	0.07	0	0	0.02
58400	0.03	0.07	0.07	0	0	0.03
58500	0.03	0.06	0.06	0	0	0.03
58600	0.04	0.06	0.06	0	0	0.04
58700	0.04	0.06	0.06	0	0	0.04
58800	0.03	0.04	0.04	0	0	0.03
58900	0.05	0.02	0.02	0	0	0.05
59000	0.05	0.01	0.01	0	0	0.05
59100	0.06	0.03	0.03	0	0	0.06
59200	0.05	0.04	0.04	0	0	0.05
59300	0.05	0.03	0.03	0	0	0.05
59400	0.05	0.02	0.02	0	0	0.05
59500	0.02	0	0	0	0	0.02
59600	0.01	0.01	0.01	0	0	0.01
59700	0.01	0.02	0.02	0	0	0.01
59800	0.02	0.03	0.03	0	0	0.02
59900	0.02	0.05	0.05	0	0	0.02
60000	0.02	0.05	0.05	0	0	0.02
60100	0.01	0.03	0.03	0	0	0.01
60200	0.02	0.05	0.05	0	0	0.02
60300	0.01	0.06	0.06	0	0	0.01
60400	0.02	0.03	0.03	0	0	0.02
60500	0.04	0.02	0.02	0	0	0.04
60600	0.04	0.02	0.02	0	0	0.04
60700	0.04	0.02	0.02	0	0	0.04
60800	0.04	0.03	0.03	0	0	0.04
60900	0.05	0.03	0.03	0	0	0.05
61000	0.03	0.03	0.03	0	0	0.03
61100	0.03	0.01	0.01	0	0	0.03
61200	0.03	0.01	0.01	0	0	0.03
61300	0.03	0.01	0.01	0	0	0.03
61400	0.02	0.01	0.01	0	0	0.02
61500	0.04	0.03	0.03	0	0	0.04
61600	0.04	0.03	0.03	0	0	0.04
61700	0.04	0.03	0.03	0	0	0.04
61800	0.05	0.02	0.02	0	0	0.05
61900	0.03	0.03	0.03	0	0	0.03
62000	0.01	0.04	0.04	0	0	0.01
62100	0.01	0.02	0.02	0	0	0.01
62200	0.01	0.03	0.03	0	0	0.01
62300	0.03	0.02	0.02	0	0	0.03
62400	0.03	0.01	0.01	0	0	0.03
62500	0.03	0.03	0.03	0	0	0.03
62600	0.03	0.01	0.01	0	0	0.03
62700	0.03	0.01	0.01	0	0	0.03
62800	0.02	0.01	0.01	0	0	0.02
62900	0.02	0	0	0	0	0.02
63000	0.02	0.01	0.01	0	0	0.02
63100	0.03	0.03	0.03	0	0	0.03
63200	0.02	0.05	0.05	0	0	0.02
63300	0.03	0.04	0.04	0	0	0.03
63400	0.03	0.05	0.05	0	0	0.03
63500	0.01	0.04	0.04	0	0	0.01
63600	0.01	0.04	0.04	0	0	0.01
63700	0.03	0.05	0.05	0	0	0.03
63800	0.04	0.04	0.04	0	0	0.04
63900	0.03	0.04	0.04	0	0	0.03
64000	0.04	0.02	0.02	0	0	0.04
64100	0.04	0.01	0.01	0	0	0.04
64200	0.04	0.01	0.01	0	0	0.04
64300	0.04	0.02	0.02	0	0	0.04
64400	0.06	0.01	0.01	0	0	0.06
64500	0.04	0.01	0.01	0	0	0.04
64600	0.05	0.01	0.01	0	0	0.05
64700	0.03	0.01	0.01	0	0	0.03
64800	0.04	0.03	0.03	0	0	0.04
64900	0.06	0.02	0.02	0	0	0.06
65000	0.06	0.04	0.04	0	0	0.06
65100	0.05	0.03	0.03	0	0	0.05
65200	0.04	0.03	0.03	0	0	0.04
65300	0.04	0.04	0.04	0	0	0.04
65400	0.04	0.05	0.05	0	0	0.04
65500	0.05	0.05	0.05	0	0	0.05
65600	0.03	0.05	0.05	0	0	0.03
65700	0.02	0.04	0.04	0	0	0.02
65800	0.05	0.03	0.03	0	0	0.05
65900	0.05	0.02	0.02	0	0	0.05
66000	0.07	0	0	0	0	0.07
66100	0.04	0.02	0.02	0	0	0.04
66200	0.03	0.02	0.02	0	0	0.03
66300	0.03	0.03	0.03	0	0	0.03
66400	0.04	0.02	0.02	0	0	0.04
66500	0.02	0.02	0.02	0	0	0.02
66600	0.02	0.04	0.04	0	0	0.02
66700	0.02	0.03	0.03	0	0	0.02
66800	0.01	0.02	0.02	0	0	0.01
66900	0	0.03	0.03	0	0	0
67000	0	0.03	0.03	0	0	0
67100	0.01	0.04	0.04	0	0	0.01
67200	0.02	0.05	0.05	0	0	0.02
67300	0.02	0.04	0.04	0	0	0.02
67400	0.03	0.03	0.03	0	0	0.03
67500	0.03	0.03	0.03	0	0	0.03
67600	0.04	0.02	0.02	0	0	0.04
67700	0.03	0.03	0.03	0	0	0.03
67800	0.03	0.06	0.06	0	0	0.03
67900	0.03	0.06	0.06	0	0	0.03
68000	0.03	0.07	0.07	0	0	0.03
68100	0.01	0.06	0.06	0	0	0.01
68200	0	0.07	0.07	0	0	0
68300	0	0.06	0.06	0	0	0
68400	0	0.05	0.05	0	0	0
68500	0.02	0.06	0.06	0	0	0.02
68600	0.01	0.05	0.05	0	0	0.01
68700	0.03	0.05	0.05	0	0	0.03
68800	0.03	0.04	0.04	0	0	0.03
68900	0.02	0.06	0.06	0	0	0.02
69000	0.01	0.05	0.05	0	0	0.01
69100	0.02	0.04	0.04	0	0	0.02
69200	0.02	0.02	0.02	0	0	0.02
69300	0	0.03	0.03	0	0	0
69400	0	0.04	0.04	0	0	0
69500	0.01	0.04	0.04	0	0	0.01
69600	0.01	0.04	0.04	0	0	0.01
69700	0.01	0.03	0.03	0	0	0.01
69800	0.02	0.03	0.03	0	0	0.02
69900	0.02	0.03	0.03	0	0	0.02
70000	0.04	0.05	0.05	0	0	0.04
70100	0.04	0.04	0.04	0	0	0.04
70200	0.04	0.04	0.04	0	0	0.04
70300	0.04	0.02	0.02	0	0	0.04
70400	0.02	0.01	0.01	0	0	0.02
70500	0.03	0.02	0.02	0	0	0.03
70600	0.03	0.01	0.01	0	0	0.03
70700	0.02	0.01	0.01	0	0	0.02
70800	0.01	0.01	0.01	0	0	0.01
70900	0.01	0.01	0.01	0	0	0.01
71000	0	0.02	0.02	0	0	0
71100	0.01	0.02	0.02	0	0	0.01
71200	0.05	0	0	0	0	0.05
71300	0.06	0	0	0	0	0.06
71400	0.09	0	0	0	0	0.09
71500	0.08	0.02	0.02	0	0	0.08
71600	0.06	0.02	0.02	0	0	0.06
71700	0.04	0.04	0.04	0	0	0.04
71800	0.02	0.04	0.04	0	0	0.02
71900	0.02	0.05	0.05	0	0	0.02
72000	0.01	0.04	0.04	0	0	0.01
72100	0.01	0.03	0.03	0	0	0.01
72200	0.01	0.03	0.03	0	0	0.01
72300	0.01	0.03	0.03	0	0	0.01
72400	0.01	0.04	0.04	0	0	0.01
72500	0.01	0.05	0.05	0	0	0.01
72600	0.02	0.06	0.06	0	0	0.02
72700	0.01	0.06	0.06	0	0	0.01
72800	0.01	0.05	0.05	0	0	0.01
72900	0	0.03	0.03	0	0	0
73000	0.01	0.03	0.03	0	0	0.01
73100	0.01	0.02	0.02	0	0	0.01
73200	0.01	0.03	0.03	0	0	0.01
73300	0.03	0.02	0.02	0	0	0.03
73400	0.03	0.03	0.03	0	0	0.03
73500	0.03	0.02	0.02	0	0	0.03
73600	0.03	0.01	0.01	0	0	0.03
73700	0.03	0.01	0.01	0	0	0.03
73800	0.01	0.02	0.02	0	0	0.01
73900	0.01	0.01	0.01	0	0	0.01
74000	0.02	0.01	0.01	0	0	0.02
74100	0.02	0.03	0.03	0	0	0.02
74200	0.01	0.03	0.03	0	0	0.01
74300	0.03	0.02	0.02	0	0	0.03
74400	0.03	0.02	0.02	0	0	0.03
74500	0.02	0.03	0.03	0	0	0.02
74600	0.01	0.01	0.01	0	0	0.01
74700	0.01	0.02	0.02	0	0	0.01
74800	0.02	0.03	0.03	0	0	0.02
74900	0.01	0.02	0.02	0	0	0.01
75000	0.01	0.02	0.02	0	0	0.01
75100	0	0.01	0.01	0	0	0
75200	0	0.02	0.02	0	0	0
75300	0.01	0.01	0.01	0	0	0.01
75400	0.02	0.01	0.01	0	0	0.02
75500	0.02	0	0	0	0	0.02
75600	0.02	0	0	0	0	0.02
75700	0.02	0	0	0	0	0.02
75800	0.03	0	0	0	0	0.03
75900	0.04	0.02	0.02	0	0	0.04
76000	0.03	0.02	0.02	0	0	0.03
76100	0.02	0.04	0.04	0	0	0.02
76200	0.03	0.04	0.04	0	0	0.03
76300	0.02	0.05	0.05	0	0	0.02
76400	0.01	0.06	0.06	0	0	0.01
76500	0.03	0.05	0.05	0	0	0.03
76600	0.03	0.03	0.03	0	0	0.03
76700	0.04	0.02	0.02	0	0	0.04
76800	0.03	0.02	0.02	0	0	0.03
76900	0.04	0.01	0.01	0	0	0.04
77000	0.05	0	0	0	0	0.05
77100	0.03	0	0	0	0	0.03
77200	0.02	0.01	0.01	0	0	0.02
77300	0.02	0.01	0.01	0	0	0.02
77400	0.01	0.01	0.01	0	0	0.01
77500	0.01	0	0	0	0	0.01
77600	0.02	0.01	0.01	0	0	0.02
77700	0.02	0.02	0.02	0	0	0.02
77800	0.04	0.02	0.02	0	0	0.04
77900	0.04	0.02	0.02	0	0	0.04
78000	0.04	0	0	0	0	0.04
78100	0.04	0.01	0.01	0	0	0.04
78200	0.03	0.01	0.01	0	0	0.03
78300	0.03	0.01	0.01	0	0	0.03
78400	0.03	0.02	0.02	0	0	0.03
78500	0.02	0.03	0.03	0	0	0.02
78600	0.01	0.02	0.02	0	0	0.01
78700	0.01	0.02	0.02	0	0	0.01
78800	0.03	0.04	0.04	0	0	0.03
78900	0.04	0.02	0.02	0	0	0.04
79000	0.04	0.01	0.01	0	0	0.04
79100	0.04	0	0	0	0	0.04
79200	0.03	0	0	0	0	0.03
79300	0.02	0	0	0	0	0.02
79400	0.01	0.02	0.02	0	0	0.01
79500	0.02	0.03	0.03	0	0	0.02
79600	0.02	0.05	0.05	0	0	0.02
79700	0.02	0.04	0.04	0	0	0.02
79800	0.01	0.03	0.03	0	0	0.01
79900	0.01	0.04	0.04	0	0	0.01
80000	0	0.05	0.05	0	0	0
80100	0.02	0.06	0.06	0	0	0.02
80200	0.02	0.04	0.04	0	0	0.02
80300	0.02	0.04	0.04	0	0	0.02
80400	0.02	0.05	0.05	0	0	0.02
80500	0.03	0.06	0.06	0	0	0.03
80600	0.04	0.04	0.04	0	0	0.04
80700	0.03	0.04	0.04	0	0	0.03
80800	0.04	0.05	0.05	0	0	0.04
80900	0.02	0.02	0.02	0	0	0.02
81000	0.02	0	0	0	0	0.02
81100	0.03	0.01	0.01	0	0	0.03
81200	0.03	0	0	0	0	0.03
81300	0.03	0.01	0.01	0	0	0.03
81400	0.04	0.01	0.01	0	0	0.04
81500	0.04	0.02	0.02	0	0	0.04
81600	0.03	0.02	0.02	0	0	0.03
81700	0.01	0.02	0.02	0	0	0.01
81800	0.01	0.01	0.01	0	0	0.01
81900	0.01	0.01	0.01	0	0	0.01
82000	0.02	0	0	0	0	0.02
82100	0.03	0.01	0.01	0	0	0.03
82200	0.02	0.02	0.02	0	0	0.02
82300	0.01	0.02	0.02	0	0	0.01
82400	0.02	0.04	0.04	0	0	0.02
82500	0.02	0.02	0.02	0	0	0.02
82600	0.02	0.03	0.03	0	0	0.02
82700	0	0	0	0	0	0
82800	0	0.02	0.02	0	0	0
82900	0.03	0.04	0.04	0	0	0.03
83000	0.02	0.03	0.03	0	0	0.02
83100	0.01	0.03	0.03	0	0	0.01
83200	0.01	0.03	0.03	0	0	0.01
83300	0.01	0.02	0.02	0	0	0.01
83400	0.01	0.03	0.03	0	0	0.01
83500	0.02	0.03	0.03	0	0	0.02
83600	0.01	0.03	0.03	0	0	0.01
83700	0.03	0.02	0.02	0	0	0.03
83800	0.03	0.03	0.03	0	0	0.03
83900	0.07	0.01	0.01	0	0	0.07
84000	0.06	0.03	0.03	0	0	0.06
84100	0.03	0.03	0.03	0	0	0.03
84200	0.01	0	0	0	0	0.01
84300	0.01	0.01	0.01	0	0	0.01
84400	0.01	0.02	0.02	0	0	0.01
84500	0.01	0.04	0.04	0	0	0.01
84600	0.01	0.04	0.04	0	0	0.01
84700	0.01	0.04	0.04	0	0	0.01
84800	0.01	0.03	0.03	0	0	0.01
84900	0.03	0.04	0.04	0	0	0.03
85000	0.02	0.04	0.04	0	0	0.02
85100	0.03	0.03	0.03	0	0	0.03
85200	0.01	0.03	0.03	0	0	0.01
85300	0.02	0.04	0.04	0	0	0.02
85400	0.03	0.04	0.04	0	0	0.03
85500	0.02	0.04	0.04	0	0	0.02
85600	0.02	0.05	0.05	0	0	0.02
85700	0.02	0.07	0.07	0	0	0.02
85800	0.03	0.1	0.1	0	0	0.03
85900	0.01	0.1	0.1	0	0	0.01
86000	0.01	0.07	0.07	0	0	0.01
86100	0.02	0.07	0.07	0	0	0.02
86200	0.02	0.06	0.06	0	0	0.02
86300	0.02	0.06	0.06	0	0	0.02
86400	0.03	0.07	0.07	0	0	0.03
86500	0.03	0.07	0.07	0	0	0.03
86600	0.02	0.06	0.06	0	0	0.02
86700	0.02	0.06	0.06	0	0	0.02
86800	0.02	0.07	0.07	0	0	0.02
86900	0.02	0.08	0.08	0	0	0.02
87000	0.04	0.09	0.09	0	0	0.04
87100	0.05	0.09	0.09	0	0	0.05
87200	0.06	0.09	0.09	0	0	0.06
87300	0.05	0.08	0.08	0	0	0.05
87400	0.05	0.07	0.07	0	0	0.05
87500	0.03	0.08	0.08	0	0	0.03
87600	0.03	0.09	0.09	0	0	0.03
87700	0.02	0.09	0.09	0	0	0.02
87800	0.02	0.1	0.1	0	0	0.02
87900	0.04	0.1	0.1	0	0	0.04
88000	0.04	0.09	0.09	0	0	0.04
88100	0.02	0.09	0.09	0	0	0.02
88200	0.03	0.09	0.09	0	0	0.03
88300	0.05	0.09	0.09	0	0	0.05
88400	0.05	0.09	0.09	0	0	0.05
88500	0.07	0.08	0.08	0	0	0.07
88600	0.07	0.09	0.09	0	0	0.07
88700	0.08	0.09	0.09	0	0	0.08
88800	0.1	0.08	0.08	0	0	0.1
88900	0.07	0.08	0.08	0	0	0.07
89000	0.03	0.08	0.08	0	0	0.03
89100	0.04	0.08	0.08	0	0	0.04
89200	0.04	0.07	0.07	0	0	0.04
89300	0.03	0.07	0.07	0	0	0.03
89400	0.03	0.07	0.07	0	0	0.03
89500	0.06	0.07	0.07	0	0	0.06
89600	0.06	0.07	0.07	0	0	0.06
89700	0.08	0.08	0.08	0	0	0.08
89800	0.08	0.09	0.09	0	0	0.08
89900	0.1	0.1	0.1	0	0	0.1
90000	0.1	0.1	0.1	0	0	0.1
90100	0.08	0.1	0.1	0	0	0.08
90200	0.09	0.1	0.1	0	0	0.09
90300	0.11	0.09	0.09	0	0	0.11
90400	0.11	0.09	0.09	0	0	0.11
90500	0.1	0.1	0.1	0	0	0.1
90600	0.09	0.1	0.1	0	0	0.09
90700	0.08	0.1	0.1	0	0	0.08
90800	0.07	0.09	0.09	0	0	0.07
90900	0.08	0.1	0.1	0	0	0.08
91000	0.08	0.11	0.11	0	0	0.08
91100	0.08	0.11	0.11	0	0	0.08
91200	0.07	0.1	0.1	0	0	0.07
91300	0.08	0.1	0.1	0	0	0.08
91400	0.08	0.11	0.11	0	0	0.08
91500	0.08	0.12	0.12	0	0	0.08
91600	0.08	0.12	0.12	0	0	0.08
91700	0.08	0.12	0.12	0	0	0.08
91800	0.07	0.12	0.12	0	0	0.07
91900	0.07	0.12	0.12	0	0	0.07
92000	0.09	0.12	0.12	0	0	0.09
92100	0.09	0.12	0.12	0	0	0.09
92200	0.09	0.13	0.13	0	0	0.09
92300	0.09	0.11	0.11	0	0	0.09
92400	0.08	0.12	0.12	0	0	0.08
92500	0.08	0.12	0.12	0	0	0.08
92600	0.08	0.12	0.12	0	0	0.08
92700	0.07	0.12	0.12	0	0	0.07
92800	0.07	0.12	0.12	0	0	0.07
92900	0.06	0.13	0.13	0	0	0.06
93000	0.06	0.13	0.13	0	0	0.06
93100	0.06	0.14	0.14	0	0	0.06
93200	0.06	0.14	0.14	0	0	0.06
93300	0.06	0.15	0.15	0	0	0.06
93400	0.08	0.16	0.16	0	0	0.08
93500	0.08	0.16	0.16	0	0	0.08
93600	0.07	0.15	0.15	0	0	0.07
93700	0.09	0.14	0.14	0	0	0.09
93800	0.1	0.14	0.14	0	0	0.1
93900	0.08	0.13	0.13	0	0	0.08
94000	0.08	0.14	0.14	0	0	0.08
94100	0.08	0.14	0.14	0	0	0.08
94200	0.05	0.13	0.13	0	0	0.05
94300	0.05	0.14	0.14	0	0	0.05
94400	0.02	0.15	0.15	0	0	0.02
94500	0	0.15	0.15	0	0	0
94600	0	0.15	0.15	0	0	0
94700	0.02	0.15	0.15	0	0	0.02
94800	0.03	0.14	0.14	0	0	0.03
94900	0.04	0.15	0.15	0	0	0.04
95000	0.02	0.16	0.16	0	0	0.02
95100	0.02	0.16	0.16	0	0	0.02
95200	0.01	0.16	0.16	0	0	0.01
95300	0.01	0.16	0.16	0	0	0.01
95400	0	0.17	0.17	0	0	0
95500	0.03	0.17	0.17	0	0	0.03
95600	0.04	0.15	0.15	0	0	0.04
95700	0.05	0.15	0.15	0	0	0.05
95800	0.03	0.15	0.15	0	0	0.03
95900	0.02	0.15	0.15	0	0	0.02
96000	0.03	0.15	0.15	0	0	0.03
96100	0.01	0.16	0.16	0	0	0.01
96200	0.02	0.16	0.16	0	0	0.02
96300	0.04	0.17	0.17	0	0	0.04
96400	0.02	0.17	0.17	0	0	0.02
96500	0.01	0.18	0.18	0	0	0.01
96600	0.02	0.19	0.19	0	0	0.02
96700	0.02	0.19	0.19	0	0	0.02
96800	0.02	0.19	0.19	0	0	0.02
96900	0.01	0.19	0.19	0	0	0.01
97000	0.01	0.19	0.19	0	0	0.01
97100	0.02	0.18	0.18	0	0	0.02
97200	0.01	0.18	0.18	0	0	0.01
97300	0.01	0.18	0.18	0	0	0.01
97400	0.02	0.18	0.18	0	0	0.02
97500	0.02	0.17	0.17	0	0	0.02
97600	0.01	0.18	0.18	0	0	0.01
97700	0	0.19	0.19	0	0	0
97800	0.01	0.19	0.19	0	0	0.01
97900	0.02	0.19	0.19	0	0	0.02
98000	0.02	0.18	0.18	0	0	0.02
98100	0.01	0.17	0.17	0	0	0.01
98200	0.01	0.18	0.18	0	0	0.01
98300	0.01	0.18	0.18	0	0	0.01
98400	0.03	0.18	0.18	0	0	0.03
98500	0.05	0.18	0.18	0	0	0.05
98600	0.03	0.19	0.19	0	0	0.03
98700	0.01	0.2	0.2	0	0	0.01
98800	0	0.19	0.19	0	0	0
98900	0.01	0.19	0.19	0	0	0.01
99000	0.01	0.2	0.2	0	0	0.01
99100	0.03	0.2	0.2	0	0	0.03
99200	0.04	0.2	0.2	0	0	0.04
99300	0.03	0.2	0.2	0	0	0.03
99400	0.02	0.2	0.2	0	0	0.02
99500	0.02	0.22	0.22	0	0	0.02
99600	0.02	0.22	0.22	0	0	0.02
99700	0.01	0.22	0.22	0	0	0.01
99800	0.01	0.22	0.22	0	0	0.01
99900	0.01	0.22	0.22	0	0	0.01
100000	0.05	0.21	0.21	0	0	0.05
100100	0.04	0.21	0.21	0	0	0.04
100200	0.03	0.21	0.21	0	0	0.03
100300	0.04	0.21	0.21	0	0	0.04
100400	0.04	0.21	0.21	0	0	0.04
100500	0.03	0.21	0.21	0	0	0.03
100600	0.05	0.21	0.21	0	0	0.05
100700	0.03	0.21	0.21	0	0	0.03
100800	0.04	0.21	0.21	0	0	0.04
100900	0.03	0.21	0.21	0	0	0.03
101000	0.03	0.21	0.21	0	0	0.03
101100	0.02	0.21	0.21	0	0	0.02
101200	0.04	0.22	0.22	0	0	0.04
101300	0.04	0.21	0.21	0	0	0.04
101400	0.04	0.21	0.21	0	0	0.04
101500	0.04	0.21	0.21	0	0	0.04
101600	0.04	0.21	0.21	0	0	0.04
101700	0.02	0.21	0.21	0	0	0.02
101800	0	0.21	0.21	0	0	0
101900	0	0.23	0.23	0	0	0
102000	0.03	0.23	0.23	0	0	0.03
102100	0.01	0.23	0.23	0	0	0.01
102200	0.01	0.24	0.24	0	0	0.01
102300	0.03	0.24	0.24	0	0	0.03
102400	0.03	0.26	0.26	0	0	0.03
102500	0.03	0.26	0.26	0	0	0.03
102600	0.04	0.26	0.26	0	0	0.04
102700	0.02	0.24	0.24	0	0	0.02
102800	0.03	0.25	0.25	0	0	0.03
102900	0.03	0.25	0.25	0	0	0.03
103000	0.03	0.26	0.26	0	0	0.03
103100	0.03	0.26	0.26	0	0	0.03
103200	0.02	0.27	0.27	0	0	0.02
103300	0.04	0.27	0.27	0	0	0.04
103400	0.04	0.27	0.27	0	0	0.04
103500	0.04	0.27	0.27	0	0	0.04
103600	0.02	0.27	0.27	0	0	0.02
103700	0.01	0.27	0.27	0	0	0.01
103800	0	0.28	0.28	0	0	0
103900	0	0.29	0.29	0	0	0
104000	0.01	0.28	0.28	0	0	0.01
104100	0	0.28	0.28	0	0	0
104200	0.02	0.28	0.28	0	0	0.02
104300	0.02	0.28	0.28	0	0	0.02
104400	0.02	0.27	0.27	0	0	0.02
104500	0.02	0.27	0.27	0	0	0.02
104600	0.03	0.27	0.27	0	0	0.03
104700	0.05	0.27	0.27	0	0	0.05
104800	0.04	0.27	0.27	0	0	0.04
104900	0.04	0.27	0.27	0	0	0.04
105000	0.05	0.27	0.27	0	0	0.05
105100	0.06	0.27	0.27	0	0	0.06
105200	0.05	0.27	0.27	0	0	0.05
105300	0.05	0.28	0.28	0	0	0.05
105400	0.06	0.27	0.27	0	0	0.06
105500	0.09	0.27	0.27	0	0	0.09
105600	0.1	0.27	0.27	0	0	0.1
105700	0.07	0.27	0.27	0	0	0.07
105800	0.07	0.27	0.27	0	0	0.07
105900	0.07	0.28	0.28	0	0	0.07
106000	0.06	0.28	0.28	0	0	0.06
106100	0.06	0.29	0.29	0	0	0.06
106200	0.06	0.29	0.29	0	0	0.06
106300	0.05	0.29	0.29	0	0	0.05
106400	0.03	0.29	0.29	0	0	0.03
106500	0.02	0.29	0.29	0	0	0.02
106600	0	0.29	0.29	0	0	0
106700	0	0.28	0.28	0	0	0
106800	0.01	0.28	0.28	0	0	0.01
106900	0.02	0.28	0.28	0	0	0.02
107000	0.02	0.28	0.28	0	0	0.02
107100	0.03	0.29	0.29	0	0	0.03
107200	0.02	0.29	0.29	0	0	0.02
107300	0.01	0.29	0.29	0	0	0.01
107400	0.02	0.29	0.29	0	0	0.02
107500	0.01	0.29	0.29	0	0	0.01
107600	0.01	0.3	0.3	0	0	0.01
107700	0.03	0.31	0.31	0	0	0.03
107800	0.03	0.31	0.31	0	0	0.03
107900	0.03	0.31	0.31	0	0	0.03
108000	0.05	0.31	0.31	0	0	0.05
108100	0.05	0.31	0.31	0	0	0.05
108200	0.03	0.3	0.3	0	0	0.03
108300	0.03	0.3	0.3	0	0	0.03
108400	0.02	0.31	0.31	0	0	0.02
108500	0.01	0.31	0.31	0	0	0.01
108600	0.02	0.31	0.31	0	0	0.02
108700	0.02	0.29	0.29	0	0	0.02
108800	0.02	0.29	0.29	0	0	0.02
108900	0.03	0.29	0.29	0	0	0.03
109000	0.02	0.29	0.29	0	0	0.02
109100	0.04	0.29	0.29	0	0	0.04
109200	0.02	0.29	0.29	0	0	0.02
109300	0	0.3	0.3	0	0	0
109400	0.01	0.31	0.31	0	0	0.01
109500	0	0.31	0.31	0	0	0
109600	0	0.31	0.31	0	0	0
109700	0.01	0.3	0.3	0	0	0.01
109800	0.03	0.32	0.32	0	0	0.03
109900	0.02	0.31	0.31	0	0	0.02
110000	0.04	0.31	0.31	0	0	0.04
110100	0.04	0.31	0.31	0	0	0.04
110200	0.03	0.31	0.31	0	0	0.03
110300	0.02	0.31	0.31	0	0	0.02
110400	0.03	0.32	0.32	0	0	0.03
110500	0.03	0.32	0.32	0	0	0.03
110600	0.03	0.32	0.32	0	0	0.03
110700	0.05	0.32	0.32	0	0	0.05
110800	0.04	0.32	0.32	0	0	0.04
110900	0.06	0.32	0.32	0	0	0.06
111000	0.05	0.32	0.32	0	0	0.05
111100	0.05	0.33	0.33	0	0	0.05
111200	0.05	0.33	0.33	0	0	0.05
111300	0.07	0.33	0.33	0	0	0.07
111400	0.08	0.33	0.33	0	0	0.08
111500	0.06	0.33	0.33	0	0	0.06
111600	0.06	0.32	0.32	0	0	0.06
111700	0.06	0.32	0.32	0	0	0.06
111800	0.06	0.32	0.32	0	0	0.06
111900	0.06	0.32	0.32	0	0	0.06
112000	0.07	0.32	0.32	0	0	0.07
112100	0.07	0.32	0.32	0	0	0.07
112200	0.06	0.32	0.32	0	0	0.06
112300	0.06	0.32	0.32	0	0	0.06
112400	0.06	0.32	0.32	0	0	0.06
112500	0.06	0.33	0.33	0	0	0.06
112600	0.05	0.33	0.33	0	0	0.05
112700	0.05	0.33	0.33	0	0	0.05
112800	0.04	0.33	0.33	0	0	0.04
112900	0.05	0.33	0.33	0	0	0.05
113000	0.02	0.33	0.33	0	0	0.02
113100	0.02	0.33	0.33	0	0	0.02
113200	0	0.33	0.33	0	0	0
113300	0	0.33	0.33	0	0	0
113400	0	0.33	0.33	0	0	0
113500	0.01	0.32	0.32	0	0	0.01
113600	0.01	0.32	0.32	0	0	0.01
113700	0.01	0.32	0.32	0	0	0.01
113800	0.01	0.32	0.32	0	0	0.01
113900	0.01	0.32	0.32	0	0	0.01
114000	0.01	0.32	0.32	0	0	0.01
114100	0.02	0.31	0.31	0	0	0.02
114200	0.02	0.31	0.31	0	0	0.02
114300	0.02	0.31	0.31	0	0	0.02
114400	0.02	0.31	0.31	0	0	0.02
114500	0.03	0.31	0.31	0	0	0.03
114600	0.03	0.31	0.31	0	0	0.03
114700	0.02	0.31	0.31	0	0	0.02
114800	0.04	0.31	0.31	0	0	0.04
114900	0.05	0.32	0.32	0	0	0.05
115000	0.03	0.32	0.32	0	0	0.03
115100	0.03	0.32	0.32	0	0	0.03
115200	0.04	0.33	0.33	0	0	0.04
115300	0.01	0.34	0.34	0	0	0.01
115400	0.01	0.34	0.34	0	0	0.01
115500	0.03	0.34	0.34	0	0	0.03
115600	0.03	0.34	0.34	0	0	0.03
115700	0.02	0.34	0.34	0	0	0.02
115800	0.02	0.34	0.34	0	0	0.02
115900	0.03	0.34	0.34	0	0	0.03
116000	0.04	0.35	0.35	0	0	0.04
116100	0.03	0.35	0.35	0	0	0.03
116200	0.03	0.35	0.35	0	0	0.03
116300	0.01	0.35	0.35	0	0	0.01
116400	0.01	0.35	0.35	0	0	0.01
116500	0	0.35	0.35	0	0	0
116600	0.01	0.35	0.35	0	0	0.01
116700	0.01	0.36	0.36	0	0	0.01
116800	0.01	0.36	0.36	0	0	0.01
116900	0.02	0.36	0.36	0	0	0.02
117000	0.03	0.36	0.36	0	0	0.03
117100	0.04	0.36	0.36	0	0	0.04
117200	0.03	0.36	0.36	0	0	0.03
117300	0.03	0.36	0.36	0	0	0.03
117400	0.03	0.36	0.36	0	0	0.03
117500	0.04	0.37	0.37	0	0	0.04
117600	0.03	0.37	0.37	0	0	0.03
117700	0.03	0.37	0.37	0	0	0.03
117800	0.03	0.37	0.37	0	0	0.03
117900	0.01	0.36	0.36	0	0	0.01
118000	0	0.36	0.36	0	0	0
118100	0	0.37	0.37	0	0	0
118200	0.01	0.38	0.38	0	0	0.01
118300	0.01	0.38	0.38	0	0	0.01
118400	0.02	0.38	0.38	0	0	0.02
118500	0.03	0.39	0.39	0	0	0.03
118600	0.04	0.4	0.4	0	0	0.04
118700	0.05	0.41	0.41	0	0	0.05
118800	0.04	0.4	0.4	0	0	0.04
118900	0.03	0.4	0.4	0	0	0.03
119000	0.03	0.41	0.41	0	0	0.03
119100	0.03	0.39	0.39	0	0	0.03
119200	0.03	0.39	0.39	0	0	0.03
119300	0.04	0.39	0.39	0	0	0.04
119400	0.03	0.38	0.38	0	0	0.03
119500	0.04	0.38	0.38	0	0	0.04
119600	0.04	0.39	0.39	0	0	0.04
119700	0.05	0.39	0.39	0	0	0.05
119800	0.05	0.39	0.39	0	0	0.05
119900	0.04	0.39	0.39	0	0	0.04
120000	0.02	0.4	0.4	0	0	0.02
120100	0.03	0.41	0.41	0	0	0.03
120200	0.03	0.41	0.41	0	0	0.03
120300	0.01	0.41	0.41	0	0	0.01
120400	0.02	0.41	0.41	0	0	0.02
120500	0.02	0.41	0.41	0	0	0.02
120600	0.03	0.41	0.41	0	0	0.03
120700	0.03	0.41	0.41	0	0	0.03
120800	0.02	0.41	0.41	0	0	0.02
120900	0.01	0.42	0.42	0	0	0.01
121000	0.01	0.42	0.42	0	0	0.01
121100	0.03	0.42	0.42	0	0	0.03
121200	0.04	0.42	0.42	0	0	0.04
121300	0.04	0.42	0.42	0	0	0.04
121400	0.03	0.43	0.43	0	0	0.03
121500	0.01	0.43	0.43	0	0	0.01
121600	0.02	0.43	0.43	0	0	0.02
121700	0.02	0.43	0.43	0	0	0.02
121800	0.06	0.43	0.43	0	0	0.06
121900	0.06	0.44	0.44	0	0	0.06
122000	0.07	0.44	0.44	0	0	0.07
122100	0.06	0.43	0.43	0	0	0.06
122200	0.04	0.43	0.43	0	0	0.04
122300	0.02	0.43	0.43	0	0	0.02
122400	0.03	0.43	0.43	0	0	0.03
122500	0.03	0.43	0.43	0	0	0.03
122600	0.02	0.43	0.43	0	0	0.02
122700	0.02	0.43	0.43	0	0	0.02
122800	0.02	0.43	0.43	0	0	0.02
122900	0	0.43	0.43	0	0	0
123000	0	0.43	0.43	0	0	0
123100	0.01	0.43	0.43	0	0	0.01
123200	0.02	0.43	0.43	0	0	0.02
123300	0.02	0.43	0.43	0	0	0.02
123400	0.02	0.43	0.43	0	0	0.02
123500	0.03	0.43	0.43	0	0	0.03
123600	0.05	0.43	0.43	0	0	0.05
123700	0.05	0.43	0.43	0	0	0.05
123800	0.04	0.43	0.43	0	0	0.04
123900	0.04	0.43	0.43	0	0	0.04
124000	0.04	0.43	0.43	0	0	0.04
124100	0.04	0.43	0.43	0	0	0.04
124200	0.03	0.43	0.43	0	0	0.03
124300	0.02	0.43	0.43	0	0	0.02
124400	0.02	0.43	0.43	0	0	0.02
124500	0.02	0.43	0.43	0	0	0.02
124600	0.03	0.43	0.43	0	0	0.03
124700	0.04	0.43	0.43	0	0	0.04
124800	0.04	0.43	0.43	0	0	0.04
124900	0.05	0.43	0.43	0	0	0.05
125000	0.03	0.43	0.43	0	0	0.03
125100	0.03	0.43	0.43	0	0	0.03
125200	0.03	0.43	0.43	0	0	0.03
125300	0.03	0.43	0.43	0	0	0.03
125400	0.03	0.43	0.43	0	0	0.03
125500	0.04	0.43	0.43	0	0	0.04
125600	0.05	0.43	0.43	0	0	0.05
125700	0.02	0.43	0.43	0	0	0.02
125800	0.01	0.43	0.43	0	0	0.01
125900	0.01	0.43	0.43	0	0	0.01
126000	0.02	0.43	0.43	0	0	0.02
126100	0.02	0.43	0.43	0	0	0.02
126200	0.01	0.43	0.43	0	0	0.01
126300	0.03	0.43	0.43	0	0	0.03
126400	0.01	0.43	0.43	0	0	0.01
126500	0.02	0.43	0.43	0	0	0.02
126600	0.03	0.43	0.43	0	0	0.03
126700	0.03	0.43	0.43	0	0	0.03
126800	0	0.43	0.43	0	0	0
126900	0	0.44	0.44	0	0	0
127000	0	0.44	0.44	0	0	0
127100	0	0.44	0.44	0	0	0
127200	0.03	0.44	0.44	0	0	0.03
127300	0.02	0.43	0.43	0	0	0.02
127400	0.03	0.44	0.44	0	0	0.03
127500	0.03	0.44	0.44	0	0	0.03
127600	0.02	0.44	0.44	0	0	0.02
127700	0.02	0.44	0.44	0	0	0.02
127800	0.02	0.44	0.44	0	0	0.02
127900	0.04	0.44	0.44	0	0	0.04
128000	0.06	0.44	0.44	0	0	0.06
128100	0.06	0.44	0.44	0	0	0.06
128200	0.07	0.44	0.44	0	0	0.07
128300	0.06	0.44	0.44	0	0	0.06
128400	0.05	0.44	0.44	0	0	0.05
128500	0.03	0.44	0.44	0	0	0.03
128600	0.01	0.44	0.44	0	0	0.01
128700	0.01	0.44	0.44	0	0	0.01
128800	0.02	0.44	0.44	0	0	0.02
128900	0.02	0.44	0.44	0	0	0.02
129000	0.04	0.44	0.44	0	0	0.04
129100	0.03	0.44	0.44	0	0	0.03
129200	0.01	0.44	0.44	0	0	0.01
129300	0.03	0.44	0.44	0	0	0.03
129400	0.04	0.44	0.44	0	0	0.04
129500	0.04	0.44	0.44	0	0	0.04
129600	0.04	0.44	0.44	0	0	0.04
129700	0.03	0.44	0.44	0	0	0.03
129800	0.03	0.44	0.44	0	0	0.03
129900	0.03	0.44	0.44	0	0	0.03
130000	0.01	0.44	0.44	0	0	0.01
130100	0.03	0.44	0.44	0	0	0.03
130200	0.03	0.44	0.44	0	0	0.03
130300	0.03	0.44	0.44	0	0	0.03
130400	0.03	0.44	0.44	0	0	0.03
130500	0.05	0.45	0.45	0	0	0.05
130600	0.05	0.45	0.45	0	0	0.05
130700	0.04	0.45	0.45	0	0	0.04
130800	0.03	0.46	0.46	0	0	0.03
130900	0.02	0.46	0.46	0	0	0.02
131000	0.04	0.46	0.46	0	0	0.04
131100	0.04	0.46	0.46	0	0	0.04
131200	0.06	0.46	0.46	0	0	0.06
131300	0.05	0.46	0.46	0	0	0.05
131400	0.03	0.46	0.46	0	0	0.03
131500	0.03	0.46	0.46	0	0	0.03
131600	0.03	0.46	0.46	0	0	0.03
131700	0.01	0.45	0.45	0	0	0.01
131800	0.01	0.45	0.45	0	0	0.01
131900	0.01	0.45	0.45	0	0	0.01
132000	0.02	0.45	0.45	0	0	0.02
132100	0.02	0.45	0.45	0	0	0.02
132200	0.03	0.45	0.45	0	0	0.03
132300	0.02	0.45	0.45	0	0	0.02
132400	0.04	0.45	0.45	0	0	0.04
132500	0.05	0.45	0.45	0	0	0.05
132600	0.05	0.45	0.45	0	0	0.05
132700	0.04	0.45	0.45	0	0	0.04
132800	0.02	0.45	0.45	0	0	0.02
132900	0	0.45	0.45	0	0	0
133000	0.01	0.45	0.45	0	0	0.01
133100	0.02	0.45	0.45	0	0	0.02
133200	0.03	0.45	0.45	0	0	0.03
133300	0.03	0.45	0.45	0	0	0.03
133400	0.03	0.45	0.45	0	0	0.03
133500	0.03	0.45	0.45	0	0	0.03
133600	0.02	0.45	0.45	0	0	0.02
133700	0.02	0.45	0.45	0	0	0.02
133800	0.04	0.45	0.45	0	0	0.04
133900	0.03	0.45	0.45	0	0	0.03
134000	0.03	0.45	0.45	0	0	0.03
134100	0.03	0.45	0.45	0	0	0.03
134200	0.05	0.45	0.45	0	0	0.05
134300	0.06	0.45	0.45	0	0	0.06
134400	0.06	0.45	0.45	0	0	0.06
134500	0.07	0.45	0.45	0	0	0.07
134600	0.07	0.45	0.45	0	0	0.07
134700	0.07	0.45	0.45	0	0	0.07
134800	0.07	0.45	0.45	0	0	0.07
134900	0.05	0.45	0.45	0	0	0.05
135000	0.01	0.45	0.45	0	0	0.01
135100	0	0.45	0.45	0	0	0
135200	0.02	0.45	0.45	0	0	0.02
135300	0.03	0.45	0.45	0	0	0.03
135400	0.03	0.45	0.45	0	0	0.03
135500	0.04	0.45	0.45	0	0	0.04
135600	0.04	0.45	0.45	0	0	0.04
135700	0.05	0.45	0.45	0	0	0.05
135800	0.04	0.45	0.45	0	0	0.04
135900	0.03	0.45	0.45	0	0	0.03
136000	0.03	0.45	0.45	0	0	0.03
136100	0.05	0.45	0.45	0	0	0.05
136200	0.04	0.45	0.45	0	0	0.04
136300	0.03	0.46	0.46	0	0	0.03
136400	0.05	0.46	0.46	0	0	0.05
136500	0.06	0.46	0.46	0	0	0.06
136600	0.05	0.46	0.46	0	0	0.05
136700	0.04	0.46	0.46	0	0	0.04
136800	0.03	0.46	0.46	0	0	0.03
136900	0.02	0.46	0.46	0	0	0.02
137000	0.01	0.46	0.46	0	0	0.01
137100	0.01	0.46	0.46	0	0	0.01
137200	0.02	0.46	0.46	0	0	0.02
137300	0.01	0.46	0.46	0	0	0.01
137400	0.01	0.46	0.46	0	0	0.01
137500	0.01	0.46	0.46	0	0	0.01
137600	0.02	0.46	0.46	0	0	0.02
137700	0.03	0.46	0.46	0	0	0.03
137800	0.02	0.46	0.46	0	0	0.02
137900	0.04	0.46	0.46	0	0	0.04
138000	0.05	0.46	0.46	0	0	0.05
138100	0.06	0.46	0.46	0	0	0.06
138200	0.05	0.46	0.46	0	0	0.05
138300	0.05	0.47	0.47	0	0	0.05
138400	0.04	0.47	0.47	0	0	0.04
138500	0.04	0.46	0.46	0	0	0.04
138600	0.05	0.46	0.46	0	0	0.05
138700	0.04	0.46	0.46	0	0	0.04
138800	0.04	0.46	0.46	0	0	0.04
138900	0.02	0.46	0.46	0	0	0.02
139000	0.02	0.46	0.46	0	0	0.02
139100	0	0.46	0.46	0	0	0
139200	0.02	0.46	0.46	0	0	0.02
139300	0.03	0.46	0.46	0	0	0.03
139400	0.02	0.46	0.46	0	0	0.02
139500	0.04	0.46	0.46	0	0	0.04
139600	0.04	0.46	0.46	0	0	0.04
139700	0.03	0.46	0.46	0	0	0.03
139800	0.02	0.46	0.46	0	0	0.02
139900	0.03	0.46	0.46	0	0	0.03
140000	0.03	0.46	0.46	0	0	0.03
140100	0.01	0.46	0.46	0	0	0.01
140200	0	0.46	0.46	0	0	0
140300	0.02	0.46	0.46	0	0	0.02
140400	0.02	0.47	0.47	0	0	0.02
140500	0.02	0.47	0.47	0	0	0.02
140600	0.02	0.47	0.47	0	0	0.02
140700	0.05	0.47	0.47	0	0	0.05
140800	0.06	0.47	0.47	0	0	0.06
140900	0.03	0.47	0.47	0	0	0.03
141000	0.04	0.47	0.47	0	0	0.04
141100	0.06	0.48	0.48	0	0	0.06
141200	0.04	0.48	0.48	0	0	0.04
141300	0.05	0.48	0.48	0	0	0.05
141400	0.05	0.49	0.49	0	0	0.05
141500	0.05	0.48	0.48	0	0	0.05
141600	0.05	0.48	0.48	0	0	0.05
141700	0.06	0.49	0.49	0	0	0.06
141800	0.03	0.49	0.49	0	0	0.03
141900	0.06	0.49	0.49	0	0	0.06
142000	0.04	0.49	0.49	0	0	0.04
142100	0.02	0.49	0.49	0	0	0.02
142200	0.03	0.49	0.49	0	0	0.03
142300	0.04	0.49	0.49	0	0	0.04
142400	0.03	0.49	0.49	0	0	0.03
142500	0.02	0.49	0.49	0	0	0.02
142600	0.02	0.49	0.49	0	0	0.02
142700	0.02	0.49	0.49	0	0	0.02
142800	0.05	0.49	0.49	0	0	0.05
142900	0.04	0.49	0.49	0	0	0.04
143000	0.02	0.49	0.49	0	0	0.02
143100	0.01	0.49	0.49	0	0	0.01
143200	0.01	0.49	0.49	0	0	0.01
143300	0.02	0.49	0.49	0	0	0.02
143400	0.03	0.49	0.49	0	0	0.03
143500	0.05	0.49	0.49	0	0	0.05
143600	0.06	0.49	0.49	0	0	0.06
143700	0.05	0.49	0.49	0	0	0.05
143800	0.07	0.49	0.49	0	0	0.07
143900	0.07	0.49	0.49	0	0	0.07
144000	0.05	0.49	0.49	0	0	0.05
144100	0.05	0.49	0.49	0	0	0.05
144200	0.02	0.49	0.49	0	0	0.02
144300	0.02	0.49	0.49	0	0	0.02
144400	0.02	0.49	0.49	0	0	0.02
144500	0.01	0.49	0.49	0	0	0.01
144600	0.02	0.49	0.49	0	0	0.02
144700	0.01	0.49	0.49	0	0	0.01
144800	0.03	0.49	0.49	0	0	0.03
144900	0.03	0.49	0.49	0	0	0.03
145000	0.04	0.49	0.49	0	0	0.04
145100	0.05	0.49	0.49	0	0	0.05
145200	0.04	0.49	0.49	0	0	0.04
145300	0.03	0.49	0.49	0	0	0.03
145400	0.04	0.5	0.5	0	0	0.04
145500	0.04	0.5	0.5	0	0	0.04
145600	0.03	0.5	0.5	0	0	0.03
145700	0.02	0.5	0.5	0	0	0.02
145800	0.01	0.5	0.5	0	0	0.01
145900	0.02	0.5	0.5	0	0	0.02
146000	0.03	0.5	0.5	0	0	0.03
146100	0.02	0.5	0.5	0	0	0.02
146200	0.02	0.5	0.5	0	0	0.02
146300	0.01	0.5	0.5	0	0	0.01
146400	0.01	0.5	0.5	0	0	0.01
146500	0.02	0.5	0.5	0	0	0.02
146600	0.02	0.5	0.5	0	0	0.02
146700	0.03	0.5	0.5	0	0	0.03
146800	0.04	0.5	0.5	0	0	0.04
146900	0.05	0.5	0.5	0	0	0.05
147000	0.03	0.5	0.5	0	0	0.03
147100	0.03	0.5	0.5	0	0	0.03
147200	0.03	0.5	0.5	0	0	0.03
147300	0.02	0.5	0.5	0	0	0.02
147400	0.01	0.5	0.5	0	0	0.01
147500	0.02	0.5	0.5	0	0	0.02
147600	0.02	0.5	0.5	0	0	0.02
147700	0.02	0.5	0.5	0	0	0.02
147800	0.02	0.5	0.5	0	0	0.02
147900	0.03	0.5	0.5	0	0	0.03
148000	0.02	0.5	0.5	0	0	0.02
148100	0.01	0.5	0.5	0	0	0.01
148200	0.02	0.5	0.5	0	0	0.02
148300	0.02	0.5	0.5	0	0	0.02
148400	0.02	0.5	0.5	0	0	0.02
148500	0.02	0.5	0.5	0	0	0.02
148600	0.02	0.5	0.5	0	0	0.02
148700	0	0.5	0.5	0	0	0
148800	0.02	0.5	0.5	0	0	0.02
148900	0.03	0.51	0.51	0	0	0.03
149000	0.04	0.51	0.51	0	0	0.04
149100	0.04	0.5	0.5	0	0	0.04
149200	0.03	0.5	0.5	0	0	0.03
149300	0.03	0.5	0.5	0	0	0.03
149400	0.04	0.5	0.5	0	0	0.04
149500	0.06	0.5	0.5	0	0	0.06
149600	0.07	0.5	0.5	0	0	0.07
149700	0.07	0.5	0.5	0	0	0.07
149800	0.07	0.5	0.5	0	0	0.07
149900	0.05	0.5	0.5	0	0	0.05
150000	0.04	0.5	0.5	0	0	0.04
150100	0	0.5	0.5	0	0	0
150200	0.03	0.5	0.5	0	0	0.03
150300	0.05	0.5	0.5	0	0	0.05
150400	0.04	0.5	0.5	0	0	0.04
150500	0.03	0.5	0.5	0	0	0.03
150600	0.05	0.5	0.5	0	0	0.05
150700	0.04	0.5	0.5	0	0	0.04
150800	0.05	0.5	0.5	0	0	0.05
150900	0.03	0.5	0.5	0	0	0.03
151000	0.03	0.5	0.5	0	0	0.03
151100	0.04	0.5	0.5	0	0	0.04
151200	0.04	0.5	0.5	0	0	0.04
151300	0.03	0.5	0.5	0	0	0.03
151400	0.04	0.51	0.51	0	0	0.04
151500	0.03	0.51	0.51	0	0	0.03
151600	0.04	0.5	0.5	0	0	0.04
151700	0.03	0.5	0.5	0	0	0.03
151800	0.01	0.5	0.5	0	0	0.01
151900	0.01	0.5	0.5	0	0	0.01
152000	0.01	0.5	0.5	0	0	0.01
152100	0.02	0.5	0.5	0	0	0.02
152200	0.03	0.5	0.5	0	0	0.03
152300	0.04	0.5	0.5	0	0	0.04
152400	0.05	0.5	0.5	0	0	0.05
152500	0.07	0.5	0.5	0	0	0.07
152600	0.05	0.5	0.5	0	0	0.05
152700	0.04	0.5	0.5	0	0	0.04
152800	0.04	0.5	0.5	0	0	0.04
152900	0.04	0.5	0.5	0	0	0.04
153000	0.04	0.5	0.5	0	0	0.04
153100	0.02	0.5	0.5	0	0	0.02
153200	0.01	0.5	0.5	0	0	0.01
153300	0.03	0.5	0.5	0	0	0.03
153400	0.02	0.5	0.5	0	0	0.02
153500	0.02	0.5	0.5	0	0	0.02
153600	0.04	0.5	0.5	0	0	0.04
153700	0.03	0.5	0.5	0	0	0.03
153800	0.03	0.5	0.5	0	0	0.03
153900	0.03	0.5	0.5	0	0	0.03
154000	0.04	0.5	0.5	0	0	0.04
154100	0.04	0.5	0.5	0	0	0.04
154200	0.03	0.5	0.5	0	0	0.03
154300	0.03	0.5	0.5	0	0	0.03
154400	0.02	0.5	0.5	0	0	0.02
154500	0.01	0.5	0.5	0	0	0.01
154600	0.01	0.5	0.5	0	0	0.01
154700	0.01	0.5	0.5	0	0	0.01
154800	0.01	0.5	0.5	0	0	0.01
154900	0.03	0.5	0.5	0	0	0.03
155000	0.02	0.5	0.5	0	0	0.02
155100	0.01	0.5	0.5	0	0	0.01
155200	0.01	0.5	0.5	0	0	0.01
155300	0.01	0.5	0.5	0	0	0.01
155400	0.01	0.5	0.5	0	0	0.01
155500	0	0.5	0.5	0	0	0
155600	0.01	0.5	0.5	0	0	0.01
155700	0.02	0.5	0.5	0	0	0.02
155800	0.04	0.5	0.5	0	0	0.04
155900	0.06	0.5	0.5	0	0	0.06
156000	0.06	0.5	0.5	0	0	0.06
156100	0.06	0.5	0.5	0	0	0.06
156200	0.06	0.5	0.5	0	0	0.06
156300	0.04	0.5	0.5	0	0	0.04
156400	0.06	0.5	0.5	0	0	0.06
156500	0.04	0.5	0.5	0	0	0.04
156600	0.02	0.5	0.5	0	0	0.02
156700	0.03	0.5	0.5	0	0	0.03
156800	0.04	0.5	0.5	0	0	0.04
156900	0.05	0.5	0.5	0	0	0.05
157000	0.05	0.5	0.5	0	0	0.05
157100	0.04	0.5	0.5	0	0	0.04
157200	0.04	0.5	0.5	0	0	0.04
157300	0.06	0.5	0.5	0	0	0.06
157400	0.04	0.5	0.5	0	0	0.04
157500	0.05	0.5	0.5	0	0	0.05
157600	0.05	0.5	0.5	0	0	0.05
157700	0.05	0.5	0.5	0	0	0.05
157800	0.05	0.5	0.5	0	0	0.05
157900	0.05	0.5	0.5	0	0	0.05
158000	0.06	0.5	0.5	0	0	0.06
158100	0.09	0.5	0.5	0	0	0.09
158200	0.09	0.5	0.5	0	0	0.09
158300	0.08	0.5	0.5	0	0	0.08
158400	0.07	0.5	0.5	0	0	0.07
158500	0.05	0.5	0.5	0	0	0.05
158600	0.06	0.5	0.5	0	0	0.06
158700	0.06	0.5	0.5	0	0	0.06
158800	0.05	0.5	0.5	0	0	0.05
158900	0.06	0.5	0.5	0	0	0.06
159000	0.06	0.5	0.5	0	0	0.06
159100	0.06	0.5	0.5	0	0	0.06
159200	0.06	0.5	0.5	0	0	0.06
159300	0.05	0.5	0.5	0	0	0.05
159400	0.05	0.5	0.5	0	0	0.05
159500	0.06	0.5	0.5	0	0	0.06
159600	0.05	0.5	0.5	0	0	0.05
159700	0.02	0.5	0.5	0	0	0.02
159800	0.02	0.5	0.5	0	0	0.02
159900	0.02	0.49	0.49	0	0	0.02
160000	0.01	0.49	0.49	0	0	0.01
160100	0.01	0.49	0.49	0	0	0.01
160200	0	0.49	0.49	0	0	0
160300	0	0.49	0.49	0	0	0
160400	0.01	0.49	0.49	0	0	0.01
160500	0.01	0.49	0.49	0	0	0.01
160600	0.02	0.49	0.49	0	0	0.02
160700	0.02	0.49	0.49	0	0	0.02
160800	0.02	0.49	0.49	0	0	0.02
160900	0	0.49	0.49	0	0	0
161000	0.01	0.49	0.49	0	0	0.01
161100	0.01	0.49	0.49	0	0	0.01
161200	0.01	0.49	0.49	0	0	0.01
161300	0.01	0.49	0.49	0	0	0.01
161400	0.02	0.49	0.49	0	0	0.02
161500	0.01	0.49	0.49	0	0	0.01
161600	0.02	0.49	0.49	0	0	0.02
161700	0.02	0.49	0.49	0	0	0.02
161800	0.01	0.49	0.49	0	0	0.01
161900	0.01	0.49	0.49	0	0	0.01
162000	0.02	0.49	0.49	0	0	0.02
162100	0.03	0.49	0.49	0	0	0.03
162200	0.03	0.49	0.49	0	0	0.03
162300	0.02	0.49	0.49	0	0	0.02
162400	0.02	0.49	0.49	0	0	0.02
162500	0.04	0.49	0.49	0	0	0.04
162600	0.04	0.49	0.49	0	0	0.04
162700	0.04	0.49	0.49	0	0	0.04
162800	0.04	0.49	0.49	0	0	0.04
162900	0.05	0.49	0.49	0	0	0.05
163000	0.05	0.49	0.49	0	0	0.05
163100	0.03	0.49	0.49	0	0	0.03
163200	0.03	0.49	0.49	0	0	0.03
163300	0.03	0.49	0.49	0	0	0.03
163400	0.05	0.49	0.49	0	0	0.05
163500	0.05	0.49	0.49	0	0	0.05
163600	0.03	0.49	0.49	0	0	0.03
163700	0.01	0.49	0.49	0	0	0.01
163800	0.02	0.49	0.49	0	0	0.02
163900	0.03	0.49	0.49	0	0	0.03
164000	0.02	0.49	0.49	0	0	0.02
164100	0.05	0.49	0.49	0	0	0.05
164200	0.04	0.49	0.49	0	0	0.04
164300	0.05	0.49	0.49	0	0	0.05
164400	0.03	0.49	0.49	0	0	0.03
164500	0	0.49	0.49	0	0	0
164600	0.02	0.49	0.49	0	0	0.02
164700	0.02	0.49	0.49	0	0	0.02
164800	0.02	0.49	0.49	0	0	0.02
164900	0.01	0.49	0.49	0	0	0.01
165000	0.01	0.49	0.49	0	0	0.01
165100	0	0.49	0.49	0	0	0
165200	0.01	0.49	0.49	0	0	0.01
165300	0.01	0.49	0.49	0	0	0.01
165400	0.02	0.49	0.49	0	0	0.02
165500	0.04	0.49	0.49	0	0	0.04
165600	0.05	0.49	0.49	0	0	0.05
165700	0.06	0.49	0.49	0	0	0.06
165800	0.04	0.49	0.49	0	0	0.04
165900	0.04	0.49	0.49	0	0	0.04
166000	0.05	0.49	0.49	0	0	0.05
166100	0.02	0.49	0.49	0	0	0.02
166200	0.01	0.49	0.49	0	0	0.01
166300	0.01	0.49	0.49	0	0	0.01
166400	0.02	0.5	0.5	0	0	0.02
166500	0.02	0.5	0.5	0	0	0.02
166600	0.02	0.49	0.49	0	0	0.02
166700	0.01	0.49	0.49	0	0	0.01
166800	0.01	0.49	0.49	0	0	0.01
166900	0.02	0.49	0.49	0	0	0.02
167000	0.01	0.49	0.49	0	0	0.01
167100	0.03	0.49	0.49	0	0	0.03
167200	0.03	0.49	0.49	0	0	0.03
167300	0.02	0.49	0.49	0	0	0.02
167400	0.02	0.49	0.49	0	0	0.02
167500	0.02	0.49	0.49	0	0	0.02
167600	0.01	0.49	0.49	0	0	0.01
167700	0.02	0.49	0.49	0	0	0.02
167800	0.04	0.49	0.49	0	0	0.04
167900	0.04	0.49	0.49	0	0	0.04
168000	0.05	0.49	0.49	0	0	0.05
168100	0.04	0.49	0.49	0	0	0.04
168200	0.04	0.49	0.49	0	0	0.04
168300	0.01	0.49	0.49	0	0	0.01
168400	0.01	0.49	0.49	0	0	0.01
168500	0	0.49	0.49	0	0	0
168600	0.02	0.49	0.49	0	0	0.02
168700	0.03	0.49	0.49	0	0	0.03
168800	0.04	0.49	0.49	0	0	0.04
168900	0.03	0.49	0.49	0	0	0.03
169000	0.03	0.49	0.49	0	0	0.03
169100	0.03	0.49	0.49	0	0	0.03
169200	0.02	0.49	0.49	0	0	0.02
169300	0.02	0.49	0.49	0	0	0.02
169400	0.03	0.49	0.49	0	0	0.03
169500	0.05	0.49	0.49	0	0	0.05
169600	0.05	0.49	0.49	0	0	0.05
169700	0.05	0.49	0.49	0	0	0.05
169800	0.06	0.49	0.49	0	0	0.06
169900	0.05	0.49	0.49	0	0	0.05
170000	0.04	0.49	0.49	0	0	0.04
170100	0.01	0.49	0.49	0	0	0.01
170200	0.02	0.49	0.49	0	0	0.02
170300	0.02	0.49	0.49	0	0	0.02
170400	0.03	0.49	0.49	0	0	0.03
170500	0.03	0.49	0.49	0	0	0.03
170600	0.03	0.49	0.49	0	0	0.03
170700	0.03	0.49	0.49	0	0	0.03
170800	0.02	0.49	0.49	0	0	0.02
170900	0.01	0.49	0.49	0	0	0.01
171000	0	0.49	0.49	0	0	0
171100	0	0.49	0.49	0	0	0
171200	0	0.49	0.49	0	0	0
171300	0	0.49	0.49	0	0	0
171400	0	0.49	0.49	0	0	0
171500	0.01	0.49	0.49	0	0	0.01
171600	0.02	0.49	0.49	0	0	0.02
171700	0.02	0.49	0.49	0	0	0.02
171800	0.03	0.49	0.49	0	0	0.03
171900	0.03	0.49	0.49	0	0	0.03
172000	0.03	0.49	0.49	0	0	0.03
172100	0.03	0.49	0.49	0	0	0.03
172200	0.01	0.49	0.49	0	0	0.01
172300	0.02	0.49	0.49	0	0	0.02
172400	0.03	0.49	0.49	0	0	0.03
172500	0.03	0.49	0.49	0	0	0.03
172600	0.02	0.49	0.49	0	0	0.02
172700	0.03	0.49	0.49	0	0	0.03
172800	0.04	0.49	0.49	0	0	0.04
172900	0.03	0.49	0.49	0	0	0.03
173000	0.03	0.49	0.49	0	0	0.03
173100	0.04	0.49	0.49	0	0	0.04
173200	0.04	0.49	0.49	0	0	0.04
173300	0.06	0.49	0.49	0	0	0.06
173400	0.06	0.49	0.49	0	0	0.06
173500	0.06	0.49	0.49	0	0	0.06
173600	0.06	0.49	0.49	0	0	0.06
173700	0.07	0.49	0.49	0	0	0.07
173800	0.04	0.49	0.49	0	0	0.04
173900	0.04	0.49	0.49	0	0	0.04
174000	0.04	0.49	0.49	0	0	0.04
174100	0.01	0.49	0.49	0	0	0.01
174200	0	0.49	0.49	0	0	0
174300	0	0.49	0.49	0	0	0
174400	0	0.48	0.48	0	0	0
174500	0.02	0.48	0.48	0	0	0.02
174600	0.02	0.48	0.48	0	0	0.02
174700	0.01	0.48	0.48	0	0	0.01
174800	0.01	0.49	0.49	0	0	0.01
174900	0.01	0.49	0.49	0	0	0.01
175000	0.03	0.49	0.49	0	0	0.03
175100	0	0.49	0.49	0	0	0
175200	0	0.49	0.49	0	0	0
175300	0.01	0.49	0.49	0	0	0.01
175400	0.02	0.48	0.48	0	0	0.02
175500	0.01	0.48	0.48	0	0	0.01
175600	0.02	0.48	0.48	0	0	0.02
175700	0.02	0.48	0.48	0	0	0.02
175800	0.02	0.48	0.48	0	0	0.02
175900	0.04	0.48	0.48	0	0	0.04
176000	0.03	0.48	0.48	0	0	0.03
176100	0.02	0.48	0.48	0	0	0.02
176200	0.02	0.48	0.48	0	0	0.02
176300	0.02	0.48	0.48	0	0	0.02
176400	0	0.48	0.48	0	0	0
176500	0.02	0.48	0.48	0	0	0.02
176600	0	0.48	0.48	0	0	0
176700	0.01	0.48	0.48	0	0	0.01
176800	0.03	0.48	0.48	0	0	0.03
176900	0.03	0.48	0.48	0	0	0.03
177000	0.02	0.48	0.48	0	0	0.02
177100	0.02	0.48	0.48	0	0	0.02
177200	0.02	0.48	0.48	0	0	0.02
177300	0.02	0.48	0.48	0	0	0.02
177400	0.03	0.48	0.48	0	0	0.03
177500	0.03	0.49	0.49	0	0	0.03
177600	0.03	0.49	0.49	0	0	0.03
177700	0.03	0.48	0.48	0	0	0.03
177800	0.03	0.48	0.48	0	0	0.03
177900	0.01	0.48	0.48	0	0	0.01
178000	0.01	0.48	0.48	0	0	0.01
178100	0	0.48	0.48	0	0	0
178200	0	0.48	0.48	0	0	0
178300	0	0.48	0.48	0	0	0
178400	0.02	0.48	0.48	0	0	0.02
178500	0.01	0.48	0.48	0	0	0.01
178600	0.02	0.48	0.48	0	0	0.02
178700	0.02	0.48	0.48	0	0	0.02
178800	0.02	0.48	0.48	0	0	0.02
178900	0.02	0.48	0.48	0	0	0.02
179000	0.01	0.48	0.48	0	0	0.01
179100	0.01	0.48	0.48	0	0	0.01
179200	0.04	0.48	0.48	0	0	0.04
179300	0.05	0.48	0.48	0	0	0.05
179400	0.06	0.48	0.48	0	0	0.06
179500	0.05	0.48	0.48	0	0	0.05
179600	0.05	0.48	0.48	0	0	0.05
179700	0.05	0.48	0.48	0	0	0.05
179800	0.03	0.48	0.48	0	0	0.03
179900	0.03	0.48	0.48	0	0	0.03
180000	0.04	0.48	0.48	0	0	0.04
180100	0.05	0.48	0.48	0	0	0.05
180200	0.04	0.48	0.48	0	0	0.04
180300	0.05	0.48	0.48	0	0	0.05
180400	0.04	0.48	0.48	0	0	0.04
180500	0.02	0.48	0.48	0	0	0.02
180600	0.02	0.48	0.48	0	0	0.02
180700	0.03	0.48	0.48	0	0	0.03
180800	0.04	0.48	0.48	0	0	0.04
180900	0.03	0.48	0.48	0	0	0.03
181000	0.02	0.49	0.49	0	0	0.02
181100	0.03	0.49	0.49	0	0	0.03
181200	0.04	0.48	0.48	0	0	0.04
181300	0.04	0.48	0.48	0	0	0.04
181400	0.02	0.48	0.48	0	0	0.02
181500	0.02	0.48	0.48	0	0	0.02
181600	0.01	0.48	0.48	0	0	0.01
181700	0	0.48	0.48	0	0	0
181800	0.02	0.48	0.48	0	0	0.02
181900	0.02	0.48	0.48	0	0	0.02
182000	0.01	0.48	0.48	0	0	0.01
182100	0.03	0.48	0.48	0	0	0.03
182200	0.04	0.48	0.48	0	0	0.04
182300	0.05	0.48	0.48	0	0	0.05
182400	0.04	0.48	0.48	0	0	0.04
182500	0.03	0.48	0.48	0	0	0.03
182600	0.03	0.48	0.48	0	0	0.03
182700	0.04	0.48	0.48	0	0	0.04
182800	0.05	0.48	0.48	0	0	0.05
182900	0.05	0.48	0.48	0	0	0.05
183000	0.05	0.48	0.48	0	0	0.05
183100	0.03	0.48	0.48	0	0	0.03
183200	0.04	0.48	0.48	0	0	0.04
183300	0.05	0.48	0.48	0	0	0.05
183400	0.03	0.48	0.48	0	0	0.03
183500	0.02	0.48	0.48	0	0	0.02
183600	0.02	0.48	0.48	0	0	0.02
183700	0.03	0.48	0.48	0	0	0.03
183800	0.02	0.48	0.48	0	0	0.02
183900	0.02	0.48	0.48	0	0	0.02
184000	0.02	0.48	0.48	0	0	0.02
184100	0.02	0.48	0.48	0	0	0.02
184200	0.02	0.48	0.48	0	0	0.02
184300	0.03	0.48	0.48	0	0	0.03
184400	0.03	0.48	0.48	0	0	0.03
184500	0.04	0.48	0.48	0	0	0.04
184600	0.04	0.48	0.48	0	0	0.04
184700	0.05	0.48	0.48	0	0	0.05
184800	0.03	0.48	0.48	0	0	0.03
184900	0.03	0.48	0.48	0	0	0.03
185000	0.04	0.48	0.48	0	0	0.04
185100	0.03	0.49	0.49	0	0	0.03
185200	0.04	0.49	0.49	0	0	0.04
185300	0.01	0.49	0.49	0	0	0.01
185400	0.01	0.49	0.49	0	0	0.01
185500	0.01	0.49	0.49	0	0	0.01
185600	0.02	0.49	0.49	0	0	0.02
185700	0.02	0.49	0.49	0	0	0.02
185800	0.01	0.49	0.49	0	0	0.01
185900	0.02	0.49	0.49	0	0	0.02
186000	0.02	0.49	0.49	0	0	0.02
186100	0.02	0.49	0.49	0	0	0.02
186200	0.02	0.49	0.49	0	0	0.02
186300	0.02	0.49	0.49	0	0	0.02
186400	0.02	0.49	0.49	0	0	0.02
186500	0.02	0.49	0.49	0	0	0.02
186600	0.01	0.49	0.49	0	0	0.01
186700	0.01	0.49	0.49	0	0	0.01
186800	0.01	0.49	0.49	0	0	0.01
186900	0.01	0.49	0.49	0	0	0.01
187000	0.02	0.48	0.48	0	0	0.02
187100	0.03	0.48	0.48	0	0	0.03
187200	0.03	0.48	0.48	0	0	0.03
187300	0.03	0.48	0.48	0	0	0.03
187400	0.02	0.49	0.49	0	0	0.02
187500	0.03	0.48	0.48	0	0	0.03
187600	0.02	0.47	0.47	0	0	0.02
187700	0.02	0.47	0.47	0	0	0.02
187800	0.04	0.47	0.47	0	0	0.04
187900	0.04	0.47	0.47	0	0	0.04
188000	0.04	0.47	0.47	0	0	0.04
188100	0.05	0.47	0.47	0	0	0.05
188200	0.03	0.47	0.47	0	0	0.03
188300	0.03	0.47	0.47	0	0	0.03
188400	0.03	0.48	0.48	0	0	0.03
188500	0.03	0.48	0.48	0	0	0.03
188600	0.04	0.48	0.48	0	0	0.04
188700	0.04	0.48	0.48	0	0	0.04
188800	0.02	0.48	0.48	0	0	0.02
188900	0.01	0.48	0.48	0	0	0.01
189000	0.01	0.48	0.48	0	0	0.01
189100	0	0.48	0.48	0	0	0
189200	0.02	0.48	0.48	0	0	0.02
189300	0.03	0.48	0.48	0	0	0.03
189400	0.03	0.48	0.48	0	0	0.03
189500	0.05	0.48	0.48	0	0	0.05
189600	0.02	0.49	0.49	0	0	0.02
189700	0.03	0.49	0.49	0	0	0.03
189800	0.02	0.49	0.49	0	0	0.02
189900	0.03	0.49	0.49	0	0	0.03
190000	0.01	0.49	0.49	0	0	0.01
190100	0.01	0.49	0.49	0	0	0.01
190200	0.01	0.49	0.49	0	0	0.01
190300	0.03	0.49	0.49	0	0	0.03
190400	0.03	0.49	0.49	0	0	0.03
190500	0.02	0.49	0.49	0	0	0.02
190600	0.03	0.49	0.49	0	0	0.03
190700	0.05	0.49	0.49	0	0	0.05
190800	0.05	0.49	0.49	0	0	0.05
190900	0.05	0.49	0.49	0	0	0.05
191000	0.05	0.49	0.49	0	0	0.05
191100	0.06	0.49	0.49	0	0	0.06
191200	0.05	0.49	0.49	0	0	0.05
191300	0.04	0.49	0.49	0	0	0.04
191400	0.03	0.49	0.49	0	0	0.03
191500	0.01	0.49	0.49	0	0	0.01
191600	0.01	0.49	0.49	0	0	0.01
191700	0.01	0.49	0.49	0	0	0.01
191800	0.02	0.49	0.49	0	0	0.02
191900	0.01	0.49	0.49	0	0	0.01
192000	0.01	0.49	0.49	0	0	0.01
192100	0.01	0.49	0.49	0	0	0.01
192200	0.02	0.48	0.48	0	0	0.02
192300	0.02	0.48	0.48	0	0	0.02
192400	0.03	0.48	0.48	0	0	0.03
192500	0.03	0.48	0.48	0	0	0.03
192600	0.02	0.48	0.48	0	0	0.02
192700	0.02	0.48	0.48	0	0	0.02
192800	0.01	0.48	0.48	0	0	0.01
192900	0.02	0.48	0.48	0	0	0.02
193000	0.01	0.49	0.49	0	0	0.01
193100	0.01	0.49	0.49	0	0	0.01
193200	0.01	0.49	0.49	0	0	0.01
193300	0.01	0.48	0.48	0	0	0.01
193400	0	0.48	0.48	0	0	0
193500	0.01	0.48	0.48	0	0	0.01
193600	0.01	0.48	0.48	0	0	0.01
193700	0.02	0.48	0.48	0	0	0.02
193800	0.02	0.48	0.48	0	0	0.02
193900	0.02	0.48	0.48	0	0	0.02
194000	0.01	0.48	0.48	0	0	0.01
194100	0.01	0.48	0.48	0	0	0.01
194200	0.02	0.48	0.48	0	0	0.02
194300	0	0.48	0.48	0	0	0
194400	0.01	0.48	0.48	0	0	0.01
194500	0.01	0.49	0.49	0	0	0.01
194600	0.01	0.49	0.49	0	0	0.01
194700	0.02	0.48	0.48	0	0	0.02
194800	0.02	0.48	0.48	0	0	0.02
194900	0.01	0.48	0.48	0	0	0.01
195000	0.01	0.48	0.48	0	0	0.01
195100	0.02	0.48	0.48	0	0	0.02
195200	0.04	0.48	0.48	0	0	0.04
195300	0.03	0.48	0.48	0	0	0.03
195400	0.03	0.48	0.48	0	0	0.03
195500	0.03	0.48	0.48	0	0	0.03
195600	0.03	0.48	0.48	0	0	0.03
195700	0.05	0.5	0.5	0	0	0.05
195800	0.05	0.5	0.5	0	0	0.05
195900	0.04	0.49	0.49	0	0	0.04
196000	0.03	0.49	0.49	0	0	0.03
196100	0.04	0.5	0.5	0	0	0.04
196200	0.04	0.5	0.5	0	0	0.04
196300	0.04	0.5	0.5	0	0	0.04
196400	0.02	0.5	0.5	0	0	0.02
196500	0.01	0.5	0.5	0	0	0.01
196600	0.01	0.5	0.5	0	0	0.01
196700	0	0.5	0.5	0	0	0
196800	0	0.49	0.49	0	0	0
196900	0	0.49	0.49	0	0	0
197000	0.02	0.5	0.5	0	0	0.02
197100	0.04	0.5	0.5	0	0	0.04
197200	0.05	0.5	0.5	0	0	0.05
197300	0.05	0.5	0.5	0	0	0.05
197400	0.05	0.5	0.5	0	0	0.05
197500	0.04	0.5	0.5	0	0	0.04
197600	0.03	0.5	0.5	0	0	0.03
197700	0.04	0.5	0.5	0	0	0.04
197800	0.02	0.5	0.5	0	0	0.02
197900	0.06	0.5	0.5	0	0	0.06
198000	0.05	0.5	0.5	0	0	0.05
198100	0.05	0.5	0.5	0	0	0.05
198200	0.03	0.5	0.5	0	0	0.03
198300	0.03	0.5	0.5	0	0	0.03
198400	0.04	0.5	0.5	0	0	0.04
198500	0.04	0.5	0.5	0	0	0.04
198600	0.02	0.5	0.5	0	0	0.02
198700	0.01	0.5	0.5	0	0	0.01
198800	0	0.5	0.5	0	0	0
198900	0.03	0.5	0.5	0	0	0.03
199000	0.04	0.5	0.5	0	0	0.04
199100	0.05	0.5	0.5	0	0	0.05
199200	0.05	0.5	0.5	0	0	0.05
199300	0.03	0.5	0.5	0	0	0.03
199400	0.01	0.5	0.5	0	0	0.01
199500	0.01	0.5	0.5	0	0	0.01
199600	0.01	0.5	0.5	0	0	0.01
199700	0.02	0.5	0.5	0	0	0.02
199800	0.03	0.5	0.5	0	0	0.03
199900	0.02	0.5	0.5	0	0	0.02
200000	0.03	0.5	0.5	0	0	0.03
200100	0.04	0.5	0.5	0	0	0.04
200200	0.06	0.5	0.5	0	0	0.06
200300	0.05	0.5	0.5	0	0	0.05
200400	0.06	0.5	0.5	0	0	0.06
200500	0.04	0.5	0.5	0	0	0.04
200600	0.02	0.5	0.5	0	0	0.02
200700	0.02	0.5	0.5	0	0	0.02
200800	0.01	0.5	0.5	0	0	0.01
200900	0	0.5	0.5	0	0	0
201000	0.01	0.5	0.5	0	0	0.01
201100	0.01	0.5	0.5	0	0	0.01
201200	0.01	0.5	0.5	0	0	0.01
201300	0.01	0.5	0.5	0	0	0.01
201400	0.01	0.5	0.5	0	0	0.01
201500	0.02	0.5	0.5	0	0	0.02
201600	0.03	0.5	0.5	0	0	0.03
201700	0.03	0.5	0.5	0	0	0.03
201800	0.01	0.5	0.5	0	0	0.01
201900	0.02	0.5	0.5	0	0	0.02
202000	0.05	0.5	0.5	0	0	0.05
202100	0.05	0.5	0.5	0	0	0.05
202200	0.05	0.5	0.5	0	0	0.05
202300	0.03	0.5	0.5	0	0	0.03
202400	0.03	0.5	0.5	0	0	0.03
202500	0.01	0.5	0.5	0	0	0.01
202600	0.02	0.5	0.5	0	0	0.02
202700	0.02	0.5	0.5	0	0	0.02
202800	0.03	0.5	0.5	0	0	0.03
202900	0.05	0.5	0.5	0	0	0.05
203000	0.05	0.5	0.5	0	0	0.05
203100	0.04	0.5	0.5	0	0	0.04
203200	0.01	0.49	0.49	0	0	0.01
203300	0	0.49	0.49	0	0	0
203400	0	0.49	0.49	0	0	0
203500	0.01	0.49	0.49	0	0	0.01
203600	0.03	0.49	0.49	0	0	0.03
203700	0.02	0.49	0.49	0	0	0.02
203800	0.01	0.49	0.49	0	0	0.01
203900	0.01	0.49	0.49	0	0	0.01
204000	0.03	0.49	0.49	0	0	0.03
204100	0.03	0.49	0.49	0	0	0.03
204200	0.01	0.49	0.49	0	0	0.01
204300	0.02	0.49	0.49	0	0	0.02
204400	0.01	0.49	0.49	0	0	0.01
204500	0.01	0.49	0.49	0	0	0.01
204600	0.02	0.49	0.49	0	0	0.02
204700	0.03	0.49	0.49	0	0	0.03
204800	0.02	0.49	0.49	0	0	0.02
204900	0.03	0.49	0.49	0	0	0.03
205000	0.02	0.49	0.49	0	0	0.02
205100	0.01	0.49	0.49	0	0	0.01
205200	0	0.49	0.49	0	0	0
205300	0.01	0.49	0.49	0	0	0.01
205400	0.02	0.49	0.49	0	0	0.02
205500	0.03	0.49	0.49	0	0	0.03
205600	0.05	0.49	0.49	0	0	0.05
205700	0.05	0.49	0.49	0	0	0.05
205800	0.03	0.49	0.49	0	0	0.03
205900	0.03	0.49	0.49	0	0	0.03
206000	0.03	0.49	0.49	0	0	0.03
206100	0.02	0.49	0.49	0	0	0.02
206200	0.02	0.49	0.49	0	0	0.02
206300	0.03	0.49	0.49	0	0	0.03
206400	0.02	0.49	0.49	0	0	0.02
206500	0.02	0.49	0.49	0	0	0.02
206600	0.03	0.49	0.49	0	0	0.03
206700	0.03	0.49	0.49	0	0	0.03
206800	0.03	0.49	0.49	0	0	0.03
206900	0.02	0.49	0.49	0	0	0.02
207000	0.02	0.49	0.49	0	0	0.02
207100	0.04	0.49	0.49	0	0	0.04
207200	0.05	0.49	0.49	0	0	0.05
207300	0.05	0.48	0.48	0	0	0.05
207400	0.05	0.48	0.48	0	0	0.05
207500	0.04	0.48	0.48	0	0	0.04
207600	0.01	0.48	0.48	0	0	0.01
207700	0.01	0.48	0.48	0	0	0.01
207800	0.02	0.48	0.48	0	0	0.02
207900	0.01	0.48	0.48	0	0	0.01
208000	0.01	0.48	0.48	0	0	0.01
208100	0.01	0.48	0.48	0	0	0.01
208200	0.03	0.48	0.48	0	0	0.03
208300	0.02	0.48	0.48	0	0	0.02
208400	0.02	0.48	0.48	0	0	0.02
208500	0.02	0.48	0.48	0	0	0.02
208600	0.03	0.48	0.48	0	0	0.03
208700	0.03	0.48	0.48	0	0	0.03
208800	0.02	0.48	0.48	0	0	0.02
208900	0.03	0.48	0.48	0	0	0.03
209000	0.02	0.48	0.48	0	0	0.02
209100	0.04	0.48	0.48	0	0	0.04
209200	0.05	0.48	0.48	0	0	0.05
209300	0.04	0.48	0.48	0	0	0.04
209400	0.05	0.48	0.48	0	0	0.05
209500	0.03	0.48	0.48	0	0	0.03
209600	0.01	0.48	0.48	0	0	0.01
209700	0.03	0.48	0.48	0	0	0.03
209800	0.03	0.48	0.48	0	0	0.03
209900	0.03	0.48	0.48	0	0	0.03
210000	0.02	0.48	0.48	0	0	0.02
210100	0.01	0.48	0.48	0	0	0.01
210200	0	0.48	0.48	0	0	0
210300	0	0.47	0.47	0	0	0
210400	0.03	0.47	0.47	0	0	0.03
210500	0.03	0.47	0.47	0	0	0.03
210600	0.03	0.47	0.47	0	0	0.03
210700	0.03	0.47	0.47	0	0	0.03
210800	0.01	0.47	0.47	0	0	0.01
210900	0	0.47	0.47	0	0	0
211000	0	0.47	0.47	0	0	0
211100	0.01	0.47	0.47	0	0	0.01
211200	0.02	0.47	0.47	0	0	0.02
211300	0.03	0.47	0.47	0	0	0.03
211400	0.03	0.47	0.47	0	0	0.03
211500	0.03	0.47	0.47	0	0	0.03
211600	0.03	0.47	0.47	0	0	0.03
211700	0.02	0.47	0.47	0	0	0.02
211800	0.02	0.47	0.47	0	0	0.02
211900	0.03	0.47	0.47	0	0	0.03
212000	0.04	0.47	0.47	0	0	0.04
212100	0.03	0.47	0.47	0	0	0.03
212200	0.03	0.47	0.47	0	0	0.03
212300	0.05	0.47	0.47	0	0	0.05
212400	0.04	0.47	0.47	0	0	0.04
212500	0.03	0.47	0.47	0	0	0.03
212600	0.04	0.47	0.47	0	0	0.04
212700	0.04	0.47	0.47	0	0	0.04
212800	0.04	0.47	0.47	0	0	0.04
212900	0.05	0.47	0.47	0	0	0.05
213000	0.03	0.47	0.47	0	0	0.03
213100	0.05	0.47	0.47	0	0	0.05
213200	0.04	0.47	0.47	0	0	0.04
213300	0.03	0.47	0.47	0	0	0.03
213400	0.03	0.47	0.47	0	0	0.03
213500	0.05	0.47	0.47	0	0	0.05
213600	0.05	0.47	0.47	0	0	0.05
213700	0.05	0.47	0.47	0	0	0.05
213800	0.02	0.47	0.47	0	0	0.02
213900	0.04	0.47	0.47	0	0	0.04
214000	0.05	0.47	0.47	0	0	0.05
214100	0.03	0.47	0.47	0	0	0.03
214200	0.04	0.47	0.47	0	0	0.04
214300	0.04	0.47	0.47	0	0	0.04
214400	0.04	0.47	0.47	0	0	0.04
214500	0.04	0.47	0.47	0	0	0.04
214600	0.03	0.47	0.47	0	0	0.03
214700	0.03	0.47	0.47	0	0	0.03
214800	0.03	0.47	0.47	0	0	0.03
214900	0.04	0.47	0.47	0	0	0.04
215000	0.05	0.47	0.47	0	0	0.05
215100	0.05	0.47	0.47	0	0	0.05
215200	0.05	0.47	0.47	0	0	0.05
215300	0.04	0.47	0.47	0	0	0.04
215400	0.06	0.47	0.47	0	0	0.06
215500	0.03	0.47	0.47	0	0	0.03
215600	0.02	0.47	0.47	0	0	0.02
215700	0.04	0.47	0.47	0	0	0.04
215800	0.05	0.47	0.47	0	0	0.05
215900	0.05	0.47	0.47	0	0	0.05
216000	0.04	0.47	0.47	0	0	0.04
216100	0.04	0.47	0.47	0	0	0.04
216200	0.03	0.47	0.47	0	0	0.03
216300	0.01	0.47	0.47	0	0	0.01
216400	0.01	0.47	0.47	0	0	0.01
216500	0	0.47	0.47	0	0	0
216600	0	0.47	0.47	0	0	0
216700	0.01	0.47	0.47	0	0	0.01
216800	0.02	0.47	0.47	0	0	0.02
216900	0.03	0.47	0.47	0	0	0.03
217000	0.03	0.47	0.47	0	0	0.03
217100	0.04	0.47	0.47	0	0	0.04
217200	0.03	0.47	0.47	0	0	0.03
217300	0.01	0.47	0.47	0	0	0.01
217400	0.01	0.47	0.47	0	0	0.01
217500	0.02	0.47	0.47	0	0	0.02
217600	0.01	0.47	0.47	0	0	0.01
217700	0.01	0.47	0.47	0	0	0.01
217800	0.01	0.47	0.47	0	0	0.01
217900	0.02	0.47	0.47	0	0	0.02
218000	0.02	0.47	0.47	0	0	0.02
218100	0.03	0.47	0.47	0	0	0.03
218200	0.04	0.47	0.47	0	0	0.04
218300	0.04	0.47	0.47	0	0	0.04
218400	0.04	0.47	0.47	0	0	0.04
218500	0.04	0.47	0.47	0	0	0.04
218600	0.04	0.47	0.47	0	0	0.04
218700	0.05	0.47	0.47	0	0	0.05
218800	0.05	0.48	0.48	0	0	0.05
218900	0.06	0.48	0.48	0	0	0.06
219000	0.05	0.48	0.48	0	0	0.05
219100	0.04	0.47	0.47	0	0	0.04
219200	0.03	0.47	0.47	0	0	0.03
219300	0.03	0.47	0.47	0	0	0.03
219400	0.02	0.47	0.47	0	0	0.02
219500	0.01	0.47	0.47	0	0	0.01
219600	0.05	0.47	0.47	0	0	0.05
219700	0.05	0.47	0.47	0	0	0.05
219800	0.03	0.47	0.47	0	0	0.03
219900	0.02	0.47	0.47	0	0	0.02
220000	0.02	0.47	0.47	0	0	0.02
220100	0.02	0.47	0.47	0	0	0.02
220200	0.02	0.47	0.47	0	0	0.02
220300	0.03	0.47	0.47	0	0	0.03
220400	0.02	0.47	0.47	0	0	0.02
220500	0.02	0.47	0.47	0	0	0.02
220600	0.04	0.47	0.47	0	0	0.04
220700	0.04	0.47	0.47	0	0	0.04
220800	0.04	0.47	0.47	0	0	0.04
220900	0.03	0.47	0.47	0	0	0.03
221000	0.01	0.47	0.47	0	0	0.01
221100	0.03	0.47	0.47	0	0	0.03
221200	0.03	0.48	0.48	0	0	0.03
221300	0.02	0.48	0.48	0	0	0.02
221400	0.01	0.48	0.48	0	0	0.01
221500	0	0.48	0.48	0	0	0
221600	0	0.48	0.48	0	0	0
221700	0.03	0.48	0.48	0	0	0.03
221800	0.03	0.48	0.48	0	0	0.03
221900	0.01	0.48	0.48	0	0	0.01
222000	0.01	0.47	0.47	0	0	0.01
222100	0	0.47	0.47	0	0	0
222200	0.03	0.47	0.47	0	0	0.03
222300	0.03	0.47	0.47	0	0	0.03
222400	0.04	0.47	0.47	0	0	0.04
222500	0.04	0.47	0.47	0	0	0.04
222600	0.04	0.47	0.47	0	0	0.04
222700	0.05	0.47	0.47	0	0	0.05
222800	0.04	0.47	0.47	0	0	0.04
222900	0.02	0.47	0.47	0	0	0.02
223000	0.03	0.47	0.47	0	0	0.03
223100	0.02	0.47	0.47	0	0	0.02
223200	0.02	0.47	0.47	0	0	0.02
223300	0.04	0.47	0.47	0	0	0.04
223400	0.05	0.47	0.47	0	0	0.05
223500	0.05	0.47	0.47	0	0	0.05
223600	0.02	0.47	0.47	0	0	0.02
223700	0.02	0.47	0.47	0	0	0.02
223800	0.01	0.47	0.47	0	0	0.01
223900	0.02	0.47	0.47	0	0	0.02
224000	0.01	0.47	0.47	0	0	0.01
224100	0.01	0.47	0.47	0	0	0.01
224200	0.03	0.47	0.47	0	0	0.03
224300	0.03	0.47	0.47	0	0	0.03
224400	0.04	0.46	0.46	0	0	0.04
224500	0.05	0.46	0.46	0	0	0.05
224600	0.04	0.47	0.47	0	0	0.04
224700	0.04	0.47	0.47	0	0	0.04
224800	0.04	0.46	0.46	0	0	0.04
224900	0.05	0.46	0.46	0	0	0.05
225000	0.05	0.46	0.46	0	0	0.05
225100	0.05	0.46	0.46	0	0	0.05
225200	0.04	0.46	0.46	0	0	0.04
225300	0.03	0.46	0.46	0	0	0.03
225400	0.01	0.46	0.46	0	0	0.01
225500	0	0.46	0.46	0	0	0
225600	0	0.46	0.46	0	0	0
225700	0.01	0.46	0.46	0	0	0.01
225800	0.01	0.46	0.46	0	0	0.01
225900	0.01	0.46	0.46	0	0	0.01
226000	0.01	0.46	0.46	0	0	0.01
226100	0.01	0.46	0.46	0	0	0.01
226200	0.01	0.46	0.46	0	0	0.01
226300	0.01	0.46	0.46	0	0	0.01
226400	0.03	0.46	0.46	0	0	0.03
226500	0.03	0.46	0.46	0	0	0.03
226600	0.02	0.46	0.46	0	0	0.02
226700	0.04	0.46	0.46	0	0	0.04
226800	0.04	0.46	0.46	0	0	0.04
226900	0.04	0.46	0.46	0	0	0.04
227000	0.03	0.46	0.46	0	0	0.03
227100	0.02	0.47	0.47	0	0	0.02
227200	0.01	0.47	0.47	0	0	0.01
227300	0.01	0.46	0.46	0	0	0.01
227400	0.04	0.46	0.46	0	0	0.04
227500	0.05	0.46	0.46	0	0	0.05
227600	0.06	0.46	0.46	0	0	0.06
227700	0.06	0.46	0.46	0	0	0.06
227800	0.05	0.46	0.46	0	0	0.05
227900	0.07	0.46	0.46	0	0	0.07
228000	0.07	0.46	0.46	0	0	0.07
228100	0.08	0.46	0.46	0	0	0.08
228200	0.07	0.46	0.46	0	0	0.07
228300	0.03	0.46	0.46	0	0	0.03
228400	0.04	0.46	0.46	0	0	0.04
228500	0.03	0.46	0.46	0	0	0.03
228600	0.03	0.46	0.46	0	0	0.03
228700	0.04	0.46	0.46	0	0	0.04
228800	0.06	0.47	0.47	0	0	0.06
228900	0.07	0.47	0.47	0	0	0.07
229000	0.06	0.46	0.46	0	0	0.06
229100	0.04	0.46	0.46	0	0	0.04
229200	0.02	0.46	0.46	0	0	0.02
229300	0.02	0.46	0.46	0	0	0.02
229400	0.02	0.46	0.46	0	0	0.02
229500	0.03	0.47	0.47	0	0	0.03
229600	0.03	0.47	0.47	0	0	0.03
229700	0.03	0.47	0.47	0	0	0.03
229800	0.03	0.47	0.47	0	0	0.03
229900	0.01	0.47	0.47	0	0	0.01
230000	0.01	0.47	0.47	0	0	0.01
230100	0.01	0.47	0.47	0	0	0.01
230200	0.01	0.47	0.47	0	0	0.01
230300	0.02	0.47	0.47	0	0	0.02
230400	0.02	0.47	0.47	0	0	0.02
230500	0.03	0.47	0.47	0	0	0.03
230600	0.04	0.47	0.47	0	0	0.04
230700	0.04	0.47	0.47	0	0	0.04
230800	0.04	0.47	0.47	0	0	0.04
230900	0.04	0.47	0.47	0	0	0.04
231000	0.01	0.47	0.47	0	0	0.01
231100	0.03	0.47	0.47	0	0	0.03
231200	0.03	0.47	0.47	0	0	0.03
231300	0.03	0.47	0.47	0	0	0.03
231400	0.03	0.47	0.47	0	0	0.03
231500	0.03	0.47	0.47	0	0	0.03
231600	0.03	0.47	0.47	0	0	0.03
231700	0.03	0.47	0.47	0	0	0.03
231800	0.01	0.47	0.47	0	0	0.01
231900	0.01	0.47	0.47	0	0	0.01
232000	0.01	0.47	0.47	0	0	0.01
232100	0.01	0.47	0.47	0	0	0.01
232200	0.01	0.47	0.47	0	0	0.01
232300	0.02	0.47	0.47	0	0	0.02
232400	0.03	0.47	0.47	0	0	0.03
232500	0.02	0.47	0.47	0	0	0.02
232600	0.02	0.47	0.47	0	0	0.02
232700	0.03	0.47	0.47	0	0	0.03
232800	0.05	0.47	0.47	0	0	0.05
232900	0.05	0.47	0.47	0	0	0.05
233000	0.04	0.47	0.47	0	0	0.04
233100	0.02	0.47	0.47	0	0	0.02
233200	0.01	0.47	0.47	0	0	0.01
233300	0.01	0.47	0.47	0	0	0.01
233400	0.01	0.47	0.47	0	0	0.01
233500	0	0.47	0.47	0	0	0
233600	0.01	0.47	0.47	0	0	0.01
233700	0.03	0.47	0.47	0	0	0.03
233800	0.04	0.47	0.47	0	0	0.04
233900	0.04	0.47	0.47	0	0	0.04
234000	0.02	0.47	0.47	0	0	0.02
234100	0.01	0.47	0.47	0	0	0.01
234200	0	0.47	0.47	0	0	0
234300	0.02	0.47	0.47	0	0	0.02
234400	0.04	0.47	0.47	0	0	0.04
234500	0.04	0.47	0.47	0	0	0.04
234600	0.05	0.47	0.47	0	0	0.05
234700	0.04	0.47	0.47	0	0	0.04
234800	0.04	0.47	0.47	0	0	0.04
234900	0.04	0.47	0.47	0	0	0.04
235000	0.04	0.47	0.47	0	0	0.04
235100	0.02	0.47	0.47	0	0	0.02
235200	0.03	0.47	0.47	0	0	0.03
235300	0.03	0.46	0.46	0	0	0.03
235400	0.01	0.46	0.46	0	0	0.01
235500	0.01	0.46	0.46	0	0	0.01
235600	0.01	0.46	0.46	0	0	0.01
235700	0.02	0.46	0.46	0	0	0.02
235800	0.02	0.46	0.46	0	0	0.02
235900	0.02	0.46	0.46	0	0	0.02
236000	0.01	0.46	0.46	0	0	0.01
236100	0.02	0.46	0.46	0	0	0.02
236200	0.02	0.46	0.46	0	0	0.02
236300	0.02	0.46	0.46	0	0	0.02
236400	0.02	0.46	0.46	0	0	0.02
236500	0.02	0.46	0.46	0	0	0.02
236600	0.04	0.46	0.46	0	0	0.04
236700	0.04	0.46	0.46	0	0	0.04
236800	0.03	0.46	0.46	0	0	0.03
236900	0.03	0.46	0.46	0	0	0.03
237000	0.04	0.46	0.46	0	0	0.04
237100	0.04	0.47	0.47	0	0	0.04
237200	0.04	0.47	0.47	0	0	0.04
237300	0.03	0.47	0.47	0	0	0.03
237400	0.03	0.47	0.47	0	0	0.03
237500	0.04	0.46	0.46	0	0	0.04
237600	0.03	0.46	0.46	0	0	0.03
237700	0.05	0.46	0.46	0	0	0.05
237800	0.03	0.46	0.46	0	0	0.03
237900	0.03	0.46	0.46	0	0	0.03
238000	0.04	0.46	0.46	0	0	0.04
238100	0.05	0.46	0.46	0	0	0.05
238200	0.03	0.46	0.46	0	0	0.03
238300	0.03	0.46	0.46	0	0	0.03
238400	0.02	0.46	0.46	0	0	0.02
238500	0.02	0.46	0.46	0	0	0.02
238600	0	0.46	0.46	0	0	0
238700	0.01	0.46	0.46	0	0	0.01
238800	0.01	0.46	0.46	0	0	0.01
238900	0.02	0.46	0.46	0	0	0.02
239000	0.02	0.47	0.47	0	0	0.02
239100	0.01	0.47	0.47	0	0	0.01
239200	0.02	0.47	0.47	0	0	0.02
239300	0.02	0.48	0.48	0	0	0.02
239400	0.04	0.48	0.48	0	0	0.04
239500	0.05	0.48	0.48	0	0	0.05
239600	0.07	0.48	0.48	0	0	0.07
239700	0.06	0.48	0.48	0	0	0.06
239800	0.05	0.48	0.48	0	0	0.05
239900	0.05	0.48	0.48	0	0	0.05
240000	0.05	0.48	0.48	0	0	0.05
240100	0.06	0.48	0.48	0	0	0.06
240200	0.05	0.48	0.48	0	0	0.05
240300	0.05	0.48	0.48	0	0	0.05
240400	0.05	0.48	0.48	0	0	0.05
240500	0.03	0.48	0.48	0	0	0.03
240600	0.05	0.48	0.48	0	0	0.05
240700	0.03	0.48	0.48	0	0	0.03
240800	0.03	0.48	0.48	0	0	0.03
240900	0.03	0.48	0.48	0	0	0.03
241000	0.02	0.48	0.48	0	0	0.02
241100	0.02	0.48	0.48	0	0	0.02
241200	0.02	0.49	0.49	0	0	0.02
241300	0.01	0.49	0.49	0	0	0.01
241400	0.01	0.49	0.49	0	0	0.01
241500	0.01	0.49	0.49	0	0	0.01
241600	0.02	0.49	0.49	0	0	0.02
241700	0.03	0.49	0.49	0	0	0.03
241800	0.05	0.49	0.49	0	0	0.05
241900	0.05	0.49	0.49	0	0	0.05
242000	0.05	0.49	0.49	0	0	0.05
242100	0.05	0.49	0.49	0	0	0.05
242200	0.01	0.49	0.49	0	0	0.01
242300	0.02	0.48	0.48	0	0	0.02
242400	0.02	0.48	0.48	0	0	0.02
242500	0.02	0.48	0.48	0	0	0.02
242600	0.02	0.48	0.48	0	0	0.02
242700	0.02	0.48	0.48	0	0	0.02
242800	0.02	0.48	0.48	0	0	0.02
242900	0.01	0.48	0.48	0	0	0.01
243000	0.01	0.48	0.48	0	0	0.01
243100	0.01	0.48	0.48	0	0	0.01
243200	0.02	0.48	0.48	0	0	0.02
243300	0.02	0.48	0.48	0	0	0.02
243400	0.02	0.48	0.48	0	0	0.02
243500	0.04	0.48	0.48	0	0	0.04
243600	0.04	0.48	0.48	0	0	0.04
243700	0.01	0.48	0.48	0	0	0.01
243800	0.01	0.48	0.48	0	0	0.01
243900	0.02	0.48	0.48	0	0	0.02
244000	0.02	0.48	0.48	0	0	0.02
244100	0.02	0.48	0.48	0	0	0.02
244200	0.02	0.48	0.48	0	0	0.02
244300	0.04	0.48	0.48	0	0	0.04
244400	0.05	0.49	0.49	0	0	0.05
244500	0.05	0.49	0.49	0	0	0.05
244600	0.05	0.49	0.49	0	0	0.05
244700	0.03	0.49	0.49	0	0	0.03
244800	0.03	0.49	0.49	0	0	0.03
244900	0.01	0.49	0.49	0	0	0.01
245000	0.01	0.49	0.49	0	0	0.01
245100	0.02	0.49	0.49	0	0	0.02
245200	0.03	0.49	0.49	0	0	0.03
245300	0.04	0.49	0.49	0	0	0.04
245400	0.05	0.49	0.49	0	0	0.05
245500	0.06	0.49	0.49	0	0	0.06
245600	0.05	0.49	0.49	0	0	0.05
245700	0.03	0.5	0.5	0	0	0.03
245800	0.03	0.5	0.5	0	0	0.03
245900	0.03	0.49	0.49	0	0	0.03
246000	0.02	0.49	0.49	0	0	0.02
246100	0.05	0.49	0.49	0	0	0.05
246200	0.03	0.49	0.49	0	0	0.03
246300	0.02	0.49	0.49	0	0	0.02
246400	0.01	0.49	0.49	0	0	0.01
246500	0.01	0.49	0.49	0	0	0.01
246600	0.03	0.49	0.49	0	0	0.03
246700	0.03	0.49	0.49	0	0	0.03
246800	0.03	0.49	0.49	0	0	0.03
246900	0.03	0.49	0.49	0	0	0.03
247000	0.02	0.49	0.49	0	0	0.02
247100	0.02	0.49	0.49	0	0	0.02
247200	0.01	0.49	0.49	0	0	0.01
247300	0.01	0.49	0.49	0	0	0.01
247400	0.02	0.49	0.49	0	0	0.02
247500	0.01	0.49	0.49	0	0	0.01
247600	0.02	0.49	0.49	0	0	0.02
247700	0.04	0.49	0.49	0	0	0.04
247800	0.05	0.49	0.49	0	0	0.05
247900	0.06	0.49	0.49	0	0	0.06
248000	0.05	0.49	0.49	0	0	0.05
248100	0.05	0.49	0.49	0	0	0.05
248200	0.02	0.49	0.49	0	0	0.02
248300	0.02	0.49	0.49	0	0	0.02
248400	0	0.49	0.49	0	0	0
248500	0	0.49	0.49	0	0	0
248600	0.01	0.49	0.49	0	0	0.01
248700	0.02	0.49	0.49	0	0	0.02
248800	0.03	0.49	0.49	0	0	0.03
248900	0.03	0.49	0.49	0	0	0.03
249000	0.02	0.49	0.49	0	0	0.02
249100	0	0.49	0.49	0	0	0
249200	0	0.49	0.49	0	0	0
249300	0.01	0.49	0.49	0	0	0.01
249400	0.01	0.49	0.49	0	0	0.01
249500	0.01	0.49	0.49	0	0	0.01
249600	0.02	0.49	0.49	0	0	0.02
249700	0.04	0.49	0.49	0	0	0.04
249800	0.02	0.49	0.49	0	0	0.02
249900	0.01	0.49	0.49	0	0	0.01
250000	0.01	0.49	0.49	0	0	0.01
250100	0.01	0.49	0.49	0	0	0.01
250200	0.02	0.49	0.49	0	0	0.02
250300	0.04	0.49	0.49	0	0	0.04
250400	0.03	0.49	0.49	0	0	0.03
250500	0.03	0.49	0.49	0	0	0.03
250600	0.03	0.49	0.49	0	0	0.03
250700	0.02	0.49	0.49	0	0	0.02
250800	0.01	0.49	0.49	0	0	0.01
250900	0.01	0.49	0.49	0	0	0.01
251000	0.02	0.49	0.49	0	0	0.02
251100	0.02	0.49	0.49	0	0	0.02
251200	0.01	0.49	0.49	0	0	0.01
251300	0.04	0.49	0.49	0	0	0.04
251400	0.06	0.49	0.49	0	0	0.06
251500	0.06	0.49	0.49	0	0	0.06
251600	0.06	0.49	0.49	0	0	0.06
251700	0.08	0.49	0.49	0	0	0.08
251800	0.06	0.49	0.49	0	0	0.06
251900	0.02	0.49	0.49	0	0	0.02
252000	0.02	0.49	0.49	0	0	0.02
252100	0.04	0.49	0.49	0	0	0.04
252200	0.05	0.49	0.49	0	0	0.05
252300	0.05	0.49	0.49	0	0	0.05
252400	0.05	0.49	0.49	0	0	0.05
252500	0.06	0.49	0.49	0	0	0.06
252600	0.07	0.49	0.49	0	0	0.07
252700	0.05	0.49	0.49	0	0	0.05
252800	0.03	0.49	0.49	0	0	0.03
252900	0.04	0.49	0.49	0	0	0.04
253000	0.04	0.49	0.49	0	0	0.04
253100	0.04	0.49	0.49	0	0	0.04
253200	0.02	0.49	0.49	0	0	0.02
253300	0	0.49	0.49	0	0	0
253400	0.02	0.49	0.49	0	0	0.02
253500	0.04	0.49	0.49	0	0	0.04
253600	0.04	0.49	0.49	0	0	0.04
253700	0.02	0.49	0.49	0	0	0.02
253800	0.02	0.49	0.49	0	0	0.02
253900	0.01	0.49	0.49	0	0	0.01
254000	0.02	0.49	0.49	0	0	0.02
254100	0.04	0.49	0.49	0	0	0.04
254200	0.04	0.49	0.49	0	0	0.04
254300	0.04	0.49	0.49	0	0	0.04
254400	0.04	0.49	0.49	0	0	0.04
254500	0.03	0.49	0.49	0	0	0.03
254600	0.03	0.49	0.49	0	0	0.03
254700	0.01	0.49	0.49	0	0	0.01
254800	0	0.49	0.49	0	0	0
254900	0	0.49	0.49	0	0	0
255000	0	0.49	0.49	0	0	0
255100	0.02	0.49	0.49	0	0	0.02
255200	0.02	0.49	0.49	0	0	0.02
255300	0.01	0.49	0.49	0	0	0.01
255400	0.02	0.49	0.49	0	0	0.02
255500	0.04	0.49	0.49	0	0	0.04
255600	0.05	0.49	0.49	0	0	0.05
255700	0.05	0.49	0.49	0	0	0.05
255800	0.04	0.49	0.49	0	0	0.04
255900	0.04	0.49	0.49	0	0	0.04
256000	0.01	0.49	0.49	0	0	0.01
256100	0.02	0.49	0.49	0	0	0.02
256200	0.01	0.49	0.49	0	0	0.01
256300	0.02	0.49	0.49	0	0	0.02
256400	0.02	0.49	0.49	0	0	0.02
256500	0.03	0.49	0.49	0	0	0.03
256600	0.03	0.49	0.49	0	0	0.03
256700	0.07	0.49	0.49	0	0	0.07
256800	0.06	0.49	0.49	0	0	0.06
256900	0.04	0.49	0.49	0	0	0.04
257000	0.04	0.49	0.49	0	0	0.04
257100	0.05	0.49	0.49	0	0	0.05
257200	0.06	0.49	0.49	0	0	0.06
257300	0.06	0.49	0.49	0	0	0.06
257400	0.05	0.49	0.49	0	0	0.05
257500	0.03	0.49	0.49	0	0	0.03
257600	0.01	0.49	0.49	0	0	0.01
257700	0.02	0.49	0.49	0	0	0.02
257800	0.02	0.49	0.49	0	0	0.02
257900	0.02	0.49	0.49	0	0	0.02
258000	0.01	0.49	0.49	0	0	0.01
258100	0.01	0.5	0.5	0	0	0.01
258200	0	0.5	0.5	0	0	0
258300	0.01	0.5	0.5	0	0	0.01
258400	0.04	0.49	0.49	0	0	0.04
258500	0.05	0.49	0.49	0	0	0.05
258600	0.05	0.49	0.49	0	0	0.05
258700	0.04	0.49	0.49	0	0	0.04
258800	0.04	0.49	0.49	0	0	0.04
258900	0.03	0.49	0.49	0	0	0.03
259000	0.02	0.49	0.49	0	0	0.02
259100	0.04	0.49	0.49	0	0	0.04
259200	0.03	0.49	0.49	0	0	0.03
259300	0.03	0.49	0.49	0	0	0.03
259400	0.02	0.49	0.49	0	0	0.02
259500	0.02	0.49	0.49	0	0	0.02
259600	0.02	0.49	0.49	0	0	0.02
259700	0.02	0.49	0.49	0	0	0.02
259800	0.01	0.49	0.49	0	0	0.01
259900	0.01	0.49	0.49	0	0	0.01
260000	0	0.49	0.49	0	0	0
260100	0.02	0.49	0.49	0	0	0.02
260200	0.02	0.49	0.49	0	0	0.02
260300	0.03	0.49	0.49	0	0	0.03
260400	0.03	0.49	0.49	0	0	0.03
260500	0.04	0.49	0.49	0	0	0.04
260600	0.02	0.49	0.49	0	0	0.02
260700	0	0.49	0.49	0	0	0
260800	0	0.49	0.49	0	0	0
260900	0	0.49	0.49	0	0	0
261000	0.01	0.48	0.48	0	0	0.01
261100	0.01	0.48	0.48	0	0	0.01
261200	0.01	0.48	0.48	0	0	0.01
261300	0.01	0.48	0.48	0	0	0.01
261400	0.01	0.48	0.48	0	0	0.01
261500	0	0.48	0.48	0	0	0
261600	0.01	0.48	0.48	0	0	0.01
261700	0.03	0.48	0.48	0	0	0.03
261800	0.03	0.48	0.48	0	0	0.03
261900	0.06	0.48	0.48	0	0	0.06
262000	0.05	0.48	0.48	0	0	0.05
262100	0.05	0.48	0.48	0	0	0.05
262200	0.03	0.48	0.48	0	0	0.03
262300	0.03	0.48	0.48	0	0	0.03
262400	0.04	0.48	0.48	0	0	0.04
262500	0.04	0.48	0.48	0	0	0.04
262600	0.02	0.48	0.48	0	0	0.02
262700	0.03	0.48	0.48	0	0	0.03
262800	0.04	0.48	0.48	0	0	0.04
262900	0.04	0.48	0.48	0	0	0.04
263000	0.03	0.48	0.48	0	0	0.03
263100	0.03	0.48	0.48	0	0	0.03
263200	0.04	0.48	0.48	0	0	0.04
263300	0.05	0.48	0.48	0	0	0.05
263400	0.05	0.48	0.48	0	0	0.05
263500	0.07	0.48	0.48	0	0	0.07
263600	0.07	0.48	0.48	0	0	0.07
263700	0.06	0.48	0.48	0	0	0.06
263800	0.06	0.48	0.48	0	0	0.06
263900	0.04	0.48	0.48	0	0	0.04
264000	0.04	0.48	0.48	0	0	0.04
264100	0.02	0.48	0.48	0	0	0.02
264200	0.02	0.48	0.48	0	0	0.02
264300	0.03	0.48	0.48	0	0	0.03
264400	0.05	0.48	0.48	0	0	0.05
264500	0.06	0.48	0.48	0	0	0.06
264600	0.06	0.48	0.48	0	0	0.06
264700	0.06	0.48	0.48	0	0	0.06
264800	0.07	0.48	0.48	0	0	0.07
264900	0.07	0.48	0.48	0	0	0.07
265000	0.08	0.48	0.48	0	0	0.08
265100	0.07	0.48	0.48	0	0	0.07
265200	0.08	0.48	0.48	0	0	0.08
265300	0.08	0.48	0.48	0	0	0.08
265400	0.09	0.48	0.48	0	0	0.09
265500	0.08	0.48	0.48	0	0	0.08
265600	0.08	0.48	0.48	0	0	0.08
265700	0.08	0.48	0.48	0	0	0.08
265800	0.09	0.48	0.48	0	0	0.09
265900	0.09	0.48	0.48	0	0	0.09
266000	0.09	0.48	0.48	0	0	0.09
266100	0.09	0.49	0.49	0	0	0.09
266200	0.09	0.49	0.49	0	0	0.09
266300	0.09	0.49	0.49	0	0	0.09
266400	0.08	0.49	0.49	0	0	0.08
266500	0.1	0.49	0.49	0	0	0.1
266600	0.11	0.49	0.49	0	0	0.11
266700	0.11	0.49	0.49	0	0	0.11
266800	0.11	0.49	0.49	0	0	0.11
266900	0.11	0.49	0.49	0	0	0.11
267000	0.12	0.49	0.49	0	0	0.12
267100	0.11	0.49	0.49	0	0	0.11
267200	0.12	0.49	0.49	0	0	0.12
267300	0.13	0.49	0.49	0	0	0.13
267400	0.11	0.49	0.49	0	0	0.11
267500	0.11	0.49	0.49	0	0	0.11
267600	0.09	0.49	0.49	0	0	0.09
267700	0.1	0.49	0.49	0	0	0.1
267800	0.1	0.49	0.49	0	0	0.1
267900	0.09	0.49	0.49	0	0	0.09
268000	0.11	0.49	0.49	0	0	0.11
268100	0.11	0.49	0.49	0	0	0.11
268200	0.1	0.49	0.49	0	0	0.1
268300	0.11	0.49	0.49	0	0	0.11
268400	0.12	0.49	0.49	0	0	0.12
268500	0.11	0.49	0.49	0	0	0.11
268600	0.11	0.49	0.49	0	0	0.11
268700	0.11	0.49	0.49	0	0	0.11
268800	0.1	0.49	0.49	0	0	0.1
268900	0.1	0.49	0.49	0	0	0.1
269000	0.09	0.49	0.49	0	0	0.09
269100	0.07	0.49	0.49	0	0	0.07
269200	0.08	0.49	0.49	0	0	0.08
269300	0.07	0.49	0.49	0	0	0.07
269400	0.08	0.49	0.49	0	0	0.08
269500	0.09	0.49	0.49	0	0	0.09
269600	0.07	0.49	0.49	0	0	0.07
269700	0.07	0.49	0.49	0	0	0.07
269800	0.08	0.49	0.49	0	0	0.08
269900	0.07	0.49	0.49	0	0	0.07
270000	0.09	0.49	0.49	0	0	0.09
270100	0.1	0.49	0.49	0	0	0.1
270200	0.1	0.49	0.49	0	0	0.1
270300	0.07	0.49	0.49	0	0	0.07
270400	0.08	0.49	0.49	0	0	0.08
270500	0.08	0.49	0.49	0	0	0.08
270600	0.09	0.49	0.49	0	0	0.09
270700	0.09	0.49	0.49	0	0	0.09
270800	0.1	0.49	0.49	0	0	0.1
270900	0.12	0.49	0.49	0	0	0.12
271000	0.11	0.49	0.49	0	0	0.11
271100	0.09	0.49	0.49	0	0	0.09
271200	0.09	0.49	0.49	0	0	0.09
271300	0.08	0.49	0.49	0	0	0.08
271400	0.07	0.49	0.49	0	0	0.07
271500	0.09	0.49	0.49	0	0	0.09
271600	0.08	0.49	0.49	0	0	0.08
271700	0.07	0.49	0.49	0	0	0.07
271800	0.07	0.49	0.49	0	0	0.07
271900	0.08	0.49	0.49	0	0	0.08
272000	0.09	0.49	0.49	0	0	0.09
272100	0.09	0.49	0.49	0	0	0.09
272200	0.09	0.49	0.49	0	0	0.09
272300	0.09	0.49	0.49	0	0	0.09
272400	0.08	0.49	0.49	0	0	0.08
272500	0.1	0.49	0.49	0	0	0.1
272600	0.1	0.48	0.48	0	0	0.1
272700	0.1	0.48	0.48	0	0	0.1
272800	0.09	0.48	0.48	0	0	0.09
272900	0.08	0.48	0.48	0	0	0.08
273000	0.09	0.48	0.48	0	0	0.09
273100	0.08	0.48	0.48	0	0	0.08
273200	0.08	0.47	0.47	0	0	0.08
273300	0.08	0.47	0.47	0	0	0.08
273400	0.08	0.47	0.47	0	0	0.08
273500	0.08	0.47	0.47	0	0	0.08
273600	0.09	0.47	0.47	0	0	0.09
273700	0.1	0.48	0.48	0	0	0.1
273800	0.1	0.49	0.49	0	0	0.1
273900	0.12	0.48	0.48	0	0	0.12
274000	0.11	0.48	0.48	0	0	0.11
274100	0.13	0.48	0.48	0	0	0.13
274200	0.14	0.48	0.48	0	0	0.14
274300	0.15	0.48	0.48	0	0	0.15
274400	0.15	0.48	0.48	0	0	0.15
274500	0.15	0.48	0.48	0	0	0.15
274600	0.15	0.48	0.48	0	0	0.15
274700	0.15	0.48	0.48	0	0	0.15
274800	0.14	0.48	0.48	0	0	0.14
274900	0.14	0.48	0.48	0	0	0.14
275000	0.13	0.48	0.48	0	0	0.13
275100	0.12	0.48	0.48	0	0	0.12
275200	0.12	0.48	0.48	0	0	0.12
275300	0.12	0.48	0.48	0	0	0.12
275400	0.12	0.48	0.48	0	0	0.12
275500	0.12	0.48	0.48	0	0	0.12
275600	0.12	0.48	0.48	0	0	0.12
275700	0.12	0.48	0.48	0	0	0.12
275800	0.13	0.48	0.48	0	0	0.13
275900	0.13	0.48	0.48	0	0	0.13
276000	0.14	0.48	0.48	0	0	0.14
276100	0.13	0.48	0.48	0	0	0.13
276200	0.13	0.48	0.48	0	0	0.13
276300	0.14	0.48	0.48	0	0	0.14
276400	0.14	0.48	0.48	0	0	0.14
276500	0.16	0.48	0.48	0	0	0.16
276600	0.13	0.48	0.48	0	0	0.13
276700	0.13	0.48	0.48	0	0	0.13
276800	0.13	0.48	0.48	0	0	0.13
276900	0.13	0.48	0.48	0	0	0.13
277000	0.13	0.48	0.48	0	0	0.13
277100	0.13	0.49	0.49	0	0	0.13
277200	0.12	0.48	0.48	0	0	0.12
277300	0.13	0.48	0.48	0	0	0.13
277400	0.13	0.48	0.48	0	0	0.13
277500	0.13	0.48	0.48	0	0	0.13
277600	0.13	0.48	0.48	0	0	0.13
277700	0.13	0.48	0.48	0	0	0.13
277800	0.13	0.48	0.48	0	0	0.13
277900	0.12	0.48	0.48	0	0	0.12
278000	0.15	0.48	0.48	0	0	0.15
278100	0.15	0.48	0.48	0	0	0.15
278200	0.14	0.48	0.48	0	0	0.14
278300	0.11	0.48	0.48	0	0	0.11
278400	0.11	0.48	0.48	0	0	0.11
278500	0.11	0.48	0.48	0	0	0.11
278600	0.11	0.48	0.48	0	0	0.11
278700	0.11	0.48	0.48	0	0	0.11
278800	0.11	0.48	0.48	0	0	0.11
278900	0.11	0.48	0.48	0	0	0.11
279000	0.11	0.48	0.48	0	0	0.11
279100	0.11	0.47	0.47	0	0	0.11
279200	0.11	0.47	0.47	0	0	0.11
279300	0.12	0.46	0.46	0	0	0.12
279400	0.12	0.46	0.46	0	0	0.12
279500	0.13	0.46	0.46	0	0	0.13
279600	0.14	0.46	0.46	0	0	0.14
279700	0.14	0.46	0.46	0	0	0.14
279800	0.14	0.46	0.46	0	0	0.14
279900	0.14	0.46	0.46	0	0	0.14
280000	0.12	0.46	0.46	0	0	0.12
280100	0.12	0.46	0.46	0	0	0.12
280200	0.12	0.46	0.46	0	0	0.12
280300	0.13	0.46	0.46	0	0	0.13
280400	0.14	0.46	0.46	0	0	0.14
280500	0.14	0.46	0.46	0	0	0.14
280600	0.12	0.46	0.46	0	0	0.12
280700	0.12	0.46	0.46	0	0	0.12
280800	0.13	0.46	0.46	0	0	0.13
280900	0.15	0.46	0.46	0	0	0.15
281000	0.15	0.46	0.46	0	0	0.15
281100	0.14	0.46	0.46	0	0	0.14
281200	0.13	0.46	0.46	0	0	0.13
281300	0.12	0.46	0.46	0	0	0.12
281400	0.13	0.46	0.46	0	0	0.13
281500	0.13	0.46	0.46	0	0	0.13
281600	0.13	0.46	0.46	0	0	0.13
281700	0.13	0.46	0.46	0	0	0.13
281800	0.13	0.46	0.46	0	0	0.13
281900	0.14	0.46	0.46	0	0	0.14
282000	0.14	0.46	0.46	0	0	0.14
282100	0.14	0.46	0.46	0	0	0.14
282200	0.15	0.46	0.46	0	0	0.15
282300	0.16	0.46	0.46	0	0	0.16
282400	0.17	0.46	0.46	0	0	0.17
282500	0.18	0.46	0.46	0	0	0.18
282600	0.18	0.46	0.46	0	0	0.18
282700	0.18	0.46	0.46	0	0	0.18
282800	0.18	0.46	0.46	0	0	0.18
282900	0.18	0.46	0.46	0	0	0.18
283000	0.18	0.46	0.46	0	0	0.18
283100	0.18	0.46	0.46	0	0	0.18
283200	0.18	0.46	0.46	0	0	0.18
283300	0.19	0.46	0.46	0	0	0.19
283400	0.19	0.46	0.46	0	0	0.19
283500	0.2	0.46	0.46	0	0	0.2
283600	0.2	0.46	0.46	0	0	0.2
283700	0.2	0.46	0.46	0	0	0.2
283800	0.21	0.46	0.46	0	0	0.21
283900	0.21	0.46	0.46	0	0	0.21
284000	0.21	0.46	0.46	0	0	0.21
284100	0.21	0.46	0.46	0	0	0.21
284200	0.21	0.46	0.46	0	0	0.21
284300	0.21	0.46	0.46	0	0	0.21
284400	0.21	0.46	0.46	0	0	0.21
284500	0.21	0.46	0.46	0	0	0.21
284600	0.22	0.46	0.46	0	0	0.22
284700	0.22	0.46	0.46	0	0	0.22
284800	0.22	0.46	0.46	0	0	0.22
284900	0.22	0.46	0.46	0	0	0.22
285000	0.23	0.46	0.46	0	0	0.23
285100	0.24	0.46	0.46	0	0	0.24
285200	0.24	0.46	0.46	0	0	0.24
285300	0.24	0.46	0.46	0	0	0.24
285400	0.25	0.46	0.46	0	0	0.25
285500	0.24	0.46	0.46	0	0	0.24
285600	0.24	0.46	0.46	0	0	0.24
285700	0.24	0.46	0.46	0	0	0.24
285800	0.24	0.46	0.46	0	0	0.24
285900	0.24	0.46	0.46	0	0	0.24
286000	0.25	0.46	0.46	0	0	0.25
286100	0.25	0.46	0.46	0	0	0.25
286200	0.25	0.46	0.46	0	0	0.25
286300	0.26	0.46	0.46	0	0	0.26
286400	0.26	0.46	0.46	0	0	0.26
286500	0.26	0.46	0.46	0	0	0.26
286600	0.26	0.46	0.46	0	0	0.26
286700	0.26	0.46	0.46	0	0	0.26
286800	0.26	0.46	0.46	0	0	0.26
286900	0.26	0.46	0.46	0	0	0.26
287000	0.28	0.46	0.46	0	0	0.28
287100	0.29	0.46	0.46	0	0	0.29
287200	0.29	0.47	0.47	0	0	0.29
287300	0.29	0.47	0.47	0	0	0.29
287400	0.29	0.47	0.47	0	0	0.29
287500	0.29	0.47	0.47	0	0	0.29
287600	0.28	0.47	0.47	0	0	0.28
287700	0.28	0.47	0.47	0	0	0.28
287800	0.28	0.47	0.47	0	0	0.28
287900	0.28	0.47	0.47	0	0	0.28
288000	0.29	0.47	0.47	0	0	0.29
288100	0.29	0.47	0.47	0	0	0.29
288200	0.29	0.47	0.47	0	0	0.29
288300	0.29	0.47	0.47	0	0	0.29
288400	0.29	0.48	0.48	0	0	0.29
288500	0.29	0.47	0.47	0	0	0.29
288600	0.29	0.47	0.47	0	0	0.29
288700	0.29	0.47	0.47	0	0	0.29
288800	0.31	0.47	0.47	0	0	0.31
288900	0.32	0.47	0.47	0	0	0.32
289000	0.34	0.47	0.47	0	0	0.34
289100	0.35	0.47	0.47	0	0	0.35
289200	0.35	0.47	0.47	0	0	0.35
289300	0.34	0.47	0.47	0	0	0.34
289400	0.34	0.47	0.47	0	0	0.34
289500	0.33	0.47	0.47	0	0	0.33
289600	0.33	0.47	0.47	0	0	0.33
289700	0.33	0.47	0.47	0	0	0.33
289800	0.33	0.47	0.47	0	0	0.33
289900	0.33	0.47	0.47	0	0	0.33
290000	0.33	0.47	0.47	0	0	0.33
290100	0.33	0.47	0.47	0	0	0.33
290200	0.33	0.47	0.47	0	0	0.33
290300	0.33	0.47	0.47	0	0	0.33
290400	0.33	0.47	0.47	0	0	0.33
290500	0.33	0.47	0.47	0	0	0.33
290600	0.34	0.47	0.47	0	0	0.34
290700	0.34	0.47	0.47	0	0	0.34
290800	0.35	0.47	0.47	0	0	0.35
290900	0.35	0.47	0.47	0	0	0.35
291000	0.35	0.47	0.47	0	0	0.35
291100	0.35	0.47	0.47	0	0	0.35
291200	0.35	0.47	0.47	0	0	0.35
291300	0.35	0.47	0.47	0	0	0.35
291400	0.35	0.47	0.47	0	0	0.35
291500	0.35	0.47	0.47	0	0	0.35
291600	0.35	0.47	0.47	0	0	0.35
291700	0.35	0.47	0.47	0	0	0.35
291800	0.35	0.47	0.47	0	0	0.35
291900	0.35	0.47	0.47	0	0	0.35
292000	0.37	0.47	0.47	0	0	0.37
292100	0.37	0.47	0.47	0	0	0.37
292200	0.37	0.47	0.47	0	0	0.37
292300	0.37	0.47	0.47	0	0	0.37
292400	0.37	0.47	0.47	0	0	0.37
292500	0.37	0.47	0.47	0	0	0.37
292600	0.37	0.47	0.47	0	0	0.37
292700	0.38	0.47	0.47	0	0	0.38
292800	0.37	0.47	0.47	0	0	0.37
292900	0.37	0.47	0.47	0	0	0.37
293000	0.37	0.47	0.47	0	0	0.37
293100	0.38	0.47	0.47	0	0	0.38
293200	0.38	0.47	0.47	0	0	0.38
293300	0.38	0.47	0.47	0	0	0.38
293400	0.39	0.47	0.47	0	0	0.39
293500	0.39	0.47	0.47	0	0	0.39
293600	0.39	0.47	0.47	0	0	0.39
293700	0.39	0.47	0.47	0	0	0.39
293800	0.39	0.47	0.47	0	0	0.39
293900	0.39	0.47	0.47	0	0	0.39
294000	0.39	0.47	0.47	0	0	0.39
294100	0.39	0.47	0.47	0	0	0.39
294200	0.39	0.47	0.47	0	0	0.39
294300	0.39	0.47	0.47	0	0	0.39
294400	0.4	0.47	0.47	0	0	0.4
294500	0.4	0.47	0.47	0	0	0.4
294600	0.41	0.47	0.47	0	0	0.41
294700	0.41	0.47	0.47	0	0	0.41
294800	0.41	0.47	0.47	0	0	0.41
294900	0.41	0.47	0.47	0	0	0.41
295000	0.42	0.48	0.48	0	0	0.42
295100	0.42	0.48	0.48	0	0	0.42
295200	0.41	0.47	0.47	0	0	0.41
295300	0.41	0.47	0.47	0	0	0.41
295400	0.41	0.47	0.47	0	0	0.41
295500	0.41	0.47	0.47	0	0	0.41
295600	0.41	0.47	0.47	0	0	0.41
295700	0.41	0.47	0.47	0	0	0.41
295800	0.41	0.47	0.47	0	0	0.41
295900	0.41	0.47	0.47	0	0	0.41
296000	0.41	0.47	0.47	0	0	0.41
296100	0.41	0.47	0.47	0	0	0.41
296200	0.41	0.47	0.47	0	0	0.41
296300	0.41	0.47	0.47	0	0	0.41
296400	0.41	0.47	0.47	0	0	0.41
296500	0.41	0.47	0.47	0	0	0.41
296600	0.41	0.47	0.47	0	0	0.41
296700	0.41	0.47	0.47	0	0	0.41
296800	0.42	0.47	0.47	0	0	0.42
296900	0.42	0.47	0.47	0	0	0.42
297000	0.42	0.47	0.47	0	0	0.42
297100	0.43	0.47	0.47	0	0	0.43
297200	0.44	0.47	0.47	0	0	0.44
297300	0.44	0.47	0.47	0	0	0.44
297400	0.44	0.47	0.47	0	0	0.44
297500	0.43	0.47	0.47	0	0	0.43
297600	0.43	0.46	0.46	0	0	0.43
297700	0.44	0.46	0.46	0	0	0.44
297800	0.44	0.46	0.46	0	0	0.44
297900	0.44	0.46	0.46	0	0	0.44
298000	0.44	0.46	0.46	0	0	0.44
298100	0.44	0.46	0.46	0	0	0.44
298200	0.44	0.46	0.46	0	0	0.44
298300	0.44	0.46	0.46	0	0	0.44
298400	0.44	0.46	0.46	0	0	0.44
298500	0.45	0.46	0.46	0	0	0.45
298600	0.45	0.46	0.46	0	0	0.45
298700	0.45	0.46	0.46	0	0	0.45
298800	0.46	0.46	0.46	0	0	0.46
298900	0.46	0.46	0.46	0	0	0.46
299000	0.46	0.46	0.46	0	0	0.46
299100	0.46	0.46	0.46	0	0	0.46
299200	0.46	0.46	0.46	0	0	0.46
299300	0.46	0.46	0.46	0	0	0.46
299400	0.46	0.46	0.46	0	0	0.46
299500	0.46	0.46	0.46	0	0	0.46
299600	0.46	0.46	0.46	0	0	0.46
299700	0.46	0.46	0.46	0	0	0.46
299800	0.46	0.46	0.46	0	0	0.46
299900	0.46	0.46	0.46	0	0	0.46
300000	0.47	0.46	0.46	0	0	0.47
