100	0.06	0.02	0.02	0	0	0.06
200	0.05	0.02	0.02	0	0	0.05
300	0.07	0.03	0.03	0	0	0.07
400	0.06	0.06	0.06	0	0	0.06
500	0.07	0.05	0.05	0	0	0.07
600	0.06	0.05	0.05	0	0	0.06
700	0.05	0.05	0.05	0	0	0.05
800	0.05	0.05	0.05	0	0	0.05
900	0.05	0.05	0.05	0	0	0.05
1000	0.05	0.05	0.05	0	0	0.05
1100	0.02	0.04	0.04	0	0	0.02
1200	0.01	0.04	0.04	0	0	0.01
1300	0.01	0.02	0.02	0	0	0.01
1400	0.01	0.01	0.01	0	0	0.01
1500	0.02	0	0	0	0	0.02
1600	0.02	0.01	0.01	0	0	0.02
1700	0.02	0.01	0.01	0	0	0.02
1800	0.03	0.01	0.01	0	0	0.03
1900	0.04	0	0	0	0	0.04
2000	0.05	0	0	0	0	0.05
2100	0.05	0.01	0.01	0	0	0.05
2200	0.05	0.01	0.01	0	0	0.05
2300	0.04	0.02	0.02	0	0	0.04
2400	0.03	0.02	0.02	0	0	0.03
2500	0.03	0.02	0.02	0	0	0.03
2600	0.04	0.03	0.03	0	0	0.04
2700	0.04	0.03	0.03	0	0	0.04
2800	0.03	0.03	0.03	0	0	0.03
2900	0.05	0.02	0.02	0	0	0.05
3000	0.03	0.02	0.02	0	0	0.03
3100	0.01	0.01	0.01	0	0	0.01
3200	0.01	0.01	0.01	0	0	0.01
3300	0.02	0.01	0.01	0	0	0.02
3400	0.04	0.02	0.02	0	0	0.04
3500	0.04	0.03	0.03	0	0	0.04
3600	0.02	0.03	0.03	0	0	0.02
3700	0.02	0	0	0	0	0.02
3800	0.04	0.01	0.01	0	0	0.04
3900	0.05	0.02	0.02	0	0	0.05
4000	0.04	0.03	0.03	0	0	0.04
4100	0.06	0.04	0.04	0	0	0.06
4200	0.05	0.05	0.05	0	0	0.05
4300	0.04	0.02	0.02	0	0	0.04
4400	0.05	0.02	0.02	0	0	0.05
4500	0.04	0.01	0.01	0	0	0.04
4600	0.04	0	0	0	0	0.04
4700	0.04	0	0	0	0	0.04
4800	0.05	0.01	0.01	0	0	0.05
4900	0.04	0.02	0.02	0	0	0.04
5000	0.02	0.02	0.02	0	0	0.02
5100	0.01	0.02	0.02	0	0	0.01
5200	0.01	0.01	0.01	0	0	0.01
5300	0.01	0.01	0.01	0	0	0.01
5400	0.01	0.01	0.01	0	0	0.01
5500	0.01	0.02	0.02	0	0	0.01
5600	0.01	0.02	0.02	0	0	0.01
5700	0.03	0.04	0.04	0	0	0.03
5800	0.02	0.05	0.05	0	0	0.02
5900	0.02	0.05	0.05	0	0	0.02
6000	0.04	0.04	0.04	0	0	0.04
6100	0.04	0.03	0.03	0	0	0.04
6200	0.05	0.02	0.02	0	0	0.05
6300	0.04	0.01	0.01	0	0	0.04
6400	0.04	0.02	0.02	0	0	0.04
6500	0.04	0.01	0.01	0	0	0.04
6600	0.03	0.01	0.01	0	0	0.03
6700	0.03	0.01	0.01	0	0	0.03
6800	0.01	0.02	0.02	0	0	0.01
6900	0	0.04	0.04	0	0	0
7000	0.02	0.04	0.04	0	0	0.02
7100	0.01	0.04	0.04	0	0	0.01
7200	0.02	0.03	0.03	0	0	0.02
7300	0.03	0.02	0.02	0	0	0.03
7400	0.04	0.03	0.03	0	0	0.04
7500	0.04	0.01	0.01	0	0	0.04
7600	0.04	0.01	0.01	0	0	0.04
7700	0.04	0.02	0.02	0	0	0.04
7800	0.03	0.03	0.03	0	0	0.03
7900	0.02	0.02	0.02	0	0	0.02
8000	0.03	0.01	0.01	0	0	0.03
8100	0.02	0.01	0.01	0	0	0.02
8200	0.02	0.02	0.02	0	0	0.02
8300	0.03	0.03	0.03	0	0	0.03
8400	0.03	0.03	0.03	0	0	0.03
8500	0.04	0.04	0.04	0	0	0.04
8600	0.02	0.05	0.05	0	0	0.02
8700	0.02	0.03	0.03	0	0	0.02
8800	0.03	0.02	0.02	0	0	0.03
8900	0.04	0	0	0	0	0.04
9000	0.04	0.01	0.01	0	0	0.04
9100	0.02	0.03	0.03	0	0	0.02
9200	0.03	0.02	0.02	0	0	0.03
9300	0.06	0.01	0.01	0	0	0.06
9400	0.04	0.02	0.02	0	0	0.04
9500	0.03	0.02	0.02	0	0	0.03
9600	0.02	0.02	0.02	0	0	0.02
9700	0.02	0.03	0.03	0	0	0.02
9800	0.02	0.06	0.06	0	0	0.02
9900	0.04	0.07	0.07	0	0	0.04
10000	0.04	0.07	0.07	0	0	0.04
10100	0.03	0.07	0.07	0	0	0.03
10200	0.04	0.05	0.05	0	0	0.04
10300	0.03	0.05	0.05	0	0	0.03
10400	0.04	0.05	0.05	0	0	0.04
10500	0.04	0.05	0.05	0	0	0.04
10600	0.04	0.05	0.05	0	0	0.04
10700	0.03	0.03	0.03	0	0	0.03
10800	0.04	0.01	0.01	0	0	0.04
10900	0.06	0	0	0	0	0.06
11000	0.04	0.02	0.02	0	0	0.04
11100	0.04	0.03	0.03	0	0	0.04
11200	0.03	0	0	0	0	0.03
11300	0.04	0.01	0.01	0	0	0.04
11400	0.04	0.04	0.04	0	0	0.04
11500	0.04	0.06	0.06	0	0	0.04
11600	0.02	0.08	0.08	0	0	0.02
11700	0.01	0.07	0.07	0	0	0.01
11800	0.01	0.06	0.06	0	0	0.01
11900	0.01	0.07	0.07	0	0	0.01
12000	0.01	0.06	0.06	0	0	0.01
12100	0.01	0.06	0.06	0	0	0.01
12200	0.01	0.08	0.08	0	0	0.01
12300	0.05	0.06	0.06	0	0	0.05
12400	0.04	0.07	0.07	0	0	0.04
12500	0.06	0.05	0.05	0	0	0.06
12600	0.04	0.03	0.03	0	0	0.04
12700	0.03	0.02	0.02	0	0	0.03
12800	0.05	0.04	0.04	0	0	0.05
12900	0.03	0.03	0.03	0	0	0.03
13000	0.02	0.03	0.03	0	0	0.02
13100	0.02	0.03	0.03	0	0	0.02
13200	0.01	0.03	0.03	0	0	0.01
13300	0.02	0.02	0.02	0	0	0.02
13400	0.02	0.01	0.01	0	0	0.02
13500	0.02	0.02	0.02	0	0	0.02
13600	0.02	0.02	0.02	0	0	0.02
13700	0.03	0.03	0.03	0	0	0.03
13800	0.04	0.03	0.03	0	0	0.04
13900	0.02	0.05	0.05	0	0	0.02
14000	0	0.06	0.06	0	0	0
14100	0	0.04	0.04	0	0	0
14200	0	0.03	0.03	0	0	0
14300	0	0.04	0.04	0	0	0
14400	0.01	0.05	0.05	0	0	0.01
14500	0.01	0.03	0.03	0	0	0.01
14600	0.02	0.03	0.03	0	0	0.02
14700	0.01	0.02	0.02	0	0	0.01
14800	0.01	0	0	0	0	0.01
14900	0	0.01	0.01	0	0	0
15000	0.01	0.01	0.01	0	0	0.01
15100	0.02	0.02	0.02	0	0	0.02
15200	0.03	0.02	0.02	0	0	0.03
15300	0.03	0.01	0.01	0	0	0.03
15400	0.03	0.03	0.03	0	0	0.03
15500	0.02	0.05	0.05	0	0	0.02
15600	0	0.07	0.07	0	0	0
15700	0	0.07	0.07	0	0	0
15800	0.01	0.06	0.06	0	0	0.01
15900	0.01	0.06	0.06	0	0	0.01
16000	0.02	0.07	0.07	0	0	0.02
16100	0.02	0.06	0.06	0	0	0.02
16200	0.02	0.06	0.06	0	0	0.02
16300	0.01	0.06	0.06	0	0	0.01
16400	0.01	0.07	0.07	0	0	0.01
16500	0.02	0.06	0.06	0	0	0.02
16600	0.02	0.06	0.06	0	0	0.02
16700	0.01	0.07	0.07	0	0	0.01
16800	0.01	0.05	0.05	0	0	0.01
16900	0.02	0.05	0.05	0	0	0.02
17000	0.02	0.03	0.03	0	0	0.02
17100	0	0.04	0.04	0	0	0
17200	0.02	0.02	0.02	0	0	0.02
17300	0.02	0.02	0.02	0	0	0.02
17400	0.01	0.03	0.03	0	0	0.01
17500	0.01	0.05	0.05	0	0	0.01
17600	0.01	0.04	0.04	0	0	0.01
17700	0.01	0.05	0.05	0	0	0.01
17800	0.02	0.04	0.04	0	0	0.02
17900	0.02	0.04	0.04	0	0	0.02
18000	0.01	0.03	0.03	0	0	0.01
18100	0.03	0.02	0.02	0	0	0.03
18200	0.04	0.03	0.03	0	0	0.04
18300	0.01	0.03	0.03	0	0	0.01
18400	0.02	0.04	0.04	0	0	0.02
18500	0.01	0.03	0.03	0	0	0.01
18600	0.02	0.03	0.03	0	0	0.02
18700	0.04	0.04	0.04	0	0	0.04
18800	0.02	0.03	0.03	0	0	0.02
18900	0.02	0.03	0.03	0	0	0.02
19000	0.05	0.04	0.04	0	0	0.05
19100	0.05	0.04	0.04	0	0	0.05
19200	0.03	0.05	0.05	0	0	0.03
19300	0.03	0.04	0.04	0	0	0.03
19400	0.03	0.05	0.05	0	0	0.03
19500	0.02	0.06	0.06	0	0	0.02
19600	0.02	0.06	0.06	0	0	0.02
19700	0.02	0.06	0.06	0	0	0.02
19800	0.02	0.06	0.06	0	0	0.02
19900	0.02	0.04	0.04	0	0	0.02
20000	0.01	0.04	0.04	0	0	0.01
20100	0.02	0.04	0.04	0	0	0.02
20200	0.02	0.03	0.03	0	0	0.02
20300	0.01	0.03	0.03	0	0	0.01
20400	0.01	0.01	0.01	0	0	0.01
20500	0.01	0.01	0.01	0	0	0.01
20600	0.02	0.01	0.01	0	0	0.02
20700	0.03	0.02	0.02	0	0	0.03
20800	0.03	0.04	0.04	0	0	0.03
20900	0.03	0.03	0.03	0	0	0.03
21000	0.03	0.04	0.04	0	0	0.03
21100	0.03	0.04	0.04	0	0	0.03
21200	0.03	0.05	0.05	0	0	0.03
21300	0.05	0.05	0.05	0	0	0.05
21400	0.04	0.04	0.04	0	0	0.04
21500	0.03	0.03	0.03	0	0	0.03
21600	0.03	0.04	0.04	0	0	0.03
21700	0.01	0.06	0.06	0	0	0.01
21800	0.02	0.05	0.05	0	0	0.02
21900	0.04	0.06	0.06	0	0	0.04
22000	0.03	0.03	0.03	0	0	0.03
22100	0.05	0.04	0.04	0	0	0.05
22200	0.05	0.03	0.03	0	0	0.05
22300	0.05	0.05	0.05	0	0	0.05
22400	0.05	0.03	0.03	0	0	0.05
22500	0.03	0.02	0.02	0	0	0.03
22600	0.03	0.02	0.02	0	0	0.03
22700	0.02	0.02	0.02	0	0	0.02
22800	0.03	0.02	0.02	0	0	0.03
22900	0.05	0.01	0.01	0	0	0.05
23000	0.02	0.01	0.01	0	0	0.02
23100	0.01	0	0	0	0	0.01
23200	0.01	0.02	0.02	0	0	0.01
23300	0	0.02	0.02	0	0	0
23400	0	0.02	0.02	0	0	0
23500	0	0.03	0.03	0	0	0
23600	0	0.03	0.03	0	0	0
23700	0.01	0.05	0.05	0	0	0.01
23800	0.01	0.06	0.06	0	0	0.01
23900	0.01	0.05	0.05	0	0	0.01
24000	0.03	0.04	0.04	0	0	0.03
24100	0.03	0.03	0.03	0	0	0.03
24200	0.02	0.04	0.04	0	0	0.02
24300	0.01	0.03	0.03	0	0	0.01
24400	0.02	0.04	0.04	0	0	0.02
24500	0.03	0.03	0.03	0	0	0.03
24600	0.02	0.02	0.02	0	0	0.02
24700	0	0.02	0.02	0	0	0
24800	0	0.03	0.03	0	0	0
24900	0	0.01	0.01	0	0	0
25000	0.01	0.02	0.02	0	0	0.01
25100	0.02	0.04	0.04	0	0	0.02
25200	0.03	0.04	0.04	0	0	0.03
25300	0.05	0.02	0.02	0	0	0.05
25400	0.05	0.01	0.01	0	0	0.05
25500	0.06	0	0	0	0	0.06
25600	0.07	0.01	0.01	0	0	0.07
25700	0.08	0.02	0.02	0	0	0.08
25800	0.06	0.02	0.02	0	0	0.06
25900	0.05	0.02	0.02	0	0	0.05
26000	0.04	0.03	0.03	0	0	0.04
26100	0.04	0.02	0.02	0	0	0.04
26200	0.02	0.01	0.01	0	0	0.02
26300	0.02	0	0	0	0	0.02
26400	0.02	0	0	0	0	0.02
26500	0.03	0.01	0.01	0	0	0.03
26600	0.03	0.02	0.02	0	0	0.03
26700	0.03	0.02	0.02	0	0	0.03
26800	0.03	0.02	0.02	0	0	0.03
26900	0.05	0.04	0.04	0	0	0.05
27000	0.04	0.04	0.04	0	0	0.04
27100	0.03	0.01	0.01	0	0	0.03
27200	0.01	0.01	0.01	0	0	0.01
27300	0.02	0.02	0.02	0	0	0.02
27400	0.01	0.02	0.02	0	0	0.01
27500	0.01	0.02	0.02	0	0	0.01
27600	0	0.04	0.04	0	0	0
27700	0	0.03	0.03	0	0	0
27800	0.03	0.02	0.02	0	0	0.03
27900	0.03	0.01	0.01	0	0	0.03
28000	0.02	0.01	0.01	0	0	0.02
28100	0.03	0.01	0.01	0	0	0.03
28200	0.04	0.02	0.02	0	0	0.04
28300	0.04	0.02	0.02	0	0	0.04
28400	0.02	0	0	0	0	0.02
28500	0.01	0	0	0	0	0.01
28600	0.01	0	0	0	0	0.01
28700	0.01	0	0	0	0	0.01
28800	0.01	0.01	0.01	0	0	0.01
28900	0.01	0.02	0.02	0	0	0.01
29000	0.01	0.02	0.02	0	0	0.01
29100	0.01	0.02	0.02	0	0	0.01
29200	0.01	0.01	0.01	0	0	0.01
29300	0.02	0.01	0.01	0	0	0.02
29400	0.02	0.03	0.03	0	0	0.02
29500	0.01	0.02	0.02	0	0	0.01
29600	0.03	0.04	0.04	0	0	0.03
29700	0.04	0.04	0.04	0	0	0.04
29800	0.02	0.03	0.03	0	0	0.02
29900	0.02	0.03	0.03	0	0	0.02
30000	0.03	0.04	0.04	0	0	0.03
30100	0.02	0.04	0.04	0	0	0.02
30200	0.03	0.03	0.03	0	0	0.03
30300	0.04	0.03	0.03	0	0	0.04
30400	0.04	0.04	0.04	0	0	0.04
30500	0.03	0.05	0.05	0	0	0.03
30600	0.03	0.04	0.04	0	0	0.03
30700	0.03	0.04	0.04	0	0	0.03
30800	0.01	0.01	0.01	0	0	0.01
30900	0.02	0.01	0.01	0	0	0.02
31000	0.03	0.02	0.02	0	0	0.03
31100	0.05	0.04	0.04	0	0	0.05
31200	0.04	0.04	0.04	0	0	0.04
31300	0.03	0.04	0.04	0	0	0.03
31400	0.03	0.02	0.02	0	0	0.03
31500	0.02	0.01	0.01	0	0	0.02
31600	0.01	0.01	0.01	0	0	0.01
31700	0.04	0.03	0.03	0	0	0.04
31800	0.04	0.02	0.02	0	0	0.04
31900	0.05	0.02	0.02	0	0	0.05
32000	0.06	0.01	0.01	0	0	0.06
32100	0.06	0.01	0.01	0	0	0.06
32200	0.06	0.01	0.01	0	0	0.06
32300	0.03	0.02	0.02	0	0	0.03
32400	0.01	0.04	0.04	0	0	0.01
32500	0.02	0.04	0.04	0	0	0.02
32600	0.02	0.05	0.05	0	0	0.02
32700	0.04	0.06	0.06	0	0	0.04
32800	0.04	0.04	0.04	0	0	0.04
32900	0.04	0.01	0.01	0	0	0.04
33000	0.01	0	0	0	0	0.01
33100	0.01	0	0	0	0	0.01
33200	0.01	0.02	0.02	0	0	0.01
33300	0.04	0.02	0.02	0	0	0.04
33400	0.03	0.01	0.01	0	0	0.03
33500	0.03	0.02	0.02	0	0	0.03
33600	0.01	0.01	0.01	0	0	0.01
33700	0.02	0.01	0.01	0	0	0.02
33800	0.02	0.02	0.02	0	0	0.02
33900	0.01	0.03	0.03	0	0	0.01
34000	0.02	0.03	0.03	0	0	0.02
34100	0.01	0.01	0.01	0	0	0.01
34200	0.02	0	0	0	0	0.02
34300	0.02	0	0	0	0	0.02
34400	0.03	0	0	0	0	0.03
34500	0.04	0	0	0	0	0.04
34600	0.04	0.01	0.01	0	0	0.04
34700	0.07	0.01	0.01	0	0	0.07
34800	0.08	0.02	0.02	0	0	0.08
34900	0.06	0.03	0.03	0	0	0.06
35000	0.04	0.03	0.03	0	0	0.04
35100	0.03	0.02	0.02	0	0	0.03
35200	0.04	0.02	0.02	0	0	0.04
35300	0.03	0.03	0.03	0	0	0.03
35400	0.02	0.03	0.03	0	0	0.02
35500	0.02	0.03	0.03	0	0	0.02
35600	0.05	0.04	0.04	0	0	0.05
35700	0.05	0.05	0.05	0	0	0.05
35800	0.05	0.04	0.04	0	0	0.05
35900	0.05	0.01	0.01	0	0	0.05
36000	0.04	0.01	0.01	0	0	0.04
36100	0.03	0.02	0.02	0	0	0.03
36200	0.02	0.02	0.02	0	0	0.02
36300	0.03	0.02	0.02	0	0	0.03
36400	0.02	0.03	0.03	0	0	0.02
36500	0.03	0.02	0.02	0	0	0.03
36600	0.02	0.02	0.02	0	0	0.02
36700	0.03	0.03	0.03	0	0	0.03
36800	0.02	0.01	0.01	0	0	0.02
36900	0.02	0.01	0.01	0	0	0.02
37000	0.03	0.02	0.02	0	0	0.03
37100	0.03	0.05	0.05	0	0	0.03
37200	0.02	0.05	0.05	0	0	0.02
37300	0.02	0.05	0.05	0	0	0.02
37400	0.02	0.05	0.05	0	0	0.02
37500	0.01	0.04	0.04	0	0	0.01
37600	0.02	0.03	0.03	0	0	0.02
37700	0.02	0.02	0.02	0	0	0.02
37800	0.03	0.01	0.01	0	0	0.03
37900	0.02	0	0	0	0	0.02
38000	0.04	0.03	0.03	0	0	0.04
38100	0.03	0.04	0.04	0	0	0.03
38200	0.03	0.06	0.06	0	0	0.03
38300	0.03	0.05	0.05	0	0	0.03
38400	0.02	0.02	0.02	0	0	0.02
38500	0.01	0.01	0.01	0	0	0.01
38600	0	0.01	0.01	0	0	0
38700	0	0.02	0.02	0	0	0
38800	0	0.01	0.01	0	0	0
38900	0	0.01	0.01	0	0	0
39000	0.01	0.02	0.02	0	0	0.01
39100	0.03	0.02	0.02	0	0	0.03
39200	0.05	0.02	0.02	0	0	0.05
39300	0.05	0.02	0.02	0	0	0.05
39400	0.05	0.02	0.02	0	0	0.05
39500	0.04	0.01	0.01	0	0	0.04
39600	0.05	0.02	0.02	0	0	0.05
39700	0.04	0.02	0.02	0	0	0.04
39800	0.03	0.03	0.03	0	0	0.03
39900	0.04	0.03	0.03	0	0	0.04
40000	0.03	0.04	0.04	0	0	0.03
40100	0.01	0.04	0.04	0	0	0.01
40200	0.01	0.03	0.03	0	0	0.01
40300	0.01	0.03	0.03	0	0	0.01
40400	0.03	0.02	0.02	0	0	0.03
40500	0.02	0.02	0.02	0	0	0.02
40600	0.02	0.02	0.02	0	0	0.02
40700	0.02	0.02	0.02	0	0	0.02
40800	0.04	0.02	0.02	0	0	0.04
40900	0.04	0.02	0.02	0	0	0.04
41000	0.03	0.03	0.03	0	0	0.03
41100	0.03	0.05	0.05	0	0	0.03
41200	0.03	0.03	0.03	0	0	0.03
41300	0.02	0.02	0.02	0	0	0.02
41400	0.01	0.01	0.01	0	0	0.01
41500	0.01	0.03	0.03	0	0	0.01
41600	0.02	0.05	0.05	0	0	0.02
41700	0.02	0.06	0.06	0	0	0.02
41800	0.04	0.05	0.05	0	0	0.04
41900	0.03	0.05	0.05	0	0	0.03
42000	0.02	0.02	0.02	0	0	0.02
42100	0.01	0.02	0.02	0	0	0.01
42200	0.02	0.03	0.03	0	0	0.02
42300	0.03	0.03	0.03	0	0	0.03
42400	0.03	0.01	0.01	0	0	0.03
42500	0.03	0.01	0.01	0	0	0.03
42600	0.04	0.03	0.03	0	0	0.04
42700	0.04	0.03	0.03	0	0	0.04
42800	0.03	0.01	0.01	0	0	0.03
42900	0.03	0	0	0	0	0.03
43000	0.04	0	0	0	0	0.04
43100	0.04	0.01	0.01	0	0	0.04
43200	0.04	0	0	0	0	0.04
43300	0.03	0	0	0	0	0.03
43400	0.02	0	0	0	0	0.02
43500	0.01	0	0	0	0	0.01
43600	0	0.02	0.02	0	0	0
43700	0	0.04	0.04	0	0	0
43800	0	0.04	0.04	0	0	0
43900	0.01	0.03	0.03	0	0	0.01
44000	0.02	0.04	0.04	0	0	0.02
44100	0.03	0.02	0.02	0	0	0.03
44200	0.03	0.01	0.01	0	0	0.03
44300	0.01	0	0	0	0	0.01
44400	0.02	0	0	0	0	0.02
44500	0.02	0	0	0	0	0.02
44600	0	0.01	0.01	0	0	0
44700	0	0.02	0.02	0	0	0
44800	0	0.03	0.03	0	0	0
44900	0.01	0.01	0.01	0	0	0.01
45000	0.01	0.01	0.01	0	0	0.01
45100	0.01	0.01	0.01	0	0	0.01
45200	0.01	0.02	0.02	0	0	0.01
45300	0.03	0.04	0.04	0	0	0.03
45400	0.02	0.03	0.03	0	0	0.02
45500	0.01	0.04	0.04	0	0	0.01
45600	0.03	0.03	0.03	0	0	0.03
45700	0.02	0.03	0.03	0	0	0.02
45800	0.02	0.04	0.04	0	0	0.02
45900	0.02	0.03	0.03	0	0	0.02
46000	0.01	0.01	0.01	0	0	0.01
46100	0.02	0.01	0.01	0	0	0.02
46200	0.02	0.01	0.01	0	0	0.02
46300	0.02	0.02	0.02	0	0	0.02
46400	0.02	0.03	0.03	0	0	0.02
46500	0.02	0.03	0.03	0	0	0.02
46600	0	0.03	0.03	0	0	0
46700	0.01	0.06	0.06	0	0	0.01
46800	0.01	0.05	0.05	0	0	0.01
46900	0.01	0.04	0.04	0	0	0.01
47000	0.02	0.03	0.03	0	0	0.02
47100	0.01	0.04	0.04	0	0	0.01
47200	0.01	0.05	0.05	0	0	0.01
47300	0	0.05	0.05	0	0	0
47400	0	0.03	0.03	0	0	0
47500	0.01	0.04	0.04	0	0	0.01
47600	0.01	0.05	0.05	0	0	0.01
47700	0.01	0.04	0.04	0	0	0.01
47800	0.03	0.06	0.06	0	0	0.03
47900	0.04	0.06	0.06	0	0	0.04
48000	0.05	0.04	0.04	0	0	0.05
48100	0.05	0.04	0.04	0	0	0.05
48200	0.05	0.05	0.05	0	0	0.05
48300	0.05	0.05	0.05	0	0	0.05
48400	0.04	0.06	0.06	0	0	0.04
48500	0.03	0.06	0.06	0	0	0.03
48600	0.05	0.07	0.07	0	0	0.05
48700	0.05	0.04	0.04	0	0	0.05
48800	0.06	0.06	0.06	0	0	0.06
48900	0.05	0.06	0.06	0	0	0.05
49000	0.05	0.05	0.05	0	0	0.05
49100	0.04	0.06	0.06	0	0	0.04
49200	0.04	0.05	0.05	0	0	0.04
49300	0.04	0.02	0.02	0	0	0.04
49400	0.05	0	0	0	0	0.05
49500	0.05	0	0	0	0	0.05
49600	0.04	0	0	0	0	0.04
49700	0.04	0.02	0.02	0	0	0.04
49800	0.03	0.04	0.04	0	0	0.03
49900	0.04	0.04	0.04	0	0	0.04
50000	0.05	0.05	0.05	0	0	0.05
50100	0.04	0.05	0.05	0	0	0.04
50200	0.03	0.05	0.05	0	0	0.03
50300	0.02	0.05	0.05	0	0	0.02
50400	0.01	0.03	0.03	0	0	0.01
50500	0.01	0.02	0.02	0	0	0.01
50600	0	0.03	0.03	0	0	0
50700	0.01	0.02	0.02	0	0	0.01
50800	0.01	0.01	0.01	0	0	0.01
50900	0.03	0.02	0.02	0	0	0.03
51000	0.04	0.03	0.03	0	0	0.04
51100	0.05	0.03	0.03	0	0	0.05
51200	0.06	0.02	0.02	0	0	0.06
51300	0.05	0.02	0.02	0	0	0.05
51400	0.03	0.01	0.01	0	0	0.03
51500	0.02	0.01	0.01	0	0	0.02
51600	0.02	0.03	0.03	0	0	0.02
51700	0.02	0.03	0.03	0	0	0.02
51800	0.03	0.03	0.03	0	0	0.03
51900	0.01	0.03	0.03	0	0	0.01
52000	0.01	0	0	0	0	0.01
52100	0.04	0.01	0.01	0	0	0.04
52200	0.05	0.01	0.01	0	0	0.05
52300	0.06	0.03	0.03	0	0	0.06
52400	0.05	0.03	0.03	0	0	0.05
52500	0.04	0.02	0.02	0	0	0.04
52600	0.05	0.02	0.02	0	0	0.05
52700	0.05	0.01	0.01	0	0	0.05
52800	0.03	0.02	0.02	0	0	0.03
52900	0.03	0.03	0.03	0	0	0.03
53000	0.04	0.02	0.02	0	0	0.04
53100	0.06	0.02	0.02	0	0	0.06
53200	0.06	0.02	0.02	0	0	0.06
53300	0.05	0.02	0.02	0	0	0.05
53400	0.03	0.01	0.01	0	0	0.03
53500	0.05	0.02	0.02	0	0	0.05
53600	0.04	0.02	0.02	0	0	0.04
53700	0.05	0	0	0	0	0.05
53800	0.07	0.01	0.01	0	0	0.07
53900	0.05	0.02	0.02	0	0	0.05
54000	0.06	0.03	0.03	0	0	0.06
54100	0.04	0.03	0.03	0	0	0.04
54200	0.04	0.02	0.02	0	0	0.04
54300	0.03	0.04	0.04	0	0	0.03
54400	0.04	0.06	0.06	0	0	0.04
54500	0.04	0.08	0.08	0	0	0.04
54600	0.03	0.08	0.08	0	0	0.03
54700	0.03	0.08	0.08	0	0	0.03
54800	0.02	0.05	0.05	0	0	0.02
54900	0.02	0.06	0.06	0	0	0.02
55000	0.02	0.06	0.06	0	0	0.02
55100	0.04	0.04	0.04	0	0	0.04
55200	0.02	0.03	0.03	0	0	0.02
55300	0.03	0.03	0.03	0	0	0.03
55400	0.03	0.04	0.04	0	0	0.03
55500	0.04	0.06	0.06	0	0	0.04
55600	0.04	0.08	0.08	0	0	0.04
55700	0.05	0.08	0.08	0	0	0.05
55800	0.02	0.07	0.07	0	0	0.02
55900	0.02	0.06	0.06	0	0	0.02
56000	0.01	0.05	0.05	0	0	0.01
56100	0.02	0.06	0.06	0	0	0.02
56200	0.01	0.08	0.08	0	0	0.01
56300	0.01	0.07	0.07	0	0	0.01
56400	0.02	0.07	0.07	0	0	0.02
56500	0.02	0.07	0.07	0	0	0.02
56600	0.02	0.07	0.07	0	0	0.02
56700	0.01	0.07	0.07	0	0	0.01
56800	0	0.09	0.09	0	0	0
56900	0.01	0.07	0.07	0	0	0.01
57000	0.02	0.06	0.06	0	0	0.02
57100	0.02	0.06	0.06	0	0	0.02
57200	0.02	0.07	0.07	0	0	0.02
57300	0.03	0.08	0.08	0	0	0.03
57400	0.04	0.08	0.08	0	0	0.04
57500	0.04	0.08	0.08	0	0	0.04
57600	0.04	0.08	0.08	0	0	0.04
57700	0.06	0.08	0.08	0	0	0.06
57800	0.03	0.08	0.08	0	0	0.03
57900	0.04	0.11	0.11	0	0	0.04
58000	0.02	0.11	0.11	0	0	0.02
58100	0.02	0.11	0.11	0	0	0.02
58200	0.02	0.12	0.12	0	0	0.02
58300	0.03	0.13	0.13	0	0	0.03
58400	0.03	0.12	0.12	0	0	0.03
58500	0.01	0.11	0.11	0	0	0.01
58600	0.02	0.13	0.13	0	0	0.02
58700	0.02	0.13	0.13	0	0	0.02
58800	0.02	0.12	0.12	0	0	0.02
58900	0.01	0.13	0.13	0	0	0.01
59000	0.02	0.12	0.12	0	0	0.02
59100	0.03	0.13	0.13	0	0	0.03
59200	0.04	0.12	0.12	0	0	0.04
59300	0.03	0.13	0.13	0	0	0.03
59400	0.03	0.12	0.12	0	0	0.03
59500	0.04	0.13	0.13	0	0	0.04
59600	0.05	0.13	0.13	0	0	0.05
59700	0.03	0.13	0.13	0	0	0.03
59800	0.03	0.13	0.13	0	0	0.03
59900	0.02	0.1	0.1	0	0	0.02
60000	0.02	0.1	0.1	0	0	0.02
60100	0.02	0.1	0.1	0	0	0.02
60200	0.02	0.1	0.1	0	0	0.02
60300	0.03	0.09	0.09	0	0	0.03
60400	0.05	0.09	0.09	0	0	0.05
60500	0.04	0.1	0.1	0	0	0.04
60600	0.04	0.09	0.09	0	0	0.04
60700	0.03	0.11	0.11	0	0	0.03
60800	0.03	0.12	0.12	0	0	0.03
60900	0.03	0.13	0.13	0	0	0.03
61000	0.02	0.1	0.1	0	0	0.02
61100	0.01	0.11	0.11	0	0	0.01
61200	0.01	0.1	0.1	0	0	0.01
61300	0.03	0.1	0.1	0	0	0.03
61400	0.06	0.1	0.1	0	0	0.06
61500	0.06	0.09	0.09	0	0	0.06
61600	0.06	0.1	0.1	0	0	0.06
61700	0.06	0.1	0.1	0	0	0.06
61800	0.04	0.09	0.09	0	0	0.04
61900	0.03	0.08	0.08	0	0	0.03
62000	0.04	0.08	0.08	0	0	0.04
62100	0.03	0.08	0.08	0	0	0.03
62200	0.03	0.08	0.08	0	0	0.03
62300	0.04	0.08	0.08	0	0	0.04
62400	0.05	0.09	0.09	0	0	0.05
62500	0.02	0.1	0.1	0	0	0.02
62600	0.02	0.1	0.1	0	0	0.02
62700	0.03	0.1	0.1	0	0	0.03
62800	0.02	0.1	0.1	0	0	0.02
62900	0.01	0.09	0.09	0	0	0.01
63000	0	0.09	0.09	0	0	0
63100	0	0.09	0.09	0	0	0
63200	0	0.09	0.09	0	0	0
63300	0	0.11	0.11	0	0	0
63400	0.01	0.12	0.12	0	0	0.01
63500	0.01	0.13	0.13	0	0	0.01
63600	0.01	0.14	0.14	0	0	0.01
63700	0.01	0.14	0.14	0	0	0.01
63800	0.03	0.13	0.13	0	0	0.03
63900	0.01	0.13	0.13	0	0	0.01
64000	0.01	0.14	0.14	0	0	0.01
64100	0.01	0.13	0.13	0	0	0.01
64200	0.02	0.13	0.13	0	0	0.02
64300	0.05	0.13	0.13	0	0	0.05
64400	0.05	0.14	0.14	0	0	0.05
64500	0.08	0.14	0.14	0	0	0.08
64600	0.04	0.16	0.16	0	0	0.04
64700	0.04	0.17	0.17	0	0	0.04
64800	0.03	0.17	0.17	0	0	0.03
64900	0.03	0.18	0.18	0	0	0.03
65000	0.04	0.19	0.19	0	0	0.04
65100	0.04	0.19	0.19	0	0	0.04
65200	0.05	0.19	0.19	0	0	0.05
65300	0.06	0.2	0.2	0	0	0.06
65400	0.04	0.2	0.2	0	0	0.04
65500	0.03	0.17	0.17	0	0	0.03
65600	0.02	0.17	0.17	0	0	0.02
65700	0.04	0.17	0.17	0	0	0.04
65800	0.03	0.17	0.17	0	0	0.03
65900	0.02	0.17	0.17	0	0	0.02
66000	0.01	0.17	0.17	0	0	0.01
66100	0.01	0.17	0.17	0	0	0.01
66200	0	0.17	0.17	0	0	0
66300	0	0.17	0.17	0	0	0
66400	0.02	0.19	0.19	0	0	0.02
66500	0.03	0.19	0.19	0	0	0.03
66600	0.04	0.2	0.2	0	0	0.04
66700	0.06	0.19	0.19	0	0	0.06
66800	0.05	0.18	0.18	0	0	0.05
66900	0.04	0.18	0.18	0	0	0.04
67000	0.03	0.18	0.18	0	0	0.03
67100	0.02	0.18	0.18	0	0	0.02
67200	0.03	0.18	0.18	0	0	0.03
67300	0.02	0.18	0.18	0	0	0.02
67400	0.03	0.17	0.17	0	0	0.03
67500	0.02	0.17	0.17	0	0	0.02
67600	0.03	0.18	0.18	0	0	0.03
67700	0.03	0.18	0.18	0	0	0.03
67800	0.04	0.17	0.17	0	0	0.04
67900	0.04	0.17	0.17	0	0	0.04
68000	0.03	0.17	0.17	0	0	0.03
68100	0.04	0.17	0.17	0	0	0.04
68200	0.04	0.17	0.17	0	0	0.04
68300	0.03	0.17	0.17	0	0	0.03
68400	0.01	0.17	0.17	0	0	0.01
68500	0.01	0.17	0.17	0	0	0.01
68600	0	0.18	0.18	0	0	0
68700	0.01	0.2	0.2	0	0	0.01
68800	0.01	0.2	0.2	0	0	0.01
68900	0.01	0.21	0.21	0	0	0.01
69000	0.03	0.21	0.21	0	0	0.03
69100	0.03	0.22	0.22	0	0	0.03
69200	0.02	0.19	0.19	0	0	0.02
69300	0.02	0.2	0.2	0	0	0.02
69400	0.02	0.2	0.2	0	0	0.02
69500	0.03	0.2	0.2	0	0	0.03
69600	0.03	0.2	0.2	0	0	0.03
69700	0.03	0.2	0.2	0	0	0.03
69800	0.02	0.2	0.2	0	0	0.02
69900	0.04	0.19	0.19	0	0	0.04
70000	0.06	0.19	0.19	0	0	0.06
70100	0.07	0.2	0.2	0	0	0.07
70200	0.07	0.2	0.2	0	0	0.07
70300	0.06	0.2	0.2	0	0	0.06
70400	0.07	0.2	0.2	0	0	0.07
70500	0.05	0.2	0.2	0	0	0.05
70600	0.03	0.21	0.21	0	0	0.03
70700	0.01	0.21	0.21	0	0	0.01
70800	0.01	0.2	0.2	0	0	0.01
70900	0.02	0.2	0.2	0	0	0.02
71000	0.02	0.2	0.2	0	0	0.02
71100	0.02	0.2	0.2	0	0	0.02
71200	0.04	0.2	0.2	0	0	0.04
71300	0.05	0.21	0.21	0	0	0.05
71400	0.05	0.22	0.22	0	0	0.05
71500	0.05	0.23	0.23	0	0	0.05
71600	0.06	0.23	0.23	0	0	0.06
71700	0.02	0.23	0.23	0	0	0.02
71800	0.01	0.24	0.24	0	0	0.01
71900	0.02	0.24	0.24	0	0	0.02
72000	0.02	0.23	0.23	0	0	0.02
72100	0.02	0.24	0.24	0	0	0.02
72200	0	0.24	0.24	0	0	0
72300	0.01	0.24	0.24	0	0	0.01
72400	0.02	0.24	0.24	0	0	0.02
72500	0.03	0.23	0.23	0	0	0.03
72600	0.04	0.23	0.23	0	0	0.04
72700	0.05	0.23	0.23	0	0	0.05
72800	0.05	0.25	0.25	0	0	0.05
72900	0.06	0.26	0.26	0	0	0.06
73000	0.04	0.26	0.26	0	0	0.04
73100	0.03	0.26	0.26	0	0	0.03
73200	0.02	0.26	0.26	0	0	0.02
73300	0.03	0.26	0.26	0	0	0.03
73400	0.03	0.27	0.27	0	0	0.03
73500	0.02	0.28	0.28	0	0	0.02
73600	0.03	0.28	0.28	0	0	0.03
73700	0.04	0.28	0.28	0	0	0.04
73800	0.04	0.28	0.28	0	0	0.04
73900	0.03	0.27	0.27	0	0	0.03
74000	0.04	0.27	0.27	0	0	0.04
74100	0.02	0.27	0.27	0	0	0.02
74200	0.01	0.27	0.27	0	0	0.01
74300	0.01	0.28	0.28	0	0	0.01
74400	0	0.28	0.28	0	0	0
74500	0.01	0.29	0.29	0	0	0.01
74600	0	0.29	0.29	0	0	0
74700	0	0.28	0.28	0	0	0
74800	0.01	0.28	0.28	0	0	0.01
74900	0.01	0.28	0.28	0	0	0.01
75000	0.02	0.28	0.28	0	0	0.02
75100	0.02	0.28	0.28	0	0	0.02
75200	0.02	0.28	0.28	0	0	0.02
75300	0.02	0.28	0.28	0	0	0.02
75400	0.01	0.28	0.28	0	0	0.01
75500	0.02	0.28	0.28	0	0	0.02
75600	0.03	0.28	0.28	0	0	0.03
75700	0.04	0.27	0.27	0	0	0.04
75800	0.04	0.28	0.28	0	0	0.04
75900	0.04	0.28	0.28	0	0	0.04
76000	0.02	0.29	0.29	0	0	0.02
76100	0.01	0.29	0.29	0	0	0.01
76200	0.01	0.29	0.29	0	0	0.01
76300	0.01	0.3	0.3	0	0	0.01
76400	0.02	0.31	0.31	0	0	0.02
76500	0.02	0.31	0.31	0	0	0.02
76600	0.02	0.3	0.3	0	0	0.02
76700	0.02	0.3	0.3	0	0	0.02
76800	0.03	0.3	0.3	0	0	0.03
76900	0.02	0.3	0.3	0	0	0.02
77000	0.05	0.3	0.3	0	0	0.05
77100	0.04	0.32	0.32	0	0	0.04
77200	0.05	0.32	0.32	0	0	0.05
77300	0.04	0.31	0.31	0	0	0.04
77400	0.04	0.31	0.31	0	0	0.04
77500	0.03	0.3	0.3	0	0	0.03
77600	0.02	0.3	0.3	0	0	0.02
77700	0.01	0.3	0.3	0	0	0.01
77800	0.01	0.3	0.3	0	0	0.01
77900	0.02	0.31	0.31	0	0	0.02
78000	0.03	0.31	0.31	0	0	0.03
78100	0.02	0.31	0.31	0	0	0.02
78200	0.02	0.31	0.31	0	0	0.02
78300	0.02	0.31	0.31	0	0	0.02
78400	0.01	0.31	0.31	0	0	0.01
78500	0	0.31	0.31	0	0	0
78600	0	0.31	0.31	0	0	0
78700	0	0.31	0.31	0	0	0
78800	0	0.32	0.32	0	0	0
78900	0.01	0.3	0.3	0	0	0.01
79000	0.01	0.31	0.31	0	0	0.01
79100	0.02	0.31	0.31	0	0	0.02
79200	0.01	0.31	0.31	0	0	0.01
79300	0.01	0.31	0.31	0	0	0.01
79400	0.01	0.3	0.3	0	0	0.01
79500	0.01	0.3	0.3	0	0	0.01
79600	0.01	0.32	0.32	0	0	0.01
79700	0.01	0.32	0.32	0	0	0.01
79800	0.01	0.31	0.31	0	0	0.01
79900	0.02	0.31	0.31	0	0	0.02
80000	0.02	0.31	0.31	0	0	0.02
80100	0	0.31	0.31	0	0	0
80200	0	0.31	0.31	0	0	0
80300	0.02	0.31	0.31	0	0	0.02
80400	0.04	0.31	0.31	0	0	0.04
80500	0.05	0.31	0.31	0	0	0.05
80600	0.05	0.32	0.32	0	0	0.05
80700	0.05	0.32	0.32	0	0	0.05
80800	0.03	0.31	0.31	0	0	0.03
80900	0.02	0.31	0.31	0	0	0.02
81000	0.03	0.31	0.31	0	0	0.03
81100	0.04	0.32	0.32	0	0	0.04
81200	0.04	0.32	0.32	0	0	0.04
81300	0.02	0.32	0.32	0	0	0.02
81400	0.03	0.32	0.32	0	0	0.03
81500	0.03	0.3	0.3	0	0	0.03
81600	0.02	0.3	0.3	0	0	0.02
81700	0.02	0.3	0.3	0	0	0.02
81800	0.02	0.3	0.3	0	0	0.02
81900	0.02	0.3	0.3	0	0	0.02
82000	0.01	0.3	0.3	0	0	0.01
82100	0	0.3	0.3	0	0	0
82200	0	0.31	0.31	0	0	0
82300	0.01	0.31	0.31	0	0	0.01
82400	0.02	0.32	0.32	0	0	0.02
82500	0.04	0.32	0.32	0	0	0.04
82600	0.04	0.32	0.32	0	0	0.04
82700	0.05	0.32	0.32	0	0	0.05
82800	0.04	0.31	0.31	0	0	0.04
82900	0.01	0.31	0.31	0	0	0.01
83000	0	0.3	0.3	0	0	0
83100	0	0.3	0.3	0	0	0
83200	0	0.3	0.3	0	0	0
83300	0.01	0.3	0.3	0	0	0.01
83400	0.02	0.31	0.31	0	0	0.02
83500	0.02	0.31	0.31	0	0	0.02
83600	0.01	0.31	0.31	0	0	0.01
83700	0.02	0.31	0.31	0	0	0.02
83800	0.03	0.3	0.3	0	0	0.03
83900	0.05	0.3	0.3	0	0	0.05
84000	0.04	0.31	0.31	0	0	0.04
84100	0.02	0.31	0.31	0	0	0.02
84200	0.02	0.31	0.31	0	0	0.02
84300	0.01	0.31	0.31	0	0	0.01
84400	0.01	0.31	0.31	0	0	0.01
84500	0.02	0.31	0.31	0	0	0.02
84600	0	0.31	0.31	0	0	0
84700	0.01	0.32	0.32	0	0	0.01
84800	0.02	0.32	0.32	0	0	0.02
84900	0.03	0.32	0.32	0	0	0.03
85000	0.05	0.32	0.32	0	0	0.05
85100	0.05	0.32	0.32	0	0	0.05
85200	0.05	0.32	0.32	0	0	0.05
85300	0.04	0.32	0.32	0	0	0.04
85400	0.03	0.32	0.32	0	0	0.03
85500	0.02	0.32	0.32	0	0	0.02
85600	0.03	0.32	0.32	0	0	0.03
85700	0.03	0.32	0.32	0	0	0.03
85800	0.04	0.32	0.32	0	0	0.04
85900	0.04	0.32	0.32	0	0	0.04
86000	0.04	0.32	0.32	0	0	0.04
86100	0.03	0.32	0.32	0	0	0.03
86200	0.02	0.32	0.32	0	0	0.02
86300	0.02	0.32	0.32	0	0	0.02
86400	0	0.32	0.32	0	0	0
86500	0	0.32	0.32	0	0	0
86600	0	0.32	0.32	0	0	0
86700	0	0.32	0.32	0	0	0
86800	0.01	0.32	0.32	0	0	0.01
86900	0.04	0.32	0.32	0	0	0.04
87000	0.02	0.32	0.32	0	0	0.02
87100	0.01	0.33	0.33	0	0	0.01
87200	0.01	0.33	0.33	0	0	0.01
87300	0	0.33	0.33	0	0	0
87400	0.01	0.32	0.32	0	0	0.01
87500	0.01	0.32	0.32	0	0	0.01
87600	0.02	0.31	0.31	0	0	0.02
87700	0.04	0.32	0.32	0	0	0.04
87800	0.05	0.32	0.32	0	0	0.05
87900	0.05	0.32	0.32	0	0	0.05
88000	0.02	0.31	0.31	0	0	0.02
88100	0.01	0.31	0.31	0	0	0.01
88200	0.01	0.32	0.32	0	0	0.01
88300	0	0.33	0.33	0	0	0
88400	0	0.34	0.34	0	0	0
88500	0.01	0.33	0.33	0	0	0.01
88600	0.02	0.33	0.33	0	0	0.02
88700	0.02	0.33	0.33	0	0	0.02
88800	0.03	0.33	0.33	0	0	0.03
88900	0.02	0.33	0.33	0	0	0.02
89000	0.01	0.34	0.34	0	0	0.01
89100	0.01	0.34	0.34	0	0	0.01
89200	0.01	0.34	0.34	0	0	0.01
89300	0.02	0.34	0.34	0	0	0.02
89400	0.01	0.34	0.34	0	0	0.01
89500	0.02	0.34	0.34	0	0	0.02
89600	0.01	0.34	0.34	0	0	0.01
89700	0.01	0.34	0.34	0	0	0.01
89800	0.02	0.34	0.34	0	0	0.02
89900	0.02	0.34	0.34	0	0	0.02
90000	0.02	0.35	0.35	0	0	0.02
90100	0.02	0.35	0.35	0	0	0.02
90200	0.02	0.35	0.35	0	0	0.02
90300	0.01	0.36	0.36	0	0	0.01
90400	0.02	0.36	0.36	0	0	0.02
90500	0.02	0.36	0.36	0	0	0.02
90600	0.02	0.35	0.35	0	0	0.02
90700	0.03	0.35	0.35	0	0	0.03
90800	0.03	0.35	0.35	0	0	0.03
90900	0.03	0.35	0.35	0	0	0.03
91000	0.04	0.35	0.35	0	0	0.04
91100	0.02	0.35	0.35	0	0	0.02
91200	0.03	0.35	0.35	0	0	0.03
91300	0.03	0.35	0.35	0	0	0.03
91400	0.03	0.35	0.35	0	0	0.03
91500	0.06	0.37	0.37	0	0	0.06
91600	0.05	0.37	0.37	0	0	0.05
91700	0.05	0.37	0.37	0	0	0.05
91800	0.01	0.37	0.37	0	0	0.01
91900	0.01	0.37	0.37	0	0	0.01
92000	0.01	0.37	0.37	0	0	0.01
92100	0.01	0.37	0.37	0	0	0.01
92200	0.01	0.37	0.37	0	0	0.01
92300	0.01	0.36	0.36	0	0	0.01
92400	0.03	0.36	0.36	0	0	0.03
92500	0.03	0.36	0.36	0	0	0.03
92600	0.03	0.36	0.36	0	0	0.03
92700	0.03	0.36	0.36	0	0	0.03
92800	0.03	0.36	0.36	0	0	0.03
92900	0.02	0.36	0.36	0	0	0.02
93000	0.02	0.36	0.36	0	0	0.02
93100	0.03	0.36	0.36	0	0	0.03
93200	0.04	0.36	0.36	0	0	0.04
93300	0.03	0.36	0.36	0	0	0.03
93400	0.03	0.36	0.36	0	0	0.03
93500	0.03	0.36	0.36	0	0	0.03
93600	0.03	0.36	0.36	0	0	0.03
93700	0.02	0.36	0.36	0	0	0.02
93800	0.02	0.36	0.36	0	0	0.02
93900	0.04	0.36	0.36	0	0	0.04
94000	0.04	0.36	0.36	0	0	0.04
94100	0.05	0.36	0.36	0	0	0.05
94200	0.05	0.37	0.37	0	0	0.05
94300	0.05	0.37	0.37	0	0	0.05
94400	0.06	0.37	0.37	0	0	0.06
94500	0.06	0.38	0.38	0	0	0.06
94600	0.05	0.37	0.37	0	0	0.05
94700	0.03	0.37	0.37	0	0	0.03
94800	0.02	0.37	0.37	0	0	0.02
94900	0.01	0.37	0.37	0	0	0.01
95000	0.02	0.37	0.37	0	0	0.02
95100	0.02	0.37	0.37	0	0	0.02
95200	0.02	0.38	0.38	0	0	0.02
95300	0.04	0.38	0.38	0	0	0.04
95400	0.03	0.37	0.37	0	0	0.03
95500	0.03	0.37	0.37	0	0	0.03
95600	0.05	0.38	0.38	0	0	0.05
95700	0.05	0.38	0.38	0	0	0.05
95800	0.02	0.39	0.39	0	0	0.02
95900	0.04	0.39	0.39	0	0	0.04
96000	0.04	0.39	0.39	0	0	0.04
96100	0.03	0.39	0.39	0	0	0.03
96200	0.03	0.39	0.39	0	0	0.03
96300	0.02	0.4	0.4	0	0	0.02
96400	0.01	0.4	0.4	0	0	0.01
96500	0.03	0.4	0.4	0	0	0.03
96600	0.03	0.4	0.4	0	0	0.03
96700	0.03	0.4	0.4	0	0	0.03
96800	0.04	0.4	0.4	0	0	0.04
96900	0.04	0.4	0.4	0	0	0.04
97000	0.04	0.4	0.4	0	0	0.04
97100	0.03	0.4	0.4	0	0	0.03
97200	0.04	0.4	0.4	0	0	0.04
97300	0.03	0.4	0.4	0	0	0.03
97400	0.02	0.4	0.4	0	0	0.02
97500	0.02	0.4	0.4	0	0	0.02
97600	0.03	0.4	0.4	0	0	0.03
97700	0.03	0.4	0.4	0	0	0.03
97800	0.07	0.4	0.4	0	0	0.07
97900	0.05	0.4	0.4	0	0	0.05
98000	0.02	0.4	0.4	0	0	0.02
98100	0.01	0.4	0.4	0	0	0.01
98200	0.01	0.4	0.4	0	0	0.01
98300	0.03	0.4	0.4	0	0	0.03
98400	0.05	0.4	0.4	0	0	0.05
98500	0.07	0.4	0.4	0	0	0.07
98600	0.06	0.4	0.4	0	0	0.06
98700	0.05	0.39	0.39	0	0	0.05
98800	0.04	0.4	0.4	0	0	0.04
98900	0.05	0.4	0.4	0	0	0.05
99000	0.04	0.4	0.4	0	0	0.04
99100	0.03	0.4	0.4	0	0	0.03
99200	0.02	0.4	0.4	0	0	0.02
99300	0.02	0.4	0.4	0	0	0.02
99400	0.02	0.4	0.4	0	0	0.02
99500	0.02	0.4	0.4	0	0	0.02
99600	0.02	0.4	0.4	0	0	0.02
99700	0.01	0.41	0.41	0	0	0.01
99800	0.02	0.41	0.41	0	0	0.02
99900	0.01	0.41	0.41	0	0	0.01
100000	0.03	0.41	0.41	0	0	0.03
100100	0.04	0.41	0.41	0	0	0.04
100200	0.03	0.42	0.42	0	0	0.03
100300	0.03	0.42	0.42	0	0	0.03
100400	0.04	0.42	0.42	0	0	0.04
100500	0.03	0.42	0.42	0	0	0.03
100600	0.02	0.42	0.42	0	0	0.02
100700	0.02	0.42	0.42	0	0	0.02
100800	0.03	0.42	0.42	0	0	0.03
100900	0.03	0.42	0.42	0	0	0.03
101000	0.03	0.42	0.42	0	0	0.03
101100	0.04	0.42	0.42	0	0	0.04
101200	0.04	0.42	0.42	0	0	0.04
101300	0.04	0.42	0.42	0	0	0.04
101400	0.03	0.42	0.42	0	0	0.03
101500	0.02	0.42	0.42	0	0	0.02
101600	0.02	0.42	0.42	0	0	0.02
101700	0.02	0.42	0.42	0	0	0.02
101800	0	0.42	0.42	0	0	0
101900	0.03	0.42	0.42	0	0	0.03
102000	0.03	0.42	0.42	0	0	0.03
102100	0.04	0.42	0.42	0	0	0.04
102200	0.04	0.42	0.42	0	0	0.04
102300	0.05	0.42	0.42	0	0	0.05
102400	0.05	0.42	0.42	0	0	0.05
102500	0.05	0.42	0.42	0	0	0.05
102600	0.04	0.42	0.42	0	0	0.04
102700	0.07	0.42	0.42	0	0	0.07
102800	0.06	0.42	0.42	0	0	0.06
102900	0.03	0.42	0.42	0	0	0.03
103000	0.01	0.42	0.42	0	0	0.01
103100	0	0.42	0.42	0	0	0
103200	0	0.43	0.43	0	0	0
103300	0	0.43	0.43	0	0	0
103400	0	0.43	0.43	0	0	0
103500	0	0.43	0.43	0	0	0
103600	0.01	0.43	0.43	0	0	0.01
103700	0.01	0.43	0.43	0	0	0.01
103800	0.01	0.44	0.44	0	0	0.01
103900	0.02	0.44	0.44	0	0	0.02
104000	0.01	0.44	0.44	0	0	0.01
104100	0.02	0.44	0.44	0	0	0.02
104200	0.01	0.44	0.44	0	0	0.01
104300	0.02	0.44	0.44	0	0	0.02
104400	0.01	0.44	0.44	0	0	0.01
104500	0.01	0.44	0.44	0	0	0.01
104600	0.01	0.44	0.44	0	0	0.01
104700	0.02	0.44	0.44	0	0	0.02
104800	0.04	0.44	0.44	0	0	0.04
104900	0.03	0.45	0.45	0	0	0.03
105000	0.06	0.44	0.44	0	0	0.06
105100	0.07	0.44	0.44	0	0	0.07
105200	0.08	0.44	0.44	0	0	0.08
105300	0.07	0.44	0.44	0	0	0.07
105400	0.07	0.44	0.44	0	0	0.07
105500	0.07	0.44	0.44	0	0	0.07
105600	0.06	0.44	0.44	0	0	0.06
105700	0.04	0.44	0.44	0	0	0.04
105800	0.02	0.44	0.44	0	0	0.02
105900	0.02	0.44	0.44	0	0	0.02
106000	0.03	0.44	0.44	0	0	0.03
106100	0.04	0.44	0.44	0	0	0.04
106200	0.04	0.44	0.44	0	0	0.04
106300	0.04	0.44	0.44	0	0	0.04
106400	0.03	0.44	0.44	0	0	0.03
106500	0.03	0.44	0.44	0	0	0.03
106600	0.02	0.44	0.44	0	0	0.02
106700	0.02	0.44	0.44	0	0	0.02
106800	0.01	0.44	0.44	0	0	0.01
106900	0.01	0.44	0.44	0	0	0.01
107000	0.01	0.44	0.44	0	0	0.01
107100	0	0.44	0.44	0	0	0
107200	0	0.44	0.44	0	0	0
107300	0.01	0.44	0.44	0	0	0.01
107400	0.02	0.44	0.44	0	0	0.02
107500	0.02	0.44	0.44	0	0	0.02
107600	0.02	0.44	0.44	0	0	0.02
107700	0.03	0.45	0.45	0	0	0.03
107800	0.01	0.45	0.45	0	0	0.01
107900	0.01	0.45	0.45	0	0	0.01
108000	0.02	0.45	0.45	0	0	0.02
108100	0.06	0.45	0.45	0	0	0.06
108200	0.06	0.45	0.45	0	0	0.06
108300	0.06	0.45	0.45	0	0	0.06
108400	0.05	0.45	0.45	0	0	0.05
108500	0.06	0.45	0.45	0	0	0.06
108600	0.07	0.46	0.46	0	0	0.07
108700	0.04	0.46	0.46	0	0	0.04
108800	0.05	0.46	0.46	0	0	0.05
108900	0.04	0.46	0.46	0	0	0.04
109000	0.03	0.46	0.46	0	0	0.03
109100	0.03	0.46	0.46	0	0	0.03
109200	0.01	0.46	0.46	0	0	0.01
109300	0.02	0.46	0.46	0	0	0.02
109400	0.01	0.46	0.46	0	0	0.01
109500	0.01	0.46	0.46	0	0	0.01
109600	0.01	0.46	0.46	0	0	0.01
109700	0.01	0.46	0.46	0	0	0.01
109800	0.02	0.46	0.46	0	0	0.02
109900	0.01	0.46	0.46	0	0	0.01
110000	0.02	0.46	0.46	0	0	0.02
110100	0.02	0.47	0.47	0	0	0.02
110200	0.02	0.47	0.47	0	0	0.02
110300	0.02	0.47	0.47	0	0	0.02
110400	0.02	0.47	0.47	0	0	0.02
110500	0.02	0.47	0.47	0	0	0.02
110600	0.03	0.47	0.47	0	0	0.03
110700	0.03	0.47	0.47	0	0	0.03
110800	0.03	0.46	0.46	0	0	0.03
110900	0.03	0.46	0.46	0	0	0.03
111000	0.02	0.46	0.46	0	0	0.02
111100	0.02	0.46	0.46	0	0	0.02
111200	0.02	0.47	0.47	0	0	0.02
111300	0.03	0.47	0.47	0	0	0.03
111400	0.03	0.47	0.47	0	0	0.03
111500	0.03	0.47	0.47	0	0	0.03
111600	0.03	0.47	0.47	0	0	0.03
111700	0.02	0.47	0.47	0	0	0.02
111800	0.04	0.48	0.48	0	0	0.04
111900	0.04	0.48	0.48	0	0	0.04
112000	0.03	0.48	0.48	0	0	0.03
112100	0.06	0.48	0.48	0	0	0.06
112200	0.05	0.48	0.48	0	0	0.05
112300	0.04	0.48	0.48	0	0	0.04
112400	0.02	0.48	0.48	0	0	0.02
112500	0.03	0.48	0.48	0	0	0.03
112600	0.02	0.48	0.48	0	0	0.02
112700	0.03	0.48	0.48	0	0	0.03
112800	0.03	0.48	0.48	0	0	0.03
112900	0.04	0.48	0.48	0	0	0.04
113000	0.03	0.48	0.48	0	0	0.03
113100	0.01	0.48	0.48	0	0	0.01
113200	0.01	0.48	0.48	0	0	0.01
113300	0.01	0.48	0.48	0	0	0.01
113400	0.02	0.48	0.48	0	0	0.02
113500	0.02	0.48	0.48	0	0	0.02
113600	0.02	0.48	0.48	0	0	0.02
113700	0.03	0.48	0.48	0	0	0.03
113800	0.03	0.48	0.48	0	0	0.03
113900	0.03	0.48	0.48	0	0	0.03
114000	0.02	0.48	0.48	0	0	0.02
114100	0.03	0.48	0.48	0	0	0.03
114200	0.03	0.48	0.48	0	0	0.03
114300	0.03	0.48	0.48	0	0	0.03
114400	0.03	0.48	0.48	0	0	0.03
114500	0.02	0.48	0.48	0	0	0.02
114600	0.03	0.48	0.48	0	0	0.03
114700	0.01	0.48	0.48	0	0	0.01
114800	0.04	0.48	0.48	0	0	0.04
114900	0.02	0.48	0.48	0	0	0.02
115000	0.04	0.48	0.48	0	0	0.04
115100	0.05	0.48	0.48	0	0	0.05
115200	0.04	0.48	0.48	0	0	0.04
115300	0.03	0.48	0.48	0	0	0.03
115400	0.04	0.48	0.48	0	0	0.04
115500	0.04	0.48	0.48	0	0	0.04
115600	0.03	0.48	0.48	0	0	0.03
115700	0.04	0.48	0.48	0	0	0.04
115800	0.05	0.48	0.48	0	0	0.05
115900	0.04	0.48	0.48	0	0	0.04
116000	0.01	0.48	0.48	0	0	0.01
116100	0.02	0.48	0.48	0	0	0.02
116200	0.03	0.48	0.48	0	0	0.03
116300	0.03	0.48	0.48	0	0	0.03
116400	0.02	0.48	0.48	0	0	0.02
116500	0.02	0.48	0.48	0	0	0.02
116600	0.02	0.48	0.48	0	0	0.02
116700	0.02	0.48	0.48	0	0	0.02
116800	0.01	0.47	0.47	0	0	0.01
116900	0.02	0.47	0.47	0	0	0.02
117000	0.01	0.48	0.48	0	0	0.01
117100	0.01	0.48	0.48	0	0	0.01
117200	0.01	0.48	0.48	0	0	0.01
117300	0	0.48	0.48	0	0	0
117400	0.01	0.48	0.48	0	0	0.01
117500	0.01	0.47	0.47	0	0	0.01
117600	0.03	0.47	0.47	0	0	0.03
117700	0.06	0.47	0.47	0	0	0.06
117800	0.08	0.47	0.47	0	0	0.08
117900	0.03	0.47	0.47	0	0	0.03
118000	0.02	0.47	0.47	0	0	0.02
118100	0.02	0.47	0.47	0	0	0.02
118200	0.02	0.47	0.47	0	0	0.02
118300	0.03	0.47	0.47	0	0	0.03
118400	0.02	0.47	0.47	0	0	0.02
118500	0.02	0.47	0.47	0	0	0.02
118600	0.02	0.47	0.47	0	0	0.02
118700	0.02	0.47	0.47	0	0	0.02
118800	0.01	0.47	0.47	0	0	0.01
118900	0.02	0.47	0.47	0	0	0.02
119000	0.02	0.47	0.47	0	0	0.02
119100	0.02	0.47	0.47	0	0	0.02
119200	0.02	0.47	0.47	0	0	0.02
119300	0.01	0.47	0.47	0	0	0.01
119400	0	0.47	0.47	0	0	0
119500	0	0.47	0.47	0	0	0
119600	0	0.47	0.47	0	0	0
119700	0.02	0.47	0.47	0	0	0.02
119800	0.01	0.47	0.47	0	0	0.01
119900	0.02	0.47	0.47	0	0	0.02
120000	0.02	0.47	0.47	0	0	0.02
120100	0.03	0.47	0.47	0	0	0.03
120200	0.04	0.47	0.47	0	0	0.04
120300	0.04	0.47	0.47	0	0	0.04
120400	0.05	0.47	0.47	0	0	0.05
120500	0.05	0.47	0.47	0	0	0.05
120600	0.02	0.46	0.46	0	0	0.02
120700	0.04	0.47	0.47	0	0	0.04
120800	0.01	0.47	0.47	0	0	0.01
120900	0.01	0.47	0.47	0	0	0.01
121000	0.01	0.47	0.47	0	0	0.01
121100	0.01	0.47	0.47	0	0	0.01
121200	0.01	0.47	0.47	0	0	0.01
121300	0.01	0.47	0.47	0	0	0.01
121400	0.01	0.47	0.47	0	0	0.01
121500	0.01	0.47	0.47	0	0	0.01
121600	0.01	0.47	0.47	0	0	0.01
121700	0.02	0.47	0.47	0	0	0.02
121800	0.01	0.47	0.47	0	0	0.01
121900	0.03	0.47	0.47	0	0	0.03
122000	0.03	0.47	0.47	0	0	0.03
122100	0.03	0.47	0.47	0	0	0.03
122200	0.03	0.47	0.47	0	0	0.03
122300	0.04	0.47	0.47	0	0	0.04
122400	0.06	0.47	0.47	0	0	0.06
122500	0.06	0.47	0.47	0	0	0.06
122600	0.08	0.47	0.47	0	0	0.08
122700	0.06	0.47	0.47	0	0	0.06
122800	0.05	0.47	0.47	0	0	0.05
122900	0.04	0.47	0.47	0	0	0.04
123000	0.04	0.47	0.47	0	0	0.04
123100	0.03	0.47	0.47	0	0	0.03
123200	0.01	0.47	0.47	0	0	0.01
123300	0.02	0.47	0.47	0	0	0.02
123400	0.02	0.47	0.47	0	0	0.02
123500	0.02	0.47	0.47	0	0	0.02
123600	0.02	0.47	0.47	0	0	0.02
123700	0.02	0.47	0.47	0	0	0.02
123800	0	0.47	0.47	0	0	0
123900	0.01	0.47	0.47	0	0	0.01
124000	0.01	0.47	0.47	0	0	0.01
124100	0.02	0.47	0.47	0	0	0.02
124200	0.03	0.47	0.47	0	0	0.03
124300	0.03	0.47	0.47	0	0	0.03
124400	0.05	0.47	0.47	0	0	0.05
124500	0.05	0.47	0.47	0	0	0.05
124600	0.02	0.47	0.47	0	0	0.02
124700	0.02	0.47	0.47	0	0	0.02
124800	0.03	0.47	0.47	0	0	0.03
124900	0.03	0.47	0.47	0	0	0.03
125000	0.02	0.47	0.47	0	0	0.02
125100	0.02	0.47	0.47	0	0	0.02
125200	0.02	0.47	0.47	0	0	0.02
125300	0.01	0.47	0.47	0	0	0.01
125400	0.01	0.47	0.47	0	0	0.01
125500	0.03	0.46	0.46	0	0	0.03
125600	0.04	0.46	0.46	0	0	0.04
125700	0.06	0.46	0.46	0	0	0.06
125800	0.07	0.47	0.47	0	0	0.07
125900	0.06	0.47	0.47	0	0	0.06
126000	0.05	0.48	0.48	0	0	0.05
126100	0.05	0.48	0.48	0	0	0.05
126200	0.05	0.47	0.47	0	0	0.05
126300	0.04	0.47	0.47	0	0	0.04
126400	0.03	0.47	0.47	0	0	0.03
126500	0.01	0.47	0.47	0	0	0.01
126600	0.01	0.47	0.47	0	0	0.01
126700	0.02	0.46	0.46	0	0	0.02
126800	0.02	0.46	0.46	0	0	0.02
126900	0.03	0.46	0.46	0	0	0.03
127000	0.04	0.46	0.46	0	0	0.04
127100	0.06	0.46	0.46	0	0	0.06
127200	0.06	0.46	0.46	0	0	0.06
127300	0.03	0.46	0.46	0	0	0.03
127400	0.03	0.46	0.46	0	0	0.03
127500	0.02	0.46	0.46	0	0	0.02
127600	0.02	0.46	0.46	0	0	0.02
127700	0.01	0.46	0.46	0	0	0.01
127800	0.02	0.46	0.46	0	0	0.02
127900	0	0.46	0.46	0	0	0
128000	0.01	0.47	0.47	0	0	0.01
128100	0.02	0.47	0.47	0	0	0.02
128200	0.02	0.47	0.47	0	0	0.02
128300	0.04	0.47	0.47	0	0	0.04
128400	0.06	0.47	0.47	0	0	0.06
128500	0.06	0.46	0.46	0	0	0.06
128600	0.03	0.46	0.46	0	0	0.03
128700	0.03	0.46	0.46	0	0	0.03
128800	0.02	0.46	0.46	0	0	0.02
128900	0.01	0.46	0.46	0	0	0.01
129000	0.01	0.46	0.46	0	0	0.01
129100	0.03	0.46	0.46	0	0	0.03
129200	0.03	0.46	0.46	0	0	0.03
129300	0.02	0.46	0.46	0	0	0.02
129400	0.02	0.46	0.46	0	0	0.02
129500	0.02	0.46	0.46	0	0	0.02
129600	0.04	0.47	0.47	0	0	0.04
129700	0.03	0.47	0.47	0	0	0.03
129800	0.01	0.47	0.47	0	0	0.01
129900	0.03	0.47	0.47	0	0	0.03
130000	0.04	0.47	0.47	0	0	0.04
130100	0.04	0.47	0.47	0	0	0.04
130200	0.05	0.47	0.47	0	0	0.05
130300	0.06	0.47	0.47	0	0	0.06
130400	0.04	0.47	0.47	0	0	0.04
130500	0.01	0.47	0.47	0	0	0.01
130600	0.02	0.47	0.47	0	0	0.02
130700	0.02	0.47	0.47	0	0	0.02
130800	0.01	0.48	0.48	0	0	0.01
130900	0.01	0.48	0.48	0	0	0.01
131000	0.01	0.48	0.48	0	0	0.01
131100	0.03	0.48	0.48	0	0	0.03
131200	0.01	0.48	0.48	0	0	0.01
131300	0.01	0.48	0.48	0	0	0.01
131400	0.04	0.48	0.48	0	0	0.04
131500	0.03	0.48	0.48	0	0	0.03
131600	0.05	0.48	0.48	0	0	0.05
131700	0.08	0.48	0.48	0	0	0.08
131800	0.06	0.48	0.48	0	0	0.06
131900	0.04	0.48	0.48	0	0	0.04
132000	0.05	0.48	0.48	0	0	0.05
132100	0.05	0.48	0.48	0	0	0.05
132200	0.03	0.48	0.48	0	0	0.03
132300	0	0.48	0.48	0	0	0
132400	0.02	0.48	0.48	0	0	0.02
132500	0.02	0.48	0.48	0	0	0.02
132600	0.03	0.48	0.48	0	0	0.03
132700	0.03	0.48	0.48	0	0	0.03
132800	0.03	0.48	0.48	0	0	0.03
132900	0.02	0.48	0.48	0	0	0.02
133000	0.01	0.48	0.48	0	0	0.01
133100	0.02	0.47	0.47	0	0	0.02
133200	0.02	0.47	0.47	0	0	0.02
133300	0.03	0.47	0.47	0	0	0.03
133400	0.01	0.47	0.47	0	0	0.01
133500	0.01	0.47	0.47	0	0	0.01
133600	0.01	0.47	0.47	0	0	0.01
133700	0.02	0.47	0.47	0	0	0.02
133800	0.01	0.47	0.47	0	0	0.01
133900	0.01	0.47	0.47	0	0	0.01
134000	0.02	0.47	0.47	0	0	0.02
134100	0.02	0.47	0.47	0	0	0.02
134200	0.02	0.47	0.47	0	0	0.02
134300	0.02	0.47	0.47	0	0	0.02
134400	0	0.47	0.47	0	0	0
134500	0.02	0.47	0.47	0	0	0.02
134600	0.03	0.47	0.47	0	0	0.03
134700	0.04	0.47	0.47	0	0	0.04
134800	0.04	0.47	0.47	0	0	0.04
134900	0.07	0.47	0.47	0	0	0.07
135000	0.05	0.47	0.47	0	0	0.05
135100	0.03	0.47	0.47	0	0	0.03
135200	0.02	0.47	0.47	0	0	0.02
135300	0.02	0.47	0.47	0	0	0.02
135400	0.02	0.47	0.47	0	0	0.02
135500	0	0.47	0.47	0	0	0
135600	0	0.47	0.47	0	0	0
135700	0	0.47	0.47	0	0	0
135800	0	0.47	0.47	0	0	0
135900	0.01	0.47	0.47	0	0	0.01
136000	0.02	0.47	0.47	0	0	0.02
136100	0.03	0.47	0.47	0	0	0.03
136200	0.03	0.47	0.47	0	0	0.03
136300	0.03	0.47	0.47	0	0	0.03
136400	0.06	0.48	0.48	0	0	0.06
136500	0.05	0.48	0.48	0	0	0.05
136600	0.04	0.48	0.48	0	0	0.04
136700	0.03	0.48	0.48	0	0	0.03
136800	0.03	0.48	0.48	0	0	0.03
136900	0.02	0.48	0.48	0	0	0.02
137000	0.02	0.48	0.48	0	0	0.02
137100	0.04	0.48	0.48	0	0	0.04
137200	0.04	0.48	0.48	0	0	0.04
137300	0.05	0.48	0.48	0	0	0.05
137400	0.04	0.48	0.48	0	0	0.04
137500	0.04	0.48	0.48	0	0	0.04
137600	0.04	0.48	0.48	0	0	0.04
137700	0.01	0.48	0.48	0	0	0.01
137800	0.03	0.48	0.48	0	0	0.03
137900	0.04	0.48	0.48	0	0	0.04
138000	0.06	0.48	0.48	0	0	0.06
138100	0.09	0.48	0.48	0	0	0.09
138200	0.07	0.48	0.48	0	0	0.07
138300	0.04	0.48	0.48	0	0	0.04
138400	0.06	0.48	0.48	0	0	0.06
138500	0.05	0.48	0.48	0	0	0.05
138600	0.05	0.48	0.48	0	0	0.05
138700	0.05	0.48	0.48	0	0	0.05
138800	0.05	0.48	0.48	0	0	0.05
138900	0.04	0.48	0.48	0	0	0.04
139000	0.02	0.48	0.48	0	0	0.02
139100	0.02	0.48	0.48	0	0	0.02
139200	0.03	0.48	0.48	0	0	0.03
139300	0.03	0.48	0.48	0	0	0.03
139400	0.02	0.48	0.48	0	0	0.02
139500	0.01	0.48	0.48	0	0	0.01
139600	0.01	0.48	0.48	0	0	0.01
139700	0.03	0.48	0.48	0	0	0.03
139800	0.03	0.48	0.48	0	0	0.03
139900	0.04	0.48	0.48	0	0	0.04
140000	0.03	0.48	0.48	0	0	0.03
140100	0.03	0.48	0.48	0	0	0.03
140200	0.02	0.48	0.48	0	0	0.02
140300	0.01	0.48	0.48	0	0	0.01
140400	0.01	0.48	0.48	0	0	0.01
140500	0.02	0.48	0.48	0	0	0.02
140600	0.03	0.48	0.48	0	0	0.03
140700	0.03	0.48	0.48	0	0	0.03
140800	0.02	0.48	0.48	0	0	0.02
140900	0.01	0.48	0.48	0	0	0.01
141000	0	0.48	0.48	0	0	0
141100	0	0.48	0.48	0	0	0
141200	0.02	0.48	0.48	0	0	0.02
141300	0.03	0.48	0.48	0	0	0.03
141400	0.03	0.48	0.48	0	0	0.03
141500	0.04	0.48	0.48	0	0	0.04
141600	0.02	0.48	0.48	0	0	0.02
141700	0	0.48	0.48	0	0	0
141800	0	0.48	0.48	0	0	0
141900	0.01	0.48	0.48	0	0	0.01
142000	0.03	0.48	0.48	0	0	0.03
142100	0.03	0.48	0.48	0	0	0.03
142200	0	0.48	0.48	0	0	0
142300	0	0.48	0.48	0	0	0
142400	0	0.48	0.48	0	0	0
142500	0.01	0.48	0.48	0	0	0.01
142600	0.02	0.48	0.48	0	0	0.02
142700	0.04	0.48	0.48	0	0	0.04
142800	0.04	0.48	0.48	0	0	0.04
142900	0.05	0.48	0.48	0	0	0.05
143000	0.06	0.48	0.48	0	0	0.06
143100	0.04	0.48	0.48	0	0	0.04
143200	0.03	0.48	0.48	0	0	0.03
143300	0.02	0.48	0.48	0	0	0.02
143400	0.02	0.48	0.48	0	0	0.02
143500	0.01	0.48	0.48	0	0	0.01
143600	0.01	0.48	0.48	0	0	0.01
143700	0	0.48	0.48	0	0	0
143800	0	0.48	0.48	0	0	0
143900	0	0.48	0.48	0	0	0
144000	0	0.48	0.48	0	0	0
144100	0	0.48	0.48	0	0	0
144200	0.02	0.48	0.48	0	0	0.02
144300	0.02	0.48	0.48	0	0	0.02
144400	0.01	0.49	0.49	0	0	0.01
144500	0.01	0.49	0.49	0	0	0.01
144600	0.02	0.49	0.49	0	0	0.02
144700	0.03	0.49	0.49	0	0	0.03
144800	0.02	0.49	0.49	0	0	0.02
144900	0.02	0.49	0.49	0	0	0.02
145000	0.01	0.49	0.49	0	0	0.01
145100	0.02	0.49	0.49	0	0	0.02
145200	0.03	0.49	0.49	0	0	0.03
145300	0.04	0.49	0.49	0	0	0.04
145400	0.05	0.49	0.49	0	0	0.05
145500	0.02	0.49	0.49	0	0	0.02
145600	0.02	0.49	0.49	0	0	0.02
145700	0.03	0.5	0.5	0	0	0.03
145800	0.03	0.49	0.49	0	0	0.03
145900	0.04	0.49	0.49	0	0	0.04
146000	0.04	0.49	0.49	0	0	0.04
146100	0.04	0.49	0.49	0	0	0.04
146200	0.04	0.49	0.49	0	0	0.04
146300	0.05	0.49	0.49	0	0	0.05
146400	0.05	0.49	0.49	0	0	0.05
146500	0.06	0.49	0.49	0	0	0.06
146600	0.05	0.49	0.49	0	0	0.05
146700	0.02	0.49	0.49	0	0	0.02
146800	0	0.49	0.49	0	0	0
146900	0.01	0.49	0.49	0	0	0.01
147000	0.02	0.49	0.49	0	0	0.02
147100	0.03	0.49	0.49	0	0	0.03
147200	0.02	0.49	0.49	0	0	0.02
147300	0.02	0.49	0.49	0	0	0.02
147400	0.02	0.49	0.49	0	0	0.02
147500	0.02	0.49	0.49	0	0	0.02
147600	0	0.49	0.49	0	0	0
147700	0	0.49	0.49	0	0	0
147800	0.01	0.49	0.49	0	0	0.01
147900	0.01	0.49	0.49	0	0	0.01
148000	0.01	0.49	0.49	0	0	0.01
148100	0.02	0.49	0.49	0	0	0.02
148200	0.02	0.49	0.49	0	0	0.02
148300	0.02	0.49	0.49	0	0	0.02
148400	0.03	0.49	0.49	0	0	0.03
148500	0.05	0.49	0.49	0	0	0.05
148600	0.04	0.49	0.49	0	0	0.04
148700	0.05	0.49	0.49	0	0	0.05
148800	0.02	0.49	0.49	0	0	0.02
148900	0.01	0.49	0.49	0	0	0.01
149000	0	0.49	0.49	0	0	0
149100	0	0.49	0.49	0	0	0
149200	0	0.5	0.5	0	0	0
149300	0	0.49	0.49	0	0	0
149400	0	0.49	0.49	0	0	0
149500	0.03	0.49	0.49	0	0	0.03
149600	0.03	0.49	0.49	0	0	0.03
149700	0.04	0.49	0.49	0	0	0.04
149800	0.05	0.49	0.49	0	0	0.05
149900	0.06	0.49	0.49	0	0	0.06
150000	0.07	0.49	0.49	0	0	0.07
150100	0.04	0.49	0.49	0	0	0.04
150200	0.03	0.49	0.49	0	0	0.03
150300	0.03	0.49	0.49	0	0	0.03
150400	0.05	0.49	0.49	0	0	0.05
150500	0.05	0.49	0.49	0	0	0.05
150600	0.05	0.49	0.49	0	0	0.05
150700	0.04	0.49	0.49	0	0	0.04
150800	0.03	0.49	0.49	0	0	0.03
150900	0.05	0.49	0.49	0	0	0.05
151000	0.04	0.49	0.49	0	0	0.04
151100	0.05	0.49	0.49	0	0	0.05
151200	0.04	0.49	0.49	0	0	0.04
151300	0.03	0.49	0.49	0	0	0.03
151400	0.01	0.49	0.49	0	0	0.01
151500	0.01	0.49	0.49	0	0	0.01
151600	0	0.49	0.49	0	0	0
151700	0	0.49	0.49	0	0	0
151800	0	0.49	0.49	0	0	0
151900	0.01	0.49	0.49	0	0	0.01
152000	0.01	0.49	0.49	0	0	0.01
152100	0.01	0.49	0.49	0	0	0.01
152200	0.01	0.49	0.49	0	0	0.01
152300	0.01	0.49	0.49	0	0	0.01
152400	0.01	0.49	0.49	0	0	0.01
152500	0.01	0.49	0.49	0	0	0.01
152600	0.02	0.49	0.49	0	0	0.02
152700	0	0.49	0.49	0	0	0
152800	0	0.49	0.49	0	0	0
152900	0	0.49	0.49	0	0	0
153000	0.01	0.49	0.49	0	0	0.01
153100	0.02	0.49	0.49	0	0	0.02
153200	0.02	0.49	0.49	0	0	0.02
153300	0.01	0.49	0.49	0	0	0.01
153400	0	0.49	0.49	0	0	0
153500	0.02	0.49	0.49	0	0	0.02
153600	0.03	0.49	0.49	0	0	0.03
153700	0.04	0.49	0.49	0	0	0.04
153800	0.05	0.49	0.49	0	0	0.05
153900	0.04	0.49	0.49	0	0	0.04
154000	0.05	0.49	0.49	0	0	0.05
154100	0.04	0.49	0.49	0	0	0.04
154200	0.05	0.49	0.49	0	0	0.05
154300	0.02	0.49	0.49	0	0	0.02
154400	0.03	0.49	0.49	0	0	0.03
154500	0.01	0.49	0.49	0	0	0.01
154600	0.02	0.49	0.49	0	0	0.02
154700	0.02	0.49	0.49	0	0	0.02
154800	0.02	0.48	0.48	0	0	0.02
154900	0.02	0.48	0.48	0	0	0.02
155000	0.01	0.48	0.48	0	0	0.01
155100	0.01	0.48	0.48	0	0	0.01
155200	0.02	0.48	0.48	0	0	0.02
155300	0.02	0.48	0.48	0	0	0.02
155400	0.01	0.48	0.48	0	0	0.01
155500	0.03	0.48	0.48	0	0	0.03
155600	0.02	0.48	0.48	0	0	0.02
155700	0.04	0.48	0.48	0	0	0.04
155800	0.03	0.48	0.48	0	0	0.03
155900	0.02	0.48	0.48	0	0	0.02
156000	0.01	0.48	0.48	0	0	0.01
156100	0	0.48	0.48	0	0	0
156200	0	0.48	0.48	0	0	0
156300	0	0.48	0.48	0	0	0
156400	0	0.48	0.48	0	0	0
156500	0	0.48	0.48	0	0	0
156600	0	0.48	0.48	0	0	0
156700	0.01	0.48	0.48	0	0	0.01
156800	0.01	0.48	0.48	0	0	0.01
156900	0.01	0.48	0.48	0	0	0.01
157000	0.01	0.48	0.48	0	0	0.01
157100	0.01	0.48	0.48	0	0	0.01
157200	0.01	0.48	0.48	0	0	0.01
157300	0.03	0.48	0.48	0	0	0.03
157400	0.03	0.48	0.48	0	0	0.03
157500	0.04	0.48	0.48	0	0	0.04
157600	0.04	0.48	0.48	0	0	0.04
157700	0.04	0.48	0.48	0	0	0.04
157800	0.05	0.48	0.48	0	0	0.05
157900	0.05	0.48	0.48	0	0	0.05
158000	0.04	0.48	0.48	0	0	0.04
158100	0.05	0.48	0.48	0	0	0.05
158200	0.05	0.48	0.48	0	0	0.05
158300	0.02	0.48	0.48	0	0	0.02
158400	0.01	0.48	0.48	0	0	0.01
158500	0.01	0.48	0.48	0	0	0.01
158600	0.03	0.48	0.48	0	0	0.03
158700	0.02	0.48	0.48	0	0	0.02
158800	0.02	0.48	0.48	0	0	0.02
158900	0.02	0.48	0.48	0	0	0.02
159000	0.04	0.48	0.48	0	0	0.04
159100	0.02	0.48	0.48	0	0	0.02
159200	0.02	0.49	0.49	0	0	0.02
159300	0.01	0.49	0.49	0	0	0.01
159400	0.02	0.49	0.49	0	0	0.02
159500	0.02	0.48	0.48	0	0	0.02
159600	0.03	0.48	0.48	0	0	0.03
159700	0.01	0.48	0.48	0	0	0.01
159800	0	0.48	0.48	0	0	0
159900	0	0.48	0.48	0	0	0
160000	0.01	0.48	0.48	0	0	0.01
160100	0.02	0.48	0.48	0	0	0.02
160200	0.02	0.48	0.48	0	0	0.02
160300	0.03	0.48	0.48	0	0	0.03
160400	0.05	0.48	0.48	0	0	0.05
160500	0.04	0.48	0.48	0	0	0.04
160600	0.03	0.48	0.48	0	0	0.03
160700	0	0.48	0.48	0	0	0
160800	0	0.48	0.48	0	0	0
160900	0	0.48	0.48	0	0	0
161000	0.01	0.48	0.48	0	0	0.01
161100	0.03	0.48	0.48	0	0	0.03
161200	0.05	0.48	0.48	0	0	0.05
161300	0.04	0.48	0.48	0	0	0.04
161400	0.06	0.48	0.48	0	0	0.06
161500	0.05	0.49	0.49	0	0	0.05
161600	0.06	0.49	0.49	0	0	0.06
161700	0.06	0.49	0.49	0	0	0.06
161800	0.06	0.49	0.49	0	0	0.06
161900	0.06	0.49	0.49	0	0	0.06
162000	0.06	0.48	0.48	0	0	0.06
162100	0.05	0.48	0.48	0	0	0.05
162200	0.03	0.48	0.48	0	0	0.03
162300	0.01	0.48	0.48	0	0	0.01
162400	0	0.48	0.48	0	0	0
162500	0	0.48	0.48	0	0	0
162600	0	0.48	0.48	0	0	0
162700	0.01	0.48	0.48	0	0	0.01
162800	0.01	0.48	0.48	0	0	0.01
162900	0.01	0.48	0.48	0	0	0.01
163000	0.04	0.48	0.48	0	0	0.04
163100	0.05	0.48	0.48	0	0	0.05
163200	0.02	0.48	0.48	0	0	0.02
163300	0.03	0.48	0.48	0	0	0.03
163400	0.01	0.48	0.48	0	0	0.01
163500	0.01	0.48	0.48	0	0	0.01
163600	0.01	0.48	0.48	0	0	0.01
163700	0.03	0.48	0.48	0	0	0.03
163800	0.04	0.48	0.48	0	0	0.04
163900	0.06	0.48	0.48	0	0	0.06
164000	0.08	0.48	0.48	0	0	0.08
164100	0.09	0.48	0.48	0	0	0.09
164200	0.08	0.48	0.48	0	0	0.08
164300	0.05	0.48	0.48	0	0	0.05
164400	0.01	0.48	0.48	0	0	0.01
164500	0.02	0.48	0.48	0	0	0.02
164600	0.02	0.48	0.48	0	0	0.02
164700	0.01	0.48	0.48	0	0	0.01
164800	0.01	0.48	0.48	0	0	0.01
164900	0	0.48	0.48	0	0	0
165000	0	0.48	0.48	0	0	0
165100	0.01	0.48	0.48	0	0	0.01
165200	0.01	0.48	0.48	0	0	0.01
165300	0.01	0.47	0.47	0	0	0.01
165400	0.01	0.47	0.47	0	0	0.01
165500	0.02	0.47	0.47	0	0	0.02
165600	0.03	0.47	0.47	0	0	0.03
165700	0.04	0.47	0.47	0	0	0.04
165800	0.03	0.47	0.47	0	0	0.03
165900	0.02	0.47	0.47	0	0	0.02
166000	0.04	0.47	0.47	0	0	0.04
166100	0.02	0.47	0.47	0	0	0.02
166200	0.02	0.47	0.47	0	0	0.02
166300	0.03	0.47	0.47	0	0	0.03
166400	0.05	0.47	0.47	0	0	0.05
166500	0.03	0.47	0.47	0	0	0.03
166600	0.02	0.47	0.47	0	0	0.02
166700	0.02	0.47	0.47	0	0	0.02
166800	0.03	0.47	0.47	0	0	0.03
166900	0.03	0.47	0.47	0	0	0.03
167000	0.04	0.47	0.47	0	0	0.04
167100	0.03	0.47	0.47	0	0	0.03
167200	0.01	0.47	0.47	0	0	0.01
167300	0.02	0.47	0.47	0	0	0.02
167400	0.05	0.47	0.47	0	0	0.05
167500	0.03	0.47	0.47	0	0	0.03
167600	0.04	0.47	0.47	0	0	0.04
167700	0.04	0.47	0.47	0	0	0.04
167800	0.03	0.47	0.47	0	0	0.03
167900	0.01	0.47	0.47	0	0	0.01
168000	0.02	0.47	0.47	0	0	0.02
168100	0.01	0.47	0.47	0	0	0.01
168200	0.01	0.47	0.47	0	0	0.01
168300	0.02	0.47	0.47	0	0	0.02
168400	0.02	0.47	0.47	0	0	0.02
168500	0.05	0.47	0.47	0	0	0.05
168600	0.03	0.47	0.47	0	0	0.03
168700	0.04	0.47	0.47	0	0	0.04
168800	0.03	0.47	0.47	0	0	0.03
168900	0.03	0.47	0.47	0	0	0.03
169000	0.02	0.47	0.47	0	0	0.02
169100	0.02	0.47	0.47	0	0	0.02
169200	0.02	0.47	0.47	0	0	0.02
169300	0.01	0.47	0.47	0	0	0.01
169400	0.01	0.47	0.47	0	0	0.01
169500	0.01	0.47	0.47	0	0	0.01
169600	0.03	0.47	0.47	0	0	0.03
169700	0.02	0.47	0.47	0	0	0.02
169800	0.03	0.47	0.47	0	0	0.03
169900	0.02	0.47	0.47	0	0	0.02
170000	0.04	0.47	0.47	0	0	0.04
170100	0.04	0.47	0.47	0	0	0.04
170200	0.04	0.47	0.47	0	0	0.04
170300	0.05	0.47	0.47	0	0	0.05
170400	0.04	0.47	0.47	0	0	0.04
170500	0.02	0.47	0.47	0	0	0.02
170600	0.01	0.47	0.47	0	0	0.01
170700	0.01	0.47	0.47	0	0	0.01
170800	0.03	0.47	0.47	0	0	0.03
170900	0.04	0.47	0.47	0	0	0.04
171000	0.03	0.47	0.47	0	0	0.03
171100	0.01	0.47	0.47	0	0	0.01
171200	0.01	0.47	0.47	0	0	0.01
171300	0.01	0.47	0.47	0	0	0.01
171400	0.03	0.47	0.47	0	0	0.03
171500	0.03	0.47	0.47	0	0	0.03
171600	0.04	0.47	0.47	0	0	0.04
171700	0.04	0.47	0.47	0	0	0.04
171800	0.03	0.47	0.47	0	0	0.03
171900	0.03	0.47	0.47	0	0	0.03
172000	0.04	0.47	0.47	0	0	0.04
172100	0.05	0.47	0.47	0	0	0.05
172200	0.05	0.47	0.47	0	0	0.05
172300	0.04	0.48	0.48	0	0	0.04
172400	0.03	0.48	0.48	0	0	0.03
172500	0.02	0.49	0.49	0	0	0.02
172600	0.06	0.49	0.49	0	0	0.06
172700	0.04	0.49	0.49	0	0	0.04
172800	0.04	0.49	0.49	0	0	0.04
172900	0.02	0.49	0.49	0	0	0.02
173000	0.02	0.49	0.49	0	0	0.02
173100	0.03	0.49	0.49	0	0	0.03
173200	0.03	0.49	0.49	0	0	0.03
173300	0.02	0.49	0.49	0	0	0.02
173400	0.03	0.49	0.49	0	0	0.03
173500	0.03	0.49	0.49	0	0	0.03
173600	0.03	0.49	0.49	0	0	0.03
173700	0.02	0.49	0.49	0	0	0.02
173800	0.01	0.49	0.49	0	0	0.01
173900	0	0.49	0.49	0	0	0
174000	0	0.49	0.49	0	0	0
174100	0.01	0.49	0.49	0	0	0.01
174200	0.02	0.49	0.49	0	0	0.02
174300	0.02	0.49	0.49	0	0	0.02
174400	0.02	0.49	0.49	0	0	0.02
174500	0.03	0.49	0.49	0	0	0.03
174600	0.01	0.49	0.49	0	0	0.01
174700	0	0.49	0.49	0	0	0
174800	0.01	0.49	0.49	0	0	0.01
174900	0.01	0.49	0.49	0	0	0.01
175000	0.01	0.49	0.49	0	0	0.01
175100	0.01	0.49	0.49	0	0	0.01
175200	0.02	0.49	0.49	0	0	0.02
175300	0.01	0.49	0.49	0	0	0.01
175400	0.01	0.49	0.49	0	0	0.01
175500	0.01	0.49	0.49	0	0	0.01
175600	0.01	0.49	0.49	0	0	0.01
175700	0.02	0.49	0.49	0	0	0.02
175800	0.01	0.49	0.49	0	0	0.01
175900	0.01	0.49	0.49	0	0	0.01
176000	0.02	0.49	0.49	0	0	0.02
176100	0.02	0.49	0.49	0	0	0.02
176200	0.02	0.49	0.49	0	0	0.02
176300	0.02	0.49	0.49	0	0	0.02
176400	0.05	0.49	0.49	0	0	0.05
176500	0.04	0.49	0.49	0	0	0.04
176600	0.02	0.49	0.49	0	0	0.02
176700	0.02	0.49	0.49	0	0	0.02
176800	0.02	0.49	0.49	0	0	0.02
176900	0.04	0.49	0.49	0	0	0.04
177000	0.03	0.49	0.49	0	0	0.03
177100	0.03	0.49	0.49	0	0	0.03
177200	0.03	0.49	0.49	0	0	0.03
177300	0.04	0.49	0.49	0	0	0.04
177400	0.04	0.49	0.49	0	0	0.04
177500	0.03	0.49	0.49	0	0	0.03
177600	0.03	0.49	0.49	0	0	0.03
177700	0.03	0.49	0.49	0	0	0.03
177800	0.04	0.49	0.49	0	0	0.04
177900	0.03	0.49	0.49	0	0	0.03
178000	0.05	0.49	0.49	0	0	0.05
178100	0.05	0.49	0.49	0	0	0.05
178200	0.04	0.49	0.49	0	0	0.04
178300	0.01	0.49	0.49	0	0	0.01
178400	0.01	0.49	0.49	0	0	0.01
178500	0.02	0.49	0.49	0	0	0.02
178600	0.02	0.49	0.49	0	0	0.02
178700	0.02	0.49	0.49	0	0	0.02
178800	0.02	0.49	0.49	0	0	0.02
178900	0.01	0.49	0.49	0	0	0.01
179000	0.02	0.49	0.49	0	0	0.02
179100	0.01	0.49	0.49	0	0	0.01
179200	0.02	0.49	0.49	0	0	0.02
179300	0.07	0.49	0.49	0	0	0.07
179400	0.07	0.49	0.49	0	0	0.07
179500	0.06	0.49	0.49	0	0	0.06
179600	0.04	0.49	0.49	0	0	0.04
179700	0.04	0.49	0.49	0	0	0.04
179800	0.04	0.49	0.49	0	0	0.04
179900	0.03	0.49	0.49	0	0	0.03
180000	0.02	0.49	0.49	0	0	0.02
180100	0.01	0.49	0.49	0	0	0.01
180200	0.01	0.49	0.49	0	0	0.01
180300	0.01	0.49	0.49	0	0	0.01
180400	0.01	0.49	0.49	0	0	0.01
180500	0.01	0.49	0.49	0	0	0.01
180600	0.02	0.49	0.49	0	0	0.02
180700	0.01	0.49	0.49	0	0	0.01
180800	0.01	0.49	0.49	0	0	0.01
180900	0.03	0.49	0.49	0	0	0.03
181000	0.03	0.49	0.49	0	0	0.03
181100	0.02	0.49	0.49	0	0	0.02
181200	0.01	0.49	0.49	0	0	0.01
181300	0.02	0.49	0.49	0	0	0.02
181400	0.03	0.49	0.49	0	0	0.03
181500	0.01	0.49	0.49	0	0	0.01
181600	0.01	0.49	0.49	0	0	0.01
181700	0.01	0.49	0.49	0	0	0.01
181800	0.02	0.49	0.49	0	0	0.02
181900	0	0.49	0.49	0	0	0
182000	0	0.49	0.49	0	0	0
182100	0	0.49	0.49	0	0	0
182200	0	0.49	0.49	0	0	0
182300	0.01	0.49	0.49	0	0	0.01
182400	0.01	0.49	0.49	0	0	0.01
182500	0.01	0.49	0.49	0	0	0.01
182600	0.01	0.49	0.49	0	0	0.01
182700	0.02	0.48	0.48	0	0	0.02
182800	0.02	0.48	0.48	0	0	0.02
182900	0.04	0.48	0.48	0	0	0.04
183000	0.03	0.48	0.48	0	0	0.03
183100	0.05	0.48	0.48	0	0	0.05
183200	0.02	0.49	0.49	0	0	0.02
183300	0.03	0.49	0.49	0	0	0.03
183400	0.02	0.49	0.49	0	0	0.02
183500	0.03	0.49	0.49	0	0	0.03
183600	0.01	0.48	0.48	0	0	0.01
183700	0.01	0.48	0.48	0	0	0.01
183800	0.02	0.48	0.48	0	0	0.02
183900	0.02	0.48	0.48	0	0	0.02
184000	0.02	0.48	0.48	0	0	0.02
184100	0.01	0.47	0.47	0	0	0.01
184200	0.01	0.47	0.47	0	0	0.01
184300	0.02	0.47	0.47	0	0	0.02
184400	0.02	0.47	0.47	0	0	0.02
184500	0.02	0.47	0.47	0	0	0.02
184600	0.02	0.47	0.47	0	0	0.02
184700	0.03	0.47	0.47	0	0	0.03
184800	0.03	0.47	0.47	0	0	0.03
184900	0.03	0.47	0.47	0	0	0.03
185000	0.04	0.47	0.47	0	0	0.04
185100	0.06	0.48	0.48	0	0	0.06
185200	0.05	0.48	0.48	0	0	0.05
185300	0.05	0.47	0.47	0	0	0.05
185400	0.04	0.47	0.47	0	0	0.04
185500	0.02	0.47	0.47	0	0	0.02
185600	0.01	0.47	0.47	0	0	0.01
185700	0.01	0.47	0.47	0	0	0.01
185800	0.02	0.47	0.47	0	0	0.02
185900	0	0.47	0.47	0	0	0
186000	0.01	0.47	0.47	0	0	0.01
186100	0.02	0.47	0.47	0	0	0.02
186200	0.02	0.47	0.47	0	0	0.02
186300	0.02	0.47	0.47	0	0	0.02
186400	0.02	0.47	0.47	0	0	0.02
186500	0.03	0.47	0.47	0	0	0.03
186600	0.03	0.47	0.47	0	0	0.03
186700	0.03	0.47	0.47	0	0	0.03
186800	0.03	0.47	0.47	0	0	0.03
186900	0.02	0.47	0.47	0	0	0.02
187000	0.01	0.47	0.47	0	0	0.01
187100	0.01	0.47	0.47	0	0	0.01
187200	0.01	0.47	0.47	0	0	0.01
187300	0	0.47	0.47	0	0	0
187400	0.01	0.47	0.47	0	0	0.01
187500	0.02	0.47	0.47	0	0	0.02
187600	0.02	0.47	0.47	0	0	0.02
187700	0.02	0.47	0.47	0	0	0.02
187800	0.04	0.47	0.47	0	0	0.04
187900	0.06	0.48	0.48	0	0	0.06
188000	0.03	0.48	0.48	0	0	0.03
188100	0.06	0.48	0.48	0	0	0.06
188200	0.04	0.47	0.47	0	0	0.04
188300	0.04	0.48	0.48	0	0	0.04
188400	0.03	0.48	0.48	0	0	0.03
188500	0.02	0.48	0.48	0	0	0.02
188600	0.04	0.48	0.48	0	0	0.04
188700	0.03	0.48	0.48	0	0	0.03
188800	0.04	0.48	0.48	0	0	0.04
188900	0.05	0.48	0.48	0	0	0.05
189000	0.02	0.48	0.48	0	0	0.02
189100	0.03	0.48	0.48	0	0	0.03
189200	0.02	0.48	0.48	0	0	0.02
189300	0.03	0.48	0.48	0	0	0.03
189400	0.03	0.48	0.48	0	0	0.03
189500	0.04	0.48	0.48	0	0	0.04
189600	0.03	0.48	0.48	0	0	0.03
189700	0	0.48	0.48	0	0	0
189800	0	0.48	0.48	0	0	0
189900	0.01	0.48	0.48	0	0	0.01
190000	0	0.48	0.48	0	0	0
190100	0	0.48	0.48	0	0	0
190200	0	0.48	0.48	0	0	0
190300	0	0.48	0.48	0	0	0
190400	0.01	0.48	0.48	0	0	0.01
190500	0.02	0.5	0.5	0	0	0.02
190600	0.02	0.5	0.5	0	0	0.02
190700	0.01	0.49	0.49	0	0	0.01
190800	0	0.48	0.48	0	0	0
190900	0	0.48	0.48	0	0	0
191000	0.01	0.48	0.48	0	0	0.01
191100	0.01	0.48	0.48	0	0	0.01
191200	0.01	0.48	0.48	0	0	0.01
191300	0.01	0.48	0.48	0	0	0.01
191400	0.03	0.48	0.48	0	0	0.03
191500	0.06	0.48	0.48	0	0	0.06
191600	0.06	0.48	0.48	0	0	0.06
191700	0.06	0.48	0.48	0	0	0.06
191800	0.06	0.48	0.48	0	0	0.06
191900	0.07	0.48	0.48	0	0	0.07
192000	0.06	0.48	0.48	0	0	0.06
192100	0.06	0.48	0.48	0	0	0.06
192200	0.05	0.48	0.48	0	0	0.05
192300	0.05	0.48	0.48	0	0	0.05
192400	0.04	0.48	0.48	0	0	0.04
192500	0.02	0.48	0.48	0	0	0.02
192600	0.01	0.48	0.48	0	0	0.01
192700	0.01	0.48	0.48	0	0	0.01
192800	0.01	0.48	0.48	0	0	0.01
192900	0.02	0.48	0.48	0	0	0.02
193000	0.05	0.48	0.48	0	0	0.05
193100	0.05	0.48	0.48	0	0	0.05
193200	0.01	0.48	0.48	0	0	0.01
193300	0.02	0.48	0.48	0	0	0.02
193400	0.02	0.48	0.48	0	0	0.02
193500	0.03	0.48	0.48	0	0	0.03
193600	0.05	0.48	0.48	0	0	0.05
193700	0.05	0.48	0.48	0	0	0.05
193800	0.05	0.48	0.48	0	0	0.05
193900	0.04	0.48	0.48	0	0	0.04
194000	0.05	0.48	0.48	0	0	0.05
194100	0.04	0.48	0.48	0	0	0.04
194200	0.04	0.48	0.48	0	0	0.04
194300	0.05	0.48	0.48	0	0	0.05
194400	0.02	0.48	0.48	0	0	0.02
194500	0.02	0.48	0.48	0	0	0.02
194600	0.01	0.48	0.48	0	0	0.01
194700	0.02	0.48	0.48	0	0	0.02
194800	0.01	0.48	0.48	0	0	0.01
194900	0.02	0.48	0.48	0	0	0.02
195000	0.02	0.48	0.48	0	0	0.02
195100	0.02	0.48	0.48	0	0	0.02
195200	0.02	0.48	0.48	0	0	0.02
195300	0.01	0.48	0.48	0	0	0.01
195400	0.02	0.48	0.48	0	0	0.02
195500	0.03	0.48	0.48	0	0	0.03
195600	0.03	0.48	0.48	0	0	0.03
195700	0	0.48	0.48	0	0	0
195800	0.01	0.48	0.48	0	0	0.01
195900	0.01	0.48	0.48	0	0	0.01
196000	0.01	0.48	0.48	0	0	0.01
196100	0.03	0.48	0.48	0	0	0.03
196200	0.02	0.48	0.48	0	0	0.02
196300	0.01	0.48	0.48	0	0	0.01
196400	0.01	0.48	0.48	0	0	0.01
196500	0.02	0.48	0.48	0	0	0.02
196600	0.03	0.48	0.48	0	0	0.03
196700	0.03	0.48	0.48	0	0	0.03
196800	0.03	0.48	0.48	0	0	0.03
196900	0.04	0.48	0.48	0	0	0.04
197000	0.02	0.48	0.48	0	0	0.02
197100	0.02	0.48	0.48	0	0	0.02
197200	0.02	0.48	0.48	0	0	0.02
197300	0.03	0.48	0.48	0	0	0.03
197400	0.05	0.48	0.48	0	0	0.05
197500	0.05	0.48	0.48	0	0	0.05
197600	0.01	0.48	0.48	0	0	0.01
197700	0.01	0.48	0.48	0	0	0.01
197800	0.01	0.48	0.48	0	0	0.01
197900	0.01	0.48	0.48	0	0	0.01
198000	0.01	0.48	0.48	0	0	0.01
198100	0.02	0.48	0.48	0	0	0.02
198200	0.02	0.48	0.48	0	0	0.02
198300	0.01	0.48	0.48	0	0	0.01
198400	0	0.48	0.48	0	0	0
198500	0	0.48	0.48	0	0	0
198600	0.01	0.48	0.48	0	0	0.01
198700	0.01	0.48	0.48	0	0	0.01
198800	0.02	0.48	0.48	0	0	0.02
198900	0.03	0.48	0.48	0	0	0.03
199000	0.03	0.48	0.48	0	0	0.03
199100	0.04	0.49	0.49	0	0	0.04
199200	0.03	0.49	0.49	0	0	0.03
199300	0.03	0.49	0.49	0	0	0.03
199400	0.03	0.49	0.49	0	0	0.03
199500	0.04	0.49	0.49	0	0	0.04
199600	0.03	0.49	0.49	0	0	0.03
199700	0.03	0.48	0.48	0	0	0.03
199800	0.05	0.48	0.48	0	0	0.05
199900	0.05	0.48	0.48	0	0	0.05
200000	0.04	0.48	0.48	0	0	0.04
200100	0.03	0.48	0.48	0	0	0.03
200200	0.06	0.48	0.48	0	0	0.06
200300	0.05	0.48	0.48	0	0	0.05
200400	0.04	0.48	0.48	0	0	0.04
200500	0.05	0.48	0.48	0	0	0.05
200600	0.04	0.48	0.48	0	0	0.04
200700	0.04	0.48	0.48	0	0	0.04
200800	0.03	0.48	0.48	0	0	0.03
200900	0.04	0.48	0.48	0	0	0.04
201000	0.03	0.48	0.48	0	0	0.03
201100	0.02	0.48	0.48	0	0	0.02
201200	0.02	0.48	0.48	0	0	0.02
201300	0.03	0.48	0.48	0	0	0.03
201400	0.04	0.48	0.48	0	0	0.04
201500	0.03	0.48	0.48	0	0	0.03
201600	0.03	0.48	0.48	0	0	0.03
201700	0.05	0.48	0.48	0	0	0.05
201800	0.05	0.48	0.48	0	0	0.05
201900	0.04	0.48	0.48	0	0	0.04
202000	0.04	0.48	0.48	0	0	0.04
202100	0.04	0.48	0.48	0	0	0.04
202200	0.03	0.48	0.48	0	0	0.03
202300	0.03	0.48	0.48	0	0	0.03
202400	0.02	0.48	0.48	0	0	0.02
202500	0	0.48	0.48	0	0	0
202600	0.01	0.48	0.48	0	0	0.01
202700	0.01	0.48	0.48	0	0	0.01
202800	0.01	0.48	0.48	0	0	0.01
202900	0.01	0.48	0.48	0	0	0.01
203000	0.02	0.48	0.48	0	0	0.02
203100	0.03	0.48	0.48	0	0	0.03
203200	0.04	0.48	0.48	0	0	0.04
203300	0.04	0.48	0.48	0	0	0.04
203400	0.04	0.48	0.48	0	0	0.04
203500	0.04	0.48	0.48	0	0	0.04
203600	0.03	0.48	0.48	0	0	0.03
203700	0.03	0.48	0.48	0	0	0.03
203800	0.02	0.48	0.48	0	0	0.02
203900	0.01	0.48	0.48	0	0	0.01
204000	0.01	0.48	0.48	0	0	0.01
204100	0	0.48	0.48	0	0	0
204200	0.01	0.48	0.48	0	0	0.01
204300	0.01	0.48	0.48	0	0	0.01
204400	0.01	0.48	0.48	0	0	0.01
204500	0.01	0.48	0.48	0	0	0.01
204600	0.01	0.48	0.48	0	0	0.01
204700	0.01	0.48	0.48	0	0	0.01
204800	0.03	0.48	0.48	0	0	0.03
204900	0.02	0.48	0.48	0	0	0.02
205000	0.01	0.48	0.48	0	0	0.01
205100	0.01	0.48	0.48	0	0	0.01
205200	0.01	0.48	0.48	0	0	0.01
205300	0.01	0.48	0.48	0	0	0.01
205400	0.01	0.48	0.48	0	0	0.01
205500	0	0.48	0.48	0	0	0
205600	0	0.48	0.48	0	0	0
205700	0	0.48	0.48	0	0	0
205800	0.02	0.48	0.48	0	0	0.02
205900	0.03	0.48	0.48	0	0	0.03
206000	0.04	0.48	0.48	0	0	0.04
206100	0.03	0.48	0.48	0	0	0.03
206200	0.03	0.48	0.48	0	0	0.03
206300	0.02	0.48	0.48	0	0	0.02
206400	0.01	0.48	0.48	0	0	0.01
206500	0	0.48	0.48	0	0	0
206600	0	0.48	0.48	0	0	0
206700	0.01	0.48	0.48	0	0	0.01
206800	0.02	0.48	0.48	0	0	0.02
206900	0.01	0.48	0.48	0	0	0.01
207000	0.03	0.48	0.48	0	0	0.03
207100	0.04	0.48	0.48	0	0	0.04
207200	0.04	0.48	0.48	0	0	0.04
207300	0.05	0.48	0.48	0	0	0.05
207400	0.03	0.48	0.48	0	0	0.03
207500	0.02	0.48	0.48	0	0	0.02
207600	0	0.48	0.48	0	0	0
207700	0	0.48	0.48	0	0	0
207800	0.03	0.48	0.48	0	0	0.03
207900	0.03	0.48	0.48	0	0	0.03
208000	0.05	0.48	0.48	0	0	0.05
208100	0.05	0.48	0.48	0	0	0.05
208200	0.04	0.48	0.48	0	0	0.04
208300	0.02	0.48	0.48	0	0	0.02
208400	0.05	0.48	0.48	0	0	0.05
208500	0.04	0.48	0.48	0	0	0.04
208600	0.04	0.48	0.48	0	0	0.04
208700	0.03	0.48	0.48	0	0	0.03
208800	0.01	0.48	0.48	0	0	0.01
208900	0.02	0.48	0.48	0	0	0.02
209000	0.01	0.48	0.48	0	0	0.01
209100	0.01	0.48	0.48	0	0	0.01
209200	0.01	0.48	0.48	0	0	0.01
209300	0.01	0.48	0.48	0	0	0.01
209400	0.01	0.48	0.48	0	0	0.01
209500	0.01	0.48	0.48	0	0	0.01
209600	0	0.48	0.48	0	0	0
209700	0.01	0.48	0.48	0	0	0.01
209800	0.01	0.48	0.48	0	0	0.01
209900	0.03	0.48	0.48	0	0	0.03
210000	0.03	0.48	0.48	0	0	0.03
210100	0.02	0.48	0.48	0	0	0.02
210200	0.01	0.48	0.48	0	0	0.01
210300	0.02	0.48	0.48	0	0	0.02
210400	0.03	0.48	0.48	0	0	0.03
210500	0.02	0.48	0.48	0	0	0.02
210600	0.02	0.48	0.48	0	0	0.02
210700	0.03	0.48	0.48	0	0	0.03
210800	0.03	0.48	0.48	0	0	0.03
210900	0.04	0.48	0.48	0	0	0.04
211000	0.02	0.48	0.48	0	0	0.02
211100	0.02	0.48	0.48	0	0	0.02
211200	0	0.48	0.48	0	0	0
211300	0	0.48	0.48	0	0	0
211400	0	0.48	0.48	0	0	0
211500	0	0.48	0.48	0	0	0
211600	0.02	0.48	0.48	0	0	0.02
211700	0.02	0.48	0.48	0	0	0.02
211800	0.02	0.48	0.48	0	0	0.02
211900	0.01	0.48	0.48	0	0	0.01
212000	0.02	0.48	0.48	0	0	0.02
212100	0.01	0.48	0.48	0	0	0.01
212200	0.01	0.48	0.48	0	0	0.01
212300	0.02	0.48	0.48	0	0	0.02
212400	0.03	0.48	0.48	0	0	0.03
212500	0.03	0.48	0.48	0	0	0.03
212600	0.04	0.48	0.48	0	0	0.04
212700	0.03	0.48	0.48	0	0	0.03
212800	0.02	0.48	0.48	0	0	0.02
212900	0.01	0.48	0.48	0	0	0.01
213000	0	0.48	0.48	0	0	0
213100	0.03	0.48	0.48	0	0	0.03
213200	0.04	0.48	0.48	0	0	0.04
213300	0.04	0.48	0.48	0	0	0.04
213400	0.02	0.48	0.48	0	0	0.02
213500	0.01	0.48	0.48	0	0	0.01
213600	0.02	0.48	0.48	0	0	0.02
213700	0.02	0.48	0.48	0	0	0.02
213800	0.01	0.48	0.48	0	0	0.01
213900	0.05	0.48	0.48	0	0	0.05
214000	0.04	0.48	0.48	0	0	0.04
214100	0.03	0.48	0.48	0	0	0.03
214200	0.03	0.48	0.48	0	0	0.03
214300	0.01	0.48	0.48	0	0	0.01
214400	0.02	0.49	0.49	0	0	0.02
214500	0.01	0.48	0.48	0	0	0.01
214600	0.02	0.48	0.48	0	0	0.02
214700	0.01	0.48	0.48	0	0	0.01
214800	0.01	0.48	0.48	0	0	0.01
214900	0.01	0.48	0.48	0	0	0.01
215000	0.03	0.48	0.48	0	0	0.03
215100	0.03	0.48	0.48	0	0	0.03
215200	0.03	0.48	0.48	0	0	0.03
215300	0.02	0.48	0.48	0	0	0.02
215400	0.02	0.48	0.48	0	0	0.02
215500	0.01	0.48	0.48	0	0	0.01
215600	0.01	0.48	0.48	0	0	0.01
215700	0.02	0.48	0.48	0	0	0.02
215800	0.03	0.48	0.48	0	0	0.03
215900	0.02	0.48	0.48	0	0	0.02
216000	0.03	0.48	0.48	0	0	0.03
216100	0.03	0.48	0.48	0	0	0.03
216200	0.02	0.48	0.48	0	0	0.02
216300	0.02	0.48	0.48	0	0	0.02
216400	0.02	0.48	0.48	0	0	0.02
216500	0.02	0.48	0.48	0	0	0.02
216600	0.01	0.48	0.48	0	0	0.01
216700	0.02	0.49	0.49	0	0	0.02
216800	0.03	0.49	0.49	0	0	0.03
216900	0.03	0.49	0.49	0	0	0.03
217000	0.03	0.49	0.49	0	0	0.03
217100	0.03	0.49	0.49	0	0	0.03
217200	0.04	0.48	0.48	0	0	0.04
217300	0.03	0.48	0.48	0	0	0.03
217400	0.05	0.48	0.48	0	0	0.05
217500	0.05	0.48	0.48	0	0	0.05
217600	0.03	0.48	0.48	0	0	0.03
217700	0.03	0.48	0.48	0	0	0.03
217800	0.02	0.48	0.48	0	0	0.02
217900	0.03	0.48	0.48	0	0	0.03
218000	0.02	0.48	0.48	0	0	0.02
218100	0.02	0.48	0.48	0	0	0.02
218200	0.02	0.48	0.48	0	0	0.02
218300	0.02	0.48	0.48	0	0	0.02
218400	0.01	0.48	0.48	0	0	0.01
218500	0.01	0.48	0.48	0	0	0.01
218600	0.02	0.48	0.48	0	0	0.02
218700	0.02	0.48	0.48	0	0	0.02
218800	0.03	0.48	0.48	0	0	0.03
218900	0.03	0.48	0.48	0	0	0.03
219000	0.03	0.48	0.48	0	0	0.03
219100	0.02	0.48	0.48	0	0	0.02
219200	0.02	0.48	0.48	0	0	0.02
219300	0.03	0.48	0.48	0	0	0.03
219400	0.03	0.48	0.48	0	0	0.03
219500	0.06	0.48	0.48	0	0	0.06
219600	0.05	0.48	0.48	0	0	0.05
219700	0.06	0.48	0.48	0	0	0.06
219800	0.05	0.48	0.48	0	0	0.05
219900	0.06	0.48	0.48	0	0	0.06
220000	0.03	0.48	0.48	0	0	0.03
220100	0.01	0.48	0.48	0	0	0.01
220200	0.02	0.48	0.48	0	0	0.02
220300	0.02	0.48	0.48	0	0	0.02
220400	0.05	0.48	0.48	0	0	0.05
220500	0.04	0.48	0.48	0	0	0.04
220600	0.05	0.48	0.48	0	0	0.05
220700	0.06	0.48	0.48	0	0	0.06
220800	0.06	0.48	0.48	0	0	0.06
220900	0.05	0.48	0.48	0	0	0.05
221000	0.05	0.48	0.48	0	0	0.05
221100	0.05	0.48	0.48	0	0	0.05
221200	0.03	0.48	0.48	0	0	0.03
221300	0.01	0.48	0.48	0	0	0.01
221400	0.02	0.48	0.48	0	0	0.02
221500	0.02	0.48	0.48	0	0	0.02
221600	0	0.48	0.48	0	0	0
221700	0.01	0.48	0.48	0	0	0.01
221800	0.02	0.48	0.48	0	0	0.02
221900	0.03	0.48	0.48	0	0	0.03
222000	0.04	0.48	0.48	0	0	0.04
222100	0.04	0.48	0.48	0	0	0.04
222200	0.06	0.48	0.48	0	0	0.06
222300	0.04	0.48	0.48	0	0	0.04
222400	0.06	0.48	0.48	0	0	0.06
222500	0.06	0.48	0.48	0	0	0.06
222600	0.04	0.48	0.48	0	0	0.04
222700	0.04	0.48	0.48	0	0	0.04
222800	0.04	0.48	0.48	0	0	0.04
222900	0.03	0.48	0.48	0	0	0.03
223000	0.05	0.48	0.48	0	0	0.05
223100	0.04	0.48	0.48	0	0	0.04
223200	0.05	0.48	0.48	0	0	0.05
223300	0.04	0.48	0.48	0	0	0.04
223400	0.03	0.48	0.48	0	0	0.03
223500	0.02	0.48	0.48	0	0	0.02
223600	0.02	0.48	0.48	0	0	0.02
223700	0.01	0.48	0.48	0	0	0.01
223800	0.02	0.48	0.48	0	0	0.02
223900	0.03	0.48	0.48	0	0	0.03
224000	0.04	0.48	0.48	0	0	0.04
224100	0.03	0.48	0.48	0	0	0.03
224200	0.04	0.48	0.48	0	0	0.04
224300	0.04	0.48	0.48	0	0	0.04
224400	0.02	0.48	0.48	0	0	0.02
224500	0.02	0.48	0.48	0	0	0.02
224600	0.04	0.48	0.48	0	0	0.04
224700	0.01	0.48	0.48	0	0	0.01
224800	0.02	0.48	0.48	0	0	0.02
224900	0.02	0.48	0.48	0	0	0.02
225000	0.03	0.48	0.48	0	0	0.03
225100	0.04	0.48	0.48	0	0	0.04
225200	0.02	0.48	0.48	0	0	0.02
225300	0.02	0.48	0.48	0	0	0.02
225400	0.01	0.48	0.48	0	0	0.01
225500	0.03	0.48	0.48	0	0	0.03
225600	0.01	0.48	0.48	0	0	0.01
225700	0.02	0.48	0.48	0	0	0.02
225800	0.03	0.48	0.48	0	0	0.03
225900	0.03	0.48	0.48	0	0	0.03
226000	0.04	0.48	0.48	0	0	0.04
226100	0.05	0.48	0.48	0	0	0.05
226200	0.05	0.48	0.48	0	0	0.05
226300	0.02	0.48	0.48	0	0	0.02
226400	0.03	0.48	0.48	0	0	0.03
226500	0.04	0.48	0.48	0	0	0.04
226600	0.01	0.48	0.48	0	0	0.01
226700	0.01	0.48	0.48	0	0	0.01
226800	0.01	0.48	0.48	0	0	0.01
226900	0.02	0.48	0.48	0	0	0.02
227000	0.02	0.48	0.48	0	0	0.02
227100	0.02	0.48	0.48	0	0	0.02
227200	0.04	0.48	0.48	0	0	0.04
227300	0.04	0.48	0.48	0	0	0.04
227400	0.06	0.48	0.48	0	0	0.06
227500	0.04	0.48	0.48	0	0	0.04
227600	0.04	0.48	0.48	0	0	0.04
227700	0.05	0.48	0.48	0	0	0.05
227800	0.02	0.48	0.48	0	0	0.02
227900	0.01	0.48	0.48	0	0	0.01
228000	0.02	0.48	0.48	0	0	0.02
228100	0.02	0.48	0.48	0	0	0.02
228200	0.02	0.48	0.48	0	0	0.02
228300	0.02	0.48	0.48	0	0	0.02
228400	0	0.48	0.48	0	0	0
228500	0.02	0.48	0.48	0	0	0.02
228600	0.02	0.48	0.48	0	0	0.02
228700	0.02	0.48	0.48	0	0	0.02
228800	0.02	0.48	0.48	0	0	0.02
228900	0.01	0.48	0.48	0	0	0.01
229000	0.03	0.48	0.48	0	0	0.03
229100	0.03	0.48	0.48	0	0	0.03
229200	0.04	0.48	0.48	0	0	0.04
229300	0.02	0.48	0.48	0	0	0.02
229400	0.02	0.48	0.48	0	0	0.02
229500	0.02	0.48	0.48	0	0	0.02
229600	0.01	0.48	0.48	0	0	0.01
229700	0	0.48	0.48	0	0	0
229800	0.01	0.48	0.48	0	0	0.01
229900	0.01	0.48	0.48	0	0	0.01
230000	0.02	0.48	0.48	0	0	0.02
230100	0.03	0.48	0.48	0	0	0.03
230200	0.04	0.48	0.48	0	0	0.04
230300	0.05	0.48	0.48	0	0	0.05
230400	0.02	0.48	0.48	0	0	0.02
230500	0.03	0.48	0.48	0	0	0.03
230600	0.03	0.48	0.48	0	0	0.03
230700	0.03	0.48	0.48	0	0	0.03
230800	0.03	0.48	0.48	0	0	0.03
230900	0.04	0.48	0.48	0	0	0.04
231000	0.04	0.48	0.48	0	0	0.04
231100	0.02	0.48	0.48	0	0	0.02
231200	0.01	0.48	0.48	0	0	0.01
231300	0.03	0.48	0.48	0	0	0.03
231400	0.03	0.48	0.48	0	0	0.03
231500	0.02	0.48	0.48	0	0	0.02
231600	0.02	0.49	0.49	0	0	0.02
231700	0.01	0.49	0.49	0	0	0.01
231800	0.01	0.49	0.49	0	0	0.01
231900	0.02	0.49	0.49	0	0	0.02
232000	0.01	0.49	0.49	0	0	0.01
232100	0.03	0.49	0.49	0	0	0.03
232200	0.03	0.49	0.49	0	0	0.03
232300	0.05	0.49	0.49	0	0	0.05
232400	0.04	0.49	0.49	0	0	0.04
232500	0.04	0.49	0.49	0	0	0.04
232600	0.03	0.49	0.49	0	0	0.03
232700	0.02	0.49	0.49	0	0	0.02
232800	0.02	0.49	0.49	0	0	0.02
232900	0.01	0.49	0.49	0	0	0.01
233000	0.01	0.49	0.49	0	0	0.01
233100	0.02	0.49	0.49	0	0	0.02
233200	0.02	0.49	0.49	0	0	0.02
233300	0.03	0.49	0.49	0	0	0.03
233400	0.04	0.49	0.49	0	0	0.04
233500	0.03	0.5	0.5	0	0	0.03
233600	0.04	0.49	0.49	0	0	0.04
233700	0.04	0.49	0.49	0	0	0.04
233800	0.04	0.49	0.49	0	0	0.04
233900	0.03	0.49	0.49	0	0	0.03
234000	0.05	0.49	0.49	0	0	0.05
234100	0.05	0.49	0.49	0	0	0.05
234200	0.05	0.49	0.49	0	0	0.05
234300	0.05	0.49	0.49	0	0	0.05
234400	0.04	0.49	0.49	0	0	0.04
234500	0.01	0.5	0.5	0	0	0.01
234600	0	0.49	0.49	0	0	0
234700	0.01	0.49	0.49	0	0	0.01
234800	0.01	0.49	0.49	0	0	0.01
234900	0.01	0.49	0.49	0	0	0.01
235000	0.02	0.49	0.49	0	0	0.02
235100	0.01	0.49	0.49	0	0	0.01
235200	0.01	0.49	0.49	0	0	0.01
235300	0.01	0.49	0.49	0	0	0.01
235400	0.02	0.49	0.49	0	0	0.02
235500	0.02	0.49	0.49	0	0	0.02
235600	0.02	0.49	0.49	0	0	0.02
235700	0	0.49	0.49	0	0	0
235800	0	0.49	0.49	0	0	0
235900	0.02	0.49	0.49	0	0	0.02
236000	0.04	0.49	0.49	0	0	0.04
236100	0.06	0.49	0.49	0	0	0.06
236200	0.05	0.49	0.49	0	0	0.05
236300	0.05	0.49	0.49	0	0	0.05
236400	0.04	0.49	0.49	0	0	0.04
236500	0.02	0.49	0.49	0	0	0.02
236600	0.02	0.49	0.49	0	0	0.02
236700	0	0.49	0.49	0	0	0
236800	0	0.49	0.49	0	0	0
236900	0.04	0.49	0.49	0	0	0.04
237000	0.05	0.49	0.49	0	0	0.05
237100	0.04	0.49	0.49	0	0	0.04
237200	0.03	0.49	0.49	0	0	0.03
237300	0.02	0.49	0.49	0	0	0.02
237400	0.03	0.49	0.49	0	0	0.03
237500	0.04	0.49	0.49	0	0	0.04
237600	0.05	0.49	0.49	0	0	0.05
237700	0.04	0.49	0.49	0	0	0.04
237800	0.05	0.49	0.49	0	0	0.05
237900	0.04	0.49	0.49	0	0	0.04
238000	0.06	0.49	0.49	0	0	0.06
238100	0.03	0.49	0.49	0	0	0.03
238200	0.03	0.49	0.49	0	0	0.03
238300	0.04	0.49	0.49	0	0	0.04
238400	0.04	0.49	0.49	0	0	0.04
238500	0.04	0.49	0.49	0	0	0.04
238600	0.04	0.49	0.49	0	0	0.04
238700	0.05	0.49	0.49	0	0	0.05
238800	0.04	0.49	0.49	0	0	0.04
238900	0.04	0.49	0.49	0	0	0.04
239000	0.03	0.49	0.49	0	0	0.03
239100	0.02	0.49	0.49	0	0	0.02
239200	0.04	0.49	0.49	0	0	0.04
239300	0.02	0.49	0.49	0	0	0.02
239400	0.01	0.49	0.49	0	0	0.01
239500	0.01	0.49	0.49	0	0	0.01
239600	0.01	0.49	0.49	0	0	0.01
239700	0.01	0.49	0.49	0	0	0.01
239800	0.03	0.49	0.49	0	0	0.03
239900	0.05	0.49	0.49	0	0	0.05
240000	0.02	0.49	0.49	0	0	0.02
240100	0.01	0.49	0.49	0	0	0.01
240200	0	0.49	0.49	0	0	0
240300	0	0.49	0.49	0	0	0
240400	0	0.49	0.49	0	0	0
240500	0	0.49	0.49	0	0	0
240600	0.02	0.49	0.49	0	0	0.02
240700	0.02	0.49	0.49	0	0	0.02
240800	0.01	0.49	0.49	0	0	0.01
240900	0.04	0.49	0.49	0	0	0.04
241000	0.04	0.49	0.49	0	0	0.04
241100	0.05	0.49	0.49	0	0	0.05
241200	0.04	0.49	0.49	0	0	0.04
241300	0.02	0.49	0.49	0	0	0.02
241400	0.02	0.49	0.49	0	0	0.02
241500	0.01	0.49	0.49	0	0	0.01
241600	0.04	0.49	0.49	0	0	0.04
241700	0.04	0.49	0.49	0	0	0.04
241800	0.03	0.49	0.49	0	0	0.03
241900	0.04	0.49	0.49	0	0	0.04
242000	0.04	0.49	0.49	0	0	0.04
242100	0.04	0.49	0.49	0	0	0.04
242200	0.02	0.49	0.49	0	0	0.02
242300	0.02	0.49	0.49	0	0	0.02
242400	0.01	0.49	0.49	0	0	0.01
242500	0.02	0.48	0.48	0	0	0.02
242600	0.02	0.48	0.48	0	0	0.02
242700	0.03	0.48	0.48	0	0	0.03
242800	0.03	0.48	0.48	0	0	0.03
242900	0.03	0.48	0.48	0	0	0.03
243000	0.03	0.48	0.48	0	0	0.03
243100	0.04	0.48	0.48	0	0	0.04
243200	0.04	0.48	0.48	0	0	0.04
243300	0.05	0.48	0.48	0	0	0.05
243400	0.05	0.48	0.48	0	0	0.05
243500	0.03	0.48	0.48	0	0	0.03
243600	0.02	0.48	0.48	0	0	0.02
243700	0.01	0.48	0.48	0	0	0.01
243800	0.01	0.48	0.48	0	0	0.01
243900	0.02	0.48	0.48	0	0	0.02
244000	0.01	0.48	0.48	0	0	0.01
244100	0.01	0.48	0.48	0	0	0.01
244200	0.02	0.48	0.48	0	0	0.02
244300	0.01	0.48	0.48	0	0	0.01
244400	0.01	0.48	0.48	0	0	0.01
244500	0.02	0.48	0.48	0	0	0.02
244600	0.01	0.48	0.48	0	0	0.01
244700	0.03	0.48	0.48	0	0	0.03
244800	0.05	0.48	0.48	0	0	0.05
244900	0.06	0.48	0.48	0	0	0.06
245000	0.06	0.48	0.48	0	0	0.06
245100	0.05	0.48	0.48	0	0	0.05
245200	0.06	0.48	0.48	0	0	0.06
245300	0.05	0.48	0.48	0	0	0.05
245400	0.04	0.48	0.48	0	0	0.04
245500	0.03	0.48	0.48	0	0	0.03
245600	0.02	0.48	0.48	0	0	0.02
245700	0.02	0.48	0.48	0	0	0.02
245800	0.01	0.48	0.48	0	0	0.01
245900	0.02	0.48	0.48	0	0	0.02
246000	0.02	0.48	0.48	0	0	0.02
246100	0.02	0.48	0.48	0	0	0.02
246200	0.02	0.48	0.48	0	0	0.02
246300	0.02	0.48	0.48	0	0	0.02
246400	0.02	0.48	0.48	0	0	0.02
246500	0.03	0.48	0.48	0	0	0.03
246600	0.02	0.48	0.48	0	0	0.02
246700	0.01	0.49	0.49	0	0	0.01
246800	0.02	0.49	0.49	0	0	0.02
246900	0.03	0.49	0.49	0	0	0.03
247000	0.04	0.49	0.49	0	0	0.04
247100	0.02	0.49	0.49	0	0	0.02
247200	0.01	0.49	0.49	0	0	0.01
247300	0.02	0.49	0.49	0	0	0.02
247400	0.02	0.49	0.49	0	0	0.02
247500	0.03	0.49	0.49	0	0	0.03
247600	0.01	0.49	0.49	0	0	0.01
247700	0.02	0.49	0.49	0	0	0.02
247800	0.02	0.49	0.49	0	0	0.02
247900	0.02	0.49	0.49	0	0	0.02
248000	0.04	0.49	0.49	0	0	0.04
248100	0.04	0.49	0.49	0	0	0.04
248200	0.02	0.49	0.49	0	0	0.02
248300	0	0.49	0.49	0	0	0
248400	0	0.49	0.49	0	0	0
248500	0	0.49	0.49	0	0	0
248600	0.01	0.49	0.49	0	0	0.01
248700	0.02	0.49	0.49	0	0	0.02
248800	0.03	0.49	0.49	0	0	0.03
248900	0.04	0.49	0.49	0	0	0.04
249000	0.04	0.49	0.49	0	0	0.04
249100	0.02	0.49	0.49	0	0	0.02
249200	0.02	0.49	0.49	0	0	0.02
249300	0.02	0.49	0.49	0	0	0.02
249400	0	0.49	0.49	0	0	0
249500	0.01	0.49	0.49	0	0	0.01
249600	0.01	0.49	0.49	0	0	0.01
249700	0.01	0.49	0.49	0	0	0.01
249800	0.02	0.49	0.49	0	0	0.02
249900	0.01	0.49	0.49	0	0	0.01
250000	0.03	0.49	0.49	0	0	0.03
250100	0.03	0.49	0.49	0	0	0.03
250200	0.04	0.49	0.49	0	0	0.04
250300	0.05	0.49	0.49	0	0	0.05
250400	0.05	0.49	0.49	0	0	0.05
250500	0.06	0.49	0.49	0	0	0.06
250600	0.04	0.49	0.49	0	0	0.04
250700	0.04	0.49	0.49	0	0	0.04
250800	0.04	0.5	0.5	0	0	0.04
250900	0.03	0.5	0.5	0	0	0.03
251000	0.04	0.5	0.5	0	0	0.04
251100	0.04	0.5	0.5	0	0	0.04
251200	0.03	0.5	0.5	0	0	0.03
251300	0.02	0.5	0.5	0	0	0.02
251400	0.02	0.5	0.5	0	0	0.02
251500	0.02	0.5	0.5	0	0	0.02
251600	0.01	0.5	0.5	0	0	0.01
251700	0.01	0.5	0.5	0	0	0.01
251800	0.02	0.5	0.5	0	0	0.02
251900	0.03	0.5	0.5	0	0	0.03
252000	0.04	0.5	0.5	0	0	0.04
252100	0.03	0.5	0.5	0	0	0.03
252200	0.01	0.5	0.5	0	0	0.01
252300	0.01	0.5	0.5	0	0	0.01
252400	0.03	0.5	0.5	0	0	0.03
252500	0.03	0.5	0.5	0	0	0.03
252600	0.05	0.5	0.5	0	0	0.05
252700	0.03	0.5	0.5	0	0	0.03
252800	0.03	0.5	0.5	0	0	0.03
252900	0.02	0.5	0.5	0	0	0.02
253000	0.01	0.5	0.5	0	0	0.01
253100	0.03	0.5	0.5	0	0	0.03
253200	0.02	0.5	0.5	0	0	0.02
253300	0.03	0.5	0.5	0	0	0.03
253400	0.02	0.5	0.5	0	0	0.02
253500	0.02	0.5	0.5	0	0	0.02
253600	0.01	0.5	0.5	0	0	0.01
253700	0.01	0.5	0.5	0	0	0.01
253800	0.01	0.5	0.5	0	0	0.01
253900	0	0.5	0.5	0	0	0
254000	0	0.5	0.5	0	0	0
254100	0	0.5	0.5	0	0	0
254200	0.01	0.5	0.5	0	0	0.01
254300	0.02	0.5	0.5	0	0	0.02
254400	0.03	0.5	0.5	0	0	0.03
254500	0.05	0.5	0.5	0	0	0.05
254600	0.02	0.5	0.5	0	0	0.02
254700	0.01	0.5	0.5	0	0	0.01
254800	0.02	0.5	0.5	0	0	0.02
254900	0.04	0.5	0.5	0	0	0.04
255000	0.04	0.5	0.5	0	0	0.04
255100	0.03	0.5	0.5	0	0	0.03
255200	0.02	0.5	0.5	0	0	0.02
255300	0.04	0.5	0.5	0	0	0.04
255400	0.04	0.5	0.5	0	0	0.04
255500	0.03	0.5	0.5	0	0	0.03
255600	0.03	0.5	0.5	0	0	0.03
255700	0	0.5	0.5	0	0	0
255800	0.01	0.5	0.5	0	0	0.01
255900	0.01	0.5	0.5	0	0	0.01
256000	0.02	0.5	0.5	0	0	0.02
256100	0.01	0.5	0.5	0	0	0.01
256200	0.01	0.5	0.5	0	0	0.01
256300	0.01	0.5	0.5	0	0	0.01
256400	0.02	0.5	0.5	0	0	0.02
256500	0.03	0.5	0.5	0	0	0.03
256600	0.05	0.5	0.5	0	0	0.05
256700	0.04	0.5	0.5	0	0	0.04
256800	0.02	0.5	0.5	0	0	0.02
256900	0.03	0.5	0.5	0	0	0.03
257000	0.04	0.5	0.5	0	0	0.04
257100	0.04	0.5	0.5	0	0	0.04
257200	0.03	0.5	0.5	0	0	0.03
257300	0.05	0.5	0.5	0	0	0.05
257400	0.04	0.5	0.5	0	0	0.04
257500	0.03	0.5	0.5	0	0	0.03
257600	0.03	0.5	0.5	0	0	0.03
257700	0.01	0.5	0.5	0	0	0.01
257800	0.02	0.5	0.5	0	0	0.02
257900	0.02	0.5	0.5	0	0	0.02
258000	0.02	0.5	0.5	0	0	0.02
258100	0.03	0.5	0.5	0	0	0.03
258200	0.04	0.5	0.5	0	0	0.04
258300	0.03	0.5	0.5	0	0	0.03
258400	0.03	0.5	0.5	0	0	0.03
258500	0.02	0.5	0.5	0	0	0.02
258600	0.02	0.5	0.5	0	0	0.02
258700	0.01	0.5	0.5	0	0	0.01
258800	0.01	0.5	0.5	0	0	0.01
258900	0.01	0.5	0.5	0	0	0.01
259000	0.02	0.5	0.5	0	0	0.02
259100	0.02	0.5	0.5	0	0	0.02
259200	0.05	0.5	0.5	0	0	0.05
259300	0.05	0.5	0.5	0	0	0.05
259400	0.04	0.5	0.5	0	0	0.04
259500	0.02	0.5	0.5	0	0	0.02
259600	0.02	0.5	0.5	0	0	0.02
259700	0.02	0.5	0.5	0	0	0.02
259800	0.01	0.5	0.5	0	0	0.01
259900	0.01	0.5	0.5	0	0	0.01
260000	0.03	0.5	0.5	0	0	0.03
260100	0.03	0.5	0.5	0	0	0.03
260200	0.03	0.5	0.5	0	0	0.03
260300	0.02	0.5	0.5	0	0	0.02
260400	0.01	0.5	0.5	0	0	0.01
260500	0.02	0.5	0.5	0	0	0.02
260600	0.02	0.5	0.5	0	0	0.02
260700	0.01	0.5	0.5	0	0	0.01
260800	0.01	0.49	0.49	0	0	0.01
260900	0	0.49	0.49	0	0	0
261000	0	0.49	0.49	0	0	0
261100	0.01	0.49	0.49	0	0	0.01
261200	0.01	0.49	0.49	0	0	0.01
261300	0.03	0.49	0.49	0	0	0.03
261400	0.04	0.49	0.49	0	0	0.04
261500	0.03	0.49	0.49	0	0	0.03
261600	0.02	0.49	0.49	0	0	0.02
261700	0.01	0.49	0.49	0	0	0.01
261800	0.01	0.49	0.49	0	0	0.01
261900	0.03	0.49	0.49	0	0	0.03
262000	0.06	0.49	0.49	0	0	0.06
262100	0.07	0.49	0.49	0	0	0.07
262200	0.07	0.49	0.49	0	0	0.07
262300	0.06	0.49	0.49	0	0	0.06
262400	0.04	0.49	0.49	0	0	0.04
262500	0.02	0.49	0.49	0	0	0.02
262600	0	0.49	0.49	0	0	0
262700	0.01	0.49	0.49	0	0	0.01
262800	0.03	0.49	0.49	0	0	0.03
262900	0.03	0.49	0.49	0	0	0.03
263000	0.04	0.49	0.49	0	0	0.04
263100	0.04	0.49	0.49	0	0	0.04
263200	0.05	0.49	0.49	0	0	0.05
263300	0.05	0.49	0.49	0	0	0.05
263400	0.07	0.49	0.49	0	0	0.07
263500	0.08	0.49	0.49	0	0	0.08
263600	0.07	0.49	0.49	0	0	0.07
263700	0.07	0.49	0.49	0	0	0.07
263800	0.08	0.49	0.49	0	0	0.08
263900	0.08	0.49	0.49	0	0	0.08
264000	0.07	0.49	0.49	0	0	0.07
264100	0.07	0.49	0.49	0	0	0.07
264200	0.07	0.49	0.49	0	0	0.07
264300	0.08	0.49	0.49	0	0	0.08
264400	0.08	0.49	0.49	0	0	0.08
264500	0.09	0.5	0.5	0	0	0.09
264600	0.08	0.5	0.5	0	0	0.08
264700	0.08	0.5	0.5	0	0	0.08
264800	0.07	0.5	0.5	0	0	0.07
264900	0.08	0.5	0.5	0	0	0.08
265000	0.08	0.5	0.5	0	0	0.08
265100	0.08	0.5	0.5	0	0	0.08
265200	0.08	0.5	0.5	0	0	0.08
265300	0.08	0.5	0.5	0	0	0.08
265400	0.08	0.5	0.5	0	0	0.08
265500	0.08	0.5	0.5	0	0	0.08
265600	0.09	0.5	0.5	0	0	0.09
265700	0.08	0.5	0.5	0	0	0.08
265800	0.08	0.5	0.5	0	0	0.08
265900	0.08	0.5	0.5	0	0	0.08
266000	0.08	0.5	0.5	0	0	0.08
266100	0.1	0.5	0.5	0	0	0.1
266200	0.1	0.5	0.5	0	0	0.1
266300	0.09	0.5	0.5	0	0	0.09
266400	0.08	0.5	0.5	0	0	0.08
266500	0.09	0.5	0.5	0	0	0.09
266600	0.11	0.5	0.5	0	0	0.11
266700	0.11	0.5	0.5	0	0	0.11
266800	0.1	0.5	0.5	0	0	0.1
266900	0.1	0.5	0.5	0	0	0.1
267000	0.09	0.5	0.5	0	0	0.09
267100	0.08	0.5	0.5	0	0	0.08
267200	0.08	0.5	0.5	0	0	0.08
267300	0.09	0.5	0.5	0	0	0.09
267400	0.09	0.5	0.5	0	0	0.09
267500	0.09	0.5	0.5	0	0	0.09
267600	0.09	0.5	0.5	0	0	0.09
267700	0.1	0.5	0.5	0	0	0.1
267800	0.11	0.5	0.5	0	0	0.11
267900	0.12	0.5	0.5	0	0	0.12
268000	0.11	0.5	0.5	0	0	0.11
268100	0.12	0.5	0.5	0	0	0.12
268200	0.13	0.5	0.5	0	0	0.13
268300	0.14	0.5	0.5	0	0	0.14
268400	0.14	0.5	0.5	0	0	0.14
268500	0.15	0.5	0.5	0	0	0.15
268600	0.15	0.5	0.5	0	0	0.15
268700	0.15	0.5	0.5	0	0	0.15
268800	0.15	0.5	0.5	0	0	0.15
268900	0.15	0.5	0.5	0	0	0.15
269000	0.16	0.5	0.5	0	0	0.16
269100	0.16	0.5	0.5	0	0	0.16
269200	0.16	0.5	0.5	0	0	0.16
269300	0.15	0.5	0.5	0	0	0.15
269400	0.16	0.5	0.5	0	0	0.16
269500	0.17	0.5	0.5	0	0	0.17
269600	0.16	0.5	0.5	0	0	0.16
269700	0.16	0.49	0.49	0	0	0.16
269800	0.15	0.49	0.49	0	0	0.15
269900	0.16	0.49	0.49	0	0	0.16
270000	0.16	0.49	0.49	0	0	0.16
270100	0.16	0.49	0.49	0	0	0.16
270200	0.15	0.49	0.49	0	0	0.15
270300	0.15	0.49	0.49	0	0	0.15
270400	0.16	0.49	0.49	0	0	0.16
270500	0.15	0.49	0.49	0	0	0.15
270600	0.15	0.49	0.49	0	0	0.15
270700	0.15	0.49	0.49	0	0	0.15
270800	0.15	0.49	0.49	0	0	0.15
270900	0.14	0.49	0.49	0	0	0.14
271000	0.14	0.49	0.49	0	0	0.14
271100	0.14	0.49	0.49	0	0	0.14
271200	0.14	0.49	0.49	0	0	0.14
271300	0.14	0.49	0.49	0	0	0.14
271400	0.13	0.49	0.49	0	0	0.13
271500	0.15	0.49	0.49	0	0	0.15
271600	0.15	0.49	0.49	0	0	0.15
271700	0.15	0.49	0.49	0	0	0.15
271800	0.16	0.49	0.49	0	0	0.16
271900	0.17	0.49	0.49	0	0	0.17
272000	0.18	0.49	0.49	0	0	0.18
272100	0.16	0.49	0.49	0	0	0.16
272200	0.16	0.49	0.49	0	0	0.16
272300	0.16	0.49	0.49	0	0	0.16
272400	0.16	0.49	0.49	0	0	0.16
272500	0.16	0.49	0.49	0	0	0.16
272600	0.17	0.49	0.49	0	0	0.17
272700	0.17	0.49	0.49	0	0	0.17
272800	0.18	0.49	0.49	0	0	0.18
272900	0.18	0.49	0.49	0	0	0.18
273000	0.19	0.49	0.49	0	0	0.19
273100	0.2	0.49	0.49	0	0	0.2
273200	0.2	0.49	0.49	0	0	0.2
273300	0.2	0.49	0.49	0	0	0.2
273400	0.2	0.49	0.49	0	0	0.2
273500	0.19	0.49	0.49	0	0	0.19
273600	0.19	0.49	0.49	0	0	0.19
273700	0.19	0.49	0.49	0	0	0.19
273800	0.19	0.49	0.49	0	0	0.19
273900	0.2	0.49	0.49	0	0	0.2
274000	0.2	0.49	0.49	0	0	0.2
274100	0.22	0.49	0.49	0	0	0.22
274200	0.22	0.49	0.49	0	0	0.22
274300	0.22	0.49	0.49	0	0	0.22
274400	0.22	0.49	0.49	0	0	0.22
274500	0.22	0.49	0.49	0	0	0.22
274600	0.23	0.49	0.49	0	0	0.23
274700	0.23	0.49	0.49	0	0	0.23
274800	0.24	0.49	0.49	0	0	0.24
274900	0.24	0.49	0.49	0	0	0.24
275000	0.26	0.49	0.49	0	0	0.26
275100	0.24	0.49	0.49	0	0	0.24
275200	0.23	0.49	0.49	0	0	0.23
275300	0.22	0.49	0.49	0	0	0.22
275400	0.21	0.49	0.49	0	0	0.21
275500	0.21	0.49	0.49	0	0	0.21
275600	0.23	0.49	0.49	0	0	0.23
275700	0.23	0.49	0.49	0	0	0.23
275800	0.23	0.49	0.49	0	0	0.23
275900	0.25	0.49	0.49	0	0	0.25
276000	0.25	0.49	0.49	0	0	0.25
276100	0.25	0.49	0.49	0	0	0.25
276200	0.24	0.49	0.49	0	0	0.24
276300	0.24	0.49	0.49	0	0	0.24
276400	0.25	0.49	0.49	0	0	0.25
276500	0.25	0.49	0.49	0	0	0.25
276600	0.25	0.49	0.49	0	0	0.25
276700	0.25	0.49	0.49	0	0	0.25
276800	0.25	0.49	0.49	0	0	0.25
276900	0.24	0.49	0.49	0	0	0.24
277000	0.24	0.49	0.49	0	0	0.24
277100	0.24	0.49	0.49	0	0	0.24
277200	0.24	0.49	0.49	0	0	0.24
277300	0.24	0.49	0.49	0	0	0.24
277400	0.24	0.49	0.49	0	0	0.24
277500	0.25	0.49	0.49	0	0	0.25
277600	0.25	0.49	0.49	0	0	0.25
277700	0.25	0.49	0.49	0	0	0.25
277800	0.25	0.49	0.49	0	0	0.25
277900	0.25	0.49	0.49	0	0	0.25
278000	0.26	0.49	0.49	0	0	0.26
278100	0.27	0.49	0.49	0	0	0.27
278200	0.27	0.49	0.49	0	0	0.27
278300	0.27	0.49	0.49	0	0	0.27
278400	0.27	0.49	0.49	0	0	0.27
278500	0.28	0.49	0.49	0	0	0.28
278600	0.28	0.49	0.49	0	0	0.28
278700	0.28	0.49	0.49	0	0	0.28
278800	0.28	0.5	0.5	0	0	0.28
278900	0.29	0.5	0.5	0	0	0.29
279000	0.28	0.5	0.5	0	0	0.28
279100	0.28	0.5	0.5	0	0	0.28
279200	0.28	0.5	0.5	0	0	0.28
279300	0.28	0.5	0.5	0	0	0.28
279400	0.28	0.49	0.49	0	0	0.28
279500	0.28	0.49	0.49	0	0	0.28
279600	0.28	0.49	0.49	0	0	0.28
279700	0.28	0.49	0.49	0	0	0.28
279800	0.28	0.49	0.49	0	0	0.28
279900	0.28	0.49	0.49	0	0	0.28
280000	0.28	0.49	0.49	0	0	0.28
280100	0.28	0.49	0.49	0	0	0.28
280200	0.29	0.49	0.49	0	0	0.29
280300	0.29	0.49	0.49	0	0	0.29
280400	0.29	0.49	0.49	0	0	0.29
280500	0.29	0.49	0.49	0	0	0.29
280600	0.29	0.49	0.49	0	0	0.29
280700	0.29	0.49	0.49	0	0	0.29
280800	0.29	0.49	0.49	0	0	0.29
280900	0.29	0.49	0.49	0	0	0.29
281000	0.29	0.49	0.49	0	0	0.29
281100	0.29	0.49	0.49	0	0	0.29
281200	0.29	0.49	0.49	0	0	0.29
281300	0.3	0.49	0.49	0	0	0.3
281400	0.3	0.49	0.49	0	0	0.3
281500	0.3	0.49	0.49	0	0	0.3
281600	0.3	0.49	0.49	0	0	0.3
281700	0.3	0.49	0.49	0	0	0.3
281800	0.29	0.49	0.49	0	0	0.29
281900	0.29	0.49	0.49	0	0	0.29
282000	0.29	0.49	0.49	0	0	0.29
282100	0.27	0.49	0.49	0	0	0.27
282200	0.27	0.49	0.49	0	0	0.27
282300	0.27	0.49	0.49	0	0	0.27
282400	0.28	0.49	0.49	0	0	0.28
282500	0.29	0.49	0.49	0	0	0.29
282600	0.29	0.49	0.49	0	0	0.29
282700	0.29	0.48	0.48	0	0	0.29
282800	0.3	0.48	0.48	0	0	0.3
282900	0.3	0.48	0.48	0	0	0.3
283000	0.3	0.48	0.48	0	0	0.3
283100	0.3	0.49	0.49	0	0	0.3
283200	0.31	0.49	0.49	0	0	0.31
283300	0.31	0.49	0.49	0	0	0.31
283400	0.31	0.49	0.49	0	0	0.31
283500	0.31	0.49	0.49	0	0	0.31
283600	0.32	0.49	0.49	0	0	0.32
283700	0.33	0.49	0.49	0	0	0.33
283800	0.33	0.49	0.49	0	0	0.33
283900	0.33	0.49	0.49	0	0	0.33
284000	0.33	0.49	0.49	0	0	0.33
284100	0.33	0.49	0.49	0	0	0.33
284200	0.32	0.49	0.49	0	0	0.32
284300	0.32	0.49	0.49	0	0	0.32
284400	0.32	0.49	0.49	0	0	0.32
284500	0.32	0.49	0.49	0	0	0.32
284600	0.33	0.49	0.49	0	0	0.33
284700	0.33	0.49	0.49	0	0	0.33
284800	0.33	0.49	0.49	0	0	0.33
284900	0.34	0.49	0.49	0	0	0.34
285000	0.34	0.49	0.49	0	0	0.34
285100	0.34	0.49	0.49	0	0	0.34
285200	0.34	0.49	0.49	0	0	0.34
285300	0.34	0.49	0.49	0	0	0.34
285400	0.34	0.49	0.49	0	0	0.34
285500	0.34	0.49	0.49	0	0	0.34
285600	0.34	0.49	0.49	0	0	0.34
285700	0.35	0.49	0.49	0	0	0.35
285800	0.35	0.49	0.49	0	0	0.35
285900	0.35	0.49	0.49	0	0	0.35
286000	0.35	0.49	0.49	0	0	0.35
286100	0.35	0.49	0.49	0	0	0.35
286200	0.35	0.49	0.49	0	0	0.35
286300	0.35	0.49	0.49	0	0	0.35
286400	0.37	0.49	0.49	0	0	0.37
286500	0.37	0.49	0.49	0	0	0.37
286600	0.37	0.49	0.49	0	0	0.37
286700	0.38	0.49	0.49	0	0	0.38
286800	0.37	0.49	0.49	0	0	0.37
286900	0.37	0.49	0.49	0	0	0.37
287000	0.37	0.49	0.49	0	0	0.37
287100	0.37	0.49	0.49	0	0	0.37
287200	0.38	0.49	0.49	0	0	0.38
287300	0.38	0.49	0.49	0	0	0.38
287400	0.38	0.49	0.49	0	0	0.38
287500	0.38	0.49	0.49	0	0	0.38
287600	0.38	0.49	0.49	0	0	0.38
287700	0.38	0.49	0.49	0	0	0.38
287800	0.38	0.49	0.49	0	0	0.38
287900	0.38	0.49	0.49	0	0	0.38
288000	0.39	0.49	0.49	0	0	0.39
288100	0.39	0.49	0.49	0	0	0.39
288200	0.4	0.49	0.49	0	0	0.4
288300	0.4	0.49	0.49	0	0	0.4
288400	0.4	0.49	0.49	0	0	0.4
288500	0.39	0.49	0.49	0	0	0.39
288600	0.39	0.49	0.49	0	0	0.39
288700	0.39	0.49	0.49	0	0	0.39
288800	0.39	0.49	0.49	0	0	0.39
288900	0.39	0.49	0.49	0	0	0.39
289000	0.39	0.49	0.49	0	0	0.39
289100	0.39	0.49	0.49	0	0	0.39
289200	0.39	0.49	0.49	0	0	0.39
289300	0.39	0.49	0.49	0	0	0.39
289400	0.39	0.49	0.49	0	0	0.39
289500	0.39	0.49	0.49	0	0	0.39
289600	0.39	0.49	0.49	0	0	0.39
289700	0.39	0.49	0.49	0	0	0.39
289800	0.39	0.49	0.49	0	0	0.39
289900	0.39	0.49	0.49	0	0	0.39
290000	0.39	0.49	0.49	0	0	0.39
290100	0.39	0.49	0.49	0	0	0.39
290200	0.39	0.49	0.49	0	0	0.39
290300	0.4	0.49	0.49	0	0	0.4
290400	0.4	0.49	0.49	0	0	0.4
290500	0.4	0.49	0.49	0	0	0.4
290600	0.4	0.49	0.49	0	0	0.4
290700	0.4	0.49	0.49	0	0	0.4
290800	0.4	0.49	0.49	0	0	0.4
290900	0.4	0.49	0.49	0	0	0.4
291000	0.4	0.49	0.49	0	0	0.4
291100	0.4	0.49	0.49	0	0	0.4
291200	0.4	0.49	0.49	0	0	0.4
291300	0.4	0.49	0.49	0	0	0.4
291400	0.4	0.49	0.49	0	0	0.4
291500	0.41	0.49	0.49	0	0	0.41
291600	0.41	0.49	0.49	0	0	0.41
291700	0.41	0.49	0.49	0	0	0.41
291800	0.41	0.49	0.49	0	0	0.41
291900	0.41	0.49	0.49	0	0	0.41
292000	0.41	0.49	0.49	0	0	0.41
292100	0.41	0.49	0.49	0	0	0.41
292200	0.42	0.49	0.49	0	0	0.42
292300	0.43	0.49	0.49	0	0	0.43
292400	0.42	0.49	0.49	0	0	0.42
292500	0.42	0.49	0.49	0	0	0.42
292600	0.42	0.49	0.49	0	0	0.42
292700	0.42	0.49	0.49	0	0	0.42
292800	0.42	0.49	0.49	0	0	0.42
292900	0.42	0.49	0.49	0	0	0.42
293000	0.42	0.49	0.49	0	0	0.42
293100	0.42	0.49	0.49	0	0	0.42
293200	0.43	0.49	0.49	0	0	0.43
293300	0.43	0.49	0.49	0	0	0.43
293400	0.43	0.49	0.49	0	0	0.43
293500	0.43	0.49	0.49	0	0	0.43
293600	0.43	0.49	0.49	0	0	0.43
293700	0.43	0.49	0.49	0	0	0.43
293800	0.43	0.49	0.49	0	0	0.43
293900	0.43	0.49	0.49	0	0	0.43
294000	0.44	0.49	0.49	0	0	0.44
294100	0.45	0.49	0.49	0	0	0.45
294200	0.45	0.49	0.49	0	0	0.45
294300	0.45	0.49	0.49	0	0	0.45
294400	0.45	0.49	0.49	0	0	0.45
294500	0.45	0.49	0.49	0	0	0.45
294600	0.45	0.49	0.49	0	0	0.45
294700	0.45	0.49	0.49	0	0	0.45
294800	0.45	0.49	0.49	0	0	0.45
294900	0.45	0.49	0.49	0	0	0.45
295000	0.46	0.49	0.49	0	0	0.46
295100	0.46	0.49	0.49	0	0	0.46
295200	0.46	0.49	0.49	0	0	0.46
295300	0.46	0.49	0.49	0	0	0.46
295400	0.46	0.49	0.49	0	0	0.46
295500	0.46	0.49	0.49	0	0	0.46
295600	0.46	0.49	0.49	0	0	0.46
295700	0.46	0.49	0.49	0	0	0.46
295800	0.46	0.49	0.49	0	0	0.46
295900	0.46	0.49	0.49	0	0	0.46
296000	0.46	0.49	0.49	0	0	0.46
296100	0.46	0.49	0.49	0	0	0.46
296200	0.46	0.49	0.49	0	0	0.46
296300	0.46	0.49	0.49	0	0	0.46
296400	0.46	0.49	0.49	0	0	0.46
296500	0.46	0.49	0.49	0	0	0.46
296600	0.46	0.49	0.49	0	0	0.46
296700	0.46	0.49	0.49	0	0	0.46
296800	0.46	0.49	0.49	0	0	0.46
296900	0.46	0.49	0.49	0	0	0.46
297000	0.46	0.49	0.49	0	0	0.46
297100	0.46	0.49	0.49	0	0	0.46
297200	0.46	0.49	0.49	0	0	0.46
297300	0.46	0.49	0.49	0	0	0.46
297400	0.46	0.49	0.49	0	0	0.46
297500	0.46	0.49	0.49	0	0	0.46
297600	0.46	0.49	0.49	0	0	0.46
297700	0.47	0.49	0.49	0	0	0.47
297800	0.47	0.49	0.49	0	0	0.47
297900	0.47	0.49	0.49	0	0	0.47
298000	0.47	0.49	0.49	0	0	0.47
298100	0.47	0.49	0.49	0	0	0.47
298200	0.47	0.49	0.49	0	0	0.47
298300	0.47	0.49	0.49	0	0	0.47
298400	0.47	0.49	0.49	0	0	0.47
298500	0.47	0.49	0.49	0	0	0.47
298600	0.47	0.49	0.49	0	0	0.47
298700	0.47	0.49	0.49	0	0	0.47
298800	0.47	0.49	0.49	0	0	0.47
298900	0.48	0.49	0.49	0	0	0.48
299000	0.48	0.49	0.49	0	0	0.48
299100	0.48	0.49	0.49	0	0	0.48
299200	0.48	0.49	0.49	0	0	0.48
299300	0.48	0.49	0.49	0	0	0.48
299400	0.48	0.49	0.49	0	0	0.48
299500	0.48	0.49	0.49	0	0	0.48
299600	0.48	0.49	0.49	0	0	0.48
299700	0.48	0.49	0.49	0	0	0.48
299800	0.48	0.49	0.49	0	0	0.48
299900	0.48	0.49	0.49	0	0	0.48
300000	0.48	0.49	0.49	0	0	0.48
