100	0.06	0.07	0.07	0	0	0.06
200	0.06	0.07	0.07	0	0	0.06
300	0.07	0.05	0.05	0	0	0.07
400	0.07	0.04	0.04	0	0	0.07
500	0.06	0.05	0.05	0	0	0.06
600	0.04	0.05	0.05	0	0	0.04
700	0.02	0.05	0.05	0	0	0.02
800	0.02	0.04	0.04	0	0	0.02
900	0.01	0.03	0.03	0	0	0.01
1000	0.01	0	0	0	0	0.01
1100	0.02	0.01	0.01	0	0	0.02
1200	0.01	0.01	0.01	0	0	0.01
1300	0.01	0.01	0.01	0	0	0.01
1400	0.01	0.03	0.03	0	0	0.01
1500	0.01	0.03	0.03	0	0	0.01
1600	0	0.03	0.03	0	0	0
1700	0	0.03	0.03	0	0	0
1800	0	0.02	0.02	0	0	0
1900	0	0.02	0.02	0	0	0
2000	0.01	0.03	0.03	0	0	0.01
2100	0.02	0.04	0.04	0	0	0.02
2200	0.04	0.05	0.05	0	0	0.04
2300	0.04	0.05	0.05	0	0	0.04
2400	0.02	0.05	0.05	0	0	0.02
2500	0.02	0.05	0.05	0	0	0.02
2600	0.01	0.04	0.04	0	0	0.01
2700	0	0.02	0.02	0	0	0
2800	0	0.03	0.03	0	0	0
2900	0.01	0.03	0.03	0	0	0.01
3000	0.01	0.03	0.03	0	0	0.01
3100	0.01	0.05	0.05	0	0	0.01
3200	0	0.04	0.04	0	0	0
3300	0.01	0.02	0.02	0	0	0.01
3400	0.01	0.04	0.04	0	0	0.01
3500	0.01	0.04	0.04	0	0	0.01
3600	0.01	0.06	0.06	0	0	0.01
3700	0.02	0.05	0.05	0	0	0.02
3800	0.02	0.05	0.05	0	0	0.02
3900	0.04	0.02	0.02	0	0	0.04
4000	0.06	0.03	0.03	0	0	0.06
4100	0.05	0.02	0.02	0	0	0.05
4200	0.04	0.03	0.03	0	0	0.04
4300	0.04	0.03	0.03	0	0	0.04
4400	0.03	0.01	0.01	0	0	0.03
4500	0.03	0.01	0.01	0	0	0.03
4600	0.02	0.03	0.03	0	0	0.02
4700	0.02	0.03	0.03	0	0	0.02
4800	0.02	0.04	0.04	0	0	0.02
4900	0.02	0.04	0.04	0	0	0.02
5000	0.02	0.04	0.04	0	0	0.02
5100	0.03	0.03	0.03	0	0	0.03
5200	0.04	0.03	0.03	0	0	0.04
5300	0.04	0.03	0.03	0	0	0.04
5400	0.04	0.01	0.01	0	0	0.04
5500	0.03	0.02	0.02	0	0	0.03
5600	0.02	0.02	0.02	0	0	0.02
5700	0.02	0.03	0.03	0	0	0.02
5800	0.03	0.02	0.02	0	0	0.03
5900	0.05	0.02	0.02	0	0	0.05
6000	0.06	0.03	0.03	0	0	0.06
6100	0.04	0.01	0.01	0	0	0.04
6200	0.02	0.01	0.01	0	0	0.02
6300	0.01	0.02	0.02	0	0	0.01
6400	0.01	0.02	0.02	0	0	0.01
6500	0.01	0.02	0.02	0	0	0.01
6600	0.01	0.01	0.01	0	0	0.01
6700	0.01	0.02	0.02	0	0	0.01
6800	0.01	0.02	0.02	0	0	0.01
6900	0.01	0.02	0.02	0	0	0.01
7000	0.01	0.06	0.06	0	0	0.01
7100	0.01	0.06	0.06	0	0	0.01
7200	0.01	0.05	0.05	0	0	0.01
7300	0.01	0.05	0.05	0	0	0.01
7400	0.02	0.05	0.05	0	0	0.02
7500	0.02	0.04	0.04	0	0	0.02
7600	0.02	0.05	0.05	0	0	0.02
7700	0.02	0.03	0.03	0	0	0.02
7800	0.02	0.01	0.01	0	0	0.02
7900	0.02	0	0	0	0	0.02
8000	0.03	0.01	0.01	0	0	0.03
8100	0.03	0.02	0.02	0	0	0.03
8200	0.04	0.02	0.02	0	0	0.04
8300	0.05	0.04	0.04	0	0	0.05
8400	0.04	0.04	0.04	0	0	0.04
8500	0.03	0.04	0.04	0	0	0.03
8600	0.03	0.04	0.04	0	0	0.03
8700	0.02	0.03	0.03	0	0	0.02
8800	0.01	0.02	0.02	0	0	0.01
8900	0	0.01	0.01	0	0	0
9000	0.01	0	0	0	0	0.01
9100	0.02	0	0	0	0	0.02
9200	0.03	0.03	0.03	0	0	0.03
9300	0.01	0.05	0.05	0	0	0.01
9400	0.01	0.05	0.05	0	0	0.01
9500	0.02	0.04	0.04	0	0	0.02
9600	0.04	0.03	0.03	0	0	0.04
9700	0.03	0.04	0.04	0	0	0.03
9800	0.04	0.03	0.03	0	0	0.04
9900	0.05	0.02	0.02	0	0	0.05
10000	0.04	0.04	0.04	0	0	0.04
10100	0.03	0.03	0.03	0	0	0.03
10200	0.04	0.03	0.03	0	0	0.04
10300	0.04	0.04	0.04	0	0	0.04
10400	0.03	0.02	0.02	0	0	0.03
10500	0.02	0	0	0	0	0.02
10600	0.02	0	0	0	0	0.02
10700	0.02	0	0	0	0	0.02
10800	0	0	0	0	0	0
10900	0.02	0	0	0	0	0.02
11000	0.02	0.01	0.01	0	0	0.02
11100	0.02	0.04	0.04	0	0	0.02
11200	0.02	0.04	0.04	0	0	0.02
11300	0.02	0.03	0.03	0	0	0.02
11400	0.01	0.02	0.02	0	0	0.01
11500	0.03	0.02	0.02	0	0	0.03
11600	0.04	0.03	0.03	0	0	0.04
11700	0.05	0.04	0.04	0	0	0.05
11800	0.05	0.04	0.04	0	0	0.05
11900	0.05	0.05	0.05	0	0	0.05
12000	0.04	0.06	0.06	0	0	0.04
12100	0.04	0.04	0.04	0	0	0.04
12200	0.03	0.05	0.05	0	0	0.03
12300	0.02	0.03	0.03	0	0	0.02
12400	0.02	0.02	0.02	0	0	0.02
12500	0.03	0.02	0.02	0	0	0.03
12600	0.03	0.03	0.03	0	0	0.03
12700	0.04	0.04	0.04	0	0	0.04
12800	0.04	0.04	0.04	0	0	0.04
12900	0.04	0.04	0.04	0	0	0.04
13000	0.03	0.02	0.02	0	0	0.03
13100	0.02	0.03	0.03	0	0	0.02
13200	0.04	0.03	0.03	0	0	0.04
13300	0.03	0.05	0.05	0	0	0.03
13400	0.02	0.06	0.06	0	0	0.02
13500	0.02	0.06	0.06	0	0	0.02
13600	0.01	0.06	0.06	0	0	0.01
13700	0.02	0.06	0.06	0	0	0.02
13800	0.01	0.09	0.09	0	0	0.01
13900	0.01	0.06	0.06	0	0	0.01
14000	0.03	0.04	0.04	0	0	0.03
14100	0.03	0.03	0.03	0	0	0.03
14200	0.03	0.01	0.01	0	0	0.03
14300	0.01	0.01	0.01	0	0	0.01
14400	0.02	0.02	0.02	0	0	0.02
14500	0.02	0.03	0.03	0	0	0.02
14600	0.01	0.04	0.04	0	0	0.01
14700	0.01	0.04	0.04	0	0	0.01
14800	0.01	0.05	0.05	0	0	0.01
14900	0.02	0.04	0.04	0	0	0.02
15000	0.02	0.03	0.03	0	0	0.02
15100	0.01	0.03	0.03	0	0	0.01
15200	0.02	0.03	0.03	0	0	0.02
15300	0.03	0.02	0.02	0	0	0.03
15400	0.05	0.01	0.01	0	0	0.05
15500	0.07	0.02	0.02	0	0	0.07
15600	0.03	0.03	0.03	0	0	0.03
15700	0.02	0.02	0.02	0	0	0.02
15800	0.03	0.02	0.02	0	0	0.03
15900	0.02	0.03	0.03	0	0	0.02
16000	0.04	0.03	0.03	0	0	0.04
16100	0.06	0.02	0.02	0	0	0.06
16200	0.04	0.02	0.02	0	0	0.04
16300	0.04	0.01	0.01	0	0	0.04
16400	0.04	0.02	0.02	0	0	0.04
16500	0.02	0.02	0.02	0	0	0.02
16600	0.03	0.02	0.02	0	0	0.03
16700	0.01	0.03	0.03	0	0	0.01
16800	0.01	0.02	0.02	0	0	0.01
16900	0.04	0.02	0.02	0	0	0.04
17000	0.06	0.01	0.01	0	0	0.06
17100	0.07	0.01	0.01	0	0	0.07
17200	0.06	0.01	0.01	0	0	0.06
17300	0.03	0.01	0.01	0	0	0.03
17400	0.03	0.01	0.01	0	0	0.03
17500	0.03	0	0	0	0	0.03
17600	0	0.01	0.01	0	0	0
17700	0.01	0.01	0.01	0	0	0.01
17800	0.02	0.01	0.01	0	0	0.02
17900	0.02	0.01	0.01	0	0	0.02
18000	0.02	0.02	0.02	0	0	0.02
18100	0.02	0.01	0.01	0	0	0.02
18200	0.02	0.01	0.01	0	0	0.02
18300	0.01	0	0	0	0	0.01
18400	0.02	0	0	0	0	0.02
18500	0.03	0.02	0.02	0	0	0.03
18600	0	0.02	0.02	0	0	0
18700	0	0.03	0.03	0	0	0
18800	0	0.03	0.03	0	0	0
18900	0.04	0.03	0.03	0	0	0.04
19000	0.04	0.01	0.01	0	0	0.04
19100	0.05	0.01	0.01	0	0	0.05
19200	0.04	0.04	0.04	0	0	0.04
19300	0.05	0.03	0.03	0	0	0.05
19400	0.06	0.04	0.04	0	0	0.06
19500	0.04	0.05	0.05	0	0	0.04
19600	0.02	0.03	0.03	0	0	0.02
19700	0.02	0.04	0.04	0	0	0.02
19800	0.01	0.03	0.03	0	0	0.01
19900	0.01	0.01	0.01	0	0	0.01
20000	0.01	0.02	0.02	0	0	0.01
20100	0	0.01	0.01	0	0	0
20200	0.03	0	0	0	0	0.03
20300	0.05	0	0	0	0	0.05
20400	0.05	0.03	0.03	0	0	0.05
20500	0.05	0.03	0.03	0	0	0.05
20600	0.06	0.03	0.03	0	0	0.06
20700	0.04	0.04	0.04	0	0	0.04
20800	0.03	0.03	0.03	0	0	0.03
20900	0.03	0.01	0.01	0	0	0.03
21000	0.01	0	0	0	0	0.01
21100	0	0	0	0	0	0
21200	0	0.02	0.02	0	0	0
21300	0.02	0.02	0.02	0	0	0.02
21400	0.02	0.02	0.02	0	0	0.02
21500	0.04	0.03	0.03	0	0	0.04
21600	0.06	0.03	0.03	0	0	0.06
21700	0.08	0.03	0.03	0	0	0.08
21800	0.05	0.01	0.01	0	0	0.05
21900	0.03	0.03	0.03	0	0	0.03
22000	0.02	0.02	0.02	0	0	0.02
22100	0.03	0.02	0.02	0	0	0.03
22200	0.05	0.02	0.02	0	0	0.05
22300	0.02	0.03	0.03	0	0	0.02
22400	0.02	0.02	0.02	0	0	0.02
22500	0.02	0.03	0.03	0	0	0.02
22600	0.03	0.02	0.02	0	0	0.03
22700	0.03	0.02	0.02	0	0	0.03
22800	0.02	0.02	0.02	0	0	0.02
22900	0.02	0	0	0	0	0.02
23000	0.03	0.01	0.01	0	0	0.03
23100	0.04	0.02	0.02	0	0	0.04
23200	0.05	0.03	0.03	0	0	0.05
23300	0.06	0.03	0.03	0	0	0.06
23400	0.05	0.04	0.04	0	0	0.05
23500	0.07	0.04	0.04	0	0	0.07
23600	0.07	0.04	0.04	0	0	0.07
23700	0.07	0.03	0.03	0	0	0.07
23800	0.07	0.03	0.03	0	0	0.07
23900	0.08	0.05	0.05	0	0	0.08
24000	0.06	0.04	0.04	0	0	0.06
24100	0.04	0.03	0.03	0	0	0.04
24200	0.01	0.03	0.03	0	0	0.01
24300	0.01	0.02	0.02	0	0	0.01
24400	0	0.03	0.03	0	0	0
24500	0.01	0.02	0.02	0	0	0.01
24600	0.02	0.05	0.05	0	0	0.02
24700	0.03	0.06	0.06	0	0	0.03
24800	0.02	0.05	0.05	0	0	0.02
24900	0.01	0.06	0.06	0	0	0.01
25000	0.01	0.06	0.06	0	0	0.01
25100	0.01	0.06	0.06	0	0	0.01
25200	0.01	0.06	0.06	0	0	0.01
25300	0.02	0.06	0.06	0	0	0.02
25400	0.03	0.08	0.08	0	0	0.03
25500	0.02	0.09	0.09	0	0	0.02
25600	0.03	0.09	0.09	0	0	0.03
25700	0.06	0.09	0.09	0	0	0.06
25800	0.05	0.1	0.1	0	0	0.05
25900	0.05	0.1	0.1	0	0	0.05
26000	0.04	0.1	0.1	0	0	0.04
26100	0.02	0.09	0.09	0	0	0.02
26200	0.02	0.09	0.09	0	0	0.02
26300	0.02	0.08	0.08	0	0	0.02
26400	0.01	0.05	0.05	0	0	0.01
26500	0.02	0.03	0.03	0	0	0.02
26600	0.02	0.03	0.03	0	0	0.02
26700	0.01	0.02	0.02	0	0	0.01
26800	0.02	0.02	0.02	0	0	0.02
26900	0.01	0.02	0.02	0	0	0.01
27000	0.01	0.03	0.03	0	0	0.01
27100	0	0	0	0	0	0
27200	0.01	0	0	0	0	0.01
27300	0.01	0	0	0	0	0.01
27400	0	0.01	0.01	0	0	0
27500	0.01	0.02	0.02	0	0	0.01
27600	0.01	0.03	0.03	0	0	0.01
27700	0.03	0.03	0.03	0	0	0.03
27800	0.04	0.02	0.02	0	0	0.04
27900	0.04	0.03	0.03	0	0	0.04
28000	0.03	0.03	0.03	0	0	0.03
28100	0.02	0.03	0.03	0	0	0.02
28200	0.02	0.04	0.04	0	0	0.02
28300	0.03	0.04	0.04	0	0	0.03
28400	0.03	0.04	0.04	0	0	0.03
28500	0.02	0.04	0.04	0	0	0.02
28600	0.02	0.05	0.05	0	0	0.02
28700	0.02	0.08	0.08	0	0	0.02
28800	0	0.05	0.05	0	0	0
28900	0.01	0.05	0.05	0	0	0.01
29000	0.01	0.05	0.05	0	0	0.01
29100	0.03	0.04	0.04	0	0	0.03
29200	0.06	0.03	0.03	0	0	0.06
29300	0.03	0.03	0.03	0	0	0.03
29400	0.03	0.01	0.01	0	0	0.03
29500	0.02	0.01	0.01	0	0	0.02
29600	0.03	0.01	0.01	0	0	0.03
29700	0.05	0	0	0	0	0.05
29800	0.05	0	0	0	0	0.05
29900	0.05	0	0	0	0	0.05
30000	0.06	0.01	0.01	0	0	0.06
30100	0.06	0.02	0.02	0	0	0.06
30200	0.04	0.03	0.03	0	0	0.04
30300	0.06	0.01	0.01	0	0	0.06
30400	0.08	0.04	0.04	0	0	0.08
30500	0.06	0.04	0.04	0	0	0.06
30600	0.05	0.03	0.03	0	0	0.05
30700	0.03	0.02	0.02	0	0	0.03
30800	0.05	0.02	0.02	0	0	0.05
30900	0.05	0.03	0.03	0	0	0.05
31000	0.04	0.03	0.03	0	0	0.04
31100	0.01	0.03	0.03	0	0	0.01
31200	0.02	0.03	0.03	0	0	0.02
31300	0	0.03	0.03	0	0	0
31400	0	0.04	0.04	0	0	0
31500	0	0.02	0.02	0	0	0
31600	0.01	0.03	0.03	0	0	0.01
31700	0.01	0.03	0.03	0	0	0.01
31800	0.02	0.01	0.01	0	0	0.02
31900	0.02	0.02	0.02	0	0	0.02
32000	0.03	0.01	0.01	0	0	0.03
32100	0.04	0.01	0.01	0	0	0.04
32200	0.08	0.02	0.02	0	0	0.08
32300	0.09	0.03	0.03	0	0	0.09
32400	0.05	0.03	0.03	0	0	0.05
32500	0.06	0.02	0.02	0	0	0.06
32600	0.04	0.03	0.03	0	0	0.04
32700	0.03	0.02	0.02	0	0	0.03
32800	0.03	0.02	0.02	0	0	0.03
32900	0.01	0.01	0.01	0	0	0.01
33000	0.04	0.01	0.01	0	0	0.04
33100	0.03	0.02	0.02	0	0	0.03
33200	0	0.01	0.01	0	0	0
33300	0	0.02	0.02	0	0	0
33400	0.02	0.04	0.04	0	0	0.02
33500	0.03	0.06	0.06	0	0	0.03
33600	0.02	0.05	0.05	0	0	0.02
33700	0	0.04	0.04	0	0	0
33800	0.02	0.03	0.03	0	0	0.02
33900	0.03	0.04	0.04	0	0	0.03
34000	0.02	0.02	0.02	0	0	0.02
34100	0.02	0.02	0.02	0	0	0.02
34200	0.02	0.03	0.03	0	0	0.02
34300	0.02	0.03	0.03	0	0	0.02
34400	0.02	0.04	0.04	0	0	0.02
34500	0.02	0.04	0.04	0	0	0.02
34600	0.02	0.03	0.03	0	0	0.02
34700	0.03	0.04	0.04	0	0	0.03
34800	0.02	0.03	0.03	0	0	0.02
34900	0.02	0	0	0	0	0.02
35000	0.04	0.01	0.01	0	0	0.04
35100	0.04	0.02	0.02	0	0	0.04
35200	0.02	0.02	0.02	0	0	0.02
35300	0.03	0.02	0.02	0	0	0.03
35400	0.01	0	0	0	0	0.01
35500	0.02	0.02	0.02	0	0	0.02
35600	0.03	0.02	0.02	0	0	0.03
35700	0.03	0.02	0.02	0	0	0.03
35800	0.04	0.04	0.04	0	0	0.04
35900	0.06	0.06	0.06	0	0	0.06
36000	0.05	0.02	0.02	0	0	0.05
36100	0.02	0.02	0.02	0	0	0.02
36200	0.02	0	0	0	0	0.02
36300	0.02	0	0	0	0	0.02
36400	0.01	0	0	0	0	0.01
36500	0.01	0	0	0	0	0.01
36600	0.02	0	0	0	0	0.02
36700	0.02	0.01	0.01	0	0	0.02
36800	0.01	0.01	0.01	0	0	0.01
36900	0.01	0.02	0.02	0	0	0.01
37000	0.01	0.04	0.04	0	0	0.01
37100	0.01	0.04	0.04	0	0	0.01
37200	0.02	0.03	0.03	0	0	0.02
37300	0.03	0.03	0.03	0	0	0.03
37400	0.03	0.02	0.02	0	0	0.03
37500	0.03	0.02	0.02	0	0	0.03
37600	0.03	0.02	0.02	0	0	0.03
37700	0.04	0.02	0.02	0	0	0.04
37800	0.04	0.02	0.02	0	0	0.04
37900	0.04	0.03	0.03	0	0	0.04
38000	0.03	0.03	0.03	0	0	0.03
38100	0.04	0.05	0.05	0	0	0.04
38200	0.05	0.04	0.04	0	0	0.05
38300	0.04	0.02	0.02	0	0	0.04
38400	0.03	0.01	0.01	0	0	0.03
38500	0.03	0	0	0	0	0.03
38600	0.01	0	0	0	0	0.01
38700	0	0.01	0.01	0	0	0
38800	0.02	0.02	0.02	0	0	0.02
38900	0.02	0.02	0.02	0	0	0.02
39000	0.02	0.02	0.02	0	0	0.02
39100	0	0.02	0.02	0	0	0
39200	0	0.03	0.03	0	0	0
39300	0	0.04	0.04	0	0	0
39400	0	0.04	0.04	0	0	0
39500	0	0.03	0.03	0	0	0
39600	0	0.03	0.03	0	0	0
39700	0.01	0.03	0.03	0	0	0.01
39800	0.01	0.03	0.03	0	0	0.01
39900	0.01	0.02	0.02	0	0	0.01
40000	0.01	0	0	0	0	0.01
40100	0.01	0	0	0	0	0.01
40200	0.02	0	0	0	0	0.02
40300	0.02	0.01	0.01	0	0	0.02
40400	0.02	0.01	0.01	0	0	0.02
40500	0.03	0.01	0.01	0	0	0.03
40600	0.03	0.01	0.01	0	0	0.03
40700	0.03	0.04	0.04	0	0	0.03
40800	0.06	0.03	0.03	0	0	0.06
40900	0.05	0.03	0.03	0	0	0.05
41000	0.04	0.03	0.03	0	0	0.04
41100	0.03	0.02	0.02	0	0	0.03
41200	0.02	0.01	0.01	0	0	0.02
41300	0.01	0.01	0.01	0	0	0.01
41400	0	0	0	0	0	0
41500	0.01	0	0	0	0	0.01
41600	0.01	0	0	0	0	0.01
41700	0.01	0	0	0	0	0.01
41800	0.03	0.01	0.01	0	0	0.03
41900	0.03	0.02	0.02	0	0	0.03
42000	0.05	0.05	0.05	0	0	0.05
42100	0.04	0.04	0.04	0	0	0.04
42200	0.03	0.02	0.02	0	0	0.03
42300	0.04	0.01	0.01	0	0	0.04
42400	0.04	0.02	0.02	0	0	0.04
42500	0.05	0.01	0.01	0	0	0.05
42600	0.04	0.02	0.02	0	0	0.04
42700	0.03	0.04	0.04	0	0	0.03
42800	0.03	0.04	0.04	0	0	0.03
42900	0.03	0.06	0.06	0	0	0.03
43000	0.02	0.05	0.05	0	0	0.02
43100	0.01	0.03	0.03	0	0	0.01
43200	0.01	0.03	0.03	0	0	0.01
43300	0	0.03	0.03	0	0	0
43400	0.01	0.02	0.02	0	0	0.01
43500	0.02	0.01	0.01	0	0	0.02
43600	0.03	0.01	0.01	0	0	0.03
43700	0.03	0.03	0.03	0	0	0.03
43800	0.02	0.02	0.02	0	0	0.02
43900	0	0.02	0.02	0	0	0
44000	0	0.01	0.01	0	0	0
44100	0	0.03	0.03	0	0	0
44200	0	0.02	0.02	0	0	0
44300	0	0.03	0.03	0	0	0
44400	0	0.02	0.02	0	0	0
44500	0	0.04	0.04	0	0	0
44600	0	0.04	0.04	0	0	0
44700	0.01	0.04	0.04	0	0	0.01
44800	0.04	0.04	0.04	0	0	0.04
44900	0.05	0.05	0.05	0	0	0.05
45000	0.07	0.05	0.05	0	0	0.07
45100	0.06	0.05	0.05	0	0	0.06
45200	0.06	0.05	0.05	0	0	0.06
45300	0.05	0.05	0.05	0	0	0.05
45400	0.05	0.06	0.06	0	0	0.05
45500	0.06	0.06	0.06	0	0	0.06
45600	0.04	0.06	0.06	0	0	0.04
45700	0.01	0.06	0.06	0	0	0.01
45800	0.01	0.05	0.05	0	0	0.01
45900	0.01	0.06	0.06	0	0	0.01
46000	0	0.07	0.07	0	0	0
46100	0	0.08	0.08	0	0	0
46200	0.05	0.08	0.08	0	0	0.05
46300	0.05	0.09	0.09	0	0	0.05
46400	0.06	0.09	0.09	0	0	0.06
46500	0.03	0.08	0.08	0	0	0.03
46600	0.01	0.07	0.07	0	0	0.01
46700	0	0.08	0.08	0	0	0
46800	0	0.08	0.08	0	0	0
46900	0.02	0.08	0.08	0	0	0.02
47000	0.01	0.07	0.07	0	0	0.01
47100	0.01	0.06	0.06	0	0	0.01
47200	0.01	0.06	0.06	0	0	0.01
47300	0.01	0.07	0.07	0	0	0.01
47400	0.01	0.09	0.09	0	0	0.01
47500	0.01	0.08	0.08	0	0	0.01
47600	0.02	0.09	0.09	0	0	0.02
47700	0.02	0.09	0.09	0	0	0.02
47800	0.02	0.1	0.1	0	0	0.02
47900	0.02	0.12	0.12	0	0	0.02
48000	0.01	0.11	0.11	0	0	0.01
48100	0.02	0.11	0.11	0	0	0.02
48200	0.02	0.11	0.11	0	0	0.02
48300	0.03	0.1	0.1	0	0	0.03
48400	0.03	0.11	0.11	0	0	0.03
48500	0.03	0.12	0.12	0	0	0.03
48600	0.05	0.11	0.11	0	0	0.05
48700	0.06	0.1	0.1	0	0	0.06
48800	0.06	0.11	0.11	0	0	0.06
48900	0.06	0.11	0.11	0	0	0.06
49000	0.04	0.11	0.11	0	0	0.04
49100	0.02	0.12	0.12	0	0	0.02
49200	0.02	0.14	0.14	0	0	0.02
49300	0.01	0.14	0.14	0	0	0.01
49400	0.01	0.14	0.14	0	0	0.01
49500	0.02	0.14	0.14	0	0	0.02
49600	0.03	0.14	0.14	0	0	0.03
49700	0.02	0.15	0.15	0	0	0.02
49800	0.05	0.15	0.15	0	0	0.05
49900	0.03	0.15	0.15	0	0	0.03
50000	0.03	0.15	0.15	0	0	0.03
50100	0.03	0.17	0.17	0	0	0.03
50200	0.03	0.18	0.18	0	0	0.03
50300	0.04	0.18	0.18	0	0	0.04
50400	0.03	0.18	0.18	0	0	0.03
50500	0.02	0.18	0.18	0	0	0.02
50600	0	0.17	0.17	0	0	0
50700	0	0.17	0.17	0	0	0
50800	0.01	0.17	0.17	0	0	0.01
50900	0.01	0.17	0.17	0	0	0.01
51000	0.01	0.17	0.17	0	0	0.01
51100	0.02	0.17	0.17	0	0	0.02
51200	0.02	0.18	0.18	0	0	0.02
51300	0.02	0.19	0.19	0	0	0.02
51400	0	0.19	0.19	0	0	0
51500	0	0.2	0.2	0	0	0
51600	0	0.2	0.2	0	0	0
51700	0.01	0.21	0.21	0	0	0.01
51800	0.01	0.21	0.21	0	0	0.01
51900	0.01	0.21	0.21	0	0	0.01
52000	0.03	0.23	0.23	0	0	0.03
52100	0.01	0.23	0.23	0	0	0.01
52200	0	0.23	0.23	0	0	0
52300	0	0.24	0.24	0	0	0
52400	0.02	0.24	0.24	0	0	0.02
52500	0.02	0.23	0.23	0	0	0.02
52600	0.03	0.23	0.23	0	0	0.03
52700	0.03	0.23	0.23	0	0	0.03
52800	0.03	0.23	0.23	0	0	0.03
52900	0.02	0.23	0.23	0	0	0.02
53000	0.03	0.23	0.23	0	0	0.03
53100	0.03	0.23	0.23	0	0	0.03
53200	0.02	0.23	0.23	0	0	0.02
53300	0.03	0.23	0.23	0	0	0.03
53400	0.03	0.23	0.23	0	0	0.03
53500	0.03	0.23	0.23	0	0	0.03
53600	0.02	0.24	0.24	0	0	0.02
53700	0.03	0.25	0.25	0	0	0.03
53800	0.02	0.25	0.25	0	0	0.02
53900	0.02	0.25	0.25	0	0	0.02
54000	0.01	0.24	0.24	0	0	0.01
54100	0.01	0.22	0.22	0	0	0.01
54200	0.01	0.22	0.22	0	0	0.01
54300	0.01	0.22	0.22	0	0	0.01
54400	0.03	0.23	0.23	0	0	0.03
54500	0.02	0.24	0.24	0	0	0.02
54600	0.02	0.24	0.24	0	0	0.02
54700	0	0.24	0.24	0	0	0
54800	0.01	0.23	0.23	0	0	0.01
54900	0.02	0.23	0.23	0	0	0.02
55000	0.02	0.23	0.23	0	0	0.02
55100	0.04	0.23	0.23	0	0	0.04
55200	0.04	0.23	0.23	0	0	0.04
55300	0.04	0.23	0.23	0	0	0.04
55400	0.04	0.24	0.24	0	0	0.04
55500	0.02	0.24	0.24	0	0	0.02
55600	0.02	0.25	0.25	0	0	0.02
55700	0.02	0.25	0.25	0	0	0.02
55800	0	0.25	0.25	0	0	0
55900	0	0.25	0.25	0	0	0
56000	0	0.24	0.24	0	0	0
56100	0	0.23	0.23	0	0	0
56200	0.01	0.23	0.23	0	0	0.01
56300	0.01	0.24	0.24	0	0	0.01
56400	0.02	0.25	0.25	0	0	0.02
56500	0.02	0.25	0.25	0	0	0.02
56600	0.03	0.26	0.26	0	0	0.03
56700	0.03	0.27	0.27	0	0	0.03
56800	0.02	0.28	0.28	0	0	0.02
56900	0.06	0.26	0.26	0	0	0.06
57000	0.08	0.25	0.25	0	0	0.08
57100	0.06	0.25	0.25	0	0	0.06
57200	0.05	0.25	0.25	0	0	0.05
57300	0.06	0.26	0.26	0	0	0.06
57400	0.04	0.26	0.26	0	0	0.04
57500	0.04	0.26	0.26	0	0	0.04
57600	0.04	0.26	0.26	0	0	0.04
57700	0.03	0.26	0.26	0	0	0.03
57800	0.02	0.25	0.25	0	0	0.02
57900	0.03	0.25	0.25	0	0	0.03
58000	0.02	0.26	0.26	0	0	0.02
58100	0.01	0.26	0.26	0	0	0.01
58200	0	0.26	0.26	0	0	0
58300	0	0.25	0.25	0	0	0
58400	0	0.25	0.25	0	0	0
58500	0	0.25	0.25	0	0	0
58600	0.01	0.25	0.25	0	0	0.01
58700	0.01	0.25	0.25	0	0	0.01
58800	0.01	0.26	0.26	0	0	0.01
58900	0.01	0.26	0.26	0	0	0.01
59000	0.01	0.26	0.26	0	0	0.01
59100	0.02	0.26	0.26	0	0	0.02
59200	0.03	0.27	0.27	0	0	0.03
59300	0.05	0.28	0.28	0	0	0.05
59400	0.07	0.28	0.28	0	0	0.07
59500	0.05	0.29	0.29	0	0	0.05
59600	0.05	0.29	0.29	0	0	0.05
59700	0.05	0.29	0.29	0	0	0.05
59800	0.03	0.29	0.29	0	0	0.03
59900	0.01	0.29	0.29	0	0	0.01
60000	0.03	0.29	0.29	0	0	0.03
60100	0.06	0.29	0.29	0	0	0.06
60200	0.06	0.3	0.3	0	0	0.06
60300	0.05	0.29	0.29	0	0	0.05
60400	0.05	0.29	0.29	0	0	0.05
60500	0.05	0.29	0.29	0	0	0.05
60600	0.07	0.28	0.28	0	0	0.07
60700	0.07	0.28	0.28	0	0	0.07
60800	0.06	0.28	0.28	0	0	0.06
60900	0.05	0.28	0.28	0	0	0.05
61000	0.06	0.29	0.29	0	0	0.06
61100	0.07	0.29	0.29	0	0	0.07
61200	0.07	0.29	0.29	0	0	0.07
61300	0.09	0.3	0.3	0	0	0.09
61400	0.09	0.3	0.3	0	0	0.09
61500	0.08	0.29	0.29	0	0	0.08
61600	0.06	0.29	0.29	0	0	0.06
61700	0.08	0.29	0.29	0	0	0.08
61800	0.07	0.29	0.29	0	0	0.07
61900	0.05	0.3	0.3	0	0	0.05
62000	0.06	0.3	0.3	0	0	0.06
62100	0.06	0.29	0.29	0	0	0.06
62200	0.07	0.29	0.29	0	0	0.07
62300	0.09	0.29	0.29	0	0	0.09
62400	0.09	0.29	0.29	0	0	0.09
62500	0.09	0.3	0.3	0	0	0.09
62600	0.08	0.3	0.3	0	0	0.08
62700	0.11	0.3	0.3	0	0	0.11
62800	0.13	0.31	0.31	0	0	0.13
62900	0.13	0.31	0.31	0	0	0.13
63000	0.14	0.31	0.31	0	0	0.14
63100	0.16	0.32	0.32	0	0	0.16
63200	0.16	0.32	0.32	0	0	0.16
63300	0.14	0.33	0.33	0	0	0.14
63400	0.14	0.33	0.33	0	0	0.14
63500	0.13	0.31	0.31	0	0	0.13
63600	0.13	0.31	0.31	0	0	0.13
63700	0.13	0.31	0.31	0	0	0.13
63800	0.14	0.31	0.31	0	0	0.14
63900	0.14	0.31	0.31	0	0	0.14
64000	0.15	0.31	0.31	0	0	0.15
64100	0.13	0.31	0.31	0	0	0.13
64200	0.11	0.31	0.31	0	0	0.11
64300	0.09	0.31	0.31	0	0	0.09
64400	0.09	0.32	0.32	0	0	0.09
64500	0.09	0.32	0.32	0	0	0.09
64600	0.12	0.32	0.32	0	0	0.12
64700	0.12	0.31	0.31	0	0	0.12
64800	0.12	0.31	0.31	0	0	0.12
64900	0.11	0.33	0.33	0	0	0.11
65000	0.11	0.33	0.33	0	0	0.11
65100	0.13	0.33	0.33	0	0	0.13
65200	0.13	0.33	0.33	0	0	0.13
65300	0.12	0.34	0.34	0	0	0.12
65400	0.11	0.32	0.32	0	0	0.11
65500	0.12	0.32	0.32	0	0	0.12
65600	0.12	0.33	0.33	0	0	0.12
65700	0.13	0.33	0.33	0	0	0.13
65800	0.13	0.33	0.33	0	0	0.13
65900	0.15	0.34	0.34	0	0	0.15
66000	0.14	0.34	0.34	0	0	0.14
66100	0.14	0.34	0.34	0	0	0.14
66200	0.14	0.34	0.34	0	0	0.14
66300	0.14	0.34	0.34	0	0	0.14
66400	0.14	0.34	0.34	0	0	0.14
66500	0.14	0.34	0.34	0	0	0.14
66600	0.14	0.34	0.34	0	0	0.14
66700	0.13	0.36	0.36	0	0	0.13
66800	0.12	0.36	0.36	0	0	0.12
66900	0.12	0.35	0.35	0	0	0.12
67000	0.12	0.35	0.35	0	0	0.12
67100	0.1	0.35	0.35	0	0	0.1
67200	0.09	0.36	0.36	0	0	0.09
67300	0.09	0.36	0.36	0	0	0.09
67400	0.09	0.36	0.36	0	0	0.09
67500	0.1	0.36	0.36	0	0	0.1
67600	0.12	0.36	0.36	0	0	0.12
67700	0.12	0.37	0.37	0	0	0.12
67800	0.13	0.37	0.37	0	0	0.13
67900	0.12	0.36	0.36	0	0	0.12
68000	0.12	0.36	0.36	0	0	0.12
68100	0.12	0.37	0.37	0	0	0.12
68200	0.1	0.37	0.37	0	0	0.1
68300	0.1	0.37	0.37	0	0	0.1
68400	0.1	0.38	0.38	0	0	0.1
68500	0.09	0.38	0.38	0	0	0.09
68600	0.09	0.38	0.38	0	0	0.09
68700	0.09	0.38	0.38	0	0	0.09
68800	0.09	0.39	0.39	0	0	0.09
68900	0.08	0.39	0.39	0	0	0.08
69000	0.08	0.39	0.39	0	0	0.08
69100	0.08	0.39	0.39	0	0	0.08
69200	0.08	0.39	0.39	0	0	0.08
69300	0.07	0.39	0.39	0	0	0.07
69400	0.07	0.39	0.39	0	0	0.07
69500	0.08	0.39	0.39	0	0	0.08
69600	0.08	0.39	0.39	0	0	0.08
69700	0.08	0.38	0.38	0	0	0.08
69800	0.09	0.39	0.39	0	0	0.09
69900	0.08	0.38	0.38	0	0	0.08
70000	0.08	0.38	0.38	0	0	0.08
70100	0.09	0.38	0.38	0	0	0.09
70200	0.09	0.38	0.38	0	0	0.09
70300	0.1	0.39	0.39	0	0	0.1
70400	0.09	0.39	0.39	0	0	0.09
70500	0.08	0.38	0.38	0	0	0.08
70600	0.08	0.39	0.39	0	0	0.08
70700	0.09	0.39	0.39	0	0	0.09
70800	0.09	0.39	0.39	0	0	0.09
70900	0.08	0.39	0.39	0	0	0.08
71000	0.08	0.39	0.39	0	0	0.08
71100	0.09	0.4	0.4	0	0	0.09
71200	0.09	0.4	0.4	0	0	0.09
71300	0.1	0.4	0.4	0	0	0.1
71400	0.09	0.4	0.4	0	0	0.09
71500	0.1	0.4	0.4	0	0	0.1
71600	0.09	0.4	0.4	0	0	0.09
71700	0.08	0.4	0.4	0	0	0.08
71800	0.08	0.4	0.4	0	0	0.08
71900	0.08	0.41	0.41	0	0	0.08
72000	0.08	0.41	0.41	0	0	0.08
72100	0.11	0.41	0.41	0	0	0.11
72200	0.12	0.4	0.4	0	0	0.12
72300	0.12	0.4	0.4	0	0	0.12
72400	0.12	0.39	0.39	0	0	0.12
72500	0.11	0.39	0.39	0	0	0.11
72600	0.13	0.39	0.39	0	0	0.13
72700	0.13	0.39	0.39	0	0	0.13
72800	0.13	0.39	0.39	0	0	0.13
72900	0.14	0.39	0.39	0	0	0.14
73000	0.14	0.39	0.39	0	0	0.14
73100	0.13	0.39	0.39	0	0	0.13
73200	0.15	0.39	0.39	0	0	0.15
73300	0.15	0.39	0.39	0	0	0.15
73400	0.15	0.39	0.39	0	0	0.15
73500	0.15	0.39	0.39	0	0	0.15
73600	0.15	0.4	0.4	0	0	0.15
73700	0.15	0.4	0.4	0	0	0.15
73800	0.16	0.4	0.4	0	0	0.16
73900	0.17	0.4	0.4	0	0	0.17
74000	0.18	0.4	0.4	0	0	0.18
74100	0.2	0.4	0.4	0	0	0.2
74200	0.2	0.4	0.4	0	0	0.2
74300	0.2	0.4	0.4	0	0	0.2
74400	0.22	0.4	0.4	0	0	0.22
74500	0.21	0.4	0.4	0	0	0.21
74600	0.21	0.4	0.4	0	0	0.21
74700	0.2	0.4	0.4	0	0	0.2
74800	0.19	0.4	0.4	0	0	0.19
74900	0.18	0.4	0.4	0	0	0.18
75000	0.17	0.4	0.4	0	0	0.17
75100	0.17	0.4	0.4	0	0	0.17
75200	0.16	0.4	0.4	0	0	0.16
75300	0.18	0.4	0.4	0	0	0.18
75400	0.19	0.4	0.4	0	0	0.19
75500	0.18	0.4	0.4	0	0	0.18
75600	0.2	0.4	0.4	0	0	0.2
75700	0.21	0.4	0.4	0	0	0.21
75800	0.22	0.4	0.4	0	0	0.22
75900	0.21	0.4	0.4	0	0	0.21
76000	0.23	0.4	0.4	0	0	0.23
76100	0.22	0.4	0.4	0	0	0.22
76200	0.22	0.4	0.4	0	0	0.22
76300	0.22	0.39	0.39	0	0	0.22
76400	0.21	0.39	0.39	0	0	0.21
76500	0.21	0.39	0.39	0	0	0.21
76600	0.21	0.39	0.39	0	0	0.21
76700	0.21	0.39	0.39	0	0	0.21
76800	0.21	0.39	0.39	0	0	0.21
76900	0.21	0.39	0.39	0	0	0.21
77000	0.22	0.39	0.39	0	0	0.22
77100	0.22	0.4	0.4	0	0	0.22
77200	0.22	0.4	0.4	0	0	0.22
77300	0.23	0.4	0.4	0	0	0.23
77400	0.24	0.4	0.4	0	0	0.24
77500	0.25	0.4	0.4	0	0	0.25
77600	0.25	0.4	0.4	0	0	0.25
77700	0.26	0.4	0.4	0	0	0.26
77800	0.26	0.4	0.4	0	0	0.26
77900	0.27	0.4	0.4	0	0	0.27
78000	0.26	0.4	0.4	0	0	0.26
78100	0.27	0.4	0.4	0	0	0.27
78200	0.26	0.4	0.4	0	0	0.26
78300	0.26	0.4	0.4	0	0	0.26
78400	0.26	0.39	0.39	0	0	0.26
78500	0.26	0.4	0.4	0	0	0.26
78600	0.27	0.4	0.4	0	0	0.27
78700	0.27	0.4	0.4	0	0	0.27
78800	0.28	0.4	0.4	0	0	0.28
78900	0.28	0.4	0.4	0	0	0.28
79000	0.28	0.4	0.4	0	0	0.28
79100	0.28	0.42	0.42	0	0	0.28
79200	0.28	0.42	0.42	0	0	0.28
79300	0.29	0.42	0.42	0	0	0.29
79400	0.3	0.42	0.42	0	0	0.3
79500	0.3	0.42	0.42	0	0	0.3
79600	0.3	0.42	0.42	0	0	0.3
79700	0.3	0.42	0.42	0	0	0.3
79800	0.31	0.43	0.43	0	0	0.31
79900	0.31	0.43	0.43	0	0	0.31
80000	0.31	0.42	0.42	0	0	0.31
80100	0.31	0.42	0.42	0	0	0.31
80200	0.31	0.42	0.42	0	0	0.31
80300	0.31	0.42	0.42	0	0	0.31
80400	0.31	0.42	0.42	0	0	0.31
80500	0.32	0.42	0.42	0	0	0.32
80600	0.34	0.42	0.42	0	0	0.34
80700	0.34	0.42	0.42	0	0	0.34
80800	0.34	0.42	0.42	0	0	0.34
80900	0.33	0.42	0.42	0	0	0.33
81000	0.32	0.42	0.42	0	0	0.32
81100	0.31	0.42	0.42	0	0	0.31
81200	0.31	0.42	0.42	0	0	0.31
81300	0.32	0.43	0.43	0	0	0.32
81400	0.33	0.43	0.43	0	0	0.33
81500	0.33	0.43	0.43	0	0	0.33
81600	0.33	0.42	0.42	0	0	0.33
81700	0.33	0.42	0.42	0	0	0.33
81800	0.32	0.42	0.42	0	0	0.32
81900	0.32	0.42	0.42	0	0	0.32
82000	0.32	0.42	0.42	0	0	0.32
82100	0.32	0.43	0.43	0	0	0.32
82200	0.32	0.43	0.43	0	0	0.32
82300	0.32	0.43	0.43	0	0	0.32
82400	0.3	0.43	0.43	0	0	0.3
82500	0.31	0.43	0.43	0	0	0.31
82600	0.31	0.43	0.43	0	0	0.31
82700	0.32	0.43	0.43	0	0	0.32
82800	0.32	0.44	0.44	0	0	0.32
82900	0.32	0.44	0.44	0	0	0.32
83000	0.32	0.44	0.44	0	0	0.32
83100	0.32	0.44	0.44	0	0	0.32
83200	0.33	0.44	0.44	0	0	0.33
83300	0.33	0.44	0.44	0	0	0.33
83400	0.33	0.44	0.44	0	0	0.33
83500	0.33	0.44	0.44	0	0	0.33
83600	0.32	0.44	0.44	0	0	0.32
83700	0.32	0.44	0.44	0	0	0.32
83800	0.32	0.44	0.44	0	0	0.32
83900	0.32	0.45	0.45	0	0	0.32
84000	0.32	0.45	0.45	0	0	0.32
84100	0.32	0.45	0.45	0	0	0.32
84200	0.32	0.44	0.44	0	0	0.32
84300	0.32	0.44	0.44	0	0	0.32
84400	0.32	0.44	0.44	0	0	0.32
84500	0.32	0.44	0.44	0	0	0.32
84600	0.32	0.44	0.44	0	0	0.32
84700	0.32	0.44	0.44	0	0	0.32
84800	0.32	0.44	0.44	0	0	0.32
84900	0.32	0.44	0.44	0	0	0.32
85000	0.33	0.44	0.44	0	0	0.33
85100	0.34	0.44	0.44	0	0	0.34
85200	0.34	0.44	0.44	0	0	0.34
85300	0.34	0.44	0.44	0	0	0.34
85400	0.35	0.44	0.44	0	0	0.35
85500	0.34	0.44	0.44	0	0	0.34
85600	0.34	0.44	0.44	0	0	0.34
85700	0.34	0.44	0.44	0	0	0.34
85800	0.34	0.44	0.44	0	0	0.34
85900	0.34	0.44	0.44	0	0	0.34
86000	0.34	0.44	0.44	0	0	0.34
86100	0.33	0.44	0.44	0	0	0.33
86200	0.33	0.45	0.45	0	0	0.33
86300	0.33	0.45	0.45	0	0	0.33
86400	0.33	0.45	0.45	0	0	0.33
86500	0.33	0.45	0.45	0	0	0.33
86600	0.33	0.45	0.45	0	0	0.33
86700	0.33	0.45	0.45	0	0	0.33
86800	0.33	0.45	0.45	0	0	0.33
86900	0.33	0.45	0.45	0	0	0.33
87000	0.34	0.45	0.45	0	0	0.34
87100	0.34	0.45	0.45	0	0	0.34
87200	0.33	0.45	0.45	0	0	0.33
87300	0.33	0.45	0.45	0	0	0.33
87400	0.34	0.45	0.45	0	0	0.34
87500	0.33	0.45	0.45	0	0	0.33
87600	0.33	0.45	0.45	0	0	0.33
87700	0.33	0.45	0.45	0	0	0.33
87800	0.33	0.45	0.45	0	0	0.33
87900	0.33	0.45	0.45	0	0	0.33
88000	0.33	0.45	0.45	0	0	0.33
88100	0.33	0.45	0.45	0	0	0.33
88200	0.32	0.45	0.45	0	0	0.32
88300	0.33	0.45	0.45	0	0	0.33
88400	0.34	0.46	0.46	0	0	0.34
88500	0.34	0.46	0.46	0	0	0.34
88600	0.35	0.46	0.46	0	0	0.35
88700	0.34	0.46	0.46	0	0	0.34
88800	0.33	0.46	0.46	0	0	0.33
88900	0.33	0.45	0.45	0	0	0.33
89000	0.33	0.45	0.45	0	0	0.33
89100	0.33	0.45	0.45	0	0	0.33
89200	0.35	0.45	0.45	0	0	0.35
89300	0.35	0.45	0.45	0	0	0.35
89400	0.35	0.45	0.45	0	0	0.35
89500	0.35	0.45	0.45	0	0	0.35
89600	0.34	0.45	0.45	0	0	0.34
89700	0.35	0.45	0.45	0	0	0.35
89800	0.35	0.45	0.45	0	0	0.35
89900	0.35	0.45	0.45	0	0	0.35
90000	0.36	0.45	0.45	0	0	0.36
90100	0.37	0.45	0.45	0	0	0.37
90200	0.37	0.45	0.45	0	0	0.37
90300	0.37	0.45	0.45	0	0	0.37
90400	0.37	0.45	0.45	0	0	0.37
90500	0.37	0.45	0.45	0	0	0.37
90600	0.37	0.46	0.46	0	0	0.37
90700	0.38	0.46	0.46	0	0	0.38
90800	0.38	0.46	0.46	0	0	0.38
90900	0.38	0.46	0.46	0	0	0.38
91000	0.38	0.46	0.46	0	0	0.38
91100	0.38	0.46	0.46	0	0	0.38
91200	0.38	0.46	0.46	0	0	0.38
91300	0.38	0.46	0.46	0	0	0.38
91400	0.38	0.46	0.46	0	0	0.38
91500	0.38	0.46	0.46	0	0	0.38
91600	0.39	0.46	0.46	0	0	0.39
91700	0.39	0.46	0.46	0	0	0.39
91800	0.39	0.46	0.46	0	0	0.39
91900	0.39	0.46	0.46	0	0	0.39
92000	0.39	0.46	0.46	0	0	0.39
92100	0.39	0.46	0.46	0	0	0.39
92200	0.38	0.46	0.46	0	0	0.38
92300	0.38	0.46	0.46	0	0	0.38
92400	0.39	0.46	0.46	0	0	0.39
92500	0.39	0.46	0.46	0	0	0.39
92600	0.39	0.46	0.46	0	0	0.39
92700	0.39	0.46	0.46	0	0	0.39
92800	0.39	0.46	0.46	0	0	0.39
92900	0.39	0.46	0.46	0	0	0.39
93000	0.38	0.46	0.46	0	0	0.38
93100	0.38	0.46	0.46	0	0	0.38
93200	0.38	0.46	0.46	0	0	0.38
93300	0.39	0.46	0.46	0	0	0.39
93400	0.4	0.46	0.46	0	0	0.4
93500	0.4	0.46	0.46	0	0	0.4
93600	0.4	0.46	0.46	0	0	0.4
93700	0.4	0.46	0.46	0	0	0.4
93800	0.4	0.47	0.47	0	0	0.4
93900	0.4	0.47	0.47	0	0	0.4
94000	0.4	0.47	0.47	0	0	0.4
94100	0.4	0.47	0.47	0	0	0.4
94200	0.4	0.47	0.47	0	0	0.4
94300	0.4	0.47	0.47	0	0	0.4
94400	0.41	0.47	0.47	0	0	0.41
94500	0.41	0.47	0.47	0	0	0.41
94600	0.41	0.47	0.47	0	0	0.41
94700	0.41	0.47	0.47	0	0	0.41
94800	0.41	0.46	0.46	0	0	0.41
94900	0.41	0.46	0.46	0	0	0.41
95000	0.41	0.46	0.46	0	0	0.41
95100	0.41	0.46	0.46	0	0	0.41
95200	0.41	0.46	0.46	0	0	0.41
95300	0.41	0.46	0.46	0	0	0.41
95400	0.41	0.46	0.46	0	0	0.41
95500	0.41	0.46	0.46	0	0	0.41
95600	0.41	0.46	0.46	0	0	0.41
95700	0.41	0.46	0.46	0	0	0.41
95800	0.41	0.46	0.46	0	0	0.41
95900	0.41	0.46	0.46	0	0	0.41
96000	0.42	0.46	0.46	0	0	0.42
96100	0.42	0.46	0.46	0	0	0.42
96200	0.42	0.46	0.46	0	0	0.42
96300	0.43	0.46	0.46	0	0	0.43
96400	0.43	0.46	0.46	0	0	0.43
96500	0.43	0.46	0.46	0	0	0.43
96600	0.42	0.46	0.46	0	0	0.42
96700	0.42	0.46	0.46	0	0	0.42
96800	0.42	0.46	0.46	0	0	0.42
96900	0.42	0.46	0.46	0	0	0.42
97000	0.42	0.46	0.46	0	0	0.42
97100	0.42	0.46	0.46	0	0	0.42
97200	0.42	0.46	0.46	0	0	0.42
97300	0.42	0.46	0.46	0	0	0.42
97400	0.42	0.46	0.46	0	0	0.42
97500	0.42	0.46	0.46	0	0	0.42
97600	0.42	0.46	0.46	0	0	0.42
97700	0.43	0.46	0.46	0	0	0.43
97800	0.44	0.46	0.46	0	0	0.44
97900	0.44	0.46	0.46	0	0	0.44
98000	0.44	0.46	0.46	0	0	0.44
98100	0.44	0.46	0.46	0	0	0.44
98200	0.45	0.47	0.47	0	0	0.45
98300	0.45	0.47	0.47	0	0	0.45
98400	0.45	0.47	0.47	0	0	0.45
98500	0.46	0.47	0.47	0	0	0.46
98600	0.46	0.47	0.47	0	0	0.46
98700	0.46	0.47	0.47	0	0	0.46
98800	0.46	0.47	0.47	0	0	0.46
98900	0.45	0.47	0.47	0	0	0.45
99000	0.45	0.47	0.47	0	0	0.45
99100	0.45	0.47	0.47	0	0	0.45
99200	0.45	0.47	0.47	0	0	0.45
99300	0.45	0.47	0.47	0	0	0.45
99400	0.45	0.47	0.47	0	0	0.45
99500	0.45	0.47	0.47	0	0	0.45
99600	0.45	0.47	0.47	0	0	0.45
99700	0.44	0.48	0.48	0	0	0.44
99800	0.44	0.48	0.48	0	0	0.44
99900	0.44	0.47	0.47	0	0	0.44
100000	0.44	0.47	0.47	0	0	0.44
100100	0.44	0.47	0.47	0	0	0.44
100200	0.44	0.47	0.47	0	0	0.44
100300	0.44	0.47	0.47	0	0	0.44
100400	0.44	0.47	0.47	0	0	0.44
100500	0.44	0.47	0.47	0	0	0.44
100600	0.44	0.47	0.47	0	0	0.44
100700	0.45	0.47	0.47	0	0	0.45
100800	0.45	0.47	0.47	0	0	0.45
100900	0.45	0.47	0.47	0	0	0.45
101000	0.45	0.47	0.47	0	0	0.45
101100	0.45	0.47	0.47	0	0	0.45
101200	0.45	0.47	0.47	0	0	0.45
101300	0.45	0.47	0.47	0	0	0.45
101400	0.45	0.47	0.47	0	0	0.45
101500	0.45	0.47	0.47	0	0	0.45
101600	0.45	0.47	0.47	0	0	0.45
101700	0.44	0.47	0.47	0	0	0.44
101800	0.45	0.47	0.47	0	0	0.45
101900	0.45	0.47	0.47	0	0	0.45
102000	0.45	0.47	0.47	0	0	0.45
102100	0.45	0.47	0.47	0	0	0.45
102200	0.44	0.47	0.47	0	0	0.44
102300	0.44	0.47	0.47	0	0	0.44
102400	0.44	0.47	0.47	0	0	0.44
102500	0.44	0.47	0.47	0	0	0.44
102600	0.44	0.47	0.47	0	0	0.44
102700	0.44	0.47	0.47	0	0	0.44
102800	0.44	0.47	0.47	0	0	0.44
102900	0.44	0.47	0.47	0	0	0.44
103000	0.45	0.47	0.47	0	0	0.45
103100	0.45	0.47	0.47	0	0	0.45
103200	0.44	0.47	0.47	0	0	0.44
103300	0.44	0.47	0.47	0	0	0.44
103400	0.44	0.47	0.47	0	0	0.44
103500	0.43	0.47	0.47	0	0	0.43
103600	0.43	0.47	0.47	0	0	0.43
103700	0.43	0.47	0.47	0	0	0.43
103800	0.43	0.47	0.47	0	0	0.43
103900	0.43	0.47	0.47	0	0	0.43
104000	0.43	0.47	0.47	0	0	0.43
104100	0.43	0.47	0.47	0	0	0.43
104200	0.43	0.47	0.47	0	0	0.43
104300	0.44	0.47	0.47	0	0	0.44
104400	0.44	0.47	0.47	0	0	0.44
104500	0.44	0.47	0.47	0	0	0.44
104600	0.44	0.47	0.47	0	0	0.44
104700	0.44	0.47	0.47	0	0	0.44
104800	0.44	0.47	0.47	0	0	0.44
104900	0.43	0.47	0.47	0	0	0.43
105000	0.43	0.47	0.47	0	0	0.43
105100	0.44	0.47	0.47	0	0	0.44
105200	0.44	0.47	0.47	0	0	0.44
105300	0.44	0.47	0.47	0	0	0.44
105400	0.43	0.47	0.47	0	0	0.43
105500	0.43	0.46	0.46	0	0	0.43
105600	0.43	0.46	0.46	0	0	0.43
105700	0.43	0.46	0.46	0	0	0.43
105800	0.43	0.47	0.47	0	0	0.43
105900	0.43	0.47	0.47	0	0	0.43
106000	0.43	0.47	0.47	0	0	0.43
106100	0.43	0.47	0.47	0	0	0.43
106200	0.43	0.47	0.47	0	0	0.43
106300	0.43	0.47	0.47	0	0	0.43
106400	0.43	0.47	0.47	0	0	0.43
106500	0.43	0.47	0.47	0	0	0.43
106600	0.43	0.47	0.47	0	0	0.43
106700	0.43	0.47	0.47	0	0	0.43
106800	0.43	0.47	0.47	0	0	0.43
106900	0.43	0.47	0.47	0	0	0.43
107000	0.43	0.47	0.47	0	0	0.43
107100	0.43	0.47	0.47	0	0	0.43
107200	0.43	0.47	0.47	0	0	0.43
107300	0.43	0.47	0.47	0	0	0.43
107400	0.43	0.47	0.47	0	0	0.43
107500	0.43	0.47	0.47	0	0	0.43
107600	0.43	0.47	0.47	0	0	0.43
107700	0.43	0.47	0.47	0	0	0.43
107800	0.43	0.47	0.47	0	0	0.43
107900	0.43	0.46	0.46	0	0	0.43
108000	0.43	0.46	0.46	0	0	0.43
108100	0.43	0.46	0.46	0	0	0.43
108200	0.43	0.46	0.46	0	0	0.43
108300	0.43	0.46	0.46	0	0	0.43
108400	0.43	0.46	0.46	0	0	0.43
108500	0.43	0.46	0.46	0	0	0.43
108600	0.43	0.46	0.46	0	0	0.43
108700	0.43	0.46	0.46	0	0	0.43
108800	0.43	0.46	0.46	0	0	0.43
108900	0.43	0.46	0.46	0	0	0.43
109000	0.43	0.46	0.46	0	0	0.43
109100	0.43	0.46	0.46	0	0	0.43
109200	0.43	0.46	0.46	0	0	0.43
109300	0.43	0.46	0.46	0	0	0.43
109400	0.43	0.46	0.46	0	0	0.43
109500	0.43	0.46	0.46	0	0	0.43
109600	0.43	0.46	0.46	0	0	0.43
109700	0.43	0.46	0.46	0	0	0.43
109800	0.43	0.46	0.46	0	0	0.43
109900	0.43	0.46	0.46	0	0	0.43
110000	0.43	0.46	0.46	0	0	0.43
110100	0.44	0.46	0.46	0	0	0.44
110200	0.44	0.46	0.46	0	0	0.44
110300	0.44	0.46	0.46	0	0	0.44
110400	0.44	0.46	0.46	0	0	0.44
110500	0.44	0.46	0.46	0	0	0.44
110600	0.44	0.46	0.46	0	0	0.44
110700	0.44	0.47	0.47	0	0	0.44
110800	0.44	0.47	0.47	0	0	0.44
110900	0.44	0.46	0.46	0	0	0.44
111000	0.44	0.47	0.47	0	0	0.44
111100	0.44	0.47	0.47	0	0	0.44
111200	0.44	0.47	0.47	0	0	0.44
111300	0.45	0.47	0.47	0	0	0.45
111400	0.45	0.47	0.47	0	0	0.45
111500	0.45	0.47	0.47	0	0	0.45
111600	0.45	0.47	0.47	0	0	0.45
111700	0.44	0.49	0.49	0	0	0.44
111800	0.44	0.49	0.49	0	0	0.44
111900	0.44	0.49	0.49	0	0	0.44
112000	0.44	0.49	0.49	0	0	0.44
112100	0.43	0.49	0.49	0	0	0.43
112200	0.43	0.49	0.49	0	0	0.43
112300	0.44	0.49	0.49	0	0	0.44
112400	0.44	0.5	0.5	0	0	0.44
112500	0.43	0.5	0.5	0	0	0.43
112600	0.43	0.5	0.5	0	0	0.43
112700	0.43	0.5	0.5	0	0	0.43
112800	0.43	0.5	0.5	0	0	0.43
112900	0.43	0.5	0.5	0	0	0.43
113000	0.43	0.5	0.5	0	0	0.43
113100	0.44	0.5	0.5	0	0	0.44
113200	0.44	0.5	0.5	0	0	0.44
113300	0.44	0.5	0.5	0	0	0.44
113400	0.45	0.5	0.5	0	0	0.45
113500	0.45	0.5	0.5	0	0	0.45
113600	0.45	0.5	0.5	0	0	0.45
113700	0.45	0.5	0.5	0	0	0.45
113800	0.45	0.5	0.5	0	0	0.45
113900	0.45	0.5	0.5	0	0	0.45
114000	0.45	0.5	0.5	0	0	0.45
114100	0.45	0.5	0.5	0	0	0.45
114200	0.45	0.5	0.5	0	0	0.45
114300	0.45	0.5	0.5	0	0	0.45
114400	0.45	0.5	0.5	0	0	0.45
114500	0.45	0.5	0.5	0	0	0.45
114600	0.45	0.5	0.5	0	0	0.45
114700	0.45	0.5	0.5	0	0	0.45
114800	0.45	0.5	0.5	0	0	0.45
114900	0.45	0.5	0.5	0	0	0.45
115000	0.45	0.5	0.5	0	0	0.45
115100	0.45	0.5	0.5	0	0	0.45
115200	0.45	0.5	0.5	0	0	0.45
115300	0.45	0.5	0.5	0	0	0.45
115400	0.45	0.5	0.5	0	0	0.45
115500	0.45	0.5	0.5	0	0	0.45
115600	0.45	0.5	0.5	0	0	0.45
115700	0.45	0.5	0.5	0	0	0.45
115800	0.45	0.5	0.5	0	0	0.45
115900	0.46	0.5	0.5	0	0	0.46
116000	0.45	0.5	0.5	0	0	0.45
116100	0.45	0.5	0.5	0	0	0.45
116200	0.45	0.5	0.5	0	0	0.45
116300	0.45	0.5	0.5	0	0	0.45
116400	0.45	0.5	0.5	0	0	0.45
116500	0.45	0.5	0.5	0	0	0.45
116600	0.45	0.49	0.49	0	0	0.45
116700	0.45	0.49	0.49	0	0	0.45
116800	0.45	0.49	0.49	0	0	0.45
116900	0.45	0.49	0.49	0	0	0.45
117000	0.45	0.49	0.49	0	0	0.45
117100	0.45	0.49	0.49	0	0	0.45
117200	0.46	0.49	0.49	0	0	0.46
117300	0.46	0.49	0.49	0	0	0.46
117400	0.46	0.49	0.49	0	0	0.46
117500	0.46	0.49	0.49	0	0	0.46
117600	0.46	0.49	0.49	0	0	0.46
117700	0.46	0.49	0.49	0	0	0.46
117800	0.46	0.49	0.49	0	0	0.46
117900	0.46	0.49	0.49	0	0	0.46
118000	0.46	0.49	0.49	0	0	0.46
118100	0.46	0.49	0.49	0	0	0.46
118200	0.46	0.49	0.49	0	0	0.46
118300	0.46	0.49	0.49	0	0	0.46
118400	0.46	0.49	0.49	0	0	0.46
118500	0.47	0.48	0.48	0	0	0.47
118600	0.48	0.48	0.48	0	0	0.48
118700	0.48	0.48	0.48	0	0	0.48
118800	0.48	0.48	0.48	0	0	0.48
118900	0.48	0.48	0.48	0	0	0.48
119000	0.48	0.48	0.48	0	0	0.48
119100	0.48	0.48	0.48	0	0	0.48
119200	0.48	0.48	0.48	0	0	0.48
119300	0.48	0.48	0.48	0	0	0.48
119400	0.48	0.48	0.48	0	0	0.48
119500	0.48	0.48	0.48	0	0	0.48
119600	0.48	0.48	0.48	0	0	0.48
119700	0.48	0.48	0.48	0	0	0.48
119800	0.48	0.48	0.48	0	0	0.48
119900	0.48	0.48	0.48	0	0	0.48
120000	0.48	0.48	0.48	0	0	0.48
120100	0.48	0.48	0.48	0	0	0.48
120200	0.48	0.48	0.48	0	0	0.48
120300	0.49	0.48	0.48	0	0	0.49
120400	0.49	0.48	0.48	0	0	0.49
120500	0.49	0.48	0.48	0	0	0.49
120600	0.49	0.48	0.48	0	0	0.49
120700	0.48	0.48	0.48	0	0	0.48
120800	0.48	0.48	0.48	0	0	0.48
120900	0.48	0.48	0.48	0	0	0.48
121000	0.48	0.49	0.49	0	0	0.48
121100	0.48	0.49	0.49	0	0	0.48
121200	0.48	0.49	0.49	0	0	0.48
121300	0.48	0.49	0.49	0	0	0.48
121400	0.48	0.49	0.49	0	0	0.48
121500	0.48	0.49	0.49	0	0	0.48
121600	0.48	0.49	0.49	0	0	0.48
121700	0.48	0.49	0.49	0	0	0.48
121800	0.48	0.49	0.49	0	0	0.48
121900	0.48	0.49	0.49	0	0	0.48
122000	0.48	0.49	0.49	0	0	0.48
122100	0.48	0.49	0.49	0	0	0.48
122200	0.48	0.49	0.49	0	0	0.48
122300	0.48	0.49	0.49	0	0	0.48
122400	0.48	0.49	0.49	0	0	0.48
122500	0.48	0.49	0.49	0	0	0.48
122600	0.48	0.49	0.49	0	0	0.48
122700	0.48	0.49	0.49	0	0	0.48
122800	0.48	0.49	0.49	0	0	0.48
122900	0.48	0.49	0.49	0	0	0.48
123000	0.48	0.49	0.49	0	0	0.48
123100	0.48	0.49	0.49	0	0	0.48
123200	0.48	0.49	0.49	0	0	0.48
123300	0.47	0.49	0.49	0	0	0.47
123400	0.47	0.49	0.49	0	0	0.47
123500	0.47	0.49	0.49	0	0	0.47
123600	0.47	0.49	0.49	0	0	0.47
123700	0.47	0.49	0.49	0	0	0.47
123800	0.47	0.49	0.49	0	0	0.47
123900	0.47	0.49	0.49	0	0	0.47
124000	0.47	0.49	0.49	0	0	0.47
124100	0.47	0.49	0.49	0	0	0.47
124200	0.47	0.49	0.49	0	0	0.47
124300	0.47	0.49	0.49	0	0	0.47
124400	0.47	0.49	0.49	0	0	0.47
124500	0.47	0.49	0.49	0	0	0.47
124600	0.47	0.49	0.49	0	0	0.47
124700	0.47	0.49	0.49	0	0	0.47
124800	0.47	0.49	0.49	0	0	0.47
124900	0.47	0.49	0.49	0	0	0.47
125000	0.47	0.49	0.49	0	0	0.47
125100	0.47	0.49	0.49	0	0	0.47
125200	0.47	0.49	0.49	0	0	0.47
125300	0.47	0.5	0.5	0	0	0.47
125400	0.47	0.5	0.5	0	0	0.47
125500	0.47	0.5	0.5	0	0	0.47
125600	0.47	0.5	0.5	0	0	0.47
125700	0.47	0.5	0.5	0	0	0.47
125800	0.47	0.5	0.5	0	0	0.47
125900	0.47	0.5	0.5	0	0	0.47
126000	0.47	0.5	0.5	0	0	0.47
126100	0.47	0.5	0.5	0	0	0.47
126200	0.47	0.5	0.5	0	0	0.47
126300	0.47	0.5	0.5	0	0	0.47
126400	0.47	0.5	0.5	0	0	0.47
126500	0.47	0.5	0.5	0	0	0.47
126600	0.47	0.5	0.5	0	0	0.47
126700	0.47	0.5	0.5	0	0	0.47
126800	0.47	0.5	0.5	0	0	0.47
126900	0.47	0.5	0.5	0	0	0.47
127000	0.47	0.5	0.5	0	0	0.47
127100	0.47	0.5	0.5	0	0	0.47
127200	0.47	0.5	0.5	0	0	0.47
127300	0.47	0.5	0.5	0	0	0.47
127400	0.47	0.5	0.5	0	0	0.47
127500	0.47	0.5	0.5	0	0	0.47
127600	0.47	0.5	0.5	0	0	0.47
127700	0.47	0.5	0.5	0	0	0.47
127800	0.47	0.5	0.5	0	0	0.47
127900	0.47	0.5	0.5	0	0	0.47
128000	0.47	0.5	0.5	0	0	0.47
128100	0.47	0.5	0.5	0	0	0.47
128200	0.47	0.5	0.5	0	0	0.47
128300	0.47	0.5	0.5	0	0	0.47
128400	0.47	0.5	0.5	0	0	0.47
128500	0.47	0.5	0.5	0	0	0.47
128600	0.47	0.5	0.5	0	0	0.47
128700	0.47	0.5	0.5	0	0	0.47
128800	0.47	0.5	0.5	0	0	0.47
128900	0.47	0.5	0.5	0	0	0.47
129000	0.47	0.5	0.5	0	0	0.47
129100	0.47	0.5	0.5	0	0	0.47
129200	0.47	0.5	0.5	0	0	0.47
129300	0.48	0.5	0.5	0	0	0.48
129400	0.48	0.5	0.5	0	0	0.48
129500	0.48	0.5	0.5	0	0	0.48
129600	0.48	0.5	0.5	0	0	0.48
129700	0.48	0.5	0.5	0	0	0.48
129800	0.48	0.5	0.5	0	0	0.48
129900	0.48	0.5	0.5	0	0	0.48
130000	0.48	0.5	0.5	0	0	0.48
130100	0.48	0.5	0.5	0	0	0.48
130200	0.48	0.5	0.5	0	0	0.48
130300	0.48	0.5	0.5	0	0	0.48
130400	0.48	0.5	0.5	0	0	0.48
130500	0.48	0.5	0.5	0	0	0.48
130600	0.48	0.5	0.5	0	0	0.48
130700	0.48	0.5	0.5	0	0	0.48
130800	0.48	0.5	0.5	0	0	0.48
130900	0.48	0.5	0.5	0	0	0.48
131000	0.48	0.5	0.5	0	0	0.48
131100	0.48	0.5	0.5	0	0	0.48
131200	0.48	0.5	0.5	0	0	0.48
131300	0.48	0.5	0.5	0	0	0.48
131400	0.48	0.5	0.5	0	0	0.48
131500	0.48	0.5	0.5	0	0	0.48
131600	0.48	0.5	0.5	0	0	0.48
131700	0.48	0.5	0.5	0	0	0.48
131800	0.48	0.5	0.5	0	0	0.48
131900	0.48	0.5	0.5	0	0	0.48
132000	0.48	0.5	0.5	0	0	0.48
132100	0.48	0.5	0.5	0	0	0.48
132200	0.48	0.5	0.5	0	0	0.48
132300	0.48	0.5	0.5	0	0	0.48
132400	0.48	0.5	0.5	0	0	0.48
132500	0.48	0.5	0.5	0	0	0.48
132600	0.48	0.5	0.5	0	0	0.48
132700	0.48	0.5	0.5	0	0	0.48
132800	0.48	0.5	0.5	0	0	0.48
132900	0.48	0.5	0.5	0	0	0.48
133000	0.47	0.5	0.5	0	0	0.47
133100	0.47	0.5	0.5	0	0	0.47
133200	0.47	0.5	0.5	0	0	0.47
133300	0.47	0.5	0.5	0	0	0.47
133400	0.47	0.5	0.5	0	0	0.47
133500	0.47	0.5	0.5	0	0	0.47
133600	0.47	0.5	0.5	0	0	0.47
133700	0.47	0.5	0.5	0	0	0.47
133800	0.47	0.5	0.5	0	0	0.47
133900	0.47	0.5	0.5	0	0	0.47
134000	0.47	0.5	0.5	0	0	0.47
134100	0.47	0.5	0.5	0	0	0.47
134200	0.47	0.5	0.5	0	0	0.47
134300	0.47	0.5	0.5	0	0	0.47
134400	0.47	0.5	0.5	0	0	0.47
134500	0.48	0.5	0.5	0	0	0.48
134600	0.48	0.49	0.49	0	0	0.48
134700	0.48	0.49	0.49	0	0	0.48
134800	0.48	0.49	0.49	0	0	0.48
134900	0.48	0.49	0.49	0	0	0.48
135000	0.47	0.49	0.49	0	0	0.47
135100	0.47	0.49	0.49	0	0	0.47
135200	0.47	0.49	0.49	0	0	0.47
135300	0.47	0.49	0.49	0	0	0.47
135400	0.47	0.49	0.49	0	0	0.47
135500	0.47	0.49	0.49	0	0	0.47
135600	0.47	0.49	0.49	0	0	0.47
135700	0.47	0.49	0.49	0	0	0.47
135800	0.47	0.49	0.49	0	0	0.47
135900	0.47	0.49	0.49	0	0	0.47
136000	0.47	0.49	0.49	0	0	0.47
136100	0.47	0.49	0.49	0	0	0.47
136200	0.47	0.49	0.49	0	0	0.47
136300	0.47	0.49	0.49	0	0	0.47
136400	0.47	0.49	0.49	0	0	0.47
136500	0.47	0.49	0.49	0	0	0.47
136600	0.47	0.49	0.49	0	0	0.47
136700	0.47	0.49	0.49	0	0	0.47
136800	0.47	0.49	0.49	0	0	0.47
136900	0.47	0.49	0.49	0	0	0.47
137000	0.47	0.49	0.49	0	0	0.47
137100	0.48	0.49	0.49	0	0	0.48
137200	0.48	0.49	0.49	0	0	0.48
137300	0.47	0.49	0.49	0	0	0.47
137400	0.48	0.49	0.49	0	0	0.48
137500	0.48	0.49	0.49	0	0	0.48
137600	0.48	0.49	0.49	0	0	0.48
137700	0.48	0.49	0.49	0	0	0.48
137800	0.48	0.49	0.49	0	0	0.48
137900	0.48	0.49	0.49	0	0	0.48
138000	0.48	0.49	0.49	0	0	0.48
138100	0.48	0.49	0.49	0	0	0.48
138200	0.48	0.49	0.49	0	0	0.48
138300	0.48	0.49	0.49	0	0	0.48
138400	0.48	0.49	0.49	0	0	0.48
138500	0.48	0.49	0.49	0	0	0.48
138600	0.48	0.49	0.49	0	0	0.48
138700	0.48	0.49	0.49	0	0	0.48
138800	0.49	0.49	0.49	0	0	0.49
138900	0.49	0.49	0.49	0	0	0.49
139000	0.49	0.49	0.49	0	0	0.49
139100	0.49	0.49	0.49	0	0	0.49
139200	0.49	0.49	0.49	0	0	0.49
139300	0.49	0.49	0.49	0	0	0.49
139400	0.49	0.49	0.49	0	0	0.49
139500	0.49	0.49	0.49	0	0	0.49
139600	0.49	0.49	0.49	0	0	0.49
139700	0.49	0.49	0.49	0	0	0.49
139800	0.5	0.49	0.49	0	0	0.5
139900	0.5	0.49	0.49	0	0	0.5
140000	0.5	0.49	0.49	0	0	0.5
140100	0.5	0.49	0.49	0	0	0.5
140200	0.5	0.49	0.49	0	0	0.5
140300	0.5	0.49	0.49	0	0	0.5
140400	0.5	0.49	0.49	0	0	0.5
140500	0.5	0.49	0.49	0	0	0.5
140600	0.5	0.49	0.49	0	0	0.5
140700	0.5	0.49	0.49	0	0	0.5
140800	0.5	0.49	0.49	0	0	0.5
140900	0.5	0.49	0.49	0	0	0.5
141000	0.5	0.49	0.49	0	0	0.5
141100	0.5	0.49	0.49	0	0	0.5
141200	0.5	0.49	0.49	0	0	0.5
141300	0.5	0.49	0.49	0	0	0.5
141400	0.5	0.49	0.49	0	0	0.5
141500	0.5	0.49	0.49	0	0	0.5
141600	0.5	0.49	0.49	0	0	0.5
141700	0.5	0.49	0.49	0	0	0.5
141800	0.5	0.49	0.49	0	0	0.5
141900	0.5	0.49	0.49	0	0	0.5
142000	0.5	0.49	0.49	0	0	0.5
142100	0.5	0.49	0.49	0	0	0.5
142200	0.5	0.49	0.49	0	0	0.5
142300	0.5	0.49	0.49	0	0	0.5
142400	0.5	0.49	0.49	0	0	0.5
142500	0.5	0.49	0.49	0	0	0.5
142600	0.5	0.49	0.49	0	0	0.5
142700	0.5	0.49	0.49	0	0	0.5
142800	0.5	0.48	0.48	0	0	0.5
142900	0.5	0.48	0.48	0	0	0.5
143000	0.5	0.48	0.48	0	0	0.5
143100	0.5	0.49	0.49	0	0	0.5
143200	0.5	0.49	0.49	0	0	0.5
143300	0.5	0.49	0.49	0	0	0.5
143400	0.5	0.49	0.49	0	0	0.5
143500	0.5	0.49	0.49	0	0	0.5
143600	0.5	0.48	0.48	0	0	0.5
143700	0.5	0.48	0.48	0	0	0.5
143800	0.5	0.48	0.48	0	0	0.5
143900	0.5	0.48	0.48	0	0	0.5
144000	0.5	0.48	0.48	0	0	0.5
144100	0.5	0.48	0.48	0	0	0.5
144200	0.5	0.48	0.48	0	0	0.5
144300	0.5	0.48	0.48	0	0	0.5
144400	0.5	0.48	0.48	0	0	0.5
144500	0.5	0.48	0.48	0	0	0.5
144600	0.5	0.48	0.48	0	0	0.5
144700	0.5	0.48	0.48	0	0	0.5
144800	0.5	0.48	0.48	0	0	0.5
144900	0.5	0.48	0.48	0	0	0.5
145000	0.5	0.48	0.48	0	0	0.5
145100	0.5	0.48	0.48	0	0	0.5
145200	0.5	0.48	0.48	0	0	0.5
145300	0.5	0.48	0.48	0	0	0.5
145400	0.5	0.48	0.48	0	0	0.5
145500	0.5	0.48	0.48	0	0	0.5
145600	0.5	0.48	0.48	0	0	0.5
145700	0.5	0.48	0.48	0	0	0.5
145800	0.5	0.48	0.48	0	0	0.5
145900	0.5	0.48	0.48	0	0	0.5
146000	0.5	0.48	0.48	0	0	0.5
146100	0.5	0.48	0.48	0	0	0.5
146200	0.5	0.48	0.48	0	0	0.5
146300	0.5	0.48	0.48	0	0	0.5
146400	0.5	0.48	0.48	0	0	0.5
146500	0.5	0.48	0.48	0	0	0.5
146600	0.5	0.48	0.48	0	0	0.5
146700	0.5	0.48	0.48	0	0	0.5
146800	0.5	0.48	0.48	0	0	0.5
146900	0.5	0.48	0.48	0	0	0.5
147000	0.5	0.48	0.48	0	0	0.5
147100	0.5	0.48	0.48	0	0	0.5
147200	0.5	0.48	0.48	0	0	0.5
147300	0.5	0.48	0.48	0	0	0.5
147400	0.5	0.48	0.48	0	0	0.5
147500	0.5	0.48	0.48	0	0	0.5
147600	0.5	0.48	0.48	0	0	0.5
147700	0.5	0.48	0.48	0	0	0.5
147800	0.5	0.48	0.48	0	0	0.5
147900	0.5	0.48	0.48	0	0	0.5
148000	0.5	0.48	0.48	0	0	0.5
148100	0.5	0.48	0.48	0	0	0.5
148200	0.5	0.48	0.48	0	0	0.5
148300	0.5	0.48	0.48	0	0	0.5
148400	0.5	0.48	0.48	0	0	0.5
148500	0.5	0.48	0.48	0	0	0.5
148600	0.5	0.48	0.48	0	0	0.5
148700	0.5	0.48	0.48	0	0	0.5
148800	0.5	0.48	0.48	0	0	0.5
148900	0.5	0.48	0.48	0	0	0.5
149000	0.5	0.48	0.48	0	0	0.5
149100	0.5	0.48	0.48	0	0	0.5
149200	0.5	0.48	0.48	0	0	0.5
149300	0.5	0.48	0.48	0	0	0.5
149400	0.5	0.48	0.48	0	0	0.5
149500	0.5	0.48	0.48	0	0	0.5
149600	0.5	0.48	0.48	0	0	0.5
149700	0.5	0.48	0.48	0	0	0.5
149800	0.5	0.48	0.48	0	0	0.5
149900	0.5	0.48	0.48	0	0	0.5
150000	0.5	0.48	0.48	0	0	0.5
150100	0.5	0.48	0.48	0	0	0.5
150200	0.5	0.48	0.48	0	0	0.5
150300	0.5	0.48	0.48	0	0	0.5
150400	0.5	0.49	0.49	0	0	0.5
150500	0.5	0.49	0.49	0	0	0.5
150600	0.5	0.49	0.49	0	0	0.5
150700	0.5	0.49	0.49	0	0	0.5
150800	0.5	0.49	0.49	0	0	0.5
150900	0.5	0.49	0.49	0	0	0.5
151000	0.49	0.49	0.49	0	0	0.49
151100	0.49	0.49	0.49	0	0	0.49
151200	0.49	0.49	0.49	0	0	0.49
151300	0.49	0.49	0.49	0	0	0.49
151400	0.49	0.49	0.49	0	0	0.49
151500	0.49	0.49	0.49	0	0	0.49
151600	0.49	0.49	0.49	0	0	0.49
151700	0.49	0.49	0.49	0	0	0.49
151800	0.49	0.49	0.49	0	0	0.49
151900	0.49	0.49	0.49	0	0	0.49
152000	0.49	0.49	0.49	0	0	0.49
152100	0.49	0.49	0.49	0	0	0.49
152200	0.49	0.49	0.49	0	0	0.49
152300	0.49	0.49	0.49	0	0	0.49
152400	0.49	0.49	0.49	0	0	0.49
152500	0.49	0.49	0.49	0	0	0.49
152600	0.49	0.49	0.49	0	0	0.49
152700	0.49	0.49	0.49	0	0	0.49
152800	0.49	0.49	0.49	0	0	0.49
152900	0.49	0.49	0.49	0	0	0.49
153000	0.49	0.49	0.49	0	0	0.49
153100	0.49	0.49	0.49	0	0	0.49
153200	0.49	0.49	0.49	0	0	0.49
153300	0.49	0.49	0.49	0	0	0.49
153400	0.49	0.49	0.49	0	0	0.49
153500	0.49	0.48	0.48	0	0	0.49
153600	0.49	0.48	0.48	0	0	0.49
153700	0.49	0.48	0.48	0	0	0.49
153800	0.49	0.48	0.48	0	0	0.49
153900	0.49	0.48	0.48	0	0	0.49
154000	0.49	0.48	0.48	0	0	0.49
154100	0.49	0.48	0.48	0	0	0.49
154200	0.49	0.48	0.48	0	0	0.49
154300	0.49	0.48	0.48	0	0	0.49
154400	0.49	0.49	0.49	0	0	0.49
154500	0.49	0.48	0.48	0	0	0.49
154600	0.49	0.48	0.48	0	0	0.49
154700	0.48	0.48	0.48	0	0	0.48
154800	0.48	0.48	0.48	0	0	0.48
154900	0.48	0.48	0.48	0	0	0.48
155000	0.48	0.48	0.48	0	0	0.48
155100	0.48	0.48	0.48	0	0	0.48
155200	0.48	0.48	0.48	0	0	0.48
155300	0.48	0.48	0.48	0	0	0.48
155400	0.48	0.48	0.48	0	0	0.48
155500	0.48	0.48	0.48	0	0	0.48
155600	0.49	0.48	0.48	0	0	0.49
155700	0.49	0.48	0.48	0	0	0.49
155800	0.49	0.48	0.48	0	0	0.49
155900	0.49	0.48	0.48	0	0	0.49
156000	0.49	0.48	0.48	0	0	0.49
156100	0.49	0.48	0.48	0	0	0.49
156200	0.49	0.48	0.48	0	0	0.49
156300	0.49	0.48	0.48	0	0	0.49
156400	0.49	0.48	0.48	0	0	0.49
156500	0.49	0.48	0.48	0	0	0.49
156600	0.49	0.48	0.48	0	0	0.49
156700	0.49	0.48	0.48	0	0	0.49
156800	0.49	0.48	0.48	0	0	0.49
156900	0.48	0.48	0.48	0	0	0.48
157000	0.48	0.48	0.48	0	0	0.48
157100	0.48	0.48	0.48	0	0	0.48
157200	0.48	0.48	0.48	0	0	0.48
157300	0.48	0.48	0.48	0	0	0.48
157400	0.48	0.48	0.48	0	0	0.48
157500	0.48	0.48	0.48	0	0	0.48
157600	0.49	0.48	0.48	0	0	0.49
157700	0.49	0.48	0.48	0	0	0.49
157800	0.49	0.48	0.48	0	0	0.49
157900	0.49	0.48	0.48	0	0	0.49
158000	0.49	0.48	0.48	0	0	0.49
158100	0.49	0.48	0.48	0	0	0.49
158200	0.49	0.48	0.48	0	0	0.49
158300	0.49	0.48	0.48	0	0	0.49
158400	0.49	0.48	0.48	0	0	0.49
158500	0.49	0.48	0.48	0	0	0.49
158600	0.49	0.48	0.48	0	0	0.49
158700	0.49	0.48	0.48	0	0	0.49
158800	0.49	0.48	0.48	0	0	0.49
158900	0.49	0.48	0.48	0	0	0.49
159000	0.49	0.48	0.48	0	0	0.49
159100	0.49	0.48	0.48	0	0	0.49
159200	0.49	0.48	0.48	0	0	0.49
159300	0.49	0.48	0.48	0	0	0.49
159400	0.49	0.48	0.48	0	0	0.49
159500	0.49	0.48	0.48	0	0	0.49
159600	0.49	0.48	0.48	0	0	0.49
159700	0.49	0.48	0.48	0	0	0.49
159800	0.49	0.48	0.48	0	0	0.49
159900	0.49	0.48	0.48	0	0	0.49
160000	0.49	0.48	0.48	0	0	0.49
160100	0.49	0.48	0.48	0	0	0.49
160200	0.49	0.48	0.48	0	0	0.49
160300	0.49	0.48	0.48	0	0	0.49
160400	0.49	0.48	0.48	0	0	0.49
160500	0.49	0.48	0.48	0	0	0.49
160600	0.49	0.48	0.48	0	0	0.49
160700	0.49	0.48	0.48	0	0	0.49
160800	0.49	0.48	0.48	0	0	0.49
160900	0.49	0.49	0.49	0	0	0.49
161000	0.49	0.49	0.49	0	0	0.49
161100	0.49	0.49	0.49	0	0	0.49
161200	0.49	0.49	0.49	0	0	0.49
161300	0.49	0.48	0.48	0	0	0.49
161400	0.49	0.48	0.48	0	0	0.49
161500	0.49	0.48	0.48	0	0	0.49
161600	0.49	0.48	0.48	0	0	0.49
161700	0.49	0.48	0.48	0	0	0.49
161800	0.49	0.48	0.48	0	0	0.49
161900	0.49	0.48	0.48	0	0	0.49
162000	0.49	0.48	0.48	0	0	0.49
162100	0.49	0.48	0.48	0	0	0.49
162200	0.49	0.48	0.48	0	0	0.49
162300	0.49	0.48	0.48	0	0	0.49
162400	0.49	0.48	0.48	0	0	0.49
162500	0.49	0.48	0.48	0	0	0.49
162600	0.49	0.47	0.47	0	0	0.49
162700	0.49	0.48	0.48	0	0	0.49
162800	0.49	0.48	0.48	0	0	0.49
162900	0.49	0.48	0.48	0	0	0.49
163000	0.49	0.48	0.48	0	0	0.49
163100	0.49	0.48	0.48	0	0	0.49
163200	0.49	0.48	0.48	0	0	0.49
163300	0.49	0.48	0.48	0	0	0.49
163400	0.49	0.49	0.49	0	0	0.49
163500	0.49	0.49	0.49	0	0	0.49
163600	0.49	0.49	0.49	0	0	0.49
163700	0.49	0.49	0.49	0	0	0.49
163800	0.49	0.49	0.49	0	0	0.49
163900	0.49	0.49	0.49	0	0	0.49
164000	0.49	0.49	0.49	0	0	0.49
164100	0.49	0.49	0.49	0	0	0.49
164200	0.49	0.49	0.49	0	0	0.49
164300	0.49	0.49	0.49	0	0	0.49
164400	0.49	0.49	0.49	0	0	0.49
164500	0.49	0.49	0.49	0	0	0.49
164600	0.49	0.49	0.49	0	0	0.49
164700	0.49	0.49	0.49	0	0	0.49
164800	0.49	0.48	0.48	0	0	0.49
164900	0.49	0.48	0.48	0	0	0.49
165000	0.49	0.49	0.49	0	0	0.49
165100	0.49	0.49	0.49	0	0	0.49
165200	0.49	0.49	0.49	0	0	0.49
165300	0.49	0.49	0.49	0	0	0.49
165400	0.49	0.49	0.49	0	0	0.49
165500	0.49	0.49	0.49	0	0	0.49
165600	0.49	0.49	0.49	0	0	0.49
165700	0.49	0.49	0.49	0	0	0.49
165800	0.49	0.49	0.49	0	0	0.49
165900	0.49	0.49	0.49	0	0	0.49
166000	0.49	0.49	0.49	0	0	0.49
166100	0.49	0.49	0.49	0	0	0.49
166200	0.49	0.49	0.49	0	0	0.49
166300	0.49	0.49	0.49	0	0	0.49
166400	0.49	0.49	0.49	0	0	0.49
166500	0.49	0.49	0.49	0	0	0.49
166600	0.49	0.49	0.49	0	0	0.49
166700	0.49	0.49	0.49	0	0	0.49
166800	0.49	0.49	0.49	0	0	0.49
166900	0.49	0.49	0.49	0	0	0.49
167000	0.49	0.49	0.49	0	0	0.49
167100	0.49	0.49	0.49	0	0	0.49
167200	0.49	0.49	0.49	0	0	0.49
167300	0.49	0.49	0.49	0	0	0.49
167400	0.49	0.49	0.49	0	0	0.49
167500	0.49	0.49	0.49	0	0	0.49
167600	0.49	0.49	0.49	0	0	0.49
167700	0.49	0.49	0.49	0	0	0.49
167800	0.49	0.49	0.49	0	0	0.49
167900	0.49	0.49	0.49	0	0	0.49
168000	0.49	0.49	0.49	0	0	0.49
168100	0.49	0.49	0.49	0	0	0.49
168200	0.49	0.49	0.49	0	0	0.49
168300	0.49	0.49	0.49	0	0	0.49
168400	0.49	0.49	0.49	0	0	0.49
168500	0.49	0.49	0.49	0	0	0.49
168600	0.49	0.49	0.49	0	0	0.49
168700	0.49	0.49	0.49	0	0	0.49
168800	0.49	0.49	0.49	0	0	0.49
168900	0.49	0.49	0.49	0	0	0.49
169000	0.49	0.49	0.49	0	0	0.49
169100	0.49	0.49	0.49	0	0	0.49
169200	0.49	0.49	0.49	0	0	0.49
169300	0.49	0.49	0.49	0	0	0.49
169400	0.49	0.49	0.49	0	0	0.49
169500	0.49	0.49	0.49	0	0	0.49
169600	0.49	0.49	0.49	0	0	0.49
169700	0.49	0.49	0.49	0	0	0.49
169800	0.49	0.49	0.49	0	0	0.49
169900	0.49	0.49	0.49	0	0	0.49
170000	0.49	0.49	0.49	0	0	0.49
170100	0.49	0.49	0.49	0	0	0.49
170200	0.49	0.49	0.49	0	0	0.49
170300	0.49	0.49	0.49	0	0	0.49
170400	0.49	0.49	0.49	0	0	0.49
170500	0.49	0.49	0.49	0	0	0.49
170600	0.49	0.49	0.49	0	0	0.49
170700	0.49	0.49	0.49	0	0	0.49
170800	0.49	0.49	0.49	0	0	0.49
170900	0.49	0.49	0.49	0	0	0.49
171000	0.49	0.49	0.49	0	0	0.49
171100	0.49	0.49	0.49	0	0	0.49
171200	0.49	0.49	0.49	0	0	0.49
171300	0.49	0.49	0.49	0	0	0.49
171400	0.49	0.49	0.49	0	0	0.49
171500	0.49	0.49	0.49	0	0	0.49
171600	0.49	0.49	0.49	0	0	0.49
171700	0.49	0.49	0.49	0	0	0.49
171800	0.49	0.49	0.49	0	0	0.49
171900	0.49	0.49	0.49	0	0	0.49
172000	0.48	0.49	0.49	0	0	0.48
172100	0.48	0.49	0.49	0	0	0.48
172200	0.48	0.49	0.49	0	0	0.48
172300	0.48	0.49	0.49	0	0	0.48
172400	0.48	0.49	0.49	0	0	0.48
172500	0.48	0.49	0.49	0	0	0.48
172600	0.48	0.49	0.49	0	0	0.48
172700	0.48	0.49	0.49	0	0	0.48
172800	0.48	0.49	0.49	0	0	0.48
172900	0.48	0.49	0.49	0	0	0.48
173000	0.48	0.49	0.49	0	0	0.48
173100	0.48	0.49	0.49	0	0	0.48
173200	0.48	0.5	0.5	0	0	0.48
173300	0.48	0.5	0.5	0	0	0.48
173400	0.48	0.5	0.5	0	0	0.48
173500	0.48	0.5	0.5	0	0	0.48
173600	0.48	0.5	0.5	0	0	0.48
173700	0.48	0.5	0.5	0	0	0.48
173800	0.48	0.5	0.5	0	0	0.48
173900	0.48	0.5	0.5	0	0	0.48
174000	0.48	0.5	0.5	0	0	0.48
174100	0.48	0.5	0.5	0	0	0.48
174200	0.48	0.5	0.5	0	0	0.48
174300	0.48	0.5	0.5	0	0	0.48
174400	0.48	0.5	0.5	0	0	0.48
174500	0.48	0.5	0.5	0	0	0.48
174600	0.48	0.5	0.5	0	0	0.48
174700	0.48	0.5	0.5	0	0	0.48
174800	0.48	0.5	0.5	0	0	0.48
174900	0.48	0.49	0.49	0	0	0.48
175000	0.48	0.49	0.49	0	0	0.48
175100	0.48	0.49	0.49	0	0	0.48
175200	0.48	0.49	0.49	0	0	0.48
175300	0.48	0.49	0.49	0	0	0.48
175400	0.48	0.49	0.49	0	0	0.48
175500	0.48	0.49	0.49	0	0	0.48
175600	0.48	0.49	0.49	0	0	0.48
175700	0.48	0.49	0.49	0	0	0.48
175800	0.48	0.49	0.49	0	0	0.48
175900	0.48	0.49	0.49	0	0	0.48
176000	0.48	0.49	0.49	0	0	0.48
176100	0.48	0.49	0.49	0	0	0.48
176200	0.48	0.49	0.49	0	0	0.48
176300	0.48	0.49	0.49	0	0	0.48
176400	0.48	0.49	0.49	0	0	0.48
176500	0.48	0.49	0.49	0	0	0.48
176600	0.48	0.49	0.49	0	0	0.48
176700	0.48	0.49	0.49	0	0	0.48
176800	0.48	0.49	0.49	0	0	0.48
176900	0.48	0.49	0.49	0	0	0.48
177000	0.48	0.49	0.49	0	0	0.48
177100	0.48	0.49	0.49	0	0	0.48
177200	0.48	0.49	0.49	0	0	0.48
177300	0.48	0.49	0.49	0	0	0.48
177400	0.48	0.49	0.49	0	0	0.48
177500	0.48	0.49	0.49	0	0	0.48
177600	0.48	0.49	0.49	0	0	0.48
177700	0.48	0.49	0.49	0	0	0.48
177800	0.48	0.49	0.49	0	0	0.48
177900	0.48	0.49	0.49	0	0	0.48
178000	0.48	0.49	0.49	0	0	0.48
178100	0.48	0.49	0.49	0	0	0.48
178200	0.48	0.49	0.49	0	0	0.48
178300	0.48	0.49	0.49	0	0	0.48
178400	0.49	0.49	0.49	0	0	0.49
178500	0.49	0.49	0.49	0	0	0.49
178600	0.49	0.49	0.49	0	0	0.49
178700	0.49	0.49	0.49	0	0	0.49
178800	0.49	0.49	0.49	0	0	0.49
178900	0.48	0.49	0.49	0	0	0.48
179000	0.48	0.49	0.49	0	0	0.48
179100	0.48	0.49	0.49	0	0	0.48
179200	0.48	0.49	0.49	0	0	0.48
179300	0.48	0.49	0.49	0	0	0.48
179400	0.48	0.49	0.49	0	0	0.48
179500	0.48	0.49	0.49	0	0	0.48
179600	0.48	0.49	0.49	0	0	0.48
179700	0.48	0.49	0.49	0	0	0.48
179800	0.48	0.49	0.49	0	0	0.48
179900	0.48	0.49	0.49	0	0	0.48
180000	0.48	0.49	0.49	0	0	0.48
180100	0.48	0.49	0.49	0	0	0.48
180200	0.48	0.48	0.48	0	0	0.48
180300	0.48	0.48	0.48	0	0	0.48
180400	0.48	0.48	0.48	0	0	0.48
180500	0.48	0.48	0.48	0	0	0.48
180600	0.48	0.48	0.48	0	0	0.48
180700	0.48	0.48	0.48	0	0	0.48
180800	0.48	0.48	0.48	0	0	0.48
180900	0.48	0.48	0.48	0	0	0.48
181000	0.48	0.48	0.48	0	0	0.48
181100	0.48	0.48	0.48	0	0	0.48
181200	0.48	0.48	0.48	0	0	0.48
181300	0.49	0.48	0.48	0	0	0.49
181400	0.49	0.48	0.48	0	0	0.49
181500	0.49	0.48	0.48	0	0	0.49
181600	0.48	0.48	0.48	0	0	0.48
181700	0.48	0.48	0.48	0	0	0.48
181800	0.48	0.48	0.48	0	0	0.48
181900	0.48	0.48	0.48	0	0	0.48
182000	0.48	0.48	0.48	0	0	0.48
182100	0.48	0.48	0.48	0	0	0.48
182200	0.48	0.48	0.48	0	0	0.48
182300	0.48	0.48	0.48	0	0	0.48
182400	0.48	0.48	0.48	0	0	0.48
182500	0.48	0.48	0.48	0	0	0.48
182600	0.48	0.48	0.48	0	0	0.48
182700	0.49	0.48	0.48	0	0	0.49
182800	0.49	0.48	0.48	0	0	0.49
182900	0.49	0.48	0.48	0	0	0.49
183000	0.49	0.48	0.48	0	0	0.49
183100	0.49	0.48	0.48	0	0	0.49
183200	0.49	0.48	0.48	0	0	0.49
183300	0.49	0.48	0.48	0	0	0.49
183400	0.49	0.48	0.48	0	0	0.49
183500	0.49	0.48	0.48	0	0	0.49
183600	0.49	0.48	0.48	0	0	0.49
183700	0.49	0.48	0.48	0	0	0.49
183800	0.49	0.48	0.48	0	0	0.49
183900	0.49	0.48	0.48	0	0	0.49
184000	0.49	0.48	0.48	0	0	0.49
184100	0.49	0.48	0.48	0	0	0.49
184200	0.5	0.48	0.48	0	0	0.5
184300	0.5	0.48	0.48	0	0	0.5
184400	0.5	0.48	0.48	0	0	0.5
184500	0.5	0.48	0.48	0	0	0.5
184600	0.5	0.48	0.48	0	0	0.5
184700	0.5	0.48	0.48	0	0	0.5
184800	0.5	0.48	0.48	0	0	0.5
184900	0.5	0.48	0.48	0	0	0.5
185000	0.5	0.48	0.48	0	0	0.5
185100	0.5	0.48	0.48	0	0	0.5
185200	0.5	0.48	0.48	0	0	0.5
185300	0.5	0.48	0.48	0	0	0.5
185400	0.5	0.47	0.47	0	0	0.5
185500	0.5	0.47	0.47	0	0	0.5
185600	0.5	0.47	0.47	0	0	0.5
185700	0.5	0.47	0.47	0	0	0.5
185800	0.5	0.47	0.47	0	0	0.5
185900	0.5	0.47	0.47	0	0	0.5
186000	0.5	0.47	0.47	0	0	0.5
186100	0.5	0.47	0.47	0	0	0.5
186200	0.49	0.47	0.47	0	0	0.49
186300	0.49	0.47	0.47	0	0	0.49
186400	0.49	0.47	0.47	0	0	0.49
186500	0.49	0.47	0.47	0	0	0.49
186600	0.49	0.47	0.47	0	0	0.49
186700	0.49	0.47	0.47	0	0	0.49
186800	0.49	0.47	0.47	0	0	0.49
186900	0.49	0.47	0.47	0	0	0.49
187000	0.49	0.47	0.47	0	0	0.49
187100	0.49	0.47	0.47	0	0	0.49
187200	0.49	0.47	0.47	0	0	0.49
187300	0.49	0.47	0.47	0	0	0.49
187400	0.49	0.47	0.47	0	0	0.49
187500	0.49	0.48	0.48	0	0	0.49
187600	0.49	0.48	0.48	0	0	0.49
187700	0.49	0.48	0.48	0	0	0.49
187800	0.49	0.48	0.48	0	0	0.49
187900	0.49	0.49	0.49	0	0	0.49
188000	0.49	0.49	0.49	0	0	0.49
188100	0.49	0.49	0.49	0	0	0.49
188200	0.49	0.49	0.49	0	0	0.49
188300	0.49	0.49	0.49	0	0	0.49
188400	0.49	0.49	0.49	0	0	0.49
188500	0.49	0.49	0.49	0	0	0.49
188600	0.49	0.49	0.49	0	0	0.49
188700	0.49	0.49	0.49	0	0	0.49
188800	0.49	0.49	0.49	0	0	0.49
188900	0.49	0.49	0.49	0	0	0.49
189000	0.49	0.49	0.49	0	0	0.49
189100	0.49	0.49	0.49	0	0	0.49
189200	0.49	0.49	0.49	0	0	0.49
189300	0.49	0.49	0.49	0	0	0.49
189400	0.49	0.5	0.5	0	0	0.49
189500	0.49	0.5	0.5	0	0	0.49
189600	0.49	0.5	0.5	0	0	0.49
189700	0.49	0.5	0.5	0	0	0.49
189800	0.49	0.5	0.5	0	0	0.49
189900	0.49	0.5	0.5	0	0	0.49
190000	0.49	0.5	0.5	0	0	0.49
190100	0.49	0.5	0.5	0	0	0.49
190200	0.49	0.5	0.5	0	0	0.49
190300	0.49	0.5	0.5	0	0	0.49
190400	0.49	0.5	0.5	0	0	0.49
190500	0.49	0.5	0.5	0	0	0.49
190600	0.49	0.5	0.5	0	0	0.49
190700	0.49	0.5	0.5	0	0	0.49
190800	0.49	0.5	0.5	0	0	0.49
190900	0.49	0.5	0.5	0	0	0.49
191000	0.49	0.5	0.5	0	0	0.49
191100	0.49	0.5	0.5	0	0	0.49
191200	0.49	0.5	0.5	0	0	0.49
191300	0.49	0.5	0.5	0	0	0.49
191400	0.49	0.5	0.5	0	0	0.49
191500	0.49	0.5	0.5	0	0	0.49
191600	0.49	0.5	0.5	0	0	0.49
191700	0.49	0.5	0.5	0	0	0.49
191800	0.49	0.5	0.5	0	0	0.49
191900	0.49	0.49	0.49	0	0	0.49
192000	0.49	0.49	0.49	0	0	0.49
192100	0.49	0.49	0.49	0	0	0.49
192200	0.49	0.49	0.49	0	0	0.49
192300	0.5	0.49	0.49	0	0	0.5
192400	0.5	0.49	0.49	0	0	0.5
192500	0.5	0.49	0.49	0	0	0.5
192600	0.5	0.49	0.49	0	0	0.5
192700	0.5	0.49	0.49	0	0	0.5
192800	0.5	0.49	0.49	0	0	0.5
192900	0.5	0.49	0.49	0	0	0.5
193000	0.5	0.49	0.49	0	0	0.5
193100	0.5	0.49	0.49	0	0	0.5
193200	0.5	0.49	0.49	0	0	0.5
193300	0.5	0.5	0.5	0	0	0.5
193400	0.5	0.5	0.5	0	0	0.5
193500	0.5	0.5	0.5	0	0	0.5
193600	0.5	0.5	0.5	0	0	0.5
193700	0.5	0.5	0.5	0	0	0.5
193800	0.5	0.5	0.5	0	0	0.5
193900	0.5	0.5	0.5	0	0	0.5
194000	0.5	0.5	0.5	0	0	0.5
194100	0.5	0.5	0.5	0	0	0.5
194200	0.5	0.5	0.5	0	0	0.5
194300	0.5	0.5	0.5	0	0	0.5
194400	0.5	0.5	0.5	0	0	0.5
194500	0.5	0.5	0.5	0	0	0.5
194600	0.5	0.5	0.5	0	0	0.5
194700	0.5	0.5	0.5	0	0	0.5
194800	0.5	0.5	0.5	0	0	0.5
194900	0.5	0.5	0.5	0	0	0.5
195000	0.5	0.5	0.5	0	0	0.5
195100	0.5	0.5	0.5	0	0	0.5
195200	0.5	0.5	0.5	0	0	0.5
195300	0.5	0.5	0.5	0	0	0.5
195400	0.5	0.5	0.5	0	0	0.5
195500	0.5	0.5	0.5	0	0	0.5
195600	0.5	0.5	0.5	0	0	0.5
195700	0.5	0.5	0.5	0	0	0.5
195800	0.5	0.5	0.5	0	0	0.5
195900	0.5	0.5	0.5	0	0	0.5
196000	0.5	0.5	0.5	0	0	0.5
196100	0.5	0.5	0.5	0	0	0.5
196200	0.5	0.5	0.5	0	0	0.5
196300	0.5	0.5	0.5	0	0	0.5
196400	0.5	0.5	0.5	0	0	0.5
196500	0.5	0.5	0.5	0	0	0.5
196600	0.5	0.5	0.5	0	0	0.5
196700	0.5	0.5	0.5	0	0	0.5
196800	0.5	0.5	0.5	0	0	0.5
196900	0.5	0.5	0.5	0	0	0.5
197000	0.5	0.5	0.5	0	0	0.5
197100	0.5	0.5	0.5	0	0	0.5
197200	0.5	0.5	0.5	0	0	0.5
197300	0.5	0.5	0.5	0	0	0.5
197400	0.5	0.5	0.5	0	0	0.5
197500	0.5	0.5	0.5	0	0	0.5
197600	0.5	0.5	0.5	0	0	0.5
197700	0.5	0.5	0.5	0	0	0.5
197800	0.5	0.5	0.5	0	0	0.5
197900	0.5	0.5	0.5	0	0	0.5
198000	0.5	0.5	0.5	0	0	0.5
198100	0.5	0.5	0.5	0	0	0.5
198200	0.5	0.5	0.5	0	0	0.5
198300	0.5	0.5	0.5	0	0	0.5
198400	0.5	0.5	0.5	0	0	0.5
198500	0.5	0.5	0.5	0	0	0.5
198600	0.5	0.5	0.5	0	0	0.5
198700	0.5	0.5	0.5	0	0	0.5
198800	0.5	0.5	0.5	0	0	0.5
198900	0.5	0.5	0.5	0	0	0.5
199000	0.5	0.5	0.5	0	0	0.5
199100	0.5	0.5	0.5	0	0	0.5
199200	0.5	0.5	0.5	0	0	0.5
199300	0.5	0.5	0.5	0	0	0.5
199400	0.5	0.5	0.5	0	0	0.5
199500	0.5	0.5	0.5	0	0	0.5
199600	0.5	0.5	0.5	0	0	0.5
199700	0.5	0.5	0.5	0	0	0.5
199800	0.5	0.5	0.5	0	0	0.5
199900	0.5	0.5	0.5	0	0	0.5
200000	0.5	0.5	0.5	0	0	0.5
200100	0.5	0.5	0.5	0	0	0.5
200200	0.5	0.5	0.5	0	0	0.5
200300	0.5	0.5	0.5	0	0	0.5
200400	0.5	0.5	0.5	0	0	0.5
200500	0.5	0.5	0.5	0	0	0.5
200600	0.5	0.5	0.5	0	0	0.5
200700	0.5	0.5	0.5	0	0	0.5
200800	0.5	0.5	0.5	0	0	0.5
200900	0.5	0.5	0.5	0	0	0.5
201000	0.5	0.5	0.5	0	0	0.5
201100	0.5	0.5	0.5	0	0	0.5
201200	0.5	0.5	0.5	0	0	0.5
201300	0.5	0.5	0.5	0	0	0.5
201400	0.5	0.5	0.5	0	0	0.5
201500	0.5	0.5	0.5	0	0	0.5
201600	0.5	0.5	0.5	0	0	0.5
201700	0.5	0.5	0.5	0	0	0.5
201800	0.5	0.5	0.5	0	0	0.5
201900	0.5	0.5	0.5	0	0	0.5
202000	0.5	0.5	0.5	0	0	0.5
202100	0.5	0.5	0.5	0	0	0.5
202200	0.5	0.5	0.5	0	0	0.5
202300	0.5	0.5	0.5	0	0	0.5
202400	0.5	0.5	0.5	0	0	0.5
202500	0.5	0.5	0.5	0	0	0.5
202600	0.5	0.5	0.5	0	0	0.5
202700	0.5	0.5	0.5	0	0	0.5
202800	0.5	0.5	0.5	0	0	0.5
202900	0.5	0.5	0.5	0	0	0.5
203000	0.5	0.5	0.5	0	0	0.5
203100	0.5	0.5	0.5	0	0	0.5
203200	0.5	0.5	0.5	0	0	0.5
203300	0.5	0.5	0.5	0	0	0.5
203400	0.5	0.5	0.5	0	0	0.5
203500	0.5	0.5	0.5	0	0	0.5
203600	0.5	0.5	0.5	0	0	0.5
203700	0.5	0.5	0.5	0	0	0.5
203800	0.5	0.5	0.5	0	0	0.5
203900	0.5	0.5	0.5	0	0	0.5
204000	0.5	0.5	0.5	0	0	0.5
204100	0.5	0.5	0.5	0	0	0.5
204200	0.5	0.5	0.5	0	0	0.5
204300	0.5	0.5	0.5	0	0	0.5
204400	0.5	0.5	0.5	0	0	0.5
204500	0.5	0.5	0.5	0	0	0.5
204600	0.5	0.5	0.5	0	0	0.5
204700	0.5	0.5	0.5	0	0	0.5
204800	0.5	0.5	0.5	0	0	0.5
204900	0.5	0.5	0.5	0	0	0.5
205000	0.5	0.5	0.5	0	0	0.5
205100	0.5	0.5	0.5	0	0	0.5
205200	0.5	0.5	0.5	0	0	0.5
205300	0.5	0.5	0.5	0	0	0.5
205400	0.5	0.5	0.5	0	0	0.5
205500	0.5	0.5	0.5	0	0	0.5
205600	0.5	0.5	0.5	0	0	0.5
205700	0.5	0.5	0.5	0	0	0.5
205800	0.5	0.5	0.5	0	0	0.5
205900	0.5	0.5	0.5	0	0	0.5
206000	0.5	0.5	0.5	0	0	0.5
206100	0.5	0.5	0.5	0	0	0.5
206200	0.5	0.5	0.5	0	0	0.5
206300	0.5	0.5	0.5	0	0	0.5
206400	0.5	0.5	0.5	0	0	0.5
206500	0.5	0.5	0.5	0	0	0.5
206600	0.5	0.5	0.5	0	0	0.5
206700	0.5	0.5	0.5	0	0	0.5
206800	0.5	0.5	0.5	0	0	0.5
206900	0.5	0.5	0.5	0	0	0.5
207000	0.5	0.5	0.5	0	0	0.5
207100	0.5	0.5	0.5	0	0	0.5
207200	0.5	0.5	0.5	0	0	0.5
207300	0.5	0.5	0.5	0	0	0.5
207400	0.5	0.5	0.5	0	0	0.5
207500	0.5	0.5	0.5	0	0	0.5
207600	0.5	0.5	0.5	0	0	0.5
207700	0.5	0.5	0.5	0	0	0.5
207800	0.5	0.5	0.5	0	0	0.5
207900	0.5	0.5	0.5	0	0	0.5
208000	0.5	0.5	0.5	0	0	0.5
208100	0.5	0.5	0.5	0	0	0.5
208200	0.5	0.5	0.5	0	0	0.5
208300	0.5	0.5	0.5	0	0	0.5
208400	0.5	0.5	0.5	0	0	0.5
208500	0.5	0.5	0.5	0	0	0.5
208600	0.5	0.5	0.5	0	0	0.5
208700	0.5	0.5	0.5	0	0	0.5
208800	0.5	0.5	0.5	0	0	0.5
208900	0.5	0.5	0.5	0	0	0.5
209000	0.5	0.5	0.5	0	0	0.5
209100	0.5	0.5	0.5	0	0	0.5
209200	0.5	0.5	0.5	0	0	0.5
209300	0.5	0.5	0.5	0	0	0.5
209400	0.5	0.5	0.5	0	0	0.5
209500	0.5	0.5	0.5	0	0	0.5
209600	0.5	0.5	0.5	0	0	0.5
209700	0.5	0.5	0.5	0	0	0.5
209800	0.5	0.5	0.5	0	0	0.5
209900	0.5	0.5	0.5	0	0	0.5
210000	0.5	0.5	0.5	0	0	0.5
210100	0.5	0.5	0.5	0	0	0.5
210200	0.5	0.5	0.5	0	0	0.5
210300	0.5	0.5	0.5	0	0	0.5
210400	0.5	0.5	0.5	0	0	0.5
210500	0.5	0.5	0.5	0	0	0.5
210600	0.5	0.5	0.5	0	0	0.5
210700	0.5	0.5	0.5	0	0	0.5
210800	0.5	0.5	0.5	0	0	0.5
210900	0.5	0.5	0.5	0	0	0.5
211000	0.5	0.5	0.5	0	0	0.5
211100	0.5	0.5	0.5	0	0	0.5
211200	0.5	0.5	0.5	0	0	0.5
211300	0.5	0.5	0.5	0	0	0.5
211400	0.5	0.5	0.5	0	0	0.5
211500	0.5	0.5	0.5	0	0	0.5
211600	0.5	0.5	0.5	0	0	0.5
211700	0.5	0.5	0.5	0	0	0.5
211800	0.5	0.5	0.5	0	0	0.5
211900	0.5	0.5	0.5	0	0	0.5
212000	0.5	0.5	0.5	0	0	0.5
212100	0.5	0.5	0.5	0	0	0.5
212200	0.5	0.5	0.5	0	0	0.5
212300	0.5	0.5	0.5	0	0	0.5
212400	0.5	0.5	0.5	0	0	0.5
212500	0.5	0.5	0.5	0	0	0.5
212600	0.5	0.5	0.5	0	0	0.5
212700	0.5	0.5	0.5	0	0	0.5
212800	0.5	0.5	0.5	0	0	0.5
212900	0.5	0.5	0.5	0	0	0.5
213000	0.5	0.5	0.5	0	0	0.5
213100	0.5	0.5	0.5	0	0	0.5
213200	0.5	0.5	0.5	0	0	0.5
213300	0.5	0.5	0.5	0	0	0.5
213400	0.5	0.5	0.5	0	0	0.5
213500	0.5	0.5	0.5	0	0	0.5
213600	0.5	0.5	0.5	0	0	0.5
213700	0.5	0.5	0.5	0	0	0.5
213800	0.5	0.5	0.5	0	0	0.5
213900	0.5	0.5	0.5	0	0	0.5
214000	0.5	0.5	0.5	0	0	0.5
214100	0.5	0.5	0.5	0	0	0.5
214200	0.5	0.5	0.5	0	0	0.5
214300	0.5	0.5	0.5	0	0	0.5
214400	0.5	0.5	0.5	0	0	0.5
214500	0.5	0.5	0.5	0	0	0.5
214600	0.5	0.5	0.5	0	0	0.5
214700	0.5	0.5	0.5	0	0	0.5
214800	0.5	0.5	0.5	0	0	0.5
214900	0.5	0.5	0.5	0	0	0.5
215000	0.5	0.5	0.5	0	0	0.5
215100	0.5	0.5	0.5	0	0	0.5
215200	0.5	0.5	0.5	0	0	0.5
215300	0.5	0.5	0.5	0	0	0.5
215400	0.5	0.5	0.5	0	0	0.5
215500	0.5	0.5	0.5	0	0	0.5
215600	0.5	0.5	0.5	0	0	0.5
215700	0.5	0.5	0.5	0	0	0.5
215800	0.5	0.5	0.5	0	0	0.5
215900	0.5	0.5	0.5	0	0	0.5
216000	0.5	0.5	0.5	0	0	0.5
216100	0.5	0.5	0.5	0	0	0.5
216200	0.5	0.5	0.5	0	0	0.5
216300	0.5	0.5	0.5	0	0	0.5
216400	0.5	0.5	0.5	0	0	0.5
216500	0.5	0.5	0.5	0	0	0.5
216600	0.5	0.5	0.5	0	0	0.5
216700	0.5	0.5	0.5	0	0	0.5
216800	0.5	0.5	0.5	0	0	0.5
216900	0.5	0.5	0.5	0	0	0.5
217000	0.5	0.5	0.5	0	0	0.5
217100	0.5	0.5	0.5	0	0	0.5
217200	0.5	0.5	0.5	0	0	0.5
217300	0.5	0.5	0.5	0	0	0.5
217400	0.5	0.5	0.5	0	0	0.5
217500	0.5	0.5	0.5	0	0	0.5
217600	0.5	0.5	0.5	0	0	0.5
217700	0.5	0.5	0.5	0	0	0.5
217800	0.5	0.5	0.5	0	0	0.5
217900	0.5	0.5	0.5	0	0	0.5
218000	0.5	0.5	0.5	0	0	0.5
218100	0.5	0.5	0.5	0	0	0.5
218200	0.5	0.5	0.5	0	0	0.5
218300	0.5	0.5	0.5	0	0	0.5
218400	0.5	0.5	0.5	0	0	0.5
218500	0.5	0.5	0.5	0	0	0.5
218600	0.5	0.5	0.5	0	0	0.5
218700	0.5	0.5	0.5	0	0	0.5
218800	0.5	0.5	0.5	0	0	0.5
218900	0.5	0.5	0.5	0	0	0.5
219000	0.5	0.5	0.5	0	0	0.5
219100	0.5	0.5	0.5	0	0	0.5
219200	0.5	0.5	0.5	0	0	0.5
219300	0.5	0.5	0.5	0	0	0.5
219400	0.5	0.5	0.5	0	0	0.5
219500	0.5	0.5	0.5	0	0	0.5
219600	0.5	0.5	0.5	0	0	0.5
219700	0.5	0.5	0.5	0	0	0.5
219800	0.5	0.5	0.5	0	0	0.5
219900	0.5	0.5	0.5	0	0	0.5
220000	0.5	0.5	0.5	0	0	0.5
220100	0.5	0.5	0.5	0	0	0.5
220200	0.5	0.5	0.5	0	0	0.5
220300	0.5	0.5	0.5	0	0	0.5
220400	0.5	0.5	0.5	0	0	0.5
220500	0.5	0.5	0.5	0	0	0.5
220600	0.5	0.5	0.5	0	0	0.5
220700	0.5	0.5	0.5	0	0	0.5
220800	0.5	0.5	0.5	0	0	0.5
220900	0.5	0.5	0.5	0	0	0.5
221000	0.5	0.5	0.5	0	0	0.5
221100	0.5	0.5	0.5	0	0	0.5
221200	0.5	0.5	0.5	0	0	0.5
221300	0.5	0.5	0.5	0	0	0.5
221400	0.5	0.5	0.5	0	0	0.5
221500	0.5	0.5	0.5	0	0	0.5
221600	0.5	0.5	0.5	0	0	0.5
221700	0.5	0.5	0.5	0	0	0.5
221800	0.5	0.5	0.5	0	0	0.5
221900	0.5	0.5	0.5	0	0	0.5
222000	0.5	0.5	0.5	0	0	0.5
222100	0.5	0.5	0.5	0	0	0.5
222200	0.5	0.5	0.5	0	0	0.5
222300	0.5	0.5	0.5	0	0	0.5
222400	0.5	0.5	0.5	0	0	0.5
222500	0.5	0.5	0.5	0	0	0.5
222600	0.5	0.5	0.5	0	0	0.5
222700	0.5	0.5	0.5	0	0	0.5
222800	0.5	0.5	0.5	0	0	0.5
222900	0.5	0.5	0.5	0	0	0.5
223000	0.5	0.5	0.5	0	0	0.5
223100	0.5	0.5	0.5	0	0	0.5
223200	0.5	0.5	0.5	0	0	0.5
223300	0.5	0.5	0.5	0	0	0.5
223400	0.5	0.5	0.5	0	0	0.5
223500	0.5	0.5	0.5	0	0	0.5
223600	0.5	0.5	0.5	0	0	0.5
223700	0.5	0.5	0.5	0	0	0.5
223800	0.5	0.5	0.5	0	0	0.5
223900	0.5	0.5	0.5	0	0	0.5
224000	0.5	0.5	0.5	0	0	0.5
224100	0.5	0.5	0.5	0	0	0.5
224200	0.5	0.5	0.5	0	0	0.5
224300	0.5	0.5	0.5	0	0	0.5
224400	0.5	0.5	0.5	0	0	0.5
224500	0.5	0.5	0.5	0	0	0.5
224600	0.5	0.5	0.5	0	0	0.5
224700	0.5	0.5	0.5	0	0	0.5
224800	0.5	0.5	0.5	0	0	0.5
224900	0.5	0.5	0.5	0	0	0.5
225000	0.5	0.5	0.5	0	0	0.5
225100	0.5	0.5	0.5	0	0	0.5
225200	0.5	0.5	0.5	0	0	0.5
225300	0.5	0.5	0.5	0	0	0.5
225400	0.5	0.5	0.5	0	0	0.5
225500	0.5	0.5	0.5	0	0	0.5
225600	0.5	0.5	0.5	0	0	0.5
225700	0.5	0.5	0.5	0	0	0.5
225800	0.5	0.5	0.5	0	0	0.5
225900	0.5	0.5	0.5	0	0	0.5
226000	0.5	0.5	0.5	0	0	0.5
226100	0.5	0.5	0.5	0	0	0.5
226200	0.5	0.5	0.5	0	0	0.5
226300	0.5	0.5	0.5	0	0	0.5
226400	0.5	0.5	0.5	0	0	0.5
226500	0.5	0.5	0.5	0	0	0.5
226600	0.5	0.5	0.5	0	0	0.5
226700	0.5	0.5	0.5	0	0	0.5
226800	0.5	0.5	0.5	0	0	0.5
226900	0.5	0.5	0.5	0	0	0.5
227000	0.5	0.5	0.5	0	0	0.5
227100	0.5	0.5	0.5	0	0	0.5
227200	0.5	0.5	0.5	0	0	0.5
227300	0.5	0.5	0.5	0	0	0.5
227400	0.5	0.5	0.5	0	0	0.5
227500	0.5	0.5	0.5	0	0	0.5
227600	0.5	0.5	0.5	0	0	0.5
227700	0.5	0.5	0.5	0	0	0.5
227800	0.5	0.5	0.5	0	0	0.5
227900	0.5	0.5	0.5	0	0	0.5
228000	0.5	0.5	0.5	0	0	0.5
228100	0.5	0.5	0.5	0	0	0.5
228200	0.5	0.5	0.5	0	0	0.5
228300	0.5	0.5	0.5	0	0	0.5
228400	0.5	0.5	0.5	0	0	0.5
228500	0.5	0.5	0.5	0	0	0.5
228600	0.5	0.5	0.5	0	0	0.5
228700	0.5	0.5	0.5	0	0	0.5
228800	0.5	0.5	0.5	0	0	0.5
228900	0.5	0.5	0.5	0	0	0.5
229000	0.5	0.5	0.5	0	0	0.5
229100	0.5	0.5	0.5	0	0	0.5
229200	0.5	0.5	0.5	0	0	0.5
229300	0.5	0.5	0.5	0	0	0.5
229400	0.5	0.5	0.5	0	0	0.5
229500	0.5	0.5	0.5	0	0	0.5
229600	0.5	0.5	0.5	0	0	0.5
229700	0.5	0.5	0.5	0	0	0.5
229800	0.5	0.5	0.5	0	0	0.5
229900	0.5	0.5	0.5	0	0	0.5
230000	0.5	0.5	0.5	0	0	0.5
230100	0.5	0.5	0.5	0	0	0.5
230200	0.5	0.5	0.5	0	0	0.5
230300	0.5	0.5	0.5	0	0	0.5
230400	0.5	0.5	0.5	0	0	0.5
230500	0.5	0.5	0.5	0	0	0.5
230600	0.5	0.5	0.5	0	0	0.5
230700	0.5	0.5	0.5	0	0	0.5
230800	0.5	0.5	0.5	0	0	0.5
230900	0.5	0.5	0.5	0	0	0.5
231000	0.5	0.5	0.5	0	0	0.5
231100	0.5	0.5	0.5	0	0	0.5
231200	0.5	0.5	0.5	0	0	0.5
231300	0.5	0.5	0.5	0	0	0.5
231400	0.5	0.5	0.5	0	0	0.5
231500	0.5	0.5	0.5	0	0	0.5
231600	0.5	0.5	0.5	0	0	0.5
231700	0.5	0.5	0.5	0	0	0.5
231800	0.5	0.5	0.5	0	0	0.5
231900	0.5	0.5	0.5	0	0	0.5
232000	0.5	0.5	0.5	0	0	0.5
232100	0.5	0.5	0.5	0	0	0.5
232200	0.5	0.5	0.5	0	0	0.5
232300	0.5	0.5	0.5	0	0	0.5
232400	0.5	0.5	0.5	0	0	0.5
232500	0.5	0.5	0.5	0	0	0.5
232600	0.5	0.5	0.5	0	0	0.5
232700	0.5	0.5	0.5	0	0	0.5
232800	0.5	0.5	0.5	0	0	0.5
232900	0.5	0.5	0.5	0	0	0.5
233000	0.5	0.5	0.5	0	0	0.5
233100	0.5	0.5	0.5	0	0	0.5
233200	0.5	0.5	0.5	0	0	0.5
233300	0.5	0.5	0.5	0	0	0.5
233400	0.5	0.5	0.5	0	0	0.5
233500	0.5	0.5	0.5	0	0	0.5
233600	0.5	0.5	0.5	0	0	0.5
233700	0.5	0.5	0.5	0	0	0.5
233800	0.5	0.5	0.5	0	0	0.5
233900	0.5	0.5	0.5	0	0	0.5
234000	0.5	0.5	0.5	0	0	0.5
234100	0.5	0.5	0.5	0	0	0.5
234200	0.5	0.5	0.5	0	0	0.5
234300	0.5	0.5	0.5	0	0	0.5
234400	0.5	0.5	0.5	0	0	0.5
234500	0.5	0.5	0.5	0	0	0.5
234600	0.5	0.5	0.5	0	0	0.5
234700	0.5	0.5	0.5	0	0	0.5
234800	0.5	0.5	0.5	0	0	0.5
234900	0.5	0.5	0.5	0	0	0.5
235000	0.5	0.5	0.5	0	0	0.5
235100	0.5	0.5	0.5	0	0	0.5
235200	0.5	0.5	0.5	0	0	0.5
235300	0.5	0.5	0.5	0	0	0.5
235400	0.5	0.5	0.5	0	0	0.5
235500	0.5	0.5	0.5	0	0	0.5
235600	0.5	0.5	0.5	0	0	0.5
235700	0.5	0.5	0.5	0	0	0.5
235800	0.5	0.5	0.5	0	0	0.5
235900	0.5	0.5	0.5	0	0	0.5
236000	0.5	0.5	0.5	0	0	0.5
236100	0.5	0.5	0.5	0	0	0.5
236200	0.5	0.5	0.5	0	0	0.5
236300	0.5	0.5	0.5	0	0	0.5
236400	0.5	0.5	0.5	0	0	0.5
236500	0.5	0.5	0.5	0	0	0.5
236600	0.5	0.5	0.5	0	0	0.5
236700	0.5	0.5	0.5	0	0	0.5
236800	0.5	0.5	0.5	0	0	0.5
236900	0.5	0.5	0.5	0	0	0.5
237000	0.49	0.5	0.5	0	0	0.49
237100	0.5	0.5	0.5	0	0	0.5
237200	0.5	0.5	0.5	0	0	0.5
237300	0.5	0.5	0.5	0	0	0.5
237400	0.5	0.5	0.5	0	0	0.5
237500	0.5	0.5	0.5	0	0	0.5
237600	0.5	0.5	0.5	0	0	0.5
237700	0.5	0.5	0.5	0	0	0.5
237800	0.5	0.5	0.5	0	0	0.5
237900	0.5	0.5	0.5	0	0	0.5
238000	0.5	0.5	0.5	0	0	0.5
238100	0.5	0.5	0.5	0	0	0.5
238200	0.5	0.5	0.5	0	0	0.5
238300	0.5	0.5	0.5	0	0	0.5
238400	0.5	0.5	0.5	0	0	0.5
238500	0.5	0.5	0.5	0	0	0.5
238600	0.5	0.5	0.5	0	0	0.5
238700	0.5	0.5	0.5	0	0	0.5
238800	0.5	0.5	0.5	0	0	0.5
238900	0.5	0.5	0.5	0	0	0.5
239000	0.5	0.5	0.5	0	0	0.5
239100	0.5	0.5	0.5	0	0	0.5
239200	0.5	0.5	0.5	0	0	0.5
239300	0.5	0.5	0.5	0	0	0.5
239400	0.5	0.5	0.5	0	0	0.5
239500	0.5	0.5	0.5	0	0	0.5
239600	0.5	0.5	0.5	0	0	0.5
239700	0.5	0.5	0.5	0	0	0.5
239800	0.5	0.5	0.5	0	0	0.5
239900	0.5	0.5	0.5	0	0	0.5
240000	0.5	0.5	0.5	0	0	0.5
240100	0.5	0.5	0.5	0	0	0.5
240200	0.5	0.5	0.5	0	0	0.5
240300	0.5	0.5	0.5	0	0	0.5
240400	0.5	0.5	0.5	0	0	0.5
240500	0.5	0.5	0.5	0	0	0.5
240600	0.5	0.5	0.5	0	0	0.5
240700	0.5	0.5	0.5	0	0	0.5
240800	0.5	0.5	0.5	0	0	0.5
240900	0.5	0.5	0.5	0	0	0.5
241000	0.5	0.5	0.5	0	0	0.5
241100	0.5	0.5	0.5	0	0	0.5
241200	0.5	0.5	0.5	0	0	0.5
241300	0.5	0.5	0.5	0	0	0.5
241400	0.5	0.5	0.5	0	0	0.5
241500	0.5	0.5	0.5	0	0	0.5
241600	0.5	0.5	0.5	0	0	0.5
241700	0.5	0.5	0.5	0	0	0.5
241800	0.5	0.5	0.5	0	0	0.5
241900	0.5	0.5	0.5	0	0	0.5
242000	0.5	0.5	0.5	0	0	0.5
242100	0.5	0.5	0.5	0	0	0.5
242200	0.5	0.5	0.5	0	0	0.5
242300	0.5	0.5	0.5	0	0	0.5
242400	0.5	0.5	0.5	0	0	0.5
242500	0.5	0.5	0.5	0	0	0.5
242600	0.5	0.5	0.5	0	0	0.5
242700	0.5	0.5	0.5	0	0	0.5
242800	0.5	0.5	0.5	0	0	0.5
242900	0.5	0.5	0.5	0	0	0.5
243000	0.5	0.5	0.5	0	0	0.5
243100	0.5	0.5	0.5	0	0	0.5
243200	0.5	0.5	0.5	0	0	0.5
243300	0.5	0.5	0.5	0	0	0.5
243400	0.5	0.5	0.5	0	0	0.5
243500	0.5	0.5	0.5	0	0	0.5
243600	0.5	0.5	0.5	0	0	0.5
243700	0.5	0.5	0.5	0	0	0.5
243800	0.5	0.5	0.5	0	0	0.5
243900	0.5	0.5	0.5	0	0	0.5
244000	0.5	0.5	0.5	0	0	0.5
244100	0.5	0.5	0.5	0	0	0.5
244200	0.5	0.5	0.5	0	0	0.5
244300	0.5	0.5	0.5	0	0	0.5
244400	0.5	0.5	0.5	0	0	0.5
244500	0.5	0.5	0.5	0	0	0.5
244600	0.5	0.5	0.5	0	0	0.5
244700	0.5	0.5	0.5	0	0	0.5
244800	0.5	0.5	0.5	0	0	0.5
244900	0.5	0.5	0.5	0	0	0.5
245000	0.5	0.5	0.5	0	0	0.5
245100	0.5	0.5	0.5	0	0	0.5
245200	0.5	0.5	0.5	0	0	0.5
245300	0.5	0.5	0.5	0	0	0.5
245400	0.5	0.5	0.5	0	0	0.5
245500	0.5	0.5	0.5	0	0	0.5
245600	0.5	0.5	0.5	0	0	0.5
245700	0.5	0.5	0.5	0	0	0.5
245800	0.5	0.5	0.5	0	0	0.5
245900	0.5	0.5	0.5	0	0	0.5
246000	0.5	0.5	0.5	0	0	0.5
246100	0.5	0.5	0.5	0	0	0.5
246200	0.5	0.5	0.5	0	0	0.5
246300	0.5	0.5	0.5	0	0	0.5
246400	0.5	0.5	0.5	0	0	0.5
246500	0.5	0.5	0.5	0	0	0.5
246600	0.5	0.5	0.5	0	0	0.5
246700	0.5	0.5	0.5	0	0	0.5
246800	0.5	0.5	0.5	0	0	0.5
246900	0.5	0.5	0.5	0	0	0.5
247000	0.5	0.5	0.5	0	0	0.5
247100	0.5	0.5	0.5	0	0	0.5
247200	0.5	0.5	0.5	0	0	0.5
247300	0.5	0.5	0.5	0	0	0.5
247400	0.5	0.5	0.5	0	0	0.5
247500	0.5	0.5	0.5	0	0	0.5
247600	0.5	0.5	0.5	0	0	0.5
247700	0.5	0.5	0.5	0	0	0.5
247800	0.5	0.5	0.5	0	0	0.5
247900	0.5	0.5	0.5	0	0	0.5
248000	0.5	0.5	0.5	0	0	0.5
248100	0.5	0.5	0.5	0	0	0.5
248200	0.5	0.5	0.5	0	0	0.5
248300	0.5	0.5	0.5	0	0	0.5
248400	0.5	0.5	0.5	0	0	0.5
248500	0.5	0.5	0.5	0	0	0.5
248600	0.5	0.5	0.5	0	0	0.5
248700	0.5	0.5	0.5	0	0	0.5
248800	0.5	0.5	0.5	0	0	0.5
248900	0.5	0.5	0.5	0	0	0.5
249000	0.5	0.5	0.5	0	0	0.5
249100	0.5	0.5	0.5	0	0	0.5
249200	0.5	0.5	0.5	0	0	0.5
249300	0.5	0.5	0.5	0	0	0.5
249400	0.5	0.5	0.5	0	0	0.5
249500	0.5	0.5	0.5	0	0	0.5
249600	0.5	0.5	0.5	0	0	0.5
249700	0.5	0.5	0.5	0	0	0.5
249800	0.5	0.5	0.5	0	0	0.5
249900	0.5	0.5	0.5	0	0	0.5
250000	0.5	0.5	0.5	0	0	0.5
250100	0.5	0.5	0.5	0	0	0.5
250200	0.5	0.5	0.5	0	0	0.5
250300	0.5	0.5	0.5	0	0	0.5
250400	0.5	0.5	0.5	0	0	0.5
250500	0.5	0.5	0.5	0	0	0.5
250600	0.5	0.5	0.5	0	0	0.5
250700	0.5	0.5	0.5	0	0	0.5
250800	0.5	0.5	0.5	0	0	0.5
250900	0.5	0.5	0.5	0	0	0.5
251000	0.5	0.5	0.5	0	0	0.5
251100	0.5	0.5	0.5	0	0	0.5
251200	0.5	0.5	0.5	0	0	0.5
251300	0.5	0.5	0.5	0	0	0.5
251400	0.5	0.5	0.5	0	0	0.5
251500	0.5	0.5	0.5	0	0	0.5
251600	0.5	0.5	0.5	0	0	0.5
251700	0.5	0.5	0.5	0	0	0.5
251800	0.5	0.5	0.5	0	0	0.5
251900	0.5	0.5	0.5	0	0	0.5
252000	0.5	0.5	0.5	0	0	0.5
252100	0.5	0.5	0.5	0	0	0.5
252200	0.5	0.5	0.5	0	0	0.5
252300	0.5	0.5	0.5	0	0	0.5
252400	0.5	0.5	0.5	0	0	0.5
252500	0.5	0.5	0.5	0	0	0.5
252600	0.5	0.5	0.5	0	0	0.5
252700	0.5	0.5	0.5	0	0	0.5
252800	0.5	0.5	0.5	0	0	0.5
252900	0.5	0.5	0.5	0	0	0.5
253000	0.5	0.5	0.5	0	0	0.5
253100	0.5	0.5	0.5	0	0	0.5
253200	0.5	0.5	0.5	0	0	0.5
253300	0.5	0.5	0.5	0	0	0.5
253400	0.5	0.5	0.5	0	0	0.5
253500	0.5	0.5	0.5	0	0	0.5
253600	0.5	0.5	0.5	0	0	0.5
253700	0.5	0.5	0.5	0	0	0.5
253800	0.5	0.5	0.5	0	0	0.5
253900	0.5	0.5	0.5	0	0	0.5
254000	0.5	0.5	0.5	0	0	0.5
254100	0.5	0.5	0.5	0	0	0.5
254200	0.5	0.5	0.5	0	0	0.5
254300	0.5	0.5	0.5	0	0	0.5
254400	0.5	0.5	0.5	0	0	0.5
254500	0.49	0.5	0.5	0	0	0.49
254600	0.49	0.5	0.5	0	0	0.49
254700	0.49	0.5	0.5	0	0	0.49
254800	0.49	0.5	0.5	0	0	0.49
254900	0.49	0.5	0.5	0	0	0.49
255000	0.49	0.5	0.5	0	0	0.49
255100	0.49	0.5	0.5	0	0	0.49
255200	0.49	0.5	0.5	0	0	0.49
255300	0.49	0.5	0.5	0	0	0.49
255400	0.49	0.5	0.5	0	0	0.49
255500	0.49	0.5	0.5	0	0	0.49
255600	0.49	0.5	0.5	0	0	0.49
255700	0.49	0.5	0.5	0	0	0.49
255800	0.49	0.5	0.5	0	0	0.49
255900	0.49	0.5	0.5	0	0	0.49
256000	0.49	0.5	0.5	0	0	0.49
256100	0.49	0.5	0.5	0	0	0.49
256200	0.49	0.5	0.5	0	0	0.49
256300	0.49	0.5	0.5	0	0	0.49
256400	0.49	0.5	0.5	0	0	0.49
256500	0.49	0.5	0.5	0	0	0.49
256600	0.49	0.5	0.5	0	0	0.49
256700	0.49	0.5	0.5	0	0	0.49
256800	0.49	0.5	0.5	0	0	0.49
256900	0.48	0.5	0.5	0	0	0.48
257000	0.48	0.5	0.5	0	0	0.48
257100	0.48	0.5	0.5	0	0	0.48
257200	0.48	0.5	0.5	0	0	0.48
257300	0.48	0.5	0.5	0	0	0.48
257400	0.48	0.5	0.5	0	0	0.48
257500	0.48	0.5	0.5	0	0	0.48
257600	0.48	0.5	0.5	0	0	0.48
257700	0.48	0.5	0.5	0	0	0.48
257800	0.48	0.5	0.5	0	0	0.48
257900	0.48	0.5	0.5	0	0	0.48
258000	0.48	0.5	0.5	0	0	0.48
258100	0.48	0.5	0.5	0	0	0.48
258200	0.48	0.5	0.5	0	0	0.48
258300	0.48	0.5	0.5	0	0	0.48
258400	0.48	0.5	0.5	0	0	0.48
258500	0.48	0.5	0.5	0	0	0.48
258600	0.48	0.5	0.5	0	0	0.48
258700	0.48	0.5	0.5	0	0	0.48
258800	0.49	0.5	0.5	0	0	0.49
258900	0.49	0.5	0.5	0	0	0.49
259000	0.49	0.5	0.5	0	0	0.49
259100	0.49	0.5	0.5	0	0	0.49
259200	0.5	0.5	0.5	0	0	0.5
259300	0.5	0.5	0.5	0	0	0.5
259400	0.5	0.5	0.5	0	0	0.5
259500	0.5	0.5	0.5	0	0	0.5
259600	0.5	0.5	0.5	0	0	0.5
259700	0.5	0.5	0.5	0	0	0.5
259800	0.5	0.5	0.5	0	0	0.5
259900	0.5	0.5	0.5	0	0	0.5
260000	0.5	0.5	0.5	0	0	0.5
260100	0.5	0.49	0.49	0	0	0.5
260200	0.5	0.49	0.49	0	0	0.5
260300	0.5	0.49	0.49	0	0	0.5
260400	0.5	0.49	0.49	0	0	0.5
260500	0.5	0.49	0.49	0	0	0.5
260600	0.5	0.49	0.49	0	0	0.5
260700	0.5	0.49	0.49	0	0	0.5
260800	0.5	0.49	0.49	0	0	0.5
260900	0.5	0.49	0.49	0	0	0.5
261000	0.5	0.49	0.49	0	0	0.5
261100	0.5	0.49	0.49	0	0	0.5
261200	0.5	0.49	0.49	0	0	0.5
261300	0.5	0.49	0.49	0	0	0.5
261400	0.5	0.49	0.49	0	0	0.5
261500	0.5	0.49	0.49	0	0	0.5
261600	0.5	0.49	0.49	0	0	0.5
261700	0.5	0.49	0.49	0	0	0.5
261800	0.5	0.49	0.49	0	0	0.5
261900	0.5	0.49	0.49	0	0	0.5
262000	0.5	0.49	0.49	0	0	0.5
262100	0.5	0.49	0.49	0	0	0.5
262200	0.5	0.49	0.49	0	0	0.5
262300	0.5	0.49	0.49	0	0	0.5
262400	0.5	0.49	0.49	0	0	0.5
262500	0.5	0.49	0.49	0	0	0.5
262600	0.5	0.49	0.49	0	0	0.5
262700	0.5	0.49	0.49	0	0	0.5
262800	0.5	0.49	0.49	0	0	0.5
262900	0.5	0.49	0.49	0	0	0.5
263000	0.5	0.49	0.49	0	0	0.5
263100	0.5	0.49	0.49	0	0	0.5
263200	0.5	0.49	0.49	0	0	0.5
263300	0.5	0.49	0.49	0	0	0.5
263400	0.5	0.49	0.49	0	0	0.5
263500	0.5	0.49	0.49	0	0	0.5
263600	0.5	0.49	0.49	0	0	0.5
263700	0.5	0.49	0.49	0	0	0.5
263800	0.5	0.49	0.49	0	0	0.5
263900	0.5	0.49	0.49	0	0	0.5
264000	0.5	0.49	0.49	0	0	0.5
264100	0.5	0.49	0.49	0	0	0.5
264200	0.5	0.49	0.49	0	0	0.5
264300	0.5	0.49	0.49	0	0	0.5
264400	0.5	0.49	0.49	0	0	0.5
264500	0.5	0.49	0.49	0	0	0.5
264600	0.5	0.49	0.49	0	0	0.5
264700	0.5	0.49	0.49	0	0	0.5
264800	0.5	0.49	0.49	0	0	0.5
264900	0.5	0.49	0.49	0	0	0.5
265000	0.5	0.49	0.49	0	0	0.5
265100	0.5	0.49	0.49	0	0	0.5
265200	0.5	0.49	0.49	0	0	0.5
265300	0.5	0.49	0.49	0	0	0.5
265400	0.5	0.49	0.49	0	0	0.5
265500	0.5	0.49	0.49	0	0	0.5
265600	0.5	0.49	0.49	0	0	0.5
265700	0.5	0.49	0.49	0	0	0.5
265800	0.5	0.49	0.49	0	0	0.5
265900	0.5	0.49	0.49	0	0	0.5
266000	0.5	0.49	0.49	0	0	0.5
266100	0.5	0.49	0.49	0	0	0.5
266200	0.5	0.49	0.49	0	0	0.5
266300	0.5	0.49	0.49	0	0	0.5
266400	0.5	0.49	0.49	0	0	0.5
266500	0.5	0.49	0.49	0	0	0.5
266600	0.5	0.49	0.49	0	0	0.5
266700	0.5	0.49	0.49	0	0	0.5
266800	0.5	0.49	0.49	0	0	0.5
266900	0.5	0.49	0.49	0	0	0.5
267000	0.5	0.49	0.49	0	0	0.5
267100	0.5	0.49	0.49	0	0	0.5
267200	0.5	0.49	0.49	0	0	0.5
267300	0.5	0.49	0.49	0	0	0.5
267400	0.5	0.49	0.49	0	0	0.5
267500	0.5	0.49	0.49	0	0	0.5
267600	0.5	0.49	0.49	0	0	0.5
267700	0.5	0.49	0.49	0	0	0.5
267800	0.5	0.49	0.49	0	0	0.5
267900	0.5	0.49	0.49	0	0	0.5
268000	0.5	0.49	0.49	0	0	0.5
268100	0.5	0.49	0.49	0	0	0.5
268200	0.5	0.49	0.49	0	0	0.5
268300	0.5	0.49	0.49	0	0	0.5
268400	0.5	0.49	0.49	0	0	0.5
268500	0.5	0.49	0.49	0	0	0.5
268600	0.5	0.49	0.49	0	0	0.5
268700	0.5	0.49	0.49	0	0	0.5
268800	0.5	0.49	0.49	0	0	0.5
268900	0.5	0.49	0.49	0	0	0.5
269000	0.5	0.49	0.49	0	0	0.5
269100	0.5	0.49	0.49	0	0	0.5
269200	0.5	0.49	0.49	0	0	0.5
269300	0.5	0.49	0.49	0	0	0.5
269400	0.5	0.49	0.49	0	0	0.5
269500	0.5	0.49	0.49	0	0	0.5
269600	0.5	0.49	0.49	0	0	0.5
269700	0.5	0.49	0.49	0	0	0.5
269800	0.5	0.49	0.49	0	0	0.5
269900	0.5	0.49	0.49	0	0	0.5
270000	0.5	0.49	0.49	0	0	0.5
270100	0.5	0.49	0.49	0	0	0.5
270200	0.5	0.49	0.49	0	0	0.5
270300	0.5	0.49	0.49	0	0	0.5
270400	0.5	0.49	0.49	0	0	0.5
270500	0.5	0.49	0.49	0	0	0.5
270600	0.5	0.49	0.49	0	0	0.5
270700	0.5	0.49	0.49	0	0	0.5
270800	0.5	0.49	0.49	0	0	0.5
270900	0.5	0.49	0.49	0	0	0.5
271000	0.5	0.49	0.49	0	0	0.5
271100	0.5	0.49	0.49	0	0	0.5
271200	0.5	0.49	0.49	0	0	0.5
271300	0.5	0.49	0.49	0	0	0.5
271400	0.5	0.49	0.49	0	0	0.5
271500	0.5	0.49	0.49	0	0	0.5
271600	0.5	0.49	0.49	0	0	0.5
271700	0.5	0.49	0.49	0	0	0.5
271800	0.5	0.49	0.49	0	0	0.5
271900	0.5	0.49	0.49	0	0	0.5
272000	0.5	0.49	0.49	0	0	0.5
272100	0.5	0.49	0.49	0	0	0.5
272200	0.5	0.49	0.49	0	0	0.5
272300	0.5	0.49	0.49	0	0	0.5
272400	0.5	0.49	0.49	0	0	0.5
272500	0.5	0.49	0.49	0	0	0.5
272600	0.5	0.49	0.49	0	0	0.5
272700	0.5	0.49	0.49	0	0	0.5
272800	0.5	0.49	0.49	0	0	0.5
272900	0.5	0.49	0.49	0	0	0.5
273000	0.5	0.49	0.49	0	0	0.5
273100	0.5	0.49	0.49	0	0	0.5
273200	0.5	0.49	0.49	0	0	0.5
273300	0.5	0.49	0.49	0	0	0.5
273400	0.5	0.49	0.49	0	0	0.5
273500	0.5	0.49	0.49	0	0	0.5
273600	0.5	0.49	0.49	0	0	0.5
273700	0.5	0.49	0.49	0	0	0.5
273800	0.5	0.49	0.49	0	0	0.5
273900	0.5	0.49	0.49	0	0	0.5
274000	0.5	0.49	0.49	0	0	0.5
274100	0.5	0.49	0.49	0	0	0.5
274200	0.5	0.49	0.49	0	0	0.5
274300	0.5	0.49	0.49	0	0	0.5
274400	0.5	0.49	0.49	0	0	0.5
274500	0.5	0.49	0.49	0	0	0.5
274600	0.5	0.49	0.49	0	0	0.5
274700	0.5	0.49	0.49	0	0	0.5
274800	0.5	0.49	0.49	0	0	0.5
274900	0.5	0.49	0.49	0	0	0.5
275000	0.5	0.49	0.49	0	0	0.5
275100	0.5	0.49	0.49	0	0	0.5
275200	0.5	0.49	0.49	0	0	0.5
275300	0.5	0.49	0.49	0	0	0.5
275400	0.5	0.49	0.49	0	0	0.5
275500	0.5	0.49	0.49	0	0	0.5
275600	0.5	0.49	0.49	0	0	0.5
275700	0.5	0.49	0.49	0	0	0.5
275800	0.5	0.49	0.49	0	0	0.5
275900	0.5	0.49	0.49	0	0	0.5
276000	0.5	0.49	0.49	0	0	0.5
276100	0.5	0.49	0.49	0	0	0.5
276200	0.5	0.49	0.49	0	0	0.5
276300	0.5	0.49	0.49	0	0	0.5
276400	0.5	0.49	0.49	0	0	0.5
276500	0.5	0.49	0.49	0	0	0.5
276600	0.5	0.49	0.49	0	0	0.5
276700	0.5	0.49	0.49	0	0	0.5
276800	0.5	0.49	0.49	0	0	0.5
276900	0.5	0.49	0.49	0	0	0.5
277000	0.5	0.49	0.49	0	0	0.5
277100	0.5	0.49	0.49	0	0	0.5
277200	0.5	0.49	0.49	0	0	0.5
277300	0.5	0.49	0.49	0	0	0.5
277400	0.5	0.49	0.49	0	0	0.5
277500	0.5	0.49	0.49	0	0	0.5
277600	0.5	0.49	0.49	0	0	0.5
277700	0.5	0.49	0.49	0	0	0.5
277800	0.5	0.49	0.49	0	0	0.5
277900	0.5	0.49	0.49	0	0	0.5
278000	0.5	0.49	0.49	0	0	0.5
278100	0.5	0.49	0.49	0	0	0.5
278200	0.5	0.49	0.49	0	0	0.5
278300	0.5	0.49	0.49	0	0	0.5
278400	0.5	0.49	0.49	0	0	0.5
278500	0.5	0.49	0.49	0	0	0.5
278600	0.5	0.49	0.49	0	0	0.5
278700	0.5	0.49	0.49	0	0	0.5
278800	0.5	0.49	0.49	0	0	0.5
278900	0.5	0.49	0.49	0	0	0.5
279000	0.5	0.49	0.49	0	0	0.5
279100	0.5	0.49	0.49	0	0	0.5
279200	0.5	0.49	0.49	0	0	0.5
279300	0.5	0.49	0.49	0	0	0.5
279400	0.5	0.49	0.49	0	0	0.5
279500	0.5	0.49	0.49	0	0	0.5
279600	0.5	0.49	0.49	0	0	0.5
279700	0.5	0.49	0.49	0	0	0.5
279800	0.5	0.49	0.49	0	0	0.5
279900	0.5	0.49	0.49	0	0	0.5
280000	0.5	0.49	0.49	0	0	0.5
280100	0.5	0.49	0.49	0	0	0.5
280200	0.5	0.49	0.49	0	0	0.5
280300	0.5	0.49	0.49	0	0	0.5
280400	0.5	0.49	0.49	0	0	0.5
280500	0.5	0.49	0.49	0	0	0.5
280600	0.5	0.49	0.49	0	0	0.5
280700	0.5	0.49	0.49	0	0	0.5
280800	0.5	0.49	0.49	0	0	0.5
280900	0.5	0.49	0.49	0	0	0.5
281000	0.5	0.49	0.49	0	0	0.5
281100	0.5	0.49	0.49	0	0	0.5
281200	0.5	0.49	0.49	0	0	0.5
281300	0.5	0.49	0.49	0	0	0.5
281400	0.5	0.49	0.49	0	0	0.5
281500	0.5	0.49	0.49	0	0	0.5
281600	0.5	0.49	0.49	0	0	0.5
281700	0.5	0.49	0.49	0	0	0.5
281800	0.5	0.49	0.49	0	0	0.5
281900	0.5	0.49	0.49	0	0	0.5
282000	0.5	0.49	0.49	0	0	0.5
282100	0.5	0.49	0.49	0	0	0.5
282200	0.5	0.49	0.49	0	0	0.5
282300	0.5	0.49	0.49	0	0	0.5
282400	0.5	0.49	0.49	0	0	0.5
282500	0.5	0.49	0.49	0	0	0.5
282600	0.5	0.49	0.49	0	0	0.5
282700	0.5	0.49	0.49	0	0	0.5
282800	0.5	0.49	0.49	0	0	0.5
282900	0.5	0.49	0.49	0	0	0.5
283000	0.5	0.49	0.49	0	0	0.5
283100	0.5	0.49	0.49	0	0	0.5
283200	0.5	0.49	0.49	0	0	0.5
283300	0.5	0.49	0.49	0	0	0.5
283400	0.5	0.49	0.49	0	0	0.5
283500	0.5	0.49	0.49	0	0	0.5
283600	0.5	0.49	0.49	0	0	0.5
283700	0.5	0.49	0.49	0	0	0.5
283800	0.5	0.49	0.49	0	0	0.5
283900	0.5	0.49	0.49	0	0	0.5
284000	0.5	0.49	0.49	0	0	0.5
284100	0.5	0.49	0.49	0	0	0.5
284200	0.5	0.49	0.49	0	0	0.5
284300	0.5	0.49	0.49	0	0	0.5
284400	0.5	0.49	0.49	0	0	0.5
284500	0.5	0.49	0.49	0	0	0.5
284600	0.5	0.49	0.49	0	0	0.5
284700	0.5	0.49	0.49	0	0	0.5
284800	0.5	0.49	0.49	0	0	0.5
284900	0.5	0.49	0.49	0	0	0.5
285000	0.5	0.49	0.49	0	0	0.5
285100	0.5	0.49	0.49	0	0	0.5
285200	0.5	0.49	0.49	0	0	0.5
285300	0.5	0.5	0.5	0	0	0.5
285400	0.5	0.49	0.49	0	0	0.5
285500	0.5	0.49	0.49	0	0	0.5
285600	0.5	0.49	0.49	0	0	0.5
285700	0.5	0.49	0.49	0	0	0.5
285800	0.5	0.49	0.49	0	0	0.5
285900	0.5	0.49	0.49	0	0	0.5
286000	0.5	0.49	0.49	0	0	0.5
286100	0.5	0.49	0.49	0	0	0.5
286200	0.5	0.49	0.49	0	0	0.5
286300	0.5	0.49	0.49	0	0	0.5
286400	0.5	0.49	0.49	0	0	0.5
286500	0.5	0.49	0.49	0	0	0.5
286600	0.5	0.49	0.49	0	0	0.5
286700	0.5	0.49	0.49	0	0	0.5
286800	0.5	0.49	0.49	0	0	0.5
286900	0.5	0.49	0.49	0	0	0.5
287000	0.5	0.49	0.49	0	0	0.5
287100	0.5	0.49	0.49	0	0	0.5
287200	0.5	0.49	0.49	0	0	0.5
287300	0.5	0.5	0.5	0	0	0.5
287400	0.5	0.5	0.5	0	0	0.5
287500	0.5	0.5	0.5	0	0	0.5
287600	0.5	0.5	0.5	0	0	0.5
287700	0.5	0.5	0.5	0	0	0.5
287800	0.5	0.5	0.5	0	0	0.5
287900	0.5	0.5	0.5	0	0	0.5
288000	0.5	0.5	0.5	0	0	0.5
288100	0.5	0.5	0.5	0	0	0.5
288200	0.5	0.5	0.5	0	0	0.5
288300	0.5	0.5	0.5	0	0	0.5
288400	0.5	0.5	0.5	0	0	0.5
288500	0.5	0.5	0.5	0	0	0.5
288600	0.5	0.5	0.5	0	0	0.5
288700	0.5	0.5	0.5	0	0	0.5
288800	0.5	0.5	0.5	0	0	0.5
288900	0.5	0.5	0.5	0	0	0.5
289000	0.5	0.5	0.5	0	0	0.5
289100	0.5	0.5	0.5	0	0	0.5
289200	0.5	0.5	0.5	0	0	0.5
289300	0.5	0.5	0.5	0	0	0.5
289400	0.5	0.5	0.5	0	0	0.5
289500	0.5	0.5	0.5	0	0	0.5
289600	0.5	0.5	0.5	0	0	0.5
289700	0.5	0.5	0.5	0	0	0.5
289800	0.5	0.5	0.5	0	0	0.5
289900	0.5	0.5	0.5	0	0	0.5
290000	0.5	0.49	0.49	0	0	0.5
290100	0.5	0.49	0.49	0	0	0.5
290200	0.5	0.49	0.49	0	0	0.5
290300	0.5	0.49	0.49	0	0	0.5
290400	0.5	0.49	0.49	0	0	0.5
290500	0.5	0.49	0.49	0	0	0.5
290600	0.5	0.49	0.49	0	0	0.5
290700	0.5	0.49	0.49	0	0	0.5
290800	0.5	0.49	0.49	0	0	0.5
290900	0.5	0.49	0.49	0	0	0.5
291000	0.5	0.49	0.49	0	0	0.5
291100	0.5	0.49	0.49	0	0	0.5
291200	0.5	0.49	0.49	0	0	0.5
291300	0.5	0.49	0.49	0	0	0.5
291400	0.5	0.49	0.49	0	0	0.5
291500	0.5	0.49	0.49	0	0	0.5
291600	0.5	0.49	0.49	0	0	0.5
291700	0.5	0.49	0.49	0	0	0.5
291800	0.5	0.49	0.49	0	0	0.5
291900	0.5	0.49	0.49	0	0	0.5
292000	0.5	0.49	0.49	0	0	0.5
292100	0.5	0.49	0.49	0	0	0.5
292200	0.5	0.49	0.49	0	0	0.5
292300	0.5	0.49	0.49	0	0	0.5
292400	0.5	0.49	0.49	0	0	0.5
292500	0.5	0.49	0.49	0	0	0.5
292600	0.5	0.49	0.49	0	0	0.5
292700	0.5	0.49	0.49	0	0	0.5
292800	0.5	0.49	0.49	0	0	0.5
292900	0.5	0.49	0.49	0	0	0.5
293000	0.5	0.49	0.49	0	0	0.5
293100	0.5	0.49	0.49	0	0	0.5
293200	0.5	0.49	0.49	0	0	0.5
293300	0.5	0.49	0.49	0	0	0.5
293400	0.5	0.49	0.49	0	0	0.5
293500	0.5	0.49	0.49	0	0	0.5
293600	0.5	0.49	0.49	0	0	0.5
293700	0.5	0.49	0.49	0	0	0.5
293800	0.5	0.49	0.49	0	0	0.5
293900	0.5	0.49	0.49	0	0	0.5
294000	0.5	0.49	0.49	0	0	0.5
294100	0.5	0.49	0.49	0	0	0.5
294200	0.5	0.49	0.49	0	0	0.5
294300	0.5	0.49	0.49	0	0	0.5
294400	0.5	0.49	0.49	0	0	0.5
294500	0.5	0.49	0.49	0	0	0.5
294600	0.5	0.49	0.49	0	0	0.5
294700	0.5	0.49	0.49	0	0	0.5
294800	0.5	0.49	0.49	0	0	0.5
294900	0.5	0.5	0.5	0	0	0.5
295000	0.5	0.5	0.5	0	0	0.5
295100	0.5	0.5	0.5	0	0	0.5
295200	0.5	0.5	0.5	0	0	0.5
295300	0.5	0.5	0.5	0	0	0.5
295400	0.5	0.5	0.5	0	0	0.5
295500	0.5	0.5	0.5	0	0	0.5
295600	0.5	0.5	0.5	0	0	0.5
295700	0.5	0.5	0.5	0	0	0.5
295800	0.5	0.5	0.5	0	0	0.5
295900	0.5	0.5	0.5	0	0	0.5
296000	0.5	0.5	0.5	0	0	0.5
296100	0.5	0.5	0.5	0	0	0.5
296200	0.5	0.5	0.5	0	0	0.5
296300	0.5	0.5	0.5	0	0	0.5
296400	0.5	0.5	0.5	0	0	0.5
296500	0.5	0.5	0.5	0	0	0.5
296600	0.5	0.5	0.5	0	0	0.5
296700	0.5	0.5	0.5	0	0	0.5
296800	0.5	0.5	0.5	0	0	0.5
296900	0.5	0.5	0.5	0	0	0.5
297000	0.5	0.5	0.5	0	0	0.5
297100	0.5	0.5	0.5	0	0	0.5
297200	0.5	0.5	0.5	0	0	0.5
297300	0.5	0.5	0.5	0	0	0.5
297400	0.5	0.5	0.5	0	0	0.5
297500	0.5	0.5	0.5	0	0	0.5
297600	0.5	0.5	0.5	0	0	0.5
297700	0.5	0.5	0.5	0	0	0.5
297800	0.5	0.5	0.5	0	0	0.5
297900	0.5	0.5	0.5	0	0	0.5
298000	0.5	0.5	0.5	0	0	0.5
298100	0.5	0.5	0.5	0	0	0.5
298200	0.5	0.5	0.5	0	0	0.5
298300	0.5	0.5	0.5	0	0	0.5
298400	0.5	0.5	0.5	0	0	0.5
298500	0.5	0.5	0.5	0	0	0.5
298600	0.5	0.5	0.5	0	0	0.5
298700	0.5	0.5	0.5	0	0	0.5
298800	0.5	0.5	0.5	0	0	0.5
298900	0.5	0.5	0.5	0	0	0.5
299000	0.5	0.5	0.5	0	0	0.5
299100	0.5	0.5	0.5	0	0	0.5
299200	0.5	0.5	0.5	0	0	0.5
299300	0.5	0.5	0.5	0	0	0.5
299400	0.5	0.5	0.5	0	0	0.5
299500	0.5	0.5	0.5	0	0	0.5
299600	0.5	0.5	0.5	0	0	0.5
299700	0.5	0.5	0.5	0	0	0.5
299800	0.5	0.5	0.5	0	0	0.5
299900	0.5	0.5	0.5	0	0	0.5
300000	0.5	0.5	0.5	0	0	0.5
