100	0.06	0.04	0.04	0	0	0.06
200	0.07	0.04	0.04	0	0	0.07
300	0.08	0.04	0.04	0	0	0.08
400	0.09	0.05	0.05	0	0	0.09
500	0.09	0.05	0.05	0	0	0.09
600	0.05	0.04	0.04	0	0	0.05
700	0.03	0.03	0.03	0	0	0.03
800	0.03	0.02	0.02	0	0	0.03
900	0.05	0.01	0.01	0	0	0.05
1000	0.04	0.01	0.01	0	0	0.04
1100	0.06	0.01	0.01	0	0	0.06
1200	0.06	0.04	0.04	0	0	0.06
1300	0.05	0.04	0.04	0	0	0.05
1400	0.03	0.06	0.06	0	0	0.03
1500	0.05	0.06	0.06	0	0	0.05
1600	0.03	0.05	0.05	0	0	0.03
1700	0.03	0.05	0.05	0	0	0.03
1800	0.02	0.04	0.04	0	0	0.02
1900	0.04	0.05	0.05	0	0	0.04
2000	0.04	0.05	0.05	0	0	0.04
2100	0.04	0.05	0.05	0	0	0.04
2200	0.05	0.06	0.06	0	0	0.05
2300	0.04	0.08	0.08	0	0	0.04
2400	0.02	0.09	0.09	0	0	0.02
2500	0.03	0.1	0.1	0	0	0.03
2600	0.03	0.1	0.1	0	0	0.03
2700	0.02	0.08	0.08	0	0	0.02
2800	0.04	0.07	0.07	0	0	0.04
2900	0.04	0.06	0.06	0	0	0.04
3000	0.03	0.06	0.06	0	0	0.03
3100	0.04	0.07	0.07	0	0	0.04
3200	0.03	0.05	0.05	0	0	0.03
3300	0.02	0.03	0.03	0	0	0.02
3400	0.02	0.03	0.03	0	0	0.02
3500	0.02	0.01	0.01	0	0	0.02
3600	0.02	0.02	0.02	0	0	0.02
3700	0.03	0.02	0.02	0	0	0.03
3800	0.03	0.02	0.02	0	0	0.03
3900	0.04	0.03	0.03	0	0	0.04
4000	0.03	0.03	0.03	0	0	0.03
4100	0	0.04	0.04	0	0	0
4200	0	0.04	0.04	0	0	0
4300	0	0.04	0.04	0	0	0
4400	0.01	0.04	0.04	0	0	0.01
4500	0.06	0.05	0.05	0	0	0.06
4600	0.07	0.04	0.04	0	0	0.07
4700	0.07	0.02	0.02	0	0	0.07
4800	0.05	0.07	0.07	0	0	0.05
4900	0.04	0.06	0.06	0	0	0.04
5000	0.03	0.06	0.06	0	0	0.03
5100	0.05	0.06	0.06	0	0	0.05
5200	0.05	0.06	0.06	0	0	0.05
5300	0.03	0.02	0.02	0	0	0.03
5400	0.02	0.03	0.03	0	0	0.02
5500	0.03	0.05	0.05	0	0	0.03
5600	0.02	0.05	0.05	0	0	0.02
5700	0.01	0.05	0.05	0	0	0.01
5800	0.01	0.04	0.04	0	0	0.01
5900	0.01	0.04	0.04	0	0	0.01
6000	0.01	0.03	0.03	0	0	0.01
6100	0.02	0.07	0.07	0	0	0.02
6200	0.02	0.06	0.06	0	0	0.02
6300	0.01	0.06	0.06	0	0	0.01
6400	0.03	0.06	0.06	0	0	0.03
6500	0.04	0.05	0.05	0	0	0.04
6600	0.05	0	0	0	0	0.05
6700	0.04	0.02	0.02	0	0	0.04
6800	0.05	0.03	0.03	0	0	0.05
6900	0.06	0.03	0.03	0	0	0.06
7000	0.06	0.04	0.04	0	0	0.06
7100	0.05	0.05	0.05	0	0	0.05
7200	0.06	0.03	0.03	0	0	0.06
7300	0.06	0.04	0.04	0	0	0.06
7400	0.06	0.05	0.05	0	0	0.06
7500	0.06	0.08	0.08	0	0	0.06
7600	0.05	0.07	0.07	0	0	0.05
7700	0.04	0.07	0.07	0	0	0.04
7800	0.04	0.04	0.04	0	0	0.04
7900	0.04	0.03	0.03	0	0	0.04
8000	0.02	0.03	0.03	0	0	0.02
8100	0.02	0.04	0.04	0	0	0.02
8200	0.02	0.05	0.05	0	0	0.02
8300	0.01	0.04	0.04	0	0	0.01
8400	0	0.05	0.05	0	0	0
8500	0.01	0	0	0	0	0.01
8600	0.01	0.01	0.01	0	0	0.01
8700	0.01	0.02	0.02	0	0	0.01
8800	0.02	0.02	0.02	0	0	0.02
8900	0.02	0.02	0.02	0	0	0.02
9000	0.01	0.02	0.02	0	0	0.01
9100	0.01	0.03	0.03	0	0	0.01
9200	0.01	0.02	0.02	0	0	0.01
9300	0.01	0.02	0.02	0	0	0.01
9400	0.03	0.02	0.02	0	0	0.03
9500	0.06	0.02	0.02	0	0	0.06
9600	0.08	0.02	0.02	0	0	0.08
9700	0.06	0.02	0.02	0	0	0.06
9800	0.05	0.01	0.01	0	0	0.05
9900	0.07	0.01	0.01	0	0	0.07
10000	0.06	0.01	0.01	0	0	0.06
10100	0.07	0.01	0.01	0	0	0.07
10200	0.06	0.02	0.02	0	0	0.06
10300	0.06	0.02	0.02	0	0	0.06
10400	0.03	0.01	0.01	0	0	0.03
10500	0.01	0.02	0.02	0	0	0.01
10600	0.01	0	0	0	0	0.01
10700	0	0.02	0.02	0	0	0
10800	0.01	0.03	0.03	0	0	0.01
10900	0.01	0.04	0.04	0	0	0.01
11000	0.01	0.04	0.04	0	0	0.01
11100	0.03	0.04	0.04	0	0	0.03
11200	0.04	0.04	0.04	0	0	0.04
11300	0.04	0.02	0.02	0	0	0.04
11400	0.03	0.03	0.03	0	0	0.03
11500	0.02	0.02	0.02	0	0	0.02
11600	0.01	0.03	0.03	0	0	0.01
11700	0	0.04	0.04	0	0	0
11800	0.02	0.03	0.03	0	0	0.02
11900	0.02	0.03	0.03	0	0	0.02
12000	0.02	0.05	0.05	0	0	0.02
12100	0.05	0.06	0.06	0	0	0.05
12200	0.05	0.05	0.05	0	0	0.05
12300	0.06	0.03	0.03	0	0	0.06
12400	0.07	0.04	0.04	0	0	0.07
12500	0.07	0.05	0.05	0	0	0.07
12600	0.06	0.03	0.03	0	0	0.06
12700	0.04	0.02	0.02	0	0	0.04
12800	0.03	0.04	0.04	0	0	0.03
12900	0.03	0.04	0.04	0	0	0.03
13000	0.03	0.04	0.04	0	0	0.03
13100	0.04	0.04	0.04	0	0	0.04
13200	0.03	0.05	0.05	0	0	0.03
13300	0.02	0.03	0.03	0	0	0.02
13400	0.03	0.03	0.03	0	0	0.03
13500	0.04	0.04	0.04	0	0	0.04
13600	0.05	0.02	0.02	0	0	0.05
13700	0.06	0.02	0.02	0	0	0.06
13800	0.04	0.03	0.03	0	0	0.04
13900	0.04	0.02	0.02	0	0	0.04
14000	0.04	0.01	0.01	0	0	0.04
14100	0.05	0.03	0.03	0	0	0.05
14200	0.04	0.04	0.04	0	0	0.04
14300	0.04	0.03	0.03	0	0	0.04
14400	0.02	0.03	0.03	0	0	0.02
14500	0.01	0.03	0.03	0	0	0.01
14600	0.04	0.03	0.03	0	0	0.04
14700	0.06	0.03	0.03	0	0	0.06
14800	0.06	0.03	0.03	0	0	0.06
14900	0.05	0.01	0.01	0	0	0.05
15000	0.04	0.01	0.01	0	0	0.04
15100	0.03	0.03	0.03	0	0	0.03
15200	0.04	0.02	0.02	0	0	0.04
15300	0.05	0.03	0.03	0	0	0.05
15400	0.06	0.04	0.04	0	0	0.06
15500	0.06	0.04	0.04	0	0	0.06
15600	0.06	0.04	0.04	0	0	0.06
15700	0.07	0.04	0.04	0	0	0.07
15800	0.06	0.03	0.03	0	0	0.06
15900	0.05	0.01	0.01	0	0	0.05
16000	0.05	0.01	0.01	0	0	0.05
16100	0.06	0.02	0.02	0	0	0.06
16200	0.05	0.03	0.03	0	0	0.05
16300	0.06	0.05	0.05	0	0	0.06
16400	0.06	0.03	0.03	0	0	0.06
16500	0.07	0.02	0.02	0	0	0.07
16600	0.07	0.05	0.05	0	0	0.07
16700	0.06	0.05	0.05	0	0	0.06
16800	0.03	0.05	0.05	0	0	0.03
16900	0.03	0.06	0.06	0	0	0.03
17000	0.03	0.07	0.07	0	0	0.03
17100	0.04	0.08	0.08	0	0	0.04
17200	0.04	0.07	0.07	0	0	0.04
17300	0.05	0.05	0.05	0	0	0.05
17400	0.04	0.04	0.04	0	0	0.04
17500	0.02	0.03	0.03	0	0	0.02
17600	0	0.03	0.03	0	0	0
17700	0.03	0.01	0.01	0	0	0.03
17800	0.05	0.02	0.02	0	0	0.05
17900	0.05	0.03	0.03	0	0	0.05
18000	0.05	0.06	0.06	0	0	0.05
18100	0.05	0.04	0.04	0	0	0.05
18200	0.06	0.03	0.03	0	0	0.06
18300	0.06	0	0	0	0	0.06
18400	0.03	0	0	0	0	0.03
18500	0.02	0	0	0	0	0.02
18600	0.04	0.01	0.01	0	0	0.04
18700	0.04	0.01	0.01	0	0	0.04
18800	0.07	0.01	0.01	0	0	0.07
18900	0.07	0.01	0.01	0	0	0.07
19000	0.06	0.03	0.03	0	0	0.06
19100	0.07	0.04	0.04	0	0	0.07
19200	0.07	0.04	0.04	0	0	0.07
19300	0.08	0.04	0.04	0	0	0.08
19400	0.07	0.03	0.03	0	0	0.07
19500	0.06	0.04	0.04	0	0	0.06
19600	0.05	0.03	0.03	0	0	0.05
19700	0.04	0.02	0.02	0	0	0.04
19800	0.04	0.04	0.04	0	0	0.04
19900	0.05	0.04	0.04	0	0	0.05
20000	0.06	0.05	0.05	0	0	0.06
20100	0.06	0.06	0.06	0	0	0.06
20200	0.06	0.05	0.05	0	0	0.06
20300	0.04	0.05	0.05	0	0	0.04
20400	0.02	0.04	0.04	0	0	0.02
20500	0.01	0.04	0.04	0	0	0.01
20600	0.01	0.03	0.03	0	0	0.01
20700	0.02	0.03	0.03	0	0	0.02
20800	0.03	0.04	0.04	0	0	0.03
20900	0.04	0.05	0.05	0	0	0.04
21000	0.04	0.07	0.07	0	0	0.04
21100	0.06	0.08	0.08	0	0	0.06
21200	0.06	0.07	0.07	0	0	0.06
21300	0.05	0.09	0.09	0	0	0.05
21400	0.05	0.07	0.07	0	0	0.05
21500	0.07	0.08	0.08	0	0	0.07
21600	0.05	0.06	0.06	0	0	0.05
21700	0.06	0.06	0.06	0	0	0.06
21800	0.04	0.04	0.04	0	0	0.04
21900	0.03	0.05	0.05	0	0	0.03
22000	0.03	0.06	0.06	0	0	0.03
22100	0.04	0.07	0.07	0	0	0.04
22200	0.02	0.07	0.07	0	0	0.02
22300	0.02	0.06	0.06	0	0	0.02
22400	0.02	0.06	0.06	0	0	0.02
22500	0.04	0.04	0.04	0	0	0.04
22600	0.04	0.02	0.02	0	0	0.04
22700	0.06	0.03	0.03	0	0	0.06
22800	0.05	0.01	0.01	0	0	0.05
22900	0.04	0.01	0.01	0	0	0.04
23000	0.04	0.02	0.02	0	0	0.04
23100	0.03	0.02	0.02	0	0	0.03
23200	0.03	0.03	0.03	0	0	0.03
23300	0.03	0.03	0.03	0	0	0.03
23400	0.04	0.04	0.04	0	0	0.04
23500	0.03	0.06	0.06	0	0	0.03
23600	0.01	0.03	0.03	0	0	0.01
23700	0.03	0.06	0.06	0	0	0.03
23800	0.03	0.05	0.05	0	0	0.03
23900	0.01	0.01	0.01	0	0	0.01
24000	0.01	0.01	0.01	0	0	0.01
24100	0.02	0.04	0.04	0	0	0.02
24200	0.02	0.03	0.03	0	0	0.02
24300	0.02	0.02	0.02	0	0	0.02
24400	0.01	0.03	0.03	0	0	0.01
24500	0.03	0.04	0.04	0	0	0.03
24600	0.03	0.04	0.04	0	0	0.03
24700	0.05	0.04	0.04	0	0	0.05
24800	0.06	0.01	0.01	0	0	0.06
24900	0.04	0.02	0.02	0	0	0.04
25000	0.09	0.03	0.03	0	0	0.09
25100	0.08	0.05	0.05	0	0	0.08
25200	0.08	0.09	0.09	0	0	0.08
25300	0.07	0.09	0.09	0	0	0.07
25400	0.07	0.09	0.09	0	0	0.07
25500	0.07	0.09	0.09	0	0	0.07
25600	0.08	0.04	0.04	0	0	0.08
25700	0.09	0.03	0.03	0	0	0.09
25800	0.09	0.02	0.02	0	0	0.09
25900	0.08	0.01	0.01	0	0	0.08
26000	0.05	0.01	0.01	0	0	0.05
26100	0.06	0.01	0.01	0	0	0.06
26200	0.08	0.03	0.03	0	0	0.08
26300	0.04	0.04	0.04	0	0	0.04
26400	0.02	0.07	0.07	0	0	0.02
26500	0.01	0.07	0.07	0	0	0.01
26600	0	0.08	0.08	0	0	0
26700	0	0.06	0.06	0	0	0
26800	0.01	0.08	0.08	0	0	0.01
26900	0.04	0.08	0.08	0	0	0.04
27000	0.04	0.05	0.05	0	0	0.04
27100	0.07	0.05	0.05	0	0	0.07
27200	0.04	0.05	0.05	0	0	0.04
27300	0.05	0.03	0.03	0	0	0.05
27400	0.08	0.03	0.03	0	0	0.08
27500	0.09	0.03	0.03	0	0	0.09
27600	0.07	0.04	0.04	0	0	0.07
27700	0.05	0.05	0.05	0	0	0.05
27800	0.06	0.02	0.02	0	0	0.06
27900	0.06	0.02	0.02	0	0	0.06
28000	0.06	0.05	0.05	0	0	0.06
28100	0.1	0.07	0.07	0	0	0.1
28200	0.1	0.06	0.06	0	0	0.1
28300	0.11	0.05	0.05	0	0	0.11
28400	0.11	0.06	0.06	0	0	0.11
28500	0.09	0.03	0.03	0	0	0.09
28600	0.08	0.03	0.03	0	0	0.08
28700	0.05	0.02	0.02	0	0	0.05
28800	0.06	0.03	0.03	0	0	0.06
28900	0.07	0.02	0.02	0	0	0.07
29000	0.08	0.03	0.03	0	0	0.08
29100	0.07	0.02	0.02	0	0	0.07
29200	0.08	0.02	0.02	0	0	0.08
29300	0.08	0.03	0.03	0	0	0.08
29400	0.08	0.04	0.04	0	0	0.08
29500	0.1	0.05	0.05	0	0	0.1
29600	0.12	0.06	0.06	0	0	0.12
29700	0.1	0.05	0.05	0	0	0.1
29800	0.1	0.04	0.04	0	0	0.1
29900	0.1	0.06	0.06	0	0	0.1
30000	0.09	0.05	0.05	0	0	0.09
30100	0.09	0.06	0.06	0	0	0.09
30200	0.07	0.09	0.09	0	0	0.07
30300	0.07	0.09	0.09	0	0	0.07
30400	0.07	0.09	0.09	0	0	0.07
30500	0.09	0.1	0.1	0	0	0.09
30600	0.1	0.11	0.11	0	0	0.1
30700	0.11	0.12	0.12	0	0	0.11
30800	0.15	0.11	0.11	0	0	0.15
30900	0.16	0.11	0.11	0	0	0.16
31000	0.15	0.09	0.09	0	0	0.15
31100	0.12	0.09	0.09	0	0	0.12
31200	0.13	0.07	0.07	0	0	0.13
31300	0.12	0.06	0.06	0	0	0.12
31400	0.13	0.06	0.06	0	0	0.13
31500	0.13	0.05	0.05	0	0	0.13
31600	0.14	0.08	0.08	0	0	0.14
31700	0.14	0.05	0.05	0	0	0.14
31800	0.14	0.02	0.02	0	0	0.14
31900	0.15	0.01	0.01	0	0	0.15
32000	0.13	0.01	0.01	0	0	0.13
32100	0.13	0	0	0	0	0.13
32200	0.17	0	0	0	0	0.17
32300	0.16	0.01	0.01	0	0	0.16
32400	0.14	0.01	0.01	0	0	0.14
32500	0.14	0.01	0.01	0	0	0.14
32600	0.16	0.01	0.01	0	0	0.16
32700	0.15	0	0	0	0	0.15
32800	0.16	0.01	0.01	0	0	0.16
32900	0.18	0.01	0.01	0	0	0.18
33000	0.17	0.01	0.01	0	0	0.17
33100	0.19	0.01	0.01	0	0	0.19
33200	0.19	0.02	0.02	0	0	0.19
33300	0.2	0.02	0.02	0	0	0.2
33400	0.19	0.02	0.02	0	0	0.19
33500	0.19	0.02	0.02	0	0	0.19
33600	0.2	0.02	0.02	0	0	0.2
33700	0.2	0.01	0.01	0	0	0.2
33800	0.21	0.01	0.01	0	0	0.21
33900	0.21	0.01	0.01	0	0	0.21
34000	0.19	0.02	0.02	0	0	0.19
34100	0.17	0.02	0.02	0	0	0.17
34200	0.17	0.03	0.03	0	0	0.17
34300	0.16	0.04	0.04	0	0	0.16
34400	0.15	0.05	0.05	0	0	0.15
34500	0.15	0.04	0.04	0	0	0.15
34600	0.16	0.04	0.04	0	0	0.16
34700	0.15	0.04	0.04	0	0	0.15
34800	0.16	0.03	0.03	0	0	0.16
34900	0.17	0.03	0.03	0	0	0.17
35000	0.17	0.02	0.02	0	0	0.17
35100	0.17	0.01	0.01	0	0	0.17
35200	0.16	0.03	0.03	0	0	0.16
35300	0.16	0.03	0.03	0	0	0.16
35400	0.16	0.02	0.02	0	0	0.16
35500	0.16	0	0	0	0	0.16
35600	0.15	0.04	0.04	0	0	0.15
35700	0.16	0.04	0.04	0	0	0.16
35800	0.16	0.04	0.04	0	0	0.16
35900	0.18	0.06	0.06	0	0	0.18
36000	0.18	0.05	0.05	0	0	0.18
36100	0.19	0.04	0.04	0	0	0.19
36200	0.19	0.02	0.02	0	0	0.19
36300	0.19	0.01	0.01	0	0	0.19
36400	0.19	0	0	0	0	0.19
36500	0.21	0.01	0.01	0	0	0.21
36600	0.22	0.01	0.01	0	0	0.22
36700	0.2	0.01	0.01	0	0	0.2
36800	0.19	0.02	0.02	0	0	0.19
36900	0.19	0.03	0.03	0	0	0.19
37000	0.19	0.01	0.01	0	0	0.19
37100	0.2	0.02	0.02	0	0	0.2
37200	0.21	0.03	0.03	0	0	0.21
37300	0.2	0.03	0.03	0	0	0.2
37400	0.19	0.03	0.03	0	0	0.19
37500	0.19	0	0	0	0	0.19
37600	0.21	0	0	0	0	0.21
37700	0.21	0.01	0.01	0	0	0.21
37800	0.22	0	0	0	0	0.22
37900	0.21	0	0	0	0	0.21
38000	0.22	0.01	0.01	0	0	0.22
38100	0.21	0.01	0.01	0	0	0.21
38200	0.2	0.03	0.03	0	0	0.2
38300	0.2	0.05	0.05	0	0	0.2
38400	0.22	0.05	0.05	0	0	0.22
38500	0.21	0.05	0.05	0	0	0.21
38600	0.21	0.07	0.07	0	0	0.21
38700	0.19	0.03	0.03	0	0	0.19
38800	0.2	0.03	0.03	0	0	0.2
38900	0.19	0.04	0.04	0	0	0.19
39000	0.2	0.05	0.05	0	0	0.2
39100	0.19	0.04	0.04	0	0	0.19
39200	0.19	0.03	0.03	0	0	0.19
39300	0.19	0.02	0.02	0	0	0.19
39400	0.19	0.01	0.01	0	0	0.19
39500	0.19	0	0	0	0	0.19
39600	0.2	0.01	0.01	0	0	0.2
39700	0.21	0.01	0.01	0	0	0.21
39800	0.22	0.01	0.01	0	0	0.22
39900	0.23	0	0	0	0	0.23
40000	0.2	0.02	0.02	0	0	0.2
40100	0.23	0.02	0.02	0	0	0.23
40200	0.22	0.03	0.03	0	0	0.22
40300	0.2	0.03	0.03	0	0	0.2
40400	0.21	0.03	0.03	0	0	0.21
40500	0.21	0.04	0.04	0	0	0.21
40600	0.21	0.04	0.04	0	0	0.21
40700	0.21	0.03	0.03	0	0	0.21
40800	0.24	0.02	0.02	0	0	0.24
40900	0.26	0	0	0	0	0.26
41000	0.25	0	0	0	0	0.25
41100	0.25	0.01	0.01	0	0	0.25
41200	0.29	0.01	0.01	0	0	0.29
41300	0.28	0	0	0	0	0.28
41400	0.26	0.01	0.01	0	0	0.26
41500	0.26	0.01	0.01	0	0	0.26
41600	0.24	0.01	0.01	0	0	0.24
41700	0.24	0.01	0.01	0	0	0.24
41800	0.24	0.02	0.02	0	0	0.24
41900	0.25	0.03	0.03	0	0	0.25
42000	0.25	0.03	0.03	0	0	0.25
42100	0.26	0.03	0.03	0	0	0.26
42200	0.24	0.04	0.04	0	0	0.24
42300	0.22	0.03	0.03	0	0	0.22
42400	0.23	0.04	0.04	0	0	0.23
42500	0.23	0.04	0.04	0	0	0.23
42600	0.24	0.05	0.05	0	0	0.24
42700	0.24	0.04	0.04	0	0	0.24
42800	0.25	0.05	0.05	0	0	0.25
42900	0.25	0.05	0.05	0	0	0.25
43000	0.25	0.04	0.04	0	0	0.25
43100	0.26	0.02	0.02	0	0	0.26
43200	0.26	0.02	0.02	0	0	0.26
43300	0.25	0.02	0.02	0	0	0.25
43400	0.25	0.01	0.01	0	0	0.25
43500	0.25	0.01	0.01	0	0	0.25
43600	0.24	0.01	0.01	0	0	0.24
43700	0.26	0.04	0.04	0	0	0.26
43800	0.26	0.03	0.03	0	0	0.26
43900	0.26	0.03	0.03	0	0	0.26
44000	0.27	0.02	0.02	0	0	0.27
44100	0.27	0.02	0.02	0	0	0.27
44200	0.27	0.01	0.01	0	0	0.27
44300	0.27	0.01	0.01	0	0	0.27
44400	0.27	0.03	0.03	0	0	0.27
44500	0.27	0.03	0.03	0	0	0.27
44600	0.27	0.01	0.01	0	0	0.27
44700	0.28	0.03	0.03	0	0	0.28
44800	0.29	0.03	0.03	0	0	0.29
44900	0.29	0.04	0.04	0	0	0.29
45000	0.29	0.05	0.05	0	0	0.29
45100	0.29	0.07	0.07	0	0	0.29
45200	0.31	0.07	0.07	0	0	0.31
45300	0.29	0.07	0.07	0	0	0.29
45400	0.29	0.07	0.07	0	0	0.29
45500	0.29	0.07	0.07	0	0	0.29
45600	0.29	0.07	0.07	0	0	0.29
45700	0.32	0.06	0.06	0	0	0.32
45800	0.32	0.05	0.05	0	0	0.32
45900	0.31	0.05	0.05	0	0	0.31
46000	0.31	0.05	0.05	0	0	0.31
46100	0.3	0.06	0.06	0	0	0.3
46200	0.3	0.06	0.06	0	0	0.3
46300	0.31	0.06	0.06	0	0	0.31
46400	0.31	0.06	0.06	0	0	0.31
46500	0.32	0.06	0.06	0	0	0.32
46600	0.32	0.06	0.06	0	0	0.32
46700	0.32	0.06	0.06	0	0	0.32
46800	0.32	0.06	0.06	0	0	0.32
46900	0.31	0.06	0.06	0	0	0.31
47000	0.32	0.06	0.06	0	0	0.32
47100	0.33	0.07	0.07	0	0	0.33
47200	0.35	0.07	0.07	0	0	0.35
47300	0.36	0.08	0.08	0	0	0.36
47400	0.35	0.08	0.08	0	0	0.35
47500	0.35	0.08	0.08	0	0	0.35
47600	0.35	0.09	0.09	0	0	0.35
47700	0.35	0.1	0.1	0	0	0.35
47800	0.36	0.1	0.1	0	0	0.36
47900	0.36	0.11	0.11	0	0	0.36
48000	0.36	0.1	0.1	0	0	0.36
48100	0.36	0.1	0.1	0	0	0.36
48200	0.36	0.11	0.11	0	0	0.36
48300	0.37	0.11	0.11	0	0	0.37
48400	0.36	0.1	0.1	0	0	0.36
48500	0.36	0.11	0.11	0	0	0.36
48600	0.36	0.1	0.1	0	0	0.36
48700	0.36	0.1	0.1	0	0	0.36
48800	0.36	0.1	0.1	0	0	0.36
48900	0.37	0.11	0.11	0	0	0.37
49000	0.37	0.11	0.11	0	0	0.37
49100	0.38	0.1	0.1	0	0	0.38
49200	0.39	0.12	0.12	0	0	0.39
49300	0.39	0.12	0.12	0	0	0.39
49400	0.39	0.11	0.11	0	0	0.39
49500	0.4	0.11	0.11	0	0	0.4
49600	0.4	0.12	0.12	0	0	0.4
49700	0.4	0.12	0.12	0	0	0.4
49800	0.4	0.11	0.11	0	0	0.4
49900	0.4	0.11	0.11	0	0	0.4
50000	0.41	0.1	0.1	0	0	0.41
50100	0.41	0.1	0.1	0	0	0.41
50200	0.41	0.1	0.1	0	0	0.41
50300	0.41	0.11	0.11	0	0	0.41
50400	0.4	0.11	0.11	0	0	0.4
50500	0.41	0.12	0.12	0	0	0.41
50600	0.42	0.12	0.12	0	0	0.42
50700	0.43	0.12	0.12	0	0	0.43
50800	0.42	0.12	0.12	0	0	0.42
50900	0.42	0.13	0.13	0	0	0.42
51000	0.41	0.12	0.12	0	0	0.41
51100	0.41	0.12	0.12	0	0	0.41
51200	0.4	0.12	0.12	0	0	0.4
51300	0.4	0.11	0.11	0	0	0.4
51400	0.4	0.11	0.11	0	0	0.4
51500	0.4	0.11	0.11	0	0	0.4
51600	0.4	0.11	0.11	0	0	0.4
51700	0.4	0.11	0.11	0	0	0.4
51800	0.42	0.11	0.11	0	0	0.42
51900	0.42	0.13	0.13	0	0	0.42
52000	0.42	0.12	0.12	0	0	0.42
52100	0.42	0.11	0.11	0	0	0.42
52200	0.42	0.11	0.11	0	0	0.42
52300	0.43	0.11	0.11	0	0	0.43
52400	0.44	0.1	0.1	0	0	0.44
52500	0.44	0.11	0.11	0	0	0.44
52600	0.44	0.11	0.11	0	0	0.44
52700	0.44	0.12	0.12	0	0	0.44
52800	0.43	0.13	0.13	0	0	0.43
52900	0.43	0.13	0.13	0	0	0.43
53000	0.43	0.12	0.12	0	0	0.43
53100	0.43	0.13	0.13	0	0	0.43
53200	0.43	0.13	0.13	0	0	0.43
53300	0.43	0.13	0.13	0	0	0.43
53400	0.43	0.13	0.13	0	0	0.43
53500	0.44	0.12	0.12	0	0	0.44
53600	0.44	0.12	0.12	0	0	0.44
53700	0.44	0.12	0.12	0	0	0.44
53800	0.44	0.12	0.12	0	0	0.44
53900	0.44	0.12	0.12	0	0	0.44
54000	0.44	0.12	0.12	0	0	0.44
54100	0.44	0.13	0.13	0	0	0.44
54200	0.44	0.16	0.16	0	0	0.44
54300	0.44	0.17	0.17	0	0	0.44
54400	0.44	0.17	0.17	0	0	0.44
54500	0.44	0.17	0.17	0	0	0.44
54600	0.44	0.17	0.17	0	0	0.44
54700	0.44	0.16	0.16	0	0	0.44
54800	0.44	0.16	0.16	0	0	0.44
54900	0.44	0.16	0.16	0	0	0.44
55000	0.44	0.16	0.16	0	0	0.44
55100	0.44	0.16	0.16	0	0	0.44
55200	0.45	0.15	0.15	0	0	0.45
55300	0.47	0.15	0.15	0	0	0.47
55400	0.46	0.16	0.16	0	0	0.46
55500	0.46	0.19	0.19	0	0	0.46
55600	0.46	0.19	0.19	0	0	0.46
55700	0.46	0.19	0.19	0	0	0.46
55800	0.44	0.2	0.2	0	0	0.44
55900	0.44	0.18	0.18	0	0	0.44
56000	0.44	0.18	0.18	0	0	0.44
56100	0.44	0.18	0.18	0	0	0.44
56200	0.44	0.2	0.2	0	0	0.44
56300	0.44	0.2	0.2	0	0	0.44
56400	0.44	0.2	0.2	0	0	0.44
56500	0.44	0.2	0.2	0	0	0.44
56600	0.45	0.2	0.2	0	0	0.45
56700	0.45	0.2	0.2	0	0	0.45
56800	0.45	0.2	0.2	0	0	0.45
56900	0.45	0.21	0.21	0	0	0.45
57000	0.45	0.24	0.24	0	0	0.45
57100	0.44	0.24	0.24	0	0	0.44
57200	0.44	0.23	0.23	0	0	0.44
57300	0.43	0.22	0.22	0	0	0.43
57400	0.43	0.22	0.22	0	0	0.43
57500	0.43	0.22	0.22	0	0	0.43
57600	0.44	0.22	0.22	0	0	0.44
57700	0.44	0.22	0.22	0	0	0.44
57800	0.44	0.22	0.22	0	0	0.44
57900	0.44	0.23	0.23	0	0	0.44
58000	0.43	0.23	0.23	0	0	0.43
58100	0.43	0.22	0.22	0	0	0.43
58200	0.43	0.23	0.23	0	0	0.43
58300	0.43	0.24	0.24	0	0	0.43
58400	0.43	0.24	0.24	0	0	0.43
58500	0.43	0.24	0.24	0	0	0.43
58600	0.42	0.24	0.24	0	0	0.42
58700	0.42	0.25	0.25	0	0	0.42
58800	0.42	0.26	0.26	0	0	0.42
58900	0.42	0.26	0.26	0	0	0.42
59000	0.43	0.26	0.26	0	0	0.43
59100	0.43	0.25	0.25	0	0	0.43
59200	0.43	0.25	0.25	0	0	0.43
59300	0.42	0.25	0.25	0	0	0.42
59400	0.42	0.26	0.26	0	0	0.42
59500	0.42	0.26	0.26	0	0	0.42
59600	0.42	0.26	0.26	0	0	0.42
59700	0.42	0.27	0.27	0	0	0.42
59800	0.42	0.27	0.27	0	0	0.42
59900	0.42	0.27	0.27	0	0	0.42
60000	0.42	0.26	0.26	0	0	0.42
60100	0.42	0.26	0.26	0	0	0.42
60200	0.42	0.26	0.26	0	0	0.42
60300	0.42	0.26	0.26	0	0	0.42
60400	0.42	0.26	0.26	0	0	0.42
60500	0.42	0.26	0.26	0	0	0.42
60600	0.43	0.26	0.26	0	0	0.43
60700	0.43	0.26	0.26	0	0	0.43
60800	0.43	0.26	0.26	0	0	0.43
60900	0.43	0.26	0.26	0	0	0.43
61000	0.43	0.26	0.26	0	0	0.43
61100	0.43	0.26	0.26	0	0	0.43
61200	0.43	0.27	0.27	0	0	0.43
61300	0.43	0.27	0.27	0	0	0.43
61400	0.44	0.27	0.27	0	0	0.44
61500	0.45	0.27	0.27	0	0	0.45
61600	0.45	0.27	0.27	0	0	0.45
61700	0.45	0.26	0.26	0	0	0.45
61800	0.45	0.26	0.26	0	0	0.45
61900	0.45	0.26	0.26	0	0	0.45
62000	0.44	0.26	0.26	0	0	0.44
62100	0.44	0.26	0.26	0	0	0.44
62200	0.44	0.26	0.26	0	0	0.44
62300	0.45	0.26	0.26	0	0	0.45
62400	0.45	0.26	0.26	0	0	0.45
62500	0.45	0.26	0.26	0	0	0.45
62600	0.45	0.26	0.26	0	0	0.45
62700	0.45	0.26	0.26	0	0	0.45
62800	0.45	0.26	0.26	0	0	0.45
62900	0.45	0.27	0.27	0	0	0.45
63000	0.45	0.27	0.27	0	0	0.45
63100	0.44	0.27	0.27	0	0	0.44
63200	0.45	0.27	0.27	0	0	0.45
63300	0.45	0.28	0.28	0	0	0.45
63400	0.45	0.26	0.26	0	0	0.45
63500	0.46	0.26	0.26	0	0	0.46
63600	0.46	0.26	0.26	0	0	0.46
63700	0.46	0.26	0.26	0	0	0.46
63800	0.46	0.26	0.26	0	0	0.46
63900	0.45	0.26	0.26	0	0	0.45
64000	0.45	0.26	0.26	0	0	0.45
64100	0.46	0.26	0.26	0	0	0.46
64200	0.46	0.26	0.26	0	0	0.46
64300	0.46	0.26	0.26	0	0	0.46
64400	0.46	0.27	0.27	0	0	0.46
64500	0.46	0.27	0.27	0	0	0.46
64600	0.47	0.27	0.27	0	0	0.47
64700	0.47	0.3	0.3	0	0	0.47
64800	0.47	0.29	0.29	0	0	0.47
64900	0.47	0.3	0.3	0	0	0.47
65000	0.47	0.3	0.3	0	0	0.47
65100	0.48	0.29	0.29	0	0	0.48
65200	0.49	0.29	0.29	0	0	0.49
65300	0.49	0.29	0.29	0	0	0.49
65400	0.49	0.29	0.29	0	0	0.49
65500	0.49	0.29	0.29	0	0	0.49
65600	0.49	0.29	0.29	0	0	0.49
65700	0.49	0.29	0.29	0	0	0.49
65800	0.49	0.29	0.29	0	0	0.49
65900	0.49	0.3	0.3	0	0	0.49
66000	0.49	0.3	0.3	0	0	0.49
66100	0.49	0.3	0.3	0	0	0.49
66200	0.5	0.3	0.3	0	0	0.5
66300	0.5	0.3	0.3	0	0	0.5
66400	0.5	0.3	0.3	0	0	0.5
66500	0.5	0.31	0.31	0	0	0.5
66600	0.5	0.31	0.31	0	0	0.5
66700	0.5	0.31	0.31	0	0	0.5
66800	0.5	0.3	0.3	0	0	0.5
66900	0.5	0.31	0.31	0	0	0.5
67000	0.5	0.31	0.31	0	0	0.5
67100	0.49	0.31	0.31	0	0	0.49
67200	0.49	0.3	0.3	0	0	0.49
67300	0.5	0.3	0.3	0	0	0.5
67400	0.5	0.3	0.3	0	0	0.5
67500	0.49	0.3	0.3	0	0	0.49
67600	0.49	0.3	0.3	0	0	0.49
67700	0.5	0.3	0.3	0	0	0.5
67800	0.5	0.3	0.3	0	0	0.5
67900	0.5	0.31	0.31	0	0	0.5
68000	0.5	0.31	0.31	0	0	0.5
68100	0.5	0.32	0.32	0	0	0.5
68200	0.49	0.32	0.32	0	0	0.49
68300	0.49	0.32	0.32	0	0	0.49
68400	0.49	0.32	0.32	0	0	0.49
68500	0.49	0.31	0.31	0	0	0.49
68600	0.49	0.31	0.31	0	0	0.49
68700	0.5	0.31	0.31	0	0	0.5
68800	0.51	0.31	0.31	0	0	0.51
68900	0.51	0.31	0.31	0	0	0.51
69000	0.52	0.32	0.32	0	0	0.52
69100	0.51	0.32	0.32	0	0	0.51
69200	0.51	0.32	0.32	0	0	0.51
69300	0.5	0.32	0.32	0	0	0.5
69400	0.5	0.32	0.32	0	0	0.5
69500	0.5	0.32	0.32	0	0	0.5
69600	0.51	0.33	0.33	0	0	0.51
69700	0.51	0.33	0.33	0	0	0.51
69800	0.52	0.33	0.33	0	0	0.52
69900	0.53	0.33	0.33	0	0	0.53
70000	0.53	0.33	0.33	0	0	0.53
70100	0.53	0.33	0.33	0	0	0.53
70200	0.53	0.33	0.33	0	0	0.53
70300	0.53	0.34	0.34	0	0	0.53
70400	0.53	0.34	0.34	0	0	0.53
70500	0.53	0.34	0.34	0	0	0.53
70600	0.53	0.34	0.34	0	0	0.53
70700	0.53	0.34	0.34	0	0	0.53
70800	0.53	0.34	0.34	0	0	0.53
70900	0.53	0.34	0.34	0	0	0.53
71000	0.53	0.34	0.34	0	0	0.53
71100	0.53	0.35	0.35	0	0	0.53
71200	0.53	0.35	0.35	0	0	0.53
71300	0.53	0.35	0.35	0	0	0.53
71400	0.53	0.35	0.35	0	0	0.53
71500	0.52	0.34	0.34	0	0	0.52
71600	0.52	0.34	0.34	0	0	0.52
71700	0.53	0.35	0.35	0	0	0.53
71800	0.53	0.35	0.35	0	0	0.53
71900	0.53	0.35	0.35	0	0	0.53
72000	0.53	0.35	0.35	0	0	0.53
72100	0.53	0.35	0.35	0	0	0.53
72200	0.54	0.35	0.35	0	0	0.54
72300	0.54	0.35	0.35	0	0	0.54
72400	0.54	0.35	0.35	0	0	0.54
72500	0.54	0.35	0.35	0	0	0.54
72600	0.54	0.35	0.35	0	0	0.54
72700	0.54	0.35	0.35	0	0	0.54
72800	0.54	0.35	0.35	0	0	0.54
72900	0.54	0.35	0.35	0	0	0.54
73000	0.54	0.35	0.35	0	0	0.54
73100	0.54	0.35	0.35	0	0	0.54
73200	0.54	0.36	0.36	0	0	0.54
73300	0.54	0.36	0.36	0	0	0.54
73400	0.53	0.36	0.36	0	0	0.53
73500	0.53	0.36	0.36	0	0	0.53
73600	0.53	0.35	0.35	0	0	0.53
73700	0.53	0.35	0.35	0	0	0.53
73800	0.53	0.35	0.35	0	0	0.53
73900	0.54	0.35	0.35	0	0	0.54
74000	0.54	0.35	0.35	0	0	0.54
74100	0.54	0.35	0.35	0	0	0.54
74200	0.54	0.36	0.36	0	0	0.54
74300	0.54	0.37	0.37	0	0	0.54
74400	0.54	0.37	0.37	0	0	0.54
74500	0.54	0.36	0.36	0	0	0.54
74600	0.54	0.36	0.36	0	0	0.54
74700	0.55	0.36	0.36	0	0	0.55
74800	0.55	0.36	0.36	0	0	0.55
74900	0.55	0.36	0.36	0	0	0.55
75000	0.55	0.36	0.36	0	0	0.55
75100	0.54	0.35	0.35	0	0	0.54
75200	0.54	0.35	0.35	0	0	0.54
75300	0.54	0.35	0.35	0	0	0.54
75400	0.54	0.35	0.35	0	0	0.54
75500	0.54	0.35	0.35	0	0	0.54
75600	0.54	0.36	0.36	0	0	0.54
75700	0.54	0.36	0.36	0	0	0.54
75800	0.54	0.36	0.36	0	0	0.54
75900	0.54	0.36	0.36	0	0	0.54
76000	0.54	0.36	0.36	0	0	0.54
76100	0.54	0.36	0.36	0	0	0.54
76200	0.54	0.36	0.36	0	0	0.54
76300	0.54	0.36	0.36	0	0	0.54
76400	0.55	0.36	0.36	0	0	0.55
76500	0.55	0.37	0.37	0	0	0.55
76600	0.55	0.37	0.37	0	0	0.55
76700	0.55	0.36	0.36	0	0	0.55
76800	0.55	0.36	0.36	0	0	0.55
76900	0.55	0.36	0.36	0	0	0.55
77000	0.55	0.36	0.36	0	0	0.55
77100	0.55	0.36	0.36	0	0	0.55
77200	0.56	0.36	0.36	0	0	0.56
77300	0.56	0.36	0.36	0	0	0.56
77400	0.57	0.36	0.36	0	0	0.57
77500	0.57	0.37	0.37	0	0	0.57
77600	0.57	0.37	0.37	0	0	0.57
77700	0.57	0.37	0.37	0	0	0.57
77800	0.57	0.37	0.37	0	0	0.57
77900	0.57	0.36	0.36	0	0	0.57
78000	0.57	0.36	0.36	0	0	0.57
78100	0.57	0.36	0.36	0	0	0.57
78200	0.57	0.37	0.37	0	0	0.57
78300	0.57	0.37	0.37	0	0	0.57
78400	0.57	0.36	0.36	0	0	0.57
78500	0.57	0.36	0.36	0	0	0.57
78600	0.57	0.36	0.36	0	0	0.57
78700	0.57	0.36	0.36	0	0	0.57
78800	0.57	0.36	0.36	0	0	0.57
78900	0.57	0.36	0.36	0	0	0.57
79000	0.57	0.36	0.36	0	0	0.57
79100	0.57	0.36	0.36	0	0	0.57
79200	0.57	0.36	0.36	0	0	0.57
79300	0.57	0.36	0.36	0	0	0.57
79400	0.57	0.36	0.36	0	0	0.57
79500	0.57	0.36	0.36	0	0	0.57
79600	0.57	0.36	0.36	0	0	0.57
79700	0.57	0.36	0.36	0	0	0.57
79800	0.57	0.36	0.36	0	0	0.57
79900	0.57	0.36	0.36	0	0	0.57
80000	0.57	0.36	0.36	0	0	0.57
80100	0.57	0.36	0.36	0	0	0.57
80200	0.57	0.36	0.36	0	0	0.57
80300	0.57	0.36	0.36	0	0	0.57
80400	0.57	0.36	0.36	0	0	0.57
80500	0.57	0.36	0.36	0	0	0.57
80600	0.57	0.36	0.36	0	0	0.57
80700	0.57	0.36	0.36	0	0	0.57
80800	0.57	0.37	0.37	0	0	0.57
80900	0.57	0.37	0.37	0	0	0.57
81000	0.57	0.37	0.37	0	0	0.57
81100	0.57	0.37	0.37	0	0	0.57
81200	0.57	0.37	0.37	0	0	0.57
81300	0.57	0.38	0.38	0	0	0.57
81400	0.57	0.38	0.38	0	0	0.57
81500	0.57	0.38	0.38	0	0	0.57
81600	0.57	0.4	0.4	0	0	0.57
81700	0.56	0.4	0.4	0	0	0.56
81800	0.56	0.4	0.4	0	0	0.56
81900	0.56	0.4	0.4	0	0	0.56
82000	0.56	0.4	0.4	0	0	0.56
82100	0.56	0.4	0.4	0	0	0.56
82200	0.56	0.4	0.4	0	0	0.56
82300	0.56	0.39	0.39	0	0	0.56
82400	0.56	0.4	0.4	0	0	0.56
82500	0.56	0.4	0.4	0	0	0.56
82600	0.56	0.4	0.4	0	0	0.56
82700	0.56	0.4	0.4	0	0	0.56
82800	0.56	0.4	0.4	0	0	0.56
82900	0.55	0.4	0.4	0	0	0.55
83000	0.55	0.4	0.4	0	0	0.55
83100	0.55	0.4	0.4	0	0	0.55
83200	0.55	0.4	0.4	0	0	0.55
83300	0.55	0.4	0.4	0	0	0.55
83400	0.55	0.4	0.4	0	0	0.55
83500	0.55	0.41	0.41	0	0	0.55
83600	0.55	0.41	0.41	0	0	0.55
83700	0.55	0.4	0.4	0	0	0.55
83800	0.55	0.4	0.4	0	0	0.55
83900	0.55	0.4	0.4	0	0	0.55
84000	0.55	0.4	0.4	0	0	0.55
84100	0.55	0.4	0.4	0	0	0.55
84200	0.55	0.4	0.4	0	0	0.55
84300	0.55	0.4	0.4	0	0	0.55
84400	0.55	0.4	0.4	0	0	0.55
84500	0.55	0.4	0.4	0	0	0.55
84600	0.55	0.4	0.4	0	0	0.55
84700	0.55	0.4	0.4	0	0	0.55
84800	0.55	0.4	0.4	0	0	0.55
84900	0.55	0.4	0.4	0	0	0.55
85000	0.55	0.4	0.4	0	0	0.55
85100	0.55	0.4	0.4	0	0	0.55
85200	0.55	0.4	0.4	0	0	0.55
85300	0.55	0.4	0.4	0	0	0.55
85400	0.55	0.4	0.4	0	0	0.55
85500	0.55	0.4	0.4	0	0	0.55
85600	0.55	0.4	0.4	0	0	0.55
85700	0.55	0.4	0.4	0	0	0.55
85800	0.55	0.4	0.4	0	0	0.55
85900	0.55	0.4	0.4	0	0	0.55
86000	0.55	0.4	0.4	0	0	0.55
86100	0.55	0.4	0.4	0	0	0.55
86200	0.55	0.4	0.4	0	0	0.55
86300	0.55	0.4	0.4	0	0	0.55
86400	0.55	0.4	0.4	0	0	0.55
86500	0.55	0.4	0.4	0	0	0.55
86600	0.55	0.4	0.4	0	0	0.55
86700	0.55	0.4	0.4	0	0	0.55
86800	0.55	0.4	0.4	0	0	0.55
86900	0.55	0.4	0.4	0	0	0.55
87000	0.55	0.4	0.4	0	0	0.55
87100	0.55	0.4	0.4	0	0	0.55
87200	0.55	0.4	0.4	0	0	0.55
87300	0.55	0.4	0.4	0	0	0.55
87400	0.55	0.4	0.4	0	0	0.55
87500	0.55	0.4	0.4	0	0	0.55
87600	0.55	0.4	0.4	0	0	0.55
87700	0.55	0.39	0.39	0	0	0.55
87800	0.55	0.39	0.39	0	0	0.55
87900	0.55	0.39	0.39	0	0	0.55
88000	0.55	0.39	0.39	0	0	0.55
88100	0.55	0.4	0.4	0	0	0.55
88200	0.55	0.4	0.4	0	0	0.55
88300	0.55	0.4	0.4	0	0	0.55
88400	0.55	0.4	0.4	0	0	0.55
88500	0.55	0.4	0.4	0	0	0.55
88600	0.55	0.4	0.4	0	0	0.55
88700	0.55	0.4	0.4	0	0	0.55
88800	0.55	0.4	0.4	0	0	0.55
88900	0.55	0.4	0.4	0	0	0.55
89000	0.55	0.4	0.4	0	0	0.55
89100	0.55	0.4	0.4	0	0	0.55
89200	0.55	0.4	0.4	0	0	0.55
89300	0.55	0.4	0.4	0	0	0.55
89400	0.55	0.4	0.4	0	0	0.55
89500	0.56	0.4	0.4	0	0	0.56
89600	0.56	0.4	0.4	0	0	0.56
89700	0.56	0.4	0.4	0	0	0.56
89800	0.56	0.4	0.4	0	0	0.56
89900	0.56	0.4	0.4	0	0	0.56
90000	0.56	0.4	0.4	0	0	0.56
90100	0.56	0.4	0.4	0	0	0.56
90200	0.56	0.4	0.4	0	0	0.56
90300	0.56	0.4	0.4	0	0	0.56
90400	0.56	0.4	0.4	0	0	0.56
90500	0.57	0.4	0.4	0	0	0.57
90600	0.56	0.4	0.4	0	0	0.56
90700	0.56	0.4	0.4	0	0	0.56
90800	0.57	0.4	0.4	0	0	0.57
90900	0.57	0.4	0.4	0	0	0.57
91000	0.57	0.41	0.41	0	0	0.57
91100	0.57	0.41	0.41	0	0	0.57
91200	0.57	0.41	0.41	0	0	0.57
91300	0.57	0.4	0.4	0	0	0.57
91400	0.57	0.4	0.4	0	0	0.57
91500	0.57	0.4	0.4	0	0	0.57
91600	0.57	0.4	0.4	0	0	0.57
91700	0.57	0.4	0.4	0	0	0.57
91800	0.57	0.4	0.4	0	0	0.57
91900	0.57	0.4	0.4	0	0	0.57
92000	0.57	0.4	0.4	0	0	0.57
92100	0.57	0.4	0.4	0	0	0.57
92200	0.58	0.4	0.4	0	0	0.58
92300	0.58	0.4	0.4	0	0	0.58
92400	0.58	0.4	0.4	0	0	0.58
92500	0.58	0.4	0.4	0	0	0.58
92600	0.58	0.4	0.4	0	0	0.58
92700	0.58	0.4	0.4	0	0	0.58
92800	0.58	0.4	0.4	0	0	0.58
92900	0.58	0.4	0.4	0	0	0.58
93000	0.58	0.4	0.4	0	0	0.58
93100	0.58	0.4	0.4	0	0	0.58
93200	0.58	0.4	0.4	0	0	0.58
93300	0.58	0.4	0.4	0	0	0.58
93400	0.58	0.4	0.4	0	0	0.58
93500	0.58	0.4	0.4	0	0	0.58
93600	0.58	0.4	0.4	0	0	0.58
93700	0.58	0.4	0.4	0	0	0.58
93800	0.58	0.4	0.4	0	0	0.58
93900	0.58	0.4	0.4	0	0	0.58
94000	0.59	0.4	0.4	0	0	0.59
94100	0.59	0.4	0.4	0	0	0.59
94200	0.59	0.4	0.4	0	0	0.59
94300	0.59	0.4	0.4	0	0	0.59
94400	0.58	0.4	0.4	0	0	0.58
94500	0.58	0.4	0.4	0	0	0.58
94600	0.58	0.4	0.4	0	0	0.58
94700	0.58	0.4	0.4	0	0	0.58
94800	0.58	0.4	0.4	0	0	0.58
94900	0.58	0.4	0.4	0	0	0.58
95000	0.58	0.4	0.4	0	0	0.58
95100	0.58	0.4	0.4	0	0	0.58
95200	0.58	0.4	0.4	0	0	0.58
95300	0.58	0.4	0.4	0	0	0.58
95400	0.58	0.4	0.4	0	0	0.58
95500	0.59	0.4	0.4	0	0	0.59
95600	0.59	0.4	0.4	0	0	0.59
95700	0.59	0.4	0.4	0	0	0.59
95800	0.59	0.4	0.4	0	0	0.59
95900	0.59	0.4	0.4	0	0	0.59
96000	0.58	0.4	0.4	0	0	0.58
96100	0.58	0.4	0.4	0	0	0.58
96200	0.58	0.4	0.4	0	0	0.58
96300	0.58	0.4	0.4	0	0	0.58
96400	0.58	0.4	0.4	0	0	0.58
96500	0.58	0.4	0.4	0	0	0.58
96600	0.58	0.4	0.4	0	0	0.58
96700	0.58	0.4	0.4	0	0	0.58
96800	0.58	0.4	0.4	0	0	0.58
96900	0.58	0.4	0.4	0	0	0.58
97000	0.58	0.4	0.4	0	0	0.58
97100	0.58	0.4	0.4	0	0	0.58
97200	0.58	0.4	0.4	0	0	0.58
97300	0.58	0.4	0.4	0	0	0.58
97400	0.58	0.4	0.4	0	0	0.58
97500	0.58	0.4	0.4	0	0	0.58
97600	0.58	0.4	0.4	0	0	0.58
97700	0.58	0.4	0.4	0	0	0.58
97800	0.58	0.4	0.4	0	0	0.58
97900	0.58	0.4	0.4	0	0	0.58
98000	0.58	0.4	0.4	0	0	0.58
98100	0.58	0.4	0.4	0	0	0.58
98200	0.58	0.4	0.4	0	0	0.58
98300	0.58	0.4	0.4	0	0	0.58
98400	0.58	0.4	0.4	0	0	0.58
98500	0.58	0.4	0.4	0	0	0.58
98600	0.58	0.4	0.4	0	0	0.58
98700	0.58	0.4	0.4	0	0	0.58
98800	0.58	0.4	0.4	0	0	0.58
98900	0.58	0.4	0.4	0	0	0.58
99000	0.58	0.4	0.4	0	0	0.58
99100	0.58	0.4	0.4	0	0	0.58
99200	0.58	0.4	0.4	0	0	0.58
99300	0.58	0.4	0.4	0	0	0.58
99400	0.58	0.4	0.4	0	0	0.58
99500	0.58	0.4	0.4	0	0	0.58
99600	0.58	0.4	0.4	0	0	0.58
99700	0.58	0.4	0.4	0	0	0.58
99800	0.59	0.4	0.4	0	0	0.59
99900	0.59	0.4	0.4	0	0	0.59
100000	0.59	0.4	0.4	0	0	0.59
100100	0.59	0.4	0.4	0	0	0.59
100200	0.59	0.4	0.4	0	0	0.59
100300	0.59	0.4	0.4	0	0	0.59
100400	0.59	0.4	0.4	0	0	0.59
100500	0.59	0.4	0.4	0	0	0.59
100600	0.59	0.4	0.4	0	0	0.59
100700	0.59	0.4	0.4	0	0	0.59
100800	0.59	0.4	0.4	0	0	0.59
100900	0.59	0.4	0.4	0	0	0.59
101000	0.59	0.4	0.4	0	0	0.59
101100	0.59	0.4	0.4	0	0	0.59
101200	0.59	0.4	0.4	0	0	0.59
101300	0.59	0.4	0.4	0	0	0.59
101400	0.59	0.4	0.4	0	0	0.59
101500	0.59	0.4	0.4	0	0	0.59
101600	0.59	0.4	0.4	0	0	0.59
101700	0.59	0.4	0.4	0	0	0.59
101800	0.59	0.4	0.4	0	0	0.59
101900	0.59	0.4	0.4	0	0	0.59
102000	0.59	0.4	0.4	0	0	0.59
102100	0.59	0.4	0.4	0	0	0.59
102200	0.59	0.4	0.4	0	0	0.59
102300	0.59	0.4	0.4	0	0	0.59
102400	0.59	0.4	0.4	0	0	0.59
102500	0.59	0.4	0.4	0	0	0.59
102600	0.59	0.4	0.4	0	0	0.59
102700	0.59	0.4	0.4	0	0	0.59
102800	0.59	0.4	0.4	0	0	0.59
102900	0.59	0.4	0.4	0	0	0.59
103000	0.59	0.4	0.4	0	0	0.59
103100	0.59	0.4	0.4	0	0	0.59
103200	0.59	0.4	0.4	0	0	0.59
103300	0.59	0.4	0.4	0	0	0.59
103400	0.59	0.4	0.4	0	0	0.59
103500	0.59	0.39	0.39	0	0	0.59
103600	0.59	0.39	0.39	0	0	0.59
103700	0.59	0.39	0.39	0	0	0.59
103800	0.59	0.39	0.39	0	0	0.59
103900	0.59	0.39	0.39	0	0	0.59
104000	0.59	0.39	0.39	0	0	0.59
104100	0.59	0.39	0.39	0	0	0.59
104200	0.59	0.39	0.39	0	0	0.59
104300	0.59	0.39	0.39	0	0	0.59
104400	0.59	0.4	0.4	0	0	0.59
104500	0.59	0.4	0.4	0	0	0.59
104600	0.59	0.4	0.4	0	0	0.59
104700	0.59	0.39	0.39	0	0	0.59
104800	0.59	0.39	0.39	0	0	0.59
104900	0.59	0.39	0.39	0	0	0.59
105000	0.59	0.39	0.39	0	0	0.59
105100	0.59	0.39	0.39	0	0	0.59
105200	0.59	0.39	0.39	0	0	0.59
105300	0.59	0.39	0.39	0	0	0.59
105400	0.59	0.39	0.39	0	0	0.59
105500	0.59	0.39	0.39	0	0	0.59
105600	0.59	0.4	0.4	0	0	0.59
105700	0.59	0.39	0.39	0	0	0.59
105800	0.59	0.39	0.39	0	0	0.59
105900	0.59	0.39	0.39	0	0	0.59
106000	0.59	0.39	0.39	0	0	0.59
106100	0.59	0.39	0.39	0	0	0.59
106200	0.59	0.39	0.39	0	0	0.59
106300	0.59	0.39	0.39	0	0	0.59
106400	0.59	0.39	0.39	0	0	0.59
106500	0.59	0.39	0.39	0	0	0.59
106600	0.59	0.39	0.39	0	0	0.59
106700	0.59	0.39	0.39	0	0	0.59
106800	0.59	0.39	0.39	0	0	0.59
106900	0.59	0.39	0.39	0	0	0.59
107000	0.59	0.39	0.39	0	0	0.59
107100	0.59	0.39	0.39	0	0	0.59
107200	0.59	0.4	0.4	0	0	0.59
107300	0.59	0.4	0.4	0	0	0.59
107400	0.59	0.4	0.4	0	0	0.59
107500	0.59	0.4	0.4	0	0	0.59
107600	0.59	0.4	0.4	0	0	0.59
107700	0.59	0.39	0.39	0	0	0.59
107800	0.59	0.39	0.39	0	0	0.59
107900	0.59	0.39	0.39	0	0	0.59
108000	0.59	0.39	0.39	0	0	0.59
108100	0.59	0.39	0.39	0	0	0.59
108200	0.59	0.39	0.39	0	0	0.59
108300	0.59	0.39	0.39	0	0	0.59
108400	0.59	0.39	0.39	0	0	0.59
108500	0.59	0.39	0.39	0	0	0.59
108600	0.59	0.39	0.39	0	0	0.59
108700	0.59	0.4	0.4	0	0	0.59
108800	0.59	0.4	0.4	0	0	0.59
108900	0.59	0.4	0.4	0	0	0.59
109000	0.59	0.4	0.4	0	0	0.59
109100	0.59	0.4	0.4	0	0	0.59
109200	0.59	0.39	0.39	0	0	0.59
109300	0.59	0.39	0.39	0	0	0.59
109400	0.59	0.39	0.39	0	0	0.59
109500	0.59	0.39	0.39	0	0	0.59
109600	0.59	0.39	0.39	0	0	0.59
109700	0.59	0.39	0.39	0	0	0.59
109800	0.59	0.39	0.39	0	0	0.59
109900	0.59	0.39	0.39	0	0	0.59
110000	0.59	0.39	0.39	0	0	0.59
110100	0.59	0.39	0.39	0	0	0.59
110200	0.59	0.39	0.39	0	0	0.59
110300	0.59	0.39	0.39	0	0	0.59
110400	0.59	0.39	0.39	0	0	0.59
110500	0.59	0.39	0.39	0	0	0.59
110600	0.59	0.39	0.39	0	0	0.59
110700	0.59	0.39	0.39	0	0	0.59
110800	0.59	0.39	0.39	0	0	0.59
110900	0.59	0.39	0.39	0	0	0.59
111000	0.59	0.39	0.39	0	0	0.59
111100	0.59	0.39	0.39	0	0	0.59
111200	0.59	0.39	0.39	0	0	0.59
111300	0.59	0.39	0.39	0	0	0.59
111400	0.59	0.39	0.39	0	0	0.59
111500	0.59	0.39	0.39	0	0	0.59
111600	0.59	0.39	0.39	0	0	0.59
111700	0.59	0.39	0.39	0	0	0.59
111800	0.59	0.39	0.39	0	0	0.59
111900	0.59	0.39	0.39	0	0	0.59
112000	0.59	0.39	0.39	0	0	0.59
112100	0.59	0.39	0.39	0	0	0.59
112200	0.59	0.39	0.39	0	0	0.59
112300	0.59	0.39	0.39	0	0	0.59
112400	0.59	0.39	0.39	0	0	0.59
112500	0.59	0.39	0.39	0	0	0.59
112600	0.59	0.39	0.39	0	0	0.59
112700	0.59	0.39	0.39	0	0	0.59
112800	0.59	0.39	0.39	0	0	0.59
112900	0.59	0.39	0.39	0	0	0.59
113000	0.59	0.39	0.39	0	0	0.59
113100	0.59	0.39	0.39	0	0	0.59
113200	0.59	0.39	0.39	0	0	0.59
113300	0.59	0.39	0.39	0	0	0.59
113400	0.59	0.39	0.39	0	0	0.59
113500	0.59	0.39	0.39	0	0	0.59
113600	0.59	0.39	0.39	0	0	0.59
113700	0.59	0.39	0.39	0	0	0.59
113800	0.59	0.39	0.39	0	0	0.59
113900	0.59	0.39	0.39	0	0	0.59
114000	0.59	0.39	0.39	0	0	0.59
114100	0.59	0.39	0.39	0	0	0.59
114200	0.58	0.39	0.39	0	0	0.58
114300	0.58	0.39	0.39	0	0	0.58
114400	0.58	0.39	0.39	0	0	0.58
114500	0.58	0.39	0.39	0	0	0.58
114600	0.58	0.39	0.39	0	0	0.58
114700	0.58	0.39	0.39	0	0	0.58
114800	0.58	0.4	0.4	0	0	0.58
114900	0.58	0.39	0.39	0	0	0.58
115000	0.58	0.39	0.39	0	0	0.58
115100	0.58	0.39	0.39	0	0	0.58
115200	0.58	0.39	0.39	0	0	0.58
115300	0.58	0.39	0.39	0	0	0.58
115400	0.58	0.39	0.39	0	0	0.58
115500	0.58	0.39	0.39	0	0	0.58
115600	0.58	0.39	0.39	0	0	0.58
115700	0.58	0.39	0.39	0	0	0.58
115800	0.59	0.39	0.39	0	0	0.59
115900	0.59	0.39	0.39	0	0	0.59
116000	0.59	0.39	0.39	0	0	0.59
116100	0.59	0.39	0.39	0	0	0.59
116200	0.59	0.39	0.39	0	0	0.59
116300	0.59	0.39	0.39	0	0	0.59
116400	0.59	0.39	0.39	0	0	0.59
116500	0.59	0.39	0.39	0	0	0.59
116600	0.59	0.39	0.39	0	0	0.59
116700	0.59	0.39	0.39	0	0	0.59
116800	0.59	0.39	0.39	0	0	0.59
116900	0.59	0.39	0.39	0	0	0.59
117000	0.59	0.39	0.39	0	0	0.59
117100	0.59	0.39	0.39	0	0	0.59
117200	0.59	0.39	0.39	0	0	0.59
117300	0.59	0.39	0.39	0	0	0.59
117400	0.59	0.39	0.39	0	0	0.59
117500	0.59	0.39	0.39	0	0	0.59
117600	0.59	0.39	0.39	0	0	0.59
117700	0.59	0.39	0.39	0	0	0.59
117800	0.59	0.39	0.39	0	0	0.59
117900	0.59	0.39	0.39	0	0	0.59
118000	0.59	0.39	0.39	0	0	0.59
118100	0.59	0.39	0.39	0	0	0.59
118200	0.59	0.39	0.39	0	0	0.59
118300	0.59	0.39	0.39	0	0	0.59
118400	0.59	0.39	0.39	0	0	0.59
118500	0.59	0.39	0.39	0	0	0.59
118600	0.59	0.39	0.39	0	0	0.59
118700	0.59	0.39	0.39	0	0	0.59
118800	0.59	0.39	0.39	0	0	0.59
118900	0.59	0.39	0.39	0	0	0.59
119000	0.59	0.39	0.39	0	0	0.59
119100	0.59	0.39	0.39	0	0	0.59
119200	0.59	0.39	0.39	0	0	0.59
119300	0.59	0.39	0.39	0	0	0.59
119400	0.59	0.39	0.39	0	0	0.59
119500	0.59	0.39	0.39	0	0	0.59
119600	0.59	0.39	0.39	0	0	0.59
119700	0.59	0.39	0.39	0	0	0.59
119800	0.59	0.39	0.39	0	0	0.59
119900	0.59	0.39	0.39	0	0	0.59
120000	0.59	0.39	0.39	0	0	0.59
120100	0.59	0.4	0.4	0	0	0.59
120200	0.59	0.4	0.4	0	0	0.59
120300	0.59	0.4	0.4	0	0	0.59
120400	0.59	0.4	0.4	0	0	0.59
120500	0.59	0.4	0.4	0	0	0.59
120600	0.59	0.4	0.4	0	0	0.59
120700	0.59	0.4	0.4	0	0	0.59
120800	0.59	0.4	0.4	0	0	0.59
120900	0.59	0.4	0.4	0	0	0.59
121000	0.59	0.4	0.4	0	0	0.59
121100	0.59	0.4	0.4	0	0	0.59
121200	0.59	0.4	0.4	0	0	0.59
121300	0.59	0.4	0.4	0	0	0.59
121400	0.59	0.4	0.4	0	0	0.59
121500	0.59	0.4	0.4	0	0	0.59
121600	0.59	0.4	0.4	0	0	0.59
121700	0.59	0.4	0.4	0	0	0.59
121800	0.59	0.4	0.4	0	0	0.59
121900	0.59	0.4	0.4	0	0	0.59
122000	0.59	0.4	0.4	0	0	0.59
122100	0.59	0.4	0.4	0	0	0.59
122200	0.59	0.4	0.4	0	0	0.59
122300	0.59	0.4	0.4	0	0	0.59
122400	0.59	0.4	0.4	0	0	0.59
122500	0.59	0.4	0.4	0	0	0.59
122600	0.59	0.4	0.4	0	0	0.59
122700	0.59	0.41	0.41	0	0	0.59
122800	0.59	0.41	0.41	0	0	0.59
122900	0.59	0.41	0.41	0	0	0.59
123000	0.59	0.41	0.41	0	0	0.59
123100	0.59	0.41	0.41	0	0	0.59
123200	0.59	0.41	0.41	0	0	0.59
123300	0.59	0.41	0.41	0	0	0.59
123400	0.59	0.41	0.41	0	0	0.59
123500	0.59	0.41	0.41	0	0	0.59
123600	0.59	0.41	0.41	0	0	0.59
123700	0.59	0.41	0.41	0	0	0.59
123800	0.59	0.41	0.41	0	0	0.59
123900	0.59	0.41	0.41	0	0	0.59
124000	0.59	0.41	0.41	0	0	0.59
124100	0.59	0.41	0.41	0	0	0.59
124200	0.59	0.41	0.41	0	0	0.59
124300	0.59	0.41	0.41	0	0	0.59
124400	0.59	0.41	0.41	0	0	0.59
124500	0.59	0.4	0.4	0	0	0.59
124600	0.59	0.4	0.4	0	0	0.59
124700	0.59	0.4	0.4	0	0	0.59
124800	0.59	0.4	0.4	0	0	0.59
124900	0.59	0.4	0.4	0	0	0.59
125000	0.59	0.41	0.41	0	0	0.59
125100	0.59	0.41	0.41	0	0	0.59
125200	0.59	0.4	0.4	0	0	0.59
125300	0.59	0.4	0.4	0	0	0.59
125400	0.59	0.4	0.4	0	0	0.59
125500	0.59	0.4	0.4	0	0	0.59
125600	0.59	0.4	0.4	0	0	0.59
125700	0.59	0.4	0.4	0	0	0.59
125800	0.59	0.4	0.4	0	0	0.59
125900	0.59	0.4	0.4	0	0	0.59
126000	0.59	0.4	0.4	0	0	0.59
126100	0.59	0.4	0.4	0	0	0.59
126200	0.59	0.4	0.4	0	0	0.59
126300	0.59	0.4	0.4	0	0	0.59
126400	0.59	0.4	0.4	0	0	0.59
126500	0.59	0.4	0.4	0	0	0.59
126600	0.59	0.4	0.4	0	0	0.59
126700	0.59	0.4	0.4	0	0	0.59
126800	0.59	0.4	0.4	0	0	0.59
126900	0.59	0.4	0.4	0	0	0.59
127000	0.59	0.4	0.4	0	0	0.59
127100	0.59	0.4	0.4	0	0	0.59
127200	0.59	0.4	0.4	0	0	0.59
127300	0.59	0.4	0.4	0	0	0.59
127400	0.59	0.4	0.4	0	0	0.59
127500	0.59	0.4	0.4	0	0	0.59
127600	0.59	0.4	0.4	0	0	0.59
127700	0.59	0.4	0.4	0	0	0.59
127800	0.59	0.4	0.4	0	0	0.59
127900	0.59	0.4	0.4	0	0	0.59
128000	0.59	0.4	0.4	0	0	0.59
128100	0.59	0.4	0.4	0	0	0.59
128200	0.59	0.4	0.4	0	0	0.59
128300	0.59	0.4	0.4	0	0	0.59
128400	0.59	0.4	0.4	0	0	0.59
128500	0.59	0.4	0.4	0	0	0.59
128600	0.59	0.4	0.4	0	0	0.59
128700	0.59	0.4	0.4	0	0	0.59
128800	0.59	0.4	0.4	0	0	0.59
128900	0.59	0.4	0.4	0	0	0.59
129000	0.59	0.4	0.4	0	0	0.59
129100	0.59	0.4	0.4	0	0	0.59
129200	0.59	0.4	0.4	0	0	0.59
129300	0.59	0.4	0.4	0	0	0.59
129400	0.59	0.4	0.4	0	0	0.59
129500	0.59	0.4	0.4	0	0	0.59
129600	0.59	0.4	0.4	0	0	0.59
129700	0.59	0.4	0.4	0	0	0.59
129800	0.59	0.4	0.4	0	0	0.59
129900	0.59	0.4	0.4	0	0	0.59
130000	0.59	0.4	0.4	0	0	0.59
130100	0.59	0.4	0.4	0	0	0.59
130200	0.59	0.4	0.4	0	0	0.59
130300	0.59	0.4	0.4	0	0	0.59
130400	0.59	0.4	0.4	0	0	0.59
130500	0.59	0.4	0.4	0	0	0.59
130600	0.59	0.4	0.4	0	0	0.59
130700	0.59	0.4	0.4	0	0	0.59
130800	0.59	0.41	0.41	0	0	0.59
130900	0.59	0.41	0.41	0	0	0.59
131000	0.59	0.4	0.4	0	0	0.59
131100	0.59	0.4	0.4	0	0	0.59
131200	0.59	0.4	0.4	0	0	0.59
131300	0.59	0.4	0.4	0	0	0.59
131400	0.59	0.4	0.4	0	0	0.59
131500	0.59	0.4	0.4	0	0	0.59
131600	0.59	0.39	0.39	0	0	0.59
131700	0.59	0.39	0.39	0	0	0.59
131800	0.59	0.39	0.39	0	0	0.59
131900	0.59	0.39	0.39	0	0	0.59
132000	0.59	0.39	0.39	0	0	0.59
132100	0.59	0.39	0.39	0	0	0.59
132200	0.59	0.39	0.39	0	0	0.59
132300	0.59	0.39	0.39	0	0	0.59
132400	0.59	0.39	0.39	0	0	0.59
132500	0.59	0.39	0.39	0	0	0.59
132600	0.59	0.39	0.39	0	0	0.59
132700	0.59	0.39	0.39	0	0	0.59
132800	0.59	0.39	0.39	0	0	0.59
132900	0.59	0.39	0.39	0	0	0.59
133000	0.59	0.39	0.39	0	0	0.59
133100	0.59	0.39	0.39	0	0	0.59
133200	0.59	0.39	0.39	0	0	0.59
133300	0.59	0.39	0.39	0	0	0.59
133400	0.59	0.39	0.39	0	0	0.59
133500	0.59	0.39	0.39	0	0	0.59
133600	0.59	0.39	0.39	0	0	0.59
133700	0.59	0.39	0.39	0	0	0.59
133800	0.59	0.39	0.39	0	0	0.59
133900	0.59	0.39	0.39	0	0	0.59
134000	0.58	0.39	0.39	0	0	0.58
134100	0.58	0.39	0.39	0	0	0.58
134200	0.58	0.39	0.39	0	0	0.58
134300	0.58	0.39	0.39	0	0	0.58
134400	0.58	0.39	0.39	0	0	0.58
134500	0.58	0.39	0.39	0	0	0.58
134600	0.58	0.39	0.39	0	0	0.58
134700	0.58	0.39	0.39	0	0	0.58
134800	0.58	0.39	0.39	0	0	0.58
134900	0.58	0.39	0.39	0	0	0.58
135000	0.58	0.39	0.39	0	0	0.58
135100	0.58	0.39	0.39	0	0	0.58
135200	0.58	0.39	0.39	0	0	0.58
135300	0.58	0.39	0.39	0	0	0.58
135400	0.58	0.39	0.39	0	0	0.58
135500	0.58	0.39	0.39	0	0	0.58
135600	0.58	0.39	0.39	0	0	0.58
135700	0.58	0.39	0.39	0	0	0.58
135800	0.58	0.39	0.39	0	0	0.58
135900	0.58	0.39	0.39	0	0	0.58
136000	0.58	0.39	0.39	0	0	0.58
136100	0.58	0.39	0.39	0	0	0.58
136200	0.58	0.39	0.39	0	0	0.58
136300	0.58	0.39	0.39	0	0	0.58
136400	0.58	0.39	0.39	0	0	0.58
136500	0.58	0.39	0.39	0	0	0.58
136600	0.58	0.39	0.39	0	0	0.58
136700	0.58	0.39	0.39	0	0	0.58
136800	0.58	0.39	0.39	0	0	0.58
136900	0.58	0.39	0.39	0	0	0.58
137000	0.59	0.39	0.39	0	0	0.59
137100	0.59	0.39	0.39	0	0	0.59
137200	0.59	0.39	0.39	0	0	0.59
137300	0.59	0.39	0.39	0	0	0.59
137400	0.59	0.39	0.39	0	0	0.59
137500	0.59	0.39	0.39	0	0	0.59
137600	0.59	0.39	0.39	0	0	0.59
137700	0.59	0.39	0.39	0	0	0.59
137800	0.59	0.39	0.39	0	0	0.59
137900	0.59	0.39	0.39	0	0	0.59
138000	0.58	0.39	0.39	0	0	0.58
138100	0.58	0.39	0.39	0	0	0.58
138200	0.58	0.39	0.39	0	0	0.58
138300	0.58	0.39	0.39	0	0	0.58
138400	0.58	0.39	0.39	0	0	0.58
138500	0.58	0.39	0.39	0	0	0.58
138600	0.58	0.39	0.39	0	0	0.58
138700	0.58	0.39	0.39	0	0	0.58
138800	0.58	0.39	0.39	0	0	0.58
138900	0.58	0.39	0.39	0	0	0.58
139000	0.58	0.39	0.39	0	0	0.58
139100	0.58	0.4	0.4	0	0	0.58
139200	0.58	0.4	0.4	0	0	0.58
139300	0.58	0.4	0.4	0	0	0.58
139400	0.58	0.4	0.4	0	0	0.58
139500	0.58	0.4	0.4	0	0	0.58
139600	0.58	0.4	0.4	0	0	0.58
139700	0.58	0.4	0.4	0	0	0.58
139800	0.58	0.4	0.4	0	0	0.58
139900	0.58	0.4	0.4	0	0	0.58
140000	0.58	0.4	0.4	0	0	0.58
140100	0.58	0.4	0.4	0	0	0.58
140200	0.58	0.4	0.4	0	0	0.58
140300	0.58	0.4	0.4	0	0	0.58
140400	0.59	0.4	0.4	0	0	0.59
140500	0.59	0.4	0.4	0	0	0.59
140600	0.59	0.4	0.4	0	0	0.59
140700	0.59	0.4	0.4	0	0	0.59
140800	0.59	0.4	0.4	0	0	0.59
140900	0.59	0.4	0.4	0	0	0.59
141000	0.59	0.4	0.4	0	0	0.59
141100	0.59	0.4	0.4	0	0	0.59
141200	0.59	0.4	0.4	0	0	0.59
141300	0.59	0.4	0.4	0	0	0.59
141400	0.59	0.4	0.4	0	0	0.59
141500	0.59	0.4	0.4	0	0	0.59
141600	0.59	0.4	0.4	0	0	0.59
141700	0.59	0.4	0.4	0	0	0.59
141800	0.59	0.4	0.4	0	0	0.59
141900	0.59	0.4	0.4	0	0	0.59
142000	0.59	0.4	0.4	0	0	0.59
142100	0.59	0.4	0.4	0	0	0.59
142200	0.59	0.4	0.4	0	0	0.59
142300	0.59	0.4	0.4	0	0	0.59
142400	0.59	0.4	0.4	0	0	0.59
142500	0.59	0.4	0.4	0	0	0.59
142600	0.59	0.4	0.4	0	0	0.59
142700	0.59	0.4	0.4	0	0	0.59
142800	0.59	0.4	0.4	0	0	0.59
142900	0.59	0.4	0.4	0	0	0.59
143000	0.59	0.4	0.4	0	0	0.59
143100	0.59	0.4	0.4	0	0	0.59
143200	0.59	0.39	0.39	0	0	0.59
143300	0.59	0.39	0.39	0	0	0.59
143400	0.59	0.39	0.39	0	0	0.59
143500	0.59	0.39	0.39	0	0	0.59
143600	0.59	0.39	0.39	0	0	0.59
143700	0.59	0.39	0.39	0	0	0.59
143800	0.59	0.39	0.39	0	0	0.59
143900	0.59	0.39	0.39	0	0	0.59
144000	0.59	0.39	0.39	0	0	0.59
144100	0.59	0.39	0.39	0	0	0.59
144200	0.59	0.39	0.39	0	0	0.59
144300	0.59	0.39	0.39	0	0	0.59
144400	0.59	0.39	0.39	0	0	0.59
144500	0.59	0.39	0.39	0	0	0.59
144600	0.59	0.39	0.39	0	0	0.59
144700	0.59	0.39	0.39	0	0	0.59
144800	0.59	0.39	0.39	0	0	0.59
144900	0.59	0.39	0.39	0	0	0.59
145000	0.59	0.39	0.39	0	0	0.59
145100	0.59	0.39	0.39	0	0	0.59
145200	0.59	0.39	0.39	0	0	0.59
145300	0.59	0.39	0.39	0	0	0.59
145400	0.59	0.39	0.39	0	0	0.59
145500	0.59	0.39	0.39	0	0	0.59
145600	0.59	0.39	0.39	0	0	0.59
145700	0.59	0.39	0.39	0	0	0.59
145800	0.59	0.39	0.39	0	0	0.59
145900	0.59	0.39	0.39	0	0	0.59
146000	0.59	0.39	0.39	0	0	0.59
146100	0.59	0.39	0.39	0	0	0.59
146200	0.59	0.39	0.39	0	0	0.59
146300	0.59	0.39	0.39	0	0	0.59
146400	0.59	0.39	0.39	0	0	0.59
146500	0.59	0.39	0.39	0	0	0.59
146600	0.59	0.39	0.39	0	0	0.59
146700	0.59	0.39	0.39	0	0	0.59
146800	0.59	0.39	0.39	0	0	0.59
146900	0.59	0.39	0.39	0	0	0.59
147000	0.59	0.39	0.39	0	0	0.59
147100	0.59	0.39	0.39	0	0	0.59
147200	0.59	0.39	0.39	0	0	0.59
147300	0.59	0.39	0.39	0	0	0.59
147400	0.59	0.39	0.39	0	0	0.59
147500	0.59	0.39	0.39	0	0	0.59
147600	0.59	0.39	0.39	0	0	0.59
147700	0.59	0.39	0.39	0	0	0.59
147800	0.59	0.39	0.39	0	0	0.59
147900	0.59	0.39	0.39	0	0	0.59
148000	0.59	0.39	0.39	0	0	0.59
148100	0.59	0.39	0.39	0	0	0.59
148200	0.59	0.39	0.39	0	0	0.59
148300	0.59	0.39	0.39	0	0	0.59
148400	0.59	0.39	0.39	0	0	0.59
148500	0.59	0.39	0.39	0	0	0.59
148600	0.59	0.39	0.39	0	0	0.59
148700	0.59	0.4	0.4	0	0	0.59
148800	0.59	0.4	0.4	0	0	0.59
148900	0.59	0.4	0.4	0	0	0.59
149000	0.59	0.4	0.4	0	0	0.59
149100	0.59	0.4	0.4	0	0	0.59
149200	0.59	0.4	0.4	0	0	0.59
149300	0.59	0.4	0.4	0	0	0.59
149400	0.59	0.41	0.41	0	0	0.59
149500	0.59	0.41	0.41	0	0	0.59
149600	0.59	0.41	0.41	0	0	0.59
149700	0.59	0.41	0.41	0	0	0.59
149800	0.59	0.41	0.41	0	0	0.59
149900	0.59	0.41	0.41	0	0	0.59
150000	0.59	0.41	0.41	0	0	0.59
150100	0.59	0.41	0.41	0	0	0.59
150200	0.59	0.41	0.41	0	0	0.59
150300	0.59	0.41	0.41	0	0	0.59
150400	0.59	0.41	0.41	0	0	0.59
150500	0.59	0.41	0.41	0	0	0.59
150600	0.59	0.41	0.41	0	0	0.59
150700	0.59	0.41	0.41	0	0	0.59
150800	0.59	0.41	0.41	0	0	0.59
150900	0.59	0.41	0.41	0	0	0.59
151000	0.59	0.41	0.41	0	0	0.59
151100	0.59	0.41	0.41	0	0	0.59
151200	0.59	0.41	0.41	0	0	0.59
151300	0.59	0.41	0.41	0	0	0.59
151400	0.59	0.41	0.41	0	0	0.59
151500	0.59	0.41	0.41	0	0	0.59
151600	0.59	0.41	0.41	0	0	0.59
151700	0.59	0.41	0.41	0	0	0.59
151800	0.59	0.41	0.41	0	0	0.59
151900	0.59	0.41	0.41	0	0	0.59
152000	0.59	0.41	0.41	0	0	0.59
152100	0.59	0.41	0.41	0	0	0.59
152200	0.59	0.41	0.41	0	0	0.59
152300	0.59	0.41	0.41	0	0	0.59
152400	0.59	0.41	0.41	0	0	0.59
152500	0.59	0.41	0.41	0	0	0.59
152600	0.59	0.41	0.41	0	0	0.59
152700	0.59	0.41	0.41	0	0	0.59
152800	0.59	0.41	0.41	0	0	0.59
152900	0.59	0.41	0.41	0	0	0.59
153000	0.59	0.41	0.41	0	0	0.59
153100	0.59	0.41	0.41	0	0	0.59
153200	0.59	0.41	0.41	0	0	0.59
153300	0.59	0.41	0.41	0	0	0.59
153400	0.59	0.41	0.41	0	0	0.59
153500	0.59	0.41	0.41	0	0	0.59
153600	0.59	0.41	0.41	0	0	0.59
153700	0.59	0.41	0.41	0	0	0.59
153800	0.59	0.41	0.41	0	0	0.59
153900	0.59	0.41	0.41	0	0	0.59
154000	0.59	0.41	0.41	0	0	0.59
154100	0.59	0.41	0.41	0	0	0.59
154200	0.59	0.41	0.41	0	0	0.59
154300	0.59	0.41	0.41	0	0	0.59
154400	0.59	0.41	0.41	0	0	0.59
154500	0.59	0.41	0.41	0	0	0.59
154600	0.59	0.41	0.41	0	0	0.59
154700	0.59	0.41	0.41	0	0	0.59
154800	0.59	0.41	0.41	0	0	0.59
154900	0.59	0.41	0.41	0	0	0.59
155000	0.59	0.41	0.41	0	0	0.59
155100	0.59	0.41	0.41	0	0	0.59
155200	0.59	0.41	0.41	0	0	0.59
155300	0.59	0.41	0.41	0	0	0.59
155400	0.59	0.41	0.41	0	0	0.59
155500	0.59	0.41	0.41	0	0	0.59
155600	0.59	0.41	0.41	0	0	0.59
155700	0.59	0.41	0.41	0	0	0.59
155800	0.59	0.41	0.41	0	0	0.59
155900	0.59	0.41	0.41	0	0	0.59
156000	0.59	0.41	0.41	0	0	0.59
156100	0.59	0.41	0.41	0	0	0.59
156200	0.59	0.41	0.41	0	0	0.59
156300	0.59	0.41	0.41	0	0	0.59
156400	0.59	0.41	0.41	0	0	0.59
156500	0.59	0.41	0.41	0	0	0.59
156600	0.59	0.41	0.41	0	0	0.59
156700	0.59	0.41	0.41	0	0	0.59
156800	0.59	0.41	0.41	0	0	0.59
156900	0.59	0.41	0.41	0	0	0.59
157000	0.59	0.41	0.41	0	0	0.59
157100	0.59	0.41	0.41	0	0	0.59
157200	0.59	0.41	0.41	0	0	0.59
157300	0.59	0.41	0.41	0	0	0.59
157400	0.59	0.41	0.41	0	0	0.59
157500	0.59	0.41	0.41	0	0	0.59
157600	0.59	0.41	0.41	0	0	0.59
157700	0.59	0.41	0.41	0	0	0.59
157800	0.59	0.41	0.41	0	0	0.59
157900	0.59	0.41	0.41	0	0	0.59
158000	0.59	0.4	0.4	0	0	0.59
158100	0.59	0.4	0.4	0	0	0.59
158200	0.59	0.4	0.4	0	0	0.59
158300	0.59	0.4	0.4	0	0	0.59
158400	0.59	0.4	0.4	0	0	0.59
158500	0.59	0.4	0.4	0	0	0.59
158600	0.59	0.4	0.4	0	0	0.59
158700	0.59	0.4	0.4	0	0	0.59
158800	0.59	0.4	0.4	0	0	0.59
158900	0.59	0.4	0.4	0	0	0.59
159000	0.59	0.4	0.4	0	0	0.59
159100	0.59	0.4	0.4	0	0	0.59
159200	0.59	0.4	0.4	0	0	0.59
159300	0.59	0.4	0.4	0	0	0.59
159400	0.59	0.4	0.4	0	0	0.59
159500	0.59	0.4	0.4	0	0	0.59
159600	0.59	0.4	0.4	0	0	0.59
159700	0.59	0.4	0.4	0	0	0.59
159800	0.59	0.4	0.4	0	0	0.59
159900	0.59	0.4	0.4	0	0	0.59
160000	0.59	0.4	0.4	0	0	0.59
160100	0.59	0.4	0.4	0	0	0.59
160200	0.59	0.4	0.4	0	0	0.59
160300	0.59	0.4	0.4	0	0	0.59
160400	0.59	0.4	0.4	0	0	0.59
160500	0.59	0.4	0.4	0	0	0.59
160600	0.59	0.4	0.4	0	0	0.59
160700	0.59	0.4	0.4	0	0	0.59
160800	0.59	0.4	0.4	0	0	0.59
160900	0.59	0.4	0.4	0	0	0.59
161000	0.59	0.4	0.4	0	0	0.59
161100	0.59	0.4	0.4	0	0	0.59
161200	0.59	0.4	0.4	0	0	0.59
161300	0.59	0.4	0.4	0	0	0.59
161400	0.59	0.4	0.4	0	0	0.59
161500	0.59	0.4	0.4	0	0	0.59
161600	0.59	0.4	0.4	0	0	0.59
161700	0.59	0.4	0.4	0	0	0.59
161800	0.59	0.4	0.4	0	0	0.59
161900	0.59	0.4	0.4	0	0	0.59
162000	0.59	0.4	0.4	0	0	0.59
162100	0.59	0.4	0.4	0	0	0.59
162200	0.59	0.4	0.4	0	0	0.59
162300	0.59	0.4	0.4	0	0	0.59
162400	0.59	0.4	0.4	0	0	0.59
162500	0.59	0.4	0.4	0	0	0.59
162600	0.59	0.4	0.4	0	0	0.59
162700	0.59	0.4	0.4	0	0	0.59
162800	0.59	0.4	0.4	0	0	0.59
162900	0.59	0.41	0.41	0	0	0.59
163000	0.59	0.41	0.41	0	0	0.59
163100	0.59	0.41	0.41	0	0	0.59
163200	0.59	0.41	0.41	0	0	0.59
163300	0.59	0.41	0.41	0	0	0.59
163400	0.59	0.41	0.41	0	0	0.59
163500	0.59	0.41	0.41	0	0	0.59
163600	0.59	0.41	0.41	0	0	0.59
163700	0.59	0.41	0.41	0	0	0.59
163800	0.59	0.41	0.41	0	0	0.59
163900	0.59	0.41	0.41	0	0	0.59
164000	0.59	0.41	0.41	0	0	0.59
164100	0.59	0.41	0.41	0	0	0.59
164200	0.59	0.41	0.41	0	0	0.59
164300	0.59	0.41	0.41	0	0	0.59
164400	0.59	0.41	0.41	0	0	0.59
164500	0.59	0.41	0.41	0	0	0.59
164600	0.59	0.41	0.41	0	0	0.59
164700	0.59	0.41	0.41	0	0	0.59
164800	0.59	0.41	0.41	0	0	0.59
164900	0.59	0.41	0.41	0	0	0.59
165000	0.59	0.41	0.41	0	0	0.59
165100	0.59	0.41	0.41	0	0	0.59
165200	0.59	0.41	0.41	0	0	0.59
165300	0.59	0.41	0.41	0	0	0.59
165400	0.59	0.41	0.41	0	0	0.59
165500	0.59	0.41	0.41	0	0	0.59
165600	0.59	0.41	0.41	0	0	0.59
165700	0.59	0.41	0.41	0	0	0.59
165800	0.59	0.41	0.41	0	0	0.59
165900	0.59	0.41	0.41	0	0	0.59
166000	0.59	0.41	0.41	0	0	0.59
166100	0.59	0.41	0.41	0	0	0.59
166200	0.59	0.41	0.41	0	0	0.59
166300	0.59	0.41	0.41	0	0	0.59
166400	0.59	0.41	0.41	0	0	0.59
166500	0.59	0.41	0.41	0	0	0.59
166600	0.59	0.41	0.41	0	0	0.59
166700	0.59	0.41	0.41	0	0	0.59
166800	0.59	0.41	0.41	0	0	0.59
166900	0.59	0.41	0.41	0	0	0.59
167000	0.59	0.41	0.41	0	0	0.59
167100	0.59	0.41	0.41	0	0	0.59
167200	0.59	0.41	0.41	0	0	0.59
167300	0.59	0.41	0.41	0	0	0.59
167400	0.59	0.41	0.41	0	0	0.59
167500	0.59	0.41	0.41	0	0	0.59
167600	0.59	0.41	0.41	0	0	0.59
167700	0.59	0.41	0.41	0	0	0.59
167800	0.59	0.41	0.41	0	0	0.59
167900	0.59	0.41	0.41	0	0	0.59
168000	0.59	0.41	0.41	0	0	0.59
168100	0.59	0.41	0.41	0	0	0.59
168200	0.59	0.41	0.41	0	0	0.59
168300	0.59	0.41	0.41	0	0	0.59
168400	0.59	0.41	0.41	0	0	0.59
168500	0.59	0.41	0.41	0	0	0.59
168600	0.59	0.41	0.41	0	0	0.59
168700	0.59	0.41	0.41	0	0	0.59
168800	0.59	0.41	0.41	0	0	0.59
168900	0.59	0.41	0.41	0	0	0.59
169000	0.59	0.41	0.41	0	0	0.59
169100	0.59	0.41	0.41	0	0	0.59
169200	0.59	0.41	0.41	0	0	0.59
169300	0.59	0.41	0.41	0	0	0.59
169400	0.59	0.41	0.41	0	0	0.59
169500	0.59	0.41	0.41	0	0	0.59
169600	0.59	0.41	0.41	0	0	0.59
169700	0.59	0.41	0.41	0	0	0.59
169800	0.59	0.41	0.41	0	0	0.59
169900	0.59	0.41	0.41	0	0	0.59
170000	0.59	0.41	0.41	0	0	0.59
170100	0.59	0.41	0.41	0	0	0.59
170200	0.59	0.41	0.41	0	0	0.59
170300	0.59	0.41	0.41	0	0	0.59
170400	0.59	0.41	0.41	0	0	0.59
170500	0.59	0.41	0.41	0	0	0.59
170600	0.59	0.41	0.41	0	0	0.59
170700	0.59	0.41	0.41	0	0	0.59
170800	0.59	0.41	0.41	0	0	0.59
170900	0.59	0.41	0.41	0	0	0.59
171000	0.59	0.41	0.41	0	0	0.59
171100	0.59	0.41	0.41	0	0	0.59
171200	0.59	0.41	0.41	0	0	0.59
171300	0.59	0.41	0.41	0	0	0.59
171400	0.59	0.41	0.41	0	0	0.59
171500	0.59	0.41	0.41	0	0	0.59
171600	0.59	0.41	0.41	0	0	0.59
171700	0.59	0.41	0.41	0	0	0.59
171800	0.59	0.41	0.41	0	0	0.59
171900	0.59	0.41	0.41	0	0	0.59
172000	0.59	0.41	0.41	0	0	0.59
172100	0.59	0.41	0.41	0	0	0.59
172200	0.59	0.41	0.41	0	0	0.59
172300	0.59	0.41	0.41	0	0	0.59
172400	0.59	0.41	0.41	0	0	0.59
172500	0.59	0.41	0.41	0	0	0.59
172600	0.59	0.41	0.41	0	0	0.59
172700	0.59	0.41	0.41	0	0	0.59
172800	0.59	0.41	0.41	0	0	0.59
172900	0.59	0.41	0.41	0	0	0.59
173000	0.59	0.41	0.41	0	0	0.59
173100	0.59	0.41	0.41	0	0	0.59
173200	0.59	0.41	0.41	0	0	0.59
173300	0.59	0.41	0.41	0	0	0.59
173400	0.59	0.41	0.41	0	0	0.59
173500	0.59	0.41	0.41	0	0	0.59
173600	0.59	0.41	0.41	0	0	0.59
173700	0.59	0.41	0.41	0	0	0.59
173800	0.59	0.41	0.41	0	0	0.59
173900	0.59	0.41	0.41	0	0	0.59
174000	0.59	0.41	0.41	0	0	0.59
174100	0.59	0.41	0.41	0	0	0.59
174200	0.59	0.41	0.41	0	0	0.59
174300	0.59	0.41	0.41	0	0	0.59
174400	0.59	0.41	0.41	0	0	0.59
174500	0.59	0.41	0.41	0	0	0.59
174600	0.59	0.41	0.41	0	0	0.59
174700	0.59	0.41	0.41	0	0	0.59
174800	0.59	0.41	0.41	0	0	0.59
174900	0.59	0.41	0.41	0	0	0.59
175000	0.59	0.41	0.41	0	0	0.59
175100	0.59	0.41	0.41	0	0	0.59
175200	0.58	0.41	0.41	0	0	0.58
175300	0.58	0.41	0.41	0	0	0.58
175400	0.58	0.41	0.41	0	0	0.58
175500	0.58	0.41	0.41	0	0	0.58
175600	0.58	0.41	0.41	0	0	0.58
175700	0.58	0.41	0.41	0	0	0.58
175800	0.58	0.41	0.41	0	0	0.58
175900	0.58	0.41	0.41	0	0	0.58
176000	0.58	0.41	0.41	0	0	0.58
176100	0.58	0.41	0.41	0	0	0.58
176200	0.58	0.41	0.41	0	0	0.58
176300	0.58	0.41	0.41	0	0	0.58
176400	0.58	0.41	0.41	0	0	0.58
176500	0.58	0.41	0.41	0	0	0.58
176600	0.58	0.41	0.41	0	0	0.58
176700	0.58	0.41	0.41	0	0	0.58
176800	0.58	0.41	0.41	0	0	0.58
176900	0.58	0.41	0.41	0	0	0.58
177000	0.58	0.41	0.41	0	0	0.58
177100	0.58	0.41	0.41	0	0	0.58
177200	0.58	0.41	0.41	0	0	0.58
177300	0.58	0.41	0.41	0	0	0.58
177400	0.58	0.41	0.41	0	0	0.58
177500	0.58	0.41	0.41	0	0	0.58
177600	0.58	0.41	0.41	0	0	0.58
177700	0.58	0.41	0.41	0	0	0.58
177800	0.58	0.41	0.41	0	0	0.58
177900	0.58	0.41	0.41	0	0	0.58
178000	0.58	0.41	0.41	0	0	0.58
178100	0.58	0.41	0.41	0	0	0.58
178200	0.58	0.41	0.41	0	0	0.58
178300	0.58	0.41	0.41	0	0	0.58
178400	0.58	0.41	0.41	0	0	0.58
178500	0.58	0.41	0.41	0	0	0.58
178600	0.58	0.41	0.41	0	0	0.58
178700	0.58	0.41	0.41	0	0	0.58
178800	0.58	0.41	0.41	0	0	0.58
178900	0.58	0.41	0.41	0	0	0.58
179000	0.58	0.41	0.41	0	0	0.58
179100	0.58	0.41	0.41	0	0	0.58
179200	0.58	0.41	0.41	0	0	0.58
179300	0.58	0.41	0.41	0	0	0.58
179400	0.58	0.41	0.41	0	0	0.58
179500	0.58	0.41	0.41	0	0	0.58
179600	0.58	0.41	0.41	0	0	0.58
179700	0.58	0.41	0.41	0	0	0.58
179800	0.58	0.41	0.41	0	0	0.58
179900	0.58	0.41	0.41	0	0	0.58
180000	0.58	0.41	0.41	0	0	0.58
180100	0.58	0.41	0.41	0	0	0.58
180200	0.58	0.41	0.41	0	0	0.58
180300	0.58	0.41	0.41	0	0	0.58
180400	0.58	0.41	0.41	0	0	0.58
180500	0.58	0.41	0.41	0	0	0.58
180600	0.58	0.41	0.41	0	0	0.58
180700	0.58	0.41	0.41	0	0	0.58
180800	0.58	0.41	0.41	0	0	0.58
180900	0.58	0.41	0.41	0	0	0.58
181000	0.58	0.41	0.41	0	0	0.58
181100	0.58	0.41	0.41	0	0	0.58
181200	0.58	0.41	0.41	0	0	0.58
181300	0.58	0.41	0.41	0	0	0.58
181400	0.58	0.41	0.41	0	0	0.58
181500	0.58	0.41	0.41	0	0	0.58
181600	0.58	0.41	0.41	0	0	0.58
181700	0.58	0.41	0.41	0	0	0.58
181800	0.58	0.41	0.41	0	0	0.58
181900	0.58	0.41	0.41	0	0	0.58
182000	0.58	0.41	0.41	0	0	0.58
182100	0.58	0.41	0.41	0	0	0.58
182200	0.58	0.41	0.41	0	0	0.58
182300	0.58	0.41	0.41	0	0	0.58
182400	0.58	0.41	0.41	0	0	0.58
182500	0.58	0.41	0.41	0	0	0.58
182600	0.58	0.41	0.41	0	0	0.58
182700	0.58	0.41	0.41	0	0	0.58
182800	0.58	0.41	0.41	0	0	0.58
182900	0.58	0.41	0.41	0	0	0.58
183000	0.58	0.41	0.41	0	0	0.58
183100	0.58	0.41	0.41	0	0	0.58
183200	0.58	0.41	0.41	0	0	0.58
183300	0.58	0.41	0.41	0	0	0.58
183400	0.58	0.41	0.41	0	0	0.58
183500	0.58	0.41	0.41	0	0	0.58
183600	0.58	0.41	0.41	0	0	0.58
183700	0.58	0.41	0.41	0	0	0.58
183800	0.58	0.41	0.41	0	0	0.58
183900	0.58	0.41	0.41	0	0	0.58
184000	0.58	0.41	0.41	0	0	0.58
184100	0.58	0.41	0.41	0	0	0.58
184200	0.58	0.41	0.41	0	0	0.58
184300	0.58	0.41	0.41	0	0	0.58
184400	0.58	0.41	0.41	0	0	0.58
184500	0.58	0.41	0.41	0	0	0.58
184600	0.58	0.41	0.41	0	0	0.58
184700	0.58	0.41	0.41	0	0	0.58
184800	0.58	0.41	0.41	0	0	0.58
184900	0.58	0.41	0.41	0	0	0.58
185000	0.58	0.41	0.41	0	0	0.58
185100	0.58	0.41	0.41	0	0	0.58
185200	0.59	0.41	0.41	0	0	0.59
185300	0.59	0.41	0.41	0	0	0.59
185400	0.59	0.41	0.41	0	0	0.59
185500	0.59	0.41	0.41	0	0	0.59
185600	0.59	0.41	0.41	0	0	0.59
185700	0.59	0.41	0.41	0	0	0.59
185800	0.59	0.41	0.41	0	0	0.59
185900	0.59	0.41	0.41	0	0	0.59
186000	0.59	0.41	0.41	0	0	0.59
186100	0.59	0.41	0.41	0	0	0.59
186200	0.59	0.41	0.41	0	0	0.59
186300	0.59	0.41	0.41	0	0	0.59
186400	0.59	0.41	0.41	0	0	0.59
186500	0.59	0.41	0.41	0	0	0.59
186600	0.59	0.41	0.41	0	0	0.59
186700	0.59	0.41	0.41	0	0	0.59
186800	0.59	0.41	0.41	0	0	0.59
186900	0.59	0.41	0.41	0	0	0.59
187000	0.59	0.41	0.41	0	0	0.59
187100	0.59	0.41	0.41	0	0	0.59
187200	0.59	0.41	0.41	0	0	0.59
187300	0.59	0.41	0.41	0	0	0.59
187400	0.59	0.41	0.41	0	0	0.59
187500	0.59	0.41	0.41	0	0	0.59
187600	0.59	0.41	0.41	0	0	0.59
187700	0.59	0.41	0.41	0	0	0.59
187800	0.59	0.41	0.41	0	0	0.59
187900	0.59	0.41	0.41	0	0	0.59
188000	0.59	0.41	0.41	0	0	0.59
188100	0.59	0.41	0.41	0	0	0.59
188200	0.59	0.41	0.41	0	0	0.59
188300	0.59	0.41	0.41	0	0	0.59
188400	0.59	0.41	0.41	0	0	0.59
188500	0.59	0.41	0.41	0	0	0.59
188600	0.59	0.41	0.41	0	0	0.59
188700	0.59	0.41	0.41	0	0	0.59
188800	0.59	0.41	0.41	0	0	0.59
188900	0.59	0.41	0.41	0	0	0.59
189000	0.59	0.41	0.41	0	0	0.59
189100	0.59	0.41	0.41	0	0	0.59
189200	0.59	0.41	0.41	0	0	0.59
189300	0.59	0.41	0.41	0	0	0.59
189400	0.59	0.41	0.41	0	0	0.59
189500	0.59	0.41	0.41	0	0	0.59
189600	0.59	0.41	0.41	0	0	0.59
189700	0.59	0.41	0.41	0	0	0.59
189800	0.59	0.41	0.41	0	0	0.59
189900	0.59	0.41	0.41	0	0	0.59
190000	0.59	0.41	0.41	0	0	0.59
190100	0.59	0.41	0.41	0	0	0.59
190200	0.59	0.41	0.41	0	0	0.59
190300	0.59	0.41	0.41	0	0	0.59
190400	0.59	0.41	0.41	0	0	0.59
190500	0.59	0.41	0.41	0	0	0.59
190600	0.59	0.41	0.41	0	0	0.59
190700	0.59	0.41	0.41	0	0	0.59
190800	0.59	0.41	0.41	0	0	0.59
190900	0.59	0.41	0.41	0	0	0.59
191000	0.59	0.41	0.41	0	0	0.59
191100	0.59	0.41	0.41	0	0	0.59
191200	0.59	0.41	0.41	0	0	0.59
191300	0.59	0.41	0.41	0	0	0.59
191400	0.59	0.41	0.41	0	0	0.59
191500	0.59	0.41	0.41	0	0	0.59
191600	0.59	0.41	0.41	0	0	0.59
191700	0.59	0.4	0.4	0	0	0.59
191800	0.59	0.4	0.4	0	0	0.59
191900	0.59	0.4	0.4	0	0	0.59
192000	0.59	0.4	0.4	0	0	0.59
192100	0.59	0.4	0.4	0	0	0.59
192200	0.59	0.4	0.4	0	0	0.59
192300	0.59	0.4	0.4	0	0	0.59
192400	0.59	0.4	0.4	0	0	0.59
192500	0.59	0.4	0.4	0	0	0.59
192600	0.59	0.4	0.4	0	0	0.59
192700	0.59	0.4	0.4	0	0	0.59
192800	0.59	0.4	0.4	0	0	0.59
192900	0.59	0.4	0.4	0	0	0.59
193000	0.59	0.4	0.4	0	0	0.59
193100	0.59	0.4	0.4	0	0	0.59
193200	0.59	0.4	0.4	0	0	0.59
193300	0.59	0.4	0.4	0	0	0.59
193400	0.59	0.4	0.4	0	0	0.59
193500	0.59	0.4	0.4	0	0	0.59
193600	0.59	0.4	0.4	0	0	0.59
193700	0.59	0.4	0.4	0	0	0.59
193800	0.59	0.4	0.4	0	0	0.59
193900	0.59	0.4	0.4	0	0	0.59
194000	0.59	0.4	0.4	0	0	0.59
194100	0.59	0.4	0.4	0	0	0.59
194200	0.59	0.4	0.4	0	0	0.59
194300	0.59	0.4	0.4	0	0	0.59
194400	0.59	0.4	0.4	0	0	0.59
194500	0.59	0.4	0.4	0	0	0.59
194600	0.59	0.4	0.4	0	0	0.59
194700	0.59	0.4	0.4	0	0	0.59
194800	0.59	0.4	0.4	0	0	0.59
194900	0.59	0.4	0.4	0	0	0.59
195000	0.59	0.4	0.4	0	0	0.59
195100	0.59	0.4	0.4	0	0	0.59
195200	0.59	0.4	0.4	0	0	0.59
195300	0.59	0.4	0.4	0	0	0.59
195400	0.59	0.4	0.4	0	0	0.59
195500	0.59	0.4	0.4	0	0	0.59
195600	0.59	0.4	0.4	0	0	0.59
195700	0.59	0.4	0.4	0	0	0.59
195800	0.59	0.4	0.4	0	0	0.59
195900	0.59	0.4	0.4	0	0	0.59
196000	0.59	0.4	0.4	0	0	0.59
196100	0.59	0.4	0.4	0	0	0.59
196200	0.59	0.4	0.4	0	0	0.59
196300	0.59	0.4	0.4	0	0	0.59
196400	0.59	0.4	0.4	0	0	0.59
196500	0.59	0.4	0.4	0	0	0.59
196600	0.59	0.4	0.4	0	0	0.59
196700	0.59	0.4	0.4	0	0	0.59
196800	0.59	0.4	0.4	0	0	0.59
196900	0.59	0.4	0.4	0	0	0.59
197000	0.59	0.4	0.4	0	0	0.59
197100	0.59	0.4	0.4	0	0	0.59
197200	0.59	0.4	0.4	0	0	0.59
197300	0.59	0.4	0.4	0	0	0.59
197400	0.59	0.4	0.4	0	0	0.59
197500	0.59	0.4	0.4	0	0	0.59
197600	0.59	0.4	0.4	0	0	0.59
197700	0.59	0.4	0.4	0	0	0.59
197800	0.59	0.4	0.4	0	0	0.59
197900	0.59	0.4	0.4	0	0	0.59
198000	0.59	0.4	0.4	0	0	0.59
198100	0.59	0.4	0.4	0	0	0.59
198200	0.59	0.4	0.4	0	0	0.59
198300	0.59	0.4	0.4	0	0	0.59
198400	0.59	0.4	0.4	0	0	0.59
198500	0.59	0.4	0.4	0	0	0.59
198600	0.59	0.4	0.4	0	0	0.59
198700	0.59	0.4	0.4	0	0	0.59
198800	0.59	0.4	0.4	0	0	0.59
198900	0.59	0.4	0.4	0	0	0.59
199000	0.59	0.4	0.4	0	0	0.59
199100	0.59	0.4	0.4	0	0	0.59
199200	0.59	0.4	0.4	0	0	0.59
199300	0.59	0.4	0.4	0	0	0.59
199400	0.59	0.4	0.4	0	0	0.59
199500	0.59	0.4	0.4	0	0	0.59
199600	0.59	0.4	0.4	0	0	0.59
199700	0.59	0.4	0.4	0	0	0.59
199800	0.59	0.4	0.4	0	0	0.59
199900	0.59	0.4	0.4	0	0	0.59
200000	0.59	0.4	0.4	0	0	0.59
200100	0.59	0.4	0.4	0	0	0.59
200200	0.59	0.4	0.4	0	0	0.59
200300	0.59	0.4	0.4	0	0	0.59
200400	0.59	0.4	0.4	0	0	0.59
200500	0.59	0.4	0.4	0	0	0.59
200600	0.59	0.4	0.4	0	0	0.59
200700	0.59	0.4	0.4	0	0	0.59
200800	0.59	0.4	0.4	0	0	0.59
200900	0.59	0.4	0.4	0	0	0.59
201000	0.59	0.4	0.4	0	0	0.59
201100	0.59	0.4	0.4	0	0	0.59
201200	0.59	0.4	0.4	0	0	0.59
201300	0.59	0.4	0.4	0	0	0.59
201400	0.59	0.4	0.4	0	0	0.59
201500	0.59	0.4	0.4	0	0	0.59
201600	0.59	0.41	0.41	0	0	0.59
201700	0.59	0.41	0.41	0	0	0.59
201800	0.59	0.41	0.41	0	0	0.59
201900	0.59	0.41	0.41	0	0	0.59
202000	0.59	0.41	0.41	0	0	0.59
202100	0.59	0.41	0.41	0	0	0.59
202200	0.59	0.41	0.41	0	0	0.59
202300	0.59	0.41	0.41	0	0	0.59
202400	0.59	0.41	0.41	0	0	0.59
202500	0.59	0.41	0.41	0	0	0.59
202600	0.59	0.41	0.41	0	0	0.59
202700	0.59	0.41	0.41	0	0	0.59
202800	0.59	0.41	0.41	0	0	0.59
202900	0.59	0.41	0.41	0	0	0.59
203000	0.59	0.41	0.41	0	0	0.59
203100	0.59	0.41	0.41	0	0	0.59
203200	0.59	0.41	0.41	0	0	0.59
203300	0.59	0.41	0.41	0	0	0.59
203400	0.59	0.41	0.41	0	0	0.59
203500	0.59	0.41	0.41	0	0	0.59
203600	0.59	0.41	0.41	0	0	0.59
203700	0.59	0.41	0.41	0	0	0.59
203800	0.59	0.41	0.41	0	0	0.59
203900	0.59	0.41	0.41	0	0	0.59
204000	0.59	0.41	0.41	0	0	0.59
204100	0.59	0.41	0.41	0	0	0.59
204200	0.58	0.41	0.41	0	0	0.58
204300	0.58	0.41	0.41	0	0	0.58
204400	0.58	0.41	0.41	0	0	0.58
204500	0.58	0.41	0.41	0	0	0.58
204600	0.58	0.41	0.41	0	0	0.58
204700	0.58	0.41	0.41	0	0	0.58
204800	0.59	0.41	0.41	0	0	0.59
204900	0.59	0.41	0.41	0	0	0.59
205000	0.59	0.41	0.41	0	0	0.59
205100	0.59	0.41	0.41	0	0	0.59
205200	0.59	0.41	0.41	0	0	0.59
205300	0.59	0.41	0.41	0	0	0.59
205400	0.59	0.41	0.41	0	0	0.59
205500	0.59	0.41	0.41	0	0	0.59
205600	0.59	0.41	0.41	0	0	0.59
205700	0.59	0.41	0.41	0	0	0.59
205800	0.59	0.41	0.41	0	0	0.59
205900	0.59	0.41	0.41	0	0	0.59
206000	0.59	0.41	0.41	0	0	0.59
206100	0.59	0.41	0.41	0	0	0.59
206200	0.59	0.41	0.41	0	0	0.59
206300	0.59	0.41	0.41	0	0	0.59
206400	0.59	0.41	0.41	0	0	0.59
206500	0.59	0.41	0.41	0	0	0.59
206600	0.59	0.41	0.41	0	0	0.59
206700	0.59	0.41	0.41	0	0	0.59
206800	0.59	0.41	0.41	0	0	0.59
206900	0.59	0.41	0.41	0	0	0.59
207000	0.59	0.41	0.41	0	0	0.59
207100	0.59	0.41	0.41	0	0	0.59
207200	0.59	0.41	0.41	0	0	0.59
207300	0.59	0.41	0.41	0	0	0.59
207400	0.59	0.41	0.41	0	0	0.59
207500	0.59	0.41	0.41	0	0	0.59
207600	0.59	0.41	0.41	0	0	0.59
207700	0.59	0.41	0.41	0	0	0.59
207800	0.59	0.41	0.41	0	0	0.59
207900	0.59	0.41	0.41	0	0	0.59
208000	0.59	0.41	0.41	0	0	0.59
208100	0.59	0.41	0.41	0	0	0.59
208200	0.59	0.41	0.41	0	0	0.59
208300	0.59	0.41	0.41	0	0	0.59
208400	0.59	0.41	0.41	0	0	0.59
208500	0.59	0.41	0.41	0	0	0.59
208600	0.59	0.41	0.41	0	0	0.59
208700	0.59	0.41	0.41	0	0	0.59
208800	0.59	0.41	0.41	0	0	0.59
208900	0.59	0.41	0.41	0	0	0.59
209000	0.59	0.41	0.41	0	0	0.59
209100	0.59	0.41	0.41	0	0	0.59
209200	0.59	0.41	0.41	0	0	0.59
209300	0.59	0.41	0.41	0	0	0.59
209400	0.59	0.41	0.41	0	0	0.59
209500	0.59	0.41	0.41	0	0	0.59
209600	0.59	0.41	0.41	0	0	0.59
209700	0.59	0.41	0.41	0	0	0.59
209800	0.59	0.41	0.41	0	0	0.59
209900	0.59	0.41	0.41	0	0	0.59
210000	0.59	0.41	0.41	0	0	0.59
210100	0.59	0.41	0.41	0	0	0.59
210200	0.59	0.41	0.41	0	0	0.59
210300	0.59	0.41	0.41	0	0	0.59
210400	0.59	0.41	0.41	0	0	0.59
210500	0.59	0.41	0.41	0	0	0.59
210600	0.59	0.41	0.41	0	0	0.59
210700	0.59	0.41	0.41	0	0	0.59
210800	0.59	0.41	0.41	0	0	0.59
210900	0.59	0.41	0.41	0	0	0.59
211000	0.59	0.41	0.41	0	0	0.59
211100	0.59	0.41	0.41	0	0	0.59
211200	0.59	0.41	0.41	0	0	0.59
211300	0.59	0.4	0.4	0	0	0.59
211400	0.59	0.4	0.4	0	0	0.59
211500	0.59	0.4	0.4	0	0	0.59
211600	0.59	0.39	0.39	0	0	0.59
211700	0.59	0.39	0.39	0	0	0.59
211800	0.59	0.39	0.39	0	0	0.59
211900	0.59	0.39	0.39	0	0	0.59
212000	0.59	0.39	0.39	0	0	0.59
212100	0.59	0.39	0.39	0	0	0.59
212200	0.59	0.39	0.39	0	0	0.59
212300	0.59	0.39	0.39	0	0	0.59
212400	0.59	0.39	0.39	0	0	0.59
212500	0.59	0.39	0.39	0	0	0.59
212600	0.59	0.39	0.39	0	0	0.59
212700	0.59	0.39	0.39	0	0	0.59
212800	0.59	0.39	0.39	0	0	0.59
212900	0.59	0.39	0.39	0	0	0.59
213000	0.59	0.39	0.39	0	0	0.59
213100	0.59	0.39	0.39	0	0	0.59
213200	0.59	0.39	0.39	0	0	0.59
213300	0.59	0.39	0.39	0	0	0.59
213400	0.59	0.39	0.39	0	0	0.59
213500	0.59	0.39	0.39	0	0	0.59
213600	0.59	0.39	0.39	0	0	0.59
213700	0.59	0.39	0.39	0	0	0.59
213800	0.59	0.39	0.39	0	0	0.59
213900	0.59	0.39	0.39	0	0	0.59
214000	0.59	0.39	0.39	0	0	0.59
214100	0.59	0.39	0.39	0	0	0.59
214200	0.59	0.39	0.39	0	0	0.59
214300	0.59	0.39	0.39	0	0	0.59
214400	0.59	0.39	0.39	0	0	0.59
214500	0.59	0.39	0.39	0	0	0.59
214600	0.59	0.39	0.39	0	0	0.59
214700	0.59	0.39	0.39	0	0	0.59
214800	0.59	0.39	0.39	0	0	0.59
214900	0.59	0.39	0.39	0	0	0.59
215000	0.59	0.39	0.39	0	0	0.59
215100	0.59	0.39	0.39	0	0	0.59
215200	0.59	0.39	0.39	0	0	0.59
215300	0.59	0.39	0.39	0	0	0.59
215400	0.59	0.39	0.39	0	0	0.59
215500	0.59	0.39	0.39	0	0	0.59
215600	0.59	0.39	0.39	0	0	0.59
215700	0.59	0.39	0.39	0	0	0.59
215800	0.59	0.4	0.4	0	0	0.59
215900	0.59	0.4	0.4	0	0	0.59
216000	0.59	0.4	0.4	0	0	0.59
216100	0.59	0.4	0.4	0	0	0.59
216200	0.59	0.4	0.4	0	0	0.59
216300	0.59	0.4	0.4	0	0	0.59
216400	0.59	0.4	0.4	0	0	0.59
216500	0.59	0.4	0.4	0	0	0.59
216600	0.59	0.4	0.4	0	0	0.59
216700	0.59	0.41	0.41	0	0	0.59
216800	0.59	0.41	0.41	0	0	0.59
216900	0.59	0.41	0.41	0	0	0.59
217000	0.59	0.41	0.41	0	0	0.59
217100	0.59	0.41	0.41	0	0	0.59
217200	0.59	0.41	0.41	0	0	0.59
217300	0.59	0.41	0.41	0	0	0.59
217400	0.59	0.41	0.41	0	0	0.59
217500	0.59	0.41	0.41	0	0	0.59
217600	0.59	0.41	0.41	0	0	0.59
217700	0.59	0.41	0.41	0	0	0.59
217800	0.59	0.41	0.41	0	0	0.59
217900	0.59	0.41	0.41	0	0	0.59
218000	0.59	0.41	0.41	0	0	0.59
218100	0.59	0.41	0.41	0	0	0.59
218200	0.59	0.41	0.41	0	0	0.59
218300	0.59	0.41	0.41	0	0	0.59
218400	0.59	0.41	0.41	0	0	0.59
218500	0.59	0.41	0.41	0	0	0.59
218600	0.59	0.41	0.41	0	0	0.59
218700	0.59	0.41	0.41	0	0	0.59
218800	0.59	0.41	0.41	0	0	0.59
218900	0.59	0.41	0.41	0	0	0.59
219000	0.59	0.41	0.41	0	0	0.59
219100	0.59	0.41	0.41	0	0	0.59
219200	0.59	0.41	0.41	0	0	0.59
219300	0.59	0.41	0.41	0	0	0.59
219400	0.59	0.41	0.41	0	0	0.59
219500	0.59	0.41	0.41	0	0	0.59
219600	0.59	0.41	0.41	0	0	0.59
219700	0.59	0.41	0.41	0	0	0.59
219800	0.59	0.41	0.41	0	0	0.59
219900	0.59	0.41	0.41	0	0	0.59
220000	0.59	0.41	0.41	0	0	0.59
220100	0.59	0.41	0.41	0	0	0.59
220200	0.59	0.41	0.41	0	0	0.59
220300	0.59	0.41	0.41	0	0	0.59
220400	0.59	0.41	0.41	0	0	0.59
220500	0.59	0.41	0.41	0	0	0.59
220600	0.59	0.41	0.41	0	0	0.59
220700	0.59	0.41	0.41	0	0	0.59
220800	0.59	0.41	0.41	0	0	0.59
220900	0.59	0.41	0.41	0	0	0.59
221000	0.59	0.41	0.41	0	0	0.59
221100	0.59	0.41	0.41	0	0	0.59
221200	0.59	0.41	0.41	0	0	0.59
221300	0.59	0.41	0.41	0	0	0.59
221400	0.59	0.41	0.41	0	0	0.59
221500	0.59	0.41	0.41	0	0	0.59
221600	0.59	0.41	0.41	0	0	0.59
221700	0.59	0.41	0.41	0	0	0.59
221800	0.59	0.41	0.41	0	0	0.59
221900	0.59	0.41	0.41	0	0	0.59
222000	0.59	0.41	0.41	0	0	0.59
222100	0.59	0.41	0.41	0	0	0.59
222200	0.59	0.41	0.41	0	0	0.59
222300	0.59	0.41	0.41	0	0	0.59
222400	0.59	0.41	0.41	0	0	0.59
222500	0.59	0.41	0.41	0	0	0.59
222600	0.59	0.41	0.41	0	0	0.59
222700	0.59	0.41	0.41	0	0	0.59
222800	0.59	0.41	0.41	0	0	0.59
222900	0.59	0.41	0.41	0	0	0.59
223000	0.59	0.41	0.41	0	0	0.59
223100	0.59	0.41	0.41	0	0	0.59
223200	0.59	0.41	0.41	0	0	0.59
223300	0.59	0.41	0.41	0	0	0.59
223400	0.59	0.41	0.41	0	0	0.59
223500	0.59	0.41	0.41	0	0	0.59
223600	0.59	0.41	0.41	0	0	0.59
223700	0.59	0.41	0.41	0	0	0.59
223800	0.59	0.41	0.41	0	0	0.59
223900	0.59	0.41	0.41	0	0	0.59
224000	0.59	0.41	0.41	0	0	0.59
224100	0.59	0.41	0.41	0	0	0.59
224200	0.59	0.41	0.41	0	0	0.59
224300	0.59	0.41	0.41	0	0	0.59
224400	0.59	0.41	0.41	0	0	0.59
224500	0.59	0.41	0.41	0	0	0.59
224600	0.59	0.41	0.41	0	0	0.59
224700	0.59	0.41	0.41	0	0	0.59
224800	0.59	0.41	0.41	0	0	0.59
224900	0.59	0.41	0.41	0	0	0.59
225000	0.59	0.41	0.41	0	0	0.59
225100	0.59	0.41	0.41	0	0	0.59
225200	0.59	0.41	0.41	0	0	0.59
225300	0.59	0.41	0.41	0	0	0.59
225400	0.59	0.41	0.41	0	0	0.59
225500	0.59	0.41	0.41	0	0	0.59
225600	0.59	0.41	0.41	0	0	0.59
225700	0.59	0.41	0.41	0	0	0.59
225800	0.59	0.41	0.41	0	0	0.59
225900	0.59	0.41	0.41	0	0	0.59
226000	0.59	0.41	0.41	0	0	0.59
226100	0.59	0.41	0.41	0	0	0.59
226200	0.59	0.41	0.41	0	0	0.59
226300	0.59	0.41	0.41	0	0	0.59
226400	0.59	0.41	0.41	0	0	0.59
226500	0.59	0.41	0.41	0	0	0.59
226600	0.59	0.41	0.41	0	0	0.59
226700	0.59	0.41	0.41	0	0	0.59
226800	0.59	0.41	0.41	0	0	0.59
226900	0.59	0.41	0.41	0	0	0.59
227000	0.59	0.41	0.41	0	0	0.59
227100	0.59	0.41	0.41	0	0	0.59
227200	0.59	0.41	0.41	0	0	0.59
227300	0.59	0.41	0.41	0	0	0.59
227400	0.59	0.41	0.41	0	0	0.59
227500	0.59	0.41	0.41	0	0	0.59
227600	0.59	0.41	0.41	0	0	0.59
227700	0.59	0.41	0.41	0	0	0.59
227800	0.59	0.41	0.41	0	0	0.59
227900	0.59	0.41	0.41	0	0	0.59
228000	0.59	0.41	0.41	0	0	0.59
228100	0.59	0.41	0.41	0	0	0.59
228200	0.59	0.41	0.41	0	0	0.59
228300	0.59	0.41	0.41	0	0	0.59
228400	0.59	0.41	0.41	0	0	0.59
228500	0.59	0.41	0.41	0	0	0.59
228600	0.59	0.41	0.41	0	0	0.59
228700	0.59	0.41	0.41	0	0	0.59
228800	0.59	0.41	0.41	0	0	0.59
228900	0.59	0.41	0.41	0	0	0.59
229000	0.59	0.41	0.41	0	0	0.59
229100	0.59	0.41	0.41	0	0	0.59
229200	0.59	0.41	0.41	0	0	0.59
229300	0.59	0.41	0.41	0	0	0.59
229400	0.59	0.41	0.41	0	0	0.59
229500	0.59	0.41	0.41	0	0	0.59
229600	0.59	0.41	0.41	0	0	0.59
229700	0.59	0.41	0.41	0	0	0.59
229800	0.59	0.41	0.41	0	0	0.59
229900	0.59	0.41	0.41	0	0	0.59
230000	0.59	0.41	0.41	0	0	0.59
230100	0.59	0.41	0.41	0	0	0.59
230200	0.59	0.41	0.41	0	0	0.59
230300	0.59	0.41	0.41	0	0	0.59
230400	0.59	0.41	0.41	0	0	0.59
230500	0.59	0.41	0.41	0	0	0.59
230600	0.59	0.41	0.41	0	0	0.59
230700	0.59	0.41	0.41	0	0	0.59
230800	0.59	0.41	0.41	0	0	0.59
230900	0.59	0.41	0.41	0	0	0.59
231000	0.59	0.41	0.41	0	0	0.59
231100	0.59	0.41	0.41	0	0	0.59
231200	0.59	0.41	0.41	0	0	0.59
231300	0.59	0.41	0.41	0	0	0.59
231400	0.59	0.41	0.41	0	0	0.59
231500	0.59	0.41	0.41	0	0	0.59
231600	0.59	0.41	0.41	0	0	0.59
231700	0.59	0.41	0.41	0	0	0.59
231800	0.59	0.41	0.41	0	0	0.59
231900	0.59	0.41	0.41	0	0	0.59
232000	0.59	0.41	0.41	0	0	0.59
232100	0.59	0.41	0.41	0	0	0.59
232200	0.59	0.41	0.41	0	0	0.59
232300	0.59	0.41	0.41	0	0	0.59
232400	0.59	0.41	0.41	0	0	0.59
232500	0.59	0.41	0.41	0	0	0.59
232600	0.59	0.41	0.41	0	0	0.59
232700	0.59	0.41	0.41	0	0	0.59
232800	0.59	0.41	0.41	0	0	0.59
232900	0.59	0.41	0.41	0	0	0.59
233000	0.59	0.41	0.41	0	0	0.59
233100	0.59	0.41	0.41	0	0	0.59
233200	0.59	0.41	0.41	0	0	0.59
233300	0.59	0.41	0.41	0	0	0.59
233400	0.59	0.41	0.41	0	0	0.59
233500	0.59	0.41	0.41	0	0	0.59
233600	0.59	0.41	0.41	0	0	0.59
233700	0.59	0.41	0.41	0	0	0.59
233800	0.59	0.41	0.41	0	0	0.59
233900	0.59	0.41	0.41	0	0	0.59
234000	0.59	0.41	0.41	0	0	0.59
234100	0.59	0.41	0.41	0	0	0.59
234200	0.59	0.41	0.41	0	0	0.59
234300	0.59	0.41	0.41	0	0	0.59
234400	0.59	0.41	0.41	0	0	0.59
234500	0.59	0.41	0.41	0	0	0.59
234600	0.59	0.41	0.41	0	0	0.59
234700	0.59	0.41	0.41	0	0	0.59
234800	0.59	0.41	0.41	0	0	0.59
234900	0.59	0.41	0.41	0	0	0.59
235000	0.59	0.41	0.41	0	0	0.59
235100	0.59	0.41	0.41	0	0	0.59
235200	0.59	0.41	0.41	0	0	0.59
235300	0.59	0.41	0.41	0	0	0.59
235400	0.59	0.41	0.41	0	0	0.59
235500	0.59	0.41	0.41	0	0	0.59
235600	0.59	0.41	0.41	0	0	0.59
235700	0.59	0.41	0.41	0	0	0.59
235800	0.59	0.41	0.41	0	0	0.59
235900	0.59	0.41	0.41	0	0	0.59
236000	0.59	0.41	0.41	0	0	0.59
236100	0.59	0.41	0.41	0	0	0.59
236200	0.59	0.41	0.41	0	0	0.59
236300	0.59	0.41	0.41	0	0	0.59
236400	0.59	0.41	0.41	0	0	0.59
236500	0.59	0.41	0.41	0	0	0.59
236600	0.59	0.41	0.41	0	0	0.59
236700	0.59	0.41	0.41	0	0	0.59
236800	0.59	0.41	0.41	0	0	0.59
236900	0.59	0.41	0.41	0	0	0.59
237000	0.59	0.41	0.41	0	0	0.59
237100	0.59	0.41	0.41	0	0	0.59
237200	0.59	0.41	0.41	0	0	0.59
237300	0.59	0.41	0.41	0	0	0.59
237400	0.59	0.41	0.41	0	0	0.59
237500	0.59	0.41	0.41	0	0	0.59
237600	0.59	0.41	0.41	0	0	0.59
237700	0.59	0.41	0.41	0	0	0.59
237800	0.59	0.41	0.41	0	0	0.59
237900	0.59	0.41	0.41	0	0	0.59
238000	0.59	0.41	0.41	0	0	0.59
238100	0.59	0.41	0.41	0	0	0.59
238200	0.59	0.41	0.41	0	0	0.59
238300	0.59	0.41	0.41	0	0	0.59
238400	0.59	0.41	0.41	0	0	0.59
238500	0.59	0.41	0.41	0	0	0.59
238600	0.59	0.41	0.41	0	0	0.59
238700	0.59	0.41	0.41	0	0	0.59
238800	0.59	0.41	0.41	0	0	0.59
238900	0.59	0.41	0.41	0	0	0.59
239000	0.59	0.41	0.41	0	0	0.59
239100	0.59	0.41	0.41	0	0	0.59
239200	0.59	0.41	0.41	0	0	0.59
239300	0.59	0.41	0.41	0	0	0.59
239400	0.59	0.41	0.41	0	0	0.59
239500	0.59	0.41	0.41	0	0	0.59
239600	0.59	0.41	0.41	0	0	0.59
239700	0.59	0.41	0.41	0	0	0.59
239800	0.59	0.41	0.41	0	0	0.59
239900	0.59	0.41	0.41	0	0	0.59
240000	0.59	0.41	0.41	0	0	0.59
240100	0.59	0.41	0.41	0	0	0.59
240200	0.59	0.41	0.41	0	0	0.59
240300	0.59	0.41	0.41	0	0	0.59
240400	0.59	0.41	0.41	0	0	0.59
240500	0.59	0.41	0.41	0	0	0.59
240600	0.59	0.41	0.41	0	0	0.59
240700	0.59	0.41	0.41	0	0	0.59
240800	0.59	0.41	0.41	0	0	0.59
240900	0.59	0.41	0.41	0	0	0.59
241000	0.59	0.41	0.41	0	0	0.59
241100	0.59	0.41	0.41	0	0	0.59
241200	0.59	0.41	0.41	0	0	0.59
241300	0.59	0.41	0.41	0	0	0.59
241400	0.59	0.41	0.41	0	0	0.59
241500	0.59	0.41	0.41	0	0	0.59
241600	0.59	0.41	0.41	0	0	0.59
241700	0.59	0.41	0.41	0	0	0.59
241800	0.59	0.41	0.41	0	0	0.59
241900	0.59	0.41	0.41	0	0	0.59
242000	0.59	0.41	0.41	0	0	0.59
242100	0.59	0.41	0.41	0	0	0.59
242200	0.59	0.41	0.41	0	0	0.59
242300	0.59	0.41	0.41	0	0	0.59
242400	0.59	0.41	0.41	0	0	0.59
242500	0.59	0.41	0.41	0	0	0.59
242600	0.59	0.41	0.41	0	0	0.59
242700	0.59	0.41	0.41	0	0	0.59
242800	0.59	0.41	0.41	0	0	0.59
242900	0.59	0.41	0.41	0	0	0.59
243000	0.59	0.41	0.41	0	0	0.59
243100	0.59	0.41	0.41	0	0	0.59
243200	0.59	0.41	0.41	0	0	0.59
243300	0.59	0.41	0.41	0	0	0.59
243400	0.59	0.41	0.41	0	0	0.59
243500	0.59	0.41	0.41	0	0	0.59
243600	0.59	0.41	0.41	0	0	0.59
243700	0.59	0.41	0.41	0	0	0.59
243800	0.59	0.41	0.41	0	0	0.59
243900	0.59	0.41	0.41	0	0	0.59
244000	0.59	0.41	0.41	0	0	0.59
244100	0.59	0.41	0.41	0	0	0.59
244200	0.59	0.41	0.41	0	0	0.59
244300	0.59	0.41	0.41	0	0	0.59
244400	0.59	0.41	0.41	0	0	0.59
244500	0.59	0.41	0.41	0	0	0.59
244600	0.59	0.41	0.41	0	0	0.59
244700	0.59	0.41	0.41	0	0	0.59
244800	0.59	0.41	0.41	0	0	0.59
244900	0.59	0.41	0.41	0	0	0.59
245000	0.59	0.41	0.41	0	0	0.59
245100	0.59	0.41	0.41	0	0	0.59
245200	0.59	0.41	0.41	0	0	0.59
245300	0.59	0.41	0.41	0	0	0.59
245400	0.59	0.41	0.41	0	0	0.59
245500	0.59	0.41	0.41	0	0	0.59
245600	0.59	0.41	0.41	0	0	0.59
245700	0.59	0.41	0.41	0	0	0.59
245800	0.58	0.41	0.41	0	0	0.58
245900	0.58	0.41	0.41	0	0	0.58
246000	0.58	0.41	0.41	0	0	0.58
246100	0.58	0.41	0.41	0	0	0.58
246200	0.58	0.41	0.41	0	0	0.58
246300	0.58	0.41	0.41	0	0	0.58
246400	0.58	0.41	0.41	0	0	0.58
246500	0.58	0.41	0.41	0	0	0.58
246600	0.58	0.41	0.41	0	0	0.58
246700	0.58	0.41	0.41	0	0	0.58
246800	0.58	0.41	0.41	0	0	0.58
246900	0.58	0.41	0.41	0	0	0.58
247000	0.58	0.41	0.41	0	0	0.58
247100	0.58	0.41	0.41	0	0	0.58
247200	0.58	0.41	0.41	0	0	0.58
247300	0.58	0.41	0.41	0	0	0.58
247400	0.58	0.41	0.41	0	0	0.58
247500	0.58	0.41	0.41	0	0	0.58
247600	0.58	0.41	0.41	0	0	0.58
247700	0.58	0.41	0.41	0	0	0.58
247800	0.58	0.41	0.41	0	0	0.58
247900	0.58	0.41	0.41	0	0	0.58
248000	0.58	0.41	0.41	0	0	0.58
248100	0.58	0.41	0.41	0	0	0.58
248200	0.58	0.41	0.41	0	0	0.58
248300	0.58	0.41	0.41	0	0	0.58
248400	0.58	0.41	0.41	0	0	0.58
248500	0.58	0.41	0.41	0	0	0.58
248600	0.58	0.41	0.41	0	0	0.58
248700	0.58	0.41	0.41	0	0	0.58
248800	0.58	0.41	0.41	0	0	0.58
248900	0.58	0.41	0.41	0	0	0.58
249000	0.58	0.41	0.41	0	0	0.58
249100	0.58	0.41	0.41	0	0	0.58
249200	0.58	0.41	0.41	0	0	0.58
249300	0.58	0.41	0.41	0	0	0.58
249400	0.58	0.41	0.41	0	0	0.58
249500	0.58	0.41	0.41	0	0	0.58
249600	0.58	0.41	0.41	0	0	0.58
249700	0.58	0.41	0.41	0	0	0.58
249800	0.58	0.41	0.41	0	0	0.58
249900	0.58	0.41	0.41	0	0	0.58
250000	0.58	0.41	0.41	0	0	0.58
250100	0.58	0.41	0.41	0	0	0.58
250200	0.58	0.41	0.41	0	0	0.58
250300	0.58	0.41	0.41	0	0	0.58
250400	0.58	0.41	0.41	0	0	0.58
250500	0.58	0.41	0.41	0	0	0.58
250600	0.58	0.41	0.41	0	0	0.58
250700	0.58	0.41	0.41	0	0	0.58
250800	0.58	0.41	0.41	0	0	0.58
250900	0.58	0.41	0.41	0	0	0.58
251000	0.58	0.41	0.41	0	0	0.58
251100	0.58	0.41	0.41	0	0	0.58
251200	0.58	0.41	0.41	0	0	0.58
251300	0.58	0.41	0.41	0	0	0.58
251400	0.58	0.41	0.41	0	0	0.58
251500	0.59	0.41	0.41	0	0	0.59
251600	0.58	0.41	0.41	0	0	0.58
251700	0.58	0.41	0.41	0	0	0.58
251800	0.58	0.41	0.41	0	0	0.58
251900	0.58	0.41	0.41	0	0	0.58
252000	0.58	0.41	0.41	0	0	0.58
252100	0.58	0.41	0.41	0	0	0.58
252200	0.58	0.41	0.41	0	0	0.58
252300	0.58	0.41	0.41	0	0	0.58
252400	0.58	0.41	0.41	0	0	0.58
252500	0.58	0.41	0.41	0	0	0.58
252600	0.58	0.41	0.41	0	0	0.58
252700	0.58	0.41	0.41	0	0	0.58
252800	0.58	0.41	0.41	0	0	0.58
252900	0.58	0.41	0.41	0	0	0.58
253000	0.58	0.41	0.41	0	0	0.58
253100	0.58	0.41	0.41	0	0	0.58
253200	0.57	0.41	0.41	0	0	0.57
253300	0.57	0.41	0.41	0	0	0.57
253400	0.57	0.41	0.41	0	0	0.57
253500	0.57	0.41	0.41	0	0	0.57
253600	0.57	0.41	0.41	0	0	0.57
253700	0.57	0.41	0.41	0	0	0.57
253800	0.57	0.41	0.41	0	0	0.57
253900	0.57	0.41	0.41	0	0	0.57
254000	0.57	0.41	0.41	0	0	0.57
254100	0.57	0.41	0.41	0	0	0.57
254200	0.57	0.42	0.42	0	0	0.57
254300	0.57	0.42	0.42	0	0	0.57
254400	0.57	0.42	0.42	0	0	0.57
254500	0.57	0.42	0.42	0	0	0.57
254600	0.57	0.42	0.42	0	0	0.57
254700	0.57	0.42	0.42	0	0	0.57
254800	0.57	0.42	0.42	0	0	0.57
254900	0.57	0.42	0.42	0	0	0.57
255000	0.57	0.42	0.42	0	0	0.57
255100	0.57	0.42	0.42	0	0	0.57
255200	0.57	0.42	0.42	0	0	0.57
255300	0.57	0.42	0.42	0	0	0.57
255400	0.57	0.42	0.42	0	0	0.57
255500	0.57	0.42	0.42	0	0	0.57
255600	0.57	0.42	0.42	0	0	0.57
255700	0.57	0.42	0.42	0	0	0.57
255800	0.57	0.42	0.42	0	0	0.57
255900	0.57	0.42	0.42	0	0	0.57
256000	0.57	0.42	0.42	0	0	0.57
256100	0.57	0.42	0.42	0	0	0.57
256200	0.57	0.42	0.42	0	0	0.57
256300	0.57	0.42	0.42	0	0	0.57
256400	0.57	0.42	0.42	0	0	0.57
256500	0.57	0.42	0.42	0	0	0.57
256600	0.57	0.42	0.42	0	0	0.57
256700	0.57	0.42	0.42	0	0	0.57
256800	0.57	0.42	0.42	0	0	0.57
256900	0.57	0.42	0.42	0	0	0.57
257000	0.57	0.42	0.42	0	0	0.57
257100	0.57	0.42	0.42	0	0	0.57
257200	0.57	0.42	0.42	0	0	0.57
257300	0.57	0.42	0.42	0	0	0.57
257400	0.57	0.42	0.42	0	0	0.57
257500	0.57	0.42	0.42	0	0	0.57
257600	0.57	0.42	0.42	0	0	0.57
257700	0.57	0.42	0.42	0	0	0.57
257800	0.57	0.42	0.42	0	0	0.57
257900	0.57	0.42	0.42	0	0	0.57
258000	0.57	0.42	0.42	0	0	0.57
258100	0.57	0.42	0.42	0	0	0.57
258200	0.57	0.42	0.42	0	0	0.57
258300	0.57	0.41	0.41	0	0	0.57
258400	0.57	0.41	0.41	0	0	0.57
258500	0.57	0.41	0.41	0	0	0.57
258600	0.57	0.41	0.41	0	0	0.57
258700	0.57	0.41	0.41	0	0	0.57
258800	0.57	0.41	0.41	0	0	0.57
258900	0.57	0.41	0.41	0	0	0.57
259000	0.57	0.41	0.41	0	0	0.57
259100	0.57	0.41	0.41	0	0	0.57
259200	0.57	0.41	0.41	0	0	0.57
259300	0.57	0.41	0.41	0	0	0.57
259400	0.57	0.41	0.41	0	0	0.57
259500	0.57	0.41	0.41	0	0	0.57
259600	0.57	0.41	0.41	0	0	0.57
259700	0.57	0.41	0.41	0	0	0.57
259800	0.57	0.41	0.41	0	0	0.57
259900	0.57	0.41	0.41	0	0	0.57
260000	0.57	0.41	0.41	0	0	0.57
260100	0.57	0.41	0.41	0	0	0.57
260200	0.57	0.41	0.41	0	0	0.57
260300	0.57	0.41	0.41	0	0	0.57
260400	0.57	0.41	0.41	0	0	0.57
260500	0.57	0.41	0.41	0	0	0.57
260600	0.57	0.41	0.41	0	0	0.57
260700	0.57	0.41	0.41	0	0	0.57
260800	0.57	0.41	0.41	0	0	0.57
260900	0.57	0.41	0.41	0	0	0.57
261000	0.57	0.41	0.41	0	0	0.57
261100	0.57	0.41	0.41	0	0	0.57
261200	0.57	0.41	0.41	0	0	0.57
261300	0.57	0.41	0.41	0	0	0.57
261400	0.57	0.41	0.41	0	0	0.57
261500	0.57	0.41	0.41	0	0	0.57
261600	0.57	0.41	0.41	0	0	0.57
261700	0.57	0.41	0.41	0	0	0.57
261800	0.57	0.41	0.41	0	0	0.57
261900	0.57	0.41	0.41	0	0	0.57
262000	0.57	0.41	0.41	0	0	0.57
262100	0.57	0.41	0.41	0	0	0.57
262200	0.57	0.41	0.41	0	0	0.57
262300	0.57	0.41	0.41	0	0	0.57
262400	0.57	0.41	0.41	0	0	0.57
262500	0.57	0.41	0.41	0	0	0.57
262600	0.57	0.41	0.41	0	0	0.57
262700	0.57	0.41	0.41	0	0	0.57
262800	0.57	0.41	0.41	0	0	0.57
262900	0.57	0.41	0.41	0	0	0.57
263000	0.57	0.41	0.41	0	0	0.57
263100	0.57	0.41	0.41	0	0	0.57
263200	0.57	0.41	0.41	0	0	0.57
263300	0.57	0.41	0.41	0	0	0.57
263400	0.57	0.41	0.41	0	0	0.57
263500	0.57	0.41	0.41	0	0	0.57
263600	0.57	0.41	0.41	0	0	0.57
263700	0.57	0.41	0.41	0	0	0.57
263800	0.57	0.41	0.41	0	0	0.57
263900	0.57	0.41	0.41	0	0	0.57
264000	0.57	0.41	0.41	0	0	0.57
264100	0.57	0.41	0.41	0	0	0.57
264200	0.57	0.41	0.41	0	0	0.57
264300	0.57	0.41	0.41	0	0	0.57
264400	0.57	0.41	0.41	0	0	0.57
264500	0.57	0.41	0.41	0	0	0.57
264600	0.57	0.41	0.41	0	0	0.57
264700	0.57	0.41	0.41	0	0	0.57
264800	0.57	0.41	0.41	0	0	0.57
264900	0.57	0.41	0.41	0	0	0.57
265000	0.57	0.42	0.42	0	0	0.57
265100	0.57	0.42	0.42	0	0	0.57
265200	0.57	0.42	0.42	0	0	0.57
265300	0.57	0.42	0.42	0	0	0.57
265400	0.57	0.42	0.42	0	0	0.57
265500	0.57	0.42	0.42	0	0	0.57
265600	0.57	0.42	0.42	0	0	0.57
265700	0.57	0.42	0.42	0	0	0.57
265800	0.57	0.42	0.42	0	0	0.57
265900	0.57	0.42	0.42	0	0	0.57
266000	0.57	0.42	0.42	0	0	0.57
266100	0.57	0.42	0.42	0	0	0.57
266200	0.57	0.42	0.42	0	0	0.57
266300	0.57	0.42	0.42	0	0	0.57
266400	0.57	0.42	0.42	0	0	0.57
266500	0.57	0.42	0.42	0	0	0.57
266600	0.57	0.42	0.42	0	0	0.57
266700	0.57	0.42	0.42	0	0	0.57
266800	0.57	0.42	0.42	0	0	0.57
266900	0.57	0.41	0.41	0	0	0.57
267000	0.57	0.41	0.41	0	0	0.57
267100	0.57	0.41	0.41	0	0	0.57
267200	0.57	0.41	0.41	0	0	0.57
267300	0.57	0.41	0.41	0	0	0.57
267400	0.57	0.41	0.41	0	0	0.57
267500	0.57	0.41	0.41	0	0	0.57
267600	0.57	0.41	0.41	0	0	0.57
267700	0.57	0.41	0.41	0	0	0.57
267800	0.57	0.41	0.41	0	0	0.57
267900	0.57	0.41	0.41	0	0	0.57
268000	0.57	0.41	0.41	0	0	0.57
268100	0.57	0.41	0.41	0	0	0.57
268200	0.57	0.41	0.41	0	0	0.57
268300	0.57	0.41	0.41	0	0	0.57
268400	0.57	0.41	0.41	0	0	0.57
268500	0.57	0.42	0.42	0	0	0.57
268600	0.57	0.42	0.42	0	0	0.57
268700	0.57	0.42	0.42	0	0	0.57
268800	0.57	0.42	0.42	0	0	0.57
268900	0.57	0.42	0.42	0	0	0.57
269000	0.57	0.42	0.42	0	0	0.57
269100	0.57	0.42	0.42	0	0	0.57
269200	0.57	0.42	0.42	0	0	0.57
269300	0.57	0.42	0.42	0	0	0.57
269400	0.57	0.42	0.42	0	0	0.57
269500	0.57	0.42	0.42	0	0	0.57
269600	0.57	0.42	0.42	0	0	0.57
269700	0.57	0.42	0.42	0	0	0.57
269800	0.57	0.42	0.42	0	0	0.57
269900	0.57	0.42	0.42	0	0	0.57
270000	0.57	0.42	0.42	0	0	0.57
270100	0.57	0.42	0.42	0	0	0.57
270200	0.57	0.42	0.42	0	0	0.57
270300	0.57	0.42	0.42	0	0	0.57
270400	0.57	0.42	0.42	0	0	0.57
270500	0.57	0.42	0.42	0	0	0.57
270600	0.57	0.42	0.42	0	0	0.57
270700	0.57	0.42	0.42	0	0	0.57
270800	0.57	0.42	0.42	0	0	0.57
270900	0.57	0.42	0.42	0	0	0.57
271000	0.57	0.42	0.42	0	0	0.57
271100	0.57	0.42	0.42	0	0	0.57
271200	0.57	0.42	0.42	0	0	0.57
271300	0.57	0.42	0.42	0	0	0.57
271400	0.57	0.42	0.42	0	0	0.57
271500	0.57	0.42	0.42	0	0	0.57
271600	0.57	0.42	0.42	0	0	0.57
271700	0.57	0.42	0.42	0	0	0.57
271800	0.57	0.42	0.42	0	0	0.57
271900	0.57	0.42	0.42	0	0	0.57
272000	0.57	0.42	0.42	0	0	0.57
272100	0.57	0.42	0.42	0	0	0.57
272200	0.57	0.42	0.42	0	0	0.57
272300	0.57	0.42	0.42	0	0	0.57
272400	0.57	0.42	0.42	0	0	0.57
272500	0.57	0.42	0.42	0	0	0.57
272600	0.57	0.42	0.42	0	0	0.57
272700	0.57	0.42	0.42	0	0	0.57
272800	0.57	0.42	0.42	0	0	0.57
272900	0.57	0.42	0.42	0	0	0.57
273000	0.57	0.42	0.42	0	0	0.57
273100	0.57	0.42	0.42	0	0	0.57
273200	0.57	0.42	0.42	0	0	0.57
273300	0.57	0.42	0.42	0	0	0.57
273400	0.57	0.42	0.42	0	0	0.57
273500	0.57	0.42	0.42	0	0	0.57
273600	0.57	0.42	0.42	0	0	0.57
273700	0.57	0.42	0.42	0	0	0.57
273800	0.57	0.42	0.42	0	0	0.57
273900	0.57	0.42	0.42	0	0	0.57
274000	0.57	0.42	0.42	0	0	0.57
274100	0.57	0.42	0.42	0	0	0.57
274200	0.57	0.42	0.42	0	0	0.57
274300	0.57	0.42	0.42	0	0	0.57
274400	0.57	0.42	0.42	0	0	0.57
274500	0.57	0.42	0.42	0	0	0.57
274600	0.57	0.42	0.42	0	0	0.57
274700	0.57	0.42	0.42	0	0	0.57
274800	0.57	0.42	0.42	0	0	0.57
274900	0.57	0.42	0.42	0	0	0.57
275000	0.57	0.42	0.42	0	0	0.57
275100	0.57	0.42	0.42	0	0	0.57
275200	0.57	0.42	0.42	0	0	0.57
275300	0.57	0.42	0.42	0	0	0.57
275400	0.57	0.42	0.42	0	0	0.57
275500	0.57	0.41	0.41	0	0	0.57
275600	0.57	0.41	0.41	0	0	0.57
275700	0.57	0.41	0.41	0	0	0.57
275800	0.57	0.41	0.41	0	0	0.57
275900	0.57	0.41	0.41	0	0	0.57
276000	0.58	0.41	0.41	0	0	0.58
276100	0.58	0.41	0.41	0	0	0.58
276200	0.58	0.41	0.41	0	0	0.58
276300	0.58	0.41	0.41	0	0	0.58
276400	0.58	0.41	0.41	0	0	0.58
276500	0.58	0.41	0.41	0	0	0.58
276600	0.58	0.41	0.41	0	0	0.58
276700	0.58	0.41	0.41	0	0	0.58
276800	0.58	0.41	0.41	0	0	0.58
276900	0.58	0.41	0.41	0	0	0.58
277000	0.58	0.41	0.41	0	0	0.58
277100	0.58	0.41	0.41	0	0	0.58
277200	0.58	0.41	0.41	0	0	0.58
277300	0.58	0.41	0.41	0	0	0.58
277400	0.58	0.41	0.41	0	0	0.58
277500	0.58	0.41	0.41	0	0	0.58
277600	0.58	0.41	0.41	0	0	0.58
277700	0.58	0.41	0.41	0	0	0.58
277800	0.58	0.41	0.41	0	0	0.58
277900	0.58	0.41	0.41	0	0	0.58
278000	0.58	0.41	0.41	0	0	0.58
278100	0.58	0.41	0.41	0	0	0.58
278200	0.58	0.41	0.41	0	0	0.58
278300	0.58	0.41	0.41	0	0	0.58
278400	0.58	0.41	0.41	0	0	0.58
278500	0.58	0.41	0.41	0	0	0.58
278600	0.58	0.41	0.41	0	0	0.58
278700	0.58	0.41	0.41	0	0	0.58
278800	0.58	0.41	0.41	0	0	0.58
278900	0.58	0.41	0.41	0	0	0.58
279000	0.58	0.41	0.41	0	0	0.58
279100	0.58	0.41	0.41	0	0	0.58
279200	0.58	0.41	0.41	0	0	0.58
279300	0.58	0.41	0.41	0	0	0.58
279400	0.58	0.41	0.41	0	0	0.58
279500	0.58	0.41	0.41	0	0	0.58
279600	0.58	0.41	0.41	0	0	0.58
279700	0.58	0.41	0.41	0	0	0.58
279800	0.58	0.41	0.41	0	0	0.58
279900	0.58	0.41	0.41	0	0	0.58
280000	0.58	0.41	0.41	0	0	0.58
280100	0.58	0.41	0.41	0	0	0.58
280200	0.58	0.41	0.41	0	0	0.58
280300	0.58	0.41	0.41	0	0	0.58
280400	0.58	0.41	0.41	0	0	0.58
280500	0.58	0.41	0.41	0	0	0.58
280600	0.58	0.41	0.41	0	0	0.58
280700	0.58	0.41	0.41	0	0	0.58
280800	0.58	0.41	0.41	0	0	0.58
280900	0.58	0.41	0.41	0	0	0.58
281000	0.58	0.41	0.41	0	0	0.58
281100	0.58	0.41	0.41	0	0	0.58
281200	0.58	0.41	0.41	0	0	0.58
281300	0.58	0.41	0.41	0	0	0.58
281400	0.58	0.41	0.41	0	0	0.58
281500	0.58	0.41	0.41	0	0	0.58
281600	0.58	0.41	0.41	0	0	0.58
281700	0.58	0.41	0.41	0	0	0.58
281800	0.58	0.41	0.41	0	0	0.58
281900	0.58	0.41	0.41	0	0	0.58
282000	0.58	0.41	0.41	0	0	0.58
282100	0.58	0.41	0.41	0	0	0.58
282200	0.58	0.41	0.41	0	0	0.58
282300	0.58	0.41	0.41	0	0	0.58
282400	0.58	0.41	0.41	0	0	0.58
282500	0.58	0.41	0.41	0	0	0.58
282600	0.58	0.41	0.41	0	0	0.58
282700	0.58	0.41	0.41	0	0	0.58
282800	0.58	0.41	0.41	0	0	0.58
282900	0.58	0.41	0.41	0	0	0.58
283000	0.58	0.41	0.41	0	0	0.58
283100	0.58	0.41	0.41	0	0	0.58
283200	0.58	0.41	0.41	0	0	0.58
283300	0.58	0.41	0.41	0	0	0.58
283400	0.58	0.41	0.41	0	0	0.58
283500	0.58	0.41	0.41	0	0	0.58
283600	0.58	0.41	0.41	0	0	0.58
283700	0.58	0.41	0.41	0	0	0.58
283800	0.58	0.41	0.41	0	0	0.58
283900	0.58	0.41	0.41	0	0	0.58
284000	0.58	0.41	0.41	0	0	0.58
284100	0.58	0.41	0.41	0	0	0.58
284200	0.58	0.41	0.41	0	0	0.58
284300	0.58	0.41	0.41	0	0	0.58
284400	0.58	0.41	0.41	0	0	0.58
284500	0.58	0.41	0.41	0	0	0.58
284600	0.58	0.41	0.41	0	0	0.58
284700	0.58	0.41	0.41	0	0	0.58
284800	0.58	0.41	0.41	0	0	0.58
284900	0.58	0.41	0.41	0	0	0.58
285000	0.58	0.41	0.41	0	0	0.58
285100	0.58	0.41	0.41	0	0	0.58
285200	0.58	0.41	0.41	0	0	0.58
285300	0.58	0.41	0.41	0	0	0.58
285400	0.58	0.41	0.41	0	0	0.58
285500	0.58	0.41	0.41	0	0	0.58
285600	0.58	0.41	0.41	0	0	0.58
285700	0.58	0.41	0.41	0	0	0.58
285800	0.58	0.41	0.41	0	0	0.58
285900	0.58	0.41	0.41	0	0	0.58
286000	0.58	0.41	0.41	0	0	0.58
286100	0.58	0.41	0.41	0	0	0.58
286200	0.58	0.41	0.41	0	0	0.58
286300	0.58	0.41	0.41	0	0	0.58
286400	0.58	0.41	0.41	0	0	0.58
286500	0.58	0.41	0.41	0	0	0.58
286600	0.58	0.41	0.41	0	0	0.58
286700	0.58	0.41	0.41	0	0	0.58
286800	0.58	0.41	0.41	0	0	0.58
286900	0.58	0.41	0.41	0	0	0.58
287000	0.58	0.41	0.41	0	0	0.58
287100	0.58	0.41	0.41	0	0	0.58
287200	0.58	0.41	0.41	0	0	0.58
287300	0.58	0.41	0.41	0	0	0.58
287400	0.58	0.41	0.41	0	0	0.58
287500	0.58	0.41	0.41	0	0	0.58
287600	0.58	0.41	0.41	0	0	0.58
287700	0.58	0.41	0.41	0	0	0.58
287800	0.58	0.41	0.41	0	0	0.58
287900	0.58	0.41	0.41	0	0	0.58
288000	0.58	0.41	0.41	0	0	0.58
288100	0.58	0.41	0.41	0	0	0.58
288200	0.58	0.41	0.41	0	0	0.58
288300	0.58	0.41	0.41	0	0	0.58
288400	0.58	0.41	0.41	0	0	0.58
288500	0.58	0.41	0.41	0	0	0.58
288600	0.58	0.41	0.41	0	0	0.58
288700	0.58	0.41	0.41	0	0	0.58
288800	0.58	0.41	0.41	0	0	0.58
288900	0.58	0.41	0.41	0	0	0.58
289000	0.58	0.41	0.41	0	0	0.58
289100	0.58	0.41	0.41	0	0	0.58
289200	0.58	0.41	0.41	0	0	0.58
289300	0.58	0.41	0.41	0	0	0.58
289400	0.58	0.41	0.41	0	0	0.58
289500	0.58	0.41	0.41	0	0	0.58
289600	0.58	0.41	0.41	0	0	0.58
289700	0.58	0.41	0.41	0	0	0.58
289800	0.58	0.41	0.41	0	0	0.58
289900	0.58	0.41	0.41	0	0	0.58
290000	0.58	0.41	0.41	0	0	0.58
290100	0.58	0.41	0.41	0	0	0.58
290200	0.58	0.41	0.41	0	0	0.58
290300	0.58	0.41	0.41	0	0	0.58
290400	0.58	0.41	0.41	0	0	0.58
290500	0.58	0.41	0.41	0	0	0.58
290600	0.58	0.41	0.41	0	0	0.58
290700	0.58	0.41	0.41	0	0	0.58
290800	0.58	0.41	0.41	0	0	0.58
290900	0.58	0.41	0.41	0	0	0.58
291000	0.58	0.41	0.41	0	0	0.58
291100	0.58	0.41	0.41	0	0	0.58
291200	0.58	0.41	0.41	0	0	0.58
291300	0.58	0.41	0.41	0	0	0.58
291400	0.58	0.41	0.41	0	0	0.58
291500	0.58	0.41	0.41	0	0	0.58
291600	0.58	0.41	0.41	0	0	0.58
291700	0.57	0.41	0.41	0	0	0.57
291800	0.57	0.41	0.41	0	0	0.57
291900	0.57	0.41	0.41	0	0	0.57
292000	0.57	0.41	0.41	0	0	0.57
292100	0.57	0.41	0.41	0	0	0.57
292200	0.57	0.41	0.41	0	0	0.57
292300	0.57	0.41	0.41	0	0	0.57
292400	0.57	0.41	0.41	0	0	0.57
292500	0.57	0.41	0.41	0	0	0.57
292600	0.57	0.41	0.41	0	0	0.57
292700	0.57	0.41	0.41	0	0	0.57
292800	0.57	0.41	0.41	0	0	0.57
292900	0.57	0.41	0.41	0	0	0.57
293000	0.57	0.41	0.41	0	0	0.57
293100	0.57	0.41	0.41	0	0	0.57
293200	0.57	0.41	0.41	0	0	0.57
293300	0.57	0.41	0.41	0	0	0.57
293400	0.57	0.41	0.41	0	0	0.57
293500	0.57	0.41	0.41	0	0	0.57
293600	0.57	0.41	0.41	0	0	0.57
293700	0.57	0.41	0.41	0	0	0.57
293800	0.57	0.41	0.41	0	0	0.57
293900	0.57	0.41	0.41	0	0	0.57
294000	0.57	0.41	0.41	0	0	0.57
294100	0.57	0.4	0.4	0	0	0.57
294200	0.57	0.4	0.4	0	0	0.57
294300	0.57	0.4	0.4	0	0	0.57
294400	0.57	0.4	0.4	0	0	0.57
294500	0.57	0.4	0.4	0	0	0.57
294600	0.57	0.4	0.4	0	0	0.57
294700	0.57	0.4	0.4	0	0	0.57
294800	0.57	0.4	0.4	0	0	0.57
294900	0.57	0.41	0.41	0	0	0.57
295000	0.57	0.41	0.41	0	0	0.57
295100	0.57	0.41	0.41	0	0	0.57
295200	0.57	0.41	0.41	0	0	0.57
295300	0.57	0.41	0.41	0	0	0.57
295400	0.57	0.41	0.41	0	0	0.57
295500	0.57	0.41	0.41	0	0	0.57
295600	0.57	0.41	0.41	0	0	0.57
295700	0.57	0.41	0.41	0	0	0.57
295800	0.57	0.41	0.41	0	0	0.57
295900	0.57	0.41	0.41	0	0	0.57
296000	0.57	0.41	0.41	0	0	0.57
296100	0.57	0.41	0.41	0	0	0.57
296200	0.57	0.41	0.41	0	0	0.57
296300	0.57	0.41	0.41	0	0	0.57
296400	0.57	0.41	0.41	0	0	0.57
296500	0.57	0.41	0.41	0	0	0.57
296600	0.57	0.41	0.41	0	0	0.57
296700	0.57	0.41	0.41	0	0	0.57
296800	0.57	0.41	0.41	0	0	0.57
296900	0.57	0.41	0.41	0	0	0.57
297000	0.57	0.41	0.41	0	0	0.57
297100	0.57	0.41	0.41	0	0	0.57
297200	0.57	0.41	0.41	0	0	0.57
297300	0.57	0.41	0.41	0	0	0.57
297400	0.57	0.41	0.41	0	0	0.57
297500	0.57	0.41	0.41	0	0	0.57
297600	0.57	0.41	0.41	0	0	0.57
297700	0.57	0.41	0.41	0	0	0.57
297800	0.57	0.41	0.41	0	0	0.57
297900	0.57	0.41	0.41	0	0	0.57
298000	0.57	0.41	0.41	0	0	0.57
298100	0.57	0.41	0.41	0	0	0.57
298200	0.57	0.41	0.41	0	0	0.57
298300	0.57	0.41	0.41	0	0	0.57
298400	0.57	0.41	0.41	0	0	0.57
298500	0.57	0.41	0.41	0	0	0.57
298600	0.57	0.41	0.41	0	0	0.57
298700	0.57	0.41	0.41	0	0	0.57
298800	0.57	0.41	0.41	0	0	0.57
298900	0.57	0.41	0.41	0	0	0.57
299000	0.57	0.41	0.41	0	0	0.57
299100	0.57	0.41	0.41	0	0	0.57
299200	0.57	0.41	0.41	0	0	0.57
299300	0.57	0.41	0.41	0	0	0.57
299400	0.57	0.41	0.41	0	0	0.57
299500	0.57	0.41	0.41	0	0	0.57
299600	0.57	0.41	0.41	0	0	0.57
299700	0.57	0.41	0.41	0	0	0.57
299800	0.57	0.41	0.41	0	0	0.57
299900	0.57	0.41	0.41	0	0	0.57
300000	0.57	0.41	0.41	0	0	0.57
