100	0.06	0.1	0.1	0	0	0.06
200	0.05	0.1	0.1	0	0	0.05
300	0.03	0.1	0.1	0	0	0.03
400	0.05	0.1	0.1	0	0	0.05
500	0.06	0.11	0.11	0	0	0.06
600	0.04	0.11	0.11	0	0	0.04
700	0.05	0.13	0.13	0	0	0.05
800	0.03	0.14	0.14	0	0	0.03
900	0.02	0.12	0.12	0	0	0.02
1000	0.02	0.1	0.1	0	0	0.02
1100	0.03	0.08	0.08	0	0	0.03
1200	0.03	0.08	0.08	0	0	0.03
1300	0.04	0.07	0.07	0	0	0.04
1400	0.05	0.08	0.08	0	0	0.05
1500	0.05	0.08	0.08	0	0	0.05
1600	0.04	0.09	0.09	0	0	0.04
1700	0	0.09	0.09	0	0	0
1800	0.01	0.09	0.09	0	0	0.01
1900	0.03	0.08	0.08	0	0	0.03
2000	0.04	0.09	0.09	0	0	0.04
2100	0.05	0.1	0.1	0	0	0.05
2200	0.07	0.09	0.09	0	0	0.07
2300	0.06	0.06	0.06	0	0	0.06
2400	0.02	0.06	0.06	0	0	0.02
2500	0.03	0.06	0.06	0	0	0.03
2600	0.03	0.06	0.06	0	0	0.03
2700	0.07	0.07	0.07	0	0	0.07
2800	0.11	0.08	0.08	0	0	0.11
2900	0.09	0.08	0.08	0	0	0.09
3000	0.08	0.09	0.09	0	0	0.08
3100	0.05	0.1	0.1	0	0	0.05
3200	0.04	0.1	0.1	0	0	0.04
3300	0.05	0.11	0.11	0	0	0.05
3400	0.05	0.11	0.11	0	0	0.05
3500	0.05	0.11	0.11	0	0	0.05
3600	0.04	0.11	0.11	0	0	0.04
3700	0.04	0.12	0.12	0	0	0.04
3800	0.03	0.11	0.11	0	0	0.03
3900	0.03	0.11	0.11	0	0	0.03
4000	0.02	0.1	0.1	0	0	0.02
4100	0.04	0.11	0.11	0	0	0.04
4200	0.01	0.12	0.12	0	0	0.01
4300	0.03	0.12	0.12	0	0	0.03
4400	0.03	0.12	0.12	0	0	0.03
4500	0.02	0.12	0.12	0	0	0.02
4600	0.02	0.12	0.12	0	0	0.02
4700	0.03	0.11	0.11	0	0	0.03
4800	0.05	0.11	0.11	0	0	0.05
4900	0.05	0.12	0.12	0	0	0.05
5000	0.04	0.12	0.12	0	0	0.04
5100	0.03	0.13	0.13	0	0	0.03
5200	0.04	0.11	0.11	0	0	0.04
5300	0.01	0.1	0.1	0	0	0.01
5400	0	0.09	0.09	0	0	0
5500	0	0.1	0.1	0	0	0
5600	0	0.07	0.07	0	0	0
5700	0.01	0.07	0.07	0	0	0.01
5800	0.02	0.07	0.07	0	0	0.02
5900	0.02	0.08	0.08	0	0	0.02
6000	0.02	0.08	0.08	0	0	0.02
6100	0.02	0.1	0.1	0	0	0.02
6200	0.04	0.11	0.11	0	0	0.04
6300	0.04	0.11	0.11	0	0	0.04
6400	0.04	0.11	0.11	0	0	0.04
6500	0.04	0.1	0.1	0	0	0.04
6600	0.05	0.1	0.1	0	0	0.05
6700	0.06	0.09	0.09	0	0	0.06
6800	0.07	0.09	0.09	0	0	0.07
6900	0.06	0.09	0.09	0	0	0.06
7000	0.04	0.1	0.1	0	0	0.04
7100	0.04	0.11	0.11	0	0	0.04
7200	0.03	0.11	0.11	0	0	0.03
7300	0.02	0.1	0.1	0	0	0.02
7400	0.05	0.11	0.11	0	0	0.05
7500	0.04	0.11	0.11	0	0	0.04
7600	0.05	0.11	0.11	0	0	0.05
7700	0.04	0.11	0.11	0	0	0.04
7800	0.04	0.1	0.1	0	0	0.04
7900	0.05	0.1	0.1	0	0	0.05
8000	0.04	0.11	0.11	0	0	0.04
8100	0.03	0.11	0.11	0	0	0.03
8200	0.01	0.11	0.11	0	0	0.01
8300	0.01	0.11	0.11	0	0	0.01
8400	0.01	0.12	0.12	0	0	0.01
8500	0.02	0.11	0.11	0	0	0.02
8600	0.02	0.12	0.12	0	0	0.02
8700	0.02	0.11	0.11	0	0	0.02
8800	0.02	0.11	0.11	0	0	0.02
8900	0.03	0.1	0.1	0	0	0.03
9000	0.04	0.1	0.1	0	0	0.04
9100	0.03	0.11	0.11	0	0	0.03
9200	0.04	0.15	0.15	0	0	0.04
9300	0.04	0.15	0.15	0	0	0.04
9400	0.04	0.15	0.15	0	0	0.04
9500	0.04	0.14	0.14	0	0	0.04
9600	0.03	0.11	0.11	0	0	0.03
9700	0.02	0.09	0.09	0	0	0.02
9800	0.02	0.09	0.09	0	0	0.02
9900	0.04	0.1	0.1	0	0	0.04
10000	0.03	0.1	0.1	0	0	0.03
10100	0.04	0.09	0.09	0	0	0.04
10200	0.03	0.1	0.1	0	0	0.03
10300	0.03	0.1	0.1	0	0	0.03
10400	0.02	0.1	0.1	0	0	0.02
10500	0.01	0.1	0.1	0	0	0.01
10600	0.02	0.1	0.1	0	0	0.02
10700	0.02	0.1	0.1	0	0	0.02
10800	0.02	0.09	0.09	0	0	0.02
10900	0.04	0.09	0.09	0	0	0.04
11000	0.04	0.1	0.1	0	0	0.04
11100	0.05	0.13	0.13	0	0	0.05
11200	0.04	0.12	0.12	0	0	0.04
11300	0.04	0.13	0.13	0	0	0.04
11400	0.03	0.13	0.13	0	0	0.03
11500	0.04	0.12	0.12	0	0	0.04
11600	0.03	0.11	0.11	0	0	0.03
11700	0.02	0.11	0.11	0	0	0.02
11800	0.02	0.1	0.1	0	0	0.02
11900	0.04	0.11	0.11	0	0	0.04
12000	0.06	0.12	0.12	0	0	0.06
12100	0.05	0.13	0.13	0	0	0.05
12200	0.05	0.13	0.13	0	0	0.05
12300	0.05	0.13	0.13	0	0	0.05
12400	0.04	0.12	0.12	0	0	0.04
12500	0.01	0.13	0.13	0	0	0.01
12600	0	0.12	0.12	0	0	0
12700	0.02	0.13	0.13	0	0	0.02
12800	0.04	0.13	0.13	0	0	0.04
12900	0.02	0.13	0.13	0	0	0.02
13000	0	0.16	0.16	0	0	0
13100	0.02	0.15	0.15	0	0	0.02
13200	0.03	0.14	0.14	0	0	0.03
13300	0.02	0.13	0.13	0	0	0.02
13400	0.04	0.12	0.12	0	0	0.04
13500	0.02	0.13	0.13	0	0	0.02
13600	0.03	0.13	0.13	0	0	0.03
13700	0.04	0.14	0.14	0	0	0.04
13800	0.04	0.14	0.14	0	0	0.04
13900	0.03	0.16	0.16	0	0	0.03
14000	0.03	0.16	0.16	0	0	0.03
14100	0.04	0.16	0.16	0	0	0.04
14200	0.05	0.16	0.16	0	0	0.05
14300	0.04	0.18	0.18	0	0	0.04
14400	0.04	0.18	0.18	0	0	0.04
14500	0.03	0.18	0.18	0	0	0.03
14600	0.02	0.18	0.18	0	0	0.02
14700	0.01	0.18	0.18	0	0	0.01
14800	0.01	0.17	0.17	0	0	0.01
14900	0	0.17	0.17	0	0	0
15000	0.01	0.16	0.16	0	0	0.01
15100	0.01	0.16	0.16	0	0	0.01
15200	0.03	0.16	0.16	0	0	0.03
15300	0.01	0.17	0.17	0	0	0.01
15400	0.03	0.18	0.18	0	0	0.03
15500	0.02	0.19	0.19	0	0	0.02
15600	0.02	0.19	0.19	0	0	0.02
15700	0.02	0.19	0.19	0	0	0.02
15800	0.03	0.19	0.19	0	0	0.03
15900	0.03	0.19	0.19	0	0	0.03
16000	0.03	0.2	0.2	0	0	0.03
16100	0.05	0.2	0.2	0	0	0.05
16200	0.04	0.21	0.21	0	0	0.04
16300	0.06	0.21	0.21	0	0	0.06
16400	0.06	0.21	0.21	0	0	0.06
16500	0.06	0.21	0.21	0	0	0.06
16600	0.05	0.22	0.22	0	0	0.05
16700	0.04	0.24	0.24	0	0	0.04
16800	0.03	0.25	0.25	0	0	0.03
16900	0.04	0.26	0.26	0	0	0.04
17000	0.03	0.26	0.26	0	0	0.03
17100	0.02	0.25	0.25	0	0	0.02
17200	0.01	0.25	0.25	0	0	0.01
17300	0.02	0.25	0.25	0	0	0.02
17400	0.02	0.25	0.25	0	0	0.02
17500	0.02	0.25	0.25	0	0	0.02
17600	0.02	0.26	0.26	0	0	0.02
17700	0.02	0.26	0.26	0	0	0.02
17800	0.02	0.25	0.25	0	0	0.02
17900	0.02	0.26	0.26	0	0	0.02
18000	0.03	0.26	0.26	0	0	0.03
18100	0.03	0.27	0.27	0	0	0.03
18200	0.02	0.28	0.28	0	0	0.02
18300	0.05	0.29	0.29	0	0	0.05
18400	0.05	0.3	0.3	0	0	0.05
18500	0.04	0.3	0.3	0	0	0.04
18600	0.01	0.31	0.31	0	0	0.01
18700	0	0.31	0.31	0	0	0
18800	0	0.31	0.31	0	0	0
18900	0.01	0.31	0.31	0	0	0.01
19000	0.01	0.32	0.32	0	0	0.01
19100	0.01	0.32	0.32	0	0	0.01
19200	0.02	0.32	0.32	0	0	0.02
19300	0.02	0.32	0.32	0	0	0.02
19400	0.02	0.33	0.33	0	0	0.02
19500	0.02	0.33	0.33	0	0	0.02
19600	0.02	0.34	0.34	0	0	0.02
19700	0.02	0.34	0.34	0	0	0.02
19800	0.02	0.35	0.35	0	0	0.02
19900	0.03	0.35	0.35	0	0	0.03
20000	0.04	0.35	0.35	0	0	0.04
20100	0.05	0.35	0.35	0	0	0.05
20200	0.02	0.34	0.34	0	0	0.02
20300	0.02	0.34	0.34	0	0	0.02
20400	0.02	0.34	0.34	0	0	0.02
20500	0.01	0.34	0.34	0	0	0.01
20600	0.01	0.34	0.34	0	0	0.01
20700	0.01	0.36	0.36	0	0	0.01
20800	0.01	0.37	0.37	0	0	0.01
20900	0.01	0.38	0.38	0	0	0.01
21000	0.01	0.38	0.38	0	0	0.01
21100	0.01	0.38	0.38	0	0	0.01
21200	0.02	0.37	0.37	0	0	0.02
21300	0.01	0.36	0.36	0	0	0.01
21400	0.01	0.36	0.36	0	0	0.01
21500	0.01	0.36	0.36	0	0	0.01
21600	0.02	0.36	0.36	0	0	0.02
21700	0.04	0.37	0.37	0	0	0.04
21800	0.04	0.38	0.38	0	0	0.04
21900	0.04	0.39	0.39	0	0	0.04
22000	0.05	0.41	0.41	0	0	0.05
22100	0.06	0.42	0.42	0	0	0.06
22200	0.05	0.43	0.43	0	0	0.05
22300	0.07	0.43	0.43	0	0	0.07
22400	0.05	0.42	0.42	0	0	0.05
22500	0.04	0.41	0.41	0	0	0.04
22600	0.01	0.41	0.41	0	0	0.01
22700	0	0.41	0.41	0	0	0
22800	0	0.41	0.41	0	0	0
22900	0.01	0.42	0.42	0	0	0.01
23000	0.01	0.4	0.4	0	0	0.01
23100	0.01	0.4	0.4	0	0	0.01
23200	0.01	0.4	0.4	0	0	0.01
23300	0.01	0.42	0.42	0	0	0.01
23400	0	0.42	0.42	0	0	0
23500	0.02	0.42	0.42	0	0	0.02
23600	0.04	0.42	0.42	0	0	0.04
23700	0.02	0.41	0.41	0	0	0.02
23800	0.02	0.41	0.41	0	0	0.02
23900	0.02	0.42	0.42	0	0	0.02
24000	0.01	0.42	0.42	0	0	0.01
24100	0.02	0.42	0.42	0	0	0.02
24200	0.03	0.42	0.42	0	0	0.03
24300	0.03	0.41	0.41	0	0	0.03
24400	0.03	0.42	0.42	0	0	0.03
24500	0.03	0.42	0.42	0	0	0.03
24600	0.04	0.42	0.42	0	0	0.04
24700	0.03	0.42	0.42	0	0	0.03
24800	0.03	0.42	0.42	0	0	0.03
24900	0.02	0.43	0.43	0	0	0.02
25000	0.03	0.43	0.43	0	0	0.03
25100	0.02	0.43	0.43	0	0	0.02
25200	0.02	0.44	0.44	0	0	0.02
25300	0.02	0.43	0.43	0	0	0.02
25400	0.01	0.43	0.43	0	0	0.01
25500	0.02	0.43	0.43	0	0	0.02
25600	0.02	0.43	0.43	0	0	0.02
25700	0.02	0.43	0.43	0	0	0.02
25800	0.03	0.43	0.43	0	0	0.03
25900	0.02	0.42	0.42	0	0	0.02
26000	0.03	0.42	0.42	0	0	0.03
26100	0.02	0.42	0.42	0	0	0.02
26200	0.03	0.41	0.41	0	0	0.03
26300	0.04	0.43	0.43	0	0	0.04
26400	0.03	0.42	0.42	0	0	0.03
26500	0.05	0.42	0.42	0	0	0.05
26600	0.06	0.42	0.42	0	0	0.06
26700	0.03	0.42	0.42	0	0	0.03
26800	0.06	0.42	0.42	0	0	0.06
26900	0.04	0.41	0.41	0	0	0.04
27000	0.04	0.42	0.42	0	0	0.04
27100	0.04	0.43	0.43	0	0	0.04
27200	0.06	0.42	0.42	0	0	0.06
27300	0.07	0.41	0.41	0	0	0.07
27400	0.07	0.41	0.41	0	0	0.07
27500	0.04	0.4	0.4	0	0	0.04
27600	0.02	0.4	0.4	0	0	0.02
27700	0.03	0.4	0.4	0	0	0.03
27800	0.01	0.4	0.4	0	0	0.01
27900	0	0.4	0.4	0	0	0
28000	0	0.41	0.41	0	0	0
28100	0	0.42	0.42	0	0	0
28200	0.01	0.42	0.42	0	0	0.01
28300	0.01	0.45	0.45	0	0	0.01
28400	0.02	0.45	0.45	0	0	0.02
28500	0.03	0.45	0.45	0	0	0.03
28600	0	0.47	0.47	0	0	0
28700	0.01	0.47	0.47	0	0	0.01
28800	0.02	0.46	0.46	0	0	0.02
28900	0.02	0.46	0.46	0	0	0.02
29000	0.02	0.46	0.46	0	0	0.02
29100	0.03	0.46	0.46	0	0	0.03
29200	0.06	0.48	0.48	0	0	0.06
29300	0.05	0.48	0.48	0	0	0.05
29400	0.05	0.48	0.48	0	0	0.05
29500	0.04	0.47	0.47	0	0	0.04
29600	0.01	0.47	0.47	0	0	0.01
29700	0.01	0.47	0.47	0	0	0.01
29800	0.01	0.47	0.47	0	0	0.01
29900	0.01	0.47	0.47	0	0	0.01
30000	0	0.48	0.48	0	0	0
30100	0	0.48	0.48	0	0	0
30200	0.01	0.49	0.49	0	0	0.01
30300	0.02	0.48	0.48	0	0	0.02
30400	0.02	0.48	0.48	0	0	0.02
30500	0.02	0.48	0.48	0	0	0.02
30600	0.01	0.48	0.48	0	0	0.01
30700	0.01	0.48	0.48	0	0	0.01
30800	0.04	0.48	0.48	0	0	0.04
30900	0.05	0.48	0.48	0	0	0.05
31000	0.05	0.48	0.48	0	0	0.05
31100	0.04	0.48	0.48	0	0	0.04
31200	0.06	0.48	0.48	0	0	0.06
31300	0.04	0.48	0.48	0	0	0.04
31400	0.03	0.48	0.48	0	0	0.03
31500	0.02	0.48	0.48	0	0	0.02
31600	0.04	0.48	0.48	0	0	0.04
31700	0.07	0.48	0.48	0	0	0.07
31800	0.05	0.49	0.49	0	0	0.05
31900	0.06	0.49	0.49	0	0	0.06
32000	0.06	0.49	0.49	0	0	0.06
32100	0.05	0.49	0.49	0	0	0.05
32200	0.04	0.49	0.49	0	0	0.04
32300	0.02	0.49	0.49	0	0	0.02
32400	0.01	0.49	0.49	0	0	0.01
32500	0.01	0.5	0.5	0	0	0.01
32600	0.01	0.49	0.49	0	0	0.01
32700	0.01	0.49	0.49	0	0	0.01
32800	0.02	0.49	0.49	0	0	0.02
32900	0.01	0.49	0.49	0	0	0.01
33000	0.01	0.49	0.49	0	0	0.01
33100	0.01	0.49	0.49	0	0	0.01
33200	0	0.48	0.48	0	0	0
33300	0	0.48	0.48	0	0	0
33400	0.01	0.49	0.49	0	0	0.01
33500	0.01	0.49	0.49	0	0	0.01
33600	0.01	0.48	0.48	0	0	0.01
33700	0.01	0.48	0.48	0	0	0.01
33800	0.01	0.48	0.48	0	0	0.01
33900	0.02	0.48	0.48	0	0	0.02
34000	0.01	0.48	0.48	0	0	0.01
34100	0	0.48	0.48	0	0	0
34200	0	0.48	0.48	0	0	0
34300	0	0.48	0.48	0	0	0
34400	0.01	0.48	0.48	0	0	0.01
34500	0.01	0.48	0.48	0	0	0.01
34600	0.02	0.48	0.48	0	0	0.02
34700	0.02	0.5	0.5	0	0	0.02
34800	0.02	0.49	0.49	0	0	0.02
34900	0.04	0.5	0.5	0	0	0.04
35000	0.04	0.5	0.5	0	0	0.04
35100	0.04	0.5	0.5	0	0	0.04
35200	0.04	0.5	0.5	0	0	0.04
35300	0.02	0.5	0.5	0	0	0.02
35400	0	0.5	0.5	0	0	0
35500	0	0.5	0.5	0	0	0
35600	0	0.5	0.5	0	0	0
35700	0.01	0.52	0.52	0	0	0.01
35800	0.02	0.52	0.52	0	0	0.02
35900	0.03	0.52	0.52	0	0	0.03
36000	0.03	0.52	0.52	0	0	0.03
36100	0.02	0.51	0.51	0	0	0.02
36200	0.03	0.52	0.52	0	0	0.03
36300	0.02	0.52	0.52	0	0	0.02
36400	0.01	0.52	0.52	0	0	0.01
36500	0.01	0.52	0.52	0	0	0.01
36600	0.01	0.52	0.52	0	0	0.01
36700	0.02	0.52	0.52	0	0	0.02
36800	0.01	0.52	0.52	0	0	0.01
36900	0.01	0.52	0.52	0	0	0.01
37000	0.01	0.52	0.52	0	0	0.01
37100	0.01	0.53	0.53	0	0	0.01
37200	0	0.53	0.53	0	0	0
37300	0	0.53	0.53	0	0	0
37400	0	0.54	0.54	0	0	0
37500	0	0.54	0.54	0	0	0
37600	0.01	0.54	0.54	0	0	0.01
37700	0.01	0.56	0.56	0	0	0.01
37800	0.01	0.56	0.56	0	0	0.01
37900	0.02	0.56	0.56	0	0	0.02
38000	0.03	0.56	0.56	0	0	0.03
38100	0.01	0.56	0.56	0	0	0.01
38200	0.02	0.56	0.56	0	0	0.02
38300	0.02	0.56	0.56	0	0	0.02
38400	0.02	0.56	0.56	0	0	0.02
38500	0.02	0.56	0.56	0	0	0.02
38600	0.02	0.56	0.56	0	0	0.02
38700	0.01	0.56	0.56	0	0	0.01
38800	0.01	0.56	0.56	0	0	0.01
38900	0.02	0.56	0.56	0	0	0.02
39000	0.01	0.56	0.56	0	0	0.01
39100	0.01	0.56	0.56	0	0	0.01
39200	0.02	0.56	0.56	0	0	0.02
39300	0.04	0.57	0.57	0	0	0.04
39400	0.04	0.57	0.57	0	0	0.04
39500	0.01	0.57	0.57	0	0	0.01
39600	0.01	0.58	0.58	0	0	0.01
39700	0.01	0.58	0.58	0	0	0.01
39800	0.03	0.58	0.58	0	0	0.03
39900	0.03	0.57	0.57	0	0	0.03
40000	0.02	0.57	0.57	0	0	0.02
40100	0.01	0.57	0.57	0	0	0.01
40200	0	0.57	0.57	0	0	0
40300	0.03	0.57	0.57	0	0	0.03
40400	0.05	0.57	0.57	0	0	0.05
40500	0.05	0.57	0.57	0	0	0.05
40600	0.06	0.57	0.57	0	0	0.06
40700	0.06	0.57	0.57	0	0	0.06
40800	0.03	0.57	0.57	0	0	0.03
40900	0.02	0.57	0.57	0	0	0.02
41000	0.02	0.57	0.57	0	0	0.02
41100	0.03	0.58	0.58	0	0	0.03
41200	0.02	0.58	0.58	0	0	0.02
41300	0.02	0.58	0.58	0	0	0.02
41400	0.05	0.58	0.58	0	0	0.05
41500	0.07	0.58	0.58	0	0	0.07
41600	0.05	0.58	0.58	0	0	0.05
41700	0.05	0.58	0.58	0	0	0.05
41800	0.03	0.58	0.58	0	0	0.03
41900	0.03	0.58	0.58	0	0	0.03
42000	0.03	0.58	0.58	0	0	0.03
42100	0.01	0.59	0.59	0	0	0.01
42200	0.01	0.59	0.59	0	0	0.01
42300	0.02	0.59	0.59	0	0	0.02
42400	0.01	0.59	0.59	0	0	0.01
42500	0.02	0.59	0.59	0	0	0.02
42600	0.05	0.59	0.59	0	0	0.05
42700	0.06	0.59	0.59	0	0	0.06
42800	0.05	0.59	0.59	0	0	0.05
42900	0.05	0.59	0.59	0	0	0.05
43000	0.06	0.59	0.59	0	0	0.06
43100	0.03	0.59	0.59	0	0	0.03
43200	0.01	0.59	0.59	0	0	0.01
43300	0.02	0.59	0.59	0	0	0.02
43400	0.02	0.6	0.6	0	0	0.02
43500	0.03	0.6	0.6	0	0	0.03
43600	0.03	0.6	0.6	0	0	0.03
43700	0.03	0.6	0.6	0	0	0.03
43800	0.02	0.6	0.6	0	0	0.02
43900	0.03	0.6	0.6	0	0	0.03
44000	0.03	0.59	0.59	0	0	0.03
44100	0.05	0.59	0.59	0	0	0.05
44200	0.03	0.59	0.59	0	0	0.03
44300	0.04	0.59	0.59	0	0	0.04
44400	0.05	0.59	0.59	0	0	0.05
44500	0.05	0.59	0.59	0	0	0.05
44600	0.02	0.59	0.59	0	0	0.02
44700	0.01	0.59	0.59	0	0	0.01
44800	0.01	0.59	0.59	0	0	0.01
44900	0.02	0.59	0.59	0	0	0.02
45000	0.02	0.59	0.59	0	0	0.02
45100	0.01	0.59	0.59	0	0	0.01
45200	0.01	0.59	0.59	0	0	0.01
45300	0	0.59	0.59	0	0	0
45400	0	0.6	0.6	0	0	0
45500	0.01	0.58	0.58	0	0	0.01
45600	0.01	0.58	0.58	0	0	0.01
45700	0.02	0.59	0.59	0	0	0.02
45800	0.02	0.59	0.59	0	0	0.02
45900	0.03	0.59	0.59	0	0	0.03
46000	0.04	0.58	0.58	0	0	0.04
46100	0.04	0.58	0.58	0	0	0.04
46200	0.04	0.58	0.58	0	0	0.04
46300	0.05	0.59	0.59	0	0	0.05
46400	0.05	0.59	0.59	0	0	0.05
46500	0.05	0.59	0.59	0	0	0.05
46600	0.05	0.58	0.58	0	0	0.05
46700	0.03	0.58	0.58	0	0	0.03
46800	0.02	0.59	0.59	0	0	0.02
46900	0.02	0.59	0.59	0	0	0.02
47000	0.01	0.59	0.59	0	0	0.01
47100	0.02	0.58	0.58	0	0	0.02
47200	0.02	0.58	0.58	0	0	0.02
47300	0.01	0.57	0.57	0	0	0.01
47400	0	0.57	0.57	0	0	0
47500	0	0.57	0.57	0	0	0
47600	0.01	0.57	0.57	0	0	0.01
47700	0.02	0.58	0.58	0	0	0.02
47800	0.02	0.58	0.58	0	0	0.02
47900	0	0.58	0.58	0	0	0
48000	0	0.58	0.58	0	0	0
48100	0	0.58	0.58	0	0	0
48200	0	0.58	0.58	0	0	0
48300	0.01	0.58	0.58	0	0	0.01
48400	0.01	0.58	0.58	0	0	0.01
48500	0.01	0.58	0.58	0	0	0.01
48600	0	0.58	0.58	0	0	0
48700	0	0.58	0.58	0	0	0
48800	0	0.59	0.59	0	0	0
48900	0	0.59	0.59	0	0	0
49000	0	0.6	0.6	0	0	0
49100	0	0.6	0.6	0	0	0
49200	0	0.6	0.6	0	0	0
49300	0	0.6	0.6	0	0	0
49400	0.02	0.6	0.6	0	0	0.02
49500	0.03	0.6	0.6	0	0	0.03
49600	0.03	0.61	0.61	0	0	0.03
49700	0.02	0.61	0.61	0	0	0.02
49800	0	0.62	0.62	0	0	0
49900	0	0.62	0.62	0	0	0
50000	0	0.62	0.62	0	0	0
50100	0.01	0.62	0.62	0	0	0.01
50200	0.01	0.63	0.63	0	0	0.01
50300	0.01	0.62	0.62	0	0	0.01
50400	0	0.62	0.62	0	0	0
50500	0	0.62	0.62	0	0	0
50600	0	0.62	0.62	0	0	0
50700	0	0.62	0.62	0	0	0
50800	0.03	0.62	0.62	0	0	0.03
50900	0.03	0.62	0.62	0	0	0.03
51000	0.02	0.62	0.62	0	0	0.02
51100	0.01	0.62	0.62	0	0	0.01
51200	0.01	0.62	0.62	0	0	0.01
51300	0	0.62	0.62	0	0	0
51400	0	0.62	0.62	0	0	0
51500	0	0.62	0.62	0	0	0
51600	0.02	0.62	0.62	0	0	0.02
51700	0.02	0.62	0.62	0	0	0.02
51800	0.02	0.62	0.62	0	0	0.02
51900	0.02	0.62	0.62	0	0	0.02
52000	0.03	0.62	0.62	0	0	0.03
52100	0.03	0.62	0.62	0	0	0.03
52200	0.01	0.62	0.62	0	0	0.01
52300	0.01	0.62	0.62	0	0	0.01
52400	0.02	0.62	0.62	0	0	0.02
52500	0.03	0.62	0.62	0	0	0.03
52600	0.03	0.62	0.62	0	0	0.03
52700	0.02	0.62	0.62	0	0	0.02
52800	0.02	0.62	0.62	0	0	0.02
52900	0.01	0.62	0.62	0	0	0.01
53000	0	0.62	0.62	0	0	0
53100	0	0.62	0.62	0	0	0
53200	0	0.61	0.61	0	0	0
53300	0.01	0.61	0.61	0	0	0.01
53400	0.01	0.61	0.61	0	0	0.01
53500	0.01	0.61	0.61	0	0	0.01
53600	0.02	0.61	0.61	0	0	0.02
53700	0.01	0.62	0.62	0	0	0.01
53800	0.01	0.62	0.62	0	0	0.01
53900	0.02	0.62	0.62	0	0	0.02
54000	0.02	0.63	0.63	0	0	0.02
54100	0.03	0.64	0.64	0	0	0.03
54200	0.03	0.64	0.64	0	0	0.03
54300	0.03	0.64	0.64	0	0	0.03
54400	0.02	0.64	0.64	0	0	0.02
54500	0.01	0.64	0.64	0	0	0.01
54600	0.01	0.65	0.65	0	0	0.01
54700	0.01	0.65	0.65	0	0	0.01
54800	0.01	0.64	0.64	0	0	0.01
54900	0.01	0.64	0.64	0	0	0.01
55000	0.02	0.64	0.64	0	0	0.02
55100	0.03	0.64	0.64	0	0	0.03
55200	0.02	0.64	0.64	0	0	0.02
55300	0.01	0.64	0.64	0	0	0.01
55400	0.01	0.64	0.64	0	0	0.01
55500	0.01	0.64	0.64	0	0	0.01
55600	0	0.64	0.64	0	0	0
55700	0	0.64	0.64	0	0	0
55800	0	0.64	0.64	0	0	0
55900	0	0.64	0.64	0	0	0
56000	0	0.64	0.64	0	0	0
56100	0	0.64	0.64	0	0	0
56200	0	0.65	0.65	0	0	0
56300	0	0.65	0.65	0	0	0
56400	0	0.65	0.65	0	0	0
56500	0.01	0.64	0.64	0	0	0.01
56600	0	0.64	0.64	0	0	0
56700	0	0.64	0.64	0	0	0
56800	0	0.64	0.64	0	0	0
56900	0	0.64	0.64	0	0	0
57000	0.03	0.64	0.64	0	0	0.03
57100	0.04	0.64	0.64	0	0	0.04
57200	0.06	0.64	0.64	0	0	0.06
57300	0.06	0.64	0.64	0	0	0.06
57400	0.06	0.64	0.64	0	0	0.06
57500	0.05	0.64	0.64	0	0	0.05
57600	0.03	0.64	0.64	0	0	0.03
57700	0.01	0.64	0.64	0	0	0.01
57800	0	0.64	0.64	0	0	0
57900	0	0.64	0.64	0	0	0
58000	0	0.64	0.64	0	0	0
58100	0	0.64	0.64	0	0	0
58200	0	0.64	0.64	0	0	0
58300	0	0.64	0.64	0	0	0
58400	0	0.64	0.64	0	0	0
58500	0.01	0.64	0.64	0	0	0.01
58600	0.01	0.64	0.64	0	0	0.01
58700	0.01	0.64	0.64	0	0	0.01
58800	0.01	0.65	0.65	0	0	0.01
58900	0.01	0.65	0.65	0	0	0.01
59000	0.02	0.64	0.64	0	0	0.02
59100	0.02	0.64	0.64	0	0	0.02
59200	0.03	0.64	0.64	0	0	0.03
59300	0.03	0.64	0.64	0	0	0.03
59400	0.02	0.64	0.64	0	0	0.02
59500	0.01	0.64	0.64	0	0	0.01
59600	0	0.64	0.64	0	0	0
59700	0.01	0.64	0.64	0	0	0.01
59800	0.01	0.64	0.64	0	0	0.01
59900	0.01	0.65	0.65	0	0	0.01
60000	0.02	0.64	0.64	0	0	0.02
60100	0.03	0.64	0.64	0	0	0.03
60200	0.04	0.64	0.64	0	0	0.04
60300	0.01	0.64	0.64	0	0	0.01
60400	0.02	0.64	0.64	0	0	0.02
60500	0.02	0.64	0.64	0	0	0.02
60600	0.01	0.64	0.64	0	0	0.01
60700	0.01	0.64	0.64	0	0	0.01
60800	0	0.64	0.64	0	0	0
60900	0	0.64	0.64	0	0	0
61000	0.01	0.64	0.64	0	0	0.01
61100	0.02	0.64	0.64	0	0	0.02
61200	0.02	0.64	0.64	0	0	0.02
61300	0.02	0.64	0.64	0	0	0.02
61400	0.02	0.64	0.64	0	0	0.02
61500	0.01	0.64	0.64	0	0	0.01
61600	0.01	0.64	0.64	0	0	0.01
61700	0	0.64	0.64	0	0	0
61800	0.01	0.64	0.64	0	0	0.01
61900	0.01	0.64	0.64	0	0	0.01
62000	0.01	0.64	0.64	0	0	0.01
62100	0.01	0.64	0.64	0	0	0.01
62200	0	0.64	0.64	0	0	0
62300	0	0.64	0.64	0	0	0
62400	0	0.64	0.64	0	0	0
62500	0.01	0.64	0.64	0	0	0.01
62600	0.01	0.64	0.64	0	0	0.01
62700	0.02	0.64	0.64	0	0	0.02
62800	0.02	0.64	0.64	0	0	0.02
62900	0.02	0.64	0.64	0	0	0.02
63000	0.02	0.64	0.64	0	0	0.02
63100	0.01	0.63	0.63	0	0	0.01
63200	0.01	0.63	0.63	0	0	0.01
63300	0	0.63	0.63	0	0	0
63400	0	0.63	0.63	0	0	0
63500	0	0.63	0.63	0	0	0
63600	0	0.63	0.63	0	0	0
63700	0	0.63	0.63	0	0	0
63800	0.01	0.63	0.63	0	0	0.01
63900	0.01	0.63	0.63	0	0	0.01
64000	0.01	0.63	0.63	0	0	0.01
64100	0.02	0.63	0.63	0	0	0.02
64200	0.01	0.63	0.63	0	0	0.01
64300	0.01	0.63	0.63	0	0	0.01
64400	0.01	0.63	0.63	0	0	0.01
64500	0.01	0.63	0.63	0	0	0.01
64600	0.01	0.63	0.63	0	0	0.01
64700	0.01	0.63	0.63	0	0	0.01
64800	0.01	0.63	0.63	0	0	0.01
64900	0.02	0.63	0.63	0	0	0.02
65000	0.01	0.63	0.63	0	0	0.01
65100	0.01	0.63	0.63	0	0	0.01
65200	0	0.63	0.63	0	0	0
65300	0	0.63	0.63	0	0	0
65400	0	0.63	0.63	0	0	0
65500	0.01	0.64	0.64	0	0	0.01
65600	0.01	0.63	0.63	0	0	0.01
65700	0.01	0.63	0.63	0	0	0.01
65800	0.01	0.63	0.63	0	0	0.01
65900	0.02	0.63	0.63	0	0	0.02
66000	0.02	0.63	0.63	0	0	0.02
66100	0.02	0.63	0.63	0	0	0.02
66200	0.01	0.63	0.63	0	0	0.01
66300	0.01	0.63	0.63	0	0	0.01
66400	0	0.63	0.63	0	0	0
66500	0	0.63	0.63	0	0	0
66600	0.01	0.63	0.63	0	0	0.01
66700	0.01	0.63	0.63	0	0	0.01
66800	0.01	0.63	0.63	0	0	0.01
66900	0.02	0.63	0.63	0	0	0.02
67000	0.01	0.63	0.63	0	0	0.01
67100	0.01	0.64	0.64	0	0	0.01
67200	0.01	0.64	0.64	0	0	0.01
67300	0.02	0.64	0.64	0	0	0.02
67400	0	0.64	0.64	0	0	0
67500	0	0.64	0.64	0	0	0
67600	0	0.64	0.64	0	0	0
67700	0.02	0.64	0.64	0	0	0.02
67800	0.04	0.64	0.64	0	0	0.04
67900	0.04	0.64	0.64	0	0	0.04
68000	0.02	0.64	0.64	0	0	0.02
68100	0.02	0.64	0.64	0	0	0.02
68200	0.01	0.64	0.64	0	0	0.01
68300	0	0.64	0.64	0	0	0
68400	0	0.64	0.64	0	0	0
68500	0.01	0.64	0.64	0	0	0.01
68600	0.01	0.64	0.64	0	0	0.01
68700	0.01	0.64	0.64	0	0	0.01
68800	0.01	0.63	0.63	0	0	0.01
68900	0	0.63	0.63	0	0	0
69000	0	0.63	0.63	0	0	0
69100	0	0.62	0.62	0	0	0
69200	0	0.62	0.62	0	0	0
69300	0	0.62	0.62	0	0	0
69400	0	0.63	0.63	0	0	0
69500	0.01	0.63	0.63	0	0	0.01
69600	0.01	0.63	0.63	0	0	0.01
69700	0.01	0.64	0.64	0	0	0.01
69800	0.01	0.64	0.64	0	0	0.01
69900	0.01	0.64	0.64	0	0	0.01
70000	0.03	0.64	0.64	0	0	0.03
70100	0.03	0.63	0.63	0	0	0.03
70200	0.02	0.63	0.63	0	0	0.02
70300	0.01	0.63	0.63	0	0	0.01
70400	0.02	0.64	0.64	0	0	0.02
70500	0.01	0.64	0.64	0	0	0.01
70600	0.01	0.64	0.64	0	0	0.01
70700	0.01	0.64	0.64	0	0	0.01
70800	0.01	0.64	0.64	0	0	0.01
70900	0.01	0.64	0.64	0	0	0.01
71000	0.02	0.64	0.64	0	0	0.02
71100	0.03	0.64	0.64	0	0	0.03
71200	0.03	0.64	0.64	0	0	0.03
71300	0.03	0.64	0.64	0	0	0.03
71400	0.04	0.64	0.64	0	0	0.04
71500	0.02	0.64	0.64	0	0	0.02
71600	0.01	0.64	0.64	0	0	0.01
71700	0.01	0.64	0.64	0	0	0.01
71800	0.02	0.64	0.64	0	0	0.02
71900	0.04	0.64	0.64	0	0	0.04
72000	0.02	0.64	0.64	0	0	0.02
72100	0	0.64	0.64	0	0	0
72200	0.01	0.64	0.64	0	0	0.01
72300	0.01	0.64	0.64	0	0	0.01
72400	0.03	0.64	0.64	0	0	0.03
72500	0.02	0.64	0.64	0	0	0.02
72600	0.03	0.64	0.64	0	0	0.03
72700	0.02	0.64	0.64	0	0	0.02
72800	0.02	0.64	0.64	0	0	0.02
72900	0.01	0.64	0.64	0	0	0.01
73000	0.01	0.65	0.65	0	0	0.01
73100	0.03	0.65	0.65	0	0	0.03
73200	0.04	0.65	0.65	0	0	0.04
73300	0.02	0.65	0.65	0	0	0.02
73400	0.02	0.66	0.66	0	0	0.02
73500	0.02	0.66	0.66	0	0	0.02
73600	0.03	0.66	0.66	0	0	0.03
73700	0.02	0.66	0.66	0	0	0.02
73800	0.01	0.66	0.66	0	0	0.01
73900	0	0.66	0.66	0	0	0
74000	0	0.66	0.66	0	0	0
74100	0.01	0.66	0.66	0	0	0.01
74200	0.01	0.66	0.66	0	0	0.01
74300	0.03	0.66	0.66	0	0	0.03
74400	0.04	0.66	0.66	0	0	0.04
74500	0.01	0.66	0.66	0	0	0.01
74600	0.01	0.66	0.66	0	0	0.01
74700	0.01	0.66	0.66	0	0	0.01
74800	0.01	0.66	0.66	0	0	0.01
74900	0.02	0.66	0.66	0	0	0.02
75000	0.01	0.66	0.66	0	0	0.01
75100	0.01	0.66	0.66	0	0	0.01
75200	0.02	0.65	0.65	0	0	0.02
75300	0.04	0.65	0.65	0	0	0.04
75400	0.03	0.65	0.65	0	0	0.03
75500	0.04	0.65	0.65	0	0	0.04
75600	0.02	0.65	0.65	0	0	0.02
75700	0.04	0.65	0.65	0	0	0.04
75800	0.03	0.65	0.65	0	0	0.03
75900	0.01	0.65	0.65	0	0	0.01
76000	0	0.65	0.65	0	0	0
76100	0.01	0.65	0.65	0	0	0.01
76200	0.01	0.65	0.65	0	0	0.01
76300	0.02	0.65	0.65	0	0	0.02
76400	0.02	0.65	0.65	0	0	0.02
76500	0.02	0.65	0.65	0	0	0.02
76600	0.01	0.65	0.65	0	0	0.01
76700	0.01	0.65	0.65	0	0	0.01
76800	0.02	0.65	0.65	0	0	0.02
76900	0.03	0.65	0.65	0	0	0.03
77000	0.02	0.65	0.65	0	0	0.02
77100	0.02	0.65	0.65	0	0	0.02
77200	0.01	0.65	0.65	0	0	0.01
77300	0.02	0.65	0.65	0	0	0.02
77400	0.03	0.65	0.65	0	0	0.03
77500	0.04	0.65	0.65	0	0	0.04
77600	0.03	0.65	0.65	0	0	0.03
77700	0.02	0.65	0.65	0	0	0.02
77800	0.01	0.65	0.65	0	0	0.01
77900	0.02	0.65	0.65	0	0	0.02
78000	0.02	0.66	0.66	0	0	0.02
78100	0.03	0.66	0.66	0	0	0.03
78200	0.02	0.66	0.66	0	0	0.02
78300	0.02	0.66	0.66	0	0	0.02
78400	0.02	0.66	0.66	0	0	0.02
78500	0.01	0.66	0.66	0	0	0.01
78600	0.02	0.66	0.66	0	0	0.02
78700	0.02	0.66	0.66	0	0	0.02
78800	0.02	0.66	0.66	0	0	0.02
78900	0.02	0.66	0.66	0	0	0.02
79000	0.02	0.66	0.66	0	0	0.02
79100	0.01	0.66	0.66	0	0	0.01
79200	0.01	0.66	0.66	0	0	0.01
79300	0.02	0.66	0.66	0	0	0.02
79400	0.02	0.66	0.66	0	0	0.02
79500	0.02	0.66	0.66	0	0	0.02
79600	0.03	0.66	0.66	0	0	0.03
79700	0.03	0.66	0.66	0	0	0.03
79800	0.03	0.66	0.66	0	0	0.03
79900	0.02	0.66	0.66	0	0	0.02
80000	0.02	0.66	0.66	0	0	0.02
80100	0.03	0.65	0.65	0	0	0.03
80200	0.03	0.65	0.65	0	0	0.03
80300	0.02	0.65	0.65	0	0	0.02
80400	0.01	0.65	0.65	0	0	0.01
80500	0.01	0.65	0.65	0	0	0.01
80600	0	0.65	0.65	0	0	0
80700	0	0.65	0.65	0	0	0
80800	0	0.65	0.65	0	0	0
80900	0	0.65	0.65	0	0	0
81000	0	0.65	0.65	0	0	0
81100	0	0.65	0.65	0	0	0
81200	0.04	0.65	0.65	0	0	0.04
81300	0.04	0.65	0.65	0	0	0.04
81400	0.04	0.65	0.65	0	0	0.04
81500	0.02	0.65	0.65	0	0	0.02
81600	0.03	0.65	0.65	0	0	0.03
81700	0.02	0.65	0.65	0	0	0.02
81800	0.03	0.65	0.65	0	0	0.03
81900	0.03	0.65	0.65	0	0	0.03
82000	0.04	0.65	0.65	0	0	0.04
82100	0.03	0.65	0.65	0	0	0.03
82200	0	0.65	0.65	0	0	0
82300	0	0.65	0.65	0	0	0
82400	0	0.65	0.65	0	0	0
82500	0	0.65	0.65	0	0	0
82600	0.01	0.65	0.65	0	0	0.01
82700	0.01	0.65	0.65	0	0	0.01
82800	0.01	0.65	0.65	0	0	0.01
82900	0.02	0.65	0.65	0	0	0.02
83000	0.02	0.65	0.65	0	0	0.02
83100	0.03	0.65	0.65	0	0	0.03
83200	0.02	0.65	0.65	0	0	0.02
83300	0.03	0.65	0.65	0	0	0.03
83400	0.03	0.65	0.65	0	0	0.03
83500	0.02	0.65	0.65	0	0	0.02
83600	0.02	0.65	0.65	0	0	0.02
83700	0.01	0.65	0.65	0	0	0.01
83800	0.01	0.65	0.65	0	0	0.01
83900	0	0.65	0.65	0	0	0
84000	0	0.65	0.65	0	0	0
84100	0	0.65	0.65	0	0	0
84200	0.01	0.65	0.65	0	0	0.01
84300	0	0.65	0.65	0	0	0
84400	0	0.65	0.65	0	0	0
84500	0	0.65	0.65	0	0	0
84600	0	0.65	0.65	0	0	0
84700	0.02	0.66	0.66	0	0	0.02
84800	0.02	0.66	0.66	0	0	0.02
84900	0.02	0.66	0.66	0	0	0.02
85000	0.02	0.66	0.66	0	0	0.02
85100	0.01	0.66	0.66	0	0	0.01
85200	0.01	0.66	0.66	0	0	0.01
85300	0	0.66	0.66	0	0	0
85400	0.01	0.66	0.66	0	0	0.01
85500	0.02	0.66	0.66	0	0	0.02
85600	0.02	0.66	0.66	0	0	0.02
85700	0.01	0.66	0.66	0	0	0.01
85800	0.01	0.66	0.66	0	0	0.01
85900	0.01	0.66	0.66	0	0	0.01
86000	0.01	0.66	0.66	0	0	0.01
86100	0.01	0.66	0.66	0	0	0.01
86200	0.01	0.66	0.66	0	0	0.01
86300	0.01	0.66	0.66	0	0	0.01
86400	0.02	0.66	0.66	0	0	0.02
86500	0.02	0.66	0.66	0	0	0.02
86600	0.02	0.66	0.66	0	0	0.02
86700	0.02	0.66	0.66	0	0	0.02
86800	0.01	0.66	0.66	0	0	0.01
86900	0	0.67	0.67	0	0	0
87000	0.01	0.67	0.67	0	0	0.01
87100	0.01	0.67	0.67	0	0	0.01
87200	0.02	0.67	0.67	0	0	0.02
87300	0.02	0.67	0.67	0	0	0.02
87400	0.03	0.67	0.67	0	0	0.03
87500	0.03	0.67	0.67	0	0	0.03
87600	0.03	0.67	0.67	0	0	0.03
87700	0.02	0.67	0.67	0	0	0.02
87800	0.03	0.67	0.67	0	0	0.03
87900	0.03	0.67	0.67	0	0	0.03
88000	0.03	0.67	0.67	0	0	0.03
88100	0.03	0.67	0.67	0	0	0.03
88200	0.03	0.67	0.67	0	0	0.03
88300	0.04	0.67	0.67	0	0	0.04
88400	0.02	0.67	0.67	0	0	0.02
88500	0.01	0.67	0.67	0	0	0.01
88600	0	0.67	0.67	0	0	0
88700	0	0.67	0.67	0	0	0
88800	0.01	0.67	0.67	0	0	0.01
88900	0.01	0.67	0.67	0	0	0.01
89000	0.01	0.67	0.67	0	0	0.01
89100	0	0.67	0.67	0	0	0
89200	0	0.67	0.67	0	0	0
89300	0.01	0.67	0.67	0	0	0.01
89400	0.01	0.67	0.67	0	0	0.01
89500	0.01	0.67	0.67	0	0	0.01
89600	0.02	0.67	0.67	0	0	0.02
89700	0.03	0.67	0.67	0	0	0.03
89800	0.03	0.67	0.67	0	0	0.03
89900	0.02	0.67	0.67	0	0	0.02
90000	0	0.67	0.67	0	0	0
90100	0.01	0.67	0.67	0	0	0.01
90200	0.01	0.67	0.67	0	0	0.01
90300	0.02	0.67	0.67	0	0	0.02
90400	0.02	0.67	0.67	0	0	0.02
90500	0.02	0.67	0.67	0	0	0.02
90600	0.02	0.67	0.67	0	0	0.02
90700	0.03	0.67	0.67	0	0	0.03
90800	0.02	0.67	0.67	0	0	0.02
90900	0.01	0.67	0.67	0	0	0.01
91000	0.01	0.67	0.67	0	0	0.01
91100	0.02	0.67	0.67	0	0	0.02
91200	0.03	0.67	0.67	0	0	0.03
91300	0.03	0.67	0.67	0	0	0.03
91400	0	0.67	0.67	0	0	0
91500	0.01	0.67	0.67	0	0	0.01
91600	0.01	0.67	0.67	0	0	0.01
91700	0.02	0.67	0.67	0	0	0.02
91800	0.02	0.67	0.67	0	0	0.02
91900	0.02	0.67	0.67	0	0	0.02
92000	0.01	0.67	0.67	0	0	0.01
92100	0.02	0.67	0.67	0	0	0.02
92200	0.01	0.68	0.68	0	0	0.01
92300	0.01	0.68	0.68	0	0	0.01
92400	0.03	0.68	0.68	0	0	0.03
92500	0.04	0.68	0.68	0	0	0.04
92600	0.04	0.68	0.68	0	0	0.04
92700	0.02	0.68	0.68	0	0	0.02
92800	0.03	0.68	0.68	0	0	0.03
92900	0.04	0.68	0.68	0	0	0.04
93000	0.02	0.68	0.68	0	0	0.02
93100	0.03	0.68	0.68	0	0	0.03
93200	0.03	0.68	0.68	0	0	0.03
93300	0.05	0.68	0.68	0	0	0.05
93400	0.04	0.68	0.68	0	0	0.04
93500	0.04	0.68	0.68	0	0	0.04
93600	0.02	0.68	0.68	0	0	0.02
93700	0.02	0.68	0.68	0	0	0.02
93800	0.01	0.68	0.68	0	0	0.01
93900	0.02	0.68	0.68	0	0	0.02
94000	0.02	0.68	0.68	0	0	0.02
94100	0.02	0.68	0.68	0	0	0.02
94200	0.02	0.68	0.68	0	0	0.02
94300	0.02	0.68	0.68	0	0	0.02
94400	0.02	0.68	0.68	0	0	0.02
94500	0	0.68	0.68	0	0	0
94600	0.01	0.68	0.68	0	0	0.01
94700	0.02	0.68	0.68	0	0	0.02
94800	0.02	0.68	0.68	0	0	0.02
94900	0.03	0.68	0.68	0	0	0.03
95000	0.01	0.68	0.68	0	0	0.01
95100	0.01	0.68	0.68	0	0	0.01
95200	0.04	0.68	0.68	0	0	0.04
95300	0.03	0.68	0.68	0	0	0.03
95400	0.03	0.68	0.68	0	0	0.03
95500	0.05	0.68	0.68	0	0	0.05
95600	0.03	0.68	0.68	0	0	0.03
95700	0.03	0.68	0.68	0	0	0.03
95800	0.03	0.68	0.68	0	0	0.03
95900	0.03	0.68	0.68	0	0	0.03
96000	0.03	0.68	0.68	0	0	0.03
96100	0.02	0.68	0.68	0	0	0.02
96200	0.02	0.69	0.69	0	0	0.02
96300	0.01	0.69	0.69	0	0	0.01
96400	0	0.69	0.69	0	0	0
96500	0	0.69	0.69	0	0	0
96600	0	0.69	0.69	0	0	0
96700	0	0.69	0.69	0	0	0
96800	0	0.69	0.69	0	0	0
96900	0	0.69	0.69	0	0	0
97000	0	0.69	0.69	0	0	0
97100	0	0.69	0.69	0	0	0
97200	0	0.69	0.69	0	0	0
97300	0.01	0.69	0.69	0	0	0.01
97400	0.01	0.69	0.69	0	0	0.01
97500	0.01	0.69	0.69	0	0	0.01
97600	0	0.69	0.69	0	0	0
97700	0	0.69	0.69	0	0	0
97800	0	0.69	0.69	0	0	0
97900	0.01	0.69	0.69	0	0	0.01
98000	0.01	0.69	0.69	0	0	0.01
98100	0.01	0.69	0.69	0	0	0.01
98200	0.01	0.69	0.69	0	0	0.01
98300	0	0.69	0.69	0	0	0
98400	0.02	0.69	0.69	0	0	0.02
98500	0.01	0.69	0.69	0	0	0.01
98600	0.02	0.69	0.69	0	0	0.02
98700	0.05	0.69	0.69	0	0	0.05
98800	0.05	0.69	0.69	0	0	0.05
98900	0.04	0.69	0.69	0	0	0.04
99000	0.04	0.69	0.69	0	0	0.04
99100	0.04	0.69	0.69	0	0	0.04
99200	0.03	0.69	0.69	0	0	0.03
99300	0	0.69	0.69	0	0	0
99400	0	0.69	0.69	0	0	0
99500	0.01	0.69	0.69	0	0	0.01
99600	0.01	0.69	0.69	0	0	0.01
99700	0.01	0.69	0.69	0	0	0.01
99800	0.03	0.69	0.69	0	0	0.03
99900	0.04	0.69	0.69	0	0	0.04
100000	0.04	0.69	0.69	0	0	0.04
100100	0.03	0.69	0.69	0	0	0.03
100200	0.02	0.69	0.69	0	0	0.02
100300	0.01	0.69	0.69	0	0	0.01
100400	0.02	0.69	0.69	0	0	0.02
100500	0.03	0.69	0.69	0	0	0.03
100600	0.03	0.69	0.69	0	0	0.03
100700	0.03	0.69	0.69	0	0	0.03
100800	0.03	0.69	0.69	0	0	0.03
100900	0.03	0.69	0.69	0	0	0.03
101000	0.02	0.69	0.69	0	0	0.02
101100	0.01	0.69	0.69	0	0	0.01
101200	0.01	0.69	0.69	0	0	0.01
101300	0.01	0.69	0.69	0	0	0.01
101400	0	0.69	0.69	0	0	0
101500	0	0.69	0.69	0	0	0
101600	0	0.69	0.69	0	0	0
101700	0	0.69	0.69	0	0	0
101800	0	0.69	0.69	0	0	0
101900	0	0.69	0.69	0	0	0
102000	0	0.69	0.69	0	0	0
102100	0.01	0.69	0.69	0	0	0.01
102200	0.01	0.69	0.69	0	0	0.01
102300	0.01	0.69	0.69	0	0	0.01
102400	0.01	0.69	0.69	0	0	0.01
102500	0.01	0.69	0.69	0	0	0.01
102600	0.01	0.69	0.69	0	0	0.01
102700	0.01	0.69	0.69	0	0	0.01
102800	0.01	0.69	0.69	0	0	0.01
102900	0.01	0.69	0.69	0	0	0.01
103000	0.02	0.69	0.69	0	0	0.02
103100	0.02	0.69	0.69	0	0	0.02
103200	0.02	0.69	0.69	0	0	0.02
103300	0.02	0.69	0.69	0	0	0.02
103400	0.01	0.69	0.69	0	0	0.01
103500	0.01	0.69	0.69	0	0	0.01
103600	0.01	0.69	0.69	0	0	0.01
103700	0.01	0.69	0.69	0	0	0.01
103800	0.02	0.69	0.69	0	0	0.02
103900	0.02	0.69	0.69	0	0	0.02
104000	0.02	0.69	0.69	0	0	0.02
104100	0.02	0.69	0.69	0	0	0.02
104200	0.03	0.69	0.69	0	0	0.03
104300	0.03	0.69	0.69	0	0	0.03
104400	0.02	0.69	0.69	0	0	0.02
104500	0.02	0.68	0.68	0	0	0.02
104600	0.03	0.68	0.68	0	0	0.03
104700	0.05	0.68	0.68	0	0	0.05
104800	0.05	0.68	0.68	0	0	0.05
104900	0.03	0.68	0.68	0	0	0.03
105000	0.03	0.68	0.68	0	0	0.03
105100	0.03	0.68	0.68	0	0	0.03
105200	0.01	0.68	0.68	0	0	0.01
105300	0.01	0.68	0.68	0	0	0.01
105400	0.01	0.68	0.68	0	0	0.01
105500	0.01	0.68	0.68	0	0	0.01
105600	0	0.68	0.68	0	0	0
105700	0.02	0.68	0.68	0	0	0.02
105800	0.02	0.68	0.68	0	0	0.02
105900	0.03	0.68	0.68	0	0	0.03
106000	0.03	0.68	0.68	0	0	0.03
106100	0.02	0.68	0.68	0	0	0.02
106200	0.02	0.68	0.68	0	0	0.02
106300	0.01	0.68	0.68	0	0	0.01
106400	0.01	0.68	0.68	0	0	0.01
106500	0.02	0.68	0.68	0	0	0.02
106600	0.03	0.68	0.68	0	0	0.03
106700	0.02	0.68	0.68	0	0	0.02
106800	0.02	0.68	0.68	0	0	0.02
106900	0.03	0.68	0.68	0	0	0.03
107000	0.01	0.68	0.68	0	0	0.01
107100	0.01	0.68	0.68	0	0	0.01
107200	0	0.68	0.68	0	0	0
107300	0.01	0.68	0.68	0	0	0.01
107400	0.01	0.68	0.68	0	0	0.01
107500	0.01	0.68	0.68	0	0	0.01
107600	0.01	0.68	0.68	0	0	0.01
107700	0.01	0.68	0.68	0	0	0.01
107800	0.01	0.68	0.68	0	0	0.01
107900	0.01	0.68	0.68	0	0	0.01
108000	0.01	0.68	0.68	0	0	0.01
108100	0.01	0.68	0.68	0	0	0.01
108200	0.01	0.68	0.68	0	0	0.01
108300	0	0.68	0.68	0	0	0
108400	0	0.68	0.68	0	0	0
108500	0	0.68	0.68	0	0	0
108600	0.01	0.68	0.68	0	0	0.01
108700	0.03	0.68	0.68	0	0	0.03
108800	0.02	0.68	0.68	0	0	0.02
108900	0.04	0.68	0.68	0	0	0.04
109000	0.04	0.68	0.68	0	0	0.04
109100	0.03	0.68	0.68	0	0	0.03
109200	0.03	0.68	0.68	0	0	0.03
109300	0.03	0.68	0.68	0	0	0.03
109400	0.02	0.68	0.68	0	0	0.02
109500	0	0.68	0.68	0	0	0
109600	0.01	0.68	0.68	0	0	0.01
109700	0.03	0.68	0.68	0	0	0.03
109800	0.04	0.68	0.68	0	0	0.04
109900	0.03	0.68	0.68	0	0	0.03
110000	0.04	0.68	0.68	0	0	0.04
110100	0.04	0.68	0.68	0	0	0.04
110200	0.04	0.68	0.68	0	0	0.04
110300	0	0.68	0.68	0	0	0
110400	0	0.68	0.68	0	0	0
110500	0.02	0.68	0.68	0	0	0.02
110600	0.01	0.68	0.68	0	0	0.01
110700	0.01	0.68	0.68	0	0	0.01
110800	0.01	0.68	0.68	0	0	0.01
110900	0.01	0.68	0.68	0	0	0.01
111000	0.01	0.68	0.68	0	0	0.01
111100	0.01	0.68	0.68	0	0	0.01
111200	0.01	0.68	0.68	0	0	0.01
111300	0.02	0.68	0.68	0	0	0.02
111400	0	0.68	0.68	0	0	0
111500	0	0.68	0.68	0	0	0
111600	0	0.68	0.68	0	0	0
111700	0	0.68	0.68	0	0	0
111800	0.01	0.68	0.68	0	0	0.01
111900	0.01	0.68	0.68	0	0	0.01
112000	0.01	0.68	0.68	0	0	0.01
112100	0.01	0.68	0.68	0	0	0.01
112200	0.01	0.68	0.68	0	0	0.01
112300	0.01	0.68	0.68	0	0	0.01
112400	0.02	0.68	0.68	0	0	0.02
112500	0.03	0.68	0.68	0	0	0.03
112600	0.03	0.68	0.68	0	0	0.03
112700	0.03	0.68	0.68	0	0	0.03
112800	0.03	0.68	0.68	0	0	0.03
112900	0.02	0.68	0.68	0	0	0.02
113000	0.02	0.68	0.68	0	0	0.02
113100	0.02	0.68	0.68	0	0	0.02
113200	0.02	0.68	0.68	0	0	0.02
113300	0.03	0.68	0.68	0	0	0.03
113400	0.02	0.68	0.68	0	0	0.02
113500	0.02	0.68	0.68	0	0	0.02
113600	0.02	0.67	0.67	0	0	0.02
113700	0.01	0.67	0.67	0	0	0.01
113800	0.01	0.67	0.67	0	0	0.01
113900	0	0.67	0.67	0	0	0
114000	0	0.67	0.67	0	0	0
114100	0	0.67	0.67	0	0	0
114200	0.01	0.67	0.67	0	0	0.01
114300	0.02	0.67	0.67	0	0	0.02
114400	0.02	0.67	0.67	0	0	0.02
114500	0.03	0.67	0.67	0	0	0.03
114600	0.04	0.67	0.67	0	0	0.04
114700	0.03	0.67	0.67	0	0	0.03
114800	0.01	0.67	0.67	0	0	0.01
114900	0.03	0.67	0.67	0	0	0.03
115000	0.04	0.67	0.67	0	0	0.04
115100	0.04	0.67	0.67	0	0	0.04
115200	0.04	0.67	0.67	0	0	0.04
115300	0.03	0.67	0.67	0	0	0.03
115400	0.03	0.67	0.67	0	0	0.03
115500	0.02	0.67	0.67	0	0	0.02
115600	0.02	0.67	0.67	0	0	0.02
115700	0.01	0.67	0.67	0	0	0.01
115800	0	0.68	0.68	0	0	0
115900	0.01	0.68	0.68	0	0	0.01
116000	0.01	0.68	0.68	0	0	0.01
116100	0.01	0.68	0.68	0	0	0.01
116200	0.01	0.68	0.68	0	0	0.01
116300	0.01	0.68	0.68	0	0	0.01
116400	0.01	0.68	0.68	0	0	0.01
116500	0.01	0.68	0.68	0	0	0.01
116600	0.01	0.68	0.68	0	0	0.01
116700	0	0.68	0.68	0	0	0
116800	0	0.68	0.68	0	0	0
116900	0	0.68	0.68	0	0	0
117000	0.01	0.68	0.68	0	0	0.01
117100	0.01	0.67	0.67	0	0	0.01
117200	0.02	0.67	0.67	0	0	0.02
117300	0.02	0.67	0.67	0	0	0.02
117400	0.02	0.67	0.67	0	0	0.02
117500	0.01	0.67	0.67	0	0	0.01
117600	0	0.67	0.67	0	0	0
117700	0	0.67	0.67	0	0	0
117800	0	0.67	0.67	0	0	0
117900	0	0.67	0.67	0	0	0
118000	0.01	0.67	0.67	0	0	0.01
118100	0.01	0.67	0.67	0	0	0.01
118200	0.02	0.67	0.67	0	0	0.02
118300	0.02	0.67	0.67	0	0	0.02
118400	0.03	0.67	0.67	0	0	0.03
118500	0.02	0.68	0.68	0	0	0.02
118600	0.02	0.68	0.68	0	0	0.02
118700	0.01	0.67	0.67	0	0	0.01
118800	0.01	0.67	0.67	0	0	0.01
118900	0	0.67	0.67	0	0	0
119000	0.01	0.67	0.67	0	0	0.01
119100	0.01	0.67	0.67	0	0	0.01
119200	0.01	0.67	0.67	0	0	0.01
119300	0.01	0.67	0.67	0	0	0.01
119400	0.01	0.67	0.67	0	0	0.01
119500	0	0.67	0.67	0	0	0
119600	0	0.67	0.67	0	0	0
119700	0	0.67	0.67	0	0	0
119800	0.02	0.67	0.67	0	0	0.02
119900	0.02	0.67	0.67	0	0	0.02
120000	0.02	0.67	0.67	0	0	0.02
120100	0.01	0.67	0.67	0	0	0.01
120200	0	0.67	0.67	0	0	0
120300	0	0.67	0.67	0	0	0
120400	0	0.67	0.67	0	0	0
120500	0	0.67	0.67	0	0	0
120600	0	0.67	0.67	0	0	0
120700	0	0.67	0.67	0	0	0
120800	0.01	0.67	0.67	0	0	0.01
120900	0.02	0.67	0.67	0	0	0.02
121000	0.02	0.67	0.67	0	0	0.02
121100	0.02	0.67	0.67	0	0	0.02
121200	0.02	0.67	0.67	0	0	0.02
121300	0.01	0.67	0.67	0	0	0.01
121400	0	0.67	0.67	0	0	0
121500	0	0.67	0.67	0	0	0
121600	0.01	0.67	0.67	0	0	0.01
121700	0.01	0.67	0.67	0	0	0.01
121800	0.01	0.67	0.67	0	0	0.01
121900	0.01	0.67	0.67	0	0	0.01
122000	0.01	0.67	0.67	0	0	0.01
122100	0.02	0.67	0.67	0	0	0.02
122200	0.02	0.67	0.67	0	0	0.02
122300	0.03	0.67	0.67	0	0	0.03
122400	0.02	0.67	0.67	0	0	0.02
122500	0.02	0.67	0.67	0	0	0.02
122600	0.02	0.67	0.67	0	0	0.02
122700	0.02	0.68	0.68	0	0	0.02
122800	0	0.68	0.68	0	0	0
122900	0.01	0.68	0.68	0	0	0.01
123000	0.01	0.68	0.68	0	0	0.01
123100	0.02	0.68	0.68	0	0	0.02
123200	0.03	0.68	0.68	0	0	0.03
123300	0.03	0.68	0.68	0	0	0.03
123400	0.02	0.68	0.68	0	0	0.02
123500	0.03	0.68	0.68	0	0	0.03
123600	0	0.68	0.68	0	0	0
123700	0.01	0.68	0.68	0	0	0.01
123800	0.02	0.68	0.68	0	0	0.02
123900	0.04	0.68	0.68	0	0	0.04
124000	0.05	0.68	0.68	0	0	0.05
124100	0.03	0.68	0.68	0	0	0.03
124200	0.02	0.68	0.68	0	0	0.02
124300	0	0.68	0.68	0	0	0
124400	0	0.68	0.68	0	0	0
124500	0.01	0.68	0.68	0	0	0.01
124600	0.01	0.68	0.68	0	0	0.01
124700	0.02	0.68	0.68	0	0	0.02
124800	0.02	0.68	0.68	0	0	0.02
124900	0.02	0.68	0.68	0	0	0.02
125000	0.02	0.68	0.68	0	0	0.02
125100	0.01	0.68	0.68	0	0	0.01
125200	0.01	0.68	0.68	0	0	0.01
125300	0	0.68	0.68	0	0	0
125400	0	0.68	0.68	0	0	0
125500	0	0.68	0.68	0	0	0
125600	0	0.68	0.68	0	0	0
125700	0.02	0.68	0.68	0	0	0.02
125800	0.01	0.68	0.68	0	0	0.01
125900	0.01	0.68	0.68	0	0	0.01
126000	0.01	0.68	0.68	0	0	0.01
126100	0	0.68	0.68	0	0	0
126200	0.01	0.68	0.68	0	0	0.01
126300	0.02	0.68	0.68	0	0	0.02
126400	0.02	0.68	0.68	0	0	0.02
126500	0.01	0.68	0.68	0	0	0.01
126600	0.01	0.68	0.68	0	0	0.01
126700	0.01	0.68	0.68	0	0	0.01
126800	0.01	0.68	0.68	0	0	0.01
126900	0.01	0.68	0.68	0	0	0.01
127000	0	0.68	0.68	0	0	0
127100	0	0.68	0.68	0	0	0
127200	0	0.68	0.68	0	0	0
127300	0	0.68	0.68	0	0	0
127400	0	0.68	0.68	0	0	0
127500	0	0.68	0.68	0	0	0
127600	0	0.68	0.68	0	0	0
127700	0	0.68	0.68	0	0	0
127800	0	0.68	0.68	0	0	0
127900	0.01	0.68	0.68	0	0	0.01
128000	0.01	0.68	0.68	0	0	0.01
128100	0.01	0.68	0.68	0	0	0.01
128200	0.01	0.69	0.69	0	0	0.01
128300	0.02	0.69	0.69	0	0	0.02
128400	0.01	0.69	0.69	0	0	0.01
128500	0.01	0.69	0.69	0	0	0.01
128600	0.01	0.69	0.69	0	0	0.01
128700	0	0.69	0.69	0	0	0
128800	0	0.69	0.69	0	0	0
128900	0	0.69	0.69	0	0	0
129000	0	0.69	0.69	0	0	0
129100	0	0.69	0.69	0	0	0
129200	0	0.69	0.69	0	0	0
129300	0	0.69	0.69	0	0	0
129400	0	0.69	0.69	0	0	0
129500	0.01	0.69	0.69	0	0	0.01
129600	0.01	0.69	0.69	0	0	0.01
129700	0.01	0.69	0.69	0	0	0.01
129800	0.01	0.69	0.69	0	0	0.01
129900	0.01	0.69	0.69	0	0	0.01
130000	0.03	0.69	0.69	0	0	0.03
130100	0.03	0.69	0.69	0	0	0.03
130200	0.03	0.69	0.69	0	0	0.03
130300	0.02	0.69	0.69	0	0	0.02
130400	0.02	0.69	0.69	0	0	0.02
130500	0.01	0.69	0.69	0	0	0.01
130600	0.01	0.69	0.69	0	0	0.01
130700	0.01	0.69	0.69	0	0	0.01
130800	0.02	0.69	0.69	0	0	0.02
130900	0.03	0.69	0.69	0	0	0.03
131000	0.03	0.69	0.69	0	0	0.03
131100	0.03	0.69	0.69	0	0	0.03
131200	0.02	0.69	0.69	0	0	0.02
131300	0.02	0.69	0.69	0	0	0.02
131400	0.02	0.69	0.69	0	0	0.02
131500	0.03	0.69	0.69	0	0	0.03
131600	0.04	0.69	0.69	0	0	0.04
131700	0.02	0.69	0.69	0	0	0.02
131800	0.02	0.69	0.69	0	0	0.02
131900	0.02	0.69	0.69	0	0	0.02
132000	0.03	0.69	0.69	0	0	0.03
132100	0.02	0.69	0.69	0	0	0.02
132200	0.01	0.69	0.69	0	0	0.01
132300	0.01	0.69	0.69	0	0	0.01
132400	0	0.69	0.69	0	0	0
132500	0	0.69	0.69	0	0	0
132600	0	0.69	0.69	0	0	0
132700	0	0.69	0.69	0	0	0
132800	0.01	0.69	0.69	0	0	0.01
132900	0.03	0.69	0.69	0	0	0.03
133000	0.03	0.69	0.69	0	0	0.03
133100	0.03	0.69	0.69	0	0	0.03
133200	0.03	0.69	0.69	0	0	0.03
133300	0.03	0.69	0.69	0	0	0.03
133400	0.02	0.69	0.69	0	0	0.02
133500	0.02	0.69	0.69	0	0	0.02
133600	0.01	0.69	0.69	0	0	0.01
133700	0.01	0.69	0.69	0	0	0.01
133800	0.01	0.69	0.69	0	0	0.01
133900	0.01	0.69	0.69	0	0	0.01
134000	0.02	0.69	0.69	0	0	0.02
134100	0	0.69	0.69	0	0	0
134200	0	0.69	0.69	0	0	0
134300	0	0.69	0.69	0	0	0
134400	0	0.69	0.69	0	0	0
134500	0	0.69	0.69	0	0	0
134600	0	0.69	0.69	0	0	0
134700	0.01	0.69	0.69	0	0	0.01
134800	0.01	0.69	0.69	0	0	0.01
134900	0.01	0.69	0.69	0	0	0.01
135000	0.01	0.69	0.69	0	0	0.01
135100	0.01	0.69	0.69	0	0	0.01
135200	0.01	0.69	0.69	0	0	0.01
135300	0.02	0.69	0.69	0	0	0.02
135400	0.02	0.69	0.69	0	0	0.02
135500	0.02	0.69	0.69	0	0	0.02
135600	0.02	0.69	0.69	0	0	0.02
135700	0.01	0.69	0.69	0	0	0.01
135800	0.03	0.69	0.69	0	0	0.03
135900	0.02	0.69	0.69	0	0	0.02
136000	0.02	0.69	0.69	0	0	0.02
136100	0.03	0.69	0.69	0	0	0.03
136200	0.03	0.69	0.69	0	0	0.03
136300	0.03	0.69	0.69	0	0	0.03
136400	0.01	0.69	0.69	0	0	0.01
136500	0.01	0.69	0.69	0	0	0.01
136600	0.01	0.69	0.69	0	0	0.01
136700	0.01	0.69	0.69	0	0	0.01
136800	0.01	0.69	0.69	0	0	0.01
136900	0.01	0.69	0.69	0	0	0.01
137000	0.01	0.69	0.69	0	0	0.01
137100	0.02	0.69	0.69	0	0	0.02
137200	0.01	0.69	0.69	0	0	0.01
137300	0.01	0.69	0.69	0	0	0.01
137400	0.01	0.69	0.69	0	0	0.01
137500	0.02	0.69	0.69	0	0	0.02
137600	0.02	0.69	0.69	0	0	0.02
137700	0.02	0.69	0.69	0	0	0.02
137800	0.02	0.69	0.69	0	0	0.02
137900	0.03	0.69	0.69	0	0	0.03
138000	0.05	0.69	0.69	0	0	0.05
138100	0.04	0.69	0.69	0	0	0.04
138200	0.03	0.69	0.69	0	0	0.03
138300	0.02	0.69	0.69	0	0	0.02
138400	0.02	0.69	0.69	0	0	0.02
138500	0.03	0.69	0.69	0	0	0.03
138600	0.02	0.69	0.69	0	0	0.02
138700	0.02	0.69	0.69	0	0	0.02
138800	0.01	0.69	0.69	0	0	0.01
138900	0.02	0.69	0.69	0	0	0.02
139000	0.01	0.69	0.69	0	0	0.01
139100	0.01	0.69	0.69	0	0	0.01
139200	0.01	0.69	0.69	0	0	0.01
139300	0.01	0.69	0.69	0	0	0.01
139400	0.01	0.69	0.69	0	0	0.01
139500	0	0.69	0.69	0	0	0
139600	0	0.69	0.69	0	0	0
139700	0.01	0.69	0.69	0	0	0.01
139800	0.02	0.69	0.69	0	0	0.02
139900	0.02	0.69	0.69	0	0	0.02
140000	0.05	0.69	0.69	0	0	0.05
140100	0.05	0.69	0.69	0	0	0.05
140200	0.05	0.69	0.69	0	0	0.05
140300	0.04	0.69	0.69	0	0	0.04
140400	0.04	0.69	0.69	0	0	0.04
140500	0.05	0.69	0.69	0	0	0.05
140600	0.03	0.69	0.69	0	0	0.03
140700	0.03	0.69	0.69	0	0	0.03
140800	0.02	0.69	0.69	0	0	0.02
140900	0	0.69	0.69	0	0	0
141000	0.01	0.69	0.69	0	0	0.01
141100	0.01	0.69	0.69	0	0	0.01
141200	0.01	0.69	0.69	0	0	0.01
141300	0.01	0.69	0.69	0	0	0.01
141400	0.01	0.69	0.69	0	0	0.01
141500	0.01	0.69	0.69	0	0	0.01
141600	0	0.69	0.69	0	0	0
141700	0.01	0.69	0.69	0	0	0.01
141800	0.01	0.69	0.69	0	0	0.01
141900	0.01	0.69	0.69	0	0	0.01
142000	0.02	0.69	0.69	0	0	0.02
142100	0.04	0.69	0.69	0	0	0.04
142200	0.04	0.69	0.69	0	0	0.04
142300	0.03	0.69	0.69	0	0	0.03
142400	0.03	0.69	0.69	0	0	0.03
142500	0.03	0.69	0.69	0	0	0.03
142600	0.02	0.69	0.69	0	0	0.02
142700	0.01	0.69	0.69	0	0	0.01
142800	0.01	0.69	0.69	0	0	0.01
142900	0.01	0.69	0.69	0	0	0.01
143000	0	0.69	0.69	0	0	0
143100	0.01	0.69	0.69	0	0	0.01
143200	0.01	0.69	0.69	0	0	0.01
143300	0.01	0.69	0.69	0	0	0.01
143400	0.02	0.69	0.69	0	0	0.02
143500	0.03	0.69	0.69	0	0	0.03
143600	0.03	0.69	0.69	0	0	0.03
143700	0.04	0.69	0.69	0	0	0.04
143800	0.05	0.69	0.69	0	0	0.05
143900	0.07	0.69	0.69	0	0	0.07
144000	0.05	0.69	0.69	0	0	0.05
144100	0.03	0.69	0.69	0	0	0.03
144200	0.02	0.69	0.69	0	0	0.02
144300	0.01	0.69	0.69	0	0	0.01
144400	0.01	0.69	0.69	0	0	0.01
144500	0.01	0.69	0.69	0	0	0.01
144600	0.02	0.69	0.69	0	0	0.02
144700	0.02	0.69	0.69	0	0	0.02
144800	0.01	0.69	0.69	0	0	0.01
144900	0.01	0.69	0.69	0	0	0.01
145000	0	0.69	0.69	0	0	0
145100	0.01	0.69	0.69	0	0	0.01
145200	0.01	0.69	0.69	0	0	0.01
145300	0.01	0.69	0.69	0	0	0.01
145400	0.02	0.69	0.69	0	0	0.02
145500	0.02	0.69	0.69	0	0	0.02
145600	0.01	0.69	0.69	0	0	0.01
145700	0.01	0.69	0.69	0	0	0.01
145800	0.02	0.69	0.69	0	0	0.02
145900	0.03	0.69	0.69	0	0	0.03
146000	0.03	0.69	0.69	0	0	0.03
146100	0.03	0.69	0.69	0	0	0.03
146200	0.03	0.69	0.69	0	0	0.03
146300	0.04	0.69	0.69	0	0	0.04
146400	0.02	0.69	0.69	0	0	0.02
146500	0.02	0.69	0.69	0	0	0.02
146600	0.01	0.69	0.69	0	0	0.01
146700	0.01	0.69	0.69	0	0	0.01
146800	0.02	0.69	0.69	0	0	0.02
146900	0.03	0.69	0.69	0	0	0.03
147000	0.03	0.69	0.69	0	0	0.03
147100	0.03	0.69	0.69	0	0	0.03
147200	0.03	0.69	0.69	0	0	0.03
147300	0.01	0.69	0.69	0	0	0.01
147400	0	0.69	0.69	0	0	0
147500	0.03	0.69	0.69	0	0	0.03
147600	0.03	0.69	0.69	0	0	0.03
147700	0.01	0.69	0.69	0	0	0.01
147800	0.01	0.69	0.69	0	0	0.01
147900	0.02	0.69	0.69	0	0	0.02
148000	0.02	0.69	0.69	0	0	0.02
148100	0	0.69	0.69	0	0	0
148200	0	0.69	0.69	0	0	0
148300	0.01	0.69	0.69	0	0	0.01
148400	0.01	0.69	0.69	0	0	0.01
148500	0.01	0.69	0.69	0	0	0.01
148600	0.01	0.69	0.69	0	0	0.01
148700	0.02	0.69	0.69	0	0	0.02
148800	0.02	0.69	0.69	0	0	0.02
148900	0.02	0.69	0.69	0	0	0.02
149000	0.02	0.69	0.69	0	0	0.02
149100	0.01	0.69	0.69	0	0	0.01
149200	0	0.69	0.69	0	0	0
149300	0	0.69	0.69	0	0	0
149400	0	0.69	0.69	0	0	0
149500	0.01	0.69	0.69	0	0	0.01
149600	0.01	0.69	0.69	0	0	0.01
149700	0.01	0.69	0.69	0	0	0.01
149800	0.02	0.69	0.69	0	0	0.02
149900	0.02	0.69	0.69	0	0	0.02
150000	0.01	0.69	0.69	0	0	0.01
150100	0	0.69	0.69	0	0	0
150200	0.01	0.69	0.69	0	0	0.01
150300	0.01	0.69	0.69	0	0	0.01
150400	0.01	0.69	0.69	0	0	0.01
150500	0.01	0.69	0.69	0	0	0.01
150600	0.01	0.69	0.69	0	0	0.01
150700	0.01	0.69	0.69	0	0	0.01
150800	0.01	0.69	0.69	0	0	0.01
150900	0.01	0.69	0.69	0	0	0.01
151000	0	0.69	0.69	0	0	0
151100	0.01	0.69	0.69	0	0	0.01
151200	0.02	0.69	0.69	0	0	0.02
151300	0.02	0.68	0.68	0	0	0.02
151400	0.03	0.68	0.68	0	0	0.03
151500	0.03	0.68	0.68	0	0	0.03
151600	0.03	0.68	0.68	0	0	0.03
151700	0.01	0.68	0.68	0	0	0.01
151800	0.01	0.68	0.68	0	0	0.01
151900	0.02	0.68	0.68	0	0	0.02
152000	0.04	0.68	0.68	0	0	0.04
152100	0.03	0.68	0.68	0	0	0.03
152200	0.02	0.68	0.68	0	0	0.02
152300	0.02	0.68	0.68	0	0	0.02
152400	0.05	0.68	0.68	0	0	0.05
152500	0.04	0.68	0.68	0	0	0.04
152600	0.02	0.68	0.68	0	0	0.02
152700	0.01	0.68	0.68	0	0	0.01
152800	0.01	0.68	0.68	0	0	0.01
152900	0	0.68	0.68	0	0	0
153000	0	0.68	0.68	0	0	0
153100	0.01	0.68	0.68	0	0	0.01
153200	0.01	0.68	0.68	0	0	0.01
153300	0.01	0.68	0.68	0	0	0.01
153400	0.02	0.68	0.68	0	0	0.02
153500	0.02	0.68	0.68	0	0	0.02
153600	0.01	0.68	0.68	0	0	0.01
153700	0.01	0.68	0.68	0	0	0.01
153800	0.02	0.68	0.68	0	0	0.02
153900	0.02	0.68	0.68	0	0	0.02
154000	0.02	0.68	0.68	0	0	0.02
154100	0.02	0.68	0.68	0	0	0.02
154200	0.03	0.68	0.68	0	0	0.03
154300	0.02	0.68	0.68	0	0	0.02
154400	0.02	0.68	0.68	0	0	0.02
154500	0.02	0.68	0.68	0	0	0.02
154600	0.03	0.68	0.68	0	0	0.03
154700	0.06	0.68	0.68	0	0	0.06
154800	0.06	0.68	0.68	0	0	0.06
154900	0.08	0.68	0.68	0	0	0.08
155000	0.06	0.68	0.68	0	0	0.06
155100	0.07	0.68	0.68	0	0	0.07
155200	0.07	0.68	0.68	0	0	0.07
155300	0.04	0.68	0.68	0	0	0.04
155400	0.02	0.68	0.68	0	0	0.02
155500	0.01	0.68	0.68	0	0	0.01
155600	0.02	0.68	0.68	0	0	0.02
155700	0	0.68	0.68	0	0	0
155800	0	0.68	0.68	0	0	0
155900	0	0.68	0.68	0	0	0
156000	0	0.68	0.68	0	0	0
156100	0	0.68	0.68	0	0	0
156200	0.01	0.68	0.68	0	0	0.01
156300	0.01	0.68	0.68	0	0	0.01
156400	0.01	0.68	0.68	0	0	0.01
156500	0	0.68	0.68	0	0	0
156600	0.01	0.68	0.68	0	0	0.01
156700	0.02	0.68	0.68	0	0	0.02
156800	0.02	0.68	0.68	0	0	0.02
156900	0.03	0.68	0.68	0	0	0.03
157000	0.03	0.68	0.68	0	0	0.03
157100	0.03	0.68	0.68	0	0	0.03
157200	0.02	0.68	0.68	0	0	0.02
157300	0	0.68	0.68	0	0	0
157400	0	0.69	0.69	0	0	0
157500	0.01	0.69	0.69	0	0	0.01
157600	0.03	0.68	0.68	0	0	0.03
157700	0.03	0.68	0.68	0	0	0.03
157800	0.04	0.69	0.69	0	0	0.04
157900	0.04	0.69	0.69	0	0	0.04
158000	0.03	0.69	0.69	0	0	0.03
158100	0.03	0.69	0.69	0	0	0.03
158200	0.02	0.69	0.69	0	0	0.02
158300	0.04	0.69	0.69	0	0	0.04
158400	0.04	0.69	0.69	0	0	0.04
158500	0.03	0.69	0.69	0	0	0.03
158600	0.04	0.69	0.69	0	0	0.04
158700	0.03	0.69	0.69	0	0	0.03
158800	0.02	0.69	0.69	0	0	0.02
158900	0.01	0.69	0.69	0	0	0.01
159000	0.01	0.69	0.69	0	0	0.01
159100	0.02	0.69	0.69	0	0	0.02
159200	0.01	0.69	0.69	0	0	0.01
159300	0.01	0.69	0.69	0	0	0.01
159400	0.01	0.69	0.69	0	0	0.01
159500	0	0.69	0.69	0	0	0
159600	0	0.69	0.69	0	0	0
159700	0	0.69	0.69	0	0	0
159800	0.01	0.69	0.69	0	0	0.01
159900	0.01	0.69	0.69	0	0	0.01
160000	0.03	0.69	0.69	0	0	0.03
160100	0.03	0.69	0.69	0	0	0.03
160200	0.02	0.69	0.69	0	0	0.02
160300	0.02	0.69	0.69	0	0	0.02
160400	0.01	0.69	0.69	0	0	0.01
160500	0	0.69	0.69	0	0	0
160600	0	0.69	0.69	0	0	0
160700	0	0.69	0.69	0	0	0
160800	0.03	0.69	0.69	0	0	0.03
160900	0.03	0.69	0.69	0	0	0.03
161000	0.03	0.69	0.69	0	0	0.03
161100	0.01	0.69	0.69	0	0	0.01
161200	0.01	0.69	0.69	0	0	0.01
161300	0.02	0.69	0.69	0	0	0.02
161400	0.01	0.69	0.69	0	0	0.01
161500	0.01	0.69	0.69	0	0	0.01
161600	0.01	0.69	0.69	0	0	0.01
161700	0.01	0.69	0.69	0	0	0.01
161800	0	0.69	0.69	0	0	0
161900	0.01	0.69	0.69	0	0	0.01
162000	0.01	0.69	0.69	0	0	0.01
162100	0.01	0.69	0.69	0	0	0.01
162200	0.01	0.69	0.69	0	0	0.01
162300	0	0.69	0.69	0	0	0
162400	0.01	0.69	0.69	0	0	0.01
162500	0.02	0.69	0.69	0	0	0.02
162600	0.02	0.69	0.69	0	0	0.02
162700	0.01	0.69	0.69	0	0	0.01
162800	0.01	0.69	0.69	0	0	0.01
162900	0.02	0.69	0.69	0	0	0.02
163000	0.02	0.69	0.69	0	0	0.02
163100	0.01	0.69	0.69	0	0	0.01
163200	0.01	0.69	0.69	0	0	0.01
163300	0.02	0.69	0.69	0	0	0.02
163400	0.03	0.69	0.69	0	0	0.03
163500	0.04	0.69	0.69	0	0	0.04
163600	0.03	0.69	0.69	0	0	0.03
163700	0.04	0.69	0.69	0	0	0.04
163800	0.04	0.69	0.69	0	0	0.04
163900	0.04	0.69	0.69	0	0	0.04
164000	0.03	0.69	0.69	0	0	0.03
164100	0.02	0.69	0.69	0	0	0.02
164200	0.03	0.69	0.69	0	0	0.03
164300	0.02	0.69	0.69	0	0	0.02
164400	0.02	0.69	0.69	0	0	0.02
164500	0.03	0.69	0.69	0	0	0.03
164600	0.04	0.69	0.69	0	0	0.04
164700	0.03	0.69	0.69	0	0	0.03
164800	0.02	0.69	0.69	0	0	0.02
164900	0.01	0.69	0.69	0	0	0.01
165000	0	0.69	0.69	0	0	0
165100	0	0.69	0.69	0	0	0
165200	0	0.69	0.69	0	0	0
165300	0	0.69	0.69	0	0	0
165400	0	0.69	0.69	0	0	0
165500	0	0.69	0.69	0	0	0
165600	0.02	0.69	0.69	0	0	0.02
165700	0.02	0.69	0.69	0	0	0.02
165800	0.02	0.69	0.69	0	0	0.02
165900	0.02	0.69	0.69	0	0	0.02
166000	0.01	0.69	0.69	0	0	0.01
166100	0.01	0.69	0.69	0	0	0.01
166200	0	0.69	0.69	0	0	0
166300	0.01	0.69	0.69	0	0	0.01
166400	0.01	0.69	0.69	0	0	0.01
166500	0.01	0.69	0.69	0	0	0.01
166600	0.01	0.69	0.69	0	0	0.01
166700	0.01	0.69	0.69	0	0	0.01
166800	0	0.69	0.69	0	0	0
166900	0	0.69	0.69	0	0	0
167000	0.01	0.69	0.69	0	0	0.01
167100	0.01	0.69	0.69	0	0	0.01
167200	0.01	0.69	0.69	0	0	0.01
167300	0.01	0.69	0.69	0	0	0.01
167400	0.01	0.69	0.69	0	0	0.01
167500	0.01	0.69	0.69	0	0	0.01
167600	0.01	0.69	0.69	0	0	0.01
167700	0.02	0.69	0.69	0	0	0.02
167800	0.02	0.69	0.69	0	0	0.02
167900	0.03	0.69	0.69	0	0	0.03
168000	0.03	0.69	0.69	0	0	0.03
168100	0.05	0.69	0.69	0	0	0.05
168200	0.04	0.69	0.69	0	0	0.04
168300	0.03	0.69	0.69	0	0	0.03
168400	0.02	0.69	0.69	0	0	0.02
168500	0.02	0.69	0.69	0	0	0.02
168600	0.02	0.69	0.69	0	0	0.02
168700	0.02	0.69	0.69	0	0	0.02
168800	0.01	0.69	0.69	0	0	0.01
168900	0.01	0.69	0.69	0	0	0.01
169000	0.01	0.69	0.69	0	0	0.01
169100	0.01	0.69	0.69	0	0	0.01
169200	0.02	0.69	0.69	0	0	0.02
169300	0.03	0.69	0.69	0	0	0.03
169400	0.04	0.69	0.69	0	0	0.04
169500	0.02	0.69	0.69	0	0	0.02
169600	0.02	0.69	0.69	0	0	0.02
169700	0.01	0.69	0.69	0	0	0.01
169800	0.01	0.69	0.69	0	0	0.01
169900	0	0.69	0.69	0	0	0
170000	0.01	0.69	0.69	0	0	0.01
170100	0.01	0.69	0.69	0	0	0.01
170200	0.03	0.69	0.69	0	0	0.03
170300	0.03	0.69	0.69	0	0	0.03
170400	0.03	0.69	0.69	0	0	0.03
170500	0.04	0.69	0.69	0	0	0.04
170600	0.04	0.69	0.69	0	0	0.04
170700	0.02	0.69	0.69	0	0	0.02
170800	0.02	0.69	0.69	0	0	0.02
170900	0.01	0.69	0.69	0	0	0.01
171000	0	0.69	0.69	0	0	0
171100	0	0.69	0.69	0	0	0
171200	0	0.69	0.69	0	0	0
171300	0	0.69	0.69	0	0	0
171400	0	0.69	0.69	0	0	0
171500	0.02	0.69	0.69	0	0	0.02
171600	0.02	0.69	0.69	0	0	0.02
171700	0.02	0.69	0.69	0	0	0.02
171800	0.02	0.69	0.69	0	0	0.02
171900	0.03	0.69	0.69	0	0	0.03
172000	0.01	0.69	0.69	0	0	0.01
172100	0.01	0.69	0.69	0	0	0.01
172200	0.02	0.69	0.69	0	0	0.02
172300	0.01	0.69	0.69	0	0	0.01
172400	0.01	0.69	0.69	0	0	0.01
172500	0.01	0.69	0.69	0	0	0.01
172600	0.01	0.69	0.69	0	0	0.01
172700	0	0.69	0.69	0	0	0
172800	0	0.69	0.69	0	0	0
172900	0	0.69	0.69	0	0	0
173000	0	0.69	0.69	0	0	0
173100	0	0.69	0.69	0	0	0
173200	0	0.69	0.69	0	0	0
173300	0.01	0.69	0.69	0	0	0.01
173400	0.01	0.69	0.69	0	0	0.01
173500	0.02	0.69	0.69	0	0	0.02
173600	0.02	0.69	0.69	0	0	0.02
173700	0.02	0.69	0.69	0	0	0.02
173800	0.03	0.69	0.69	0	0	0.03
173900	0.02	0.69	0.69	0	0	0.02
174000	0.01	0.69	0.69	0	0	0.01
174100	0.02	0.69	0.69	0	0	0.02
174200	0.03	0.69	0.69	0	0	0.03
174300	0.02	0.69	0.69	0	0	0.02
174400	0.03	0.69	0.69	0	0	0.03
174500	0.03	0.69	0.69	0	0	0.03
174600	0.03	0.69	0.69	0	0	0.03
174700	0.03	0.69	0.69	0	0	0.03
174800	0.02	0.69	0.69	0	0	0.02
174900	0.01	0.69	0.69	0	0	0.01
175000	0.01	0.69	0.69	0	0	0.01
175100	0.01	0.69	0.69	0	0	0.01
175200	0.02	0.68	0.68	0	0	0.02
175300	0.02	0.68	0.68	0	0	0.02
175400	0.02	0.68	0.68	0	0	0.02
175500	0.04	0.68	0.68	0	0	0.04
175600	0.05	0.68	0.68	0	0	0.05
175700	0.04	0.68	0.68	0	0	0.04
175800	0.02	0.68	0.68	0	0	0.02
175900	0.02	0.68	0.68	0	0	0.02
176000	0	0.68	0.68	0	0	0
176100	0.01	0.68	0.68	0	0	0.01
176200	0.03	0.68	0.68	0	0	0.03
176300	0.03	0.68	0.68	0	0	0.03
176400	0.04	0.68	0.68	0	0	0.04
176500	0.04	0.68	0.68	0	0	0.04
176600	0.02	0.68	0.68	0	0	0.02
176700	0.01	0.68	0.68	0	0	0.01
176800	0.02	0.68	0.68	0	0	0.02
176900	0.03	0.68	0.68	0	0	0.03
177000	0.02	0.68	0.68	0	0	0.02
177100	0.02	0.68	0.68	0	0	0.02
177200	0.01	0.68	0.68	0	0	0.01
177300	0.01	0.68	0.68	0	0	0.01
177400	0	0.68	0.68	0	0	0
177500	0.01	0.68	0.68	0	0	0.01
177600	0.01	0.68	0.68	0	0	0.01
177700	0.03	0.68	0.68	0	0	0.03
177800	0.02	0.68	0.68	0	0	0.02
177900	0.01	0.68	0.68	0	0	0.01
178000	0.01	0.68	0.68	0	0	0.01
178100	0.02	0.68	0.68	0	0	0.02
178200	0.02	0.68	0.68	0	0	0.02
178300	0.02	0.68	0.68	0	0	0.02
178400	0.02	0.68	0.68	0	0	0.02
178500	0.02	0.68	0.68	0	0	0.02
178600	0.03	0.68	0.68	0	0	0.03
178700	0.02	0.68	0.68	0	0	0.02
178800	0.02	0.68	0.68	0	0	0.02
178900	0.01	0.69	0.69	0	0	0.01
179000	0.01	0.69	0.69	0	0	0.01
179100	0.02	0.69	0.69	0	0	0.02
179200	0.02	0.68	0.68	0	0	0.02
179300	0.02	0.68	0.68	0	0	0.02
179400	0.02	0.68	0.68	0	0	0.02
179500	0.02	0.68	0.68	0	0	0.02
179600	0.02	0.68	0.68	0	0	0.02
179700	0.01	0.68	0.68	0	0	0.01
179800	0.01	0.68	0.68	0	0	0.01
179900	0	0.68	0.68	0	0	0
180000	0	0.68	0.68	0	0	0
180100	0.01	0.68	0.68	0	0	0.01
180200	0.01	0.67	0.67	0	0	0.01
180300	0.01	0.67	0.67	0	0	0.01
180400	0.01	0.67	0.67	0	0	0.01
180500	0.01	0.67	0.67	0	0	0.01
180600	0	0.67	0.67	0	0	0
180700	0	0.67	0.67	0	0	0
180800	0.01	0.67	0.67	0	0	0.01
180900	0.02	0.67	0.67	0	0	0.02
181000	0.03	0.67	0.67	0	0	0.03
181100	0.03	0.67	0.67	0	0	0.03
181200	0.04	0.67	0.67	0	0	0.04
181300	0.03	0.67	0.67	0	0	0.03
181400	0.01	0.67	0.67	0	0	0.01
181500	0.02	0.67	0.67	0	0	0.02
181600	0.02	0.67	0.67	0	0	0.02
181700	0.02	0.67	0.67	0	0	0.02
181800	0.03	0.67	0.67	0	0	0.03
181900	0.03	0.67	0.67	0	0	0.03
182000	0.03	0.67	0.67	0	0	0.03
182100	0.02	0.67	0.67	0	0	0.02
182200	0.01	0.67	0.67	0	0	0.01
182300	0.01	0.67	0.67	0	0	0.01
182400	0	0.67	0.67	0	0	0
182500	0.01	0.67	0.67	0	0	0.01
182600	0.01	0.67	0.67	0	0	0.01
182700	0	0.67	0.67	0	0	0
182800	0.01	0.67	0.67	0	0	0.01
182900	0.01	0.67	0.67	0	0	0.01
183000	0.02	0.67	0.67	0	0	0.02
183100	0.02	0.67	0.67	0	0	0.02
183200	0.02	0.67	0.67	0	0	0.02
183300	0.02	0.67	0.67	0	0	0.02
183400	0.02	0.67	0.67	0	0	0.02
183500	0.01	0.67	0.67	0	0	0.01
183600	0.01	0.67	0.67	0	0	0.01
183700	0	0.67	0.67	0	0	0
183800	0.01	0.68	0.68	0	0	0.01
183900	0.01	0.68	0.68	0	0	0.01
184000	0.02	0.68	0.68	0	0	0.02
184100	0.02	0.68	0.68	0	0	0.02
184200	0.02	0.68	0.68	0	0	0.02
184300	0.01	0.68	0.68	0	0	0.01
184400	0.01	0.68	0.68	0	0	0.01
184500	0.02	0.68	0.68	0	0	0.02
184600	0.01	0.68	0.68	0	0	0.01
184700	0.02	0.68	0.68	0	0	0.02
184800	0.03	0.69	0.69	0	0	0.03
184900	0.03	0.69	0.69	0	0	0.03
185000	0.02	0.69	0.69	0	0	0.02
185100	0.02	0.69	0.69	0	0	0.02
185200	0.01	0.69	0.69	0	0	0.01
185300	0.02	0.69	0.69	0	0	0.02
185400	0.01	0.68	0.68	0	0	0.01
185500	0.02	0.68	0.68	0	0	0.02
185600	0.03	0.68	0.68	0	0	0.03
185700	0.02	0.68	0.68	0	0	0.02
185800	0.04	0.68	0.68	0	0	0.04
185900	0.04	0.68	0.68	0	0	0.04
186000	0.04	0.68	0.68	0	0	0.04
186100	0.02	0.68	0.68	0	0	0.02
186200	0.01	0.68	0.68	0	0	0.01
186300	0.02	0.69	0.69	0	0	0.02
186400	0.01	0.69	0.69	0	0	0.01
186500	0.01	0.69	0.69	0	0	0.01
186600	0.02	0.69	0.69	0	0	0.02
186700	0.02	0.69	0.69	0	0	0.02
186800	0.02	0.69	0.69	0	0	0.02
186900	0.01	0.69	0.69	0	0	0.01
187000	0.01	0.69	0.69	0	0	0.01
187100	0.01	0.69	0.69	0	0	0.01
187200	0	0.69	0.69	0	0	0
187300	0	0.69	0.69	0	0	0
187400	0	0.69	0.69	0	0	0
187500	0	0.69	0.69	0	0	0
187600	0	0.69	0.69	0	0	0
187700	0	0.69	0.69	0	0	0
187800	0	0.69	0.69	0	0	0
187900	0	0.68	0.68	0	0	0
188000	0	0.68	0.68	0	0	0
188100	0.01	0.68	0.68	0	0	0.01
188200	0.02	0.68	0.68	0	0	0.02
188300	0.02	0.68	0.68	0	0	0.02
188400	0.01	0.68	0.68	0	0	0.01
188500	0.01	0.68	0.68	0	0	0.01
188600	0.01	0.68	0.68	0	0	0.01
188700	0	0.68	0.68	0	0	0
188800	0.01	0.68	0.68	0	0	0.01
188900	0.01	0.68	0.68	0	0	0.01
189000	0.02	0.68	0.68	0	0	0.02
189100	0.03	0.68	0.68	0	0	0.03
189200	0.02	0.68	0.68	0	0	0.02
189300	0.01	0.68	0.68	0	0	0.01
189400	0.01	0.68	0.68	0	0	0.01
189500	0.02	0.68	0.68	0	0	0.02
189600	0.03	0.68	0.68	0	0	0.03
189700	0.03	0.68	0.68	0	0	0.03
189800	0.02	0.68	0.68	0	0	0.02
189900	0.02	0.68	0.68	0	0	0.02
190000	0.02	0.69	0.69	0	0	0.02
190100	0.02	0.69	0.69	0	0	0.02
190200	0.03	0.69	0.69	0	0	0.03
190300	0.03	0.69	0.69	0	0	0.03
190400	0.03	0.69	0.69	0	0	0.03
190500	0.02	0.69	0.69	0	0	0.02
190600	0.01	0.69	0.69	0	0	0.01
190700	0.01	0.69	0.69	0	0	0.01
190800	0	0.69	0.69	0	0	0
190900	0	0.69	0.69	0	0	0
191000	0.01	0.68	0.68	0	0	0.01
191100	0.02	0.68	0.68	0	0	0.02
191200	0.01	0.68	0.68	0	0	0.01
191300	0.01	0.68	0.68	0	0	0.01
191400	0.01	0.68	0.68	0	0	0.01
191500	0.01	0.68	0.68	0	0	0.01
191600	0.01	0.68	0.68	0	0	0.01
191700	0	0.68	0.68	0	0	0
191800	0.01	0.68	0.68	0	0	0.01
191900	0.03	0.68	0.68	0	0	0.03
192000	0.03	0.68	0.68	0	0	0.03
192100	0.02	0.68	0.68	0	0	0.02
192200	0.01	0.68	0.68	0	0	0.01
192300	0.01	0.67	0.67	0	0	0.01
192400	0.01	0.67	0.67	0	0	0.01
192500	0	0.67	0.67	0	0	0
192600	0.01	0.67	0.67	0	0	0.01
192700	0.01	0.67	0.67	0	0	0.01
192800	0.01	0.67	0.67	0	0	0.01
192900	0.01	0.67	0.67	0	0	0.01
193000	0.01	0.67	0.67	0	0	0.01
193100	0	0.68	0.68	0	0	0
193200	0.02	0.68	0.68	0	0	0.02
193300	0.05	0.68	0.68	0	0	0.05
193400	0.04	0.68	0.68	0	0	0.04
193500	0.04	0.68	0.68	0	0	0.04
193600	0.04	0.68	0.68	0	0	0.04
193700	0.01	0.68	0.68	0	0	0.01
193800	0	0.68	0.68	0	0	0
193900	0	0.68	0.68	0	0	0
194000	0	0.68	0.68	0	0	0
194100	0.02	0.68	0.68	0	0	0.02
194200	0.03	0.68	0.68	0	0	0.03
194300	0.02	0.68	0.68	0	0	0.02
194400	0.02	0.68	0.68	0	0	0.02
194500	0	0.68	0.68	0	0	0
194600	0	0.68	0.68	0	0	0
194700	0.01	0.68	0.68	0	0	0.01
194800	0.01	0.68	0.68	0	0	0.01
194900	0.01	0.68	0.68	0	0	0.01
195000	0.04	0.68	0.68	0	0	0.04
195100	0.02	0.68	0.68	0	0	0.02
195200	0.02	0.68	0.68	0	0	0.02
195300	0.02	0.68	0.68	0	0	0.02
195400	0.03	0.68	0.68	0	0	0.03
195500	0.02	0.68	0.68	0	0	0.02
195600	0.01	0.68	0.68	0	0	0.01
195700	0.01	0.68	0.68	0	0	0.01
195800	0.02	0.68	0.68	0	0	0.02
195900	0.03	0.68	0.68	0	0	0.03
196000	0.01	0.68	0.68	0	0	0.01
196100	0.01	0.68	0.68	0	0	0.01
196200	0.01	0.68	0.68	0	0	0.01
196300	0.02	0.68	0.68	0	0	0.02
196400	0.03	0.68	0.68	0	0	0.03
196500	0.03	0.68	0.68	0	0	0.03
196600	0.01	0.68	0.68	0	0	0.01
196700	0.01	0.68	0.68	0	0	0.01
196800	0.01	0.68	0.68	0	0	0.01
196900	0	0.68	0.68	0	0	0
197000	0	0.68	0.68	0	0	0
197100	0.01	0.68	0.68	0	0	0.01
197200	0.01	0.68	0.68	0	0	0.01
197300	0.01	0.68	0.68	0	0	0.01
197400	0	0.68	0.68	0	0	0
197500	0.02	0.68	0.68	0	0	0.02
197600	0.02	0.68	0.68	0	0	0.02
197700	0.02	0.68	0.68	0	0	0.02
197800	0.04	0.68	0.68	0	0	0.04
197900	0.04	0.68	0.68	0	0	0.04
198000	0.05	0.68	0.68	0	0	0.05
198100	0.02	0.68	0.68	0	0	0.02
198200	0.01	0.68	0.68	0	0	0.01
198300	0.01	0.68	0.68	0	0	0.01
198400	0	0.68	0.68	0	0	0
198500	0	0.68	0.68	0	0	0
198600	0	0.68	0.68	0	0	0
198700	0.01	0.68	0.68	0	0	0.01
198800	0.01	0.68	0.68	0	0	0.01
198900	0	0.68	0.68	0	0	0
199000	0	0.68	0.68	0	0	0
199100	0.01	0.68	0.68	0	0	0.01
199200	0	0.68	0.68	0	0	0
199300	0.01	0.68	0.68	0	0	0.01
199400	0.01	0.68	0.68	0	0	0.01
199500	0.02	0.68	0.68	0	0	0.02
199600	0.04	0.67	0.67	0	0	0.04
199700	0.03	0.67	0.67	0	0	0.03
199800	0.03	0.67	0.67	0	0	0.03
199900	0.03	0.67	0.67	0	0	0.03
200000	0.04	0.67	0.67	0	0	0.04
200100	0.04	0.67	0.67	0	0	0.04
200200	0.01	0.67	0.67	0	0	0.01
200300	0.01	0.67	0.67	0	0	0.01
200400	0	0.67	0.67	0	0	0
200500	0	0.67	0.67	0	0	0
200600	0	0.67	0.67	0	0	0
200700	0	0.67	0.67	0	0	0
200800	0	0.67	0.67	0	0	0
200900	0	0.67	0.67	0	0	0
201000	0.01	0.67	0.67	0	0	0.01
201100	0.01	0.67	0.67	0	0	0.01
201200	0.02	0.67	0.67	0	0	0.02
201300	0.01	0.67	0.67	0	0	0.01
201400	0.02	0.67	0.67	0	0	0.02
201500	0.02	0.67	0.67	0	0	0.02
201600	0.03	0.67	0.67	0	0	0.03
201700	0.03	0.67	0.67	0	0	0.03
201800	0.01	0.67	0.67	0	0	0.01
201900	0.01	0.67	0.67	0	0	0.01
202000	0.01	0.67	0.67	0	0	0.01
202100	0.01	0.67	0.67	0	0	0.01
202200	0	0.67	0.67	0	0	0
202300	0	0.67	0.67	0	0	0
202400	0	0.67	0.67	0	0	0
202500	0.02	0.67	0.67	0	0	0.02
202600	0.02	0.67	0.67	0	0	0.02
202700	0.03	0.67	0.67	0	0	0.03
202800	0.04	0.67	0.67	0	0	0.04
202900	0.04	0.67	0.67	0	0	0.04
203000	0.03	0.67	0.67	0	0	0.03
203100	0.02	0.67	0.67	0	0	0.02
203200	0.01	0.67	0.67	0	0	0.01
203300	0	0.67	0.67	0	0	0
203400	0	0.67	0.67	0	0	0
203500	0	0.67	0.67	0	0	0
203600	0.01	0.68	0.68	0	0	0.01
203700	0.01	0.67	0.67	0	0	0.01
203800	0.01	0.67	0.67	0	0	0.01
203900	0.01	0.67	0.67	0	0	0.01
204000	0.01	0.67	0.67	0	0	0.01
204100	0.01	0.68	0.68	0	0	0.01
204200	0.01	0.68	0.68	0	0	0.01
204300	0.01	0.68	0.68	0	0	0.01
204400	0.01	0.68	0.68	0	0	0.01
204500	0.02	0.68	0.68	0	0	0.02
204600	0.03	0.68	0.68	0	0	0.03
204700	0.04	0.68	0.68	0	0	0.04
204800	0.04	0.68	0.68	0	0	0.04
204900	0.02	0.68	0.68	0	0	0.02
205000	0.02	0.68	0.68	0	0	0.02
205100	0.01	0.68	0.68	0	0	0.01
205200	0.02	0.68	0.68	0	0	0.02
205300	0.02	0.68	0.68	0	0	0.02
205400	0.02	0.68	0.68	0	0	0.02
205500	0.02	0.68	0.68	0	0	0.02
205600	0.02	0.68	0.68	0	0	0.02
205700	0.02	0.68	0.68	0	0	0.02
205800	0.01	0.68	0.68	0	0	0.01
205900	0.01	0.68	0.68	0	0	0.01
206000	0.02	0.68	0.68	0	0	0.02
206100	0.02	0.68	0.68	0	0	0.02
206200	0.01	0.68	0.68	0	0	0.01
206300	0.01	0.68	0.68	0	0	0.01
206400	0.02	0.68	0.68	0	0	0.02
206500	0.05	0.68	0.68	0	0	0.05
206600	0.04	0.68	0.68	0	0	0.04
206700	0.03	0.68	0.68	0	0	0.03
206800	0.02	0.68	0.68	0	0	0.02
206900	0.02	0.68	0.68	0	0	0.02
207000	0	0.68	0.68	0	0	0
207100	0	0.68	0.68	0	0	0
207200	0	0.68	0.68	0	0	0
207300	0	0.68	0.68	0	0	0
207400	0.01	0.68	0.68	0	0	0.01
207500	0.01	0.68	0.68	0	0	0.01
207600	0.01	0.68	0.68	0	0	0.01
207700	0.01	0.68	0.68	0	0	0.01
207800	0	0.68	0.68	0	0	0
207900	0	0.68	0.68	0	0	0
208000	0	0.68	0.68	0	0	0
208100	0	0.68	0.68	0	0	0
208200	0	0.68	0.68	0	0	0
208300	0	0.68	0.68	0	0	0
208400	0.01	0.68	0.68	0	0	0.01
208500	0.01	0.68	0.68	0	0	0.01
208600	0.02	0.68	0.68	0	0	0.02
208700	0.03	0.67	0.67	0	0	0.03
208800	0.03	0.67	0.67	0	0	0.03
208900	0.03	0.67	0.67	0	0	0.03
209000	0.03	0.68	0.68	0	0	0.03
209100	0.04	0.68	0.68	0	0	0.04
209200	0.03	0.68	0.68	0	0	0.03
209300	0.03	0.68	0.68	0	0	0.03
209400	0.05	0.68	0.68	0	0	0.05
209500	0.03	0.68	0.68	0	0	0.03
209600	0.03	0.68	0.68	0	0	0.03
209700	0.02	0.68	0.68	0	0	0.02
209800	0.02	0.68	0.68	0	0	0.02
209900	0.01	0.68	0.68	0	0	0.01
210000	0.01	0.69	0.69	0	0	0.01
210100	0	0.69	0.69	0	0	0
210200	0	0.69	0.69	0	0	0
210300	0.01	0.69	0.69	0	0	0.01
210400	0.01	0.69	0.69	0	0	0.01
210500	0.01	0.69	0.69	0	0	0.01
210600	0.02	0.69	0.69	0	0	0.02
210700	0.01	0.69	0.69	0	0	0.01
210800	0.01	0.69	0.69	0	0	0.01
210900	0.01	0.69	0.69	0	0	0.01
211000	0.02	0.69	0.69	0	0	0.02
211100	0.02	0.69	0.69	0	0	0.02
211200	0	0.69	0.69	0	0	0
211300	0	0.69	0.69	0	0	0
211400	0.02	0.69	0.69	0	0	0.02
211500	0.04	0.69	0.69	0	0	0.04
211600	0.04	0.69	0.69	0	0	0.04
211700	0.04	0.69	0.69	0	0	0.04
211800	0.03	0.69	0.69	0	0	0.03
211900	0.04	0.69	0.69	0	0	0.04
212000	0.04	0.69	0.69	0	0	0.04
212100	0.03	0.69	0.69	0	0	0.03
212200	0.03	0.69	0.69	0	0	0.03
212300	0.03	0.69	0.69	0	0	0.03
212400	0.02	0.69	0.69	0	0	0.02
212500	0.02	0.69	0.69	0	0	0.02
212600	0.03	0.69	0.69	0	0	0.03
212700	0.04	0.69	0.69	0	0	0.04
212800	0.01	0.69	0.69	0	0	0.01
212900	0	0.69	0.69	0	0	0
213000	0	0.69	0.69	0	0	0
213100	0.02	0.69	0.69	0	0	0.02
213200	0.02	0.69	0.69	0	0	0.02
213300	0.02	0.69	0.69	0	0	0.02
213400	0.03	0.69	0.69	0	0	0.03
213500	0.05	0.69	0.69	0	0	0.05
213600	0.03	0.69	0.69	0	0	0.03
213700	0.03	0.69	0.69	0	0	0.03
213800	0.03	0.69	0.69	0	0	0.03
213900	0.04	0.69	0.69	0	0	0.04
214000	0.02	0.69	0.69	0	0	0.02
214100	0.01	0.69	0.69	0	0	0.01
214200	0.01	0.69	0.69	0	0	0.01
214300	0.01	0.69	0.69	0	0	0.01
214400	0.01	0.69	0.69	0	0	0.01
214500	0.01	0.69	0.69	0	0	0.01
214600	0	0.69	0.69	0	0	0
214700	0	0.69	0.69	0	0	0
214800	0.02	0.69	0.69	0	0	0.02
214900	0.02	0.69	0.69	0	0	0.02
215000	0.05	0.69	0.69	0	0	0.05
215100	0.05	0.69	0.69	0	0	0.05
215200	0.05	0.69	0.69	0	0	0.05
215300	0.05	0.69	0.69	0	0	0.05
215400	0.05	0.69	0.69	0	0	0.05
215500	0.04	0.69	0.69	0	0	0.04
215600	0.03	0.69	0.69	0	0	0.03
215700	0.01	0.69	0.69	0	0	0.01
215800	0	0.69	0.69	0	0	0
215900	0	0.69	0.69	0	0	0
216000	0	0.69	0.69	0	0	0
216100	0	0.69	0.69	0	0	0
216200	0	0.69	0.69	0	0	0
216300	0.01	0.69	0.69	0	0	0.01
216400	0.01	0.69	0.69	0	0	0.01
216500	0	0.69	0.69	0	0	0
216600	0	0.69	0.69	0	0	0
216700	0.01	0.69	0.69	0	0	0.01
216800	0.02	0.69	0.69	0	0	0.02
216900	0.02	0.69	0.69	0	0	0.02
217000	0.02	0.69	0.69	0	0	0.02
217100	0	0.69	0.69	0	0	0
217200	0	0.69	0.69	0	0	0
217300	0	0.69	0.69	0	0	0
217400	0.01	0.69	0.69	0	0	0.01
217500	0.02	0.69	0.69	0	0	0.02
217600	0.03	0.69	0.69	0	0	0.03
217700	0.03	0.69	0.69	0	0	0.03
217800	0.02	0.69	0.69	0	0	0.02
217900	0	0.69	0.69	0	0	0
218000	0.01	0.69	0.69	0	0	0.01
218100	0.03	0.69	0.69	0	0	0.03
218200	0.03	0.69	0.69	0	0	0.03
218300	0.03	0.69	0.69	0	0	0.03
218400	0.04	0.69	0.69	0	0	0.04
218500	0.02	0.69	0.69	0	0	0.02
218600	0.02	0.69	0.69	0	0	0.02
218700	0.01	0.69	0.69	0	0	0.01
218800	0	0.69	0.69	0	0	0
218900	0.01	0.69	0.69	0	0	0.01
219000	0.01	0.69	0.69	0	0	0.01
219100	0.02	0.69	0.69	0	0	0.02
219200	0.02	0.69	0.69	0	0	0.02
219300	0.01	0.7	0.7	0	0	0.01
219400	0.01	0.7	0.7	0	0	0.01
219500	0.01	0.7	0.7	0	0	0.01
219600	0.02	0.7	0.7	0	0	0.02
219700	0.02	0.7	0.7	0	0	0.02
219800	0.02	0.7	0.7	0	0	0.02
219900	0.02	0.7	0.7	0	0	0.02
220000	0.01	0.7	0.7	0	0	0.01
220100	0.02	0.7	0.7	0	0	0.02
220200	0.01	0.7	0.7	0	0	0.01
220300	0.01	0.7	0.7	0	0	0.01
220400	0.01	0.7	0.7	0	0	0.01
220500	0.02	0.7	0.7	0	0	0.02
220600	0.02	0.7	0.7	0	0	0.02
220700	0.03	0.7	0.7	0	0	0.03
220800	0.02	0.7	0.7	0	0	0.02
220900	0.02	0.7	0.7	0	0	0.02
221000	0.02	0.7	0.7	0	0	0.02
221100	0.01	0.7	0.7	0	0	0.01
221200	0	0.7	0.7	0	0	0
221300	0	0.7	0.7	0	0	0
221400	0	0.7	0.7	0	0	0
221500	0.01	0.7	0.7	0	0	0.01
221600	0.01	0.7	0.7	0	0	0.01
221700	0.02	0.7	0.7	0	0	0.02
221800	0.03	0.7	0.7	0	0	0.03
221900	0.04	0.7	0.7	0	0	0.04
222000	0.04	0.7	0.7	0	0	0.04
222100	0.03	0.7	0.7	0	0	0.03
222200	0.05	0.7	0.7	0	0	0.05
222300	0.06	0.7	0.7	0	0	0.06
222400	0.07	0.7	0.7	0	0	0.07
222500	0.07	0.7	0.7	0	0	0.07
222600	0.06	0.7	0.7	0	0	0.06
222700	0.06	0.7	0.7	0	0	0.06
222800	0.07	0.7	0.7	0	0	0.07
222900	0.07	0.7	0.7	0	0	0.07
223000	0.06	0.7	0.7	0	0	0.06
223100	0.07	0.7	0.7	0	0	0.07
223200	0.07	0.7	0.7	0	0	0.07
223300	0.06	0.7	0.7	0	0	0.06
223400	0.06	0.7	0.7	0	0	0.06
223500	0.05	0.7	0.7	0	0	0.05
223600	0.06	0.7	0.7	0	0	0.06
223700	0.06	0.7	0.7	0	0	0.06
223800	0.07	0.7	0.7	0	0	0.07
223900	0.07	0.7	0.7	0	0	0.07
224000	0.08	0.7	0.7	0	0	0.08
224100	0.08	0.7	0.7	0	0	0.08
224200	0.07	0.7	0.7	0	0	0.07
224300	0.07	0.7	0.7	0	0	0.07
224400	0.08	0.7	0.7	0	0	0.08
224500	0.08	0.7	0.7	0	0	0.08
224600	0.09	0.7	0.7	0	0	0.09
224700	0.09	0.7	0.7	0	0	0.09
224800	0.07	0.7	0.7	0	0	0.07
224900	0.07	0.7	0.7	0	0	0.07
225000	0.07	0.7	0.7	0	0	0.07
225100	0.08	0.7	0.7	0	0	0.08
225200	0.08	0.7	0.7	0	0	0.08
225300	0.07	0.7	0.7	0	0	0.07
225400	0.07	0.7	0.7	0	0	0.07
225500	0.07	0.7	0.7	0	0	0.07
225600	0.07	0.7	0.7	0	0	0.07
225700	0.08	0.7	0.7	0	0	0.08
225800	0.08	0.7	0.7	0	0	0.08
225900	0.08	0.7	0.7	0	0	0.08
226000	0.08	0.7	0.7	0	0	0.08
226100	0.09	0.7	0.7	0	0	0.09
226200	0.09	0.7	0.7	0	0	0.09
226300	0.08	0.7	0.7	0	0	0.08
226400	0.08	0.7	0.7	0	0	0.08
226500	0.07	0.7	0.7	0	0	0.07
226600	0.07	0.7	0.7	0	0	0.07
226700	0.08	0.7	0.7	0	0	0.08
226800	0.08	0.7	0.7	0	0	0.08
226900	0.08	0.7	0.7	0	0	0.08
227000	0.08	0.7	0.7	0	0	0.08
227100	0.08	0.7	0.7	0	0	0.08
227200	0.08	0.7	0.7	0	0	0.08
227300	0.08	0.7	0.7	0	0	0.08
227400	0.09	0.7	0.7	0	0	0.09
227500	0.09	0.7	0.7	0	0	0.09
227600	0.08	0.7	0.7	0	0	0.08
227700	0.08	0.7	0.7	0	0	0.08
227800	0.08	0.7	0.7	0	0	0.08
227900	0.08	0.7	0.7	0	0	0.08
228000	0.08	0.7	0.7	0	0	0.08
228100	0.09	0.7	0.7	0	0	0.09
228200	0.1	0.7	0.7	0	0	0.1
228300	0.08	0.7	0.7	0	0	0.08
228400	0.08	0.7	0.7	0	0	0.08
228500	0.08	0.7	0.7	0	0	0.08
228600	0.08	0.7	0.7	0	0	0.08
228700	0.09	0.7	0.7	0	0	0.09
228800	0.09	0.7	0.7	0	0	0.09
228900	0.1	0.7	0.7	0	0	0.1
229000	0.1	0.7	0.7	0	0	0.1
229100	0.11	0.7	0.7	0	0	0.11
229200	0.11	0.7	0.7	0	0	0.11
229300	0.1	0.7	0.7	0	0	0.1
229400	0.1	0.7	0.7	0	0	0.1
229500	0.08	0.7	0.7	0	0	0.08
229600	0.08	0.7	0.7	0	0	0.08
229700	0.07	0.7	0.7	0	0	0.07
229800	0.08	0.7	0.7	0	0	0.08
229900	0.08	0.7	0.7	0	0	0.08
230000	0.08	0.7	0.7	0	0	0.08
230100	0.09	0.7	0.7	0	0	0.09
230200	0.09	0.7	0.7	0	0	0.09
230300	0.07	0.7	0.7	0	0	0.07
230400	0.07	0.7	0.7	0	0	0.07
230500	0.07	0.7	0.7	0	0	0.07
230600	0.07	0.7	0.7	0	0	0.07
230700	0.09	0.7	0.7	0	0	0.09
230800	0.08	0.7	0.7	0	0	0.08
230900	0.07	0.7	0.7	0	0	0.07
231000	0.08	0.7	0.7	0	0	0.08
231100	0.08	0.7	0.7	0	0	0.08
231200	0.08	0.69	0.69	0	0	0.08
231300	0.08	0.69	0.69	0	0	0.08
231400	0.08	0.69	0.69	0	0	0.08
231500	0.08	0.69	0.69	0	0	0.08
231600	0.09	0.69	0.69	0	0	0.09
231700	0.1	0.69	0.69	0	0	0.1
231800	0.1	0.69	0.69	0	0	0.1
231900	0.1	0.69	0.69	0	0	0.1
232000	0.09	0.69	0.69	0	0	0.09
232100	0.09	0.69	0.69	0	0	0.09
232200	0.1	0.69	0.69	0	0	0.1
232300	0.11	0.69	0.69	0	0	0.11
232400	0.11	0.69	0.69	0	0	0.11
232500	0.12	0.7	0.7	0	0	0.12
232600	0.12	0.7	0.7	0	0	0.12
232700	0.12	0.7	0.7	0	0	0.12
232800	0.12	0.7	0.7	0	0	0.12
232900	0.12	0.69	0.69	0	0	0.12
233000	0.13	0.69	0.69	0	0	0.13
233100	0.13	0.69	0.69	0	0	0.13
233200	0.12	0.69	0.69	0	0	0.12
233300	0.12	0.69	0.69	0	0	0.12
233400	0.13	0.69	0.69	0	0	0.13
233500	0.12	0.69	0.69	0	0	0.12
233600	0.09	0.69	0.69	0	0	0.09
233700	0.09	0.69	0.69	0	0	0.09
233800	0.09	0.69	0.69	0	0	0.09
233900	0.1	0.69	0.69	0	0	0.1
234000	0.1	0.69	0.69	0	0	0.1
234100	0.1	0.69	0.69	0	0	0.1
234200	0.1	0.69	0.69	0	0	0.1
234300	0.1	0.69	0.69	0	0	0.1
234400	0.08	0.69	0.69	0	0	0.08
234500	0.09	0.69	0.69	0	0	0.09
234600	0.09	0.69	0.69	0	0	0.09
234700	0.09	0.69	0.69	0	0	0.09
234800	0.09	0.69	0.69	0	0	0.09
234900	0.1	0.69	0.69	0	0	0.1
235000	0.09	0.69	0.69	0	0	0.09
235100	0.09	0.69	0.69	0	0	0.09
235200	0.09	0.69	0.69	0	0	0.09
235300	0.1	0.69	0.69	0	0	0.1
235400	0.1	0.69	0.69	0	0	0.1
235500	0.1	0.69	0.69	0	0	0.1
235600	0.1	0.69	0.69	0	0	0.1
235700	0.1	0.69	0.69	0	0	0.1
235800	0.11	0.69	0.69	0	0	0.11
235900	0.11	0.69	0.69	0	0	0.11
236000	0.1	0.69	0.69	0	0	0.1
236100	0.1	0.69	0.69	0	0	0.1
236200	0.1	0.69	0.69	0	0	0.1
236300	0.1	0.69	0.69	0	0	0.1
236400	0.1	0.69	0.69	0	0	0.1
236500	0.1	0.69	0.69	0	0	0.1
236600	0.1	0.69	0.69	0	0	0.1
236700	0.11	0.7	0.7	0	0	0.11
236800	0.1	0.7	0.7	0	0	0.1
236900	0.09	0.7	0.7	0	0	0.09
237000	0.09	0.7	0.7	0	0	0.09
237100	0.09	0.7	0.7	0	0	0.09
237200	0.09	0.7	0.7	0	0	0.09
237300	0.09	0.7	0.7	0	0	0.09
237400	0.09	0.7	0.7	0	0	0.09
237500	0.09	0.7	0.7	0	0	0.09
237600	0.09	0.7	0.7	0	0	0.09
237700	0.1	0.7	0.7	0	0	0.1
237800	0.1	0.7	0.7	0	0	0.1
237900	0.1	0.7	0.7	0	0	0.1
238000	0.1	0.7	0.7	0	0	0.1
238100	0.1	0.7	0.7	0	0	0.1
238200	0.11	0.7	0.7	0	0	0.11
238300	0.12	0.7	0.7	0	0	0.12
238400	0.12	0.7	0.7	0	0	0.12
238500	0.11	0.7	0.7	0	0	0.11
238600	0.11	0.7	0.7	0	0	0.11
238700	0.11	0.7	0.7	0	0	0.11
238800	0.11	0.7	0.7	0	0	0.11
238900	0.11	0.7	0.7	0	0	0.11
239000	0.1	0.7	0.7	0	0	0.1
239100	0.1	0.7	0.7	0	0	0.1
239200	0.1	0.7	0.7	0	0	0.1
239300	0.1	0.7	0.7	0	0	0.1
239400	0.1	0.7	0.7	0	0	0.1
239500	0.1	0.7	0.7	0	0	0.1
239600	0.1	0.7	0.7	0	0	0.1
239700	0.09	0.7	0.7	0	0	0.09
239800	0.09	0.7	0.7	0	0	0.09
239900	0.09	0.7	0.7	0	0	0.09
240000	0.1	0.7	0.7	0	0	0.1
240100	0.1	0.7	0.7	0	0	0.1
240200	0.11	0.7	0.7	0	0	0.11
240300	0.11	0.7	0.7	0	0	0.11
240400	0.09	0.7	0.7	0	0	0.09
240500	0.09	0.7	0.7	0	0	0.09
240600	0.09	0.7	0.7	0	0	0.09
240700	0.09	0.7	0.7	0	0	0.09
240800	0.1	0.7	0.7	0	0	0.1
240900	0.1	0.7	0.7	0	0	0.1
241000	0.1	0.7	0.7	0	0	0.1
241100	0.1	0.7	0.7	0	0	0.1
241200	0.09	0.7	0.7	0	0	0.09
241300	0.08	0.7	0.7	0	0	0.08
241400	0.08	0.7	0.7	0	0	0.08
241500	0.07	0.7	0.7	0	0	0.07
241600	0.08	0.7	0.7	0	0	0.08
241700	0.08	0.7	0.7	0	0	0.08
241800	0.08	0.7	0.7	0	0	0.08
241900	0.08	0.7	0.7	0	0	0.08
242000	0.09	0.7	0.7	0	0	0.09
242100	0.09	0.7	0.7	0	0	0.09
242200	0.09	0.7	0.7	0	0	0.09
242300	0.09	0.7	0.7	0	0	0.09
242400	0.09	0.7	0.7	0	0	0.09
242500	0.09	0.7	0.7	0	0	0.09
242600	0.08	0.7	0.7	0	0	0.08
242700	0.09	0.7	0.7	0	0	0.09
242800	0.08	0.7	0.7	0	0	0.08
242900	0.08	0.7	0.7	0	0	0.08
243000	0.08	0.7	0.7	0	0	0.08
243100	0.08	0.7	0.7	0	0	0.08
243200	0.08	0.7	0.7	0	0	0.08
243300	0.08	0.7	0.7	0	0	0.08
243400	0.08	0.7	0.7	0	0	0.08
243500	0.08	0.7	0.7	0	0	0.08
243600	0.08	0.7	0.7	0	0	0.08
243700	0.08	0.7	0.7	0	0	0.08
243800	0.08	0.7	0.7	0	0	0.08
243900	0.08	0.7	0.7	0	0	0.08
244000	0.08	0.7	0.7	0	0	0.08
244100	0.09	0.7	0.7	0	0	0.09
244200	0.09	0.7	0.7	0	0	0.09
244300	0.11	0.7	0.7	0	0	0.11
244400	0.12	0.7	0.7	0	0	0.12
244500	0.12	0.7	0.7	0	0	0.12
244600	0.11	0.7	0.7	0	0	0.11
244700	0.12	0.7	0.7	0	0	0.12
244800	0.12	0.7	0.7	0	0	0.12
244900	0.11	0.7	0.7	0	0	0.11
245000	0.11	0.7	0.7	0	0	0.11
245100	0.1	0.7	0.7	0	0	0.1
245200	0.1	0.7	0.7	0	0	0.1
245300	0.1	0.7	0.7	0	0	0.1
245400	0.1	0.7	0.7	0	0	0.1
245500	0.1	0.7	0.7	0	0	0.1
245600	0.1	0.7	0.7	0	0	0.1
245700	0.11	0.7	0.7	0	0	0.11
245800	0.11	0.7	0.7	0	0	0.11
245900	0.1	0.7	0.7	0	0	0.1
246000	0.11	0.7	0.7	0	0	0.11
246100	0.11	0.7	0.7	0	0	0.11
246200	0.09	0.7	0.7	0	0	0.09
246300	0.1	0.7	0.7	0	0	0.1
246400	0.1	0.7	0.7	0	0	0.1
246500	0.11	0.7	0.7	0	0	0.11
246600	0.12	0.7	0.7	0	0	0.12
246700	0.12	0.7	0.7	0	0	0.12
246800	0.11	0.7	0.7	0	0	0.11
246900	0.11	0.7	0.7	0	0	0.11
247000	0.11	0.7	0.7	0	0	0.11
247100	0.12	0.7	0.7	0	0	0.12
247200	0.12	0.7	0.7	0	0	0.12
247300	0.13	0.7	0.7	0	0	0.13
247400	0.13	0.7	0.7	0	0	0.13
247500	0.13	0.7	0.7	0	0	0.13
247600	0.12	0.7	0.7	0	0	0.12
247700	0.12	0.7	0.7	0	0	0.12
247800	0.12	0.7	0.7	0	0	0.12
247900	0.12	0.7	0.7	0	0	0.12
248000	0.12	0.7	0.7	0	0	0.12
248100	0.13	0.7	0.7	0	0	0.13
248200	0.13	0.7	0.7	0	0	0.13
248300	0.13	0.7	0.7	0	0	0.13
248400	0.13	0.7	0.7	0	0	0.13
248500	0.13	0.7	0.7	0	0	0.13
248600	0.14	0.7	0.7	0	0	0.14
248700	0.14	0.7	0.7	0	0	0.14
248800	0.14	0.7	0.7	0	0	0.14
248900	0.14	0.7	0.7	0	0	0.14
249000	0.14	0.7	0.7	0	0	0.14
249100	0.14	0.7	0.7	0	0	0.14
249200	0.14	0.7	0.7	0	0	0.14
249300	0.14	0.7	0.7	0	0	0.14
249400	0.14	0.7	0.7	0	0	0.14
249500	0.14	0.7	0.7	0	0	0.14
249600	0.14	0.7	0.7	0	0	0.14
249700	0.14	0.7	0.7	0	0	0.14
249800	0.14	0.7	0.7	0	0	0.14
249900	0.14	0.7	0.7	0	0	0.14
250000	0.14	0.7	0.7	0	0	0.14
250100	0.14	0.7	0.7	0	0	0.14
250200	0.14	0.7	0.7	0	0	0.14
250300	0.14	0.7	0.7	0	0	0.14
250400	0.14	0.7	0.7	0	0	0.14
250500	0.14	0.7	0.7	0	0	0.14
250600	0.15	0.7	0.7	0	0	0.15
250700	0.15	0.7	0.7	0	0	0.15
250800	0.15	0.7	0.7	0	0	0.15
250900	0.16	0.7	0.7	0	0	0.16
251000	0.15	0.7	0.7	0	0	0.15
251100	0.15	0.7	0.7	0	0	0.15
251200	0.15	0.7	0.7	0	0	0.15
251300	0.14	0.7	0.7	0	0	0.14
251400	0.14	0.7	0.7	0	0	0.14
251500	0.14	0.7	0.7	0	0	0.14
251600	0.14	0.7	0.7	0	0	0.14
251700	0.14	0.7	0.7	0	0	0.14
251800	0.14	0.7	0.7	0	0	0.14
251900	0.14	0.7	0.7	0	0	0.14
252000	0.14	0.7	0.7	0	0	0.14
252100	0.15	0.7	0.7	0	0	0.15
252200	0.15	0.7	0.7	0	0	0.15
252300	0.15	0.7	0.7	0	0	0.15
252400	0.15	0.7	0.7	0	0	0.15
252500	0.15	0.7	0.7	0	0	0.15
252600	0.15	0.7	0.7	0	0	0.15
252700	0.15	0.7	0.7	0	0	0.15
252800	0.15	0.7	0.7	0	0	0.15
252900	0.15	0.7	0.7	0	0	0.15
253000	0.16	0.7	0.7	0	0	0.16
253100	0.16	0.7	0.7	0	0	0.16
253200	0.15	0.7	0.7	0	0	0.15
253300	0.15	0.7	0.7	0	0	0.15
253400	0.16	0.7	0.7	0	0	0.16
253500	0.16	0.7	0.7	0	0	0.16
253600	0.16	0.7	0.7	0	0	0.16
253700	0.16	0.7	0.7	0	0	0.16
253800	0.15	0.7	0.7	0	0	0.15
253900	0.15	0.7	0.7	0	0	0.15
254000	0.17	0.7	0.7	0	0	0.17
254100	0.17	0.7	0.7	0	0	0.17
254200	0.17	0.7	0.7	0	0	0.17
254300	0.18	0.7	0.7	0	0	0.18
254400	0.19	0.7	0.7	0	0	0.19
254500	0.19	0.7	0.7	0	0	0.19
254600	0.19	0.7	0.7	0	0	0.19
254700	0.19	0.69	0.69	0	0	0.19
254800	0.2	0.69	0.69	0	0	0.2
254900	0.2	0.69	0.69	0	0	0.2
255000	0.2	0.69	0.69	0	0	0.2
255100	0.2	0.69	0.69	0	0	0.2
255200	0.2	0.69	0.69	0	0	0.2
255300	0.2	0.69	0.69	0	0	0.2
255400	0.2	0.69	0.69	0	0	0.2
255500	0.2	0.69	0.69	0	0	0.2
255600	0.2	0.69	0.69	0	0	0.2
255700	0.2	0.69	0.69	0	0	0.2
255800	0.2	0.69	0.69	0	0	0.2
255900	0.2	0.69	0.69	0	0	0.2
256000	0.2	0.69	0.69	0	0	0.2
256100	0.2	0.69	0.69	0	0	0.2
256200	0.2	0.69	0.69	0	0	0.2
256300	0.2	0.69	0.69	0	0	0.2
256400	0.2	0.69	0.69	0	0	0.2
256500	0.2	0.69	0.69	0	0	0.2
256600	0.2	0.69	0.69	0	0	0.2
256700	0.2	0.69	0.69	0	0	0.2
256800	0.2	0.69	0.69	0	0	0.2
256900	0.21	0.69	0.69	0	0	0.21
257000	0.21	0.69	0.69	0	0	0.21
257100	0.21	0.69	0.69	0	0	0.21
257200	0.21	0.69	0.69	0	0	0.21
257300	0.21	0.69	0.69	0	0	0.21
257400	0.21	0.69	0.69	0	0	0.21
257500	0.21	0.69	0.69	0	0	0.21
257600	0.21	0.69	0.69	0	0	0.21
257700	0.21	0.69	0.69	0	0	0.21
257800	0.21	0.69	0.69	0	0	0.21
257900	0.21	0.69	0.69	0	0	0.21
258000	0.22	0.69	0.69	0	0	0.22
258100	0.22	0.69	0.69	0	0	0.22
258200	0.22	0.69	0.69	0	0	0.22
258300	0.23	0.69	0.69	0	0	0.23
258400	0.23	0.69	0.69	0	0	0.23
258500	0.24	0.69	0.69	0	0	0.24
258600	0.24	0.69	0.69	0	0	0.24
258700	0.25	0.69	0.69	0	0	0.25
258800	0.24	0.69	0.69	0	0	0.24
258900	0.23	0.69	0.69	0	0	0.23
259000	0.23	0.69	0.69	0	0	0.23
259100	0.24	0.69	0.69	0	0	0.24
259200	0.24	0.69	0.69	0	0	0.24
259300	0.24	0.69	0.69	0	0	0.24
259400	0.24	0.69	0.69	0	0	0.24
259500	0.24	0.69	0.69	0	0	0.24
259600	0.24	0.69	0.69	0	0	0.24
259700	0.24	0.69	0.69	0	0	0.24
259800	0.24	0.69	0.69	0	0	0.24
259900	0.24	0.69	0.69	0	0	0.24
260000	0.24	0.7	0.7	0	0	0.24
260100	0.24	0.69	0.69	0	0	0.24
260200	0.24	0.69	0.69	0	0	0.24
260300	0.24	0.69	0.69	0	0	0.24
260400	0.24	0.69	0.69	0	0	0.24
260500	0.24	0.69	0.69	0	0	0.24
260600	0.24	0.69	0.69	0	0	0.24
260700	0.23	0.69	0.69	0	0	0.23
260800	0.23	0.69	0.69	0	0	0.23
260900	0.23	0.69	0.69	0	0	0.23
261000	0.23	0.69	0.69	0	0	0.23
261100	0.23	0.69	0.69	0	0	0.23
261200	0.23	0.69	0.69	0	0	0.23
261300	0.23	0.69	0.69	0	0	0.23
261400	0.23	0.69	0.69	0	0	0.23
261500	0.23	0.69	0.69	0	0	0.23
261600	0.23	0.69	0.69	0	0	0.23
261700	0.23	0.69	0.69	0	0	0.23
261800	0.24	0.69	0.69	0	0	0.24
261900	0.24	0.69	0.69	0	0	0.24
262000	0.24	0.69	0.69	0	0	0.24
262100	0.24	0.69	0.69	0	0	0.24
262200	0.24	0.69	0.69	0	0	0.24
262300	0.25	0.69	0.69	0	0	0.25
262400	0.25	0.69	0.69	0	0	0.25
262500	0.26	0.69	0.69	0	0	0.26
262600	0.26	0.69	0.69	0	0	0.26
262700	0.26	0.69	0.69	0	0	0.26
262800	0.26	0.69	0.69	0	0	0.26
262900	0.26	0.69	0.69	0	0	0.26
263000	0.26	0.69	0.69	0	0	0.26
263100	0.26	0.69	0.69	0	0	0.26
263200	0.26	0.69	0.69	0	0	0.26
263300	0.27	0.69	0.69	0	0	0.27
263400	0.28	0.69	0.69	0	0	0.28
263500	0.28	0.69	0.69	0	0	0.28
263600	0.28	0.69	0.69	0	0	0.28
263700	0.28	0.69	0.69	0	0	0.28
263800	0.28	0.69	0.69	0	0	0.28
263900	0.28	0.69	0.69	0	0	0.28
264000	0.28	0.69	0.69	0	0	0.28
264100	0.28	0.69	0.69	0	0	0.28
264200	0.28	0.69	0.69	0	0	0.28
264300	0.28	0.69	0.69	0	0	0.28
264400	0.28	0.69	0.69	0	0	0.28
264500	0.28	0.69	0.69	0	0	0.28
264600	0.28	0.69	0.69	0	0	0.28
264700	0.28	0.69	0.69	0	0	0.28
264800	0.28	0.69	0.69	0	0	0.28
264900	0.27	0.69	0.69	0	0	0.27
265000	0.27	0.69	0.69	0	0	0.27
265100	0.27	0.69	0.69	0	0	0.27
265200	0.27	0.69	0.69	0	0	0.27
265300	0.27	0.69	0.69	0	0	0.27
265400	0.27	0.69	0.69	0	0	0.27
265500	0.27	0.69	0.69	0	0	0.27
265600	0.27	0.69	0.69	0	0	0.27
265700	0.27	0.69	0.69	0	0	0.27
265800	0.27	0.69	0.69	0	0	0.27
265900	0.27	0.69	0.69	0	0	0.27
266000	0.27	0.69	0.69	0	0	0.27
266100	0.27	0.69	0.69	0	0	0.27
266200	0.27	0.69	0.69	0	0	0.27
266300	0.27	0.69	0.69	0	0	0.27
266400	0.28	0.69	0.69	0	0	0.28
266500	0.28	0.69	0.69	0	0	0.28
266600	0.27	0.69	0.69	0	0	0.27
266700	0.27	0.69	0.69	0	0	0.27
266800	0.27	0.69	0.69	0	0	0.27
266900	0.27	0.69	0.69	0	0	0.27
267000	0.27	0.69	0.69	0	0	0.27
267100	0.27	0.69	0.69	0	0	0.27
267200	0.27	0.69	0.69	0	0	0.27
267300	0.27	0.69	0.69	0	0	0.27
267400	0.26	0.69	0.69	0	0	0.26
267500	0.26	0.69	0.69	0	0	0.26
267600	0.26	0.69	0.69	0	0	0.26
267700	0.26	0.69	0.69	0	0	0.26
267800	0.27	0.69	0.69	0	0	0.27
267900	0.27	0.69	0.69	0	0	0.27
268000	0.27	0.69	0.69	0	0	0.27
268100	0.27	0.69	0.69	0	0	0.27
268200	0.27	0.69	0.69	0	0	0.27
268300	0.27	0.69	0.69	0	0	0.27
268400	0.27	0.69	0.69	0	0	0.27
268500	0.27	0.69	0.69	0	0	0.27
268600	0.27	0.69	0.69	0	0	0.27
268700	0.27	0.69	0.69	0	0	0.27
268800	0.27	0.69	0.69	0	0	0.27
268900	0.27	0.69	0.69	0	0	0.27
269000	0.27	0.69	0.69	0	0	0.27
269100	0.27	0.69	0.69	0	0	0.27
269200	0.27	0.69	0.69	0	0	0.27
269300	0.27	0.69	0.69	0	0	0.27
269400	0.27	0.69	0.69	0	0	0.27
269500	0.27	0.69	0.69	0	0	0.27
269600	0.27	0.69	0.69	0	0	0.27
269700	0.27	0.69	0.69	0	0	0.27
269800	0.27	0.69	0.69	0	0	0.27
269900	0.27	0.69	0.69	0	0	0.27
270000	0.27	0.69	0.69	0	0	0.27
270100	0.27	0.69	0.69	0	0	0.27
270200	0.27	0.69	0.69	0	0	0.27
270300	0.27	0.69	0.69	0	0	0.27
270400	0.27	0.69	0.69	0	0	0.27
270500	0.27	0.69	0.69	0	0	0.27
270600	0.27	0.69	0.69	0	0	0.27
270700	0.27	0.69	0.69	0	0	0.27
270800	0.27	0.69	0.69	0	0	0.27
270900	0.27	0.69	0.69	0	0	0.27
271000	0.27	0.69	0.69	0	0	0.27
271100	0.27	0.69	0.69	0	0	0.27
271200	0.27	0.69	0.69	0	0	0.27
271300	0.27	0.69	0.69	0	0	0.27
271400	0.27	0.69	0.69	0	0	0.27
271500	0.27	0.69	0.69	0	0	0.27
271600	0.27	0.69	0.69	0	0	0.27
271700	0.27	0.69	0.69	0	0	0.27
271800	0.27	0.69	0.69	0	0	0.27
271900	0.27	0.69	0.69	0	0	0.27
272000	0.27	0.69	0.69	0	0	0.27
272100	0.27	0.69	0.69	0	0	0.27
272200	0.27	0.69	0.69	0	0	0.27
272300	0.27	0.69	0.69	0	0	0.27
272400	0.28	0.69	0.69	0	0	0.28
272500	0.28	0.69	0.69	0	0	0.28
272600	0.28	0.69	0.69	0	0	0.28
272700	0.28	0.69	0.69	0	0	0.28
272800	0.28	0.69	0.69	0	0	0.28
272900	0.28	0.69	0.69	0	0	0.28
273000	0.28	0.69	0.69	0	0	0.28
273100	0.28	0.69	0.69	0	0	0.28
273200	0.28	0.69	0.69	0	0	0.28
273300	0.28	0.69	0.69	0	0	0.28
273400	0.28	0.69	0.69	0	0	0.28
273500	0.29	0.69	0.69	0	0	0.29
273600	0.29	0.69	0.69	0	0	0.29
273700	0.29	0.69	0.69	0	0	0.29
273800	0.29	0.69	0.69	0	0	0.29
273900	0.29	0.69	0.69	0	0	0.29
274000	0.29	0.69	0.69	0	0	0.29
274100	0.29	0.69	0.69	0	0	0.29
274200	0.29	0.69	0.69	0	0	0.29
274300	0.29	0.69	0.69	0	0	0.29
274400	0.29	0.69	0.69	0	0	0.29
274500	0.29	0.69	0.69	0	0	0.29
274600	0.29	0.69	0.69	0	0	0.29
274700	0.29	0.69	0.69	0	0	0.29
274800	0.29	0.69	0.69	0	0	0.29
274900	0.29	0.69	0.69	0	0	0.29
275000	0.29	0.69	0.69	0	0	0.29
275100	0.29	0.69	0.69	0	0	0.29
275200	0.29	0.69	0.69	0	0	0.29
275300	0.28	0.69	0.69	0	0	0.28
275400	0.28	0.69	0.69	0	0	0.28
275500	0.28	0.69	0.69	0	0	0.28
275600	0.28	0.69	0.69	0	0	0.28
275700	0.28	0.69	0.69	0	0	0.28
275800	0.28	0.69	0.69	0	0	0.28
275900	0.28	0.69	0.69	0	0	0.28
276000	0.28	0.69	0.69	0	0	0.28
276100	0.28	0.69	0.69	0	0	0.28
276200	0.28	0.69	0.69	0	0	0.28
276300	0.28	0.69	0.69	0	0	0.28
276400	0.28	0.69	0.69	0	0	0.28
276500	0.28	0.69	0.69	0	0	0.28
276600	0.28	0.69	0.69	0	0	0.28
276700	0.28	0.69	0.69	0	0	0.28
276800	0.28	0.69	0.69	0	0	0.28
276900	0.28	0.69	0.69	0	0	0.28
277000	0.28	0.69	0.69	0	0	0.28
277100	0.28	0.69	0.69	0	0	0.28
277200	0.28	0.69	0.69	0	0	0.28
277300	0.28	0.69	0.69	0	0	0.28
277400	0.28	0.69	0.69	0	0	0.28
277500	0.28	0.69	0.69	0	0	0.28
277600	0.28	0.69	0.69	0	0	0.28
277700	0.28	0.69	0.69	0	0	0.28
277800	0.28	0.69	0.69	0	0	0.28
277900	0.28	0.69	0.69	0	0	0.28
278000	0.28	0.69	0.69	0	0	0.28
278100	0.28	0.69	0.69	0	0	0.28
278200	0.28	0.69	0.69	0	0	0.28
278300	0.28	0.69	0.69	0	0	0.28
278400	0.28	0.69	0.69	0	0	0.28
278500	0.28	0.69	0.69	0	0	0.28
278600	0.28	0.69	0.69	0	0	0.28
278700	0.28	0.69	0.69	0	0	0.28
278800	0.28	0.69	0.69	0	0	0.28
278900	0.28	0.69	0.69	0	0	0.28
279000	0.28	0.69	0.69	0	0	0.28
279100	0.29	0.69	0.69	0	0	0.29
279200	0.29	0.69	0.69	0	0	0.29
279300	0.29	0.69	0.69	0	0	0.29
279400	0.29	0.69	0.69	0	0	0.29
279500	0.28	0.69	0.69	0	0	0.28
279600	0.28	0.68	0.68	0	0	0.28
279700	0.28	0.68	0.68	0	0	0.28
279800	0.28	0.68	0.68	0	0	0.28
279900	0.27	0.68	0.68	0	0	0.27
280000	0.27	0.68	0.68	0	0	0.27
280100	0.27	0.68	0.68	0	0	0.27
280200	0.27	0.68	0.68	0	0	0.27
280300	0.27	0.68	0.68	0	0	0.27
280400	0.27	0.68	0.68	0	0	0.27
280500	0.27	0.68	0.68	0	0	0.27
280600	0.27	0.68	0.68	0	0	0.27
280700	0.27	0.68	0.68	0	0	0.27
280800	0.27	0.68	0.68	0	0	0.27
280900	0.27	0.68	0.68	0	0	0.27
281000	0.28	0.68	0.68	0	0	0.28
281100	0.28	0.68	0.68	0	0	0.28
281200	0.28	0.68	0.68	0	0	0.28
281300	0.28	0.68	0.68	0	0	0.28
281400	0.29	0.68	0.68	0	0	0.29
281500	0.29	0.68	0.68	0	0	0.29
281600	0.29	0.68	0.68	0	0	0.29
281700	0.29	0.68	0.68	0	0	0.29
281800	0.29	0.68	0.68	0	0	0.29
281900	0.29	0.68	0.68	0	0	0.29
282000	0.29	0.68	0.68	0	0	0.29
282100	0.29	0.68	0.68	0	0	0.29
282200	0.29	0.68	0.68	0	0	0.29
282300	0.29	0.68	0.68	0	0	0.29
282400	0.29	0.68	0.68	0	0	0.29
282500	0.29	0.68	0.68	0	0	0.29
282600	0.29	0.68	0.68	0	0	0.29
282700	0.29	0.68	0.68	0	0	0.29
282800	0.29	0.68	0.68	0	0	0.29
282900	0.29	0.68	0.68	0	0	0.29
283000	0.29	0.68	0.68	0	0	0.29
283100	0.29	0.68	0.68	0	0	0.29
283200	0.29	0.68	0.68	0	0	0.29
283300	0.29	0.68	0.68	0	0	0.29
283400	0.29	0.68	0.68	0	0	0.29
283500	0.29	0.68	0.68	0	0	0.29
283600	0.29	0.68	0.68	0	0	0.29
283700	0.29	0.68	0.68	0	0	0.29
283800	0.29	0.68	0.68	0	0	0.29
283900	0.29	0.68	0.68	0	0	0.29
284000	0.29	0.68	0.68	0	0	0.29
284100	0.3	0.68	0.68	0	0	0.3
284200	0.3	0.68	0.68	0	0	0.3
284300	0.3	0.68	0.68	0	0	0.3
284400	0.3	0.68	0.68	0	0	0.3
284500	0.3	0.68	0.68	0	0	0.3
284600	0.29	0.68	0.68	0	0	0.29
284700	0.29	0.68	0.68	0	0	0.29
284800	0.29	0.68	0.68	0	0	0.29
284900	0.29	0.68	0.68	0	0	0.29
285000	0.29	0.68	0.68	0	0	0.29
285100	0.29	0.68	0.68	0	0	0.29
285200	0.29	0.68	0.68	0	0	0.29
285300	0.29	0.68	0.68	0	0	0.29
285400	0.29	0.68	0.68	0	0	0.29
285500	0.29	0.68	0.68	0	0	0.29
285600	0.29	0.68	0.68	0	0	0.29
285700	0.29	0.68	0.68	0	0	0.29
285800	0.29	0.68	0.68	0	0	0.29
285900	0.29	0.68	0.68	0	0	0.29
286000	0.29	0.68	0.68	0	0	0.29
286100	0.29	0.68	0.68	0	0	0.29
286200	0.29	0.68	0.68	0	0	0.29
286300	0.3	0.68	0.68	0	0	0.3
286400	0.3	0.68	0.68	0	0	0.3
286500	0.3	0.68	0.68	0	0	0.3
286600	0.3	0.68	0.68	0	0	0.3
286700	0.3	0.68	0.68	0	0	0.3
286800	0.3	0.68	0.68	0	0	0.3
286900	0.3	0.68	0.68	0	0	0.3
287000	0.3	0.68	0.68	0	0	0.3
287100	0.3	0.68	0.68	0	0	0.3
287200	0.29	0.68	0.68	0	0	0.29
287300	0.29	0.68	0.68	0	0	0.29
287400	0.29	0.68	0.68	0	0	0.29
287500	0.29	0.68	0.68	0	0	0.29
287600	0.29	0.68	0.68	0	0	0.29
287700	0.29	0.68	0.68	0	0	0.29
287800	0.29	0.68	0.68	0	0	0.29
287900	0.29	0.68	0.68	0	0	0.29
288000	0.29	0.68	0.68	0	0	0.29
288100	0.29	0.68	0.68	0	0	0.29
288200	0.29	0.68	0.68	0	0	0.29
288300	0.28	0.68	0.68	0	0	0.28
288400	0.28	0.68	0.68	0	0	0.28
288500	0.28	0.68	0.68	0	0	0.28
288600	0.28	0.68	0.68	0	0	0.28
288700	0.28	0.68	0.68	0	0	0.28
288800	0.28	0.68	0.68	0	0	0.28
288900	0.28	0.68	0.68	0	0	0.28
289000	0.28	0.68	0.68	0	0	0.28
289100	0.28	0.68	0.68	0	0	0.28
289200	0.28	0.68	0.68	0	0	0.28
289300	0.28	0.68	0.68	0	0	0.28
289400	0.28	0.68	0.68	0	0	0.28
289500	0.28	0.68	0.68	0	0	0.28
289600	0.28	0.68	0.68	0	0	0.28
289700	0.28	0.68	0.68	0	0	0.28
289800	0.28	0.68	0.68	0	0	0.28
289900	0.28	0.68	0.68	0	0	0.28
290000	0.28	0.68	0.68	0	0	0.28
290100	0.28	0.68	0.68	0	0	0.28
290200	0.28	0.68	0.68	0	0	0.28
290300	0.28	0.68	0.68	0	0	0.28
290400	0.28	0.68	0.68	0	0	0.28
290500	0.28	0.68	0.68	0	0	0.28
290600	0.28	0.68	0.68	0	0	0.28
290700	0.28	0.68	0.68	0	0	0.28
290800	0.28	0.68	0.68	0	0	0.28
290900	0.28	0.68	0.68	0	0	0.28
291000	0.28	0.68	0.68	0	0	0.28
291100	0.28	0.68	0.68	0	0	0.28
291200	0.28	0.68	0.68	0	0	0.28
291300	0.28	0.68	0.68	0	0	0.28
291400	0.28	0.68	0.68	0	0	0.28
291500	0.28	0.68	0.68	0	0	0.28
291600	0.27	0.68	0.68	0	0	0.27
291700	0.27	0.68	0.68	0	0	0.27
291800	0.27	0.68	0.68	0	0	0.27
291900	0.27	0.68	0.68	0	0	0.27
292000	0.27	0.68	0.68	0	0	0.27
292100	0.27	0.68	0.68	0	0	0.27
292200	0.27	0.68	0.68	0	0	0.27
292300	0.27	0.68	0.68	0	0	0.27
292400	0.27	0.68	0.68	0	0	0.27
292500	0.28	0.68	0.68	0	0	0.28
292600	0.28	0.68	0.68	0	0	0.28
292700	0.28	0.68	0.68	0	0	0.28
292800	0.28	0.68	0.68	0	0	0.28
292900	0.28	0.68	0.68	0	0	0.28
293000	0.28	0.68	0.68	0	0	0.28
293100	0.28	0.69	0.69	0	0	0.28
293200	0.28	0.69	0.69	0	0	0.28
293300	0.28	0.69	0.69	0	0	0.28
293400	0.28	0.69	0.69	0	0	0.28
293500	0.28	0.69	0.69	0	0	0.28
293600	0.28	0.69	0.69	0	0	0.28
293700	0.28	0.69	0.69	0	0	0.28
293800	0.28	0.69	0.69	0	0	0.28
293900	0.28	0.69	0.69	0	0	0.28
294000	0.28	0.69	0.69	0	0	0.28
294100	0.28	0.69	0.69	0	0	0.28
294200	0.28	0.69	0.69	0	0	0.28
294300	0.28	0.69	0.69	0	0	0.28
294400	0.28	0.69	0.69	0	0	0.28
294500	0.28	0.69	0.69	0	0	0.28
294600	0.29	0.69	0.69	0	0	0.29
294700	0.29	0.69	0.69	0	0	0.29
294800	0.29	0.69	0.69	0	0	0.29
294900	0.29	0.69	0.69	0	0	0.29
295000	0.29	0.69	0.69	0	0	0.29
295100	0.29	0.69	0.69	0	0	0.29
295200	0.29	0.69	0.69	0	0	0.29
295300	0.29	0.69	0.69	0	0	0.29
295400	0.29	0.69	0.69	0	0	0.29
295500	0.29	0.69	0.69	0	0	0.29
295600	0.29	0.69	0.69	0	0	0.29
295700	0.29	0.69	0.69	0	0	0.29
295800	0.29	0.69	0.69	0	0	0.29
295900	0.29	0.69	0.69	0	0	0.29
296000	0.29	0.69	0.69	0	0	0.29
296100	0.29	0.69	0.69	0	0	0.29
296200	0.29	0.69	0.69	0	0	0.29
296300	0.29	0.69	0.69	0	0	0.29
296400	0.29	0.69	0.69	0	0	0.29
296500	0.29	0.69	0.69	0	0	0.29
296600	0.29	0.69	0.69	0	0	0.29
296700	0.29	0.69	0.69	0	0	0.29
296800	0.29	0.69	0.69	0	0	0.29
296900	0.29	0.69	0.69	0	0	0.29
297000	0.29	0.69	0.69	0	0	0.29
297100	0.29	0.69	0.69	0	0	0.29
297200	0.29	0.69	0.69	0	0	0.29
297300	0.29	0.69	0.69	0	0	0.29
297400	0.29	0.69	0.69	0	0	0.29
297500	0.29	0.69	0.69	0	0	0.29
297600	0.29	0.69	0.69	0	0	0.29
297700	0.29	0.69	0.69	0	0	0.29
297800	0.29	0.69	0.69	0	0	0.29
297900	0.29	0.69	0.69	0	0	0.29
298000	0.29	0.69	0.69	0	0	0.29
298100	0.29	0.69	0.69	0	0	0.29
298200	0.29	0.69	0.69	0	0	0.29
298300	0.29	0.69	0.69	0	0	0.29
298400	0.29	0.69	0.69	0	0	0.29
298500	0.29	0.69	0.69	0	0	0.29
298600	0.29	0.69	0.69	0	0	0.29
298700	0.29	0.69	0.69	0	0	0.29
298800	0.29	0.69	0.69	0	0	0.29
298900	0.29	0.69	0.69	0	0	0.29
299000	0.29	0.69	0.69	0	0	0.29
299100	0.29	0.69	0.69	0	0	0.29
299200	0.29	0.69	0.69	0	0	0.29
299300	0.29	0.69	0.69	0	0	0.29
299400	0.29	0.69	0.69	0	0	0.29
299500	0.29	0.69	0.69	0	0	0.29
299600	0.29	0.69	0.69	0	0	0.29
299700	0.29	0.69	0.69	0	0	0.29
299800	0.29	0.69	0.69	0	0	0.29
299900	0.29	0.69	0.69	0	0	0.29
300000	0.29	0.69	0.69	0	0	0.29
