100	0.1	0.04	0.04	0	0	0.1
200	0.09	0.06	0.06	0	0	0.09
300	0.04	0.08	0.08	0	0	0.04
400	0.01	0.08	0.08	0	0	0.01
500	0	0.05	0.05	0	0	0
600	0	0.03	0.03	0	0	0
700	0.02	0.04	0.04	0	0	0.02
800	0.02	0.03	0.03	0	0	0.02
900	0.02	0.03	0.03	0	0	0.02
1000	0.03	0.03	0.03	0	0	0.03
1100	0.02	0.04	0.04	0	0	0.02
1200	0.02	0.04	0.04	0	0	0.02
1300	0.04	0.04	0.04	0	0	0.04
1400	0.03	0.03	0.03	0	0	0.03
1500	0.03	0.03	0.03	0	0	0.03
1600	0.04	0.03	0.03	0	0	0.04
1700	0.05	0.02	0.02	0	0	0.05
1800	0.02	0.02	0.02	0	0	0.02
1900	0.02	0.04	0.04	0	0	0.02
2000	0.03	0.04	0.04	0	0	0.03
2100	0.02	0.05	0.05	0	0	0.02
2200	0.03	0.04	0.04	0	0	0.03
2300	0.03	0.03	0.03	0	0	0.03
2400	0.02	0.04	0.04	0	0	0.02
2500	0.03	0.04	0.04	0	0	0.03
2600	0.02	0.06	0.06	0	0	0.02
2700	0.03	0.05	0.05	0	0	0.03
2800	0.08	0.05	0.05	0	0	0.08
2900	0.09	0.05	0.05	0	0	0.09
3000	0.07	0.04	0.04	0	0	0.07
3100	0.04	0.03	0.03	0	0	0.04
3200	0.05	0.03	0.03	0	0	0.05
3300	0.05	0.02	0.02	0	0	0.05
3400	0.03	0.01	0.01	0	0	0.03
3500	0.03	0.02	0.02	0	0	0.03
3600	0.01	0.01	0.01	0	0	0.01
3700	0.02	0.04	0.04	0	0	0.02
3800	0.04	0.03	0.03	0	0	0.04
3900	0.05	0.03	0.03	0	0	0.05
4000	0.05	0.04	0.04	0	0	0.05
4100	0.06	0.05	0.05	0	0	0.06
4200	0.08	0.08	0.08	0	0	0.08
4300	0.03	0.06	0.06	0	0	0.03
4400	0.02	0.06	0.06	0	0	0.02
4500	0.03	0.06	0.06	0	0	0.03
4600	0.05	0.07	0.07	0	0	0.05
4700	0.03	0.07	0.07	0	0	0.03
4800	0.02	0.09	0.09	0	0	0.02
4900	0.02	0.09	0.09	0	0	0.02
5000	0.03	0.08	0.08	0	0	0.03
5100	0.03	0.08	0.08	0	0	0.03
5200	0.03	0.08	0.08	0	0	0.03
5300	0.03	0.08	0.08	0	0	0.03
5400	0.04	0.09	0.09	0	0	0.04
5500	0.05	0.09	0.09	0	0	0.05
5600	0.05	0.07	0.07	0	0	0.05
5700	0.05	0.08	0.08	0	0	0.05
5800	0.06	0.11	0.11	0	0	0.06
5900	0.06	0.1	0.1	0	0	0.06
6000	0.05	0.1	0.1	0	0	0.05
6100	0.05	0.09	0.09	0	0	0.05
6200	0.04	0.08	0.08	0	0	0.04
6300	0.05	0.07	0.07	0	0	0.05
6400	0.04	0.06	0.06	0	0	0.04
6500	0.05	0.08	0.08	0	0	0.05
6600	0.05	0.09	0.09	0	0	0.05
6700	0.05	0.1	0.1	0	0	0.05
6800	0.07	0.07	0.07	0	0	0.07
6900	0.07	0.07	0.07	0	0	0.07
7000	0.07	0.1	0.1	0	0	0.07
7100	0.07	0.09	0.09	0	0	0.07
7200	0.07	0.08	0.08	0	0	0.07
7300	0.07	0.09	0.09	0	0	0.07
7400	0.06	0.09	0.09	0	0	0.06
7500	0.06	0.08	0.08	0	0	0.06
7600	0.06	0.08	0.08	0	0	0.06
7700	0.06	0.1	0.1	0	0	0.06
7800	0.06	0.11	0.11	0	0	0.06
7900	0.06	0.11	0.11	0	0	0.06
8000	0.05	0.11	0.11	0	0	0.05
8100	0.08	0.11	0.11	0	0	0.08
8200	0.1	0.13	0.13	0	0	0.1
8300	0.11	0.13	0.13	0	0	0.11
8400	0.11	0.14	0.14	0	0	0.11
8500	0.11	0.15	0.15	0	0	0.11
8600	0.1	0.15	0.15	0	0	0.1
8700	0.09	0.17	0.17	0	0	0.09
8800	0.09	0.17	0.17	0	0	0.09
8900	0.1	0.17	0.17	0	0	0.1
9000	0.11	0.2	0.2	0	0	0.11
9100	0.1	0.21	0.21	0	0	0.1
9200	0.11	0.21	0.21	0	0	0.11
9300	0.12	0.19	0.19	0	0	0.12
9400	0.13	0.21	0.21	0	0	0.13
9500	0.12	0.2	0.2	0	0	0.12
9600	0.13	0.21	0.21	0	0	0.13
9700	0.12	0.2	0.2	0	0	0.12
9800	0.14	0.2	0.2	0	0	0.14
9900	0.14	0.2	0.2	0	0	0.14
10000	0.15	0.2	0.2	0	0	0.15
10100	0.15	0.2	0.2	0	0	0.15
10200	0.15	0.2	0.2	0	0	0.15
10300	0.17	0.21	0.21	0	0	0.17
10400	0.17	0.2	0.2	0	0	0.17
10500	0.16	0.2	0.2	0	0	0.16
10600	0.16	0.19	0.19	0	0	0.16
10700	0.18	0.19	0.19	0	0	0.18
10800	0.18	0.18	0.18	0	0	0.18
10900	0.16	0.19	0.19	0	0	0.16
11000	0.14	0.19	0.19	0	0	0.14
11100	0.13	0.21	0.21	0	0	0.13
11200	0.13	0.2	0.2	0	0	0.13
11300	0.13	0.19	0.19	0	0	0.13
11400	0.14	0.19	0.19	0	0	0.14
11500	0.14	0.2	0.2	0	0	0.14
11600	0.14	0.2	0.2	0	0	0.14
11700	0.14	0.2	0.2	0	0	0.14
11800	0.18	0.18	0.18	0	0	0.18
11900	0.16	0.18	0.18	0	0	0.16
12000	0.17	0.19	0.19	0	0	0.17
12100	0.17	0.19	0.19	0	0	0.17
12200	0.18	0.19	0.19	0	0	0.18
12300	0.18	0.19	0.19	0	0	0.18
12400	0.18	0.19	0.19	0	0	0.18
12500	0.19	0.19	0.19	0	0	0.19
12600	0.19	0.19	0.19	0	0	0.19
12700	0.2	0.19	0.19	0	0	0.2
12800	0.21	0.21	0.21	0	0	0.21
12900	0.22	0.2	0.2	0	0	0.22
13000	0.21	0.21	0.21	0	0	0.21
13100	0.22	0.21	0.21	0	0	0.22
13200	0.23	0.22	0.22	0	0	0.23
13300	0.23	0.22	0.22	0	0	0.23
13400	0.24	0.23	0.23	0	0	0.24
13500	0.25	0.23	0.23	0	0	0.25
13600	0.25	0.22	0.22	0	0	0.25
13700	0.25	0.23	0.23	0	0	0.25
13800	0.25	0.23	0.23	0	0	0.25
13900	0.26	0.23	0.23	0	0	0.26
14000	0.27	0.23	0.23	0	0	0.27
14100	0.29	0.23	0.23	0	0	0.29
14200	0.3	0.23	0.23	0	0	0.3
14300	0.3	0.24	0.24	0	0	0.3
14400	0.29	0.24	0.24	0	0	0.29
14500	0.29	0.24	0.24	0	0	0.29
14600	0.29	0.24	0.24	0	0	0.29
14700	0.3	0.24	0.24	0	0	0.3
14800	0.32	0.24	0.24	0	0	0.32
14900	0.32	0.25	0.25	0	0	0.32
15000	0.32	0.25	0.25	0	0	0.32
15100	0.32	0.27	0.27	0	0	0.32
15200	0.33	0.27	0.27	0	0	0.33
15300	0.33	0.27	0.27	0	0	0.33
15400	0.34	0.27	0.27	0	0	0.34
15500	0.34	0.3	0.3	0	0	0.34
15600	0.34	0.29	0.29	0	0	0.34
15700	0.34	0.29	0.29	0	0	0.34
15800	0.34	0.29	0.29	0	0	0.34
15900	0.34	0.28	0.28	0	0	0.34
16000	0.35	0.28	0.28	0	0	0.35
16100	0.35	0.28	0.28	0	0	0.35
16200	0.35	0.29	0.29	0	0	0.35
16300	0.35	0.3	0.3	0	0	0.35
16400	0.35	0.3	0.3	0	0	0.35
16500	0.35	0.32	0.32	0	0	0.35
16600	0.34	0.33	0.33	0	0	0.34
16700	0.34	0.33	0.33	0	0	0.34
16800	0.34	0.31	0.31	0	0	0.34
16900	0.34	0.31	0.31	0	0	0.34
17000	0.34	0.31	0.31	0	0	0.34
17100	0.35	0.31	0.31	0	0	0.35
17200	0.34	0.31	0.31	0	0	0.34
17300	0.35	0.3	0.3	0	0	0.35
17400	0.36	0.31	0.31	0	0	0.36
17500	0.35	0.3	0.3	0	0	0.35
17600	0.35	0.3	0.3	0	0	0.35
17700	0.36	0.3	0.3	0	0	0.36
17800	0.36	0.3	0.3	0	0	0.36
17900	0.37	0.3	0.3	0	0	0.37
18000	0.38	0.3	0.3	0	0	0.38
18100	0.38	0.31	0.31	0	0	0.38
18200	0.38	0.31	0.31	0	0	0.38
18300	0.38	0.32	0.32	0	0	0.38
18400	0.39	0.33	0.33	0	0	0.39
18500	0.4	0.34	0.34	0	0	0.4
18600	0.4	0.36	0.36	0	0	0.4
18700	0.4	0.35	0.35	0	0	0.4
18800	0.39	0.35	0.35	0	0	0.39
18900	0.39	0.35	0.35	0	0	0.39
19000	0.39	0.36	0.36	0	0	0.39
19100	0.39	0.36	0.36	0	0	0.39
19200	0.39	0.36	0.36	0	0	0.39
19300	0.39	0.36	0.36	0	0	0.39
19400	0.4	0.36	0.36	0	0	0.4
19500	0.41	0.36	0.36	0	0	0.41
19600	0.41	0.37	0.37	0	0	0.41
19700	0.41	0.38	0.38	0	0	0.41
19800	0.4	0.38	0.38	0	0	0.4
19900	0.4	0.38	0.38	0	0	0.4
20000	0.4	0.38	0.38	0	0	0.4
20100	0.4	0.38	0.38	0	0	0.4
20200	0.4	0.38	0.38	0	0	0.4
20300	0.4	0.38	0.38	0	0	0.4
20400	0.4	0.39	0.39	0	0	0.4
20500	0.4	0.38	0.38	0	0	0.4
20600	0.4	0.38	0.38	0	0	0.4
20700	0.4	0.38	0.38	0	0	0.4
20800	0.4	0.38	0.38	0	0	0.4
20900	0.4	0.39	0.39	0	0	0.4
21000	0.4	0.39	0.39	0	0	0.4
21100	0.4	0.39	0.39	0	0	0.4
21200	0.4	0.39	0.39	0	0	0.4
21300	0.4	0.39	0.39	0	0	0.4
21400	0.4	0.39	0.39	0	0	0.4
21500	0.4	0.39	0.39	0	0	0.4
21600	0.4	0.4	0.4	0	0	0.4
21700	0.4	0.4	0.4	0	0	0.4
21800	0.4	0.4	0.4	0	0	0.4
21900	0.4	0.4	0.4	0	0	0.4
22000	0.4	0.4	0.4	0	0	0.4
22100	0.4	0.4	0.4	0	0	0.4
22200	0.42	0.4	0.4	0	0	0.42
22300	0.42	0.4	0.4	0	0	0.42
22400	0.42	0.4	0.4	0	0	0.42
22500	0.41	0.4	0.4	0	0	0.41
22600	0.41	0.4	0.4	0	0	0.41
22700	0.41	0.41	0.41	0	0	0.41
22800	0.41	0.41	0.41	0	0	0.41
22900	0.41	0.41	0.41	0	0	0.41
23000	0.41	0.4	0.4	0	0	0.41
23100	0.42	0.4	0.4	0	0	0.42
23200	0.43	0.4	0.4	0	0	0.43
23300	0.43	0.4	0.4	0	0	0.43
23400	0.43	0.4	0.4	0	0	0.43
23500	0.43	0.4	0.4	0	0	0.43
23600	0.43	0.4	0.4	0	0	0.43
23700	0.42	0.4	0.4	0	0	0.42
23800	0.42	0.39	0.39	0	0	0.42
23900	0.42	0.39	0.39	0	0	0.42
24000	0.42	0.39	0.39	0	0	0.42
24100	0.42	0.39	0.39	0	0	0.42
24200	0.42	0.39	0.39	0	0	0.42
24300	0.42	0.39	0.39	0	0	0.42
24400	0.42	0.39	0.39	0	0	0.42
24500	0.42	0.39	0.39	0	0	0.42
24600	0.42	0.39	0.39	0	0	0.42
24700	0.42	0.39	0.39	0	0	0.42
24800	0.42	0.39	0.39	0	0	0.42
24900	0.42	0.39	0.39	0	0	0.42
25000	0.43	0.39	0.39	0	0	0.43
25100	0.43	0.39	0.39	0	0	0.43
25200	0.43	0.39	0.39	0	0	0.43
25300	0.43	0.39	0.39	0	0	0.43
25400	0.43	0.39	0.39	0	0	0.43
25500	0.43	0.4	0.4	0	0	0.43
25600	0.43	0.4	0.4	0	0	0.43
25700	0.43	0.4	0.4	0	0	0.43
25800	0.43	0.4	0.4	0	0	0.43
25900	0.43	0.4	0.4	0	0	0.43
26000	0.44	0.4	0.4	0	0	0.44
26100	0.44	0.39	0.39	0	0	0.44
26200	0.44	0.39	0.39	0	0	0.44
26300	0.44	0.39	0.39	0	0	0.44
26400	0.44	0.39	0.39	0	0	0.44
26500	0.44	0.39	0.39	0	0	0.44
26600	0.44	0.4	0.4	0	0	0.44
26700	0.45	0.4	0.4	0	0	0.45
26800	0.45	0.4	0.4	0	0	0.45
26900	0.44	0.4	0.4	0	0	0.44
27000	0.44	0.4	0.4	0	0	0.44
27100	0.43	0.4	0.4	0	0	0.43
27200	0.43	0.42	0.42	0	0	0.43
27300	0.43	0.41	0.41	0	0	0.43
27400	0.43	0.41	0.41	0	0	0.43
27500	0.43	0.42	0.42	0	0	0.43
27600	0.43	0.42	0.42	0	0	0.43
27700	0.43	0.42	0.42	0	0	0.43
27800	0.43	0.42	0.42	0	0	0.43
27900	0.43	0.42	0.42	0	0	0.43
28000	0.43	0.43	0.43	0	0	0.43
28100	0.43	0.44	0.44	0	0	0.43
28200	0.43	0.44	0.44	0	0	0.43
28300	0.43	0.44	0.44	0	0	0.43
28400	0.43	0.43	0.43	0	0	0.43
28500	0.43	0.43	0.43	0	0	0.43
28600	0.43	0.43	0.43	0	0	0.43
28700	0.43	0.44	0.44	0	0	0.43
28800	0.43	0.44	0.44	0	0	0.43
28900	0.43	0.44	0.44	0	0	0.43
29000	0.43	0.43	0.43	0	0	0.43
29100	0.43	0.43	0.43	0	0	0.43
29200	0.43	0.43	0.43	0	0	0.43
29300	0.43	0.43	0.43	0	0	0.43
29400	0.43	0.43	0.43	0	0	0.43
29500	0.43	0.43	0.43	0	0	0.43
29600	0.43	0.43	0.43	0	0	0.43
29700	0.43	0.44	0.44	0	0	0.43
29800	0.43	0.44	0.44	0	0	0.43
29900	0.43	0.45	0.45	0	0	0.43
30000	0.43	0.45	0.45	0	0	0.43
30100	0.43	0.45	0.45	0	0	0.43
30200	0.43	0.45	0.45	0	0	0.43
30300	0.43	0.45	0.45	0	0	0.43
30400	0.43	0.44	0.44	0	0	0.43
30500	0.43	0.44	0.44	0	0	0.43
30600	0.43	0.44	0.44	0	0	0.43
30700	0.43	0.44	0.44	0	0	0.43
30800	0.44	0.44	0.44	0	0	0.44
30900	0.45	0.44	0.44	0	0	0.45
31000	0.45	0.44	0.44	0	0	0.45
31100	0.45	0.44	0.44	0	0	0.45
31200	0.45	0.44	0.44	0	0	0.45
31300	0.46	0.44	0.44	0	0	0.46
31400	0.46	0.44	0.44	0	0	0.46
31500	0.46	0.44	0.44	0	0	0.46
31600	0.46	0.44	0.44	0	0	0.46
31700	0.46	0.44	0.44	0	0	0.46
31800	0.46	0.44	0.44	0	0	0.46
31900	0.46	0.44	0.44	0	0	0.46
32000	0.46	0.44	0.44	0	0	0.46
32100	0.45	0.44	0.44	0	0	0.45
32200	0.46	0.44	0.44	0	0	0.46
32300	0.46	0.44	0.44	0	0	0.46
32400	0.46	0.44	0.44	0	0	0.46
32500	0.46	0.44	0.44	0	0	0.46
32600	0.46	0.44	0.44	0	0	0.46
32700	0.46	0.44	0.44	0	0	0.46
32800	0.46	0.44	0.44	0	0	0.46
32900	0.46	0.44	0.44	0	0	0.46
33000	0.46	0.44	0.44	0	0	0.46
33100	0.46	0.44	0.44	0	0	0.46
33200	0.47	0.43	0.43	0	0	0.47
33300	0.47	0.43	0.43	0	0	0.47
33400	0.47	0.43	0.43	0	0	0.47
33500	0.47	0.43	0.43	0	0	0.47
33600	0.47	0.43	0.43	0	0	0.47
33700	0.47	0.43	0.43	0	0	0.47
33800	0.47	0.43	0.43	0	0	0.47
33900	0.47	0.43	0.43	0	0	0.47
34000	0.46	0.43	0.43	0	0	0.46
34100	0.46	0.44	0.44	0	0	0.46
34200	0.46	0.44	0.44	0	0	0.46
34300	0.46	0.44	0.44	0	0	0.46
34400	0.46	0.44	0.44	0	0	0.46
34500	0.46	0.44	0.44	0	0	0.46
34600	0.46	0.44	0.44	0	0	0.46
34700	0.46	0.44	0.44	0	0	0.46
34800	0.46	0.44	0.44	0	0	0.46
34900	0.46	0.44	0.44	0	0	0.46
35000	0.46	0.44	0.44	0	0	0.46
35100	0.46	0.44	0.44	0	0	0.46
35200	0.46	0.44	0.44	0	0	0.46
35300	0.46	0.44	0.44	0	0	0.46
35400	0.46	0.44	0.44	0	0	0.46
35500	0.46	0.44	0.44	0	0	0.46
35600	0.46	0.45	0.45	0	0	0.46
35700	0.46	0.45	0.45	0	0	0.46
35800	0.45	0.45	0.45	0	0	0.45
35900	0.45	0.45	0.45	0	0	0.45
36000	0.46	0.45	0.45	0	0	0.46
36100	0.46	0.45	0.45	0	0	0.46
36200	0.46	0.45	0.45	0	0	0.46
36300	0.46	0.45	0.45	0	0	0.46
36400	0.46	0.45	0.45	0	0	0.46
36500	0.46	0.45	0.45	0	0	0.46
36600	0.46	0.45	0.45	0	0	0.46
36700	0.46	0.45	0.45	0	0	0.46
36800	0.46	0.45	0.45	0	0	0.46
36900	0.46	0.45	0.45	0	0	0.46
37000	0.46	0.45	0.45	0	0	0.46
37100	0.46	0.45	0.45	0	0	0.46
37200	0.46	0.45	0.45	0	0	0.46
37300	0.46	0.45	0.45	0	0	0.46
37400	0.46	0.45	0.45	0	0	0.46
37500	0.46	0.45	0.45	0	0	0.46
37600	0.46	0.45	0.45	0	0	0.46
37700	0.46	0.45	0.45	0	0	0.46
37800	0.46	0.45	0.45	0	0	0.46
37900	0.46	0.45	0.45	0	0	0.46
38000	0.47	0.45	0.45	0	0	0.47
38100	0.47	0.45	0.45	0	0	0.47
38200	0.47	0.45	0.45	0	0	0.47
38300	0.48	0.45	0.45	0	0	0.48
38400	0.48	0.45	0.45	0	0	0.48
38500	0.48	0.45	0.45	0	0	0.48
38600	0.48	0.45	0.45	0	0	0.48
38700	0.48	0.45	0.45	0	0	0.48
38800	0.48	0.45	0.45	0	0	0.48
38900	0.48	0.45	0.45	0	0	0.48
39000	0.48	0.45	0.45	0	0	0.48
39100	0.48	0.45	0.45	0	0	0.48
39200	0.48	0.45	0.45	0	0	0.48
39300	0.49	0.45	0.45	0	0	0.49
39400	0.49	0.45	0.45	0	0	0.49
39500	0.49	0.45	0.45	0	0	0.49
39600	0.49	0.45	0.45	0	0	0.49
39700	0.49	0.45	0.45	0	0	0.49
39800	0.49	0.45	0.45	0	0	0.49
39900	0.49	0.45	0.45	0	0	0.49
40000	0.49	0.45	0.45	0	0	0.49
40100	0.49	0.46	0.46	0	0	0.49
40200	0.49	0.46	0.46	0	0	0.49
40300	0.49	0.46	0.46	0	0	0.49
40400	0.49	0.46	0.46	0	0	0.49
40500	0.49	0.45	0.45	0	0	0.49
40600	0.5	0.45	0.45	0	0	0.5
40700	0.5	0.45	0.45	0	0	0.5
40800	0.5	0.45	0.45	0	0	0.5
40900	0.51	0.45	0.45	0	0	0.51
41000	0.51	0.45	0.45	0	0	0.51
41100	0.51	0.45	0.45	0	0	0.51
41200	0.51	0.45	0.45	0	0	0.51
41300	0.51	0.45	0.45	0	0	0.51
41400	0.51	0.45	0.45	0	0	0.51
41500	0.51	0.46	0.46	0	0	0.51
41600	0.51	0.45	0.45	0	0	0.51
41700	0.51	0.45	0.45	0	0	0.51
41800	0.51	0.45	0.45	0	0	0.51
41900	0.51	0.45	0.45	0	0	0.51
42000	0.51	0.45	0.45	0	0	0.51
42100	0.51	0.45	0.45	0	0	0.51
42200	0.51	0.45	0.45	0	0	0.51
42300	0.51	0.45	0.45	0	0	0.51
42400	0.51	0.45	0.45	0	0	0.51
42500	0.51	0.45	0.45	0	0	0.51
42600	0.51	0.46	0.46	0	0	0.51
42700	0.51	0.46	0.46	0	0	0.51
42800	0.51	0.46	0.46	0	0	0.51
42900	0.51	0.46	0.46	0	0	0.51
43000	0.51	0.46	0.46	0	0	0.51
43100	0.51	0.46	0.46	0	0	0.51
43200	0.51	0.46	0.46	0	0	0.51
43300	0.51	0.46	0.46	0	0	0.51
43400	0.5	0.46	0.46	0	0	0.5
43500	0.5	0.46	0.46	0	0	0.5
43600	0.5	0.46	0.46	0	0	0.5
43700	0.5	0.46	0.46	0	0	0.5
43800	0.5	0.46	0.46	0	0	0.5
43900	0.51	0.46	0.46	0	0	0.51
44000	0.51	0.46	0.46	0	0	0.51
44100	0.5	0.46	0.46	0	0	0.5
44200	0.5	0.46	0.46	0	0	0.5
44300	0.5	0.46	0.46	0	0	0.5
44400	0.5	0.44	0.44	0	0	0.5
44500	0.5	0.44	0.44	0	0	0.5
44600	0.5	0.44	0.44	0	0	0.5
44700	0.5	0.44	0.44	0	0	0.5
44800	0.5	0.44	0.44	0	0	0.5
44900	0.5	0.44	0.44	0	0	0.5
45000	0.5	0.44	0.44	0	0	0.5
45100	0.5	0.44	0.44	0	0	0.5
45200	0.5	0.44	0.44	0	0	0.5
45300	0.5	0.44	0.44	0	0	0.5
45400	0.5	0.44	0.44	0	0	0.5
45500	0.5	0.44	0.44	0	0	0.5
45600	0.5	0.44	0.44	0	0	0.5
45700	0.5	0.44	0.44	0	0	0.5
45800	0.5	0.44	0.44	0	0	0.5
45900	0.5	0.44	0.44	0	0	0.5
46000	0.5	0.43	0.43	0	0	0.5
46100	0.5	0.44	0.44	0	0	0.5
46200	0.5	0.44	0.44	0	0	0.5
46300	0.5	0.44	0.44	0	0	0.5
46400	0.5	0.44	0.44	0	0	0.5
46500	0.5	0.44	0.44	0	0	0.5
46600	0.5	0.44	0.44	0	0	0.5
46700	0.5	0.44	0.44	0	0	0.5
46800	0.5	0.44	0.44	0	0	0.5
46900	0.5	0.45	0.45	0	0	0.5
47000	0.5	0.45	0.45	0	0	0.5
47100	0.5	0.45	0.45	0	0	0.5
47200	0.5	0.45	0.45	0	0	0.5
47300	0.5	0.45	0.45	0	0	0.5
47400	0.5	0.45	0.45	0	0	0.5
47500	0.5	0.45	0.45	0	0	0.5
47600	0.5	0.45	0.45	0	0	0.5
47700	0.5	0.45	0.45	0	0	0.5
47800	0.5	0.45	0.45	0	0	0.5
47900	0.5	0.45	0.45	0	0	0.5
48000	0.5	0.45	0.45	0	0	0.5
48100	0.5	0.45	0.45	0	0	0.5
48200	0.5	0.45	0.45	0	0	0.5
48300	0.5	0.46	0.46	0	0	0.5
48400	0.5	0.46	0.46	0	0	0.5
48500	0.5	0.46	0.46	0	0	0.5
48600	0.5	0.46	0.46	0	0	0.5
48700	0.5	0.45	0.45	0	0	0.5
48800	0.5	0.45	0.45	0	0	0.5
48900	0.5	0.45	0.45	0	0	0.5
49000	0.5	0.45	0.45	0	0	0.5
49100	0.5	0.45	0.45	0	0	0.5
49200	0.5	0.46	0.46	0	0	0.5
49300	0.5	0.46	0.46	0	0	0.5
49400	0.5	0.46	0.46	0	0	0.5
49500	0.5	0.47	0.47	0	0	0.5
49600	0.5	0.47	0.47	0	0	0.5
49700	0.5	0.47	0.47	0	0	0.5
49800	0.5	0.47	0.47	0	0	0.5
49900	0.5	0.47	0.47	0	0	0.5
50000	0.5	0.47	0.47	0	0	0.5
50100	0.5	0.47	0.47	0	0	0.5
50200	0.5	0.47	0.47	0	0	0.5
50300	0.5	0.47	0.47	0	0	0.5
50400	0.5	0.47	0.47	0	0	0.5
50500	0.5	0.47	0.47	0	0	0.5
50600	0.5	0.47	0.47	0	0	0.5
50700	0.5	0.47	0.47	0	0	0.5
50800	0.5	0.47	0.47	0	0	0.5
50900	0.5	0.47	0.47	0	0	0.5
51000	0.5	0.47	0.47	0	0	0.5
51100	0.5	0.47	0.47	0	0	0.5
51200	0.5	0.47	0.47	0	0	0.5
51300	0.5	0.47	0.47	0	0	0.5
51400	0.5	0.47	0.47	0	0	0.5
51500	0.5	0.47	0.47	0	0	0.5
51600	0.5	0.47	0.47	0	0	0.5
51700	0.5	0.47	0.47	0	0	0.5
51800	0.5	0.47	0.47	0	0	0.5
51900	0.5	0.47	0.47	0	0	0.5
52000	0.5	0.47	0.47	0	0	0.5
52100	0.5	0.47	0.47	0	0	0.5
52200	0.51	0.47	0.47	0	0	0.51
52300	0.51	0.47	0.47	0	0	0.51
52400	0.5	0.47	0.47	0	0	0.5
52500	0.5	0.47	0.47	0	0	0.5
52600	0.5	0.47	0.47	0	0	0.5
52700	0.5	0.47	0.47	0	0	0.5
52800	0.5	0.47	0.47	0	0	0.5
52900	0.5	0.48	0.48	0	0	0.5
53000	0.5	0.48	0.48	0	0	0.5
53100	0.5	0.47	0.47	0	0	0.5
53200	0.5	0.47	0.47	0	0	0.5
53300	0.5	0.47	0.47	0	0	0.5
53400	0.5	0.47	0.47	0	0	0.5
53500	0.5	0.47	0.47	0	0	0.5
53600	0.5	0.47	0.47	0	0	0.5
53700	0.5	0.47	0.47	0	0	0.5
53800	0.5	0.47	0.47	0	0	0.5
53900	0.5	0.47	0.47	0	0	0.5
54000	0.5	0.47	0.47	0	0	0.5
54100	0.5	0.47	0.47	0	0	0.5
54200	0.5	0.47	0.47	0	0	0.5
54300	0.5	0.47	0.47	0	0	0.5
54400	0.5	0.47	0.47	0	0	0.5
54500	0.5	0.47	0.47	0	0	0.5
54600	0.5	0.47	0.47	0	0	0.5
54700	0.5	0.47	0.47	0	0	0.5
54800	0.5	0.47	0.47	0	0	0.5
54900	0.5	0.47	0.47	0	0	0.5
55000	0.5	0.47	0.47	0	0	0.5
55100	0.5	0.47	0.47	0	0	0.5
55200	0.5	0.47	0.47	0	0	0.5
55300	0.5	0.47	0.47	0	0	0.5
55400	0.5	0.47	0.47	0	0	0.5
55500	0.5	0.47	0.47	0	0	0.5
55600	0.5	0.47	0.47	0	0	0.5
55700	0.5	0.47	0.47	0	0	0.5
55800	0.5	0.47	0.47	0	0	0.5
55900	0.5	0.47	0.47	0	0	0.5
56000	0.5	0.47	0.47	0	0	0.5
56100	0.5	0.47	0.47	0	0	0.5
56200	0.5	0.47	0.47	0	0	0.5
56300	0.5	0.47	0.47	0	0	0.5
56400	0.5	0.47	0.47	0	0	0.5
56500	0.5	0.47	0.47	0	0	0.5
56600	0.5	0.47	0.47	0	0	0.5
56700	0.5	0.47	0.47	0	0	0.5
56800	0.5	0.47	0.47	0	0	0.5
56900	0.5	0.47	0.47	0	0	0.5
57000	0.5	0.47	0.47	0	0	0.5
57100	0.5	0.47	0.47	0	0	0.5
57200	0.5	0.47	0.47	0	0	0.5
57300	0.5	0.46	0.46	0	0	0.5
57400	0.5	0.46	0.46	0	0	0.5
57500	0.5	0.46	0.46	0	0	0.5
57600	0.5	0.46	0.46	0	0	0.5
57700	0.5	0.46	0.46	0	0	0.5
57800	0.49	0.46	0.46	0	0	0.49
57900	0.49	0.46	0.46	0	0	0.49
58000	0.49	0.46	0.46	0	0	0.49
58100	0.49	0.46	0.46	0	0	0.49
58200	0.49	0.46	0.46	0	0	0.49
58300	0.49	0.47	0.47	0	0	0.49
58400	0.49	0.47	0.47	0	0	0.49
58500	0.49	0.47	0.47	0	0	0.49
58600	0.49	0.47	0.47	0	0	0.49
58700	0.49	0.47	0.47	0	0	0.49
58800	0.49	0.47	0.47	0	0	0.49
58900	0.5	0.47	0.47	0	0	0.5
59000	0.5	0.47	0.47	0	0	0.5
59100	0.5	0.47	0.47	0	0	0.5
59200	0.5	0.47	0.47	0	0	0.5
59300	0.5	0.47	0.47	0	0	0.5
59400	0.5	0.47	0.47	0	0	0.5
59500	0.5	0.47	0.47	0	0	0.5
59600	0.5	0.47	0.47	0	0	0.5
59700	0.5	0.47	0.47	0	0	0.5
59800	0.5	0.47	0.47	0	0	0.5
59900	0.5	0.47	0.47	0	0	0.5
60000	0.5	0.47	0.47	0	0	0.5
60100	0.5	0.47	0.47	0	0	0.5
60200	0.5	0.47	0.47	0	0	0.5
60300	0.5	0.47	0.47	0	0	0.5
60400	0.5	0.47	0.47	0	0	0.5
60500	0.51	0.47	0.47	0	0	0.51
60600	0.51	0.47	0.47	0	0	0.51
60700	0.51	0.47	0.47	0	0	0.51
60800	0.51	0.47	0.47	0	0	0.51
60900	0.51	0.47	0.47	0	0	0.51
61000	0.51	0.47	0.47	0	0	0.51
61100	0.51	0.47	0.47	0	0	0.51
61200	0.51	0.47	0.47	0	0	0.51
61300	0.51	0.47	0.47	0	0	0.51
61400	0.51	0.47	0.47	0	0	0.51
61500	0.51	0.47	0.47	0	0	0.51
61600	0.51	0.47	0.47	0	0	0.51
61700	0.51	0.47	0.47	0	0	0.51
61800	0.51	0.47	0.47	0	0	0.51
61900	0.51	0.47	0.47	0	0	0.51
62000	0.51	0.47	0.47	0	0	0.51
62100	0.51	0.47	0.47	0	0	0.51
62200	0.51	0.47	0.47	0	0	0.51
62300	0.51	0.47	0.47	0	0	0.51
62400	0.51	0.47	0.47	0	0	0.51
62500	0.51	0.47	0.47	0	0	0.51
62600	0.51	0.47	0.47	0	0	0.51
62700	0.51	0.47	0.47	0	0	0.51
62800	0.51	0.47	0.47	0	0	0.51
62900	0.51	0.47	0.47	0	0	0.51
63000	0.5	0.47	0.47	0	0	0.5
63100	0.5	0.47	0.47	0	0	0.5
63200	0.5	0.47	0.47	0	0	0.5
63300	0.5	0.47	0.47	0	0	0.5
63400	0.5	0.47	0.47	0	0	0.5
63500	0.5	0.47	0.47	0	0	0.5
63600	0.5	0.47	0.47	0	0	0.5
63700	0.5	0.47	0.47	0	0	0.5
63800	0.5	0.47	0.47	0	0	0.5
63900	0.5	0.47	0.47	0	0	0.5
64000	0.5	0.47	0.47	0	0	0.5
64100	0.5	0.47	0.47	0	0	0.5
64200	0.5	0.47	0.47	0	0	0.5
64300	0.5	0.47	0.47	0	0	0.5
64400	0.5	0.47	0.47	0	0	0.5
64500	0.5	0.47	0.47	0	0	0.5
64600	0.5	0.47	0.47	0	0	0.5
64700	0.5	0.47	0.47	0	0	0.5
64800	0.5	0.47	0.47	0	0	0.5
64900	0.5	0.47	0.47	0	0	0.5
65000	0.5	0.47	0.47	0	0	0.5
65100	0.5	0.47	0.47	0	0	0.5
65200	0.5	0.47	0.47	0	0	0.5
65300	0.5	0.47	0.47	0	0	0.5
65400	0.5	0.47	0.47	0	0	0.5
65500	0.5	0.47	0.47	0	0	0.5
65600	0.5	0.47	0.47	0	0	0.5
65700	0.5	0.47	0.47	0	0	0.5
65800	0.5	0.47	0.47	0	0	0.5
65900	0.5	0.47	0.47	0	0	0.5
66000	0.5	0.47	0.47	0	0	0.5
66100	0.5	0.47	0.47	0	0	0.5
66200	0.5	0.47	0.47	0	0	0.5
66300	0.5	0.47	0.47	0	0	0.5
66400	0.5	0.47	0.47	0	0	0.5
66500	0.5	0.47	0.47	0	0	0.5
66600	0.5	0.47	0.47	0	0	0.5
66700	0.5	0.47	0.47	0	0	0.5
66800	0.5	0.47	0.47	0	0	0.5
66900	0.5	0.48	0.48	0	0	0.5
67000	0.51	0.48	0.48	0	0	0.51
67100	0.51	0.48	0.48	0	0	0.51
67200	0.51	0.48	0.48	0	0	0.51
67300	0.51	0.48	0.48	0	0	0.51
67400	0.51	0.48	0.48	0	0	0.51
67500	0.51	0.48	0.48	0	0	0.51
67600	0.51	0.48	0.48	0	0	0.51
67700	0.51	0.48	0.48	0	0	0.51
67800	0.51	0.48	0.48	0	0	0.51
67900	0.51	0.48	0.48	0	0	0.51
68000	0.51	0.48	0.48	0	0	0.51
68100	0.51	0.48	0.48	0	0	0.51
68200	0.51	0.48	0.48	0	0	0.51
68300	0.51	0.48	0.48	0	0	0.51
68400	0.51	0.48	0.48	0	0	0.51
68500	0.51	0.48	0.48	0	0	0.51
68600	0.51	0.48	0.48	0	0	0.51
68700	0.51	0.48	0.48	0	0	0.51
68800	0.51	0.48	0.48	0	0	0.51
68900	0.51	0.48	0.48	0	0	0.51
69000	0.51	0.48	0.48	0	0	0.51
69100	0.51	0.48	0.48	0	0	0.51
69200	0.51	0.48	0.48	0	0	0.51
69300	0.51	0.48	0.48	0	0	0.51
69400	0.51	0.48	0.48	0	0	0.51
69500	0.51	0.48	0.48	0	0	0.51
69600	0.51	0.48	0.48	0	0	0.51
69700	0.51	0.48	0.48	0	0	0.51
69800	0.51	0.48	0.48	0	0	0.51
69900	0.51	0.48	0.48	0	0	0.51
70000	0.51	0.48	0.48	0	0	0.51
70100	0.51	0.48	0.48	0	0	0.51
70200	0.51	0.48	0.48	0	0	0.51
70300	0.51	0.48	0.48	0	0	0.51
70400	0.51	0.48	0.48	0	0	0.51
70500	0.51	0.48	0.48	0	0	0.51
70600	0.51	0.48	0.48	0	0	0.51
70700	0.51	0.48	0.48	0	0	0.51
70800	0.51	0.48	0.48	0	0	0.51
70900	0.51	0.48	0.48	0	0	0.51
71000	0.51	0.48	0.48	0	0	0.51
71100	0.51	0.48	0.48	0	0	0.51
71200	0.51	0.48	0.48	0	0	0.51
71300	0.51	0.48	0.48	0	0	0.51
71400	0.51	0.48	0.48	0	0	0.51
71500	0.51	0.48	0.48	0	0	0.51
71600	0.51	0.48	0.48	0	0	0.51
71700	0.51	0.48	0.48	0	0	0.51
71800	0.51	0.48	0.48	0	0	0.51
71900	0.51	0.48	0.48	0	0	0.51
72000	0.51	0.48	0.48	0	0	0.51
72100	0.51	0.48	0.48	0	0	0.51
72200	0.51	0.48	0.48	0	0	0.51
72300	0.51	0.48	0.48	0	0	0.51
72400	0.51	0.48	0.48	0	0	0.51
72500	0.51	0.48	0.48	0	0	0.51
72600	0.51	0.48	0.48	0	0	0.51
72700	0.51	0.48	0.48	0	0	0.51
72800	0.51	0.48	0.48	0	0	0.51
72900	0.51	0.48	0.48	0	0	0.51
73000	0.51	0.48	0.48	0	0	0.51
73100	0.51	0.48	0.48	0	0	0.51
73200	0.51	0.48	0.48	0	0	0.51
73300	0.51	0.48	0.48	0	0	0.51
73400	0.51	0.48	0.48	0	0	0.51
73500	0.51	0.48	0.48	0	0	0.51
73600	0.51	0.48	0.48	0	0	0.51
73700	0.51	0.48	0.48	0	0	0.51
73800	0.51	0.48	0.48	0	0	0.51
73900	0.5	0.48	0.48	0	0	0.5
74000	0.5	0.48	0.48	0	0	0.5
74100	0.5	0.48	0.48	0	0	0.5
74200	0.5	0.48	0.48	0	0	0.5
74300	0.5	0.48	0.48	0	0	0.5
74400	0.5	0.48	0.48	0	0	0.5
74500	0.5	0.48	0.48	0	0	0.5
74600	0.5	0.48	0.48	0	0	0.5
74700	0.5	0.48	0.48	0	0	0.5
74800	0.5	0.48	0.48	0	0	0.5
74900	0.5	0.48	0.48	0	0	0.5
75000	0.5	0.48	0.48	0	0	0.5
75100	0.5	0.48	0.48	0	0	0.5
75200	0.5	0.48	0.48	0	0	0.5
75300	0.5	0.48	0.48	0	0	0.5
75400	0.5	0.48	0.48	0	0	0.5
75500	0.5	0.48	0.48	0	0	0.5
75600	0.5	0.48	0.48	0	0	0.5
75700	0.5	0.48	0.48	0	0	0.5
75800	0.5	0.48	0.48	0	0	0.5
75900	0.5	0.48	0.48	0	0	0.5
76000	0.5	0.48	0.48	0	0	0.5
76100	0.5	0.48	0.48	0	0	0.5
76200	0.5	0.47	0.47	0	0	0.5
76300	0.5	0.47	0.47	0	0	0.5
76400	0.5	0.47	0.47	0	0	0.5
76500	0.51	0.47	0.47	0	0	0.51
76600	0.51	0.47	0.47	0	0	0.51
76700	0.51	0.47	0.47	0	0	0.51
76800	0.51	0.47	0.47	0	0	0.51
76900	0.51	0.47	0.47	0	0	0.51
77000	0.51	0.47	0.47	0	0	0.51
77100	0.51	0.47	0.47	0	0	0.51
77200	0.51	0.47	0.47	0	0	0.51
77300	0.52	0.47	0.47	0	0	0.52
77400	0.52	0.47	0.47	0	0	0.52
77500	0.52	0.47	0.47	0	0	0.52
77600	0.52	0.47	0.47	0	0	0.52
77700	0.52	0.47	0.47	0	0	0.52
77800	0.52	0.47	0.47	0	0	0.52
77900	0.52	0.47	0.47	0	0	0.52
78000	0.52	0.47	0.47	0	0	0.52
78100	0.52	0.47	0.47	0	0	0.52
78200	0.52	0.47	0.47	0	0	0.52
78300	0.52	0.47	0.47	0	0	0.52
78400	0.52	0.47	0.47	0	0	0.52
78500	0.52	0.47	0.47	0	0	0.52
78600	0.52	0.47	0.47	0	0	0.52
78700	0.52	0.47	0.47	0	0	0.52
78800	0.52	0.47	0.47	0	0	0.52
78900	0.52	0.47	0.47	0	0	0.52
79000	0.52	0.47	0.47	0	0	0.52
79100	0.52	0.47	0.47	0	0	0.52
79200	0.52	0.47	0.47	0	0	0.52
79300	0.52	0.47	0.47	0	0	0.52
79400	0.52	0.47	0.47	0	0	0.52
79500	0.52	0.47	0.47	0	0	0.52
79600	0.52	0.47	0.47	0	0	0.52
79700	0.52	0.47	0.47	0	0	0.52
79800	0.52	0.47	0.47	0	0	0.52
79900	0.52	0.47	0.47	0	0	0.52
80000	0.52	0.47	0.47	0	0	0.52
80100	0.52	0.47	0.47	0	0	0.52
80200	0.52	0.47	0.47	0	0	0.52
80300	0.52	0.47	0.47	0	0	0.52
80400	0.52	0.47	0.47	0	0	0.52
80500	0.52	0.47	0.47	0	0	0.52
80600	0.52	0.47	0.47	0	0	0.52
80700	0.52	0.47	0.47	0	0	0.52
80800	0.52	0.47	0.47	0	0	0.52
80900	0.52	0.47	0.47	0	0	0.52
81000	0.52	0.47	0.47	0	0	0.52
81100	0.52	0.47	0.47	0	0	0.52
81200	0.52	0.47	0.47	0	0	0.52
81300	0.52	0.47	0.47	0	0	0.52
81400	0.52	0.47	0.47	0	0	0.52
81500	0.52	0.47	0.47	0	0	0.52
81600	0.52	0.47	0.47	0	0	0.52
81700	0.52	0.47	0.47	0	0	0.52
81800	0.52	0.47	0.47	0	0	0.52
81900	0.52	0.47	0.47	0	0	0.52
82000	0.52	0.47	0.47	0	0	0.52
82100	0.52	0.47	0.47	0	0	0.52
82200	0.52	0.47	0.47	0	0	0.52
82300	0.52	0.47	0.47	0	0	0.52
82400	0.52	0.47	0.47	0	0	0.52
82500	0.52	0.47	0.47	0	0	0.52
82600	0.52	0.47	0.47	0	0	0.52
82700	0.52	0.47	0.47	0	0	0.52
82800	0.52	0.47	0.47	0	0	0.52
82900	0.52	0.47	0.47	0	0	0.52
83000	0.52	0.47	0.47	0	0	0.52
83100	0.52	0.47	0.47	0	0	0.52
83200	0.52	0.47	0.47	0	0	0.52
83300	0.52	0.47	0.47	0	0	0.52
83400	0.52	0.47	0.47	0	0	0.52
83500	0.52	0.47	0.47	0	0	0.52
83600	0.52	0.47	0.47	0	0	0.52
83700	0.52	0.47	0.47	0	0	0.52
83800	0.52	0.47	0.47	0	0	0.52
83900	0.52	0.47	0.47	0	0	0.52
84000	0.52	0.47	0.47	0	0	0.52
84100	0.52	0.47	0.47	0	0	0.52
84200	0.51	0.47	0.47	0	0	0.51
84300	0.51	0.47	0.47	0	0	0.51
84400	0.51	0.47	0.47	0	0	0.51
84500	0.51	0.47	0.47	0	0	0.51
84600	0.51	0.47	0.47	0	0	0.51
84700	0.51	0.47	0.47	0	0	0.51
84800	0.51	0.47	0.47	0	0	0.51
84900	0.51	0.47	0.47	0	0	0.51
85000	0.51	0.47	0.47	0	0	0.51
85100	0.51	0.47	0.47	0	0	0.51
85200	0.51	0.47	0.47	0	0	0.51
85300	0.51	0.47	0.47	0	0	0.51
85400	0.51	0.47	0.47	0	0	0.51
85500	0.51	0.47	0.47	0	0	0.51
85600	0.51	0.47	0.47	0	0	0.51
85700	0.51	0.47	0.47	0	0	0.51
85800	0.51	0.47	0.47	0	0	0.51
85900	0.52	0.47	0.47	0	0	0.52
86000	0.52	0.47	0.47	0	0	0.52
86100	0.52	0.47	0.47	0	0	0.52
86200	0.52	0.47	0.47	0	0	0.52
86300	0.52	0.47	0.47	0	0	0.52
86400	0.52	0.47	0.47	0	0	0.52
86500	0.52	0.47	0.47	0	0	0.52
86600	0.52	0.47	0.47	0	0	0.52
86700	0.52	0.47	0.47	0	0	0.52
86800	0.52	0.46	0.46	0	0	0.52
86900	0.52	0.46	0.46	0	0	0.52
87000	0.52	0.46	0.46	0	0	0.52
87100	0.52	0.46	0.46	0	0	0.52
87200	0.52	0.46	0.46	0	0	0.52
87300	0.52	0.46	0.46	0	0	0.52
87400	0.52	0.46	0.46	0	0	0.52
87500	0.52	0.46	0.46	0	0	0.52
87600	0.52	0.46	0.46	0	0	0.52
87700	0.52	0.46	0.46	0	0	0.52
87800	0.52	0.46	0.46	0	0	0.52
87900	0.52	0.46	0.46	0	0	0.52
88000	0.52	0.46	0.46	0	0	0.52
88100	0.52	0.46	0.46	0	0	0.52
88200	0.52	0.46	0.46	0	0	0.52
88300	0.52	0.46	0.46	0	0	0.52
88400	0.52	0.47	0.47	0	0	0.52
88500	0.52	0.47	0.47	0	0	0.52
88600	0.52	0.47	0.47	0	0	0.52
88700	0.52	0.46	0.46	0	0	0.52
88800	0.52	0.46	0.46	0	0	0.52
88900	0.52	0.46	0.46	0	0	0.52
89000	0.52	0.46	0.46	0	0	0.52
89100	0.52	0.46	0.46	0	0	0.52
89200	0.52	0.47	0.47	0	0	0.52
89300	0.52	0.47	0.47	0	0	0.52
89400	0.52	0.46	0.46	0	0	0.52
89500	0.52	0.46	0.46	0	0	0.52
89600	0.52	0.46	0.46	0	0	0.52
89700	0.52	0.46	0.46	0	0	0.52
89800	0.52	0.46	0.46	0	0	0.52
89900	0.52	0.46	0.46	0	0	0.52
90000	0.52	0.46	0.46	0	0	0.52
90100	0.52	0.46	0.46	0	0	0.52
90200	0.52	0.46	0.46	0	0	0.52
90300	0.52	0.46	0.46	0	0	0.52
90400	0.51	0.46	0.46	0	0	0.51
90500	0.51	0.46	0.46	0	0	0.51
90600	0.51	0.46	0.46	0	0	0.51
90700	0.51	0.46	0.46	0	0	0.51
90800	0.51	0.46	0.46	0	0	0.51
90900	0.51	0.46	0.46	0	0	0.51
91000	0.51	0.46	0.46	0	0	0.51
91100	0.51	0.46	0.46	0	0	0.51
91200	0.51	0.46	0.46	0	0	0.51
91300	0.51	0.46	0.46	0	0	0.51
91400	0.51	0.46	0.46	0	0	0.51
91500	0.51	0.46	0.46	0	0	0.51
91600	0.51	0.46	0.46	0	0	0.51
91700	0.51	0.46	0.46	0	0	0.51
91800	0.51	0.46	0.46	0	0	0.51
91900	0.51	0.46	0.46	0	0	0.51
92000	0.51	0.46	0.46	0	0	0.51
92100	0.51	0.46	0.46	0	0	0.51
92200	0.51	0.46	0.46	0	0	0.51
92300	0.51	0.46	0.46	0	0	0.51
92400	0.51	0.46	0.46	0	0	0.51
92500	0.51	0.46	0.46	0	0	0.51
92600	0.51	0.46	0.46	0	0	0.51
92700	0.51	0.46	0.46	0	0	0.51
92800	0.51	0.46	0.46	0	0	0.51
92900	0.51	0.46	0.46	0	0	0.51
93000	0.51	0.46	0.46	0	0	0.51
93100	0.51	0.46	0.46	0	0	0.51
93200	0.51	0.46	0.46	0	0	0.51
93300	0.51	0.46	0.46	0	0	0.51
93400	0.51	0.46	0.46	0	0	0.51
93500	0.51	0.46	0.46	0	0	0.51
93600	0.51	0.46	0.46	0	0	0.51
93700	0.51	0.46	0.46	0	0	0.51
93800	0.51	0.46	0.46	0	0	0.51
93900	0.51	0.46	0.46	0	0	0.51
94000	0.51	0.46	0.46	0	0	0.51
94100	0.51	0.46	0.46	0	0	0.51
94200	0.51	0.46	0.46	0	0	0.51
94300	0.51	0.46	0.46	0	0	0.51
94400	0.51	0.46	0.46	0	0	0.51
94500	0.51	0.46	0.46	0	0	0.51
94600	0.51	0.46	0.46	0	0	0.51
94700	0.51	0.46	0.46	0	0	0.51
94800	0.51	0.46	0.46	0	0	0.51
94900	0.51	0.46	0.46	0	0	0.51
95000	0.51	0.46	0.46	0	0	0.51
95100	0.51	0.46	0.46	0	0	0.51
95200	0.51	0.46	0.46	0	0	0.51
95300	0.51	0.46	0.46	0	0	0.51
95400	0.51	0.46	0.46	0	0	0.51
95500	0.51	0.46	0.46	0	0	0.51
95600	0.51	0.46	0.46	0	0	0.51
95700	0.51	0.46	0.46	0	0	0.51
95800	0.52	0.46	0.46	0	0	0.52
95900	0.52	0.46	0.46	0	0	0.52
96000	0.52	0.46	0.46	0	0	0.52
96100	0.52	0.46	0.46	0	0	0.52
96200	0.52	0.46	0.46	0	0	0.52
96300	0.52	0.46	0.46	0	0	0.52
96400	0.52	0.46	0.46	0	0	0.52
96500	0.52	0.46	0.46	0	0	0.52
96600	0.52	0.46	0.46	0	0	0.52
96700	0.52	0.46	0.46	0	0	0.52
96800	0.52	0.46	0.46	0	0	0.52
96900	0.52	0.46	0.46	0	0	0.52
97000	0.52	0.46	0.46	0	0	0.52
97100	0.52	0.46	0.46	0	0	0.52
97200	0.52	0.46	0.46	0	0	0.52
97300	0.52	0.46	0.46	0	0	0.52
97400	0.52	0.46	0.46	0	0	0.52
97500	0.52	0.46	0.46	0	0	0.52
97600	0.52	0.46	0.46	0	0	0.52
97700	0.52	0.46	0.46	0	0	0.52
97800	0.52	0.46	0.46	0	0	0.52
97900	0.52	0.46	0.46	0	0	0.52
98000	0.52	0.46	0.46	0	0	0.52
98100	0.52	0.46	0.46	0	0	0.52
98200	0.52	0.46	0.46	0	0	0.52
98300	0.52	0.46	0.46	0	0	0.52
98400	0.52	0.46	0.46	0	0	0.52
98500	0.52	0.46	0.46	0	0	0.52
98600	0.52	0.46	0.46	0	0	0.52
98700	0.52	0.46	0.46	0	0	0.52
98800	0.52	0.46	0.46	0	0	0.52
98900	0.52	0.46	0.46	0	0	0.52
99000	0.52	0.46	0.46	0	0	0.52
99100	0.52	0.46	0.46	0	0	0.52
99200	0.52	0.46	0.46	0	0	0.52
99300	0.52	0.46	0.46	0	0	0.52
99400	0.52	0.46	0.46	0	0	0.52
99500	0.52	0.46	0.46	0	0	0.52
99600	0.52	0.46	0.46	0	0	0.52
99700	0.52	0.46	0.46	0	0	0.52
99800	0.52	0.46	0.46	0	0	0.52
99900	0.52	0.46	0.46	0	0	0.52
100000	0.52	0.46	0.46	0	0	0.52
100100	0.52	0.46	0.46	0	0	0.52
100200	0.52	0.46	0.46	0	0	0.52
100300	0.52	0.46	0.46	0	0	0.52
100400	0.52	0.46	0.46	0	0	0.52
100500	0.52	0.46	0.46	0	0	0.52
100600	0.52	0.46	0.46	0	0	0.52
100700	0.52	0.46	0.46	0	0	0.52
100800	0.52	0.46	0.46	0	0	0.52
100900	0.52	0.47	0.47	0	0	0.52
101000	0.52	0.47	0.47	0	0	0.52
101100	0.52	0.47	0.47	0	0	0.52
101200	0.52	0.47	0.47	0	0	0.52
101300	0.52	0.47	0.47	0	0	0.52
101400	0.52	0.47	0.47	0	0	0.52
101500	0.52	0.47	0.47	0	0	0.52
101600	0.52	0.47	0.47	0	0	0.52
101700	0.52	0.47	0.47	0	0	0.52
101800	0.52	0.47	0.47	0	0	0.52
101900	0.52	0.47	0.47	0	0	0.52
102000	0.52	0.47	0.47	0	0	0.52
102100	0.52	0.47	0.47	0	0	0.52
102200	0.52	0.47	0.47	0	0	0.52
102300	0.52	0.47	0.47	0	0	0.52
102400	0.52	0.47	0.47	0	0	0.52
102500	0.52	0.47	0.47	0	0	0.52
102600	0.52	0.47	0.47	0	0	0.52
102700	0.52	0.47	0.47	0	0	0.52
102800	0.52	0.47	0.47	0	0	0.52
102900	0.52	0.46	0.46	0	0	0.52
103000	0.52	0.46	0.46	0	0	0.52
103100	0.52	0.47	0.47	0	0	0.52
103200	0.52	0.47	0.47	0	0	0.52
103300	0.52	0.47	0.47	0	0	0.52
103400	0.52	0.47	0.47	0	0	0.52
103500	0.52	0.47	0.47	0	0	0.52
103600	0.52	0.47	0.47	0	0	0.52
103700	0.52	0.47	0.47	0	0	0.52
103800	0.52	0.47	0.47	0	0	0.52
103900	0.52	0.47	0.47	0	0	0.52
104000	0.52	0.47	0.47	0	0	0.52
104100	0.52	0.47	0.47	0	0	0.52
104200	0.52	0.47	0.47	0	0	0.52
104300	0.52	0.47	0.47	0	0	0.52
104400	0.52	0.47	0.47	0	0	0.52
104500	0.52	0.47	0.47	0	0	0.52
104600	0.52	0.47	0.47	0	0	0.52
104700	0.52	0.47	0.47	0	0	0.52
104800	0.52	0.47	0.47	0	0	0.52
104900	0.52	0.47	0.47	0	0	0.52
105000	0.52	0.47	0.47	0	0	0.52
105100	0.52	0.47	0.47	0	0	0.52
105200	0.52	0.47	0.47	0	0	0.52
105300	0.52	0.47	0.47	0	0	0.52
105400	0.52	0.47	0.47	0	0	0.52
105500	0.52	0.47	0.47	0	0	0.52
105600	0.52	0.47	0.47	0	0	0.52
105700	0.52	0.47	0.47	0	0	0.52
105800	0.52	0.47	0.47	0	0	0.52
105900	0.52	0.47	0.47	0	0	0.52
106000	0.52	0.47	0.47	0	0	0.52
106100	0.52	0.47	0.47	0	0	0.52
106200	0.52	0.47	0.47	0	0	0.52
106300	0.52	0.47	0.47	0	0	0.52
106400	0.52	0.47	0.47	0	0	0.52
106500	0.52	0.47	0.47	0	0	0.52
106600	0.52	0.47	0.47	0	0	0.52
106700	0.52	0.47	0.47	0	0	0.52
106800	0.52	0.47	0.47	0	0	0.52
106900	0.52	0.47	0.47	0	0	0.52
107000	0.52	0.47	0.47	0	0	0.52
107100	0.52	0.47	0.47	0	0	0.52
107200	0.52	0.47	0.47	0	0	0.52
107300	0.52	0.47	0.47	0	0	0.52
107400	0.52	0.47	0.47	0	0	0.52
107500	0.52	0.47	0.47	0	0	0.52
107600	0.52	0.47	0.47	0	0	0.52
107700	0.52	0.47	0.47	0	0	0.52
107800	0.52	0.47	0.47	0	0	0.52
107900	0.52	0.47	0.47	0	0	0.52
108000	0.52	0.47	0.47	0	0	0.52
108100	0.52	0.47	0.47	0	0	0.52
108200	0.52	0.47	0.47	0	0	0.52
108300	0.52	0.47	0.47	0	0	0.52
108400	0.52	0.47	0.47	0	0	0.52
108500	0.52	0.47	0.47	0	0	0.52
108600	0.52	0.47	0.47	0	0	0.52
108700	0.52	0.47	0.47	0	0	0.52
108800	0.52	0.47	0.47	0	0	0.52
108900	0.52	0.47	0.47	0	0	0.52
109000	0.52	0.47	0.47	0	0	0.52
109100	0.52	0.47	0.47	0	0	0.52
109200	0.52	0.47	0.47	0	0	0.52
109300	0.52	0.47	0.47	0	0	0.52
109400	0.52	0.47	0.47	0	0	0.52
109500	0.52	0.47	0.47	0	0	0.52
109600	0.52	0.47	0.47	0	0	0.52
109700	0.52	0.47	0.47	0	0	0.52
109800	0.52	0.47	0.47	0	0	0.52
109900	0.52	0.47	0.47	0	0	0.52
110000	0.52	0.47	0.47	0	0	0.52
110100	0.52	0.47	0.47	0	0	0.52
110200	0.52	0.47	0.47	0	0	0.52
110300	0.52	0.47	0.47	0	0	0.52
110400	0.52	0.47	0.47	0	0	0.52
110500	0.52	0.47	0.47	0	0	0.52
110600	0.52	0.47	0.47	0	0	0.52
110700	0.52	0.47	0.47	0	0	0.52
110800	0.52	0.47	0.47	0	0	0.52
110900	0.52	0.47	0.47	0	0	0.52
111000	0.52	0.47	0.47	0	0	0.52
111100	0.52	0.47	0.47	0	0	0.52
111200	0.52	0.47	0.47	0	0	0.52
111300	0.52	0.47	0.47	0	0	0.52
111400	0.52	0.47	0.47	0	0	0.52
111500	0.52	0.47	0.47	0	0	0.52
111600	0.52	0.47	0.47	0	0	0.52
111700	0.52	0.47	0.47	0	0	0.52
111800	0.52	0.47	0.47	0	0	0.52
111900	0.52	0.47	0.47	0	0	0.52
112000	0.52	0.47	0.47	0	0	0.52
112100	0.52	0.47	0.47	0	0	0.52
112200	0.52	0.47	0.47	0	0	0.52
112300	0.52	0.47	0.47	0	0	0.52
112400	0.52	0.47	0.47	0	0	0.52
112500	0.52	0.47	0.47	0	0	0.52
112600	0.52	0.47	0.47	0	0	0.52
112700	0.52	0.47	0.47	0	0	0.52
112800	0.52	0.47	0.47	0	0	0.52
112900	0.52	0.47	0.47	0	0	0.52
113000	0.52	0.47	0.47	0	0	0.52
113100	0.52	0.47	0.47	0	0	0.52
113200	0.52	0.47	0.47	0	0	0.52
113300	0.52	0.47	0.47	0	0	0.52
113400	0.52	0.47	0.47	0	0	0.52
113500	0.52	0.47	0.47	0	0	0.52
113600	0.52	0.47	0.47	0	0	0.52
113700	0.52	0.47	0.47	0	0	0.52
113800	0.52	0.48	0.48	0	0	0.52
113900	0.52	0.48	0.48	0	0	0.52
114000	0.52	0.48	0.48	0	0	0.52
114100	0.52	0.48	0.48	0	0	0.52
114200	0.52	0.48	0.48	0	0	0.52
114300	0.52	0.48	0.48	0	0	0.52
114400	0.52	0.48	0.48	0	0	0.52
114500	0.52	0.48	0.48	0	0	0.52
114600	0.52	0.48	0.48	0	0	0.52
114700	0.52	0.48	0.48	0	0	0.52
114800	0.52	0.48	0.48	0	0	0.52
114900	0.52	0.48	0.48	0	0	0.52
115000	0.52	0.48	0.48	0	0	0.52
115100	0.52	0.48	0.48	0	0	0.52
115200	0.52	0.48	0.48	0	0	0.52
115300	0.52	0.48	0.48	0	0	0.52
115400	0.52	0.48	0.48	0	0	0.52
115500	0.52	0.48	0.48	0	0	0.52
115600	0.52	0.48	0.48	0	0	0.52
115700	0.52	0.48	0.48	0	0	0.52
115800	0.52	0.48	0.48	0	0	0.52
115900	0.52	0.48	0.48	0	0	0.52
116000	0.52	0.48	0.48	0	0	0.52
116100	0.52	0.48	0.48	0	0	0.52
116200	0.52	0.48	0.48	0	0	0.52
116300	0.52	0.48	0.48	0	0	0.52
116400	0.52	0.48	0.48	0	0	0.52
116500	0.52	0.48	0.48	0	0	0.52
116600	0.52	0.48	0.48	0	0	0.52
116700	0.52	0.48	0.48	0	0	0.52
116800	0.52	0.48	0.48	0	0	0.52
116900	0.52	0.48	0.48	0	0	0.52
117000	0.52	0.48	0.48	0	0	0.52
117100	0.52	0.48	0.48	0	0	0.52
117200	0.52	0.48	0.48	0	0	0.52
117300	0.52	0.48	0.48	0	0	0.52
117400	0.52	0.48	0.48	0	0	0.52
117500	0.52	0.48	0.48	0	0	0.52
117600	0.52	0.48	0.48	0	0	0.52
117700	0.52	0.48	0.48	0	0	0.52
117800	0.52	0.48	0.48	0	0	0.52
117900	0.52	0.48	0.48	0	0	0.52
118000	0.52	0.48	0.48	0	0	0.52
118100	0.52	0.48	0.48	0	0	0.52
118200	0.52	0.48	0.48	0	0	0.52
118300	0.52	0.48	0.48	0	0	0.52
118400	0.52	0.48	0.48	0	0	0.52
118500	0.52	0.48	0.48	0	0	0.52
118600	0.52	0.48	0.48	0	0	0.52
118700	0.52	0.48	0.48	0	0	0.52
118800	0.52	0.48	0.48	0	0	0.52
118900	0.52	0.48	0.48	0	0	0.52
119000	0.52	0.48	0.48	0	0	0.52
119100	0.52	0.48	0.48	0	0	0.52
119200	0.52	0.48	0.48	0	0	0.52
119300	0.52	0.48	0.48	0	0	0.52
119400	0.52	0.48	0.48	0	0	0.52
119500	0.52	0.48	0.48	0	0	0.52
119600	0.52	0.48	0.48	0	0	0.52
119700	0.52	0.48	0.48	0	0	0.52
119800	0.52	0.48	0.48	0	0	0.52
119900	0.52	0.48	0.48	0	0	0.52
120000	0.52	0.48	0.48	0	0	0.52
120100	0.52	0.48	0.48	0	0	0.52
120200	0.52	0.48	0.48	0	0	0.52
120300	0.52	0.48	0.48	0	0	0.52
120400	0.52	0.48	0.48	0	0	0.52
120500	0.52	0.48	0.48	0	0	0.52
120600	0.52	0.48	0.48	0	0	0.52
120700	0.52	0.48	0.48	0	0	0.52
120800	0.52	0.48	0.48	0	0	0.52
120900	0.52	0.48	0.48	0	0	0.52
121000	0.52	0.48	0.48	0	0	0.52
121100	0.52	0.48	0.48	0	0	0.52
121200	0.52	0.48	0.48	0	0	0.52
121300	0.52	0.48	0.48	0	0	0.52
121400	0.52	0.48	0.48	0	0	0.52
121500	0.52	0.48	0.48	0	0	0.52
121600	0.52	0.48	0.48	0	0	0.52
121700	0.52	0.48	0.48	0	0	0.52
121800	0.52	0.48	0.48	0	0	0.52
121900	0.52	0.48	0.48	0	0	0.52
122000	0.52	0.48	0.48	0	0	0.52
122100	0.52	0.48	0.48	0	0	0.52
122200	0.52	0.48	0.48	0	0	0.52
122300	0.52	0.48	0.48	0	0	0.52
122400	0.52	0.48	0.48	0	0	0.52
122500	0.52	0.48	0.48	0	0	0.52
122600	0.52	0.48	0.48	0	0	0.52
122700	0.52	0.48	0.48	0	0	0.52
122800	0.52	0.48	0.48	0	0	0.52
122900	0.52	0.48	0.48	0	0	0.52
123000	0.52	0.48	0.48	0	0	0.52
123100	0.52	0.48	0.48	0	0	0.52
123200	0.52	0.48	0.48	0	0	0.52
123300	0.52	0.48	0.48	0	0	0.52
123400	0.52	0.48	0.48	0	0	0.52
123500	0.52	0.48	0.48	0	0	0.52
123600	0.52	0.48	0.48	0	0	0.52
123700	0.52	0.48	0.48	0	0	0.52
123800	0.52	0.48	0.48	0	0	0.52
123900	0.52	0.48	0.48	0	0	0.52
124000	0.52	0.48	0.48	0	0	0.52
124100	0.52	0.48	0.48	0	0	0.52
124200	0.52	0.48	0.48	0	0	0.52
124300	0.52	0.48	0.48	0	0	0.52
124400	0.52	0.48	0.48	0	0	0.52
124500	0.52	0.48	0.48	0	0	0.52
124600	0.52	0.48	0.48	0	0	0.52
124700	0.52	0.48	0.48	0	0	0.52
124800	0.52	0.48	0.48	0	0	0.52
124900	0.52	0.48	0.48	0	0	0.52
125000	0.52	0.48	0.48	0	0	0.52
125100	0.52	0.48	0.48	0	0	0.52
125200	0.52	0.48	0.48	0	0	0.52
125300	0.52	0.48	0.48	0	0	0.52
125400	0.52	0.48	0.48	0	0	0.52
125500	0.52	0.48	0.48	0	0	0.52
125600	0.52	0.48	0.48	0	0	0.52
125700	0.52	0.48	0.48	0	0	0.52
125800	0.52	0.48	0.48	0	0	0.52
125900	0.52	0.48	0.48	0	0	0.52
126000	0.52	0.48	0.48	0	0	0.52
126100	0.52	0.48	0.48	0	0	0.52
126200	0.52	0.48	0.48	0	0	0.52
126300	0.52	0.48	0.48	0	0	0.52
126400	0.52	0.48	0.48	0	0	0.52
126500	0.52	0.48	0.48	0	0	0.52
126600	0.52	0.48	0.48	0	0	0.52
126700	0.52	0.48	0.48	0	0	0.52
126800	0.52	0.48	0.48	0	0	0.52
126900	0.52	0.48	0.48	0	0	0.52
127000	0.52	0.48	0.48	0	0	0.52
127100	0.52	0.48	0.48	0	0	0.52
127200	0.52	0.48	0.48	0	0	0.52
127300	0.52	0.48	0.48	0	0	0.52
127400	0.52	0.48	0.48	0	0	0.52
127500	0.52	0.48	0.48	0	0	0.52
127600	0.52	0.48	0.48	0	0	0.52
127700	0.52	0.48	0.48	0	0	0.52
127800	0.52	0.48	0.48	0	0	0.52
127900	0.52	0.48	0.48	0	0	0.52
128000	0.52	0.48	0.48	0	0	0.52
128100	0.52	0.48	0.48	0	0	0.52
128200	0.52	0.48	0.48	0	0	0.52
128300	0.52	0.48	0.48	0	0	0.52
128400	0.52	0.48	0.48	0	0	0.52
128500	0.52	0.48	0.48	0	0	0.52
128600	0.52	0.48	0.48	0	0	0.52
128700	0.52	0.48	0.48	0	0	0.52
128800	0.52	0.48	0.48	0	0	0.52
128900	0.52	0.48	0.48	0	0	0.52
129000	0.52	0.48	0.48	0	0	0.52
129100	0.51	0.48	0.48	0	0	0.51
129200	0.51	0.48	0.48	0	0	0.51
129300	0.51	0.48	0.48	0	0	0.51
129400	0.51	0.48	0.48	0	0	0.51
129500	0.51	0.48	0.48	0	0	0.51
129600	0.51	0.48	0.48	0	0	0.51
129700	0.51	0.48	0.48	0	0	0.51
129800	0.51	0.48	0.48	0	0	0.51
129900	0.51	0.48	0.48	0	0	0.51
130000	0.51	0.48	0.48	0	0	0.51
130100	0.51	0.48	0.48	0	0	0.51
130200	0.51	0.48	0.48	0	0	0.51
130300	0.51	0.48	0.48	0	0	0.51
130400	0.51	0.48	0.48	0	0	0.51
130500	0.51	0.48	0.48	0	0	0.51
130600	0.51	0.48	0.48	0	0	0.51
130700	0.51	0.48	0.48	0	0	0.51
130800	0.51	0.48	0.48	0	0	0.51
130900	0.51	0.48	0.48	0	0	0.51
131000	0.51	0.48	0.48	0	0	0.51
131100	0.51	0.48	0.48	0	0	0.51
131200	0.51	0.48	0.48	0	0	0.51
131300	0.51	0.48	0.48	0	0	0.51
131400	0.51	0.48	0.48	0	0	0.51
131500	0.51	0.48	0.48	0	0	0.51
131600	0.51	0.48	0.48	0	0	0.51
131700	0.5	0.48	0.48	0	0	0.5
131800	0.5	0.48	0.48	0	0	0.5
131900	0.5	0.48	0.48	0	0	0.5
132000	0.5	0.48	0.48	0	0	0.5
132100	0.5	0.48	0.48	0	0	0.5
132200	0.5	0.48	0.48	0	0	0.5
132300	0.5	0.48	0.48	0	0	0.5
132400	0.5	0.48	0.48	0	0	0.5
132500	0.5	0.48	0.48	0	0	0.5
132600	0.5	0.48	0.48	0	0	0.5
132700	0.51	0.48	0.48	0	0	0.51
132800	0.51	0.48	0.48	0	0	0.51
132900	0.51	0.48	0.48	0	0	0.51
133000	0.51	0.48	0.48	0	0	0.51
133100	0.51	0.48	0.48	0	0	0.51
133200	0.51	0.48	0.48	0	0	0.51
133300	0.51	0.48	0.48	0	0	0.51
133400	0.51	0.48	0.48	0	0	0.51
133500	0.51	0.48	0.48	0	0	0.51
133600	0.51	0.48	0.48	0	0	0.51
133700	0.51	0.48	0.48	0	0	0.51
133800	0.51	0.48	0.48	0	0	0.51
133900	0.51	0.48	0.48	0	0	0.51
134000	0.51	0.48	0.48	0	0	0.51
134100	0.51	0.48	0.48	0	0	0.51
134200	0.51	0.48	0.48	0	0	0.51
134300	0.51	0.48	0.48	0	0	0.51
134400	0.51	0.48	0.48	0	0	0.51
134500	0.51	0.48	0.48	0	0	0.51
134600	0.51	0.48	0.48	0	0	0.51
134700	0.51	0.48	0.48	0	0	0.51
134800	0.51	0.48	0.48	0	0	0.51
134900	0.51	0.48	0.48	0	0	0.51
135000	0.51	0.48	0.48	0	0	0.51
135100	0.51	0.48	0.48	0	0	0.51
135200	0.51	0.48	0.48	0	0	0.51
135300	0.51	0.48	0.48	0	0	0.51
135400	0.51	0.48	0.48	0	0	0.51
135500	0.51	0.48	0.48	0	0	0.51
135600	0.51	0.48	0.48	0	0	0.51
135700	0.51	0.48	0.48	0	0	0.51
135800	0.51	0.48	0.48	0	0	0.51
135900	0.51	0.48	0.48	0	0	0.51
136000	0.51	0.48	0.48	0	0	0.51
136100	0.51	0.48	0.48	0	0	0.51
136200	0.51	0.48	0.48	0	0	0.51
136300	0.51	0.48	0.48	0	0	0.51
136400	0.51	0.48	0.48	0	0	0.51
136500	0.51	0.48	0.48	0	0	0.51
136600	0.51	0.48	0.48	0	0	0.51
136700	0.51	0.48	0.48	0	0	0.51
136800	0.51	0.48	0.48	0	0	0.51
136900	0.51	0.48	0.48	0	0	0.51
137000	0.51	0.48	0.48	0	0	0.51
137100	0.51	0.48	0.48	0	0	0.51
137200	0.51	0.48	0.48	0	0	0.51
137300	0.51	0.48	0.48	0	0	0.51
137400	0.51	0.48	0.48	0	0	0.51
137500	0.51	0.48	0.48	0	0	0.51
137600	0.51	0.48	0.48	0	0	0.51
137700	0.51	0.48	0.48	0	0	0.51
137800	0.51	0.48	0.48	0	0	0.51
137900	0.51	0.48	0.48	0	0	0.51
138000	0.51	0.48	0.48	0	0	0.51
138100	0.51	0.48	0.48	0	0	0.51
138200	0.51	0.48	0.48	0	0	0.51
138300	0.51	0.48	0.48	0	0	0.51
138400	0.51	0.48	0.48	0	0	0.51
138500	0.51	0.48	0.48	0	0	0.51
138600	0.51	0.48	0.48	0	0	0.51
138700	0.51	0.48	0.48	0	0	0.51
138800	0.51	0.49	0.49	0	0	0.51
138900	0.51	0.49	0.49	0	0	0.51
139000	0.51	0.48	0.48	0	0	0.51
139100	0.51	0.48	0.48	0	0	0.51
139200	0.51	0.48	0.48	0	0	0.51
139300	0.51	0.48	0.48	0	0	0.51
139400	0.51	0.48	0.48	0	0	0.51
139500	0.5	0.48	0.48	0	0	0.5
139600	0.5	0.48	0.48	0	0	0.5
139700	0.5	0.48	0.48	0	0	0.5
139800	0.5	0.48	0.48	0	0	0.5
139900	0.5	0.48	0.48	0	0	0.5
140000	0.5	0.48	0.48	0	0	0.5
140100	0.5	0.48	0.48	0	0	0.5
140200	0.5	0.48	0.48	0	0	0.5
140300	0.5	0.48	0.48	0	0	0.5
140400	0.5	0.48	0.48	0	0	0.5
140500	0.5	0.48	0.48	0	0	0.5
140600	0.5	0.48	0.48	0	0	0.5
140700	0.5	0.48	0.48	0	0	0.5
140800	0.5	0.48	0.48	0	0	0.5
140900	0.5	0.48	0.48	0	0	0.5
141000	0.5	0.48	0.48	0	0	0.5
141100	0.5	0.48	0.48	0	0	0.5
141200	0.5	0.48	0.48	0	0	0.5
141300	0.5	0.48	0.48	0	0	0.5
141400	0.5	0.48	0.48	0	0	0.5
141500	0.5	0.48	0.48	0	0	0.5
141600	0.5	0.48	0.48	0	0	0.5
141700	0.5	0.48	0.48	0	0	0.5
141800	0.5	0.48	0.48	0	0	0.5
141900	0.5	0.48	0.48	0	0	0.5
142000	0.49	0.48	0.48	0	0	0.49
142100	0.49	0.48	0.48	0	0	0.49
142200	0.49	0.48	0.48	0	0	0.49
142300	0.49	0.48	0.48	0	0	0.49
142400	0.49	0.48	0.48	0	0	0.49
142500	0.49	0.49	0.49	0	0	0.49
142600	0.49	0.49	0.49	0	0	0.49
142700	0.49	0.49	0.49	0	0	0.49
142800	0.49	0.49	0.49	0	0	0.49
142900	0.49	0.49	0.49	0	0	0.49
143000	0.49	0.49	0.49	0	0	0.49
143100	0.49	0.49	0.49	0	0	0.49
143200	0.49	0.49	0.49	0	0	0.49
143300	0.49	0.49	0.49	0	0	0.49
143400	0.49	0.49	0.49	0	0	0.49
143500	0.49	0.49	0.49	0	0	0.49
143600	0.49	0.49	0.49	0	0	0.49
143700	0.49	0.49	0.49	0	0	0.49
143800	0.49	0.49	0.49	0	0	0.49
143900	0.49	0.49	0.49	0	0	0.49
144000	0.49	0.49	0.49	0	0	0.49
144100	0.49	0.49	0.49	0	0	0.49
144200	0.49	0.49	0.49	0	0	0.49
144300	0.49	0.49	0.49	0	0	0.49
144400	0.49	0.49	0.49	0	0	0.49
144500	0.49	0.49	0.49	0	0	0.49
144600	0.49	0.49	0.49	0	0	0.49
144700	0.49	0.49	0.49	0	0	0.49
144800	0.49	0.49	0.49	0	0	0.49
144900	0.49	0.49	0.49	0	0	0.49
145000	0.49	0.49	0.49	0	0	0.49
145100	0.49	0.49	0.49	0	0	0.49
145200	0.49	0.49	0.49	0	0	0.49
145300	0.49	0.49	0.49	0	0	0.49
145400	0.49	0.49	0.49	0	0	0.49
145500	0.49	0.49	0.49	0	0	0.49
145600	0.49	0.49	0.49	0	0	0.49
145700	0.49	0.49	0.49	0	0	0.49
145800	0.49	0.49	0.49	0	0	0.49
145900	0.49	0.49	0.49	0	0	0.49
146000	0.49	0.49	0.49	0	0	0.49
146100	0.49	0.49	0.49	0	0	0.49
146200	0.49	0.49	0.49	0	0	0.49
146300	0.5	0.49	0.49	0	0	0.5
146400	0.5	0.49	0.49	0	0	0.5
146500	0.5	0.49	0.49	0	0	0.5
146600	0.5	0.49	0.49	0	0	0.5
146700	0.5	0.49	0.49	0	0	0.5
146800	0.5	0.49	0.49	0	0	0.5
146900	0.5	0.49	0.49	0	0	0.5
147000	0.5	0.49	0.49	0	0	0.5
147100	0.5	0.49	0.49	0	0	0.5
147200	0.5	0.49	0.49	0	0	0.5
147300	0.5	0.49	0.49	0	0	0.5
147400	0.5	0.49	0.49	0	0	0.5
147500	0.5	0.49	0.49	0	0	0.5
147600	0.5	0.49	0.49	0	0	0.5
147700	0.5	0.49	0.49	0	0	0.5
147800	0.5	0.49	0.49	0	0	0.5
147900	0.5	0.49	0.49	0	0	0.5
148000	0.5	0.49	0.49	0	0	0.5
148100	0.5	0.49	0.49	0	0	0.5
148200	0.5	0.49	0.49	0	0	0.5
148300	0.5	0.49	0.49	0	0	0.5
148400	0.5	0.49	0.49	0	0	0.5
148500	0.5	0.49	0.49	0	0	0.5
148600	0.5	0.49	0.49	0	0	0.5
148700	0.5	0.49	0.49	0	0	0.5
148800	0.5	0.49	0.49	0	0	0.5
148900	0.5	0.49	0.49	0	0	0.5
149000	0.5	0.49	0.49	0	0	0.5
149100	0.5	0.49	0.49	0	0	0.5
149200	0.51	0.49	0.49	0	0	0.51
149300	0.5	0.49	0.49	0	0	0.5
149400	0.5	0.49	0.49	0	0	0.5
149500	0.5	0.49	0.49	0	0	0.5
149600	0.5	0.49	0.49	0	0	0.5
149700	0.5	0.49	0.49	0	0	0.5
149800	0.5	0.49	0.49	0	0	0.5
149900	0.5	0.5	0.5	0	0	0.5
150000	0.5	0.5	0.5	0	0	0.5
150100	0.5	0.49	0.49	0	0	0.5
150200	0.5	0.49	0.49	0	0	0.5
150300	0.5	0.49	0.49	0	0	0.5
150400	0.5	0.49	0.49	0	0	0.5
150500	0.5	0.49	0.49	0	0	0.5
150600	0.5	0.49	0.49	0	0	0.5
150700	0.5	0.49	0.49	0	0	0.5
150800	0.5	0.49	0.49	0	0	0.5
150900	0.5	0.49	0.49	0	0	0.5
151000	0.5	0.49	0.49	0	0	0.5
151100	0.5	0.49	0.49	0	0	0.5
151200	0.5	0.49	0.49	0	0	0.5
151300	0.5	0.49	0.49	0	0	0.5
151400	0.5	0.49	0.49	0	0	0.5
151500	0.5	0.49	0.49	0	0	0.5
151600	0.5	0.49	0.49	0	0	0.5
151700	0.5	0.49	0.49	0	0	0.5
151800	0.5	0.49	0.49	0	0	0.5
151900	0.5	0.49	0.49	0	0	0.5
152000	0.5	0.49	0.49	0	0	0.5
152100	0.5	0.49	0.49	0	0	0.5
152200	0.5	0.49	0.49	0	0	0.5
152300	0.5	0.49	0.49	0	0	0.5
152400	0.5	0.49	0.49	0	0	0.5
152500	0.5	0.49	0.49	0	0	0.5
152600	0.5	0.49	0.49	0	0	0.5
152700	0.5	0.49	0.49	0	0	0.5
152800	0.5	0.49	0.49	0	0	0.5
152900	0.5	0.49	0.49	0	0	0.5
153000	0.5	0.49	0.49	0	0	0.5
153100	0.5	0.49	0.49	0	0	0.5
153200	0.5	0.49	0.49	0	0	0.5
153300	0.5	0.49	0.49	0	0	0.5
153400	0.5	0.49	0.49	0	0	0.5
153500	0.5	0.49	0.49	0	0	0.5
153600	0.5	0.49	0.49	0	0	0.5
153700	0.5	0.49	0.49	0	0	0.5
153800	0.5	0.49	0.49	0	0	0.5
153900	0.5	0.49	0.49	0	0	0.5
154000	0.5	0.49	0.49	0	0	0.5
154100	0.5	0.49	0.49	0	0	0.5
154200	0.5	0.49	0.49	0	0	0.5
154300	0.51	0.49	0.49	0	0	0.51
154400	0.51	0.49	0.49	0	0	0.51
154500	0.51	0.49	0.49	0	0	0.51
154600	0.51	0.49	0.49	0	0	0.51
154700	0.51	0.49	0.49	0	0	0.51
154800	0.51	0.49	0.49	0	0	0.51
154900	0.51	0.49	0.49	0	0	0.51
155000	0.51	0.49	0.49	0	0	0.51
155100	0.51	0.49	0.49	0	0	0.51
155200	0.51	0.49	0.49	0	0	0.51
155300	0.51	0.49	0.49	0	0	0.51
155400	0.51	0.49	0.49	0	0	0.51
155500	0.51	0.49	0.49	0	0	0.51
155600	0.51	0.49	0.49	0	0	0.51
155700	0.51	0.49	0.49	0	0	0.51
155800	0.51	0.49	0.49	0	0	0.51
155900	0.51	0.49	0.49	0	0	0.51
156000	0.51	0.49	0.49	0	0	0.51
156100	0.51	0.49	0.49	0	0	0.51
156200	0.51	0.49	0.49	0	0	0.51
156300	0.51	0.49	0.49	0	0	0.51
156400	0.51	0.49	0.49	0	0	0.51
156500	0.51	0.49	0.49	0	0	0.51
156600	0.51	0.49	0.49	0	0	0.51
156700	0.51	0.49	0.49	0	0	0.51
156800	0.51	0.49	0.49	0	0	0.51
156900	0.51	0.49	0.49	0	0	0.51
157000	0.51	0.49	0.49	0	0	0.51
157100	0.51	0.49	0.49	0	0	0.51
157200	0.51	0.49	0.49	0	0	0.51
157300	0.51	0.49	0.49	0	0	0.51
157400	0.51	0.49	0.49	0	0	0.51
157500	0.51	0.49	0.49	0	0	0.51
157600	0.51	0.49	0.49	0	0	0.51
157700	0.51	0.49	0.49	0	0	0.51
157800	0.51	0.49	0.49	0	0	0.51
157900	0.51	0.49	0.49	0	0	0.51
158000	0.51	0.49	0.49	0	0	0.51
158100	0.51	0.49	0.49	0	0	0.51
158200	0.51	0.49	0.49	0	0	0.51
158300	0.51	0.49	0.49	0	0	0.51
158400	0.51	0.49	0.49	0	0	0.51
158500	0.51	0.49	0.49	0	0	0.51
158600	0.51	0.49	0.49	0	0	0.51
158700	0.51	0.49	0.49	0	0	0.51
158800	0.51	0.49	0.49	0	0	0.51
158900	0.51	0.49	0.49	0	0	0.51
159000	0.51	0.49	0.49	0	0	0.51
159100	0.51	0.49	0.49	0	0	0.51
159200	0.5	0.49	0.49	0	0	0.5
159300	0.5	0.49	0.49	0	0	0.5
159400	0.5	0.49	0.49	0	0	0.5
159500	0.5	0.49	0.49	0	0	0.5
159600	0.5	0.49	0.49	0	0	0.5
159700	0.5	0.49	0.49	0	0	0.5
159800	0.5	0.49	0.49	0	0	0.5
159900	0.5	0.49	0.49	0	0	0.5
160000	0.5	0.49	0.49	0	0	0.5
160100	0.5	0.49	0.49	0	0	0.5
160200	0.5	0.49	0.49	0	0	0.5
160300	0.5	0.49	0.49	0	0	0.5
160400	0.51	0.49	0.49	0	0	0.51
160500	0.51	0.49	0.49	0	0	0.51
160600	0.51	0.49	0.49	0	0	0.51
160700	0.51	0.49	0.49	0	0	0.51
160800	0.51	0.49	0.49	0	0	0.51
160900	0.51	0.49	0.49	0	0	0.51
161000	0.51	0.49	0.49	0	0	0.51
161100	0.51	0.49	0.49	0	0	0.51
161200	0.51	0.49	0.49	0	0	0.51
161300	0.51	0.49	0.49	0	0	0.51
161400	0.51	0.49	0.49	0	0	0.51
161500	0.51	0.49	0.49	0	0	0.51
161600	0.51	0.49	0.49	0	0	0.51
161700	0.51	0.49	0.49	0	0	0.51
161800	0.51	0.49	0.49	0	0	0.51
161900	0.51	0.49	0.49	0	0	0.51
162000	0.51	0.49	0.49	0	0	0.51
162100	0.51	0.49	0.49	0	0	0.51
162200	0.51	0.49	0.49	0	0	0.51
162300	0.51	0.49	0.49	0	0	0.51
162400	0.51	0.49	0.49	0	0	0.51
162500	0.51	0.49	0.49	0	0	0.51
162600	0.51	0.49	0.49	0	0	0.51
162700	0.51	0.49	0.49	0	0	0.51
162800	0.51	0.49	0.49	0	0	0.51
162900	0.51	0.49	0.49	0	0	0.51
163000	0.51	0.49	0.49	0	0	0.51
163100	0.51	0.49	0.49	0	0	0.51
163200	0.51	0.49	0.49	0	0	0.51
163300	0.51	0.49	0.49	0	0	0.51
163400	0.51	0.49	0.49	0	0	0.51
163500	0.51	0.49	0.49	0	0	0.51
163600	0.51	0.49	0.49	0	0	0.51
163700	0.51	0.49	0.49	0	0	0.51
163800	0.51	0.49	0.49	0	0	0.51
163900	0.51	0.49	0.49	0	0	0.51
164000	0.51	0.49	0.49	0	0	0.51
164100	0.51	0.49	0.49	0	0	0.51
164200	0.51	0.49	0.49	0	0	0.51
164300	0.51	0.49	0.49	0	0	0.51
164400	0.51	0.49	0.49	0	0	0.51
164500	0.51	0.49	0.49	0	0	0.51
164600	0.51	0.49	0.49	0	0	0.51
164700	0.51	0.49	0.49	0	0	0.51
164800	0.51	0.49	0.49	0	0	0.51
164900	0.51	0.49	0.49	0	0	0.51
165000	0.51	0.49	0.49	0	0	0.51
165100	0.51	0.49	0.49	0	0	0.51
165200	0.51	0.49	0.49	0	0	0.51
165300	0.51	0.49	0.49	0	0	0.51
165400	0.51	0.49	0.49	0	0	0.51
165500	0.51	0.49	0.49	0	0	0.51
165600	0.51	0.49	0.49	0	0	0.51
165700	0.51	0.49	0.49	0	0	0.51
165800	0.51	0.49	0.49	0	0	0.51
165900	0.51	0.49	0.49	0	0	0.51
166000	0.51	0.49	0.49	0	0	0.51
166100	0.51	0.49	0.49	0	0	0.51
166200	0.51	0.49	0.49	0	0	0.51
166300	0.51	0.49	0.49	0	0	0.51
166400	0.51	0.49	0.49	0	0	0.51
166500	0.51	0.49	0.49	0	0	0.51
166600	0.51	0.49	0.49	0	0	0.51
166700	0.51	0.49	0.49	0	0	0.51
166800	0.5	0.49	0.49	0	0	0.5
166900	0.5	0.49	0.49	0	0	0.5
167000	0.5	0.49	0.49	0	0	0.5
167100	0.5	0.49	0.49	0	0	0.5
167200	0.5	0.49	0.49	0	0	0.5
167300	0.5	0.49	0.49	0	0	0.5
167400	0.5	0.49	0.49	0	0	0.5
167500	0.5	0.49	0.49	0	0	0.5
167600	0.5	0.49	0.49	0	0	0.5
167700	0.5	0.49	0.49	0	0	0.5
167800	0.5	0.49	0.49	0	0	0.5
167900	0.5	0.49	0.49	0	0	0.5
168000	0.5	0.49	0.49	0	0	0.5
168100	0.5	0.49	0.49	0	0	0.5
168200	0.5	0.49	0.49	0	0	0.5
168300	0.5	0.49	0.49	0	0	0.5
168400	0.5	0.49	0.49	0	0	0.5
168500	0.5	0.49	0.49	0	0	0.5
168600	0.5	0.49	0.49	0	0	0.5
168700	0.5	0.49	0.49	0	0	0.5
168800	0.5	0.49	0.49	0	0	0.5
168900	0.5	0.49	0.49	0	0	0.5
169000	0.5	0.49	0.49	0	0	0.5
169100	0.5	0.49	0.49	0	0	0.5
169200	0.5	0.49	0.49	0	0	0.5
169300	0.5	0.49	0.49	0	0	0.5
169400	0.5	0.49	0.49	0	0	0.5
169500	0.5	0.49	0.49	0	0	0.5
169600	0.5	0.49	0.49	0	0	0.5
169700	0.5	0.49	0.49	0	0	0.5
169800	0.5	0.49	0.49	0	0	0.5
169900	0.5	0.49	0.49	0	0	0.5
170000	0.5	0.49	0.49	0	0	0.5
170100	0.51	0.49	0.49	0	0	0.51
170200	0.51	0.49	0.49	0	0	0.51
170300	0.51	0.49	0.49	0	0	0.51
170400	0.51	0.49	0.49	0	0	0.51
170500	0.51	0.49	0.49	0	0	0.51
170600	0.51	0.49	0.49	0	0	0.51
170700	0.51	0.49	0.49	0	0	0.51
170800	0.51	0.49	0.49	0	0	0.51
170900	0.51	0.49	0.49	0	0	0.51
171000	0.51	0.49	0.49	0	0	0.51
171100	0.51	0.49	0.49	0	0	0.51
171200	0.51	0.49	0.49	0	0	0.51
171300	0.51	0.49	0.49	0	0	0.51
171400	0.51	0.49	0.49	0	0	0.51
171500	0.51	0.49	0.49	0	0	0.51
171600	0.51	0.49	0.49	0	0	0.51
171700	0.51	0.49	0.49	0	0	0.51
171800	0.51	0.49	0.49	0	0	0.51
171900	0.51	0.49	0.49	0	0	0.51
172000	0.51	0.49	0.49	0	0	0.51
172100	0.51	0.49	0.49	0	0	0.51
172200	0.51	0.49	0.49	0	0	0.51
172300	0.51	0.49	0.49	0	0	0.51
172400	0.51	0.49	0.49	0	0	0.51
172500	0.51	0.49	0.49	0	0	0.51
172600	0.51	0.49	0.49	0	0	0.51
172700	0.51	0.49	0.49	0	0	0.51
172800	0.51	0.49	0.49	0	0	0.51
172900	0.51	0.49	0.49	0	0	0.51
173000	0.51	0.49	0.49	0	0	0.51
173100	0.51	0.49	0.49	0	0	0.51
173200	0.51	0.49	0.49	0	0	0.51
173300	0.51	0.49	0.49	0	0	0.51
173400	0.51	0.49	0.49	0	0	0.51
173500	0.51	0.49	0.49	0	0	0.51
173600	0.51	0.49	0.49	0	0	0.51
173700	0.51	0.49	0.49	0	0	0.51
173800	0.51	0.49	0.49	0	0	0.51
173900	0.51	0.49	0.49	0	0	0.51
174000	0.51	0.49	0.49	0	0	0.51
174100	0.51	0.49	0.49	0	0	0.51
174200	0.51	0.49	0.49	0	0	0.51
174300	0.51	0.49	0.49	0	0	0.51
174400	0.51	0.49	0.49	0	0	0.51
174500	0.51	0.49	0.49	0	0	0.51
174600	0.51	0.49	0.49	0	0	0.51
174700	0.51	0.49	0.49	0	0	0.51
174800	0.51	0.49	0.49	0	0	0.51
174900	0.51	0.49	0.49	0	0	0.51
175000	0.51	0.49	0.49	0	0	0.51
175100	0.51	0.49	0.49	0	0	0.51
175200	0.51	0.49	0.49	0	0	0.51
175300	0.51	0.49	0.49	0	0	0.51
175400	0.51	0.49	0.49	0	0	0.51
175500	0.51	0.49	0.49	0	0	0.51
175600	0.51	0.49	0.49	0	0	0.51
175700	0.51	0.49	0.49	0	0	0.51
175800	0.51	0.49	0.49	0	0	0.51
175900	0.51	0.49	0.49	0	0	0.51
176000	0.51	0.49	0.49	0	0	0.51
176100	0.51	0.49	0.49	0	0	0.51
176200	0.51	0.49	0.49	0	0	0.51
176300	0.51	0.49	0.49	0	0	0.51
176400	0.51	0.49	0.49	0	0	0.51
176500	0.51	0.49	0.49	0	0	0.51
176600	0.51	0.49	0.49	0	0	0.51
176700	0.51	0.49	0.49	0	0	0.51
176800	0.51	0.49	0.49	0	0	0.51
176900	0.51	0.49	0.49	0	0	0.51
177000	0.51	0.49	0.49	0	0	0.51
177100	0.51	0.49	0.49	0	0	0.51
177200	0.51	0.49	0.49	0	0	0.51
177300	0.51	0.49	0.49	0	0	0.51
177400	0.51	0.49	0.49	0	0	0.51
177500	0.51	0.49	0.49	0	0	0.51
177600	0.51	0.49	0.49	0	0	0.51
177700	0.51	0.49	0.49	0	0	0.51
177800	0.51	0.49	0.49	0	0	0.51
177900	0.51	0.49	0.49	0	0	0.51
178000	0.51	0.49	0.49	0	0	0.51
178100	0.51	0.49	0.49	0	0	0.51
178200	0.51	0.49	0.49	0	0	0.51
178300	0.51	0.49	0.49	0	0	0.51
178400	0.51	0.49	0.49	0	0	0.51
178500	0.51	0.49	0.49	0	0	0.51
178600	0.51	0.49	0.49	0	0	0.51
178700	0.51	0.49	0.49	0	0	0.51
178800	0.51	0.49	0.49	0	0	0.51
178900	0.51	0.49	0.49	0	0	0.51
179000	0.51	0.49	0.49	0	0	0.51
179100	0.51	0.49	0.49	0	0	0.51
179200	0.51	0.49	0.49	0	0	0.51
179300	0.51	0.49	0.49	0	0	0.51
179400	0.51	0.49	0.49	0	0	0.51
179500	0.51	0.49	0.49	0	0	0.51
179600	0.51	0.49	0.49	0	0	0.51
179700	0.51	0.49	0.49	0	0	0.51
179800	0.51	0.49	0.49	0	0	0.51
179900	0.51	0.49	0.49	0	0	0.51
180000	0.51	0.49	0.49	0	0	0.51
180100	0.51	0.49	0.49	0	0	0.51
180200	0.51	0.49	0.49	0	0	0.51
180300	0.51	0.49	0.49	0	0	0.51
180400	0.51	0.49	0.49	0	0	0.51
180500	0.51	0.49	0.49	0	0	0.51
180600	0.51	0.49	0.49	0	0	0.51
180700	0.51	0.49	0.49	0	0	0.51
180800	0.51	0.49	0.49	0	0	0.51
180900	0.51	0.49	0.49	0	0	0.51
181000	0.51	0.49	0.49	0	0	0.51
181100	0.51	0.49	0.49	0	0	0.51
181200	0.51	0.49	0.49	0	0	0.51
181300	0.51	0.49	0.49	0	0	0.51
181400	0.51	0.49	0.49	0	0	0.51
181500	0.51	0.49	0.49	0	0	0.51
181600	0.51	0.49	0.49	0	0	0.51
181700	0.51	0.49	0.49	0	0	0.51
181800	0.51	0.49	0.49	0	0	0.51
181900	0.51	0.49	0.49	0	0	0.51
182000	0.51	0.49	0.49	0	0	0.51
182100	0.51	0.49	0.49	0	0	0.51
182200	0.51	0.49	0.49	0	0	0.51
182300	0.51	0.49	0.49	0	0	0.51
182400	0.51	0.49	0.49	0	0	0.51
182500	0.51	0.49	0.49	0	0	0.51
182600	0.51	0.49	0.49	0	0	0.51
182700	0.51	0.49	0.49	0	0	0.51
182800	0.51	0.49	0.49	0	0	0.51
182900	0.51	0.49	0.49	0	0	0.51
183000	0.51	0.49	0.49	0	0	0.51
183100	0.51	0.49	0.49	0	0	0.51
183200	0.51	0.49	0.49	0	0	0.51
183300	0.51	0.49	0.49	0	0	0.51
183400	0.51	0.49	0.49	0	0	0.51
183500	0.51	0.49	0.49	0	0	0.51
183600	0.51	0.49	0.49	0	0	0.51
183700	0.51	0.49	0.49	0	0	0.51
183800	0.51	0.49	0.49	0	0	0.51
183900	0.51	0.49	0.49	0	0	0.51
184000	0.51	0.49	0.49	0	0	0.51
184100	0.51	0.49	0.49	0	0	0.51
184200	0.51	0.49	0.49	0	0	0.51
184300	0.51	0.49	0.49	0	0	0.51
184400	0.51	0.49	0.49	0	0	0.51
184500	0.51	0.49	0.49	0	0	0.51
184600	0.51	0.49	0.49	0	0	0.51
184700	0.51	0.49	0.49	0	0	0.51
184800	0.51	0.49	0.49	0	0	0.51
184900	0.51	0.49	0.49	0	0	0.51
185000	0.51	0.49	0.49	0	0	0.51
185100	0.51	0.49	0.49	0	0	0.51
185200	0.51	0.49	0.49	0	0	0.51
185300	0.51	0.49	0.49	0	0	0.51
185400	0.51	0.49	0.49	0	0	0.51
185500	0.51	0.49	0.49	0	0	0.51
185600	0.51	0.49	0.49	0	0	0.51
185700	0.51	0.49	0.49	0	0	0.51
185800	0.51	0.49	0.49	0	0	0.51
185900	0.51	0.49	0.49	0	0	0.51
186000	0.51	0.49	0.49	0	0	0.51
186100	0.51	0.49	0.49	0	0	0.51
186200	0.51	0.49	0.49	0	0	0.51
186300	0.51	0.49	0.49	0	0	0.51
186400	0.51	0.49	0.49	0	0	0.51
186500	0.51	0.49	0.49	0	0	0.51
186600	0.51	0.49	0.49	0	0	0.51
186700	0.51	0.49	0.49	0	0	0.51
186800	0.51	0.49	0.49	0	0	0.51
186900	0.51	0.49	0.49	0	0	0.51
187000	0.51	0.49	0.49	0	0	0.51
187100	0.51	0.49	0.49	0	0	0.51
187200	0.51	0.49	0.49	0	0	0.51
187300	0.51	0.49	0.49	0	0	0.51
187400	0.51	0.49	0.49	0	0	0.51
187500	0.51	0.49	0.49	0	0	0.51
187600	0.51	0.49	0.49	0	0	0.51
187700	0.51	0.49	0.49	0	0	0.51
187800	0.51	0.49	0.49	0	0	0.51
187900	0.51	0.49	0.49	0	0	0.51
188000	0.5	0.49	0.49	0	0	0.5
188100	0.5	0.49	0.49	0	0	0.5
188200	0.5	0.49	0.49	0	0	0.5
188300	0.5	0.49	0.49	0	0	0.5
188400	0.5	0.49	0.49	0	0	0.5
188500	0.5	0.49	0.49	0	0	0.5
188600	0.5	0.49	0.49	0	0	0.5
188700	0.5	0.49	0.49	0	0	0.5
188800	0.5	0.49	0.49	0	0	0.5
188900	0.5	0.49	0.49	0	0	0.5
189000	0.5	0.49	0.49	0	0	0.5
189100	0.5	0.49	0.49	0	0	0.5
189200	0.5	0.49	0.49	0	0	0.5
189300	0.5	0.49	0.49	0	0	0.5
189400	0.5	0.49	0.49	0	0	0.5
189500	0.5	0.49	0.49	0	0	0.5
189600	0.5	0.49	0.49	0	0	0.5
189700	0.5	0.49	0.49	0	0	0.5
189800	0.5	0.49	0.49	0	0	0.5
189900	0.5	0.49	0.49	0	0	0.5
190000	0.5	0.49	0.49	0	0	0.5
190100	0.5	0.49	0.49	0	0	0.5
190200	0.5	0.49	0.49	0	0	0.5
190300	0.5	0.49	0.49	0	0	0.5
190400	0.5	0.49	0.49	0	0	0.5
190500	0.5	0.49	0.49	0	0	0.5
190600	0.5	0.49	0.49	0	0	0.5
190700	0.51	0.49	0.49	0	0	0.51
190800	0.51	0.49	0.49	0	0	0.51
190900	0.51	0.49	0.49	0	0	0.51
191000	0.51	0.49	0.49	0	0	0.51
191100	0.51	0.49	0.49	0	0	0.51
191200	0.51	0.49	0.49	0	0	0.51
191300	0.51	0.49	0.49	0	0	0.51
191400	0.51	0.49	0.49	0	0	0.51
191500	0.51	0.49	0.49	0	0	0.51
191600	0.51	0.49	0.49	0	0	0.51
191700	0.51	0.49	0.49	0	0	0.51
191800	0.51	0.49	0.49	0	0	0.51
191900	0.51	0.49	0.49	0	0	0.51
192000	0.51	0.49	0.49	0	0	0.51
192100	0.51	0.49	0.49	0	0	0.51
192200	0.51	0.49	0.49	0	0	0.51
192300	0.51	0.49	0.49	0	0	0.51
192400	0.51	0.49	0.49	0	0	0.51
192500	0.51	0.49	0.49	0	0	0.51
192600	0.51	0.49	0.49	0	0	0.51
192700	0.51	0.49	0.49	0	0	0.51
192800	0.51	0.49	0.49	0	0	0.51
192900	0.51	0.49	0.49	0	0	0.51
193000	0.51	0.49	0.49	0	0	0.51
193100	0.51	0.49	0.49	0	0	0.51
193200	0.51	0.49	0.49	0	0	0.51
193300	0.51	0.49	0.49	0	0	0.51
193400	0.51	0.49	0.49	0	0	0.51
193500	0.51	0.49	0.49	0	0	0.51
193600	0.51	0.49	0.49	0	0	0.51
193700	0.51	0.49	0.49	0	0	0.51
193800	0.5	0.49	0.49	0	0	0.5
193900	0.5	0.49	0.49	0	0	0.5
194000	0.5	0.49	0.49	0	0	0.5
194100	0.5	0.49	0.49	0	0	0.5
194200	0.5	0.49	0.49	0	0	0.5
194300	0.5	0.49	0.49	0	0	0.5
194400	0.5	0.49	0.49	0	0	0.5
194500	0.5	0.49	0.49	0	0	0.5
194600	0.5	0.49	0.49	0	0	0.5
194700	0.51	0.49	0.49	0	0	0.51
194800	0.51	0.49	0.49	0	0	0.51
194900	0.51	0.49	0.49	0	0	0.51
195000	0.51	0.49	0.49	0	0	0.51
195100	0.51	0.49	0.49	0	0	0.51
195200	0.51	0.49	0.49	0	0	0.51
195300	0.51	0.48	0.48	0	0	0.51
195400	0.51	0.48	0.48	0	0	0.51
195500	0.51	0.48	0.48	0	0	0.51
195600	0.51	0.48	0.48	0	0	0.51
195700	0.51	0.48	0.48	0	0	0.51
195800	0.51	0.48	0.48	0	0	0.51
195900	0.51	0.48	0.48	0	0	0.51
196000	0.51	0.48	0.48	0	0	0.51
196100	0.51	0.48	0.48	0	0	0.51
196200	0.51	0.48	0.48	0	0	0.51
196300	0.51	0.48	0.48	0	0	0.51
196400	0.51	0.48	0.48	0	0	0.51
196500	0.51	0.49	0.49	0	0	0.51
196600	0.51	0.49	0.49	0	0	0.51
196700	0.51	0.49	0.49	0	0	0.51
196800	0.51	0.49	0.49	0	0	0.51
196900	0.51	0.49	0.49	0	0	0.51
197000	0.51	0.49	0.49	0	0	0.51
197100	0.51	0.49	0.49	0	0	0.51
197200	0.51	0.49	0.49	0	0	0.51
197300	0.51	0.49	0.49	0	0	0.51
197400	0.51	0.49	0.49	0	0	0.51
197500	0.51	0.48	0.48	0	0	0.51
197600	0.51	0.48	0.48	0	0	0.51
197700	0.51	0.48	0.48	0	0	0.51
197800	0.51	0.48	0.48	0	0	0.51
197900	0.51	0.48	0.48	0	0	0.51
198000	0.51	0.48	0.48	0	0	0.51
198100	0.51	0.48	0.48	0	0	0.51
198200	0.51	0.48	0.48	0	0	0.51
198300	0.51	0.48	0.48	0	0	0.51
198400	0.51	0.48	0.48	0	0	0.51
198500	0.51	0.48	0.48	0	0	0.51
198600	0.51	0.48	0.48	0	0	0.51
198700	0.51	0.48	0.48	0	0	0.51
198800	0.51	0.48	0.48	0	0	0.51
198900	0.51	0.48	0.48	0	0	0.51
199000	0.51	0.48	0.48	0	0	0.51
199100	0.51	0.48	0.48	0	0	0.51
199200	0.51	0.48	0.48	0	0	0.51
199300	0.51	0.48	0.48	0	0	0.51
199400	0.51	0.48	0.48	0	0	0.51
199500	0.51	0.48	0.48	0	0	0.51
199600	0.51	0.48	0.48	0	0	0.51
199700	0.51	0.48	0.48	0	0	0.51
199800	0.51	0.48	0.48	0	0	0.51
199900	0.51	0.48	0.48	0	0	0.51
200000	0.51	0.48	0.48	0	0	0.51
200100	0.51	0.48	0.48	0	0	0.51
200200	0.51	0.48	0.48	0	0	0.51
200300	0.51	0.48	0.48	0	0	0.51
200400	0.51	0.48	0.48	0	0	0.51
200500	0.51	0.48	0.48	0	0	0.51
200600	0.51	0.48	0.48	0	0	0.51
200700	0.51	0.48	0.48	0	0	0.51
200800	0.51	0.48	0.48	0	0	0.51
200900	0.51	0.48	0.48	0	0	0.51
201000	0.51	0.48	0.48	0	0	0.51
201100	0.51	0.48	0.48	0	0	0.51
201200	0.51	0.48	0.48	0	0	0.51
201300	0.51	0.48	0.48	0	0	0.51
201400	0.51	0.48	0.48	0	0	0.51
201500	0.51	0.48	0.48	0	0	0.51
201600	0.51	0.48	0.48	0	0	0.51
201700	0.51	0.48	0.48	0	0	0.51
201800	0.51	0.48	0.48	0	0	0.51
201900	0.51	0.48	0.48	0	0	0.51
202000	0.51	0.48	0.48	0	0	0.51
202100	0.51	0.48	0.48	0	0	0.51
202200	0.51	0.48	0.48	0	0	0.51
202300	0.51	0.48	0.48	0	0	0.51
202400	0.51	0.48	0.48	0	0	0.51
202500	0.51	0.48	0.48	0	0	0.51
202600	0.51	0.48	0.48	0	0	0.51
202700	0.51	0.48	0.48	0	0	0.51
202800	0.51	0.48	0.48	0	0	0.51
202900	0.51	0.48	0.48	0	0	0.51
203000	0.51	0.48	0.48	0	0	0.51
203100	0.51	0.48	0.48	0	0	0.51
203200	0.51	0.49	0.49	0	0	0.51
203300	0.51	0.49	0.49	0	0	0.51
203400	0.51	0.49	0.49	0	0	0.51
203500	0.51	0.49	0.49	0	0	0.51
203600	0.51	0.49	0.49	0	0	0.51
203700	0.51	0.49	0.49	0	0	0.51
203800	0.51	0.49	0.49	0	0	0.51
203900	0.51	0.49	0.49	0	0	0.51
204000	0.51	0.49	0.49	0	0	0.51
204100	0.51	0.49	0.49	0	0	0.51
204200	0.51	0.49	0.49	0	0	0.51
204300	0.51	0.49	0.49	0	0	0.51
204400	0.51	0.49	0.49	0	0	0.51
204500	0.51	0.49	0.49	0	0	0.51
204600	0.51	0.49	0.49	0	0	0.51
204700	0.51	0.49	0.49	0	0	0.51
204800	0.51	0.49	0.49	0	0	0.51
204900	0.51	0.49	0.49	0	0	0.51
205000	0.51	0.49	0.49	0	0	0.51
205100	0.51	0.49	0.49	0	0	0.51
205200	0.51	0.49	0.49	0	0	0.51
205300	0.51	0.49	0.49	0	0	0.51
205400	0.51	0.49	0.49	0	0	0.51
205500	0.51	0.49	0.49	0	0	0.51
205600	0.51	0.49	0.49	0	0	0.51
205700	0.51	0.49	0.49	0	0	0.51
205800	0.51	0.49	0.49	0	0	0.51
205900	0.51	0.49	0.49	0	0	0.51
206000	0.51	0.49	0.49	0	0	0.51
206100	0.51	0.49	0.49	0	0	0.51
206200	0.51	0.49	0.49	0	0	0.51
206300	0.51	0.49	0.49	0	0	0.51
206400	0.51	0.49	0.49	0	0	0.51
206500	0.51	0.49	0.49	0	0	0.51
206600	0.51	0.49	0.49	0	0	0.51
206700	0.51	0.49	0.49	0	0	0.51
206800	0.51	0.49	0.49	0	0	0.51
206900	0.51	0.49	0.49	0	0	0.51
207000	0.51	0.49	0.49	0	0	0.51
207100	0.51	0.49	0.49	0	0	0.51
207200	0.51	0.49	0.49	0	0	0.51
207300	0.51	0.49	0.49	0	0	0.51
207400	0.51	0.49	0.49	0	0	0.51
207500	0.51	0.49	0.49	0	0	0.51
207600	0.51	0.49	0.49	0	0	0.51
207700	0.51	0.49	0.49	0	0	0.51
207800	0.51	0.49	0.49	0	0	0.51
207900	0.51	0.49	0.49	0	0	0.51
208000	0.51	0.49	0.49	0	0	0.51
208100	0.51	0.49	0.49	0	0	0.51
208200	0.51	0.49	0.49	0	0	0.51
208300	0.51	0.49	0.49	0	0	0.51
208400	0.51	0.49	0.49	0	0	0.51
208500	0.51	0.49	0.49	0	0	0.51
208600	0.51	0.49	0.49	0	0	0.51
208700	0.51	0.49	0.49	0	0	0.51
208800	0.51	0.49	0.49	0	0	0.51
208900	0.51	0.49	0.49	0	0	0.51
209000	0.51	0.49	0.49	0	0	0.51
209100	0.51	0.49	0.49	0	0	0.51
209200	0.51	0.49	0.49	0	0	0.51
209300	0.51	0.49	0.49	0	0	0.51
209400	0.51	0.49	0.49	0	0	0.51
209500	0.51	0.49	0.49	0	0	0.51
209600	0.51	0.49	0.49	0	0	0.51
209700	0.51	0.49	0.49	0	0	0.51
209800	0.51	0.49	0.49	0	0	0.51
209900	0.51	0.49	0.49	0	0	0.51
210000	0.51	0.49	0.49	0	0	0.51
210100	0.51	0.49	0.49	0	0	0.51
210200	0.51	0.49	0.49	0	0	0.51
210300	0.51	0.49	0.49	0	0	0.51
210400	0.51	0.49	0.49	0	0	0.51
210500	0.51	0.49	0.49	0	0	0.51
210600	0.51	0.49	0.49	0	0	0.51
210700	0.51	0.49	0.49	0	0	0.51
210800	0.51	0.49	0.49	0	0	0.51
210900	0.51	0.49	0.49	0	0	0.51
211000	0.51	0.49	0.49	0	0	0.51
211100	0.51	0.49	0.49	0	0	0.51
211200	0.51	0.49	0.49	0	0	0.51
211300	0.51	0.49	0.49	0	0	0.51
211400	0.51	0.49	0.49	0	0	0.51
211500	0.51	0.49	0.49	0	0	0.51
211600	0.51	0.49	0.49	0	0	0.51
211700	0.51	0.49	0.49	0	0	0.51
211800	0.51	0.49	0.49	0	0	0.51
211900	0.51	0.49	0.49	0	0	0.51
212000	0.51	0.49	0.49	0	0	0.51
212100	0.51	0.49	0.49	0	0	0.51
212200	0.51	0.49	0.49	0	0	0.51
212300	0.51	0.49	0.49	0	0	0.51
212400	0.51	0.49	0.49	0	0	0.51
212500	0.51	0.49	0.49	0	0	0.51
212600	0.51	0.49	0.49	0	0	0.51
212700	0.51	0.49	0.49	0	0	0.51
212800	0.51	0.49	0.49	0	0	0.51
212900	0.51	0.49	0.49	0	0	0.51
213000	0.51	0.49	0.49	0	0	0.51
213100	0.51	0.49	0.49	0	0	0.51
213200	0.51	0.49	0.49	0	0	0.51
213300	0.51	0.49	0.49	0	0	0.51
213400	0.51	0.49	0.49	0	0	0.51
213500	0.51	0.49	0.49	0	0	0.51
213600	0.51	0.49	0.49	0	0	0.51
213700	0.51	0.49	0.49	0	0	0.51
213800	0.51	0.49	0.49	0	0	0.51
213900	0.51	0.49	0.49	0	0	0.51
214000	0.51	0.49	0.49	0	0	0.51
214100	0.51	0.49	0.49	0	0	0.51
214200	0.51	0.49	0.49	0	0	0.51
214300	0.51	0.49	0.49	0	0	0.51
214400	0.51	0.49	0.49	0	0	0.51
214500	0.51	0.49	0.49	0	0	0.51
214600	0.51	0.49	0.49	0	0	0.51
214700	0.51	0.49	0.49	0	0	0.51
214800	0.51	0.49	0.49	0	0	0.51
214900	0.51	0.49	0.49	0	0	0.51
215000	0.51	0.49	0.49	0	0	0.51
215100	0.51	0.49	0.49	0	0	0.51
215200	0.51	0.49	0.49	0	0	0.51
215300	0.51	0.49	0.49	0	0	0.51
215400	0.51	0.49	0.49	0	0	0.51
215500	0.51	0.49	0.49	0	0	0.51
215600	0.51	0.49	0.49	0	0	0.51
215700	0.51	0.49	0.49	0	0	0.51
215800	0.51	0.49	0.49	0	0	0.51
215900	0.51	0.49	0.49	0	0	0.51
216000	0.51	0.49	0.49	0	0	0.51
216100	0.51	0.49	0.49	0	0	0.51
216200	0.51	0.49	0.49	0	0	0.51
216300	0.51	0.49	0.49	0	0	0.51
216400	0.51	0.49	0.49	0	0	0.51
216500	0.51	0.49	0.49	0	0	0.51
216600	0.51	0.49	0.49	0	0	0.51
216700	0.51	0.49	0.49	0	0	0.51
216800	0.51	0.49	0.49	0	0	0.51
216900	0.51	0.49	0.49	0	0	0.51
217000	0.51	0.49	0.49	0	0	0.51
217100	0.51	0.49	0.49	0	0	0.51
217200	0.51	0.49	0.49	0	0	0.51
217300	0.51	0.49	0.49	0	0	0.51
217400	0.51	0.49	0.49	0	0	0.51
217500	0.51	0.49	0.49	0	0	0.51
217600	0.51	0.49	0.49	0	0	0.51
217700	0.51	0.49	0.49	0	0	0.51
217800	0.51	0.49	0.49	0	0	0.51
217900	0.51	0.49	0.49	0	0	0.51
218000	0.51	0.49	0.49	0	0	0.51
218100	0.51	0.49	0.49	0	0	0.51
218200	0.51	0.49	0.49	0	0	0.51
218300	0.51	0.49	0.49	0	0	0.51
218400	0.51	0.49	0.49	0	0	0.51
218500	0.51	0.49	0.49	0	0	0.51
218600	0.51	0.49	0.49	0	0	0.51
218700	0.51	0.49	0.49	0	0	0.51
218800	0.51	0.49	0.49	0	0	0.51
218900	0.51	0.49	0.49	0	0	0.51
219000	0.51	0.49	0.49	0	0	0.51
219100	0.51	0.49	0.49	0	0	0.51
219200	0.51	0.49	0.49	0	0	0.51
219300	0.51	0.49	0.49	0	0	0.51
219400	0.51	0.49	0.49	0	0	0.51
219500	0.51	0.49	0.49	0	0	0.51
219600	0.51	0.49	0.49	0	0	0.51
219700	0.51	0.49	0.49	0	0	0.51
219800	0.51	0.49	0.49	0	0	0.51
219900	0.51	0.49	0.49	0	0	0.51
220000	0.51	0.49	0.49	0	0	0.51
220100	0.51	0.49	0.49	0	0	0.51
220200	0.51	0.49	0.49	0	0	0.51
220300	0.51	0.49	0.49	0	0	0.51
220400	0.51	0.49	0.49	0	0	0.51
220500	0.51	0.49	0.49	0	0	0.51
220600	0.51	0.49	0.49	0	0	0.51
220700	0.51	0.49	0.49	0	0	0.51
220800	0.51	0.49	0.49	0	0	0.51
220900	0.51	0.49	0.49	0	0	0.51
221000	0.51	0.49	0.49	0	0	0.51
221100	0.51	0.49	0.49	0	0	0.51
221200	0.51	0.49	0.49	0	0	0.51
221300	0.51	0.49	0.49	0	0	0.51
221400	0.51	0.49	0.49	0	0	0.51
221500	0.51	0.49	0.49	0	0	0.51
221600	0.51	0.49	0.49	0	0	0.51
221700	0.51	0.49	0.49	0	0	0.51
221800	0.51	0.49	0.49	0	0	0.51
221900	0.51	0.49	0.49	0	0	0.51
222000	0.51	0.49	0.49	0	0	0.51
222100	0.51	0.49	0.49	0	0	0.51
222200	0.51	0.49	0.49	0	0	0.51
222300	0.51	0.49	0.49	0	0	0.51
222400	0.51	0.49	0.49	0	0	0.51
222500	0.51	0.49	0.49	0	0	0.51
222600	0.51	0.49	0.49	0	0	0.51
222700	0.51	0.49	0.49	0	0	0.51
222800	0.51	0.49	0.49	0	0	0.51
222900	0.51	0.49	0.49	0	0	0.51
223000	0.51	0.49	0.49	0	0	0.51
223100	0.51	0.49	0.49	0	0	0.51
223200	0.51	0.49	0.49	0	0	0.51
223300	0.51	0.49	0.49	0	0	0.51
223400	0.51	0.49	0.49	0	0	0.51
223500	0.51	0.49	0.49	0	0	0.51
223600	0.51	0.49	0.49	0	0	0.51
223700	0.5	0.49	0.49	0	0	0.5
223800	0.5	0.49	0.49	0	0	0.5
223900	0.5	0.49	0.49	0	0	0.5
224000	0.5	0.49	0.49	0	0	0.5
224100	0.5	0.49	0.49	0	0	0.5
224200	0.5	0.49	0.49	0	0	0.5
224300	0.5	0.49	0.49	0	0	0.5
224400	0.5	0.49	0.49	0	0	0.5
224500	0.5	0.49	0.49	0	0	0.5
224600	0.5	0.49	0.49	0	0	0.5
224700	0.5	0.49	0.49	0	0	0.5
224800	0.51	0.49	0.49	0	0	0.51
224900	0.51	0.49	0.49	0	0	0.51
225000	0.51	0.49	0.49	0	0	0.51
225100	0.51	0.49	0.49	0	0	0.51
225200	0.51	0.49	0.49	0	0	0.51
225300	0.51	0.49	0.49	0	0	0.51
225400	0.51	0.49	0.49	0	0	0.51
225500	0.51	0.49	0.49	0	0	0.51
225600	0.51	0.49	0.49	0	0	0.51
225700	0.51	0.49	0.49	0	0	0.51
225800	0.51	0.49	0.49	0	0	0.51
225900	0.51	0.49	0.49	0	0	0.51
226000	0.51	0.49	0.49	0	0	0.51
226100	0.51	0.49	0.49	0	0	0.51
226200	0.51	0.49	0.49	0	0	0.51
226300	0.51	0.49	0.49	0	0	0.51
226400	0.51	0.49	0.49	0	0	0.51
226500	0.51	0.49	0.49	0	0	0.51
226600	0.51	0.49	0.49	0	0	0.51
226700	0.51	0.49	0.49	0	0	0.51
226800	0.51	0.49	0.49	0	0	0.51
226900	0.51	0.49	0.49	0	0	0.51
227000	0.51	0.49	0.49	0	0	0.51
227100	0.51	0.49	0.49	0	0	0.51
227200	0.51	0.49	0.49	0	0	0.51
227300	0.51	0.49	0.49	0	0	0.51
227400	0.51	0.49	0.49	0	0	0.51
227500	0.51	0.49	0.49	0	0	0.51
227600	0.51	0.49	0.49	0	0	0.51
227700	0.51	0.49	0.49	0	0	0.51
227800	0.51	0.49	0.49	0	0	0.51
227900	0.51	0.49	0.49	0	0	0.51
228000	0.51	0.49	0.49	0	0	0.51
228100	0.51	0.49	0.49	0	0	0.51
228200	0.51	0.49	0.49	0	0	0.51
228300	0.51	0.49	0.49	0	0	0.51
228400	0.51	0.49	0.49	0	0	0.51
228500	0.51	0.49	0.49	0	0	0.51
228600	0.51	0.49	0.49	0	0	0.51
228700	0.51	0.49	0.49	0	0	0.51
228800	0.51	0.49	0.49	0	0	0.51
228900	0.51	0.49	0.49	0	0	0.51
229000	0.51	0.49	0.49	0	0	0.51
229100	0.51	0.49	0.49	0	0	0.51
229200	0.51	0.49	0.49	0	0	0.51
229300	0.51	0.49	0.49	0	0	0.51
229400	0.51	0.49	0.49	0	0	0.51
229500	0.51	0.49	0.49	0	0	0.51
229600	0.51	0.49	0.49	0	0	0.51
229700	0.51	0.49	0.49	0	0	0.51
229800	0.51	0.49	0.49	0	0	0.51
229900	0.51	0.49	0.49	0	0	0.51
230000	0.51	0.49	0.49	0	0	0.51
230100	0.51	0.49	0.49	0	0	0.51
230200	0.51	0.49	0.49	0	0	0.51
230300	0.51	0.49	0.49	0	0	0.51
230400	0.51	0.49	0.49	0	0	0.51
230500	0.51	0.49	0.49	0	0	0.51
230600	0.51	0.49	0.49	0	0	0.51
230700	0.51	0.49	0.49	0	0	0.51
230800	0.51	0.49	0.49	0	0	0.51
230900	0.51	0.49	0.49	0	0	0.51
231000	0.51	0.49	0.49	0	0	0.51
231100	0.51	0.49	0.49	0	0	0.51
231200	0.51	0.49	0.49	0	0	0.51
231300	0.51	0.49	0.49	0	0	0.51
231400	0.51	0.49	0.49	0	0	0.51
231500	0.51	0.49	0.49	0	0	0.51
231600	0.51	0.49	0.49	0	0	0.51
231700	0.51	0.49	0.49	0	0	0.51
231800	0.51	0.49	0.49	0	0	0.51
231900	0.51	0.49	0.49	0	0	0.51
232000	0.51	0.49	0.49	0	0	0.51
232100	0.51	0.49	0.49	0	0	0.51
232200	0.51	0.49	0.49	0	0	0.51
232300	0.51	0.49	0.49	0	0	0.51
232400	0.51	0.49	0.49	0	0	0.51
232500	0.51	0.49	0.49	0	0	0.51
232600	0.51	0.49	0.49	0	0	0.51
232700	0.51	0.49	0.49	0	0	0.51
232800	0.51	0.49	0.49	0	0	0.51
232900	0.51	0.49	0.49	0	0	0.51
233000	0.51	0.49	0.49	0	0	0.51
233100	0.51	0.49	0.49	0	0	0.51
233200	0.51	0.49	0.49	0	0	0.51
233300	0.51	0.49	0.49	0	0	0.51
233400	0.51	0.49	0.49	0	0	0.51
233500	0.51	0.49	0.49	0	0	0.51
233600	0.51	0.49	0.49	0	0	0.51
233700	0.51	0.49	0.49	0	0	0.51
233800	0.51	0.49	0.49	0	0	0.51
233900	0.51	0.49	0.49	0	0	0.51
234000	0.51	0.49	0.49	0	0	0.51
234100	0.51	0.49	0.49	0	0	0.51
234200	0.51	0.49	0.49	0	0	0.51
234300	0.51	0.49	0.49	0	0	0.51
234400	0.51	0.49	0.49	0	0	0.51
234500	0.51	0.49	0.49	0	0	0.51
234600	0.51	0.49	0.49	0	0	0.51
234700	0.51	0.49	0.49	0	0	0.51
234800	0.51	0.49	0.49	0	0	0.51
234900	0.51	0.49	0.49	0	0	0.51
235000	0.51	0.49	0.49	0	0	0.51
235100	0.51	0.49	0.49	0	0	0.51
235200	0.51	0.49	0.49	0	0	0.51
235300	0.51	0.49	0.49	0	0	0.51
235400	0.51	0.49	0.49	0	0	0.51
235500	0.51	0.49	0.49	0	0	0.51
235600	0.51	0.49	0.49	0	0	0.51
235700	0.51	0.49	0.49	0	0	0.51
235800	0.51	0.49	0.49	0	0	0.51
235900	0.51	0.49	0.49	0	0	0.51
236000	0.51	0.49	0.49	0	0	0.51
236100	0.51	0.49	0.49	0	0	0.51
236200	0.51	0.49	0.49	0	0	0.51
236300	0.51	0.49	0.49	0	0	0.51
236400	0.51	0.49	0.49	0	0	0.51
236500	0.51	0.49	0.49	0	0	0.51
236600	0.51	0.49	0.49	0	0	0.51
236700	0.51	0.49	0.49	0	0	0.51
236800	0.51	0.49	0.49	0	0	0.51
236900	0.51	0.49	0.49	0	0	0.51
237000	0.51	0.49	0.49	0	0	0.51
237100	0.51	0.49	0.49	0	0	0.51
237200	0.51	0.49	0.49	0	0	0.51
237300	0.51	0.49	0.49	0	0	0.51
237400	0.51	0.49	0.49	0	0	0.51
237500	0.51	0.49	0.49	0	0	0.51
237600	0.51	0.49	0.49	0	0	0.51
237700	0.51	0.49	0.49	0	0	0.51
237800	0.51	0.49	0.49	0	0	0.51
237900	0.51	0.49	0.49	0	0	0.51
238000	0.51	0.49	0.49	0	0	0.51
238100	0.51	0.49	0.49	0	0	0.51
238200	0.51	0.49	0.49	0	0	0.51
238300	0.51	0.49	0.49	0	0	0.51
238400	0.51	0.49	0.49	0	0	0.51
238500	0.51	0.49	0.49	0	0	0.51
238600	0.51	0.49	0.49	0	0	0.51
238700	0.51	0.49	0.49	0	0	0.51
238800	0.51	0.49	0.49	0	0	0.51
238900	0.51	0.49	0.49	0	0	0.51
239000	0.51	0.49	0.49	0	0	0.51
239100	0.51	0.49	0.49	0	0	0.51
239200	0.51	0.49	0.49	0	0	0.51
239300	0.51	0.49	0.49	0	0	0.51
239400	0.51	0.49	0.49	0	0	0.51
239500	0.51	0.49	0.49	0	0	0.51
239600	0.51	0.49	0.49	0	0	0.51
239700	0.51	0.49	0.49	0	0	0.51
239800	0.51	0.49	0.49	0	0	0.51
239900	0.51	0.49	0.49	0	0	0.51
240000	0.51	0.49	0.49	0	0	0.51
240100	0.51	0.49	0.49	0	0	0.51
240200	0.51	0.49	0.49	0	0	0.51
240300	0.51	0.49	0.49	0	0	0.51
240400	0.51	0.49	0.49	0	0	0.51
240500	0.51	0.49	0.49	0	0	0.51
240600	0.51	0.49	0.49	0	0	0.51
240700	0.51	0.49	0.49	0	0	0.51
240800	0.51	0.49	0.49	0	0	0.51
240900	0.51	0.49	0.49	0	0	0.51
241000	0.51	0.49	0.49	0	0	0.51
241100	0.51	0.49	0.49	0	0	0.51
241200	0.51	0.49	0.49	0	0	0.51
241300	0.51	0.49	0.49	0	0	0.51
241400	0.51	0.49	0.49	0	0	0.51
241500	0.51	0.49	0.49	0	0	0.51
241600	0.51	0.49	0.49	0	0	0.51
241700	0.51	0.49	0.49	0	0	0.51
241800	0.51	0.49	0.49	0	0	0.51
241900	0.51	0.49	0.49	0	0	0.51
242000	0.51	0.49	0.49	0	0	0.51
242100	0.51	0.49	0.49	0	0	0.51
242200	0.51	0.49	0.49	0	0	0.51
242300	0.51	0.49	0.49	0	0	0.51
242400	0.51	0.49	0.49	0	0	0.51
242500	0.51	0.49	0.49	0	0	0.51
242600	0.51	0.49	0.49	0	0	0.51
242700	0.51	0.49	0.49	0	0	0.51
242800	0.51	0.49	0.49	0	0	0.51
242900	0.51	0.49	0.49	0	0	0.51
243000	0.51	0.49	0.49	0	0	0.51
243100	0.51	0.49	0.49	0	0	0.51
243200	0.51	0.49	0.49	0	0	0.51
243300	0.51	0.49	0.49	0	0	0.51
243400	0.51	0.49	0.49	0	0	0.51
243500	0.51	0.49	0.49	0	0	0.51
243600	0.51	0.49	0.49	0	0	0.51
243700	0.51	0.49	0.49	0	0	0.51
243800	0.51	0.49	0.49	0	0	0.51
243900	0.51	0.49	0.49	0	0	0.51
244000	0.51	0.49	0.49	0	0	0.51
244100	0.51	0.49	0.49	0	0	0.51
244200	0.51	0.49	0.49	0	0	0.51
244300	0.51	0.49	0.49	0	0	0.51
244400	0.51	0.49	0.49	0	0	0.51
244500	0.51	0.49	0.49	0	0	0.51
244600	0.51	0.49	0.49	0	0	0.51
244700	0.51	0.49	0.49	0	0	0.51
244800	0.51	0.49	0.49	0	0	0.51
244900	0.51	0.49	0.49	0	0	0.51
245000	0.51	0.49	0.49	0	0	0.51
245100	0.51	0.49	0.49	0	0	0.51
245200	0.51	0.49	0.49	0	0	0.51
245300	0.51	0.49	0.49	0	0	0.51
245400	0.51	0.49	0.49	0	0	0.51
245500	0.51	0.49	0.49	0	0	0.51
245600	0.51	0.49	0.49	0	0	0.51
245700	0.51	0.49	0.49	0	0	0.51
245800	0.51	0.49	0.49	0	0	0.51
245900	0.51	0.49	0.49	0	0	0.51
246000	0.51	0.49	0.49	0	0	0.51
246100	0.51	0.49	0.49	0	0	0.51
246200	0.51	0.49	0.49	0	0	0.51
246300	0.51	0.49	0.49	0	0	0.51
246400	0.51	0.49	0.49	0	0	0.51
246500	0.51	0.49	0.49	0	0	0.51
246600	0.51	0.49	0.49	0	0	0.51
246700	0.51	0.49	0.49	0	0	0.51
246800	0.51	0.49	0.49	0	0	0.51
246900	0.51	0.49	0.49	0	0	0.51
247000	0.51	0.49	0.49	0	0	0.51
247100	0.51	0.49	0.49	0	0	0.51
247200	0.51	0.49	0.49	0	0	0.51
247300	0.51	0.49	0.49	0	0	0.51
247400	0.51	0.49	0.49	0	0	0.51
247500	0.51	0.49	0.49	0	0	0.51
247600	0.51	0.49	0.49	0	0	0.51
247700	0.51	0.49	0.49	0	0	0.51
247800	0.51	0.49	0.49	0	0	0.51
247900	0.51	0.49	0.49	0	0	0.51
248000	0.51	0.49	0.49	0	0	0.51
248100	0.51	0.49	0.49	0	0	0.51
248200	0.51	0.49	0.49	0	0	0.51
248300	0.51	0.49	0.49	0	0	0.51
248400	0.51	0.49	0.49	0	0	0.51
248500	0.51	0.49	0.49	0	0	0.51
248600	0.51	0.49	0.49	0	0	0.51
248700	0.51	0.49	0.49	0	0	0.51
248800	0.51	0.49	0.49	0	0	0.51
248900	0.51	0.49	0.49	0	0	0.51
249000	0.51	0.49	0.49	0	0	0.51
249100	0.51	0.49	0.49	0	0	0.51
249200	0.51	0.49	0.49	0	0	0.51
249300	0.51	0.49	0.49	0	0	0.51
249400	0.51	0.49	0.49	0	0	0.51
249500	0.51	0.49	0.49	0	0	0.51
249600	0.51	0.49	0.49	0	0	0.51
249700	0.51	0.49	0.49	0	0	0.51
249800	0.51	0.49	0.49	0	0	0.51
249900	0.51	0.49	0.49	0	0	0.51
250000	0.51	0.49	0.49	0	0	0.51
250100	0.51	0.49	0.49	0	0	0.51
250200	0.51	0.49	0.49	0	0	0.51
250300	0.51	0.49	0.49	0	0	0.51
250400	0.51	0.49	0.49	0	0	0.51
250500	0.51	0.49	0.49	0	0	0.51
250600	0.51	0.49	0.49	0	0	0.51
250700	0.51	0.49	0.49	0	0	0.51
250800	0.51	0.49	0.49	0	0	0.51
250900	0.51	0.49	0.49	0	0	0.51
251000	0.51	0.49	0.49	0	0	0.51
251100	0.51	0.49	0.49	0	0	0.51
251200	0.51	0.49	0.49	0	0	0.51
251300	0.51	0.49	0.49	0	0	0.51
251400	0.51	0.49	0.49	0	0	0.51
251500	0.51	0.49	0.49	0	0	0.51
251600	0.51	0.49	0.49	0	0	0.51
251700	0.51	0.49	0.49	0	0	0.51
251800	0.51	0.49	0.49	0	0	0.51
251900	0.51	0.49	0.49	0	0	0.51
252000	0.51	0.49	0.49	0	0	0.51
252100	0.51	0.49	0.49	0	0	0.51
252200	0.51	0.49	0.49	0	0	0.51
252300	0.51	0.49	0.49	0	0	0.51
252400	0.51	0.49	0.49	0	0	0.51
252500	0.51	0.49	0.49	0	0	0.51
252600	0.51	0.49	0.49	0	0	0.51
252700	0.51	0.49	0.49	0	0	0.51
252800	0.51	0.49	0.49	0	0	0.51
252900	0.51	0.49	0.49	0	0	0.51
253000	0.51	0.49	0.49	0	0	0.51
253100	0.51	0.49	0.49	0	0	0.51
253200	0.51	0.49	0.49	0	0	0.51
253300	0.51	0.49	0.49	0	0	0.51
253400	0.51	0.49	0.49	0	0	0.51
253500	0.51	0.49	0.49	0	0	0.51
253600	0.51	0.49	0.49	0	0	0.51
253700	0.51	0.49	0.49	0	0	0.51
253800	0.51	0.49	0.49	0	0	0.51
253900	0.51	0.49	0.49	0	0	0.51
254000	0.51	0.49	0.49	0	0	0.51
254100	0.51	0.49	0.49	0	0	0.51
254200	0.51	0.49	0.49	0	0	0.51
254300	0.51	0.49	0.49	0	0	0.51
254400	0.51	0.49	0.49	0	0	0.51
254500	0.51	0.49	0.49	0	0	0.51
254600	0.51	0.49	0.49	0	0	0.51
254700	0.51	0.49	0.49	0	0	0.51
254800	0.51	0.49	0.49	0	0	0.51
254900	0.51	0.49	0.49	0	0	0.51
255000	0.51	0.49	0.49	0	0	0.51
255100	0.51	0.49	0.49	0	0	0.51
255200	0.51	0.49	0.49	0	0	0.51
255300	0.51	0.49	0.49	0	0	0.51
255400	0.51	0.49	0.49	0	0	0.51
255500	0.51	0.49	0.49	0	0	0.51
255600	0.51	0.49	0.49	0	0	0.51
255700	0.51	0.49	0.49	0	0	0.51
255800	0.51	0.49	0.49	0	0	0.51
255900	0.51	0.49	0.49	0	0	0.51
256000	0.51	0.49	0.49	0	0	0.51
256100	0.51	0.49	0.49	0	0	0.51
256200	0.51	0.49	0.49	0	0	0.51
256300	0.51	0.49	0.49	0	0	0.51
256400	0.51	0.49	0.49	0	0	0.51
256500	0.51	0.49	0.49	0	0	0.51
256600	0.51	0.49	0.49	0	0	0.51
256700	0.51	0.49	0.49	0	0	0.51
256800	0.51	0.49	0.49	0	0	0.51
256900	0.51	0.49	0.49	0	0	0.51
257000	0.51	0.49	0.49	0	0	0.51
257100	0.51	0.49	0.49	0	0	0.51
257200	0.51	0.49	0.49	0	0	0.51
257300	0.51	0.49	0.49	0	0	0.51
257400	0.51	0.49	0.49	0	0	0.51
257500	0.51	0.49	0.49	0	0	0.51
257600	0.51	0.49	0.49	0	0	0.51
257700	0.51	0.49	0.49	0	0	0.51
257800	0.51	0.49	0.49	0	0	0.51
257900	0.51	0.49	0.49	0	0	0.51
258000	0.51	0.49	0.49	0	0	0.51
258100	0.51	0.49	0.49	0	0	0.51
258200	0.51	0.49	0.49	0	0	0.51
258300	0.51	0.49	0.49	0	0	0.51
258400	0.51	0.49	0.49	0	0	0.51
258500	0.51	0.49	0.49	0	0	0.51
258600	0.51	0.49	0.49	0	0	0.51
258700	0.51	0.49	0.49	0	0	0.51
258800	0.51	0.49	0.49	0	0	0.51
258900	0.51	0.49	0.49	0	0	0.51
259000	0.51	0.49	0.49	0	0	0.51
259100	0.51	0.49	0.49	0	0	0.51
259200	0.51	0.49	0.49	0	0	0.51
259300	0.51	0.49	0.49	0	0	0.51
259400	0.51	0.49	0.49	0	0	0.51
259500	0.51	0.49	0.49	0	0	0.51
259600	0.51	0.49	0.49	0	0	0.51
259700	0.51	0.49	0.49	0	0	0.51
259800	0.51	0.49	0.49	0	0	0.51
259900	0.51	0.49	0.49	0	0	0.51
260000	0.51	0.49	0.49	0	0	0.51
260100	0.51	0.49	0.49	0	0	0.51
260200	0.51	0.49	0.49	0	0	0.51
260300	0.51	0.49	0.49	0	0	0.51
260400	0.51	0.49	0.49	0	0	0.51
260500	0.51	0.49	0.49	0	0	0.51
260600	0.51	0.49	0.49	0	0	0.51
260700	0.51	0.49	0.49	0	0	0.51
260800	0.51	0.49	0.49	0	0	0.51
260900	0.51	0.49	0.49	0	0	0.51
261000	0.51	0.49	0.49	0	0	0.51
261100	0.51	0.49	0.49	0	0	0.51
261200	0.51	0.49	0.49	0	0	0.51
261300	0.51	0.49	0.49	0	0	0.51
261400	0.51	0.49	0.49	0	0	0.51
261500	0.51	0.49	0.49	0	0	0.51
261600	0.51	0.49	0.49	0	0	0.51
261700	0.51	0.49	0.49	0	0	0.51
261800	0.51	0.49	0.49	0	0	0.51
261900	0.51	0.49	0.49	0	0	0.51
262000	0.51	0.49	0.49	0	0	0.51
262100	0.51	0.49	0.49	0	0	0.51
262200	0.51	0.49	0.49	0	0	0.51
262300	0.51	0.49	0.49	0	0	0.51
262400	0.51	0.49	0.49	0	0	0.51
262500	0.51	0.49	0.49	0	0	0.51
262600	0.51	0.49	0.49	0	0	0.51
262700	0.51	0.49	0.49	0	0	0.51
262800	0.51	0.49	0.49	0	0	0.51
262900	0.51	0.49	0.49	0	0	0.51
263000	0.51	0.49	0.49	0	0	0.51
263100	0.51	0.49	0.49	0	0	0.51
263200	0.51	0.49	0.49	0	0	0.51
263300	0.51	0.49	0.49	0	0	0.51
263400	0.51	0.49	0.49	0	0	0.51
263500	0.51	0.49	0.49	0	0	0.51
263600	0.51	0.49	0.49	0	0	0.51
263700	0.51	0.49	0.49	0	0	0.51
263800	0.51	0.49	0.49	0	0	0.51
263900	0.51	0.49	0.49	0	0	0.51
264000	0.51	0.49	0.49	0	0	0.51
264100	0.51	0.49	0.49	0	0	0.51
264200	0.51	0.49	0.49	0	0	0.51
264300	0.51	0.49	0.49	0	0	0.51
264400	0.51	0.49	0.49	0	0	0.51
264500	0.51	0.49	0.49	0	0	0.51
264600	0.51	0.49	0.49	0	0	0.51
264700	0.51	0.49	0.49	0	0	0.51
264800	0.51	0.49	0.49	0	0	0.51
264900	0.51	0.49	0.49	0	0	0.51
265000	0.51	0.49	0.49	0	0	0.51
265100	0.51	0.49	0.49	0	0	0.51
265200	0.51	0.49	0.49	0	0	0.51
265300	0.51	0.49	0.49	0	0	0.51
265400	0.51	0.49	0.49	0	0	0.51
265500	0.51	0.49	0.49	0	0	0.51
265600	0.51	0.49	0.49	0	0	0.51
265700	0.51	0.49	0.49	0	0	0.51
265800	0.51	0.49	0.49	0	0	0.51
265900	0.51	0.49	0.49	0	0	0.51
266000	0.51	0.49	0.49	0	0	0.51
266100	0.51	0.49	0.49	0	0	0.51
266200	0.51	0.49	0.49	0	0	0.51
266300	0.51	0.49	0.49	0	0	0.51
266400	0.51	0.49	0.49	0	0	0.51
266500	0.51	0.49	0.49	0	0	0.51
266600	0.51	0.49	0.49	0	0	0.51
266700	0.51	0.49	0.49	0	0	0.51
266800	0.51	0.49	0.49	0	0	0.51
266900	0.51	0.49	0.49	0	0	0.51
267000	0.51	0.49	0.49	0	0	0.51
267100	0.51	0.49	0.49	0	0	0.51
267200	0.51	0.49	0.49	0	0	0.51
267300	0.51	0.49	0.49	0	0	0.51
267400	0.51	0.49	0.49	0	0	0.51
267500	0.51	0.49	0.49	0	0	0.51
267600	0.51	0.49	0.49	0	0	0.51
267700	0.51	0.49	0.49	0	0	0.51
267800	0.51	0.49	0.49	0	0	0.51
267900	0.51	0.49	0.49	0	0	0.51
268000	0.51	0.49	0.49	0	0	0.51
268100	0.51	0.49	0.49	0	0	0.51
268200	0.51	0.49	0.49	0	0	0.51
268300	0.51	0.49	0.49	0	0	0.51
268400	0.51	0.49	0.49	0	0	0.51
268500	0.51	0.49	0.49	0	0	0.51
268600	0.51	0.49	0.49	0	0	0.51
268700	0.51	0.49	0.49	0	0	0.51
268800	0.51	0.49	0.49	0	0	0.51
268900	0.51	0.49	0.49	0	0	0.51
269000	0.51	0.49	0.49	0	0	0.51
269100	0.51	0.49	0.49	0	0	0.51
269200	0.51	0.49	0.49	0	0	0.51
269300	0.51	0.49	0.49	0	0	0.51
269400	0.51	0.49	0.49	0	0	0.51
269500	0.51	0.49	0.49	0	0	0.51
269600	0.51	0.49	0.49	0	0	0.51
269700	0.51	0.49	0.49	0	0	0.51
269800	0.51	0.49	0.49	0	0	0.51
269900	0.51	0.49	0.49	0	0	0.51
270000	0.51	0.49	0.49	0	0	0.51
270100	0.51	0.49	0.49	0	0	0.51
270200	0.51	0.49	0.49	0	0	0.51
270300	0.51	0.49	0.49	0	0	0.51
270400	0.51	0.49	0.49	0	0	0.51
270500	0.51	0.49	0.49	0	0	0.51
270600	0.51	0.49	0.49	0	0	0.51
270700	0.51	0.49	0.49	0	0	0.51
270800	0.51	0.49	0.49	0	0	0.51
270900	0.51	0.49	0.49	0	0	0.51
271000	0.51	0.49	0.49	0	0	0.51
271100	0.51	0.49	0.49	0	0	0.51
271200	0.51	0.49	0.49	0	0	0.51
271300	0.51	0.49	0.49	0	0	0.51
271400	0.51	0.49	0.49	0	0	0.51
271500	0.51	0.49	0.49	0	0	0.51
271600	0.51	0.49	0.49	0	0	0.51
271700	0.51	0.49	0.49	0	0	0.51
271800	0.51	0.49	0.49	0	0	0.51
271900	0.51	0.49	0.49	0	0	0.51
272000	0.51	0.49	0.49	0	0	0.51
272100	0.51	0.49	0.49	0	0	0.51
272200	0.51	0.49	0.49	0	0	0.51
272300	0.51	0.49	0.49	0	0	0.51
272400	0.51	0.49	0.49	0	0	0.51
272500	0.51	0.49	0.49	0	0	0.51
272600	0.51	0.49	0.49	0	0	0.51
272700	0.51	0.49	0.49	0	0	0.51
272800	0.51	0.49	0.49	0	0	0.51
272900	0.51	0.49	0.49	0	0	0.51
273000	0.51	0.49	0.49	0	0	0.51
273100	0.51	0.49	0.49	0	0	0.51
273200	0.51	0.49	0.49	0	0	0.51
273300	0.51	0.49	0.49	0	0	0.51
273400	0.51	0.49	0.49	0	0	0.51
273500	0.51	0.49	0.49	0	0	0.51
273600	0.51	0.49	0.49	0	0	0.51
273700	0.51	0.49	0.49	0	0	0.51
273800	0.51	0.49	0.49	0	0	0.51
273900	0.51	0.49	0.49	0	0	0.51
274000	0.51	0.49	0.49	0	0	0.51
274100	0.51	0.49	0.49	0	0	0.51
274200	0.51	0.49	0.49	0	0	0.51
274300	0.51	0.49	0.49	0	0	0.51
274400	0.51	0.49	0.49	0	0	0.51
274500	0.51	0.49	0.49	0	0	0.51
274600	0.51	0.49	0.49	0	0	0.51
274700	0.51	0.49	0.49	0	0	0.51
274800	0.51	0.49	0.49	0	0	0.51
274900	0.51	0.49	0.49	0	0	0.51
275000	0.51	0.49	0.49	0	0	0.51
275100	0.51	0.49	0.49	0	0	0.51
275200	0.51	0.49	0.49	0	0	0.51
275300	0.51	0.49	0.49	0	0	0.51
275400	0.51	0.49	0.49	0	0	0.51
275500	0.51	0.49	0.49	0	0	0.51
275600	0.51	0.49	0.49	0	0	0.51
275700	0.51	0.49	0.49	0	0	0.51
275800	0.51	0.49	0.49	0	0	0.51
275900	0.51	0.49	0.49	0	0	0.51
276000	0.51	0.49	0.49	0	0	0.51
276100	0.51	0.49	0.49	0	0	0.51
276200	0.51	0.49	0.49	0	0	0.51
276300	0.51	0.49	0.49	0	0	0.51
276400	0.51	0.49	0.49	0	0	0.51
276500	0.51	0.49	0.49	0	0	0.51
276600	0.51	0.49	0.49	0	0	0.51
276700	0.51	0.49	0.49	0	0	0.51
276800	0.51	0.49	0.49	0	0	0.51
276900	0.51	0.49	0.49	0	0	0.51
277000	0.51	0.49	0.49	0	0	0.51
277100	0.51	0.49	0.49	0	0	0.51
277200	0.51	0.49	0.49	0	0	0.51
277300	0.51	0.49	0.49	0	0	0.51
277400	0.51	0.49	0.49	0	0	0.51
277500	0.51	0.49	0.49	0	0	0.51
277600	0.51	0.49	0.49	0	0	0.51
277700	0.51	0.49	0.49	0	0	0.51
277800	0.51	0.49	0.49	0	0	0.51
277900	0.51	0.49	0.49	0	0	0.51
278000	0.51	0.49	0.49	0	0	0.51
278100	0.51	0.49	0.49	0	0	0.51
278200	0.51	0.49	0.49	0	0	0.51
278300	0.51	0.49	0.49	0	0	0.51
278400	0.51	0.49	0.49	0	0	0.51
278500	0.51	0.49	0.49	0	0	0.51
278600	0.51	0.49	0.49	0	0	0.51
278700	0.51	0.49	0.49	0	0	0.51
278800	0.51	0.49	0.49	0	0	0.51
278900	0.51	0.49	0.49	0	0	0.51
279000	0.51	0.49	0.49	0	0	0.51
279100	0.51	0.49	0.49	0	0	0.51
279200	0.51	0.49	0.49	0	0	0.51
279300	0.51	0.49	0.49	0	0	0.51
279400	0.51	0.49	0.49	0	0	0.51
279500	0.51	0.49	0.49	0	0	0.51
279600	0.51	0.49	0.49	0	0	0.51
279700	0.51	0.49	0.49	0	0	0.51
279800	0.51	0.49	0.49	0	0	0.51
279900	0.51	0.49	0.49	0	0	0.51
280000	0.51	0.49	0.49	0	0	0.51
280100	0.51	0.49	0.49	0	0	0.51
280200	0.51	0.49	0.49	0	0	0.51
280300	0.51	0.49	0.49	0	0	0.51
280400	0.51	0.49	0.49	0	0	0.51
280500	0.51	0.48	0.48	0	0	0.51
280600	0.51	0.48	0.48	0	0	0.51
280700	0.51	0.48	0.48	0	0	0.51
280800	0.51	0.48	0.48	0	0	0.51
280900	0.51	0.48	0.48	0	0	0.51
281000	0.51	0.48	0.48	0	0	0.51
281100	0.51	0.48	0.48	0	0	0.51
281200	0.51	0.48	0.48	0	0	0.51
281300	0.51	0.48	0.48	0	0	0.51
281400	0.51	0.48	0.48	0	0	0.51
281500	0.51	0.48	0.48	0	0	0.51
281600	0.51	0.48	0.48	0	0	0.51
281700	0.51	0.48	0.48	0	0	0.51
281800	0.51	0.48	0.48	0	0	0.51
281900	0.51	0.48	0.48	0	0	0.51
282000	0.51	0.48	0.48	0	0	0.51
282100	0.51	0.48	0.48	0	0	0.51
282200	0.51	0.48	0.48	0	0	0.51
282300	0.51	0.48	0.48	0	0	0.51
282400	0.51	0.48	0.48	0	0	0.51
282500	0.51	0.48	0.48	0	0	0.51
282600	0.51	0.48	0.48	0	0	0.51
282700	0.51	0.48	0.48	0	0	0.51
282800	0.51	0.48	0.48	0	0	0.51
282900	0.51	0.48	0.48	0	0	0.51
283000	0.51	0.48	0.48	0	0	0.51
283100	0.51	0.48	0.48	0	0	0.51
283200	0.51	0.48	0.48	0	0	0.51
283300	0.51	0.48	0.48	0	0	0.51
283400	0.51	0.48	0.48	0	0	0.51
283500	0.51	0.48	0.48	0	0	0.51
283600	0.51	0.48	0.48	0	0	0.51
283700	0.51	0.48	0.48	0	0	0.51
283800	0.51	0.48	0.48	0	0	0.51
283900	0.51	0.48	0.48	0	0	0.51
284000	0.51	0.48	0.48	0	0	0.51
284100	0.51	0.48	0.48	0	0	0.51
284200	0.51	0.48	0.48	0	0	0.51
284300	0.51	0.48	0.48	0	0	0.51
284400	0.51	0.48	0.48	0	0	0.51
284500	0.51	0.48	0.48	0	0	0.51
284600	0.51	0.48	0.48	0	0	0.51
284700	0.51	0.48	0.48	0	0	0.51
284800	0.51	0.48	0.48	0	0	0.51
284900	0.51	0.48	0.48	0	0	0.51
285000	0.51	0.48	0.48	0	0	0.51
285100	0.51	0.48	0.48	0	0	0.51
285200	0.51	0.48	0.48	0	0	0.51
285300	0.51	0.48	0.48	0	0	0.51
285400	0.51	0.49	0.49	0	0	0.51
285500	0.51	0.49	0.49	0	0	0.51
285600	0.51	0.49	0.49	0	0	0.51
285700	0.51	0.49	0.49	0	0	0.51
285800	0.51	0.49	0.49	0	0	0.51
285900	0.51	0.49	0.49	0	0	0.51
286000	0.51	0.49	0.49	0	0	0.51
286100	0.51	0.49	0.49	0	0	0.51
286200	0.51	0.49	0.49	0	0	0.51
286300	0.51	0.49	0.49	0	0	0.51
286400	0.51	0.49	0.49	0	0	0.51
286500	0.51	0.49	0.49	0	0	0.51
286600	0.51	0.49	0.49	0	0	0.51
286700	0.51	0.49	0.49	0	0	0.51
286800	0.51	0.49	0.49	0	0	0.51
286900	0.51	0.49	0.49	0	0	0.51
287000	0.51	0.49	0.49	0	0	0.51
287100	0.51	0.49	0.49	0	0	0.51
287200	0.51	0.49	0.49	0	0	0.51
287300	0.51	0.49	0.49	0	0	0.51
287400	0.51	0.49	0.49	0	0	0.51
287500	0.51	0.49	0.49	0	0	0.51
287600	0.51	0.49	0.49	0	0	0.51
287700	0.51	0.49	0.49	0	0	0.51
287800	0.51	0.49	0.49	0	0	0.51
287900	0.51	0.49	0.49	0	0	0.51
288000	0.5	0.49	0.49	0	0	0.5
288100	0.5	0.49	0.49	0	0	0.5
288200	0.5	0.49	0.49	0	0	0.5
288300	0.5	0.49	0.49	0	0	0.5
288400	0.5	0.49	0.49	0	0	0.5
288500	0.5	0.49	0.49	0	0	0.5
288600	0.5	0.49	0.49	0	0	0.5
288700	0.5	0.49	0.49	0	0	0.5
288800	0.5	0.49	0.49	0	0	0.5
288900	0.5	0.49	0.49	0	0	0.5
289000	0.5	0.49	0.49	0	0	0.5
289100	0.5	0.49	0.49	0	0	0.5
289200	0.5	0.49	0.49	0	0	0.5
289300	0.5	0.49	0.49	0	0	0.5
289400	0.5	0.49	0.49	0	0	0.5
289500	0.5	0.49	0.49	0	0	0.5
289600	0.5	0.49	0.49	0	0	0.5
289700	0.5	0.49	0.49	0	0	0.5
289800	0.5	0.49	0.49	0	0	0.5
289900	0.5	0.49	0.49	0	0	0.5
290000	0.5	0.49	0.49	0	0	0.5
290100	0.5	0.49	0.49	0	0	0.5
290200	0.5	0.49	0.49	0	0	0.5
290300	0.5	0.49	0.49	0	0	0.5
290400	0.5	0.49	0.49	0	0	0.5
290500	0.5	0.49	0.49	0	0	0.5
290600	0.5	0.49	0.49	0	0	0.5
290700	0.5	0.49	0.49	0	0	0.5
290800	0.5	0.49	0.49	0	0	0.5
290900	0.5	0.49	0.49	0	0	0.5
291000	0.5	0.49	0.49	0	0	0.5
291100	0.5	0.49	0.49	0	0	0.5
291200	0.5	0.49	0.49	0	0	0.5
291300	0.5	0.49	0.49	0	0	0.5
291400	0.5	0.49	0.49	0	0	0.5
291500	0.5	0.49	0.49	0	0	0.5
291600	0.5	0.49	0.49	0	0	0.5
291700	0.5	0.49	0.49	0	0	0.5
291800	0.5	0.49	0.49	0	0	0.5
291900	0.5	0.49	0.49	0	0	0.5
292000	0.5	0.49	0.49	0	0	0.5
292100	0.5	0.49	0.49	0	0	0.5
292200	0.5	0.49	0.49	0	0	0.5
292300	0.5	0.49	0.49	0	0	0.5
292400	0.5	0.49	0.49	0	0	0.5
292500	0.5	0.49	0.49	0	0	0.5
292600	0.5	0.49	0.49	0	0	0.5
292700	0.5	0.49	0.49	0	0	0.5
292800	0.5	0.49	0.49	0	0	0.5
292900	0.5	0.49	0.49	0	0	0.5
293000	0.5	0.49	0.49	0	0	0.5
293100	0.5	0.49	0.49	0	0	0.5
293200	0.5	0.49	0.49	0	0	0.5
293300	0.5	0.49	0.49	0	0	0.5
293400	0.5	0.49	0.49	0	0	0.5
293500	0.5	0.49	0.49	0	0	0.5
293600	0.5	0.49	0.49	0	0	0.5
293700	0.5	0.49	0.49	0	0	0.5
293800	0.5	0.49	0.49	0	0	0.5
293900	0.5	0.49	0.49	0	0	0.5
294000	0.5	0.49	0.49	0	0	0.5
294100	0.5	0.49	0.49	0	0	0.5
294200	0.5	0.49	0.49	0	0	0.5
294300	0.5	0.49	0.49	0	0	0.5
294400	0.5	0.49	0.49	0	0	0.5
294500	0.5	0.49	0.49	0	0	0.5
294600	0.5	0.49	0.49	0	0	0.5
294700	0.5	0.49	0.49	0	0	0.5
294800	0.5	0.49	0.49	0	0	0.5
294900	0.5	0.49	0.49	0	0	0.5
295000	0.5	0.49	0.49	0	0	0.5
295100	0.5	0.49	0.49	0	0	0.5
295200	0.5	0.49	0.49	0	0	0.5
295300	0.5	0.49	0.49	0	0	0.5
295400	0.5	0.49	0.49	0	0	0.5
295500	0.5	0.49	0.49	0	0	0.5
295600	0.5	0.49	0.49	0	0	0.5
295700	0.5	0.49	0.49	0	0	0.5
295800	0.5	0.49	0.49	0	0	0.5
295900	0.5	0.49	0.49	0	0	0.5
296000	0.5	0.49	0.49	0	0	0.5
296100	0.5	0.49	0.49	0	0	0.5
296200	0.5	0.49	0.49	0	0	0.5
296300	0.5	0.49	0.49	0	0	0.5
296400	0.5	0.49	0.49	0	0	0.5
296500	0.5	0.49	0.49	0	0	0.5
296600	0.5	0.49	0.49	0	0	0.5
296700	0.5	0.49	0.49	0	0	0.5
296800	0.5	0.49	0.49	0	0	0.5
296900	0.5	0.49	0.49	0	0	0.5
297000	0.5	0.49	0.49	0	0	0.5
297100	0.5	0.49	0.49	0	0	0.5
297200	0.5	0.49	0.49	0	0	0.5
297300	0.5	0.49	0.49	0	0	0.5
297400	0.5	0.49	0.49	0	0	0.5
297500	0.5	0.49	0.49	0	0	0.5
297600	0.5	0.49	0.49	0	0	0.5
297700	0.5	0.49	0.49	0	0	0.5
297800	0.5	0.49	0.49	0	0	0.5
297900	0.5	0.49	0.49	0	0	0.5
298000	0.5	0.49	0.49	0	0	0.5
298100	0.5	0.49	0.49	0	0	0.5
298200	0.5	0.49	0.49	0	0	0.5
298300	0.5	0.49	0.49	0	0	0.5
298400	0.5	0.49	0.49	0	0	0.5
298500	0.5	0.49	0.49	0	0	0.5
298600	0.5	0.49	0.49	0	0	0.5
298700	0.5	0.49	0.49	0	0	0.5
298800	0.5	0.49	0.49	0	0	0.5
298900	0.5	0.49	0.49	0	0	0.5
299000	0.5	0.49	0.49	0	0	0.5
299100	0.5	0.49	0.49	0	0	0.5
299200	0.5	0.49	0.49	0	0	0.5
299300	0.5	0.49	0.49	0	0	0.5
299400	0.5	0.49	0.49	0	0	0.5
299500	0.5	0.49	0.49	0	0	0.5
299600	0.5	0.49	0.49	0	0	0.5
299700	0.5	0.49	0.49	0	0	0.5
299800	0.5	0.49	0.49	0	0	0.5
299900	0.5	0.49	0.49	0	0	0.5
300000	0.5	0.49	0.49	0	0	0.5
