100	0.06	0.05	0.05	0	0	0.06
200	0.09	0.05	0.05	0	0	0.09
300	0.12	0.06	0.06	0	0	0.12
400	0.14	0.07	0.07	0	0	0.14
500	0.15	0.03	0.03	0	0	0.15
600	0.15	0.04	0.04	0	0	0.15
700	0.14	0.05	0.05	0	0	0.14
800	0.14	0.03	0.03	0	0	0.14
900	0.14	0.03	0.03	0	0	0.14
1000	0.14	0.03	0.03	0	0	0.14
1100	0.17	0.03	0.03	0	0	0.17
1200	0.17	0.03	0.03	0	0	0.17
1300	0.19	0.04	0.04	0	0	0.19
1400	0.22	0.02	0.02	0	0	0.22
1500	0.22	0.03	0.03	0	0	0.22
1600	0.22	0.04	0.04	0	0	0.22
1700	0.21	0.04	0.04	0	0	0.21
1800	0.22	0.03	0.03	0	0	0.22
1900	0.23	0.04	0.04	0	0	0.23
2000	0.22	0.04	0.04	0	0	0.22
2100	0.2	0.03	0.03	0	0	0.2
2200	0.2	0.02	0.02	0	0	0.2
2300	0.2	0.03	0.03	0	0	0.2
2400	0.2	0.04	0.04	0	0	0.2
2500	0.2	0.06	0.06	0	0	0.2
2600	0.21	0.09	0.09	0	0	0.21
2700	0.22	0.09	0.09	0	0	0.22
2800	0.22	0.09	0.09	0	0	0.22
2900	0.22	0.07	0.07	0	0	0.22
3000	0.22	0.06	0.06	0	0	0.22
3100	0.2	0.03	0.03	0	0	0.2
3200	0.2	0.04	0.04	0	0	0.2
3300	0.2	0.02	0.02	0	0	0.2
3400	0.2	0.03	0.03	0	0	0.2
3500	0.21	0.04	0.04	0	0	0.21
3600	0.21	0.04	0.04	0	0	0.21
3700	0.23	0.03	0.03	0	0	0.23
3800	0.25	0.02	0.02	0	0	0.25
3900	0.25	0.03	0.03	0	0	0.25
4000	0.23	0.02	0.02	0	0	0.23
4100	0.21	0.03	0.03	0	0	0.21
4200	0.2	0.04	0.04	0	0	0.2
4300	0.19	0.06	0.06	0	0	0.19
4400	0.19	0.06	0.06	0	0	0.19
4500	0.19	0.03	0.03	0	0	0.19
4600	0.19	0.05	0.05	0	0	0.19
4700	0.18	0.06	0.06	0	0	0.18
4800	0.18	0.06	0.06	0	0	0.18
4900	0.2	0.05	0.05	0	0	0.2
5000	0.2	0.05	0.05	0	0	0.2
5100	0.21	0.03	0.03	0	0	0.21
5200	0.22	0.01	0.01	0	0	0.22
5300	0.23	0.01	0.01	0	0	0.23
5400	0.23	0.02	0.02	0	0	0.23
5500	0.22	0.02	0.02	0	0	0.22
5600	0.21	0.02	0.02	0	0	0.21
5700	0.21	0.01	0.01	0	0	0.21
5800	0.2	0	0	0	0	0.2
5900	0.19	0.01	0.01	0	0	0.19
6000	0.2	0.01	0.01	0	0	0.2
6100	0.21	0.01	0.01	0	0	0.21
6200	0.23	0.02	0.02	0	0	0.23
6300	0.26	0.02	0.02	0	0	0.26
6400	0.25	0.03	0.03	0	0	0.25
6500	0.25	0.03	0.03	0	0	0.25
6600	0.24	0.03	0.03	0	0	0.24
6700	0.25	0.02	0.02	0	0	0.25
6800	0.24	0.01	0.01	0	0	0.24
6900	0.23	0.02	0.02	0	0	0.23
7000	0.23	0.03	0.03	0	0	0.23
7100	0.24	0.05	0.05	0	0	0.24
7200	0.23	0.05	0.05	0	0	0.23
7300	0.23	0.05	0.05	0	0	0.23
7400	0.24	0.06	0.06	0	0	0.24
7500	0.24	0.06	0.06	0	0	0.24
7600	0.24	0.06	0.06	0	0	0.24
7700	0.24	0.06	0.06	0	0	0.24
7800	0.25	0.07	0.07	0	0	0.25
7900	0.25	0.09	0.09	0	0	0.25
8000	0.27	0.09	0.09	0	0	0.27
8100	0.28	0.1	0.1	0	0	0.28
8200	0.28	0.1	0.1	0	0	0.28
8300	0.28	0.1	0.1	0	0	0.28
8400	0.28	0.12	0.12	0	0	0.28
8500	0.27	0.1	0.1	0	0	0.27
8600	0.27	0.1	0.1	0	0	0.27
8700	0.27	0.1	0.1	0	0	0.27
8800	0.27	0.1	0.1	0	0	0.27
8900	0.28	0.1	0.1	0	0	0.28
9000	0.28	0.12	0.12	0	0	0.28
9100	0.28	0.1	0.1	0	0	0.28
9200	0.3	0.1	0.1	0	0	0.3
9300	0.3	0.1	0.1	0	0	0.3
9400	0.31	0.12	0.12	0	0	0.31
9500	0.31	0.12	0.12	0	0	0.31
9600	0.31	0.13	0.13	0	0	0.31
9700	0.31	0.13	0.13	0	0	0.31
9800	0.32	0.13	0.13	0	0	0.32
9900	0.31	0.14	0.14	0	0	0.31
10000	0.31	0.14	0.14	0	0	0.31
10100	0.31	0.13	0.13	0	0	0.31
10200	0.31	0.14	0.14	0	0	0.31
10300	0.32	0.14	0.14	0	0	0.32
10400	0.32	0.14	0.14	0	0	0.32
10500	0.32	0.14	0.14	0	0	0.32
10600	0.32	0.14	0.14	0	0	0.32
10700	0.32	0.14	0.14	0	0	0.32
10800	0.32	0.16	0.16	0	0	0.32
10900	0.31	0.15	0.15	0	0	0.31
11000	0.31	0.16	0.16	0	0	0.31
11100	0.31	0.17	0.17	0	0	0.31
11200	0.31	0.16	0.16	0	0	0.31
11300	0.31	0.16	0.16	0	0	0.31
11400	0.32	0.15	0.15	0	0	0.32
11500	0.34	0.15	0.15	0	0	0.34
11600	0.35	0.14	0.14	0	0	0.35
11700	0.36	0.14	0.14	0	0	0.36
11800	0.37	0.12	0.12	0	0	0.37
11900	0.37	0.13	0.13	0	0	0.37
12000	0.37	0.13	0.13	0	0	0.37
12100	0.35	0.13	0.13	0	0	0.35
12200	0.35	0.14	0.14	0	0	0.35
12300	0.35	0.14	0.14	0	0	0.35
12400	0.35	0.15	0.15	0	0	0.35
12500	0.37	0.15	0.15	0	0	0.37
12600	0.37	0.14	0.14	0	0	0.37
12700	0.38	0.14	0.14	0	0	0.38
12800	0.36	0.13	0.13	0	0	0.36
12900	0.36	0.14	0.14	0	0	0.36
13000	0.37	0.14	0.14	0	0	0.37
13100	0.38	0.15	0.15	0	0	0.38
13200	0.38	0.14	0.14	0	0	0.38
13300	0.38	0.15	0.15	0	0	0.38
13400	0.38	0.15	0.15	0	0	0.38
13500	0.38	0.14	0.14	0	0	0.38
13600	0.36	0.13	0.13	0	0	0.36
13700	0.36	0.11	0.11	0	0	0.36
13800	0.36	0.12	0.12	0	0	0.36
13900	0.36	0.12	0.12	0	0	0.36
14000	0.37	0.13	0.13	0	0	0.37
14100	0.38	0.13	0.13	0	0	0.38
14200	0.38	0.13	0.13	0	0	0.38
14300	0.38	0.14	0.14	0	0	0.38
14400	0.38	0.15	0.15	0	0	0.38
14500	0.38	0.16	0.16	0	0	0.38
14600	0.37	0.15	0.15	0	0	0.37
14700	0.37	0.14	0.14	0	0	0.37
14800	0.37	0.15	0.15	0	0	0.37
14900	0.38	0.15	0.15	0	0	0.38
15000	0.38	0.15	0.15	0	0	0.38
15100	0.39	0.15	0.15	0	0	0.39
15200	0.39	0.15	0.15	0	0	0.39
15300	0.39	0.16	0.16	0	0	0.39
15400	0.39	0.16	0.16	0	0	0.39
15500	0.39	0.17	0.17	0	0	0.39
15600	0.38	0.17	0.17	0	0	0.38
15700	0.38	0.17	0.17	0	0	0.38
15800	0.38	0.17	0.17	0	0	0.38
15900	0.38	0.17	0.17	0	0	0.38
16000	0.41	0.19	0.19	0	0	0.41
16100	0.41	0.18	0.18	0	0	0.41
16200	0.41	0.2	0.2	0	0	0.41
16300	0.41	0.19	0.19	0	0	0.41
16400	0.41	0.19	0.19	0	0	0.41
16500	0.42	0.2	0.2	0	0	0.42
16600	0.42	0.21	0.21	0	0	0.42
16700	0.41	0.21	0.21	0	0	0.41
16800	0.4	0.21	0.21	0	0	0.4
16900	0.4	0.22	0.22	0	0	0.4
17000	0.4	0.22	0.22	0	0	0.4
17100	0.4	0.22	0.22	0	0	0.4
17200	0.4	0.22	0.22	0	0	0.4
17300	0.4	0.21	0.21	0	0	0.4
17400	0.41	0.21	0.21	0	0	0.41
17500	0.41	0.21	0.21	0	0	0.41
17600	0.41	0.21	0.21	0	0	0.41
17700	0.4	0.21	0.21	0	0	0.4
17800	0.41	0.21	0.21	0	0	0.41
17900	0.41	0.21	0.21	0	0	0.41
18000	0.41	0.22	0.22	0	0	0.41
18100	0.41	0.24	0.24	0	0	0.41
18200	0.41	0.24	0.24	0	0	0.41
18300	0.41	0.24	0.24	0	0	0.41
18400	0.41	0.24	0.24	0	0	0.41
18500	0.41	0.22	0.22	0	0	0.41
18600	0.41	0.22	0.22	0	0	0.41
18700	0.41	0.22	0.22	0	0	0.41
18800	0.42	0.23	0.23	0	0	0.42
18900	0.42	0.23	0.23	0	0	0.42
19000	0.42	0.23	0.23	0	0	0.42
19100	0.42	0.23	0.23	0	0	0.42
19200	0.42	0.23	0.23	0	0	0.42
19300	0.42	0.23	0.23	0	0	0.42
19400	0.43	0.23	0.23	0	0	0.43
19500	0.43	0.22	0.22	0	0	0.43
19600	0.41	0.23	0.23	0	0	0.41
19700	0.41	0.23	0.23	0	0	0.41
19800	0.41	0.23	0.23	0	0	0.41
19900	0.41	0.23	0.23	0	0	0.41
20000	0.41	0.23	0.23	0	0	0.41
20100	0.4	0.23	0.23	0	0	0.4
20200	0.4	0.23	0.23	0	0	0.4
20300	0.4	0.23	0.23	0	0	0.4
20400	0.4	0.24	0.24	0	0	0.4
20500	0.4	0.24	0.24	0	0	0.4
20600	0.4	0.25	0.25	0	0	0.4
20700	0.4	0.25	0.25	0	0	0.4
20800	0.4	0.24	0.24	0	0	0.4
20900	0.4	0.24	0.24	0	0	0.4
21000	0.4	0.23	0.23	0	0	0.4
21100	0.41	0.23	0.23	0	0	0.41
21200	0.41	0.23	0.23	0	0	0.41
21300	0.41	0.23	0.23	0	0	0.41
21400	0.41	0.23	0.23	0	0	0.41
21500	0.41	0.23	0.23	0	0	0.41
21600	0.42	0.23	0.23	0	0	0.42
21700	0.42	0.23	0.23	0	0	0.42
21800	0.42	0.24	0.24	0	0	0.42
21900	0.42	0.25	0.25	0	0	0.42
22000	0.43	0.24	0.24	0	0	0.43
22100	0.43	0.24	0.24	0	0	0.43
22200	0.43	0.24	0.24	0	0	0.43
22300	0.43	0.25	0.25	0	0	0.43
22400	0.43	0.25	0.25	0	0	0.43
22500	0.44	0.26	0.26	0	0	0.44
22600	0.43	0.26	0.26	0	0	0.43
22700	0.42	0.26	0.26	0	0	0.42
22800	0.42	0.26	0.26	0	0	0.42
22900	0.43	0.25	0.25	0	0	0.43
23000	0.42	0.25	0.25	0	0	0.42
23100	0.43	0.26	0.26	0	0	0.43
23200	0.44	0.25	0.25	0	0	0.44
23300	0.43	0.26	0.26	0	0	0.43
23400	0.43	0.26	0.26	0	0	0.43
23500	0.43	0.26	0.26	0	0	0.43
23600	0.43	0.26	0.26	0	0	0.43
23700	0.43	0.25	0.25	0	0	0.43
23800	0.43	0.24	0.24	0	0	0.43
23900	0.43	0.24	0.24	0	0	0.43
24000	0.43	0.24	0.24	0	0	0.43
24100	0.43	0.25	0.25	0	0	0.43
24200	0.43	0.25	0.25	0	0	0.43
24300	0.43	0.25	0.25	0	0	0.43
24400	0.43	0.26	0.26	0	0	0.43
24500	0.43	0.28	0.28	0	0	0.43
24600	0.43	0.28	0.28	0	0	0.43
24700	0.43	0.28	0.28	0	0	0.43
24800	0.43	0.28	0.28	0	0	0.43
24900	0.44	0.28	0.28	0	0	0.44
25000	0.44	0.28	0.28	0	0	0.44
25100	0.44	0.28	0.28	0	0	0.44
25200	0.44	0.27	0.27	0	0	0.44
25300	0.43	0.26	0.26	0	0	0.43
25400	0.43	0.26	0.26	0	0	0.43
25500	0.43	0.26	0.26	0	0	0.43
25600	0.43	0.27	0.27	0	0	0.43
25700	0.43	0.26	0.26	0	0	0.43
25800	0.43	0.26	0.26	0	0	0.43
25900	0.43	0.26	0.26	0	0	0.43
26000	0.43	0.26	0.26	0	0	0.43
26100	0.43	0.26	0.26	0	0	0.43
26200	0.43	0.26	0.26	0	0	0.43
26300	0.43	0.27	0.27	0	0	0.43
26400	0.43	0.28	0.28	0	0	0.43
26500	0.43	0.28	0.28	0	0	0.43
26600	0.43	0.28	0.28	0	0	0.43
26700	0.43	0.28	0.28	0	0	0.43
26800	0.43	0.28	0.28	0	0	0.43
26900	0.43	0.27	0.27	0	0	0.43
27000	0.43	0.27	0.27	0	0	0.43
27100	0.43	0.27	0.27	0	0	0.43
27200	0.45	0.27	0.27	0	0	0.45
27300	0.46	0.27	0.27	0	0	0.46
27400	0.46	0.28	0.28	0	0	0.46
27500	0.46	0.28	0.28	0	0	0.46
27600	0.45	0.29	0.29	0	0	0.45
27700	0.46	0.28	0.28	0	0	0.46
27800	0.46	0.29	0.29	0	0	0.46
27900	0.46	0.29	0.29	0	0	0.46
28000	0.46	0.3	0.3	0	0	0.46
28100	0.46	0.29	0.29	0	0	0.46
28200	0.46	0.29	0.29	0	0	0.46
28300	0.46	0.29	0.29	0	0	0.46
28400	0.46	0.3	0.3	0	0	0.46
28500	0.46	0.3	0.3	0	0	0.46
28600	0.46	0.3	0.3	0	0	0.46
28700	0.46	0.3	0.3	0	0	0.46
28800	0.47	0.3	0.3	0	0	0.47
28900	0.48	0.29	0.29	0	0	0.48
29000	0.47	0.29	0.29	0	0	0.47
29100	0.47	0.29	0.29	0	0	0.47
29200	0.47	0.29	0.29	0	0	0.47
29300	0.47	0.3	0.3	0	0	0.47
29400	0.47	0.3	0.3	0	0	0.47
29500	0.47	0.3	0.3	0	0	0.47
29600	0.47	0.3	0.3	0	0	0.47
29700	0.47	0.3	0.3	0	0	0.47
29800	0.47	0.31	0.31	0	0	0.47
29900	0.47	0.31	0.31	0	0	0.47
30000	0.47	0.32	0.32	0	0	0.47
30100	0.47	0.32	0.32	0	0	0.47
30200	0.47	0.31	0.31	0	0	0.47
30300	0.48	0.31	0.31	0	0	0.48
30400	0.48	0.3	0.3	0	0	0.48
30500	0.48	0.3	0.3	0	0	0.48
30600	0.48	0.3	0.3	0	0	0.48
30700	0.48	0.3	0.3	0	0	0.48
30800	0.48	0.3	0.3	0	0	0.48
30900	0.48	0.31	0.31	0	0	0.48
31000	0.48	0.31	0.31	0	0	0.48
31100	0.48	0.31	0.31	0	0	0.48
31200	0.48	0.31	0.31	0	0	0.48
31300	0.48	0.31	0.31	0	0	0.48
31400	0.48	0.3	0.3	0	0	0.48
31500	0.48	0.3	0.3	0	0	0.48
31600	0.49	0.31	0.31	0	0	0.49
31700	0.49	0.32	0.32	0	0	0.49
31800	0.5	0.32	0.32	0	0	0.5
31900	0.5	0.32	0.32	0	0	0.5
32000	0.5	0.32	0.32	0	0	0.5
32100	0.5	0.33	0.33	0	0	0.5
32200	0.5	0.33	0.33	0	0	0.5
32300	0.5	0.33	0.33	0	0	0.5
32400	0.5	0.33	0.33	0	0	0.5
32500	0.51	0.32	0.32	0	0	0.51
32600	0.51	0.32	0.32	0	0	0.51
32700	0.52	0.32	0.32	0	0	0.52
32800	0.52	0.32	0.32	0	0	0.52
32900	0.51	0.32	0.32	0	0	0.51
33000	0.51	0.31	0.31	0	0	0.51
33100	0.51	0.31	0.31	0	0	0.51
33200	0.52	0.31	0.31	0	0	0.52
33300	0.52	0.32	0.32	0	0	0.52
33400	0.52	0.32	0.32	0	0	0.52
33500	0.52	0.31	0.31	0	0	0.52
33600	0.52	0.31	0.31	0	0	0.52
33700	0.52	0.32	0.32	0	0	0.52
33800	0.52	0.32	0.32	0	0	0.52
33900	0.52	0.33	0.33	0	0	0.52
34000	0.52	0.33	0.33	0	0	0.52
34100	0.52	0.33	0.33	0	0	0.52
34200	0.52	0.33	0.33	0	0	0.52
34300	0.53	0.33	0.33	0	0	0.53
34400	0.53	0.33	0.33	0	0	0.53
34500	0.53	0.33	0.33	0	0	0.53
34600	0.52	0.33	0.33	0	0	0.52
34700	0.52	0.33	0.33	0	0	0.52
34800	0.52	0.33	0.33	0	0	0.52
34900	0.52	0.34	0.34	0	0	0.52
35000	0.52	0.34	0.34	0	0	0.52
35100	0.52	0.34	0.34	0	0	0.52
35200	0.52	0.34	0.34	0	0	0.52
35300	0.52	0.34	0.34	0	0	0.52
35400	0.52	0.34	0.34	0	0	0.52
35500	0.52	0.34	0.34	0	0	0.52
35600	0.52	0.34	0.34	0	0	0.52
35700	0.52	0.34	0.34	0	0	0.52
35800	0.52	0.34	0.34	0	0	0.52
35900	0.52	0.34	0.34	0	0	0.52
36000	0.52	0.34	0.34	0	0	0.52
36100	0.52	0.35	0.35	0	0	0.52
36200	0.52	0.35	0.35	0	0	0.52
36300	0.52	0.35	0.35	0	0	0.52
36400	0.52	0.35	0.35	0	0	0.52
36500	0.52	0.35	0.35	0	0	0.52
36600	0.52	0.35	0.35	0	0	0.52
36700	0.52	0.35	0.35	0	0	0.52
36800	0.52	0.35	0.35	0	0	0.52
36900	0.52	0.35	0.35	0	0	0.52
37000	0.52	0.35	0.35	0	0	0.52
37100	0.52	0.35	0.35	0	0	0.52
37200	0.52	0.35	0.35	0	0	0.52
37300	0.52	0.35	0.35	0	0	0.52
37400	0.52	0.35	0.35	0	0	0.52
37500	0.52	0.35	0.35	0	0	0.52
37600	0.52	0.35	0.35	0	0	0.52
37700	0.52	0.36	0.36	0	0	0.52
37800	0.52	0.36	0.36	0	0	0.52
37900	0.52	0.36	0.36	0	0	0.52
38000	0.52	0.36	0.36	0	0	0.52
38100	0.52	0.36	0.36	0	0	0.52
38200	0.52	0.37	0.37	0	0	0.52
38300	0.52	0.37	0.37	0	0	0.52
38400	0.52	0.37	0.37	0	0	0.52
38500	0.52	0.37	0.37	0	0	0.52
38600	0.52	0.37	0.37	0	0	0.52
38700	0.52	0.36	0.36	0	0	0.52
38800	0.52	0.36	0.36	0	0	0.52
38900	0.52	0.36	0.36	0	0	0.52
39000	0.52	0.35	0.35	0	0	0.52
39100	0.52	0.35	0.35	0	0	0.52
39200	0.52	0.35	0.35	0	0	0.52
39300	0.52	0.35	0.35	0	0	0.52
39400	0.53	0.35	0.35	0	0	0.53
39500	0.53	0.35	0.35	0	0	0.53
39600	0.53	0.35	0.35	0	0	0.53
39700	0.53	0.35	0.35	0	0	0.53
39800	0.52	0.35	0.35	0	0	0.52
39900	0.52	0.35	0.35	0	0	0.52
40000	0.52	0.35	0.35	0	0	0.52
40100	0.52	0.35	0.35	0	0	0.52
40200	0.52	0.35	0.35	0	0	0.52
40300	0.52	0.35	0.35	0	0	0.52
40400	0.52	0.35	0.35	0	0	0.52
40500	0.53	0.35	0.35	0	0	0.53
40600	0.53	0.35	0.35	0	0	0.53
40700	0.53	0.35	0.35	0	0	0.53
40800	0.53	0.35	0.35	0	0	0.53
40900	0.53	0.35	0.35	0	0	0.53
41000	0.53	0.35	0.35	0	0	0.53
41100	0.53	0.35	0.35	0	0	0.53
41200	0.53	0.35	0.35	0	0	0.53
41300	0.53	0.35	0.35	0	0	0.53
41400	0.53	0.35	0.35	0	0	0.53
41500	0.53	0.35	0.35	0	0	0.53
41600	0.53	0.35	0.35	0	0	0.53
41700	0.53	0.36	0.36	0	0	0.53
41800	0.53	0.36	0.36	0	0	0.53
41900	0.53	0.36	0.36	0	0	0.53
42000	0.53	0.36	0.36	0	0	0.53
42100	0.53	0.36	0.36	0	0	0.53
42200	0.53	0.36	0.36	0	0	0.53
42300	0.53	0.36	0.36	0	0	0.53
42400	0.53	0.36	0.36	0	0	0.53
42500	0.53	0.36	0.36	0	0	0.53
42600	0.53	0.36	0.36	0	0	0.53
42700	0.53	0.36	0.36	0	0	0.53
42800	0.53	0.36	0.36	0	0	0.53
42900	0.53	0.36	0.36	0	0	0.53
43000	0.53	0.36	0.36	0	0	0.53
43100	0.53	0.36	0.36	0	0	0.53
43200	0.53	0.36	0.36	0	0	0.53
43300	0.53	0.36	0.36	0	0	0.53
43400	0.53	0.36	0.36	0	0	0.53
43500	0.53	0.36	0.36	0	0	0.53
43600	0.53	0.36	0.36	0	0	0.53
43700	0.53	0.36	0.36	0	0	0.53
43800	0.53	0.36	0.36	0	0	0.53
43900	0.53	0.36	0.36	0	0	0.53
44000	0.53	0.36	0.36	0	0	0.53
44100	0.53	0.36	0.36	0	0	0.53
44200	0.53	0.36	0.36	0	0	0.53
44300	0.53	0.36	0.36	0	0	0.53
44400	0.53	0.36	0.36	0	0	0.53
44500	0.53	0.36	0.36	0	0	0.53
44600	0.53	0.36	0.36	0	0	0.53
44700	0.53	0.36	0.36	0	0	0.53
44800	0.53	0.36	0.36	0	0	0.53
44900	0.53	0.36	0.36	0	0	0.53
45000	0.53	0.36	0.36	0	0	0.53
45100	0.53	0.36	0.36	0	0	0.53
45200	0.53	0.36	0.36	0	0	0.53
45300	0.53	0.36	0.36	0	0	0.53
45400	0.53	0.36	0.36	0	0	0.53
45500	0.53	0.36	0.36	0	0	0.53
45600	0.53	0.36	0.36	0	0	0.53
45700	0.53	0.36	0.36	0	0	0.53
45800	0.53	0.36	0.36	0	0	0.53
45900	0.54	0.36	0.36	0	0	0.54
46000	0.54	0.36	0.36	0	0	0.54
46100	0.54	0.36	0.36	0	0	0.54
46200	0.54	0.36	0.36	0	0	0.54
46300	0.54	0.36	0.36	0	0	0.54
46400	0.54	0.36	0.36	0	0	0.54
46500	0.54	0.36	0.36	0	0	0.54
46600	0.54	0.36	0.36	0	0	0.54
46700	0.54	0.36	0.36	0	0	0.54
46800	0.54	0.36	0.36	0	0	0.54
46900	0.54	0.36	0.36	0	0	0.54
47000	0.54	0.36	0.36	0	0	0.54
47100	0.54	0.36	0.36	0	0	0.54
47200	0.54	0.36	0.36	0	0	0.54
47300	0.54	0.36	0.36	0	0	0.54
47400	0.54	0.36	0.36	0	0	0.54
47500	0.54	0.36	0.36	0	0	0.54
47600	0.54	0.37	0.37	0	0	0.54
47700	0.54	0.37	0.37	0	0	0.54
47800	0.54	0.37	0.37	0	0	0.54
47900	0.54	0.37	0.37	0	0	0.54
48000	0.54	0.37	0.37	0	0	0.54
48100	0.54	0.35	0.35	0	0	0.54
48200	0.54	0.35	0.35	0	0	0.54
48300	0.54	0.35	0.35	0	0	0.54
48400	0.54	0.35	0.35	0	0	0.54
48500	0.54	0.36	0.36	0	0	0.54
48600	0.54	0.35	0.35	0	0	0.54
48700	0.54	0.35	0.35	0	0	0.54
48800	0.54	0.35	0.35	0	0	0.54
48900	0.54	0.35	0.35	0	0	0.54
49000	0.54	0.35	0.35	0	0	0.54
49100	0.55	0.35	0.35	0	0	0.55
49200	0.55	0.35	0.35	0	0	0.55
49300	0.55	0.35	0.35	0	0	0.55
49400	0.54	0.35	0.35	0	0	0.54
49500	0.54	0.34	0.34	0	0	0.54
49600	0.54	0.34	0.34	0	0	0.54
49700	0.54	0.34	0.34	0	0	0.54
49800	0.54	0.34	0.34	0	0	0.54
49900	0.54	0.34	0.34	0	0	0.54
50000	0.54	0.34	0.34	0	0	0.54
50100	0.54	0.35	0.35	0	0	0.54
50200	0.54	0.35	0.35	0	0	0.54
50300	0.54	0.35	0.35	0	0	0.54
50400	0.54	0.36	0.36	0	0	0.54
50500	0.54	0.36	0.36	0	0	0.54
50600	0.54	0.36	0.36	0	0	0.54
50700	0.54	0.36	0.36	0	0	0.54
50800	0.54	0.36	0.36	0	0	0.54
50900	0.54	0.36	0.36	0	0	0.54
51000	0.54	0.36	0.36	0	0	0.54
51100	0.54	0.36	0.36	0	0	0.54
51200	0.54	0.36	0.36	0	0	0.54
51300	0.54	0.36	0.36	0	0	0.54
51400	0.54	0.36	0.36	0	0	0.54
51500	0.54	0.36	0.36	0	0	0.54
51600	0.54	0.36	0.36	0	0	0.54
51700	0.54	0.36	0.36	0	0	0.54
51800	0.54	0.36	0.36	0	0	0.54
51900	0.54	0.36	0.36	0	0	0.54
52000	0.54	0.36	0.36	0	0	0.54
52100	0.54	0.36	0.36	0	0	0.54
52200	0.53	0.37	0.37	0	0	0.53
52300	0.53	0.38	0.38	0	0	0.53
52400	0.53	0.38	0.38	0	0	0.53
52500	0.53	0.38	0.38	0	0	0.53
52600	0.53	0.38	0.38	0	0	0.53
52700	0.53	0.37	0.37	0	0	0.53
52800	0.53	0.36	0.36	0	0	0.53
52900	0.53	0.36	0.36	0	0	0.53
53000	0.53	0.36	0.36	0	0	0.53
53100	0.53	0.36	0.36	0	0	0.53
53200	0.53	0.36	0.36	0	0	0.53
53300	0.53	0.36	0.36	0	0	0.53
53400	0.53	0.36	0.36	0	0	0.53
53500	0.53	0.36	0.36	0	0	0.53
53600	0.53	0.36	0.36	0	0	0.53
53700	0.53	0.36	0.36	0	0	0.53
53800	0.53	0.36	0.36	0	0	0.53
53900	0.53	0.36	0.36	0	0	0.53
54000	0.53	0.36	0.36	0	0	0.53
54100	0.54	0.36	0.36	0	0	0.54
54200	0.54	0.36	0.36	0	0	0.54
54300	0.54	0.36	0.36	0	0	0.54
54400	0.54	0.36	0.36	0	0	0.54
54500	0.54	0.37	0.37	0	0	0.54
54600	0.54	0.38	0.38	0	0	0.54
54700	0.54	0.38	0.38	0	0	0.54
54800	0.54	0.38	0.38	0	0	0.54
54900	0.55	0.38	0.38	0	0	0.55
55000	0.54	0.36	0.36	0	0	0.54
55100	0.54	0.36	0.36	0	0	0.54
55200	0.54	0.36	0.36	0	0	0.54
55300	0.54	0.36	0.36	0	0	0.54
55400	0.54	0.37	0.37	0	0	0.54
55500	0.54	0.37	0.37	0	0	0.54
55600	0.54	0.36	0.36	0	0	0.54
55700	0.54	0.36	0.36	0	0	0.54
55800	0.54	0.36	0.36	0	0	0.54
55900	0.54	0.36	0.36	0	0	0.54
56000	0.54	0.35	0.35	0	0	0.54
56100	0.54	0.35	0.35	0	0	0.54
56200	0.54	0.35	0.35	0	0	0.54
56300	0.54	0.35	0.35	0	0	0.54
56400	0.54	0.35	0.35	0	0	0.54
56500	0.54	0.37	0.37	0	0	0.54
56600	0.54	0.36	0.36	0	0	0.54
56700	0.55	0.36	0.36	0	0	0.55
56800	0.55	0.37	0.37	0	0	0.55
56900	0.55	0.37	0.37	0	0	0.55
57000	0.55	0.37	0.37	0	0	0.55
57100	0.55	0.37	0.37	0	0	0.55
57200	0.55	0.37	0.37	0	0	0.55
57300	0.55	0.37	0.37	0	0	0.55
57400	0.55	0.37	0.37	0	0	0.55
57500	0.55	0.37	0.37	0	0	0.55
57600	0.55	0.37	0.37	0	0	0.55
57700	0.55	0.37	0.37	0	0	0.55
57800	0.55	0.37	0.37	0	0	0.55
57900	0.55	0.37	0.37	0	0	0.55
58000	0.55	0.37	0.37	0	0	0.55
58100	0.55	0.37	0.37	0	0	0.55
58200	0.55	0.37	0.37	0	0	0.55
58300	0.55	0.37	0.37	0	0	0.55
58400	0.55	0.37	0.37	0	0	0.55
58500	0.55	0.37	0.37	0	0	0.55
58600	0.55	0.37	0.37	0	0	0.55
58700	0.55	0.37	0.37	0	0	0.55
58800	0.55	0.37	0.37	0	0	0.55
58900	0.55	0.37	0.37	0	0	0.55
59000	0.55	0.37	0.37	0	0	0.55
59100	0.55	0.37	0.37	0	0	0.55
59200	0.55	0.37	0.37	0	0	0.55
59300	0.55	0.36	0.36	0	0	0.55
59400	0.55	0.37	0.37	0	0	0.55
59500	0.55	0.37	0.37	0	0	0.55
59600	0.55	0.37	0.37	0	0	0.55
59700	0.55	0.36	0.36	0	0	0.55
59800	0.55	0.36	0.36	0	0	0.55
59900	0.55	0.36	0.36	0	0	0.55
60000	0.55	0.36	0.36	0	0	0.55
60100	0.55	0.37	0.37	0	0	0.55
60200	0.55	0.37	0.37	0	0	0.55
60300	0.55	0.37	0.37	0	0	0.55
60400	0.55	0.37	0.37	0	0	0.55
60500	0.55	0.37	0.37	0	0	0.55
60600	0.55	0.38	0.38	0	0	0.55
60700	0.55	0.38	0.38	0	0	0.55
60800	0.55	0.38	0.38	0	0	0.55
60900	0.55	0.37	0.37	0	0	0.55
61000	0.55	0.36	0.36	0	0	0.55
61100	0.55	0.36	0.36	0	0	0.55
61200	0.55	0.36	0.36	0	0	0.55
61300	0.56	0.36	0.36	0	0	0.56
61400	0.56	0.36	0.36	0	0	0.56
61500	0.56	0.36	0.36	0	0	0.56
61600	0.56	0.36	0.36	0	0	0.56
61700	0.56	0.36	0.36	0	0	0.56
61800	0.56	0.36	0.36	0	0	0.56
61900	0.56	0.36	0.36	0	0	0.56
62000	0.56	0.36	0.36	0	0	0.56
62100	0.56	0.36	0.36	0	0	0.56
62200	0.56	0.36	0.36	0	0	0.56
62300	0.56	0.36	0.36	0	0	0.56
62400	0.56	0.36	0.36	0	0	0.56
62500	0.56	0.36	0.36	0	0	0.56
62600	0.56	0.36	0.36	0	0	0.56
62700	0.56	0.36	0.36	0	0	0.56
62800	0.56	0.36	0.36	0	0	0.56
62900	0.56	0.36	0.36	0	0	0.56
63000	0.56	0.36	0.36	0	0	0.56
63100	0.56	0.36	0.36	0	0	0.56
63200	0.56	0.36	0.36	0	0	0.56
63300	0.56	0.36	0.36	0	0	0.56
63400	0.56	0.36	0.36	0	0	0.56
63500	0.56	0.36	0.36	0	0	0.56
63600	0.56	0.36	0.36	0	0	0.56
63700	0.56	0.36	0.36	0	0	0.56
63800	0.56	0.36	0.36	0	0	0.56
63900	0.56	0.36	0.36	0	0	0.56
64000	0.56	0.36	0.36	0	0	0.56
64100	0.56	0.36	0.36	0	0	0.56
64200	0.56	0.36	0.36	0	0	0.56
64300	0.56	0.36	0.36	0	0	0.56
64400	0.56	0.36	0.36	0	0	0.56
64500	0.56	0.38	0.38	0	0	0.56
64600	0.56	0.38	0.38	0	0	0.56
64700	0.56	0.38	0.38	0	0	0.56
64800	0.56	0.38	0.38	0	0	0.56
64900	0.56	0.36	0.36	0	0	0.56
65000	0.56	0.36	0.36	0	0	0.56
65100	0.56	0.36	0.36	0	0	0.56
65200	0.56	0.36	0.36	0	0	0.56
65300	0.56	0.36	0.36	0	0	0.56
65400	0.56	0.36	0.36	0	0	0.56
65500	0.56	0.36	0.36	0	0	0.56
65600	0.56	0.36	0.36	0	0	0.56
65700	0.56	0.36	0.36	0	0	0.56
65800	0.56	0.36	0.36	0	0	0.56
65900	0.57	0.36	0.36	0	0	0.57
66000	0.57	0.36	0.36	0	0	0.57
66100	0.57	0.36	0.36	0	0	0.57
66200	0.57	0.36	0.36	0	0	0.57
66300	0.57	0.36	0.36	0	0	0.57
66400	0.57	0.36	0.36	0	0	0.57
66500	0.57	0.36	0.36	0	0	0.57
66600	0.57	0.36	0.36	0	0	0.57
66700	0.57	0.36	0.36	0	0	0.57
66800	0.57	0.37	0.37	0	0	0.57
66900	0.57	0.37	0.37	0	0	0.57
67000	0.57	0.37	0.37	0	0	0.57
67100	0.57	0.37	0.37	0	0	0.57
67200	0.57	0.37	0.37	0	0	0.57
67300	0.57	0.37	0.37	0	0	0.57
67400	0.57	0.37	0.37	0	0	0.57
67500	0.57	0.37	0.37	0	0	0.57
67600	0.57	0.37	0.37	0	0	0.57
67700	0.57	0.36	0.36	0	0	0.57
67800	0.57	0.36	0.36	0	0	0.57
67900	0.57	0.36	0.36	0	0	0.57
68000	0.57	0.36	0.36	0	0	0.57
68100	0.57	0.36	0.36	0	0	0.57
68200	0.57	0.36	0.36	0	0	0.57
68300	0.57	0.37	0.37	0	0	0.57
68400	0.57	0.37	0.37	0	0	0.57
68500	0.57	0.37	0.37	0	0	0.57
68600	0.57	0.37	0.37	0	0	0.57
68700	0.57	0.37	0.37	0	0	0.57
68800	0.57	0.37	0.37	0	0	0.57
68900	0.57	0.37	0.37	0	0	0.57
69000	0.57	0.37	0.37	0	0	0.57
69100	0.57	0.37	0.37	0	0	0.57
69200	0.57	0.37	0.37	0	0	0.57
69300	0.57	0.37	0.37	0	0	0.57
69400	0.57	0.37	0.37	0	0	0.57
69500	0.57	0.37	0.37	0	0	0.57
69600	0.57	0.37	0.37	0	0	0.57
69700	0.57	0.37	0.37	0	0	0.57
69800	0.57	0.38	0.38	0	0	0.57
69900	0.57	0.38	0.38	0	0	0.57
70000	0.57	0.38	0.38	0	0	0.57
70100	0.57	0.38	0.38	0	0	0.57
70200	0.57	0.38	0.38	0	0	0.57
70300	0.57	0.39	0.39	0	0	0.57
70400	0.57	0.39	0.39	0	0	0.57
70500	0.57	0.4	0.4	0	0	0.57
70600	0.57	0.4	0.4	0	0	0.57
70700	0.57	0.39	0.39	0	0	0.57
70800	0.57	0.39	0.39	0	0	0.57
70900	0.57	0.39	0.39	0	0	0.57
71000	0.57	0.39	0.39	0	0	0.57
71100	0.57	0.38	0.38	0	0	0.57
71200	0.57	0.38	0.38	0	0	0.57
71300	0.57	0.39	0.39	0	0	0.57
71400	0.57	0.39	0.39	0	0	0.57
71500	0.57	0.39	0.39	0	0	0.57
71600	0.57	0.38	0.38	0	0	0.57
71700	0.57	0.38	0.38	0	0	0.57
71800	0.57	0.38	0.38	0	0	0.57
71900	0.57	0.38	0.38	0	0	0.57
72000	0.57	0.38	0.38	0	0	0.57
72100	0.57	0.38	0.38	0	0	0.57
72200	0.57	0.38	0.38	0	0	0.57
72300	0.57	0.38	0.38	0	0	0.57
72400	0.57	0.38	0.38	0	0	0.57
72500	0.57	0.38	0.38	0	0	0.57
72600	0.57	0.38	0.38	0	0	0.57
72700	0.57	0.38	0.38	0	0	0.57
72800	0.57	0.38	0.38	0	0	0.57
72900	0.57	0.38	0.38	0	0	0.57
73000	0.57	0.38	0.38	0	0	0.57
73100	0.57	0.38	0.38	0	0	0.57
73200	0.57	0.38	0.38	0	0	0.57
73300	0.57	0.38	0.38	0	0	0.57
73400	0.57	0.38	0.38	0	0	0.57
73500	0.57	0.38	0.38	0	0	0.57
73600	0.57	0.38	0.38	0	0	0.57
73700	0.57	0.38	0.38	0	0	0.57
73800	0.57	0.38	0.38	0	0	0.57
73900	0.57	0.38	0.38	0	0	0.57
74000	0.57	0.38	0.38	0	0	0.57
74100	0.57	0.38	0.38	0	0	0.57
74200	0.57	0.38	0.38	0	0	0.57
74300	0.57	0.38	0.38	0	0	0.57
74400	0.57	0.38	0.38	0	0	0.57
74500	0.57	0.38	0.38	0	0	0.57
74600	0.57	0.38	0.38	0	0	0.57
74700	0.57	0.39	0.39	0	0	0.57
74800	0.57	0.39	0.39	0	0	0.57
74900	0.57	0.39	0.39	0	0	0.57
75000	0.57	0.39	0.39	0	0	0.57
75100	0.57	0.39	0.39	0	0	0.57
75200	0.57	0.39	0.39	0	0	0.57
75300	0.57	0.39	0.39	0	0	0.57
75400	0.57	0.39	0.39	0	0	0.57
75500	0.57	0.39	0.39	0	0	0.57
75600	0.56	0.39	0.39	0	0	0.56
75700	0.56	0.39	0.39	0	0	0.56
75800	0.56	0.39	0.39	0	0	0.56
75900	0.56	0.39	0.39	0	0	0.56
76000	0.56	0.39	0.39	0	0	0.56
76100	0.56	0.39	0.39	0	0	0.56
76200	0.56	0.39	0.39	0	0	0.56
76300	0.56	0.39	0.39	0	0	0.56
76400	0.56	0.39	0.39	0	0	0.56
76500	0.56	0.39	0.39	0	0	0.56
76600	0.56	0.39	0.39	0	0	0.56
76700	0.56	0.39	0.39	0	0	0.56
76800	0.56	0.39	0.39	0	0	0.56
76900	0.56	0.39	0.39	0	0	0.56
77000	0.56	0.39	0.39	0	0	0.56
77100	0.56	0.39	0.39	0	0	0.56
77200	0.56	0.39	0.39	0	0	0.56
77300	0.56	0.39	0.39	0	0	0.56
77400	0.56	0.39	0.39	0	0	0.56
77500	0.56	0.39	0.39	0	0	0.56
77600	0.56	0.39	0.39	0	0	0.56
77700	0.56	0.39	0.39	0	0	0.56
77800	0.56	0.39	0.39	0	0	0.56
77900	0.56	0.39	0.39	0	0	0.56
78000	0.56	0.39	0.39	0	0	0.56
78100	0.56	0.39	0.39	0	0	0.56
78200	0.56	0.39	0.39	0	0	0.56
78300	0.56	0.39	0.39	0	0	0.56
78400	0.56	0.39	0.39	0	0	0.56
78500	0.56	0.39	0.39	0	0	0.56
78600	0.56	0.39	0.39	0	0	0.56
78700	0.56	0.39	0.39	0	0	0.56
78800	0.56	0.39	0.39	0	0	0.56
78900	0.56	0.39	0.39	0	0	0.56
79000	0.56	0.39	0.39	0	0	0.56
79100	0.56	0.39	0.39	0	0	0.56
79200	0.56	0.39	0.39	0	0	0.56
79300	0.56	0.39	0.39	0	0	0.56
79400	0.56	0.39	0.39	0	0	0.56
79500	0.56	0.39	0.39	0	0	0.56
79600	0.56	0.39	0.39	0	0	0.56
79700	0.56	0.39	0.39	0	0	0.56
79800	0.56	0.39	0.39	0	0	0.56
79900	0.56	0.39	0.39	0	0	0.56
80000	0.56	0.39	0.39	0	0	0.56
80100	0.56	0.39	0.39	0	0	0.56
80200	0.56	0.39	0.39	0	0	0.56
80300	0.56	0.39	0.39	0	0	0.56
80400	0.56	0.39	0.39	0	0	0.56
80500	0.56	0.39	0.39	0	0	0.56
80600	0.56	0.39	0.39	0	0	0.56
80700	0.56	0.39	0.39	0	0	0.56
80800	0.56	0.39	0.39	0	0	0.56
80900	0.56	0.39	0.39	0	0	0.56
81000	0.56	0.39	0.39	0	0	0.56
81100	0.56	0.39	0.39	0	0	0.56
81200	0.57	0.39	0.39	0	0	0.57
81300	0.57	0.39	0.39	0	0	0.57
81400	0.57	0.39	0.39	0	0	0.57
81500	0.57	0.39	0.39	0	0	0.57
81600	0.57	0.39	0.39	0	0	0.57
81700	0.57	0.39	0.39	0	0	0.57
81800	0.57	0.39	0.39	0	0	0.57
81900	0.57	0.39	0.39	0	0	0.57
82000	0.57	0.39	0.39	0	0	0.57
82100	0.57	0.39	0.39	0	0	0.57
82200	0.57	0.4	0.4	0	0	0.57
82300	0.57	0.4	0.4	0	0	0.57
82400	0.57	0.39	0.39	0	0	0.57
82500	0.57	0.39	0.39	0	0	0.57
82600	0.57	0.39	0.39	0	0	0.57
82700	0.57	0.39	0.39	0	0	0.57
82800	0.57	0.39	0.39	0	0	0.57
82900	0.57	0.39	0.39	0	0	0.57
83000	0.57	0.39	0.39	0	0	0.57
83100	0.57	0.39	0.39	0	0	0.57
83200	0.57	0.39	0.39	0	0	0.57
83300	0.57	0.39	0.39	0	0	0.57
83400	0.57	0.39	0.39	0	0	0.57
83500	0.57	0.39	0.39	0	0	0.57
83600	0.57	0.39	0.39	0	0	0.57
83700	0.57	0.39	0.39	0	0	0.57
83800	0.57	0.39	0.39	0	0	0.57
83900	0.57	0.39	0.39	0	0	0.57
84000	0.57	0.39	0.39	0	0	0.57
84100	0.57	0.39	0.39	0	0	0.57
84200	0.57	0.39	0.39	0	0	0.57
84300	0.57	0.39	0.39	0	0	0.57
84400	0.57	0.39	0.39	0	0	0.57
84500	0.57	0.39	0.39	0	0	0.57
84600	0.57	0.39	0.39	0	0	0.57
84700	0.57	0.39	0.39	0	0	0.57
84800	0.57	0.39	0.39	0	0	0.57
84900	0.57	0.39	0.39	0	0	0.57
85000	0.57	0.39	0.39	0	0	0.57
85100	0.57	0.39	0.39	0	0	0.57
85200	0.57	0.39	0.39	0	0	0.57
85300	0.57	0.39	0.39	0	0	0.57
85400	0.57	0.39	0.39	0	0	0.57
85500	0.57	0.39	0.39	0	0	0.57
85600	0.58	0.38	0.38	0	0	0.58
85700	0.58	0.38	0.38	0	0	0.58
85800	0.58	0.38	0.38	0	0	0.58
85900	0.58	0.38	0.38	0	0	0.58
86000	0.58	0.38	0.38	0	0	0.58
86100	0.58	0.38	0.38	0	0	0.58
86200	0.58	0.38	0.38	0	0	0.58
86300	0.58	0.38	0.38	0	0	0.58
86400	0.58	0.38	0.38	0	0	0.58
86500	0.58	0.38	0.38	0	0	0.58
86600	0.58	0.38	0.38	0	0	0.58
86700	0.58	0.38	0.38	0	0	0.58
86800	0.58	0.38	0.38	0	0	0.58
86900	0.57	0.38	0.38	0	0	0.57
87000	0.57	0.38	0.38	0	0	0.57
87100	0.57	0.38	0.38	0	0	0.57
87200	0.58	0.38	0.38	0	0	0.58
87300	0.58	0.38	0.38	0	0	0.58
87400	0.57	0.38	0.38	0	0	0.57
87500	0.57	0.38	0.38	0	0	0.57
87600	0.57	0.38	0.38	0	0	0.57
87700	0.57	0.38	0.38	0	0	0.57
87800	0.57	0.39	0.39	0	0	0.57
87900	0.57	0.39	0.39	0	0	0.57
88000	0.57	0.39	0.39	0	0	0.57
88100	0.57	0.39	0.39	0	0	0.57
88200	0.57	0.39	0.39	0	0	0.57
88300	0.57	0.39	0.39	0	0	0.57
88400	0.57	0.39	0.39	0	0	0.57
88500	0.57	0.38	0.38	0	0	0.57
88600	0.57	0.38	0.38	0	0	0.57
88700	0.57	0.38	0.38	0	0	0.57
88800	0.57	0.38	0.38	0	0	0.57
88900	0.57	0.38	0.38	0	0	0.57
89000	0.57	0.38	0.38	0	0	0.57
89100	0.57	0.38	0.38	0	0	0.57
89200	0.57	0.38	0.38	0	0	0.57
89300	0.57	0.38	0.38	0	0	0.57
89400	0.57	0.38	0.38	0	0	0.57
89500	0.57	0.38	0.38	0	0	0.57
89600	0.57	0.38	0.38	0	0	0.57
89700	0.57	0.38	0.38	0	0	0.57
89800	0.57	0.38	0.38	0	0	0.57
89900	0.57	0.39	0.39	0	0	0.57
90000	0.57	0.39	0.39	0	0	0.57
90100	0.57	0.39	0.39	0	0	0.57
90200	0.57	0.39	0.39	0	0	0.57
90300	0.57	0.39	0.39	0	0	0.57
90400	0.57	0.39	0.39	0	0	0.57
90500	0.57	0.39	0.39	0	0	0.57
90600	0.57	0.39	0.39	0	0	0.57
90700	0.57	0.39	0.39	0	0	0.57
90800	0.57	0.39	0.39	0	0	0.57
90900	0.57	0.39	0.39	0	0	0.57
91000	0.57	0.39	0.39	0	0	0.57
91100	0.57	0.39	0.39	0	0	0.57
91200	0.57	0.39	0.39	0	0	0.57
91300	0.57	0.39	0.39	0	0	0.57
91400	0.57	0.39	0.39	0	0	0.57
91500	0.57	0.39	0.39	0	0	0.57
91600	0.57	0.39	0.39	0	0	0.57
91700	0.57	0.39	0.39	0	0	0.57
91800	0.57	0.39	0.39	0	0	0.57
91900	0.57	0.39	0.39	0	0	0.57
92000	0.57	0.39	0.39	0	0	0.57
92100	0.57	0.39	0.39	0	0	0.57
92200	0.57	0.39	0.39	0	0	0.57
92300	0.57	0.39	0.39	0	0	0.57
92400	0.57	0.39	0.39	0	0	0.57
92500	0.57	0.39	0.39	0	0	0.57
92600	0.57	0.39	0.39	0	0	0.57
92700	0.57	0.39	0.39	0	0	0.57
92800	0.57	0.39	0.39	0	0	0.57
92900	0.57	0.39	0.39	0	0	0.57
93000	0.57	0.39	0.39	0	0	0.57
93100	0.57	0.39	0.39	0	0	0.57
93200	0.57	0.39	0.39	0	0	0.57
93300	0.57	0.39	0.39	0	0	0.57
93400	0.57	0.39	0.39	0	0	0.57
93500	0.57	0.39	0.39	0	0	0.57
93600	0.57	0.39	0.39	0	0	0.57
93700	0.57	0.39	0.39	0	0	0.57
93800	0.57	0.39	0.39	0	0	0.57
93900	0.57	0.39	0.39	0	0	0.57
94000	0.57	0.39	0.39	0	0	0.57
94100	0.57	0.39	0.39	0	0	0.57
94200	0.57	0.39	0.39	0	0	0.57
94300	0.57	0.39	0.39	0	0	0.57
94400	0.57	0.39	0.39	0	0	0.57
94500	0.57	0.39	0.39	0	0	0.57
94600	0.57	0.39	0.39	0	0	0.57
94700	0.57	0.39	0.39	0	0	0.57
94800	0.57	0.39	0.39	0	0	0.57
94900	0.57	0.39	0.39	0	0	0.57
95000	0.57	0.39	0.39	0	0	0.57
95100	0.57	0.39	0.39	0	0	0.57
95200	0.57	0.39	0.39	0	0	0.57
95300	0.57	0.39	0.39	0	0	0.57
95400	0.57	0.39	0.39	0	0	0.57
95500	0.57	0.39	0.39	0	0	0.57
95600	0.57	0.39	0.39	0	0	0.57
95700	0.57	0.39	0.39	0	0	0.57
95800	0.57	0.39	0.39	0	0	0.57
95900	0.57	0.39	0.39	0	0	0.57
96000	0.57	0.39	0.39	0	0	0.57
96100	0.57	0.39	0.39	0	0	0.57
96200	0.57	0.39	0.39	0	0	0.57
96300	0.57	0.39	0.39	0	0	0.57
96400	0.57	0.39	0.39	0	0	0.57
96500	0.57	0.39	0.39	0	0	0.57
96600	0.57	0.39	0.39	0	0	0.57
96700	0.57	0.39	0.39	0	0	0.57
96800	0.57	0.39	0.39	0	0	0.57
96900	0.57	0.39	0.39	0	0	0.57
97000	0.57	0.39	0.39	0	0	0.57
97100	0.57	0.39	0.39	0	0	0.57
97200	0.57	0.39	0.39	0	0	0.57
97300	0.57	0.39	0.39	0	0	0.57
97400	0.57	0.39	0.39	0	0	0.57
97500	0.57	0.41	0.41	0	0	0.57
97600	0.57	0.41	0.41	0	0	0.57
97700	0.57	0.41	0.41	0	0	0.57
97800	0.57	0.4	0.4	0	0	0.57
97900	0.57	0.4	0.4	0	0	0.57
98000	0.57	0.4	0.4	0	0	0.57
98100	0.57	0.4	0.4	0	0	0.57
98200	0.57	0.4	0.4	0	0	0.57
98300	0.57	0.4	0.4	0	0	0.57
98400	0.57	0.4	0.4	0	0	0.57
98500	0.57	0.4	0.4	0	0	0.57
98600	0.57	0.4	0.4	0	0	0.57
98700	0.57	0.4	0.4	0	0	0.57
98800	0.57	0.4	0.4	0	0	0.57
98900	0.57	0.4	0.4	0	0	0.57
99000	0.57	0.4	0.4	0	0	0.57
99100	0.57	0.4	0.4	0	0	0.57
99200	0.57	0.4	0.4	0	0	0.57
99300	0.57	0.4	0.4	0	0	0.57
99400	0.57	0.4	0.4	0	0	0.57
99500	0.57	0.41	0.41	0	0	0.57
99600	0.57	0.41	0.41	0	0	0.57
99700	0.57	0.41	0.41	0	0	0.57
99800	0.57	0.41	0.41	0	0	0.57
99900	0.57	0.41	0.41	0	0	0.57
100000	0.57	0.41	0.41	0	0	0.57
100100	0.57	0.41	0.41	0	0	0.57
100200	0.57	0.41	0.41	0	0	0.57
100300	0.57	0.41	0.41	0	0	0.57
100400	0.57	0.41	0.41	0	0	0.57
100500	0.57	0.41	0.41	0	0	0.57
100600	0.57	0.41	0.41	0	0	0.57
100700	0.57	0.41	0.41	0	0	0.57
100800	0.57	0.41	0.41	0	0	0.57
100900	0.57	0.41	0.41	0	0	0.57
101000	0.57	0.41	0.41	0	0	0.57
101100	0.57	0.41	0.41	0	0	0.57
101200	0.57	0.41	0.41	0	0	0.57
101300	0.57	0.41	0.41	0	0	0.57
101400	0.57	0.41	0.41	0	0	0.57
101500	0.57	0.41	0.41	0	0	0.57
101600	0.57	0.41	0.41	0	0	0.57
101700	0.57	0.41	0.41	0	0	0.57
101800	0.57	0.41	0.41	0	0	0.57
101900	0.57	0.41	0.41	0	0	0.57
102000	0.57	0.41	0.41	0	0	0.57
102100	0.57	0.41	0.41	0	0	0.57
102200	0.57	0.41	0.41	0	0	0.57
102300	0.57	0.41	0.41	0	0	0.57
102400	0.57	0.41	0.41	0	0	0.57
102500	0.57	0.41	0.41	0	0	0.57
102600	0.57	0.41	0.41	0	0	0.57
102700	0.57	0.41	0.41	0	0	0.57
102800	0.57	0.41	0.41	0	0	0.57
102900	0.57	0.41	0.41	0	0	0.57
103000	0.57	0.41	0.41	0	0	0.57
103100	0.57	0.41	0.41	0	0	0.57
103200	0.57	0.41	0.41	0	0	0.57
103300	0.57	0.41	0.41	0	0	0.57
103400	0.57	0.41	0.41	0	0	0.57
103500	0.57	0.41	0.41	0	0	0.57
103600	0.57	0.41	0.41	0	0	0.57
103700	0.57	0.41	0.41	0	0	0.57
103800	0.57	0.41	0.41	0	0	0.57
103900	0.57	0.41	0.41	0	0	0.57
104000	0.57	0.41	0.41	0	0	0.57
104100	0.57	0.41	0.41	0	0	0.57
104200	0.57	0.41	0.41	0	0	0.57
104300	0.57	0.41	0.41	0	0	0.57
104400	0.57	0.41	0.41	0	0	0.57
104500	0.57	0.41	0.41	0	0	0.57
104600	0.57	0.41	0.41	0	0	0.57
104700	0.57	0.41	0.41	0	0	0.57
104800	0.57	0.41	0.41	0	0	0.57
104900	0.57	0.41	0.41	0	0	0.57
105000	0.57	0.41	0.41	0	0	0.57
105100	0.57	0.41	0.41	0	0	0.57
105200	0.57	0.41	0.41	0	0	0.57
105300	0.57	0.41	0.41	0	0	0.57
105400	0.57	0.41	0.41	0	0	0.57
105500	0.57	0.41	0.41	0	0	0.57
105600	0.57	0.41	0.41	0	0	0.57
105700	0.57	0.41	0.41	0	0	0.57
105800	0.57	0.41	0.41	0	0	0.57
105900	0.57	0.41	0.41	0	0	0.57
106000	0.57	0.41	0.41	0	0	0.57
106100	0.57	0.41	0.41	0	0	0.57
106200	0.57	0.41	0.41	0	0	0.57
106300	0.57	0.41	0.41	0	0	0.57
106400	0.57	0.41	0.41	0	0	0.57
106500	0.57	0.41	0.41	0	0	0.57
106600	0.57	0.41	0.41	0	0	0.57
106700	0.57	0.41	0.41	0	0	0.57
106800	0.57	0.41	0.41	0	0	0.57
106900	0.57	0.41	0.41	0	0	0.57
107000	0.57	0.42	0.42	0	0	0.57
107100	0.57	0.42	0.42	0	0	0.57
107200	0.57	0.42	0.42	0	0	0.57
107300	0.57	0.42	0.42	0	0	0.57
107400	0.57	0.42	0.42	0	0	0.57
107500	0.57	0.42	0.42	0	0	0.57
107600	0.57	0.42	0.42	0	0	0.57
107700	0.57	0.42	0.42	0	0	0.57
107800	0.57	0.42	0.42	0	0	0.57
107900	0.57	0.42	0.42	0	0	0.57
108000	0.57	0.42	0.42	0	0	0.57
108100	0.57	0.42	0.42	0	0	0.57
108200	0.57	0.42	0.42	0	0	0.57
108300	0.57	0.42	0.42	0	0	0.57
108400	0.57	0.42	0.42	0	0	0.57
108500	0.57	0.42	0.42	0	0	0.57
108600	0.57	0.42	0.42	0	0	0.57
108700	0.57	0.42	0.42	0	0	0.57
108800	0.57	0.42	0.42	0	0	0.57
108900	0.57	0.42	0.42	0	0	0.57
109000	0.57	0.42	0.42	0	0	0.57
109100	0.57	0.42	0.42	0	0	0.57
109200	0.57	0.42	0.42	0	0	0.57
109300	0.57	0.42	0.42	0	0	0.57
109400	0.57	0.42	0.42	0	0	0.57
109500	0.57	0.42	0.42	0	0	0.57
109600	0.57	0.42	0.42	0	0	0.57
109700	0.57	0.42	0.42	0	0	0.57
109800	0.57	0.42	0.42	0	0	0.57
109900	0.57	0.42	0.42	0	0	0.57
110000	0.57	0.42	0.42	0	0	0.57
110100	0.57	0.42	0.42	0	0	0.57
110200	0.57	0.42	0.42	0	0	0.57
110300	0.57	0.42	0.42	0	0	0.57
110400	0.57	0.42	0.42	0	0	0.57
110500	0.57	0.42	0.42	0	0	0.57
110600	0.57	0.42	0.42	0	0	0.57
110700	0.57	0.42	0.42	0	0	0.57
110800	0.57	0.42	0.42	0	0	0.57
110900	0.57	0.42	0.42	0	0	0.57
111000	0.57	0.42	0.42	0	0	0.57
111100	0.57	0.42	0.42	0	0	0.57
111200	0.57	0.42	0.42	0	0	0.57
111300	0.57	0.42	0.42	0	0	0.57
111400	0.57	0.42	0.42	0	0	0.57
111500	0.57	0.42	0.42	0	0	0.57
111600	0.57	0.42	0.42	0	0	0.57
111700	0.57	0.42	0.42	0	0	0.57
111800	0.57	0.42	0.42	0	0	0.57
111900	0.57	0.42	0.42	0	0	0.57
112000	0.57	0.42	0.42	0	0	0.57
112100	0.57	0.42	0.42	0	0	0.57
112200	0.57	0.42	0.42	0	0	0.57
112300	0.57	0.42	0.42	0	0	0.57
112400	0.57	0.42	0.42	0	0	0.57
112500	0.57	0.42	0.42	0	0	0.57
112600	0.57	0.42	0.42	0	0	0.57
112700	0.57	0.42	0.42	0	0	0.57
112800	0.57	0.42	0.42	0	0	0.57
112900	0.57	0.42	0.42	0	0	0.57
113000	0.57	0.42	0.42	0	0	0.57
113100	0.57	0.42	0.42	0	0	0.57
113200	0.57	0.42	0.42	0	0	0.57
113300	0.57	0.42	0.42	0	0	0.57
113400	0.57	0.42	0.42	0	0	0.57
113500	0.57	0.42	0.42	0	0	0.57
113600	0.57	0.42	0.42	0	0	0.57
113700	0.57	0.42	0.42	0	0	0.57
113800	0.57	0.42	0.42	0	0	0.57
113900	0.57	0.42	0.42	0	0	0.57
114000	0.57	0.42	0.42	0	0	0.57
114100	0.57	0.42	0.42	0	0	0.57
114200	0.57	0.42	0.42	0	0	0.57
114300	0.57	0.42	0.42	0	0	0.57
114400	0.57	0.42	0.42	0	0	0.57
114500	0.57	0.42	0.42	0	0	0.57
114600	0.57	0.42	0.42	0	0	0.57
114700	0.57	0.42	0.42	0	0	0.57
114800	0.57	0.42	0.42	0	0	0.57
114900	0.57	0.42	0.42	0	0	0.57
115000	0.57	0.42	0.42	0	0	0.57
115100	0.57	0.42	0.42	0	0	0.57
115200	0.57	0.42	0.42	0	0	0.57
115300	0.57	0.42	0.42	0	0	0.57
115400	0.57	0.42	0.42	0	0	0.57
115500	0.57	0.42	0.42	0	0	0.57
115600	0.57	0.42	0.42	0	0	0.57
115700	0.57	0.42	0.42	0	0	0.57
115800	0.57	0.42	0.42	0	0	0.57
115900	0.57	0.42	0.42	0	0	0.57
116000	0.57	0.42	0.42	0	0	0.57
116100	0.57	0.42	0.42	0	0	0.57
116200	0.57	0.42	0.42	0	0	0.57
116300	0.57	0.42	0.42	0	0	0.57
116400	0.57	0.42	0.42	0	0	0.57
116500	0.57	0.42	0.42	0	0	0.57
116600	0.57	0.42	0.42	0	0	0.57
116700	0.57	0.42	0.42	0	0	0.57
116800	0.57	0.42	0.42	0	0	0.57
116900	0.57	0.42	0.42	0	0	0.57
117000	0.57	0.42	0.42	0	0	0.57
117100	0.57	0.42	0.42	0	0	0.57
117200	0.57	0.42	0.42	0	0	0.57
117300	0.57	0.42	0.42	0	0	0.57
117400	0.57	0.42	0.42	0	0	0.57
117500	0.57	0.42	0.42	0	0	0.57
117600	0.57	0.42	0.42	0	0	0.57
117700	0.57	0.42	0.42	0	0	0.57
117800	0.57	0.42	0.42	0	0	0.57
117900	0.57	0.42	0.42	0	0	0.57
118000	0.57	0.42	0.42	0	0	0.57
118100	0.57	0.42	0.42	0	0	0.57
118200	0.57	0.42	0.42	0	0	0.57
118300	0.57	0.42	0.42	0	0	0.57
118400	0.57	0.42	0.42	0	0	0.57
118500	0.57	0.42	0.42	0	0	0.57
118600	0.57	0.42	0.42	0	0	0.57
118700	0.57	0.42	0.42	0	0	0.57
118800	0.57	0.42	0.42	0	0	0.57
118900	0.57	0.42	0.42	0	0	0.57
119000	0.57	0.42	0.42	0	0	0.57
119100	0.57	0.42	0.42	0	0	0.57
119200	0.57	0.42	0.42	0	0	0.57
119300	0.57	0.42	0.42	0	0	0.57
119400	0.57	0.42	0.42	0	0	0.57
119500	0.57	0.42	0.42	0	0	0.57
119600	0.57	0.42	0.42	0	0	0.57
119700	0.57	0.42	0.42	0	0	0.57
119800	0.57	0.42	0.42	0	0	0.57
119900	0.57	0.42	0.42	0	0	0.57
120000	0.57	0.42	0.42	0	0	0.57
120100	0.57	0.42	0.42	0	0	0.57
120200	0.57	0.42	0.42	0	0	0.57
120300	0.57	0.42	0.42	0	0	0.57
120400	0.57	0.42	0.42	0	0	0.57
120500	0.57	0.42	0.42	0	0	0.57
120600	0.57	0.42	0.42	0	0	0.57
120700	0.57	0.42	0.42	0	0	0.57
120800	0.57	0.42	0.42	0	0	0.57
120900	0.57	0.42	0.42	0	0	0.57
121000	0.57	0.42	0.42	0	0	0.57
121100	0.57	0.42	0.42	0	0	0.57
121200	0.57	0.42	0.42	0	0	0.57
121300	0.57	0.42	0.42	0	0	0.57
121400	0.57	0.42	0.42	0	0	0.57
121500	0.57	0.42	0.42	0	0	0.57
121600	0.57	0.42	0.42	0	0	0.57
121700	0.57	0.42	0.42	0	0	0.57
121800	0.57	0.42	0.42	0	0	0.57
121900	0.57	0.42	0.42	0	0	0.57
122000	0.57	0.42	0.42	0	0	0.57
122100	0.57	0.42	0.42	0	0	0.57
122200	0.57	0.42	0.42	0	0	0.57
122300	0.57	0.42	0.42	0	0	0.57
122400	0.57	0.42	0.42	0	0	0.57
122500	0.57	0.42	0.42	0	0	0.57
122600	0.57	0.42	0.42	0	0	0.57
122700	0.57	0.42	0.42	0	0	0.57
122800	0.57	0.42	0.42	0	0	0.57
122900	0.57	0.42	0.42	0	0	0.57
123000	0.57	0.42	0.42	0	0	0.57
123100	0.57	0.42	0.42	0	0	0.57
123200	0.57	0.42	0.42	0	0	0.57
123300	0.57	0.42	0.42	0	0	0.57
123400	0.57	0.42	0.42	0	0	0.57
123500	0.57	0.42	0.42	0	0	0.57
123600	0.57	0.42	0.42	0	0	0.57
123700	0.57	0.42	0.42	0	0	0.57
123800	0.57	0.42	0.42	0	0	0.57
123900	0.57	0.42	0.42	0	0	0.57
124000	0.57	0.42	0.42	0	0	0.57
124100	0.57	0.42	0.42	0	0	0.57
124200	0.57	0.42	0.42	0	0	0.57
124300	0.57	0.42	0.42	0	0	0.57
124400	0.57	0.42	0.42	0	0	0.57
124500	0.57	0.42	0.42	0	0	0.57
124600	0.57	0.42	0.42	0	0	0.57
124700	0.57	0.42	0.42	0	0	0.57
124800	0.57	0.42	0.42	0	0	0.57
124900	0.57	0.42	0.42	0	0	0.57
125000	0.57	0.42	0.42	0	0	0.57
125100	0.57	0.42	0.42	0	0	0.57
125200	0.57	0.42	0.42	0	0	0.57
125300	0.57	0.42	0.42	0	0	0.57
125400	0.57	0.42	0.42	0	0	0.57
125500	0.57	0.42	0.42	0	0	0.57
125600	0.57	0.42	0.42	0	0	0.57
125700	0.57	0.42	0.42	0	0	0.57
125800	0.57	0.42	0.42	0	0	0.57
125900	0.57	0.42	0.42	0	0	0.57
126000	0.57	0.42	0.42	0	0	0.57
126100	0.57	0.42	0.42	0	0	0.57
126200	0.57	0.42	0.42	0	0	0.57
126300	0.57	0.42	0.42	0	0	0.57
126400	0.57	0.42	0.42	0	0	0.57
126500	0.57	0.42	0.42	0	0	0.57
126600	0.57	0.42	0.42	0	0	0.57
126700	0.57	0.42	0.42	0	0	0.57
126800	0.57	0.42	0.42	0	0	0.57
126900	0.57	0.42	0.42	0	0	0.57
127000	0.57	0.42	0.42	0	0	0.57
127100	0.57	0.42	0.42	0	0	0.57
127200	0.57	0.42	0.42	0	0	0.57
127300	0.57	0.42	0.42	0	0	0.57
127400	0.57	0.42	0.42	0	0	0.57
127500	0.57	0.42	0.42	0	0	0.57
127600	0.57	0.42	0.42	0	0	0.57
127700	0.57	0.42	0.42	0	0	0.57
127800	0.57	0.42	0.42	0	0	0.57
127900	0.57	0.42	0.42	0	0	0.57
128000	0.57	0.42	0.42	0	0	0.57
128100	0.57	0.42	0.42	0	0	0.57
128200	0.57	0.42	0.42	0	0	0.57
128300	0.57	0.42	0.42	0	0	0.57
128400	0.57	0.42	0.42	0	0	0.57
128500	0.57	0.42	0.42	0	0	0.57
128600	0.57	0.42	0.42	0	0	0.57
128700	0.57	0.42	0.42	0	0	0.57
128800	0.57	0.42	0.42	0	0	0.57
128900	0.57	0.42	0.42	0	0	0.57
129000	0.57	0.42	0.42	0	0	0.57
129100	0.57	0.42	0.42	0	0	0.57
129200	0.57	0.42	0.42	0	0	0.57
129300	0.57	0.42	0.42	0	0	0.57
129400	0.57	0.42	0.42	0	0	0.57
129500	0.57	0.42	0.42	0	0	0.57
129600	0.57	0.42	0.42	0	0	0.57
129700	0.57	0.42	0.42	0	0	0.57
129800	0.57	0.42	0.42	0	0	0.57
129900	0.57	0.42	0.42	0	0	0.57
130000	0.57	0.42	0.42	0	0	0.57
130100	0.57	0.42	0.42	0	0	0.57
130200	0.57	0.42	0.42	0	0	0.57
130300	0.57	0.42	0.42	0	0	0.57
130400	0.57	0.42	0.42	0	0	0.57
130500	0.57	0.42	0.42	0	0	0.57
130600	0.57	0.42	0.42	0	0	0.57
130700	0.57	0.42	0.42	0	0	0.57
130800	0.57	0.42	0.42	0	0	0.57
130900	0.57	0.42	0.42	0	0	0.57
131000	0.57	0.42	0.42	0	0	0.57
131100	0.57	0.42	0.42	0	0	0.57
131200	0.57	0.42	0.42	0	0	0.57
131300	0.57	0.42	0.42	0	0	0.57
131400	0.57	0.42	0.42	0	0	0.57
131500	0.57	0.42	0.42	0	0	0.57
131600	0.57	0.42	0.42	0	0	0.57
131700	0.57	0.42	0.42	0	0	0.57
131800	0.57	0.42	0.42	0	0	0.57
131900	0.57	0.42	0.42	0	0	0.57
132000	0.57	0.42	0.42	0	0	0.57
132100	0.57	0.42	0.42	0	0	0.57
132200	0.57	0.42	0.42	0	0	0.57
132300	0.57	0.42	0.42	0	0	0.57
132400	0.57	0.42	0.42	0	0	0.57
132500	0.57	0.42	0.42	0	0	0.57
132600	0.57	0.42	0.42	0	0	0.57
132700	0.57	0.42	0.42	0	0	0.57
132800	0.57	0.42	0.42	0	0	0.57
132900	0.57	0.42	0.42	0	0	0.57
133000	0.57	0.43	0.43	0	0	0.57
133100	0.57	0.43	0.43	0	0	0.57
133200	0.57	0.43	0.43	0	0	0.57
133300	0.57	0.43	0.43	0	0	0.57
133400	0.57	0.43	0.43	0	0	0.57
133500	0.57	0.43	0.43	0	0	0.57
133600	0.57	0.43	0.43	0	0	0.57
133700	0.57	0.43	0.43	0	0	0.57
133800	0.57	0.43	0.43	0	0	0.57
133900	0.57	0.43	0.43	0	0	0.57
134000	0.57	0.43	0.43	0	0	0.57
134100	0.57	0.43	0.43	0	0	0.57
134200	0.57	0.43	0.43	0	0	0.57
134300	0.57	0.43	0.43	0	0	0.57
134400	0.57	0.43	0.43	0	0	0.57
134500	0.57	0.43	0.43	0	0	0.57
134600	0.57	0.43	0.43	0	0	0.57
134700	0.57	0.43	0.43	0	0	0.57
134800	0.57	0.43	0.43	0	0	0.57
134900	0.57	0.43	0.43	0	0	0.57
135000	0.57	0.43	0.43	0	0	0.57
135100	0.57	0.43	0.43	0	0	0.57
135200	0.57	0.43	0.43	0	0	0.57
135300	0.57	0.43	0.43	0	0	0.57
135400	0.57	0.43	0.43	0	0	0.57
135500	0.57	0.43	0.43	0	0	0.57
135600	0.57	0.43	0.43	0	0	0.57
135700	0.57	0.43	0.43	0	0	0.57
135800	0.57	0.43	0.43	0	0	0.57
135900	0.57	0.43	0.43	0	0	0.57
136000	0.57	0.43	0.43	0	0	0.57
136100	0.57	0.43	0.43	0	0	0.57
136200	0.57	0.43	0.43	0	0	0.57
136300	0.57	0.43	0.43	0	0	0.57
136400	0.57	0.43	0.43	0	0	0.57
136500	0.57	0.43	0.43	0	0	0.57
136600	0.57	0.43	0.43	0	0	0.57
136700	0.57	0.43	0.43	0	0	0.57
136800	0.57	0.43	0.43	0	0	0.57
136900	0.57	0.43	0.43	0	0	0.57
137000	0.57	0.43	0.43	0	0	0.57
137100	0.57	0.43	0.43	0	0	0.57
137200	0.57	0.43	0.43	0	0	0.57
137300	0.57	0.43	0.43	0	0	0.57
137400	0.57	0.43	0.43	0	0	0.57
137500	0.57	0.43	0.43	0	0	0.57
137600	0.57	0.43	0.43	0	0	0.57
137700	0.57	0.43	0.43	0	0	0.57
137800	0.57	0.43	0.43	0	0	0.57
137900	0.57	0.43	0.43	0	0	0.57
138000	0.57	0.43	0.43	0	0	0.57
138100	0.57	0.43	0.43	0	0	0.57
138200	0.57	0.43	0.43	0	0	0.57
138300	0.57	0.43	0.43	0	0	0.57
138400	0.57	0.43	0.43	0	0	0.57
138500	0.57	0.43	0.43	0	0	0.57
138600	0.57	0.43	0.43	0	0	0.57
138700	0.57	0.43	0.43	0	0	0.57
138800	0.57	0.43	0.43	0	0	0.57
138900	0.57	0.43	0.43	0	0	0.57
139000	0.57	0.43	0.43	0	0	0.57
139100	0.57	0.43	0.43	0	0	0.57
139200	0.57	0.43	0.43	0	0	0.57
139300	0.57	0.43	0.43	0	0	0.57
139400	0.57	0.43	0.43	0	0	0.57
139500	0.57	0.43	0.43	0	0	0.57
139600	0.57	0.43	0.43	0	0	0.57
139700	0.57	0.43	0.43	0	0	0.57
139800	0.57	0.43	0.43	0	0	0.57
139900	0.57	0.43	0.43	0	0	0.57
140000	0.57	0.43	0.43	0	0	0.57
140100	0.57	0.43	0.43	0	0	0.57
140200	0.57	0.43	0.43	0	0	0.57
140300	0.57	0.43	0.43	0	0	0.57
140400	0.57	0.43	0.43	0	0	0.57
140500	0.57	0.43	0.43	0	0	0.57
140600	0.57	0.43	0.43	0	0	0.57
140700	0.57	0.43	0.43	0	0	0.57
140800	0.57	0.43	0.43	0	0	0.57
140900	0.57	0.43	0.43	0	0	0.57
141000	0.57	0.43	0.43	0	0	0.57
141100	0.56	0.43	0.43	0	0	0.56
141200	0.56	0.43	0.43	0	0	0.56
141300	0.56	0.43	0.43	0	0	0.56
141400	0.56	0.43	0.43	0	0	0.56
141500	0.56	0.43	0.43	0	0	0.56
141600	0.56	0.43	0.43	0	0	0.56
141700	0.56	0.43	0.43	0	0	0.56
141800	0.56	0.43	0.43	0	0	0.56
141900	0.56	0.43	0.43	0	0	0.56
142000	0.56	0.43	0.43	0	0	0.56
142100	0.56	0.43	0.43	0	0	0.56
142200	0.56	0.43	0.43	0	0	0.56
142300	0.56	0.43	0.43	0	0	0.56
142400	0.56	0.43	0.43	0	0	0.56
142500	0.56	0.43	0.43	0	0	0.56
142600	0.56	0.43	0.43	0	0	0.56
142700	0.56	0.43	0.43	0	0	0.56
142800	0.56	0.43	0.43	0	0	0.56
142900	0.56	0.43	0.43	0	0	0.56
143000	0.56	0.43	0.43	0	0	0.56
143100	0.57	0.43	0.43	0	0	0.57
143200	0.57	0.43	0.43	0	0	0.57
143300	0.57	0.43	0.43	0	0	0.57
143400	0.57	0.43	0.43	0	0	0.57
143500	0.57	0.43	0.43	0	0	0.57
143600	0.57	0.43	0.43	0	0	0.57
143700	0.57	0.43	0.43	0	0	0.57
143800	0.57	0.43	0.43	0	0	0.57
143900	0.57	0.43	0.43	0	0	0.57
144000	0.57	0.43	0.43	0	0	0.57
144100	0.57	0.43	0.43	0	0	0.57
144200	0.57	0.43	0.43	0	0	0.57
144300	0.57	0.43	0.43	0	0	0.57
144400	0.57	0.43	0.43	0	0	0.57
144500	0.57	0.43	0.43	0	0	0.57
144600	0.57	0.43	0.43	0	0	0.57
144700	0.57	0.43	0.43	0	0	0.57
144800	0.57	0.43	0.43	0	0	0.57
144900	0.57	0.43	0.43	0	0	0.57
145000	0.57	0.43	0.43	0	0	0.57
145100	0.57	0.43	0.43	0	0	0.57
145200	0.57	0.43	0.43	0	0	0.57
145300	0.57	0.43	0.43	0	0	0.57
145400	0.57	0.43	0.43	0	0	0.57
145500	0.57	0.43	0.43	0	0	0.57
145600	0.57	0.43	0.43	0	0	0.57
145700	0.57	0.43	0.43	0	0	0.57
145800	0.57	0.43	0.43	0	0	0.57
145900	0.57	0.43	0.43	0	0	0.57
146000	0.57	0.43	0.43	0	0	0.57
146100	0.57	0.43	0.43	0	0	0.57
146200	0.57	0.43	0.43	0	0	0.57
146300	0.57	0.43	0.43	0	0	0.57
146400	0.57	0.43	0.43	0	0	0.57
146500	0.57	0.43	0.43	0	0	0.57
146600	0.57	0.43	0.43	0	0	0.57
146700	0.57	0.43	0.43	0	0	0.57
146800	0.57	0.43	0.43	0	0	0.57
146900	0.57	0.43	0.43	0	0	0.57
147000	0.57	0.43	0.43	0	0	0.57
147100	0.57	0.43	0.43	0	0	0.57
147200	0.57	0.43	0.43	0	0	0.57
147300	0.57	0.43	0.43	0	0	0.57
147400	0.57	0.43	0.43	0	0	0.57
147500	0.57	0.43	0.43	0	0	0.57
147600	0.57	0.43	0.43	0	0	0.57
147700	0.57	0.43	0.43	0	0	0.57
147800	0.57	0.43	0.43	0	0	0.57
147900	0.57	0.43	0.43	0	0	0.57
148000	0.57	0.43	0.43	0	0	0.57
148100	0.57	0.43	0.43	0	0	0.57
148200	0.57	0.43	0.43	0	0	0.57
148300	0.57	0.43	0.43	0	0	0.57
148400	0.57	0.43	0.43	0	0	0.57
148500	0.57	0.43	0.43	0	0	0.57
148600	0.57	0.43	0.43	0	0	0.57
148700	0.57	0.43	0.43	0	0	0.57
148800	0.57	0.43	0.43	0	0	0.57
148900	0.57	0.43	0.43	0	0	0.57
149000	0.57	0.43	0.43	0	0	0.57
149100	0.57	0.43	0.43	0	0	0.57
149200	0.57	0.43	0.43	0	0	0.57
149300	0.57	0.43	0.43	0	0	0.57
149400	0.57	0.43	0.43	0	0	0.57
149500	0.57	0.43	0.43	0	0	0.57
149600	0.57	0.43	0.43	0	0	0.57
149700	0.57	0.43	0.43	0	0	0.57
149800	0.57	0.43	0.43	0	0	0.57
149900	0.57	0.43	0.43	0	0	0.57
150000	0.57	0.43	0.43	0	0	0.57
150100	0.57	0.43	0.43	0	0	0.57
150200	0.57	0.43	0.43	0	0	0.57
150300	0.57	0.43	0.43	0	0	0.57
150400	0.57	0.43	0.43	0	0	0.57
150500	0.57	0.43	0.43	0	0	0.57
150600	0.57	0.43	0.43	0	0	0.57
150700	0.57	0.43	0.43	0	0	0.57
150800	0.57	0.43	0.43	0	0	0.57
150900	0.57	0.43	0.43	0	0	0.57
151000	0.57	0.43	0.43	0	0	0.57
151100	0.57	0.43	0.43	0	0	0.57
151200	0.57	0.43	0.43	0	0	0.57
151300	0.57	0.43	0.43	0	0	0.57
151400	0.57	0.43	0.43	0	0	0.57
151500	0.57	0.43	0.43	0	0	0.57
151600	0.57	0.43	0.43	0	0	0.57
151700	0.57	0.43	0.43	0	0	0.57
151800	0.57	0.43	0.43	0	0	0.57
151900	0.57	0.43	0.43	0	0	0.57
152000	0.57	0.43	0.43	0	0	0.57
152100	0.57	0.43	0.43	0	0	0.57
152200	0.57	0.43	0.43	0	0	0.57
152300	0.57	0.43	0.43	0	0	0.57
152400	0.57	0.43	0.43	0	0	0.57
152500	0.57	0.43	0.43	0	0	0.57
152600	0.57	0.43	0.43	0	0	0.57
152700	0.57	0.43	0.43	0	0	0.57
152800	0.57	0.43	0.43	0	0	0.57
152900	0.57	0.43	0.43	0	0	0.57
153000	0.57	0.43	0.43	0	0	0.57
153100	0.57	0.43	0.43	0	0	0.57
153200	0.57	0.43	0.43	0	0	0.57
153300	0.57	0.43	0.43	0	0	0.57
153400	0.57	0.43	0.43	0	0	0.57
153500	0.57	0.43	0.43	0	0	0.57
153600	0.57	0.43	0.43	0	0	0.57
153700	0.57	0.43	0.43	0	0	0.57
153800	0.57	0.43	0.43	0	0	0.57
153900	0.57	0.43	0.43	0	0	0.57
154000	0.57	0.43	0.43	0	0	0.57
154100	0.57	0.43	0.43	0	0	0.57
154200	0.57	0.43	0.43	0	0	0.57
154300	0.57	0.43	0.43	0	0	0.57
154400	0.57	0.43	0.43	0	0	0.57
154500	0.57	0.43	0.43	0	0	0.57
154600	0.57	0.43	0.43	0	0	0.57
154700	0.57	0.43	0.43	0	0	0.57
154800	0.57	0.43	0.43	0	0	0.57
154900	0.57	0.43	0.43	0	0	0.57
155000	0.57	0.43	0.43	0	0	0.57
155100	0.57	0.43	0.43	0	0	0.57
155200	0.57	0.43	0.43	0	0	0.57
155300	0.57	0.43	0.43	0	0	0.57
155400	0.57	0.43	0.43	0	0	0.57
155500	0.57	0.43	0.43	0	0	0.57
155600	0.57	0.43	0.43	0	0	0.57
155700	0.57	0.43	0.43	0	0	0.57
155800	0.57	0.43	0.43	0	0	0.57
155900	0.57	0.43	0.43	0	0	0.57
156000	0.57	0.43	0.43	0	0	0.57
156100	0.57	0.43	0.43	0	0	0.57
156200	0.57	0.43	0.43	0	0	0.57
156300	0.57	0.43	0.43	0	0	0.57
156400	0.57	0.43	0.43	0	0	0.57
156500	0.57	0.43	0.43	0	0	0.57
156600	0.57	0.43	0.43	0	0	0.57
156700	0.57	0.43	0.43	0	0	0.57
156800	0.57	0.43	0.43	0	0	0.57
156900	0.57	0.43	0.43	0	0	0.57
157000	0.57	0.43	0.43	0	0	0.57
157100	0.57	0.43	0.43	0	0	0.57
157200	0.57	0.43	0.43	0	0	0.57
157300	0.57	0.43	0.43	0	0	0.57
157400	0.57	0.43	0.43	0	0	0.57
157500	0.57	0.43	0.43	0	0	0.57
157600	0.57	0.43	0.43	0	0	0.57
157700	0.57	0.43	0.43	0	0	0.57
157800	0.57	0.43	0.43	0	0	0.57
157900	0.57	0.43	0.43	0	0	0.57
158000	0.57	0.43	0.43	0	0	0.57
158100	0.57	0.43	0.43	0	0	0.57
158200	0.57	0.43	0.43	0	0	0.57
158300	0.57	0.43	0.43	0	0	0.57
158400	0.57	0.43	0.43	0	0	0.57
158500	0.57	0.43	0.43	0	0	0.57
158600	0.57	0.43	0.43	0	0	0.57
158700	0.57	0.43	0.43	0	0	0.57
158800	0.57	0.43	0.43	0	0	0.57
158900	0.57	0.43	0.43	0	0	0.57
159000	0.57	0.43	0.43	0	0	0.57
159100	0.57	0.43	0.43	0	0	0.57
159200	0.57	0.43	0.43	0	0	0.57
159300	0.57	0.43	0.43	0	0	0.57
159400	0.57	0.43	0.43	0	0	0.57
159500	0.57	0.43	0.43	0	0	0.57
159600	0.57	0.43	0.43	0	0	0.57
159700	0.57	0.43	0.43	0	0	0.57
159800	0.57	0.43	0.43	0	0	0.57
159900	0.57	0.43	0.43	0	0	0.57
160000	0.57	0.43	0.43	0	0	0.57
160100	0.57	0.43	0.43	0	0	0.57
160200	0.57	0.43	0.43	0	0	0.57
160300	0.57	0.43	0.43	0	0	0.57
160400	0.57	0.43	0.43	0	0	0.57
160500	0.57	0.43	0.43	0	0	0.57
160600	0.57	0.43	0.43	0	0	0.57
160700	0.57	0.43	0.43	0	0	0.57
160800	0.57	0.43	0.43	0	0	0.57
160900	0.57	0.43	0.43	0	0	0.57
161000	0.57	0.43	0.43	0	0	0.57
161100	0.57	0.43	0.43	0	0	0.57
161200	0.57	0.43	0.43	0	0	0.57
161300	0.57	0.43	0.43	0	0	0.57
161400	0.57	0.43	0.43	0	0	0.57
161500	0.57	0.43	0.43	0	0	0.57
161600	0.57	0.43	0.43	0	0	0.57
161700	0.57	0.43	0.43	0	0	0.57
161800	0.57	0.43	0.43	0	0	0.57
161900	0.57	0.43	0.43	0	0	0.57
162000	0.57	0.43	0.43	0	0	0.57
162100	0.57	0.43	0.43	0	0	0.57
162200	0.57	0.43	0.43	0	0	0.57
162300	0.57	0.43	0.43	0	0	0.57
162400	0.57	0.43	0.43	0	0	0.57
162500	0.57	0.43	0.43	0	0	0.57
162600	0.57	0.43	0.43	0	0	0.57
162700	0.57	0.43	0.43	0	0	0.57
162800	0.57	0.43	0.43	0	0	0.57
162900	0.57	0.43	0.43	0	0	0.57
163000	0.57	0.43	0.43	0	0	0.57
163100	0.57	0.43	0.43	0	0	0.57
163200	0.57	0.43	0.43	0	0	0.57
163300	0.57	0.43	0.43	0	0	0.57
163400	0.57	0.43	0.43	0	0	0.57
163500	0.57	0.43	0.43	0	0	0.57
163600	0.57	0.43	0.43	0	0	0.57
163700	0.57	0.43	0.43	0	0	0.57
163800	0.57	0.43	0.43	0	0	0.57
163900	0.57	0.43	0.43	0	0	0.57
164000	0.57	0.43	0.43	0	0	0.57
164100	0.57	0.43	0.43	0	0	0.57
164200	0.57	0.43	0.43	0	0	0.57
164300	0.57	0.43	0.43	0	0	0.57
164400	0.57	0.43	0.43	0	0	0.57
164500	0.57	0.43	0.43	0	0	0.57
164600	0.57	0.43	0.43	0	0	0.57
164700	0.57	0.43	0.43	0	0	0.57
164800	0.57	0.43	0.43	0	0	0.57
164900	0.57	0.43	0.43	0	0	0.57
165000	0.57	0.43	0.43	0	0	0.57
165100	0.57	0.43	0.43	0	0	0.57
165200	0.57	0.43	0.43	0	0	0.57
165300	0.57	0.43	0.43	0	0	0.57
165400	0.57	0.43	0.43	0	0	0.57
165500	0.57	0.43	0.43	0	0	0.57
165600	0.57	0.43	0.43	0	0	0.57
165700	0.57	0.43	0.43	0	0	0.57
165800	0.57	0.43	0.43	0	0	0.57
165900	0.57	0.43	0.43	0	0	0.57
166000	0.57	0.43	0.43	0	0	0.57
166100	0.57	0.43	0.43	0	0	0.57
166200	0.57	0.43	0.43	0	0	0.57
166300	0.57	0.43	0.43	0	0	0.57
166400	0.57	0.43	0.43	0	0	0.57
166500	0.57	0.43	0.43	0	0	0.57
166600	0.57	0.43	0.43	0	0	0.57
166700	0.57	0.43	0.43	0	0	0.57
166800	0.57	0.43	0.43	0	0	0.57
166900	0.57	0.43	0.43	0	0	0.57
167000	0.57	0.43	0.43	0	0	0.57
167100	0.57	0.43	0.43	0	0	0.57
167200	0.57	0.43	0.43	0	0	0.57
167300	0.57	0.43	0.43	0	0	0.57
167400	0.57	0.43	0.43	0	0	0.57
167500	0.57	0.43	0.43	0	0	0.57
167600	0.57	0.43	0.43	0	0	0.57
167700	0.57	0.43	0.43	0	0	0.57
167800	0.57	0.43	0.43	0	0	0.57
167900	0.57	0.43	0.43	0	0	0.57
168000	0.57	0.43	0.43	0	0	0.57
168100	0.57	0.43	0.43	0	0	0.57
168200	0.57	0.43	0.43	0	0	0.57
168300	0.57	0.43	0.43	0	0	0.57
168400	0.57	0.43	0.43	0	0	0.57
168500	0.57	0.43	0.43	0	0	0.57
168600	0.57	0.43	0.43	0	0	0.57
168700	0.57	0.43	0.43	0	0	0.57
168800	0.57	0.43	0.43	0	0	0.57
168900	0.57	0.43	0.43	0	0	0.57
169000	0.57	0.43	0.43	0	0	0.57
169100	0.57	0.43	0.43	0	0	0.57
169200	0.57	0.43	0.43	0	0	0.57
169300	0.57	0.43	0.43	0	0	0.57
169400	0.57	0.43	0.43	0	0	0.57
169500	0.57	0.43	0.43	0	0	0.57
169600	0.57	0.43	0.43	0	0	0.57
169700	0.57	0.43	0.43	0	0	0.57
169800	0.57	0.43	0.43	0	0	0.57
169900	0.57	0.43	0.43	0	0	0.57
170000	0.57	0.43	0.43	0	0	0.57
170100	0.57	0.43	0.43	0	0	0.57
170200	0.57	0.43	0.43	0	0	0.57
170300	0.57	0.43	0.43	0	0	0.57
170400	0.57	0.43	0.43	0	0	0.57
170500	0.57	0.43	0.43	0	0	0.57
170600	0.57	0.43	0.43	0	0	0.57
170700	0.57	0.43	0.43	0	0	0.57
170800	0.57	0.43	0.43	0	0	0.57
170900	0.57	0.43	0.43	0	0	0.57
171000	0.57	0.43	0.43	0	0	0.57
171100	0.57	0.43	0.43	0	0	0.57
171200	0.57	0.43	0.43	0	0	0.57
171300	0.57	0.43	0.43	0	0	0.57
171400	0.57	0.43	0.43	0	0	0.57
171500	0.57	0.43	0.43	0	0	0.57
171600	0.57	0.43	0.43	0	0	0.57
171700	0.57	0.43	0.43	0	0	0.57
171800	0.57	0.43	0.43	0	0	0.57
171900	0.57	0.43	0.43	0	0	0.57
172000	0.57	0.43	0.43	0	0	0.57
172100	0.57	0.43	0.43	0	0	0.57
172200	0.57	0.43	0.43	0	0	0.57
172300	0.57	0.43	0.43	0	0	0.57
172400	0.57	0.43	0.43	0	0	0.57
172500	0.57	0.43	0.43	0	0	0.57
172600	0.57	0.43	0.43	0	0	0.57
172700	0.57	0.43	0.43	0	0	0.57
172800	0.57	0.43	0.43	0	0	0.57
172900	0.57	0.43	0.43	0	0	0.57
173000	0.57	0.43	0.43	0	0	0.57
173100	0.57	0.43	0.43	0	0	0.57
173200	0.57	0.43	0.43	0	0	0.57
173300	0.57	0.43	0.43	0	0	0.57
173400	0.57	0.43	0.43	0	0	0.57
173500	0.57	0.43	0.43	0	0	0.57
173600	0.57	0.43	0.43	0	0	0.57
173700	0.57	0.43	0.43	0	0	0.57
173800	0.57	0.43	0.43	0	0	0.57
173900	0.57	0.43	0.43	0	0	0.57
174000	0.57	0.43	0.43	0	0	0.57
174100	0.57	0.43	0.43	0	0	0.57
174200	0.57	0.43	0.43	0	0	0.57
174300	0.57	0.43	0.43	0	0	0.57
174400	0.57	0.43	0.43	0	0	0.57
174500	0.57	0.43	0.43	0	0	0.57
174600	0.57	0.43	0.43	0	0	0.57
174700	0.57	0.43	0.43	0	0	0.57
174800	0.57	0.43	0.43	0	0	0.57
174900	0.57	0.43	0.43	0	0	0.57
175000	0.57	0.43	0.43	0	0	0.57
175100	0.57	0.43	0.43	0	0	0.57
175200	0.57	0.43	0.43	0	0	0.57
175300	0.57	0.43	0.43	0	0	0.57
175400	0.57	0.43	0.43	0	0	0.57
175500	0.57	0.43	0.43	0	0	0.57
175600	0.57	0.43	0.43	0	0	0.57
175700	0.57	0.43	0.43	0	0	0.57
175800	0.57	0.43	0.43	0	0	0.57
175900	0.57	0.43	0.43	0	0	0.57
176000	0.57	0.43	0.43	0	0	0.57
176100	0.57	0.43	0.43	0	0	0.57
176200	0.57	0.43	0.43	0	0	0.57
176300	0.57	0.43	0.43	0	0	0.57
176400	0.57	0.43	0.43	0	0	0.57
176500	0.57	0.43	0.43	0	0	0.57
176600	0.57	0.43	0.43	0	0	0.57
176700	0.57	0.43	0.43	0	0	0.57
176800	0.57	0.43	0.43	0	0	0.57
176900	0.57	0.43	0.43	0	0	0.57
177000	0.57	0.43	0.43	0	0	0.57
177100	0.57	0.43	0.43	0	0	0.57
177200	0.57	0.43	0.43	0	0	0.57
177300	0.57	0.43	0.43	0	0	0.57
177400	0.57	0.43	0.43	0	0	0.57
177500	0.57	0.43	0.43	0	0	0.57
177600	0.57	0.43	0.43	0	0	0.57
177700	0.57	0.43	0.43	0	0	0.57
177800	0.57	0.43	0.43	0	0	0.57
177900	0.57	0.43	0.43	0	0	0.57
178000	0.57	0.43	0.43	0	0	0.57
178100	0.57	0.43	0.43	0	0	0.57
178200	0.57	0.43	0.43	0	0	0.57
178300	0.57	0.43	0.43	0	0	0.57
178400	0.57	0.43	0.43	0	0	0.57
178500	0.57	0.43	0.43	0	0	0.57
178600	0.57	0.43	0.43	0	0	0.57
178700	0.57	0.43	0.43	0	0	0.57
178800	0.57	0.43	0.43	0	0	0.57
178900	0.57	0.43	0.43	0	0	0.57
179000	0.57	0.43	0.43	0	0	0.57
179100	0.57	0.43	0.43	0	0	0.57
179200	0.57	0.43	0.43	0	0	0.57
179300	0.57	0.43	0.43	0	0	0.57
179400	0.57	0.43	0.43	0	0	0.57
179500	0.57	0.43	0.43	0	0	0.57
179600	0.57	0.43	0.43	0	0	0.57
179700	0.57	0.43	0.43	0	0	0.57
179800	0.57	0.43	0.43	0	0	0.57
179900	0.57	0.43	0.43	0	0	0.57
180000	0.57	0.43	0.43	0	0	0.57
180100	0.57	0.43	0.43	0	0	0.57
180200	0.57	0.43	0.43	0	0	0.57
180300	0.57	0.43	0.43	0	0	0.57
180400	0.57	0.43	0.43	0	0	0.57
180500	0.57	0.43	0.43	0	0	0.57
180600	0.57	0.43	0.43	0	0	0.57
180700	0.57	0.43	0.43	0	0	0.57
180800	0.57	0.43	0.43	0	0	0.57
180900	0.57	0.43	0.43	0	0	0.57
181000	0.57	0.43	0.43	0	0	0.57
181100	0.57	0.43	0.43	0	0	0.57
181200	0.57	0.43	0.43	0	0	0.57
181300	0.57	0.43	0.43	0	0	0.57
181400	0.57	0.43	0.43	0	0	0.57
181500	0.57	0.43	0.43	0	0	0.57
181600	0.57	0.43	0.43	0	0	0.57
181700	0.57	0.43	0.43	0	0	0.57
181800	0.57	0.43	0.43	0	0	0.57
181900	0.57	0.43	0.43	0	0	0.57
182000	0.57	0.43	0.43	0	0	0.57
182100	0.57	0.43	0.43	0	0	0.57
182200	0.57	0.43	0.43	0	0	0.57
182300	0.57	0.43	0.43	0	0	0.57
182400	0.57	0.43	0.43	0	0	0.57
182500	0.57	0.43	0.43	0	0	0.57
182600	0.57	0.43	0.43	0	0	0.57
182700	0.57	0.43	0.43	0	0	0.57
182800	0.57	0.43	0.43	0	0	0.57
182900	0.57	0.43	0.43	0	0	0.57
183000	0.57	0.43	0.43	0	0	0.57
183100	0.57	0.43	0.43	0	0	0.57
183200	0.57	0.43	0.43	0	0	0.57
183300	0.57	0.43	0.43	0	0	0.57
183400	0.57	0.43	0.43	0	0	0.57
183500	0.57	0.43	0.43	0	0	0.57
183600	0.57	0.43	0.43	0	0	0.57
183700	0.57	0.43	0.43	0	0	0.57
183800	0.57	0.43	0.43	0	0	0.57
183900	0.57	0.43	0.43	0	0	0.57
184000	0.57	0.43	0.43	0	0	0.57
184100	0.57	0.43	0.43	0	0	0.57
184200	0.57	0.43	0.43	0	0	0.57
184300	0.57	0.43	0.43	0	0	0.57
184400	0.57	0.43	0.43	0	0	0.57
184500	0.57	0.43	0.43	0	0	0.57
184600	0.57	0.43	0.43	0	0	0.57
184700	0.57	0.43	0.43	0	0	0.57
184800	0.57	0.43	0.43	0	0	0.57
184900	0.57	0.43	0.43	0	0	0.57
185000	0.57	0.43	0.43	0	0	0.57
185100	0.57	0.43	0.43	0	0	0.57
185200	0.57	0.43	0.43	0	0	0.57
185300	0.57	0.43	0.43	0	0	0.57
185400	0.57	0.43	0.43	0	0	0.57
185500	0.57	0.43	0.43	0	0	0.57
185600	0.57	0.43	0.43	0	0	0.57
185700	0.57	0.43	0.43	0	0	0.57
185800	0.57	0.43	0.43	0	0	0.57
185900	0.57	0.43	0.43	0	0	0.57
186000	0.57	0.43	0.43	0	0	0.57
186100	0.57	0.43	0.43	0	0	0.57
186200	0.57	0.43	0.43	0	0	0.57
186300	0.57	0.43	0.43	0	0	0.57
186400	0.57	0.43	0.43	0	0	0.57
186500	0.57	0.43	0.43	0	0	0.57
186600	0.57	0.43	0.43	0	0	0.57
186700	0.57	0.43	0.43	0	0	0.57
186800	0.57	0.43	0.43	0	0	0.57
186900	0.57	0.43	0.43	0	0	0.57
187000	0.57	0.43	0.43	0	0	0.57
187100	0.57	0.43	0.43	0	0	0.57
187200	0.57	0.43	0.43	0	0	0.57
187300	0.57	0.43	0.43	0	0	0.57
187400	0.57	0.43	0.43	0	0	0.57
187500	0.57	0.43	0.43	0	0	0.57
187600	0.57	0.43	0.43	0	0	0.57
187700	0.57	0.43	0.43	0	0	0.57
187800	0.57	0.43	0.43	0	0	0.57
187900	0.57	0.43	0.43	0	0	0.57
188000	0.57	0.43	0.43	0	0	0.57
188100	0.57	0.43	0.43	0	0	0.57
188200	0.57	0.43	0.43	0	0	0.57
188300	0.57	0.43	0.43	0	0	0.57
188400	0.57	0.43	0.43	0	0	0.57
188500	0.57	0.43	0.43	0	0	0.57
188600	0.57	0.43	0.43	0	0	0.57
188700	0.57	0.43	0.43	0	0	0.57
188800	0.57	0.43	0.43	0	0	0.57
188900	0.57	0.43	0.43	0	0	0.57
189000	0.57	0.43	0.43	0	0	0.57
189100	0.57	0.43	0.43	0	0	0.57
189200	0.57	0.43	0.43	0	0	0.57
189300	0.57	0.43	0.43	0	0	0.57
189400	0.57	0.43	0.43	0	0	0.57
189500	0.57	0.43	0.43	0	0	0.57
189600	0.57	0.43	0.43	0	0	0.57
189700	0.57	0.43	0.43	0	0	0.57
189800	0.57	0.43	0.43	0	0	0.57
189900	0.57	0.43	0.43	0	0	0.57
190000	0.57	0.43	0.43	0	0	0.57
190100	0.57	0.43	0.43	0	0	0.57
190200	0.57	0.43	0.43	0	0	0.57
190300	0.57	0.43	0.43	0	0	0.57
190400	0.57	0.43	0.43	0	0	0.57
190500	0.57	0.43	0.43	0	0	0.57
190600	0.57	0.43	0.43	0	0	0.57
190700	0.57	0.43	0.43	0	0	0.57
190800	0.57	0.43	0.43	0	0	0.57
190900	0.57	0.43	0.43	0	0	0.57
191000	0.57	0.43	0.43	0	0	0.57
191100	0.57	0.43	0.43	0	0	0.57
191200	0.57	0.43	0.43	0	0	0.57
191300	0.57	0.43	0.43	0	0	0.57
191400	0.57	0.43	0.43	0	0	0.57
191500	0.57	0.43	0.43	0	0	0.57
191600	0.57	0.43	0.43	0	0	0.57
191700	0.57	0.43	0.43	0	0	0.57
191800	0.57	0.43	0.43	0	0	0.57
191900	0.57	0.43	0.43	0	0	0.57
192000	0.57	0.43	0.43	0	0	0.57
192100	0.57	0.43	0.43	0	0	0.57
192200	0.57	0.43	0.43	0	0	0.57
192300	0.57	0.43	0.43	0	0	0.57
192400	0.57	0.43	0.43	0	0	0.57
192500	0.57	0.43	0.43	0	0	0.57
192600	0.57	0.43	0.43	0	0	0.57
192700	0.57	0.43	0.43	0	0	0.57
192800	0.57	0.43	0.43	0	0	0.57
192900	0.57	0.43	0.43	0	0	0.57
193000	0.57	0.43	0.43	0	0	0.57
193100	0.57	0.43	0.43	0	0	0.57
193200	0.57	0.43	0.43	0	0	0.57
193300	0.57	0.43	0.43	0	0	0.57
193400	0.57	0.43	0.43	0	0	0.57
193500	0.57	0.43	0.43	0	0	0.57
193600	0.57	0.43	0.43	0	0	0.57
193700	0.57	0.43	0.43	0	0	0.57
193800	0.57	0.43	0.43	0	0	0.57
193900	0.57	0.43	0.43	0	0	0.57
194000	0.56	0.43	0.43	0	0	0.56
194100	0.56	0.43	0.43	0	0	0.56
194200	0.56	0.43	0.43	0	0	0.56
194300	0.56	0.43	0.43	0	0	0.56
194400	0.56	0.43	0.43	0	0	0.56
194500	0.56	0.43	0.43	0	0	0.56
194600	0.56	0.43	0.43	0	0	0.56
194700	0.56	0.43	0.43	0	0	0.56
194800	0.56	0.43	0.43	0	0	0.56
194900	0.56	0.43	0.43	0	0	0.56
195000	0.56	0.43	0.43	0	0	0.56
195100	0.56	0.43	0.43	0	0	0.56
195200	0.56	0.43	0.43	0	0	0.56
195300	0.56	0.43	0.43	0	0	0.56
195400	0.56	0.43	0.43	0	0	0.56
195500	0.56	0.43	0.43	0	0	0.56
195600	0.56	0.43	0.43	0	0	0.56
195700	0.56	0.43	0.43	0	0	0.56
195800	0.56	0.43	0.43	0	0	0.56
195900	0.56	0.44	0.44	0	0	0.56
196000	0.56	0.44	0.44	0	0	0.56
196100	0.56	0.44	0.44	0	0	0.56
196200	0.56	0.44	0.44	0	0	0.56
196300	0.56	0.44	0.44	0	0	0.56
196400	0.56	0.44	0.44	0	0	0.56
196500	0.56	0.44	0.44	0	0	0.56
196600	0.56	0.44	0.44	0	0	0.56
196700	0.56	0.44	0.44	0	0	0.56
196800	0.56	0.44	0.44	0	0	0.56
196900	0.56	0.44	0.44	0	0	0.56
197000	0.56	0.44	0.44	0	0	0.56
197100	0.56	0.44	0.44	0	0	0.56
197200	0.56	0.44	0.44	0	0	0.56
197300	0.56	0.44	0.44	0	0	0.56
197400	0.56	0.44	0.44	0	0	0.56
197500	0.56	0.44	0.44	0	0	0.56
197600	0.56	0.44	0.44	0	0	0.56
197700	0.56	0.44	0.44	0	0	0.56
197800	0.56	0.44	0.44	0	0	0.56
197900	0.56	0.44	0.44	0	0	0.56
198000	0.56	0.44	0.44	0	0	0.56
198100	0.56	0.44	0.44	0	0	0.56
198200	0.56	0.44	0.44	0	0	0.56
198300	0.56	0.44	0.44	0	0	0.56
198400	0.56	0.44	0.44	0	0	0.56
198500	0.56	0.44	0.44	0	0	0.56
198600	0.56	0.44	0.44	0	0	0.56
198700	0.56	0.44	0.44	0	0	0.56
198800	0.56	0.44	0.44	0	0	0.56
198900	0.56	0.44	0.44	0	0	0.56
199000	0.56	0.44	0.44	0	0	0.56
199100	0.56	0.44	0.44	0	0	0.56
199200	0.56	0.44	0.44	0	0	0.56
199300	0.56	0.44	0.44	0	0	0.56
199400	0.56	0.44	0.44	0	0	0.56
199500	0.56	0.44	0.44	0	0	0.56
199600	0.56	0.44	0.44	0	0	0.56
199700	0.56	0.44	0.44	0	0	0.56
199800	0.56	0.44	0.44	0	0	0.56
199900	0.56	0.44	0.44	0	0	0.56
200000	0.56	0.44	0.44	0	0	0.56
200100	0.56	0.44	0.44	0	0	0.56
200200	0.56	0.44	0.44	0	0	0.56
200300	0.56	0.44	0.44	0	0	0.56
200400	0.56	0.44	0.44	0	0	0.56
200500	0.56	0.44	0.44	0	0	0.56
200600	0.56	0.44	0.44	0	0	0.56
200700	0.56	0.44	0.44	0	0	0.56
200800	0.56	0.44	0.44	0	0	0.56
200900	0.56	0.44	0.44	0	0	0.56
201000	0.56	0.44	0.44	0	0	0.56
201100	0.56	0.44	0.44	0	0	0.56
201200	0.56	0.44	0.44	0	0	0.56
201300	0.56	0.44	0.44	0	0	0.56
201400	0.56	0.44	0.44	0	0	0.56
201500	0.56	0.44	0.44	0	0	0.56
201600	0.56	0.44	0.44	0	0	0.56
201700	0.56	0.44	0.44	0	0	0.56
201800	0.56	0.44	0.44	0	0	0.56
201900	0.56	0.44	0.44	0	0	0.56
202000	0.56	0.44	0.44	0	0	0.56
202100	0.56	0.44	0.44	0	0	0.56
202200	0.56	0.44	0.44	0	0	0.56
202300	0.56	0.44	0.44	0	0	0.56
202400	0.56	0.44	0.44	0	0	0.56
202500	0.56	0.44	0.44	0	0	0.56
202600	0.56	0.44	0.44	0	0	0.56
202700	0.56	0.44	0.44	0	0	0.56
202800	0.56	0.44	0.44	0	0	0.56
202900	0.56	0.44	0.44	0	0	0.56
203000	0.56	0.44	0.44	0	0	0.56
203100	0.56	0.44	0.44	0	0	0.56
203200	0.56	0.44	0.44	0	0	0.56
203300	0.56	0.44	0.44	0	0	0.56
203400	0.56	0.44	0.44	0	0	0.56
203500	0.56	0.44	0.44	0	0	0.56
203600	0.56	0.44	0.44	0	0	0.56
203700	0.56	0.44	0.44	0	0	0.56
203800	0.56	0.44	0.44	0	0	0.56
203900	0.56	0.44	0.44	0	0	0.56
204000	0.56	0.44	0.44	0	0	0.56
204100	0.56	0.44	0.44	0	0	0.56
204200	0.56	0.44	0.44	0	0	0.56
204300	0.56	0.44	0.44	0	0	0.56
204400	0.56	0.44	0.44	0	0	0.56
204500	0.56	0.44	0.44	0	0	0.56
204600	0.56	0.44	0.44	0	0	0.56
204700	0.56	0.44	0.44	0	0	0.56
204800	0.56	0.44	0.44	0	0	0.56
204900	0.56	0.44	0.44	0	0	0.56
205000	0.56	0.44	0.44	0	0	0.56
205100	0.56	0.44	0.44	0	0	0.56
205200	0.56	0.44	0.44	0	0	0.56
205300	0.56	0.44	0.44	0	0	0.56
205400	0.56	0.44	0.44	0	0	0.56
205500	0.56	0.44	0.44	0	0	0.56
205600	0.56	0.44	0.44	0	0	0.56
205700	0.56	0.44	0.44	0	0	0.56
205800	0.56	0.44	0.44	0	0	0.56
205900	0.56	0.44	0.44	0	0	0.56
206000	0.56	0.44	0.44	0	0	0.56
206100	0.56	0.44	0.44	0	0	0.56
206200	0.56	0.44	0.44	0	0	0.56
206300	0.56	0.44	0.44	0	0	0.56
206400	0.56	0.44	0.44	0	0	0.56
206500	0.56	0.44	0.44	0	0	0.56
206600	0.56	0.44	0.44	0	0	0.56
206700	0.56	0.44	0.44	0	0	0.56
206800	0.56	0.44	0.44	0	0	0.56
206900	0.56	0.44	0.44	0	0	0.56
207000	0.56	0.44	0.44	0	0	0.56
207100	0.56	0.44	0.44	0	0	0.56
207200	0.56	0.44	0.44	0	0	0.56
207300	0.56	0.44	0.44	0	0	0.56
207400	0.56	0.44	0.44	0	0	0.56
207500	0.56	0.44	0.44	0	0	0.56
207600	0.56	0.44	0.44	0	0	0.56
207700	0.56	0.44	0.44	0	0	0.56
207800	0.56	0.44	0.44	0	0	0.56
207900	0.56	0.44	0.44	0	0	0.56
208000	0.56	0.44	0.44	0	0	0.56
208100	0.56	0.44	0.44	0	0	0.56
208200	0.56	0.44	0.44	0	0	0.56
208300	0.56	0.44	0.44	0	0	0.56
208400	0.56	0.44	0.44	0	0	0.56
208500	0.56	0.44	0.44	0	0	0.56
208600	0.56	0.44	0.44	0	0	0.56
208700	0.56	0.44	0.44	0	0	0.56
208800	0.56	0.44	0.44	0	0	0.56
208900	0.56	0.44	0.44	0	0	0.56
209000	0.56	0.44	0.44	0	0	0.56
209100	0.56	0.44	0.44	0	0	0.56
209200	0.56	0.44	0.44	0	0	0.56
209300	0.56	0.44	0.44	0	0	0.56
209400	0.56	0.44	0.44	0	0	0.56
209500	0.56	0.44	0.44	0	0	0.56
209600	0.56	0.44	0.44	0	0	0.56
209700	0.56	0.44	0.44	0	0	0.56
209800	0.56	0.44	0.44	0	0	0.56
209900	0.56	0.44	0.44	0	0	0.56
210000	0.56	0.44	0.44	0	0	0.56
210100	0.56	0.44	0.44	0	0	0.56
210200	0.56	0.44	0.44	0	0	0.56
210300	0.56	0.44	0.44	0	0	0.56
210400	0.56	0.44	0.44	0	0	0.56
210500	0.56	0.44	0.44	0	0	0.56
210600	0.56	0.44	0.44	0	0	0.56
210700	0.56	0.44	0.44	0	0	0.56
210800	0.56	0.44	0.44	0	0	0.56
210900	0.56	0.44	0.44	0	0	0.56
211000	0.56	0.44	0.44	0	0	0.56
211100	0.56	0.44	0.44	0	0	0.56
211200	0.56	0.44	0.44	0	0	0.56
211300	0.56	0.44	0.44	0	0	0.56
211400	0.56	0.44	0.44	0	0	0.56
211500	0.56	0.44	0.44	0	0	0.56
211600	0.56	0.44	0.44	0	0	0.56
211700	0.56	0.44	0.44	0	0	0.56
211800	0.56	0.44	0.44	0	0	0.56
211900	0.56	0.44	0.44	0	0	0.56
212000	0.56	0.44	0.44	0	0	0.56
212100	0.56	0.44	0.44	0	0	0.56
212200	0.56	0.44	0.44	0	0	0.56
212300	0.56	0.44	0.44	0	0	0.56
212400	0.56	0.44	0.44	0	0	0.56
212500	0.56	0.44	0.44	0	0	0.56
212600	0.56	0.44	0.44	0	0	0.56
212700	0.56	0.44	0.44	0	0	0.56
212800	0.56	0.44	0.44	0	0	0.56
212900	0.56	0.44	0.44	0	0	0.56
213000	0.56	0.44	0.44	0	0	0.56
213100	0.56	0.44	0.44	0	0	0.56
213200	0.56	0.44	0.44	0	0	0.56
213300	0.56	0.44	0.44	0	0	0.56
213400	0.56	0.44	0.44	0	0	0.56
213500	0.56	0.44	0.44	0	0	0.56
213600	0.56	0.44	0.44	0	0	0.56
213700	0.56	0.44	0.44	0	0	0.56
213800	0.56	0.44	0.44	0	0	0.56
213900	0.56	0.44	0.44	0	0	0.56
214000	0.56	0.44	0.44	0	0	0.56
214100	0.56	0.44	0.44	0	0	0.56
214200	0.56	0.44	0.44	0	0	0.56
214300	0.56	0.44	0.44	0	0	0.56
214400	0.56	0.44	0.44	0	0	0.56
214500	0.56	0.44	0.44	0	0	0.56
214600	0.56	0.44	0.44	0	0	0.56
214700	0.56	0.44	0.44	0	0	0.56
214800	0.56	0.44	0.44	0	0	0.56
214900	0.56	0.44	0.44	0	0	0.56
215000	0.56	0.44	0.44	0	0	0.56
215100	0.56	0.44	0.44	0	0	0.56
215200	0.56	0.44	0.44	0	0	0.56
215300	0.56	0.44	0.44	0	0	0.56
215400	0.56	0.44	0.44	0	0	0.56
215500	0.56	0.44	0.44	0	0	0.56
215600	0.56	0.44	0.44	0	0	0.56
215700	0.56	0.44	0.44	0	0	0.56
215800	0.56	0.44	0.44	0	0	0.56
215900	0.56	0.44	0.44	0	0	0.56
216000	0.56	0.44	0.44	0	0	0.56
216100	0.56	0.44	0.44	0	0	0.56
216200	0.56	0.44	0.44	0	0	0.56
216300	0.56	0.44	0.44	0	0	0.56
216400	0.56	0.44	0.44	0	0	0.56
216500	0.56	0.44	0.44	0	0	0.56
216600	0.56	0.44	0.44	0	0	0.56
216700	0.56	0.44	0.44	0	0	0.56
216800	0.56	0.44	0.44	0	0	0.56
216900	0.56	0.44	0.44	0	0	0.56
217000	0.56	0.44	0.44	0	0	0.56
217100	0.56	0.44	0.44	0	0	0.56
217200	0.56	0.44	0.44	0	0	0.56
217300	0.56	0.44	0.44	0	0	0.56
217400	0.56	0.44	0.44	0	0	0.56
217500	0.56	0.44	0.44	0	0	0.56
217600	0.56	0.44	0.44	0	0	0.56
217700	0.56	0.44	0.44	0	0	0.56
217800	0.56	0.44	0.44	0	0	0.56
217900	0.56	0.44	0.44	0	0	0.56
218000	0.56	0.44	0.44	0	0	0.56
218100	0.56	0.44	0.44	0	0	0.56
218200	0.56	0.44	0.44	0	0	0.56
218300	0.56	0.44	0.44	0	0	0.56
218400	0.56	0.44	0.44	0	0	0.56
218500	0.56	0.44	0.44	0	0	0.56
218600	0.56	0.44	0.44	0	0	0.56
218700	0.56	0.44	0.44	0	0	0.56
218800	0.56	0.44	0.44	0	0	0.56
218900	0.56	0.44	0.44	0	0	0.56
219000	0.56	0.44	0.44	0	0	0.56
219100	0.56	0.44	0.44	0	0	0.56
219200	0.56	0.44	0.44	0	0	0.56
219300	0.56	0.44	0.44	0	0	0.56
219400	0.56	0.44	0.44	0	0	0.56
219500	0.56	0.44	0.44	0	0	0.56
219600	0.56	0.44	0.44	0	0	0.56
219700	0.56	0.44	0.44	0	0	0.56
219800	0.56	0.44	0.44	0	0	0.56
219900	0.56	0.44	0.44	0	0	0.56
220000	0.56	0.44	0.44	0	0	0.56
220100	0.56	0.44	0.44	0	0	0.56
220200	0.56	0.44	0.44	0	0	0.56
220300	0.56	0.44	0.44	0	0	0.56
220400	0.56	0.44	0.44	0	0	0.56
220500	0.56	0.44	0.44	0	0	0.56
220600	0.56	0.44	0.44	0	0	0.56
220700	0.56	0.44	0.44	0	0	0.56
220800	0.56	0.44	0.44	0	0	0.56
220900	0.56	0.44	0.44	0	0	0.56
221000	0.56	0.44	0.44	0	0	0.56
221100	0.56	0.44	0.44	0	0	0.56
221200	0.56	0.44	0.44	0	0	0.56
221300	0.56	0.44	0.44	0	0	0.56
221400	0.56	0.44	0.44	0	0	0.56
221500	0.56	0.44	0.44	0	0	0.56
221600	0.56	0.44	0.44	0	0	0.56
221700	0.56	0.44	0.44	0	0	0.56
221800	0.56	0.44	0.44	0	0	0.56
221900	0.56	0.44	0.44	0	0	0.56
222000	0.56	0.44	0.44	0	0	0.56
222100	0.56	0.44	0.44	0	0	0.56
222200	0.56	0.44	0.44	0	0	0.56
222300	0.56	0.44	0.44	0	0	0.56
222400	0.56	0.44	0.44	0	0	0.56
222500	0.56	0.44	0.44	0	0	0.56
222600	0.56	0.44	0.44	0	0	0.56
222700	0.56	0.44	0.44	0	0	0.56
222800	0.56	0.44	0.44	0	0	0.56
222900	0.56	0.44	0.44	0	0	0.56
223000	0.56	0.44	0.44	0	0	0.56
223100	0.56	0.44	0.44	0	0	0.56
223200	0.56	0.44	0.44	0	0	0.56
223300	0.56	0.44	0.44	0	0	0.56
223400	0.56	0.44	0.44	0	0	0.56
223500	0.56	0.44	0.44	0	0	0.56
223600	0.56	0.44	0.44	0	0	0.56
223700	0.56	0.44	0.44	0	0	0.56
223800	0.56	0.44	0.44	0	0	0.56
223900	0.56	0.44	0.44	0	0	0.56
224000	0.56	0.44	0.44	0	0	0.56
224100	0.56	0.44	0.44	0	0	0.56
224200	0.56	0.44	0.44	0	0	0.56
224300	0.56	0.44	0.44	0	0	0.56
224400	0.56	0.44	0.44	0	0	0.56
224500	0.56	0.44	0.44	0	0	0.56
224600	0.56	0.44	0.44	0	0	0.56
224700	0.56	0.44	0.44	0	0	0.56
224800	0.56	0.44	0.44	0	0	0.56
224900	0.56	0.44	0.44	0	0	0.56
225000	0.56	0.44	0.44	0	0	0.56
225100	0.56	0.44	0.44	0	0	0.56
225200	0.56	0.44	0.44	0	0	0.56
225300	0.56	0.44	0.44	0	0	0.56
225400	0.56	0.44	0.44	0	0	0.56
225500	0.56	0.44	0.44	0	0	0.56
225600	0.56	0.44	0.44	0	0	0.56
225700	0.56	0.44	0.44	0	0	0.56
225800	0.56	0.44	0.44	0	0	0.56
225900	0.56	0.44	0.44	0	0	0.56
226000	0.56	0.44	0.44	0	0	0.56
226100	0.56	0.44	0.44	0	0	0.56
226200	0.56	0.44	0.44	0	0	0.56
226300	0.56	0.44	0.44	0	0	0.56
226400	0.56	0.44	0.44	0	0	0.56
226500	0.56	0.44	0.44	0	0	0.56
226600	0.56	0.44	0.44	0	0	0.56
226700	0.56	0.44	0.44	0	0	0.56
226800	0.56	0.44	0.44	0	0	0.56
226900	0.56	0.44	0.44	0	0	0.56
227000	0.56	0.44	0.44	0	0	0.56
227100	0.56	0.44	0.44	0	0	0.56
227200	0.56	0.44	0.44	0	0	0.56
227300	0.56	0.44	0.44	0	0	0.56
227400	0.56	0.44	0.44	0	0	0.56
227500	0.56	0.44	0.44	0	0	0.56
227600	0.56	0.44	0.44	0	0	0.56
227700	0.56	0.44	0.44	0	0	0.56
227800	0.56	0.44	0.44	0	0	0.56
227900	0.56	0.44	0.44	0	0	0.56
228000	0.56	0.44	0.44	0	0	0.56
228100	0.56	0.44	0.44	0	0	0.56
228200	0.56	0.44	0.44	0	0	0.56
228300	0.56	0.44	0.44	0	0	0.56
228400	0.56	0.44	0.44	0	0	0.56
228500	0.56	0.44	0.44	0	0	0.56
228600	0.56	0.44	0.44	0	0	0.56
228700	0.56	0.44	0.44	0	0	0.56
228800	0.56	0.44	0.44	0	0	0.56
228900	0.56	0.44	0.44	0	0	0.56
229000	0.56	0.44	0.44	0	0	0.56
229100	0.56	0.44	0.44	0	0	0.56
229200	0.56	0.44	0.44	0	0	0.56
229300	0.56	0.44	0.44	0	0	0.56
229400	0.56	0.44	0.44	0	0	0.56
229500	0.56	0.44	0.44	0	0	0.56
229600	0.56	0.44	0.44	0	0	0.56
229700	0.56	0.44	0.44	0	0	0.56
229800	0.56	0.44	0.44	0	0	0.56
229900	0.56	0.44	0.44	0	0	0.56
230000	0.56	0.44	0.44	0	0	0.56
230100	0.56	0.44	0.44	0	0	0.56
230200	0.56	0.44	0.44	0	0	0.56
230300	0.56	0.44	0.44	0	0	0.56
230400	0.56	0.44	0.44	0	0	0.56
230500	0.56	0.44	0.44	0	0	0.56
230600	0.56	0.44	0.44	0	0	0.56
230700	0.56	0.44	0.44	0	0	0.56
230800	0.56	0.44	0.44	0	0	0.56
230900	0.56	0.44	0.44	0	0	0.56
231000	0.56	0.44	0.44	0	0	0.56
231100	0.56	0.44	0.44	0	0	0.56
231200	0.56	0.44	0.44	0	0	0.56
231300	0.56	0.44	0.44	0	0	0.56
231400	0.56	0.44	0.44	0	0	0.56
231500	0.56	0.44	0.44	0	0	0.56
231600	0.56	0.44	0.44	0	0	0.56
231700	0.56	0.44	0.44	0	0	0.56
231800	0.56	0.44	0.44	0	0	0.56
231900	0.56	0.44	0.44	0	0	0.56
232000	0.56	0.44	0.44	0	0	0.56
232100	0.56	0.44	0.44	0	0	0.56
232200	0.56	0.44	0.44	0	0	0.56
232300	0.56	0.44	0.44	0	0	0.56
232400	0.56	0.44	0.44	0	0	0.56
232500	0.56	0.44	0.44	0	0	0.56
232600	0.56	0.44	0.44	0	0	0.56
232700	0.56	0.44	0.44	0	0	0.56
232800	0.56	0.44	0.44	0	0	0.56
232900	0.56	0.44	0.44	0	0	0.56
233000	0.56	0.44	0.44	0	0	0.56
233100	0.56	0.44	0.44	0	0	0.56
233200	0.56	0.44	0.44	0	0	0.56
233300	0.56	0.44	0.44	0	0	0.56
233400	0.56	0.44	0.44	0	0	0.56
233500	0.56	0.44	0.44	0	0	0.56
233600	0.56	0.44	0.44	0	0	0.56
233700	0.56	0.44	0.44	0	0	0.56
233800	0.56	0.44	0.44	0	0	0.56
233900	0.56	0.44	0.44	0	0	0.56
234000	0.56	0.44	0.44	0	0	0.56
234100	0.56	0.44	0.44	0	0	0.56
234200	0.56	0.44	0.44	0	0	0.56
234300	0.56	0.44	0.44	0	0	0.56
234400	0.56	0.44	0.44	0	0	0.56
234500	0.56	0.44	0.44	0	0	0.56
234600	0.56	0.44	0.44	0	0	0.56
234700	0.56	0.44	0.44	0	0	0.56
234800	0.55	0.44	0.44	0	0	0.55
234900	0.55	0.44	0.44	0	0	0.55
235000	0.55	0.44	0.44	0	0	0.55
235100	0.55	0.44	0.44	0	0	0.55
235200	0.55	0.44	0.44	0	0	0.55
235300	0.55	0.44	0.44	0	0	0.55
235400	0.55	0.44	0.44	0	0	0.55
235500	0.55	0.44	0.44	0	0	0.55
235600	0.55	0.44	0.44	0	0	0.55
235700	0.55	0.44	0.44	0	0	0.55
235800	0.55	0.44	0.44	0	0	0.55
235900	0.55	0.44	0.44	0	0	0.55
236000	0.55	0.44	0.44	0	0	0.55
236100	0.55	0.44	0.44	0	0	0.55
236200	0.55	0.44	0.44	0	0	0.55
236300	0.55	0.44	0.44	0	0	0.55
236400	0.55	0.44	0.44	0	0	0.55
236500	0.55	0.44	0.44	0	0	0.55
236600	0.55	0.44	0.44	0	0	0.55
236700	0.55	0.44	0.44	0	0	0.55
236800	0.55	0.44	0.44	0	0	0.55
236900	0.55	0.44	0.44	0	0	0.55
237000	0.55	0.44	0.44	0	0	0.55
237100	0.55	0.44	0.44	0	0	0.55
237200	0.55	0.44	0.44	0	0	0.55
237300	0.55	0.44	0.44	0	0	0.55
237400	0.55	0.44	0.44	0	0	0.55
237500	0.55	0.44	0.44	0	0	0.55
237600	0.55	0.44	0.44	0	0	0.55
237700	0.55	0.44	0.44	0	0	0.55
237800	0.55	0.44	0.44	0	0	0.55
237900	0.55	0.44	0.44	0	0	0.55
238000	0.55	0.44	0.44	0	0	0.55
238100	0.55	0.44	0.44	0	0	0.55
238200	0.55	0.44	0.44	0	0	0.55
238300	0.55	0.44	0.44	0	0	0.55
238400	0.55	0.44	0.44	0	0	0.55
238500	0.55	0.44	0.44	0	0	0.55
238600	0.55	0.44	0.44	0	0	0.55
238700	0.55	0.44	0.44	0	0	0.55
238800	0.55	0.44	0.44	0	0	0.55
238900	0.55	0.44	0.44	0	0	0.55
239000	0.55	0.44	0.44	0	0	0.55
239100	0.55	0.44	0.44	0	0	0.55
239200	0.55	0.44	0.44	0	0	0.55
239300	0.55	0.44	0.44	0	0	0.55
239400	0.55	0.44	0.44	0	0	0.55
239500	0.55	0.44	0.44	0	0	0.55
239600	0.55	0.44	0.44	0	0	0.55
239700	0.55	0.44	0.44	0	0	0.55
239800	0.55	0.44	0.44	0	0	0.55
239900	0.55	0.44	0.44	0	0	0.55
240000	0.55	0.44	0.44	0	0	0.55
240100	0.55	0.44	0.44	0	0	0.55
240200	0.55	0.44	0.44	0	0	0.55
240300	0.55	0.44	0.44	0	0	0.55
240400	0.55	0.44	0.44	0	0	0.55
240500	0.55	0.44	0.44	0	0	0.55
240600	0.55	0.44	0.44	0	0	0.55
240700	0.55	0.44	0.44	0	0	0.55
240800	0.55	0.44	0.44	0	0	0.55
240900	0.55	0.44	0.44	0	0	0.55
241000	0.55	0.44	0.44	0	0	0.55
241100	0.55	0.44	0.44	0	0	0.55
241200	0.55	0.44	0.44	0	0	0.55
241300	0.55	0.44	0.44	0	0	0.55
241400	0.55	0.44	0.44	0	0	0.55
241500	0.55	0.44	0.44	0	0	0.55
241600	0.55	0.44	0.44	0	0	0.55
241700	0.55	0.44	0.44	0	0	0.55
241800	0.55	0.44	0.44	0	0	0.55
241900	0.55	0.44	0.44	0	0	0.55
242000	0.55	0.44	0.44	0	0	0.55
242100	0.55	0.44	0.44	0	0	0.55
242200	0.55	0.44	0.44	0	0	0.55
242300	0.55	0.44	0.44	0	0	0.55
242400	0.55	0.44	0.44	0	0	0.55
242500	0.55	0.44	0.44	0	0	0.55
242600	0.55	0.44	0.44	0	0	0.55
242700	0.55	0.44	0.44	0	0	0.55
242800	0.55	0.44	0.44	0	0	0.55
242900	0.55	0.44	0.44	0	0	0.55
243000	0.55	0.44	0.44	0	0	0.55
243100	0.55	0.44	0.44	0	0	0.55
243200	0.55	0.44	0.44	0	0	0.55
243300	0.55	0.44	0.44	0	0	0.55
243400	0.55	0.44	0.44	0	0	0.55
243500	0.55	0.44	0.44	0	0	0.55
243600	0.55	0.44	0.44	0	0	0.55
243700	0.55	0.44	0.44	0	0	0.55
243800	0.55	0.44	0.44	0	0	0.55
243900	0.55	0.44	0.44	0	0	0.55
244000	0.55	0.44	0.44	0	0	0.55
244100	0.55	0.44	0.44	0	0	0.55
244200	0.55	0.44	0.44	0	0	0.55
244300	0.55	0.44	0.44	0	0	0.55
244400	0.55	0.44	0.44	0	0	0.55
244500	0.55	0.44	0.44	0	0	0.55
244600	0.55	0.44	0.44	0	0	0.55
244700	0.55	0.44	0.44	0	0	0.55
244800	0.55	0.44	0.44	0	0	0.55
244900	0.55	0.44	0.44	0	0	0.55
245000	0.56	0.44	0.44	0	0	0.56
245100	0.56	0.44	0.44	0	0	0.56
245200	0.56	0.44	0.44	0	0	0.56
245300	0.56	0.44	0.44	0	0	0.56
245400	0.56	0.44	0.44	0	0	0.56
245500	0.56	0.44	0.44	0	0	0.56
245600	0.56	0.44	0.44	0	0	0.56
245700	0.56	0.44	0.44	0	0	0.56
245800	0.56	0.44	0.44	0	0	0.56
245900	0.56	0.44	0.44	0	0	0.56
246000	0.56	0.44	0.44	0	0	0.56
246100	0.56	0.44	0.44	0	0	0.56
246200	0.56	0.44	0.44	0	0	0.56
246300	0.56	0.44	0.44	0	0	0.56
246400	0.56	0.44	0.44	0	0	0.56
246500	0.56	0.44	0.44	0	0	0.56
246600	0.56	0.44	0.44	0	0	0.56
246700	0.56	0.44	0.44	0	0	0.56
246800	0.56	0.44	0.44	0	0	0.56
246900	0.56	0.44	0.44	0	0	0.56
247000	0.56	0.44	0.44	0	0	0.56
247100	0.56	0.44	0.44	0	0	0.56
247200	0.56	0.44	0.44	0	0	0.56
247300	0.56	0.44	0.44	0	0	0.56
247400	0.56	0.44	0.44	0	0	0.56
247500	0.56	0.44	0.44	0	0	0.56
247600	0.56	0.44	0.44	0	0	0.56
247700	0.56	0.44	0.44	0	0	0.56
247800	0.56	0.44	0.44	0	0	0.56
247900	0.56	0.44	0.44	0	0	0.56
248000	0.56	0.44	0.44	0	0	0.56
248100	0.56	0.44	0.44	0	0	0.56
248200	0.56	0.44	0.44	0	0	0.56
248300	0.56	0.44	0.44	0	0	0.56
248400	0.56	0.44	0.44	0	0	0.56
248500	0.56	0.44	0.44	0	0	0.56
248600	0.56	0.44	0.44	0	0	0.56
248700	0.56	0.44	0.44	0	0	0.56
248800	0.56	0.44	0.44	0	0	0.56
248900	0.56	0.44	0.44	0	0	0.56
249000	0.56	0.44	0.44	0	0	0.56
249100	0.56	0.44	0.44	0	0	0.56
249200	0.56	0.44	0.44	0	0	0.56
249300	0.56	0.44	0.44	0	0	0.56
249400	0.56	0.44	0.44	0	0	0.56
249500	0.56	0.44	0.44	0	0	0.56
249600	0.56	0.44	0.44	0	0	0.56
249700	0.56	0.44	0.44	0	0	0.56
249800	0.56	0.44	0.44	0	0	0.56
249900	0.56	0.44	0.44	0	0	0.56
250000	0.56	0.44	0.44	0	0	0.56
250100	0.56	0.44	0.44	0	0	0.56
250200	0.56	0.44	0.44	0	0	0.56
250300	0.56	0.44	0.44	0	0	0.56
250400	0.56	0.44	0.44	0	0	0.56
250500	0.56	0.44	0.44	0	0	0.56
250600	0.56	0.44	0.44	0	0	0.56
250700	0.56	0.44	0.44	0	0	0.56
250800	0.56	0.44	0.44	0	0	0.56
250900	0.56	0.44	0.44	0	0	0.56
251000	0.56	0.44	0.44	0	0	0.56
251100	0.56	0.44	0.44	0	0	0.56
251200	0.56	0.44	0.44	0	0	0.56
251300	0.56	0.44	0.44	0	0	0.56
251400	0.56	0.44	0.44	0	0	0.56
251500	0.56	0.44	0.44	0	0	0.56
251600	0.56	0.44	0.44	0	0	0.56
251700	0.56	0.44	0.44	0	0	0.56
251800	0.56	0.44	0.44	0	0	0.56
251900	0.56	0.44	0.44	0	0	0.56
252000	0.56	0.44	0.44	0	0	0.56
252100	0.56	0.44	0.44	0	0	0.56
252200	0.56	0.44	0.44	0	0	0.56
252300	0.56	0.44	0.44	0	0	0.56
252400	0.56	0.44	0.44	0	0	0.56
252500	0.56	0.44	0.44	0	0	0.56
252600	0.56	0.44	0.44	0	0	0.56
252700	0.56	0.44	0.44	0	0	0.56
252800	0.56	0.44	0.44	0	0	0.56
252900	0.56	0.44	0.44	0	0	0.56
253000	0.56	0.44	0.44	0	0	0.56
253100	0.56	0.44	0.44	0	0	0.56
253200	0.56	0.44	0.44	0	0	0.56
253300	0.56	0.44	0.44	0	0	0.56
253400	0.56	0.44	0.44	0	0	0.56
253500	0.56	0.44	0.44	0	0	0.56
253600	0.56	0.44	0.44	0	0	0.56
253700	0.56	0.44	0.44	0	0	0.56
253800	0.56	0.44	0.44	0	0	0.56
253900	0.56	0.44	0.44	0	0	0.56
254000	0.56	0.44	0.44	0	0	0.56
254100	0.56	0.44	0.44	0	0	0.56
254200	0.56	0.44	0.44	0	0	0.56
254300	0.56	0.44	0.44	0	0	0.56
254400	0.56	0.44	0.44	0	0	0.56
254500	0.56	0.44	0.44	0	0	0.56
254600	0.56	0.44	0.44	0	0	0.56
254700	0.56	0.44	0.44	0	0	0.56
254800	0.56	0.44	0.44	0	0	0.56
254900	0.56	0.44	0.44	0	0	0.56
255000	0.56	0.44	0.44	0	0	0.56
255100	0.56	0.44	0.44	0	0	0.56
255200	0.56	0.44	0.44	0	0	0.56
255300	0.56	0.44	0.44	0	0	0.56
255400	0.56	0.44	0.44	0	0	0.56
255500	0.56	0.44	0.44	0	0	0.56
255600	0.56	0.44	0.44	0	0	0.56
255700	0.56	0.44	0.44	0	0	0.56
255800	0.56	0.44	0.44	0	0	0.56
255900	0.56	0.44	0.44	0	0	0.56
256000	0.56	0.44	0.44	0	0	0.56
256100	0.56	0.44	0.44	0	0	0.56
256200	0.56	0.44	0.44	0	0	0.56
256300	0.56	0.44	0.44	0	0	0.56
256400	0.56	0.44	0.44	0	0	0.56
256500	0.56	0.44	0.44	0	0	0.56
256600	0.56	0.44	0.44	0	0	0.56
256700	0.56	0.44	0.44	0	0	0.56
256800	0.56	0.44	0.44	0	0	0.56
256900	0.56	0.44	0.44	0	0	0.56
257000	0.56	0.44	0.44	0	0	0.56
257100	0.56	0.44	0.44	0	0	0.56
257200	0.56	0.44	0.44	0	0	0.56
257300	0.56	0.44	0.44	0	0	0.56
257400	0.56	0.44	0.44	0	0	0.56
257500	0.56	0.44	0.44	0	0	0.56
257600	0.56	0.44	0.44	0	0	0.56
257700	0.56	0.44	0.44	0	0	0.56
257800	0.56	0.44	0.44	0	0	0.56
257900	0.56	0.44	0.44	0	0	0.56
258000	0.56	0.44	0.44	0	0	0.56
258100	0.56	0.44	0.44	0	0	0.56
258200	0.56	0.44	0.44	0	0	0.56
258300	0.56	0.44	0.44	0	0	0.56
258400	0.56	0.44	0.44	0	0	0.56
258500	0.56	0.44	0.44	0	0	0.56
258600	0.56	0.44	0.44	0	0	0.56
258700	0.56	0.44	0.44	0	0	0.56
258800	0.56	0.44	0.44	0	0	0.56
258900	0.56	0.44	0.44	0	0	0.56
259000	0.56	0.44	0.44	0	0	0.56
259100	0.56	0.44	0.44	0	0	0.56
259200	0.56	0.44	0.44	0	0	0.56
259300	0.56	0.44	0.44	0	0	0.56
259400	0.56	0.44	0.44	0	0	0.56
259500	0.56	0.44	0.44	0	0	0.56
259600	0.56	0.44	0.44	0	0	0.56
259700	0.56	0.44	0.44	0	0	0.56
259800	0.56	0.44	0.44	0	0	0.56
259900	0.56	0.44	0.44	0	0	0.56
260000	0.56	0.44	0.44	0	0	0.56
260100	0.56	0.44	0.44	0	0	0.56
260200	0.56	0.44	0.44	0	0	0.56
260300	0.56	0.44	0.44	0	0	0.56
260400	0.56	0.44	0.44	0	0	0.56
260500	0.56	0.44	0.44	0	0	0.56
260600	0.56	0.44	0.44	0	0	0.56
260700	0.56	0.44	0.44	0	0	0.56
260800	0.56	0.44	0.44	0	0	0.56
260900	0.56	0.44	0.44	0	0	0.56
261000	0.56	0.44	0.44	0	0	0.56
261100	0.56	0.44	0.44	0	0	0.56
261200	0.56	0.44	0.44	0	0	0.56
261300	0.56	0.44	0.44	0	0	0.56
261400	0.56	0.44	0.44	0	0	0.56
261500	0.56	0.44	0.44	0	0	0.56
261600	0.56	0.44	0.44	0	0	0.56
261700	0.56	0.44	0.44	0	0	0.56
261800	0.56	0.44	0.44	0	0	0.56
261900	0.56	0.44	0.44	0	0	0.56
262000	0.56	0.44	0.44	0	0	0.56
262100	0.56	0.44	0.44	0	0	0.56
262200	0.56	0.44	0.44	0	0	0.56
262300	0.56	0.44	0.44	0	0	0.56
262400	0.56	0.44	0.44	0	0	0.56
262500	0.56	0.44	0.44	0	0	0.56
262600	0.56	0.44	0.44	0	0	0.56
262700	0.56	0.44	0.44	0	0	0.56
262800	0.56	0.44	0.44	0	0	0.56
262900	0.56	0.44	0.44	0	0	0.56
263000	0.56	0.44	0.44	0	0	0.56
263100	0.56	0.44	0.44	0	0	0.56
263200	0.56	0.44	0.44	0	0	0.56
263300	0.56	0.44	0.44	0	0	0.56
263400	0.56	0.44	0.44	0	0	0.56
263500	0.56	0.44	0.44	0	0	0.56
263600	0.56	0.44	0.44	0	0	0.56
263700	0.56	0.44	0.44	0	0	0.56
263800	0.56	0.44	0.44	0	0	0.56
263900	0.56	0.44	0.44	0	0	0.56
264000	0.56	0.44	0.44	0	0	0.56
264100	0.56	0.44	0.44	0	0	0.56
264200	0.56	0.44	0.44	0	0	0.56
264300	0.56	0.44	0.44	0	0	0.56
264400	0.56	0.44	0.44	0	0	0.56
264500	0.56	0.44	0.44	0	0	0.56
264600	0.56	0.44	0.44	0	0	0.56
264700	0.56	0.44	0.44	0	0	0.56
264800	0.56	0.44	0.44	0	0	0.56
264900	0.56	0.44	0.44	0	0	0.56
265000	0.56	0.44	0.44	0	0	0.56
265100	0.56	0.44	0.44	0	0	0.56
265200	0.56	0.44	0.44	0	0	0.56
265300	0.56	0.44	0.44	0	0	0.56
265400	0.56	0.44	0.44	0	0	0.56
265500	0.56	0.44	0.44	0	0	0.56
265600	0.56	0.44	0.44	0	0	0.56
265700	0.56	0.44	0.44	0	0	0.56
265800	0.56	0.44	0.44	0	0	0.56
265900	0.56	0.44	0.44	0	0	0.56
266000	0.56	0.44	0.44	0	0	0.56
266100	0.56	0.44	0.44	0	0	0.56
266200	0.56	0.44	0.44	0	0	0.56
266300	0.56	0.44	0.44	0	0	0.56
266400	0.56	0.44	0.44	0	0	0.56
266500	0.56	0.44	0.44	0	0	0.56
266600	0.56	0.44	0.44	0	0	0.56
266700	0.56	0.44	0.44	0	0	0.56
266800	0.56	0.44	0.44	0	0	0.56
266900	0.56	0.44	0.44	0	0	0.56
267000	0.56	0.44	0.44	0	0	0.56
267100	0.56	0.44	0.44	0	0	0.56
267200	0.56	0.44	0.44	0	0	0.56
267300	0.56	0.44	0.44	0	0	0.56
267400	0.56	0.44	0.44	0	0	0.56
267500	0.56	0.44	0.44	0	0	0.56
267600	0.56	0.44	0.44	0	0	0.56
267700	0.56	0.44	0.44	0	0	0.56
267800	0.56	0.44	0.44	0	0	0.56
267900	0.56	0.44	0.44	0	0	0.56
268000	0.56	0.44	0.44	0	0	0.56
268100	0.56	0.44	0.44	0	0	0.56
268200	0.56	0.44	0.44	0	0	0.56
268300	0.56	0.44	0.44	0	0	0.56
268400	0.56	0.44	0.44	0	0	0.56
268500	0.56	0.44	0.44	0	0	0.56
268600	0.56	0.44	0.44	0	0	0.56
268700	0.56	0.44	0.44	0	0	0.56
268800	0.56	0.44	0.44	0	0	0.56
268900	0.56	0.44	0.44	0	0	0.56
269000	0.56	0.44	0.44	0	0	0.56
269100	0.56	0.44	0.44	0	0	0.56
269200	0.56	0.44	0.44	0	0	0.56
269300	0.56	0.44	0.44	0	0	0.56
269400	0.56	0.44	0.44	0	0	0.56
269500	0.56	0.44	0.44	0	0	0.56
269600	0.56	0.44	0.44	0	0	0.56
269700	0.56	0.44	0.44	0	0	0.56
269800	0.56	0.44	0.44	0	0	0.56
269900	0.56	0.44	0.44	0	0	0.56
270000	0.56	0.44	0.44	0	0	0.56
270100	0.56	0.44	0.44	0	0	0.56
270200	0.56	0.44	0.44	0	0	0.56
270300	0.56	0.44	0.44	0	0	0.56
270400	0.56	0.44	0.44	0	0	0.56
270500	0.56	0.44	0.44	0	0	0.56
270600	0.56	0.44	0.44	0	0	0.56
270700	0.56	0.44	0.44	0	0	0.56
270800	0.56	0.44	0.44	0	0	0.56
270900	0.56	0.44	0.44	0	0	0.56
271000	0.56	0.44	0.44	0	0	0.56
271100	0.56	0.44	0.44	0	0	0.56
271200	0.56	0.44	0.44	0	0	0.56
271300	0.56	0.44	0.44	0	0	0.56
271400	0.56	0.44	0.44	0	0	0.56
271500	0.56	0.44	0.44	0	0	0.56
271600	0.56	0.44	0.44	0	0	0.56
271700	0.56	0.44	0.44	0	0	0.56
271800	0.56	0.44	0.44	0	0	0.56
271900	0.56	0.44	0.44	0	0	0.56
272000	0.56	0.44	0.44	0	0	0.56
272100	0.56	0.44	0.44	0	0	0.56
272200	0.56	0.44	0.44	0	0	0.56
272300	0.56	0.44	0.44	0	0	0.56
272400	0.56	0.44	0.44	0	0	0.56
272500	0.56	0.44	0.44	0	0	0.56
272600	0.56	0.44	0.44	0	0	0.56
272700	0.56	0.44	0.44	0	0	0.56
272800	0.56	0.44	0.44	0	0	0.56
272900	0.56	0.44	0.44	0	0	0.56
273000	0.56	0.44	0.44	0	0	0.56
273100	0.56	0.44	0.44	0	0	0.56
273200	0.56	0.44	0.44	0	0	0.56
273300	0.56	0.44	0.44	0	0	0.56
273400	0.56	0.44	0.44	0	0	0.56
273500	0.56	0.44	0.44	0	0	0.56
273600	0.56	0.44	0.44	0	0	0.56
273700	0.56	0.44	0.44	0	0	0.56
273800	0.56	0.44	0.44	0	0	0.56
273900	0.56	0.44	0.44	0	0	0.56
274000	0.56	0.44	0.44	0	0	0.56
274100	0.56	0.44	0.44	0	0	0.56
274200	0.56	0.44	0.44	0	0	0.56
274300	0.56	0.44	0.44	0	0	0.56
274400	0.56	0.44	0.44	0	0	0.56
274500	0.56	0.44	0.44	0	0	0.56
274600	0.56	0.44	0.44	0	0	0.56
274700	0.56	0.44	0.44	0	0	0.56
274800	0.56	0.44	0.44	0	0	0.56
274900	0.56	0.44	0.44	0	0	0.56
275000	0.56	0.44	0.44	0	0	0.56
275100	0.56	0.44	0.44	0	0	0.56
275200	0.56	0.44	0.44	0	0	0.56
275300	0.56	0.44	0.44	0	0	0.56
275400	0.56	0.44	0.44	0	0	0.56
275500	0.56	0.44	0.44	0	0	0.56
275600	0.56	0.44	0.44	0	0	0.56
275700	0.56	0.44	0.44	0	0	0.56
275800	0.56	0.44	0.44	0	0	0.56
275900	0.56	0.44	0.44	0	0	0.56
276000	0.56	0.44	0.44	0	0	0.56
276100	0.56	0.44	0.44	0	0	0.56
276200	0.56	0.44	0.44	0	0	0.56
276300	0.56	0.44	0.44	0	0	0.56
276400	0.56	0.44	0.44	0	0	0.56
276500	0.56	0.44	0.44	0	0	0.56
276600	0.56	0.44	0.44	0	0	0.56
276700	0.56	0.44	0.44	0	0	0.56
276800	0.56	0.44	0.44	0	0	0.56
276900	0.56	0.44	0.44	0	0	0.56
277000	0.56	0.44	0.44	0	0	0.56
277100	0.56	0.44	0.44	0	0	0.56
277200	0.56	0.44	0.44	0	0	0.56
277300	0.56	0.44	0.44	0	0	0.56
277400	0.56	0.44	0.44	0	0	0.56
277500	0.56	0.44	0.44	0	0	0.56
277600	0.56	0.44	0.44	0	0	0.56
277700	0.56	0.44	0.44	0	0	0.56
277800	0.56	0.44	0.44	0	0	0.56
277900	0.56	0.44	0.44	0	0	0.56
278000	0.56	0.44	0.44	0	0	0.56
278100	0.56	0.44	0.44	0	0	0.56
278200	0.56	0.44	0.44	0	0	0.56
278300	0.56	0.44	0.44	0	0	0.56
278400	0.56	0.44	0.44	0	0	0.56
278500	0.56	0.44	0.44	0	0	0.56
278600	0.56	0.44	0.44	0	0	0.56
278700	0.56	0.44	0.44	0	0	0.56
278800	0.56	0.44	0.44	0	0	0.56
278900	0.56	0.44	0.44	0	0	0.56
279000	0.56	0.44	0.44	0	0	0.56
279100	0.56	0.44	0.44	0	0	0.56
279200	0.56	0.44	0.44	0	0	0.56
279300	0.56	0.44	0.44	0	0	0.56
279400	0.56	0.44	0.44	0	0	0.56
279500	0.56	0.44	0.44	0	0	0.56
279600	0.56	0.44	0.44	0	0	0.56
279700	0.56	0.44	0.44	0	0	0.56
279800	0.56	0.44	0.44	0	0	0.56
279900	0.56	0.44	0.44	0	0	0.56
280000	0.56	0.44	0.44	0	0	0.56
280100	0.56	0.44	0.44	0	0	0.56
280200	0.56	0.44	0.44	0	0	0.56
280300	0.56	0.44	0.44	0	0	0.56
280400	0.56	0.44	0.44	0	0	0.56
280500	0.56	0.44	0.44	0	0	0.56
280600	0.56	0.44	0.44	0	0	0.56
280700	0.56	0.44	0.44	0	0	0.56
280800	0.56	0.44	0.44	0	0	0.56
280900	0.56	0.44	0.44	0	0	0.56
281000	0.56	0.44	0.44	0	0	0.56
281100	0.56	0.44	0.44	0	0	0.56
281200	0.56	0.44	0.44	0	0	0.56
281300	0.56	0.44	0.44	0	0	0.56
281400	0.56	0.44	0.44	0	0	0.56
281500	0.56	0.44	0.44	0	0	0.56
281600	0.56	0.44	0.44	0	0	0.56
281700	0.56	0.44	0.44	0	0	0.56
281800	0.56	0.44	0.44	0	0	0.56
281900	0.56	0.44	0.44	0	0	0.56
282000	0.56	0.44	0.44	0	0	0.56
282100	0.56	0.44	0.44	0	0	0.56
282200	0.56	0.44	0.44	0	0	0.56
282300	0.56	0.44	0.44	0	0	0.56
282400	0.56	0.44	0.44	0	0	0.56
282500	0.56	0.44	0.44	0	0	0.56
282600	0.56	0.44	0.44	0	0	0.56
282700	0.56	0.44	0.44	0	0	0.56
282800	0.56	0.44	0.44	0	0	0.56
282900	0.56	0.44	0.44	0	0	0.56
283000	0.56	0.44	0.44	0	0	0.56
283100	0.56	0.44	0.44	0	0	0.56
283200	0.56	0.44	0.44	0	0	0.56
283300	0.56	0.44	0.44	0	0	0.56
283400	0.56	0.44	0.44	0	0	0.56
283500	0.56	0.44	0.44	0	0	0.56
283600	0.56	0.44	0.44	0	0	0.56
283700	0.56	0.44	0.44	0	0	0.56
283800	0.56	0.44	0.44	0	0	0.56
283900	0.56	0.44	0.44	0	0	0.56
284000	0.56	0.44	0.44	0	0	0.56
284100	0.56	0.44	0.44	0	0	0.56
284200	0.56	0.44	0.44	0	0	0.56
284300	0.56	0.44	0.44	0	0	0.56
284400	0.56	0.44	0.44	0	0	0.56
284500	0.56	0.44	0.44	0	0	0.56
284600	0.56	0.44	0.44	0	0	0.56
284700	0.56	0.44	0.44	0	0	0.56
284800	0.56	0.44	0.44	0	0	0.56
284900	0.56	0.44	0.44	0	0	0.56
285000	0.56	0.44	0.44	0	0	0.56
285100	0.56	0.44	0.44	0	0	0.56
285200	0.56	0.44	0.44	0	0	0.56
285300	0.56	0.44	0.44	0	0	0.56
285400	0.56	0.44	0.44	0	0	0.56
285500	0.56	0.44	0.44	0	0	0.56
285600	0.56	0.44	0.44	0	0	0.56
285700	0.56	0.44	0.44	0	0	0.56
285800	0.56	0.44	0.44	0	0	0.56
285900	0.56	0.44	0.44	0	0	0.56
286000	0.56	0.44	0.44	0	0	0.56
286100	0.56	0.44	0.44	0	0	0.56
286200	0.56	0.44	0.44	0	0	0.56
286300	0.56	0.44	0.44	0	0	0.56
286400	0.56	0.44	0.44	0	0	0.56
286500	0.56	0.44	0.44	0	0	0.56
286600	0.56	0.44	0.44	0	0	0.56
286700	0.56	0.44	0.44	0	0	0.56
286800	0.56	0.44	0.44	0	0	0.56
286900	0.56	0.44	0.44	0	0	0.56
287000	0.56	0.44	0.44	0	0	0.56
287100	0.56	0.44	0.44	0	0	0.56
287200	0.56	0.44	0.44	0	0	0.56
287300	0.56	0.44	0.44	0	0	0.56
287400	0.56	0.44	0.44	0	0	0.56
287500	0.56	0.44	0.44	0	0	0.56
287600	0.56	0.44	0.44	0	0	0.56
287700	0.55	0.44	0.44	0	0	0.55
287800	0.55	0.44	0.44	0	0	0.55
287900	0.55	0.44	0.44	0	0	0.55
288000	0.55	0.44	0.44	0	0	0.55
288100	0.55	0.44	0.44	0	0	0.55
288200	0.55	0.44	0.44	0	0	0.55
288300	0.55	0.44	0.44	0	0	0.55
288400	0.55	0.44	0.44	0	0	0.55
288500	0.55	0.44	0.44	0	0	0.55
288600	0.55	0.44	0.44	0	0	0.55
288700	0.55	0.44	0.44	0	0	0.55
288800	0.55	0.44	0.44	0	0	0.55
288900	0.55	0.44	0.44	0	0	0.55
289000	0.55	0.44	0.44	0	0	0.55
289100	0.55	0.44	0.44	0	0	0.55
289200	0.55	0.44	0.44	0	0	0.55
289300	0.55	0.44	0.44	0	0	0.55
289400	0.55	0.44	0.44	0	0	0.55
289500	0.55	0.44	0.44	0	0	0.55
289600	0.55	0.44	0.44	0	0	0.55
289700	0.55	0.44	0.44	0	0	0.55
289800	0.55	0.44	0.44	0	0	0.55
289900	0.55	0.44	0.44	0	0	0.55
290000	0.55	0.44	0.44	0	0	0.55
290100	0.55	0.44	0.44	0	0	0.55
290200	0.55	0.44	0.44	0	0	0.55
290300	0.55	0.44	0.44	0	0	0.55
290400	0.55	0.44	0.44	0	0	0.55
290500	0.55	0.44	0.44	0	0	0.55
290600	0.55	0.44	0.44	0	0	0.55
290700	0.55	0.44	0.44	0	0	0.55
290800	0.55	0.44	0.44	0	0	0.55
290900	0.55	0.44	0.44	0	0	0.55
291000	0.55	0.44	0.44	0	0	0.55
291100	0.55	0.44	0.44	0	0	0.55
291200	0.55	0.44	0.44	0	0	0.55
291300	0.55	0.44	0.44	0	0	0.55
291400	0.55	0.44	0.44	0	0	0.55
291500	0.55	0.44	0.44	0	0	0.55
291600	0.55	0.44	0.44	0	0	0.55
291700	0.55	0.44	0.44	0	0	0.55
291800	0.55	0.44	0.44	0	0	0.55
291900	0.55	0.44	0.44	0	0	0.55
292000	0.55	0.44	0.44	0	0	0.55
292100	0.55	0.44	0.44	0	0	0.55
292200	0.55	0.44	0.44	0	0	0.55
292300	0.55	0.44	0.44	0	0	0.55
292400	0.55	0.44	0.44	0	0	0.55
292500	0.55	0.44	0.44	0	0	0.55
292600	0.55	0.44	0.44	0	0	0.55
292700	0.55	0.44	0.44	0	0	0.55
292800	0.55	0.44	0.44	0	0	0.55
292900	0.55	0.44	0.44	0	0	0.55
293000	0.55	0.44	0.44	0	0	0.55
293100	0.55	0.44	0.44	0	0	0.55
293200	0.55	0.44	0.44	0	0	0.55
293300	0.55	0.44	0.44	0	0	0.55
293400	0.55	0.44	0.44	0	0	0.55
293500	0.55	0.44	0.44	0	0	0.55
293600	0.55	0.44	0.44	0	0	0.55
293700	0.55	0.44	0.44	0	0	0.55
293800	0.55	0.44	0.44	0	0	0.55
293900	0.55	0.44	0.44	0	0	0.55
294000	0.55	0.44	0.44	0	0	0.55
294100	0.55	0.44	0.44	0	0	0.55
294200	0.55	0.44	0.44	0	0	0.55
294300	0.55	0.44	0.44	0	0	0.55
294400	0.55	0.44	0.44	0	0	0.55
294500	0.55	0.44	0.44	0	0	0.55
294600	0.55	0.44	0.44	0	0	0.55
294700	0.55	0.44	0.44	0	0	0.55
294800	0.55	0.44	0.44	0	0	0.55
294900	0.55	0.44	0.44	0	0	0.55
295000	0.55	0.44	0.44	0	0	0.55
295100	0.55	0.44	0.44	0	0	0.55
295200	0.55	0.44	0.44	0	0	0.55
295300	0.55	0.44	0.44	0	0	0.55
295400	0.55	0.44	0.44	0	0	0.55
295500	0.55	0.44	0.44	0	0	0.55
295600	0.55	0.44	0.44	0	0	0.55
295700	0.55	0.44	0.44	0	0	0.55
295800	0.55	0.44	0.44	0	0	0.55
295900	0.55	0.44	0.44	0	0	0.55
296000	0.55	0.44	0.44	0	0	0.55
296100	0.55	0.44	0.44	0	0	0.55
296200	0.55	0.44	0.44	0	0	0.55
296300	0.55	0.44	0.44	0	0	0.55
296400	0.55	0.44	0.44	0	0	0.55
296500	0.55	0.44	0.44	0	0	0.55
296600	0.55	0.44	0.44	0	0	0.55
296700	0.55	0.44	0.44	0	0	0.55
296800	0.56	0.44	0.44	0	0	0.56
296900	0.56	0.44	0.44	0	0	0.56
297000	0.56	0.44	0.44	0	0	0.56
297100	0.56	0.44	0.44	0	0	0.56
297200	0.56	0.44	0.44	0	0	0.56
297300	0.55	0.44	0.44	0	0	0.55
297400	0.55	0.44	0.44	0	0	0.55
297500	0.55	0.44	0.44	0	0	0.55
297600	0.55	0.44	0.44	0	0	0.55
297700	0.55	0.44	0.44	0	0	0.55
297800	0.55	0.44	0.44	0	0	0.55
297900	0.55	0.44	0.44	0	0	0.55
298000	0.55	0.44	0.44	0	0	0.55
298100	0.55	0.44	0.44	0	0	0.55
298200	0.55	0.44	0.44	0	0	0.55
298300	0.55	0.44	0.44	0	0	0.55
298400	0.55	0.44	0.44	0	0	0.55
298500	0.55	0.44	0.44	0	0	0.55
298600	0.55	0.44	0.44	0	0	0.55
298700	0.55	0.44	0.44	0	0	0.55
298800	0.55	0.44	0.44	0	0	0.55
298900	0.55	0.44	0.44	0	0	0.55
299000	0.55	0.44	0.44	0	0	0.55
299100	0.55	0.44	0.44	0	0	0.55
299200	0.55	0.44	0.44	0	0	0.55
299300	0.55	0.44	0.44	0	0	0.55
299400	0.55	0.44	0.44	0	0	0.55
299500	0.55	0.44	0.44	0	0	0.55
299600	0.55	0.44	0.44	0	0	0.55
299700	0.55	0.44	0.44	0	0	0.55
299800	0.55	0.44	0.44	0	0	0.55
299900	0.55	0.44	0.44	0	0	0.55
300000	0.55	0.44	0.44	0	0	0.55
