100	0.06	0.04	0.04	0	0	0.06
200	0.08	0.05	0.05	0	0	0.08
300	0.08	0.03	0.03	0	0	0.08
400	0.08	0.01	0.01	0	0	0.08
500	0.09	0.01	0.01	0	0	0.09
600	0.1	0.01	0.01	0	0	0.1
700	0.1	0.02	0.02	0	0	0.1
800	0.1	0.03	0.03	0	0	0.1
900	0.09	0.02	0.02	0	0	0.09
1000	0.11	0.03	0.03	0	0	0.11
1100	0.11	0.01	0.01	0	0	0.11
1200	0.12	0.02	0.02	0	0	0.12
1300	0.13	0.03	0.03	0	0	0.13
1400	0.14	0.04	0.04	0	0	0.14
1500	0.15	0.04	0.04	0	0	0.15
1600	0.15	0.02	0.02	0	0	0.15
1700	0.15	0.04	0.04	0	0	0.15
1800	0.17	0.03	0.03	0	0	0.17
1900	0.16	0.04	0.04	0	0	0.16
2000	0.16	0.05	0.05	0	0	0.16
2100	0.15	0.04	0.04	0	0	0.15
2200	0.15	0.06	0.06	0	0	0.15
2300	0.16	0.07	0.07	0	0	0.16
2400	0.19	0.06	0.06	0	0	0.19
2500	0.19	0.05	0.05	0	0	0.19
2600	0.19	0.04	0.04	0	0	0.19
2700	0.2	0.01	0.01	0	0	0.2
2800	0.2	0.01	0.01	0	0	0.2
2900	0.19	0.01	0.01	0	0	0.19
3000	0.2	0.02	0.02	0	0	0.2
3100	0.2	0.02	0.02	0	0	0.2
3200	0.21	0.05	0.05	0	0	0.21
3300	0.22	0.08	0.08	0	0	0.22
3400	0.22	0.09	0.09	0	0	0.22
3500	0.22	0.06	0.06	0	0	0.22
3600	0.22	0.05	0.05	0	0	0.22
3700	0.24	0.04	0.04	0	0	0.24
3800	0.26	0.06	0.06	0	0	0.26
3900	0.26	0.06	0.06	0	0	0.26
4000	0.26	0.08	0.08	0	0	0.26
4100	0.26	0.1	0.1	0	0	0.26
4200	0.27	0.1	0.1	0	0	0.27
4300	0.27	0.07	0.07	0	0	0.27
4400	0.27	0.06	0.06	0	0	0.27
4500	0.29	0.03	0.03	0	0	0.29
4600	0.29	0.01	0.01	0	0	0.29
4700	0.3	0	0	0	0	0.3
4800	0.31	0.01	0.01	0	0	0.31
4900	0.32	0.03	0.03	0	0	0.32
5000	0.32	0.04	0.04	0	0	0.32
5100	0.32	0.04	0.04	0	0	0.32
5200	0.32	0.04	0.04	0	0	0.32
5300	0.32	0.06	0.06	0	0	0.32
5400	0.33	0.06	0.06	0	0	0.33
5500	0.35	0.06	0.06	0	0	0.35
5600	0.35	0.08	0.08	0	0	0.35
5700	0.36	0.07	0.07	0	0	0.36
5800	0.36	0.06	0.06	0	0	0.36
5900	0.36	0.05	0.05	0	0	0.36
6000	0.36	0.05	0.05	0	0	0.36
6100	0.37	0.02	0.02	0	0	0.37
6200	0.38	0.02	0.02	0	0	0.38
6300	0.38	0.03	0.03	0	0	0.38
6400	0.38	0.02	0.02	0	0	0.38
6500	0.38	0.02	0.02	0	0	0.38
6600	0.37	0.02	0.02	0	0	0.37
6700	0.36	0.01	0.01	0	0	0.36
6800	0.37	0	0	0	0	0.37
6900	0.36	0.02	0.02	0	0	0.36
7000	0.35	0.03	0.03	0	0	0.35
7100	0.35	0.03	0.03	0	0	0.35
7200	0.35	0.03	0.03	0	0	0.35
7300	0.36	0.04	0.04	0	0	0.36
7400	0.36	0.04	0.04	0	0	0.36
7500	0.36	0.03	0.03	0	0	0.36
7600	0.36	0.04	0.04	0	0	0.36
7700	0.36	0.05	0.05	0	0	0.36
7800	0.36	0.05	0.05	0	0	0.36
7900	0.37	0.03	0.03	0	0	0.37
8000	0.37	0.03	0.03	0	0	0.37
8100	0.37	0.03	0.03	0	0	0.37
8200	0.37	0.03	0.03	0	0	0.37
8300	0.38	0.04	0.04	0	0	0.38
8400	0.39	0.03	0.03	0	0	0.39
8500	0.39	0.03	0.03	0	0	0.39
8600	0.41	0.02	0.02	0	0	0.41
8700	0.41	0.03	0.03	0	0	0.41
8800	0.4	0.03	0.03	0	0	0.4
8900	0.4	0.03	0.03	0	0	0.4
9000	0.42	0.03	0.03	0	0	0.42
9100	0.39	0.04	0.04	0	0	0.39
9200	0.39	0.03	0.03	0	0	0.39
9300	0.39	0.02	0.02	0	0	0.39
9400	0.39	0	0	0	0	0.39
9500	0.39	0	0	0	0	0.39
9600	0.4	0.01	0.01	0	0	0.4
9700	0.4	0.01	0.01	0	0	0.4
9800	0.41	0.02	0.02	0	0	0.41
9900	0.41	0.01	0.01	0	0	0.41
10000	0.41	0	0	0	0	0.41
10100	0.41	0	0	0	0	0.41
10200	0.41	0	0	0	0	0.41
10300	0.41	0	0	0	0	0.41
10400	0.41	0.01	0.01	0	0	0.41
10500	0.41	0.02	0.02	0	0	0.41
10600	0.42	0.01	0.01	0	0	0.42
10700	0.45	0.03	0.03	0	0	0.45
10800	0.44	0.01	0.01	0	0	0.44
10900	0.45	0.02	0.02	0	0	0.45
11000	0.44	0.04	0.04	0	0	0.44
11100	0.44	0.04	0.04	0	0	0.44
11200	0.43	0.02	0.02	0	0	0.43
11300	0.42	0.01	0.01	0	0	0.42
11400	0.43	0.01	0.01	0	0	0.43
11500	0.43	0.01	0.01	0	0	0.43
11600	0.43	0.01	0.01	0	0	0.43
11700	0.44	0	0	0	0	0.44
11800	0.44	0.02	0.02	0	0	0.44
11900	0.44	0.03	0.03	0	0	0.44
12000	0.42	0.03	0.03	0	0	0.42
12100	0.42	0.03	0.03	0	0	0.42
12200	0.43	0.02	0.02	0	0	0.43
12300	0.43	0.02	0.02	0	0	0.43
12400	0.43	0.01	0.01	0	0	0.43
12500	0.43	0.01	0.01	0	0	0.43
12600	0.43	0.01	0.01	0	0	0.43
12700	0.43	0.02	0.02	0	0	0.43
12800	0.43	0.02	0.02	0	0	0.43
12900	0.44	0.02	0.02	0	0	0.44
13000	0.44	0.01	0.01	0	0	0.44
13100	0.43	0.01	0.01	0	0	0.43
13200	0.42	0.02	0.02	0	0	0.42
13300	0.42	0.02	0.02	0	0	0.42
13400	0.42	0.01	0.01	0	0	0.42
13500	0.42	0.03	0.03	0	0	0.42
13600	0.42	0.02	0.02	0	0	0.42
13700	0.42	0.02	0.02	0	0	0.42
13800	0.42	0.02	0.02	0	0	0.42
13900	0.44	0.05	0.05	0	0	0.44
14000	0.44	0.05	0.05	0	0	0.44
14100	0.44	0.05	0.05	0	0	0.44
14200	0.44	0.04	0.04	0	0	0.44
14300	0.44	0.03	0.03	0	0	0.44
14400	0.44	0.01	0.01	0	0	0.44
14500	0.44	0.03	0.03	0	0	0.44
14600	0.44	0.03	0.03	0	0	0.44
14700	0.44	0.03	0.03	0	0	0.44
14800	0.44	0.02	0.02	0	0	0.44
14900	0.45	0.02	0.02	0	0	0.45
15000	0.44	0.01	0.01	0	0	0.44
15100	0.44	0.01	0.01	0	0	0.44
15200	0.45	0.02	0.02	0	0	0.45
15300	0.45	0.03	0.03	0	0	0.45
15400	0.45	0.03	0.03	0	0	0.45
15500	0.45	0.03	0.03	0	0	0.45
15600	0.45	0.04	0.04	0	0	0.45
15700	0.45	0.03	0.03	0	0	0.45
15800	0.45	0.03	0.03	0	0	0.45
15900	0.45	0.03	0.03	0	0	0.45
16000	0.45	0.01	0.01	0	0	0.45
16100	0.45	0	0	0	0	0.45
16200	0.45	0.01	0.01	0	0	0.45
16300	0.46	0.03	0.03	0	0	0.46
16400	0.46	0.02	0.02	0	0	0.46
16500	0.47	0.01	0.01	0	0	0.47
16600	0.47	0	0	0	0	0.47
16700	0.47	0	0	0	0	0.47
16800	0.47	0.03	0.03	0	0	0.47
16900	0.47	0.04	0.04	0	0	0.47
17000	0.47	0.04	0.04	0	0	0.47
17100	0.47	0.02	0.02	0	0	0.47
17200	0.47	0.01	0.01	0	0	0.47
17300	0.47	0.01	0.01	0	0	0.47
17400	0.47	0.02	0.02	0	0	0.47
17500	0.48	0.02	0.02	0	0	0.48
17600	0.48	0.01	0.01	0	0	0.48
17700	0.5	0.02	0.02	0	0	0.5
17800	0.5	0.04	0.04	0	0	0.5
17900	0.5	0.03	0.03	0	0	0.5
18000	0.5	0.04	0.04	0	0	0.5
18100	0.5	0.04	0.04	0	0	0.5
18200	0.5	0.04	0.04	0	0	0.5
18300	0.5	0.04	0.04	0	0	0.5
18400	0.5	0.03	0.03	0	0	0.5
18500	0.51	0.04	0.04	0	0	0.51
18600	0.51	0.05	0.05	0	0	0.51
18700	0.51	0.04	0.04	0	0	0.51
18800	0.51	0.05	0.05	0	0	0.51
18900	0.51	0.04	0.04	0	0	0.51
19000	0.51	0.03	0.03	0	0	0.51
19100	0.51	0.01	0.01	0	0	0.51
19200	0.51	0	0	0	0	0.51
19300	0.51	0	0	0	0	0.51
19400	0.51	0.01	0.01	0	0	0.51
19500	0.51	0.01	0.01	0	0	0.51
19600	0.52	0.02	0.02	0	0	0.52
19700	0.53	0.04	0.04	0	0	0.53
19800	0.53	0.04	0.04	0	0	0.53
19900	0.53	0.04	0.04	0	0	0.53
20000	0.53	0.04	0.04	0	0	0.53
20100	0.53	0.03	0.03	0	0	0.53
20200	0.54	0.01	0.01	0	0	0.54
20300	0.55	0.01	0.01	0	0	0.55
20400	0.55	0.02	0.02	0	0	0.55
20500	0.55	0.02	0.02	0	0	0.55
20600	0.55	0.01	0.01	0	0	0.55
20700	0.56	0.01	0.01	0	0	0.56
20800	0.58	0.01	0.01	0	0	0.58
20900	0.58	0.02	0.02	0	0	0.58
21000	0.58	0.03	0.03	0	0	0.58
21100	0.58	0.01	0.01	0	0	0.58
21200	0.6	0.02	0.02	0	0	0.6
21300	0.6	0	0	0	0	0.6
21400	0.6	0	0	0	0	0.6
21500	0.59	0.01	0.01	0	0	0.59
21600	0.6	0.01	0.01	0	0	0.6
21700	0.6	0.01	0.01	0	0	0.6
21800	0.6	0	0	0	0	0.6
21900	0.6	0	0	0	0	0.6
22000	0.6	0	0	0	0	0.6
22100	0.6	0.01	0.01	0	0	0.6
22200	0.6	0.02	0.02	0	0	0.6
22300	0.6	0.03	0.03	0	0	0.6
22400	0.6	0.02	0.02	0	0	0.6
22500	0.6	0.03	0.03	0	0	0.6
22600	0.6	0.03	0.03	0	0	0.6
22700	0.6	0.03	0.03	0	0	0.6
22800	0.62	0.03	0.03	0	0	0.62
22900	0.62	0.03	0.03	0	0	0.62
23000	0.62	0.03	0.03	0	0	0.62
23100	0.62	0.03	0.03	0	0	0.62
23200	0.61	0	0	0	0	0.61
23300	0.61	0	0	0	0	0.61
23400	0.61	0.02	0.02	0	0	0.61
23500	0.61	0.01	0.01	0	0	0.61
23600	0.63	0.03	0.03	0	0	0.63
23700	0.63	0.04	0.04	0	0	0.63
23800	0.63	0.04	0.04	0	0	0.63
23900	0.62	0.05	0.05	0	0	0.62
24000	0.62	0.01	0.01	0	0	0.62
24100	0.63	0.01	0.01	0	0	0.63
24200	0.62	0.02	0.02	0	0	0.62
24300	0.62	0.01	0.01	0	0	0.62
24400	0.62	0.02	0.02	0	0	0.62
24500	0.62	0.01	0.01	0	0	0.62
24600	0.62	0.01	0.01	0	0	0.62
24700	0.62	0.01	0.01	0	0	0.62
24800	0.62	0.01	0.01	0	0	0.62
24900	0.62	0.01	0.01	0	0	0.62
25000	0.62	0.02	0.02	0	0	0.62
25100	0.62	0.02	0.02	0	0	0.62
25200	0.62	0	0	0	0	0.62
25300	0.62	0	0	0	0	0.62
25400	0.62	0	0	0	0	0.62
25500	0.63	0	0	0	0	0.63
25600	0.63	0	0	0	0	0.63
25700	0.63	0.01	0.01	0	0	0.63
25800	0.64	0.02	0.02	0	0	0.64
25900	0.64	0.03	0.03	0	0	0.64
26000	0.64	0.03	0.03	0	0	0.64
26100	0.64	0.04	0.04	0	0	0.64
26200	0.64	0.04	0.04	0	0	0.64
26300	0.64	0.01	0.01	0	0	0.64
26400	0.64	0.02	0.02	0	0	0.64
26500	0.64	0.02	0.02	0	0	0.64
26600	0.64	0.03	0.03	0	0	0.64
26700	0.64	0.03	0.03	0	0	0.64
26800	0.64	0.04	0.04	0	0	0.64
26900	0.64	0.04	0.04	0	0	0.64
27000	0.64	0.03	0.03	0	0	0.64
27100	0.64	0.04	0.04	0	0	0.64
27200	0.64	0.03	0.03	0	0	0.64
27300	0.64	0.01	0.01	0	0	0.64
27400	0.64	0	0	0	0	0.64
27500	0.64	0	0	0	0	0.64
27600	0.64	0	0	0	0	0.64
27700	0.63	0	0	0	0	0.63
27800	0.63	0	0	0	0	0.63
27900	0.63	0	0	0	0	0.63
28000	0.63	0	0	0	0	0.63
28100	0.63	0.01	0.01	0	0	0.63
28200	0.63	0.01	0.01	0	0	0.63
28300	0.63	0.02	0.02	0	0	0.63
28400	0.62	0.02	0.02	0	0	0.62
28500	0.62	0.01	0.01	0	0	0.62
28600	0.62	0.01	0.01	0	0	0.62
28700	0.61	0.01	0.01	0	0	0.61
28800	0.61	0.01	0.01	0	0	0.61
28900	0.61	0.01	0.01	0	0	0.61
29000	0.61	0.02	0.02	0	0	0.61
29100	0.61	0.03	0.03	0	0	0.61
29200	0.61	0.03	0.03	0	0	0.61
29300	0.62	0.02	0.02	0	0	0.62
29400	0.62	0.02	0.02	0	0	0.62
29500	0.62	0.01	0.01	0	0	0.62
29600	0.62	0.01	0.01	0	0	0.62
29700	0.62	0	0	0	0	0.62
29800	0.62	0	0	0	0	0.62
29900	0.62	0.01	0.01	0	0	0.62
30000	0.62	0.01	0.01	0	0	0.62
30100	0.62	0.03	0.03	0	0	0.62
30200	0.62	0.04	0.04	0	0	0.62
30300	0.62	0.04	0.04	0	0	0.62
30400	0.62	0.02	0.02	0	0	0.62
30500	0.62	0.03	0.03	0	0	0.62
30600	0.62	0.02	0.02	0	0	0.62
30700	0.61	0.02	0.02	0	0	0.61
30800	0.62	0.01	0.01	0	0	0.62
30900	0.61	0.01	0.01	0	0	0.61
31000	0.62	0.02	0.02	0	0	0.62
31100	0.62	0.02	0.02	0	0	0.62
31200	0.62	0.02	0.02	0	0	0.62
31300	0.62	0.02	0.02	0	0	0.62
31400	0.62	0.02	0.02	0	0	0.62
31500	0.63	0.02	0.02	0	0	0.63
31600	0.63	0.03	0.03	0	0	0.63
31700	0.63	0.04	0.04	0	0	0.63
31800	0.63	0.04	0.04	0	0	0.63
31900	0.63	0.02	0.02	0	0	0.63
32000	0.63	0.02	0.02	0	0	0.63
32100	0.63	0.02	0.02	0	0	0.63
32200	0.63	0.03	0.03	0	0	0.63
32300	0.63	0.03	0.03	0	0	0.63
32400	0.62	0.03	0.03	0	0	0.62
32500	0.62	0.03	0.03	0	0	0.62
32600	0.62	0.04	0.04	0	0	0.62
32700	0.62	0.02	0.02	0	0	0.62
32800	0.62	0.02	0.02	0	0	0.62
32900	0.62	0.02	0.02	0	0	0.62
33000	0.62	0.01	0.01	0	0	0.62
33100	0.63	0.02	0.02	0	0	0.63
33200	0.63	0.01	0.01	0	0	0.63
33300	0.63	0.01	0.01	0	0	0.63
33400	0.63	0.02	0.02	0	0	0.63
33500	0.63	0.01	0.01	0	0	0.63
33600	0.63	0.03	0.03	0	0	0.63
33700	0.63	0.04	0.04	0	0	0.63
33800	0.63	0.04	0.04	0	0	0.63
33900	0.64	0.04	0.04	0	0	0.64
34000	0.65	0.05	0.05	0	0	0.65
34100	0.65	0.05	0.05	0	0	0.65
34200	0.65	0.04	0.04	0	0	0.65
34300	0.65	0.03	0.03	0	0	0.65
34400	0.65	0.03	0.03	0	0	0.65
34500	0.65	0	0	0	0	0.65
34600	0.65	0.01	0.01	0	0	0.65
34700	0.65	0.02	0.02	0	0	0.65
34800	0.65	0.04	0.04	0	0	0.65
34900	0.65	0.03	0.03	0	0	0.65
35000	0.65	0.03	0.03	0	0	0.65
35100	0.65	0.03	0.03	0	0	0.65
35200	0.65	0.04	0.04	0	0	0.65
35300	0.65	0.04	0.04	0	0	0.65
35400	0.65	0.03	0.03	0	0	0.65
35500	0.65	0.03	0.03	0	0	0.65
35600	0.65	0.01	0.01	0	0	0.65
35700	0.65	0.01	0.01	0	0	0.65
35800	0.65	0.01	0.01	0	0	0.65
35900	0.65	0.01	0.01	0	0	0.65
36000	0.65	0.01	0.01	0	0	0.65
36100	0.65	0.02	0.02	0	0	0.65
36200	0.65	0.01	0.01	0	0	0.65
36300	0.65	0.02	0.02	0	0	0.65
36400	0.65	0.02	0.02	0	0	0.65
36500	0.65	0.02	0.02	0	0	0.65
36600	0.65	0.01	0.01	0	0	0.65
36700	0.65	0.01	0.01	0	0	0.65
36800	0.65	0	0	0	0	0.65
36900	0.65	0.01	0.01	0	0	0.65
37000	0.65	0.01	0.01	0	0	0.65
37100	0.65	0.02	0.02	0	0	0.65
37200	0.65	0.02	0.02	0	0	0.65
37300	0.65	0.03	0.03	0	0	0.65
37400	0.66	0.01	0.01	0	0	0.66
37500	0.66	0	0	0	0	0.66
37600	0.66	0	0	0	0	0.66
37700	0.66	0.01	0.01	0	0	0.66
37800	0.66	0.01	0.01	0	0	0.66
37900	0.66	0.02	0.02	0	0	0.66
38000	0.66	0.02	0.02	0	0	0.66
38100	0.66	0.02	0.02	0	0	0.66
38200	0.66	0.02	0.02	0	0	0.66
38300	0.66	0.01	0.01	0	0	0.66
38400	0.66	0.01	0.01	0	0	0.66
38500	0.66	0	0	0	0	0.66
38600	0.66	0.01	0.01	0	0	0.66
38700	0.66	0.01	0.01	0	0	0.66
38800	0.66	0.01	0.01	0	0	0.66
38900	0.66	0.01	0.01	0	0	0.66
39000	0.66	0.01	0.01	0	0	0.66
39100	0.66	0.03	0.03	0	0	0.66
39200	0.65	0.02	0.02	0	0	0.65
39300	0.65	0.02	0.02	0	0	0.65
39400	0.65	0.01	0.01	0	0	0.65
39500	0.65	0	0	0	0	0.65
39600	0.65	0	0	0	0	0.65
39700	0.65	0	0	0	0	0.65
39800	0.65	0	0	0	0	0.65
39900	0.64	0	0	0	0	0.64
40000	0.64	0	0	0	0	0.64
40100	0.64	0	0	0	0	0.64
40200	0.64	0	0	0	0	0.64
40300	0.64	0	0	0	0	0.64
40400	0.64	0.01	0.01	0	0	0.64
40500	0.64	0.01	0.01	0	0	0.64
40600	0.64	0.02	0.02	0	0	0.64
40700	0.65	0.02	0.02	0	0	0.65
40800	0.65	0.02	0.02	0	0	0.65
40900	0.65	0.02	0.02	0	0	0.65
41000	0.65	0.02	0.02	0	0	0.65
41100	0.65	0.01	0.01	0	0	0.65
41200	0.66	0	0	0	0	0.66
41300	0.66	0	0	0	0	0.66
41400	0.67	0	0	0	0	0.67
41500	0.67	0	0	0	0	0.67
41600	0.67	0.02	0.02	0	0	0.67
41700	0.68	0.02	0.02	0	0	0.68
41800	0.68	0.03	0.03	0	0	0.68
41900	0.68	0.03	0.03	0	0	0.68
42000	0.68	0.03	0.03	0	0	0.68
42100	0.68	0.05	0.05	0	0	0.68
42200	0.68	0.03	0.03	0	0	0.68
42300	0.68	0.04	0.04	0	0	0.68
42400	0.68	0.05	0.05	0	0	0.68
42500	0.68	0.04	0.04	0	0	0.68
42600	0.68	0.01	0.01	0	0	0.68
42700	0.68	0.01	0.01	0	0	0.68
42800	0.68	0.01	0.01	0	0	0.68
42900	0.68	0.01	0.01	0	0	0.68
43000	0.68	0.01	0.01	0	0	0.68
43100	0.67	0.01	0.01	0	0	0.67
43200	0.67	0.01	0.01	0	0	0.67
43300	0.67	0.01	0.01	0	0	0.67
43400	0.67	0	0	0	0	0.67
43500	0.67	0	0	0	0	0.67
43600	0.67	0	0	0	0	0.67
43700	0.67	0	0	0	0	0.67
43800	0.67	0.01	0.01	0	0	0.67
43900	0.67	0.01	0.01	0	0	0.67
44000	0.67	0.02	0.02	0	0	0.67
44100	0.67	0.04	0.04	0	0	0.67
44200	0.67	0.01	0.01	0	0	0.67
44300	0.67	0.01	0.01	0	0	0.67
44400	0.67	0	0	0	0	0.67
44500	0.67	0	0	0	0	0.67
44600	0.67	0	0	0	0	0.67
44700	0.67	0	0	0	0	0.67
44800	0.67	0.01	0.01	0	0	0.67
44900	0.67	0.01	0.01	0	0	0.67
45000	0.67	0.01	0.01	0	0	0.67
45100	0.67	0.01	0.01	0	0	0.67
45200	0.67	0.01	0.01	0	0	0.67
45300	0.67	0.02	0.02	0	0	0.67
45400	0.67	0.01	0.01	0	0	0.67
45500	0.67	0.02	0.02	0	0	0.67
45600	0.67	0.02	0.02	0	0	0.67
45700	0.67	0.02	0.02	0	0	0.67
45800	0.67	0	0	0	0	0.67
45900	0.67	0.01	0.01	0	0	0.67
46000	0.67	0.02	0.02	0	0	0.67
46100	0.67	0.02	0.02	0	0	0.67
46200	0.67	0.02	0.02	0	0	0.67
46300	0.67	0.02	0.02	0	0	0.67
46400	0.67	0.02	0.02	0	0	0.67
46500	0.67	0.02	0.02	0	0	0.67
46600	0.67	0.01	0.01	0	0	0.67
46700	0.67	0.01	0.01	0	0	0.67
46800	0.67	0.02	0.02	0	0	0.67
46900	0.67	0.02	0.02	0	0	0.67
47000	0.67	0.01	0.01	0	0	0.67
47100	0.67	0.01	0.01	0	0	0.67
47200	0.67	0.01	0.01	0	0	0.67
47300	0.67	0.01	0.01	0	0	0.67
47400	0.67	0.01	0.01	0	0	0.67
47500	0.67	0.01	0.01	0	0	0.67
47600	0.67	0.01	0.01	0	0	0.67
47700	0.67	0.01	0.01	0	0	0.67
47800	0.67	0	0	0	0	0.67
47900	0.67	0.01	0.01	0	0	0.67
48000	0.67	0.02	0.02	0	0	0.67
48100	0.67	0.02	0.02	0	0	0.67
48200	0.67	0.01	0.01	0	0	0.67
48300	0.67	0.02	0.02	0	0	0.67
48400	0.67	0.03	0.03	0	0	0.67
48500	0.67	0.04	0.04	0	0	0.67
48600	0.67	0.04	0.04	0	0	0.67
48700	0.67	0.03	0.03	0	0	0.67
48800	0.67	0.03	0.03	0	0	0.67
48900	0.67	0.03	0.03	0	0	0.67
49000	0.67	0.03	0.03	0	0	0.67
49100	0.67	0.03	0.03	0	0	0.67
49200	0.67	0.02	0.02	0	0	0.67
49300	0.67	0.03	0.03	0	0	0.67
49400	0.67	0.02	0.02	0	0	0.67
49500	0.66	0.02	0.02	0	0	0.66
49600	0.66	0.02	0.02	0	0	0.66
49700	0.66	0.03	0.03	0	0	0.66
49800	0.66	0.02	0.02	0	0	0.66
49900	0.66	0	0	0	0	0.66
50000	0.66	0	0	0	0	0.66
50100	0.66	0	0	0	0	0.66
50200	0.66	0	0	0	0	0.66
50300	0.66	0	0	0	0	0.66
50400	0.66	0.02	0.02	0	0	0.66
50500	0.66	0.03	0.03	0	0	0.66
50600	0.66	0.03	0.03	0	0	0.66
50700	0.66	0.04	0.04	0	0	0.66
50800	0.66	0.03	0.03	0	0	0.66
50900	0.66	0.03	0.03	0	0	0.66
51000	0.66	0.02	0.02	0	0	0.66
51100	0.66	0.03	0.03	0	0	0.66
51200	0.66	0.01	0.01	0	0	0.66
51300	0.66	0.01	0.01	0	0	0.66
51400	0.66	0.01	0.01	0	0	0.66
51500	0.66	0.01	0.01	0	0	0.66
51600	0.66	0.02	0.02	0	0	0.66
51700	0.66	0.01	0.01	0	0	0.66
51800	0.66	0.01	0.01	0	0	0.66
51900	0.66	0.01	0.01	0	0	0.66
52000	0.66	0.02	0.02	0	0	0.66
52100	0.66	0.02	0.02	0	0	0.66
52200	0.66	0.02	0.02	0	0	0.66
52300	0.67	0.02	0.02	0	0	0.67
52400	0.68	0.02	0.02	0	0	0.68
52500	0.67	0.02	0.02	0	0	0.67
52600	0.67	0.02	0.02	0	0	0.67
52700	0.67	0.02	0.02	0	0	0.67
52800	0.67	0.01	0.01	0	0	0.67
52900	0.67	0.02	0.02	0	0	0.67
53000	0.67	0.02	0.02	0	0	0.67
53100	0.67	0.03	0.03	0	0	0.67
53200	0.67	0.03	0.03	0	0	0.67
53300	0.67	0.03	0.03	0	0	0.67
53400	0.67	0.03	0.03	0	0	0.67
53500	0.67	0.02	0.02	0	0	0.67
53600	0.67	0.01	0.01	0	0	0.67
53700	0.67	0.01	0.01	0	0	0.67
53800	0.67	0.01	0.01	0	0	0.67
53900	0.67	0	0	0	0	0.67
54000	0.67	0	0	0	0	0.67
54100	0.67	0	0	0	0	0.67
54200	0.67	0.01	0.01	0	0	0.67
54300	0.67	0.01	0.01	0	0	0.67
54400	0.67	0.02	0.02	0	0	0.67
54500	0.67	0.02	0.02	0	0	0.67
54600	0.68	0.01	0.01	0	0	0.68
54700	0.68	0.01	0.01	0	0	0.68
54800	0.68	0.01	0.01	0	0	0.68
54900	0.68	0.01	0.01	0	0	0.68
55000	0.68	0.02	0.02	0	0	0.68
55100	0.68	0.03	0.03	0	0	0.68
55200	0.68	0.03	0.03	0	0	0.68
55300	0.68	0.04	0.04	0	0	0.68
55400	0.68	0.03	0.03	0	0	0.68
55500	0.68	0.02	0.02	0	0	0.68
55600	0.68	0.02	0.02	0	0	0.68
55700	0.68	0.02	0.02	0	0	0.68
55800	0.68	0.02	0.02	0	0	0.68
55900	0.68	0.01	0.01	0	0	0.68
56000	0.68	0.02	0.02	0	0	0.68
56100	0.68	0.03	0.03	0	0	0.68
56200	0.68	0.03	0.03	0	0	0.68
56300	0.68	0.03	0.03	0	0	0.68
56400	0.68	0	0	0	0	0.68
56500	0.68	0	0	0	0	0.68
56600	0.68	0	0	0	0	0.68
56700	0.68	0.01	0.01	0	0	0.68
56800	0.68	0.02	0.02	0	0	0.68
56900	0.68	0.01	0.01	0	0	0.68
57000	0.68	0.01	0.01	0	0	0.68
57100	0.68	0.01	0.01	0	0	0.68
57200	0.68	0.02	0.02	0	0	0.68
57300	0.68	0.01	0.01	0	0	0.68
57400	0.68	0.01	0.01	0	0	0.68
57500	0.68	0.01	0.01	0	0	0.68
57600	0.68	0	0	0	0	0.68
57700	0.68	0	0	0	0	0.68
57800	0.68	0.01	0.01	0	0	0.68
57900	0.68	0.01	0.01	0	0	0.68
58000	0.68	0.01	0.01	0	0	0.68
58100	0.68	0.02	0.02	0	0	0.68
58200	0.68	0.03	0.03	0	0	0.68
58300	0.68	0.03	0.03	0	0	0.68
58400	0.68	0.03	0.03	0	0	0.68
58500	0.68	0.02	0.02	0	0	0.68
58600	0.68	0.04	0.04	0	0	0.68
58700	0.68	0.04	0.04	0	0	0.68
58800	0.68	0.02	0.02	0	0	0.68
58900	0.68	0.02	0.02	0	0	0.68
59000	0.68	0.01	0.01	0	0	0.68
59100	0.68	0.01	0.01	0	0	0.68
59200	0.68	0.02	0.02	0	0	0.68
59300	0.68	0.02	0.02	0	0	0.68
59400	0.68	0.02	0.02	0	0	0.68
59500	0.68	0.03	0.03	0	0	0.68
59600	0.68	0.03	0.03	0	0	0.68
59700	0.68	0.02	0.02	0	0	0.68
59800	0.68	0.02	0.02	0	0	0.68
59900	0.68	0.02	0.02	0	0	0.68
60000	0.68	0.02	0.02	0	0	0.68
60100	0.68	0.01	0.01	0	0	0.68
60200	0.68	0	0	0	0	0.68
60300	0.68	0.01	0.01	0	0	0.68
60400	0.68	0.02	0.02	0	0	0.68
60500	0.68	0.02	0.02	0	0	0.68
60600	0.69	0.01	0.01	0	0	0.69
60700	0.69	0.02	0.02	0	0	0.69
60800	0.69	0.03	0.03	0	0	0.69
60900	0.69	0.04	0.04	0	0	0.69
61000	0.69	0.04	0.04	0	0	0.69
61100	0.69	0.04	0.04	0	0	0.69
61200	0.69	0.03	0.03	0	0	0.69
61300	0.69	0.02	0.02	0	0	0.69
61400	0.69	0.01	0.01	0	0	0.69
61500	0.69	0	0	0	0	0.69
61600	0.69	0.02	0.02	0	0	0.69
61700	0.69	0.02	0.02	0	0	0.69
61800	0.69	0.02	0.02	0	0	0.69
61900	0.69	0.02	0.02	0	0	0.69
62000	0.69	0.02	0.02	0	0	0.69
62100	0.69	0.01	0.01	0	0	0.69
62200	0.69	0	0	0	0	0.69
62300	0.69	0.01	0.01	0	0	0.69
62400	0.69	0.01	0.01	0	0	0.69
62500	0.69	0.01	0.01	0	0	0.69
62600	0.69	0.01	0.01	0	0	0.69
62700	0.69	0.01	0.01	0	0	0.69
62800	0.69	0	0	0	0	0.69
62900	0.69	0	0	0	0	0.69
63000	0.69	0	0	0	0	0.69
63100	0.7	0.02	0.02	0	0	0.7
63200	0.7	0.02	0.02	0	0	0.7
63300	0.7	0.02	0.02	0	0	0.7
63400	0.7	0.02	0.02	0	0	0.7
63500	0.7	0.02	0.02	0	0	0.7
63600	0.7	0.03	0.03	0	0	0.7
63700	0.7	0.01	0.01	0	0	0.7
63800	0.7	0.01	0.01	0	0	0.7
63900	0.7	0.02	0.02	0	0	0.7
64000	0.7	0.03	0.03	0	0	0.7
64100	0.7	0.04	0.04	0	0	0.7
64200	0.7	0.03	0.03	0	0	0.7
64300	0.7	0.04	0.04	0	0	0.7
64400	0.7	0.03	0.03	0	0	0.7
64500	0.69	0.03	0.03	0	0	0.69
64600	0.69	0.01	0.01	0	0	0.69
64700	0.69	0	0	0	0	0.69
64800	0.69	0	0	0	0	0.69
64900	0.69	0	0	0	0	0.69
65000	0.69	0	0	0	0	0.69
65100	0.69	0.02	0.02	0	0	0.69
65200	0.69	0.02	0.02	0	0	0.69
65300	0.69	0.02	0.02	0	0	0.69
65400	0.69	0.02	0.02	0	0	0.69
65500	0.69	0	0	0	0	0.69
65600	0.69	0	0	0	0	0.69
65700	0.69	0.01	0.01	0	0	0.69
65800	0.69	0.01	0.01	0	0	0.69
65900	0.69	0.01	0.01	0	0	0.69
66000	0.69	0.01	0.01	0	0	0.69
66100	0.7	0.01	0.01	0	0	0.7
66200	0.7	0	0	0	0	0.7
66300	0.7	0.01	0.01	0	0	0.7
66400	0.7	0.02	0.02	0	0	0.7
66500	0.7	0.01	0.01	0	0	0.7
66600	0.7	0.01	0.01	0	0	0.7
66700	0.7	0	0	0	0	0.7
66800	0.7	0	0	0	0	0.7
66900	0.7	0.01	0.01	0	0	0.7
67000	0.7	0.01	0.01	0	0	0.7
67100	0.7	0.02	0.02	0	0	0.7
67200	0.7	0.02	0.02	0	0	0.7
67300	0.69	0.02	0.02	0	0	0.69
67400	0.69	0.02	0.02	0	0	0.69
67500	0.69	0.01	0.01	0	0	0.69
67600	0.7	0	0	0	0	0.7
67700	0.7	0.01	0.01	0	0	0.7
67800	0.7	0.02	0.02	0	0	0.7
67900	0.7	0.02	0.02	0	0	0.7
68000	0.7	0.02	0.02	0	0	0.7
68100	0.7	0.02	0.02	0	0	0.7
68200	0.69	0.02	0.02	0	0	0.69
68300	0.69	0.01	0.01	0	0	0.69
68400	0.69	0.02	0.02	0	0	0.69
68500	0.69	0.02	0.02	0	0	0.69
68600	0.69	0.02	0.02	0	0	0.69
68700	0.69	0.01	0.01	0	0	0.69
68800	0.69	0.01	0.01	0	0	0.69
68900	0.69	0	0	0	0	0.69
69000	0.69	0	0	0	0	0.69
69100	0.69	0.01	0.01	0	0	0.69
69200	0.69	0.01	0.01	0	0	0.69
69300	0.69	0.02	0.02	0	0	0.69
69400	0.69	0.02	0.02	0	0	0.69
69500	0.69	0.03	0.03	0	0	0.69
69600	0.69	0.03	0.03	0	0	0.69
69700	0.69	0.02	0.02	0	0	0.69
69800	0.69	0.02	0.02	0	0	0.69
69900	0.69	0.01	0.01	0	0	0.69
70000	0.69	0	0	0	0	0.69
70100	0.69	0	0	0	0	0.69
70200	0.69	0.01	0.01	0	0	0.69
70300	0.69	0.01	0.01	0	0	0.69
70400	0.69	0.02	0.02	0	0	0.69
70500	0.69	0.04	0.04	0	0	0.69
70600	0.69	0.04	0.04	0	0	0.69
70700	0.69	0.02	0.02	0	0	0.69
70800	0.69	0.03	0.03	0	0	0.69
70900	0.69	0.04	0.04	0	0	0.69
71000	0.69	0.01	0.01	0	0	0.69
71100	0.69	0.02	0.02	0	0	0.69
71200	0.69	0.02	0.02	0	0	0.69
71300	0.69	0.02	0.02	0	0	0.69
71400	0.69	0.02	0.02	0	0	0.69
71500	0.69	0.02	0.02	0	0	0.69
71600	0.69	0.01	0.01	0	0	0.69
71700	0.69	0.01	0.01	0	0	0.69
71800	0.69	0.01	0.01	0	0	0.69
71900	0.69	0.02	0.02	0	0	0.69
72000	0.69	0.01	0.01	0	0	0.69
72100	0.69	0.01	0.01	0	0	0.69
72200	0.69	0.01	0.01	0	0	0.69
72300	0.69	0.01	0.01	0	0	0.69
72400	0.69	0.01	0.01	0	0	0.69
72500	0.69	0.01	0.01	0	0	0.69
72600	0.69	0.01	0.01	0	0	0.69
72700	0.69	0.01	0.01	0	0	0.69
72800	0.69	0.01	0.01	0	0	0.69
72900	0.69	0.02	0.02	0	0	0.69
73000	0.69	0.02	0.02	0	0	0.69
73100	0.69	0.02	0.02	0	0	0.69
73200	0.69	0.03	0.03	0	0	0.69
73300	0.69	0.01	0.01	0	0	0.69
73400	0.69	0.01	0.01	0	0	0.69
73500	0.69	0.01	0.01	0	0	0.69
73600	0.69	0.01	0.01	0	0	0.69
73700	0.69	0	0	0	0	0.69
73800	0.69	0.01	0.01	0	0	0.69
73900	0.69	0.02	0.02	0	0	0.69
74000	0.69	0.02	0.02	0	0	0.69
74100	0.69	0.03	0.03	0	0	0.69
74200	0.69	0.03	0.03	0	0	0.69
74300	0.69	0.02	0.02	0	0	0.69
74400	0.69	0.01	0.01	0	0	0.69
74500	0.69	0.02	0.02	0	0	0.69
74600	0.69	0.03	0.03	0	0	0.69
74700	0.69	0.02	0.02	0	0	0.69
74800	0.69	0.01	0.01	0	0	0.69
74900	0.69	0.02	0.02	0	0	0.69
75000	0.69	0.01	0.01	0	0	0.69
75100	0.69	0.01	0.01	0	0	0.69
75200	0.69	0.01	0.01	0	0	0.69
75300	0.69	0.02	0.02	0	0	0.69
75400	0.69	0.03	0.03	0	0	0.69
75500	0.69	0.02	0.02	0	0	0.69
75600	0.69	0.01	0.01	0	0	0.69
75700	0.69	0	0	0	0	0.69
75800	0.69	0	0	0	0	0.69
75900	0.69	0.01	0.01	0	0	0.69
76000	0.69	0.01	0.01	0	0	0.69
76100	0.69	0.01	0.01	0	0	0.69
76200	0.69	0	0	0	0	0.69
76300	0.69	0.01	0.01	0	0	0.69
76400	0.69	0.01	0.01	0	0	0.69
76500	0.69	0.01	0.01	0	0	0.69
76600	0.69	0.01	0.01	0	0	0.69
76700	0.69	0	0	0	0	0.69
76800	0.69	0.02	0.02	0	0	0.69
76900	0.69	0.02	0.02	0	0	0.69
77000	0.69	0.02	0.02	0	0	0.69
77100	0.69	0.01	0.01	0	0	0.69
77200	0.69	0.01	0.01	0	0	0.69
77300	0.69	0.01	0.01	0	0	0.69
77400	0.69	0	0	0	0	0.69
77500	0.69	0	0	0	0	0.69
77600	0.69	0.01	0.01	0	0	0.69
77700	0.69	0.02	0.02	0	0	0.69
77800	0.69	0.02	0.02	0	0	0.69
77900	0.69	0.02	0.02	0	0	0.69
78000	0.69	0.02	0.02	0	0	0.69
78100	0.69	0.02	0.02	0	0	0.69
78200	0.69	0	0	0	0	0.69
78300	0.69	0.01	0.01	0	0	0.69
78400	0.69	0.01	0.01	0	0	0.69
78500	0.69	0.01	0.01	0	0	0.69
78600	0.69	0.01	0.01	0	0	0.69
78700	0.69	0.02	0.02	0	0	0.69
78800	0.69	0.02	0.02	0	0	0.69
78900	0.69	0.01	0.01	0	0	0.69
79000	0.69	0.02	0.02	0	0	0.69
79100	0.69	0.04	0.04	0	0	0.69
79200	0.69	0.04	0.04	0	0	0.69
79300	0.69	0.02	0.02	0	0	0.69
79400	0.69	0.03	0.03	0	0	0.69
79500	0.69	0.01	0.01	0	0	0.69
79600	0.69	0.02	0.02	0	0	0.69
79700	0.69	0.02	0.02	0	0	0.69
79800	0.69	0.02	0.02	0	0	0.69
79900	0.69	0.01	0.01	0	0	0.69
80000	0.69	0.02	0.02	0	0	0.69
80100	0.69	0.01	0.01	0	0	0.69
80200	0.68	0.01	0.01	0	0	0.68
80300	0.68	0.01	0.01	0	0	0.68
80400	0.68	0.02	0.02	0	0	0.68
80500	0.68	0.03	0.03	0	0	0.68
80600	0.68	0.03	0.03	0	0	0.68
80700	0.68	0.03	0.03	0	0	0.68
80800	0.68	0.01	0.01	0	0	0.68
80900	0.68	0	0	0	0	0.68
81000	0.68	0.01	0.01	0	0	0.68
81100	0.68	0.01	0.01	0	0	0.68
81200	0.68	0.01	0.01	0	0	0.68
81300	0.68	0.01	0.01	0	0	0.68
81400	0.68	0.01	0.01	0	0	0.68
81500	0.68	0.02	0.02	0	0	0.68
81600	0.68	0.02	0.02	0	0	0.68
81700	0.68	0.02	0.02	0	0	0.68
81800	0.68	0.02	0.02	0	0	0.68
81900	0.68	0.01	0.01	0	0	0.68
82000	0.68	0	0	0	0	0.68
82100	0.68	0	0	0	0	0.68
82200	0.68	0	0	0	0	0.68
82300	0.68	0	0	0	0	0.68
82400	0.68	0.01	0.01	0	0	0.68
82500	0.68	0.02	0.02	0	0	0.68
82600	0.68	0.02	0.02	0	0	0.68
82700	0.68	0.02	0.02	0	0	0.68
82800	0.68	0	0	0	0	0.68
82900	0.68	0	0	0	0	0.68
83000	0.68	0	0	0	0	0.68
83100	0.68	0.01	0.01	0	0	0.68
83200	0.68	0.01	0.01	0	0	0.68
83300	0.68	0.02	0.02	0	0	0.68
83400	0.68	0.03	0.03	0	0	0.68
83500	0.68	0.03	0.03	0	0	0.68
83600	0.68	0.04	0.04	0	0	0.68
83700	0.68	0.04	0.04	0	0	0.68
83800	0.68	0.03	0.03	0	0	0.68
83900	0.68	0.02	0.02	0	0	0.68
84000	0.68	0	0	0	0	0.68
84100	0.68	0.02	0.02	0	0	0.68
84200	0.68	0.02	0.02	0	0	0.68
84300	0.68	0.02	0.02	0	0	0.68
84400	0.68	0.02	0.02	0	0	0.68
84500	0.68	0.01	0.01	0	0	0.68
84600	0.68	0	0	0	0	0.68
84700	0.68	0	0	0	0	0.68
84800	0.68	0	0	0	0	0.68
84900	0.68	0.01	0.01	0	0	0.68
85000	0.68	0.02	0.02	0	0	0.68
85100	0.68	0.03	0.03	0	0	0.68
85200	0.68	0.03	0.03	0	0	0.68
85300	0.68	0.02	0.02	0	0	0.68
85400	0.68	0.01	0.01	0	0	0.68
85500	0.68	0	0	0	0	0.68
85600	0.68	0.01	0.01	0	0	0.68
85700	0.68	0.01	0.01	0	0	0.68
85800	0.68	0.01	0.01	0	0	0.68
85900	0.68	0.01	0.01	0	0	0.68
86000	0.68	0.01	0.01	0	0	0.68
86100	0.68	0.01	0.01	0	0	0.68
86200	0.68	0	0	0	0	0.68
86300	0.68	0.02	0.02	0	0	0.68
86400	0.68	0	0	0	0	0.68
86500	0.68	0.01	0.01	0	0	0.68
86600	0.68	0.02	0.02	0	0	0.68
86700	0.68	0.02	0.02	0	0	0.68
86800	0.68	0.03	0.03	0	0	0.68
86900	0.68	0.03	0.03	0	0	0.68
87000	0.68	0.02	0.02	0	0	0.68
87100	0.68	0.01	0.01	0	0	0.68
87200	0.68	0.01	0.01	0	0	0.68
87300	0.68	0.01	0.01	0	0	0.68
87400	0.68	0.01	0.01	0	0	0.68
87500	0.68	0.01	0.01	0	0	0.68
87600	0.68	0.01	0.01	0	0	0.68
87700	0.68	0.01	0.01	0	0	0.68
87800	0.68	0	0	0	0	0.68
87900	0.68	0	0	0	0	0.68
88000	0.68	0.02	0.02	0	0	0.68
88100	0.68	0.03	0.03	0	0	0.68
88200	0.68	0.03	0.03	0	0	0.68
88300	0.68	0.03	0.03	0	0	0.68
88400	0.68	0.03	0.03	0	0	0.68
88500	0.68	0.04	0.04	0	0	0.68
88600	0.68	0.03	0.03	0	0	0.68
88700	0.68	0.04	0.04	0	0	0.68
88800	0.68	0.02	0.02	0	0	0.68
88900	0.68	0	0	0	0	0.68
89000	0.68	0	0	0	0	0.68
89100	0.68	0.01	0.01	0	0	0.68
89200	0.68	0.01	0.01	0	0	0.68
89300	0.68	0.01	0.01	0	0	0.68
89400	0.68	0.02	0.02	0	0	0.68
89500	0.68	0.02	0.02	0	0	0.68
89600	0.68	0.01	0.01	0	0	0.68
89700	0.68	0.02	0.02	0	0	0.68
89800	0.68	0.02	0.02	0	0	0.68
89900	0.68	0.02	0.02	0	0	0.68
90000	0.68	0.04	0.04	0	0	0.68
90100	0.68	0.04	0.04	0	0	0.68
90200	0.68	0.02	0.02	0	0	0.68
90300	0.69	0.02	0.02	0	0	0.69
90400	0.69	0.03	0.03	0	0	0.69
90500	0.69	0.02	0.02	0	0	0.69
90600	0.69	0.03	0.03	0	0	0.69
90700	0.69	0.03	0.03	0	0	0.69
90800	0.69	0.02	0.02	0	0	0.69
90900	0.69	0.01	0.01	0	0	0.69
91000	0.69	0.02	0.02	0	0	0.69
91100	0.69	0.02	0.02	0	0	0.69
91200	0.69	0.01	0.01	0	0	0.69
91300	0.69	0.02	0.02	0	0	0.69
91400	0.69	0.02	0.02	0	0	0.69
91500	0.69	0	0	0	0	0.69
91600	0.69	0	0	0	0	0.69
91700	0.68	0	0	0	0	0.68
91800	0.68	0	0	0	0	0.68
91900	0.68	0.01	0.01	0	0	0.68
92000	0.68	0.01	0.01	0	0	0.68
92100	0.68	0.01	0.01	0	0	0.68
92200	0.68	0.02	0.02	0	0	0.68
92300	0.68	0.03	0.03	0	0	0.68
92400	0.68	0.02	0.02	0	0	0.68
92500	0.68	0.02	0.02	0	0	0.68
92600	0.68	0.05	0.05	0	0	0.68
92700	0.68	0.03	0.03	0	0	0.68
92800	0.68	0.02	0.02	0	0	0.68
92900	0.68	0.01	0.01	0	0	0.68
93000	0.68	0.01	0.01	0	0	0.68
93100	0.68	0.01	0.01	0	0	0.68
93200	0.68	0	0	0	0	0.68
93300	0.68	0	0	0	0	0.68
93400	0.68	0.01	0.01	0	0	0.68
93500	0.68	0.01	0.01	0	0	0.68
93600	0.68	0.01	0.01	0	0	0.68
93700	0.68	0.03	0.03	0	0	0.68
93800	0.68	0.02	0.02	0	0	0.68
93900	0.68	0.03	0.03	0	0	0.68
94000	0.68	0.04	0.04	0	0	0.68
94100	0.68	0.02	0.02	0	0	0.68
94200	0.68	0.03	0.03	0	0	0.68
94300	0.68	0.02	0.02	0	0	0.68
94400	0.68	0.02	0.02	0	0	0.68
94500	0.68	0.01	0.01	0	0	0.68
94600	0.68	0.01	0.01	0	0	0.68
94700	0.68	0	0	0	0	0.68
94800	0.68	0	0	0	0	0.68
94900	0.68	0.01	0.01	0	0	0.68
95000	0.68	0.01	0.01	0	0	0.68
95100	0.68	0.01	0.01	0	0	0.68
95200	0.68	0.04	0.04	0	0	0.68
95300	0.68	0.02	0.02	0	0	0.68
95400	0.68	0.01	0.01	0	0	0.68
95500	0.68	0.03	0.03	0	0	0.68
95600	0.68	0.03	0.03	0	0	0.68
95700	0.68	0.03	0.03	0	0	0.68
95800	0.69	0.03	0.03	0	0	0.69
95900	0.69	0.03	0.03	0	0	0.69
96000	0.69	0.01	0.01	0	0	0.69
96100	0.69	0.02	0.02	0	0	0.69
96200	0.69	0.03	0.03	0	0	0.69
96300	0.69	0.01	0.01	0	0	0.69
96400	0.69	0.01	0.01	0	0	0.69
96500	0.69	0.01	0.01	0	0	0.69
96600	0.69	0.03	0.03	0	0	0.69
96700	0.69	0.02	0.02	0	0	0.69
96800	0.69	0.02	0.02	0	0	0.69
96900	0.69	0.02	0.02	0	0	0.69
97000	0.69	0.01	0.01	0	0	0.69
97100	0.69	0.02	0.02	0	0	0.69
97200	0.69	0.02	0.02	0	0	0.69
97300	0.69	0.03	0.03	0	0	0.69
97400	0.69	0.05	0.05	0	0	0.69
97500	0.69	0.05	0.05	0	0	0.69
97600	0.69	0.04	0.04	0	0	0.69
97700	0.69	0.02	0.02	0	0	0.69
97800	0.69	0.03	0.03	0	0	0.69
97900	0.69	0.02	0.02	0	0	0.69
98000	0.7	0.02	0.02	0	0	0.7
98100	0.7	0.03	0.03	0	0	0.7
98200	0.7	0.03	0.03	0	0	0.7
98300	0.7	0.02	0.02	0	0	0.7
98400	0.7	0.02	0.02	0	0	0.7
98500	0.7	0.02	0.02	0	0	0.7
98600	0.7	0.02	0.02	0	0	0.7
98700	0.7	0.02	0.02	0	0	0.7
98800	0.7	0.02	0.02	0	0	0.7
98900	0.7	0.01	0.01	0	0	0.7
99000	0.7	0.02	0.02	0	0	0.7
99100	0.7	0.01	0.01	0	0	0.7
99200	0.7	0.01	0.01	0	0	0.7
99300	0.7	0.01	0.01	0	0	0.7
99400	0.7	0.01	0.01	0	0	0.7
99500	0.7	0	0	0	0	0.7
99600	0.7	0	0	0	0	0.7
99700	0.7	0	0	0	0	0.7
99800	0.7	0.01	0.01	0	0	0.7
99900	0.7	0.02	0.02	0	0	0.7
100000	0.7	0.02	0.02	0	0	0.7
100100	0.7	0.02	0.02	0	0	0.7
100200	0.7	0.02	0.02	0	0	0.7
100300	0.7	0.02	0.02	0	0	0.7
100400	0.7	0.02	0.02	0	0	0.7
100500	0.7	0.02	0.02	0	0	0.7
100600	0.7	0.03	0.03	0	0	0.7
100700	0.7	0.03	0.03	0	0	0.7
100800	0.7	0.03	0.03	0	0	0.7
100900	0.7	0.01	0.01	0	0	0.7
101000	0.7	0.01	0.01	0	0	0.7
101100	0.7	0.01	0.01	0	0	0.7
101200	0.7	0.01	0.01	0	0	0.7
101300	0.7	0.03	0.03	0	0	0.7
101400	0.7	0.03	0.03	0	0	0.7
101500	0.7	0.01	0.01	0	0	0.7
101600	0.7	0.01	0.01	0	0	0.7
101700	0.7	0.01	0.01	0	0	0.7
101800	0.7	0.01	0.01	0	0	0.7
101900	0.7	0.01	0.01	0	0	0.7
102000	0.7	0.01	0.01	0	0	0.7
102100	0.7	0.01	0.01	0	0	0.7
102200	0.7	0.02	0.02	0	0	0.7
102300	0.7	0.01	0.01	0	0	0.7
102400	0.7	0.01	0.01	0	0	0.7
102500	0.7	0	0	0	0	0.7
102600	0.7	0	0	0	0	0.7
102700	0.7	0.01	0.01	0	0	0.7
102800	0.7	0.01	0.01	0	0	0.7
102900	0.7	0.02	0.02	0	0	0.7
103000	0.7	0.02	0.02	0	0	0.7
103100	0.7	0.02	0.02	0	0	0.7
103200	0.7	0.02	0.02	0	0	0.7
103300	0.7	0.02	0.02	0	0	0.7
103400	0.7	0.02	0.02	0	0	0.7
103500	0.7	0.02	0.02	0	0	0.7
103600	0.7	0.02	0.02	0	0	0.7
103700	0.7	0.02	0.02	0	0	0.7
103800	0.7	0	0	0	0	0.7
103900	0.7	0.01	0.01	0	0	0.7
104000	0.7	0.02	0.02	0	0	0.7
104100	0.7	0.02	0.02	0	0	0.7
104200	0.7	0.02	0.02	0	0	0.7
104300	0.7	0.04	0.04	0	0	0.7
104400	0.7	0.03	0.03	0	0	0.7
104500	0.7	0.03	0.03	0	0	0.7
104600	0.7	0.02	0.02	0	0	0.7
104700	0.7	0.01	0.01	0	0	0.7
104800	0.7	0.01	0.01	0	0	0.7
104900	0.7	0	0	0	0	0.7
105000	0.7	0	0	0	0	0.7
105100	0.7	0.01	0.01	0	0	0.7
105200	0.7	0.01	0.01	0	0	0.7
105300	0.7	0.02	0.02	0	0	0.7
105400	0.7	0.03	0.03	0	0	0.7
105500	0.7	0.03	0.03	0	0	0.7
105600	0.7	0.02	0.02	0	0	0.7
105700	0.7	0.01	0.01	0	0	0.7
105800	0.7	0.02	0.02	0	0	0.7
105900	0.7	0.01	0.01	0	0	0.7
106000	0.7	0.03	0.03	0	0	0.7
106100	0.7	0.04	0.04	0	0	0.7
106200	0.7	0.04	0.04	0	0	0.7
106300	0.7	0.04	0.04	0	0	0.7
106400	0.7	0.03	0.03	0	0	0.7
106500	0.7	0.03	0.03	0	0	0.7
106600	0.7	0.04	0.04	0	0	0.7
106700	0.7	0.03	0.03	0	0	0.7
106800	0.7	0.03	0.03	0	0	0.7
106900	0.7	0.02	0.02	0	0	0.7
107000	0.7	0.02	0.02	0	0	0.7
107100	0.7	0.02	0.02	0	0	0.7
107200	0.7	0.02	0.02	0	0	0.7
107300	0.7	0.02	0.02	0	0	0.7
107400	0.7	0.01	0.01	0	0	0.7
107500	0.7	0.01	0.01	0	0	0.7
107600	0.7	0.01	0.01	0	0	0.7
107700	0.7	0.01	0.01	0	0	0.7
107800	0.7	0.02	0.02	0	0	0.7
107900	0.7	0.02	0.02	0	0	0.7
108000	0.7	0.04	0.04	0	0	0.7
108100	0.7	0.03	0.03	0	0	0.7
108200	0.7	0.03	0.03	0	0	0.7
108300	0.7	0.02	0.02	0	0	0.7
108400	0.7	0.03	0.03	0	0	0.7
108500	0.7	0.02	0.02	0	0	0.7
108600	0.7	0.02	0.02	0	0	0.7
108700	0.7	0.01	0.01	0	0	0.7
108800	0.7	0	0	0	0	0.7
108900	0.7	0.01	0.01	0	0	0.7
109000	0.7	0.01	0.01	0	0	0.7
109100	0.7	0.01	0.01	0	0	0.7
109200	0.7	0.01	0.01	0	0	0.7
109300	0.7	0.01	0.01	0	0	0.7
109400	0.7	0.03	0.03	0	0	0.7
109500	0.7	0.02	0.02	0	0	0.7
109600	0.7	0.01	0.01	0	0	0.7
109700	0.7	0.01	0.01	0	0	0.7
109800	0.7	0.01	0.01	0	0	0.7
109900	0.7	0.02	0.02	0	0	0.7
110000	0.7	0.01	0.01	0	0	0.7
110100	0.7	0.01	0.01	0	0	0.7
110200	0.7	0.01	0.01	0	0	0.7
110300	0.7	0.02	0.02	0	0	0.7
110400	0.7	0.01	0.01	0	0	0.7
110500	0.7	0.01	0.01	0	0	0.7
110600	0.7	0.01	0.01	0	0	0.7
110700	0.7	0	0	0	0	0.7
110800	0.7	0	0	0	0	0.7
110900	0.7	0	0	0	0	0.7
111000	0.7	0.03	0.03	0	0	0.7
111100	0.7	0.01	0.01	0	0	0.7
111200	0.7	0.01	0.01	0	0	0.7
111300	0.7	0.01	0.01	0	0	0.7
111400	0.7	0.01	0.01	0	0	0.7
111500	0.7	0.02	0.02	0	0	0.7
111600	0.7	0.02	0.02	0	0	0.7
111700	0.7	0.02	0.02	0	0	0.7
111800	0.7	0.02	0.02	0	0	0.7
111900	0.7	0.01	0.01	0	0	0.7
112000	0.7	0.01	0.01	0	0	0.7
112100	0.7	0.01	0.01	0	0	0.7
112200	0.7	0	0	0	0	0.7
112300	0.7	0	0	0	0	0.7
112400	0.7	0.01	0.01	0	0	0.7
112500	0.7	0.01	0.01	0	0	0.7
112600	0.7	0.02	0.02	0	0	0.7
112700	0.7	0.02	0.02	0	0	0.7
112800	0.7	0.02	0.02	0	0	0.7
112900	0.7	0.02	0.02	0	0	0.7
113000	0.7	0.01	0.01	0	0	0.7
113100	0.7	0.01	0.01	0	0	0.7
113200	0.7	0	0	0	0	0.7
113300	0.7	0	0	0	0	0.7
113400	0.7	0	0	0	0	0.7
113500	0.7	0	0	0	0	0.7
113600	0.7	0	0	0	0	0.7
113700	0.7	0	0	0	0	0.7
113800	0.7	0.02	0.02	0	0	0.7
113900	0.7	0.02	0.02	0	0	0.7
114000	0.7	0	0	0	0	0.7
114100	0.7	0	0	0	0	0.7
114200	0.7	0.01	0.01	0	0	0.7
114300	0.7	0.01	0.01	0	0	0.7
114400	0.7	0.01	0.01	0	0	0.7
114500	0.7	0.01	0.01	0	0	0.7
114600	0.7	0.01	0.01	0	0	0.7
114700	0.7	0	0	0	0	0.7
114800	0.7	0	0	0	0	0.7
114900	0.7	0	0	0	0	0.7
115000	0.7	0	0	0	0	0.7
115100	0.7	0	0	0	0	0.7
115200	0.7	0	0	0	0	0.7
115300	0.7	0	0	0	0	0.7
115400	0.7	0.02	0.02	0	0	0.7
115500	0.7	0.01	0.01	0	0	0.7
115600	0.7	0.02	0.02	0	0	0.7
115700	0.7	0.03	0.03	0	0	0.7
115800	0.7	0.03	0.03	0	0	0.7
115900	0.7	0.02	0.02	0	0	0.7
116000	0.7	0.01	0.01	0	0	0.7
116100	0.7	0.01	0.01	0	0	0.7
116200	0.7	0.01	0.01	0	0	0.7
116300	0.7	0.01	0.01	0	0	0.7
116400	0.7	0.01	0.01	0	0	0.7
116500	0.7	0	0	0	0	0.7
116600	0.7	0.01	0.01	0	0	0.7
116700	0.7	0.01	0.01	0	0	0.7
116800	0.7	0.01	0.01	0	0	0.7
116900	0.7	0.02	0.02	0	0	0.7
117000	0.7	0.02	0.02	0	0	0.7
117100	0.7	0.01	0.01	0	0	0.7
117200	0.7	0.01	0.01	0	0	0.7
117300	0.7	0.01	0.01	0	0	0.7
117400	0.7	0.01	0.01	0	0	0.7
117500	0.7	0.01	0.01	0	0	0.7
117600	0.7	0.01	0.01	0	0	0.7
117700	0.7	0.02	0.02	0	0	0.7
117800	0.7	0.03	0.03	0	0	0.7
117900	0.7	0.03	0.03	0	0	0.7
118000	0.7	0.02	0.02	0	0	0.7
118100	0.7	0.02	0.02	0	0	0.7
118200	0.7	0.01	0.01	0	0	0.7
118300	0.7	0.01	0.01	0	0	0.7
118400	0.7	0.01	0.01	0	0	0.7
118500	0.7	0.01	0.01	0	0	0.7
118600	0.7	0.02	0.02	0	0	0.7
118700	0.7	0.02	0.02	0	0	0.7
118800	0.7	0.02	0.02	0	0	0.7
118900	0.7	0.02	0.02	0	0	0.7
119000	0.7	0.02	0.02	0	0	0.7
119100	0.7	0	0	0	0	0.7
119200	0.7	0	0	0	0	0.7
119300	0.7	0	0	0	0	0.7
119400	0.7	0	0	0	0	0.7
119500	0.7	0.01	0.01	0	0	0.7
119600	0.7	0.01	0.01	0	0	0.7
119700	0.7	0.01	0.01	0	0	0.7
119800	0.7	0.01	0.01	0	0	0.7
119900	0.7	0.01	0.01	0	0	0.7
120000	0.7	0.02	0.02	0	0	0.7
120100	0.7	0.02	0.02	0	0	0.7
120200	0.7	0.02	0.02	0	0	0.7
120300	0.7	0.02	0.02	0	0	0.7
120400	0.7	0.01	0.01	0	0	0.7
120500	0.7	0.01	0.01	0	0	0.7
120600	0.7	0.01	0.01	0	0	0.7
120700	0.7	0.02	0.02	0	0	0.7
120800	0.7	0.01	0.01	0	0	0.7
120900	0.7	0	0	0	0	0.7
121000	0.7	0	0	0	0	0.7
121100	0.7	0	0	0	0	0.7
121200	0.7	0.01	0.01	0	0	0.7
121300	0.7	0.01	0.01	0	0	0.7
121400	0.7	0.03	0.03	0	0	0.7
121500	0.7	0.03	0.03	0	0	0.7
121600	0.7	0.04	0.04	0	0	0.7
121700	0.7	0.04	0.04	0	0	0.7
121800	0.7	0.04	0.04	0	0	0.7
121900	0.7	0.04	0.04	0	0	0.7
122000	0.7	0.01	0.01	0	0	0.7
122100	0.7	0.02	0.02	0	0	0.7
122200	0.7	0.01	0.01	0	0	0.7
122300	0.7	0.01	0.01	0	0	0.7
122400	0.7	0.01	0.01	0	0	0.7
122500	0.7	0.01	0.01	0	0	0.7
122600	0.69	0.01	0.01	0	0	0.69
122700	0.69	0.01	0.01	0	0	0.69
122800	0.69	0	0	0	0	0.69
122900	0.69	0.01	0.01	0	0	0.69
123000	0.69	0.02	0.02	0	0	0.69
123100	0.69	0.02	0.02	0	0	0.69
123200	0.69	0.02	0.02	0	0	0.69
123300	0.69	0.01	0.01	0	0	0.69
123400	0.69	0	0	0	0	0.69
123500	0.69	0	0	0	0	0.69
123600	0.69	0	0	0	0	0.69
123700	0.69	0	0	0	0	0.69
123800	0.69	0	0	0	0	0.69
123900	0.69	0	0	0	0	0.69
124000	0.69	0	0	0	0	0.69
124100	0.69	0	0	0	0	0.69
124200	0.69	0	0	0	0	0.69
124300	0.69	0	0	0	0	0.69
124400	0.69	0	0	0	0	0.69
124500	0.69	0	0	0	0	0.69
124600	0.69	0.01	0.01	0	0	0.69
124700	0.69	0.02	0.02	0	0	0.69
124800	0.69	0.02	0.02	0	0	0.69
124900	0.69	0.02	0.02	0	0	0.69
125000	0.69	0.02	0.02	0	0	0.69
125100	0.69	0.02	0.02	0	0	0.69
125200	0.69	0.01	0.01	0	0	0.69
125300	0.69	0	0	0	0	0.69
125400	0.69	0	0	0	0	0.69
125500	0.69	0	0	0	0	0.69
125600	0.69	0.01	0.01	0	0	0.69
125700	0.69	0.01	0.01	0	0	0.69
125800	0.69	0.01	0.01	0	0	0.69
125900	0.69	0.02	0.02	0	0	0.69
126000	0.69	0.02	0.02	0	0	0.69
126100	0.69	0.02	0.02	0	0	0.69
126200	0.69	0.02	0.02	0	0	0.69
126300	0.69	0.01	0.01	0	0	0.69
126400	0.69	0.01	0.01	0	0	0.69
126500	0.69	0.01	0.01	0	0	0.69
126600	0.69	0	0	0	0	0.69
126700	0.69	0.01	0.01	0	0	0.69
126800	0.69	0.01	0.01	0	0	0.69
126900	0.69	0.02	0.02	0	0	0.69
127000	0.69	0.02	0.02	0	0	0.69
127100	0.69	0.01	0.01	0	0	0.69
127200	0.69	0.01	0.01	0	0	0.69
127300	0.69	0.02	0.02	0	0	0.69
127400	0.69	0.03	0.03	0	0	0.69
127500	0.69	0.01	0.01	0	0	0.69
127600	0.69	0.02	0.02	0	0	0.69
127700	0.69	0.03	0.03	0	0	0.69
127800	0.69	0.03	0.03	0	0	0.69
127900	0.69	0.03	0.03	0	0	0.69
128000	0.69	0.03	0.03	0	0	0.69
128100	0.7	0.03	0.03	0	0	0.7
128200	0.69	0.02	0.02	0	0	0.69
128300	0.69	0.01	0.01	0	0	0.69
128400	0.69	0.02	0.02	0	0	0.69
128500	0.69	0.02	0.02	0	0	0.69
128600	0.69	0.01	0.01	0	0	0.69
128700	0.69	0.01	0.01	0	0	0.69
128800	0.69	0.02	0.02	0	0	0.69
128900	0.69	0.01	0.01	0	0	0.69
129000	0.69	0.01	0.01	0	0	0.69
129100	0.69	0.02	0.02	0	0	0.69
129200	0.69	0.03	0.03	0	0	0.69
129300	0.69	0.02	0.02	0	0	0.69
129400	0.69	0.03	0.03	0	0	0.69
129500	0.69	0.03	0.03	0	0	0.69
129600	0.69	0.04	0.04	0	0	0.69
129700	0.69	0.05	0.05	0	0	0.69
129800	0.69	0.02	0.02	0	0	0.69
129900	0.69	0.01	0.01	0	0	0.69
130000	0.69	0	0	0	0	0.69
130100	0.69	0	0	0	0	0.69
130200	0.69	0	0	0	0	0.69
130300	0.69	0.01	0.01	0	0	0.69
130400	0.69	0.01	0.01	0	0	0.69
130500	0.69	0.01	0.01	0	0	0.69
130600	0.69	0.01	0.01	0	0	0.69
130700	0.69	0.02	0.02	0	0	0.69
130800	0.69	0.01	0.01	0	0	0.69
130900	0.69	0.01	0.01	0	0	0.69
131000	0.69	0.02	0.02	0	0	0.69
131100	0.69	0.03	0.03	0	0	0.69
131200	0.69	0.02	0.02	0	0	0.69
131300	0.69	0.02	0.02	0	0	0.69
131400	0.69	0.01	0.01	0	0	0.69
131500	0.69	0.01	0.01	0	0	0.69
131600	0.69	0.01	0.01	0	0	0.69
131700	0.69	0.01	0.01	0	0	0.69
131800	0.69	0.01	0.01	0	0	0.69
131900	0.69	0.02	0.02	0	0	0.69
132000	0.69	0.02	0.02	0	0	0.69
132100	0.69	0	0	0	0	0.69
132200	0.69	0	0	0	0	0.69
132300	0.69	0	0	0	0	0.69
132400	0.69	0.01	0.01	0	0	0.69
132500	0.69	0.01	0.01	0	0	0.69
132600	0.69	0.02	0.02	0	0	0.69
132700	0.69	0.03	0.03	0	0	0.69
132800	0.69	0.04	0.04	0	0	0.69
132900	0.69	0.02	0.02	0	0	0.69
133000	0.69	0.03	0.03	0	0	0.69
133100	0.69	0.04	0.04	0	0	0.69
133200	0.69	0.04	0.04	0	0	0.69
133300	0.69	0.03	0.03	0	0	0.69
133400	0.69	0.03	0.03	0	0	0.69
133500	0.69	0.02	0.02	0	0	0.69
133600	0.69	0.01	0.01	0	0	0.69
133700	0.69	0.01	0.01	0	0	0.69
133800	0.69	0.01	0.01	0	0	0.69
133900	0.69	0.02	0.02	0	0	0.69
134000	0.69	0.02	0.02	0	0	0.69
134100	0.69	0.01	0.01	0	0	0.69
134200	0.69	0.01	0.01	0	0	0.69
134300	0.69	0.01	0.01	0	0	0.69
134400	0.69	0.02	0.02	0	0	0.69
134500	0.69	0.02	0.02	0	0	0.69
134600	0.69	0.02	0.02	0	0	0.69
134700	0.69	0.01	0.01	0	0	0.69
134800	0.69	0.01	0.01	0	0	0.69
134900	0.69	0	0	0	0	0.69
135000	0.69	0.01	0.01	0	0	0.69
135100	0.69	0.02	0.02	0	0	0.69
135200	0.69	0.01	0.01	0	0	0.69
135300	0.69	0.02	0.02	0	0	0.69
135400	0.69	0.02	0.02	0	0	0.69
135500	0.69	0.04	0.04	0	0	0.69
135600	0.69	0.06	0.06	0	0	0.69
135700	0.69	0.04	0.04	0	0	0.69
135800	0.69	0.04	0.04	0	0	0.69
135900	0.69	0.03	0.03	0	0	0.69
136000	0.69	0.03	0.03	0	0	0.69
136100	0.69	0.01	0.01	0	0	0.69
136200	0.69	0.01	0.01	0	0	0.69
136300	0.69	0.01	0.01	0	0	0.69
136400	0.69	0.02	0.02	0	0	0.69
136500	0.69	0.01	0.01	0	0	0.69
136600	0.69	0.02	0.02	0	0	0.69
136700	0.69	0.02	0.02	0	0	0.69
136800	0.69	0.03	0.03	0	0	0.69
136900	0.69	0.04	0.04	0	0	0.69
137000	0.69	0.04	0.04	0	0	0.69
137100	0.69	0.04	0.04	0	0	0.69
137200	0.69	0.03	0.03	0	0	0.69
137300	0.69	0.01	0.01	0	0	0.69
137400	0.69	0.02	0.02	0	0	0.69
137500	0.69	0.02	0.02	0	0	0.69
137600	0.69	0.03	0.03	0	0	0.69
137700	0.69	0.04	0.04	0	0	0.69
137800	0.69	0.03	0.03	0	0	0.69
137900	0.69	0.02	0.02	0	0	0.69
138000	0.69	0.01	0.01	0	0	0.69
138100	0.69	0	0	0	0	0.69
138200	0.69	0.02	0.02	0	0	0.69
138300	0.69	0.02	0.02	0	0	0.69
138400	0.69	0.02	0.02	0	0	0.69
138500	0.69	0.01	0.01	0	0	0.69
138600	0.69	0	0	0	0	0.69
138700	0.69	0.01	0.01	0	0	0.69
138800	0.69	0.01	0.01	0	0	0.69
138900	0.69	0.02	0.02	0	0	0.69
139000	0.69	0.01	0.01	0	0	0.69
139100	0.69	0.01	0.01	0	0	0.69
139200	0.69	0.01	0.01	0	0	0.69
139300	0.69	0	0	0	0	0.69
139400	0.69	0	0	0	0	0.69
139500	0.69	0.01	0.01	0	0	0.69
139600	0.69	0.01	0.01	0	0	0.69
139700	0.69	0.02	0.02	0	0	0.69
139800	0.69	0.02	0.02	0	0	0.69
139900	0.69	0.03	0.03	0	0	0.69
140000	0.7	0.04	0.04	0	0	0.7
140100	0.7	0.03	0.03	0	0	0.7
140200	0.7	0.03	0.03	0	0	0.7
140300	0.7	0.05	0.05	0	0	0.7
140400	0.7	0.05	0.05	0	0	0.7
140500	0.7	0.02	0.02	0	0	0.7
140600	0.7	0.03	0.03	0	0	0.7
140700	0.7	0.01	0.01	0	0	0.7
140800	0.7	0.01	0.01	0	0	0.7
140900	0.7	0.01	0.01	0	0	0.7
141000	0.7	0.01	0.01	0	0	0.7
141100	0.7	0	0	0	0	0.7
141200	0.7	0	0	0	0	0.7
141300	0.7	0.01	0.01	0	0	0.7
141400	0.7	0.02	0.02	0	0	0.7
141500	0.7	0.02	0.02	0	0	0.7
141600	0.7	0.02	0.02	0	0	0.7
141700	0.7	0.01	0.01	0	0	0.7
141800	0.7	0.02	0.02	0	0	0.7
141900	0.7	0.01	0.01	0	0	0.7
142000	0.7	0.01	0.01	0	0	0.7
142100	0.7	0.01	0.01	0	0	0.7
142200	0.7	0	0	0	0	0.7
142300	0.7	0	0	0	0	0.7
142400	0.7	0	0	0	0	0.7
142500	0.7	0.01	0.01	0	0	0.7
142600	0.7	0.02	0.02	0	0	0.7
142700	0.7	0.02	0.02	0	0	0.7
142800	0.7	0.03	0.03	0	0	0.7
142900	0.7	0.02	0.02	0	0	0.7
143000	0.7	0.03	0.03	0	0	0.7
143100	0.7	0.04	0.04	0	0	0.7
143200	0.7	0.05	0.05	0	0	0.7
143300	0.7	0.05	0.05	0	0	0.7
143400	0.7	0.04	0.04	0	0	0.7
143500	0.7	0.05	0.05	0	0	0.7
143600	0.7	0.02	0.02	0	0	0.7
143700	0.7	0.02	0.02	0	0	0.7
143800	0.7	0.02	0.02	0	0	0.7
143900	0.7	0.02	0.02	0	0	0.7
144000	0.7	0	0	0	0	0.7
144100	0.7	0	0	0	0	0.7
144200	0.7	0.01	0.01	0	0	0.7
144300	0.7	0.01	0.01	0	0	0.7
144400	0.7	0.01	0.01	0	0	0.7
144500	0.7	0.01	0.01	0	0	0.7
144600	0.7	0.02	0.02	0	0	0.7
144700	0.7	0.01	0.01	0	0	0.7
144800	0.7	0.01	0.01	0	0	0.7
144900	0.7	0.03	0.03	0	0	0.7
145000	0.7	0.03	0.03	0	0	0.7
145100	0.7	0.02	0.02	0	0	0.7
145200	0.7	0.01	0.01	0	0	0.7
145300	0.7	0.01	0.01	0	0	0.7
145400	0.7	0	0	0	0	0.7
145500	0.7	0	0	0	0	0.7
145600	0.71	0	0	0	0	0.71
145700	0.7	0	0	0	0	0.7
145800	0.7	0	0	0	0	0.7
145900	0.7	0	0	0	0	0.7
146000	0.7	0	0	0	0	0.7
146100	0.7	0	0	0	0	0.7
146200	0.7	0.01	0.01	0	0	0.7
146300	0.7	0.01	0.01	0	0	0.7
146400	0.7	0.04	0.04	0	0	0.7
146500	0.7	0.04	0.04	0	0	0.7
146600	0.7	0.04	0.04	0	0	0.7
146700	0.7	0.03	0.03	0	0	0.7
146800	0.7	0.02	0.02	0	0	0.7
146900	0.7	0.01	0.01	0	0	0.7
147000	0.7	0.02	0.02	0	0	0.7
147100	0.7	0.02	0.02	0	0	0.7
147200	0.7	0.04	0.04	0	0	0.7
147300	0.7	0.04	0.04	0	0	0.7
147400	0.7	0.04	0.04	0	0	0.7
147500	0.7	0.03	0.03	0	0	0.7
147600	0.7	0.04	0.04	0	0	0.7
147700	0.7	0.01	0.01	0	0	0.7
147800	0.7	0.02	0.02	0	0	0.7
147900	0.7	0.02	0.02	0	0	0.7
148000	0.7	0.03	0.03	0	0	0.7
148100	0.7	0.03	0.03	0	0	0.7
148200	0.7	0.03	0.03	0	0	0.7
148300	0.7	0.03	0.03	0	0	0.7
148400	0.7	0.03	0.03	0	0	0.7
148500	0.7	0.05	0.05	0	0	0.7
148600	0.7	0.04	0.04	0	0	0.7
148700	0.7	0.02	0.02	0	0	0.7
148800	0.7	0.01	0.01	0	0	0.7
148900	0.7	0.02	0.02	0	0	0.7
149000	0.7	0.02	0.02	0	0	0.7
149100	0.7	0.01	0.01	0	0	0.7
149200	0.7	0.02	0.02	0	0	0.7
149300	0.7	0.02	0.02	0	0	0.7
149400	0.7	0.04	0.04	0	0	0.7
149500	0.7	0.05	0.05	0	0	0.7
149600	0.7	0.06	0.06	0	0	0.7
149700	0.7	0.04	0.04	0	0	0.7
149800	0.7	0.03	0.03	0	0	0.7
149900	0.7	0.03	0.03	0	0	0.7
150000	0.7	0.04	0.04	0	0	0.7
150100	0.7	0.02	0.02	0	0	0.7
150200	0.7	0.01	0.01	0	0	0.7
150300	0.7	0.01	0.01	0	0	0.7
150400	0.7	0	0	0	0	0.7
150500	0.7	0	0	0	0	0.7
150600	0.7	0	0	0	0	0.7
150700	0.7	0	0	0	0	0.7
150800	0.7	0	0	0	0	0.7
150900	0.7	0	0	0	0	0.7
151000	0.7	0.01	0.01	0	0	0.7
151100	0.7	0.01	0.01	0	0	0.7
151200	0.7	0.02	0.02	0	0	0.7
151300	0.7	0.02	0.02	0	0	0.7
151400	0.7	0.03	0.03	0	0	0.7
151500	0.7	0.03	0.03	0	0	0.7
151600	0.7	0.05	0.05	0	0	0.7
151700	0.7	0.04	0.04	0	0	0.7
151800	0.7	0.04	0.04	0	0	0.7
151900	0.7	0.03	0.03	0	0	0.7
152000	0.7	0.01	0.01	0	0	0.7
152100	0.7	0	0	0	0	0.7
152200	0.7	0	0	0	0	0.7
152300	0.7	0.01	0.01	0	0	0.7
152400	0.7	0.01	0.01	0	0	0.7
152500	0.7	0.01	0.01	0	0	0.7
152600	0.69	0.01	0.01	0	0	0.69
152700	0.69	0.01	0.01	0	0	0.69
152800	0.69	0.02	0.02	0	0	0.69
152900	0.69	0.03	0.03	0	0	0.69
153000	0.69	0.03	0.03	0	0	0.69
153100	0.69	0.04	0.04	0	0	0.69
153200	0.69	0.04	0.04	0	0	0.69
153300	0.69	0.03	0.03	0	0	0.69
153400	0.69	0.02	0.02	0	0	0.69
153500	0.69	0.02	0.02	0	0	0.69
153600	0.69	0.01	0.01	0	0	0.69
153700	0.69	0.01	0.01	0	0	0.69
153800	0.69	0.01	0.01	0	0	0.69
153900	0.69	0.02	0.02	0	0	0.69
154000	0.69	0.01	0.01	0	0	0.69
154100	0.69	0.01	0.01	0	0	0.69
154200	0.69	0.01	0.01	0	0	0.69
154300	0.69	0.01	0.01	0	0	0.69
154400	0.69	0.01	0.01	0	0	0.69
154500	0.69	0	0	0	0	0.69
154600	0.69	0.01	0.01	0	0	0.69
154700	0.69	0.01	0.01	0	0	0.69
154800	0.69	0.01	0.01	0	0	0.69
154900	0.69	0.01	0.01	0	0	0.69
155000	0.69	0.02	0.02	0	0	0.69
155100	0.69	0.03	0.03	0	0	0.69
155200	0.69	0.02	0.02	0	0	0.69
155300	0.69	0.02	0.02	0	0	0.69
155400	0.69	0.02	0.02	0	0	0.69
155500	0.69	0.02	0.02	0	0	0.69
155600	0.69	0.01	0.01	0	0	0.69
155700	0.69	0.01	0.01	0	0	0.69
155800	0.69	0.01	0.01	0	0	0.69
155900	0.69	0	0	0	0	0.69
156000	0.69	0	0	0	0	0.69
156100	0.69	0	0	0	0	0.69
156200	0.69	0.02	0.02	0	0	0.69
156300	0.69	0.03	0.03	0	0	0.69
156400	0.69	0.05	0.05	0	0	0.69
156500	0.69	0.04	0.04	0	0	0.69
156600	0.69	0.02	0.02	0	0	0.69
156700	0.69	0.01	0.01	0	0	0.69
156800	0.69	0.02	0.02	0	0	0.69
156900	0.69	0.01	0.01	0	0	0.69
157000	0.69	0.01	0.01	0	0	0.69
157100	0.69	0.01	0.01	0	0	0.69
157200	0.69	0	0	0	0	0.69
157300	0.69	0	0	0	0	0.69
157400	0.69	0	0	0	0	0.69
157500	0.69	0	0	0	0	0.69
157600	0.69	0	0	0	0	0.69
157700	0.69	0	0	0	0	0.69
157800	0.69	0.01	0.01	0	0	0.69
157900	0.69	0.03	0.03	0	0	0.69
158000	0.69	0.03	0.03	0	0	0.69
158100	0.69	0.05	0.05	0	0	0.69
158200	0.69	0.05	0.05	0	0	0.69
158300	0.69	0.03	0.03	0	0	0.69
158400	0.69	0.01	0.01	0	0	0.69
158500	0.69	0.01	0.01	0	0	0.69
158600	0.69	0.01	0.01	0	0	0.69
158700	0.69	0.01	0.01	0	0	0.69
158800	0.69	0.02	0.02	0	0	0.69
158900	0.69	0.02	0.02	0	0	0.69
159000	0.69	0.02	0.02	0	0	0.69
159100	0.69	0.03	0.03	0	0	0.69
159200	0.69	0.03	0.03	0	0	0.69
159300	0.69	0.01	0.01	0	0	0.69
159400	0.69	0	0	0	0	0.69
159500	0.69	0	0	0	0	0.69
159600	0.69	0	0	0	0	0.69
159700	0.69	0.01	0.01	0	0	0.69
159800	0.69	0.03	0.03	0	0	0.69
159900	0.69	0.02	0.02	0	0	0.69
160000	0.69	0.01	0.01	0	0	0.69
160100	0.69	0.01	0.01	0	0	0.69
160200	0.69	0.01	0.01	0	0	0.69
160300	0.69	0.01	0.01	0	0	0.69
160400	0.69	0.01	0.01	0	0	0.69
160500	0.69	0.01	0.01	0	0	0.69
160600	0.69	0.01	0.01	0	0	0.69
160700	0.69	0.01	0.01	0	0	0.69
160800	0.69	0.02	0.02	0	0	0.69
160900	0.69	0.02	0.02	0	0	0.69
161000	0.69	0.02	0.02	0	0	0.69
161100	0.69	0.02	0.02	0	0	0.69
161200	0.69	0.02	0.02	0	0	0.69
161300	0.69	0.03	0.03	0	0	0.69
161400	0.69	0.03	0.03	0	0	0.69
161500	0.69	0.03	0.03	0	0	0.69
161600	0.69	0.02	0.02	0	0	0.69
161700	0.7	0.01	0.01	0	0	0.7
161800	0.7	0	0	0	0	0.7
161900	0.7	0	0	0	0	0.7
162000	0.7	0	0	0	0	0.7
162100	0.7	0	0	0	0	0.7
162200	0.7	0.02	0.02	0	0	0.7
162300	0.7	0.02	0.02	0	0	0.7
162400	0.7	0.02	0.02	0	0	0.7
162500	0.7	0.02	0.02	0	0	0.7
162600	0.7	0.01	0.01	0	0	0.7
162700	0.7	0.01	0.01	0	0	0.7
162800	0.7	0.01	0.01	0	0	0.7
162900	0.7	0.01	0.01	0	0	0.7
163000	0.7	0.01	0.01	0	0	0.7
163100	0.7	0.03	0.03	0	0	0.7
163200	0.7	0.03	0.03	0	0	0.7
163300	0.7	0	0	0	0	0.7
163400	0.7	0	0	0	0	0.7
163500	0.7	0	0	0	0	0.7
163600	0.7	0.01	0.01	0	0	0.7
163700	0.7	0.01	0.01	0	0	0.7
163800	0.7	0.01	0.01	0	0	0.7
163900	0.7	0.01	0.01	0	0	0.7
164000	0.7	0.01	0.01	0	0	0.7
164100	0.7	0.01	0.01	0	0	0.7
164200	0.7	0	0	0	0	0.7
164300	0.7	0.01	0.01	0	0	0.7
164400	0.7	0.02	0.02	0	0	0.7
164500	0.7	0.02	0.02	0	0	0.7
164600	0.7	0.04	0.04	0	0	0.7
164700	0.7	0.04	0.04	0	0	0.7
164800	0.7	0.03	0.03	0	0	0.7
164900	0.7	0.03	0.03	0	0	0.7
165000	0.7	0.04	0.04	0	0	0.7
165100	0.7	0.02	0.02	0	0	0.7
165200	0.7	0.01	0.01	0	0	0.7
165300	0.7	0.02	0.02	0	0	0.7
165400	0.7	0.02	0.02	0	0	0.7
165500	0.7	0.01	0.01	0	0	0.7
165600	0.7	0.01	0.01	0	0	0.7
165700	0.7	0	0	0	0	0.7
165800	0.7	0	0	0	0	0.7
165900	0.7	0.02	0.02	0	0	0.7
166000	0.7	0.02	0.02	0	0	0.7
166100	0.7	0.04	0.04	0	0	0.7
166200	0.7	0.03	0.03	0	0	0.7
166300	0.7	0.03	0.03	0	0	0.7
166400	0.7	0.02	0.02	0	0	0.7
166500	0.7	0.02	0.02	0	0	0.7
166600	0.7	0.02	0.02	0	0	0.7
166700	0.7	0.02	0.02	0	0	0.7
166800	0.7	0.01	0.01	0	0	0.7
166900	0.7	0.01	0.01	0	0	0.7
167000	0.7	0.01	0.01	0	0	0.7
167100	0.7	0.01	0.01	0	0	0.7
167200	0.7	0.02	0.02	0	0	0.7
167300	0.7	0.01	0.01	0	0	0.7
167400	0.7	0.01	0.01	0	0	0.7
167500	0.7	0.01	0.01	0	0	0.7
167600	0.7	0.01	0.01	0	0	0.7
167700	0.7	0.01	0.01	0	0	0.7
167800	0.7	0.01	0.01	0	0	0.7
167900	0.7	0.01	0.01	0	0	0.7
168000	0.7	0.01	0.01	0	0	0.7
168100	0.7	0.01	0.01	0	0	0.7
168200	0.7	0.02	0.02	0	0	0.7
168300	0.7	0.02	0.02	0	0	0.7
168400	0.7	0.03	0.03	0	0	0.7
168500	0.7	0.02	0.02	0	0	0.7
168600	0.7	0.02	0.02	0	0	0.7
168700	0.7	0.02	0.02	0	0	0.7
168800	0.7	0.02	0.02	0	0	0.7
168900	0.7	0.01	0.01	0	0	0.7
169000	0.7	0.02	0.02	0	0	0.7
169100	0.7	0.02	0.02	0	0	0.7
169200	0.7	0.02	0.02	0	0	0.7
169300	0.7	0.03	0.03	0	0	0.7
169400	0.7	0.05	0.05	0	0	0.7
169500	0.7	0.04	0.04	0	0	0.7
169600	0.7	0.03	0.03	0	0	0.7
169700	0.7	0.01	0.01	0	0	0.7
169800	0.7	0.01	0.01	0	0	0.7
169900	0.7	0.01	0.01	0	0	0.7
170000	0.7	0	0	0	0	0.7
170100	0.7	0	0	0	0	0.7
170200	0.7	0	0	0	0	0.7
170300	0.7	0	0	0	0	0.7
170400	0.7	0	0	0	0	0.7
170500	0.7	0.01	0.01	0	0	0.7
170600	0.7	0.02	0.02	0	0	0.7
170700	0.7	0.02	0.02	0	0	0.7
170800	0.69	0.02	0.02	0	0	0.69
170900	0.69	0.03	0.03	0	0	0.69
171000	0.69	0.02	0.02	0	0	0.69
171100	0.69	0.01	0.01	0	0	0.69
171200	0.69	0.01	0.01	0	0	0.69
171300	0.7	0.02	0.02	0	0	0.7
171400	0.7	0.03	0.03	0	0	0.7
171500	0.7	0.02	0.02	0	0	0.7
171600	0.69	0.02	0.02	0	0	0.69
171700	0.69	0.01	0.01	0	0	0.69
171800	0.69	0	0	0	0	0.69
171900	0.69	0.01	0.01	0	0	0.69
172000	0.69	0.01	0.01	0	0	0.69
172100	0.69	0.01	0.01	0	0	0.69
172200	0.69	0.01	0.01	0	0	0.69
172300	0.69	0	0	0	0	0.69
172400	0.69	0.02	0.02	0	0	0.69
172500	0.69	0.03	0.03	0	0	0.69
172600	0.69	0.02	0.02	0	0	0.69
172700	0.69	0.03	0.03	0	0	0.69
172800	0.69	0.01	0.01	0	0	0.69
172900	0.69	0.02	0.02	0	0	0.69
173000	0.69	0.01	0.01	0	0	0.69
173100	0.69	0.03	0.03	0	0	0.69
173200	0.69	0.04	0.04	0	0	0.69
173300	0.69	0.04	0.04	0	0	0.69
173400	0.69	0.03	0.03	0	0	0.69
173500	0.69	0.03	0.03	0	0	0.69
173600	0.69	0.02	0.02	0	0	0.69
173700	0.69	0.01	0.01	0	0	0.69
173800	0.69	0	0	0	0	0.69
173900	0.69	0	0	0	0	0.69
174000	0.69	0.01	0.01	0	0	0.69
174100	0.69	0.02	0.02	0	0	0.69
174200	0.7	0.02	0.02	0	0	0.7
174300	0.7	0.01	0.01	0	0	0.7
174400	0.7	0.02	0.02	0	0	0.7
174500	0.7	0.02	0.02	0	0	0.7
174600	0.7	0.01	0.01	0	0	0.7
174700	0.7	0.01	0.01	0	0	0.7
174800	0.7	0.04	0.04	0	0	0.7
174900	0.7	0.04	0.04	0	0	0.7
175000	0.7	0.03	0.03	0	0	0.7
175100	0.7	0.03	0.03	0	0	0.7
175200	0.7	0.02	0.02	0	0	0.7
175300	0.7	0	0	0	0	0.7
175400	0.7	0	0	0	0	0.7
175500	0.7	0.01	0.01	0	0	0.7
175600	0.7	0.02	0.02	0	0	0.7
175700	0.7	0.02	0.02	0	0	0.7
175800	0.7	0.03	0.03	0	0	0.7
175900	0.7	0.02	0.02	0	0	0.7
176000	0.7	0.03	0.03	0	0	0.7
176100	0.7	0.03	0.03	0	0	0.7
176200	0.7	0	0	0	0	0.7
176300	0.7	0	0	0	0	0.7
176400	0.7	0	0	0	0	0.7
176500	0.7	0	0	0	0	0.7
176600	0.7	0	0	0	0	0.7
176700	0.7	0	0	0	0	0.7
176800	0.7	0	0	0	0	0.7
176900	0.7	0	0	0	0	0.7
177000	0.7	0	0	0	0	0.7
177100	0.7	0.01	0.01	0	0	0.7
177200	0.7	0.01	0.01	0	0	0.7
177300	0.7	0	0	0	0	0.7
177400	0.7	0	0	0	0	0.7
177500	0.7	0.01	0.01	0	0	0.7
177600	0.7	0.01	0.01	0	0	0.7
177700	0.7	0.02	0.02	0	0	0.7
177800	0.7	0.03	0.03	0	0	0.7
177900	0.7	0.04	0.04	0	0	0.7
178000	0.7	0.05	0.05	0	0	0.7
178100	0.7	0.04	0.04	0	0	0.7
178200	0.7	0.02	0.02	0	0	0.7
178300	0.7	0.01	0.01	0	0	0.7
178400	0.7	0.01	0.01	0	0	0.7
178500	0.7	0.01	0.01	0	0	0.7
178600	0.7	0	0	0	0	0.7
178700	0.7	0	0	0	0	0.7
178800	0.7	0	0	0	0	0.7
178900	0.7	0.01	0.01	0	0	0.7
179000	0.7	0.01	0.01	0	0	0.7
179100	0.7	0.01	0.01	0	0	0.7
179200	0.7	0.01	0.01	0	0	0.7
179300	0.7	0	0	0	0	0.7
179400	0.7	0	0	0	0	0.7
179500	0.7	0	0	0	0	0.7
179600	0.7	0.01	0.01	0	0	0.7
179700	0.7	0.01	0.01	0	0	0.7
179800	0.7	0.01	0.01	0	0	0.7
179900	0.7	0.01	0.01	0	0	0.7
180000	0.7	0.01	0.01	0	0	0.7
180100	0.7	0	0	0	0	0.7
180200	0.7	0.01	0.01	0	0	0.7
180300	0.7	0.01	0.01	0	0	0.7
180400	0.7	0.04	0.04	0	0	0.7
180500	0.7	0.02	0.02	0	0	0.7
180600	0.7	0.03	0.03	0	0	0.7
180700	0.7	0.03	0.03	0	0	0.7
180800	0.7	0.03	0.03	0	0	0.7
180900	0.7	0.03	0.03	0	0	0.7
181000	0.7	0.01	0.01	0	0	0.7
181100	0.7	0.01	0.01	0	0	0.7
181200	0.7	0	0	0	0	0.7
181300	0.7	0.01	0.01	0	0	0.7
181400	0.7	0	0	0	0	0.7
181500	0.7	0	0	0	0	0.7
181600	0.7	0	0	0	0	0.7
181700	0.7	0	0	0	0	0.7
181800	0.7	0.03	0.03	0	0	0.7
181900	0.7	0.03	0.03	0	0	0.7
182000	0.7	0.05	0.05	0	0	0.7
182100	0.7	0.05	0.05	0	0	0.7
182200	0.7	0.03	0.03	0	0	0.7
182300	0.7	0.03	0.03	0	0	0.7
182400	0.7	0.01	0.01	0	0	0.7
182500	0.7	0.01	0.01	0	0	0.7
182600	0.7	0	0	0	0	0.7
182700	0.7	0.01	0.01	0	0	0.7
182800	0.7	0.02	0.02	0	0	0.7
182900	0.7	0.02	0.02	0	0	0.7
183000	0.7	0	0	0	0	0.7
183100	0.7	0	0	0	0	0.7
183200	0.7	0.01	0.01	0	0	0.7
183300	0.7	0.03	0.03	0	0	0.7
183400	0.7	0.03	0.03	0	0	0.7
183500	0.7	0.04	0.04	0	0	0.7
183600	0.7	0.05	0.05	0	0	0.7
183700	0.7	0.01	0.01	0	0	0.7
183800	0.7	0	0	0	0	0.7
183900	0.7	0	0	0	0	0.7
184000	0.7	0	0	0	0	0.7
184100	0.7	0	0	0	0	0.7
184200	0.7	0	0	0	0	0.7
184300	0.7	0	0	0	0	0.7
184400	0.7	0	0	0	0	0.7
184500	0.7	0.01	0.01	0	0	0.7
184600	0.7	0.01	0.01	0	0	0.7
184700	0.7	0.02	0.02	0	0	0.7
184800	0.7	0.04	0.04	0	0	0.7
184900	0.7	0.05	0.05	0	0	0.7
185000	0.7	0.06	0.06	0	0	0.7
185100	0.7	0.04	0.04	0	0	0.7
185200	0.7	0.03	0.03	0	0	0.7
185300	0.7	0.01	0.01	0	0	0.7
185400	0.7	0.02	0.02	0	0	0.7
185500	0.7	0.02	0.02	0	0	0.7
185600	0.7	0.01	0.01	0	0	0.7
185700	0.7	0.03	0.03	0	0	0.7
185800	0.7	0.04	0.04	0	0	0.7
185900	0.7	0.05	0.05	0	0	0.7
186000	0.7	0.04	0.04	0	0	0.7
186100	0.7	0.04	0.04	0	0	0.7
186200	0.7	0.05	0.05	0	0	0.7
186300	0.7	0.04	0.04	0	0	0.7
186400	0.7	0.02	0.02	0	0	0.7
186500	0.7	0	0	0	0	0.7
186600	0.7	0	0	0	0	0.7
186700	0.7	0	0	0	0	0.7
186800	0.7	0	0	0	0	0.7
186900	0.7	0	0	0	0	0.7
187000	0.7	0	0	0	0	0.7
187100	0.7	0.01	0.01	0	0	0.7
187200	0.7	0.01	0.01	0	0	0.7
187300	0.7	0.01	0.01	0	0	0.7
187400	0.7	0.02	0.02	0	0	0.7
187500	0.7	0.02	0.02	0	0	0.7
187600	0.7	0.02	0.02	0	0	0.7
187700	0.7	0.02	0.02	0	0	0.7
187800	0.7	0.01	0.01	0	0	0.7
187900	0.7	0.01	0.01	0	0	0.7
188000	0.7	0	0	0	0	0.7
188100	0.7	0	0	0	0	0.7
188200	0.7	0	0	0	0	0.7
188300	0.7	0.02	0.02	0	0	0.7
188400	0.7	0.03	0.03	0	0	0.7
188500	0.7	0.02	0.02	0	0	0.7
188600	0.7	0.01	0.01	0	0	0.7
188700	0.7	0.02	0.02	0	0	0.7
188800	0.7	0.02	0.02	0	0	0.7
188900	0.7	0.01	0.01	0	0	0.7
189000	0.7	0.01	0.01	0	0	0.7
189100	0.7	0.01	0.01	0	0	0.7
189200	0.7	0	0	0	0	0.7
189300	0.7	0	0	0	0	0.7
189400	0.7	0	0	0	0	0.7
189500	0.7	0	0	0	0	0.7
189600	0.7	0.01	0.01	0	0	0.7
189700	0.7	0.01	0.01	0	0	0.7
189800	0.7	0.01	0.01	0	0	0.7
189900	0.7	0.02	0.02	0	0	0.7
190000	0.7	0.01	0.01	0	0	0.7
190100	0.7	0.03	0.03	0	0	0.7
190200	0.7	0.02	0.02	0	0	0.7
190300	0.7	0.02	0.02	0	0	0.7
190400	0.7	0.02	0.02	0	0	0.7
190500	0.7	0.01	0.01	0	0	0.7
190600	0.7	0.01	0.01	0	0	0.7
190700	0.7	0.01	0.01	0	0	0.7
190800	0.7	0.01	0.01	0	0	0.7
190900	0.7	0.02	0.02	0	0	0.7
191000	0.7	0.01	0.01	0	0	0.7
191100	0.7	0.01	0.01	0	0	0.7
191200	0.7	0.02	0.02	0	0	0.7
191300	0.7	0.03	0.03	0	0	0.7
191400	0.7	0.03	0.03	0	0	0.7
191500	0.7	0.03	0.03	0	0	0.7
191600	0.7	0.03	0.03	0	0	0.7
191700	0.7	0.03	0.03	0	0	0.7
191800	0.7	0.04	0.04	0	0	0.7
191900	0.7	0.05	0.05	0	0	0.7
192000	0.7	0.03	0.03	0	0	0.7
192100	0.7	0.01	0.01	0	0	0.7
192200	0.7	0.02	0.02	0	0	0.7
192300	0.7	0.01	0.01	0	0	0.7
192400	0.7	0.01	0.01	0	0	0.7
192500	0.7	0.02	0.02	0	0	0.7
192600	0.7	0.03	0.03	0	0	0.7
192700	0.7	0.01	0.01	0	0	0.7
192800	0.7	0.01	0.01	0	0	0.7
192900	0.7	0	0	0	0	0.7
193000	0.7	0	0	0	0	0.7
193100	0.7	0	0	0	0	0.7
193200	0.7	0.01	0.01	0	0	0.7
193300	0.7	0.02	0.02	0	0	0.7
193400	0.7	0.03	0.03	0	0	0.7
193500	0.7	0.04	0.04	0	0	0.7
193600	0.7	0.03	0.03	0	0	0.7
193700	0.7	0.03	0.03	0	0	0.7
193800	0.7	0.04	0.04	0	0	0.7
193900	0.7	0.04	0.04	0	0	0.7
194000	0.7	0.02	0.02	0	0	0.7
194100	0.7	0.02	0.02	0	0	0.7
194200	0.7	0.01	0.01	0	0	0.7
194300	0.7	0.01	0.01	0	0	0.7
194400	0.7	0	0	0	0	0.7
194500	0.7	0.01	0.01	0	0	0.7
194600	0.7	0.01	0.01	0	0	0.7
194700	0.7	0.01	0.01	0	0	0.7
194800	0.7	0.01	0.01	0	0	0.7
194900	0.7	0.02	0.02	0	0	0.7
195000	0.7	0.01	0.01	0	0	0.7
195100	0.7	0.01	0.01	0	0	0.7
195200	0.7	0.02	0.02	0	0	0.7
195300	0.7	0.02	0.02	0	0	0.7
195400	0.7	0.02	0.02	0	0	0.7
195500	0.7	0.02	0.02	0	0	0.7
195600	0.7	0.02	0.02	0	0	0.7
195700	0.7	0.02	0.02	0	0	0.7
195800	0.7	0.01	0.01	0	0	0.7
195900	0.7	0	0	0	0	0.7
196000	0.7	0	0	0	0	0.7
196100	0.7	0	0	0	0	0.7
196200	0.7	0	0	0	0	0.7
196300	0.7	0	0	0	0	0.7
196400	0.7	0	0	0	0	0.7
196500	0.7	0.01	0.01	0	0	0.7
196600	0.7	0.03	0.03	0	0	0.7
196700	0.7	0.03	0.03	0	0	0.7
196800	0.7	0.02	0.02	0	0	0.7
196900	0.7	0.02	0.02	0	0	0.7
197000	0.7	0.01	0.01	0	0	0.7
197100	0.7	0.01	0.01	0	0	0.7
197200	0.7	0.01	0.01	0	0	0.7
197300	0.7	0.01	0.01	0	0	0.7
197400	0.7	0.01	0.01	0	0	0.7
197500	0.7	0	0	0	0	0.7
197600	0.7	0	0	0	0	0.7
197700	0.7	0.01	0.01	0	0	0.7
197800	0.7	0.01	0.01	0	0	0.7
197900	0.7	0.01	0.01	0	0	0.7
198000	0.7	0.02	0.02	0	0	0.7
198100	0.7	0.04	0.04	0	0	0.7
198200	0.7	0.04	0.04	0	0	0.7
198300	0.7	0.02	0.02	0	0	0.7
198400	0.7	0.01	0.01	0	0	0.7
198500	0.7	0.03	0.03	0	0	0.7
198600	0.7	0.04	0.04	0	0	0.7
198700	0.7	0.04	0.04	0	0	0.7
198800	0.7	0.03	0.03	0	0	0.7
198900	0.7	0.03	0.03	0	0	0.7
199000	0.7	0.02	0.02	0	0	0.7
199100	0.7	0	0	0	0	0.7
199200	0.7	0	0	0	0	0.7
199300	0.7	0.01	0.01	0	0	0.7
199400	0.69	0.02	0.02	0	0	0.69
199500	0.69	0.03	0.03	0	0	0.69
199600	0.69	0.01	0.01	0	0	0.69
199700	0.69	0.01	0.01	0	0	0.69
199800	0.69	0.01	0.01	0	0	0.69
199900	0.69	0.01	0.01	0	0	0.69
200000	0.69	0	0	0	0	0.69
200100	0.69	0	0	0	0	0.69
200200	0.69	0	0	0	0	0.69
200300	0.69	0.01	0.01	0	0	0.69
200400	0.69	0.01	0.01	0	0	0.69
200500	0.69	0.02	0.02	0	0	0.69
200600	0.69	0.02	0.02	0	0	0.69
200700	0.69	0.03	0.03	0	0	0.69
200800	0.69	0.02	0.02	0	0	0.69
200900	0.69	0.03	0.03	0	0	0.69
201000	0.69	0.02	0.02	0	0	0.69
201100	0.69	0.03	0.03	0	0	0.69
201200	0.69	0.02	0.02	0	0	0.69
201300	0.69	0.02	0.02	0	0	0.69
201400	0.69	0.01	0.01	0	0	0.69
201500	0.69	0.01	0.01	0	0	0.69
201600	0.69	0.01	0.01	0	0	0.69
201700	0.69	0.01	0.01	0	0	0.69
201800	0.69	0	0	0	0	0.69
201900	0.69	0	0	0	0	0.69
202000	0.69	0.02	0.02	0	0	0.69
202100	0.69	0.02	0.02	0	0	0.69
202200	0.69	0.02	0.02	0	0	0.69
202300	0.69	0.02	0.02	0	0	0.69
202400	0.69	0.02	0.02	0	0	0.69
202500	0.69	0	0	0	0	0.69
202600	0.69	0.01	0.01	0	0	0.69
202700	0.69	0.01	0.01	0	0	0.69
202800	0.69	0.01	0.01	0	0	0.69
202900	0.69	0.02	0.02	0	0	0.69
203000	0.69	0.02	0.02	0	0	0.69
203100	0.69	0.02	0.02	0	0	0.69
203200	0.69	0.01	0.01	0	0	0.69
203300	0.69	0.02	0.02	0	0	0.69
203400	0.69	0.03	0.03	0	0	0.69
203500	0.69	0.02	0.02	0	0	0.69
203600	0.69	0.02	0.02	0	0	0.69
203700	0.69	0.02	0.02	0	0	0.69
203800	0.69	0.02	0.02	0	0	0.69
203900	0.69	0.03	0.03	0	0	0.69
204000	0.69	0.04	0.04	0	0	0.69
204100	0.69	0.02	0.02	0	0	0.69
204200	0.69	0.02	0.02	0	0	0.69
204300	0.69	0.03	0.03	0	0	0.69
204400	0.69	0.01	0.01	0	0	0.69
204500	0.69	0	0	0	0	0.69
204600	0.69	0	0	0	0	0.69
204700	0.69	0.01	0.01	0	0	0.69
204800	0.69	0.01	0.01	0	0	0.69
204900	0.69	0.02	0.02	0	0	0.69
205000	0.69	0.02	0.02	0	0	0.69
205100	0.69	0.02	0.02	0	0	0.69
205200	0.69	0.01	0.01	0	0	0.69
205300	0.69	0.02	0.02	0	0	0.69
205400	0.69	0.01	0.01	0	0	0.69
205500	0.69	0.01	0.01	0	0	0.69
205600	0.69	0.02	0.02	0	0	0.69
205700	0.69	0.03	0.03	0	0	0.69
205800	0.69	0.04	0.04	0	0	0.69
205900	0.69	0.04	0.04	0	0	0.69
206000	0.69	0.03	0.03	0	0	0.69
206100	0.69	0.01	0.01	0	0	0.69
206200	0.69	0.01	0.01	0	0	0.69
206300	0.69	0.02	0.02	0	0	0.69
206400	0.69	0.03	0.03	0	0	0.69
206500	0.69	0.04	0.04	0	0	0.69
206600	0.69	0.04	0.04	0	0	0.69
206700	0.69	0.05	0.05	0	0	0.69
206800	0.69	0.02	0.02	0	0	0.69
206900	0.69	0.02	0.02	0	0	0.69
207000	0.69	0.02	0.02	0	0	0.69
207100	0.69	0.01	0.01	0	0	0.69
207200	0.68	0.02	0.02	0	0	0.68
207300	0.68	0.02	0.02	0	0	0.68
207400	0.68	0	0	0	0	0.68
207500	0.68	0	0	0	0	0.68
207600	0.68	0	0	0	0	0.68
207700	0.68	0	0	0	0	0.68
207800	0.68	0.01	0.01	0	0	0.68
207900	0.68	0.02	0.02	0	0	0.68
208000	0.68	0.02	0.02	0	0	0.68
208100	0.68	0.01	0.01	0	0	0.68
208200	0.68	0.01	0.01	0	0	0.68
208300	0.68	0.01	0.01	0	0	0.68
208400	0.68	0.01	0.01	0	0	0.68
208500	0.69	0	0	0	0	0.69
208600	0.68	0.01	0.01	0	0	0.68
208700	0.68	0.01	0.01	0	0	0.68
208800	0.68	0.03	0.03	0	0	0.68
208900	0.68	0.04	0.04	0	0	0.68
209000	0.68	0.05	0.05	0	0	0.68
209100	0.68	0.05	0.05	0	0	0.68
209200	0.68	0.03	0.03	0	0	0.68
209300	0.68	0.02	0.02	0	0	0.68
209400	0.68	0	0	0	0	0.68
209500	0.68	0.01	0.01	0	0	0.68
209600	0.68	0.01	0.01	0	0	0.68
209700	0.68	0.01	0.01	0	0	0.68
209800	0.68	0.02	0.02	0	0	0.68
209900	0.67	0.03	0.03	0	0	0.67
210000	0.67	0.02	0.02	0	0	0.67
210100	0.67	0.02	0.02	0	0	0.67
210200	0.67	0.04	0.04	0	0	0.67
210300	0.67	0.03	0.03	0	0	0.67
210400	0.67	0.02	0.02	0	0	0.67
210500	0.67	0.01	0.01	0	0	0.67
210600	0.67	0.02	0.02	0	0	0.67
210700	0.67	0.02	0.02	0	0	0.67
210800	0.67	0.02	0.02	0	0	0.67
210900	0.67	0	0	0	0	0.67
211000	0.67	0	0	0	0	0.67
211100	0.67	0	0	0	0	0.67
211200	0.67	0	0	0	0	0.67
211300	0.67	0	0	0	0	0.67
211400	0.67	0	0	0	0	0.67
211500	0.67	0	0	0	0	0.67
211600	0.67	0	0	0	0	0.67
211700	0.67	0.01	0.01	0	0	0.67
211800	0.67	0.01	0.01	0	0	0.67
211900	0.67	0.01	0.01	0	0	0.67
212000	0.67	0.01	0.01	0	0	0.67
212100	0.67	0.01	0.01	0	0	0.67
212200	0.67	0	0	0	0	0.67
212300	0.67	0	0	0	0	0.67
212400	0.67	0	0	0	0	0.67
212500	0.67	0.01	0.01	0	0	0.67
212600	0.67	0.02	0.02	0	0	0.67
212700	0.67	0.03	0.03	0	0	0.67
212800	0.68	0.04	0.04	0	0	0.68
212900	0.68	0.03	0.03	0	0	0.68
213000	0.68	0.01	0.01	0	0	0.68
213100	0.68	0.02	0.02	0	0	0.68
213200	0.68	0.03	0.03	0	0	0.68
213300	0.68	0.02	0.02	0	0	0.68
213400	0.68	0.02	0.02	0	0	0.68
213500	0.68	0.03	0.03	0	0	0.68
213600	0.68	0.03	0.03	0	0	0.68
213700	0.68	0.02	0.02	0	0	0.68
213800	0.68	0.01	0.01	0	0	0.68
213900	0.68	0.01	0.01	0	0	0.68
214000	0.68	0.01	0.01	0	0	0.68
214100	0.68	0	0	0	0	0.68
214200	0.68	0	0	0	0	0.68
214300	0.68	0	0	0	0	0.68
214400	0.68	0.01	0.01	0	0	0.68
214500	0.68	0.01	0.01	0	0	0.68
214600	0.68	0.01	0.01	0	0	0.68
214700	0.68	0.04	0.04	0	0	0.68
214800	0.68	0.04	0.04	0	0	0.68
214900	0.68	0.02	0.02	0	0	0.68
215000	0.68	0.03	0.03	0	0	0.68
215100	0.68	0.02	0.02	0	0	0.68
215200	0.68	0	0	0	0	0.68
215300	0.68	0.01	0.01	0	0	0.68
215400	0.68	0.01	0.01	0	0	0.68
215500	0.68	0.01	0.01	0	0	0.68
215600	0.68	0.02	0.02	0	0	0.68
215700	0.68	0.02	0.02	0	0	0.68
215800	0.68	0.03	0.03	0	0	0.68
215900	0.68	0.03	0.03	0	0	0.68
216000	0.68	0.04	0.04	0	0	0.68
216100	0.68	0.03	0.03	0	0	0.68
216200	0.68	0.02	0.02	0	0	0.68
216300	0.68	0.02	0.02	0	0	0.68
216400	0.68	0.02	0.02	0	0	0.68
216500	0.68	0.01	0.01	0	0	0.68
216600	0.68	0.02	0.02	0	0	0.68
216700	0.68	0.02	0.02	0	0	0.68
216800	0.69	0.03	0.03	0	0	0.69
216900	0.69	0.04	0.04	0	0	0.69
217000	0.69	0.03	0.03	0	0	0.69
217100	0.69	0.03	0.03	0	0	0.69
217200	0.69	0.02	0.02	0	0	0.69
217300	0.7	0.02	0.02	0	0	0.7
217400	0.7	0	0	0	0	0.7
217500	0.7	0	0	0	0	0.7
217600	0.7	0	0	0	0	0.7
217700	0.7	0	0	0	0	0.7
217800	0.7	0.01	0.01	0	0	0.7
217900	0.7	0.01	0.01	0	0	0.7
218000	0.7	0.01	0.01	0	0	0.7
218100	0.7	0.01	0.01	0	0	0.7
218200	0.7	0.01	0.01	0	0	0.7
218300	0.7	0	0	0	0	0.7
218400	0.7	0.01	0.01	0	0	0.7
218500	0.7	0.02	0.02	0	0	0.7
218600	0.7	0.02	0.02	0	0	0.7
218700	0.7	0.02	0.02	0	0	0.7
218800	0.7	0.04	0.04	0	0	0.7
218900	0.7	0.04	0.04	0	0	0.7
219000	0.7	0.01	0.01	0	0	0.7
219100	0.7	0.01	0.01	0	0	0.7
219200	0.7	0.01	0.01	0	0	0.7
219300	0.7	0	0	0	0	0.7
219400	0.7	0.01	0.01	0	0	0.7
219500	0.7	0.02	0.02	0	0	0.7
219600	0.7	0.02	0.02	0	0	0.7
219700	0.7	0.02	0.02	0	0	0.7
219800	0.7	0.02	0.02	0	0	0.7
219900	0.7	0.01	0.01	0	0	0.7
220000	0.7	0.01	0.01	0	0	0.7
220100	0.7	0	0	0	0	0.7
220200	0.7	0	0	0	0	0.7
220300	0.7	0.02	0.02	0	0	0.7
220400	0.7	0.02	0.02	0	0	0.7
220500	0.7	0.02	0.02	0	0	0.7
220600	0.7	0.03	0.03	0	0	0.7
220700	0.7	0.02	0.02	0	0	0.7
220800	0.7	0	0	0	0	0.7
220900	0.7	0.02	0.02	0	0	0.7
221000	0.7	0.02	0.02	0	0	0.7
221100	0.7	0.03	0.03	0	0	0.7
221200	0.7	0.04	0.04	0	0	0.7
221300	0.7	0.03	0.03	0	0	0.7
221400	0.7	0.03	0.03	0	0	0.7
221500	0.7	0.02	0.02	0	0	0.7
221600	0.7	0.03	0.03	0	0	0.7
221700	0.7	0.02	0.02	0	0	0.7
221800	0.7	0.01	0.01	0	0	0.7
221900	0.7	0.01	0.01	0	0	0.7
222000	0.7	0.01	0.01	0	0	0.7
222100	0.7	0.02	0.02	0	0	0.7
222200	0.7	0.02	0.02	0	0	0.7
222300	0.7	0.02	0.02	0	0	0.7
222400	0.7	0.02	0.02	0	0	0.7
222500	0.7	0.03	0.03	0	0	0.7
222600	0.7	0.04	0.04	0	0	0.7
222700	0.7	0.05	0.05	0	0	0.7
222800	0.7	0.03	0.03	0	0	0.7
222900	0.7	0.05	0.05	0	0	0.7
223000	0.7	0.05	0.05	0	0	0.7
223100	0.7	0.05	0.05	0	0	0.7
223200	0.7	0.04	0.04	0	0	0.7
223300	0.7	0.03	0.03	0	0	0.7
223400	0.7	0.03	0.03	0	0	0.7
223500	0.7	0.04	0.04	0	0	0.7
223600	0.7	0.01	0.01	0	0	0.7
223700	0.7	0.01	0.01	0	0	0.7
223800	0.7	0.01	0.01	0	0	0.7
223900	0.7	0.02	0.02	0	0	0.7
224000	0.7	0.02	0.02	0	0	0.7
224100	0.7	0.04	0.04	0	0	0.7
224200	0.7	0.03	0.03	0	0	0.7
224300	0.7	0.01	0.01	0	0	0.7
224400	0.7	0.01	0.01	0	0	0.7
224500	0.7	0.01	0.01	0	0	0.7
224600	0.7	0.01	0.01	0	0	0.7
224700	0.7	0.02	0.02	0	0	0.7
224800	0.7	0.02	0.02	0	0	0.7
224900	0.7	0.02	0.02	0	0	0.7
225000	0.7	0.01	0.01	0	0	0.7
225100	0.7	0.01	0.01	0	0	0.7
225200	0.7	0.03	0.03	0	0	0.7
225300	0.7	0.03	0.03	0	0	0.7
225400	0.7	0.03	0.03	0	0	0.7
225500	0.7	0.04	0.04	0	0	0.7
225600	0.7	0.03	0.03	0	0	0.7
225700	0.7	0.02	0.02	0	0	0.7
225800	0.7	0.03	0.03	0	0	0.7
225900	0.7	0.04	0.04	0	0	0.7
226000	0.7	0.04	0.04	0	0	0.7
226100	0.7	0.04	0.04	0	0	0.7
226200	0.7	0.04	0.04	0	0	0.7
226300	0.7	0.03	0.03	0	0	0.7
226400	0.7	0.03	0.03	0	0	0.7
226500	0.7	0.03	0.03	0	0	0.7
226600	0.7	0.03	0.03	0	0	0.7
226700	0.7	0.01	0.01	0	0	0.7
226800	0.7	0	0	0	0	0.7
226900	0.7	0	0	0	0	0.7
227000	0.7	0	0	0	0	0.7
227100	0.7	0	0	0	0	0.7
227200	0.7	0	0	0	0	0.7
227300	0.7	0	0	0	0	0.7
227400	0.7	0.02	0.02	0	0	0.7
227500	0.7	0.03	0.03	0	0	0.7
227600	0.7	0.03	0.03	0	0	0.7
227700	0.7	0.02	0.02	0	0	0.7
227800	0.7	0.03	0.03	0	0	0.7
227900	0.7	0.03	0.03	0	0	0.7
228000	0.7	0.03	0.03	0	0	0.7
228100	0.7	0.02	0.02	0	0	0.7
228200	0.7	0.02	0.02	0	0	0.7
228300	0.7	0.02	0.02	0	0	0.7
228400	0.7	0.02	0.02	0	0	0.7
228500	0.7	0.01	0.01	0	0	0.7
228600	0.7	0.01	0.01	0	0	0.7
228700	0.7	0.01	0.01	0	0	0.7
228800	0.7	0.01	0.01	0	0	0.7
228900	0.7	0.02	0.02	0	0	0.7
229000	0.7	0.02	0.02	0	0	0.7
229100	0.7	0.02	0.02	0	0	0.7
229200	0.7	0.03	0.03	0	0	0.7
229300	0.7	0.04	0.04	0	0	0.7
229400	0.7	0.03	0.03	0	0	0.7
229500	0.7	0.03	0.03	0	0	0.7
229600	0.7	0.03	0.03	0	0	0.7
229700	0.7	0.03	0.03	0	0	0.7
229800	0.7	0.02	0.02	0	0	0.7
229900	0.7	0.02	0.02	0	0	0.7
230000	0.7	0.02	0.02	0	0	0.7
230100	0.7	0.02	0.02	0	0	0.7
230200	0.7	0.03	0.03	0	0	0.7
230300	0.7	0.03	0.03	0	0	0.7
230400	0.7	0.04	0.04	0	0	0.7
230500	0.7	0.03	0.03	0	0	0.7
230600	0.7	0.02	0.02	0	0	0.7
230700	0.7	0.03	0.03	0	0	0.7
230800	0.7	0.01	0.01	0	0	0.7
230900	0.7	0.01	0.01	0	0	0.7
231000	0.7	0.01	0.01	0	0	0.7
231100	0.69	0.01	0.01	0	0	0.69
231200	0.69	0.02	0.02	0	0	0.69
231300	0.69	0.02	0.02	0	0	0.69
231400	0.69	0.03	0.03	0	0	0.69
231500	0.69	0.04	0.04	0	0	0.69
231600	0.69	0.03	0.03	0	0	0.69
231700	0.69	0.02	0.02	0	0	0.69
231800	0.69	0.01	0.01	0	0	0.69
231900	0.69	0.01	0.01	0	0	0.69
232000	0.69	0	0	0	0	0.69
232100	0.69	0.01	0.01	0	0	0.69
232200	0.69	0.02	0.02	0	0	0.69
232300	0.69	0.02	0.02	0	0	0.69
232400	0.69	0.04	0.04	0	0	0.69
232500	0.69	0.04	0.04	0	0	0.69
232600	0.69	0.04	0.04	0	0	0.69
232700	0.69	0.04	0.04	0	0	0.69
232800	0.69	0.02	0.02	0	0	0.69
232900	0.69	0.03	0.03	0	0	0.69
233000	0.69	0.01	0.01	0	0	0.69
233100	0.69	0.03	0.03	0	0	0.69
233200	0.69	0.03	0.03	0	0	0.69
233300	0.69	0.01	0.01	0	0	0.69
233400	0.69	0	0	0	0	0.69
233500	0.69	0	0	0	0	0.69
233600	0.69	0	0	0	0	0.69
233700	0.69	0	0	0	0	0.69
233800	0.69	0	0	0	0	0.69
233900	0.69	0	0	0	0	0.69
234000	0.69	0.01	0.01	0	0	0.69
234100	0.69	0.02	0.02	0	0	0.69
234200	0.69	0.02	0.02	0	0	0.69
234300	0.69	0.03	0.03	0	0	0.69
234400	0.69	0.02	0.02	0	0	0.69
234500	0.69	0.01	0.01	0	0	0.69
234600	0.69	0.01	0.01	0	0	0.69
234700	0.69	0.01	0.01	0	0	0.69
234800	0.69	0.01	0.01	0	0	0.69
234900	0.69	0.02	0.02	0	0	0.69
235000	0.69	0.01	0.01	0	0	0.69
235100	0.69	0.02	0.02	0	0	0.69
235200	0.69	0.01	0.01	0	0	0.69
235300	0.69	0.01	0.01	0	0	0.69
235400	0.69	0.03	0.03	0	0	0.69
235500	0.69	0.03	0.03	0	0	0.69
235600	0.69	0.03	0.03	0	0	0.69
235700	0.69	0.02	0.02	0	0	0.69
235800	0.69	0.02	0.02	0	0	0.69
235900	0.69	0.02	0.02	0	0	0.69
236000	0.69	0.03	0.03	0	0	0.69
236100	0.69	0.03	0.03	0	0	0.69
236200	0.69	0.02	0.02	0	0	0.69
236300	0.69	0.05	0.05	0	0	0.69
236400	0.69	0.03	0.03	0	0	0.69
236500	0.7	0.03	0.03	0	0	0.7
236600	0.7	0.02	0.02	0	0	0.7
236700	0.7	0.03	0.03	0	0	0.7
236800	0.7	0.04	0.04	0	0	0.7
236900	0.7	0.03	0.03	0	0	0.7
237000	0.7	0.02	0.02	0	0	0.7
237100	0.7	0.02	0.02	0	0	0.7
237200	0.7	0.03	0.03	0	0	0.7
237300	0.7	0.01	0.01	0	0	0.7
237400	0.7	0.01	0.01	0	0	0.7
237500	0.7	0.01	0.01	0	0	0.7
237600	0.7	0	0	0	0	0.7
237700	0.7	0.01	0.01	0	0	0.7
237800	0.7	0.02	0.02	0	0	0.7
237900	0.7	0.02	0.02	0	0	0.7
238000	0.7	0.03	0.03	0	0	0.7
238100	0.7	0.02	0.02	0	0	0.7
238200	0.7	0.03	0.03	0	0	0.7
238300	0.7	0.01	0.01	0	0	0.7
238400	0.7	0.02	0.02	0	0	0.7
238500	0.7	0.02	0.02	0	0	0.7
238600	0.7	0.02	0.02	0	0	0.7
238700	0.7	0.02	0.02	0	0	0.7
238800	0.7	0.03	0.03	0	0	0.7
238900	0.7	0.02	0.02	0	0	0.7
239000	0.7	0.02	0.02	0	0	0.7
239100	0.7	0.03	0.03	0	0	0.7
239200	0.7	0.03	0.03	0	0	0.7
239300	0.7	0.03	0.03	0	0	0.7
239400	0.7	0.02	0.02	0	0	0.7
239500	0.7	0.02	0.02	0	0	0.7
239600	0.7	0.03	0.03	0	0	0.7
239700	0.7	0.02	0.02	0	0	0.7
239800	0.7	0.01	0.01	0	0	0.7
239900	0.7	0.01	0.01	0	0	0.7
240000	0.7	0.01	0.01	0	0	0.7
240100	0.7	0	0	0	0	0.7
240200	0.7	0	0	0	0	0.7
240300	0.7	0	0	0	0	0.7
240400	0.7	0.01	0.01	0	0	0.7
240500	0.7	0.01	0.01	0	0	0.7
240600	0.7	0.01	0.01	0	0	0.7
240700	0.7	0.01	0.01	0	0	0.7
240800	0.7	0	0	0	0	0.7
240900	0.7	0	0	0	0	0.7
241000	0.7	0.01	0.01	0	0	0.7
241100	0.7	0.02	0.02	0	0	0.7
241200	0.7	0.02	0.02	0	0	0.7
241300	0.7	0.03	0.03	0	0	0.7
241400	0.7	0.02	0.02	0	0	0.7
241500	0.7	0.03	0.03	0	0	0.7
241600	0.7	0.03	0.03	0	0	0.7
241700	0.7	0.03	0.03	0	0	0.7
241800	0.7	0.02	0.02	0	0	0.7
241900	0.7	0.02	0.02	0	0	0.7
242000	0.7	0.02	0.02	0	0	0.7
242100	0.7	0	0	0	0	0.7
242200	0.7	0.01	0.01	0	0	0.7
242300	0.7	0.01	0.01	0	0	0.7
242400	0.7	0.02	0.02	0	0	0.7
242500	0.7	0.03	0.03	0	0	0.7
242600	0.7	0.03	0.03	0	0	0.7
242700	0.7	0.03	0.03	0	0	0.7
242800	0.7	0.03	0.03	0	0	0.7
242900	0.7	0.03	0.03	0	0	0.7
243000	0.7	0.02	0.02	0	0	0.7
243100	0.7	0.01	0.01	0	0	0.7
243200	0.7	0.01	0.01	0	0	0.7
243300	0.7	0.01	0.01	0	0	0.7
243400	0.7	0.01	0.01	0	0	0.7
243500	0.7	0.01	0.01	0	0	0.7
243600	0.7	0.01	0.01	0	0	0.7
243700	0.7	0.02	0.02	0	0	0.7
243800	0.7	0.01	0.01	0	0	0.7
243900	0.7	0	0	0	0	0.7
244000	0.7	0.01	0.01	0	0	0.7
244100	0.7	0.01	0.01	0	0	0.7
244200	0.7	0.02	0.02	0	0	0.7
244300	0.7	0.02	0.02	0	0	0.7
244400	0.7	0.02	0.02	0	0	0.7
244500	0.7	0.01	0.01	0	0	0.7
244600	0.7	0.02	0.02	0	0	0.7
244700	0.7	0.02	0.02	0	0	0.7
244800	0.7	0.01	0.01	0	0	0.7
244900	0.7	0.02	0.02	0	0	0.7
245000	0.7	0.02	0.02	0	0	0.7
245100	0.7	0.02	0.02	0	0	0.7
245200	0.7	0.03	0.03	0	0	0.7
245300	0.7	0.05	0.05	0	0	0.7
245400	0.7	0.05	0.05	0	0	0.7
245500	0.7	0.03	0.03	0	0	0.7
245600	0.7	0.04	0.04	0	0	0.7
245700	0.7	0.04	0.04	0	0	0.7
245800	0.7	0.04	0.04	0	0	0.7
245900	0.7	0.03	0.03	0	0	0.7
246000	0.7	0.03	0.03	0	0	0.7
246100	0.7	0.01	0.01	0	0	0.7
246200	0.7	0.01	0.01	0	0	0.7
246300	0.7	0.01	0.01	0	0	0.7
246400	0.7	0.02	0.02	0	0	0.7
246500	0.7	0.03	0.03	0	0	0.7
246600	0.7	0.03	0.03	0	0	0.7
246700	0.7	0.03	0.03	0	0	0.7
246800	0.7	0.02	0.02	0	0	0.7
246900	0.7	0.02	0.02	0	0	0.7
247000	0.7	0.01	0.01	0	0	0.7
247100	0.7	0.01	0.01	0	0	0.7
247200	0.7	0.01	0.01	0	0	0.7
247300	0.7	0.01	0.01	0	0	0.7
247400	0.7	0.01	0.01	0	0	0.7
247500	0.7	0.01	0.01	0	0	0.7
247600	0.7	0.01	0.01	0	0	0.7
247700	0.7	0	0	0	0	0.7
247800	0.7	0	0	0	0	0.7
247900	0.7	0	0	0	0	0.7
248000	0.7	0	0	0	0	0.7
248100	0.7	0.01	0.01	0	0	0.7
248200	0.7	0.01	0.01	0	0	0.7
248300	0.7	0.01	0.01	0	0	0.7
248400	0.7	0.02	0.02	0	0	0.7
248500	0.7	0.03	0.03	0	0	0.7
248600	0.7	0.02	0.02	0	0	0.7
248700	0.7	0.01	0.01	0	0	0.7
248800	0.7	0	0	0	0	0.7
248900	0.7	0	0	0	0	0.7
249000	0.7	0.01	0.01	0	0	0.7
249100	0.7	0.01	0.01	0	0	0.7
249200	0.7	0.01	0.01	0	0	0.7
249300	0.7	0.02	0.02	0	0	0.7
249400	0.7	0.04	0.04	0	0	0.7
249500	0.7	0.04	0.04	0	0	0.7
249600	0.7	0.03	0.03	0	0	0.7
249700	0.7	0.03	0.03	0	0	0.7
249800	0.7	0.02	0.02	0	0	0.7
249900	0.7	0.01	0.01	0	0	0.7
250000	0.7	0	0	0	0	0.7
250100	0.7	0	0	0	0	0.7
250200	0.7	0	0	0	0	0.7
250300	0.7	0.01	0.01	0	0	0.7
250400	0.7	0.01	0.01	0	0	0.7
250500	0.7	0.01	0.01	0	0	0.7
250600	0.7	0.02	0.02	0	0	0.7
250700	0.7	0.01	0.01	0	0	0.7
250800	0.7	0.01	0.01	0	0	0.7
250900	0.7	0.01	0.01	0	0	0.7
251000	0.7	0.01	0.01	0	0	0.7
251100	0.7	0.02	0.02	0	0	0.7
251200	0.7	0.03	0.03	0	0	0.7
251300	0.7	0.02	0.02	0	0	0.7
251400	0.7	0.01	0.01	0	0	0.7
251500	0.7	0.01	0.01	0	0	0.7
251600	0.7	0.01	0.01	0	0	0.7
251700	0.7	0.02	0.02	0	0	0.7
251800	0.7	0.02	0.02	0	0	0.7
251900	0.7	0	0	0	0	0.7
252000	0.7	0	0	0	0	0.7
252100	0.7	0	0	0	0	0.7
252200	0.7	0	0	0	0	0.7
252300	0.7	0.01	0.01	0	0	0.7
252400	0.7	0.01	0.01	0	0	0.7
252500	0.7	0.02	0.02	0	0	0.7
252600	0.7	0.02	0.02	0	0	0.7
252700	0.7	0.02	0.02	0	0	0.7
252800	0.7	0.01	0.01	0	0	0.7
252900	0.7	0	0	0	0	0.7
253000	0.7	0	0	0	0	0.7
253100	0.7	0.02	0.02	0	0	0.7
253200	0.7	0.02	0.02	0	0	0.7
253300	0.7	0.03	0.03	0	0	0.7
253400	0.7	0.05	0.05	0	0	0.7
253500	0.7	0.02	0.02	0	0	0.7
253600	0.7	0.01	0.01	0	0	0.7
253700	0.7	0.01	0.01	0	0	0.7
253800	0.7	0	0	0	0	0.7
253900	0.7	0	0	0	0	0.7
254000	0.7	0	0	0	0	0.7
254100	0.7	0.01	0.01	0	0	0.7
254200	0.7	0.02	0.02	0	0	0.7
254300	0.7	0.02	0.02	0	0	0.7
254400	0.7	0.02	0.02	0	0	0.7
254500	0.7	0.01	0.01	0	0	0.7
254600	0.7	0	0	0	0	0.7
254700	0.7	0.01	0.01	0	0	0.7
254800	0.7	0.02	0.02	0	0	0.7
254900	0.7	0.03	0.03	0	0	0.7
255000	0.7	0.04	0.04	0	0	0.7
255100	0.7	0.04	0.04	0	0	0.7
255200	0.7	0.04	0.04	0	0	0.7
255300	0.7	0.02	0.02	0	0	0.7
255400	0.7	0.03	0.03	0	0	0.7
255500	0.7	0.01	0.01	0	0	0.7
255600	0.7	0.01	0.01	0	0	0.7
255700	0.7	0.02	0.02	0	0	0.7
255800	0.7	0.01	0.01	0	0	0.7
255900	0.7	0.01	0.01	0	0	0.7
256000	0.69	0.01	0.01	0	0	0.69
256100	0.69	0	0	0	0	0.69
256200	0.69	0	0	0	0	0.69
256300	0.69	0.01	0.01	0	0	0.69
256400	0.69	0.01	0.01	0	0	0.69
256500	0.69	0.01	0.01	0	0	0.69
256600	0.69	0.01	0.01	0	0	0.69
256700	0.69	0.01	0.01	0	0	0.69
256800	0.69	0	0	0	0	0.69
256900	0.69	0	0	0	0	0.69
257000	0.69	0	0	0	0	0.69
257100	0.69	0	0	0	0	0.69
257200	0.69	0	0	0	0	0.69
257300	0.69	0	0	0	0	0.69
257400	0.69	0.01	0.01	0	0	0.69
257500	0.69	0.01	0.01	0	0	0.69
257600	0.69	0.02	0.02	0	0	0.69
257700	0.69	0.03	0.03	0	0	0.69
257800	0.69	0.03	0.03	0	0	0.69
257900	0.69	0.03	0.03	0	0	0.69
258000	0.69	0.01	0.01	0	0	0.69
258100	0.69	0.01	0.01	0	0	0.69
258200	0.69	0.01	0.01	0	0	0.69
258300	0.69	0.01	0.01	0	0	0.69
258400	0.69	0.02	0.02	0	0	0.69
258500	0.69	0.02	0.02	0	0	0.69
258600	0.69	0.02	0.02	0	0	0.69
258700	0.69	0.02	0.02	0	0	0.69
258800	0.69	0.01	0.01	0	0	0.69
258900	0.69	0.01	0.01	0	0	0.69
259000	0.69	0.01	0.01	0	0	0.69
259100	0.69	0.01	0.01	0	0	0.69
259200	0.69	0.01	0.01	0	0	0.69
259300	0.69	0.02	0.02	0	0	0.69
259400	0.69	0.02	0.02	0	0	0.69
259500	0.69	0.01	0.01	0	0	0.69
259600	0.69	0.01	0.01	0	0	0.69
259700	0.69	0.02	0.02	0	0	0.69
259800	0.69	0.02	0.02	0	0	0.69
259900	0.68	0.01	0.01	0	0	0.68
260000	0.68	0.01	0.01	0	0	0.68
260100	0.68	0.02	0.02	0	0	0.68
260200	0.68	0.05	0.05	0	0	0.68
260300	0.68	0.03	0.03	0	0	0.68
260400	0.68	0.03	0.03	0	0	0.68
260500	0.68	0.03	0.03	0	0	0.68
260600	0.68	0.03	0.03	0	0	0.68
260700	0.68	0.04	0.04	0	0	0.68
260800	0.69	0.03	0.03	0	0	0.69
260900	0.68	0.02	0.02	0	0	0.68
261000	0.68	0.01	0.01	0	0	0.68
261100	0.68	0.01	0.01	0	0	0.68
261200	0.68	0.01	0.01	0	0	0.68
261300	0.68	0	0	0	0	0.68
261400	0.68	0	0	0	0	0.68
261500	0.68	0	0	0	0	0.68
261600	0.69	0.01	0.01	0	0	0.69
261700	0.69	0.02	0.02	0	0	0.69
261800	0.69	0.03	0.03	0	0	0.69
261900	0.69	0.03	0.03	0	0	0.69
262000	0.68	0.03	0.03	0	0	0.68
262100	0.68	0.03	0.03	0	0	0.68
262200	0.68	0.01	0.01	0	0	0.68
262300	0.68	0	0	0	0	0.68
262400	0.68	0	0	0	0	0.68
262500	0.68	0	0	0	0	0.68
262600	0.68	0	0	0	0	0.68
262700	0.68	0.01	0.01	0	0	0.68
262800	0.69	0.02	0.02	0	0	0.69
262900	0.69	0.02	0.02	0	0	0.69
263000	0.69	0.02	0.02	0	0	0.69
263100	0.69	0.02	0.02	0	0	0.69
263200	0.69	0.02	0.02	0	0	0.69
263300	0.69	0.01	0.01	0	0	0.69
263400	0.69	0.02	0.02	0	0	0.69
263500	0.69	0.01	0.01	0	0	0.69
263600	0.69	0	0	0	0	0.69
263700	0.69	0.01	0.01	0	0	0.69
263800	0.69	0.01	0.01	0	0	0.69
263900	0.69	0.01	0.01	0	0	0.69
264000	0.69	0.01	0.01	0	0	0.69
264100	0.69	0.01	0.01	0	0	0.69
264200	0.69	0	0	0	0	0.69
264300	0.69	0.03	0.03	0	0	0.69
264400	0.69	0.04	0.04	0	0	0.69
264500	0.69	0.04	0.04	0	0	0.69
264600	0.69	0.04	0.04	0	0	0.69
264700	0.69	0.03	0.03	0	0	0.69
264800	0.69	0.02	0.02	0	0	0.69
264900	0.69	0	0	0	0	0.69
265000	0.69	0	0	0	0	0.69
265100	0.69	0	0	0	0	0.69
265200	0.69	0	0	0	0	0.69
265300	0.69	0	0	0	0	0.69
265400	0.69	0	0	0	0	0.69
265500	0.69	0.01	0.01	0	0	0.69
265600	0.69	0.01	0.01	0	0	0.69
265700	0.69	0.01	0.01	0	0	0.69
265800	0.69	0.01	0.01	0	0	0.69
265900	0.7	0.02	0.02	0	0	0.7
266000	0.7	0.01	0.01	0	0	0.7
266100	0.7	0	0	0	0	0.7
266200	0.7	0	0	0	0	0.7
266300	0.7	0	0	0	0	0.7
266400	0.7	0	0	0	0	0.7
266500	0.7	0	0	0	0	0.7
266600	0.7	0	0	0	0	0.7
266700	0.7	0	0	0	0	0.7
266800	0.7	0	0	0	0	0.7
266900	0.7	0.01	0.01	0	0	0.7
267000	0.7	0.02	0.02	0	0	0.7
267100	0.69	0.02	0.02	0	0	0.69
267200	0.69	0.02	0.02	0	0	0.69
267300	0.69	0.01	0.01	0	0	0.69
267400	0.69	0	0	0	0	0.69
267500	0.69	0	0	0	0	0.69
267600	0.69	0	0	0	0	0.69
267700	0.69	0	0	0	0	0.69
267800	0.69	0	0	0	0	0.69
267900	0.69	0	0	0	0	0.69
268000	0.69	0.01	0.01	0	0	0.69
268100	0.69	0.01	0.01	0	0	0.69
268200	0.69	0	0	0	0	0.69
268300	0.69	0	0	0	0	0.69
268400	0.69	0	0	0	0	0.69
268500	0.69	0.01	0.01	0	0	0.69
268600	0.69	0.01	0.01	0	0	0.69
268700	0.69	0.01	0.01	0	0	0.69
268800	0.69	0.02	0.02	0	0	0.69
268900	0.69	0.02	0.02	0	0	0.69
269000	0.69	0.02	0.02	0	0	0.69
269100	0.69	0.02	0.02	0	0	0.69
269200	0.69	0.02	0.02	0	0	0.69
269300	0.69	0.02	0.02	0	0	0.69
269400	0.69	0.01	0.01	0	0	0.69
269500	0.69	0.01	0.01	0	0	0.69
269600	0.69	0	0	0	0	0.69
269700	0.69	0.01	0.01	0	0	0.69
269800	0.69	0.01	0.01	0	0	0.69
269900	0.69	0.01	0.01	0	0	0.69
270000	0.69	0.01	0.01	0	0	0.69
270100	0.69	0.01	0.01	0	0	0.69
270200	0.69	0.02	0.02	0	0	0.69
270300	0.69	0.02	0.02	0	0	0.69
270400	0.69	0.03	0.03	0	0	0.69
270500	0.69	0.05	0.05	0	0	0.69
270600	0.69	0.01	0.01	0	0	0.69
270700	0.69	0.02	0.02	0	0	0.69
270800	0.69	0.04	0.04	0	0	0.69
270900	0.69	0.03	0.03	0	0	0.69
271000	0.69	0.05	0.05	0	0	0.69
271100	0.69	0.03	0.03	0	0	0.69
271200	0.69	0.03	0.03	0	0	0.69
271300	0.69	0.03	0.03	0	0	0.69
271400	0.69	0.01	0.01	0	0	0.69
271500	0.69	0.01	0.01	0	0	0.69
271600	0.69	0.01	0.01	0	0	0.69
271700	0.69	0.01	0.01	0	0	0.69
271800	0.69	0.01	0.01	0	0	0.69
271900	0.69	0	0	0	0	0.69
272000	0.69	0	0	0	0	0.69
272100	0.69	0	0	0	0	0.69
272200	0.69	0	0	0	0	0.69
272300	0.69	0	0	0	0	0.69
272400	0.69	0	0	0	0	0.69
272500	0.69	0	0	0	0	0.69
272600	0.69	0.01	0.01	0	0	0.69
272700	0.69	0.03	0.03	0	0	0.69
272800	0.69	0.03	0.03	0	0	0.69
272900	0.69	0.02	0.02	0	0	0.69
273000	0.69	0.02	0.02	0	0	0.69
273100	0.69	0.01	0.01	0	0	0.69
273200	0.69	0.02	0.02	0	0	0.69
273300	0.69	0.03	0.03	0	0	0.69
273400	0.69	0.02	0.02	0	0	0.69
273500	0.69	0.01	0.01	0	0	0.69
273600	0.69	0.02	0.02	0	0	0.69
273700	0.69	0.03	0.03	0	0	0.69
273800	0.69	0.02	0.02	0	0	0.69
273900	0.69	0.02	0.02	0	0	0.69
274000	0.69	0.02	0.02	0	0	0.69
274100	0.69	0.03	0.03	0	0	0.69
274200	0.69	0.03	0.03	0	0	0.69
274300	0.69	0	0	0	0	0.69
274400	0.69	0	0	0	0	0.69
274500	0.69	0	0	0	0	0.69
274600	0.69	0.01	0.01	0	0	0.69
274700	0.69	0.02	0.02	0	0	0.69
274800	0.69	0.01	0.01	0	0	0.69
274900	0.69	0.01	0.01	0	0	0.69
275000	0.69	0.01	0.01	0	0	0.69
275100	0.69	0	0	0	0	0.69
275200	0.69	0.01	0.01	0	0	0.69
275300	0.69	0.01	0.01	0	0	0.69
275400	0.69	0.01	0.01	0	0	0.69
275500	0.69	0.01	0.01	0	0	0.69
275600	0.69	0.01	0.01	0	0	0.69
275700	0.69	0.01	0.01	0	0	0.69
275800	0.69	0.01	0.01	0	0	0.69
275900	0.69	0	0	0	0	0.69
276000	0.69	0	0	0	0	0.69
276100	0.69	0	0	0	0	0.69
276200	0.69	0.01	0.01	0	0	0.69
276300	0.69	0	0	0	0	0.69
276400	0.69	0.01	0.01	0	0	0.69
276500	0.69	0.03	0.03	0	0	0.69
276600	0.69	0.03	0.03	0	0	0.69
276700	0.69	0.04	0.04	0	0	0.69
276800	0.69	0.05	0.05	0	0	0.69
276900	0.69	0.05	0.05	0	0	0.69
277000	0.69	0.05	0.05	0	0	0.69
277100	0.69	0.04	0.04	0	0	0.69
277200	0.69	0.03	0.03	0	0	0.69
277300	0.69	0.02	0.02	0	0	0.69
277400	0.69	0.01	0.01	0	0	0.69
277500	0.69	0.01	0.01	0	0	0.69
277600	0.69	0.02	0.02	0	0	0.69
277700	0.69	0.02	0.02	0	0	0.69
277800	0.69	0.01	0.01	0	0	0.69
277900	0.69	0.01	0.01	0	0	0.69
278000	0.69	0.02	0.02	0	0	0.69
278100	0.69	0	0	0	0	0.69
278200	0.69	0	0	0	0	0.69
278300	0.69	0.02	0.02	0	0	0.69
278400	0.69	0.02	0.02	0	0	0.69
278500	0.69	0.03	0.03	0	0	0.69
278600	0.69	0.03	0.03	0	0	0.69
278700	0.69	0.02	0.02	0	0	0.69
278800	0.69	0.01	0.01	0	0	0.69
278900	0.69	0.01	0.01	0	0	0.69
279000	0.69	0	0	0	0	0.69
279100	0.69	0	0	0	0	0.69
279200	0.69	0	0	0	0	0.69
279300	0.7	0	0	0	0	0.7
279400	0.7	0.01	0.01	0	0	0.7
279500	0.7	0.01	0.01	0	0	0.7
279600	0.7	0.03	0.03	0	0	0.7
279700	0.7	0.03	0.03	0	0	0.7
279800	0.7	0.03	0.03	0	0	0.7
279900	0.7	0.03	0.03	0	0	0.7
280000	0.7	0.01	0.01	0	0	0.7
280100	0.7	0.02	0.02	0	0	0.7
280200	0.7	0.01	0.01	0	0	0.7
280300	0.7	0.03	0.03	0	0	0.7
280400	0.7	0.05	0.05	0	0	0.7
280500	0.7	0.04	0.04	0	0	0.7
280600	0.7	0.04	0.04	0	0	0.7
280700	0.7	0.03	0.03	0	0	0.7
280800	0.7	0.03	0.03	0	0	0.7
280900	0.7	0.03	0.03	0	0	0.7
281000	0.7	0.01	0.01	0	0	0.7
281100	0.7	0.01	0.01	0	0	0.7
281200	0.7	0.02	0.02	0	0	0.7
281300	0.7	0.03	0.03	0	0	0.7
281400	0.7	0.03	0.03	0	0	0.7
281500	0.7	0.02	0.02	0	0	0.7
281600	0.7	0.01	0.01	0	0	0.7
281700	0.7	0	0	0	0	0.7
281800	0.7	0.01	0.01	0	0	0.7
281900	0.7	0.01	0.01	0	0	0.7
282000	0.7	0.02	0.02	0	0	0.7
282100	0.7	0.03	0.03	0	0	0.7
282200	0.7	0.02	0.02	0	0	0.7
282300	0.7	0.03	0.03	0	0	0.7
282400	0.7	0.02	0.02	0	0	0.7
282500	0.7	0.01	0.01	0	0	0.7
282600	0.7	0.01	0.01	0	0	0.7
282700	0.7	0.01	0.01	0	0	0.7
282800	0.7	0.02	0.02	0	0	0.7
282900	0.7	0.02	0.02	0	0	0.7
283000	0.7	0.02	0.02	0	0	0.7
283100	0.7	0	0	0	0	0.7
283200	0.7	0	0	0	0	0.7
283300	0.7	0	0	0	0	0.7
283400	0.7	0	0	0	0	0.7
283500	0.7	0	0	0	0	0.7
283600	0.7	0.01	0.01	0	0	0.7
283700	0.7	0.01	0.01	0	0	0.7
283800	0.7	0.01	0.01	0	0	0.7
283900	0.7	0.02	0.02	0	0	0.7
284000	0.7	0.02	0.02	0	0	0.7
284100	0.7	0.02	0.02	0	0	0.7
284200	0.7	0.01	0.01	0	0	0.7
284300	0.7	0.02	0.02	0	0	0.7
284400	0.7	0.02	0.02	0	0	0.7
284500	0.7	0	0	0	0	0.7
284600	0.7	0	0	0	0	0.7
284700	0.7	0	0	0	0	0.7
284800	0.7	0	0	0	0	0.7
284900	0.7	0	0	0	0	0.7
285000	0.7	0.01	0.01	0	0	0.7
285100	0.7	0.01	0.01	0	0	0.7
285200	0.7	0.01	0.01	0	0	0.7
285300	0.7	0.01	0.01	0	0	0.7
285400	0.7	0.03	0.03	0	0	0.7
285500	0.7	0.03	0.03	0	0	0.7
285600	0.7	0.02	0.02	0	0	0.7
285700	0.7	0.01	0.01	0	0	0.7
285800	0.7	0.01	0.01	0	0	0.7
285900	0.7	0	0	0	0	0.7
286000	0.7	0.01	0.01	0	0	0.7
286100	0.7	0.02	0.02	0	0	0.7
286200	0.7	0.02	0.02	0	0	0.7
286300	0.7	0.02	0.02	0	0	0.7
286400	0.7	0.01	0.01	0	0	0.7
286500	0.7	0.01	0.01	0	0	0.7
286600	0.7	0	0	0	0	0.7
286700	0.7	0	0	0	0	0.7
286800	0.7	0	0	0	0	0.7
286900	0.7	0	0	0	0	0.7
287000	0.7	0.01	0.01	0	0	0.7
287100	0.7	0.01	0.01	0	0	0.7
287200	0.7	0.02	0.02	0	0	0.7
287300	0.7	0.03	0.03	0	0	0.7
287400	0.7	0.04	0.04	0	0	0.7
287500	0.7	0.03	0.03	0	0	0.7
287600	0.7	0.02	0.02	0	0	0.7
287700	0.7	0.01	0.01	0	0	0.7
287800	0.7	0.01	0.01	0	0	0.7
287900	0.7	0.01	0.01	0	0	0.7
288000	0.7	0	0	0	0	0.7
288100	0.7	0.02	0.02	0	0	0.7
288200	0.7	0.03	0.03	0	0	0.7
288300	0.7	0.03	0.03	0	0	0.7
288400	0.7	0.04	0.04	0	0	0.7
288500	0.7	0.03	0.03	0	0	0.7
288600	0.7	0.01	0.01	0	0	0.7
288700	0.7	0	0	0	0	0.7
288800	0.7	0.01	0.01	0	0	0.7
288900	0.7	0.01	0.01	0	0	0.7
289000	0.7	0.01	0.01	0	0	0.7
289100	0.7	0.02	0.02	0	0	0.7
289200	0.7	0.02	0.02	0	0	0.7
289300	0.7	0.03	0.03	0	0	0.7
289400	0.7	0.02	0.02	0	0	0.7
289500	0.7	0.03	0.03	0	0	0.7
289600	0.7	0.03	0.03	0	0	0.7
289700	0.7	0.02	0.02	0	0	0.7
289800	0.7	0.01	0.01	0	0	0.7
289900	0.7	0.02	0.02	0	0	0.7
290000	0.7	0.02	0.02	0	0	0.7
290100	0.7	0.01	0.01	0	0	0.7
290200	0.7	0.01	0.01	0	0	0.7
290300	0.7	0	0	0	0	0.7
290400	0.7	0	0	0	0	0.7
290500	0.7	0.01	0.01	0	0	0.7
290600	0.7	0.01	0.01	0	0	0.7
290700	0.7	0.02	0.02	0	0	0.7
290800	0.7	0.02	0.02	0	0	0.7
290900	0.7	0.02	0.02	0	0	0.7
291000	0.7	0	0	0	0	0.7
291100	0.7	0	0	0	0	0.7
291200	0.7	0.02	0.02	0	0	0.7
291300	0.7	0.01	0.01	0	0	0.7
291400	0.7	0.01	0.01	0	0	0.7
291500	0.7	0.01	0.01	0	0	0.7
291600	0.7	0.01	0.01	0	0	0.7
291700	0.7	0	0	0	0	0.7
291800	0.7	0.01	0.01	0	0	0.7
291900	0.7	0.02	0.02	0	0	0.7
292000	0.7	0.03	0.03	0	0	0.7
292100	0.7	0.01	0.01	0	0	0.7
292200	0.7	0.01	0.01	0	0	0.7
292300	0.7	0	0	0	0	0.7
292400	0.7	0.01	0.01	0	0	0.7
292500	0.7	0.01	0.01	0	0	0.7
292600	0.7	0.01	0.01	0	0	0.7
292700	0.7	0.01	0.01	0	0	0.7
292800	0.7	0.02	0.02	0	0	0.7
292900	0.7	0.01	0.01	0	0	0.7
293000	0.7	0	0	0	0	0.7
293100	0.7	0	0	0	0	0.7
293200	0.7	0	0	0	0	0.7
293300	0.7	0	0	0	0	0.7
293400	0.7	0	0	0	0	0.7
293500	0.7	0	0	0	0	0.7
293600	0.7	0	0	0	0	0.7
293700	0.7	0	0	0	0	0.7
293800	0.7	0	0	0	0	0.7
293900	0.7	0.01	0.01	0	0	0.7
294000	0.7	0.02	0.02	0	0	0.7
294100	0.7	0.02	0.02	0	0	0.7
294200	0.7	0.01	0.01	0	0	0.7
294300	0.7	0	0	0	0	0.7
294400	0.7	0.01	0.01	0	0	0.7
294500	0.7	0.02	0.02	0	0	0.7
294600	0.7	0.02	0.02	0	0	0.7
294700	0.7	0.02	0.02	0	0	0.7
294800	0.7	0.04	0.04	0	0	0.7
294900	0.7	0.03	0.03	0	0	0.7
295000	0.7	0	0	0	0	0.7
295100	0.7	0	0	0	0	0.7
295200	0.7	0.01	0.01	0	0	0.7
295300	0.7	0.01	0.01	0	0	0.7
295400	0.7	0.01	0.01	0	0	0.7
295500	0.7	0.02	0.02	0	0	0.7
295600	0.7	0.01	0.01	0	0	0.7
295700	0.7	0.01	0.01	0	0	0.7
295800	0.7	0.01	0.01	0	0	0.7
295900	0.7	0.01	0.01	0	0	0.7
296000	0.7	0.01	0.01	0	0	0.7
296100	0.7	0	0	0	0	0.7
296200	0.7	0	0	0	0	0.7
296300	0.7	0	0	0	0	0.7
296400	0.7	0	0	0	0	0.7
296500	0.7	0	0	0	0	0.7
296600	0.7	0	0	0	0	0.7
296700	0.7	0	0	0	0	0.7
296800	0.7	0.01	0.01	0	0	0.7
296900	0.7	0.01	0.01	0	0	0.7
297000	0.7	0.02	0.02	0	0	0.7
297100	0.7	0.02	0.02	0	0	0.7
297200	0.7	0.01	0.01	0	0	0.7
297300	0.7	0.01	0.01	0	0	0.7
297400	0.7	0.02	0.02	0	0	0.7
297500	0.7	0.02	0.02	0	0	0.7
297600	0.7	0.06	0.06	0	0	0.7
297700	0.7	0.04	0.04	0	0	0.7
297800	0.7	0.03	0.03	0	0	0.7
297900	0.7	0.02	0.02	0	0	0.7
298000	0.7	0	0	0	0	0.7
298100	0.7	0.01	0.01	0	0	0.7
298200	0.7	0.02	0.02	0	0	0.7
298300	0.7	0.02	0.02	0	0	0.7
298400	0.7	0.04	0.04	0	0	0.7
298500	0.7	0.04	0.04	0	0	0.7
298600	0.7	0.04	0.04	0	0	0.7
298700	0.7	0.02	0.02	0	0	0.7
298800	0.7	0.01	0.01	0	0	0.7
298900	0.7	0	0	0	0	0.7
299000	0.7	0	0	0	0	0.7
299100	0.7	0.01	0.01	0	0	0.7
299200	0.7	0.01	0.01	0	0	0.7
299300	0.7	0.01	0.01	0	0	0.7
299400	0.7	0.01	0.01	0	0	0.7
299500	0.7	0.03	0.03	0	0	0.7
299600	0.7	0.03	0.03	0	0	0.7
299700	0.7	0.03	0.03	0	0	0.7
299800	0.7	0.03	0.03	0	0	0.7
299900	0.7	0.05	0.05	0	0	0.7
300000	0.7	0.05	0.05	0	0	0.7
