100	0.06	0.04	0.04	0	0	0.06
200	0.05	0.04	0.04	0	0	0.05
300	0.05	0.04	0.04	0	0	0.05
400	0.05	0.04	0.04	0	0	0.05
500	0.03	0.02	0.02	0	0	0.03
600	0.03	0.04	0.04	0	0	0.03
700	0.02	0.04	0.04	0	0	0.02
800	0.01	0.04	0.04	0	0	0.01
900	0.01	0.04	0.04	0	0	0.01
1000	0.03	0.05	0.05	0	0	0.03
1100	0.03	0.06	0.06	0	0	0.03
1200	0.03	0.05	0.05	0	0	0.03
1300	0.03	0.03	0.03	0	0	0.03
1400	0.03	0.06	0.06	0	0	0.03
1500	0.05	0.04	0.04	0	0	0.05
1600	0.05	0.05	0.05	0	0	0.05
1700	0.03	0.05	0.05	0	0	0.03
1800	0.05	0.04	0.04	0	0	0.05
1900	0.03	0.04	0.04	0	0	0.03
2000	0.02	0.04	0.04	0	0	0.02
2100	0.01	0.04	0.04	0	0	0.01
2200	0.01	0.03	0.03	0	0	0.01
2300	0.03	0.03	0.03	0	0	0.03
2400	0.02	0.04	0.04	0	0	0.02
2500	0.02	0.04	0.04	0	0	0.02
2600	0.03	0.07	0.07	0	0	0.03
2700	0.03	0.07	0.07	0	0	0.03
2800	0.04	0.06	0.06	0	0	0.04
2900	0.03	0.06	0.06	0	0	0.03
3000	0.02	0.06	0.06	0	0	0.02
3100	0.01	0.05	0.05	0	0	0.01
3200	0.01	0.07	0.07	0	0	0.01
3300	0.01	0.07	0.07	0	0	0.01
3400	0.01	0.07	0.07	0	0	0.01
3500	0.03	0.04	0.04	0	0	0.03
3600	0.04	0.03	0.03	0	0	0.04
3700	0.05	0.06	0.06	0	0	0.05
3800	0.04	0.05	0.05	0	0	0.04
3900	0.02	0.05	0.05	0	0	0.02
4000	0.02	0.05	0.05	0	0	0.02
4100	0.01	0.04	0.04	0	0	0.01
4200	0.02	0.03	0.03	0	0	0.02
4300	0.03	0.05	0.05	0	0	0.03
4400	0.04	0.03	0.03	0	0	0.04
4500	0.04	0.03	0.03	0	0	0.04
4600	0.04	0.03	0.03	0	0	0.04
4700	0.04	0.03	0.03	0	0	0.04
4800	0.06	0.02	0.02	0	0	0.06
4900	0.05	0.01	0.01	0	0	0.05
5000	0.02	0.02	0.02	0	0	0.02
5100	0.02	0.02	0.02	0	0	0.02
5200	0.01	0.05	0.05	0	0	0.01
5300	0.03	0.06	0.06	0	0	0.03
5400	0.04	0.06	0.06	0	0	0.04
5500	0.04	0.03	0.03	0	0	0.04
5600	0.04	0.03	0.03	0	0	0.04
5700	0.03	0.02	0.02	0	0	0.03
5800	0.03	0.01	0.01	0	0	0.03
5900	0.07	0	0	0	0	0.07
6000	0.06	0.01	0.01	0	0	0.06
6100	0.07	0.03	0.03	0	0	0.07
6200	0.07	0.04	0.04	0	0	0.07
6300	0.04	0.05	0.05	0	0	0.04
6400	0.04	0.06	0.06	0	0	0.04
6500	0.04	0.06	0.06	0	0	0.04
6600	0.05	0.02	0.02	0	0	0.05
6700	0.06	0.02	0.02	0	0	0.06
6800	0.07	0.01	0.01	0	0	0.07
6900	0.08	0.02	0.02	0	0	0.08
7000	0.07	0.05	0.05	0	0	0.07
7100	0.09	0.05	0.05	0	0	0.09
7200	0.1	0.04	0.04	0	0	0.1
7300	0.1	0.04	0.04	0	0	0.1
7400	0.09	0.03	0.03	0	0	0.09
7500	0.08	0.02	0.02	0	0	0.08
7600	0.08	0.05	0.05	0	0	0.08
7700	0.05	0.05	0.05	0	0	0.05
7800	0.04	0.05	0.05	0	0	0.04
7900	0.04	0.05	0.05	0	0	0.04
8000	0.03	0.06	0.06	0	0	0.03
8100	0	0.06	0.06	0	0	0
8200	0.01	0.05	0.05	0	0	0.01
8300	0.02	0.02	0.02	0	0	0.02
8400	0.05	0.01	0.01	0	0	0.05
8500	0.04	0.01	0.01	0	0	0.04
8600	0.04	0.03	0.03	0	0	0.04
8700	0.05	0.03	0.03	0	0	0.05
8800	0.07	0.03	0.03	0	0	0.07
8900	0.07	0.04	0.04	0	0	0.07
9000	0.03	0.04	0.04	0	0	0.03
9100	0.04	0.04	0.04	0	0	0.04
9200	0.05	0.01	0.01	0	0	0.05
9300	0.04	0.01	0.01	0	0	0.04
9400	0.04	0.02	0.02	0	0	0.04
9500	0.04	0.03	0.03	0	0	0.04
9600	0.04	0.03	0.03	0	0	0.04
9700	0.06	0.03	0.03	0	0	0.06
9800	0.06	0.04	0.04	0	0	0.06
9900	0.06	0.04	0.04	0	0	0.06
10000	0.05	0.03	0.03	0	0	0.05
10100	0.05	0.05	0.05	0	0	0.05
10200	0.03	0.04	0.04	0	0	0.03
10300	0.04	0.03	0.03	0	0	0.04
10400	0.04	0.04	0.04	0	0	0.04
10500	0.04	0.03	0.03	0	0	0.04
10600	0.05	0.04	0.04	0	0	0.05
10700	0.06	0.04	0.04	0	0	0.06
10800	0.07	0.06	0.06	0	0	0.07
10900	0.06	0.07	0.07	0	0	0.06
11000	0.07	0.04	0.04	0	0	0.07
11100	0.05	0.03	0.03	0	0	0.05
11200	0.06	0.04	0.04	0	0	0.06
11300	0.06	0.03	0.03	0	0	0.06
11400	0.05	0.04	0.04	0	0	0.05
11500	0.04	0.05	0.05	0	0	0.04
11600	0.04	0.06	0.06	0	0	0.04
11700	0.04	0.07	0.07	0	0	0.04
11800	0.04	0.06	0.06	0	0	0.04
11900	0.04	0.06	0.06	0	0	0.04
12000	0.03	0.06	0.06	0	0	0.03
12100	0.04	0.07	0.07	0	0	0.04
12200	0.03	0.06	0.06	0	0	0.03
12300	0.04	0.05	0.05	0	0	0.04
12400	0.02	0.06	0.06	0	0	0.02
12500	0.01	0.06	0.06	0	0	0.01
12600	0.01	0.08	0.08	0	0	0.01
12700	0.01	0.08	0.08	0	0	0.01
12800	0.02	0.1	0.1	0	0	0.02
12900	0.03	0.12	0.12	0	0	0.03
13000	0.03	0.13	0.13	0	0	0.03
13100	0.03	0.12	0.12	0	0	0.03
13200	0.03	0.12	0.12	0	0	0.03
13300	0.03	0.13	0.13	0	0	0.03
13400	0.05	0.12	0.12	0	0	0.05
13500	0.04	0.11	0.11	0	0	0.04
13600	0.05	0.08	0.08	0	0	0.05
13700	0.06	0.09	0.09	0	0	0.06
13800	0.06	0.09	0.09	0	0	0.06
13900	0.04	0.09	0.09	0	0	0.04
14000	0.04	0.09	0.09	0	0	0.04
14100	0.05	0.1	0.1	0	0	0.05
14200	0.03	0.1	0.1	0	0	0.03
14300	0.04	0.14	0.14	0	0	0.04
14400	0.02	0.14	0.14	0	0	0.02
14500	0.01	0.16	0.16	0	0	0.01
14600	0.02	0.16	0.16	0	0	0.02
14700	0.02	0.15	0.15	0	0	0.02
14800	0.05	0.16	0.16	0	0	0.05
14900	0.05	0.17	0.17	0	0	0.05
15000	0.03	0.19	0.19	0	0	0.03
15100	0.02	0.2	0.2	0	0	0.02
15200	0.02	0.2	0.2	0	0	0.02
15300	0.04	0.2	0.2	0	0	0.04
15400	0.01	0.21	0.21	0	0	0.01
15500	0.01	0.19	0.19	0	0	0.01
15600	0.02	0.19	0.19	0	0	0.02
15700	0.05	0.2	0.2	0	0	0.05
15800	0.04	0.2	0.2	0	0	0.04
15900	0.01	0.21	0.21	0	0	0.01
16000	0.02	0.21	0.21	0	0	0.02
16100	0.04	0.22	0.22	0	0	0.04
16200	0.03	0.22	0.22	0	0	0.03
16300	0.01	0.22	0.22	0	0	0.01
16400	0.01	0.23	0.23	0	0	0.01
16500	0.01	0.23	0.23	0	0	0.01
16600	0	0.22	0.22	0	0	0
16700	0.02	0.21	0.21	0	0	0.02
16800	0.02	0.2	0.2	0	0	0.02
16900	0.03	0.2	0.2	0	0	0.03
17000	0.03	0.21	0.21	0	0	0.03
17100	0.03	0.23	0.23	0	0	0.03
17200	0.05	0.23	0.23	0	0	0.05
17300	0.05	0.25	0.25	0	0	0.05
17400	0.02	0.25	0.25	0	0	0.02
17500	0.03	0.24	0.24	0	0	0.03
17600	0.04	0.25	0.25	0	0	0.04
17700	0.04	0.23	0.23	0	0	0.04
17800	0.03	0.25	0.25	0	0	0.03
17900	0.03	0.22	0.22	0	0	0.03
18000	0.03	0.23	0.23	0	0	0.03
18100	0.03	0.24	0.24	0	0	0.03
18200	0.01	0.24	0.24	0	0	0.01
18300	0.01	0.24	0.24	0	0	0.01
18400	0.02	0.24	0.24	0	0	0.02
18500	0.02	0.25	0.25	0	0	0.02
18600	0.02	0.25	0.25	0	0	0.02
18700	0.02	0.26	0.26	0	0	0.02
18800	0.05	0.29	0.29	0	0	0.05
18900	0.02	0.29	0.29	0	0	0.02
19000	0.01	0.27	0.27	0	0	0.01
19100	0.01	0.26	0.26	0	0	0.01
19200	0.01	0.27	0.27	0	0	0.01
19300	0.02	0.26	0.26	0	0	0.02
19400	0.01	0.26	0.26	0	0	0.01
19500	0	0.27	0.27	0	0	0
19600	0.01	0.27	0.27	0	0	0.01
19700	0.02	0.27	0.27	0	0	0.02
19800	0.02	0.27	0.27	0	0	0.02
19900	0.01	0.28	0.28	0	0	0.01
20000	0.01	0.27	0.27	0	0	0.01
20100	0.03	0.27	0.27	0	0	0.03
20200	0.02	0.26	0.26	0	0	0.02
20300	0.02	0.26	0.26	0	0	0.02
20400	0.02	0.25	0.25	0	0	0.02
20500	0.03	0.25	0.25	0	0	0.03
20600	0.01	0.25	0.25	0	0	0.01
20700	0.02	0.25	0.25	0	0	0.02
20800	0.02	0.26	0.26	0	0	0.02
20900	0.03	0.27	0.27	0	0	0.03
21000	0.03	0.27	0.27	0	0	0.03
21100	0.02	0.27	0.27	0	0	0.02
21200	0.02	0.28	0.28	0	0	0.02
21300	0.01	0.29	0.29	0	0	0.01
21400	0.01	0.28	0.28	0	0	0.01
21500	0.01	0.28	0.28	0	0	0.01
21600	0.02	0.3	0.3	0	0	0.02
21700	0.02	0.3	0.3	0	0	0.02
21800	0.02	0.3	0.3	0	0	0.02
21900	0.02	0.3	0.3	0	0	0.02
22000	0.02	0.3	0.3	0	0	0.02
22100	0.02	0.31	0.31	0	0	0.02
22200	0.03	0.32	0.32	0	0	0.03
22300	0.02	0.32	0.32	0	0	0.02
22400	0.03	0.32	0.32	0	0	0.03
22500	0.01	0.33	0.33	0	0	0.01
22600	0.02	0.33	0.33	0	0	0.02
22700	0.03	0.33	0.33	0	0	0.03
22800	0.04	0.34	0.34	0	0	0.04
22900	0.04	0.34	0.34	0	0	0.04
23000	0.05	0.34	0.34	0	0	0.05
23100	0.05	0.34	0.34	0	0	0.05
23200	0.04	0.34	0.34	0	0	0.04
23300	0.04	0.35	0.35	0	0	0.04
23400	0.05	0.35	0.35	0	0	0.05
23500	0.05	0.37	0.37	0	0	0.05
23600	0.04	0.37	0.37	0	0	0.04
23700	0.04	0.37	0.37	0	0	0.04
23800	0.03	0.38	0.38	0	0	0.03
23900	0.01	0.38	0.38	0	0	0.01
24000	0.01	0.35	0.35	0	0	0.01
24100	0.01	0.35	0.35	0	0	0.01
24200	0.01	0.35	0.35	0	0	0.01
24300	0.02	0.35	0.35	0	0	0.02
24400	0.03	0.35	0.35	0	0	0.03
24500	0.03	0.35	0.35	0	0	0.03
24600	0.02	0.35	0.35	0	0	0.02
24700	0.03	0.35	0.35	0	0	0.03
24800	0.03	0.35	0.35	0	0	0.03
24900	0.03	0.35	0.35	0	0	0.03
25000	0.03	0.35	0.35	0	0	0.03
25100	0.02	0.35	0.35	0	0	0.02
25200	0	0.35	0.35	0	0	0
25300	0.02	0.36	0.36	0	0	0.02
25400	0.03	0.37	0.37	0	0	0.03
25500	0.03	0.36	0.36	0	0	0.03
25600	0.03	0.36	0.36	0	0	0.03
25700	0.03	0.36	0.36	0	0	0.03
25800	0.03	0.36	0.36	0	0	0.03
25900	0.03	0.36	0.36	0	0	0.03
26000	0.01	0.36	0.36	0	0	0.01
26100	0.02	0.37	0.37	0	0	0.02
26200	0.02	0.36	0.36	0	0	0.02
26300	0.03	0.36	0.36	0	0	0.03
26400	0.03	0.36	0.36	0	0	0.03
26500	0.03	0.38	0.38	0	0	0.03
26600	0.01	0.38	0.38	0	0	0.01
26700	0.02	0.37	0.37	0	0	0.02
26800	0.02	0.37	0.37	0	0	0.02
26900	0.01	0.37	0.37	0	0	0.01
27000	0.01	0.38	0.38	0	0	0.01
27100	0	0.38	0.38	0	0	0
27200	0	0.38	0.38	0	0	0
27300	0	0.41	0.41	0	0	0
27400	0	0.4	0.4	0	0	0
27500	0.03	0.4	0.4	0	0	0.03
27600	0.04	0.4	0.4	0	0	0.04
27700	0.04	0.39	0.39	0	0	0.04
27800	0.02	0.39	0.39	0	0	0.02
27900	0.01	0.39	0.39	0	0	0.01
28000	0.01	0.41	0.41	0	0	0.01
28100	0.03	0.44	0.44	0	0	0.03
28200	0.02	0.44	0.44	0	0	0.02
28300	0.03	0.43	0.43	0	0	0.03
28400	0.03	0.42	0.42	0	0	0.03
28500	0.03	0.42	0.42	0	0	0.03
28600	0.03	0.42	0.42	0	0	0.03
28700	0.02	0.42	0.42	0	0	0.02
28800	0.01	0.42	0.42	0	0	0.01
28900	0.02	0.42	0.42	0	0	0.02
29000	0.02	0.42	0.42	0	0	0.02
29100	0.03	0.42	0.42	0	0	0.03
29200	0.03	0.41	0.41	0	0	0.03
29300	0.04	0.41	0.41	0	0	0.04
29400	0.06	0.41	0.41	0	0	0.06
29500	0.08	0.42	0.42	0	0	0.08
29600	0.08	0.42	0.42	0	0	0.08
29700	0.08	0.42	0.42	0	0	0.08
29800	0.08	0.42	0.42	0	0	0.08
29900	0.07	0.43	0.43	0	0	0.07
30000	0.06	0.43	0.43	0	0	0.06
30100	0.05	0.43	0.43	0	0	0.05
30200	0.05	0.44	0.44	0	0	0.05
30300	0.06	0.44	0.44	0	0	0.06
30400	0.07	0.46	0.46	0	0	0.07
30500	0.08	0.45	0.45	0	0	0.08
30600	0.08	0.45	0.45	0	0	0.08
30700	0.1	0.45	0.45	0	0	0.1
30800	0.11	0.46	0.46	0	0	0.11
30900	0.11	0.45	0.45	0	0	0.11
31000	0.11	0.45	0.45	0	0	0.11
31100	0.12	0.46	0.46	0	0	0.12
31200	0.13	0.47	0.47	0	0	0.13
31300	0.12	0.46	0.46	0	0	0.12
31400	0.1	0.46	0.46	0	0	0.1
31500	0.1	0.47	0.47	0	0	0.1
31600	0.1	0.47	0.47	0	0	0.1
31700	0.1	0.47	0.47	0	0	0.1
31800	0.09	0.46	0.46	0	0	0.09
31900	0.09	0.47	0.47	0	0	0.09
32000	0.1	0.47	0.47	0	0	0.1
32100	0.08	0.46	0.46	0	0	0.08
32200	0.09	0.46	0.46	0	0	0.09
32300	0.09	0.46	0.46	0	0	0.09
32400	0.09	0.47	0.47	0	0	0.09
32500	0.09	0.47	0.47	0	0	0.09
32600	0.09	0.47	0.47	0	0	0.09
32700	0.09	0.47	0.47	0	0	0.09
32800	0.07	0.48	0.48	0	0	0.07
32900	0.07	0.48	0.48	0	0	0.07
33000	0.07	0.49	0.49	0	0	0.07
33100	0.07	0.49	0.49	0	0	0.07
33200	0.05	0.49	0.49	0	0	0.05
33300	0.05	0.49	0.49	0	0	0.05
33400	0.05	0.48	0.48	0	0	0.05
33500	0.05	0.48	0.48	0	0	0.05
33600	0.03	0.48	0.48	0	0	0.03
33700	0.04	0.48	0.48	0	0	0.04
33800	0.03	0.49	0.49	0	0	0.03
33900	0.02	0.5	0.5	0	0	0.02
34000	0.02	0.5	0.5	0	0	0.02
34100	0.01	0.5	0.5	0	0	0.01
34200	0.01	0.5	0.5	0	0	0.01
34300	0	0.51	0.51	0	0	0
34400	0.01	0.5	0.5	0	0	0.01
34500	0.01	0.5	0.5	0	0	0.01
34600	0.02	0.5	0.5	0	0	0.02
34700	0.02	0.5	0.5	0	0	0.02
34800	0.01	0.5	0.5	0	0	0.01
34900	0.01	0.5	0.5	0	0	0.01
35000	0.03	0.5	0.5	0	0	0.03
35100	0.02	0.5	0.5	0	0	0.02
35200	0.02	0.51	0.51	0	0	0.02
35300	0.02	0.51	0.51	0	0	0.02
35400	0.02	0.51	0.51	0	0	0.02
35500	0.01	0.51	0.51	0	0	0.01
35600	0	0.51	0.51	0	0	0
35700	0	0.51	0.51	0	0	0
35800	0	0.51	0.51	0	0	0
35900	0	0.51	0.51	0	0	0
36000	0.01	0.51	0.51	0	0	0.01
36100	0.02	0.52	0.52	0	0	0.02
36200	0.02	0.52	0.52	0	0	0.02
36300	0.03	0.51	0.51	0	0	0.03
36400	0.02	0.51	0.51	0	0	0.02
36500	0.02	0.51	0.51	0	0	0.02
36600	0.02	0.5	0.5	0	0	0.02
36700	0.03	0.51	0.51	0	0	0.03
36800	0.02	0.51	0.51	0	0	0.02
36900	0.02	0.51	0.51	0	0	0.02
37000	0.01	0.53	0.53	0	0	0.01
37100	0.01	0.53	0.53	0	0	0.01
37200	0.01	0.53	0.53	0	0	0.01
37300	0.01	0.53	0.53	0	0	0.01
37400	0.01	0.53	0.53	0	0	0.01
37500	0	0.53	0.53	0	0	0
37600	0	0.53	0.53	0	0	0
37700	0	0.53	0.53	0	0	0
37800	0	0.54	0.54	0	0	0
37900	0.01	0.53	0.53	0	0	0.01
38000	0.02	0.53	0.53	0	0	0.02
38100	0.02	0.53	0.53	0	0	0.02
38200	0.02	0.53	0.53	0	0	0.02
38300	0.02	0.53	0.53	0	0	0.02
38400	0.03	0.55	0.55	0	0	0.03
38500	0.02	0.54	0.54	0	0	0.02
38600	0.03	0.54	0.54	0	0	0.03
38700	0.03	0.54	0.54	0	0	0.03
38800	0.03	0.54	0.54	0	0	0.03
38900	0.04	0.54	0.54	0	0	0.04
39000	0.05	0.54	0.54	0	0	0.05
39100	0.05	0.54	0.54	0	0	0.05
39200	0.05	0.54	0.54	0	0	0.05
39300	0.07	0.54	0.54	0	0	0.07
39400	0.07	0.55	0.55	0	0	0.07
39500	0.08	0.55	0.55	0	0	0.08
39600	0.06	0.55	0.55	0	0	0.06
39700	0.07	0.55	0.55	0	0	0.07
39800	0.05	0.55	0.55	0	0	0.05
39900	0.05	0.55	0.55	0	0	0.05
40000	0.04	0.56	0.56	0	0	0.04
40100	0.05	0.56	0.56	0	0	0.05
40200	0.04	0.56	0.56	0	0	0.04
40300	0.01	0.56	0.56	0	0	0.01
40400	0	0.56	0.56	0	0	0
40500	0	0.56	0.56	0	0	0
40600	0.01	0.57	0.57	0	0	0.01
40700	0.01	0.57	0.57	0	0	0.01
40800	0.01	0.57	0.57	0	0	0.01
40900	0.01	0.56	0.56	0	0	0.01
41000	0.02	0.57	0.57	0	0	0.02
41100	0.02	0.58	0.58	0	0	0.02
41200	0.01	0.58	0.58	0	0	0.01
41300	0.01	0.57	0.57	0	0	0.01
41400	0.01	0.57	0.57	0	0	0.01
41500	0.02	0.57	0.57	0	0	0.02
41600	0.02	0.58	0.58	0	0	0.02
41700	0.02	0.58	0.58	0	0	0.02
41800	0	0.58	0.58	0	0	0
41900	0.01	0.59	0.59	0	0	0.01
42000	0.01	0.59	0.59	0	0	0.01
42100	0.03	0.59	0.59	0	0	0.03
42200	0.04	0.59	0.59	0	0	0.04
42300	0.06	0.59	0.59	0	0	0.06
42400	0.02	0.59	0.59	0	0	0.02
42500	0.03	0.59	0.59	0	0	0.03
42600	0.03	0.59	0.59	0	0	0.03
42700	0.05	0.59	0.59	0	0	0.05
42800	0.06	0.59	0.59	0	0	0.06
42900	0.04	0.59	0.59	0	0	0.04
43000	0.04	0.59	0.59	0	0	0.04
43100	0.02	0.59	0.59	0	0	0.02
43200	0.03	0.59	0.59	0	0	0.03
43300	0.02	0.59	0.59	0	0	0.02
43400	0.02	0.6	0.6	0	0	0.02
43500	0.02	0.6	0.6	0	0	0.02
43600	0.03	0.6	0.6	0	0	0.03
43700	0.02	0.6	0.6	0	0	0.02
43800	0.02	0.6	0.6	0	0	0.02
43900	0.02	0.6	0.6	0	0	0.02
44000	0.02	0.61	0.61	0	0	0.02
44100	0.03	0.61	0.61	0	0	0.03
44200	0.03	0.61	0.61	0	0	0.03
44300	0.04	0.61	0.61	0	0	0.04
44400	0.05	0.61	0.61	0	0	0.05
44500	0.04	0.61	0.61	0	0	0.04
44600	0.02	0.61	0.61	0	0	0.02
44700	0.02	0.61	0.61	0	0	0.02
44800	0.01	0.61	0.61	0	0	0.01
44900	0.01	0.61	0.61	0	0	0.01
45000	0.01	0.61	0.61	0	0	0.01
45100	0.03	0.61	0.61	0	0	0.03
45200	0.04	0.61	0.61	0	0	0.04
45300	0.02	0.61	0.61	0	0	0.02
45400	0.01	0.61	0.61	0	0	0.01
45500	0.02	0.61	0.61	0	0	0.02
45600	0.02	0.61	0.61	0	0	0.02
45700	0.01	0.61	0.61	0	0	0.01
45800	0.01	0.61	0.61	0	0	0.01
45900	0.02	0.61	0.61	0	0	0.02
46000	0.02	0.61	0.61	0	0	0.02
46100	0.03	0.61	0.61	0	0	0.03
46200	0.03	0.61	0.61	0	0	0.03
46300	0.03	0.61	0.61	0	0	0.03
46400	0.02	0.61	0.61	0	0	0.02
46500	0.03	0.61	0.61	0	0	0.03
46600	0.02	0.61	0.61	0	0	0.02
46700	0	0.61	0.61	0	0	0
46800	0	0.61	0.61	0	0	0
46900	0	0.61	0.61	0	0	0
47000	0.01	0.62	0.62	0	0	0.01
47100	0.01	0.62	0.62	0	0	0.01
47200	0.01	0.62	0.62	0	0	0.01
47300	0.01	0.63	0.63	0	0	0.01
47400	0.01	0.63	0.63	0	0	0.01
47500	0	0.63	0.63	0	0	0
47600	0.01	0.63	0.63	0	0	0.01
47700	0.02	0.63	0.63	0	0	0.02
47800	0.02	0.63	0.63	0	0	0.02
47900	0.03	0.63	0.63	0	0	0.03
48000	0.04	0.63	0.63	0	0	0.04
48100	0.02	0.63	0.63	0	0	0.02
48200	0.02	0.63	0.63	0	0	0.02
48300	0.02	0.63	0.63	0	0	0.02
48400	0.03	0.63	0.63	0	0	0.03
48500	0.02	0.63	0.63	0	0	0.02
48600	0.01	0.63	0.63	0	0	0.01
48700	0.01	0.63	0.63	0	0	0.01
48800	0.01	0.63	0.63	0	0	0.01
48900	0	0.63	0.63	0	0	0
49000	0.01	0.63	0.63	0	0	0.01
49100	0.01	0.63	0.63	0	0	0.01
49200	0.01	0.63	0.63	0	0	0.01
49300	0.02	0.64	0.64	0	0	0.02
49400	0.02	0.65	0.65	0	0	0.02
49500	0.01	0.65	0.65	0	0	0.01
49600	0.01	0.65	0.65	0	0	0.01
49700	0.02	0.65	0.65	0	0	0.02
49800	0.02	0.65	0.65	0	0	0.02
49900	0.02	0.66	0.66	0	0	0.02
50000	0.01	0.66	0.66	0	0	0.01
50100	0.02	0.67	0.67	0	0	0.02
50200	0.03	0.67	0.67	0	0	0.03
50300	0.04	0.67	0.67	0	0	0.04
50400	0.05	0.67	0.67	0	0	0.05
50500	0.04	0.67	0.67	0	0	0.04
50600	0.02	0.67	0.67	0	0	0.02
50700	0.02	0.67	0.67	0	0	0.02
50800	0.04	0.67	0.67	0	0	0.04
50900	0.03	0.67	0.67	0	0	0.03
51000	0.04	0.67	0.67	0	0	0.04
51100	0.04	0.67	0.67	0	0	0.04
51200	0.04	0.67	0.67	0	0	0.04
51300	0.03	0.67	0.67	0	0	0.03
51400	0.01	0.67	0.67	0	0	0.01
51500	0.01	0.67	0.67	0	0	0.01
51600	0.02	0.67	0.67	0	0	0.02
51700	0.02	0.67	0.67	0	0	0.02
51800	0.03	0.67	0.67	0	0	0.03
51900	0.04	0.68	0.68	0	0	0.04
52000	0.03	0.68	0.68	0	0	0.03
52100	0.03	0.67	0.67	0	0	0.03
52200	0.02	0.67	0.67	0	0	0.02
52300	0.01	0.67	0.67	0	0	0.01
52400	0	0.67	0.67	0	0	0
52500	0	0.67	0.67	0	0	0
52600	0	0.67	0.67	0	0	0
52700	0.02	0.67	0.67	0	0	0.02
52800	0.03	0.67	0.67	0	0	0.03
52900	0.03	0.67	0.67	0	0	0.03
53000	0.03	0.67	0.67	0	0	0.03
53100	0.02	0.67	0.67	0	0	0.02
53200	0.02	0.67	0.67	0	0	0.02
53300	0.02	0.67	0.67	0	0	0.02
53400	0.02	0.66	0.66	0	0	0.02
53500	0.02	0.66	0.66	0	0	0.02
53600	0.02	0.66	0.66	0	0	0.02
53700	0.01	0.66	0.66	0	0	0.01
53800	0.01	0.66	0.66	0	0	0.01
53900	0.01	0.66	0.66	0	0	0.01
54000	0.01	0.66	0.66	0	0	0.01
54100	0.02	0.66	0.66	0	0	0.02
54200	0.03	0.66	0.66	0	0	0.03
54300	0.02	0.66	0.66	0	0	0.02
54400	0.01	0.66	0.66	0	0	0.01
54500	0.01	0.66	0.66	0	0	0.01
54600	0.01	0.66	0.66	0	0	0.01
54700	0.01	0.66	0.66	0	0	0.01
54800	0.02	0.67	0.67	0	0	0.02
54900	0.04	0.67	0.67	0	0	0.04
55000	0.03	0.68	0.68	0	0	0.03
55100	0.03	0.68	0.68	0	0	0.03
55200	0.03	0.68	0.68	0	0	0.03
55300	0.02	0.68	0.68	0	0	0.02
55400	0.02	0.68	0.68	0	0	0.02
55500	0.02	0.68	0.68	0	0	0.02
55600	0.02	0.68	0.68	0	0	0.02
55700	0.03	0.68	0.68	0	0	0.03
55800	0.03	0.68	0.68	0	0	0.03
55900	0.03	0.68	0.68	0	0	0.03
56000	0.03	0.68	0.68	0	0	0.03
56100	0.02	0.68	0.68	0	0	0.02
56200	0.03	0.68	0.68	0	0	0.03
56300	0.04	0.68	0.68	0	0	0.04
56400	0.02	0.68	0.68	0	0	0.02
56500	0	0.68	0.68	0	0	0
56600	0	0.68	0.68	0	0	0
56700	0	0.68	0.68	0	0	0
56800	0	0.68	0.68	0	0	0
56900	0.01	0.68	0.68	0	0	0.01
57000	0.01	0.68	0.68	0	0	0.01
57100	0.01	0.68	0.68	0	0	0.01
57200	0.02	0.68	0.68	0	0	0.02
57300	0.03	0.68	0.68	0	0	0.03
57400	0.02	0.68	0.68	0	0	0.02
57500	0	0.69	0.69	0	0	0
57600	0.01	0.69	0.69	0	0	0.01
57700	0.01	0.69	0.69	0	0	0.01
57800	0.01	0.69	0.69	0	0	0.01
57900	0.01	0.69	0.69	0	0	0.01
58000	0	0.69	0.69	0	0	0
58100	0.01	0.69	0.69	0	0	0.01
58200	0.01	0.7	0.7	0	0	0.01
58300	0.01	0.69	0.69	0	0	0.01
58400	0.01	0.69	0.69	0	0	0.01
58500	0	0.69	0.69	0	0	0
58600	0	0.69	0.69	0	0	0
58700	0.01	0.69	0.69	0	0	0.01
58800	0.01	0.69	0.69	0	0	0.01
58900	0.01	0.69	0.69	0	0	0.01
59000	0.01	0.69	0.69	0	0	0.01
59100	0.02	0.69	0.69	0	0	0.02
59200	0.03	0.69	0.69	0	0	0.03
59300	0.02	0.69	0.69	0	0	0.02
59400	0.02	0.68	0.68	0	0	0.02
59500	0.02	0.68	0.68	0	0	0.02
59600	0.02	0.68	0.68	0	0	0.02
59700	0	0.68	0.68	0	0	0
59800	0.01	0.68	0.68	0	0	0.01
59900	0.02	0.68	0.68	0	0	0.02
60000	0.02	0.68	0.68	0	0	0.02
60100	0.02	0.68	0.68	0	0	0.02
60200	0	0.68	0.68	0	0	0
60300	0	0.68	0.68	0	0	0
60400	0.01	0.68	0.68	0	0	0.01
60500	0.01	0.68	0.68	0	0	0.01
60600	0.01	0.68	0.68	0	0	0.01
60700	0.01	0.68	0.68	0	0	0.01
60800	0.01	0.68	0.68	0	0	0.01
60900	0	0.68	0.68	0	0	0
61000	0	0.68	0.68	0	0	0
61100	0	0.68	0.68	0	0	0
61200	0.02	0.68	0.68	0	0	0.02
61300	0.02	0.68	0.68	0	0	0.02
61400	0.04	0.68	0.68	0	0	0.04
61500	0.05	0.68	0.68	0	0	0.05
61600	0.03	0.68	0.68	0	0	0.03
61700	0.01	0.68	0.68	0	0	0.01
61800	0	0.68	0.68	0	0	0
61900	0	0.68	0.68	0	0	0
62000	0.02	0.68	0.68	0	0	0.02
62100	0.02	0.68	0.68	0	0	0.02
62200	0.02	0.68	0.68	0	0	0.02
62300	0.02	0.68	0.68	0	0	0.02
62400	0.01	0.68	0.68	0	0	0.01
62500	0.01	0.68	0.68	0	0	0.01
62600	0	0.68	0.68	0	0	0
62700	0	0.68	0.68	0	0	0
62800	0.02	0.68	0.68	0	0	0.02
62900	0.03	0.68	0.68	0	0	0.03
63000	0.03	0.68	0.68	0	0	0.03
63100	0.02	0.68	0.68	0	0	0.02
63200	0.02	0.68	0.68	0	0	0.02
63300	0.01	0.68	0.68	0	0	0.01
63400	0	0.68	0.68	0	0	0
63500	0	0.68	0.68	0	0	0
63600	0.01	0.68	0.68	0	0	0.01
63700	0.01	0.68	0.68	0	0	0.01
63800	0.01	0.68	0.68	0	0	0.01
63900	0.03	0.68	0.68	0	0	0.03
64000	0.02	0.68	0.68	0	0	0.02
64100	0.02	0.68	0.68	0	0	0.02
64200	0.02	0.68	0.68	0	0	0.02
64300	0.02	0.68	0.68	0	0	0.02
64400	0.01	0.68	0.68	0	0	0.01
64500	0	0.68	0.68	0	0	0
64600	0	0.68	0.68	0	0	0
64700	0	0.68	0.68	0	0	0
64800	0	0.68	0.68	0	0	0
64900	0.01	0.68	0.68	0	0	0.01
65000	0.01	0.68	0.68	0	0	0.01
65100	0.01	0.68	0.68	0	0	0.01
65200	0.02	0.68	0.68	0	0	0.02
65300	0.02	0.68	0.68	0	0	0.02
65400	0.02	0.68	0.68	0	0	0.02
65500	0.02	0.68	0.68	0	0	0.02
65600	0.02	0.68	0.68	0	0	0.02
65700	0.01	0.68	0.68	0	0	0.01
65800	0.01	0.68	0.68	0	0	0.01
65900	0.01	0.68	0.68	0	0	0.01
66000	0.01	0.68	0.68	0	0	0.01
66100	0.01	0.68	0.68	0	0	0.01
66200	0.01	0.68	0.68	0	0	0.01
66300	0.01	0.68	0.68	0	0	0.01
66400	0	0.68	0.68	0	0	0
66500	0	0.68	0.68	0	0	0
66600	0	0.68	0.68	0	0	0
66700	0	0.68	0.68	0	0	0
66800	0	0.68	0.68	0	0	0
66900	0	0.68	0.68	0	0	0
67000	0	0.68	0.68	0	0	0
67100	0.01	0.68	0.68	0	0	0.01
67200	0.04	0.68	0.68	0	0	0.04
67300	0.05	0.68	0.68	0	0	0.05
67400	0.04	0.68	0.68	0	0	0.04
67500	0.04	0.68	0.68	0	0	0.04
67600	0.03	0.68	0.68	0	0	0.03
67700	0.02	0.68	0.68	0	0	0.02
67800	0.02	0.68	0.68	0	0	0.02
67900	0.05	0.68	0.68	0	0	0.05
68000	0.04	0.68	0.68	0	0	0.04
68100	0.05	0.68	0.68	0	0	0.05
68200	0.05	0.68	0.68	0	0	0.05
68300	0.03	0.68	0.68	0	0	0.03
68400	0.02	0.68	0.68	0	0	0.02
68500	0.01	0.68	0.68	0	0	0.01
68600	0.01	0.68	0.68	0	0	0.01
68700	0.01	0.68	0.68	0	0	0.01
68800	0.01	0.68	0.68	0	0	0.01
68900	0.01	0.68	0.68	0	0	0.01
69000	0.01	0.68	0.68	0	0	0.01
69100	0.01	0.68	0.68	0	0	0.01
69200	0.01	0.68	0.68	0	0	0.01
69300	0	0.68	0.68	0	0	0
69400	0	0.68	0.68	0	0	0
69500	0	0.68	0.68	0	0	0
69600	0	0.68	0.68	0	0	0
69700	0.02	0.68	0.68	0	0	0.02
69800	0.03	0.68	0.68	0	0	0.03
69900	0.04	0.68	0.68	0	0	0.04
70000	0.04	0.68	0.68	0	0	0.04
70100	0.03	0.68	0.68	0	0	0.03
70200	0.03	0.68	0.68	0	0	0.03
70300	0.01	0.68	0.68	0	0	0.01
70400	0.01	0.68	0.68	0	0	0.01
70500	0.01	0.68	0.68	0	0	0.01
70600	0.01	0.69	0.69	0	0	0.01
70700	0.01	0.69	0.69	0	0	0.01
70800	0.02	0.69	0.69	0	0	0.02
70900	0.01	0.69	0.69	0	0	0.01
71000	0.03	0.69	0.69	0	0	0.03
71100	0.04	0.69	0.69	0	0	0.04
71200	0.03	0.69	0.69	0	0	0.03
71300	0.03	0.69	0.69	0	0	0.03
71400	0.02	0.69	0.69	0	0	0.02
71500	0.02	0.69	0.69	0	0	0.02
71600	0.01	0.69	0.69	0	0	0.01
71700	0.01	0.69	0.69	0	0	0.01
71800	0.01	0.69	0.69	0	0	0.01
71900	0.01	0.69	0.69	0	0	0.01
72000	0.01	0.69	0.69	0	0	0.01
72100	0.01	0.69	0.69	0	0	0.01
72200	0.01	0.69	0.69	0	0	0.01
72300	0	0.69	0.69	0	0	0
72400	0.02	0.69	0.69	0	0	0.02
72500	0.02	0.68	0.68	0	0	0.02
72600	0.02	0.68	0.68	0	0	0.02
72700	0.02	0.68	0.68	0	0	0.02
72800	0.02	0.68	0.68	0	0	0.02
72900	0.01	0.68	0.68	0	0	0.01
73000	0	0.68	0.68	0	0	0
73100	0	0.68	0.68	0	0	0
73200	0.03	0.68	0.68	0	0	0.03
73300	0.04	0.68	0.68	0	0	0.04
73400	0.04	0.68	0.68	0	0	0.04
73500	0.03	0.68	0.68	0	0	0.03
73600	0.03	0.68	0.68	0	0	0.03
73700	0.04	0.68	0.68	0	0	0.04
73800	0.04	0.69	0.69	0	0	0.04
73900	0.02	0.69	0.69	0	0	0.02
74000	0.02	0.69	0.69	0	0	0.02
74100	0.01	0.68	0.68	0	0	0.01
74200	0.02	0.68	0.68	0	0	0.02
74300	0.04	0.68	0.68	0	0	0.04
74400	0.02	0.68	0.68	0	0	0.02
74500	0.01	0.68	0.68	0	0	0.01
74600	0	0.68	0.68	0	0	0
74700	0.02	0.68	0.68	0	0	0.02
74800	0.02	0.68	0.68	0	0	0.02
74900	0.02	0.67	0.67	0	0	0.02
75000	0.01	0.67	0.67	0	0	0.01
75100	0.02	0.67	0.67	0	0	0.02
75200	0.02	0.67	0.67	0	0	0.02
75300	0.01	0.67	0.67	0	0	0.01
75400	0.02	0.67	0.67	0	0	0.02
75500	0.02	0.67	0.67	0	0	0.02
75600	0.01	0.67	0.67	0	0	0.01
75700	0	0.67	0.67	0	0	0
75800	0	0.67	0.67	0	0	0
75900	0	0.67	0.67	0	0	0
76000	0	0.67	0.67	0	0	0
76100	0.01	0.67	0.67	0	0	0.01
76200	0.01	0.67	0.67	0	0	0.01
76300	0.01	0.67	0.67	0	0	0.01
76400	0.01	0.67	0.67	0	0	0.01
76500	0	0.67	0.67	0	0	0
76600	0	0.67	0.67	0	0	0
76700	0.01	0.67	0.67	0	0	0.01
76800	0.01	0.67	0.67	0	0	0.01
76900	0	0.67	0.67	0	0	0
77000	0.01	0.67	0.67	0	0	0.01
77100	0	0.67	0.67	0	0	0
77200	0	0.67	0.67	0	0	0
77300	0	0.67	0.67	0	0	0
77400	0.01	0.67	0.67	0	0	0.01
77500	0.02	0.67	0.67	0	0	0.02
77600	0.03	0.67	0.67	0	0	0.03
77700	0.03	0.67	0.67	0	0	0.03
77800	0.02	0.67	0.67	0	0	0.02
77900	0	0.67	0.67	0	0	0
78000	0	0.67	0.67	0	0	0
78100	0.01	0.67	0.67	0	0	0.01
78200	0.02	0.67	0.67	0	0	0.02
78300	0.02	0.67	0.67	0	0	0.02
78400	0.02	0.67	0.67	0	0	0.02
78500	0.02	0.67	0.67	0	0	0.02
78600	0.01	0.67	0.67	0	0	0.01
78700	0.01	0.67	0.67	0	0	0.01
78800	0	0.67	0.67	0	0	0
78900	0.02	0.67	0.67	0	0	0.02
79000	0.02	0.67	0.67	0	0	0.02
79100	0.02	0.67	0.67	0	0	0.02
79200	0.02	0.67	0.67	0	0	0.02
79300	0.02	0.67	0.67	0	0	0.02
79400	0.02	0.67	0.67	0	0	0.02
79500	0	0.67	0.67	0	0	0
79600	0	0.67	0.67	0	0	0
79700	0	0.67	0.67	0	0	0
79800	0.01	0.67	0.67	0	0	0.01
79900	0.01	0.67	0.67	0	0	0.01
80000	0.02	0.67	0.67	0	0	0.02
80100	0.02	0.67	0.67	0	0	0.02
80200	0.01	0.67	0.67	0	0	0.01
80300	0.01	0.68	0.68	0	0	0.01
80400	0.01	0.68	0.68	0	0	0.01
80500	0.01	0.68	0.68	0	0	0.01
80600	0	0.68	0.68	0	0	0
80700	0.01	0.68	0.68	0	0	0.01
80800	0.02	0.67	0.67	0	0	0.02
80900	0.02	0.67	0.67	0	0	0.02
81000	0.03	0.67	0.67	0	0	0.03
81100	0.03	0.67	0.67	0	0	0.03
81200	0.02	0.67	0.67	0	0	0.02
81300	0.01	0.67	0.67	0	0	0.01
81400	0.01	0.67	0.67	0	0	0.01
81500	0.01	0.67	0.67	0	0	0.01
81600	0.02	0.67	0.67	0	0	0.02
81700	0.02	0.67	0.67	0	0	0.02
81800	0.01	0.67	0.67	0	0	0.01
81900	0.01	0.67	0.67	0	0	0.01
82000	0	0.67	0.67	0	0	0
82100	0	0.67	0.67	0	0	0
82200	0	0.67	0.67	0	0	0
82300	0.01	0.67	0.67	0	0	0.01
82400	0.01	0.67	0.67	0	0	0.01
82500	0.02	0.67	0.67	0	0	0.02
82600	0.01	0.67	0.67	0	0	0.01
82700	0.01	0.67	0.67	0	0	0.01
82800	0.01	0.67	0.67	0	0	0.01
82900	0	0.67	0.67	0	0	0
83000	0	0.67	0.67	0	0	0
83100	0	0.67	0.67	0	0	0
83200	0.01	0.67	0.67	0	0	0.01
83300	0.01	0.67	0.67	0	0	0.01
83400	0.01	0.67	0.67	0	0	0.01
83500	0.02	0.67	0.67	0	0	0.02
83600	0.03	0.67	0.67	0	0	0.03
83700	0.02	0.67	0.67	0	0	0.02
83800	0.01	0.67	0.67	0	0	0.01
83900	0.01	0.67	0.67	0	0	0.01
84000	0.01	0.67	0.67	0	0	0.01
84100	0	0.67	0.67	0	0	0
84200	0	0.67	0.67	0	0	0
84300	0	0.67	0.67	0	0	0
84400	0.01	0.67	0.67	0	0	0.01
84500	0.01	0.67	0.67	0	0	0.01
84600	0.01	0.68	0.68	0	0	0.01
84700	0.03	0.68	0.68	0	0	0.03
84800	0.03	0.68	0.68	0	0	0.03
84900	0.03	0.68	0.68	0	0	0.03
85000	0.01	0.68	0.68	0	0	0.01
85100	0	0.68	0.68	0	0	0
85200	0	0.68	0.68	0	0	0
85300	0	0.68	0.68	0	0	0
85400	0.02	0.68	0.68	0	0	0.02
85500	0.03	0.68	0.68	0	0	0.03
85600	0.04	0.68	0.68	0	0	0.04
85700	0.03	0.68	0.68	0	0	0.03
85800	0.04	0.68	0.68	0	0	0.04
85900	0.04	0.67	0.67	0	0	0.04
86000	0.04	0.67	0.67	0	0	0.04
86100	0.03	0.68	0.68	0	0	0.03
86200	0.01	0.68	0.68	0	0	0.01
86300	0.02	0.67	0.67	0	0	0.02
86400	0.01	0.67	0.67	0	0	0.01
86500	0.01	0.67	0.67	0	0	0.01
86600	0.01	0.67	0.67	0	0	0.01
86700	0.01	0.67	0.67	0	0	0.01
86800	0	0.67	0.67	0	0	0
86900	0	0.67	0.67	0	0	0
87000	0	0.67	0.67	0	0	0
87100	0	0.67	0.67	0	0	0
87200	0.01	0.67	0.67	0	0	0.01
87300	0.01	0.67	0.67	0	0	0.01
87400	0.02	0.67	0.67	0	0	0.02
87500	0.01	0.67	0.67	0	0	0.01
87600	0.01	0.67	0.67	0	0	0.01
87700	0.01	0.67	0.67	0	0	0.01
87800	0.02	0.67	0.67	0	0	0.02
87900	0.02	0.67	0.67	0	0	0.02
88000	0	0.67	0.67	0	0	0
88100	0.01	0.67	0.67	0	0	0.01
88200	0.02	0.67	0.67	0	0	0.02
88300	0.04	0.67	0.67	0	0	0.04
88400	0.04	0.67	0.67	0	0	0.04
88500	0.03	0.67	0.67	0	0	0.03
88600	0.02	0.67	0.67	0	0	0.02
88700	0.01	0.67	0.67	0	0	0.01
88800	0	0.67	0.67	0	0	0
88900	0.01	0.67	0.67	0	0	0.01
89000	0.01	0.67	0.67	0	0	0.01
89100	0.01	0.67	0.67	0	0	0.01
89200	0.01	0.67	0.67	0	0	0.01
89300	0.01	0.67	0.67	0	0	0.01
89400	0	0.67	0.67	0	0	0
89500	0	0.67	0.67	0	0	0
89600	0	0.67	0.67	0	0	0
89700	0.01	0.67	0.67	0	0	0.01
89800	0.01	0.67	0.67	0	0	0.01
89900	0.03	0.67	0.67	0	0	0.03
90000	0.02	0.67	0.67	0	0	0.02
90100	0.03	0.67	0.67	0	0	0.03
90200	0.03	0.67	0.67	0	0	0.03
90300	0.02	0.67	0.67	0	0	0.02
90400	0.02	0.67	0.67	0	0	0.02
90500	0.03	0.67	0.67	0	0	0.03
90600	0.02	0.67	0.67	0	0	0.02
90700	0	0.67	0.67	0	0	0
90800	0	0.67	0.67	0	0	0
90900	0	0.67	0.67	0	0	0
91000	0	0.67	0.67	0	0	0
91100	0	0.67	0.67	0	0	0
91200	0	0.67	0.67	0	0	0
91300	0	0.67	0.67	0	0	0
91400	0.01	0.67	0.67	0	0	0.01
91500	0.01	0.67	0.67	0	0	0.01
91600	0.02	0.67	0.67	0	0	0.02
91700	0.02	0.67	0.67	0	0	0.02
91800	0.01	0.67	0.67	0	0	0.01
91900	0.01	0.67	0.67	0	0	0.01
92000	0.01	0.67	0.67	0	0	0.01
92100	0.01	0.67	0.67	0	0	0.01
92200	0	0.67	0.67	0	0	0
92300	0	0.67	0.67	0	0	0
92400	0.01	0.67	0.67	0	0	0.01
92500	0.01	0.67	0.67	0	0	0.01
92600	0.01	0.67	0.67	0	0	0.01
92700	0	0.67	0.67	0	0	0
92800	0	0.67	0.67	0	0	0
92900	0	0.67	0.67	0	0	0
93000	0.01	0.67	0.67	0	0	0.01
93100	0.01	0.67	0.67	0	0	0.01
93200	0.01	0.67	0.67	0	0	0.01
93300	0.01	0.67	0.67	0	0	0.01
93400	0	0.67	0.67	0	0	0
93500	0.01	0.67	0.67	0	0	0.01
93600	0.01	0.67	0.67	0	0	0.01
93700	0.02	0.67	0.67	0	0	0.02
93800	0.02	0.67	0.67	0	0	0.02
93900	0.02	0.67	0.67	0	0	0.02
94000	0.02	0.67	0.67	0	0	0.02
94100	0.01	0.67	0.67	0	0	0.01
94200	0.02	0.67	0.67	0	0	0.02
94300	0.02	0.67	0.67	0	0	0.02
94400	0.01	0.67	0.67	0	0	0.01
94500	0.02	0.67	0.67	0	0	0.02
94600	0.02	0.67	0.67	0	0	0.02
94700	0.01	0.67	0.67	0	0	0.01
94800	0	0.67	0.67	0	0	0
94900	0	0.67	0.67	0	0	0
95000	0	0.67	0.67	0	0	0
95100	0	0.67	0.67	0	0	0
95200	0.01	0.67	0.67	0	0	0.01
95300	0.01	0.67	0.67	0	0	0.01
95400	0.02	0.67	0.67	0	0	0.02
95500	0.02	0.67	0.67	0	0	0.02
95600	0.03	0.67	0.67	0	0	0.03
95700	0.05	0.68	0.68	0	0	0.05
95800	0.05	0.68	0.68	0	0	0.05
95900	0.03	0.68	0.68	0	0	0.03
96000	0.02	0.68	0.68	0	0	0.02
96100	0.03	0.68	0.68	0	0	0.03
96200	0.03	0.68	0.68	0	0	0.03
96300	0.02	0.68	0.68	0	0	0.02
96400	0.03	0.68	0.68	0	0	0.03
96500	0.02	0.68	0.68	0	0	0.02
96600	0.02	0.68	0.68	0	0	0.02
96700	0.02	0.69	0.69	0	0	0.02
96800	0.02	0.68	0.68	0	0	0.02
96900	0.02	0.68	0.68	0	0	0.02
97000	0.01	0.68	0.68	0	0	0.01
97100	0.01	0.68	0.68	0	0	0.01
97200	0.03	0.68	0.68	0	0	0.03
97300	0.02	0.68	0.68	0	0	0.02
97400	0.02	0.68	0.68	0	0	0.02
97500	0.02	0.68	0.68	0	0	0.02
97600	0	0.68	0.68	0	0	0
97700	0.01	0.68	0.68	0	0	0.01
97800	0.01	0.68	0.68	0	0	0.01
97900	0.01	0.68	0.68	0	0	0.01
98000	0.01	0.68	0.68	0	0	0.01
98100	0.01	0.68	0.68	0	0	0.01
98200	0.01	0.68	0.68	0	0	0.01
98300	0.01	0.68	0.68	0	0	0.01
98400	0.02	0.68	0.68	0	0	0.02
98500	0.03	0.68	0.68	0	0	0.03
98600	0.03	0.68	0.68	0	0	0.03
98700	0.03	0.68	0.68	0	0	0.03
98800	0.02	0.68	0.68	0	0	0.02
98900	0.01	0.68	0.68	0	0	0.01
99000	0	0.68	0.68	0	0	0
99100	0	0.68	0.68	0	0	0
99200	0.01	0.68	0.68	0	0	0.01
99300	0.01	0.68	0.68	0	0	0.01
99400	0.02	0.68	0.68	0	0	0.02
99500	0.03	0.68	0.68	0	0	0.03
99600	0.04	0.68	0.68	0	0	0.04
99700	0.02	0.68	0.68	0	0	0.02
99800	0.02	0.68	0.68	0	0	0.02
99900	0.02	0.68	0.68	0	0	0.02
100000	0.02	0.68	0.68	0	0	0.02
100100	0.01	0.68	0.68	0	0	0.01
100200	0	0.68	0.68	0	0	0
100300	0	0.68	0.68	0	0	0
100400	0	0.68	0.68	0	0	0
100500	0	0.68	0.68	0	0	0
100600	0.01	0.68	0.68	0	0	0.01
100700	0.02	0.68	0.68	0	0	0.02
100800	0.02	0.68	0.68	0	0	0.02
100900	0.02	0.68	0.68	0	0	0.02
101000	0.02	0.68	0.68	0	0	0.02
101100	0	0.68	0.68	0	0	0
101200	0	0.68	0.68	0	0	0
101300	0.01	0.68	0.68	0	0	0.01
101400	0.02	0.68	0.68	0	0	0.02
101500	0.02	0.68	0.68	0	0	0.02
101600	0.04	0.68	0.68	0	0	0.04
101700	0.04	0.68	0.68	0	0	0.04
101800	0.05	0.68	0.68	0	0	0.05
101900	0.05	0.68	0.68	0	0	0.05
102000	0.05	0.68	0.68	0	0	0.05
102100	0.04	0.68	0.68	0	0	0.04
102200	0.02	0.68	0.68	0	0	0.02
102300	0.01	0.68	0.68	0	0	0.01
102400	0.01	0.68	0.68	0	0	0.01
102500	0.01	0.68	0.68	0	0	0.01
102600	0.01	0.68	0.68	0	0	0.01
102700	0.01	0.68	0.68	0	0	0.01
102800	0.01	0.68	0.68	0	0	0.01
102900	0.01	0.68	0.68	0	0	0.01
103000	0.02	0.68	0.68	0	0	0.02
103100	0.02	0.68	0.68	0	0	0.02
103200	0.03	0.68	0.68	0	0	0.03
103300	0.03	0.68	0.68	0	0	0.03
103400	0.02	0.68	0.68	0	0	0.02
103500	0.03	0.68	0.68	0	0	0.03
103600	0.01	0.68	0.68	0	0	0.01
103700	0.03	0.68	0.68	0	0	0.03
103800	0.02	0.68	0.68	0	0	0.02
103900	0.02	0.68	0.68	0	0	0.02
104000	0.02	0.69	0.69	0	0	0.02
104100	0.02	0.68	0.68	0	0	0.02
104200	0.02	0.68	0.68	0	0	0.02
104300	0.02	0.68	0.68	0	0	0.02
104400	0.02	0.67	0.67	0	0	0.02
104500	0.02	0.67	0.67	0	0	0.02
104600	0.02	0.66	0.66	0	0	0.02
104700	0.01	0.66	0.66	0	0	0.01
104800	0.01	0.66	0.66	0	0	0.01
104900	0.01	0.66	0.66	0	0	0.01
105000	0.01	0.66	0.66	0	0	0.01
105100	0.01	0.66	0.66	0	0	0.01
105200	0.01	0.66	0.66	0	0	0.01
105300	0.01	0.66	0.66	0	0	0.01
105400	0.01	0.66	0.66	0	0	0.01
105500	0.02	0.66	0.66	0	0	0.02
105600	0.03	0.66	0.66	0	0	0.03
105700	0.03	0.66	0.66	0	0	0.03
105800	0.03	0.66	0.66	0	0	0.03
105900	0.03	0.66	0.66	0	0	0.03
106000	0.01	0.66	0.66	0	0	0.01
106100	0	0.66	0.66	0	0	0
106200	0.01	0.66	0.66	0	0	0.01
106300	0.01	0.66	0.66	0	0	0.01
106400	0.02	0.66	0.66	0	0	0.02
106500	0.02	0.67	0.67	0	0	0.02
106600	0.01	0.67	0.67	0	0	0.01
106700	0.01	0.67	0.67	0	0	0.01
106800	0.01	0.67	0.67	0	0	0.01
106900	0.02	0.67	0.67	0	0	0.02
107000	0.02	0.67	0.67	0	0	0.02
107100	0.03	0.67	0.67	0	0	0.03
107200	0.02	0.67	0.67	0	0	0.02
107300	0.02	0.67	0.67	0	0	0.02
107400	0.01	0.67	0.67	0	0	0.01
107500	0.01	0.67	0.67	0	0	0.01
107600	0.02	0.67	0.67	0	0	0.02
107700	0.02	0.67	0.67	0	0	0.02
107800	0.03	0.67	0.67	0	0	0.03
107900	0.01	0.67	0.67	0	0	0.01
108000	0	0.67	0.67	0	0	0
108100	0	0.67	0.67	0	0	0
108200	0.01	0.67	0.67	0	0	0.01
108300	0.02	0.67	0.67	0	0	0.02
108400	0.02	0.67	0.67	0	0	0.02
108500	0.02	0.67	0.67	0	0	0.02
108600	0.03	0.67	0.67	0	0	0.03
108700	0.04	0.67	0.67	0	0	0.04
108800	0.03	0.67	0.67	0	0	0.03
108900	0.02	0.68	0.68	0	0	0.02
109000	0.01	0.68	0.68	0	0	0.01
109100	0.01	0.68	0.68	0	0	0.01
109200	0.01	0.68	0.68	0	0	0.01
109300	0.01	0.68	0.68	0	0	0.01
109400	0.01	0.68	0.68	0	0	0.01
109500	0.02	0.68	0.68	0	0	0.02
109600	0.02	0.68	0.68	0	0	0.02
109700	0.03	0.68	0.68	0	0	0.03
109800	0.03	0.68	0.68	0	0	0.03
109900	0.02	0.68	0.68	0	0	0.02
110000	0.01	0.68	0.68	0	0	0.01
110100	0	0.68	0.68	0	0	0
110200	0	0.68	0.68	0	0	0
110300	0	0.68	0.68	0	0	0
110400	0	0.68	0.68	0	0	0
110500	0	0.68	0.68	0	0	0
110600	0	0.68	0.68	0	0	0
110700	0	0.68	0.68	0	0	0
110800	0	0.68	0.68	0	0	0
110900	0	0.68	0.68	0	0	0
111000	0	0.68	0.68	0	0	0
111100	0	0.68	0.68	0	0	0
111200	0	0.68	0.68	0	0	0
111300	0	0.68	0.68	0	0	0
111400	0	0.68	0.68	0	0	0
111500	0.02	0.68	0.68	0	0	0.02
111600	0.03	0.68	0.68	0	0	0.03
111700	0.03	0.68	0.68	0	0	0.03
111800	0.03	0.68	0.68	0	0	0.03
111900	0.03	0.68	0.68	0	0	0.03
112000	0.01	0.68	0.68	0	0	0.01
112100	0	0.68	0.68	0	0	0
112200	0	0.68	0.68	0	0	0
112300	0	0.68	0.68	0	0	0
112400	0.01	0.68	0.68	0	0	0.01
112500	0.01	0.68	0.68	0	0	0.01
112600	0.01	0.68	0.68	0	0	0.01
112700	0	0.68	0.68	0	0	0
112800	0	0.68	0.68	0	0	0
112900	0	0.68	0.68	0	0	0
113000	0	0.68	0.68	0	0	0
113100	0.02	0.68	0.68	0	0	0.02
113200	0.03	0.68	0.68	0	0	0.03
113300	0.03	0.68	0.68	0	0	0.03
113400	0.03	0.68	0.68	0	0	0.03
113500	0.02	0.68	0.68	0	0	0.02
113600	0	0.68	0.68	0	0	0
113700	0.01	0.68	0.68	0	0	0.01
113800	0.02	0.68	0.68	0	0	0.02
113900	0.03	0.68	0.68	0	0	0.03
114000	0.05	0.68	0.68	0	0	0.05
114100	0.04	0.68	0.68	0	0	0.04
114200	0.04	0.67	0.67	0	0	0.04
114300	0.03	0.67	0.67	0	0	0.03
114400	0.02	0.67	0.67	0	0	0.02
114500	0.02	0.67	0.67	0	0	0.02
114600	0.01	0.67	0.67	0	0	0.01
114700	0	0.67	0.67	0	0	0
114800	0.01	0.67	0.67	0	0	0.01
114900	0	0.67	0.67	0	0	0
115000	0.01	0.67	0.67	0	0	0.01
115100	0.01	0.67	0.67	0	0	0.01
115200	0.01	0.67	0.67	0	0	0.01
115300	0.02	0.68	0.68	0	0	0.02
115400	0.02	0.68	0.68	0	0	0.02
115500	0.01	0.68	0.68	0	0	0.01
115600	0.03	0.68	0.68	0	0	0.03
115700	0.03	0.68	0.68	0	0	0.03
115800	0.02	0.68	0.68	0	0	0.02
115900	0.02	0.68	0.68	0	0	0.02
116000	0.02	0.68	0.68	0	0	0.02
116100	0.01	0.68	0.68	0	0	0.01
116200	0.02	0.68	0.68	0	0	0.02
116300	0.02	0.68	0.68	0	0	0.02
116400	0.05	0.68	0.68	0	0	0.05
116500	0.03	0.68	0.68	0	0	0.03
116600	0.03	0.68	0.68	0	0	0.03
116700	0.02	0.68	0.68	0	0	0.02
116800	0.01	0.68	0.68	0	0	0.01
116900	0.01	0.68	0.68	0	0	0.01
117000	0.02	0.68	0.68	0	0	0.02
117100	0.03	0.68	0.68	0	0	0.03
117200	0.03	0.68	0.68	0	0	0.03
117300	0.03	0.68	0.68	0	0	0.03
117400	0.03	0.68	0.68	0	0	0.03
117500	0.03	0.68	0.68	0	0	0.03
117600	0.04	0.68	0.68	0	0	0.04
117700	0.03	0.68	0.68	0	0	0.03
117800	0.03	0.68	0.68	0	0	0.03
117900	0.02	0.68	0.68	0	0	0.02
118000	0.02	0.68	0.68	0	0	0.02
118100	0	0.68	0.68	0	0	0
118200	0.01	0.68	0.68	0	0	0.01
118300	0.01	0.68	0.68	0	0	0.01
118400	0.02	0.68	0.68	0	0	0.02
118500	0.03	0.68	0.68	0	0	0.03
118600	0.03	0.67	0.67	0	0	0.03
118700	0.04	0.67	0.67	0	0	0.04
118800	0.03	0.67	0.67	0	0	0.03
118900	0.02	0.67	0.67	0	0	0.02
119000	0.02	0.67	0.67	0	0	0.02
119100	0.03	0.67	0.67	0	0	0.03
119200	0.03	0.67	0.67	0	0	0.03
119300	0.01	0.67	0.67	0	0	0.01
119400	0.01	0.67	0.67	0	0	0.01
119500	0.02	0.67	0.67	0	0	0.02
119600	0.02	0.67	0.67	0	0	0.02
119700	0.03	0.67	0.67	0	0	0.03
119800	0.02	0.67	0.67	0	0	0.02
119900	0	0.67	0.67	0	0	0
120000	0	0.67	0.67	0	0	0
120100	0.01	0.68	0.68	0	0	0.01
120200	0.01	0.68	0.68	0	0	0.01
120300	0.02	0.68	0.68	0	0	0.02
120400	0.02	0.68	0.68	0	0	0.02
120500	0.03	0.68	0.68	0	0	0.03
120600	0.03	0.68	0.68	0	0	0.03
120700	0.02	0.68	0.68	0	0	0.02
120800	0.01	0.68	0.68	0	0	0.01
120900	0.02	0.68	0.68	0	0	0.02
121000	0.01	0.68	0.68	0	0	0.01
121100	0.01	0.68	0.68	0	0	0.01
121200	0.02	0.68	0.68	0	0	0.02
121300	0.02	0.68	0.68	0	0	0.02
121400	0.02	0.68	0.68	0	0	0.02
121500	0.02	0.68	0.68	0	0	0.02
121600	0	0.68	0.68	0	0	0
121700	0	0.68	0.68	0	0	0
121800	0	0.68	0.68	0	0	0
121900	0	0.68	0.68	0	0	0
122000	0	0.68	0.68	0	0	0
122100	0.01	0.68	0.68	0	0	0.01
122200	0.01	0.68	0.68	0	0	0.01
122300	0.01	0.68	0.68	0	0	0.01
122400	0.01	0.68	0.68	0	0	0.01
122500	0.04	0.68	0.68	0	0	0.04
122600	0.04	0.68	0.68	0	0	0.04
122700	0.04	0.68	0.68	0	0	0.04
122800	0.04	0.68	0.68	0	0	0.04
122900	0.02	0.68	0.68	0	0	0.02
123000	0.02	0.68	0.68	0	0	0.02
123100	0.02	0.68	0.68	0	0	0.02
123200	0.01	0.68	0.68	0	0	0.01
123300	0.01	0.68	0.68	0	0	0.01
123400	0.01	0.68	0.68	0	0	0.01
123500	0.01	0.69	0.69	0	0	0.01
123600	0.01	0.69	0.69	0	0	0.01
123700	0.01	0.69	0.69	0	0	0.01
123800	0.01	0.69	0.69	0	0	0.01
123900	0.02	0.69	0.69	0	0	0.02
124000	0.01	0.69	0.69	0	0	0.01
124100	0.01	0.69	0.69	0	0	0.01
124200	0.01	0.69	0.69	0	0	0.01
124300	0	0.69	0.69	0	0	0
124400	0	0.69	0.69	0	0	0
124500	0	0.69	0.69	0	0	0
124600	0	0.69	0.69	0	0	0
124700	0.02	0.69	0.69	0	0	0.02
124800	0	0.69	0.69	0	0	0
124900	0.02	0.69	0.69	0	0	0.02
125000	0.02	0.69	0.69	0	0	0.02
125100	0.02	0.69	0.69	0	0	0.02
125200	0.02	0.69	0.69	0	0	0.02
125300	0.02	0.7	0.7	0	0	0.02
125400	0.02	0.7	0.7	0	0	0.02
125500	0.01	0.7	0.7	0	0	0.01
125600	0.01	0.7	0.7	0	0	0.01
125700	0.01	0.7	0.7	0	0	0.01
125800	0.01	0.7	0.7	0	0	0.01
125900	0.01	0.7	0.7	0	0	0.01
126000	0.02	0.69	0.69	0	0	0.02
126100	0.01	0.69	0.69	0	0	0.01
126200	0.01	0.69	0.69	0	0	0.01
126300	0.01	0.69	0.69	0	0	0.01
126400	0.02	0.69	0.69	0	0	0.02
126500	0.04	0.69	0.69	0	0	0.04
126600	0.05	0.69	0.69	0	0	0.05
126700	0.06	0.69	0.69	0	0	0.06
126800	0.09	0.69	0.69	0	0	0.09
126900	0.09	0.69	0.69	0	0	0.09
127000	0.08	0.69	0.69	0	0	0.08
127100	0.08	0.69	0.69	0	0	0.08
127200	0.08	0.69	0.69	0	0	0.08
127300	0.08	0.69	0.69	0	0	0.08
127400	0.07	0.69	0.69	0	0	0.07
127500	0.07	0.69	0.69	0	0	0.07
127600	0.07	0.69	0.69	0	0	0.07
127700	0.06	0.69	0.69	0	0	0.06
127800	0.06	0.69	0.69	0	0	0.06
127900	0.06	0.69	0.69	0	0	0.06
128000	0.06	0.69	0.69	0	0	0.06
128100	0.06	0.69	0.69	0	0	0.06
128200	0.06	0.69	0.69	0	0	0.06
128300	0.05	0.69	0.69	0	0	0.05
128400	0.03	0.69	0.69	0	0	0.03
128500	0.02	0.69	0.69	0	0	0.02
128600	0.01	0.68	0.68	0	0	0.01
128700	0	0.68	0.68	0	0	0
128800	0.01	0.68	0.68	0	0	0.01
128900	0	0.68	0.68	0	0	0
129000	0.01	0.68	0.68	0	0	0.01
129100	0.01	0.68	0.68	0	0	0.01
129200	0.01	0.68	0.68	0	0	0.01
129300	0.02	0.68	0.68	0	0	0.02
129400	0.02	0.68	0.68	0	0	0.02
129500	0.02	0.68	0.68	0	0	0.02
129600	0	0.68	0.68	0	0	0
129700	0	0.68	0.68	0	0	0
129800	0.01	0.68	0.68	0	0	0.01
129900	0.01	0.68	0.68	0	0	0.01
130000	0.02	0.68	0.68	0	0	0.02
130100	0.02	0.68	0.68	0	0	0.02
130200	0.02	0.68	0.68	0	0	0.02
130300	0.01	0.68	0.68	0	0	0.01
130400	0.01	0.68	0.68	0	0	0.01
130500	0.02	0.68	0.68	0	0	0.02
130600	0.02	0.68	0.68	0	0	0.02
130700	0.02	0.68	0.68	0	0	0.02
130800	0.03	0.68	0.68	0	0	0.03
130900	0.02	0.68	0.68	0	0	0.02
131000	0.01	0.68	0.68	0	0	0.01
131100	0.01	0.68	0.68	0	0	0.01
131200	0	0.68	0.68	0	0	0
131300	0	0.68	0.68	0	0	0
131400	0	0.68	0.68	0	0	0
131500	0.02	0.68	0.68	0	0	0.02
131600	0.01	0.68	0.68	0	0	0.01
131700	0.01	0.68	0.68	0	0	0.01
131800	0	0.68	0.68	0	0	0
131900	0.01	0.68	0.68	0	0	0.01
132000	0.02	0.68	0.68	0	0	0.02
132100	0.02	0.68	0.68	0	0	0.02
132200	0.02	0.68	0.68	0	0	0.02
132300	0.02	0.68	0.68	0	0	0.02
132400	0.01	0.68	0.68	0	0	0.01
132500	0.01	0.68	0.68	0	0	0.01
132600	0	0.68	0.68	0	0	0
132700	0.01	0.68	0.68	0	0	0.01
132800	0.01	0.68	0.68	0	0	0.01
132900	0.01	0.68	0.68	0	0	0.01
133000	0	0.68	0.68	0	0	0
133100	0	0.68	0.68	0	0	0
133200	0	0.68	0.68	0	0	0
133300	0	0.68	0.68	0	0	0
133400	0	0.68	0.68	0	0	0
133500	0.01	0.68	0.68	0	0	0.01
133600	0.02	0.68	0.68	0	0	0.02
133700	0.02	0.68	0.68	0	0	0.02
133800	0.01	0.68	0.68	0	0	0.01
133900	0.01	0.68	0.68	0	0	0.01
134000	0.01	0.68	0.68	0	0	0.01
134100	0.01	0.68	0.68	0	0	0.01
134200	0	0.68	0.68	0	0	0
134300	0	0.68	0.68	0	0	0
134400	0	0.68	0.68	0	0	0
134500	0	0.68	0.68	0	0	0
134600	0.01	0.68	0.68	0	0	0.01
134700	0.02	0.68	0.68	0	0	0.02
134800	0.01	0.68	0.68	0	0	0.01
134900	0.01	0.68	0.68	0	0	0.01
135000	0.01	0.68	0.68	0	0	0.01
135100	0.01	0.68	0.68	0	0	0.01
135200	0	0.68	0.68	0	0	0
135300	0.01	0.68	0.68	0	0	0.01
135400	0.01	0.68	0.68	0	0	0.01
135500	0.02	0.68	0.68	0	0	0.02
135600	0	0.68	0.68	0	0	0
135700	0.01	0.68	0.68	0	0	0.01
135800	0.01	0.68	0.68	0	0	0.01
135900	0.01	0.68	0.68	0	0	0.01
136000	0.01	0.68	0.68	0	0	0.01
136100	0	0.68	0.68	0	0	0
136200	0	0.68	0.68	0	0	0
136300	0	0.68	0.68	0	0	0
136400	0	0.68	0.68	0	0	0
136500	0	0.68	0.68	0	0	0
136600	0	0.68	0.68	0	0	0
136700	0	0.68	0.68	0	0	0
136800	0.01	0.68	0.68	0	0	0.01
136900	0.01	0.68	0.68	0	0	0.01
137000	0.03	0.68	0.68	0	0	0.03
137100	0.03	0.68	0.68	0	0	0.03
137200	0.04	0.68	0.68	0	0	0.04
137300	0.03	0.68	0.68	0	0	0.03
137400	0.03	0.68	0.68	0	0	0.03
137500	0.02	0.68	0.68	0	0	0.02
137600	0.01	0.68	0.68	0	0	0.01
137700	0.01	0.68	0.68	0	0	0.01
137800	0.01	0.68	0.68	0	0	0.01
137900	0	0.68	0.68	0	0	0
138000	0	0.68	0.68	0	0	0
138100	0	0.68	0.68	0	0	0
138200	0	0.68	0.68	0	0	0
138300	0	0.68	0.68	0	0	0
138400	0	0.68	0.68	0	0	0
138500	0.02	0.68	0.68	0	0	0.02
138600	0.02	0.68	0.68	0	0	0.02
138700	0.02	0.68	0.68	0	0	0.02
138800	0.03	0.68	0.68	0	0	0.03
138900	0.04	0.68	0.68	0	0	0.04
139000	0.03	0.67	0.67	0	0	0.03
139100	0.02	0.67	0.67	0	0	0.02
139200	0.02	0.67	0.67	0	0	0.02
139300	0.02	0.67	0.67	0	0	0.02
139400	0.01	0.67	0.67	0	0	0.01
139500	0.01	0.67	0.67	0	0	0.01
139600	0.01	0.67	0.67	0	0	0.01
139700	0.02	0.67	0.67	0	0	0.02
139800	0.02	0.67	0.67	0	0	0.02
139900	0.01	0.67	0.67	0	0	0.01
140000	0.01	0.67	0.67	0	0	0.01
140100	0.03	0.67	0.67	0	0	0.03
140200	0.03	0.67	0.67	0	0	0.03
140300	0.02	0.67	0.67	0	0	0.02
140400	0.02	0.67	0.67	0	0	0.02
140500	0.02	0.67	0.67	0	0	0.02
140600	0.01	0.67	0.67	0	0	0.01
140700	0.03	0.67	0.67	0	0	0.03
140800	0.06	0.67	0.67	0	0	0.06
140900	0.07	0.67	0.67	0	0	0.07
141000	0.08	0.67	0.67	0	0	0.08
141100	0.06	0.67	0.67	0	0	0.06
141200	0.04	0.67	0.67	0	0	0.04
141300	0.02	0.67	0.67	0	0	0.02
141400	0.01	0.67	0.67	0	0	0.01
141500	0.01	0.67	0.67	0	0	0.01
141600	0.02	0.67	0.67	0	0	0.02
141700	0.03	0.67	0.67	0	0	0.03
141800	0.03	0.67	0.67	0	0	0.03
141900	0.03	0.67	0.67	0	0	0.03
142000	0.01	0.67	0.67	0	0	0.01
142100	0.01	0.68	0.68	0	0	0.01
142200	0.01	0.68	0.68	0	0	0.01
142300	0.01	0.68	0.68	0	0	0.01
142400	0.01	0.68	0.68	0	0	0.01
142500	0.03	0.68	0.68	0	0	0.03
142600	0.03	0.68	0.68	0	0	0.03
142700	0.04	0.68	0.68	0	0	0.04
142800	0.04	0.68	0.68	0	0	0.04
142900	0.03	0.68	0.68	0	0	0.03
143000	0.02	0.68	0.68	0	0	0.02
143100	0.02	0.68	0.68	0	0	0.02
143200	0.01	0.68	0.68	0	0	0.01
143300	0	0.68	0.68	0	0	0
143400	0	0.68	0.68	0	0	0
143500	0	0.68	0.68	0	0	0
143600	0.01	0.68	0.68	0	0	0.01
143700	0.03	0.68	0.68	0	0	0.03
143800	0.03	0.68	0.68	0	0	0.03
143900	0.02	0.68	0.68	0	0	0.02
144000	0.02	0.68	0.68	0	0	0.02
144100	0.03	0.68	0.68	0	0	0.03
144200	0.03	0.68	0.68	0	0	0.03
144300	0.02	0.68	0.68	0	0	0.02
144400	0.02	0.68	0.68	0	0	0.02
144500	0.01	0.68	0.68	0	0	0.01
144600	0.01	0.68	0.68	0	0	0.01
144700	0.01	0.68	0.68	0	0	0.01
144800	0.01	0.68	0.68	0	0	0.01
144900	0.01	0.68	0.68	0	0	0.01
145000	0.02	0.68	0.68	0	0	0.02
145100	0.02	0.68	0.68	0	0	0.02
145200	0.02	0.68	0.68	0	0	0.02
145300	0.01	0.67	0.67	0	0	0.01
145400	0	0.67	0.67	0	0	0
145500	0	0.67	0.67	0	0	0
145600	0.01	0.67	0.67	0	0	0.01
145700	0.01	0.67	0.67	0	0	0.01
145800	0.02	0.67	0.67	0	0	0.02
145900	0.03	0.67	0.67	0	0	0.03
146000	0.02	0.67	0.67	0	0	0.02
146100	0.01	0.67	0.67	0	0	0.01
146200	0.01	0.67	0.67	0	0	0.01
146300	0.01	0.67	0.67	0	0	0.01
146400	0.01	0.67	0.67	0	0	0.01
146500	0.01	0.67	0.67	0	0	0.01
146600	0.01	0.67	0.67	0	0	0.01
146700	0	0.68	0.68	0	0	0
146800	0.02	0.68	0.68	0	0	0.02
146900	0.03	0.68	0.68	0	0	0.03
147000	0.01	0.68	0.68	0	0	0.01
147100	0.01	0.68	0.68	0	0	0.01
147200	0	0.68	0.68	0	0	0
147300	0	0.68	0.68	0	0	0
147400	0	0.68	0.68	0	0	0
147500	0	0.68	0.68	0	0	0
147600	0	0.68	0.68	0	0	0
147700	0.01	0.68	0.68	0	0	0.01
147800	0.04	0.68	0.68	0	0	0.04
147900	0.03	0.68	0.68	0	0	0.03
148000	0.01	0.68	0.68	0	0	0.01
148100	0.02	0.68	0.68	0	0	0.02
148200	0.04	0.68	0.68	0	0	0.04
148300	0.04	0.68	0.68	0	0	0.04
148400	0.03	0.68	0.68	0	0	0.03
148500	0.03	0.69	0.69	0	0	0.03
148600	0.03	0.69	0.69	0	0	0.03
148700	0.03	0.69	0.69	0	0	0.03
148800	0.02	0.69	0.69	0	0	0.02
148900	0.01	0.69	0.69	0	0	0.01
149000	0.02	0.69	0.69	0	0	0.02
149100	0.02	0.69	0.69	0	0	0.02
149200	0.02	0.69	0.69	0	0	0.02
149300	0.02	0.69	0.69	0	0	0.02
149400	0.03	0.69	0.69	0	0	0.03
149500	0.03	0.69	0.69	0	0	0.03
149600	0.03	0.69	0.69	0	0	0.03
149700	0.02	0.69	0.69	0	0	0.02
149800	0.01	0.69	0.69	0	0	0.01
149900	0.01	0.69	0.69	0	0	0.01
150000	0	0.69	0.69	0	0	0
150100	0.01	0.69	0.69	0	0	0.01
150200	0.01	0.69	0.69	0	0	0.01
150300	0.02	0.69	0.69	0	0	0.02
150400	0.02	0.69	0.69	0	0	0.02
150500	0.03	0.69	0.69	0	0	0.03
150600	0.03	0.69	0.69	0	0	0.03
150700	0.02	0.69	0.69	0	0	0.02
150800	0.03	0.69	0.69	0	0	0.03
150900	0.02	0.69	0.69	0	0	0.02
151000	0.02	0.69	0.69	0	0	0.02
151100	0.01	0.69	0.69	0	0	0.01
151200	0.01	0.69	0.69	0	0	0.01
151300	0.01	0.69	0.69	0	0	0.01
151400	0.01	0.69	0.69	0	0	0.01
151500	0.01	0.69	0.69	0	0	0.01
151600	0.01	0.69	0.69	0	0	0.01
151700	0.01	0.69	0.69	0	0	0.01
151800	0.01	0.69	0.69	0	0	0.01
151900	0.02	0.69	0.69	0	0	0.02
152000	0.03	0.69	0.69	0	0	0.03
152100	0.02	0.69	0.69	0	0	0.02
152200	0.02	0.69	0.69	0	0	0.02
152300	0.01	0.69	0.69	0	0	0.01
152400	0.01	0.69	0.69	0	0	0.01
152500	0.01	0.69	0.69	0	0	0.01
152600	0.01	0.69	0.69	0	0	0.01
152700	0	0.69	0.69	0	0	0
152800	0	0.69	0.69	0	0	0
152900	0	0.69	0.69	0	0	0
153000	0	0.69	0.69	0	0	0
153100	0	0.69	0.69	0	0	0
153200	0.01	0.69	0.69	0	0	0.01
153300	0.02	0.69	0.69	0	0	0.02
153400	0.02	0.69	0.69	0	0	0.02
153500	0.03	0.69	0.69	0	0	0.03
153600	0.01	0.69	0.69	0	0	0.01
153700	0.01	0.69	0.69	0	0	0.01
153800	0	0.68	0.68	0	0	0
153900	0	0.68	0.68	0	0	0
154000	0.02	0.68	0.68	0	0	0.02
154100	0.03	0.68	0.68	0	0	0.03
154200	0.03	0.68	0.68	0	0	0.03
154300	0.02	0.68	0.68	0	0	0.02
154400	0.02	0.68	0.68	0	0	0.02
154500	0.02	0.68	0.68	0	0	0.02
154600	0.03	0.68	0.68	0	0	0.03
154700	0.03	0.68	0.68	0	0	0.03
154800	0.03	0.68	0.68	0	0	0.03
154900	0.03	0.68	0.68	0	0	0.03
155000	0.01	0.68	0.68	0	0	0.01
155100	0.03	0.68	0.68	0	0	0.03
155200	0.04	0.68	0.68	0	0	0.04
155300	0.04	0.68	0.68	0	0	0.04
155400	0.04	0.68	0.68	0	0	0.04
155500	0.04	0.68	0.68	0	0	0.04
155600	0.03	0.68	0.68	0	0	0.03
155700	0.02	0.68	0.68	0	0	0.02
155800	0.02	0.68	0.68	0	0	0.02
155900	0.01	0.68	0.68	0	0	0.01
156000	0.01	0.68	0.68	0	0	0.01
156100	0.02	0.68	0.68	0	0	0.02
156200	0.02	0.68	0.68	0	0	0.02
156300	0.01	0.68	0.68	0	0	0.01
156400	0.01	0.68	0.68	0	0	0.01
156500	0.02	0.68	0.68	0	0	0.02
156600	0.02	0.68	0.68	0	0	0.02
156700	0.01	0.68	0.68	0	0	0.01
156800	0.02	0.68	0.68	0	0	0.02
156900	0.04	0.68	0.68	0	0	0.04
157000	0.04	0.68	0.68	0	0	0.04
157100	0.03	0.68	0.68	0	0	0.03
157200	0.04	0.68	0.68	0	0	0.04
157300	0.02	0.68	0.68	0	0	0.02
157400	0.02	0.68	0.68	0	0	0.02
157500	0.01	0.68	0.68	0	0	0.01
157600	0.01	0.68	0.68	0	0	0.01
157700	0.01	0.68	0.68	0	0	0.01
157800	0.02	0.69	0.69	0	0	0.02
157900	0.03	0.69	0.69	0	0	0.03
158000	0.03	0.7	0.7	0	0	0.03
158100	0.03	0.7	0.7	0	0	0.03
158200	0.02	0.69	0.69	0	0	0.02
158300	0	0.69	0.69	0	0	0
158400	0	0.69	0.69	0	0	0
158500	0	0.69	0.69	0	0	0
158600	0.01	0.68	0.68	0	0	0.01
158700	0.01	0.69	0.69	0	0	0.01
158800	0.01	0.69	0.69	0	0	0.01
158900	0.02	0.69	0.69	0	0	0.02
159000	0.02	0.69	0.69	0	0	0.02
159100	0.03	0.69	0.69	0	0	0.03
159200	0.03	0.69	0.69	0	0	0.03
159300	0.03	0.69	0.69	0	0	0.03
159400	0.04	0.69	0.69	0	0	0.04
159500	0.03	0.69	0.69	0	0	0.03
159600	0.02	0.69	0.69	0	0	0.02
159700	0	0.69	0.69	0	0	0
159800	0	0.69	0.69	0	0	0
159900	0.01	0.69	0.69	0	0	0.01
160000	0.02	0.69	0.69	0	0	0.02
160100	0.02	0.69	0.69	0	0	0.02
160200	0.02	0.69	0.69	0	0	0.02
160300	0.02	0.69	0.69	0	0	0.02
160400	0.02	0.69	0.69	0	0	0.02
160500	0.01	0.69	0.69	0	0	0.01
160600	0	0.69	0.69	0	0	0
160700	0	0.69	0.69	0	0	0
160800	0	0.69	0.69	0	0	0
160900	0	0.69	0.69	0	0	0
161000	0	0.69	0.69	0	0	0
161100	0	0.69	0.69	0	0	0
161200	0.01	0.69	0.69	0	0	0.01
161300	0.01	0.69	0.69	0	0	0.01
161400	0.01	0.69	0.69	0	0	0.01
161500	0.01	0.69	0.69	0	0	0.01
161600	0.02	0.69	0.69	0	0	0.02
161700	0.01	0.69	0.69	0	0	0.01
161800	0.01	0.69	0.69	0	0	0.01
161900	0.03	0.69	0.69	0	0	0.03
162000	0.03	0.69	0.69	0	0	0.03
162100	0.03	0.69	0.69	0	0	0.03
162200	0.01	0.69	0.69	0	0	0.01
162300	0.02	0.69	0.69	0	0	0.02
162400	0.04	0.69	0.69	0	0	0.04
162500	0.05	0.69	0.69	0	0	0.05
162600	0.03	0.69	0.69	0	0	0.03
162700	0.03	0.69	0.69	0	0	0.03
162800	0.03	0.69	0.69	0	0	0.03
162900	0.03	0.69	0.69	0	0	0.03
163000	0.04	0.69	0.69	0	0	0.04
163100	0.04	0.69	0.69	0	0	0.04
163200	0.04	0.69	0.69	0	0	0.04
163300	0.04	0.69	0.69	0	0	0.04
163400	0.02	0.69	0.69	0	0	0.02
163500	0.01	0.69	0.69	0	0	0.01
163600	0.01	0.69	0.69	0	0	0.01
163700	0.01	0.69	0.69	0	0	0.01
163800	0.01	0.69	0.69	0	0	0.01
163900	0	0.69	0.69	0	0	0
164000	0.02	0.7	0.7	0	0	0.02
164100	0.02	0.7	0.7	0	0	0.02
164200	0.02	0.7	0.7	0	0	0.02
164300	0.02	0.7	0.7	0	0	0.02
164400	0.02	0.7	0.7	0	0	0.02
164500	0.02	0.7	0.7	0	0	0.02
164600	0.02	0.7	0.7	0	0	0.02
164700	0.01	0.7	0.7	0	0	0.01
164800	0.01	0.7	0.7	0	0	0.01
164900	0.01	0.7	0.7	0	0	0.01
165000	0.01	0.7	0.7	0	0	0.01
165100	0.02	0.7	0.7	0	0	0.02
165200	0.01	0.7	0.7	0	0	0.01
165300	0.01	0.7	0.7	0	0	0.01
165400	0.01	0.7	0.7	0	0	0.01
165500	0.02	0.7	0.7	0	0	0.02
165600	0.02	0.7	0.7	0	0	0.02
165700	0.02	0.7	0.7	0	0	0.02
165800	0.02	0.7	0.7	0	0	0.02
165900	0.02	0.7	0.7	0	0	0.02
166000	0.03	0.7	0.7	0	0	0.03
166100	0.03	0.7	0.7	0	0	0.03
166200	0.03	0.7	0.7	0	0	0.03
166300	0.02	0.7	0.7	0	0	0.02
166400	0.03	0.7	0.7	0	0	0.03
166500	0.03	0.7	0.7	0	0	0.03
166600	0	0.7	0.7	0	0	0
166700	0	0.7	0.7	0	0	0
166800	0.01	0.7	0.7	0	0	0.01
166900	0.01	0.7	0.7	0	0	0.01
167000	0.02	0.7	0.7	0	0	0.02
167100	0.04	0.7	0.7	0	0	0.04
167200	0.04	0.7	0.7	0	0	0.04
167300	0.04	0.7	0.7	0	0	0.04
167400	0.04	0.7	0.7	0	0	0.04
167500	0.02	0.7	0.7	0	0	0.02
167600	0.02	0.7	0.7	0	0	0.02
167700	0	0.7	0.7	0	0	0
167800	0.02	0.7	0.7	0	0	0.02
167900	0.02	0.7	0.7	0	0	0.02
168000	0.02	0.7	0.7	0	0	0.02
168100	0.03	0.7	0.7	0	0	0.03
168200	0.02	0.7	0.7	0	0	0.02
168300	0.02	0.7	0.7	0	0	0.02
168400	0.02	0.7	0.7	0	0	0.02
168500	0.01	0.7	0.7	0	0	0.01
168600	0.02	0.7	0.7	0	0	0.02
168700	0.02	0.7	0.7	0	0	0.02
168800	0.01	0.7	0.7	0	0	0.01
168900	0.02	0.69	0.69	0	0	0.02
169000	0.02	0.69	0.69	0	0	0.02
169100	0.01	0.69	0.69	0	0	0.01
169200	0.02	0.69	0.69	0	0	0.02
169300	0.02	0.69	0.69	0	0	0.02
169400	0	0.69	0.69	0	0	0
169500	0	0.69	0.69	0	0	0
169600	0.02	0.69	0.69	0	0	0.02
169700	0.02	0.69	0.69	0	0	0.02
169800	0.03	0.69	0.69	0	0	0.03
169900	0.02	0.69	0.69	0	0	0.02
170000	0.02	0.69	0.69	0	0	0.02
170100	0.02	0.69	0.69	0	0	0.02
170200	0.02	0.69	0.69	0	0	0.02
170300	0.01	0.69	0.69	0	0	0.01
170400	0.01	0.69	0.69	0	0	0.01
170500	0.02	0.69	0.69	0	0	0.02
170600	0.02	0.69	0.69	0	0	0.02
170700	0.02	0.69	0.69	0	0	0.02
170800	0.02	0.69	0.69	0	0	0.02
170900	0.02	0.69	0.69	0	0	0.02
171000	0.01	0.69	0.69	0	0	0.01
171100	0	0.69	0.69	0	0	0
171200	0	0.69	0.69	0	0	0
171300	0	0.69	0.69	0	0	0
171400	0.01	0.69	0.69	0	0	0.01
171500	0.02	0.69	0.69	0	0	0.02
171600	0.03	0.69	0.69	0	0	0.03
171700	0.03	0.69	0.69	0	0	0.03
171800	0.05	0.69	0.69	0	0	0.05
171900	0.04	0.69	0.69	0	0	0.04
172000	0.03	0.69	0.69	0	0	0.03
172100	0.01	0.69	0.69	0	0	0.01
172200	0.01	0.69	0.69	0	0	0.01
172300	0.01	0.69	0.69	0	0	0.01
172400	0.01	0.69	0.69	0	0	0.01
172500	0.01	0.69	0.69	0	0	0.01
172600	0.01	0.69	0.69	0	0	0.01
172700	0.01	0.69	0.69	0	0	0.01
172800	0.02	0.69	0.69	0	0	0.02
172900	0.02	0.69	0.69	0	0	0.02
173000	0.01	0.69	0.69	0	0	0.01
173100	0.01	0.69	0.69	0	0	0.01
173200	0.01	0.69	0.69	0	0	0.01
173300	0.01	0.69	0.69	0	0	0.01
173400	0	0.69	0.69	0	0	0
173500	0	0.69	0.69	0	0	0
173600	0	0.69	0.69	0	0	0
173700	0	0.69	0.69	0	0	0
173800	0.02	0.69	0.69	0	0	0.02
173900	0.03	0.69	0.69	0	0	0.03
174000	0.03	0.69	0.69	0	0	0.03
174100	0.03	0.69	0.69	0	0	0.03
174200	0.03	0.69	0.69	0	0	0.03
174300	0.02	0.69	0.69	0	0	0.02
174400	0.03	0.69	0.69	0	0	0.03
174500	0.02	0.69	0.69	0	0	0.02
174600	0.01	0.69	0.69	0	0	0.01
174700	0.01	0.69	0.69	0	0	0.01
174800	0	0.69	0.69	0	0	0
174900	0	0.69	0.69	0	0	0
175000	0	0.69	0.69	0	0	0
175100	0	0.69	0.69	0	0	0
175200	0	0.69	0.69	0	0	0
175300	0	0.69	0.69	0	0	0
175400	0	0.69	0.69	0	0	0
175500	0	0.69	0.69	0	0	0
175600	0	0.69	0.69	0	0	0
175700	0	0.69	0.69	0	0	0
175800	0	0.69	0.69	0	0	0
175900	0.01	0.69	0.69	0	0	0.01
176000	0.01	0.69	0.69	0	0	0.01
176100	0.01	0.69	0.69	0	0	0.01
176200	0.01	0.69	0.69	0	0	0.01
176300	0.01	0.69	0.69	0	0	0.01
176400	0.01	0.69	0.69	0	0	0.01
176500	0.01	0.69	0.69	0	0	0.01
176600	0.03	0.69	0.69	0	0	0.03
176700	0.03	0.69	0.69	0	0	0.03
176800	0.03	0.69	0.69	0	0	0.03
176900	0.03	0.69	0.69	0	0	0.03
177000	0.02	0.69	0.69	0	0	0.02
177100	0	0.69	0.69	0	0	0
177200	0	0.69	0.69	0	0	0
177300	0.01	0.69	0.69	0	0	0.01
177400	0.01	0.69	0.69	0	0	0.01
177500	0.02	0.69	0.69	0	0	0.02
177600	0.02	0.69	0.69	0	0	0.02
177700	0.03	0.69	0.69	0	0	0.03
177800	0.04	0.69	0.69	0	0	0.04
177900	0.03	0.69	0.69	0	0	0.03
178000	0.02	0.69	0.69	0	0	0.02
178100	0.02	0.69	0.69	0	0	0.02
178200	0.02	0.69	0.69	0	0	0.02
178300	0.02	0.69	0.69	0	0	0.02
178400	0	0.69	0.69	0	0	0
178500	0	0.69	0.69	0	0	0
178600	0.03	0.69	0.69	0	0	0.03
178700	0.04	0.69	0.69	0	0	0.04
178800	0.03	0.69	0.69	0	0	0.03
178900	0.03	0.69	0.69	0	0	0.03
179000	0.02	0.69	0.69	0	0	0.02
179100	0.02	0.69	0.69	0	0	0.02
179200	0	0.69	0.69	0	0	0
179300	0	0.69	0.69	0	0	0
179400	0	0.69	0.69	0	0	0
179500	0.01	0.69	0.69	0	0	0.01
179600	0.01	0.69	0.69	0	0	0.01
179700	0.01	0.69	0.69	0	0	0.01
179800	0.01	0.69	0.69	0	0	0.01
179900	0.01	0.69	0.69	0	0	0.01
180000	0	0.69	0.69	0	0	0
180100	0	0.69	0.69	0	0	0
180200	0	0.69	0.69	0	0	0
180300	0.01	0.69	0.69	0	0	0.01
180400	0.03	0.69	0.69	0	0	0.03
180500	0.03	0.69	0.69	0	0	0.03
180600	0.03	0.69	0.69	0	0	0.03
180700	0.03	0.69	0.69	0	0	0.03
180800	0.03	0.7	0.7	0	0	0.03
180900	0.02	0.7	0.7	0	0	0.02
181000	0	0.7	0.7	0	0	0
181100	0	0.7	0.7	0	0	0
181200	0.03	0.7	0.7	0	0	0.03
181300	0.03	0.7	0.7	0	0	0.03
181400	0.04	0.7	0.7	0	0	0.04
181500	0.05	0.7	0.7	0	0	0.05
181600	0.04	0.7	0.7	0	0	0.04
181700	0.04	0.7	0.7	0	0	0.04
181800	0.02	0.7	0.7	0	0	0.02
181900	0.01	0.7	0.7	0	0	0.01
182000	0.01	0.7	0.7	0	0	0.01
182100	0.01	0.7	0.7	0	0	0.01
182200	0	0.7	0.7	0	0	0
182300	0	0.7	0.7	0	0	0
182400	0	0.7	0.7	0	0	0
182500	0	0.7	0.7	0	0	0
182600	0.01	0.7	0.7	0	0	0.01
182700	0.01	0.7	0.7	0	0	0.01
182800	0.01	0.7	0.7	0	0	0.01
182900	0.02	0.7	0.7	0	0	0.02
183000	0.01	0.7	0.7	0	0	0.01
183100	0.02	0.7	0.7	0	0	0.02
183200	0.03	0.7	0.7	0	0	0.03
183300	0.02	0.7	0.7	0	0	0.02
183400	0.02	0.7	0.7	0	0	0.02
183500	0.01	0.7	0.7	0	0	0.01
183600	0.01	0.7	0.7	0	0	0.01
183700	0.01	0.7	0.7	0	0	0.01
183800	0.03	0.7	0.7	0	0	0.03
183900	0.03	0.7	0.7	0	0	0.03
184000	0.03	0.7	0.7	0	0	0.03
184100	0.02	0.7	0.7	0	0	0.02
184200	0.02	0.7	0.7	0	0	0.02
184300	0.01	0.7	0.7	0	0	0.01
184400	0.01	0.7	0.7	0	0	0.01
184500	0	0.7	0.7	0	0	0
184600	0.01	0.7	0.7	0	0	0.01
184700	0.01	0.7	0.7	0	0	0.01
184800	0.01	0.7	0.7	0	0	0.01
184900	0.02	0.7	0.7	0	0	0.02
185000	0.02	0.7	0.7	0	0	0.02
185100	0.04	0.7	0.7	0	0	0.04
185200	0.03	0.7	0.7	0	0	0.03
185300	0.02	0.7	0.7	0	0	0.02
185400	0.02	0.7	0.7	0	0	0.02
185500	0.01	0.7	0.7	0	0	0.01
185600	0	0.7	0.7	0	0	0
185700	0	0.7	0.7	0	0	0
185800	0.01	0.7	0.7	0	0	0.01
185900	0.01	0.7	0.7	0	0	0.01
186000	0.02	0.7	0.7	0	0	0.02
186100	0.02	0.7	0.7	0	0	0.02
186200	0.01	0.7	0.7	0	0	0.01
186300	0.01	0.7	0.7	0	0	0.01
186400	0.01	0.7	0.7	0	0	0.01
186500	0.01	0.7	0.7	0	0	0.01
186600	0	0.7	0.7	0	0	0
186700	0	0.7	0.7	0	0	0
186800	0.01	0.7	0.7	0	0	0.01
186900	0.01	0.7	0.7	0	0	0.01
187000	0.03	0.7	0.7	0	0	0.03
187100	0.03	0.7	0.7	0	0	0.03
187200	0.05	0.7	0.7	0	0	0.05
187300	0.04	0.7	0.7	0	0	0.04
187400	0.04	0.7	0.7	0	0	0.04
187500	0.06	0.7	0.7	0	0	0.06
187600	0.03	0.7	0.7	0	0	0.03
187700	0.02	0.7	0.7	0	0	0.02
187800	0.01	0.7	0.7	0	0	0.01
187900	0.01	0.7	0.7	0	0	0.01
188000	0.02	0.7	0.7	0	0	0.02
188100	0.01	0.7	0.7	0	0	0.01
188200	0.01	0.7	0.7	0	0	0.01
188300	0.02	0.7	0.7	0	0	0.02
188400	0.02	0.7	0.7	0	0	0.02
188500	0.02	0.7	0.7	0	0	0.02
188600	0.03	0.7	0.7	0	0	0.03
188700	0.03	0.7	0.7	0	0	0.03
188800	0.02	0.7	0.7	0	0	0.02
188900	0.02	0.7	0.7	0	0	0.02
189000	0.03	0.7	0.7	0	0	0.03
189100	0.01	0.7	0.7	0	0	0.01
189200	0.01	0.7	0.7	0	0	0.01
189300	0.03	0.7	0.7	0	0	0.03
189400	0.04	0.7	0.7	0	0	0.04
189500	0.02	0.7	0.7	0	0	0.02
189600	0.02	0.7	0.7	0	0	0.02
189700	0.02	0.7	0.7	0	0	0.02
189800	0.01	0.7	0.7	0	0	0.01
189900	0	0.7	0.7	0	0	0
190000	0.01	0.7	0.7	0	0	0.01
190100	0.01	0.7	0.7	0	0	0.01
190200	0.01	0.7	0.7	0	0	0.01
190300	0.01	0.7	0.7	0	0	0.01
190400	0.03	0.7	0.7	0	0	0.03
190500	0.04	0.7	0.7	0	0	0.04
190600	0.03	0.7	0.7	0	0	0.03
190700	0.03	0.7	0.7	0	0	0.03
190800	0.03	0.7	0.7	0	0	0.03
190900	0.02	0.7	0.7	0	0	0.02
191000	0.01	0.7	0.7	0	0	0.01
191100	0	0.7	0.7	0	0	0
191200	0.01	0.7	0.7	0	0	0.01
191300	0	0.7	0.7	0	0	0
191400	0.01	0.7	0.7	0	0	0.01
191500	0.02	0.7	0.7	0	0	0.02
191600	0.03	0.7	0.7	0	0	0.03
191700	0.02	0.7	0.7	0	0	0.02
191800	0.02	0.7	0.7	0	0	0.02
191900	0.01	0.7	0.7	0	0	0.01
192000	0.01	0.7	0.7	0	0	0.01
192100	0.02	0.7	0.7	0	0	0.02
192200	0.02	0.7	0.7	0	0	0.02
192300	0.01	0.7	0.7	0	0	0.01
192400	0.02	0.7	0.7	0	0	0.02
192500	0.03	0.7	0.7	0	0	0.03
192600	0.02	0.7	0.7	0	0	0.02
192700	0.01	0.7	0.7	0	0	0.01
192800	0.01	0.7	0.7	0	0	0.01
192900	0	0.7	0.7	0	0	0
193000	0	0.7	0.7	0	0	0
193100	0.02	0.7	0.7	0	0	0.02
193200	0.02	0.7	0.7	0	0	0.02
193300	0.01	0.7	0.7	0	0	0.01
193400	0.01	0.7	0.7	0	0	0.01
193500	0	0.7	0.7	0	0	0
193600	0	0.7	0.7	0	0	0
193700	0.01	0.69	0.69	0	0	0.01
193800	0.01	0.69	0.69	0	0	0.01
193900	0.01	0.69	0.69	0	0	0.01
194000	0.01	0.69	0.69	0	0	0.01
194100	0.01	0.69	0.69	0	0	0.01
194200	0.01	0.69	0.69	0	0	0.01
194300	0.04	0.69	0.69	0	0	0.04
194400	0.03	0.69	0.69	0	0	0.03
194500	0.04	0.69	0.69	0	0	0.04
194600	0.03	0.69	0.69	0	0	0.03
194700	0.02	0.69	0.69	0	0	0.02
194800	0.02	0.69	0.69	0	0	0.02
194900	0.01	0.69	0.69	0	0	0.01
195000	0.01	0.69	0.69	0	0	0.01
195100	0	0.69	0.69	0	0	0
195200	0	0.69	0.69	0	0	0
195300	0	0.69	0.69	0	0	0
195400	0	0.69	0.69	0	0	0
195500	0	0.69	0.69	0	0	0
195600	0	0.69	0.69	0	0	0
195700	0	0.69	0.69	0	0	0
195800	0.01	0.69	0.69	0	0	0.01
195900	0.02	0.69	0.69	0	0	0.02
196000	0.02	0.69	0.69	0	0	0.02
196100	0.02	0.69	0.69	0	0	0.02
196200	0.02	0.69	0.69	0	0	0.02
196300	0.05	0.69	0.69	0	0	0.05
196400	0.05	0.69	0.69	0	0	0.05
196500	0.04	0.69	0.69	0	0	0.04
196600	0.02	0.69	0.69	0	0	0.02
196700	0.01	0.69	0.69	0	0	0.01
196800	0.01	0.69	0.69	0	0	0.01
196900	0	0.69	0.69	0	0	0
197000	0	0.69	0.69	0	0	0
197100	0.01	0.69	0.69	0	0	0.01
197200	0.01	0.69	0.69	0	0	0.01
197300	0.01	0.69	0.69	0	0	0.01
197400	0.02	0.69	0.69	0	0	0.02
197500	0.02	0.69	0.69	0	0	0.02
197600	0.02	0.69	0.69	0	0	0.02
197700	0.01	0.69	0.69	0	0	0.01
197800	0.01	0.69	0.69	0	0	0.01
197900	0.02	0.69	0.69	0	0	0.02
198000	0.02	0.69	0.69	0	0	0.02
198100	0.01	0.69	0.69	0	0	0.01
198200	0.01	0.69	0.69	0	0	0.01
198300	0.01	0.69	0.69	0	0	0.01
198400	0.01	0.69	0.69	0	0	0.01
198500	0.01	0.69	0.69	0	0	0.01
198600	0.01	0.69	0.69	0	0	0.01
198700	0.01	0.69	0.69	0	0	0.01
198800	0.01	0.69	0.69	0	0	0.01
198900	0	0.69	0.69	0	0	0
199000	0	0.69	0.69	0	0	0
199100	0	0.69	0.69	0	0	0
199200	0.01	0.69	0.69	0	0	0.01
199300	0.01	0.69	0.69	0	0	0.01
199400	0.01	0.69	0.69	0	0	0.01
199500	0.01	0.69	0.69	0	0	0.01
199600	0.01	0.69	0.69	0	0	0.01
199700	0.01	0.69	0.69	0	0	0.01
199800	0.01	0.69	0.69	0	0	0.01
199900	0.01	0.69	0.69	0	0	0.01
200000	0.01	0.68	0.68	0	0	0.01
200100	0.01	0.68	0.68	0	0	0.01
200200	0	0.68	0.68	0	0	0
200300	0	0.68	0.68	0	0	0
200400	0	0.68	0.68	0	0	0
200500	0	0.68	0.68	0	0	0
200600	0.01	0.68	0.68	0	0	0.01
200700	0.01	0.68	0.68	0	0	0.01
200800	0.01	0.68	0.68	0	0	0.01
200900	0.02	0.68	0.68	0	0	0.02
201000	0.03	0.68	0.68	0	0	0.03
201100	0.04	0.68	0.68	0	0	0.04
201200	0.03	0.68	0.68	0	0	0.03
201300	0.04	0.68	0.68	0	0	0.04
201400	0.04	0.68	0.68	0	0	0.04
201500	0.04	0.68	0.68	0	0	0.04
201600	0.05	0.68	0.68	0	0	0.05
201700	0.03	0.68	0.68	0	0	0.03
201800	0.04	0.68	0.68	0	0	0.04
201900	0.03	0.68	0.68	0	0	0.03
202000	0.02	0.68	0.68	0	0	0.02
202100	0.03	0.68	0.68	0	0	0.03
202200	0.02	0.68	0.68	0	0	0.02
202300	0	0.68	0.68	0	0	0
202400	0.01	0.68	0.68	0	0	0.01
202500	0.01	0.68	0.68	0	0	0.01
202600	0.01	0.68	0.68	0	0	0.01
202700	0.01	0.69	0.69	0	0	0.01
202800	0.02	0.69	0.69	0	0	0.02
202900	0.02	0.69	0.69	0	0	0.02
203000	0	0.69	0.69	0	0	0
203100	0	0.69	0.69	0	0	0
203200	0	0.69	0.69	0	0	0
203300	0.02	0.69	0.69	0	0	0.02
203400	0.02	0.69	0.69	0	0	0.02
203500	0.01	0.69	0.69	0	0	0.01
203600	0.01	0.69	0.69	0	0	0.01
203700	0.01	0.69	0.69	0	0	0.01
203800	0.03	0.69	0.69	0	0	0.03
203900	0.03	0.69	0.69	0	0	0.03
204000	0.03	0.69	0.69	0	0	0.03
204100	0.03	0.69	0.69	0	0	0.03
204200	0.02	0.69	0.69	0	0	0.02
204300	0.03	0.69	0.69	0	0	0.03
204400	0.04	0.69	0.69	0	0	0.04
204500	0.03	0.69	0.69	0	0	0.03
204600	0.03	0.69	0.69	0	0	0.03
204700	0.02	0.69	0.69	0	0	0.02
204800	0.05	0.69	0.69	0	0	0.05
204900	0.05	0.69	0.69	0	0	0.05
205000	0.03	0.69	0.69	0	0	0.03
205100	0.02	0.69	0.69	0	0	0.02
205200	0.03	0.69	0.69	0	0	0.03
205300	0.01	0.69	0.69	0	0	0.01
205400	0	0.69	0.69	0	0	0
205500	0.01	0.69	0.69	0	0	0.01
205600	0.01	0.69	0.69	0	0	0.01
205700	0.01	0.69	0.69	0	0	0.01
205800	0.01	0.69	0.69	0	0	0.01
205900	0.01	0.69	0.69	0	0	0.01
206000	0.01	0.69	0.69	0	0	0.01
206100	0.01	0.69	0.69	0	0	0.01
206200	0.02	0.69	0.69	0	0	0.02
206300	0.02	0.69	0.69	0	0	0.02
206400	0.02	0.69	0.69	0	0	0.02
206500	0.03	0.69	0.69	0	0	0.03
206600	0.03	0.69	0.69	0	0	0.03
206700	0.02	0.69	0.69	0	0	0.02
206800	0.01	0.69	0.69	0	0	0.01
206900	0.01	0.69	0.69	0	0	0.01
207000	0	0.69	0.69	0	0	0
207100	0	0.69	0.69	0	0	0
207200	0.01	0.69	0.69	0	0	0.01
207300	0.01	0.69	0.69	0	0	0.01
207400	0.02	0.69	0.69	0	0	0.02
207500	0.02	0.69	0.69	0	0	0.02
207600	0.02	0.69	0.69	0	0	0.02
207700	0.01	0.69	0.69	0	0	0.01
207800	0.01	0.69	0.69	0	0	0.01
207900	0.01	0.69	0.69	0	0	0.01
208000	0.02	0.69	0.69	0	0	0.02
208100	0.02	0.69	0.69	0	0	0.02
208200	0.02	0.69	0.69	0	0	0.02
208300	0.02	0.69	0.69	0	0	0.02
208400	0.01	0.69	0.69	0	0	0.01
208500	0	0.69	0.69	0	0	0
208600	0.01	0.69	0.69	0	0	0.01
208700	0.01	0.69	0.69	0	0	0.01
208800	0.02	0.69	0.69	0	0	0.02
208900	0.02	0.69	0.69	0	0	0.02
209000	0.01	0.69	0.69	0	0	0.01
209100	0.01	0.69	0.69	0	0	0.01
209200	0	0.69	0.69	0	0	0
209300	0	0.69	0.69	0	0	0
209400	0	0.69	0.69	0	0	0
209500	0	0.69	0.69	0	0	0
209600	0	0.69	0.69	0	0	0
209700	0.03	0.69	0.69	0	0	0.03
209800	0.02	0.69	0.69	0	0	0.02
209900	0.03	0.69	0.69	0	0	0.03
210000	0.03	0.69	0.69	0	0	0.03
210100	0.02	0.69	0.69	0	0	0.02
210200	0.02	0.69	0.69	0	0	0.02
210300	0.02	0.69	0.69	0	0	0.02
210400	0.01	0.69	0.69	0	0	0.01
210500	0.01	0.69	0.69	0	0	0.01
210600	0.01	0.69	0.69	0	0	0.01
210700	0.01	0.69	0.69	0	0	0.01
210800	0	0.69	0.69	0	0	0
210900	0	0.69	0.69	0	0	0
211000	0.01	0.69	0.69	0	0	0.01
211100	0.02	0.69	0.69	0	0	0.02
211200	0.02	0.69	0.69	0	0	0.02
211300	0.02	0.69	0.69	0	0	0.02
211400	0.02	0.69	0.69	0	0	0.02
211500	0.02	0.69	0.69	0	0	0.02
211600	0.03	0.69	0.69	0	0	0.03
211700	0.02	0.69	0.69	0	0	0.02
211800	0.02	0.69	0.69	0	0	0.02
211900	0.02	0.69	0.69	0	0	0.02
212000	0	0.69	0.69	0	0	0
212100	0	0.69	0.69	0	0	0
212200	0.01	0.69	0.69	0	0	0.01
212300	0.02	0.69	0.69	0	0	0.02
212400	0.02	0.69	0.69	0	0	0.02
212500	0.02	0.69	0.69	0	0	0.02
212600	0.02	0.69	0.69	0	0	0.02
212700	0.04	0.69	0.69	0	0	0.04
212800	0.03	0.69	0.69	0	0	0.03
212900	0.04	0.69	0.69	0	0	0.04
213000	0.04	0.69	0.69	0	0	0.04
213100	0.02	0.7	0.7	0	0	0.02
213200	0.02	0.7	0.7	0	0	0.02
213300	0.02	0.7	0.7	0	0	0.02
213400	0.02	0.7	0.7	0	0	0.02
213500	0.01	0.7	0.7	0	0	0.01
213600	0.01	0.7	0.7	0	0	0.01
213700	0.01	0.7	0.7	0	0	0.01
213800	0.01	0.7	0.7	0	0	0.01
213900	0.02	0.7	0.7	0	0	0.02
214000	0.02	0.7	0.7	0	0	0.02
214100	0.03	0.7	0.7	0	0	0.03
214200	0.03	0.7	0.7	0	0	0.03
214300	0.02	0.7	0.7	0	0	0.02
214400	0.02	0.7	0.7	0	0	0.02
214500	0.01	0.7	0.7	0	0	0.01
214600	0	0.7	0.7	0	0	0
214700	0	0.7	0.7	0	0	0
214800	0	0.7	0.7	0	0	0
214900	0	0.7	0.7	0	0	0
215000	0.01	0.7	0.7	0	0	0.01
215100	0.01	0.7	0.7	0	0	0.01
215200	0	0.7	0.7	0	0	0
215300	0	0.7	0.7	0	0	0
215400	0	0.7	0.7	0	0	0
215500	0.02	0.7	0.7	0	0	0.02
215600	0.02	0.7	0.7	0	0	0.02
215700	0.03	0.7	0.7	0	0	0.03
215800	0.02	0.7	0.7	0	0	0.02
215900	0.01	0.7	0.7	0	0	0.01
216000	0.01	0.7	0.7	0	0	0.01
216100	0	0.7	0.7	0	0	0
216200	0	0.7	0.7	0	0	0
216300	0.01	0.7	0.7	0	0	0.01
216400	0	0.7	0.7	0	0	0
216500	0	0.7	0.7	0	0	0
216600	0.01	0.7	0.7	0	0	0.01
216700	0.01	0.7	0.7	0	0	0.01
216800	0.03	0.7	0.7	0	0	0.03
216900	0.03	0.7	0.7	0	0	0.03
217000	0.02	0.7	0.7	0	0	0.02
217100	0.02	0.7	0.7	0	0	0.02
217200	0.02	0.7	0.7	0	0	0.02
217300	0	0.7	0.7	0	0	0
217400	0	0.7	0.7	0	0	0
217500	0	0.7	0.7	0	0	0
217600	0	0.7	0.7	0	0	0
217700	0	0.7	0.7	0	0	0
217800	0	0.7	0.7	0	0	0
217900	0.01	0.7	0.7	0	0	0.01
218000	0.01	0.7	0.7	0	0	0.01
218100	0.01	0.7	0.7	0	0	0.01
218200	0.01	0.7	0.7	0	0	0.01
218300	0.02	0.7	0.7	0	0	0.02
218400	0.02	0.7	0.7	0	0	0.02
218500	0.03	0.7	0.7	0	0	0.03
218600	0.03	0.7	0.7	0	0	0.03
218700	0.03	0.7	0.7	0	0	0.03
218800	0.04	0.7	0.7	0	0	0.04
218900	0.01	0.7	0.7	0	0	0.01
219000	0.01	0.7	0.7	0	0	0.01
219100	0.01	0.7	0.7	0	0	0.01
219200	0.01	0.7	0.7	0	0	0.01
219300	0.02	0.7	0.7	0	0	0.02
219400	0.02	0.69	0.69	0	0	0.02
219500	0.02	0.69	0.69	0	0	0.02
219600	0.02	0.69	0.69	0	0	0.02
219700	0.01	0.69	0.69	0	0	0.01
219800	0.04	0.69	0.69	0	0	0.04
219900	0.03	0.69	0.69	0	0	0.03
220000	0.02	0.69	0.69	0	0	0.02
220100	0.01	0.69	0.69	0	0	0.01
220200	0.01	0.69	0.69	0	0	0.01
220300	0.01	0.69	0.69	0	0	0.01
220400	0	0.69	0.69	0	0	0
220500	0	0.69	0.69	0	0	0
220600	0.02	0.69	0.69	0	0	0.02
220700	0.02	0.69	0.69	0	0	0.02
220800	0.01	0.69	0.69	0	0	0.01
220900	0.01	0.7	0.7	0	0	0.01
221000	0.01	0.7	0.7	0	0	0.01
221100	0.01	0.7	0.7	0	0	0.01
221200	0.01	0.7	0.7	0	0	0.01
221300	0.02	0.7	0.7	0	0	0.02
221400	0.02	0.7	0.7	0	0	0.02
221500	0.01	0.7	0.7	0	0	0.01
221600	0.02	0.7	0.7	0	0	0.02
221700	0.01	0.7	0.7	0	0	0.01
221800	0.02	0.7	0.7	0	0	0.02
221900	0.02	0.7	0.7	0	0	0.02
222000	0.02	0.7	0.7	0	0	0.02
222100	0.02	0.7	0.7	0	0	0.02
222200	0.01	0.7	0.7	0	0	0.01
222300	0.02	0.7	0.7	0	0	0.02
222400	0.02	0.7	0.7	0	0	0.02
222500	0.02	0.7	0.7	0	0	0.02
222600	0.04	0.7	0.7	0	0	0.04
222700	0.03	0.7	0.7	0	0	0.03
222800	0.02	0.7	0.7	0	0	0.02
222900	0.01	0.7	0.7	0	0	0.01
223000	0.02	0.7	0.7	0	0	0.02
223100	0.01	0.7	0.7	0	0	0.01
223200	0.01	0.7	0.7	0	0	0.01
223300	0.01	0.7	0.7	0	0	0.01
223400	0.01	0.7	0.7	0	0	0.01
223500	0.02	0.7	0.7	0	0	0.02
223600	0.03	0.7	0.7	0	0	0.03
223700	0.03	0.7	0.7	0	0	0.03
223800	0.03	0.7	0.7	0	0	0.03
223900	0.03	0.7	0.7	0	0	0.03
224000	0.01	0.7	0.7	0	0	0.01
224100	0	0.7	0.7	0	0	0
224200	0	0.7	0.7	0	0	0
224300	0	0.7	0.7	0	0	0
224400	0	0.7	0.7	0	0	0
224500	0	0.7	0.7	0	0	0
224600	0.01	0.7	0.7	0	0	0.01
224700	0.01	0.7	0.7	0	0	0.01
224800	0.02	0.7	0.7	0	0	0.02
224900	0.02	0.7	0.7	0	0	0.02
225000	0.02	0.7	0.7	0	0	0.02
225100	0.01	0.7	0.7	0	0	0.01
225200	0.01	0.7	0.7	0	0	0.01
225300	0.01	0.7	0.7	0	0	0.01
225400	0.01	0.7	0.7	0	0	0.01
225500	0.01	0.7	0.7	0	0	0.01
225600	0.04	0.7	0.7	0	0	0.04
225700	0.04	0.7	0.7	0	0	0.04
225800	0.05	0.7	0.7	0	0	0.05
225900	0.04	0.7	0.7	0	0	0.04
226000	0.02	0.7	0.7	0	0	0.02
226100	0.02	0.7	0.7	0	0	0.02
226200	0.03	0.7	0.7	0	0	0.03
226300	0.02	0.69	0.69	0	0	0.02
226400	0.03	0.7	0.7	0	0	0.03
226500	0.02	0.7	0.7	0	0	0.02
226600	0.03	0.7	0.7	0	0	0.03
226700	0.02	0.7	0.7	0	0	0.02
226800	0	0.7	0.7	0	0	0
226900	0	0.7	0.7	0	0	0
227000	0	0.7	0.7	0	0	0
227100	0	0.7	0.7	0	0	0
227200	0.01	0.7	0.7	0	0	0.01
227300	0.03	0.7	0.7	0	0	0.03
227400	0.04	0.7	0.7	0	0	0.04
227500	0.04	0.7	0.7	0	0	0.04
227600	0.03	0.7	0.7	0	0	0.03
227700	0.02	0.7	0.7	0	0	0.02
227800	0.01	0.7	0.7	0	0	0.01
227900	0.02	0.69	0.69	0	0	0.02
228000	0.02	0.68	0.68	0	0	0.02
228100	0.01	0.68	0.68	0	0	0.01
228200	0.03	0.68	0.68	0	0	0.03
228300	0.03	0.68	0.68	0	0	0.03
228400	0.04	0.68	0.68	0	0	0.04
228500	0.04	0.68	0.68	0	0	0.04
228600	0.03	0.68	0.68	0	0	0.03
228700	0.02	0.68	0.68	0	0	0.02
228800	0.01	0.68	0.68	0	0	0.01
228900	0.01	0.68	0.68	0	0	0.01
229000	0.01	0.68	0.68	0	0	0.01
229100	0.02	0.68	0.68	0	0	0.02
229200	0.02	0.68	0.68	0	0	0.02
229300	0.03	0.68	0.68	0	0	0.03
229400	0.05	0.68	0.68	0	0	0.05
229500	0.03	0.68	0.68	0	0	0.03
229600	0.02	0.68	0.68	0	0	0.02
229700	0.02	0.69	0.69	0	0	0.02
229800	0.02	0.69	0.69	0	0	0.02
229900	0.02	0.69	0.69	0	0	0.02
230000	0.02	0.68	0.68	0	0	0.02
230100	0.03	0.68	0.68	0	0	0.03
230200	0.03	0.68	0.68	0	0	0.03
230300	0.03	0.68	0.68	0	0	0.03
230400	0.02	0.68	0.68	0	0	0.02
230500	0.02	0.68	0.68	0	0	0.02
230600	0.01	0.68	0.68	0	0	0.01
230700	0.03	0.68	0.68	0	0	0.03
230800	0.03	0.68	0.68	0	0	0.03
230900	0.03	0.68	0.68	0	0	0.03
231000	0.02	0.68	0.68	0	0	0.02
231100	0.02	0.68	0.68	0	0	0.02
231200	0.02	0.68	0.68	0	0	0.02
231300	0	0.68	0.68	0	0	0
231400	0	0.68	0.68	0	0	0
231500	0.01	0.68	0.68	0	0	0.01
231600	0.03	0.68	0.68	0	0	0.03
231700	0.04	0.68	0.68	0	0	0.04
231800	0.04	0.68	0.68	0	0	0.04
231900	0.04	0.68	0.68	0	0	0.04
232000	0.05	0.68	0.68	0	0	0.05
232100	0.04	0.68	0.68	0	0	0.04
232200	0.03	0.68	0.68	0	0	0.03
232300	0.02	0.68	0.68	0	0	0.02
232400	0.02	0.68	0.68	0	0	0.02
232500	0.01	0.68	0.68	0	0	0.01
232600	0.01	0.68	0.68	0	0	0.01
232700	0.02	0.68	0.68	0	0	0.02
232800	0.02	0.68	0.68	0	0	0.02
232900	0.01	0.68	0.68	0	0	0.01
233000	0.01	0.68	0.68	0	0	0.01
233100	0	0.68	0.68	0	0	0
233200	0	0.68	0.68	0	0	0
233300	0	0.68	0.68	0	0	0
233400	0.02	0.68	0.68	0	0	0.02
233500	0.02	0.68	0.68	0	0	0.02
233600	0.02	0.68	0.68	0	0	0.02
233700	0.01	0.68	0.68	0	0	0.01
233800	0	0.68	0.68	0	0	0
233900	0	0.69	0.69	0	0	0
234000	0	0.69	0.69	0	0	0
234100	0	0.69	0.69	0	0	0
234200	0.01	0.69	0.69	0	0	0.01
234300	0.02	0.69	0.69	0	0	0.02
234400	0.02	0.69	0.69	0	0	0.02
234500	0.01	0.69	0.69	0	0	0.01
234600	0	0.69	0.69	0	0	0
234700	0.01	0.69	0.69	0	0	0.01
234800	0.01	0.69	0.69	0	0	0.01
234900	0.01	0.69	0.69	0	0	0.01
235000	0.01	0.69	0.69	0	0	0.01
235100	0.01	0.69	0.69	0	0	0.01
235200	0.02	0.69	0.69	0	0	0.02
235300	0.02	0.69	0.69	0	0	0.02
235400	0.03	0.69	0.69	0	0	0.03
235500	0.04	0.69	0.69	0	0	0.04
235600	0.04	0.69	0.69	0	0	0.04
235700	0.02	0.69	0.69	0	0	0.02
235800	0.03	0.69	0.69	0	0	0.03
235900	0.03	0.69	0.69	0	0	0.03
236000	0	0.69	0.69	0	0	0
236100	0.01	0.69	0.69	0	0	0.01
236200	0.01	0.69	0.69	0	0	0.01
236300	0.02	0.69	0.69	0	0	0.02
236400	0.04	0.69	0.69	0	0	0.04
236500	0.01	0.69	0.69	0	0	0.01
236600	0.01	0.69	0.69	0	0	0.01
236700	0.01	0.69	0.69	0	0	0.01
236800	0.02	0.69	0.69	0	0	0.02
236900	0.02	0.69	0.69	0	0	0.02
237000	0.01	0.69	0.69	0	0	0.01
237100	0.02	0.69	0.69	0	0	0.02
237200	0.03	0.69	0.69	0	0	0.03
237300	0.02	0.69	0.69	0	0	0.02
237400	0.01	0.69	0.69	0	0	0.01
237500	0.01	0.69	0.69	0	0	0.01
237600	0.02	0.69	0.69	0	0	0.02
237700	0.01	0.69	0.69	0	0	0.01
237800	0.01	0.69	0.69	0	0	0.01
237900	0.01	0.69	0.69	0	0	0.01
238000	0.01	0.69	0.69	0	0	0.01
238100	0.01	0.69	0.69	0	0	0.01
238200	0	0.69	0.69	0	0	0
238300	0.02	0.7	0.7	0	0	0.02
238400	0.04	0.7	0.7	0	0	0.04
238500	0.04	0.7	0.7	0	0	0.04
238600	0.03	0.7	0.7	0	0	0.03
238700	0.03	0.7	0.7	0	0	0.03
238800	0.03	0.7	0.7	0	0	0.03
238900	0.02	0.7	0.7	0	0	0.02
239000	0.02	0.7	0.7	0	0	0.02
239100	0.01	0.7	0.7	0	0	0.01
239200	0.01	0.7	0.7	0	0	0.01
239300	0.02	0.7	0.7	0	0	0.02
239400	0.02	0.7	0.7	0	0	0.02
239500	0.01	0.7	0.7	0	0	0.01
239600	0.01	0.7	0.7	0	0	0.01
239700	0	0.7	0.7	0	0	0
239800	0.02	0.7	0.7	0	0	0.02
239900	0.02	0.69	0.69	0	0	0.02
240000	0.02	0.69	0.69	0	0	0.02
240100	0.01	0.7	0.7	0	0	0.01
240200	0.01	0.7	0.7	0	0	0.01
240300	0	0.7	0.7	0	0	0
240400	0.01	0.7	0.7	0	0	0.01
240500	0.01	0.7	0.7	0	0	0.01
240600	0.02	0.7	0.7	0	0	0.02
240700	0.02	0.7	0.7	0	0	0.02
240800	0.02	0.7	0.7	0	0	0.02
240900	0.01	0.7	0.7	0	0	0.01
241000	0.02	0.7	0.7	0	0	0.02
241100	0.01	0.7	0.7	0	0	0.01
241200	0.02	0.7	0.7	0	0	0.02
241300	0.03	0.7	0.7	0	0	0.03
241400	0.02	0.7	0.7	0	0	0.02
241500	0.01	0.7	0.7	0	0	0.01
241600	0.01	0.7	0.7	0	0	0.01
241700	0.02	0.7	0.7	0	0	0.02
241800	0.01	0.69	0.69	0	0	0.01
241900	0	0.69	0.69	0	0	0
242000	0.01	0.69	0.69	0	0	0.01
242100	0.02	0.69	0.69	0	0	0.02
242200	0.02	0.69	0.69	0	0	0.02
242300	0.03	0.69	0.69	0	0	0.03
242400	0.03	0.69	0.69	0	0	0.03
242500	0.01	0.69	0.69	0	0	0.01
242600	0.01	0.69	0.69	0	0	0.01
242700	0	0.69	0.69	0	0	0
242800	0	0.69	0.69	0	0	0
242900	0	0.69	0.69	0	0	0
243000	0.03	0.69	0.69	0	0	0.03
243100	0.04	0.69	0.69	0	0	0.04
243200	0.04	0.69	0.69	0	0	0.04
243300	0.04	0.69	0.69	0	0	0.04
243400	0.03	0.69	0.69	0	0	0.03
243500	0.01	0.69	0.69	0	0	0.01
243600	0.01	0.69	0.69	0	0	0.01
243700	0	0.69	0.69	0	0	0
243800	0	0.69	0.69	0	0	0
243900	0	0.69	0.69	0	0	0
244000	0	0.69	0.69	0	0	0
244100	0	0.69	0.69	0	0	0
244200	0	0.69	0.69	0	0	0
244300	0.01	0.69	0.69	0	0	0.01
244400	0	0.69	0.69	0	0	0
244500	0	0.69	0.69	0	0	0
244600	0	0.69	0.69	0	0	0
244700	0	0.69	0.69	0	0	0
244800	0.01	0.69	0.69	0	0	0.01
244900	0.01	0.69	0.69	0	0	0.01
245000	0.02	0.69	0.69	0	0	0.02
245100	0.03	0.69	0.69	0	0	0.03
245200	0.03	0.69	0.69	0	0	0.03
245300	0.03	0.69	0.69	0	0	0.03
245400	0.04	0.69	0.69	0	0	0.04
245500	0.03	0.69	0.69	0	0	0.03
245600	0.02	0.69	0.69	0	0	0.02
245700	0.02	0.69	0.69	0	0	0.02
245800	0.01	0.69	0.69	0	0	0.01
245900	0.01	0.69	0.69	0	0	0.01
246000	0.01	0.69	0.69	0	0	0.01
246100	0.01	0.69	0.69	0	0	0.01
246200	0	0.69	0.69	0	0	0
246300	0	0.69	0.69	0	0	0
246400	0	0.69	0.69	0	0	0
246500	0	0.68	0.68	0	0	0
246600	0	0.68	0.68	0	0	0
246700	0	0.68	0.68	0	0	0
246800	0	0.68	0.68	0	0	0
246900	0	0.68	0.68	0	0	0
247000	0.01	0.68	0.68	0	0	0.01
247100	0.01	0.68	0.68	0	0	0.01
247200	0.01	0.68	0.68	0	0	0.01
247300	0.01	0.68	0.68	0	0	0.01
247400	0.01	0.68	0.68	0	0	0.01
247500	0.02	0.68	0.68	0	0	0.02
247600	0.01	0.68	0.68	0	0	0.01
247700	0.01	0.68	0.68	0	0	0.01
247800	0.02	0.68	0.68	0	0	0.02
247900	0.01	0.68	0.68	0	0	0.01
248000	0.01	0.68	0.68	0	0	0.01
248100	0.01	0.68	0.68	0	0	0.01
248200	0	0.68	0.68	0	0	0
248300	0	0.68	0.68	0	0	0
248400	0	0.68	0.68	0	0	0
248500	0	0.68	0.68	0	0	0
248600	0	0.68	0.68	0	0	0
248700	0	0.68	0.68	0	0	0
248800	0	0.68	0.68	0	0	0
248900	0.01	0.69	0.69	0	0	0.01
249000	0.01	0.69	0.69	0	0	0.01
249100	0.01	0.69	0.69	0	0	0.01
249200	0.02	0.69	0.69	0	0	0.02
249300	0.02	0.69	0.69	0	0	0.02
249400	0.02	0.69	0.69	0	0	0.02
249500	0.02	0.68	0.68	0	0	0.02
249600	0.02	0.67	0.67	0	0	0.02
249700	0.01	0.67	0.67	0	0	0.01
249800	0.03	0.68	0.68	0	0	0.03
249900	0.03	0.68	0.68	0	0	0.03
250000	0.02	0.68	0.68	0	0	0.02
250100	0.02	0.68	0.68	0	0	0.02
250200	0.03	0.68	0.68	0	0	0.03
250300	0.03	0.68	0.68	0	0	0.03
250400	0.02	0.68	0.68	0	0	0.02
250500	0.01	0.68	0.68	0	0	0.01
250600	0.01	0.68	0.68	0	0	0.01
250700	0	0.68	0.68	0	0	0
250800	0.01	0.68	0.68	0	0	0.01
250900	0.01	0.68	0.68	0	0	0.01
251000	0.02	0.68	0.68	0	0	0.02
251100	0.01	0.68	0.68	0	0	0.01
251200	0.01	0.68	0.68	0	0	0.01
251300	0.01	0.68	0.68	0	0	0.01
251400	0.01	0.68	0.68	0	0	0.01
251500	0.01	0.68	0.68	0	0	0.01
251600	0	0.68	0.68	0	0	0
251700	0	0.68	0.68	0	0	0
251800	0	0.68	0.68	0	0	0
251900	0	0.68	0.68	0	0	0
252000	0	0.68	0.68	0	0	0
252100	0	0.68	0.68	0	0	0
252200	0	0.68	0.68	0	0	0
252300	0	0.68	0.68	0	0	0
252400	0.01	0.68	0.68	0	0	0.01
252500	0.03	0.69	0.69	0	0	0.03
252600	0.05	0.69	0.69	0	0	0.05
252700	0.06	0.69	0.69	0	0	0.06
252800	0.05	0.69	0.69	0	0	0.05
252900	0.03	0.68	0.68	0	0	0.03
253000	0.02	0.68	0.68	0	0	0.02
253100	0.01	0.69	0.69	0	0	0.01
253200	0.02	0.68	0.68	0	0	0.02
253300	0.01	0.68	0.68	0	0	0.01
253400	0	0.68	0.68	0	0	0
253500	0	0.68	0.68	0	0	0
253600	0.02	0.68	0.68	0	0	0.02
253700	0.02	0.68	0.68	0	0	0.02
253800	0.02	0.68	0.68	0	0	0.02
253900	0.02	0.68	0.68	0	0	0.02
254000	0.03	0.68	0.68	0	0	0.03
254100	0.04	0.68	0.68	0	0	0.04
254200	0.04	0.68	0.68	0	0	0.04
254300	0.03	0.68	0.68	0	0	0.03
254400	0.02	0.68	0.68	0	0	0.02
254500	0.02	0.68	0.68	0	0	0.02
254600	0.03	0.68	0.68	0	0	0.03
254700	0.01	0.68	0.68	0	0	0.01
254800	0.01	0.68	0.68	0	0	0.01
254900	0.01	0.68	0.68	0	0	0.01
255000	0	0.68	0.68	0	0	0
255100	0	0.68	0.68	0	0	0
255200	0	0.68	0.68	0	0	0
255300	0.01	0.68	0.68	0	0	0.01
255400	0.01	0.68	0.68	0	0	0.01
255500	0.01	0.68	0.68	0	0	0.01
255600	0.02	0.68	0.68	0	0	0.02
255700	0.03	0.68	0.68	0	0	0.03
255800	0.03	0.68	0.68	0	0	0.03
255900	0.03	0.68	0.68	0	0	0.03
256000	0.03	0.68	0.68	0	0	0.03
256100	0.03	0.68	0.68	0	0	0.03
256200	0.01	0.68	0.68	0	0	0.01
256300	0.01	0.68	0.68	0	0	0.01
256400	0.01	0.68	0.68	0	0	0.01
256500	0.02	0.68	0.68	0	0	0.02
256600	0.02	0.68	0.68	0	0	0.02
256700	0.04	0.68	0.68	0	0	0.04
256800	0.02	0.68	0.68	0	0	0.02
256900	0.02	0.68	0.68	0	0	0.02
257000	0.03	0.68	0.68	0	0	0.03
257100	0.03	0.68	0.68	0	0	0.03
257200	0.01	0.68	0.68	0	0	0.01
257300	0	0.68	0.68	0	0	0
257400	0	0.68	0.68	0	0	0
257500	0	0.68	0.68	0	0	0
257600	0.01	0.68	0.68	0	0	0.01
257700	0.01	0.68	0.68	0	0	0.01
257800	0.01	0.68	0.68	0	0	0.01
257900	0.01	0.68	0.68	0	0	0.01
258000	0.01	0.68	0.68	0	0	0.01
258100	0	0.68	0.68	0	0	0
258200	0	0.68	0.68	0	0	0
258300	0	0.68	0.68	0	0	0
258400	0.02	0.68	0.68	0	0	0.02
258500	0.03	0.68	0.68	0	0	0.03
258600	0.04	0.67	0.67	0	0	0.04
258700	0.04	0.67	0.67	0	0	0.04
258800	0.02	0.67	0.67	0	0	0.02
258900	0.01	0.67	0.67	0	0	0.01
259000	0.01	0.67	0.67	0	0	0.01
259100	0	0.67	0.67	0	0	0
259200	0	0.67	0.67	0	0	0
259300	0.01	0.67	0.67	0	0	0.01
259400	0.01	0.67	0.67	0	0	0.01
259500	0	0.67	0.67	0	0	0
259600	0	0.67	0.67	0	0	0
259700	0.01	0.67	0.67	0	0	0.01
259800	0.02	0.67	0.67	0	0	0.02
259900	0.02	0.67	0.67	0	0	0.02
260000	0.02	0.67	0.67	0	0	0.02
260100	0.01	0.67	0.67	0	0	0.01
260200	0.01	0.67	0.67	0	0	0.01
260300	0.03	0.67	0.67	0	0	0.03
260400	0.02	0.68	0.68	0	0	0.02
260500	0.02	0.68	0.68	0	0	0.02
260600	0.03	0.68	0.68	0	0	0.03
260700	0.01	0.69	0.69	0	0	0.01
260800	0	0.69	0.69	0	0	0
260900	0.01	0.69	0.69	0	0	0.01
261000	0.01	0.69	0.69	0	0	0.01
261100	0.01	0.69	0.69	0	0	0.01
261200	0.01	0.69	0.69	0	0	0.01
261300	0.01	0.69	0.69	0	0	0.01
261400	0.02	0.69	0.69	0	0	0.02
261500	0.03	0.69	0.69	0	0	0.03
261600	0.04	0.69	0.69	0	0	0.04
261700	0.03	0.69	0.69	0	0	0.03
261800	0.04	0.69	0.69	0	0	0.04
261900	0.04	0.69	0.69	0	0	0.04
262000	0.01	0.69	0.69	0	0	0.01
262100	0.01	0.69	0.69	0	0	0.01
262200	0.01	0.69	0.69	0	0	0.01
262300	0	0.69	0.69	0	0	0
262400	0	0.68	0.68	0	0	0
262500	0	0.68	0.68	0	0	0
262600	0	0.68	0.68	0	0	0
262700	0	0.68	0.68	0	0	0
262800	0.01	0.68	0.68	0	0	0.01
262900	0.01	0.68	0.68	0	0	0.01
263000	0.01	0.68	0.68	0	0	0.01
263100	0	0.69	0.69	0	0	0
263200	0	0.69	0.69	0	0	0
263300	0	0.69	0.69	0	0	0
263400	0	0.69	0.69	0	0	0
263500	0	0.69	0.69	0	0	0
263600	0	0.69	0.69	0	0	0
263700	0	0.69	0.69	0	0	0
263800	0	0.69	0.69	0	0	0
263900	0.01	0.69	0.69	0	0	0.01
264000	0.01	0.69	0.69	0	0	0.01
264100	0.02	0.69	0.69	0	0	0.02
264200	0.03	0.69	0.69	0	0	0.03
264300	0.01	0.69	0.69	0	0	0.01
264400	0.02	0.69	0.69	0	0	0.02
264500	0.03	0.69	0.69	0	0	0.03
264600	0.02	0.68	0.68	0	0	0.02
264700	0	0.68	0.68	0	0	0
264800	0	0.68	0.68	0	0	0
264900	0.01	0.68	0.68	0	0	0.01
265000	0.01	0.68	0.68	0	0	0.01
265100	0.02	0.68	0.68	0	0	0.02
265200	0.02	0.68	0.68	0	0	0.02
265300	0.02	0.68	0.68	0	0	0.02
265400	0.02	0.68	0.68	0	0	0.02
265500	0.01	0.68	0.68	0	0	0.01
265600	0.01	0.68	0.68	0	0	0.01
265700	0.01	0.68	0.68	0	0	0.01
265800	0.02	0.68	0.68	0	0	0.02
265900	0.02	0.68	0.68	0	0	0.02
266000	0.02	0.68	0.68	0	0	0.02
266100	0	0.68	0.68	0	0	0
266200	0	0.68	0.68	0	0	0
266300	0.02	0.68	0.68	0	0	0.02
266400	0.02	0.68	0.68	0	0	0.02
266500	0.02	0.68	0.68	0	0	0.02
266600	0.02	0.68	0.68	0	0	0.02
266700	0.01	0.68	0.68	0	0	0.01
266800	0.01	0.68	0.68	0	0	0.01
266900	0.01	0.68	0.68	0	0	0.01
267000	0.02	0.68	0.68	0	0	0.02
267100	0.02	0.68	0.68	0	0	0.02
267200	0.03	0.68	0.68	0	0	0.03
267300	0.03	0.68	0.68	0	0	0.03
267400	0.03	0.68	0.68	0	0	0.03
267500	0.04	0.68	0.68	0	0	0.04
267600	0.04	0.68	0.68	0	0	0.04
267700	0.02	0.68	0.68	0	0	0.02
267800	0	0.68	0.68	0	0	0
267900	0.01	0.68	0.68	0	0	0.01
268000	0.01	0.68	0.68	0	0	0.01
268100	0.02	0.68	0.68	0	0	0.02
268200	0.03	0.68	0.68	0	0	0.03
268300	0.03	0.68	0.68	0	0	0.03
268400	0.04	0.68	0.68	0	0	0.04
268500	0.04	0.68	0.68	0	0	0.04
268600	0.03	0.68	0.68	0	0	0.03
268700	0.03	0.68	0.68	0	0	0.03
268800	0.03	0.68	0.68	0	0	0.03
268900	0.01	0.68	0.68	0	0	0.01
269000	0.01	0.68	0.68	0	0	0.01
269100	0.01	0.68	0.68	0	0	0.01
269200	0.01	0.69	0.69	0	0	0.01
269300	0.02	0.69	0.69	0	0	0.02
269400	0.01	0.69	0.69	0	0	0.01
269500	0.01	0.69	0.69	0	0	0.01
269600	0.01	0.69	0.69	0	0	0.01
269700	0.02	0.69	0.69	0	0	0.02
269800	0.03	0.69	0.69	0	0	0.03
269900	0.02	0.69	0.69	0	0	0.02
270000	0.03	0.69	0.69	0	0	0.03
270100	0.03	0.69	0.69	0	0	0.03
270200	0.04	0.69	0.69	0	0	0.04
270300	0.03	0.69	0.69	0	0	0.03
270400	0.03	0.69	0.69	0	0	0.03
270500	0.03	0.69	0.69	0	0	0.03
270600	0.02	0.69	0.69	0	0	0.02
270700	0	0.69	0.69	0	0	0
270800	0.02	0.69	0.69	0	0	0.02
270900	0.03	0.69	0.69	0	0	0.03
271000	0.03	0.69	0.69	0	0	0.03
271100	0.02	0.69	0.69	0	0	0.02
271200	0.02	0.69	0.69	0	0	0.02
271300	0.03	0.69	0.69	0	0	0.03
271400	0.03	0.69	0.69	0	0	0.03
271500	0.02	0.69	0.69	0	0	0.02
271600	0.03	0.69	0.69	0	0	0.03
271700	0.02	0.69	0.69	0	0	0.02
271800	0.03	0.69	0.69	0	0	0.03
271900	0.03	0.69	0.69	0	0	0.03
272000	0.01	0.69	0.69	0	0	0.01
272100	0.01	0.69	0.69	0	0	0.01
272200	0	0.69	0.69	0	0	0
272300	0	0.69	0.69	0	0	0
272400	0	0.69	0.69	0	0	0
272500	0	0.69	0.69	0	0	0
272600	0	0.69	0.69	0	0	0
272700	0.01	0.69	0.69	0	0	0.01
272800	0.01	0.69	0.69	0	0	0.01
272900	0.01	0.69	0.69	0	0	0.01
273000	0.01	0.69	0.69	0	0	0.01
273100	0.01	0.69	0.69	0	0	0.01
273200	0.01	0.69	0.69	0	0	0.01
273300	0.01	0.69	0.69	0	0	0.01
273400	0.01	0.69	0.69	0	0	0.01
273500	0.01	0.69	0.69	0	0	0.01
273600	0.02	0.69	0.69	0	0	0.02
273700	0.02	0.69	0.69	0	0	0.02
273800	0.02	0.69	0.69	0	0	0.02
273900	0	0.69	0.69	0	0	0
274000	0	0.69	0.69	0	0	0
274100	0.03	0.69	0.69	0	0	0.03
274200	0.01	0.69	0.69	0	0	0.01
274300	0.01	0.69	0.69	0	0	0.01
274400	0.02	0.69	0.69	0	0	0.02
274500	0.03	0.69	0.69	0	0	0.03
274600	0.03	0.69	0.69	0	0	0.03
274700	0.02	0.69	0.69	0	0	0.02
274800	0.03	0.69	0.69	0	0	0.03
274900	0.02	0.69	0.69	0	0	0.02
275000	0.02	0.69	0.69	0	0	0.02
275100	0	0.69	0.69	0	0	0
275200	0	0.69	0.69	0	0	0
275300	0	0.69	0.69	0	0	0
275400	0	0.69	0.69	0	0	0
275500	0	0.69	0.69	0	0	0
275600	0	0.69	0.69	0	0	0
275700	0.01	0.69	0.69	0	0	0.01
275800	0.01	0.69	0.69	0	0	0.01
275900	0.02	0.69	0.69	0	0	0.02
276000	0.02	0.69	0.69	0	0	0.02
276100	0.01	0.69	0.69	0	0	0.01
276200	0.01	0.69	0.69	0	0	0.01
276300	0.01	0.69	0.69	0	0	0.01
276400	0.01	0.69	0.69	0	0	0.01
276500	0.01	0.69	0.69	0	0	0.01
276600	0.01	0.69	0.69	0	0	0.01
276700	0.01	0.69	0.69	0	0	0.01
276800	0.01	0.7	0.7	0	0	0.01
276900	0.01	0.7	0.7	0	0	0.01
277000	0.01	0.7	0.7	0	0	0.01
277100	0	0.7	0.7	0	0	0
277200	0	0.7	0.7	0	0	0
277300	0.01	0.7	0.7	0	0	0.01
277400	0.02	0.7	0.7	0	0	0.02
277500	0.03	0.7	0.7	0	0	0.03
277600	0.01	0.7	0.7	0	0	0.01
277700	0.02	0.7	0.7	0	0	0.02
277800	0.01	0.7	0.7	0	0	0.01
277900	0.01	0.7	0.7	0	0	0.01
278000	0.01	0.7	0.7	0	0	0.01
278100	0.01	0.7	0.7	0	0	0.01
278200	0.01	0.7	0.7	0	0	0.01
278300	0	0.7	0.7	0	0	0
278400	0.01	0.7	0.7	0	0	0.01
278500	0	0.7	0.7	0	0	0
278600	0	0.7	0.7	0	0	0
278700	0.01	0.7	0.7	0	0	0.01
278800	0.01	0.7	0.7	0	0	0.01
278900	0.02	0.7	0.7	0	0	0.02
279000	0.01	0.7	0.7	0	0	0.01
279100	0.03	0.7	0.7	0	0	0.03
279200	0.02	0.7	0.7	0	0	0.02
279300	0.03	0.7	0.7	0	0	0.03
279400	0.03	0.7	0.7	0	0	0.03
279500	0.02	0.7	0.7	0	0	0.02
279600	0.01	0.7	0.7	0	0	0.01
279700	0.02	0.7	0.7	0	0	0.02
279800	0.01	0.7	0.7	0	0	0.01
279900	0.01	0.7	0.7	0	0	0.01
280000	0.01	0.7	0.7	0	0	0.01
280100	0.01	0.7	0.7	0	0	0.01
280200	0.01	0.7	0.7	0	0	0.01
280300	0	0.7	0.7	0	0	0
280400	0	0.7	0.7	0	0	0
280500	0.01	0.7	0.7	0	0	0.01
280600	0.02	0.7	0.7	0	0	0.02
280700	0.03	0.7	0.7	0	0	0.03
280800	0.04	0.7	0.7	0	0	0.04
280900	0.04	0.7	0.7	0	0	0.04
281000	0.02	0.7	0.7	0	0	0.02
281100	0.03	0.7	0.7	0	0	0.03
281200	0.03	0.7	0.7	0	0	0.03
281300	0.02	0.7	0.7	0	0	0.02
281400	0.02	0.7	0.7	0	0	0.02
281500	0.04	0.7	0.7	0	0	0.04
281600	0.02	0.7	0.7	0	0	0.02
281700	0.02	0.7	0.7	0	0	0.02
281800	0.03	0.7	0.7	0	0	0.03
281900	0.04	0.7	0.7	0	0	0.04
282000	0.03	0.7	0.7	0	0	0.03
282100	0.04	0.7	0.7	0	0	0.04
282200	0.04	0.7	0.7	0	0	0.04
282300	0.02	0.7	0.7	0	0	0.02
282400	0.02	0.7	0.7	0	0	0.02
282500	0.02	0.7	0.7	0	0	0.02
282600	0.02	0.7	0.7	0	0	0.02
282700	0.02	0.7	0.7	0	0	0.02
282800	0.02	0.7	0.7	0	0	0.02
282900	0.02	0.7	0.7	0	0	0.02
283000	0.01	0.7	0.7	0	0	0.01
283100	0.02	0.7	0.7	0	0	0.02
283200	0.02	0.7	0.7	0	0	0.02
283300	0.02	0.7	0.7	0	0	0.02
283400	0.01	0.7	0.7	0	0	0.01
283500	0.01	0.7	0.7	0	0	0.01
283600	0.03	0.7	0.7	0	0	0.03
283700	0.03	0.7	0.7	0	0	0.03
283800	0.02	0.7	0.7	0	0	0.02
283900	0.02	0.7	0.7	0	0	0.02
284000	0.01	0.7	0.7	0	0	0.01
284100	0.01	0.7	0.7	0	0	0.01
284200	0	0.7	0.7	0	0	0
284300	0	0.7	0.7	0	0	0
284400	0	0.7	0.7	0	0	0
284500	0.01	0.7	0.7	0	0	0.01
284600	0.02	0.7	0.7	0	0	0.02
284700	0.02	0.7	0.7	0	0	0.02
284800	0.02	0.7	0.7	0	0	0.02
284900	0.02	0.7	0.7	0	0	0.02
285000	0.02	0.7	0.7	0	0	0.02
285100	0.01	0.7	0.7	0	0	0.01
285200	0.02	0.7	0.7	0	0	0.02
285300	0.02	0.7	0.7	0	0	0.02
285400	0.01	0.7	0.7	0	0	0.01
285500	0.01	0.7	0.7	0	0	0.01
285600	0.02	0.7	0.7	0	0	0.02
285700	0.03	0.7	0.7	0	0	0.03
285800	0.02	0.7	0.7	0	0	0.02
285900	0.01	0.7	0.7	0	0	0.01
286000	0.01	0.7	0.7	0	0	0.01
286100	0	0.7	0.7	0	0	0
286200	0	0.7	0.7	0	0	0
286300	0	0.7	0.7	0	0	0
286400	0.01	0.7	0.7	0	0	0.01
286500	0.01	0.7	0.7	0	0	0.01
286600	0.01	0.7	0.7	0	0	0.01
286700	0.02	0.7	0.7	0	0	0.02
286800	0.02	0.7	0.7	0	0	0.02
286900	0.01	0.7	0.7	0	0	0.01
287000	0.01	0.7	0.7	0	0	0.01
287100	0.01	0.7	0.7	0	0	0.01
287200	0.02	0.7	0.7	0	0	0.02
287300	0	0.7	0.7	0	0	0
287400	0	0.7	0.7	0	0	0
287500	0	0.7	0.7	0	0	0
287600	0.02	0.7	0.7	0	0	0.02
287700	0.02	0.7	0.7	0	0	0.02
287800	0.02	0.7	0.7	0	0	0.02
287900	0.02	0.7	0.7	0	0	0.02
288000	0.02	0.7	0.7	0	0	0.02
288100	0.02	0.7	0.7	0	0	0.02
288200	0.01	0.7	0.7	0	0	0.01
288300	0.01	0.7	0.7	0	0	0.01
288400	0.01	0.7	0.7	0	0	0.01
288500	0.01	0.7	0.7	0	0	0.01
288600	0.01	0.7	0.7	0	0	0.01
288700	0.02	0.7	0.7	0	0	0.02
288800	0.02	0.7	0.7	0	0	0.02
288900	0.01	0.7	0.7	0	0	0.01
289000	0.01	0.7	0.7	0	0	0.01
289100	0.02	0.7	0.7	0	0	0.02
289200	0.02	0.7	0.7	0	0	0.02
289300	0.03	0.7	0.7	0	0	0.03
289400	0.03	0.7	0.7	0	0	0.03
289500	0.01	0.7	0.7	0	0	0.01
289600	0.02	0.7	0.7	0	0	0.02
289700	0.03	0.7	0.7	0	0	0.03
289800	0.03	0.7	0.7	0	0	0.03
289900	0.03	0.7	0.7	0	0	0.03
290000	0.03	0.7	0.7	0	0	0.03
290100	0.03	0.7	0.7	0	0	0.03
290200	0.02	0.7	0.7	0	0	0.02
290300	0.03	0.7	0.7	0	0	0.03
290400	0.02	0.7	0.7	0	0	0.02
290500	0.04	0.7	0.7	0	0	0.04
290600	0.04	0.7	0.7	0	0	0.04
290700	0.03	0.7	0.7	0	0	0.03
290800	0.03	0.7	0.7	0	0	0.03
290900	0.02	0.7	0.7	0	0	0.02
291000	0.03	0.7	0.7	0	0	0.03
291100	0.03	0.7	0.7	0	0	0.03
291200	0.03	0.7	0.7	0	0	0.03
291300	0.02	0.7	0.7	0	0	0.02
291400	0.02	0.7	0.7	0	0	0.02
291500	0.01	0.7	0.7	0	0	0.01
291600	0.02	0.7	0.7	0	0	0.02
291700	0.02	0.7	0.7	0	0	0.02
291800	0.02	0.7	0.7	0	0	0.02
291900	0.02	0.7	0.7	0	0	0.02
292000	0.02	0.7	0.7	0	0	0.02
292100	0.01	0.7	0.7	0	0	0.01
292200	0.02	0.7	0.7	0	0	0.02
292300	0.03	0.7	0.7	0	0	0.03
292400	0.04	0.7	0.7	0	0	0.04
292500	0.04	0.7	0.7	0	0	0.04
292600	0.04	0.7	0.7	0	0	0.04
292700	0.03	0.7	0.7	0	0	0.03
292800	0.02	0.7	0.7	0	0	0.02
292900	0.02	0.7	0.7	0	0	0.02
293000	0.02	0.7	0.7	0	0	0.02
293100	0.02	0.7	0.7	0	0	0.02
293200	0.03	0.7	0.7	0	0	0.03
293300	0.01	0.7	0.7	0	0	0.01
293400	0	0.7	0.7	0	0	0
293500	0	0.7	0.7	0	0	0
293600	0	0.7	0.7	0	0	0
293700	0	0.7	0.7	0	0	0
293800	0	0.7	0.7	0	0	0
293900	0	0.7	0.7	0	0	0
294000	0.03	0.7	0.7	0	0	0.03
294100	0.04	0.7	0.7	0	0	0.04
294200	0.04	0.7	0.7	0	0	0.04
294300	0.02	0.7	0.7	0	0	0.02
294400	0.01	0.7	0.7	0	0	0.01
294500	0	0.7	0.7	0	0	0
294600	0	0.7	0.7	0	0	0
294700	0	0.7	0.7	0	0	0
294800	0.01	0.7	0.7	0	0	0.01
294900	0.02	0.7	0.7	0	0	0.02
295000	0.04	0.7	0.7	0	0	0.04
295100	0.03	0.7	0.7	0	0	0.03
295200	0.03	0.7	0.7	0	0	0.03
295300	0.03	0.7	0.7	0	0	0.03
295400	0.02	0.7	0.7	0	0	0.02
295500	0.02	0.7	0.7	0	0	0.02
295600	0.01	0.7	0.7	0	0	0.01
295700	0.01	0.7	0.7	0	0	0.01
295800	0.01	0.7	0.7	0	0	0.01
295900	0.03	0.7	0.7	0	0	0.03
296000	0.03	0.7	0.7	0	0	0.03
296100	0.02	0.7	0.7	0	0	0.02
296200	0.03	0.7	0.7	0	0	0.03
296300	0.03	0.7	0.7	0	0	0.03
296400	0.02	0.7	0.7	0	0	0.02
296500	0.02	0.7	0.7	0	0	0.02
296600	0.02	0.7	0.7	0	0	0.02
296700	0.03	0.7	0.7	0	0	0.03
296800	0.03	0.7	0.7	0	0	0.03
296900	0.03	0.7	0.7	0	0	0.03
297000	0.04	0.7	0.7	0	0	0.04
297100	0.04	0.7	0.7	0	0	0.04
297200	0.02	0.7	0.7	0	0	0.02
297300	0.01	0.7	0.7	0	0	0.01
297400	0.01	0.7	0.7	0	0	0.01
297500	0	0.7	0.7	0	0	0
297600	0	0.7	0.7	0	0	0
297700	0	0.7	0.7	0	0	0
297800	0	0.7	0.7	0	0	0
297900	0	0.7	0.7	0	0	0
298000	0.01	0.7	0.7	0	0	0.01
298100	0.01	0.7	0.7	0	0	0.01
298200	0.01	0.7	0.7	0	0	0.01
298300	0	0.7	0.7	0	0	0
298400	0.01	0.7	0.7	0	0	0.01
298500	0.02	0.7	0.7	0	0	0.02
298600	0.03	0.7	0.7	0	0	0.03
298700	0.03	0.7	0.7	0	0	0.03
298800	0.03	0.7	0.7	0	0	0.03
298900	0.02	0.7	0.7	0	0	0.02
299000	0.01	0.7	0.7	0	0	0.01
299100	0.01	0.7	0.7	0	0	0.01
299200	0.02	0.69	0.69	0	0	0.02
299300	0.02	0.69	0.69	0	0	0.02
299400	0.02	0.69	0.69	0	0	0.02
299500	0.02	0.69	0.69	0	0	0.02
299600	0.02	0.69	0.69	0	0	0.02
299700	0.01	0.69	0.69	0	0	0.01
299800	0.02	0.69	0.69	0	0	0.02
299900	0.02	0.69	0.69	0	0	0.02
300000	0	0.69	0.69	0	0	0
