100	0.08	0.06	0.06	0	0	0.08
200	0.08	0.07	0.07	0	0	0.08
300	0.09	0.07	0.07	0	0	0.09
400	0.07	0.07	0.07	0	0	0.07
500	0.05	0.05	0.05	0	0	0.05
600	0.03	0.06	0.06	0	0	0.03
700	0.03	0.03	0.03	0	0	0.03
800	0.02	0.04	0.04	0	0	0.02
900	0.02	0.04	0.04	0	0	0.02
1000	0.02	0.05	0.05	0	0	0.02
1100	0.02	0.04	0.04	0	0	0.02
1200	0.03	0.04	0.04	0	0	0.03
1300	0.04	0.05	0.05	0	0	0.04
1400	0.02	0.05	0.05	0	0	0.02
1500	0.02	0.05	0.05	0	0	0.02
1600	0.02	0.05	0.05	0	0	0.02
1700	0.02	0.03	0.03	0	0	0.02
1800	0.04	0.05	0.05	0	0	0.04
1900	0.01	0.03	0.03	0	0	0.01
2000	0.02	0.03	0.03	0	0	0.02
2100	0.03	0.02	0.02	0	0	0.03
2200	0.02	0.02	0.02	0	0	0.02
2300	0.03	0.02	0.02	0	0	0.03
2400	0.03	0.02	0.02	0	0	0.03
2500	0.03	0.05	0.05	0	0	0.03
2600	0.05	0.05	0.05	0	0	0.05
2700	0.06	0.06	0.06	0	0	0.06
2800	0.05	0.05	0.05	0	0	0.05
2900	0.06	0.04	0.04	0	0	0.06
3000	0.05	0.06	0.06	0	0	0.05
3100	0.06	0.08	0.08	0	0	0.06
3200	0.04	0.08	0.08	0	0	0.04
3300	0.02	0.1	0.1	0	0	0.02
3400	0.01	0.11	0.11	0	0	0.01
3500	0.02	0.12	0.12	0	0	0.02
3600	0.04	0.09	0.09	0	0	0.04
3700	0.02	0.12	0.12	0	0	0.02
3800	0.03	0.11	0.11	0	0	0.03
3900	0.02	0.12	0.12	0	0	0.02
4000	0.04	0.12	0.12	0	0	0.04
4100	0.04	0.14	0.14	0	0	0.04
4200	0.05	0.14	0.14	0	0	0.05
4300	0.05	0.16	0.16	0	0	0.05
4400	0.06	0.16	0.16	0	0	0.06
4500	0.05	0.18	0.18	0	0	0.05
4600	0.04	0.21	0.21	0	0	0.04
4700	0.04	0.18	0.18	0	0	0.04
4800	0.04	0.17	0.17	0	0	0.04
4900	0.02	0.17	0.17	0	0	0.02
5000	0.02	0.18	0.18	0	0	0.02
5100	0.02	0.21	0.21	0	0	0.02
5200	0.02	0.21	0.21	0	0	0.02
5300	0.03	0.2	0.2	0	0	0.03
5400	0.04	0.2	0.2	0	0	0.04
5500	0.02	0.19	0.19	0	0	0.02
5600	0.03	0.2	0.2	0	0	0.03
5700	0.04	0.21	0.21	0	0	0.04
5800	0.03	0.21	0.21	0	0	0.03
5900	0.03	0.21	0.21	0	0	0.03
6000	0.05	0.21	0.21	0	0	0.05
6100	0.05	0.2	0.2	0	0	0.05
6200	0.05	0.23	0.23	0	0	0.05
6300	0.05	0.22	0.22	0	0	0.05
6400	0.05	0.22	0.22	0	0	0.05
6500	0.05	0.23	0.23	0	0	0.05
6600	0.03	0.24	0.24	0	0	0.03
6700	0.03	0.24	0.24	0	0	0.03
6800	0.01	0.24	0.24	0	0	0.01
6900	0.02	0.26	0.26	0	0	0.02
7000	0.02	0.25	0.25	0	0	0.02
7100	0.02	0.25	0.25	0	0	0.02
7200	0.02	0.27	0.27	0	0	0.02
7300	0.01	0.29	0.29	0	0	0.01
7400	0.01	0.28	0.28	0	0	0.01
7500	0	0.28	0.28	0	0	0
7600	0.02	0.28	0.28	0	0	0.02
7700	0.01	0.27	0.27	0	0	0.01
7800	0.02	0.26	0.26	0	0	0.02
7900	0.04	0.27	0.27	0	0	0.04
8000	0.06	0.28	0.28	0	0	0.06
8100	0.07	0.28	0.28	0	0	0.07
8200	0.06	0.28	0.28	0	0	0.06
8300	0.07	0.28	0.28	0	0	0.07
8400	0.07	0.29	0.29	0	0	0.07
8500	0.04	0.29	0.29	0	0	0.04
8600	0.05	0.3	0.3	0	0	0.05
8700	0.04	0.3	0.3	0	0	0.04
8800	0.02	0.31	0.31	0	0	0.02
8900	0.04	0.33	0.33	0	0	0.04
9000	0.03	0.34	0.34	0	0	0.03
9100	0.04	0.36	0.36	0	0	0.04
9200	0.03	0.36	0.36	0	0	0.03
9300	0.04	0.36	0.36	0	0	0.04
9400	0.05	0.36	0.36	0	0	0.05
9500	0.04	0.36	0.36	0	0	0.04
9600	0.04	0.36	0.36	0	0	0.04
9700	0.03	0.36	0.36	0	0	0.03
9800	0.01	0.36	0.36	0	0	0.01
9900	0.01	0.36	0.36	0	0	0.01
10000	0.02	0.36	0.36	0	0	0.02
10100	0.02	0.36	0.36	0	0	0.02
10200	0.03	0.36	0.36	0	0	0.03
10300	0.04	0.36	0.36	0	0	0.04
10400	0.02	0.35	0.35	0	0	0.02
10500	0.03	0.36	0.36	0	0	0.03
10600	0.03	0.35	0.35	0	0	0.03
10700	0.03	0.34	0.34	0	0	0.03
10800	0.03	0.34	0.34	0	0	0.03
10900	0.03	0.34	0.34	0	0	0.03
11000	0.01	0.34	0.34	0	0	0.01
11100	0.03	0.34	0.34	0	0	0.03
11200	0.02	0.34	0.34	0	0	0.02
11300	0.02	0.35	0.35	0	0	0.02
11400	0.01	0.35	0.35	0	0	0.01
11500	0.01	0.35	0.35	0	0	0.01
11600	0	0.35	0.35	0	0	0
11700	0	0.34	0.34	0	0	0
11800	0	0.34	0.34	0	0	0
11900	0	0.34	0.34	0	0	0
12000	0.03	0.34	0.34	0	0	0.03
12100	0.03	0.35	0.35	0	0	0.03
12200	0.02	0.36	0.36	0	0	0.02
12300	0.03	0.36	0.36	0	0	0.03
12400	0.05	0.36	0.36	0	0	0.05
12500	0.05	0.36	0.36	0	0	0.05
12600	0.05	0.36	0.36	0	0	0.05
12700	0.06	0.36	0.36	0	0	0.06
12800	0.03	0.38	0.38	0	0	0.03
12900	0.02	0.38	0.38	0	0	0.02
13000	0.01	0.38	0.38	0	0	0.01
13100	0.01	0.39	0.39	0	0	0.01
13200	0	0.39	0.39	0	0	0
13300	0.01	0.41	0.41	0	0	0.01
13400	0.03	0.41	0.41	0	0	0.03
13500	0.03	0.41	0.41	0	0	0.03
13600	0.03	0.43	0.43	0	0	0.03
13700	0.04	0.41	0.41	0	0	0.04
13800	0.03	0.41	0.41	0	0	0.03
13900	0.02	0.41	0.41	0	0	0.02
14000	0.02	0.42	0.42	0	0	0.02
14100	0.04	0.41	0.41	0	0	0.04
14200	0.05	0.43	0.43	0	0	0.05
14300	0.04	0.44	0.44	0	0	0.04
14400	0.03	0.44	0.44	0	0	0.03
14500	0.02	0.43	0.43	0	0	0.02
14600	0.03	0.43	0.43	0	0	0.03
14700	0.03	0.44	0.44	0	0	0.03
14800	0.03	0.44	0.44	0	0	0.03
14900	0.03	0.44	0.44	0	0	0.03
15000	0.03	0.44	0.44	0	0	0.03
15100	0.03	0.44	0.44	0	0	0.03
15200	0.01	0.46	0.46	0	0	0.01
15300	0.01	0.47	0.47	0	0	0.01
15400	0	0.47	0.47	0	0	0
15500	0.02	0.47	0.47	0	0	0.02
15600	0.02	0.47	0.47	0	0	0.02
15700	0.02	0.47	0.47	0	0	0.02
15800	0.03	0.47	0.47	0	0	0.03
15900	0.02	0.47	0.47	0	0	0.02
16000	0.02	0.47	0.47	0	0	0.02
16100	0.02	0.47	0.47	0	0	0.02
16200	0.04	0.47	0.47	0	0	0.04
16300	0.03	0.49	0.49	0	0	0.03
16400	0.01	0.48	0.48	0	0	0.01
16500	0.04	0.48	0.48	0	0	0.04
16600	0.03	0.48	0.48	0	0	0.03
16700	0.03	0.48	0.48	0	0	0.03
16800	0.03	0.49	0.49	0	0	0.03
16900	0.03	0.5	0.5	0	0	0.03
17000	0.03	0.5	0.5	0	0	0.03
17100	0.03	0.51	0.51	0	0	0.03
17200	0.01	0.5	0.5	0	0	0.01
17300	0	0.51	0.51	0	0	0
17400	0	0.53	0.53	0	0	0
17500	0.01	0.54	0.54	0	0	0.01
17600	0.02	0.54	0.54	0	0	0.02
17700	0.02	0.54	0.54	0	0	0.02
17800	0.04	0.54	0.54	0	0	0.04
17900	0.02	0.55	0.55	0	0	0.02
18000	0.03	0.55	0.55	0	0	0.03
18100	0.01	0.54	0.54	0	0	0.01
18200	0.01	0.52	0.52	0	0	0.01
18300	0	0.52	0.52	0	0	0
18400	0.01	0.52	0.52	0	0	0.01
18500	0.03	0.52	0.52	0	0	0.03
18600	0.02	0.52	0.52	0	0	0.02
18700	0.02	0.52	0.52	0	0	0.02
18800	0.02	0.52	0.52	0	0	0.02
18900	0.04	0.53	0.53	0	0	0.04
19000	0.03	0.54	0.54	0	0	0.03
19100	0.03	0.54	0.54	0	0	0.03
19200	0.04	0.53	0.53	0	0	0.04
19300	0.05	0.53	0.53	0	0	0.05
19400	0.01	0.54	0.54	0	0	0.01
19500	0.01	0.55	0.55	0	0	0.01
19600	0.02	0.55	0.55	0	0	0.02
19700	0.03	0.55	0.55	0	0	0.03
19800	0.03	0.55	0.55	0	0	0.03
19900	0.03	0.55	0.55	0	0	0.03
20000	0.03	0.55	0.55	0	0	0.03
20100	0.01	0.55	0.55	0	0	0.01
20200	0.01	0.55	0.55	0	0	0.01
20300	0	0.55	0.55	0	0	0
20400	0.02	0.55	0.55	0	0	0.02
20500	0.03	0.55	0.55	0	0	0.03
20600	0.02	0.55	0.55	0	0	0.02
20700	0.03	0.55	0.55	0	0	0.03
20800	0.01	0.56	0.56	0	0	0.01
20900	0.02	0.56	0.56	0	0	0.02
21000	0.02	0.56	0.56	0	0	0.02
21100	0.06	0.55	0.55	0	0	0.06
21200	0.04	0.55	0.55	0	0	0.04
21300	0.04	0.56	0.56	0	0	0.04
21400	0.04	0.57	0.57	0	0	0.04
21500	0.06	0.57	0.57	0	0	0.06
21600	0.06	0.57	0.57	0	0	0.06
21700	0.06	0.56	0.56	0	0	0.06
21800	0.06	0.56	0.56	0	0	0.06
21900	0.07	0.56	0.56	0	0	0.07
22000	0.07	0.56	0.56	0	0	0.07
22100	0.05	0.56	0.56	0	0	0.05
22200	0.04	0.56	0.56	0	0	0.04
22300	0.03	0.55	0.55	0	0	0.03
22400	0.02	0.55	0.55	0	0	0.02
22500	0.03	0.55	0.55	0	0	0.03
22600	0.03	0.55	0.55	0	0	0.03
22700	0.03	0.56	0.56	0	0	0.03
22800	0.02	0.56	0.56	0	0	0.02
22900	0.02	0.56	0.56	0	0	0.02
23000	0.01	0.56	0.56	0	0	0.01
23100	0.02	0.55	0.55	0	0	0.02
23200	0.02	0.56	0.56	0	0	0.02
23300	0.01	0.56	0.56	0	0	0.01
23400	0.02	0.56	0.56	0	0	0.02
23500	0	0.56	0.56	0	0	0
23600	0	0.56	0.56	0	0	0
23700	0	0.56	0.56	0	0	0
23800	0.02	0.56	0.56	0	0	0.02
23900	0.04	0.56	0.56	0	0	0.04
24000	0.02	0.56	0.56	0	0	0.02
24100	0.03	0.57	0.57	0	0	0.03
24200	0.04	0.57	0.57	0	0	0.04
24300	0.03	0.57	0.57	0	0	0.03
24400	0.03	0.57	0.57	0	0	0.03
24500	0.04	0.57	0.57	0	0	0.04
24600	0.03	0.58	0.58	0	0	0.03
24700	0.01	0.57	0.57	0	0	0.01
24800	0.01	0.58	0.58	0	0	0.01
24900	0.02	0.58	0.58	0	0	0.02
25000	0.03	0.57	0.57	0	0	0.03
25100	0.03	0.59	0.59	0	0	0.03
25200	0.02	0.59	0.59	0	0	0.02
25300	0.02	0.59	0.59	0	0	0.02
25400	0.03	0.59	0.59	0	0	0.03
25500	0.02	0.59	0.59	0	0	0.02
25600	0.03	0.59	0.59	0	0	0.03
25700	0.05	0.58	0.58	0	0	0.05
25800	0.04	0.58	0.58	0	0	0.04
25900	0.03	0.58	0.58	0	0	0.03
26000	0.03	0.58	0.58	0	0	0.03
26100	0.04	0.58	0.58	0	0	0.04
26200	0.05	0.59	0.59	0	0	0.05
26300	0.04	0.58	0.58	0	0	0.04
26400	0.04	0.58	0.58	0	0	0.04
26500	0.02	0.58	0.58	0	0	0.02
26600	0.01	0.58	0.58	0	0	0.01
26700	0.02	0.58	0.58	0	0	0.02
26800	0.02	0.57	0.57	0	0	0.02
26900	0.01	0.57	0.57	0	0	0.01
27000	0.01	0.57	0.57	0	0	0.01
27100	0.01	0.57	0.57	0	0	0.01
27200	0.02	0.57	0.57	0	0	0.02
27300	0.03	0.57	0.57	0	0	0.03
27400	0.03	0.57	0.57	0	0	0.03
27500	0.04	0.57	0.57	0	0	0.04
27600	0.05	0.57	0.57	0	0	0.05
27700	0.05	0.57	0.57	0	0	0.05
27800	0.03	0.57	0.57	0	0	0.03
27900	0.02	0.57	0.57	0	0	0.02
28000	0.01	0.59	0.59	0	0	0.01
28100	0.01	0.59	0.59	0	0	0.01
28200	0.02	0.59	0.59	0	0	0.02
28300	0	0.59	0.59	0	0	0
28400	0.01	0.59	0.59	0	0	0.01
28500	0.02	0.59	0.59	0	0	0.02
28600	0.02	0.59	0.59	0	0	0.02
28700	0.02	0.6	0.6	0	0	0.02
28800	0.02	0.6	0.6	0	0	0.02
28900	0.03	0.6	0.6	0	0	0.03
29000	0.03	0.6	0.6	0	0	0.03
29100	0.04	0.6	0.6	0	0	0.04
29200	0.04	0.6	0.6	0	0	0.04
29300	0.05	0.6	0.6	0	0	0.05
29400	0.04	0.6	0.6	0	0	0.04
29500	0.04	0.6	0.6	0	0	0.04
29600	0.03	0.6	0.6	0	0	0.03
29700	0.02	0.6	0.6	0	0	0.02
29800	0	0.6	0.6	0	0	0
29900	0.02	0.6	0.6	0	0	0.02
30000	0.01	0.6	0.6	0	0	0.01
30100	0.01	0.6	0.6	0	0	0.01
30200	0.02	0.6	0.6	0	0	0.02
30300	0.02	0.6	0.6	0	0	0.02
30400	0.02	0.6	0.6	0	0	0.02
30500	0.01	0.61	0.61	0	0	0.01
30600	0.01	0.61	0.61	0	0	0.01
30700	0.02	0.61	0.61	0	0	0.02
30800	0.03	0.61	0.61	0	0	0.03
30900	0.03	0.61	0.61	0	0	0.03
31000	0.03	0.6	0.6	0	0	0.03
31100	0.02	0.6	0.6	0	0	0.02
31200	0.02	0.61	0.61	0	0	0.02
31300	0.01	0.61	0.61	0	0	0.01
31400	0.01	0.62	0.62	0	0	0.01
31500	0.01	0.62	0.62	0	0	0.01
31600	0.01	0.62	0.62	0	0	0.01
31700	0.01	0.62	0.62	0	0	0.01
31800	0.02	0.62	0.62	0	0	0.02
31900	0.02	0.61	0.61	0	0	0.02
32000	0.02	0.61	0.61	0	0	0.02
32100	0.02	0.61	0.61	0	0	0.02
32200	0.02	0.61	0.61	0	0	0.02
32300	0.04	0.61	0.61	0	0	0.04
32400	0.03	0.62	0.62	0	0	0.03
32500	0.02	0.61	0.61	0	0	0.02
32600	0.04	0.61	0.61	0	0	0.04
32700	0.02	0.61	0.61	0	0	0.02
32800	0.01	0.61	0.61	0	0	0.01
32900	0.01	0.62	0.62	0	0	0.01
33000	0	0.62	0.62	0	0	0
33100	0.01	0.62	0.62	0	0	0.01
33200	0.03	0.62	0.62	0	0	0.03
33300	0.04	0.62	0.62	0	0	0.04
33400	0.04	0.62	0.62	0	0	0.04
33500	0.05	0.62	0.62	0	0	0.05
33600	0.03	0.62	0.62	0	0	0.03
33700	0.01	0.63	0.63	0	0	0.01
33800	0.01	0.63	0.63	0	0	0.01
33900	0.02	0.63	0.63	0	0	0.02
34000	0.01	0.63	0.63	0	0	0.01
34100	0.01	0.62	0.62	0	0	0.01
34200	0.01	0.63	0.63	0	0	0.01
34300	0.01	0.63	0.63	0	0	0.01
34400	0.01	0.63	0.63	0	0	0.01
34500	0.01	0.64	0.64	0	0	0.01
34600	0.01	0.63	0.63	0	0	0.01
34700	0	0.63	0.63	0	0	0
34800	0	0.63	0.63	0	0	0
34900	0.01	0.63	0.63	0	0	0.01
35000	0.01	0.63	0.63	0	0	0.01
35100	0.01	0.63	0.63	0	0	0.01
35200	0.01	0.62	0.62	0	0	0.01
35300	0.02	0.62	0.62	0	0	0.02
35400	0	0.63	0.63	0	0	0
35500	0	0.63	0.63	0	0	0
35600	0.02	0.63	0.63	0	0	0.02
35700	0.01	0.63	0.63	0	0	0.01
35800	0.01	0.63	0.63	0	0	0.01
35900	0.01	0.62	0.62	0	0	0.01
36000	0.04	0.62	0.62	0	0	0.04
36100	0.04	0.62	0.62	0	0	0.04
36200	0.04	0.62	0.62	0	0	0.04
36300	0.03	0.62	0.62	0	0	0.03
36400	0.03	0.62	0.62	0	0	0.03
36500	0	0.62	0.62	0	0	0
36600	0	0.62	0.62	0	0	0
36700	0.01	0.62	0.62	0	0	0.01
36800	0.01	0.62	0.62	0	0	0.01
36900	0.02	0.62	0.62	0	0	0.02
37000	0.03	0.62	0.62	0	0	0.03
37100	0.03	0.62	0.62	0	0	0.03
37200	0.03	0.62	0.62	0	0	0.03
37300	0.01	0.62	0.62	0	0	0.01
37400	0.02	0.62	0.62	0	0	0.02
37500	0.02	0.63	0.63	0	0	0.02
37600	0.02	0.63	0.63	0	0	0.02
37700	0.01	0.64	0.64	0	0	0.01
37800	0	0.64	0.64	0	0	0
37900	0	0.64	0.64	0	0	0
38000	0	0.64	0.64	0	0	0
38100	0.01	0.64	0.64	0	0	0.01
38200	0.01	0.64	0.64	0	0	0.01
38300	0.03	0.64	0.64	0	0	0.03
38400	0.05	0.64	0.64	0	0	0.05
38500	0.04	0.64	0.64	0	0	0.04
38600	0.04	0.64	0.64	0	0	0.04
38700	0.05	0.65	0.65	0	0	0.05
38800	0.02	0.65	0.65	0	0	0.02
38900	0.03	0.65	0.65	0	0	0.03
39000	0.03	0.65	0.65	0	0	0.03
39100	0.02	0.65	0.65	0	0	0.02
39200	0.01	0.65	0.65	0	0	0.01
39300	0	0.65	0.65	0	0	0
39400	0	0.65	0.65	0	0	0
39500	0	0.65	0.65	0	0	0
39600	0	0.65	0.65	0	0	0
39700	0	0.66	0.66	0	0	0
39800	0	0.66	0.66	0	0	0
39900	0.01	0.66	0.66	0	0	0.01
40000	0.01	0.66	0.66	0	0	0.01
40100	0.01	0.66	0.66	0	0	0.01
40200	0.01	0.67	0.67	0	0	0.01
40300	0.01	0.67	0.67	0	0	0.01
40400	0.01	0.67	0.67	0	0	0.01
40500	0.03	0.68	0.68	0	0	0.03
40600	0.04	0.68	0.68	0	0	0.04
40700	0.04	0.68	0.68	0	0	0.04
40800	0.05	0.68	0.68	0	0	0.05
40900	0.04	0.68	0.68	0	0	0.04
41000	0.02	0.68	0.68	0	0	0.02
41100	0.02	0.68	0.68	0	0	0.02
41200	0.01	0.68	0.68	0	0	0.01
41300	0.01	0.68	0.68	0	0	0.01
41400	0	0.68	0.68	0	0	0
41500	0	0.68	0.68	0	0	0
41600	0	0.68	0.68	0	0	0
41700	0.03	0.68	0.68	0	0	0.03
41800	0.03	0.68	0.68	0	0	0.03
41900	0.04	0.68	0.68	0	0	0.04
42000	0.03	0.68	0.68	0	0	0.03
42100	0.04	0.68	0.68	0	0	0.04
42200	0.02	0.68	0.68	0	0	0.02
42300	0.02	0.68	0.68	0	0	0.02
42400	0.03	0.68	0.68	0	0	0.03
42500	0.03	0.68	0.68	0	0	0.03
42600	0.02	0.68	0.68	0	0	0.02
42700	0.01	0.68	0.68	0	0	0.01
42800	0.01	0.68	0.68	0	0	0.01
42900	0	0.68	0.68	0	0	0
43000	0.01	0.68	0.68	0	0	0.01
43100	0.02	0.68	0.68	0	0	0.02
43200	0.02	0.68	0.68	0	0	0.02
43300	0.02	0.68	0.68	0	0	0.02
43400	0.02	0.68	0.68	0	0	0.02
43500	0.02	0.68	0.68	0	0	0.02
43600	0.01	0.68	0.68	0	0	0.01
43700	0.01	0.68	0.68	0	0	0.01
43800	0.01	0.68	0.68	0	0	0.01
43900	0.02	0.68	0.68	0	0	0.02
44000	0.03	0.68	0.68	0	0	0.03
44100	0.03	0.68	0.68	0	0	0.03
44200	0.02	0.68	0.68	0	0	0.02
44300	0.02	0.68	0.68	0	0	0.02
44400	0.01	0.68	0.68	0	0	0.01
44500	0.01	0.68	0.68	0	0	0.01
44600	0	0.68	0.68	0	0	0
44700	0	0.68	0.68	0	0	0
44800	0.01	0.68	0.68	0	0	0.01
44900	0.01	0.68	0.68	0	0	0.01
45000	0.02	0.68	0.68	0	0	0.02
45100	0.02	0.68	0.68	0	0	0.02
45200	0.02	0.68	0.68	0	0	0.02
45300	0.02	0.68	0.68	0	0	0.02
45400	0.02	0.68	0.68	0	0	0.02
45500	0.02	0.68	0.68	0	0	0.02
45600	0.01	0.68	0.68	0	0	0.01
45700	0.01	0.68	0.68	0	0	0.01
45800	0.01	0.68	0.68	0	0	0.01
45900	0.01	0.68	0.68	0	0	0.01
46000	0.01	0.69	0.69	0	0	0.01
46100	0.01	0.7	0.7	0	0	0.01
46200	0.02	0.69	0.69	0	0	0.02
46300	0.03	0.69	0.69	0	0	0.03
46400	0.03	0.69	0.69	0	0	0.03
46500	0.03	0.69	0.69	0	0	0.03
46600	0.02	0.69	0.69	0	0	0.02
46700	0.01	0.69	0.69	0	0	0.01
46800	0.02	0.69	0.69	0	0	0.02
46900	0.01	0.69	0.69	0	0	0.01
47000	0.03	0.69	0.69	0	0	0.03
47100	0.03	0.69	0.69	0	0	0.03
47200	0.03	0.69	0.69	0	0	0.03
47300	0.02	0.69	0.69	0	0	0.02
47400	0.01	0.69	0.69	0	0	0.01
47500	0.01	0.69	0.69	0	0	0.01
47600	0.01	0.69	0.69	0	0	0.01
47700	0.01	0.69	0.69	0	0	0.01
47800	0.02	0.69	0.69	0	0	0.02
47900	0.02	0.69	0.69	0	0	0.02
48000	0.02	0.69	0.69	0	0	0.02
48100	0.02	0.69	0.69	0	0	0.02
48200	0.02	0.69	0.69	0	0	0.02
48300	0.02	0.69	0.69	0	0	0.02
48400	0.02	0.69	0.69	0	0	0.02
48500	0.01	0.69	0.69	0	0	0.01
48600	0.01	0.69	0.69	0	0	0.01
48700	0.01	0.7	0.7	0	0	0.01
48800	0.01	0.7	0.7	0	0	0.01
48900	0.01	0.7	0.7	0	0	0.01
49000	0	0.7	0.7	0	0	0
49100	0.02	0.7	0.7	0	0	0.02
49200	0.02	0.7	0.7	0	0	0.02
49300	0.02	0.7	0.7	0	0	0.02
49400	0.01	0.7	0.7	0	0	0.01
49500	0.01	0.7	0.7	0	0	0.01
49600	0.02	0.7	0.7	0	0	0.02
49700	0.02	0.7	0.7	0	0	0.02
49800	0.01	0.7	0.7	0	0	0.01
49900	0.01	0.7	0.7	0	0	0.01
50000	0.01	0.7	0.7	0	0	0.01
50100	0.01	0.7	0.7	0	0	0.01
50200	0.01	0.7	0.7	0	0	0.01
50300	0.01	0.7	0.7	0	0	0.01
50400	0.01	0.7	0.7	0	0	0.01
50500	0.01	0.7	0.7	0	0	0.01
50600	0.02	0.7	0.7	0	0	0.02
50700	0.02	0.7	0.7	0	0	0.02
50800	0.03	0.7	0.7	0	0	0.03
50900	0.02	0.7	0.7	0	0	0.02
51000	0	0.7	0.7	0	0	0
51100	0.02	0.7	0.7	0	0	0.02
51200	0.02	0.7	0.7	0	0	0.02
51300	0.03	0.7	0.7	0	0	0.03
51400	0.03	0.7	0.7	0	0	0.03
51500	0.04	0.7	0.7	0	0	0.04
51600	0.02	0.7	0.7	0	0	0.02
51700	0.03	0.7	0.7	0	0	0.03
51800	0.03	0.7	0.7	0	0	0.03
51900	0.04	0.7	0.7	0	0	0.04
52000	0.04	0.7	0.7	0	0	0.04
52100	0.03	0.7	0.7	0	0	0.03
52200	0.03	0.7	0.7	0	0	0.03
52300	0.01	0.7	0.7	0	0	0.01
52400	0	0.7	0.7	0	0	0
52500	0	0.7	0.7	0	0	0
52600	0	0.7	0.7	0	0	0
52700	0	0.7	0.7	0	0	0
52800	0	0.7	0.7	0	0	0
52900	0.01	0.7	0.7	0	0	0.01
53000	0.01	0.7	0.7	0	0	0.01
53100	0.01	0.7	0.7	0	0	0.01
53200	0	0.7	0.7	0	0	0
53300	0	0.7	0.7	0	0	0
53400	0	0.7	0.7	0	0	0
53500	0.01	0.7	0.7	0	0	0.01
53600	0.02	0.7	0.7	0	0	0.02
53700	0.03	0.7	0.7	0	0	0.03
53800	0.04	0.7	0.7	0	0	0.04
53900	0.02	0.7	0.7	0	0	0.02
54000	0.02	0.7	0.7	0	0	0.02
54100	0.02	0.7	0.7	0	0	0.02
54200	0.02	0.7	0.7	0	0	0.02
54300	0.01	0.7	0.7	0	0	0.01
54400	0.01	0.7	0.7	0	0	0.01
54500	0.02	0.7	0.7	0	0	0.02
54600	0.02	0.7	0.7	0	0	0.02
54700	0.01	0.7	0.7	0	0	0.01
54800	0.03	0.7	0.7	0	0	0.03
54900	0.01	0.7	0.7	0	0	0.01
55000	0.01	0.7	0.7	0	0	0.01
55100	0.01	0.7	0.7	0	0	0.01
55200	0.01	0.7	0.7	0	0	0.01
55300	0	0.7	0.7	0	0	0
55400	0	0.7	0.7	0	0	0
55500	0.01	0.7	0.7	0	0	0.01
55600	0.01	0.7	0.7	0	0	0.01
55700	0.02	0.7	0.7	0	0	0.02
55800	0.02	0.7	0.7	0	0	0.02
55900	0.02	0.7	0.7	0	0	0.02
56000	0.02	0.7	0.7	0	0	0.02
56100	0.02	0.7	0.7	0	0	0.02
56200	0.02	0.7	0.7	0	0	0.02
56300	0.02	0.7	0.7	0	0	0.02
56400	0.03	0.7	0.7	0	0	0.03
56500	0.04	0.7	0.7	0	0	0.04
56600	0.04	0.7	0.7	0	0	0.04
56700	0.05	0.7	0.7	0	0	0.05
56800	0.05	0.7	0.7	0	0	0.05
56900	0.04	0.7	0.7	0	0	0.04
57000	0.03	0.7	0.7	0	0	0.03
57100	0.01	0.7	0.7	0	0	0.01
57200	0	0.7	0.7	0	0	0
57300	0.02	0.7	0.7	0	0	0.02
57400	0.02	0.7	0.7	0	0	0.02
57500	0.02	0.7	0.7	0	0	0.02
57600	0.02	0.7	0.7	0	0	0.02
57700	0.02	0.7	0.7	0	0	0.02
57800	0.02	0.7	0.7	0	0	0.02
57900	0.02	0.7	0.7	0	0	0.02
58000	0.02	0.7	0.7	0	0	0.02
58100	0.03	0.7	0.7	0	0	0.03
58200	0.02	0.7	0.7	0	0	0.02
58300	0.02	0.7	0.7	0	0	0.02
58400	0.02	0.7	0.7	0	0	0.02
58500	0.02	0.7	0.7	0	0	0.02
58600	0.02	0.7	0.7	0	0	0.02
58700	0.01	0.7	0.7	0	0	0.01
58800	0.01	0.7	0.7	0	0	0.01
58900	0.01	0.7	0.7	0	0	0.01
59000	0.03	0.7	0.7	0	0	0.03
59100	0.03	0.7	0.7	0	0	0.03
59200	0.04	0.7	0.7	0	0	0.04
59300	0.03	0.7	0.7	0	0	0.03
59400	0.04	0.7	0.7	0	0	0.04
59500	0.04	0.7	0.7	0	0	0.04
59600	0.04	0.7	0.7	0	0	0.04
59700	0.02	0.7	0.7	0	0	0.02
59800	0.01	0.7	0.7	0	0	0.01
59900	0.01	0.7	0.7	0	0	0.01
60000	0	0.7	0.7	0	0	0
60100	0.01	0.69	0.69	0	0	0.01
60200	0.02	0.69	0.69	0	0	0.02
60300	0.02	0.69	0.69	0	0	0.02
60400	0.04	0.69	0.69	0	0	0.04
60500	0.04	0.69	0.69	0	0	0.04
60600	0.04	0.69	0.69	0	0	0.04
60700	0.03	0.69	0.69	0	0	0.03
60800	0.02	0.69	0.69	0	0	0.02
60900	0.02	0.69	0.69	0	0	0.02
61000	0.02	0.69	0.69	0	0	0.02
61100	0.02	0.69	0.69	0	0	0.02
61200	0.03	0.69	0.69	0	0	0.03
61300	0.02	0.69	0.69	0	0	0.02
61400	0.02	0.69	0.69	0	0	0.02
61500	0.02	0.69	0.69	0	0	0.02
61600	0.02	0.69	0.69	0	0	0.02
61700	0	0.69	0.69	0	0	0
61800	0.01	0.69	0.69	0	0	0.01
61900	0.02	0.69	0.69	0	0	0.02
62000	0.02	0.69	0.69	0	0	0.02
62100	0.03	0.69	0.69	0	0	0.03
62200	0.01	0.69	0.69	0	0	0.01
62300	0.01	0.69	0.69	0	0	0.01
62400	0.01	0.69	0.69	0	0	0.01
62500	0	0.69	0.69	0	0	0
62600	0	0.69	0.69	0	0	0
62700	0.01	0.69	0.69	0	0	0.01
62800	0.01	0.69	0.69	0	0	0.01
62900	0.02	0.69	0.69	0	0	0.02
63000	0.02	0.69	0.69	0	0	0.02
63100	0.02	0.69	0.69	0	0	0.02
63200	0.03	0.69	0.69	0	0	0.03
63300	0.02	0.69	0.69	0	0	0.02
63400	0.02	0.69	0.69	0	0	0.02
63500	0.01	0.69	0.69	0	0	0.01
63600	0.02	0.69	0.69	0	0	0.02
63700	0.02	0.69	0.69	0	0	0.02
63800	0.02	0.69	0.69	0	0	0.02
63900	0.03	0.69	0.69	0	0	0.03
64000	0.03	0.69	0.69	0	0	0.03
64100	0.03	0.69	0.69	0	0	0.03
64200	0.03	0.69	0.69	0	0	0.03
64300	0.02	0.69	0.69	0	0	0.02
64400	0.02	0.69	0.69	0	0	0.02
64500	0.01	0.69	0.69	0	0	0.01
64600	0.01	0.69	0.69	0	0	0.01
64700	0.01	0.69	0.69	0	0	0.01
64800	0.01	0.69	0.69	0	0	0.01
64900	0.01	0.69	0.69	0	0	0.01
65000	0.01	0.69	0.69	0	0	0.01
65100	0.03	0.69	0.69	0	0	0.03
65200	0.03	0.69	0.69	0	0	0.03
65300	0.02	0.69	0.69	0	0	0.02
65400	0.02	0.69	0.69	0	0	0.02
65500	0.02	0.69	0.69	0	0	0.02
65600	0.02	0.69	0.69	0	0	0.02
65700	0.02	0.69	0.69	0	0	0.02
65800	0.02	0.69	0.69	0	0	0.02
65900	0.02	0.69	0.69	0	0	0.02
66000	0.02	0.69	0.69	0	0	0.02
66100	0.02	0.69	0.69	0	0	0.02
66200	0.03	0.69	0.69	0	0	0.03
66300	0.02	0.69	0.69	0	0	0.02
66400	0.03	0.69	0.69	0	0	0.03
66500	0.03	0.69	0.69	0	0	0.03
66600	0.02	0.69	0.69	0	0	0.02
66700	0	0.69	0.69	0	0	0
66800	0	0.69	0.69	0	0	0
66900	0	0.69	0.69	0	0	0
67000	0.03	0.69	0.69	0	0	0.03
67100	0.05	0.69	0.69	0	0	0.05
67200	0.04	0.69	0.69	0	0	0.04
67300	0	0.69	0.69	0	0	0
67400	0	0.69	0.69	0	0	0
67500	0.01	0.69	0.69	0	0	0.01
67600	0.01	0.69	0.69	0	0	0.01
67700	0.01	0.69	0.69	0	0	0.01
67800	0.03	0.69	0.69	0	0	0.03
67900	0.01	0.69	0.69	0	0	0.01
68000	0	0.69	0.69	0	0	0
68100	0	0.69	0.69	0	0	0
68200	0	0.69	0.69	0	0	0
68300	0.01	0.69	0.69	0	0	0.01
68400	0.02	0.69	0.69	0	0	0.02
68500	0.03	0.69	0.69	0	0	0.03
68600	0.03	0.69	0.69	0	0	0.03
68700	0.02	0.69	0.69	0	0	0.02
68800	0.03	0.69	0.69	0	0	0.03
68900	0.02	0.69	0.69	0	0	0.02
69000	0.01	0.69	0.69	0	0	0.01
69100	0.01	0.69	0.69	0	0	0.01
69200	0.02	0.68	0.68	0	0	0.02
69300	0.02	0.68	0.68	0	0	0.02
69400	0.01	0.68	0.68	0	0	0.01
69500	0.02	0.68	0.68	0	0	0.02
69600	0.02	0.68	0.68	0	0	0.02
69700	0.01	0.68	0.68	0	0	0.01
69800	0	0.68	0.68	0	0	0
69900	0	0.68	0.68	0	0	0
70000	0.01	0.68	0.68	0	0	0.01
70100	0.02	0.68	0.68	0	0	0.02
70200	0	0.68	0.68	0	0	0
70300	0.02	0.68	0.68	0	0	0.02
70400	0.02	0.68	0.68	0	0	0.02
70500	0.02	0.68	0.68	0	0	0.02
70600	0.01	0.68	0.68	0	0	0.01
70700	0.01	0.68	0.68	0	0	0.01
70800	0.01	0.68	0.68	0	0	0.01
70900	0.01	0.68	0.68	0	0	0.01
71000	0	0.68	0.68	0	0	0
71100	0.01	0.68	0.68	0	0	0.01
71200	0.01	0.68	0.68	0	0	0.01
71300	0.02	0.68	0.68	0	0	0.02
71400	0.02	0.68	0.68	0	0	0.02
71500	0.03	0.68	0.68	0	0	0.03
71600	0.01	0.68	0.68	0	0	0.01
71700	0	0.68	0.68	0	0	0
71800	0.01	0.68	0.68	0	0	0.01
71900	0.03	0.68	0.68	0	0	0.03
72000	0.04	0.68	0.68	0	0	0.04
72100	0.05	0.68	0.68	0	0	0.05
72200	0.05	0.68	0.68	0	0	0.05
72300	0.02	0.68	0.68	0	0	0.02
72400	0.01	0.68	0.68	0	0	0.01
72500	0.02	0.68	0.68	0	0	0.02
72600	0.02	0.68	0.68	0	0	0.02
72700	0.01	0.68	0.68	0	0	0.01
72800	0.01	0.68	0.68	0	0	0.01
72900	0.01	0.68	0.68	0	0	0.01
73000	0.01	0.68	0.68	0	0	0.01
73100	0	0.68	0.68	0	0	0
73200	0	0.68	0.68	0	0	0
73300	0	0.68	0.68	0	0	0
73400	0	0.68	0.68	0	0	0
73500	0	0.68	0.68	0	0	0
73600	0.02	0.68	0.68	0	0	0.02
73700	0.02	0.68	0.68	0	0	0.02
73800	0.03	0.68	0.68	0	0	0.03
73900	0.03	0.68	0.68	0	0	0.03
74000	0.03	0.68	0.68	0	0	0.03
74100	0.02	0.68	0.68	0	0	0.02
74200	0.01	0.68	0.68	0	0	0.01
74300	0.01	0.68	0.68	0	0	0.01
74400	0.01	0.68	0.68	0	0	0.01
74500	0.02	0.68	0.68	0	0	0.02
74600	0.02	0.68	0.68	0	0	0.02
74700	0.02	0.68	0.68	0	0	0.02
74800	0.01	0.68	0.68	0	0	0.01
74900	0	0.68	0.68	0	0	0
75000	0	0.68	0.68	0	0	0
75100	0	0.68	0.68	0	0	0
75200	0.01	0.68	0.68	0	0	0.01
75300	0.02	0.68	0.68	0	0	0.02
75400	0.03	0.68	0.68	0	0	0.03
75500	0.03	0.68	0.68	0	0	0.03
75600	0.02	0.68	0.68	0	0	0.02
75700	0.03	0.68	0.68	0	0	0.03
75800	0.01	0.68	0.68	0	0	0.01
75900	0.02	0.68	0.68	0	0	0.02
76000	0.01	0.68	0.68	0	0	0.01
76100	0.01	0.68	0.68	0	0	0.01
76200	0	0.68	0.68	0	0	0
76300	0	0.68	0.68	0	0	0
76400	0	0.68	0.68	0	0	0
76500	0	0.68	0.68	0	0	0
76600	0	0.68	0.68	0	0	0
76700	0	0.68	0.68	0	0	0
76800	0.01	0.68	0.68	0	0	0.01
76900	0.03	0.68	0.68	0	0	0.03
77000	0.03	0.68	0.68	0	0	0.03
77100	0.03	0.68	0.68	0	0	0.03
77200	0.02	0.68	0.68	0	0	0.02
77300	0.02	0.68	0.68	0	0	0.02
77400	0.01	0.68	0.68	0	0	0.01
77500	0.02	0.68	0.68	0	0	0.02
77600	0.03	0.68	0.68	0	0	0.03
77700	0.01	0.68	0.68	0	0	0.01
77800	0.01	0.68	0.68	0	0	0.01
77900	0.03	0.68	0.68	0	0	0.03
78000	0.04	0.68	0.68	0	0	0.04
78100	0.05	0.68	0.68	0	0	0.05
78200	0.06	0.68	0.68	0	0	0.06
78300	0.07	0.68	0.68	0	0	0.07
78400	0.09	0.68	0.68	0	0	0.09
78500	0.09	0.68	0.68	0	0	0.09
78600	0.08	0.68	0.68	0	0	0.08
78700	0.08	0.68	0.68	0	0	0.08
78800	0.07	0.68	0.68	0	0	0.07
78900	0.07	0.68	0.68	0	0	0.07
79000	0.07	0.68	0.68	0	0	0.07
79100	0.06	0.68	0.68	0	0	0.06
79200	0.07	0.68	0.68	0	0	0.07
79300	0.07	0.68	0.68	0	0	0.07
79400	0.06	0.68	0.68	0	0	0.06
79500	0.06	0.68	0.68	0	0	0.06
79600	0.06	0.68	0.68	0	0	0.06
79700	0.06	0.68	0.68	0	0	0.06
79800	0.07	0.68	0.68	0	0	0.07
79900	0.08	0.68	0.68	0	0	0.08
80000	0.08	0.68	0.68	0	0	0.08
80100	0.08	0.68	0.68	0	0	0.08
80200	0.09	0.69	0.69	0	0	0.09
80300	0.09	0.69	0.69	0	0	0.09
80400	0.08	0.69	0.69	0	0	0.08
80500	0.08	0.69	0.69	0	0	0.08
80600	0.09	0.69	0.69	0	0	0.09
80700	0.09	0.69	0.69	0	0	0.09
80800	0.09	0.69	0.69	0	0	0.09
80900	0.09	0.69	0.69	0	0	0.09
81000	0.08	0.69	0.69	0	0	0.08
81100	0.08	0.69	0.69	0	0	0.08
81200	0.09	0.69	0.69	0	0	0.09
81300	0.09	0.69	0.69	0	0	0.09
81400	0.09	0.69	0.69	0	0	0.09
81500	0.1	0.69	0.69	0	0	0.1
81600	0.11	0.69	0.69	0	0	0.11
81700	0.11	0.69	0.69	0	0	0.11
81800	0.11	0.69	0.69	0	0	0.11
81900	0.1	0.7	0.7	0	0	0.1
82000	0.1	0.7	0.7	0	0	0.1
82100	0.09	0.7	0.7	0	0	0.09
82200	0.09	0.7	0.7	0	0	0.09
82300	0.09	0.69	0.69	0	0	0.09
82400	0.11	0.69	0.69	0	0	0.11
82500	0.11	0.69	0.69	0	0	0.11
82600	0.1	0.7	0.7	0	0	0.1
82700	0.1	0.7	0.7	0	0	0.1
82800	0.1	0.7	0.7	0	0	0.1
82900	0.1	0.7	0.7	0	0	0.1
83000	0.1	0.7	0.7	0	0	0.1
83100	0.11	0.7	0.7	0	0	0.11
83200	0.11	0.7	0.7	0	0	0.11
83300	0.11	0.7	0.7	0	0	0.11
83400	0.12	0.7	0.7	0	0	0.12
83500	0.12	0.7	0.7	0	0	0.12
83600	0.12	0.7	0.7	0	0	0.12
83700	0.12	0.7	0.7	0	0	0.12
83800	0.12	0.7	0.7	0	0	0.12
83900	0.11	0.7	0.7	0	0	0.11
84000	0.11	0.7	0.7	0	0	0.11
84100	0.1	0.7	0.7	0	0	0.1
84200	0.11	0.7	0.7	0	0	0.11
84300	0.11	0.7	0.7	0	0	0.11
84400	0.11	0.7	0.7	0	0	0.11
84500	0.12	0.7	0.7	0	0	0.12
84600	0.12	0.7	0.7	0	0	0.12
84700	0.12	0.7	0.7	0	0	0.12
84800	0.14	0.7	0.7	0	0	0.14
84900	0.14	0.7	0.7	0	0	0.14
85000	0.13	0.7	0.7	0	0	0.13
85100	0.14	0.7	0.7	0	0	0.14
85200	0.13	0.7	0.7	0	0	0.13
85300	0.12	0.7	0.7	0	0	0.12
85400	0.13	0.7	0.7	0	0	0.13
85500	0.13	0.7	0.7	0	0	0.13
85600	0.14	0.7	0.7	0	0	0.14
85700	0.15	0.7	0.7	0	0	0.15
85800	0.15	0.7	0.7	0	0	0.15
85900	0.16	0.7	0.7	0	0	0.16
86000	0.16	0.7	0.7	0	0	0.16
86100	0.15	0.7	0.7	0	0	0.15
86200	0.15	0.7	0.7	0	0	0.15
86300	0.15	0.7	0.7	0	0	0.15
86400	0.15	0.7	0.7	0	0	0.15
86500	0.15	0.7	0.7	0	0	0.15
86600	0.15	0.7	0.7	0	0	0.15
86700	0.14	0.7	0.7	0	0	0.14
86800	0.14	0.7	0.7	0	0	0.14
86900	0.14	0.7	0.7	0	0	0.14
87000	0.14	0.7	0.7	0	0	0.14
87100	0.14	0.7	0.7	0	0	0.14
87200	0.14	0.7	0.7	0	0	0.14
87300	0.15	0.7	0.7	0	0	0.15
87400	0.15	0.7	0.7	0	0	0.15
87500	0.15	0.7	0.7	0	0	0.15
87600	0.15	0.7	0.7	0	0	0.15
87700	0.15	0.7	0.7	0	0	0.15
87800	0.15	0.7	0.7	0	0	0.15
87900	0.16	0.7	0.7	0	0	0.16
88000	0.17	0.7	0.7	0	0	0.17
88100	0.18	0.7	0.7	0	0	0.18
88200	0.17	0.7	0.7	0	0	0.17
88300	0.18	0.7	0.7	0	0	0.18
88400	0.18	0.7	0.7	0	0	0.18
88500	0.18	0.7	0.7	0	0	0.18
88600	0.18	0.7	0.7	0	0	0.18
88700	0.18	0.7	0.7	0	0	0.18
88800	0.18	0.7	0.7	0	0	0.18
88900	0.18	0.7	0.7	0	0	0.18
89000	0.18	0.7	0.7	0	0	0.18
89100	0.18	0.7	0.7	0	0	0.18
89200	0.18	0.7	0.7	0	0	0.18
89300	0.18	0.7	0.7	0	0	0.18
89400	0.19	0.7	0.7	0	0	0.19
89500	0.19	0.7	0.7	0	0	0.19
89600	0.18	0.7	0.7	0	0	0.18
89700	0.18	0.7	0.7	0	0	0.18
89800	0.17	0.7	0.7	0	0	0.17
89900	0.17	0.7	0.7	0	0	0.17
90000	0.16	0.7	0.7	0	0	0.16
90100	0.16	0.7	0.7	0	0	0.16
90200	0.15	0.7	0.7	0	0	0.15
90300	0.16	0.7	0.7	0	0	0.16
90400	0.16	0.7	0.7	0	0	0.16
90500	0.16	0.7	0.7	0	0	0.16
90600	0.16	0.7	0.7	0	0	0.16
90700	0.16	0.7	0.7	0	0	0.16
90800	0.16	0.7	0.7	0	0	0.16
90900	0.16	0.7	0.7	0	0	0.16
91000	0.16	0.7	0.7	0	0	0.16
91100	0.16	0.7	0.7	0	0	0.16
91200	0.16	0.7	0.7	0	0	0.16
91300	0.16	0.7	0.7	0	0	0.16
91400	0.16	0.7	0.7	0	0	0.16
91500	0.15	0.7	0.7	0	0	0.15
91600	0.15	0.7	0.7	0	0	0.15
91700	0.15	0.7	0.7	0	0	0.15
91800	0.15	0.7	0.7	0	0	0.15
91900	0.15	0.7	0.7	0	0	0.15
92000	0.15	0.7	0.7	0	0	0.15
92100	0.17	0.7	0.7	0	0	0.17
92200	0.17	0.7	0.7	0	0	0.17
92300	0.16	0.7	0.7	0	0	0.16
92400	0.15	0.7	0.7	0	0	0.15
92500	0.15	0.7	0.7	0	0	0.15
92600	0.15	0.7	0.7	0	0	0.15
92700	0.15	0.7	0.7	0	0	0.15
92800	0.15	0.7	0.7	0	0	0.15
92900	0.15	0.7	0.7	0	0	0.15
93000	0.15	0.7	0.7	0	0	0.15
93100	0.15	0.7	0.7	0	0	0.15
93200	0.15	0.7	0.7	0	0	0.15
93300	0.15	0.7	0.7	0	0	0.15
93400	0.16	0.7	0.7	0	0	0.16
93500	0.16	0.7	0.7	0	0	0.16
93600	0.16	0.7	0.7	0	0	0.16
93700	0.15	0.7	0.7	0	0	0.15
93800	0.16	0.7	0.7	0	0	0.16
93900	0.16	0.7	0.7	0	0	0.16
94000	0.16	0.7	0.7	0	0	0.16
94100	0.16	0.7	0.7	0	0	0.16
94200	0.16	0.7	0.7	0	0	0.16
94300	0.14	0.7	0.7	0	0	0.14
94400	0.14	0.7	0.7	0	0	0.14
94500	0.14	0.7	0.7	0	0	0.14
94600	0.14	0.7	0.7	0	0	0.14
94700	0.14	0.7	0.7	0	0	0.14
94800	0.14	0.7	0.7	0	0	0.14
94900	0.14	0.7	0.7	0	0	0.14
95000	0.15	0.7	0.7	0	0	0.15
95100	0.15	0.7	0.7	0	0	0.15
95200	0.15	0.7	0.7	0	0	0.15
95300	0.15	0.7	0.7	0	0	0.15
95400	0.16	0.7	0.7	0	0	0.16
95500	0.15	0.7	0.7	0	0	0.15
95600	0.15	0.7	0.7	0	0	0.15
95700	0.14	0.7	0.7	0	0	0.14
95800	0.14	0.7	0.7	0	0	0.14
95900	0.14	0.7	0.7	0	0	0.14
96000	0.14	0.7	0.7	0	0	0.14
96100	0.14	0.7	0.7	0	0	0.14
96200	0.13	0.7	0.7	0	0	0.13
96300	0.13	0.7	0.7	0	0	0.13
96400	0.13	0.7	0.7	0	0	0.13
96500	0.13	0.7	0.7	0	0	0.13
96600	0.13	0.7	0.7	0	0	0.13
96700	0.15	0.7	0.7	0	0	0.15
96800	0.16	0.7	0.7	0	0	0.16
96900	0.16	0.7	0.7	0	0	0.16
97000	0.16	0.7	0.7	0	0	0.16
97100	0.16	0.7	0.7	0	0	0.16
97200	0.15	0.7	0.7	0	0	0.15
97300	0.15	0.7	0.7	0	0	0.15
97400	0.15	0.7	0.7	0	0	0.15
97500	0.15	0.7	0.7	0	0	0.15
97600	0.15	0.7	0.7	0	0	0.15
97700	0.15	0.7	0.7	0	0	0.15
97800	0.14	0.7	0.7	0	0	0.14
97900	0.14	0.7	0.7	0	0	0.14
98000	0.14	0.7	0.7	0	0	0.14
98100	0.14	0.7	0.7	0	0	0.14
98200	0.14	0.7	0.7	0	0	0.14
98300	0.14	0.7	0.7	0	0	0.14
98400	0.14	0.7	0.7	0	0	0.14
98500	0.14	0.7	0.7	0	0	0.14
98600	0.14	0.7	0.7	0	0	0.14
98700	0.14	0.7	0.7	0	0	0.14
98800	0.14	0.7	0.7	0	0	0.14
98900	0.14	0.7	0.7	0	0	0.14
99000	0.14	0.7	0.7	0	0	0.14
99100	0.14	0.7	0.7	0	0	0.14
99200	0.14	0.7	0.7	0	0	0.14
99300	0.14	0.7	0.7	0	0	0.14
99400	0.14	0.7	0.7	0	0	0.14
99500	0.14	0.7	0.7	0	0	0.14
99600	0.14	0.7	0.7	0	0	0.14
99700	0.15	0.7	0.7	0	0	0.15
99800	0.15	0.7	0.7	0	0	0.15
99900	0.15	0.7	0.7	0	0	0.15
100000	0.15	0.7	0.7	0	0	0.15
100100	0.15	0.7	0.7	0	0	0.15
100200	0.15	0.7	0.7	0	0	0.15
100300	0.15	0.7	0.7	0	0	0.15
100400	0.15	0.7	0.7	0	0	0.15
100500	0.15	0.7	0.7	0	0	0.15
100600	0.15	0.7	0.7	0	0	0.15
100700	0.15	0.7	0.7	0	0	0.15
100800	0.15	0.7	0.7	0	0	0.15
100900	0.15	0.7	0.7	0	0	0.15
101000	0.16	0.7	0.7	0	0	0.16
101100	0.17	0.7	0.7	0	0	0.17
101200	0.17	0.7	0.7	0	0	0.17
101300	0.16	0.7	0.7	0	0	0.16
101400	0.16	0.7	0.7	0	0	0.16
101500	0.15	0.7	0.7	0	0	0.15
101600	0.15	0.7	0.7	0	0	0.15
101700	0.15	0.7	0.7	0	0	0.15
101800	0.15	0.7	0.7	0	0	0.15
101900	0.15	0.7	0.7	0	0	0.15
102000	0.15	0.7	0.7	0	0	0.15
102100	0.15	0.7	0.7	0	0	0.15
102200	0.16	0.7	0.7	0	0	0.16
102300	0.16	0.7	0.7	0	0	0.16
102400	0.16	0.7	0.7	0	0	0.16
102500	0.16	0.7	0.7	0	0	0.16
102600	0.16	0.7	0.7	0	0	0.16
102700	0.16	0.7	0.7	0	0	0.16
102800	0.17	0.7	0.7	0	0	0.17
102900	0.17	0.7	0.7	0	0	0.17
103000	0.17	0.7	0.7	0	0	0.17
103100	0.17	0.7	0.7	0	0	0.17
103200	0.17	0.7	0.7	0	0	0.17
103300	0.17	0.7	0.7	0	0	0.17
103400	0.17	0.7	0.7	0	0	0.17
103500	0.19	0.7	0.7	0	0	0.19
103600	0.19	0.7	0.7	0	0	0.19
103700	0.19	0.7	0.7	0	0	0.19
103800	0.18	0.7	0.7	0	0	0.18
103900	0.17	0.7	0.7	0	0	0.17
104000	0.17	0.7	0.7	0	0	0.17
104100	0.17	0.7	0.7	0	0	0.17
104200	0.17	0.7	0.7	0	0	0.17
104300	0.17	0.7	0.7	0	0	0.17
104400	0.18	0.7	0.7	0	0	0.18
104500	0.18	0.7	0.7	0	0	0.18
104600	0.18	0.7	0.7	0	0	0.18
104700	0.18	0.7	0.7	0	0	0.18
104800	0.18	0.7	0.7	0	0	0.18
104900	0.18	0.7	0.7	0	0	0.18
105000	0.19	0.7	0.7	0	0	0.19
105100	0.19	0.7	0.7	0	0	0.19
105200	0.19	0.7	0.7	0	0	0.19
105300	0.18	0.7	0.7	0	0	0.18
105400	0.19	0.7	0.7	0	0	0.19
105500	0.19	0.7	0.7	0	0	0.19
105600	0.19	0.7	0.7	0	0	0.19
105700	0.2	0.7	0.7	0	0	0.2
105800	0.2	0.7	0.7	0	0	0.2
105900	0.2	0.7	0.7	0	0	0.2
106000	0.19	0.7	0.7	0	0	0.19
106100	0.19	0.7	0.7	0	0	0.19
106200	0.2	0.7	0.7	0	0	0.2
106300	0.2	0.7	0.7	0	0	0.2
106400	0.2	0.7	0.7	0	0	0.2
106500	0.19	0.7	0.7	0	0	0.19
106600	0.19	0.7	0.7	0	0	0.19
106700	0.19	0.7	0.7	0	0	0.19
106800	0.19	0.7	0.7	0	0	0.19
106900	0.19	0.7	0.7	0	0	0.19
107000	0.19	0.7	0.7	0	0	0.19
107100	0.19	0.7	0.7	0	0	0.19
107200	0.19	0.7	0.7	0	0	0.19
107300	0.19	0.7	0.7	0	0	0.19
107400	0.19	0.7	0.7	0	0	0.19
107500	0.19	0.7	0.7	0	0	0.19
107600	0.19	0.7	0.7	0	0	0.19
107700	0.19	0.7	0.7	0	0	0.19
107800	0.19	0.7	0.7	0	0	0.19
107900	0.19	0.7	0.7	0	0	0.19
108000	0.19	0.7	0.7	0	0	0.19
108100	0.19	0.7	0.7	0	0	0.19
108200	0.2	0.7	0.7	0	0	0.2
108300	0.21	0.7	0.7	0	0	0.21
108400	0.21	0.7	0.7	0	0	0.21
108500	0.2	0.7	0.7	0	0	0.2
108600	0.21	0.7	0.7	0	0	0.21
108700	0.2	0.7	0.7	0	0	0.2
108800	0.2	0.7	0.7	0	0	0.2
108900	0.2	0.7	0.7	0	0	0.2
109000	0.2	0.7	0.7	0	0	0.2
109100	0.2	0.7	0.7	0	0	0.2
109200	0.2	0.7	0.7	0	0	0.2
109300	0.2	0.7	0.7	0	0	0.2
109400	0.2	0.7	0.7	0	0	0.2
109500	0.2	0.7	0.7	0	0	0.2
109600	0.2	0.7	0.7	0	0	0.2
109700	0.2	0.7	0.7	0	0	0.2
109800	0.2	0.7	0.7	0	0	0.2
109900	0.21	0.7	0.7	0	0	0.21
110000	0.21	0.7	0.7	0	0	0.21
110100	0.21	0.7	0.7	0	0	0.21
110200	0.22	0.7	0.7	0	0	0.22
110300	0.22	0.7	0.7	0	0	0.22
110400	0.23	0.7	0.7	0	0	0.23
110500	0.23	0.7	0.7	0	0	0.23
110600	0.22	0.7	0.7	0	0	0.22
110700	0.23	0.7	0.7	0	0	0.23
110800	0.23	0.7	0.7	0	0	0.23
110900	0.23	0.7	0.7	0	0	0.23
111000	0.23	0.7	0.7	0	0	0.23
111100	0.23	0.7	0.7	0	0	0.23
111200	0.23	0.7	0.7	0	0	0.23
111300	0.23	0.7	0.7	0	0	0.23
111400	0.23	0.7	0.7	0	0	0.23
111500	0.23	0.7	0.7	0	0	0.23
111600	0.23	0.7	0.7	0	0	0.23
111700	0.23	0.7	0.7	0	0	0.23
111800	0.23	0.7	0.7	0	0	0.23
111900	0.23	0.7	0.7	0	0	0.23
112000	0.23	0.7	0.7	0	0	0.23
112100	0.23	0.7	0.7	0	0	0.23
112200	0.23	0.7	0.7	0	0	0.23
112300	0.23	0.7	0.7	0	0	0.23
112400	0.24	0.7	0.7	0	0	0.24
112500	0.24	0.7	0.7	0	0	0.24
112600	0.25	0.7	0.7	0	0	0.25
112700	0.25	0.7	0.7	0	0	0.25
112800	0.24	0.7	0.7	0	0	0.24
112900	0.24	0.7	0.7	0	0	0.24
113000	0.24	0.7	0.7	0	0	0.24
113100	0.24	0.7	0.7	0	0	0.24
113200	0.24	0.7	0.7	0	0	0.24
113300	0.24	0.7	0.7	0	0	0.24
113400	0.24	0.7	0.7	0	0	0.24
113500	0.24	0.7	0.7	0	0	0.24
113600	0.24	0.7	0.7	0	0	0.24
113700	0.24	0.7	0.7	0	0	0.24
113800	0.24	0.7	0.7	0	0	0.24
113900	0.24	0.7	0.7	0	0	0.24
114000	0.24	0.7	0.7	0	0	0.24
114100	0.24	0.7	0.7	0	0	0.24
114200	0.24	0.7	0.7	0	0	0.24
114300	0.24	0.7	0.7	0	0	0.24
114400	0.24	0.7	0.7	0	0	0.24
114500	0.24	0.7	0.7	0	0	0.24
114600	0.24	0.7	0.7	0	0	0.24
114700	0.24	0.7	0.7	0	0	0.24
114800	0.24	0.7	0.7	0	0	0.24
114900	0.24	0.7	0.7	0	0	0.24
115000	0.24	0.7	0.7	0	0	0.24
115100	0.24	0.7	0.7	0	0	0.24
115200	0.24	0.7	0.7	0	0	0.24
115300	0.24	0.7	0.7	0	0	0.24
115400	0.24	0.7	0.7	0	0	0.24
115500	0.24	0.7	0.7	0	0	0.24
115600	0.24	0.7	0.7	0	0	0.24
115700	0.25	0.7	0.7	0	0	0.25
115800	0.25	0.7	0.7	0	0	0.25
115900	0.26	0.7	0.7	0	0	0.26
116000	0.26	0.7	0.7	0	0	0.26
116100	0.26	0.7	0.7	0	0	0.26
116200	0.26	0.7	0.7	0	0	0.26
116300	0.26	0.7	0.7	0	0	0.26
116400	0.26	0.7	0.7	0	0	0.26
116500	0.26	0.7	0.7	0	0	0.26
116600	0.26	0.7	0.7	0	0	0.26
116700	0.26	0.7	0.7	0	0	0.26
116800	0.25	0.7	0.7	0	0	0.25
116900	0.25	0.7	0.7	0	0	0.25
117000	0.25	0.7	0.7	0	0	0.25
117100	0.25	0.7	0.7	0	0	0.25
117200	0.25	0.7	0.7	0	0	0.25
117300	0.25	0.7	0.7	0	0	0.25
117400	0.25	0.7	0.7	0	0	0.25
117500	0.25	0.7	0.7	0	0	0.25
117600	0.25	0.7	0.7	0	0	0.25
117700	0.25	0.7	0.7	0	0	0.25
117800	0.25	0.7	0.7	0	0	0.25
117900	0.25	0.7	0.7	0	0	0.25
118000	0.25	0.7	0.7	0	0	0.25
118100	0.25	0.7	0.7	0	0	0.25
118200	0.25	0.7	0.7	0	0	0.25
118300	0.25	0.7	0.7	0	0	0.25
118400	0.25	0.7	0.7	0	0	0.25
118500	0.25	0.7	0.7	0	0	0.25
118600	0.25	0.7	0.7	0	0	0.25
118700	0.24	0.7	0.7	0	0	0.24
118800	0.24	0.7	0.7	0	0	0.24
118900	0.24	0.7	0.7	0	0	0.24
119000	0.25	0.7	0.7	0	0	0.25
119100	0.25	0.7	0.7	0	0	0.25
119200	0.25	0.7	0.7	0	0	0.25
119300	0.25	0.7	0.7	0	0	0.25
119400	0.25	0.7	0.7	0	0	0.25
119500	0.25	0.7	0.7	0	0	0.25
119600	0.25	0.7	0.7	0	0	0.25
119700	0.25	0.7	0.7	0	0	0.25
119800	0.25	0.7	0.7	0	0	0.25
119900	0.25	0.7	0.7	0	0	0.25
120000	0.25	0.7	0.7	0	0	0.25
120100	0.25	0.7	0.7	0	0	0.25
120200	0.25	0.7	0.7	0	0	0.25
120300	0.25	0.7	0.7	0	0	0.25
120400	0.25	0.7	0.7	0	0	0.25
120500	0.27	0.7	0.7	0	0	0.27
120600	0.27	0.7	0.7	0	0	0.27
120700	0.27	0.7	0.7	0	0	0.27
120800	0.27	0.7	0.7	0	0	0.27
120900	0.28	0.7	0.7	0	0	0.28
121000	0.28	0.7	0.7	0	0	0.28
121100	0.28	0.7	0.7	0	0	0.28
121200	0.28	0.7	0.7	0	0	0.28
121300	0.28	0.7	0.7	0	0	0.28
121400	0.28	0.7	0.7	0	0	0.28
121500	0.29	0.7	0.7	0	0	0.29
121600	0.29	0.7	0.7	0	0	0.29
121700	0.29	0.7	0.7	0	0	0.29
121800	0.29	0.7	0.7	0	0	0.29
121900	0.29	0.7	0.7	0	0	0.29
122000	0.29	0.7	0.7	0	0	0.29
122100	0.29	0.7	0.7	0	0	0.29
122200	0.29	0.7	0.7	0	0	0.29
122300	0.29	0.7	0.7	0	0	0.29
122400	0.29	0.7	0.7	0	0	0.29
122500	0.29	0.7	0.7	0	0	0.29
122600	0.29	0.7	0.7	0	0	0.29
122700	0.29	0.7	0.7	0	0	0.29
122800	0.29	0.7	0.7	0	0	0.29
122900	0.29	0.7	0.7	0	0	0.29
123000	0.29	0.7	0.7	0	0	0.29
123100	0.29	0.7	0.7	0	0	0.29
123200	0.29	0.7	0.7	0	0	0.29
123300	0.29	0.7	0.7	0	0	0.29
123400	0.29	0.7	0.7	0	0	0.29
123500	0.28	0.7	0.7	0	0	0.28
123600	0.28	0.7	0.7	0	0	0.28
123700	0.28	0.7	0.7	0	0	0.28
123800	0.28	0.7	0.7	0	0	0.28
123900	0.28	0.7	0.7	0	0	0.28
124000	0.28	0.7	0.7	0	0	0.28
124100	0.28	0.7	0.7	0	0	0.28
124200	0.28	0.7	0.7	0	0	0.28
124300	0.28	0.7	0.7	0	0	0.28
124400	0.28	0.7	0.7	0	0	0.28
124500	0.28	0.7	0.7	0	0	0.28
124600	0.28	0.7	0.7	0	0	0.28
124700	0.28	0.7	0.7	0	0	0.28
124800	0.28	0.7	0.7	0	0	0.28
124900	0.28	0.7	0.7	0	0	0.28
125000	0.28	0.7	0.7	0	0	0.28
125100	0.28	0.7	0.7	0	0	0.28
125200	0.28	0.7	0.7	0	0	0.28
125300	0.28	0.7	0.7	0	0	0.28
125400	0.28	0.7	0.7	0	0	0.28
125500	0.28	0.7	0.7	0	0	0.28
125600	0.28	0.7	0.7	0	0	0.28
125700	0.28	0.7	0.7	0	0	0.28
125800	0.28	0.7	0.7	0	0	0.28
125900	0.28	0.7	0.7	0	0	0.28
126000	0.28	0.7	0.7	0	0	0.28
126100	0.28	0.7	0.7	0	0	0.28
126200	0.28	0.7	0.7	0	0	0.28
126300	0.28	0.7	0.7	0	0	0.28
126400	0.28	0.7	0.7	0	0	0.28
126500	0.28	0.7	0.7	0	0	0.28
126600	0.28	0.7	0.7	0	0	0.28
126700	0.29	0.7	0.7	0	0	0.29
126800	0.29	0.7	0.7	0	0	0.29
126900	0.29	0.7	0.7	0	0	0.29
127000	0.29	0.7	0.7	0	0	0.29
127100	0.29	0.7	0.7	0	0	0.29
127200	0.29	0.7	0.7	0	0	0.29
127300	0.29	0.7	0.7	0	0	0.29
127400	0.29	0.7	0.7	0	0	0.29
127500	0.29	0.7	0.7	0	0	0.29
127600	0.29	0.7	0.7	0	0	0.29
127700	0.29	0.7	0.7	0	0	0.29
127800	0.29	0.7	0.7	0	0	0.29
127900	0.29	0.7	0.7	0	0	0.29
128000	0.29	0.7	0.7	0	0	0.29
128100	0.29	0.7	0.7	0	0	0.29
128200	0.29	0.7	0.7	0	0	0.29
128300	0.29	0.7	0.7	0	0	0.29
128400	0.29	0.7	0.7	0	0	0.29
128500	0.29	0.7	0.7	0	0	0.29
128600	0.29	0.7	0.7	0	0	0.29
128700	0.29	0.7	0.7	0	0	0.29
128800	0.29	0.7	0.7	0	0	0.29
128900	0.29	0.7	0.7	0	0	0.29
129000	0.29	0.7	0.7	0	0	0.29
129100	0.29	0.7	0.7	0	0	0.29
129200	0.29	0.7	0.7	0	0	0.29
129300	0.29	0.7	0.7	0	0	0.29
129400	0.29	0.7	0.7	0	0	0.29
129500	0.29	0.7	0.7	0	0	0.29
129600	0.29	0.7	0.7	0	0	0.29
129700	0.29	0.7	0.7	0	0	0.29
129800	0.29	0.7	0.7	0	0	0.29
129900	0.29	0.7	0.7	0	0	0.29
130000	0.29	0.7	0.7	0	0	0.29
130100	0.29	0.7	0.7	0	0	0.29
130200	0.29	0.7	0.7	0	0	0.29
130300	0.29	0.7	0.7	0	0	0.29
130400	0.29	0.7	0.7	0	0	0.29
130500	0.29	0.7	0.7	0	0	0.29
130600	0.29	0.7	0.7	0	0	0.29
130700	0.29	0.7	0.7	0	0	0.29
130800	0.29	0.7	0.7	0	0	0.29
130900	0.29	0.7	0.7	0	0	0.29
131000	0.29	0.7	0.7	0	0	0.29
131100	0.29	0.7	0.7	0	0	0.29
131200	0.29	0.7	0.7	0	0	0.29
131300	0.29	0.7	0.7	0	0	0.29
131400	0.29	0.7	0.7	0	0	0.29
131500	0.29	0.7	0.7	0	0	0.29
131600	0.29	0.7	0.7	0	0	0.29
131700	0.29	0.7	0.7	0	0	0.29
131800	0.29	0.7	0.7	0	0	0.29
131900	0.29	0.7	0.7	0	0	0.29
132000	0.29	0.7	0.7	0	0	0.29
132100	0.29	0.7	0.7	0	0	0.29
132200	0.29	0.7	0.7	0	0	0.29
132300	0.29	0.7	0.7	0	0	0.29
132400	0.29	0.7	0.7	0	0	0.29
132500	0.29	0.7	0.7	0	0	0.29
132600	0.29	0.7	0.7	0	0	0.29
132700	0.29	0.7	0.7	0	0	0.29
132800	0.29	0.7	0.7	0	0	0.29
132900	0.29	0.7	0.7	0	0	0.29
133000	0.29	0.7	0.7	0	0	0.29
133100	0.29	0.7	0.7	0	0	0.29
133200	0.29	0.7	0.7	0	0	0.29
133300	0.29	0.7	0.7	0	0	0.29
133400	0.29	0.7	0.7	0	0	0.29
133500	0.29	0.7	0.7	0	0	0.29
133600	0.29	0.7	0.7	0	0	0.29
133700	0.29	0.7	0.7	0	0	0.29
133800	0.29	0.7	0.7	0	0	0.29
133900	0.29	0.7	0.7	0	0	0.29
134000	0.29	0.7	0.7	0	0	0.29
134100	0.29	0.7	0.7	0	0	0.29
134200	0.29	0.7	0.7	0	0	0.29
134300	0.29	0.7	0.7	0	0	0.29
134400	0.29	0.7	0.7	0	0	0.29
134500	0.29	0.7	0.7	0	0	0.29
134600	0.29	0.7	0.7	0	0	0.29
134700	0.29	0.7	0.7	0	0	0.29
134800	0.29	0.7	0.7	0	0	0.29
134900	0.29	0.7	0.7	0	0	0.29
135000	0.29	0.7	0.7	0	0	0.29
135100	0.29	0.7	0.7	0	0	0.29
135200	0.29	0.7	0.7	0	0	0.29
135300	0.29	0.7	0.7	0	0	0.29
135400	0.28	0.7	0.7	0	0	0.28
135500	0.28	0.7	0.7	0	0	0.28
135600	0.28	0.7	0.7	0	0	0.28
135700	0.28	0.7	0.7	0	0	0.28
135800	0.28	0.7	0.7	0	0	0.28
135900	0.28	0.7	0.7	0	0	0.28
136000	0.28	0.7	0.7	0	0	0.28
136100	0.28	0.7	0.7	0	0	0.28
136200	0.28	0.7	0.7	0	0	0.28
136300	0.28	0.7	0.7	0	0	0.28
136400	0.28	0.7	0.7	0	0	0.28
136500	0.28	0.7	0.7	0	0	0.28
136600	0.28	0.7	0.7	0	0	0.28
136700	0.28	0.7	0.7	0	0	0.28
136800	0.28	0.7	0.7	0	0	0.28
136900	0.28	0.7	0.7	0	0	0.28
137000	0.28	0.7	0.7	0	0	0.28
137100	0.28	0.7	0.7	0	0	0.28
137200	0.28	0.7	0.7	0	0	0.28
137300	0.28	0.7	0.7	0	0	0.28
137400	0.28	0.7	0.7	0	0	0.28
137500	0.28	0.7	0.7	0	0	0.28
137600	0.28	0.7	0.7	0	0	0.28
137700	0.28	0.7	0.7	0	0	0.28
137800	0.28	0.7	0.7	0	0	0.28
137900	0.28	0.7	0.7	0	0	0.28
138000	0.29	0.7	0.7	0	0	0.29
138100	0.29	0.7	0.7	0	0	0.29
138200	0.29	0.7	0.7	0	0	0.29
138300	0.29	0.7	0.7	0	0	0.29
138400	0.29	0.7	0.7	0	0	0.29
138500	0.29	0.7	0.7	0	0	0.29
138600	0.29	0.7	0.7	0	0	0.29
138700	0.29	0.7	0.7	0	0	0.29
138800	0.29	0.7	0.7	0	0	0.29
138900	0.29	0.7	0.7	0	0	0.29
139000	0.29	0.7	0.7	0	0	0.29
139100	0.29	0.7	0.7	0	0	0.29
139200	0.29	0.7	0.7	0	0	0.29
139300	0.29	0.7	0.7	0	0	0.29
139400	0.29	0.7	0.7	0	0	0.29
139500	0.29	0.7	0.7	0	0	0.29
139600	0.29	0.7	0.7	0	0	0.29
139700	0.29	0.7	0.7	0	0	0.29
139800	0.29	0.7	0.7	0	0	0.29
139900	0.28	0.7	0.7	0	0	0.28
140000	0.28	0.7	0.7	0	0	0.28
140100	0.28	0.7	0.7	0	0	0.28
140200	0.28	0.7	0.7	0	0	0.28
140300	0.28	0.7	0.7	0	0	0.28
140400	0.28	0.7	0.7	0	0	0.28
140500	0.28	0.7	0.7	0	0	0.28
140600	0.28	0.7	0.7	0	0	0.28
140700	0.28	0.7	0.7	0	0	0.28
140800	0.28	0.7	0.7	0	0	0.28
140900	0.28	0.7	0.7	0	0	0.28
141000	0.28	0.7	0.7	0	0	0.28
141100	0.28	0.7	0.7	0	0	0.28
141200	0.28	0.7	0.7	0	0	0.28
141300	0.28	0.7	0.7	0	0	0.28
141400	0.28	0.7	0.7	0	0	0.28
141500	0.28	0.7	0.7	0	0	0.28
141600	0.28	0.7	0.7	0	0	0.28
141700	0.28	0.7	0.7	0	0	0.28
141800	0.28	0.7	0.7	0	0	0.28
141900	0.28	0.7	0.7	0	0	0.28
142000	0.28	0.7	0.7	0	0	0.28
142100	0.28	0.7	0.7	0	0	0.28
142200	0.28	0.69	0.69	0	0	0.28
142300	0.28	0.69	0.69	0	0	0.28
142400	0.28	0.69	0.69	0	0	0.28
142500	0.28	0.69	0.69	0	0	0.28
142600	0.28	0.69	0.69	0	0	0.28
142700	0.28	0.69	0.69	0	0	0.28
142800	0.28	0.69	0.69	0	0	0.28
142900	0.28	0.69	0.69	0	0	0.28
143000	0.28	0.69	0.69	0	0	0.28
143100	0.28	0.69	0.69	0	0	0.28
143200	0.28	0.69	0.69	0	0	0.28
143300	0.28	0.69	0.69	0	0	0.28
143400	0.28	0.69	0.69	0	0	0.28
143500	0.28	0.69	0.69	0	0	0.28
143600	0.28	0.69	0.69	0	0	0.28
143700	0.28	0.69	0.69	0	0	0.28
143800	0.29	0.69	0.69	0	0	0.29
143900	0.29	0.69	0.69	0	0	0.29
144000	0.29	0.69	0.69	0	0	0.29
144100	0.29	0.69	0.69	0	0	0.29
144200	0.29	0.69	0.69	0	0	0.29
144300	0.29	0.69	0.69	0	0	0.29
144400	0.29	0.69	0.69	0	0	0.29
144500	0.28	0.69	0.69	0	0	0.28
144600	0.28	0.69	0.69	0	0	0.28
144700	0.28	0.69	0.69	0	0	0.28
144800	0.28	0.69	0.69	0	0	0.28
144900	0.29	0.69	0.69	0	0	0.29
145000	0.29	0.69	0.69	0	0	0.29
145100	0.29	0.69	0.69	0	0	0.29
145200	0.29	0.69	0.69	0	0	0.29
145300	0.29	0.69	0.69	0	0	0.29
145400	0.29	0.69	0.69	0	0	0.29
145500	0.3	0.69	0.69	0	0	0.3
145600	0.29	0.69	0.69	0	0	0.29
145700	0.3	0.69	0.69	0	0	0.3
145800	0.3	0.69	0.69	0	0	0.3
145900	0.3	0.69	0.69	0	0	0.3
146000	0.3	0.69	0.69	0	0	0.3
146100	0.3	0.69	0.69	0	0	0.3
146200	0.3	0.69	0.69	0	0	0.3
146300	0.3	0.69	0.69	0	0	0.3
146400	0.3	0.69	0.69	0	0	0.3
146500	0.3	0.69	0.69	0	0	0.3
146600	0.31	0.69	0.69	0	0	0.31
146700	0.31	0.69	0.69	0	0	0.31
146800	0.31	0.69	0.69	0	0	0.31
146900	0.3	0.69	0.69	0	0	0.3
147000	0.3	0.69	0.69	0	0	0.3
147100	0.31	0.69	0.69	0	0	0.31
147200	0.31	0.69	0.69	0	0	0.31
147300	0.31	0.69	0.69	0	0	0.31
147400	0.31	0.69	0.69	0	0	0.31
147500	0.31	0.69	0.69	0	0	0.31
147600	0.31	0.69	0.69	0	0	0.31
147700	0.31	0.69	0.69	0	0	0.31
147800	0.31	0.69	0.69	0	0	0.31
147900	0.31	0.69	0.69	0	0	0.31
148000	0.31	0.69	0.69	0	0	0.31
148100	0.31	0.69	0.69	0	0	0.31
148200	0.31	0.69	0.69	0	0	0.31
148300	0.31	0.69	0.69	0	0	0.31
148400	0.31	0.69	0.69	0	0	0.31
148500	0.31	0.69	0.69	0	0	0.31
148600	0.31	0.69	0.69	0	0	0.31
148700	0.31	0.69	0.69	0	0	0.31
148800	0.31	0.69	0.69	0	0	0.31
148900	0.31	0.69	0.69	0	0	0.31
149000	0.31	0.69	0.69	0	0	0.31
149100	0.31	0.69	0.69	0	0	0.31
149200	0.31	0.69	0.69	0	0	0.31
149300	0.31	0.69	0.69	0	0	0.31
149400	0.31	0.69	0.69	0	0	0.31
149500	0.31	0.69	0.69	0	0	0.31
149600	0.31	0.69	0.69	0	0	0.31
149700	0.3	0.69	0.69	0	0	0.3
149800	0.3	0.69	0.69	0	0	0.3
149900	0.3	0.69	0.69	0	0	0.3
150000	0.3	0.69	0.69	0	0	0.3
150100	0.3	0.69	0.69	0	0	0.3
150200	0.3	0.69	0.69	0	0	0.3
150300	0.3	0.69	0.69	0	0	0.3
150400	0.3	0.69	0.69	0	0	0.3
150500	0.3	0.69	0.69	0	0	0.3
150600	0.3	0.69	0.69	0	0	0.3
150700	0.3	0.69	0.69	0	0	0.3
150800	0.3	0.69	0.69	0	0	0.3
150900	0.3	0.69	0.69	0	0	0.3
151000	0.3	0.69	0.69	0	0	0.3
151100	0.3	0.69	0.69	0	0	0.3
151200	0.3	0.69	0.69	0	0	0.3
151300	0.3	0.69	0.69	0	0	0.3
151400	0.3	0.69	0.69	0	0	0.3
151500	0.3	0.69	0.69	0	0	0.3
151600	0.3	0.69	0.69	0	0	0.3
151700	0.3	0.69	0.69	0	0	0.3
151800	0.3	0.69	0.69	0	0	0.3
151900	0.3	0.69	0.69	0	0	0.3
152000	0.3	0.69	0.69	0	0	0.3
152100	0.3	0.69	0.69	0	0	0.3
152200	0.3	0.69	0.69	0	0	0.3
152300	0.3	0.69	0.69	0	0	0.3
152400	0.3	0.69	0.69	0	0	0.3
152500	0.3	0.69	0.69	0	0	0.3
152600	0.3	0.69	0.69	0	0	0.3
152700	0.3	0.69	0.69	0	0	0.3
152800	0.3	0.69	0.69	0	0	0.3
152900	0.3	0.69	0.69	0	0	0.3
153000	0.3	0.69	0.69	0	0	0.3
153100	0.3	0.69	0.69	0	0	0.3
153200	0.31	0.69	0.69	0	0	0.31
153300	0.31	0.69	0.69	0	0	0.31
153400	0.31	0.69	0.69	0	0	0.31
153500	0.31	0.69	0.69	0	0	0.31
153600	0.31	0.69	0.69	0	0	0.31
153700	0.31	0.69	0.69	0	0	0.31
153800	0.31	0.69	0.69	0	0	0.31
153900	0.31	0.69	0.69	0	0	0.31
154000	0.31	0.69	0.69	0	0	0.31
154100	0.31	0.69	0.69	0	0	0.31
154200	0.31	0.69	0.69	0	0	0.31
154300	0.31	0.69	0.69	0	0	0.31
154400	0.31	0.69	0.69	0	0	0.31
154500	0.31	0.69	0.69	0	0	0.31
154600	0.31	0.69	0.69	0	0	0.31
154700	0.31	0.69	0.69	0	0	0.31
154800	0.31	0.69	0.69	0	0	0.31
154900	0.31	0.69	0.69	0	0	0.31
155000	0.31	0.69	0.69	0	0	0.31
155100	0.31	0.69	0.69	0	0	0.31
155200	0.31	0.69	0.69	0	0	0.31
155300	0.31	0.69	0.69	0	0	0.31
155400	0.31	0.69	0.69	0	0	0.31
155500	0.31	0.69	0.69	0	0	0.31
155600	0.31	0.69	0.69	0	0	0.31
155700	0.31	0.69	0.69	0	0	0.31
155800	0.31	0.69	0.69	0	0	0.31
155900	0.31	0.69	0.69	0	0	0.31
156000	0.31	0.69	0.69	0	0	0.31
156100	0.31	0.69	0.69	0	0	0.31
156200	0.31	0.69	0.69	0	0	0.31
156300	0.31	0.69	0.69	0	0	0.31
156400	0.31	0.69	0.69	0	0	0.31
156500	0.31	0.69	0.69	0	0	0.31
156600	0.31	0.69	0.69	0	0	0.31
156700	0.31	0.69	0.69	0	0	0.31
156800	0.31	0.69	0.69	0	0	0.31
156900	0.31	0.69	0.69	0	0	0.31
157000	0.31	0.69	0.69	0	0	0.31
157100	0.31	0.69	0.69	0	0	0.31
157200	0.31	0.69	0.69	0	0	0.31
157300	0.31	0.69	0.69	0	0	0.31
157400	0.31	0.69	0.69	0	0	0.31
157500	0.31	0.69	0.69	0	0	0.31
157600	0.31	0.69	0.69	0	0	0.31
157700	0.31	0.69	0.69	0	0	0.31
157800	0.31	0.69	0.69	0	0	0.31
157900	0.31	0.69	0.69	0	0	0.31
158000	0.31	0.69	0.69	0	0	0.31
158100	0.31	0.69	0.69	0	0	0.31
158200	0.31	0.69	0.69	0	0	0.31
158300	0.31	0.69	0.69	0	0	0.31
158400	0.31	0.69	0.69	0	0	0.31
158500	0.31	0.69	0.69	0	0	0.31
158600	0.31	0.69	0.69	0	0	0.31
158700	0.31	0.69	0.69	0	0	0.31
158800	0.31	0.69	0.69	0	0	0.31
158900	0.31	0.69	0.69	0	0	0.31
159000	0.31	0.69	0.69	0	0	0.31
159100	0.31	0.69	0.69	0	0	0.31
159200	0.31	0.69	0.69	0	0	0.31
159300	0.31	0.69	0.69	0	0	0.31
159400	0.31	0.69	0.69	0	0	0.31
159500	0.31	0.69	0.69	0	0	0.31
159600	0.31	0.69	0.69	0	0	0.31
159700	0.31	0.69	0.69	0	0	0.31
159800	0.31	0.69	0.69	0	0	0.31
159900	0.31	0.69	0.69	0	0	0.31
160000	0.31	0.69	0.69	0	0	0.31
160100	0.31	0.69	0.69	0	0	0.31
160200	0.31	0.69	0.69	0	0	0.31
160300	0.31	0.69	0.69	0	0	0.31
160400	0.31	0.69	0.69	0	0	0.31
160500	0.31	0.69	0.69	0	0	0.31
160600	0.31	0.69	0.69	0	0	0.31
160700	0.31	0.69	0.69	0	0	0.31
160800	0.31	0.69	0.69	0	0	0.31
160900	0.31	0.69	0.69	0	0	0.31
161000	0.31	0.69	0.69	0	0	0.31
161100	0.31	0.69	0.69	0	0	0.31
161200	0.31	0.69	0.69	0	0	0.31
161300	0.31	0.69	0.69	0	0	0.31
161400	0.31	0.69	0.69	0	0	0.31
161500	0.31	0.69	0.69	0	0	0.31
161600	0.31	0.69	0.69	0	0	0.31
161700	0.31	0.69	0.69	0	0	0.31
161800	0.31	0.69	0.69	0	0	0.31
161900	0.31	0.69	0.69	0	0	0.31
162000	0.31	0.69	0.69	0	0	0.31
162100	0.31	0.69	0.69	0	0	0.31
162200	0.31	0.69	0.69	0	0	0.31
162300	0.31	0.69	0.69	0	0	0.31
162400	0.31	0.69	0.69	0	0	0.31
162500	0.31	0.69	0.69	0	0	0.31
162600	0.31	0.69	0.69	0	0	0.31
162700	0.31	0.69	0.69	0	0	0.31
162800	0.31	0.69	0.69	0	0	0.31
162900	0.31	0.69	0.69	0	0	0.31
163000	0.31	0.69	0.69	0	0	0.31
163100	0.31	0.69	0.69	0	0	0.31
163200	0.31	0.69	0.69	0	0	0.31
163300	0.31	0.69	0.69	0	0	0.31
163400	0.31	0.69	0.69	0	0	0.31
163500	0.31	0.69	0.69	0	0	0.31
163600	0.31	0.69	0.69	0	0	0.31
163700	0.31	0.69	0.69	0	0	0.31
163800	0.31	0.69	0.69	0	0	0.31
163900	0.31	0.68	0.68	0	0	0.31
164000	0.31	0.68	0.68	0	0	0.31
164100	0.31	0.68	0.68	0	0	0.31
164200	0.31	0.68	0.68	0	0	0.31
164300	0.31	0.68	0.68	0	0	0.31
164400	0.31	0.68	0.68	0	0	0.31
164500	0.31	0.68	0.68	0	0	0.31
164600	0.31	0.68	0.68	0	0	0.31
164700	0.31	0.68	0.68	0	0	0.31
164800	0.31	0.68	0.68	0	0	0.31
164900	0.31	0.69	0.69	0	0	0.31
165000	0.31	0.69	0.69	0	0	0.31
165100	0.31	0.69	0.69	0	0	0.31
165200	0.31	0.69	0.69	0	0	0.31
165300	0.31	0.69	0.69	0	0	0.31
165400	0.31	0.69	0.69	0	0	0.31
165500	0.31	0.69	0.69	0	0	0.31
165600	0.31	0.69	0.69	0	0	0.31
165700	0.31	0.69	0.69	0	0	0.31
165800	0.31	0.69	0.69	0	0	0.31
165900	0.31	0.69	0.69	0	0	0.31
166000	0.31	0.69	0.69	0	0	0.31
166100	0.31	0.69	0.69	0	0	0.31
166200	0.31	0.69	0.69	0	0	0.31
166300	0.31	0.69	0.69	0	0	0.31
166400	0.31	0.69	0.69	0	0	0.31
166500	0.3	0.69	0.69	0	0	0.3
166600	0.3	0.69	0.69	0	0	0.3
166700	0.3	0.69	0.69	0	0	0.3
166800	0.3	0.69	0.69	0	0	0.3
166900	0.3	0.69	0.69	0	0	0.3
167000	0.3	0.69	0.69	0	0	0.3
167100	0.3	0.69	0.69	0	0	0.3
167200	0.3	0.69	0.69	0	0	0.3
167300	0.3	0.69	0.69	0	0	0.3
167400	0.3	0.69	0.69	0	0	0.3
167500	0.3	0.69	0.69	0	0	0.3
167600	0.3	0.69	0.69	0	0	0.3
167700	0.3	0.69	0.69	0	0	0.3
167800	0.3	0.69	0.69	0	0	0.3
167900	0.3	0.69	0.69	0	0	0.3
168000	0.3	0.69	0.69	0	0	0.3
168100	0.3	0.69	0.69	0	0	0.3
168200	0.3	0.69	0.69	0	0	0.3
168300	0.3	0.69	0.69	0	0	0.3
168400	0.3	0.69	0.69	0	0	0.3
168500	0.3	0.69	0.69	0	0	0.3
168600	0.3	0.69	0.69	0	0	0.3
168700	0.3	0.69	0.69	0	0	0.3
168800	0.3	0.69	0.69	0	0	0.3
168900	0.3	0.69	0.69	0	0	0.3
169000	0.3	0.69	0.69	0	0	0.3
169100	0.3	0.69	0.69	0	0	0.3
169200	0.3	0.69	0.69	0	0	0.3
169300	0.3	0.69	0.69	0	0	0.3
169400	0.3	0.69	0.69	0	0	0.3
169500	0.3	0.69	0.69	0	0	0.3
169600	0.3	0.69	0.69	0	0	0.3
169700	0.3	0.69	0.69	0	0	0.3
169800	0.3	0.69	0.69	0	0	0.3
169900	0.3	0.69	0.69	0	0	0.3
170000	0.3	0.69	0.69	0	0	0.3
170100	0.3	0.69	0.69	0	0	0.3
170200	0.3	0.69	0.69	0	0	0.3
170300	0.3	0.69	0.69	0	0	0.3
170400	0.3	0.69	0.69	0	0	0.3
170500	0.3	0.69	0.69	0	0	0.3
170600	0.3	0.69	0.69	0	0	0.3
170700	0.3	0.69	0.69	0	0	0.3
170800	0.3	0.69	0.69	0	0	0.3
170900	0.3	0.68	0.68	0	0	0.3
171000	0.3	0.68	0.68	0	0	0.3
171100	0.3	0.68	0.68	0	0	0.3
171200	0.3	0.68	0.68	0	0	0.3
171300	0.3	0.68	0.68	0	0	0.3
171400	0.3	0.68	0.68	0	0	0.3
171500	0.3	0.68	0.68	0	0	0.3
171600	0.31	0.68	0.68	0	0	0.31
171700	0.31	0.68	0.68	0	0	0.31
171800	0.31	0.68	0.68	0	0	0.31
171900	0.31	0.68	0.68	0	0	0.31
172000	0.31	0.69	0.69	0	0	0.31
172100	0.31	0.69	0.69	0	0	0.31
172200	0.31	0.69	0.69	0	0	0.31
172300	0.31	0.69	0.69	0	0	0.31
172400	0.31	0.69	0.69	0	0	0.31
172500	0.31	0.69	0.69	0	0	0.31
172600	0.31	0.69	0.69	0	0	0.31
172700	0.31	0.69	0.69	0	0	0.31
172800	0.31	0.69	0.69	0	0	0.31
172900	0.31	0.69	0.69	0	0	0.31
173000	0.31	0.69	0.69	0	0	0.31
173100	0.31	0.69	0.69	0	0	0.31
173200	0.31	0.69	0.69	0	0	0.31
173300	0.31	0.69	0.69	0	0	0.31
173400	0.31	0.69	0.69	0	0	0.31
173500	0.31	0.69	0.69	0	0	0.31
173600	0.31	0.69	0.69	0	0	0.31
173700	0.31	0.69	0.69	0	0	0.31
173800	0.31	0.69	0.69	0	0	0.31
173900	0.31	0.69	0.69	0	0	0.31
174000	0.31	0.69	0.69	0	0	0.31
174100	0.31	0.69	0.69	0	0	0.31
174200	0.31	0.69	0.69	0	0	0.31
174300	0.31	0.69	0.69	0	0	0.31
174400	0.31	0.69	0.69	0	0	0.31
174500	0.31	0.69	0.69	0	0	0.31
174600	0.31	0.69	0.69	0	0	0.31
174700	0.31	0.69	0.69	0	0	0.31
174800	0.31	0.69	0.69	0	0	0.31
174900	0.31	0.69	0.69	0	0	0.31
175000	0.31	0.69	0.69	0	0	0.31
175100	0.31	0.69	0.69	0	0	0.31
175200	0.31	0.69	0.69	0	0	0.31
175300	0.31	0.69	0.69	0	0	0.31
175400	0.31	0.69	0.69	0	0	0.31
175500	0.31	0.69	0.69	0	0	0.31
175600	0.31	0.69	0.69	0	0	0.31
175700	0.31	0.69	0.69	0	0	0.31
175800	0.31	0.69	0.69	0	0	0.31
175900	0.31	0.69	0.69	0	0	0.31
176000	0.31	0.69	0.69	0	0	0.31
176100	0.31	0.69	0.69	0	0	0.31
176200	0.31	0.69	0.69	0	0	0.31
176300	0.31	0.69	0.69	0	0	0.31
176400	0.31	0.69	0.69	0	0	0.31
176500	0.31	0.69	0.69	0	0	0.31
176600	0.31	0.69	0.69	0	0	0.31
176700	0.31	0.69	0.69	0	0	0.31
176800	0.31	0.69	0.69	0	0	0.31
176900	0.31	0.69	0.69	0	0	0.31
177000	0.31	0.69	0.69	0	0	0.31
177100	0.31	0.69	0.69	0	0	0.31
177200	0.31	0.69	0.69	0	0	0.31
177300	0.31	0.69	0.69	0	0	0.31
177400	0.31	0.69	0.69	0	0	0.31
177500	0.31	0.69	0.69	0	0	0.31
177600	0.31	0.69	0.69	0	0	0.31
177700	0.31	0.69	0.69	0	0	0.31
177800	0.31	0.69	0.69	0	0	0.31
177900	0.31	0.69	0.69	0	0	0.31
178000	0.31	0.69	0.69	0	0	0.31
178100	0.31	0.69	0.69	0	0	0.31
178200	0.31	0.69	0.69	0	0	0.31
178300	0.31	0.69	0.69	0	0	0.31
178400	0.31	0.69	0.69	0	0	0.31
178500	0.31	0.69	0.69	0	0	0.31
178600	0.31	0.69	0.69	0	0	0.31
178700	0.31	0.69	0.69	0	0	0.31
178800	0.31	0.69	0.69	0	0	0.31
178900	0.31	0.69	0.69	0	0	0.31
179000	0.31	0.69	0.69	0	0	0.31
179100	0.31	0.69	0.69	0	0	0.31
179200	0.31	0.69	0.69	0	0	0.31
179300	0.31	0.69	0.69	0	0	0.31
179400	0.31	0.69	0.69	0	0	0.31
179500	0.31	0.69	0.69	0	0	0.31
179600	0.31	0.69	0.69	0	0	0.31
179700	0.31	0.69	0.69	0	0	0.31
179800	0.31	0.69	0.69	0	0	0.31
179900	0.31	0.69	0.69	0	0	0.31
180000	0.31	0.69	0.69	0	0	0.31
180100	0.31	0.69	0.69	0	0	0.31
180200	0.31	0.69	0.69	0	0	0.31
180300	0.31	0.69	0.69	0	0	0.31
180400	0.31	0.69	0.69	0	0	0.31
180500	0.31	0.69	0.69	0	0	0.31
180600	0.31	0.69	0.69	0	0	0.31
180700	0.31	0.69	0.69	0	0	0.31
180800	0.31	0.69	0.69	0	0	0.31
180900	0.31	0.69	0.69	0	0	0.31
181000	0.31	0.69	0.69	0	0	0.31
181100	0.31	0.69	0.69	0	0	0.31
181200	0.31	0.69	0.69	0	0	0.31
181300	0.31	0.69	0.69	0	0	0.31
181400	0.31	0.69	0.69	0	0	0.31
181500	0.31	0.69	0.69	0	0	0.31
181600	0.31	0.69	0.69	0	0	0.31
181700	0.31	0.69	0.69	0	0	0.31
181800	0.31	0.69	0.69	0	0	0.31
181900	0.31	0.69	0.69	0	0	0.31
182000	0.31	0.69	0.69	0	0	0.31
182100	0.31	0.69	0.69	0	0	0.31
182200	0.31	0.69	0.69	0	0	0.31
182300	0.31	0.69	0.69	0	0	0.31
182400	0.31	0.69	0.69	0	0	0.31
182500	0.31	0.69	0.69	0	0	0.31
182600	0.31	0.69	0.69	0	0	0.31
182700	0.31	0.69	0.69	0	0	0.31
182800	0.31	0.69	0.69	0	0	0.31
182900	0.31	0.69	0.69	0	0	0.31
183000	0.31	0.69	0.69	0	0	0.31
183100	0.31	0.69	0.69	0	0	0.31
183200	0.31	0.69	0.69	0	0	0.31
183300	0.31	0.69	0.69	0	0	0.31
183400	0.31	0.69	0.69	0	0	0.31
183500	0.31	0.69	0.69	0	0	0.31
183600	0.31	0.69	0.69	0	0	0.31
183700	0.31	0.69	0.69	0	0	0.31
183800	0.31	0.69	0.69	0	0	0.31
183900	0.31	0.69	0.69	0	0	0.31
184000	0.31	0.69	0.69	0	0	0.31
184100	0.31	0.69	0.69	0	0	0.31
184200	0.31	0.69	0.69	0	0	0.31
184300	0.31	0.69	0.69	0	0	0.31
184400	0.31	0.69	0.69	0	0	0.31
184500	0.31	0.69	0.69	0	0	0.31
184600	0.31	0.69	0.69	0	0	0.31
184700	0.31	0.69	0.69	0	0	0.31
184800	0.31	0.69	0.69	0	0	0.31
184900	0.31	0.69	0.69	0	0	0.31
185000	0.31	0.69	0.69	0	0	0.31
185100	0.31	0.69	0.69	0	0	0.31
185200	0.31	0.69	0.69	0	0	0.31
185300	0.31	0.69	0.69	0	0	0.31
185400	0.31	0.69	0.69	0	0	0.31
185500	0.31	0.69	0.69	0	0	0.31
185600	0.31	0.69	0.69	0	0	0.31
185700	0.31	0.69	0.69	0	0	0.31
185800	0.31	0.69	0.69	0	0	0.31
185900	0.31	0.69	0.69	0	0	0.31
186000	0.31	0.69	0.69	0	0	0.31
186100	0.31	0.69	0.69	0	0	0.31
186200	0.31	0.69	0.69	0	0	0.31
186300	0.31	0.69	0.69	0	0	0.31
186400	0.31	0.69	0.69	0	0	0.31
186500	0.31	0.69	0.69	0	0	0.31
186600	0.31	0.69	0.69	0	0	0.31
186700	0.31	0.69	0.69	0	0	0.31
186800	0.31	0.69	0.69	0	0	0.31
186900	0.31	0.69	0.69	0	0	0.31
187000	0.31	0.69	0.69	0	0	0.31
187100	0.31	0.69	0.69	0	0	0.31
187200	0.31	0.69	0.69	0	0	0.31
187300	0.31	0.69	0.69	0	0	0.31
187400	0.31	0.69	0.69	0	0	0.31
187500	0.31	0.69	0.69	0	0	0.31
187600	0.31	0.69	0.69	0	0	0.31
187700	0.31	0.69	0.69	0	0	0.31
187800	0.31	0.69	0.69	0	0	0.31
187900	0.31	0.69	0.69	0	0	0.31
188000	0.31	0.69	0.69	0	0	0.31
188100	0.31	0.69	0.69	0	0	0.31
188200	0.31	0.69	0.69	0	0	0.31
188300	0.31	0.69	0.69	0	0	0.31
188400	0.31	0.69	0.69	0	0	0.31
188500	0.31	0.69	0.69	0	0	0.31
188600	0.31	0.69	0.69	0	0	0.31
188700	0.31	0.69	0.69	0	0	0.31
188800	0.31	0.69	0.69	0	0	0.31
188900	0.31	0.69	0.69	0	0	0.31
189000	0.31	0.69	0.69	0	0	0.31
189100	0.31	0.69	0.69	0	0	0.31
189200	0.31	0.69	0.69	0	0	0.31
189300	0.31	0.69	0.69	0	0	0.31
189400	0.31	0.69	0.69	0	0	0.31
189500	0.31	0.69	0.69	0	0	0.31
189600	0.31	0.69	0.69	0	0	0.31
189700	0.31	0.69	0.69	0	0	0.31
189800	0.31	0.69	0.69	0	0	0.31
189900	0.31	0.69	0.69	0	0	0.31
190000	0.31	0.69	0.69	0	0	0.31
190100	0.31	0.69	0.69	0	0	0.31
190200	0.31	0.69	0.69	0	0	0.31
190300	0.31	0.69	0.69	0	0	0.31
190400	0.31	0.69	0.69	0	0	0.31
190500	0.31	0.69	0.69	0	0	0.31
190600	0.31	0.69	0.69	0	0	0.31
190700	0.31	0.69	0.69	0	0	0.31
190800	0.31	0.69	0.69	0	0	0.31
190900	0.31	0.69	0.69	0	0	0.31
191000	0.31	0.69	0.69	0	0	0.31
191100	0.31	0.69	0.69	0	0	0.31
191200	0.31	0.69	0.69	0	0	0.31
191300	0.31	0.69	0.69	0	0	0.31
191400	0.31	0.69	0.69	0	0	0.31
191500	0.31	0.69	0.69	0	0	0.31
191600	0.31	0.69	0.69	0	0	0.31
191700	0.31	0.69	0.69	0	0	0.31
191800	0.31	0.69	0.69	0	0	0.31
191900	0.31	0.69	0.69	0	0	0.31
192000	0.31	0.69	0.69	0	0	0.31
192100	0.31	0.69	0.69	0	0	0.31
192200	0.31	0.69	0.69	0	0	0.31
192300	0.31	0.69	0.69	0	0	0.31
192400	0.31	0.69	0.69	0	0	0.31
192500	0.31	0.69	0.69	0	0	0.31
192600	0.31	0.69	0.69	0	0	0.31
192700	0.31	0.69	0.69	0	0	0.31
192800	0.31	0.69	0.69	0	0	0.31
192900	0.3	0.69	0.69	0	0	0.3
193000	0.3	0.69	0.69	0	0	0.3
193100	0.3	0.69	0.69	0	0	0.3
193200	0.3	0.69	0.69	0	0	0.3
193300	0.3	0.69	0.69	0	0	0.3
193400	0.3	0.69	0.69	0	0	0.3
193500	0.3	0.69	0.69	0	0	0.3
193600	0.3	0.69	0.69	0	0	0.3
193700	0.3	0.69	0.69	0	0	0.3
193800	0.3	0.69	0.69	0	0	0.3
193900	0.31	0.69	0.69	0	0	0.31
194000	0.31	0.69	0.69	0	0	0.31
194100	0.31	0.69	0.69	0	0	0.31
194200	0.31	0.69	0.69	0	0	0.31
194300	0.31	0.69	0.69	0	0	0.31
194400	0.31	0.69	0.69	0	0	0.31
194500	0.31	0.69	0.69	0	0	0.31
194600	0.31	0.69	0.69	0	0	0.31
194700	0.31	0.69	0.69	0	0	0.31
194800	0.31	0.69	0.69	0	0	0.31
194900	0.31	0.69	0.69	0	0	0.31
195000	0.31	0.69	0.69	0	0	0.31
195100	0.31	0.69	0.69	0	0	0.31
195200	0.31	0.69	0.69	0	0	0.31
195300	0.31	0.69	0.69	0	0	0.31
195400	0.31	0.69	0.69	0	0	0.31
195500	0.31	0.69	0.69	0	0	0.31
195600	0.31	0.69	0.69	0	0	0.31
195700	0.31	0.69	0.69	0	0	0.31
195800	0.31	0.69	0.69	0	0	0.31
195900	0.31	0.69	0.69	0	0	0.31
196000	0.31	0.69	0.69	0	0	0.31
196100	0.31	0.69	0.69	0	0	0.31
196200	0.31	0.69	0.69	0	0	0.31
196300	0.31	0.69	0.69	0	0	0.31
196400	0.31	0.69	0.69	0	0	0.31
196500	0.31	0.69	0.69	0	0	0.31
196600	0.31	0.69	0.69	0	0	0.31
196700	0.31	0.69	0.69	0	0	0.31
196800	0.31	0.69	0.69	0	0	0.31
196900	0.31	0.69	0.69	0	0	0.31
197000	0.31	0.69	0.69	0	0	0.31
197100	0.31	0.69	0.69	0	0	0.31
197200	0.31	0.69	0.69	0	0	0.31
197300	0.31	0.69	0.69	0	0	0.31
197400	0.31	0.69	0.69	0	0	0.31
197500	0.31	0.69	0.69	0	0	0.31
197600	0.31	0.69	0.69	0	0	0.31
197700	0.31	0.69	0.69	0	0	0.31
197800	0.31	0.69	0.69	0	0	0.31
197900	0.31	0.69	0.69	0	0	0.31
198000	0.31	0.69	0.69	0	0	0.31
198100	0.31	0.69	0.69	0	0	0.31
198200	0.31	0.69	0.69	0	0	0.31
198300	0.31	0.69	0.69	0	0	0.31
198400	0.31	0.69	0.69	0	0	0.31
198500	0.31	0.69	0.69	0	0	0.31
198600	0.31	0.69	0.69	0	0	0.31
198700	0.31	0.69	0.69	0	0	0.31
198800	0.31	0.69	0.69	0	0	0.31
198900	0.31	0.69	0.69	0	0	0.31
199000	0.31	0.69	0.69	0	0	0.31
199100	0.31	0.69	0.69	0	0	0.31
199200	0.31	0.69	0.69	0	0	0.31
199300	0.31	0.69	0.69	0	0	0.31
199400	0.31	0.69	0.69	0	0	0.31
199500	0.31	0.69	0.69	0	0	0.31
199600	0.31	0.69	0.69	0	0	0.31
199700	0.31	0.69	0.69	0	0	0.31
199800	0.31	0.69	0.69	0	0	0.31
199900	0.31	0.69	0.69	0	0	0.31
200000	0.31	0.69	0.69	0	0	0.31
200100	0.31	0.69	0.69	0	0	0.31
200200	0.31	0.69	0.69	0	0	0.31
200300	0.31	0.69	0.69	0	0	0.31
200400	0.31	0.69	0.69	0	0	0.31
200500	0.31	0.69	0.69	0	0	0.31
200600	0.31	0.69	0.69	0	0	0.31
200700	0.31	0.69	0.69	0	0	0.31
200800	0.31	0.69	0.69	0	0	0.31
200900	0.31	0.69	0.69	0	0	0.31
201000	0.31	0.69	0.69	0	0	0.31
201100	0.31	0.69	0.69	0	0	0.31
201200	0.31	0.69	0.69	0	0	0.31
201300	0.31	0.69	0.69	0	0	0.31
201400	0.31	0.69	0.69	0	0	0.31
201500	0.31	0.69	0.69	0	0	0.31
201600	0.31	0.69	0.69	0	0	0.31
201700	0.31	0.69	0.69	0	0	0.31
201800	0.31	0.69	0.69	0	0	0.31
201900	0.31	0.69	0.69	0	0	0.31
202000	0.31	0.69	0.69	0	0	0.31
202100	0.31	0.69	0.69	0	0	0.31
202200	0.31	0.69	0.69	0	0	0.31
202300	0.31	0.69	0.69	0	0	0.31
202400	0.31	0.69	0.69	0	0	0.31
202500	0.31	0.69	0.69	0	0	0.31
202600	0.31	0.68	0.68	0	0	0.31
202700	0.31	0.68	0.68	0	0	0.31
202800	0.31	0.68	0.68	0	0	0.31
202900	0.31	0.68	0.68	0	0	0.31
203000	0.31	0.68	0.68	0	0	0.31
203100	0.31	0.68	0.68	0	0	0.31
203200	0.31	0.68	0.68	0	0	0.31
203300	0.31	0.68	0.68	0	0	0.31
203400	0.31	0.68	0.68	0	0	0.31
203500	0.31	0.68	0.68	0	0	0.31
203600	0.31	0.68	0.68	0	0	0.31
203700	0.31	0.68	0.68	0	0	0.31
203800	0.31	0.68	0.68	0	0	0.31
203900	0.31	0.68	0.68	0	0	0.31
204000	0.31	0.68	0.68	0	0	0.31
204100	0.31	0.68	0.68	0	0	0.31
204200	0.31	0.68	0.68	0	0	0.31
204300	0.31	0.68	0.68	0	0	0.31
204400	0.31	0.68	0.68	0	0	0.31
204500	0.31	0.68	0.68	0	0	0.31
204600	0.31	0.68	0.68	0	0	0.31
204700	0.31	0.68	0.68	0	0	0.31
204800	0.31	0.68	0.68	0	0	0.31
204900	0.31	0.68	0.68	0	0	0.31
205000	0.31	0.68	0.68	0	0	0.31
205100	0.31	0.68	0.68	0	0	0.31
205200	0.31	0.68	0.68	0	0	0.31
205300	0.31	0.68	0.68	0	0	0.31
205400	0.31	0.68	0.68	0	0	0.31
205500	0.31	0.68	0.68	0	0	0.31
205600	0.31	0.68	0.68	0	0	0.31
205700	0.31	0.67	0.67	0	0	0.31
205800	0.31	0.67	0.67	0	0	0.31
205900	0.31	0.67	0.67	0	0	0.31
206000	0.31	0.67	0.67	0	0	0.31
206100	0.31	0.67	0.67	0	0	0.31
206200	0.31	0.67	0.67	0	0	0.31
206300	0.31	0.67	0.67	0	0	0.31
206400	0.31	0.67	0.67	0	0	0.31
206500	0.31	0.67	0.67	0	0	0.31
206600	0.31	0.67	0.67	0	0	0.31
206700	0.31	0.67	0.67	0	0	0.31
206800	0.31	0.67	0.67	0	0	0.31
206900	0.31	0.67	0.67	0	0	0.31
207000	0.31	0.67	0.67	0	0	0.31
207100	0.31	0.67	0.67	0	0	0.31
207200	0.31	0.67	0.67	0	0	0.31
207300	0.31	0.67	0.67	0	0	0.31
207400	0.31	0.67	0.67	0	0	0.31
207500	0.31	0.67	0.67	0	0	0.31
207600	0.31	0.67	0.67	0	0	0.31
207700	0.31	0.67	0.67	0	0	0.31
207800	0.31	0.67	0.67	0	0	0.31
207900	0.31	0.69	0.69	0	0	0.31
208000	0.31	0.69	0.69	0	0	0.31
208100	0.31	0.69	0.69	0	0	0.31
208200	0.31	0.69	0.69	0	0	0.31
208300	0.31	0.69	0.69	0	0	0.31
208400	0.31	0.69	0.69	0	0	0.31
208500	0.31	0.69	0.69	0	0	0.31
208600	0.31	0.69	0.69	0	0	0.31
208700	0.31	0.69	0.69	0	0	0.31
208800	0.31	0.69	0.69	0	0	0.31
208900	0.31	0.69	0.69	0	0	0.31
209000	0.31	0.69	0.69	0	0	0.31
209100	0.31	0.69	0.69	0	0	0.31
209200	0.31	0.69	0.69	0	0	0.31
209300	0.31	0.69	0.69	0	0	0.31
209400	0.31	0.69	0.69	0	0	0.31
209500	0.31	0.69	0.69	0	0	0.31
209600	0.31	0.69	0.69	0	0	0.31
209700	0.31	0.69	0.69	0	0	0.31
209800	0.31	0.69	0.69	0	0	0.31
209900	0.31	0.69	0.69	0	0	0.31
210000	0.31	0.69	0.69	0	0	0.31
210100	0.31	0.69	0.69	0	0	0.31
210200	0.31	0.69	0.69	0	0	0.31
210300	0.31	0.69	0.69	0	0	0.31
210400	0.31	0.69	0.69	0	0	0.31
210500	0.31	0.69	0.69	0	0	0.31
210600	0.31	0.69	0.69	0	0	0.31
210700	0.31	0.69	0.69	0	0	0.31
210800	0.31	0.69	0.69	0	0	0.31
210900	0.31	0.69	0.69	0	0	0.31
211000	0.31	0.69	0.69	0	0	0.31
211100	0.31	0.69	0.69	0	0	0.31
211200	0.31	0.69	0.69	0	0	0.31
211300	0.31	0.69	0.69	0	0	0.31
211400	0.31	0.69	0.69	0	0	0.31
211500	0.31	0.69	0.69	0	0	0.31
211600	0.31	0.69	0.69	0	0	0.31
211700	0.31	0.69	0.69	0	0	0.31
211800	0.31	0.69	0.69	0	0	0.31
211900	0.31	0.69	0.69	0	0	0.31
212000	0.31	0.69	0.69	0	0	0.31
212100	0.31	0.69	0.69	0	0	0.31
212200	0.31	0.69	0.69	0	0	0.31
212300	0.31	0.69	0.69	0	0	0.31
212400	0.31	0.69	0.69	0	0	0.31
212500	0.31	0.69	0.69	0	0	0.31
212600	0.31	0.69	0.69	0	0	0.31
212700	0.31	0.69	0.69	0	0	0.31
212800	0.31	0.69	0.69	0	0	0.31
212900	0.31	0.69	0.69	0	0	0.31
213000	0.31	0.69	0.69	0	0	0.31
213100	0.31	0.69	0.69	0	0	0.31
213200	0.31	0.69	0.69	0	0	0.31
213300	0.31	0.69	0.69	0	0	0.31
213400	0.31	0.69	0.69	0	0	0.31
213500	0.31	0.69	0.69	0	0	0.31
213600	0.31	0.69	0.69	0	0	0.31
213700	0.31	0.69	0.69	0	0	0.31
213800	0.31	0.69	0.69	0	0	0.31
213900	0.31	0.69	0.69	0	0	0.31
214000	0.31	0.69	0.69	0	0	0.31
214100	0.31	0.69	0.69	0	0	0.31
214200	0.31	0.69	0.69	0	0	0.31
214300	0.31	0.69	0.69	0	0	0.31
214400	0.31	0.69	0.69	0	0	0.31
214500	0.31	0.69	0.69	0	0	0.31
214600	0.31	0.69	0.69	0	0	0.31
214700	0.31	0.68	0.68	0	0	0.31
214800	0.31	0.68	0.68	0	0	0.31
214900	0.31	0.68	0.68	0	0	0.31
215000	0.31	0.68	0.68	0	0	0.31
215100	0.31	0.68	0.68	0	0	0.31
215200	0.31	0.68	0.68	0	0	0.31
215300	0.31	0.68	0.68	0	0	0.31
215400	0.31	0.68	0.68	0	0	0.31
215500	0.31	0.68	0.68	0	0	0.31
215600	0.31	0.68	0.68	0	0	0.31
215700	0.31	0.68	0.68	0	0	0.31
215800	0.31	0.68	0.68	0	0	0.31
215900	0.31	0.68	0.68	0	0	0.31
216000	0.31	0.68	0.68	0	0	0.31
216100	0.31	0.67	0.67	0	0	0.31
216200	0.31	0.67	0.67	0	0	0.31
216300	0.31	0.67	0.67	0	0	0.31
216400	0.31	0.67	0.67	0	0	0.31
216500	0.31	0.67	0.67	0	0	0.31
216600	0.31	0.67	0.67	0	0	0.31
216700	0.31	0.67	0.67	0	0	0.31
216800	0.31	0.67	0.67	0	0	0.31
216900	0.31	0.67	0.67	0	0	0.31
217000	0.31	0.67	0.67	0	0	0.31
217100	0.31	0.67	0.67	0	0	0.31
217200	0.31	0.67	0.67	0	0	0.31
217300	0.31	0.67	0.67	0	0	0.31
217400	0.31	0.67	0.67	0	0	0.31
217500	0.31	0.67	0.67	0	0	0.31
217600	0.31	0.67	0.67	0	0	0.31
217700	0.31	0.67	0.67	0	0	0.31
217800	0.31	0.67	0.67	0	0	0.31
217900	0.31	0.67	0.67	0	0	0.31
218000	0.31	0.67	0.67	0	0	0.31
218100	0.31	0.67	0.67	0	0	0.31
218200	0.31	0.67	0.67	0	0	0.31
218300	0.31	0.67	0.67	0	0	0.31
218400	0.31	0.67	0.67	0	0	0.31
218500	0.31	0.67	0.67	0	0	0.31
218600	0.31	0.68	0.68	0	0	0.31
218700	0.31	0.68	0.68	0	0	0.31
218800	0.31	0.68	0.68	0	0	0.31
218900	0.31	0.68	0.68	0	0	0.31
219000	0.31	0.68	0.68	0	0	0.31
219100	0.31	0.68	0.68	0	0	0.31
219200	0.31	0.68	0.68	0	0	0.31
219300	0.31	0.67	0.67	0	0	0.31
219400	0.31	0.67	0.67	0	0	0.31
219500	0.31	0.67	0.67	0	0	0.31
219600	0.31	0.67	0.67	0	0	0.31
219700	0.31	0.67	0.67	0	0	0.31
219800	0.31	0.67	0.67	0	0	0.31
219900	0.31	0.67	0.67	0	0	0.31
220000	0.31	0.67	0.67	0	0	0.31
220100	0.31	0.67	0.67	0	0	0.31
220200	0.31	0.67	0.67	0	0	0.31
220300	0.31	0.67	0.67	0	0	0.31
220400	0.31	0.67	0.67	0	0	0.31
220500	0.31	0.67	0.67	0	0	0.31
220600	0.31	0.67	0.67	0	0	0.31
220700	0.31	0.67	0.67	0	0	0.31
220800	0.31	0.67	0.67	0	0	0.31
220900	0.31	0.67	0.67	0	0	0.31
221000	0.31	0.67	0.67	0	0	0.31
221100	0.31	0.67	0.67	0	0	0.31
221200	0.31	0.68	0.68	0	0	0.31
221300	0.31	0.68	0.68	0	0	0.31
221400	0.31	0.68	0.68	0	0	0.31
221500	0.31	0.68	0.68	0	0	0.31
221600	0.31	0.68	0.68	0	0	0.31
221700	0.31	0.68	0.68	0	0	0.31
221800	0.31	0.68	0.68	0	0	0.31
221900	0.31	0.68	0.68	0	0	0.31
222000	0.31	0.68	0.68	0	0	0.31
222100	0.31	0.68	0.68	0	0	0.31
222200	0.31	0.68	0.68	0	0	0.31
222300	0.31	0.68	0.68	0	0	0.31
222400	0.31	0.68	0.68	0	0	0.31
222500	0.31	0.68	0.68	0	0	0.31
222600	0.31	0.68	0.68	0	0	0.31
222700	0.31	0.68	0.68	0	0	0.31
222800	0.31	0.68	0.68	0	0	0.31
222900	0.31	0.68	0.68	0	0	0.31
223000	0.31	0.68	0.68	0	0	0.31
223100	0.31	0.68	0.68	0	0	0.31
223200	0.31	0.68	0.68	0	0	0.31
223300	0.31	0.68	0.68	0	0	0.31
223400	0.31	0.68	0.68	0	0	0.31
223500	0.31	0.68	0.68	0	0	0.31
223600	0.32	0.68	0.68	0	0	0.32
223700	0.32	0.68	0.68	0	0	0.32
223800	0.32	0.68	0.68	0	0	0.32
223900	0.32	0.68	0.68	0	0	0.32
224000	0.32	0.68	0.68	0	0	0.32
224100	0.32	0.68	0.68	0	0	0.32
224200	0.32	0.68	0.68	0	0	0.32
224300	0.32	0.68	0.68	0	0	0.32
224400	0.32	0.68	0.68	0	0	0.32
224500	0.32	0.68	0.68	0	0	0.32
224600	0.32	0.68	0.68	0	0	0.32
224700	0.32	0.68	0.68	0	0	0.32
224800	0.32	0.68	0.68	0	0	0.32
224900	0.32	0.68	0.68	0	0	0.32
225000	0.32	0.68	0.68	0	0	0.32
225100	0.32	0.68	0.68	0	0	0.32
225200	0.32	0.68	0.68	0	0	0.32
225300	0.32	0.68	0.68	0	0	0.32
225400	0.32	0.68	0.68	0	0	0.32
225500	0.32	0.68	0.68	0	0	0.32
225600	0.32	0.68	0.68	0	0	0.32
225700	0.32	0.68	0.68	0	0	0.32
225800	0.32	0.68	0.68	0	0	0.32
225900	0.32	0.68	0.68	0	0	0.32
226000	0.32	0.68	0.68	0	0	0.32
226100	0.32	0.68	0.68	0	0	0.32
226200	0.32	0.68	0.68	0	0	0.32
226300	0.32	0.68	0.68	0	0	0.32
226400	0.32	0.68	0.68	0	0	0.32
226500	0.32	0.68	0.68	0	0	0.32
226600	0.32	0.68	0.68	0	0	0.32
226700	0.32	0.68	0.68	0	0	0.32
226800	0.32	0.68	0.68	0	0	0.32
226900	0.32	0.68	0.68	0	0	0.32
227000	0.32	0.68	0.68	0	0	0.32
227100	0.32	0.68	0.68	0	0	0.32
227200	0.32	0.68	0.68	0	0	0.32
227300	0.32	0.68	0.68	0	0	0.32
227400	0.32	0.68	0.68	0	0	0.32
227500	0.32	0.68	0.68	0	0	0.32
227600	0.32	0.68	0.68	0	0	0.32
227700	0.32	0.68	0.68	0	0	0.32
227800	0.32	0.68	0.68	0	0	0.32
227900	0.32	0.68	0.68	0	0	0.32
228000	0.32	0.68	0.68	0	0	0.32
228100	0.32	0.68	0.68	0	0	0.32
228200	0.32	0.68	0.68	0	0	0.32
228300	0.32	0.68	0.68	0	0	0.32
228400	0.32	0.68	0.68	0	0	0.32
228500	0.32	0.68	0.68	0	0	0.32
228600	0.32	0.68	0.68	0	0	0.32
228700	0.32	0.68	0.68	0	0	0.32
228800	0.32	0.68	0.68	0	0	0.32
228900	0.32	0.68	0.68	0	0	0.32
229000	0.32	0.68	0.68	0	0	0.32
229100	0.32	0.68	0.68	0	0	0.32
229200	0.32	0.68	0.68	0	0	0.32
229300	0.32	0.68	0.68	0	0	0.32
229400	0.32	0.68	0.68	0	0	0.32
229500	0.32	0.68	0.68	0	0	0.32
229600	0.32	0.68	0.68	0	0	0.32
229700	0.32	0.68	0.68	0	0	0.32
229800	0.32	0.68	0.68	0	0	0.32
229900	0.32	0.68	0.68	0	0	0.32
230000	0.32	0.68	0.68	0	0	0.32
230100	0.32	0.68	0.68	0	0	0.32
230200	0.32	0.68	0.68	0	0	0.32
230300	0.32	0.68	0.68	0	0	0.32
230400	0.32	0.68	0.68	0	0	0.32
230500	0.32	0.68	0.68	0	0	0.32
230600	0.32	0.68	0.68	0	0	0.32
230700	0.32	0.68	0.68	0	0	0.32
230800	0.32	0.68	0.68	0	0	0.32
230900	0.32	0.68	0.68	0	0	0.32
231000	0.32	0.68	0.68	0	0	0.32
231100	0.32	0.68	0.68	0	0	0.32
231200	0.32	0.68	0.68	0	0	0.32
231300	0.32	0.68	0.68	0	0	0.32
231400	0.32	0.68	0.68	0	0	0.32
231500	0.32	0.68	0.68	0	0	0.32
231600	0.32	0.68	0.68	0	0	0.32
231700	0.32	0.68	0.68	0	0	0.32
231800	0.32	0.68	0.68	0	0	0.32
231900	0.32	0.68	0.68	0	0	0.32
232000	0.32	0.68	0.68	0	0	0.32
232100	0.32	0.68	0.68	0	0	0.32
232200	0.32	0.67	0.67	0	0	0.32
232300	0.32	0.67	0.67	0	0	0.32
232400	0.32	0.67	0.67	0	0	0.32
232500	0.32	0.67	0.67	0	0	0.32
232600	0.32	0.67	0.67	0	0	0.32
232700	0.32	0.67	0.67	0	0	0.32
232800	0.32	0.67	0.67	0	0	0.32
232900	0.32	0.67	0.67	0	0	0.32
233000	0.32	0.67	0.67	0	0	0.32
233100	0.32	0.67	0.67	0	0	0.32
233200	0.32	0.67	0.67	0	0	0.32
233300	0.32	0.67	0.67	0	0	0.32
233400	0.32	0.67	0.67	0	0	0.32
233500	0.32	0.67	0.67	0	0	0.32
233600	0.32	0.67	0.67	0	0	0.32
233700	0.32	0.67	0.67	0	0	0.32
233800	0.32	0.67	0.67	0	0	0.32
233900	0.32	0.67	0.67	0	0	0.32
234000	0.32	0.67	0.67	0	0	0.32
234100	0.32	0.67	0.67	0	0	0.32
234200	0.32	0.67	0.67	0	0	0.32
234300	0.32	0.67	0.67	0	0	0.32
234400	0.32	0.67	0.67	0	0	0.32
234500	0.32	0.67	0.67	0	0	0.32
234600	0.32	0.67	0.67	0	0	0.32
234700	0.32	0.67	0.67	0	0	0.32
234800	0.32	0.67	0.67	0	0	0.32
234900	0.32	0.67	0.67	0	0	0.32
235000	0.32	0.66	0.66	0	0	0.32
235100	0.32	0.66	0.66	0	0	0.32
235200	0.32	0.66	0.66	0	0	0.32
235300	0.32	0.66	0.66	0	0	0.32
235400	0.32	0.66	0.66	0	0	0.32
235500	0.32	0.66	0.66	0	0	0.32
235600	0.32	0.66	0.66	0	0	0.32
235700	0.32	0.66	0.66	0	0	0.32
235800	0.32	0.66	0.66	0	0	0.32
235900	0.32	0.66	0.66	0	0	0.32
236000	0.32	0.66	0.66	0	0	0.32
236100	0.32	0.66	0.66	0	0	0.32
236200	0.32	0.66	0.66	0	0	0.32
236300	0.32	0.66	0.66	0	0	0.32
236400	0.32	0.66	0.66	0	0	0.32
236500	0.32	0.66	0.66	0	0	0.32
236600	0.32	0.66	0.66	0	0	0.32
236700	0.32	0.66	0.66	0	0	0.32
236800	0.32	0.66	0.66	0	0	0.32
236900	0.32	0.66	0.66	0	0	0.32
237000	0.32	0.66	0.66	0	0	0.32
237100	0.32	0.66	0.66	0	0	0.32
237200	0.32	0.66	0.66	0	0	0.32
237300	0.32	0.66	0.66	0	0	0.32
237400	0.32	0.66	0.66	0	0	0.32
237500	0.32	0.66	0.66	0	0	0.32
237600	0.32	0.66	0.66	0	0	0.32
237700	0.32	0.66	0.66	0	0	0.32
237800	0.32	0.66	0.66	0	0	0.32
237900	0.32	0.66	0.66	0	0	0.32
238000	0.32	0.66	0.66	0	0	0.32
238100	0.32	0.66	0.66	0	0	0.32
238200	0.32	0.67	0.67	0	0	0.32
238300	0.32	0.67	0.67	0	0	0.32
238400	0.32	0.67	0.67	0	0	0.32
238500	0.32	0.67	0.67	0	0	0.32
238600	0.32	0.67	0.67	0	0	0.32
238700	0.32	0.67	0.67	0	0	0.32
238800	0.32	0.67	0.67	0	0	0.32
238900	0.32	0.67	0.67	0	0	0.32
239000	0.32	0.67	0.67	0	0	0.32
239100	0.32	0.67	0.67	0	0	0.32
239200	0.32	0.67	0.67	0	0	0.32
239300	0.32	0.67	0.67	0	0	0.32
239400	0.32	0.67	0.67	0	0	0.32
239500	0.32	0.66	0.66	0	0	0.32
239600	0.32	0.66	0.66	0	0	0.32
239700	0.32	0.66	0.66	0	0	0.32
239800	0.32	0.66	0.66	0	0	0.32
239900	0.32	0.66	0.66	0	0	0.32
240000	0.32	0.66	0.66	0	0	0.32
240100	0.32	0.66	0.66	0	0	0.32
240200	0.32	0.66	0.66	0	0	0.32
240300	0.32	0.66	0.66	0	0	0.32
240400	0.32	0.67	0.67	0	0	0.32
240500	0.32	0.67	0.67	0	0	0.32
240600	0.32	0.67	0.67	0	0	0.32
240700	0.32	0.67	0.67	0	0	0.32
240800	0.32	0.67	0.67	0	0	0.32
240900	0.32	0.67	0.67	0	0	0.32
241000	0.32	0.67	0.67	0	0	0.32
241100	0.32	0.67	0.67	0	0	0.32
241200	0.32	0.67	0.67	0	0	0.32
241300	0.32	0.67	0.67	0	0	0.32
241400	0.32	0.67	0.67	0	0	0.32
241500	0.32	0.67	0.67	0	0	0.32
241600	0.32	0.67	0.67	0	0	0.32
241700	0.32	0.67	0.67	0	0	0.32
241800	0.32	0.67	0.67	0	0	0.32
241900	0.32	0.67	0.67	0	0	0.32
242000	0.32	0.67	0.67	0	0	0.32
242100	0.32	0.67	0.67	0	0	0.32
242200	0.32	0.67	0.67	0	0	0.32
242300	0.32	0.67	0.67	0	0	0.32
242400	0.32	0.67	0.67	0	0	0.32
242500	0.32	0.67	0.67	0	0	0.32
242600	0.32	0.67	0.67	0	0	0.32
242700	0.32	0.67	0.67	0	0	0.32
242800	0.32	0.67	0.67	0	0	0.32
242900	0.32	0.67	0.67	0	0	0.32
243000	0.32	0.67	0.67	0	0	0.32
243100	0.32	0.67	0.67	0	0	0.32
243200	0.32	0.67	0.67	0	0	0.32
243300	0.32	0.67	0.67	0	0	0.32
243400	0.32	0.67	0.67	0	0	0.32
243500	0.32	0.67	0.67	0	0	0.32
243600	0.32	0.67	0.67	0	0	0.32
243700	0.32	0.67	0.67	0	0	0.32
243800	0.32	0.67	0.67	0	0	0.32
243900	0.32	0.67	0.67	0	0	0.32
244000	0.32	0.67	0.67	0	0	0.32
244100	0.32	0.67	0.67	0	0	0.32
244200	0.32	0.67	0.67	0	0	0.32
244300	0.32	0.67	0.67	0	0	0.32
244400	0.32	0.67	0.67	0	0	0.32
244500	0.32	0.67	0.67	0	0	0.32
244600	0.32	0.67	0.67	0	0	0.32
244700	0.32	0.67	0.67	0	0	0.32
244800	0.32	0.67	0.67	0	0	0.32
244900	0.32	0.67	0.67	0	0	0.32
245000	0.32	0.67	0.67	0	0	0.32
245100	0.32	0.67	0.67	0	0	0.32
245200	0.32	0.67	0.67	0	0	0.32
245300	0.32	0.67	0.67	0	0	0.32
245400	0.32	0.67	0.67	0	0	0.32
245500	0.32	0.67	0.67	0	0	0.32
245600	0.32	0.67	0.67	0	0	0.32
245700	0.32	0.67	0.67	0	0	0.32
245800	0.32	0.67	0.67	0	0	0.32
245900	0.32	0.67	0.67	0	0	0.32
246000	0.32	0.67	0.67	0	0	0.32
246100	0.32	0.67	0.67	0	0	0.32
246200	0.32	0.67	0.67	0	0	0.32
246300	0.32	0.67	0.67	0	0	0.32
246400	0.32	0.67	0.67	0	0	0.32
246500	0.32	0.67	0.67	0	0	0.32
246600	0.32	0.67	0.67	0	0	0.32
246700	0.32	0.67	0.67	0	0	0.32
246800	0.32	0.67	0.67	0	0	0.32
246900	0.32	0.67	0.67	0	0	0.32
247000	0.32	0.67	0.67	0	0	0.32
247100	0.32	0.67	0.67	0	0	0.32
247200	0.32	0.67	0.67	0	0	0.32
247300	0.32	0.67	0.67	0	0	0.32
247400	0.32	0.67	0.67	0	0	0.32
247500	0.32	0.67	0.67	0	0	0.32
247600	0.32	0.67	0.67	0	0	0.32
247700	0.32	0.67	0.67	0	0	0.32
247800	0.32	0.67	0.67	0	0	0.32
247900	0.32	0.67	0.67	0	0	0.32
248000	0.32	0.67	0.67	0	0	0.32
248100	0.32	0.67	0.67	0	0	0.32
248200	0.32	0.67	0.67	0	0	0.32
248300	0.32	0.67	0.67	0	0	0.32
248400	0.32	0.67	0.67	0	0	0.32
248500	0.32	0.67	0.67	0	0	0.32
248600	0.32	0.67	0.67	0	0	0.32
248700	0.32	0.67	0.67	0	0	0.32
248800	0.32	0.67	0.67	0	0	0.32
248900	0.32	0.67	0.67	0	0	0.32
249000	0.32	0.67	0.67	0	0	0.32
249100	0.32	0.67	0.67	0	0	0.32
249200	0.32	0.67	0.67	0	0	0.32
249300	0.32	0.67	0.67	0	0	0.32
249400	0.32	0.67	0.67	0	0	0.32
249500	0.32	0.67	0.67	0	0	0.32
249600	0.32	0.67	0.67	0	0	0.32
249700	0.32	0.67	0.67	0	0	0.32
249800	0.32	0.67	0.67	0	0	0.32
249900	0.32	0.67	0.67	0	0	0.32
250000	0.32	0.67	0.67	0	0	0.32
250100	0.32	0.67	0.67	0	0	0.32
250200	0.32	0.67	0.67	0	0	0.32
250300	0.32	0.67	0.67	0	0	0.32
250400	0.32	0.67	0.67	0	0	0.32
250500	0.32	0.67	0.67	0	0	0.32
250600	0.32	0.67	0.67	0	0	0.32
250700	0.32	0.67	0.67	0	0	0.32
250800	0.32	0.67	0.67	0	0	0.32
250900	0.32	0.67	0.67	0	0	0.32
251000	0.32	0.67	0.67	0	0	0.32
251100	0.32	0.67	0.67	0	0	0.32
251200	0.32	0.67	0.67	0	0	0.32
251300	0.32	0.67	0.67	0	0	0.32
251400	0.32	0.67	0.67	0	0	0.32
251500	0.32	0.67	0.67	0	0	0.32
251600	0.32	0.67	0.67	0	0	0.32
251700	0.32	0.67	0.67	0	0	0.32
251800	0.32	0.67	0.67	0	0	0.32
251900	0.32	0.67	0.67	0	0	0.32
252000	0.32	0.67	0.67	0	0	0.32
252100	0.32	0.67	0.67	0	0	0.32
252200	0.32	0.67	0.67	0	0	0.32
252300	0.32	0.67	0.67	0	0	0.32
252400	0.32	0.67	0.67	0	0	0.32
252500	0.32	0.67	0.67	0	0	0.32
252600	0.32	0.67	0.67	0	0	0.32
252700	0.32	0.67	0.67	0	0	0.32
252800	0.32	0.67	0.67	0	0	0.32
252900	0.32	0.67	0.67	0	0	0.32
253000	0.32	0.67	0.67	0	0	0.32
253100	0.32	0.67	0.67	0	0	0.32
253200	0.32	0.67	0.67	0	0	0.32
253300	0.32	0.67	0.67	0	0	0.32
253400	0.32	0.67	0.67	0	0	0.32
253500	0.32	0.67	0.67	0	0	0.32
253600	0.32	0.67	0.67	0	0	0.32
253700	0.32	0.68	0.68	0	0	0.32
253800	0.32	0.68	0.68	0	0	0.32
253900	0.32	0.68	0.68	0	0	0.32
254000	0.32	0.68	0.68	0	0	0.32
254100	0.32	0.68	0.68	0	0	0.32
254200	0.32	0.68	0.68	0	0	0.32
254300	0.32	0.68	0.68	0	0	0.32
254400	0.32	0.68	0.68	0	0	0.32
254500	0.32	0.68	0.68	0	0	0.32
254600	0.32	0.68	0.68	0	0	0.32
254700	0.32	0.68	0.68	0	0	0.32
254800	0.32	0.68	0.68	0	0	0.32
254900	0.32	0.68	0.68	0	0	0.32
255000	0.32	0.68	0.68	0	0	0.32
255100	0.32	0.68	0.68	0	0	0.32
255200	0.32	0.68	0.68	0	0	0.32
255300	0.32	0.68	0.68	0	0	0.32
255400	0.32	0.68	0.68	0	0	0.32
255500	0.32	0.68	0.68	0	0	0.32
255600	0.32	0.68	0.68	0	0	0.32
255700	0.32	0.68	0.68	0	0	0.32
255800	0.32	0.68	0.68	0	0	0.32
255900	0.32	0.68	0.68	0	0	0.32
256000	0.32	0.68	0.68	0	0	0.32
256100	0.32	0.68	0.68	0	0	0.32
256200	0.32	0.68	0.68	0	0	0.32
256300	0.32	0.68	0.68	0	0	0.32
256400	0.32	0.68	0.68	0	0	0.32
256500	0.32	0.68	0.68	0	0	0.32
256600	0.32	0.68	0.68	0	0	0.32
256700	0.32	0.68	0.68	0	0	0.32
256800	0.32	0.68	0.68	0	0	0.32
256900	0.32	0.68	0.68	0	0	0.32
257000	0.32	0.68	0.68	0	0	0.32
257100	0.32	0.68	0.68	0	0	0.32
257200	0.32	0.68	0.68	0	0	0.32
257300	0.32	0.68	0.68	0	0	0.32
257400	0.32	0.68	0.68	0	0	0.32
257500	0.32	0.68	0.68	0	0	0.32
257600	0.32	0.68	0.68	0	0	0.32
257700	0.32	0.68	0.68	0	0	0.32
257800	0.32	0.68	0.68	0	0	0.32
257900	0.32	0.68	0.68	0	0	0.32
258000	0.32	0.68	0.68	0	0	0.32
258100	0.32	0.68	0.68	0	0	0.32
258200	0.32	0.68	0.68	0	0	0.32
258300	0.32	0.68	0.68	0	0	0.32
258400	0.32	0.68	0.68	0	0	0.32
258500	0.32	0.68	0.68	0	0	0.32
258600	0.32	0.68	0.68	0	0	0.32
258700	0.32	0.68	0.68	0	0	0.32
258800	0.32	0.68	0.68	0	0	0.32
258900	0.32	0.68	0.68	0	0	0.32
259000	0.32	0.68	0.68	0	0	0.32
259100	0.32	0.68	0.68	0	0	0.32
259200	0.32	0.68	0.68	0	0	0.32
259300	0.32	0.68	0.68	0	0	0.32
259400	0.32	0.68	0.68	0	0	0.32
259500	0.32	0.68	0.68	0	0	0.32
259600	0.32	0.68	0.68	0	0	0.32
259700	0.32	0.68	0.68	0	0	0.32
259800	0.32	0.68	0.68	0	0	0.32
259900	0.32	0.68	0.68	0	0	0.32
260000	0.32	0.68	0.68	0	0	0.32
260100	0.32	0.68	0.68	0	0	0.32
260200	0.32	0.68	0.68	0	0	0.32
260300	0.32	0.68	0.68	0	0	0.32
260400	0.32	0.68	0.68	0	0	0.32
260500	0.32	0.68	0.68	0	0	0.32
260600	0.32	0.68	0.68	0	0	0.32
260700	0.32	0.68	0.68	0	0	0.32
260800	0.32	0.68	0.68	0	0	0.32
260900	0.32	0.68	0.68	0	0	0.32
261000	0.32	0.68	0.68	0	0	0.32
261100	0.32	0.68	0.68	0	0	0.32
261200	0.32	0.68	0.68	0	0	0.32
261300	0.32	0.68	0.68	0	0	0.32
261400	0.32	0.68	0.68	0	0	0.32
261500	0.32	0.68	0.68	0	0	0.32
261600	0.32	0.68	0.68	0	0	0.32
261700	0.32	0.68	0.68	0	0	0.32
261800	0.32	0.68	0.68	0	0	0.32
261900	0.32	0.68	0.68	0	0	0.32
262000	0.32	0.68	0.68	0	0	0.32
262100	0.32	0.68	0.68	0	0	0.32
262200	0.32	0.68	0.68	0	0	0.32
262300	0.32	0.68	0.68	0	0	0.32
262400	0.32	0.68	0.68	0	0	0.32
262500	0.32	0.68	0.68	0	0	0.32
262600	0.32	0.68	0.68	0	0	0.32
262700	0.32	0.68	0.68	0	0	0.32
262800	0.32	0.68	0.68	0	0	0.32
262900	0.32	0.68	0.68	0	0	0.32
263000	0.32	0.68	0.68	0	0	0.32
263100	0.32	0.68	0.68	0	0	0.32
263200	0.32	0.68	0.68	0	0	0.32
263300	0.32	0.68	0.68	0	0	0.32
263400	0.32	0.68	0.68	0	0	0.32
263500	0.32	0.68	0.68	0	0	0.32
263600	0.32	0.68	0.68	0	0	0.32
263700	0.32	0.68	0.68	0	0	0.32
263800	0.32	0.68	0.68	0	0	0.32
263900	0.32	0.68	0.68	0	0	0.32
264000	0.32	0.68	0.68	0	0	0.32
264100	0.32	0.68	0.68	0	0	0.32
264200	0.32	0.68	0.68	0	0	0.32
264300	0.32	0.68	0.68	0	0	0.32
264400	0.32	0.68	0.68	0	0	0.32
264500	0.32	0.68	0.68	0	0	0.32
264600	0.32	0.68	0.68	0	0	0.32
264700	0.32	0.68	0.68	0	0	0.32
264800	0.32	0.68	0.68	0	0	0.32
264900	0.32	0.68	0.68	0	0	0.32
265000	0.32	0.68	0.68	0	0	0.32
265100	0.32	0.68	0.68	0	0	0.32
265200	0.32	0.68	0.68	0	0	0.32
265300	0.32	0.68	0.68	0	0	0.32
265400	0.32	0.68	0.68	0	0	0.32
265500	0.32	0.68	0.68	0	0	0.32
265600	0.32	0.68	0.68	0	0	0.32
265700	0.32	0.68	0.68	0	0	0.32
265800	0.32	0.68	0.68	0	0	0.32
265900	0.32	0.68	0.68	0	0	0.32
266000	0.32	0.68	0.68	0	0	0.32
266100	0.32	0.68	0.68	0	0	0.32
266200	0.32	0.68	0.68	0	0	0.32
266300	0.32	0.68	0.68	0	0	0.32
266400	0.32	0.68	0.68	0	0	0.32
266500	0.32	0.68	0.68	0	0	0.32
266600	0.32	0.68	0.68	0	0	0.32
266700	0.32	0.68	0.68	0	0	0.32
266800	0.32	0.68	0.68	0	0	0.32
266900	0.32	0.68	0.68	0	0	0.32
267000	0.32	0.68	0.68	0	0	0.32
267100	0.32	0.68	0.68	0	0	0.32
267200	0.32	0.68	0.68	0	0	0.32
267300	0.32	0.68	0.68	0	0	0.32
267400	0.32	0.68	0.68	0	0	0.32
267500	0.32	0.68	0.68	0	0	0.32
267600	0.32	0.68	0.68	0	0	0.32
267700	0.32	0.68	0.68	0	0	0.32
267800	0.32	0.68	0.68	0	0	0.32
267900	0.32	0.68	0.68	0	0	0.32
268000	0.32	0.68	0.68	0	0	0.32
268100	0.32	0.68	0.68	0	0	0.32
268200	0.32	0.68	0.68	0	0	0.32
268300	0.32	0.68	0.68	0	0	0.32
268400	0.32	0.68	0.68	0	0	0.32
268500	0.32	0.68	0.68	0	0	0.32
268600	0.32	0.68	0.68	0	0	0.32
268700	0.32	0.68	0.68	0	0	0.32
268800	0.32	0.68	0.68	0	0	0.32
268900	0.32	0.68	0.68	0	0	0.32
269000	0.32	0.68	0.68	0	0	0.32
269100	0.32	0.68	0.68	0	0	0.32
269200	0.32	0.68	0.68	0	0	0.32
269300	0.32	0.68	0.68	0	0	0.32
269400	0.32	0.68	0.68	0	0	0.32
269500	0.32	0.68	0.68	0	0	0.32
269600	0.32	0.68	0.68	0	0	0.32
269700	0.32	0.68	0.68	0	0	0.32
269800	0.32	0.68	0.68	0	0	0.32
269900	0.32	0.68	0.68	0	0	0.32
270000	0.32	0.68	0.68	0	0	0.32
270100	0.32	0.68	0.68	0	0	0.32
270200	0.32	0.68	0.68	0	0	0.32
270300	0.32	0.68	0.68	0	0	0.32
270400	0.32	0.68	0.68	0	0	0.32
270500	0.32	0.68	0.68	0	0	0.32
270600	0.32	0.68	0.68	0	0	0.32
270700	0.32	0.68	0.68	0	0	0.32
270800	0.32	0.68	0.68	0	0	0.32
270900	0.32	0.68	0.68	0	0	0.32
271000	0.32	0.68	0.68	0	0	0.32
271100	0.32	0.68	0.68	0	0	0.32
271200	0.32	0.68	0.68	0	0	0.32
271300	0.32	0.67	0.67	0	0	0.32
271400	0.32	0.67	0.67	0	0	0.32
271500	0.32	0.67	0.67	0	0	0.32
271600	0.32	0.67	0.67	0	0	0.32
271700	0.32	0.67	0.67	0	0	0.32
271800	0.32	0.67	0.67	0	0	0.32
271900	0.32	0.67	0.67	0	0	0.32
272000	0.32	0.66	0.66	0	0	0.32
272100	0.32	0.66	0.66	0	0	0.32
272200	0.32	0.66	0.66	0	0	0.32
272300	0.32	0.66	0.66	0	0	0.32
272400	0.32	0.66	0.66	0	0	0.32
272500	0.32	0.66	0.66	0	0	0.32
272600	0.32	0.66	0.66	0	0	0.32
272700	0.32	0.66	0.66	0	0	0.32
272800	0.32	0.66	0.66	0	0	0.32
272900	0.32	0.66	0.66	0	0	0.32
273000	0.32	0.66	0.66	0	0	0.32
273100	0.32	0.66	0.66	0	0	0.32
273200	0.32	0.66	0.66	0	0	0.32
273300	0.32	0.66	0.66	0	0	0.32
273400	0.32	0.66	0.66	0	0	0.32
273500	0.32	0.66	0.66	0	0	0.32
273600	0.32	0.66	0.66	0	0	0.32
273700	0.32	0.66	0.66	0	0	0.32
273800	0.32	0.66	0.66	0	0	0.32
273900	0.32	0.66	0.66	0	0	0.32
274000	0.32	0.66	0.66	0	0	0.32
274100	0.32	0.66	0.66	0	0	0.32
274200	0.32	0.66	0.66	0	0	0.32
274300	0.32	0.66	0.66	0	0	0.32
274400	0.32	0.66	0.66	0	0	0.32
274500	0.32	0.66	0.66	0	0	0.32
274600	0.32	0.66	0.66	0	0	0.32
274700	0.32	0.66	0.66	0	0	0.32
274800	0.32	0.66	0.66	0	0	0.32
274900	0.33	0.66	0.66	0	0	0.33
275000	0.33	0.66	0.66	0	0	0.33
275100	0.33	0.66	0.66	0	0	0.33
275200	0.33	0.66	0.66	0	0	0.33
275300	0.33	0.66	0.66	0	0	0.33
275400	0.33	0.66	0.66	0	0	0.33
275500	0.33	0.66	0.66	0	0	0.33
275600	0.33	0.66	0.66	0	0	0.33
275700	0.33	0.66	0.66	0	0	0.33
275800	0.33	0.66	0.66	0	0	0.33
275900	0.33	0.66	0.66	0	0	0.33
276000	0.33	0.66	0.66	0	0	0.33
276100	0.33	0.66	0.66	0	0	0.33
276200	0.33	0.66	0.66	0	0	0.33
276300	0.33	0.66	0.66	0	0	0.33
276400	0.33	0.66	0.66	0	0	0.33
276500	0.33	0.66	0.66	0	0	0.33
276600	0.33	0.66	0.66	0	0	0.33
276700	0.33	0.66	0.66	0	0	0.33
276800	0.33	0.66	0.66	0	0	0.33
276900	0.33	0.66	0.66	0	0	0.33
277000	0.33	0.66	0.66	0	0	0.33
277100	0.33	0.66	0.66	0	0	0.33
277200	0.33	0.66	0.66	0	0	0.33
277300	0.33	0.66	0.66	0	0	0.33
277400	0.33	0.66	0.66	0	0	0.33
277500	0.33	0.66	0.66	0	0	0.33
277600	0.33	0.66	0.66	0	0	0.33
277700	0.33	0.67	0.67	0	0	0.33
277800	0.33	0.67	0.67	0	0	0.33
277900	0.33	0.67	0.67	0	0	0.33
278000	0.33	0.67	0.67	0	0	0.33
278100	0.33	0.67	0.67	0	0	0.33
278200	0.33	0.67	0.67	0	0	0.33
278300	0.33	0.67	0.67	0	0	0.33
278400	0.33	0.67	0.67	0	0	0.33
278500	0.33	0.67	0.67	0	0	0.33
278600	0.33	0.67	0.67	0	0	0.33
278700	0.33	0.67	0.67	0	0	0.33
278800	0.33	0.67	0.67	0	0	0.33
278900	0.33	0.67	0.67	0	0	0.33
279000	0.33	0.67	0.67	0	0	0.33
279100	0.33	0.67	0.67	0	0	0.33
279200	0.33	0.67	0.67	0	0	0.33
279300	0.33	0.67	0.67	0	0	0.33
279400	0.33	0.67	0.67	0	0	0.33
279500	0.33	0.66	0.66	0	0	0.33
279600	0.33	0.66	0.66	0	0	0.33
279700	0.33	0.66	0.66	0	0	0.33
279800	0.33	0.66	0.66	0	0	0.33
279900	0.33	0.66	0.66	0	0	0.33
280000	0.33	0.66	0.66	0	0	0.33
280100	0.33	0.66	0.66	0	0	0.33
280200	0.33	0.66	0.66	0	0	0.33
280300	0.33	0.66	0.66	0	0	0.33
280400	0.33	0.67	0.67	0	0	0.33
280500	0.33	0.67	0.67	0	0	0.33
280600	0.33	0.67	0.67	0	0	0.33
280700	0.33	0.67	0.67	0	0	0.33
280800	0.33	0.67	0.67	0	0	0.33
280900	0.33	0.67	0.67	0	0	0.33
281000	0.33	0.67	0.67	0	0	0.33
281100	0.33	0.67	0.67	0	0	0.33
281200	0.33	0.67	0.67	0	0	0.33
281300	0.33	0.67	0.67	0	0	0.33
281400	0.33	0.67	0.67	0	0	0.33
281500	0.33	0.67	0.67	0	0	0.33
281600	0.33	0.67	0.67	0	0	0.33
281700	0.32	0.67	0.67	0	0	0.32
281800	0.32	0.67	0.67	0	0	0.32
281900	0.32	0.67	0.67	0	0	0.32
282000	0.32	0.67	0.67	0	0	0.32
282100	0.32	0.67	0.67	0	0	0.32
282200	0.32	0.67	0.67	0	0	0.32
282300	0.32	0.67	0.67	0	0	0.32
282400	0.32	0.67	0.67	0	0	0.32
282500	0.33	0.67	0.67	0	0	0.33
282600	0.33	0.67	0.67	0	0	0.33
282700	0.33	0.67	0.67	0	0	0.33
282800	0.33	0.67	0.67	0	0	0.33
282900	0.32	0.67	0.67	0	0	0.32
283000	0.32	0.67	0.67	0	0	0.32
283100	0.32	0.67	0.67	0	0	0.32
283200	0.32	0.67	0.67	0	0	0.32
283300	0.32	0.67	0.67	0	0	0.32
283400	0.32	0.67	0.67	0	0	0.32
283500	0.32	0.67	0.67	0	0	0.32
283600	0.32	0.67	0.67	0	0	0.32
283700	0.32	0.67	0.67	0	0	0.32
283800	0.32	0.67	0.67	0	0	0.32
283900	0.32	0.67	0.67	0	0	0.32
284000	0.32	0.67	0.67	0	0	0.32
284100	0.32	0.67	0.67	0	0	0.32
284200	0.32	0.67	0.67	0	0	0.32
284300	0.32	0.67	0.67	0	0	0.32
284400	0.32	0.67	0.67	0	0	0.32
284500	0.32	0.67	0.67	0	0	0.32
284600	0.32	0.67	0.67	0	0	0.32
284700	0.32	0.67	0.67	0	0	0.32
284800	0.32	0.67	0.67	0	0	0.32
284900	0.32	0.67	0.67	0	0	0.32
285000	0.32	0.67	0.67	0	0	0.32
285100	0.32	0.67	0.67	0	0	0.32
285200	0.32	0.67	0.67	0	0	0.32
285300	0.32	0.67	0.67	0	0	0.32
285400	0.32	0.67	0.67	0	0	0.32
285500	0.32	0.67	0.67	0	0	0.32
285600	0.32	0.67	0.67	0	0	0.32
285700	0.32	0.67	0.67	0	0	0.32
285800	0.32	0.67	0.67	0	0	0.32
285900	0.32	0.68	0.68	0	0	0.32
286000	0.32	0.68	0.68	0	0	0.32
286100	0.32	0.68	0.68	0	0	0.32
286200	0.32	0.68	0.68	0	0	0.32
286300	0.32	0.68	0.68	0	0	0.32
286400	0.32	0.68	0.68	0	0	0.32
286500	0.32	0.68	0.68	0	0	0.32
286600	0.32	0.68	0.68	0	0	0.32
286700	0.32	0.68	0.68	0	0	0.32
286800	0.32	0.68	0.68	0	0	0.32
286900	0.32	0.68	0.68	0	0	0.32
287000	0.32	0.68	0.68	0	0	0.32
287100	0.32	0.68	0.68	0	0	0.32
287200	0.32	0.68	0.68	0	0	0.32
287300	0.32	0.68	0.68	0	0	0.32
287400	0.32	0.68	0.68	0	0	0.32
287500	0.32	0.68	0.68	0	0	0.32
287600	0.32	0.68	0.68	0	0	0.32
287700	0.32	0.68	0.68	0	0	0.32
287800	0.32	0.68	0.68	0	0	0.32
287900	0.32	0.68	0.68	0	0	0.32
288000	0.32	0.68	0.68	0	0	0.32
288100	0.32	0.68	0.68	0	0	0.32
288200	0.32	0.68	0.68	0	0	0.32
288300	0.32	0.68	0.68	0	0	0.32
288400	0.32	0.68	0.68	0	0	0.32
288500	0.32	0.68	0.68	0	0	0.32
288600	0.32	0.68	0.68	0	0	0.32
288700	0.32	0.68	0.68	0	0	0.32
288800	0.32	0.68	0.68	0	0	0.32
288900	0.32	0.68	0.68	0	0	0.32
289000	0.32	0.68	0.68	0	0	0.32
289100	0.32	0.68	0.68	0	0	0.32
289200	0.32	0.68	0.68	0	0	0.32
289300	0.32	0.68	0.68	0	0	0.32
289400	0.32	0.68	0.68	0	0	0.32
289500	0.32	0.68	0.68	0	0	0.32
289600	0.32	0.68	0.68	0	0	0.32
289700	0.32	0.68	0.68	0	0	0.32
289800	0.32	0.68	0.68	0	0	0.32
289900	0.32	0.68	0.68	0	0	0.32
290000	0.32	0.68	0.68	0	0	0.32
290100	0.32	0.68	0.68	0	0	0.32
290200	0.32	0.68	0.68	0	0	0.32
290300	0.32	0.68	0.68	0	0	0.32
290400	0.32	0.68	0.68	0	0	0.32
290500	0.32	0.68	0.68	0	0	0.32
290600	0.32	0.68	0.68	0	0	0.32
290700	0.32	0.68	0.68	0	0	0.32
290800	0.32	0.68	0.68	0	0	0.32
290900	0.32	0.68	0.68	0	0	0.32
291000	0.32	0.68	0.68	0	0	0.32
291100	0.32	0.68	0.68	0	0	0.32
291200	0.32	0.68	0.68	0	0	0.32
291300	0.32	0.68	0.68	0	0	0.32
291400	0.32	0.68	0.68	0	0	0.32
291500	0.32	0.68	0.68	0	0	0.32
291600	0.32	0.68	0.68	0	0	0.32
291700	0.32	0.68	0.68	0	0	0.32
291800	0.32	0.68	0.68	0	0	0.32
291900	0.32	0.68	0.68	0	0	0.32
292000	0.32	0.68	0.68	0	0	0.32
292100	0.32	0.68	0.68	0	0	0.32
292200	0.32	0.68	0.68	0	0	0.32
292300	0.32	0.68	0.68	0	0	0.32
292400	0.32	0.68	0.68	0	0	0.32
292500	0.32	0.68	0.68	0	0	0.32
292600	0.32	0.68	0.68	0	0	0.32
292700	0.32	0.68	0.68	0	0	0.32
292800	0.32	0.68	0.68	0	0	0.32
292900	0.32	0.68	0.68	0	0	0.32
293000	0.32	0.68	0.68	0	0	0.32
293100	0.32	0.68	0.68	0	0	0.32
293200	0.32	0.68	0.68	0	0	0.32
293300	0.32	0.68	0.68	0	0	0.32
293400	0.32	0.68	0.68	0	0	0.32
293500	0.32	0.68	0.68	0	0	0.32
293600	0.32	0.68	0.68	0	0	0.32
293700	0.32	0.68	0.68	0	0	0.32
293800	0.32	0.68	0.68	0	0	0.32
293900	0.32	0.68	0.68	0	0	0.32
294000	0.32	0.68	0.68	0	0	0.32
294100	0.32	0.68	0.68	0	0	0.32
294200	0.32	0.68	0.68	0	0	0.32
294300	0.32	0.68	0.68	0	0	0.32
294400	0.32	0.68	0.68	0	0	0.32
294500	0.32	0.68	0.68	0	0	0.32
294600	0.32	0.68	0.68	0	0	0.32
294700	0.32	0.68	0.68	0	0	0.32
294800	0.32	0.68	0.68	0	0	0.32
294900	0.32	0.68	0.68	0	0	0.32
295000	0.32	0.68	0.68	0	0	0.32
295100	0.32	0.68	0.68	0	0	0.32
295200	0.32	0.68	0.68	0	0	0.32
295300	0.32	0.68	0.68	0	0	0.32
295400	0.32	0.68	0.68	0	0	0.32
295500	0.32	0.68	0.68	0	0	0.32
295600	0.32	0.68	0.68	0	0	0.32
295700	0.32	0.68	0.68	0	0	0.32
295800	0.32	0.68	0.68	0	0	0.32
295900	0.32	0.68	0.68	0	0	0.32
296000	0.32	0.68	0.68	0	0	0.32
296100	0.32	0.68	0.68	0	0	0.32
296200	0.32	0.68	0.68	0	0	0.32
296300	0.32	0.68	0.68	0	0	0.32
296400	0.32	0.68	0.68	0	0	0.32
296500	0.32	0.68	0.68	0	0	0.32
296600	0.32	0.68	0.68	0	0	0.32
296700	0.32	0.68	0.68	0	0	0.32
296800	0.32	0.68	0.68	0	0	0.32
296900	0.32	0.68	0.68	0	0	0.32
297000	0.32	0.68	0.68	0	0	0.32
297100	0.32	0.68	0.68	0	0	0.32
297200	0.32	0.68	0.68	0	0	0.32
297300	0.32	0.68	0.68	0	0	0.32
297400	0.32	0.68	0.68	0	0	0.32
297500	0.32	0.68	0.68	0	0	0.32
297600	0.32	0.68	0.68	0	0	0.32
297700	0.32	0.68	0.68	0	0	0.32
297800	0.32	0.68	0.68	0	0	0.32
297900	0.32	0.68	0.68	0	0	0.32
298000	0.32	0.68	0.68	0	0	0.32
298100	0.32	0.68	0.68	0	0	0.32
298200	0.32	0.68	0.68	0	0	0.32
298300	0.32	0.68	0.68	0	0	0.32
298400	0.32	0.68	0.68	0	0	0.32
298500	0.32	0.68	0.68	0	0	0.32
298600	0.32	0.68	0.68	0	0	0.32
298700	0.32	0.68	0.68	0	0	0.32
298800	0.32	0.68	0.68	0	0	0.32
298900	0.32	0.68	0.68	0	0	0.32
299000	0.32	0.68	0.68	0	0	0.32
299100	0.32	0.68	0.68	0	0	0.32
299200	0.32	0.68	0.68	0	0	0.32
299300	0.32	0.68	0.68	0	0	0.32
299400	0.32	0.68	0.68	0	0	0.32
299500	0.32	0.68	0.68	0	0	0.32
299600	0.32	0.68	0.68	0	0	0.32
299700	0.32	0.68	0.68	0	0	0.32
299800	0.32	0.68	0.68	0	0	0.32
299900	0.32	0.68	0.68	0	0	0.32
300000	0.32	0.68	0.68	0	0	0.32
