100	0.06	0.09	0.09	0	0	0.06
200	0.05	0.08	0.08	0	0	0.05
300	0.07	0.09	0.09	0	0	0.07
400	0.08	0.09	0.09	0	0	0.08
500	0.13	0.09	0.09	0	0	0.13
600	0.13	0.1	0.1	0	0	0.13
700	0.12	0.09	0.09	0	0	0.12
800	0.09	0.07	0.07	0	0	0.09
900	0.07	0.07	0.07	0	0	0.07
1000	0.07	0.07	0.07	0	0	0.07
1100	0.05	0.04	0.04	0	0	0.05
1200	0.02	0.05	0.05	0	0	0.02
1300	0.03	0.04	0.04	0	0	0.03
1400	0.03	0.04	0.04	0	0	0.03
1500	0.03	0.04	0.04	0	0	0.03
1600	0.02	0.04	0.04	0	0	0.02
1700	0.03	0.04	0.04	0	0	0.03
1800	0.03	0.04	0.04	0	0	0.03
1900	0.04	0.01	0.01	0	0	0.04
2000	0.03	0.02	0.02	0	0	0.03
2100	0.03	0.02	0.02	0	0	0.03
2200	0.03	0.01	0.01	0	0	0.03
2300	0.04	0.02	0.02	0	0	0.04
2400	0.04	0.05	0.05	0	0	0.04
2500	0.05	0.03	0.03	0	0	0.05
2600	0.04	0.04	0.04	0	0	0.04
2700	0.05	0.03	0.03	0	0	0.05
2800	0.05	0.03	0.03	0	0	0.05
2900	0.07	0.02	0.02	0	0	0.07
3000	0.07	0	0	0	0	0.07
3100	0.05	0.01	0.01	0	0	0.05
3200	0.03	0.02	0.02	0	0	0.03
3300	0.02	0.02	0.02	0	0	0.02
3400	0.02	0.02	0.02	0	0	0.02
3500	0.03	0.02	0.02	0	0	0.03
3600	0.06	0.02	0.02	0	0	0.06
3700	0.03	0.04	0.04	0	0	0.03
3800	0.04	0.06	0.06	0	0	0.04
3900	0.04	0.08	0.08	0	0	0.04
4000	0.02	0.09	0.09	0	0	0.02
4100	0.02	0.09	0.09	0	0	0.02
4200	0.03	0.05	0.05	0	0	0.03
4300	0.03	0.03	0.03	0	0	0.03
4400	0.03	0.01	0.01	0	0	0.03
4500	0.03	0.02	0.02	0	0	0.03
4600	0.03	0.02	0.02	0	0	0.03
4700	0.03	0.02	0.02	0	0	0.03
4800	0.04	0.03	0.03	0	0	0.04
4900	0.04	0.02	0.02	0	0	0.04
5000	0.04	0.01	0.01	0	0	0.04
5100	0.06	0	0	0	0	0.06
5200	0.08	0.01	0.01	0	0	0.08
5300	0.08	0.01	0.01	0	0	0.08
5400	0.06	0.02	0.02	0	0	0.06
5500	0.05	0	0	0	0	0.05
5600	0.04	0.01	0.01	0	0	0.04
5700	0.04	0.02	0.02	0	0	0.04
5800	0.03	0.02	0.02	0	0	0.03
5900	0.04	0.01	0.01	0	0	0.04
6000	0.03	0.03	0.03	0	0	0.03
6100	0.02	0.03	0.03	0	0	0.02
6200	0.02	0.02	0.02	0	0	0.02
6300	0.04	0.03	0.03	0	0	0.04
6400	0.04	0.04	0.04	0	0	0.04
6500	0.04	0.03	0.03	0	0	0.04
6600	0.03	0.03	0.03	0	0	0.03
6700	0.02	0.01	0.01	0	0	0.02
6800	0.03	0.01	0.01	0	0	0.03
6900	0.02	0	0	0	0	0.02
7000	0.02	0	0	0	0	0.02
7100	0.04	0.03	0.03	0	0	0.04
7200	0.06	0.05	0.05	0	0	0.06
7300	0.07	0.07	0.07	0	0	0.07
7400	0.06	0.07	0.07	0	0	0.06
7500	0.05	0.07	0.07	0	0	0.05
7600	0.04	0.07	0.07	0	0	0.04
7700	0.01	0.08	0.08	0	0	0.01
7800	0.01	0.07	0.07	0	0	0.01
7900	0.02	0.07	0.07	0	0	0.02
8000	0.03	0.07	0.07	0	0	0.03
8100	0.04	0.08	0.08	0	0	0.04
8200	0.04	0.08	0.08	0	0	0.04
8300	0.04	0.08	0.08	0	0	0.04
8400	0.04	0.08	0.08	0	0	0.04
8500	0.02	0.08	0.08	0	0	0.02
8600	0.03	0.08	0.08	0	0	0.03
8700	0.04	0.11	0.11	0	0	0.04
8800	0.05	0.12	0.12	0	0	0.05
8900	0.04	0.12	0.12	0	0	0.04
9000	0.06	0.1	0.1	0	0	0.06
9100	0.05	0.09	0.09	0	0	0.05
9200	0.04	0.1	0.1	0	0	0.04
9300	0.04	0.12	0.12	0	0	0.04
9400	0.02	0.14	0.14	0	0	0.02
9500	0.01	0.14	0.14	0	0	0.01
9600	0	0.13	0.13	0	0	0
9700	0.02	0.13	0.13	0	0	0.02
9800	0.03	0.12	0.12	0	0	0.03
9900	0.03	0.11	0.11	0	0	0.03
10000	0.04	0.14	0.14	0	0	0.04
10100	0.02	0.15	0.15	0	0	0.02
10200	0.02	0.15	0.15	0	0	0.02
10300	0.02	0.14	0.14	0	0	0.02
10400	0.02	0.15	0.15	0	0	0.02
10500	0.04	0.13	0.13	0	0	0.04
10600	0.01	0.12	0.12	0	0	0.01
10700	0.01	0.13	0.13	0	0	0.01
10800	0.03	0.13	0.13	0	0	0.03
10900	0.03	0.12	0.12	0	0	0.03
11000	0.04	0.13	0.13	0	0	0.04
11100	0.03	0.15	0.15	0	0	0.03
11200	0.03	0.15	0.15	0	0	0.03
11300	0.04	0.15	0.15	0	0	0.04
11400	0.05	0.17	0.17	0	0	0.05
11500	0.05	0.17	0.17	0	0	0.05
11600	0.05	0.18	0.18	0	0	0.05
11700	0.05	0.17	0.17	0	0	0.05
11800	0.04	0.17	0.17	0	0	0.04
11900	0.05	0.18	0.18	0	0	0.05
12000	0.04	0.18	0.18	0	0	0.04
12100	0.03	0.19	0.19	0	0	0.03
12200	0.03	0.19	0.19	0	0	0.03
12300	0.03	0.2	0.2	0	0	0.03
12400	0.01	0.19	0.19	0	0	0.01
12500	0	0.19	0.19	0	0	0
12600	0	0.19	0.19	0	0	0
12700	0	0.21	0.21	0	0	0
12800	0.02	0.22	0.22	0	0	0.02
12900	0.02	0.21	0.21	0	0	0.02
13000	0.01	0.22	0.22	0	0	0.01
13100	0.01	0.21	0.21	0	0	0.01
13200	0	0.22	0.22	0	0	0
13300	0.01	0.22	0.22	0	0	0.01
13400	0.01	0.22	0.22	0	0	0.01
13500	0.02	0.22	0.22	0	0	0.02
13600	0.03	0.21	0.21	0	0	0.03
13700	0.02	0.22	0.22	0	0	0.02
13800	0.02	0.23	0.23	0	0	0.02
13900	0.01	0.23	0.23	0	0	0.01
14000	0.01	0.26	0.26	0	0	0.01
14100	0.02	0.26	0.26	0	0	0.02
14200	0.01	0.26	0.26	0	0	0.01
14300	0.01	0.25	0.25	0	0	0.01
14400	0.02	0.26	0.26	0	0	0.02
14500	0.02	0.27	0.27	0	0	0.02
14600	0.03	0.26	0.26	0	0	0.03
14700	0.03	0.26	0.26	0	0	0.03
14800	0.02	0.28	0.28	0	0	0.02
14900	0.03	0.28	0.28	0	0	0.03
15000	0.01	0.28	0.28	0	0	0.01
15100	0.02	0.29	0.29	0	0	0.02
15200	0.04	0.29	0.29	0	0	0.04
15300	0.05	0.29	0.29	0	0	0.05
15400	0.05	0.28	0.28	0	0	0.05
15500	0.05	0.28	0.28	0	0	0.05
15600	0.06	0.28	0.28	0	0	0.06
15700	0.05	0.28	0.28	0	0	0.05
15800	0.06	0.28	0.28	0	0	0.06
15900	0.07	0.28	0.28	0	0	0.07
16000	0.08	0.29	0.29	0	0	0.08
16100	0.07	0.29	0.29	0	0	0.07
16200	0.05	0.3	0.3	0	0	0.05
16300	0.05	0.32	0.32	0	0	0.05
16400	0.07	0.33	0.33	0	0	0.07
16500	0.05	0.33	0.33	0	0	0.05
16600	0.08	0.34	0.34	0	0	0.08
16700	0.09	0.34	0.34	0	0	0.09
16800	0.08	0.34	0.34	0	0	0.08
16900	0.05	0.33	0.33	0	0	0.05
17000	0.04	0.35	0.35	0	0	0.04
17100	0.03	0.35	0.35	0	0	0.03
17200	0.02	0.36	0.36	0	0	0.02
17300	0	0.35	0.35	0	0	0
17400	0	0.35	0.35	0	0	0
17500	0.02	0.36	0.36	0	0	0.02
17600	0.02	0.38	0.38	0	0	0.02
17700	0.01	0.37	0.37	0	0	0.01
17800	0.02	0.38	0.38	0	0	0.02
17900	0.02	0.4	0.4	0	0	0.02
18000	0.04	0.4	0.4	0	0	0.04
18100	0.03	0.4	0.4	0	0	0.03
18200	0.02	0.41	0.41	0	0	0.02
18300	0.02	0.41	0.41	0	0	0.02
18400	0.02	0.41	0.41	0	0	0.02
18500	0.01	0.41	0.41	0	0	0.01
18600	0.01	0.41	0.41	0	0	0.01
18700	0.01	0.41	0.41	0	0	0.01
18800	0.01	0.41	0.41	0	0	0.01
18900	0.02	0.41	0.41	0	0	0.02
19000	0.02	0.41	0.41	0	0	0.02
19100	0.03	0.42	0.42	0	0	0.03
19200	0.03	0.42	0.42	0	0	0.03
19300	0.02	0.42	0.42	0	0	0.02
19400	0.02	0.42	0.42	0	0	0.02
19500	0.01	0.43	0.43	0	0	0.01
19600	0.04	0.44	0.44	0	0	0.04
19700	0.06	0.43	0.43	0	0	0.06
19800	0.05	0.44	0.44	0	0	0.05
19900	0.06	0.44	0.44	0	0	0.06
20000	0.06	0.45	0.45	0	0	0.06
20100	0.04	0.47	0.47	0	0	0.04
20200	0.03	0.46	0.46	0	0	0.03
20300	0.02	0.46	0.46	0	0	0.02
20400	0.05	0.45	0.45	0	0	0.05
20500	0.04	0.45	0.45	0	0	0.04
20600	0.05	0.44	0.44	0	0	0.05
20700	0.02	0.44	0.44	0	0	0.02
20800	0.02	0.44	0.44	0	0	0.02
20900	0.01	0.44	0.44	0	0	0.01
21000	0.01	0.44	0.44	0	0	0.01
21100	0.01	0.44	0.44	0	0	0.01
21200	0.04	0.44	0.44	0	0	0.04
21300	0.03	0.44	0.44	0	0	0.03
21400	0.03	0.44	0.44	0	0	0.03
21500	0.05	0.44	0.44	0	0	0.05
21600	0.06	0.44	0.44	0	0	0.06
21700	0.05	0.45	0.45	0	0	0.05
21800	0.05	0.45	0.45	0	0	0.05
21900	0.03	0.46	0.46	0	0	0.03
22000	0.03	0.46	0.46	0	0	0.03
22100	0.02	0.46	0.46	0	0	0.02
22200	0.02	0.46	0.46	0	0	0.02
22300	0.02	0.46	0.46	0	0	0.02
22400	0.01	0.45	0.45	0	0	0.01
22500	0.02	0.45	0.45	0	0	0.02
22600	0.01	0.46	0.46	0	0	0.01
22700	0.01	0.46	0.46	0	0	0.01
22800	0.02	0.46	0.46	0	0	0.02
22900	0.03	0.47	0.47	0	0	0.03
23000	0.04	0.47	0.47	0	0	0.04
23100	0.04	0.47	0.47	0	0	0.04
23200	0.03	0.47	0.47	0	0	0.03
23300	0.02	0.48	0.48	0	0	0.02
23400	0.03	0.49	0.49	0	0	0.03
23500	0.02	0.49	0.49	0	0	0.02
23600	0.02	0.48	0.48	0	0	0.02
23700	0.03	0.47	0.47	0	0	0.03
23800	0.05	0.48	0.48	0	0	0.05
23900	0.06	0.48	0.48	0	0	0.06
24000	0.06	0.47	0.47	0	0	0.06
24100	0.06	0.47	0.47	0	0	0.06
24200	0.06	0.47	0.47	0	0	0.06
24300	0.06	0.47	0.47	0	0	0.06
24400	0.04	0.47	0.47	0	0	0.04
24500	0.04	0.47	0.47	0	0	0.04
24600	0.02	0.47	0.47	0	0	0.02
24700	0.01	0.48	0.48	0	0	0.01
24800	0.01	0.49	0.49	0	0	0.01
24900	0.01	0.49	0.49	0	0	0.01
25000	0.01	0.5	0.5	0	0	0.01
25100	0	0.5	0.5	0	0	0
25200	0.02	0.5	0.5	0	0	0.02
25300	0.02	0.5	0.5	0	0	0.02
25400	0.02	0.5	0.5	0	0	0.02
25500	0.04	0.51	0.51	0	0	0.04
25600	0.04	0.51	0.51	0	0	0.04
25700	0.04	0.51	0.51	0	0	0.04
25800	0.05	0.51	0.51	0	0	0.05
25900	0.03	0.51	0.51	0	0	0.03
26000	0.03	0.53	0.53	0	0	0.03
26100	0.01	0.53	0.53	0	0	0.01
26200	0.01	0.54	0.54	0	0	0.01
26300	0.01	0.54	0.54	0	0	0.01
26400	0.01	0.54	0.54	0	0	0.01
26500	0	0.54	0.54	0	0	0
26600	0.01	0.54	0.54	0	0	0.01
26700	0.01	0.54	0.54	0	0	0.01
26800	0	0.55	0.55	0	0	0
26900	0.01	0.55	0.55	0	0	0.01
27000	0.01	0.55	0.55	0	0	0.01
27100	0.02	0.55	0.55	0	0	0.02
27200	0.02	0.55	0.55	0	0	0.02
27300	0.02	0.55	0.55	0	0	0.02
27400	0.02	0.55	0.55	0	0	0.02
27500	0.01	0.55	0.55	0	0	0.01
27600	0.02	0.57	0.57	0	0	0.02
27700	0.01	0.57	0.57	0	0	0.01
27800	0.01	0.57	0.57	0	0	0.01
27900	0.01	0.57	0.57	0	0	0.01
28000	0.01	0.57	0.57	0	0	0.01
28100	0.01	0.57	0.57	0	0	0.01
28200	0.01	0.57	0.57	0	0	0.01
28300	0	0.57	0.57	0	0	0
28400	0	0.58	0.58	0	0	0
28500	0	0.58	0.58	0	0	0
28600	0	0.58	0.58	0	0	0
28700	0	0.59	0.59	0	0	0
28800	0	0.59	0.59	0	0	0
28900	0.03	0.59	0.59	0	0	0.03
29000	0.02	0.59	0.59	0	0	0.02
29100	0.02	0.59	0.59	0	0	0.02
29200	0.02	0.59	0.59	0	0	0.02
29300	0.01	0.59	0.59	0	0	0.01
29400	0.01	0.58	0.58	0	0	0.01
29500	0.01	0.58	0.58	0	0	0.01
29600	0.02	0.58	0.58	0	0	0.02
29700	0.02	0.58	0.58	0	0	0.02
29800	0.03	0.58	0.58	0	0	0.03
29900	0.04	0.58	0.58	0	0	0.04
30000	0.04	0.58	0.58	0	0	0.04
30100	0.05	0.58	0.58	0	0	0.05
30200	0.07	0.58	0.58	0	0	0.07
30300	0.05	0.58	0.58	0	0	0.05
30400	0.03	0.58	0.58	0	0	0.03
30500	0.03	0.58	0.58	0	0	0.03
30600	0.02	0.58	0.58	0	0	0.02
30700	0.02	0.58	0.58	0	0	0.02
30800	0.02	0.58	0.58	0	0	0.02
30900	0.03	0.58	0.58	0	0	0.03
31000	0.02	0.58	0.58	0	0	0.02
31100	0.01	0.59	0.59	0	0	0.01
31200	0	0.59	0.59	0	0	0
31300	0	0.6	0.6	0	0	0
31400	0	0.6	0.6	0	0	0
31500	0	0.6	0.6	0	0	0
31600	0.01	0.6	0.6	0	0	0.01
31700	0.03	0.6	0.6	0	0	0.03
31800	0.03	0.6	0.6	0	0	0.03
31900	0.04	0.6	0.6	0	0	0.04
32000	0.05	0.6	0.6	0	0	0.05
32100	0.04	0.6	0.6	0	0	0.04
32200	0.02	0.6	0.6	0	0	0.02
32300	0.02	0.6	0.6	0	0	0.02
32400	0.02	0.6	0.6	0	0	0.02
32500	0.03	0.6	0.6	0	0	0.03
32600	0.03	0.61	0.61	0	0	0.03
32700	0.03	0.62	0.62	0	0	0.03
32800	0.03	0.61	0.61	0	0	0.03
32900	0.03	0.61	0.61	0	0	0.03
33000	0.03	0.61	0.61	0	0	0.03
33100	0.01	0.62	0.62	0	0	0.01
33200	0	0.62	0.62	0	0	0
33300	0	0.62	0.62	0	0	0
33400	0	0.62	0.62	0	0	0
33500	0	0.62	0.62	0	0	0
33600	0.02	0.62	0.62	0	0	0.02
33700	0.02	0.62	0.62	0	0	0.02
33800	0.03	0.62	0.62	0	0	0.03
33900	0.03	0.62	0.62	0	0	0.03
34000	0.03	0.63	0.63	0	0	0.03
34100	0.04	0.62	0.62	0	0	0.04
34200	0.03	0.63	0.63	0	0	0.03
34300	0.04	0.63	0.63	0	0	0.04
34400	0.02	0.63	0.63	0	0	0.02
34500	0.01	0.63	0.63	0	0	0.01
34600	0.01	0.63	0.63	0	0	0.01
34700	0.02	0.63	0.63	0	0	0.02
34800	0.02	0.63	0.63	0	0	0.02
34900	0.01	0.62	0.62	0	0	0.01
35000	0.02	0.62	0.62	0	0	0.02
35100	0.03	0.62	0.62	0	0	0.03
35200	0.02	0.62	0.62	0	0	0.02
35300	0.02	0.62	0.62	0	0	0.02
35400	0.02	0.62	0.62	0	0	0.02
35500	0.02	0.62	0.62	0	0	0.02
35600	0.02	0.63	0.63	0	0	0.02
35700	0.02	0.63	0.63	0	0	0.02
35800	0.01	0.63	0.63	0	0	0.01
35900	0.02	0.63	0.63	0	0	0.02
36000	0.04	0.63	0.63	0	0	0.04
36100	0.04	0.63	0.63	0	0	0.04
36200	0.04	0.63	0.63	0	0	0.04
36300	0.05	0.63	0.63	0	0	0.05
36400	0.04	0.63	0.63	0	0	0.04
36500	0.04	0.63	0.63	0	0	0.04
36600	0.02	0.63	0.63	0	0	0.02
36700	0.01	0.63	0.63	0	0	0.01
36800	0.01	0.63	0.63	0	0	0.01
36900	0.02	0.63	0.63	0	0	0.02
37000	0.02	0.63	0.63	0	0	0.02
37100	0.01	0.63	0.63	0	0	0.01
37200	0	0.64	0.64	0	0	0
37300	0	0.65	0.65	0	0	0
37400	0	0.65	0.65	0	0	0
37500	0.01	0.65	0.65	0	0	0.01
37600	0.01	0.65	0.65	0	0	0.01
37700	0.01	0.65	0.65	0	0	0.01
37800	0.02	0.65	0.65	0	0	0.02
37900	0.02	0.65	0.65	0	0	0.02
38000	0	0.65	0.65	0	0	0
38100	0.01	0.65	0.65	0	0	0.01
38200	0.03	0.65	0.65	0	0	0.03
38300	0.03	0.65	0.65	0	0	0.03
38400	0.02	0.65	0.65	0	0	0.02
38500	0.02	0.65	0.65	0	0	0.02
38600	0.02	0.65	0.65	0	0	0.02
38700	0	0.65	0.65	0	0	0
38800	0.01	0.65	0.65	0	0	0.01
38900	0.01	0.65	0.65	0	0	0.01
39000	0.01	0.65	0.65	0	0	0.01
39100	0.02	0.65	0.65	0	0	0.02
39200	0.02	0.65	0.65	0	0	0.02
39300	0.03	0.68	0.68	0	0	0.03
39400	0.01	0.68	0.68	0	0	0.01
39500	0.01	0.68	0.68	0	0	0.01
39600	0.01	0.68	0.68	0	0	0.01
39700	0.02	0.68	0.68	0	0	0.02
39800	0.02	0.69	0.69	0	0	0.02
39900	0.02	0.69	0.69	0	0	0.02
40000	0.01	0.69	0.69	0	0	0.01
40100	0.01	0.69	0.69	0	0	0.01
40200	0.01	0.69	0.69	0	0	0.01
40300	0.01	0.69	0.69	0	0	0.01
40400	0.02	0.69	0.69	0	0	0.02
40500	0.02	0.69	0.69	0	0	0.02
40600	0.02	0.69	0.69	0	0	0.02
40700	0.03	0.69	0.69	0	0	0.03
40800	0.02	0.69	0.69	0	0	0.02
40900	0.03	0.69	0.69	0	0	0.03
41000	0.02	0.69	0.69	0	0	0.02
41100	0.02	0.69	0.69	0	0	0.02
41200	0.01	0.69	0.69	0	0	0.01
41300	0.02	0.69	0.69	0	0	0.02
41400	0.02	0.69	0.69	0	0	0.02
41500	0	0.69	0.69	0	0	0
41600	0	0.69	0.69	0	0	0
41700	0.01	0.69	0.69	0	0	0.01
41800	0.01	0.69	0.69	0	0	0.01
41900	0.02	0.69	0.69	0	0	0.02
42000	0.02	0.69	0.69	0	0	0.02
42100	0.02	0.69	0.69	0	0	0.02
42200	0.02	0.69	0.69	0	0	0.02
42300	0.02	0.69	0.69	0	0	0.02
42400	0.02	0.69	0.69	0	0	0.02
42500	0.02	0.69	0.69	0	0	0.02
42600	0.01	0.69	0.69	0	0	0.01
42700	0.02	0.69	0.69	0	0	0.02
42800	0.01	0.69	0.69	0	0	0.01
42900	0.02	0.69	0.69	0	0	0.02
43000	0.03	0.69	0.69	0	0	0.03
43100	0.02	0.69	0.69	0	0	0.02
43200	0.02	0.69	0.69	0	0	0.02
43300	0.02	0.69	0.69	0	0	0.02
43400	0.03	0.69	0.69	0	0	0.03
43500	0.04	0.69	0.69	0	0	0.04
43600	0.02	0.69	0.69	0	0	0.02
43700	0.02	0.69	0.69	0	0	0.02
43800	0	0.69	0.69	0	0	0
43900	0.01	0.69	0.69	0	0	0.01
44000	0.01	0.69	0.69	0	0	0.01
44100	0.01	0.69	0.69	0	0	0.01
44200	0.01	0.69	0.69	0	0	0.01
44300	0.01	0.69	0.69	0	0	0.01
44400	0.02	0.69	0.69	0	0	0.02
44500	0.02	0.69	0.69	0	0	0.02
44600	0.01	0.69	0.69	0	0	0.01
44700	0.01	0.69	0.69	0	0	0.01
44800	0.01	0.69	0.69	0	0	0.01
44900	0.01	0.69	0.69	0	0	0.01
45000	0.01	0.69	0.69	0	0	0.01
45100	0.01	0.69	0.69	0	0	0.01
45200	0	0.69	0.69	0	0	0
45300	0.01	0.69	0.69	0	0	0.01
45400	0.01	0.69	0.69	0	0	0.01
45500	0.01	0.69	0.69	0	0	0.01
45600	0.01	0.69	0.69	0	0	0.01
45700	0.02	0.69	0.69	0	0	0.02
45800	0.03	0.69	0.69	0	0	0.03
45900	0.03	0.69	0.69	0	0	0.03
46000	0.03	0.69	0.69	0	0	0.03
46100	0.03	0.69	0.69	0	0	0.03
46200	0.03	0.69	0.69	0	0	0.03
46300	0	0.69	0.69	0	0	0
46400	0	0.69	0.69	0	0	0
46500	0.01	0.69	0.69	0	0	0.01
46600	0.01	0.69	0.69	0	0	0.01
46700	0.02	0.69	0.69	0	0	0.02
46800	0.02	0.7	0.7	0	0	0.02
46900	0.02	0.7	0.7	0	0	0.02
47000	0.02	0.7	0.7	0	0	0.02
47100	0.02	0.69	0.69	0	0	0.02
47200	0.01	0.69	0.69	0	0	0.01
47300	0	0.69	0.69	0	0	0
47400	0	0.69	0.69	0	0	0
47500	0.01	0.69	0.69	0	0	0.01
47600	0.01	0.69	0.69	0	0	0.01
47700	0.01	0.69	0.69	0	0	0.01
47800	0.01	0.69	0.69	0	0	0.01
47900	0.01	0.69	0.69	0	0	0.01
48000	0.01	0.69	0.69	0	0	0.01
48100	0.02	0.69	0.69	0	0	0.02
48200	0.03	0.69	0.69	0	0	0.03
48300	0.03	0.69	0.69	0	0	0.03
48400	0.02	0.69	0.69	0	0	0.02
48500	0.02	0.69	0.69	0	0	0.02
48600	0.01	0.69	0.69	0	0	0.01
48700	0.02	0.69	0.69	0	0	0.02
48800	0.01	0.69	0.69	0	0	0.01
48900	0.01	0.69	0.69	0	0	0.01
49000	0	0.69	0.69	0	0	0
49100	0	0.68	0.68	0	0	0
49200	0	0.68	0.68	0	0	0
49300	0	0.69	0.69	0	0	0
49400	0	0.69	0.69	0	0	0
49500	0	0.69	0.69	0	0	0
49600	0	0.69	0.69	0	0	0
49700	0	0.69	0.69	0	0	0
49800	0.01	0.69	0.69	0	0	0.01
49900	0.01	0.69	0.69	0	0	0.01
50000	0.02	0.69	0.69	0	0	0.02
50100	0.03	0.69	0.69	0	0	0.03
50200	0.02	0.69	0.69	0	0	0.02
50300	0.02	0.69	0.69	0	0	0.02
50400	0.01	0.69	0.69	0	0	0.01
50500	0.02	0.69	0.69	0	0	0.02
50600	0.02	0.69	0.69	0	0	0.02
50700	0.01	0.69	0.69	0	0	0.01
50800	0.01	0.69	0.69	0	0	0.01
50900	0	0.69	0.69	0	0	0
51000	0	0.69	0.69	0	0	0
51100	0	0.69	0.69	0	0	0
51200	0	0.69	0.69	0	0	0
51300	0	0.69	0.69	0	0	0
51400	0.01	0.69	0.69	0	0	0.01
51500	0.02	0.69	0.69	0	0	0.02
51600	0.02	0.69	0.69	0	0	0.02
51700	0.02	0.69	0.69	0	0	0.02
51800	0.03	0.69	0.69	0	0	0.03
51900	0.03	0.69	0.69	0	0	0.03
52000	0.01	0.69	0.69	0	0	0.01
52100	0.02	0.69	0.69	0	0	0.02
52200	0.01	0.69	0.69	0	0	0.01
52300	0.01	0.69	0.69	0	0	0.01
52400	0.02	0.69	0.69	0	0	0.02
52500	0.02	0.69	0.69	0	0	0.02
52600	0.01	0.69	0.69	0	0	0.01
52700	0	0.7	0.7	0	0	0
52800	0	0.7	0.7	0	0	0
52900	0.01	0.7	0.7	0	0	0.01
53000	0.01	0.7	0.7	0	0	0.01
53100	0.01	0.7	0.7	0	0	0.01
53200	0.01	0.7	0.7	0	0	0.01
53300	0.01	0.7	0.7	0	0	0.01
53400	0.02	0.7	0.7	0	0	0.02
53500	0.02	0.69	0.69	0	0	0.02
53600	0.01	0.69	0.69	0	0	0.01
53700	0.02	0.69	0.69	0	0	0.02
53800	0.03	0.69	0.69	0	0	0.03
53900	0.02	0.69	0.69	0	0	0.02
54000	0.02	0.69	0.69	0	0	0.02
54100	0.02	0.69	0.69	0	0	0.02
54200	0.02	0.69	0.69	0	0	0.02
54300	0.01	0.69	0.69	0	0	0.01
54400	0.01	0.69	0.69	0	0	0.01
54500	0.01	0.69	0.69	0	0	0.01
54600	0.02	0.69	0.69	0	0	0.02
54700	0.01	0.69	0.69	0	0	0.01
54800	0.01	0.68	0.68	0	0	0.01
54900	0.02	0.68	0.68	0	0	0.02
55000	0.02	0.68	0.68	0	0	0.02
55100	0.03	0.68	0.68	0	0	0.03
55200	0.01	0.68	0.68	0	0	0.01
55300	0.01	0.68	0.68	0	0	0.01
55400	0.02	0.68	0.68	0	0	0.02
55500	0.02	0.68	0.68	0	0	0.02
55600	0.02	0.68	0.68	0	0	0.02
55700	0.01	0.68	0.68	0	0	0.01
55800	0.01	0.68	0.68	0	0	0.01
55900	0	0.68	0.68	0	0	0
56000	0.01	0.69	0.69	0	0	0.01
56100	0.01	0.69	0.69	0	0	0.01
56200	0.01	0.69	0.69	0	0	0.01
56300	0.02	0.69	0.69	0	0	0.02
56400	0.02	0.69	0.69	0	0	0.02
56500	0.01	0.69	0.69	0	0	0.01
56600	0.01	0.69	0.69	0	0	0.01
56700	0.01	0.69	0.69	0	0	0.01
56800	0.02	0.69	0.69	0	0	0.02
56900	0.03	0.69	0.69	0	0	0.03
57000	0.04	0.69	0.69	0	0	0.04
57100	0.05	0.69	0.69	0	0	0.05
57200	0.04	0.69	0.69	0	0	0.04
57300	0.04	0.7	0.7	0	0	0.04
57400	0.03	0.7	0.7	0	0	0.03
57500	0.02	0.7	0.7	0	0	0.02
57600	0.02	0.7	0.7	0	0	0.02
57700	0.03	0.7	0.7	0	0	0.03
57800	0.04	0.7	0.7	0	0	0.04
57900	0.04	0.7	0.7	0	0	0.04
58000	0.05	0.7	0.7	0	0	0.05
58100	0.05	0.7	0.7	0	0	0.05
58200	0.04	0.69	0.69	0	0	0.04
58300	0.03	0.69	0.69	0	0	0.03
58400	0	0.69	0.69	0	0	0
58500	0	0.69	0.69	0	0	0
58600	0.01	0.69	0.69	0	0	0.01
58700	0.01	0.69	0.69	0	0	0.01
58800	0.01	0.69	0.69	0	0	0.01
58900	0.01	0.69	0.69	0	0	0.01
59000	0	0.69	0.69	0	0	0
59100	0	0.69	0.69	0	0	0
59200	0	0.69	0.69	0	0	0
59300	0	0.69	0.69	0	0	0
59400	0.01	0.69	0.69	0	0	0.01
59500	0.02	0.69	0.69	0	0	0.02
59600	0.01	0.69	0.69	0	0	0.01
59700	0.02	0.69	0.69	0	0	0.02
59800	0.01	0.69	0.69	0	0	0.01
59900	0.01	0.69	0.69	0	0	0.01
60000	0.02	0.69	0.69	0	0	0.02
60100	0.01	0.69	0.69	0	0	0.01
60200	0.01	0.69	0.69	0	0	0.01
60300	0.01	0.69	0.69	0	0	0.01
60400	0.02	0.69	0.69	0	0	0.02
60500	0.02	0.69	0.69	0	0	0.02
60600	0.02	0.69	0.69	0	0	0.02
60700	0.02	0.69	0.69	0	0	0.02
60800	0.04	0.69	0.69	0	0	0.04
60900	0.04	0.69	0.69	0	0	0.04
61000	0.04	0.69	0.69	0	0	0.04
61100	0.02	0.69	0.69	0	0	0.02
61200	0.02	0.69	0.69	0	0	0.02
61300	0.01	0.69	0.69	0	0	0.01
61400	0	0.69	0.69	0	0	0
61500	0	0.69	0.69	0	0	0
61600	0	0.69	0.69	0	0	0
61700	0	0.69	0.69	0	0	0
61800	0	0.69	0.69	0	0	0
61900	0	0.69	0.69	0	0	0
62000	0.01	0.69	0.69	0	0	0.01
62100	0.01	0.69	0.69	0	0	0.01
62200	0.01	0.69	0.69	0	0	0.01
62300	0.01	0.69	0.69	0	0	0.01
62400	0.01	0.69	0.69	0	0	0.01
62500	0.02	0.69	0.69	0	0	0.02
62600	0.02	0.69	0.69	0	0	0.02
62700	0.02	0.69	0.69	0	0	0.02
62800	0.02	0.69	0.69	0	0	0.02
62900	0.03	0.69	0.69	0	0	0.03
63000	0.02	0.69	0.69	0	0	0.02
63100	0.03	0.69	0.69	0	0	0.03
63200	0.01	0.69	0.69	0	0	0.01
63300	0.02	0.69	0.69	0	0	0.02
63400	0.02	0.69	0.69	0	0	0.02
63500	0.02	0.69	0.69	0	0	0.02
63600	0.02	0.69	0.69	0	0	0.02
63700	0.01	0.7	0.7	0	0	0.01
63800	0	0.69	0.69	0	0	0
63900	0.01	0.69	0.69	0	0	0.01
64000	0.01	0.68	0.68	0	0	0.01
64100	0.02	0.68	0.68	0	0	0.02
64200	0.02	0.68	0.68	0	0	0.02
64300	0.02	0.68	0.68	0	0	0.02
64400	0.01	0.67	0.67	0	0	0.01
64500	0.01	0.67	0.67	0	0	0.01
64600	0.01	0.67	0.67	0	0	0.01
64700	0	0.67	0.67	0	0	0
64800	0	0.67	0.67	0	0	0
64900	0.01	0.67	0.67	0	0	0.01
65000	0.02	0.67	0.67	0	0	0.02
65100	0.02	0.67	0.67	0	0	0.02
65200	0.02	0.67	0.67	0	0	0.02
65300	0.01	0.67	0.67	0	0	0.01
65400	0.02	0.67	0.67	0	0	0.02
65500	0.02	0.67	0.67	0	0	0.02
65600	0.01	0.67	0.67	0	0	0.01
65700	0.01	0.67	0.67	0	0	0.01
65800	0.01	0.67	0.67	0	0	0.01
65900	0	0.67	0.67	0	0	0
66000	0	0.67	0.67	0	0	0
66100	0.01	0.67	0.67	0	0	0.01
66200	0.01	0.67	0.67	0	0	0.01
66300	0.01	0.67	0.67	0	0	0.01
66400	0.01	0.68	0.68	0	0	0.01
66500	0.01	0.69	0.69	0	0	0.01
66600	0.01	0.69	0.69	0	0	0.01
66700	0.01	0.69	0.69	0	0	0.01
66800	0.01	0.69	0.69	0	0	0.01
66900	0.01	0.69	0.69	0	0	0.01
67000	0.01	0.69	0.69	0	0	0.01
67100	0	0.69	0.69	0	0	0
67200	0.01	0.69	0.69	0	0	0.01
67300	0.01	0.69	0.69	0	0	0.01
67400	0.01	0.69	0.69	0	0	0.01
67500	0.01	0.69	0.69	0	0	0.01
67600	0.01	0.69	0.69	0	0	0.01
67700	0	0.69	0.69	0	0	0
67800	0.01	0.69	0.69	0	0	0.01
67900	0.01	0.69	0.69	0	0	0.01
68000	0.02	0.69	0.69	0	0	0.02
68100	0.03	0.69	0.69	0	0	0.03
68200	0.04	0.69	0.69	0	0	0.04
68300	0.04	0.69	0.69	0	0	0.04
68400	0.04	0.69	0.69	0	0	0.04
68500	0.06	0.69	0.69	0	0	0.06
68600	0.04	0.69	0.69	0	0	0.04
68700	0.03	0.69	0.69	0	0	0.03
68800	0.02	0.69	0.69	0	0	0.02
68900	0.02	0.69	0.69	0	0	0.02
69000	0.01	0.69	0.69	0	0	0.01
69100	0.02	0.69	0.69	0	0	0.02
69200	0.02	0.69	0.69	0	0	0.02
69300	0.03	0.69	0.69	0	0	0.03
69400	0.02	0.69	0.69	0	0	0.02
69500	0.02	0.7	0.7	0	0	0.02
69600	0.02	0.7	0.7	0	0	0.02
69700	0.02	0.7	0.7	0	0	0.02
69800	0.01	0.7	0.7	0	0	0.01
69900	0	0.7	0.7	0	0	0
70000	0	0.7	0.7	0	0	0
70100	0	0.7	0.7	0	0	0
70200	0	0.7	0.7	0	0	0
70300	0	0.7	0.7	0	0	0
70400	0.01	0.7	0.7	0	0	0.01
70500	0.02	0.7	0.7	0	0	0.02
70600	0.04	0.7	0.7	0	0	0.04
70700	0.04	0.7	0.7	0	0	0.04
70800	0.06	0.7	0.7	0	0	0.06
70900	0.05	0.7	0.7	0	0	0.05
71000	0.04	0.7	0.7	0	0	0.04
71100	0.02	0.7	0.7	0	0	0.02
71200	0.02	0.7	0.7	0	0	0.02
71300	0.03	0.7	0.7	0	0	0.03
71400	0.02	0.7	0.7	0	0	0.02
71500	0.01	0.7	0.7	0	0	0.01
71600	0	0.7	0.7	0	0	0
71700	0	0.7	0.7	0	0	0
71800	0	0.7	0.7	0	0	0
71900	0.01	0.7	0.7	0	0	0.01
72000	0.01	0.7	0.7	0	0	0.01
72100	0.01	0.7	0.7	0	0	0.01
72200	0.01	0.7	0.7	0	0	0.01
72300	0.01	0.7	0.7	0	0	0.01
72400	0	0.7	0.7	0	0	0
72500	0	0.7	0.7	0	0	0
72600	0	0.7	0.7	0	0	0
72700	0	0.7	0.7	0	0	0
72800	0	0.7	0.7	0	0	0
72900	0.01	0.7	0.7	0	0	0.01
73000	0.02	0.7	0.7	0	0	0.02
73100	0.02	0.7	0.7	0	0	0.02
73200	0.03	0.7	0.7	0	0	0.03
73300	0.03	0.7	0.7	0	0	0.03
73400	0.02	0.7	0.7	0	0	0.02
73500	0.03	0.7	0.7	0	0	0.03
73600	0.03	0.7	0.7	0	0	0.03
73700	0.03	0.7	0.7	0	0	0.03
73800	0.01	0.7	0.7	0	0	0.01
73900	0.01	0.7	0.7	0	0	0.01
74000	0.01	0.7	0.7	0	0	0.01
74100	0	0.7	0.7	0	0	0
74200	0	0.7	0.7	0	0	0
74300	0	0.7	0.7	0	0	0
74400	0.01	0.7	0.7	0	0	0.01
74500	0.01	0.69	0.69	0	0	0.01
74600	0.01	0.69	0.69	0	0	0.01
74700	0.01	0.69	0.69	0	0	0.01
74800	0.01	0.69	0.69	0	0	0.01
74900	0.01	0.69	0.69	0	0	0.01
75000	0	0.69	0.69	0	0	0
75100	0	0.69	0.69	0	0	0
75200	0	0.69	0.69	0	0	0
75300	0	0.69	0.69	0	0	0
75400	0	0.69	0.69	0	0	0
75500	0	0.69	0.69	0	0	0
75600	0	0.69	0.69	0	0	0
75700	0.01	0.69	0.69	0	0	0.01
75800	0.01	0.69	0.69	0	0	0.01
75900	0.01	0.7	0.7	0	0	0.01
76000	0	0.7	0.7	0	0	0
76100	0.01	0.7	0.7	0	0	0.01
76200	0.01	0.7	0.7	0	0	0.01
76300	0.02	0.69	0.69	0	0	0.02
76400	0.03	0.69	0.69	0	0	0.03
76500	0.03	0.69	0.69	0	0	0.03
76600	0.01	0.69	0.69	0	0	0.01
76700	0	0.69	0.69	0	0	0
76800	0.01	0.69	0.69	0	0	0.01
76900	0.02	0.69	0.69	0	0	0.02
77000	0.03	0.69	0.69	0	0	0.03
77100	0.03	0.69	0.69	0	0	0.03
77200	0.03	0.7	0.7	0	0	0.03
77300	0.03	0.7	0.7	0	0	0.03
77400	0.03	0.7	0.7	0	0	0.03
77500	0.03	0.7	0.7	0	0	0.03
77600	0.02	0.7	0.7	0	0	0.02
77700	0.01	0.7	0.7	0	0	0.01
77800	0.01	0.7	0.7	0	0	0.01
77900	0.02	0.7	0.7	0	0	0.02
78000	0.02	0.7	0.7	0	0	0.02
78100	0	0.7	0.7	0	0	0
78200	0	0.7	0.7	0	0	0
78300	0	0.7	0.7	0	0	0
78400	0	0.7	0.7	0	0	0
78500	0	0.7	0.7	0	0	0
78600	0	0.7	0.7	0	0	0
78700	0.01	0.7	0.7	0	0	0.01
78800	0.02	0.7	0.7	0	0	0.02
78900	0.03	0.7	0.7	0	0	0.03
79000	0.04	0.7	0.7	0	0	0.04
79100	0.03	0.7	0.7	0	0	0.03
79200	0.02	0.7	0.7	0	0	0.02
79300	0.02	0.7	0.7	0	0	0.02
79400	0.02	0.7	0.7	0	0	0.02
79500	0.02	0.7	0.7	0	0	0.02
79600	0.01	0.7	0.7	0	0	0.01
79700	0.02	0.7	0.7	0	0	0.02
79800	0.02	0.7	0.7	0	0	0.02
79900	0.03	0.7	0.7	0	0	0.03
80000	0.02	0.7	0.7	0	0	0.02
80100	0.02	0.69	0.69	0	0	0.02
80200	0.02	0.69	0.69	0	0	0.02
80300	0.01	0.69	0.69	0	0	0.01
80400	0	0.69	0.69	0	0	0
80500	0	0.69	0.69	0	0	0
80600	0.01	0.69	0.69	0	0	0.01
80700	0.01	0.69	0.69	0	0	0.01
80800	0.01	0.69	0.69	0	0	0.01
80900	0.01	0.69	0.69	0	0	0.01
81000	0.01	0.69	0.69	0	0	0.01
81100	0	0.69	0.69	0	0	0
81200	0	0.69	0.69	0	0	0
81300	0.01	0.69	0.69	0	0	0.01
81400	0.01	0.69	0.69	0	0	0.01
81500	0.01	0.69	0.69	0	0	0.01
81600	0.02	0.69	0.69	0	0	0.02
81700	0.02	0.69	0.69	0	0	0.02
81800	0.03	0.69	0.69	0	0	0.03
81900	0.02	0.69	0.69	0	0	0.02
82000	0.02	0.69	0.69	0	0	0.02
82100	0.03	0.69	0.69	0	0	0.03
82200	0.02	0.69	0.69	0	0	0.02
82300	0.01	0.69	0.69	0	0	0.01
82400	0.01	0.69	0.69	0	0	0.01
82500	0	0.69	0.69	0	0	0
82600	0.01	0.69	0.69	0	0	0.01
82700	0.02	0.69	0.69	0	0	0.02
82800	0.03	0.69	0.69	0	0	0.03
82900	0.01	0.69	0.69	0	0	0.01
83000	0.01	0.69	0.69	0	0	0.01
83100	0.01	0.69	0.69	0	0	0.01
83200	0	0.69	0.69	0	0	0
83300	0	0.69	0.69	0	0	0
83400	0.01	0.69	0.69	0	0	0.01
83500	0.01	0.69	0.69	0	0	0.01
83600	0.01	0.69	0.69	0	0	0.01
83700	0.02	0.69	0.69	0	0	0.02
83800	0.02	0.69	0.69	0	0	0.02
83900	0.02	0.69	0.69	0	0	0.02
84000	0.02	0.69	0.69	0	0	0.02
84100	0	0.69	0.69	0	0	0
84200	0	0.69	0.69	0	0	0
84300	0	0.69	0.69	0	0	0
84400	0	0.69	0.69	0	0	0
84500	0	0.69	0.69	0	0	0
84600	0	0.69	0.69	0	0	0
84700	0.01	0.69	0.69	0	0	0.01
84800	0	0.69	0.69	0	0	0
84900	0	0.69	0.69	0	0	0
85000	0.01	0.69	0.69	0	0	0.01
85100	0.01	0.69	0.69	0	0	0.01
85200	0.01	0.69	0.69	0	0	0.01
85300	0	0.69	0.69	0	0	0
85400	0	0.69	0.69	0	0	0
85500	0	0.69	0.69	0	0	0
85600	0	0.69	0.69	0	0	0
85700	0	0.69	0.69	0	0	0
85800	0	0.69	0.69	0	0	0
85900	0	0.69	0.69	0	0	0
86000	0.01	0.69	0.69	0	0	0.01
86100	0.01	0.69	0.69	0	0	0.01
86200	0.01	0.69	0.69	0	0	0.01
86300	0.01	0.69	0.69	0	0	0.01
86400	0.01	0.69	0.69	0	0	0.01
86500	0	0.69	0.69	0	0	0
86600	0.01	0.69	0.69	0	0	0.01
86700	0.01	0.69	0.69	0	0	0.01
86800	0.01	0.69	0.69	0	0	0.01
86900	0.01	0.69	0.69	0	0	0.01
87000	0	0.69	0.69	0	0	0
87100	0.01	0.69	0.69	0	0	0.01
87200	0.01	0.69	0.69	0	0	0.01
87300	0.01	0.69	0.69	0	0	0.01
87400	0.02	0.69	0.69	0	0	0.02
87500	0.02	0.69	0.69	0	0	0.02
87600	0.02	0.69	0.69	0	0	0.02
87700	0.04	0.69	0.69	0	0	0.04
87800	0.03	0.69	0.69	0	0	0.03
87900	0.03	0.69	0.69	0	0	0.03
88000	0.02	0.69	0.69	0	0	0.02
88100	0.02	0.69	0.69	0	0	0.02
88200	0.02	0.69	0.69	0	0	0.02
88300	0.01	0.69	0.69	0	0	0.01
88400	0.02	0.69	0.69	0	0	0.02
88500	0.02	0.69	0.69	0	0	0.02
88600	0.02	0.69	0.69	0	0	0.02
88700	0.01	0.69	0.69	0	0	0.01
88800	0.03	0.69	0.69	0	0	0.03
88900	0.02	0.69	0.69	0	0	0.02
89000	0.02	0.69	0.69	0	0	0.02
89100	0.01	0.69	0.69	0	0	0.01
89200	0.01	0.69	0.69	0	0	0.01
89300	0.01	0.69	0.69	0	0	0.01
89400	0	0.69	0.69	0	0	0
89500	0.01	0.69	0.69	0	0	0.01
89600	0.01	0.69	0.69	0	0	0.01
89700	0.01	0.69	0.69	0	0	0.01
89800	0.02	0.69	0.69	0	0	0.02
89900	0	0.69	0.69	0	0	0
90000	0	0.69	0.69	0	0	0
90100	0.01	0.69	0.69	0	0	0.01
90200	0.01	0.69	0.69	0	0	0.01
90300	0.01	0.69	0.69	0	0	0.01
90400	0	0.69	0.69	0	0	0
90500	0	0.69	0.69	0	0	0
90600	0	0.69	0.69	0	0	0
90700	0.01	0.69	0.69	0	0	0.01
90800	0.02	0.69	0.69	0	0	0.02
90900	0.04	0.69	0.69	0	0	0.04
91000	0.05	0.69	0.69	0	0	0.05
91100	0.05	0.69	0.69	0	0	0.05
91200	0.04	0.69	0.69	0	0	0.04
91300	0.06	0.69	0.69	0	0	0.06
91400	0.04	0.69	0.69	0	0	0.04
91500	0.02	0.69	0.69	0	0	0.02
91600	0	0.69	0.69	0	0	0
91700	0.01	0.69	0.69	0	0	0.01
91800	0.01	0.69	0.69	0	0	0.01
91900	0.01	0.69	0.69	0	0	0.01
92000	0.01	0.69	0.69	0	0	0.01
92100	0.02	0.69	0.69	0	0	0.02
92200	0.03	0.69	0.69	0	0	0.03
92300	0.03	0.69	0.69	0	0	0.03
92400	0.04	0.69	0.69	0	0	0.04
92500	0.02	0.69	0.69	0	0	0.02
92600	0.02	0.69	0.69	0	0	0.02
92700	0.02	0.69	0.69	0	0	0.02
92800	0.02	0.69	0.69	0	0	0.02
92900	0.02	0.69	0.69	0	0	0.02
93000	0.01	0.69	0.69	0	0	0.01
93100	0.01	0.69	0.69	0	0	0.01
93200	0	0.69	0.69	0	0	0
93300	0	0.69	0.69	0	0	0
93400	0	0.69	0.69	0	0	0
93500	0	0.69	0.69	0	0	0
93600	0.02	0.69	0.69	0	0	0.02
93700	0.03	0.69	0.69	0	0	0.03
93800	0.03	0.69	0.69	0	0	0.03
93900	0.03	0.69	0.69	0	0	0.03
94000	0.03	0.69	0.69	0	0	0.03
94100	0.01	0.69	0.69	0	0	0.01
94200	0.01	0.69	0.69	0	0	0.01
94300	0.01	0.69	0.69	0	0	0.01
94400	0.02	0.69	0.69	0	0	0.02
94500	0.02	0.69	0.69	0	0	0.02
94600	0.02	0.69	0.69	0	0	0.02
94700	0.04	0.69	0.69	0	0	0.04
94800	0.04	0.69	0.69	0	0	0.04
94900	0.03	0.69	0.69	0	0	0.03
95000	0.01	0.69	0.69	0	0	0.01
95100	0.01	0.69	0.69	0	0	0.01
95200	0.02	0.69	0.69	0	0	0.02
95300	0.02	0.69	0.69	0	0	0.02
95400	0	0.69	0.69	0	0	0
95500	0	0.69	0.69	0	0	0
95600	0	0.69	0.69	0	0	0
95700	0.01	0.69	0.69	0	0	0.01
95800	0.02	0.69	0.69	0	0	0.02
95900	0.02	0.69	0.69	0	0	0.02
96000	0.02	0.69	0.69	0	0	0.02
96100	0.02	0.69	0.69	0	0	0.02
96200	0.02	0.69	0.69	0	0	0.02
96300	0.01	0.69	0.69	0	0	0.01
96400	0.02	0.69	0.69	0	0	0.02
96500	0.04	0.69	0.69	0	0	0.04
96600	0.03	0.69	0.69	0	0	0.03
96700	0.02	0.69	0.69	0	0	0.02
96800	0.03	0.69	0.69	0	0	0.03
96900	0.03	0.69	0.69	0	0	0.03
97000	0.01	0.69	0.69	0	0	0.01
97100	0.01	0.69	0.69	0	0	0.01
97200	0.01	0.69	0.69	0	0	0.01
97300	0.01	0.69	0.69	0	0	0.01
97400	0	0.69	0.69	0	0	0
97500	0.01	0.69	0.69	0	0	0.01
97600	0.01	0.69	0.69	0	0	0.01
97700	0.01	0.69	0.69	0	0	0.01
97800	0.02	0.69	0.69	0	0	0.02
97900	0.03	0.69	0.69	0	0	0.03
98000	0.02	0.69	0.69	0	0	0.02
98100	0	0.69	0.69	0	0	0
98200	0	0.69	0.69	0	0	0
98300	0	0.69	0.69	0	0	0
98400	0	0.69	0.69	0	0	0
98500	0.01	0.69	0.69	0	0	0.01
98600	0.01	0.69	0.69	0	0	0.01
98700	0.02	0.69	0.69	0	0	0.02
98800	0.02	0.69	0.69	0	0	0.02
98900	0.02	0.69	0.69	0	0	0.02
99000	0.03	0.69	0.69	0	0	0.03
99100	0.03	0.69	0.69	0	0	0.03
99200	0.03	0.69	0.69	0	0	0.03
99300	0.02	0.69	0.69	0	0	0.02
99400	0.01	0.69	0.69	0	0	0.01
99500	0.01	0.69	0.69	0	0	0.01
99600	0.01	0.69	0.69	0	0	0.01
99700	0	0.69	0.69	0	0	0
99800	0	0.69	0.69	0	0	0
99900	0	0.69	0.69	0	0	0
100000	0.01	0.69	0.69	0	0	0.01
100100	0.02	0.69	0.69	0	0	0.02
100200	0.03	0.69	0.69	0	0	0.03
100300	0.04	0.69	0.69	0	0	0.04
100400	0.05	0.69	0.69	0	0	0.05
100500	0.04	0.69	0.69	0	0	0.04
100600	0.02	0.69	0.69	0	0	0.02
100700	0.02	0.69	0.69	0	0	0.02
100800	0.02	0.69	0.69	0	0	0.02
100900	0.02	0.69	0.69	0	0	0.02
101000	0.04	0.69	0.69	0	0	0.04
101100	0.06	0.69	0.69	0	0	0.06
101200	0.06	0.69	0.69	0	0	0.06
101300	0.05	0.69	0.69	0	0	0.05
101400	0.05	0.69	0.69	0	0	0.05
101500	0.04	0.69	0.69	0	0	0.04
101600	0.06	0.69	0.69	0	0	0.06
101700	0.04	0.69	0.69	0	0	0.04
101800	0.02	0.69	0.69	0	0	0.02
101900	0.01	0.69	0.69	0	0	0.01
102000	0.01	0.69	0.69	0	0	0.01
102100	0	0.69	0.69	0	0	0
102200	0	0.69	0.69	0	0	0
102300	0	0.69	0.69	0	0	0
102400	0	0.69	0.69	0	0	0
102500	0	0.69	0.69	0	0	0
102600	0	0.69	0.69	0	0	0
102700	0.01	0.69	0.69	0	0	0.01
102800	0.02	0.69	0.69	0	0	0.02
102900	0.02	0.69	0.69	0	0	0.02
103000	0.03	0.69	0.69	0	0	0.03
103100	0.03	0.69	0.69	0	0	0.03
103200	0.02	0.69	0.69	0	0	0.02
103300	0.02	0.69	0.69	0	0	0.02
103400	0.01	0.69	0.69	0	0	0.01
103500	0.01	0.69	0.69	0	0	0.01
103600	0	0.69	0.69	0	0	0
103700	0	0.69	0.69	0	0	0
103800	0	0.69	0.69	0	0	0
103900	0	0.69	0.69	0	0	0
104000	0	0.69	0.69	0	0	0
104100	0.01	0.69	0.69	0	0	0.01
104200	0.02	0.69	0.69	0	0	0.02
104300	0.02	0.69	0.69	0	0	0.02
104400	0.03	0.69	0.69	0	0	0.03
104500	0.03	0.69	0.69	0	0	0.03
104600	0.04	0.69	0.69	0	0	0.04
104700	0.03	0.69	0.69	0	0	0.03
104800	0.03	0.69	0.69	0	0	0.03
104900	0.01	0.69	0.69	0	0	0.01
105000	0	0.69	0.69	0	0	0
105100	0	0.69	0.69	0	0	0
105200	0	0.69	0.69	0	0	0
105300	0.02	0.69	0.69	0	0	0.02
105400	0.02	0.69	0.69	0	0	0.02
105500	0.02	0.69	0.69	0	0	0.02
105600	0.02	0.69	0.69	0	0	0.02
105700	0.01	0.69	0.69	0	0	0.01
105800	0.01	0.69	0.69	0	0	0.01
105900	0.01	0.69	0.69	0	0	0.01
106000	0.01	0.69	0.69	0	0	0.01
106100	0.02	0.69	0.69	0	0	0.02
106200	0.02	0.69	0.69	0	0	0.02
106300	0.01	0.69	0.69	0	0	0.01
106400	0.02	0.69	0.69	0	0	0.02
106500	0.01	0.69	0.69	0	0	0.01
106600	0.02	0.69	0.69	0	0	0.02
106700	0.02	0.69	0.69	0	0	0.02
106800	0.01	0.69	0.69	0	0	0.01
106900	0.01	0.69	0.69	0	0	0.01
107000	0	0.69	0.69	0	0	0
107100	0.01	0.69	0.69	0	0	0.01
107200	0.02	0.69	0.69	0	0	0.02
107300	0.02	0.69	0.69	0	0	0.02
107400	0.01	0.69	0.69	0	0	0.01
107500	0.01	0.69	0.69	0	0	0.01
107600	0.02	0.69	0.69	0	0	0.02
107700	0.02	0.69	0.69	0	0	0.02
107800	0.01	0.69	0.69	0	0	0.01
107900	0.01	0.69	0.69	0	0	0.01
108000	0.02	0.69	0.69	0	0	0.02
108100	0.02	0.69	0.69	0	0	0.02
108200	0.02	0.69	0.69	0	0	0.02
108300	0.01	0.69	0.69	0	0	0.01
108400	0.01	0.69	0.69	0	0	0.01
108500	0.01	0.69	0.69	0	0	0.01
108600	0.01	0.69	0.69	0	0	0.01
108700	0.02	0.69	0.69	0	0	0.02
108800	0.01	0.69	0.69	0	0	0.01
108900	0.01	0.69	0.69	0	0	0.01
109000	0.02	0.69	0.69	0	0	0.02
109100	0.01	0.69	0.69	0	0	0.01
109200	0.02	0.69	0.69	0	0	0.02
109300	0.02	0.69	0.69	0	0	0.02
109400	0.01	0.69	0.69	0	0	0.01
109500	0.01	0.69	0.69	0	0	0.01
109600	0.02	0.69	0.69	0	0	0.02
109700	0.01	0.69	0.69	0	0	0.01
109800	0.01	0.69	0.69	0	0	0.01
109900	0.01	0.7	0.7	0	0	0.01
110000	0.01	0.7	0.7	0	0	0.01
110100	0	0.7	0.7	0	0	0
110200	0	0.7	0.7	0	0	0
110300	0	0.7	0.7	0	0	0
110400	0	0.7	0.7	0	0	0
110500	0.02	0.7	0.7	0	0	0.02
110600	0.04	0.7	0.7	0	0	0.04
110700	0.01	0.7	0.7	0	0	0.01
110800	0	0.7	0.7	0	0	0
110900	0	0.7	0.7	0	0	0
111000	0.01	0.7	0.7	0	0	0.01
111100	0.01	0.7	0.7	0	0	0.01
111200	0.01	0.7	0.7	0	0	0.01
111300	0.02	0.7	0.7	0	0	0.02
111400	0.01	0.7	0.7	0	0	0.01
111500	0.01	0.7	0.7	0	0	0.01
111600	0.01	0.7	0.7	0	0	0.01
111700	0.01	0.7	0.7	0	0	0.01
111800	0.01	0.7	0.7	0	0	0.01
111900	0	0.7	0.7	0	0	0
112000	0	0.7	0.7	0	0	0
112100	0	0.7	0.7	0	0	0
112200	0	0.7	0.7	0	0	0
112300	0	0.7	0.7	0	0	0
112400	0	0.7	0.7	0	0	0
112500	0	0.7	0.7	0	0	0
112600	0	0.7	0.7	0	0	0
112700	0	0.7	0.7	0	0	0
112800	0	0.7	0.7	0	0	0
112900	0	0.7	0.7	0	0	0
113000	0	0.7	0.7	0	0	0
113100	0.01	0.7	0.7	0	0	0.01
113200	0.01	0.7	0.7	0	0	0.01
113300	0.02	0.7	0.7	0	0	0.02
113400	0.02	0.7	0.7	0	0	0.02
113500	0.02	0.7	0.7	0	0	0.02
113600	0.03	0.7	0.7	0	0	0.03
113700	0.02	0.7	0.7	0	0	0.02
113800	0	0.7	0.7	0	0	0
113900	0	0.7	0.7	0	0	0
114000	0	0.7	0.7	0	0	0
114100	0	0.7	0.7	0	0	0
114200	0	0.7	0.7	0	0	0
114300	0.03	0.7	0.7	0	0	0.03
114400	0.03	0.7	0.7	0	0	0.03
114500	0.04	0.7	0.7	0	0	0.04
114600	0.03	0.7	0.7	0	0	0.03
114700	0.03	0.7	0.7	0	0	0.03
114800	0.03	0.7	0.7	0	0	0.03
114900	0.03	0.7	0.7	0	0	0.03
115000	0.02	0.7	0.7	0	0	0.02
115100	0.01	0.7	0.7	0	0	0.01
115200	0.01	0.7	0.7	0	0	0.01
115300	0	0.7	0.7	0	0	0
115400	0	0.7	0.7	0	0	0
115500	0	0.7	0.7	0	0	0
115600	0.01	0.7	0.7	0	0	0.01
115700	0	0.7	0.7	0	0	0
115800	0.01	0.7	0.7	0	0	0.01
115900	0.02	0.7	0.7	0	0	0.02
116000	0.02	0.7	0.7	0	0	0.02
116100	0.01	0.7	0.7	0	0	0.01
116200	0.01	0.7	0.7	0	0	0.01
116300	0.03	0.7	0.7	0	0	0.03
116400	0.03	0.7	0.7	0	0	0.03
116500	0.05	0.7	0.7	0	0	0.05
116600	0.06	0.7	0.7	0	0	0.06
116700	0.05	0.7	0.7	0	0	0.05
116800	0.03	0.7	0.7	0	0	0.03
116900	0.02	0.7	0.7	0	0	0.02
117000	0.02	0.7	0.7	0	0	0.02
117100	0.02	0.7	0.7	0	0	0.02
117200	0.01	0.7	0.7	0	0	0.01
117300	0.03	0.7	0.7	0	0	0.03
117400	0.03	0.7	0.7	0	0	0.03
117500	0.03	0.7	0.7	0	0	0.03
117600	0.03	0.7	0.7	0	0	0.03
117700	0.03	0.7	0.7	0	0	0.03
117800	0.02	0.7	0.7	0	0	0.02
117900	0.02	0.7	0.7	0	0	0.02
118000	0.01	0.7	0.7	0	0	0.01
118100	0.01	0.7	0.7	0	0	0.01
118200	0.01	0.7	0.7	0	0	0.01
118300	0.01	0.7	0.7	0	0	0.01
118400	0.03	0.7	0.7	0	0	0.03
118500	0.02	0.7	0.7	0	0	0.02
118600	0.02	0.7	0.7	0	0	0.02
118700	0.04	0.7	0.7	0	0	0.04
118800	0.05	0.7	0.7	0	0	0.05
118900	0.04	0.7	0.7	0	0	0.04
119000	0.04	0.7	0.7	0	0	0.04
119100	0.03	0.7	0.7	0	0	0.03
119200	0.02	0.7	0.7	0	0	0.02
119300	0.01	0.7	0.7	0	0	0.01
119400	0	0.7	0.7	0	0	0
119500	0.01	0.7	0.7	0	0	0.01
119600	0.01	0.7	0.7	0	0	0.01
119700	0	0.7	0.7	0	0	0
119800	0	0.7	0.7	0	0	0
119900	0.01	0.7	0.7	0	0	0.01
120000	0.01	0.7	0.7	0	0	0.01
120100	0.01	0.7	0.7	0	0	0.01
120200	0.01	0.7	0.7	0	0	0.01
120300	0.01	0.7	0.7	0	0	0.01
120400	0.01	0.7	0.7	0	0	0.01
120500	0.01	0.7	0.7	0	0	0.01
120600	0.02	0.7	0.7	0	0	0.02
120700	0.02	0.7	0.7	0	0	0.02
120800	0.03	0.7	0.7	0	0	0.03
120900	0.03	0.7	0.7	0	0	0.03
121000	0.02	0.7	0.7	0	0	0.02
121100	0.01	0.7	0.7	0	0	0.01
121200	0	0.7	0.7	0	0	0
121300	0	0.7	0.7	0	0	0
121400	0	0.7	0.7	0	0	0
121500	0.02	0.7	0.7	0	0	0.02
121600	0.01	0.7	0.7	0	0	0.01
121700	0.01	0.7	0.7	0	0	0.01
121800	0.03	0.7	0.7	0	0	0.03
121900	0.03	0.7	0.7	0	0	0.03
122000	0.04	0.7	0.7	0	0	0.04
122100	0.04	0.7	0.7	0	0	0.04
122200	0.03	0.7	0.7	0	0	0.03
122300	0.04	0.7	0.7	0	0	0.04
122400	0.05	0.7	0.7	0	0	0.05
122500	0.04	0.7	0.7	0	0	0.04
122600	0.05	0.7	0.7	0	0	0.05
122700	0.03	0.7	0.7	0	0	0.03
122800	0.03	0.7	0.7	0	0	0.03
122900	0	0.7	0.7	0	0	0
123000	0.01	0.7	0.7	0	0	0.01
123100	0.01	0.7	0.7	0	0	0.01
123200	0.02	0.7	0.7	0	0	0.02
123300	0.03	0.7	0.7	0	0	0.03
123400	0.02	0.7	0.7	0	0	0.02
123500	0.02	0.7	0.7	0	0	0.02
123600	0.02	0.7	0.7	0	0	0.02
123700	0	0.7	0.7	0	0	0
123800	0	0.7	0.7	0	0	0
123900	0	0.7	0.7	0	0	0
124000	0	0.7	0.7	0	0	0
124100	0	0.7	0.7	0	0	0
124200	0.01	0.7	0.7	0	0	0.01
124300	0.01	0.7	0.7	0	0	0.01
124400	0.01	0.7	0.7	0	0	0.01
124500	0.01	0.7	0.7	0	0	0.01
124600	0.01	0.7	0.7	0	0	0.01
124700	0.01	0.7	0.7	0	0	0.01
124800	0.01	0.7	0.7	0	0	0.01
124900	0	0.7	0.7	0	0	0
125000	0.01	0.7	0.7	0	0	0.01
125100	0.01	0.7	0.7	0	0	0.01
125200	0	0.7	0.7	0	0	0
125300	0	0.7	0.7	0	0	0
125400	0.01	0.7	0.7	0	0	0.01
125500	0.02	0.7	0.7	0	0	0.02
125600	0.02	0.7	0.7	0	0	0.02
125700	0.02	0.7	0.7	0	0	0.02
125800	0.01	0.7	0.7	0	0	0.01
125900	0	0.7	0.7	0	0	0
126000	0.01	0.7	0.7	0	0	0.01
126100	0.02	0.7	0.7	0	0	0.02
126200	0.02	0.7	0.7	0	0	0.02
126300	0.02	0.7	0.7	0	0	0.02
126400	0.02	0.7	0.7	0	0	0.02
126500	0.01	0.7	0.7	0	0	0.01
126600	0	0.7	0.7	0	0	0
126700	0	0.7	0.7	0	0	0
126800	0.01	0.7	0.7	0	0	0.01
126900	0.01	0.7	0.7	0	0	0.01
127000	0.01	0.7	0.7	0	0	0.01
127100	0.01	0.7	0.7	0	0	0.01
127200	0.01	0.7	0.7	0	0	0.01
127300	0.02	0.7	0.7	0	0	0.02
127400	0.01	0.7	0.7	0	0	0.01
127500	0.01	0.7	0.7	0	0	0.01
127600	0.02	0.7	0.7	0	0	0.02
127700	0.02	0.7	0.7	0	0	0.02
127800	0.02	0.7	0.7	0	0	0.02
127900	0.01	0.7	0.7	0	0	0.01
128000	0.01	0.7	0.7	0	0	0.01
128100	0	0.7	0.7	0	0	0
128200	0	0.7	0.7	0	0	0
128300	0	0.7	0.7	0	0	0
128400	0	0.7	0.7	0	0	0
128500	0	0.7	0.7	0	0	0
128600	0	0.7	0.7	0	0	0
128700	0	0.7	0.7	0	0	0
128800	0.03	0.7	0.7	0	0	0.03
128900	0.03	0.7	0.7	0	0	0.03
129000	0.02	0.7	0.7	0	0	0.02
129100	0.02	0.7	0.7	0	0	0.02
129200	0.02	0.7	0.7	0	0	0.02
129300	0.01	0.7	0.7	0	0	0.01
129400	0.01	0.7	0.7	0	0	0.01
129500	0.02	0.7	0.7	0	0	0.02
129600	0.03	0.7	0.7	0	0	0.03
129700	0.05	0.7	0.7	0	0	0.05
129800	0.05	0.7	0.7	0	0	0.05
129900	0.04	0.7	0.7	0	0	0.04
130000	0.04	0.7	0.7	0	0	0.04
130100	0.02	0.7	0.7	0	0	0.02
130200	0.02	0.7	0.7	0	0	0.02
130300	0.02	0.7	0.7	0	0	0.02
130400	0.04	0.7	0.7	0	0	0.04
130500	0.04	0.7	0.7	0	0	0.04
130600	0.03	0.7	0.7	0	0	0.03
130700	0.02	0.7	0.7	0	0	0.02
130800	0.01	0.7	0.7	0	0	0.01
130900	0.02	0.7	0.7	0	0	0.02
131000	0.02	0.7	0.7	0	0	0.02
131100	0.02	0.7	0.7	0	0	0.02
131200	0.02	0.7	0.7	0	0	0.02
131300	0.02	0.7	0.7	0	0	0.02
131400	0	0.7	0.7	0	0	0
131500	0	0.7	0.7	0	0	0
131600	0	0.7	0.7	0	0	0
131700	0.01	0.7	0.7	0	0	0.01
131800	0.01	0.7	0.7	0	0	0.01
131900	0.01	0.7	0.7	0	0	0.01
132000	0.04	0.7	0.7	0	0	0.04
132100	0.05	0.7	0.7	0	0	0.05
132200	0.05	0.7	0.7	0	0	0.05
132300	0.05	0.7	0.7	0	0	0.05
132400	0.03	0.7	0.7	0	0	0.03
132500	0.01	0.7	0.7	0	0	0.01
132600	0.01	0.7	0.7	0	0	0.01
132700	0.02	0.7	0.7	0	0	0.02
132800	0.02	0.7	0.7	0	0	0.02
132900	0.04	0.7	0.7	0	0	0.04
133000	0.03	0.7	0.7	0	0	0.03
133100	0.04	0.7	0.7	0	0	0.04
133200	0.03	0.7	0.7	0	0	0.03
133300	0.03	0.7	0.7	0	0	0.03
133400	0.02	0.7	0.7	0	0	0.02
133500	0.01	0.7	0.7	0	0	0.01
133600	0	0.7	0.7	0	0	0
133700	0	0.7	0.7	0	0	0
133800	0	0.7	0.7	0	0	0
133900	0	0.7	0.7	0	0	0
134000	0	0.7	0.7	0	0	0
134100	0	0.7	0.7	0	0	0
134200	0	0.7	0.7	0	0	0
134300	0	0.7	0.7	0	0	0
134400	0.01	0.7	0.7	0	0	0.01
134500	0.01	0.7	0.7	0	0	0.01
134600	0.02	0.7	0.7	0	0	0.02
134700	0.02	0.7	0.7	0	0	0.02
134800	0.02	0.7	0.7	0	0	0.02
134900	0.04	0.7	0.7	0	0	0.04
135000	0.03	0.7	0.7	0	0	0.03
135100	0.02	0.7	0.7	0	0	0.02
135200	0.02	0.7	0.7	0	0	0.02
135300	0.01	0.7	0.7	0	0	0.01
135400	0.01	0.7	0.7	0	0	0.01
135500	0	0.7	0.7	0	0	0
135600	0.01	0.7	0.7	0	0	0.01
135700	0	0.7	0.7	0	0	0
135800	0.02	0.7	0.7	0	0	0.02
135900	0.02	0.7	0.7	0	0	0.02
136000	0.02	0.7	0.7	0	0	0.02
136100	0.02	0.7	0.7	0	0	0.02
136200	0.01	0.7	0.7	0	0	0.01
136300	0.01	0.7	0.7	0	0	0.01
136400	0.01	0.7	0.7	0	0	0.01
136500	0.02	0.7	0.7	0	0	0.02
136600	0.01	0.7	0.7	0	0	0.01
136700	0.01	0.7	0.7	0	0	0.01
136800	0.01	0.7	0.7	0	0	0.01
136900	0.01	0.7	0.7	0	0	0.01
137000	0	0.7	0.7	0	0	0
137100	0.01	0.7	0.7	0	0	0.01
137200	0.01	0.7	0.7	0	0	0.01
137300	0.01	0.7	0.7	0	0	0.01
137400	0.02	0.7	0.7	0	0	0.02
137500	0.02	0.7	0.7	0	0	0.02
137600	0.03	0.7	0.7	0	0	0.03
137700	0.02	0.7	0.7	0	0	0.02
137800	0.02	0.7	0.7	0	0	0.02
137900	0.01	0.7	0.7	0	0	0.01
138000	0.01	0.7	0.7	0	0	0.01
138100	0.01	0.7	0.7	0	0	0.01
138200	0.02	0.7	0.7	0	0	0.02
138300	0.02	0.7	0.7	0	0	0.02
138400	0.02	0.7	0.7	0	0	0.02
138500	0.02	0.7	0.7	0	0	0.02
138600	0.03	0.7	0.7	0	0	0.03
138700	0.04	0.7	0.7	0	0	0.04
138800	0.03	0.7	0.7	0	0	0.03
138900	0.04	0.7	0.7	0	0	0.04
139000	0.03	0.7	0.7	0	0	0.03
139100	0.02	0.7	0.7	0	0	0.02
139200	0.03	0.7	0.7	0	0	0.03
139300	0.02	0.7	0.7	0	0	0.02
139400	0.02	0.7	0.7	0	0	0.02
139500	0	0.7	0.7	0	0	0
139600	0.02	0.7	0.7	0	0	0.02
139700	0.02	0.7	0.7	0	0	0.02
139800	0.04	0.7	0.7	0	0	0.04
139900	0.03	0.7	0.7	0	0	0.03
140000	0.02	0.7	0.7	0	0	0.02
140100	0.02	0.7	0.7	0	0	0.02
140200	0.01	0.7	0.7	0	0	0.01
140300	0.01	0.7	0.7	0	0	0.01
140400	0	0.7	0.7	0	0	0
140500	0	0.7	0.7	0	0	0
140600	0	0.7	0.7	0	0	0
140700	0.01	0.7	0.7	0	0	0.01
140800	0.01	0.7	0.7	0	0	0.01
140900	0.02	0.7	0.7	0	0	0.02
141000	0.02	0.7	0.7	0	0	0.02
141100	0.02	0.7	0.7	0	0	0.02
141200	0.02	0.7	0.7	0	0	0.02
141300	0.01	0.7	0.7	0	0	0.01
141400	0.01	0.7	0.7	0	0	0.01
141500	0.01	0.7	0.7	0	0	0.01
141600	0.01	0.7	0.7	0	0	0.01
141700	0.02	0.69	0.69	0	0	0.02
141800	0.02	0.69	0.69	0	0	0.02
141900	0.05	0.69	0.69	0	0	0.05
142000	0.02	0.69	0.69	0	0	0.02
142100	0.02	0.69	0.69	0	0	0.02
142200	0.02	0.69	0.69	0	0	0.02
142300	0.01	0.69	0.69	0	0	0.01
142400	0	0.69	0.69	0	0	0
142500	0	0.69	0.69	0	0	0
142600	0	0.69	0.69	0	0	0
142700	0	0.69	0.69	0	0	0
142800	0	0.69	0.69	0	0	0
142900	0	0.69	0.69	0	0	0
143000	0	0.69	0.69	0	0	0
143100	0	0.69	0.69	0	0	0
143200	0	0.7	0.7	0	0	0
143300	0	0.7	0.7	0	0	0
143400	0	0.7	0.7	0	0	0
143500	0	0.7	0.7	0	0	0
143600	0	0.7	0.7	0	0	0
143700	0	0.7	0.7	0	0	0
143800	0	0.7	0.7	0	0	0
143900	0.01	0.7	0.7	0	0	0.01
144000	0.02	0.7	0.7	0	0	0.02
144100	0.01	0.7	0.7	0	0	0.01
144200	0.02	0.7	0.7	0	0	0.02
144300	0.02	0.7	0.7	0	0	0.02
144400	0.02	0.7	0.7	0	0	0.02
144500	0.01	0.7	0.7	0	0	0.01
144600	0.02	0.7	0.7	0	0	0.02
144700	0.02	0.7	0.7	0	0	0.02
144800	0.02	0.7	0.7	0	0	0.02
144900	0.02	0.7	0.7	0	0	0.02
145000	0.03	0.7	0.7	0	0	0.03
145100	0.03	0.7	0.7	0	0	0.03
145200	0.02	0.7	0.7	0	0	0.02
145300	0.03	0.7	0.7	0	0	0.03
145400	0.04	0.7	0.7	0	0	0.04
145500	0.04	0.7	0.7	0	0	0.04
145600	0.04	0.7	0.7	0	0	0.04
145700	0.03	0.7	0.7	0	0	0.03
145800	0.03	0.7	0.7	0	0	0.03
145900	0.03	0.7	0.7	0	0	0.03
146000	0.04	0.7	0.7	0	0	0.04
146100	0.04	0.7	0.7	0	0	0.04
146200	0.02	0.7	0.7	0	0	0.02
146300	0.01	0.7	0.7	0	0	0.01
146400	0	0.7	0.7	0	0	0
146500	0	0.7	0.7	0	0	0
146600	0	0.7	0.7	0	0	0
146700	0	0.7	0.7	0	0	0
146800	0	0.7	0.7	0	0	0
146900	0	0.7	0.7	0	0	0
147000	0	0.7	0.7	0	0	0
147100	0.01	0.7	0.7	0	0	0.01
147200	0.02	0.7	0.7	0	0	0.02
147300	0.02	0.7	0.7	0	0	0.02
147400	0.01	0.7	0.7	0	0	0.01
147500	0.01	0.7	0.7	0	0	0.01
147600	0.03	0.7	0.7	0	0	0.03
147700	0.02	0.7	0.7	0	0	0.02
147800	0	0.7	0.7	0	0	0
147900	0.01	0.7	0.7	0	0	0.01
148000	0.01	0.7	0.7	0	0	0.01
148100	0.02	0.7	0.7	0	0	0.02
148200	0.03	0.7	0.7	0	0	0.03
148300	0.04	0.7	0.7	0	0	0.04
148400	0.04	0.7	0.7	0	0	0.04
148500	0.03	0.7	0.7	0	0	0.03
148600	0.01	0.7	0.7	0	0	0.01
148700	0.01	0.7	0.7	0	0	0.01
148800	0.01	0.7	0.7	0	0	0.01
148900	0.01	0.7	0.7	0	0	0.01
149000	0.01	0.7	0.7	0	0	0.01
149100	0.01	0.7	0.7	0	0	0.01
149200	0.01	0.7	0.7	0	0	0.01
149300	0.01	0.7	0.7	0	0	0.01
149400	0.01	0.7	0.7	0	0	0.01
149500	0	0.7	0.7	0	0	0
149600	0	0.7	0.7	0	0	0
149700	0	0.7	0.7	0	0	0
149800	0	0.7	0.7	0	0	0
149900	0	0.7	0.7	0	0	0
150000	0.02	0.7	0.7	0	0	0.02
150100	0.02	0.7	0.7	0	0	0.02
150200	0.02	0.7	0.7	0	0	0.02
150300	0.04	0.7	0.7	0	0	0.04
150400	0.03	0.7	0.7	0	0	0.03
150500	0.03	0.7	0.7	0	0	0.03
150600	0.02	0.7	0.7	0	0	0.02
150700	0.03	0.7	0.7	0	0	0.03
150800	0.02	0.7	0.7	0	0	0.02
150900	0.02	0.7	0.7	0	0	0.02
151000	0.02	0.7	0.7	0	0	0.02
151100	0.02	0.7	0.7	0	0	0.02
151200	0.02	0.7	0.7	0	0	0.02
151300	0.02	0.7	0.7	0	0	0.02
151400	0.02	0.7	0.7	0	0	0.02
151500	0.01	0.7	0.7	0	0	0.01
151600	0.01	0.7	0.7	0	0	0.01
151700	0.02	0.7	0.7	0	0	0.02
151800	0.02	0.7	0.7	0	0	0.02
151900	0.02	0.7	0.7	0	0	0.02
152000	0.02	0.7	0.7	0	0	0.02
152100	0.02	0.7	0.7	0	0	0.02
152200	0.02	0.7	0.7	0	0	0.02
152300	0.02	0.7	0.7	0	0	0.02
152400	0.02	0.7	0.7	0	0	0.02
152500	0.02	0.7	0.7	0	0	0.02
152600	0.02	0.7	0.7	0	0	0.02
152700	0.02	0.7	0.7	0	0	0.02
152800	0.02	0.7	0.7	0	0	0.02
152900	0.01	0.7	0.7	0	0	0.01
153000	0.01	0.7	0.7	0	0	0.01
153100	0.01	0.7	0.7	0	0	0.01
153200	0.01	0.7	0.7	0	0	0.01
153300	0.01	0.7	0.7	0	0	0.01
153400	0.02	0.7	0.7	0	0	0.02
153500	0	0.7	0.7	0	0	0
153600	0	0.7	0.7	0	0	0
153700	0	0.7	0.7	0	0	0
153800	0	0.7	0.7	0	0	0
153900	0	0.7	0.7	0	0	0
154000	0.01	0.7	0.7	0	0	0.01
154100	0.01	0.7	0.7	0	0	0.01
154200	0.01	0.7	0.7	0	0	0.01
154300	0.01	0.7	0.7	0	0	0.01
154400	0.01	0.7	0.7	0	0	0.01
154500	0.01	0.7	0.7	0	0	0.01
154600	0	0.7	0.7	0	0	0
154700	0	0.7	0.7	0	0	0
154800	0	0.7	0.7	0	0	0
154900	0	0.7	0.7	0	0	0
155000	0	0.7	0.7	0	0	0
155100	0.01	0.7	0.7	0	0	0.01
155200	0.02	0.7	0.7	0	0	0.02
155300	0.01	0.7	0.7	0	0	0.01
155400	0.02	0.7	0.7	0	0	0.02
155500	0.03	0.7	0.7	0	0	0.03
155600	0.04	0.7	0.7	0	0	0.04
155700	0.03	0.7	0.7	0	0	0.03
155800	0.06	0.7	0.7	0	0	0.06
155900	0.03	0.7	0.7	0	0	0.03
156000	0.01	0.7	0.7	0	0	0.01
156100	0	0.7	0.7	0	0	0
156200	0	0.7	0.7	0	0	0
156300	0	0.7	0.7	0	0	0
156400	0	0.7	0.7	0	0	0
156500	0.01	0.7	0.7	0	0	0.01
156600	0.02	0.7	0.7	0	0	0.02
156700	0.04	0.7	0.7	0	0	0.04
156800	0.03	0.7	0.7	0	0	0.03
156900	0.02	0.7	0.7	0	0	0.02
157000	0.01	0.7	0.7	0	0	0.01
157100	0.02	0.7	0.7	0	0	0.02
157200	0.02	0.7	0.7	0	0	0.02
157300	0.02	0.7	0.7	0	0	0.02
157400	0.02	0.7	0.7	0	0	0.02
157500	0	0.7	0.7	0	0	0
157600	0	0.7	0.7	0	0	0
157700	0.01	0.7	0.7	0	0	0.01
157800	0.01	0.7	0.7	0	0	0.01
157900	0.01	0.7	0.7	0	0	0.01
158000	0.02	0.7	0.7	0	0	0.02
158100	0.02	0.7	0.7	0	0	0.02
158200	0.02	0.7	0.7	0	0	0.02
158300	0.03	0.7	0.7	0	0	0.03
158400	0.03	0.7	0.7	0	0	0.03
158500	0.03	0.7	0.7	0	0	0.03
158600	0.02	0.7	0.7	0	0	0.02
158700	0.03	0.7	0.7	0	0	0.03
158800	0.03	0.7	0.7	0	0	0.03
158900	0.02	0.7	0.7	0	0	0.02
159000	0.01	0.7	0.7	0	0	0.01
159100	0	0.7	0.7	0	0	0
159200	0	0.7	0.7	0	0	0
159300	0.01	0.7	0.7	0	0	0.01
159400	0.01	0.7	0.7	0	0	0.01
159500	0.01	0.7	0.7	0	0	0.01
159600	0.01	0.7	0.7	0	0	0.01
159700	0.02	0.7	0.7	0	0	0.02
159800	0.01	0.7	0.7	0	0	0.01
159900	0	0.7	0.7	0	0	0
160000	0	0.7	0.7	0	0	0
160100	0.01	0.7	0.7	0	0	0.01
160200	0.01	0.7	0.7	0	0	0.01
160300	0.02	0.7	0.7	0	0	0.02
160400	0.02	0.7	0.7	0	0	0.02
160500	0.01	0.7	0.7	0	0	0.01
160600	0.02	0.7	0.7	0	0	0.02
160700	0.01	0.7	0.7	0	0	0.01
160800	0.01	0.7	0.7	0	0	0.01
160900	0.01	0.7	0.7	0	0	0.01
161000	0.02	0.7	0.7	0	0	0.02
161100	0.01	0.7	0.7	0	0	0.01
161200	0	0.7	0.7	0	0	0
161300	0	0.7	0.7	0	0	0
161400	0	0.7	0.7	0	0	0
161500	0	0.7	0.7	0	0	0
161600	0.02	0.7	0.7	0	0	0.02
161700	0.03	0.7	0.7	0	0	0.03
161800	0.02	0.7	0.7	0	0	0.02
161900	0.02	0.7	0.7	0	0	0.02
162000	0.03	0.7	0.7	0	0	0.03
162100	0.03	0.7	0.7	0	0	0.03
162200	0.03	0.7	0.7	0	0	0.03
162300	0.03	0.7	0.7	0	0	0.03
162400	0.02	0.7	0.7	0	0	0.02
162500	0.03	0.7	0.7	0	0	0.03
162600	0.02	0.7	0.7	0	0	0.02
162700	0.02	0.7	0.7	0	0	0.02
162800	0.02	0.7	0.7	0	0	0.02
162900	0.01	0.7	0.7	0	0	0.01
163000	0.02	0.7	0.7	0	0	0.02
163100	0.02	0.7	0.7	0	0	0.02
163200	0.03	0.7	0.7	0	0	0.03
163300	0.02	0.7	0.7	0	0	0.02
163400	0.02	0.7	0.7	0	0	0.02
163500	0.02	0.7	0.7	0	0	0.02
163600	0.02	0.7	0.7	0	0	0.02
163700	0.03	0.7	0.7	0	0	0.03
163800	0.04	0.7	0.7	0	0	0.04
163900	0.04	0.7	0.7	0	0	0.04
164000	0.03	0.7	0.7	0	0	0.03
164100	0.03	0.7	0.7	0	0	0.03
164200	0.02	0.7	0.7	0	0	0.02
164300	0.01	0.7	0.7	0	0	0.01
164400	0.01	0.7	0.7	0	0	0.01
164500	0.01	0.7	0.7	0	0	0.01
164600	0.01	0.7	0.7	0	0	0.01
164700	0.01	0.7	0.7	0	0	0.01
164800	0.01	0.7	0.7	0	0	0.01
164900	0.01	0.7	0.7	0	0	0.01
165000	0.01	0.7	0.7	0	0	0.01
165100	0.01	0.7	0.7	0	0	0.01
165200	0	0.7	0.7	0	0	0
165300	0.03	0.7	0.7	0	0	0.03
165400	0.03	0.7	0.7	0	0	0.03
165500	0.03	0.7	0.7	0	0	0.03
165600	0.03	0.7	0.7	0	0	0.03
165700	0.03	0.7	0.7	0	0	0.03
165800	0.03	0.7	0.7	0	0	0.03
165900	0.02	0.7	0.7	0	0	0.02
166000	0	0.7	0.7	0	0	0
166100	0	0.7	0.7	0	0	0
166200	0	0.7	0.7	0	0	0
166300	0.01	0.7	0.7	0	0	0.01
166400	0	0.7	0.7	0	0	0
166500	0	0.7	0.7	0	0	0
166600	0	0.7	0.7	0	0	0
166700	0	0.7	0.7	0	0	0
166800	0.01	0.7	0.7	0	0	0.01
166900	0.01	0.7	0.7	0	0	0.01
167000	0.02	0.7	0.7	0	0	0.02
167100	0.03	0.7	0.7	0	0	0.03
167200	0.03	0.7	0.7	0	0	0.03
167300	0.01	0.7	0.7	0	0	0.01
167400	0.03	0.7	0.7	0	0	0.03
167500	0.03	0.7	0.7	0	0	0.03
167600	0.04	0.7	0.7	0	0	0.04
167700	0.04	0.7	0.7	0	0	0.04
167800	0.01	0.7	0.7	0	0	0.01
167900	0.02	0.69	0.69	0	0	0.02
168000	0.03	0.69	0.69	0	0	0.03
168100	0.01	0.69	0.69	0	0	0.01
168200	0.01	0.69	0.69	0	0	0.01
168300	0.02	0.69	0.69	0	0	0.02
168400	0.02	0.69	0.69	0	0	0.02
168500	0.02	0.69	0.69	0	0	0.02
168600	0.03	0.69	0.69	0	0	0.03
168700	0.02	0.69	0.69	0	0	0.02
168800	0.01	0.69	0.69	0	0	0.01
168900	0.01	0.69	0.69	0	0	0.01
169000	0	0.69	0.69	0	0	0
169100	0	0.69	0.69	0	0	0
169200	0	0.69	0.69	0	0	0
169300	0.01	0.69	0.69	0	0	0.01
169400	0.01	0.69	0.69	0	0	0.01
169500	0.01	0.69	0.69	0	0	0.01
169600	0.02	0.69	0.69	0	0	0.02
169700	0.02	0.69	0.69	0	0	0.02
169800	0.02	0.69	0.69	0	0	0.02
169900	0.01	0.69	0.69	0	0	0.01
170000	0.01	0.69	0.69	0	0	0.01
170100	0.01	0.69	0.69	0	0	0.01
170200	0	0.69	0.69	0	0	0
170300	0	0.7	0.7	0	0	0
170400	0	0.7	0.7	0	0	0
170500	0	0.7	0.7	0	0	0
170600	0.01	0.7	0.7	0	0	0.01
170700	0.01	0.7	0.7	0	0	0.01
170800	0.01	0.7	0.7	0	0	0.01
170900	0.01	0.7	0.7	0	0	0.01
171000	0.02	0.7	0.7	0	0	0.02
171100	0.02	0.7	0.7	0	0	0.02
171200	0.03	0.7	0.7	0	0	0.03
171300	0.03	0.7	0.7	0	0	0.03
171400	0.03	0.7	0.7	0	0	0.03
171500	0.02	0.7	0.7	0	0	0.02
171600	0.02	0.7	0.7	0	0	0.02
171700	0.01	0.7	0.7	0	0	0.01
171800	0.01	0.7	0.7	0	0	0.01
171900	0.01	0.7	0.7	0	0	0.01
172000	0.01	0.7	0.7	0	0	0.01
172100	0.01	0.7	0.7	0	0	0.01
172200	0	0.7	0.7	0	0	0
172300	0	0.7	0.7	0	0	0
172400	0	0.7	0.7	0	0	0
172500	0	0.7	0.7	0	0	0
172600	0	0.7	0.7	0	0	0
172700	0.01	0.7	0.7	0	0	0.01
172800	0.01	0.7	0.7	0	0	0.01
172900	0.02	0.7	0.7	0	0	0.02
173000	0.03	0.7	0.7	0	0	0.03
173100	0.04	0.7	0.7	0	0	0.04
173200	0.06	0.7	0.7	0	0	0.06
173300	0.05	0.7	0.7	0	0	0.05
173400	0.03	0.7	0.7	0	0	0.03
173500	0.02	0.7	0.7	0	0	0.02
173600	0.01	0.7	0.7	0	0	0.01
173700	0	0.7	0.7	0	0	0
173800	0.01	0.7	0.7	0	0	0.01
173900	0.01	0.7	0.7	0	0	0.01
174000	0.01	0.7	0.7	0	0	0.01
174100	0.01	0.7	0.7	0	0	0.01
174200	0.03	0.7	0.7	0	0	0.03
174300	0.02	0.7	0.7	0	0	0.02
174400	0.01	0.7	0.7	0	0	0.01
174500	0.02	0.7	0.7	0	0	0.02
174600	0.02	0.7	0.7	0	0	0.02
174700	0	0.7	0.7	0	0	0
174800	0.01	0.7	0.7	0	0	0.01
174900	0.04	0.7	0.7	0	0	0.04
175000	0.04	0.7	0.7	0	0	0.04
175100	0.02	0.7	0.7	0	0	0.02
175200	0.02	0.7	0.7	0	0	0.02
175300	0.05	0.7	0.7	0	0	0.05
175400	0.03	0.7	0.7	0	0	0.03
175500	0.02	0.7	0.7	0	0	0.02
175600	0.02	0.7	0.7	0	0	0.02
175700	0.03	0.7	0.7	0	0	0.03
175800	0.02	0.7	0.7	0	0	0.02
175900	0	0.7	0.7	0	0	0
176000	0.01	0.7	0.7	0	0	0.01
176100	0	0.7	0.7	0	0	0
176200	0	0.7	0.7	0	0	0
176300	0	0.7	0.7	0	0	0
176400	0	0.7	0.7	0	0	0
176500	0	0.7	0.7	0	0	0
176600	0	0.7	0.7	0	0	0
176700	0	0.7	0.7	0	0	0
176800	0.01	0.7	0.7	0	0	0.01
176900	0.02	0.7	0.7	0	0	0.02
177000	0.02	0.7	0.7	0	0	0.02
177100	0.01	0.7	0.7	0	0	0.01
177200	0.01	0.7	0.7	0	0	0.01
177300	0	0.7	0.7	0	0	0
177400	0.01	0.7	0.7	0	0	0.01
177500	0.01	0.7	0.7	0	0	0.01
177600	0.01	0.7	0.7	0	0	0.01
177700	0	0.7	0.7	0	0	0
177800	0	0.7	0.7	0	0	0
177900	0	0.7	0.7	0	0	0
178000	0.02	0.7	0.7	0	0	0.02
178100	0.03	0.7	0.7	0	0	0.03
178200	0.03	0.7	0.7	0	0	0.03
178300	0.03	0.7	0.7	0	0	0.03
178400	0.03	0.7	0.7	0	0	0.03
178500	0.02	0.7	0.7	0	0	0.02
178600	0.01	0.7	0.7	0	0	0.01
178700	0.01	0.7	0.7	0	0	0.01
178800	0.01	0.7	0.7	0	0	0.01
178900	0.01	0.7	0.7	0	0	0.01
179000	0	0.7	0.7	0	0	0
179100	0	0.7	0.7	0	0	0
179200	0	0.7	0.7	0	0	0
179300	0	0.7	0.7	0	0	0
179400	0.01	0.7	0.7	0	0	0.01
179500	0.03	0.7	0.7	0	0	0.03
179600	0.03	0.7	0.7	0	0	0.03
179700	0.03	0.7	0.7	0	0	0.03
179800	0.02	0.7	0.7	0	0	0.02
179900	0.03	0.7	0.7	0	0	0.03
180000	0.01	0.7	0.7	0	0	0.01
180100	0.01	0.7	0.7	0	0	0.01
180200	0.02	0.7	0.7	0	0	0.02
180300	0.03	0.7	0.7	0	0	0.03
180400	0.02	0.7	0.7	0	0	0.02
180500	0.02	0.7	0.7	0	0	0.02
180600	0.02	0.7	0.7	0	0	0.02
180700	0.02	0.7	0.7	0	0	0.02
180800	0.03	0.7	0.7	0	0	0.03
180900	0.02	0.7	0.7	0	0	0.02
181000	0.02	0.7	0.7	0	0	0.02
181100	0.03	0.7	0.7	0	0	0.03
181200	0.02	0.7	0.7	0	0	0.02
181300	0.02	0.7	0.7	0	0	0.02
181400	0.02	0.7	0.7	0	0	0.02
181500	0.01	0.7	0.7	0	0	0.01
181600	0.01	0.7	0.7	0	0	0.01
181700	0.01	0.7	0.7	0	0	0.01
181800	0.02	0.7	0.7	0	0	0.02
181900	0.02	0.7	0.7	0	0	0.02
182000	0.02	0.7	0.7	0	0	0.02
182100	0.02	0.7	0.7	0	0	0.02
182200	0.02	0.7	0.7	0	0	0.02
182300	0.02	0.7	0.7	0	0	0.02
182400	0.01	0.7	0.7	0	0	0.01
182500	0	0.7	0.7	0	0	0
182600	0.01	0.7	0.7	0	0	0.01
182700	0.01	0.7	0.7	0	0	0.01
182800	0.02	0.7	0.7	0	0	0.02
182900	0.03	0.7	0.7	0	0	0.03
183000	0.03	0.7	0.7	0	0	0.03
183100	0.04	0.7	0.7	0	0	0.04
183200	0.04	0.7	0.7	0	0	0.04
183300	0.03	0.7	0.7	0	0	0.03
183400	0.02	0.7	0.7	0	0	0.02
183500	0.02	0.7	0.7	0	0	0.02
183600	0.02	0.7	0.7	0	0	0.02
183700	0.02	0.7	0.7	0	0	0.02
183800	0.01	0.7	0.7	0	0	0.01
183900	0.01	0.7	0.7	0	0	0.01
184000	0.01	0.7	0.7	0	0	0.01
184100	0.01	0.7	0.7	0	0	0.01
184200	0.02	0.7	0.7	0	0	0.02
184300	0.01	0.7	0.7	0	0	0.01
184400	0.01	0.7	0.7	0	0	0.01
184500	0.01	0.7	0.7	0	0	0.01
184600	0.01	0.7	0.7	0	0	0.01
184700	0	0.7	0.7	0	0	0
184800	0	0.7	0.7	0	0	0
184900	0	0.7	0.7	0	0	0
185000	0.02	0.7	0.7	0	0	0.02
185100	0.02	0.7	0.7	0	0	0.02
185200	0.03	0.7	0.7	0	0	0.03
185300	0.03	0.7	0.7	0	0	0.03
185400	0.02	0.7	0.7	0	0	0.02
185500	0.03	0.7	0.7	0	0	0.03
185600	0.04	0.7	0.7	0	0	0.04
185700	0.02	0.7	0.7	0	0	0.02
185800	0.02	0.7	0.7	0	0	0.02
185900	0.01	0.7	0.7	0	0	0.01
186000	0.02	0.7	0.7	0	0	0.02
186100	0.01	0.7	0.7	0	0	0.01
186200	0.02	0.7	0.7	0	0	0.02
186300	0.02	0.7	0.7	0	0	0.02
186400	0.01	0.7	0.7	0	0	0.01
186500	0.01	0.7	0.7	0	0	0.01
186600	0.01	0.7	0.7	0	0	0.01
186700	0.02	0.7	0.7	0	0	0.02
186800	0.02	0.7	0.7	0	0	0.02
186900	0.05	0.7	0.7	0	0	0.05
187000	0.04	0.7	0.7	0	0	0.04
187100	0.03	0.7	0.7	0	0	0.03
187200	0.03	0.7	0.7	0	0	0.03
187300	0.01	0.7	0.7	0	0	0.01
187400	0.01	0.7	0.7	0	0	0.01
187500	0.01	0.7	0.7	0	0	0.01
187600	0.01	0.7	0.7	0	0	0.01
187700	0.01	0.7	0.7	0	0	0.01
187800	0.01	0.7	0.7	0	0	0.01
187900	0	0.7	0.7	0	0	0
188000	0.01	0.7	0.7	0	0	0.01
188100	0.01	0.7	0.7	0	0	0.01
188200	0.01	0.7	0.7	0	0	0.01
188300	0.01	0.7	0.7	0	0	0.01
188400	0.01	0.7	0.7	0	0	0.01
188500	0.02	0.7	0.7	0	0	0.02
188600	0.01	0.7	0.7	0	0	0.01
188700	0.01	0.7	0.7	0	0	0.01
188800	0	0.7	0.7	0	0	0
188900	0	0.7	0.7	0	0	0
189000	0	0.7	0.7	0	0	0
189100	0	0.7	0.7	0	0	0
189200	0.02	0.7	0.7	0	0	0.02
189300	0.03	0.7	0.7	0	0	0.03
189400	0.02	0.7	0.7	0	0	0.02
189500	0.01	0.7	0.7	0	0	0.01
189600	0.01	0.7	0.7	0	0	0.01
189700	0	0.7	0.7	0	0	0
189800	0	0.7	0.7	0	0	0
189900	0	0.7	0.7	0	0	0
190000	0	0.7	0.7	0	0	0
190100	0.02	0.7	0.7	0	0	0.02
190200	0.02	0.7	0.7	0	0	0.02
190300	0.02	0.7	0.7	0	0	0.02
190400	0.02	0.7	0.7	0	0	0.02
190500	0.01	0.7	0.7	0	0	0.01
190600	0	0.7	0.7	0	0	0
190700	0.01	0.7	0.7	0	0	0.01
190800	0.02	0.7	0.7	0	0	0.02
190900	0.02	0.7	0.7	0	0	0.02
191000	0.03	0.7	0.7	0	0	0.03
191100	0.04	0.7	0.7	0	0	0.04
191200	0.05	0.7	0.7	0	0	0.05
191300	0.04	0.7	0.7	0	0	0.04
191400	0.03	0.7	0.7	0	0	0.03
191500	0.03	0.7	0.7	0	0	0.03
191600	0.02	0.7	0.7	0	0	0.02
191700	0.01	0.7	0.7	0	0	0.01
191800	0	0.7	0.7	0	0	0
191900	0	0.7	0.7	0	0	0
192000	0	0.7	0.7	0	0	0
192100	0	0.7	0.7	0	0	0
192200	0	0.7	0.7	0	0	0
192300	0	0.7	0.7	0	0	0
192400	0	0.7	0.7	0	0	0
192500	0.01	0.7	0.7	0	0	0.01
192600	0.02	0.7	0.7	0	0	0.02
192700	0.02	0.7	0.7	0	0	0.02
192800	0.05	0.7	0.7	0	0	0.05
192900	0.05	0.7	0.7	0	0	0.05
193000	0.04	0.7	0.7	0	0	0.04
193100	0.03	0.7	0.7	0	0	0.03
193200	0.04	0.7	0.7	0	0	0.04
193300	0.05	0.7	0.7	0	0	0.05
193400	0.04	0.7	0.7	0	0	0.04
193500	0.03	0.7	0.7	0	0	0.03
193600	0.01	0.7	0.7	0	0	0.01
193700	0.01	0.7	0.7	0	0	0.01
193800	0	0.7	0.7	0	0	0
193900	0	0.7	0.7	0	0	0
194000	0	0.7	0.7	0	0	0
194100	0	0.7	0.7	0	0	0
194200	0	0.7	0.7	0	0	0
194300	0	0.7	0.7	0	0	0
194400	0	0.7	0.7	0	0	0
194500	0	0.7	0.7	0	0	0
194600	0	0.7	0.7	0	0	0
194700	0	0.7	0.7	0	0	0
194800	0.01	0.7	0.7	0	0	0.01
194900	0.01	0.7	0.7	0	0	0.01
195000	0.02	0.7	0.7	0	0	0.02
195100	0.02	0.7	0.7	0	0	0.02
195200	0.03	0.7	0.7	0	0	0.03
195300	0.03	0.7	0.7	0	0	0.03
195400	0.02	0.7	0.7	0	0	0.02
195500	0.03	0.7	0.7	0	0	0.03
195600	0.03	0.7	0.7	0	0	0.03
195700	0.02	0.7	0.7	0	0	0.02
195800	0.02	0.7	0.7	0	0	0.02
195900	0.02	0.7	0.7	0	0	0.02
196000	0.02	0.7	0.7	0	0	0.02
196100	0.02	0.7	0.7	0	0	0.02
196200	0.01	0.7	0.7	0	0	0.01
196300	0.01	0.7	0.7	0	0	0.01
196400	0.01	0.7	0.7	0	0	0.01
196500	0.01	0.7	0.7	0	0	0.01
196600	0.01	0.7	0.7	0	0	0.01
196700	0.01	0.7	0.7	0	0	0.01
196800	0.03	0.7	0.7	0	0	0.03
196900	0.03	0.7	0.7	0	0	0.03
197000	0.02	0.7	0.7	0	0	0.02
197100	0.02	0.7	0.7	0	0	0.02
197200	0.02	0.7	0.7	0	0	0.02
197300	0.01	0.7	0.7	0	0	0.01
197400	0.01	0.7	0.7	0	0	0.01
197500	0.03	0.7	0.7	0	0	0.03
197600	0.04	0.7	0.7	0	0	0.04
197700	0.04	0.7	0.7	0	0	0.04
197800	0.05	0.7	0.7	0	0	0.05
197900	0.05	0.7	0.7	0	0	0.05
198000	0.04	0.7	0.7	0	0	0.04
198100	0.03	0.7	0.7	0	0	0.03
198200	0.02	0.7	0.7	0	0	0.02
198300	0.02	0.7	0.7	0	0	0.02
198400	0.01	0.7	0.7	0	0	0.01
198500	0	0.7	0.7	0	0	0
198600	0	0.7	0.7	0	0	0
198700	0	0.7	0.7	0	0	0
198800	0	0.7	0.7	0	0	0
198900	0.01	0.7	0.7	0	0	0.01
199000	0.01	0.7	0.7	0	0	0.01
199100	0.01	0.7	0.7	0	0	0.01
199200	0.01	0.7	0.7	0	0	0.01
199300	0.01	0.7	0.7	0	0	0.01
199400	0.02	0.7	0.7	0	0	0.02
199500	0.02	0.7	0.7	0	0	0.02
199600	0.02	0.7	0.7	0	0	0.02
199700	0.02	0.7	0.7	0	0	0.02
199800	0.01	0.7	0.7	0	0	0.01
199900	0.01	0.7	0.7	0	0	0.01
200000	0.01	0.7	0.7	0	0	0.01
200100	0.01	0.7	0.7	0	0	0.01
200200	0.01	0.7	0.7	0	0	0.01
200300	0.01	0.7	0.7	0	0	0.01
200400	0	0.7	0.7	0	0	0
200500	0.01	0.7	0.7	0	0	0.01
200600	0.01	0.7	0.7	0	0	0.01
200700	0.01	0.7	0.7	0	0	0.01
200800	0.01	0.7	0.7	0	0	0.01
200900	0	0.7	0.7	0	0	0
201000	0	0.7	0.7	0	0	0
201100	0	0.7	0.7	0	0	0
201200	0	0.7	0.7	0	0	0
201300	0.02	0.7	0.7	0	0	0.02
201400	0.02	0.7	0.7	0	0	0.02
201500	0.02	0.7	0.7	0	0	0.02
201600	0.02	0.7	0.7	0	0	0.02
201700	0.02	0.7	0.7	0	0	0.02
201800	0.01	0.7	0.7	0	0	0.01
201900	0.01	0.7	0.7	0	0	0.01
202000	0	0.7	0.7	0	0	0
202100	0.01	0.7	0.7	0	0	0.01
202200	0.02	0.7	0.7	0	0	0.02
202300	0.02	0.7	0.7	0	0	0.02
202400	0.03	0.7	0.7	0	0	0.03
202500	0.02	0.7	0.7	0	0	0.02
202600	0.02	0.7	0.7	0	0	0.02
202700	0.02	0.7	0.7	0	0	0.02
202800	0.02	0.7	0.7	0	0	0.02
202900	0.03	0.7	0.7	0	0	0.03
203000	0.02	0.7	0.7	0	0	0.02
203100	0.02	0.7	0.7	0	0	0.02
203200	0.01	0.7	0.7	0	0	0.01
203300	0.01	0.7	0.7	0	0	0.01
203400	0	0.7	0.7	0	0	0
203500	0	0.7	0.7	0	0	0
203600	0	0.7	0.7	0	0	0
203700	0	0.7	0.7	0	0	0
203800	0.01	0.7	0.7	0	0	0.01
203900	0.02	0.7	0.7	0	0	0.02
204000	0.02	0.7	0.7	0	0	0.02
204100	0.02	0.7	0.7	0	0	0.02
204200	0.02	0.7	0.7	0	0	0.02
204300	0.02	0.7	0.7	0	0	0.02
204400	0.02	0.7	0.7	0	0	0.02
204500	0.01	0.7	0.7	0	0	0.01
204600	0.01	0.7	0.7	0	0	0.01
204700	0.01	0.7	0.7	0	0	0.01
204800	0.02	0.7	0.7	0	0	0.02
204900	0.02	0.7	0.7	0	0	0.02
205000	0.01	0.7	0.7	0	0	0.01
205100	0.01	0.7	0.7	0	0	0.01
205200	0.02	0.7	0.7	0	0	0.02
205300	0	0.7	0.7	0	0	0
205400	0.01	0.7	0.7	0	0	0.01
205500	0.02	0.7	0.7	0	0	0.02
205600	0.03	0.7	0.7	0	0	0.03
205700	0.03	0.7	0.7	0	0	0.03
205800	0.03	0.7	0.7	0	0	0.03
205900	0.02	0.7	0.7	0	0	0.02
206000	0.01	0.7	0.7	0	0	0.01
206100	0.01	0.7	0.7	0	0	0.01
206200	0	0.7	0.7	0	0	0
206300	0.01	0.7	0.7	0	0	0.01
206400	0.01	0.7	0.7	0	0	0.01
206500	0.01	0.7	0.7	0	0	0.01
206600	0.01	0.7	0.7	0	0	0.01
206700	0.01	0.7	0.7	0	0	0.01
206800	0	0.7	0.7	0	0	0
206900	0.01	0.7	0.7	0	0	0.01
207000	0.02	0.7	0.7	0	0	0.02
207100	0.02	0.7	0.7	0	0	0.02
207200	0.02	0.7	0.7	0	0	0.02
207300	0.04	0.7	0.7	0	0	0.04
207400	0.05	0.7	0.7	0	0	0.05
207500	0.06	0.7	0.7	0	0	0.06
207600	0.06	0.7	0.7	0	0	0.06
207700	0.04	0.7	0.7	0	0	0.04
207800	0.03	0.7	0.7	0	0	0.03
207900	0.03	0.7	0.7	0	0	0.03
208000	0.03	0.7	0.7	0	0	0.03
208100	0.02	0.7	0.7	0	0	0.02
208200	0.01	0.7	0.7	0	0	0.01
208300	0.01	0.7	0.7	0	0	0.01
208400	0.02	0.7	0.7	0	0	0.02
208500	0.01	0.7	0.7	0	0	0.01
208600	0.01	0.7	0.7	0	0	0.01
208700	0.03	0.7	0.7	0	0	0.03
208800	0.03	0.7	0.7	0	0	0.03
208900	0.03	0.7	0.7	0	0	0.03
209000	0.03	0.7	0.7	0	0	0.03
209100	0.01	0.7	0.7	0	0	0.01
209200	0	0.7	0.7	0	0	0
209300	0.01	0.7	0.7	0	0	0.01
209400	0.01	0.7	0.7	0	0	0.01
209500	0.01	0.7	0.7	0	0	0.01
209600	0.02	0.7	0.7	0	0	0.02
209700	0.02	0.7	0.7	0	0	0.02
209800	0.02	0.7	0.7	0	0	0.02
209900	0.01	0.7	0.7	0	0	0.01
210000	0.01	0.7	0.7	0	0	0.01
210100	0.01	0.7	0.7	0	0	0.01
210200	0.01	0.7	0.7	0	0	0.01
210300	0.01	0.7	0.7	0	0	0.01
210400	0.01	0.7	0.7	0	0	0.01
210500	0.01	0.7	0.7	0	0	0.01
210600	0.02	0.7	0.7	0	0	0.02
210700	0.02	0.7	0.7	0	0	0.02
210800	0.02	0.7	0.7	0	0	0.02
210900	0.03	0.7	0.7	0	0	0.03
211000	0.04	0.7	0.7	0	0	0.04
211100	0.04	0.7	0.7	0	0	0.04
211200	0.02	0.7	0.7	0	0	0.02
211300	0.02	0.7	0.7	0	0	0.02
211400	0.02	0.7	0.7	0	0	0.02
211500	0.02	0.7	0.7	0	0	0.02
211600	0.01	0.7	0.7	0	0	0.01
211700	0.01	0.7	0.7	0	0	0.01
211800	0.01	0.7	0.7	0	0	0.01
211900	0.01	0.7	0.7	0	0	0.01
212000	0	0.7	0.7	0	0	0
212100	0.01	0.7	0.7	0	0	0.01
212200	0.03	0.7	0.7	0	0	0.03
212300	0.03	0.7	0.7	0	0	0.03
212400	0.04	0.7	0.7	0	0	0.04
212500	0.03	0.7	0.7	0	0	0.03
212600	0.02	0.7	0.7	0	0	0.02
212700	0.02	0.7	0.7	0	0	0.02
212800	0.03	0.7	0.7	0	0	0.03
212900	0.03	0.7	0.7	0	0	0.03
213000	0.03	0.7	0.7	0	0	0.03
213100	0.02	0.7	0.7	0	0	0.02
213200	0.02	0.7	0.7	0	0	0.02
213300	0.03	0.7	0.7	0	0	0.03
213400	0.02	0.7	0.7	0	0	0.02
213500	0.02	0.7	0.7	0	0	0.02
213600	0.04	0.7	0.7	0	0	0.04
213700	0.03	0.7	0.7	0	0	0.03
213800	0.03	0.7	0.7	0	0	0.03
213900	0.03	0.7	0.7	0	0	0.03
214000	0.03	0.7	0.7	0	0	0.03
214100	0.02	0.7	0.7	0	0	0.02
214200	0.03	0.7	0.7	0	0	0.03
214300	0.01	0.7	0.7	0	0	0.01
214400	0.01	0.7	0.7	0	0	0.01
214500	0.02	0.7	0.7	0	0	0.02
214600	0.02	0.7	0.7	0	0	0.02
214700	0.02	0.7	0.7	0	0	0.02
214800	0.03	0.7	0.7	0	0	0.03
214900	0.02	0.7	0.7	0	0	0.02
215000	0.01	0.7	0.7	0	0	0.01
215100	0	0.7	0.7	0	0	0
215200	0.01	0.7	0.7	0	0	0.01
215300	0.01	0.7	0.7	0	0	0.01
215400	0.01	0.7	0.7	0	0	0.01
215500	0.02	0.7	0.7	0	0	0.02
215600	0.02	0.7	0.7	0	0	0.02
215700	0.01	0.7	0.7	0	0	0.01
215800	0.01	0.7	0.7	0	0	0.01
215900	0.02	0.7	0.7	0	0	0.02
216000	0.02	0.7	0.7	0	0	0.02
216100	0.02	0.7	0.7	0	0	0.02
216200	0.02	0.7	0.7	0	0	0.02
216300	0.02	0.7	0.7	0	0	0.02
216400	0.01	0.7	0.7	0	0	0.01
216500	0.01	0.7	0.7	0	0	0.01
216600	0.02	0.7	0.7	0	0	0.02
216700	0.01	0.7	0.7	0	0	0.01
216800	0.01	0.7	0.7	0	0	0.01
216900	0.01	0.7	0.7	0	0	0.01
217000	0.01	0.7	0.7	0	0	0.01
217100	0.03	0.7	0.7	0	0	0.03
217200	0.02	0.7	0.7	0	0	0.02
217300	0.02	0.7	0.7	0	0	0.02
217400	0.02	0.7	0.7	0	0	0.02
217500	0.02	0.7	0.7	0	0	0.02
217600	0.02	0.7	0.7	0	0	0.02
217700	0.02	0.7	0.7	0	0	0.02
217800	0.03	0.7	0.7	0	0	0.03
217900	0.03	0.7	0.7	0	0	0.03
218000	0.03	0.7	0.7	0	0	0.03
218100	0.03	0.7	0.7	0	0	0.03
218200	0.02	0.7	0.7	0	0	0.02
218300	0.01	0.7	0.7	0	0	0.01
218400	0.02	0.7	0.7	0	0	0.02
218500	0.02	0.7	0.7	0	0	0.02
218600	0.02	0.7	0.7	0	0	0.02
218700	0.02	0.7	0.7	0	0	0.02
218800	0.02	0.7	0.7	0	0	0.02
218900	0.02	0.7	0.7	0	0	0.02
219000	0.02	0.7	0.7	0	0	0.02
219100	0.02	0.7	0.7	0	0	0.02
219200	0.02	0.7	0.7	0	0	0.02
219300	0.02	0.7	0.7	0	0	0.02
219400	0.01	0.7	0.7	0	0	0.01
219500	0.01	0.7	0.7	0	0	0.01
219600	0.01	0.7	0.7	0	0	0.01
219700	0.01	0.7	0.7	0	0	0.01
219800	0	0.7	0.7	0	0	0
219900	0.02	0.7	0.7	0	0	0.02
220000	0.04	0.7	0.7	0	0	0.04
220100	0.04	0.69	0.69	0	0	0.04
220200	0.03	0.69	0.69	0	0	0.03
220300	0.02	0.69	0.69	0	0	0.02
220400	0.02	0.69	0.69	0	0	0.02
220500	0.02	0.69	0.69	0	0	0.02
220600	0.01	0.69	0.69	0	0	0.01
220700	0.01	0.69	0.69	0	0	0.01
220800	0.02	0.69	0.69	0	0	0.02
220900	0.02	0.69	0.69	0	0	0.02
221000	0.01	0.69	0.69	0	0	0.01
221100	0.01	0.69	0.69	0	0	0.01
221200	0.01	0.69	0.69	0	0	0.01
221300	0.01	0.69	0.69	0	0	0.01
221400	0.01	0.69	0.69	0	0	0.01
221500	0	0.69	0.69	0	0	0
221600	0.01	0.69	0.69	0	0	0.01
221700	0.01	0.69	0.69	0	0	0.01
221800	0	0.69	0.69	0	0	0
221900	0.02	0.69	0.69	0	0	0.02
222000	0.03	0.69	0.69	0	0	0.03
222100	0.03	0.69	0.69	0	0	0.03
222200	0.03	0.69	0.69	0	0	0.03
222300	0.03	0.69	0.69	0	0	0.03
222400	0.01	0.69	0.69	0	0	0.01
222500	0.01	0.69	0.69	0	0	0.01
222600	0.01	0.69	0.69	0	0	0.01
222700	0.03	0.69	0.69	0	0	0.03
222800	0.02	0.69	0.69	0	0	0.02
222900	0.03	0.69	0.69	0	0	0.03
223000	0.04	0.69	0.69	0	0	0.04
223100	0.06	0.69	0.69	0	0	0.06
223200	0.05	0.69	0.69	0	0	0.05
223300	0.02	0.69	0.69	0	0	0.02
223400	0	0.69	0.69	0	0	0
223500	0	0.69	0.69	0	0	0
223600	0.01	0.69	0.69	0	0	0.01
223700	0.03	0.69	0.69	0	0	0.03
223800	0.03	0.69	0.69	0	0	0.03
223900	0.03	0.69	0.69	0	0	0.03
224000	0.04	0.69	0.69	0	0	0.04
224100	0.05	0.69	0.69	0	0	0.05
224200	0.03	0.69	0.69	0	0	0.03
224300	0.03	0.69	0.69	0	0	0.03
224400	0.02	0.69	0.69	0	0	0.02
224500	0	0.69	0.69	0	0	0
224600	0	0.69	0.69	0	0	0
224700	0	0.69	0.69	0	0	0
224800	0	0.69	0.69	0	0	0
224900	0	0.69	0.69	0	0	0
225000	0.01	0.69	0.69	0	0	0.01
225100	0.01	0.69	0.69	0	0	0.01
225200	0.01	0.69	0.69	0	0	0.01
225300	0.01	0.69	0.69	0	0	0.01
225400	0.01	0.69	0.69	0	0	0.01
225500	0	0.69	0.69	0	0	0
225600	0	0.69	0.69	0	0	0
225700	0	0.69	0.69	0	0	0
225800	0	0.69	0.69	0	0	0
225900	0.01	0.69	0.69	0	0	0.01
226000	0.02	0.69	0.69	0	0	0.02
226100	0.03	0.69	0.69	0	0	0.03
226200	0.02	0.69	0.69	0	0	0.02
226300	0.01	0.69	0.69	0	0	0.01
226400	0.01	0.69	0.69	0	0	0.01
226500	0.02	0.69	0.69	0	0	0.02
226600	0.01	0.69	0.69	0	0	0.01
226700	0.02	0.69	0.69	0	0	0.02
226800	0.02	0.69	0.69	0	0	0.02
226900	0.01	0.69	0.69	0	0	0.01
227000	0.02	0.69	0.69	0	0	0.02
227100	0.03	0.69	0.69	0	0	0.03
227200	0.01	0.69	0.69	0	0	0.01
227300	0.01	0.69	0.69	0	0	0.01
227400	0.01	0.69	0.69	0	0	0.01
227500	0.01	0.69	0.69	0	0	0.01
227600	0.01	0.69	0.69	0	0	0.01
227700	0.01	0.69	0.69	0	0	0.01
227800	0	0.69	0.69	0	0	0
227900	0.01	0.69	0.69	0	0	0.01
228000	0.02	0.69	0.69	0	0	0.02
228100	0.03	0.69	0.69	0	0	0.03
228200	0.04	0.69	0.69	0	0	0.04
228300	0.04	0.69	0.69	0	0	0.04
228400	0.03	0.69	0.69	0	0	0.03
228500	0.01	0.69	0.69	0	0	0.01
228600	0.02	0.69	0.69	0	0	0.02
228700	0.01	0.69	0.69	0	0	0.01
228800	0.01	0.69	0.69	0	0	0.01
228900	0.03	0.69	0.69	0	0	0.03
229000	0.01	0.69	0.69	0	0	0.01
229100	0.01	0.69	0.69	0	0	0.01
229200	0.01	0.69	0.69	0	0	0.01
229300	0.01	0.69	0.69	0	0	0.01
229400	0.01	0.69	0.69	0	0	0.01
229500	0.01	0.69	0.69	0	0	0.01
229600	0.01	0.69	0.69	0	0	0.01
229700	0.01	0.69	0.69	0	0	0.01
229800	0.01	0.69	0.69	0	0	0.01
229900	0	0.69	0.69	0	0	0
230000	0	0.69	0.69	0	0	0
230100	0.01	0.69	0.69	0	0	0.01
230200	0.02	0.69	0.69	0	0	0.02
230300	0.03	0.69	0.69	0	0	0.03
230400	0.03	0.69	0.69	0	0	0.03
230500	0.04	0.69	0.69	0	0	0.04
230600	0.05	0.69	0.69	0	0	0.05
230700	0.03	0.69	0.69	0	0	0.03
230800	0.01	0.69	0.69	0	0	0.01
230900	0.01	0.69	0.69	0	0	0.01
231000	0.02	0.69	0.69	0	0	0.02
231100	0.03	0.69	0.69	0	0	0.03
231200	0.04	0.69	0.69	0	0	0.04
231300	0.04	0.69	0.69	0	0	0.04
231400	0.02	0.69	0.69	0	0	0.02
231500	0.02	0.69	0.69	0	0	0.02
231600	0.02	0.69	0.69	0	0	0.02
231700	0.01	0.69	0.69	0	0	0.01
231800	0.01	0.69	0.69	0	0	0.01
231900	0.01	0.69	0.69	0	0	0.01
232000	0.01	0.69	0.69	0	0	0.01
232100	0.01	0.69	0.69	0	0	0.01
232200	0.02	0.69	0.69	0	0	0.02
232300	0.02	0.69	0.69	0	0	0.02
232400	0.02	0.69	0.69	0	0	0.02
232500	0.02	0.69	0.69	0	0	0.02
232600	0.02	0.69	0.69	0	0	0.02
232700	0.02	0.69	0.69	0	0	0.02
232800	0	0.69	0.69	0	0	0
232900	0.01	0.69	0.69	0	0	0.01
233000	0.02	0.69	0.69	0	0	0.02
233100	0.02	0.69	0.69	0	0	0.02
233200	0.02	0.69	0.69	0	0	0.02
233300	0.02	0.69	0.69	0	0	0.02
233400	0.01	0.69	0.69	0	0	0.01
233500	0.01	0.69	0.69	0	0	0.01
233600	0	0.69	0.69	0	0	0
233700	0	0.69	0.69	0	0	0
233800	0	0.69	0.69	0	0	0
233900	0.01	0.69	0.69	0	0	0.01
234000	0.01	0.69	0.69	0	0	0.01
234100	0.01	0.69	0.69	0	0	0.01
234200	0.01	0.69	0.69	0	0	0.01
234300	0.01	0.68	0.68	0	0	0.01
234400	0.03	0.68	0.68	0	0	0.03
234500	0.01	0.68	0.68	0	0	0.01
234600	0.01	0.68	0.68	0	0	0.01
234700	0.02	0.68	0.68	0	0	0.02
234800	0.03	0.68	0.68	0	0	0.03
234900	0.03	0.68	0.68	0	0	0.03
235000	0.03	0.68	0.68	0	0	0.03
235100	0.03	0.68	0.68	0	0	0.03
235200	0.01	0.68	0.68	0	0	0.01
235300	0.01	0.69	0.69	0	0	0.01
235400	0.01	0.69	0.69	0	0	0.01
235500	0	0.69	0.69	0	0	0
235600	0	0.69	0.69	0	0	0
235700	0.04	0.69	0.69	0	0	0.04
235800	0.03	0.69	0.69	0	0	0.03
235900	0.03	0.69	0.69	0	0	0.03
236000	0.03	0.69	0.69	0	0	0.03
236100	0.03	0.69	0.69	0	0	0.03
236200	0.01	0.69	0.69	0	0	0.01
236300	0	0.69	0.69	0	0	0
236400	0	0.69	0.69	0	0	0
236500	0	0.69	0.69	0	0	0
236600	0	0.69	0.69	0	0	0
236700	0	0.69	0.69	0	0	0
236800	0.01	0.69	0.69	0	0	0.01
236900	0.01	0.69	0.69	0	0	0.01
237000	0.01	0.69	0.69	0	0	0.01
237100	0.01	0.69	0.69	0	0	0.01
237200	0.02	0.69	0.69	0	0	0.02
237300	0.02	0.69	0.69	0	0	0.02
237400	0.03	0.69	0.69	0	0	0.03
237500	0.03	0.69	0.69	0	0	0.03
237600	0.03	0.69	0.69	0	0	0.03
237700	0.02	0.69	0.69	0	0	0.02
237800	0.01	0.69	0.69	0	0	0.01
237900	0.01	0.69	0.69	0	0	0.01
238000	0	0.69	0.69	0	0	0
238100	0	0.69	0.69	0	0	0
238200	0	0.69	0.69	0	0	0
238300	0	0.69	0.69	0	0	0
238400	0.01	0.69	0.69	0	0	0.01
238500	0.01	0.69	0.69	0	0	0.01
238600	0.01	0.69	0.69	0	0	0.01
238700	0.01	0.69	0.69	0	0	0.01
238800	0	0.69	0.69	0	0	0
238900	0.01	0.69	0.69	0	0	0.01
239000	0.01	0.7	0.7	0	0	0.01
239100	0.03	0.7	0.7	0	0	0.03
239200	0.02	0.7	0.7	0	0	0.02
239300	0.02	0.7	0.7	0	0	0.02
239400	0.02	0.7	0.7	0	0	0.02
239500	0.02	0.7	0.7	0	0	0.02
239600	0.02	0.7	0.7	0	0	0.02
239700	0.01	0.7	0.7	0	0	0.01
239800	0.01	0.7	0.7	0	0	0.01
239900	0.02	0.7	0.7	0	0	0.02
240000	0.01	0.7	0.7	0	0	0.01
240100	0.01	0.7	0.7	0	0	0.01
240200	0.01	0.7	0.7	0	0	0.01
240300	0.01	0.7	0.7	0	0	0.01
240400	0.01	0.7	0.7	0	0	0.01
240500	0.01	0.69	0.69	0	0	0.01
240600	0.01	0.69	0.69	0	0	0.01
240700	0.01	0.69	0.69	0	0	0.01
240800	0.01	0.69	0.69	0	0	0.01
240900	0.01	0.69	0.69	0	0	0.01
241000	0.01	0.69	0.69	0	0	0.01
241100	0.01	0.69	0.69	0	0	0.01
241200	0.01	0.69	0.69	0	0	0.01
241300	0.01	0.69	0.69	0	0	0.01
241400	0	0.69	0.69	0	0	0
241500	0	0.69	0.69	0	0	0
241600	0.01	0.69	0.69	0	0	0.01
241700	0.01	0.69	0.69	0	0	0.01
241800	0.02	0.69	0.69	0	0	0.02
241900	0.02	0.69	0.69	0	0	0.02
242000	0.02	0.69	0.69	0	0	0.02
242100	0	0.69	0.69	0	0	0
242200	0	0.69	0.69	0	0	0
242300	0	0.69	0.69	0	0	0
242400	0	0.69	0.69	0	0	0
242500	0	0.69	0.69	0	0	0
242600	0.01	0.69	0.69	0	0	0.01
242700	0.01	0.69	0.69	0	0	0.01
242800	0.01	0.69	0.69	0	0	0.01
242900	0.01	0.69	0.69	0	0	0.01
243000	0	0.69	0.69	0	0	0
243100	0.01	0.69	0.69	0	0	0.01
243200	0.02	0.69	0.69	0	0	0.02
243300	0.03	0.69	0.69	0	0	0.03
243400	0.03	0.69	0.69	0	0	0.03
243500	0.03	0.69	0.69	0	0	0.03
243600	0.03	0.69	0.69	0	0	0.03
243700	0	0.69	0.69	0	0	0
243800	0	0.69	0.69	0	0	0
243900	0.01	0.69	0.69	0	0	0.01
244000	0.01	0.69	0.69	0	0	0.01
244100	0.01	0.69	0.69	0	0	0.01
244200	0.01	0.69	0.69	0	0	0.01
244300	0.01	0.69	0.69	0	0	0.01
244400	0.02	0.69	0.69	0	0	0.02
244500	0.02	0.69	0.69	0	0	0.02
244600	0.02	0.69	0.69	0	0	0.02
244700	0.02	0.69	0.69	0	0	0.02
244800	0.02	0.69	0.69	0	0	0.02
244900	0.03	0.69	0.69	0	0	0.03
245000	0.02	0.69	0.69	0	0	0.02
245100	0.01	0.69	0.69	0	0	0.01
245200	0.01	0.69	0.69	0	0	0.01
245300	0	0.69	0.69	0	0	0
245400	0	0.69	0.69	0	0	0
245500	0.03	0.69	0.69	0	0	0.03
245600	0.02	0.69	0.69	0	0	0.02
245700	0.02	0.69	0.69	0	0	0.02
245800	0.02	0.69	0.69	0	0	0.02
245900	0.03	0.69	0.69	0	0	0.03
246000	0.01	0.69	0.69	0	0	0.01
246100	0.01	0.69	0.69	0	0	0.01
246200	0.01	0.69	0.69	0	0	0.01
246300	0.01	0.69	0.69	0	0	0.01
246400	0.03	0.69	0.69	0	0	0.03
246500	0.04	0.69	0.69	0	0	0.04
246600	0.03	0.69	0.69	0	0	0.03
246700	0.01	0.69	0.69	0	0	0.01
246800	0.01	0.69	0.69	0	0	0.01
246900	0.01	0.69	0.69	0	0	0.01
247000	0	0.69	0.69	0	0	0
247100	0.01	0.69	0.69	0	0	0.01
247200	0.02	0.69	0.69	0	0	0.02
247300	0.02	0.69	0.69	0	0	0.02
247400	0.02	0.69	0.69	0	0	0.02
247500	0.02	0.69	0.69	0	0	0.02
247600	0.02	0.69	0.69	0	0	0.02
247700	0.02	0.69	0.69	0	0	0.02
247800	0.02	0.68	0.68	0	0	0.02
247900	0.02	0.68	0.68	0	0	0.02
248000	0.01	0.68	0.68	0	0	0.01
248100	0.02	0.68	0.68	0	0	0.02
248200	0.02	0.67	0.67	0	0	0.02
248300	0.02	0.67	0.67	0	0	0.02
248400	0.01	0.67	0.67	0	0	0.01
248500	0.01	0.67	0.67	0	0	0.01
248600	0	0.67	0.67	0	0	0
248700	0	0.67	0.67	0	0	0
248800	0	0.67	0.67	0	0	0
248900	0	0.67	0.67	0	0	0
249000	0	0.67	0.67	0	0	0
249100	0.01	0.67	0.67	0	0	0.01
249200	0.01	0.67	0.67	0	0	0.01
249300	0.01	0.67	0.67	0	0	0.01
249400	0.02	0.67	0.67	0	0	0.02
249500	0.01	0.67	0.67	0	0	0.01
249600	0.01	0.67	0.67	0	0	0.01
249700	0.01	0.67	0.67	0	0	0.01
249800	0.01	0.67	0.67	0	0	0.01
249900	0.02	0.67	0.67	0	0	0.02
250000	0.02	0.67	0.67	0	0	0.02
250100	0.02	0.67	0.67	0	0	0.02
250200	0.02	0.67	0.67	0	0	0.02
250300	0.01	0.67	0.67	0	0	0.01
250400	0.04	0.67	0.67	0	0	0.04
250500	0.04	0.67	0.67	0	0	0.04
250600	0.03	0.67	0.67	0	0	0.03
250700	0.03	0.67	0.67	0	0	0.03
250800	0.03	0.68	0.68	0	0	0.03
250900	0.03	0.68	0.68	0	0	0.03
251000	0.01	0.68	0.68	0	0	0.01
251100	0.01	0.68	0.68	0	0	0.01
251200	0.01	0.68	0.68	0	0	0.01
251300	0.01	0.68	0.68	0	0	0.01
251400	0.01	0.68	0.68	0	0	0.01
251500	0.01	0.68	0.68	0	0	0.01
251600	0	0.68	0.68	0	0	0
251700	0.02	0.68	0.68	0	0	0.02
251800	0.02	0.68	0.68	0	0	0.02
251900	0.03	0.68	0.68	0	0	0.03
252000	0.02	0.68	0.68	0	0	0.02
252100	0.02	0.68	0.68	0	0	0.02
252200	0.03	0.68	0.68	0	0	0.03
252300	0.02	0.68	0.68	0	0	0.02
252400	0.02	0.69	0.69	0	0	0.02
252500	0.01	0.69	0.69	0	0	0.01
252600	0.01	0.69	0.69	0	0	0.01
252700	0.02	0.69	0.69	0	0	0.02
252800	0.03	0.69	0.69	0	0	0.03
252900	0.03	0.69	0.69	0	0	0.03
253000	0.03	0.69	0.69	0	0	0.03
253100	0.02	0.69	0.69	0	0	0.02
253200	0.01	0.69	0.69	0	0	0.01
253300	0	0.69	0.69	0	0	0
253400	0	0.69	0.69	0	0	0
253500	0	0.69	0.69	0	0	0
253600	0.01	0.69	0.69	0	0	0.01
253700	0.01	0.69	0.69	0	0	0.01
253800	0.02	0.69	0.69	0	0	0.02
253900	0.03	0.68	0.68	0	0	0.03
254000	0.03	0.68	0.68	0	0	0.03
254100	0.02	0.68	0.68	0	0	0.02
254200	0.01	0.68	0.68	0	0	0.01
254300	0.01	0.68	0.68	0	0	0.01
254400	0.01	0.68	0.68	0	0	0.01
254500	0	0.68	0.68	0	0	0
254600	0	0.68	0.68	0	0	0
254700	0	0.68	0.68	0	0	0
254800	0	0.68	0.68	0	0	0
254900	0	0.68	0.68	0	0	0
255000	0	0.68	0.68	0	0	0
255100	0.02	0.68	0.68	0	0	0.02
255200	0.03	0.68	0.68	0	0	0.03
255300	0.04	0.68	0.68	0	0	0.04
255400	0.03	0.68	0.68	0	0	0.03
255500	0.03	0.68	0.68	0	0	0.03
255600	0.03	0.68	0.68	0	0	0.03
255700	0.03	0.68	0.68	0	0	0.03
255800	0.02	0.68	0.68	0	0	0.02
255900	0.01	0.68	0.68	0	0	0.01
256000	0.01	0.68	0.68	0	0	0.01
256100	0.01	0.68	0.68	0	0	0.01
256200	0	0.68	0.68	0	0	0
256300	0	0.68	0.68	0	0	0
256400	0	0.68	0.68	0	0	0
256500	0	0.68	0.68	0	0	0
256600	0	0.68	0.68	0	0	0
256700	0.01	0.68	0.68	0	0	0.01
256800	0.01	0.68	0.68	0	0	0.01
256900	0.01	0.68	0.68	0	0	0.01
257000	0.01	0.68	0.68	0	0	0.01
257100	0.01	0.68	0.68	0	0	0.01
257200	0.02	0.68	0.68	0	0	0.02
257300	0.01	0.68	0.68	0	0	0.01
257400	0.02	0.68	0.68	0	0	0.02
257500	0.02	0.68	0.68	0	0	0.02
257600	0.01	0.68	0.68	0	0	0.01
257700	0.01	0.68	0.68	0	0	0.01
257800	0.01	0.68	0.68	0	0	0.01
257900	0.01	0.68	0.68	0	0	0.01
258000	0.01	0.68	0.68	0	0	0.01
258100	0.01	0.68	0.68	0	0	0.01
258200	0.02	0.68	0.68	0	0	0.02
258300	0.03	0.68	0.68	0	0	0.03
258400	0.03	0.68	0.68	0	0	0.03
258500	0.03	0.68	0.68	0	0	0.03
258600	0.03	0.68	0.68	0	0	0.03
258700	0.02	0.68	0.68	0	0	0.02
258800	0.01	0.68	0.68	0	0	0.01
258900	0	0.68	0.68	0	0	0
259000	0.01	0.68	0.68	0	0	0.01
259100	0.01	0.68	0.68	0	0	0.01
259200	0.01	0.68	0.68	0	0	0.01
259300	0.03	0.68	0.68	0	0	0.03
259400	0.03	0.68	0.68	0	0	0.03
259500	0.04	0.68	0.68	0	0	0.04
259600	0.03	0.68	0.68	0	0	0.03
259700	0.01	0.68	0.68	0	0	0.01
259800	0.01	0.68	0.68	0	0	0.01
259900	0.03	0.68	0.68	0	0	0.03
260000	0.02	0.68	0.68	0	0	0.02
260100	0.01	0.68	0.68	0	0	0.01
260200	0.01	0.68	0.68	0	0	0.01
260300	0.01	0.68	0.68	0	0	0.01
260400	0.02	0.68	0.68	0	0	0.02
260500	0.01	0.68	0.68	0	0	0.01
260600	0.02	0.68	0.68	0	0	0.02
260700	0.02	0.68	0.68	0	0	0.02
260800	0.01	0.68	0.68	0	0	0.01
260900	0.01	0.68	0.68	0	0	0.01
261000	0	0.68	0.68	0	0	0
261100	0	0.68	0.68	0	0	0
261200	0	0.68	0.68	0	0	0
261300	0.01	0.68	0.68	0	0	0.01
261400	0.01	0.68	0.68	0	0	0.01
261500	0.03	0.68	0.68	0	0	0.03
261600	0.03	0.68	0.68	0	0	0.03
261700	0.03	0.68	0.68	0	0	0.03
261800	0.03	0.68	0.68	0	0	0.03
261900	0.02	0.68	0.68	0	0	0.02
262000	0.01	0.68	0.68	0	0	0.01
262100	0.01	0.68	0.68	0	0	0.01
262200	0	0.68	0.68	0	0	0
262300	0	0.68	0.68	0	0	0
262400	0.01	0.68	0.68	0	0	0.01
262500	0.02	0.68	0.68	0	0	0.02
262600	0.03	0.68	0.68	0	0	0.03
262700	0.03	0.68	0.68	0	0	0.03
262800	0.02	0.68	0.68	0	0	0.02
262900	0.03	0.68	0.68	0	0	0.03
263000	0.04	0.68	0.68	0	0	0.04
263100	0.02	0.68	0.68	0	0	0.02
263200	0.05	0.68	0.68	0	0	0.05
263300	0.03	0.68	0.68	0	0	0.03
263400	0.02	0.68	0.68	0	0	0.02
263500	0	0.68	0.68	0	0	0
263600	0	0.68	0.68	0	0	0
263700	0.01	0.68	0.68	0	0	0.01
263800	0.01	0.68	0.68	0	0	0.01
263900	0.01	0.68	0.68	0	0	0.01
264000	0	0.68	0.68	0	0	0
264100	0.01	0.68	0.68	0	0	0.01
264200	0.02	0.68	0.68	0	0	0.02
264300	0.02	0.68	0.68	0	0	0.02
264400	0.02	0.68	0.68	0	0	0.02
264500	0.02	0.68	0.68	0	0	0.02
264600	0.03	0.68	0.68	0	0	0.03
264700	0.01	0.68	0.68	0	0	0.01
264800	0.01	0.68	0.68	0	0	0.01
264900	0.01	0.68	0.68	0	0	0.01
265000	0.01	0.68	0.68	0	0	0.01
265100	0.01	0.68	0.68	0	0	0.01
265200	0	0.69	0.69	0	0	0
265300	0	0.69	0.69	0	0	0
265400	0	0.69	0.69	0	0	0
265500	0	0.69	0.69	0	0	0
265600	0	0.69	0.69	0	0	0
265700	0	0.69	0.69	0	0	0
265800	0	0.69	0.69	0	0	0
265900	0.01	0.69	0.69	0	0	0.01
266000	0.01	0.69	0.69	0	0	0.01
266100	0.01	0.69	0.69	0	0	0.01
266200	0.03	0.69	0.69	0	0	0.03
266300	0.03	0.69	0.69	0	0	0.03
266400	0.03	0.69	0.69	0	0	0.03
266500	0.02	0.69	0.69	0	0	0.02
266600	0.02	0.69	0.69	0	0	0.02
266700	0.01	0.69	0.69	0	0	0.01
266800	0.01	0.69	0.69	0	0	0.01
266900	0.01	0.69	0.69	0	0	0.01
267000	0.01	0.69	0.69	0	0	0.01
267100	0.01	0.69	0.69	0	0	0.01
267200	0	0.69	0.69	0	0	0
267300	0	0.69	0.69	0	0	0
267400	0.02	0.69	0.69	0	0	0.02
267500	0.02	0.69	0.69	0	0	0.02
267600	0.04	0.69	0.69	0	0	0.04
267700	0.05	0.69	0.69	0	0	0.05
267800	0.05	0.69	0.69	0	0	0.05
267900	0.05	0.69	0.69	0	0	0.05
268000	0.02	0.69	0.69	0	0	0.02
268100	0.02	0.69	0.69	0	0	0.02
268200	0.02	0.69	0.69	0	0	0.02
268300	0	0.69	0.69	0	0	0
268400	0	0.69	0.69	0	0	0
268500	0	0.69	0.69	0	0	0
268600	0	0.69	0.69	0	0	0
268700	0.01	0.69	0.69	0	0	0.01
268800	0.03	0.69	0.69	0	0	0.03
268900	0.03	0.69	0.69	0	0	0.03
269000	0.05	0.69	0.69	0	0	0.05
269100	0.04	0.69	0.69	0	0	0.04
269200	0.04	0.69	0.69	0	0	0.04
269300	0.04	0.69	0.69	0	0	0.04
269400	0.02	0.69	0.69	0	0	0.02
269500	0.02	0.69	0.69	0	0	0.02
269600	0	0.69	0.69	0	0	0
269700	0	0.69	0.69	0	0	0
269800	0	0.69	0.69	0	0	0
269900	0	0.69	0.69	0	0	0
270000	0.01	0.69	0.69	0	0	0.01
270100	0.01	0.69	0.69	0	0	0.01
270200	0.01	0.69	0.69	0	0	0.01
270300	0.02	0.69	0.69	0	0	0.02
270400	0.02	0.69	0.69	0	0	0.02
270500	0.03	0.69	0.69	0	0	0.03
270600	0.03	0.69	0.69	0	0	0.03
270700	0.03	0.69	0.69	0	0	0.03
270800	0.03	0.69	0.69	0	0	0.03
270900	0.02	0.69	0.69	0	0	0.02
271000	0.02	0.69	0.69	0	0	0.02
271100	0.01	0.69	0.69	0	0	0.01
271200	0.03	0.7	0.7	0	0	0.03
271300	0.03	0.7	0.7	0	0	0.03
271400	0.03	0.7	0.7	0	0	0.03
271500	0.02	0.7	0.7	0	0	0.02
271600	0.02	0.7	0.7	0	0	0.02
271700	0.02	0.7	0.7	0	0	0.02
271800	0.02	0.7	0.7	0	0	0.02
271900	0.02	0.7	0.7	0	0	0.02
272000	0.01	0.7	0.7	0	0	0.01
272100	0	0.7	0.7	0	0	0
272200	0	0.7	0.7	0	0	0
272300	0.01	0.7	0.7	0	0	0.01
272400	0.02	0.7	0.7	0	0	0.02
272500	0.01	0.7	0.7	0	0	0.01
272600	0.02	0.7	0.7	0	0	0.02
272700	0.02	0.7	0.7	0	0	0.02
272800	0.03	0.7	0.7	0	0	0.03
272900	0.03	0.7	0.7	0	0	0.03
273000	0.04	0.7	0.7	0	0	0.04
273100	0.02	0.7	0.7	0	0	0.02
273200	0.02	0.7	0.7	0	0	0.02
273300	0.02	0.7	0.7	0	0	0.02
273400	0.04	0.7	0.7	0	0	0.04
273500	0.04	0.7	0.7	0	0	0.04
273600	0.04	0.7	0.7	0	0	0.04
273700	0.01	0.7	0.7	0	0	0.01
273800	0	0.7	0.7	0	0	0
273900	0	0.7	0.7	0	0	0
274000	0.01	0.7	0.7	0	0	0.01
274100	0.02	0.7	0.7	0	0	0.02
274200	0.04	0.7	0.7	0	0	0.04
274300	0.04	0.7	0.7	0	0	0.04
274400	0.03	0.7	0.7	0	0	0.03
274500	0.03	0.7	0.7	0	0	0.03
274600	0.03	0.7	0.7	0	0	0.03
274700	0.02	0.7	0.7	0	0	0.02
274800	0.02	0.7	0.7	0	0	0.02
274900	0.02	0.7	0.7	0	0	0.02
275000	0.02	0.7	0.7	0	0	0.02
275100	0.02	0.7	0.7	0	0	0.02
275200	0.02	0.7	0.7	0	0	0.02
275300	0.02	0.7	0.7	0	0	0.02
275400	0.02	0.7	0.7	0	0	0.02
275500	0.02	0.7	0.7	0	0	0.02
275600	0.01	0.7	0.7	0	0	0.01
275700	0.02	0.7	0.7	0	0	0.02
275800	0.02	0.7	0.7	0	0	0.02
275900	0.01	0.7	0.7	0	0	0.01
276000	0.01	0.7	0.7	0	0	0.01
276100	0.02	0.7	0.7	0	0	0.02
276200	0.02	0.7	0.7	0	0	0.02
276300	0.02	0.7	0.7	0	0	0.02
276400	0.01	0.7	0.7	0	0	0.01
276500	0.01	0.7	0.7	0	0	0.01
276600	0.01	0.7	0.7	0	0	0.01
276700	0.02	0.7	0.7	0	0	0.02
276800	0.01	0.7	0.7	0	0	0.01
276900	0.02	0.7	0.7	0	0	0.02
277000	0.02	0.7	0.7	0	0	0.02
277100	0.02	0.7	0.7	0	0	0.02
277200	0.03	0.7	0.7	0	0	0.03
277300	0.02	0.7	0.7	0	0	0.02
277400	0.02	0.7	0.7	0	0	0.02
277500	0.02	0.7	0.7	0	0	0.02
277600	0.03	0.7	0.7	0	0	0.03
277700	0.02	0.7	0.7	0	0	0.02
277800	0.02	0.7	0.7	0	0	0.02
277900	0.02	0.7	0.7	0	0	0.02
278000	0.02	0.7	0.7	0	0	0.02
278100	0.02	0.7	0.7	0	0	0.02
278200	0.02	0.7	0.7	0	0	0.02
278300	0.02	0.7	0.7	0	0	0.02
278400	0.01	0.7	0.7	0	0	0.01
278500	0.01	0.7	0.7	0	0	0.01
278600	0.03	0.7	0.7	0	0	0.03
278700	0.03	0.7	0.7	0	0	0.03
278800	0.02	0.7	0.7	0	0	0.02
278900	0.02	0.7	0.7	0	0	0.02
279000	0.03	0.7	0.7	0	0	0.03
279100	0.02	0.7	0.7	0	0	0.02
279200	0	0.7	0.7	0	0	0
279300	0.02	0.7	0.7	0	0	0.02
279400	0.02	0.7	0.7	0	0	0.02
279500	0.03	0.7	0.7	0	0	0.03
279600	0.04	0.7	0.7	0	0	0.04
279700	0.04	0.7	0.7	0	0	0.04
279800	0.04	0.7	0.7	0	0	0.04
279900	0.05	0.7	0.7	0	0	0.05
280000	0.02	0.7	0.7	0	0	0.02
280100	0.01	0.7	0.7	0	0	0.01
280200	0.01	0.7	0.7	0	0	0.01
280300	0	0.7	0.7	0	0	0
280400	0	0.7	0.7	0	0	0
280500	0	0.7	0.7	0	0	0
280600	0.01	0.7	0.7	0	0	0.01
280700	0.01	0.7	0.7	0	0	0.01
280800	0.02	0.7	0.7	0	0	0.02
280900	0.02	0.7	0.7	0	0	0.02
281000	0.01	0.7	0.7	0	0	0.01
281100	0.02	0.69	0.69	0	0	0.02
281200	0.03	0.69	0.69	0	0	0.03
281300	0.03	0.69	0.69	0	0	0.03
281400	0.01	0.69	0.69	0	0	0.01
281500	0.01	0.69	0.69	0	0	0.01
281600	0	0.69	0.69	0	0	0
281700	0.01	0.69	0.69	0	0	0.01
281800	0.01	0.69	0.69	0	0	0.01
281900	0.01	0.69	0.69	0	0	0.01
282000	0.01	0.69	0.69	0	0	0.01
282100	0.01	0.69	0.69	0	0	0.01
282200	0.01	0.69	0.69	0	0	0.01
282300	0	0.69	0.69	0	0	0
282400	0	0.69	0.69	0	0	0
282500	0	0.69	0.69	0	0	0
282600	0	0.69	0.69	0	0	0
282700	0.02	0.69	0.69	0	0	0.02
282800	0.02	0.69	0.69	0	0	0.02
282900	0	0.69	0.69	0	0	0
283000	0	0.69	0.69	0	0	0
283100	0	0.69	0.69	0	0	0
283200	0.01	0.69	0.69	0	0	0.01
283300	0.02	0.69	0.69	0	0	0.02
283400	0.04	0.69	0.69	0	0	0.04
283500	0.04	0.69	0.69	0	0	0.04
283600	0.04	0.69	0.69	0	0	0.04
283700	0.04	0.69	0.69	0	0	0.04
283800	0.02	0.69	0.69	0	0	0.02
283900	0.02	0.69	0.69	0	0	0.02
284000	0.01	0.69	0.69	0	0	0.01
284100	0.03	0.69	0.69	0	0	0.03
284200	0.02	0.69	0.69	0	0	0.02
284300	0.01	0.69	0.69	0	0	0.01
284400	0.01	0.69	0.69	0	0	0.01
284500	0.01	0.69	0.69	0	0	0.01
284600	0.01	0.69	0.69	0	0	0.01
284700	0.01	0.69	0.69	0	0	0.01
284800	0.01	0.69	0.69	0	0	0.01
284900	0.01	0.69	0.69	0	0	0.01
285000	0.01	0.69	0.69	0	0	0.01
285100	0	0.69	0.69	0	0	0
285200	0	0.69	0.69	0	0	0
285300	0	0.69	0.69	0	0	0
285400	0.01	0.69	0.69	0	0	0.01
285500	0.02	0.69	0.69	0	0	0.02
285600	0.02	0.69	0.69	0	0	0.02
285700	0.02	0.69	0.69	0	0	0.02
285800	0.02	0.69	0.69	0	0	0.02
285900	0.01	0.69	0.69	0	0	0.01
286000	0.01	0.69	0.69	0	0	0.01
286100	0.02	0.69	0.69	0	0	0.02
286200	0.03	0.69	0.69	0	0	0.03
286300	0.02	0.69	0.69	0	0	0.02
286400	0.01	0.69	0.69	0	0	0.01
286500	0.01	0.69	0.69	0	0	0.01
286600	0	0.69	0.69	0	0	0
286700	0.01	0.69	0.69	0	0	0.01
286800	0.01	0.69	0.69	0	0	0.01
286900	0.01	0.69	0.69	0	0	0.01
287000	0.03	0.69	0.69	0	0	0.03
287100	0.03	0.69	0.69	0	0	0.03
287200	0.05	0.69	0.69	0	0	0.05
287300	0.05	0.69	0.69	0	0	0.05
287400	0.05	0.69	0.69	0	0	0.05
287500	0.04	0.69	0.69	0	0	0.04
287600	0.05	0.69	0.69	0	0	0.05
287700	0.04	0.69	0.69	0	0	0.04
287800	0.03	0.69	0.69	0	0	0.03
287900	0.01	0.69	0.69	0	0	0.01
288000	0.02	0.69	0.69	0	0	0.02
288100	0.02	0.69	0.69	0	0	0.02
288200	0.03	0.69	0.69	0	0	0.03
288300	0.02	0.69	0.69	0	0	0.02
288400	0.02	0.69	0.69	0	0	0.02
288500	0.02	0.69	0.69	0	0	0.02
288600	0.01	0.69	0.69	0	0	0.01
288700	0.01	0.69	0.69	0	0	0.01
288800	0	0.69	0.69	0	0	0
288900	0.01	0.69	0.69	0	0	0.01
289000	0.01	0.69	0.69	0	0	0.01
289100	0.01	0.69	0.69	0	0	0.01
289200	0.01	0.69	0.69	0	0	0.01
289300	0.01	0.69	0.69	0	0	0.01
289400	0.03	0.69	0.69	0	0	0.03
289500	0.03	0.69	0.69	0	0	0.03
289600	0.03	0.69	0.69	0	0	0.03
289700	0.03	0.69	0.69	0	0	0.03
289800	0.04	0.69	0.69	0	0	0.04
289900	0.05	0.69	0.69	0	0	0.05
290000	0.03	0.69	0.69	0	0	0.03
290100	0.02	0.69	0.69	0	0	0.02
290200	0.01	0.69	0.69	0	0	0.01
290300	0.01	0.69	0.69	0	0	0.01
290400	0.01	0.69	0.69	0	0	0.01
290500	0.01	0.69	0.69	0	0	0.01
290600	0	0.69	0.69	0	0	0
290700	0	0.69	0.69	0	0	0
290800	0	0.69	0.69	0	0	0
290900	0	0.69	0.69	0	0	0
291000	0.01	0.69	0.69	0	0	0.01
291100	0.01	0.69	0.69	0	0	0.01
291200	0.02	0.69	0.69	0	0	0.02
291300	0.02	0.69	0.69	0	0	0.02
291400	0.02	0.69	0.69	0	0	0.02
291500	0.02	0.69	0.69	0	0	0.02
291600	0.04	0.69	0.69	0	0	0.04
291700	0.03	0.69	0.69	0	0	0.03
291800	0.04	0.69	0.69	0	0	0.04
291900	0.04	0.69	0.69	0	0	0.04
292000	0.05	0.69	0.69	0	0	0.05
292100	0.02	0.69	0.69	0	0	0.02
292200	0.02	0.69	0.69	0	0	0.02
292300	0.02	0.69	0.69	0	0	0.02
292400	0.01	0.69	0.69	0	0	0.01
292500	0.01	0.69	0.69	0	0	0.01
292600	0.02	0.69	0.69	0	0	0.02
292700	0.03	0.69	0.69	0	0	0.03
292800	0.03	0.69	0.69	0	0	0.03
292900	0.03	0.69	0.69	0	0	0.03
293000	0.03	0.69	0.69	0	0	0.03
293100	0.02	0.69	0.69	0	0	0.02
293200	0.01	0.69	0.69	0	0	0.01
293300	0.02	0.69	0.69	0	0	0.02
293400	0.03	0.69	0.69	0	0	0.03
293500	0.03	0.69	0.69	0	0	0.03
293600	0.01	0.69	0.69	0	0	0.01
293700	0.01	0.69	0.69	0	0	0.01
293800	0.01	0.69	0.69	0	0	0.01
293900	0	0.69	0.69	0	0	0
294000	0.02	0.69	0.69	0	0	0.02
294100	0.02	0.69	0.69	0	0	0.02
294200	0.02	0.69	0.69	0	0	0.02
294300	0.04	0.69	0.69	0	0	0.04
294400	0.05	0.69	0.69	0	0	0.05
294500	0.04	0.69	0.69	0	0	0.04
294600	0.03	0.69	0.69	0	0	0.03
294700	0.02	0.69	0.69	0	0	0.02
294800	0.01	0.69	0.69	0	0	0.01
294900	0.01	0.69	0.69	0	0	0.01
295000	0.01	0.69	0.69	0	0	0.01
295100	0.01	0.69	0.69	0	0	0.01
295200	0.01	0.69	0.69	0	0	0.01
295300	0.01	0.69	0.69	0	0	0.01
295400	0.02	0.69	0.69	0	0	0.02
295500	0.03	0.69	0.69	0	0	0.03
295600	0.02	0.69	0.69	0	0	0.02
295700	0	0.69	0.69	0	0	0
295800	0.01	0.69	0.69	0	0	0.01
295900	0.01	0.69	0.69	0	0	0.01
296000	0.01	0.69	0.69	0	0	0.01
296100	0.01	0.69	0.69	0	0	0.01
296200	0.02	0.69	0.69	0	0	0.02
296300	0.04	0.69	0.69	0	0	0.04
296400	0.03	0.69	0.69	0	0	0.03
296500	0.02	0.69	0.69	0	0	0.02
296600	0.04	0.69	0.69	0	0	0.04
296700	0.03	0.69	0.69	0	0	0.03
296800	0.03	0.69	0.69	0	0	0.03
296900	0.02	0.69	0.69	0	0	0.02
297000	0.02	0.69	0.69	0	0	0.02
297100	0.04	0.69	0.69	0	0	0.04
297200	0.03	0.69	0.69	0	0	0.03
297300	0.04	0.69	0.69	0	0	0.04
297400	0.02	0.69	0.69	0	0	0.02
297500	0.02	0.69	0.69	0	0	0.02
297600	0.02	0.69	0.69	0	0	0.02
297700	0.01	0.69	0.69	0	0	0.01
297800	0.01	0.69	0.69	0	0	0.01
297900	0	0.69	0.69	0	0	0
298000	0	0.69	0.69	0	0	0
298100	0.01	0.69	0.69	0	0	0.01
298200	0.01	0.69	0.69	0	0	0.01
298300	0.01	0.69	0.69	0	0	0.01
298400	0.01	0.69	0.69	0	0	0.01
298500	0.01	0.69	0.69	0	0	0.01
298600	0.01	0.69	0.69	0	0	0.01
298700	0.01	0.69	0.69	0	0	0.01
298800	0	0.69	0.69	0	0	0
298900	0	0.69	0.69	0	0	0
299000	0	0.69	0.69	0	0	0
299100	0	0.69	0.69	0	0	0
299200	0	0.69	0.69	0	0	0
299300	0.02	0.69	0.69	0	0	0.02
299400	0.02	0.69	0.69	0	0	0.02
299500	0.02	0.69	0.69	0	0	0.02
299600	0.03	0.69	0.69	0	0	0.03
299700	0.02	0.69	0.69	0	0	0.02
299800	0.02	0.69	0.69	0	0	0.02
299900	0.01	0.69	0.69	0	0	0.01
300000	0.01	0.69	0.69	0	0	0.01
