100	0.09	0.05	0.05	0	0	0.09
200	0.13	0.05	0.05	0	0	0.13
300	0.13	0.06	0.06	0	0	0.13
400	0.08	0.08	0.08	0	0	0.08
500	0.05	0.07	0.07	0	0	0.05
600	0.04	0.06	0.06	0	0	0.04
700	0.03	0.05	0.05	0	0	0.03
800	0.04	0.06	0.06	0	0	0.04
900	0.04	0.04	0.04	0	0	0.04
1000	0.03	0.03	0.03	0	0	0.03
1100	0.04	0.02	0.02	0	0	0.04
1200	0.02	0.02	0.02	0	0	0.02
1300	0.02	0.02	0.02	0	0	0.02
1400	0	0.02	0.02	0	0	0
1500	0.03	0.06	0.06	0	0	0.03
1600	0.03	0.06	0.06	0	0	0.03
1700	0.03	0.06	0.06	0	0	0.03
1800	0.03	0.07	0.07	0	0	0.03
1900	0.02	0.07	0.07	0	0	0.02
2000	0.02	0.08	0.08	0	0	0.02
2100	0.01	0.09	0.09	0	0	0.01
2200	0.03	0.1	0.1	0	0	0.03
2300	0.03	0.07	0.07	0	0	0.03
2400	0.04	0.07	0.07	0	0	0.04
2500	0.05	0.07	0.07	0	0	0.05
2600	0.07	0.07	0.07	0	0	0.07
2700	0.07	0.06	0.06	0	0	0.07
2800	0.08	0.04	0.04	0	0	0.08
2900	0.08	0.08	0.08	0	0	0.08
3000	0.06	0.1	0.1	0	0	0.06
3100	0.06	0.1	0.1	0	0	0.06
3200	0.05	0.09	0.09	0	0	0.05
3300	0.06	0.09	0.09	0	0	0.06
3400	0.05	0.1	0.1	0	0	0.05
3500	0.06	0.08	0.08	0	0	0.06
3600	0.06	0.08	0.08	0	0	0.06
3700	0.07	0.07	0.07	0	0	0.07
3800	0.09	0.06	0.06	0	0	0.09
3900	0.09	0.04	0.04	0	0	0.09
4000	0.1	0.01	0.01	0	0	0.1
4100	0.09	0	0	0	0	0.09
4200	0.09	0.01	0.01	0	0	0.09
4300	0.1	0.03	0.03	0	0	0.1
4400	0.08	0.05	0.05	0	0	0.08
4500	0.08	0.04	0.04	0	0	0.08
4600	0.09	0.05	0.05	0	0	0.09
4700	0.09	0.05	0.05	0	0	0.09
4800	0.07	0.05	0.05	0	0	0.07
4900	0.09	0.06	0.06	0	0	0.09
5000	0.09	0.06	0.06	0	0	0.09
5100	0.07	0.06	0.06	0	0	0.07
5200	0.09	0.05	0.05	0	0	0.09
5300	0.09	0.06	0.06	0	0	0.09
5400	0.09	0.06	0.06	0	0	0.09
5500	0.09	0.07	0.07	0	0	0.09
5600	0.09	0.08	0.08	0	0	0.09
5700	0.09	0.1	0.1	0	0	0.09
5800	0.09	0.1	0.1	0	0	0.09
5900	0.09	0.08	0.08	0	0	0.09
6000	0.09	0.06	0.06	0	0	0.09
6100	0.09	0.04	0.04	0	0	0.09
6200	0.11	0.04	0.04	0	0	0.11
6300	0.12	0.03	0.03	0	0	0.12
6400	0.13	0.02	0.02	0	0	0.13
6500	0.14	0.01	0.01	0	0	0.14
6600	0.13	0.01	0.01	0	0	0.13
6700	0.13	0.02	0.02	0	0	0.13
6800	0.12	0.03	0.03	0	0	0.12
6900	0.12	0.05	0.05	0	0	0.12
7000	0.14	0.04	0.04	0	0	0.14
7100	0.15	0.04	0.04	0	0	0.15
7200	0.16	0.03	0.03	0	0	0.16
7300	0.18	0	0	0	0	0.18
7400	0.19	0.01	0.01	0	0	0.19
7500	0.2	0.01	0.01	0	0	0.2
7600	0.21	0.03	0.03	0	0	0.21
7700	0.21	0.06	0.06	0	0	0.21
7800	0.21	0.07	0.07	0	0	0.21
7900	0.22	0.07	0.07	0	0	0.22
8000	0.22	0.07	0.07	0	0	0.22
8100	0.22	0.08	0.08	0	0	0.22
8200	0.23	0.05	0.05	0	0	0.23
8300	0.24	0.05	0.05	0	0	0.24
8400	0.24	0.03	0.03	0	0	0.24
8500	0.25	0.03	0.03	0	0	0.25
8600	0.27	0.02	0.02	0	0	0.27
8700	0.26	0.02	0.02	0	0	0.26
8800	0.26	0.03	0.03	0	0	0.26
8900	0.27	0.04	0.04	0	0	0.27
9000	0.27	0.07	0.07	0	0	0.27
9100	0.27	0.06	0.06	0	0	0.27
9200	0.27	0.07	0.07	0	0	0.27
9300	0.28	0.07	0.07	0	0	0.28
9400	0.3	0.05	0.05	0	0	0.3
9500	0.3	0.04	0.04	0	0	0.3
9600	0.3	0.03	0.03	0	0	0.3
9700	0.3	0.04	0.04	0	0	0.3
9800	0.31	0.05	0.05	0	0	0.31
9900	0.32	0.03	0.03	0	0	0.32
10000	0.32	0.03	0.03	0	0	0.32
10100	0.32	0.03	0.03	0	0	0.32
10200	0.33	0.05	0.05	0	0	0.33
10300	0.33	0.06	0.06	0	0	0.33
10400	0.32	0.06	0.06	0	0	0.32
10500	0.32	0.05	0.05	0	0	0.32
10600	0.32	0.04	0.04	0	0	0.32
10700	0.32	0.01	0.01	0	0	0.32
10800	0.33	0.02	0.02	0	0	0.33
10900	0.33	0.01	0.01	0	0	0.33
11000	0.33	0.03	0.03	0	0	0.33
11100	0.34	0.04	0.04	0	0	0.34
11200	0.33	0.04	0.04	0	0	0.33
11300	0.34	0.03	0.03	0	0	0.34
11400	0.34	0.03	0.03	0	0	0.34
11500	0.34	0.02	0.02	0	0	0.34
11600	0.34	0.03	0.03	0	0	0.34
11700	0.34	0.02	0.02	0	0	0.34
11800	0.34	0.03	0.03	0	0	0.34
11900	0.33	0.03	0.03	0	0	0.33
12000	0.34	0.03	0.03	0	0	0.34
12100	0.35	0.04	0.04	0	0	0.35
12200	0.35	0.04	0.04	0	0	0.35
12300	0.35	0.04	0.04	0	0	0.35
12400	0.35	0.04	0.04	0	0	0.35
12500	0.35	0.04	0.04	0	0	0.35
12600	0.37	0.02	0.02	0	0	0.37
12700	0.36	0	0	0	0	0.36
12800	0.36	0.01	0.01	0	0	0.36
12900	0.37	0.01	0.01	0	0	0.37
13000	0.39	0.02	0.02	0	0	0.39
13100	0.4	0.03	0.03	0	0	0.4
13200	0.4	0.04	0.04	0	0	0.4
13300	0.42	0.08	0.08	0	0	0.42
13400	0.42	0.06	0.06	0	0	0.42
13500	0.42	0.04	0.04	0	0	0.42
13600	0.43	0.02	0.02	0	0	0.43
13700	0.43	0.02	0.02	0	0	0.43
13800	0.43	0	0	0	0	0.43
13900	0.42	0	0	0	0	0.42
14000	0.43	0.01	0.01	0	0	0.43
14100	0.43	0.02	0.02	0	0	0.43
14200	0.43	0.03	0.03	0	0	0.43
14300	0.43	0.03	0.03	0	0	0.43
14400	0.43	0.01	0.01	0	0	0.43
14500	0.44	0.02	0.02	0	0	0.44
14600	0.44	0.02	0.02	0	0	0.44
14700	0.44	0.02	0.02	0	0	0.44
14800	0.43	0.02	0.02	0	0	0.43
14900	0.43	0.02	0.02	0	0	0.43
15000	0.43	0	0	0	0	0.43
15100	0.43	0	0	0	0	0.43
15200	0.43	0.01	0.01	0	0	0.43
15300	0.44	0.02	0.02	0	0	0.44
15400	0.44	0.02	0.02	0	0	0.44
15500	0.44	0.01	0.01	0	0	0.44
15600	0.44	0	0	0	0	0.44
15700	0.45	0	0	0	0	0.45
15800	0.46	0.01	0.01	0	0	0.46
15900	0.46	0.02	0.02	0	0	0.46
16000	0.46	0.01	0.01	0	0	0.46
16100	0.47	0.02	0.02	0	0	0.47
16200	0.47	0.02	0.02	0	0	0.47
16300	0.47	0.03	0.03	0	0	0.47
16400	0.48	0.02	0.02	0	0	0.48
16500	0.48	0.02	0.02	0	0	0.48
16600	0.48	0.03	0.03	0	0	0.48
16700	0.5	0.04	0.04	0	0	0.5
16800	0.5	0.03	0.03	0	0	0.5
16900	0.5	0.04	0.04	0	0	0.5
17000	0.5	0.02	0.02	0	0	0.5
17100	0.49	0.01	0.01	0	0	0.49
17200	0.49	0.02	0.02	0	0	0.49
17300	0.51	0.02	0.02	0	0	0.51
17400	0.52	0.02	0.02	0	0	0.52
17500	0.52	0.02	0.02	0	0	0.52
17600	0.52	0.02	0.02	0	0	0.52
17700	0.53	0.01	0.01	0	0	0.53
17800	0.53	0.01	0.01	0	0	0.53
17900	0.53	0.02	0.02	0	0	0.53
18000	0.53	0.03	0.03	0	0	0.53
18100	0.53	0.03	0.03	0	0	0.53
18200	0.53	0.03	0.03	0	0	0.53
18300	0.54	0.03	0.03	0	0	0.54
18400	0.54	0.04	0.04	0	0	0.54
18500	0.55	0.04	0.04	0	0	0.55
18600	0.55	0.05	0.05	0	0	0.55
18700	0.55	0.04	0.04	0	0	0.55
18800	0.55	0.03	0.03	0	0	0.55
18900	0.55	0.02	0.02	0	0	0.55
19000	0.55	0.01	0.01	0	0	0.55
19100	0.54	0.01	0.01	0	0	0.54
19200	0.55	0.02	0.02	0	0	0.55
19300	0.54	0.03	0.03	0	0	0.54
19400	0.54	0.04	0.04	0	0	0.54
19500	0.54	0.03	0.03	0	0	0.54
19600	0.54	0.03	0.03	0	0	0.54
19700	0.55	0.03	0.03	0	0	0.55
19800	0.55	0.02	0.02	0	0	0.55
19900	0.55	0.03	0.03	0	0	0.55
20000	0.55	0.02	0.02	0	0	0.55
20100	0.55	0.01	0.01	0	0	0.55
20200	0.55	0.02	0.02	0	0	0.55
20300	0.55	0.02	0.02	0	0	0.55
20400	0.55	0.02	0.02	0	0	0.55
20500	0.55	0.02	0.02	0	0	0.55
20600	0.56	0.04	0.04	0	0	0.56
20700	0.56	0.05	0.05	0	0	0.56
20800	0.56	0.05	0.05	0	0	0.56
20900	0.56	0.06	0.06	0	0	0.56
21000	0.56	0.05	0.05	0	0	0.56
21100	0.56	0.04	0.04	0	0	0.56
21200	0.56	0.02	0.02	0	0	0.56
21300	0.56	0.01	0.01	0	0	0.56
21400	0.56	0	0	0	0	0.56
21500	0.56	0	0	0	0	0.56
21600	0.56	0	0	0	0	0.56
21700	0.57	0	0	0	0	0.57
21800	0.58	0	0	0	0	0.58
21900	0.58	0.02	0.02	0	0	0.58
22000	0.58	0.03	0.03	0	0	0.58
22100	0.58	0.02	0.02	0	0	0.58
22200	0.58	0.03	0.03	0	0	0.58
22300	0.58	0.03	0.03	0	0	0.58
22400	0.58	0.02	0.02	0	0	0.58
22500	0.58	0.01	0.01	0	0	0.58
22600	0.58	0.01	0.01	0	0	0.58
22700	0.58	0.01	0.01	0	0	0.58
22800	0.59	0.01	0.01	0	0	0.59
22900	0.6	0.02	0.02	0	0	0.6
23000	0.6	0.02	0.02	0	0	0.6
23100	0.61	0.01	0.01	0	0	0.61
23200	0.61	0.02	0.02	0	0	0.61
23300	0.61	0.03	0.03	0	0	0.61
23400	0.61	0.03	0.03	0	0	0.61
23500	0.62	0.02	0.02	0	0	0.62
23600	0.61	0.02	0.02	0	0	0.61
23700	0.61	0.02	0.02	0	0	0.61
23800	0.61	0.02	0.02	0	0	0.61
23900	0.61	0.03	0.03	0	0	0.61
24000	0.61	0.03	0.03	0	0	0.61
24100	0.62	0.01	0.01	0	0	0.62
24200	0.62	0.01	0.01	0	0	0.62
24300	0.62	0.01	0.01	0	0	0.62
24400	0.63	0.02	0.02	0	0	0.63
24500	0.63	0.03	0.03	0	0	0.63
24600	0.63	0.02	0.02	0	0	0.63
24700	0.63	0.02	0.02	0	0	0.63
24800	0.63	0.01	0.01	0	0	0.63
24900	0.63	0.01	0.01	0	0	0.63
25000	0.63	0.02	0.02	0	0	0.63
25100	0.63	0.02	0.02	0	0	0.63
25200	0.63	0.03	0.03	0	0	0.63
25300	0.63	0.02	0.02	0	0	0.63
25400	0.63	0.01	0.01	0	0	0.63
25500	0.63	0.01	0.01	0	0	0.63
25600	0.63	0.03	0.03	0	0	0.63
25700	0.63	0.03	0.03	0	0	0.63
25800	0.63	0.03	0.03	0	0	0.63
25900	0.63	0.02	0.02	0	0	0.63
26000	0.63	0.03	0.03	0	0	0.63
26100	0.63	0.02	0.02	0	0	0.63
26200	0.63	0.02	0.02	0	0	0.63
26300	0.63	0.02	0.02	0	0	0.63
26400	0.63	0.03	0.03	0	0	0.63
26500	0.64	0.03	0.03	0	0	0.64
26600	0.64	0.03	0.03	0	0	0.64
26700	0.64	0.03	0.03	0	0	0.64
26800	0.64	0.03	0.03	0	0	0.64
26900	0.65	0.03	0.03	0	0	0.65
27000	0.65	0.01	0.01	0	0	0.65
27100	0.65	0.02	0.02	0	0	0.65
27200	0.65	0.02	0.02	0	0	0.65
27300	0.66	0.03	0.03	0	0	0.66
27400	0.66	0.03	0.03	0	0	0.66
27500	0.66	0.03	0.03	0	0	0.66
27600	0.66	0.02	0.02	0	0	0.66
27700	0.66	0	0	0	0	0.66
27800	0.66	0	0	0	0	0.66
27900	0.66	0.01	0.01	0	0	0.66
28000	0.66	0.02	0.02	0	0	0.66
28100	0.66	0.02	0.02	0	0	0.66
28200	0.67	0.02	0.02	0	0	0.67
28300	0.67	0.02	0.02	0	0	0.67
28400	0.67	0.02	0.02	0	0	0.67
28500	0.66	0.01	0.01	0	0	0.66
28600	0.66	0.02	0.02	0	0	0.66
28700	0.66	0.02	0.02	0	0	0.66
28800	0.66	0.02	0.02	0	0	0.66
28900	0.66	0.02	0.02	0	0	0.66
29000	0.66	0.03	0.03	0	0	0.66
29100	0.67	0.04	0.04	0	0	0.67
29200	0.67	0.05	0.05	0	0	0.67
29300	0.67	0.04	0.04	0	0	0.67
29400	0.67	0.03	0.03	0	0	0.67
29500	0.67	0.01	0.01	0	0	0.67
29600	0.67	0.01	0.01	0	0	0.67
29700	0.67	0.03	0.03	0	0	0.67
29800	0.67	0.03	0.03	0	0	0.67
29900	0.67	0.03	0.03	0	0	0.67
30000	0.67	0.03	0.03	0	0	0.67
30100	0.67	0.04	0.04	0	0	0.67
30200	0.67	0.02	0.02	0	0	0.67
30300	0.67	0.01	0.01	0	0	0.67
30400	0.67	0.01	0.01	0	0	0.67
30500	0.67	0.01	0.01	0	0	0.67
30600	0.67	0	0	0	0	0.67
30700	0.67	0	0	0	0	0.67
30800	0.67	0	0	0	0	0.67
30900	0.67	0.02	0.02	0	0	0.67
31000	0.67	0.02	0.02	0	0	0.67
31100	0.67	0.02	0.02	0	0	0.67
31200	0.67	0.02	0.02	0	0	0.67
31300	0.67	0.01	0.01	0	0	0.67
31400	0.67	0.01	0.01	0	0	0.67
31500	0.68	0.01	0.01	0	0	0.68
31600	0.68	0.02	0.02	0	0	0.68
31700	0.68	0.02	0.02	0	0	0.68
31800	0.68	0.02	0.02	0	0	0.68
31900	0.68	0.01	0.01	0	0	0.68
32000	0.68	0	0	0	0	0.68
32100	0.68	0.01	0.01	0	0	0.68
32200	0.68	0.01	0.01	0	0	0.68
32300	0.68	0.02	0.02	0	0	0.68
32400	0.68	0.04	0.04	0	0	0.68
32500	0.68	0.04	0.04	0	0	0.68
32600	0.68	0.04	0.04	0	0	0.68
32700	0.68	0.03	0.03	0	0	0.68
32800	0.69	0.02	0.02	0	0	0.69
32900	0.68	0.02	0.02	0	0	0.68
33000	0.69	0.02	0.02	0	0	0.69
33100	0.69	0.02	0.02	0	0	0.69
33200	0.69	0.02	0.02	0	0	0.69
33300	0.7	0.02	0.02	0	0	0.7
33400	0.69	0.02	0.02	0	0	0.69
33500	0.69	0.02	0.02	0	0	0.69
33600	0.69	0.03	0.03	0	0	0.69
33700	0.69	0.03	0.03	0	0	0.69
33800	0.69	0.02	0.02	0	0	0.69
33900	0.69	0.03	0.03	0	0	0.69
34000	0.69	0.03	0.03	0	0	0.69
34100	0.69	0.03	0.03	0	0	0.69
34200	0.69	0.01	0.01	0	0	0.69
34300	0.69	0.01	0.01	0	0	0.69
34400	0.69	0.01	0.01	0	0	0.69
34500	0.69	0.01	0.01	0	0	0.69
34600	0.69	0.01	0.01	0	0	0.69
34700	0.69	0.03	0.03	0	0	0.69
34800	0.69	0.04	0.04	0	0	0.69
34900	0.69	0.04	0.04	0	0	0.69
35000	0.69	0.04	0.04	0	0	0.69
35100	0.71	0.03	0.03	0	0	0.71
35200	0.71	0.02	0.02	0	0	0.71
35300	0.71	0.03	0.03	0	0	0.71
35400	0.71	0.04	0.04	0	0	0.71
35500	0.71	0.03	0.03	0	0	0.71
35600	0.71	0.02	0.02	0	0	0.71
35700	0.71	0.02	0.02	0	0	0.71
35800	0.71	0.02	0.02	0	0	0.71
35900	0.71	0	0	0	0	0.71
36000	0.71	0.01	0.01	0	0	0.71
36100	0.71	0.01	0.01	0	0	0.71
36200	0.71	0.01	0.01	0	0	0.71
36300	0.71	0.01	0.01	0	0	0.71
36400	0.71	0.01	0.01	0	0	0.71
36500	0.71	0	0	0	0	0.71
36600	0.71	0.01	0.01	0	0	0.71
36700	0.71	0.01	0.01	0	0	0.71
36800	0.71	0.01	0.01	0	0	0.71
36900	0.71	0.02	0.02	0	0	0.71
37000	0.71	0.02	0.02	0	0	0.71
37100	0.71	0.03	0.03	0	0	0.71
37200	0.72	0.04	0.04	0	0	0.72
37300	0.72	0.05	0.05	0	0	0.72
37400	0.72	0.05	0.05	0	0	0.72
37500	0.72	0.03	0.03	0	0	0.72
37600	0.72	0.04	0.04	0	0	0.72
37700	0.72	0.02	0.02	0	0	0.72
37800	0.72	0.03	0.03	0	0	0.72
37900	0.72	0.01	0.01	0	0	0.72
38000	0.72	0.01	0.01	0	0	0.72
38100	0.72	0.01	0.01	0	0	0.72
38200	0.72	0.02	0.02	0	0	0.72
38300	0.72	0.03	0.03	0	0	0.72
38400	0.72	0.03	0.03	0	0	0.72
38500	0.72	0.04	0.04	0	0	0.72
38600	0.72	0.04	0.04	0	0	0.72
38700	0.72	0.04	0.04	0	0	0.72
38800	0.72	0.03	0.03	0	0	0.72
38900	0.73	0.03	0.03	0	0	0.73
39000	0.73	0.03	0.03	0	0	0.73
39100	0.73	0.02	0.02	0	0	0.73
39200	0.73	0.03	0.03	0	0	0.73
39300	0.73	0.02	0.02	0	0	0.73
39400	0.73	0.03	0.03	0	0	0.73
39500	0.73	0.03	0.03	0	0	0.73
39600	0.73	0.01	0.01	0	0	0.73
39700	0.72	0.01	0.01	0	0	0.72
39800	0.72	0.02	0.02	0	0	0.72
39900	0.72	0.02	0.02	0	0	0.72
40000	0.72	0.01	0.01	0	0	0.72
40100	0.72	0.01	0.01	0	0	0.72
40200	0.72	0.01	0.01	0	0	0.72
40300	0.72	0.02	0.02	0	0	0.72
40400	0.72	0.03	0.03	0	0	0.72
40500	0.72	0	0	0	0	0.72
40600	0.72	0	0	0	0	0.72
40700	0.72	0	0	0	0	0.72
40800	0.72	0	0	0	0	0.72
40900	0.72	0	0	0	0	0.72
41000	0.72	0.01	0.01	0	0	0.72
41100	0.72	0.02	0.02	0	0	0.72
41200	0.72	0.03	0.03	0	0	0.72
41300	0.72	0.03	0.03	0	0	0.72
41400	0.72	0.03	0.03	0	0	0.72
41500	0.72	0.03	0.03	0	0	0.72
41600	0.72	0.02	0.02	0	0	0.72
41700	0.72	0.01	0.01	0	0	0.72
41800	0.72	0.01	0.01	0	0	0.72
41900	0.72	0.01	0.01	0	0	0.72
42000	0.72	0.01	0.01	0	0	0.72
42100	0.72	0.01	0.01	0	0	0.72
42200	0.72	0.01	0.01	0	0	0.72
42300	0.72	0.01	0.01	0	0	0.72
42400	0.72	0.01	0.01	0	0	0.72
42500	0.72	0	0	0	0	0.72
42600	0.72	0	0	0	0	0.72
42700	0.72	0.01	0.01	0	0	0.72
42800	0.72	0.01	0.01	0	0	0.72
42900	0.72	0.01	0.01	0	0	0.72
43000	0.72	0.01	0.01	0	0	0.72
43100	0.72	0.02	0.02	0	0	0.72
43200	0.72	0.01	0.01	0	0	0.72
43300	0.72	0.01	0.01	0	0	0.72
43400	0.72	0.01	0.01	0	0	0.72
43500	0.72	0.01	0.01	0	0	0.72
43600	0.72	0	0	0	0	0.72
43700	0.72	0	0	0	0	0.72
43800	0.72	0.01	0.01	0	0	0.72
43900	0.72	0.02	0.02	0	0	0.72
44000	0.72	0.02	0.02	0	0	0.72
44100	0.73	0.01	0.01	0	0	0.73
44200	0.73	0.01	0.01	0	0	0.73
44300	0.74	0.02	0.02	0	0	0.74
44400	0.74	0.02	0.02	0	0	0.74
44500	0.74	0.01	0.01	0	0	0.74
44600	0.74	0.02	0.02	0	0	0.74
44700	0.74	0.03	0.03	0	0	0.74
44800	0.74	0.02	0.02	0	0	0.74
44900	0.74	0	0	0	0	0.74
45000	0.74	0	0	0	0	0.74
45100	0.74	0	0	0	0	0.74
45200	0.74	0	0	0	0	0.74
45300	0.74	0	0	0	0	0.74
45400	0.74	0.01	0.01	0	0	0.74
45500	0.74	0.01	0.01	0	0	0.74
45600	0.74	0.01	0.01	0	0	0.74
45700	0.74	0.01	0.01	0	0	0.74
45800	0.74	0.02	0.02	0	0	0.74
45900	0.74	0.02	0.02	0	0	0.74
46000	0.74	0.01	0.01	0	0	0.74
46100	0.74	0.01	0.01	0	0	0.74
46200	0.74	0	0	0	0	0.74
46300	0.74	0	0	0	0	0.74
46400	0.74	0	0	0	0	0.74
46500	0.74	0	0	0	0	0.74
46600	0.74	0	0	0	0	0.74
46700	0.74	0	0	0	0	0.74
46800	0.74	0	0	0	0	0.74
46900	0.74	0.02	0.02	0	0	0.74
47000	0.74	0.02	0.02	0	0	0.74
47100	0.74	0.03	0.03	0	0	0.74
47200	0.74	0.03	0.03	0	0	0.74
47300	0.74	0.02	0.02	0	0	0.74
47400	0.74	0.02	0.02	0	0	0.74
47500	0.74	0.01	0.01	0	0	0.74
47600	0.74	0.01	0.01	0	0	0.74
47700	0.74	0	0	0	0	0.74
47800	0.74	0	0	0	0	0.74
47900	0.74	0	0	0	0	0.74
48000	0.74	0	0	0	0	0.74
48100	0.74	0.01	0.01	0	0	0.74
48200	0.74	0.01	0.01	0	0	0.74
48300	0.74	0.01	0.01	0	0	0.74
48400	0.74	0.01	0.01	0	0	0.74
48500	0.74	0.01	0.01	0	0	0.74
48600	0.74	0	0	0	0	0.74
48700	0.74	0	0	0	0	0.74
48800	0.74	0	0	0	0	0.74
48900	0.74	0	0	0	0	0.74
49000	0.74	0	0	0	0	0.74
49100	0.74	0	0	0	0	0.74
49200	0.74	0.01	0.01	0	0	0.74
49300	0.74	0.01	0.01	0	0	0.74
49400	0.74	0.01	0.01	0	0	0.74
49500	0.74	0.01	0.01	0	0	0.74
49600	0.74	0.01	0.01	0	0	0.74
49700	0.74	0.02	0.02	0	0	0.74
49800	0.74	0.01	0.01	0	0	0.74
49900	0.73	0.01	0.01	0	0	0.73
50000	0.73	0.01	0.01	0	0	0.73
50100	0.73	0	0	0	0	0.73
50200	0.73	0	0	0	0	0.73
50300	0.73	0	0	0	0	0.73
50400	0.73	0	0	0	0	0.73
50500	0.73	0	0	0	0	0.73
50600	0.73	0	0	0	0	0.73
50700	0.73	0.01	0.01	0	0	0.73
50800	0.73	0.02	0.02	0	0	0.73
50900	0.73	0.01	0.01	0	0	0.73
51000	0.73	0.01	0.01	0	0	0.73
51100	0.73	0.01	0.01	0	0	0.73
51200	0.73	0.02	0.02	0	0	0.73
51300	0.73	0.02	0.02	0	0	0.73
51400	0.73	0.02	0.02	0	0	0.73
51500	0.73	0.02	0.02	0	0	0.73
51600	0.73	0.01	0.01	0	0	0.73
51700	0.73	0.01	0.01	0	0	0.73
51800	0.73	0	0	0	0	0.73
51900	0.73	0	0	0	0	0.73
52000	0.73	0.01	0.01	0	0	0.73
52100	0.73	0.01	0.01	0	0	0.73
52200	0.73	0.02	0.02	0	0	0.73
52300	0.73	0.03	0.03	0	0	0.73
52400	0.73	0.03	0.03	0	0	0.73
52500	0.73	0.03	0.03	0	0	0.73
52600	0.73	0.04	0.04	0	0	0.73
52700	0.73	0.03	0.03	0	0	0.73
52800	0.73	0.04	0.04	0	0	0.73
52900	0.73	0.03	0.03	0	0	0.73
53000	0.73	0.03	0.03	0	0	0.73
53100	0.73	0.02	0.02	0	0	0.73
53200	0.73	0.03	0.03	0	0	0.73
53300	0.73	0.03	0.03	0	0	0.73
53400	0.73	0.02	0.02	0	0	0.73
53500	0.73	0.02	0.02	0	0	0.73
53600	0.73	0.02	0.02	0	0	0.73
53700	0.73	0.02	0.02	0	0	0.73
53800	0.73	0.02	0.02	0	0	0.73
53900	0.73	0.03	0.03	0	0	0.73
54000	0.73	0.03	0.03	0	0	0.73
54100	0.73	0.02	0.02	0	0	0.73
54200	0.73	0.03	0.03	0	0	0.73
54300	0.73	0.03	0.03	0	0	0.73
54400	0.73	0.02	0.02	0	0	0.73
54500	0.73	0.01	0.01	0	0	0.73
54600	0.73	0.01	0.01	0	0	0.73
54700	0.73	0	0	0	0	0.73
54800	0.73	0.02	0.02	0	0	0.73
54900	0.73	0.02	0.02	0	0	0.73
55000	0.73	0.01	0.01	0	0	0.73
55100	0.73	0.01	0.01	0	0	0.73
55200	0.73	0.04	0.04	0	0	0.73
55300	0.73	0.01	0.01	0	0	0.73
55400	0.73	0.02	0.02	0	0	0.73
55500	0.73	0.03	0.03	0	0	0.73
55600	0.73	0.03	0.03	0	0	0.73
55700	0.73	0.02	0.02	0	0	0.73
55800	0.73	0.02	0.02	0	0	0.73
55900	0.73	0.02	0.02	0	0	0.73
56000	0.73	0	0	0	0	0.73
56100	0.73	0	0	0	0	0.73
56200	0.73	0.01	0.01	0	0	0.73
56300	0.73	0.01	0.01	0	0	0.73
56400	0.74	0.01	0.01	0	0	0.74
56500	0.74	0.01	0.01	0	0	0.74
56600	0.73	0.02	0.02	0	0	0.73
56700	0.73	0.02	0.02	0	0	0.73
56800	0.74	0.01	0.01	0	0	0.74
56900	0.74	0.01	0.01	0	0	0.74
57000	0.74	0.01	0.01	0	0	0.74
57100	0.74	0.01	0.01	0	0	0.74
57200	0.74	0.02	0.02	0	0	0.74
57300	0.74	0.01	0.01	0	0	0.74
57400	0.74	0.02	0.02	0	0	0.74
57500	0.74	0.01	0.01	0	0	0.74
57600	0.74	0.01	0.01	0	0	0.74
57700	0.74	0.01	0.01	0	0	0.74
57800	0.74	0.02	0.02	0	0	0.74
57900	0.74	0.02	0.02	0	0	0.74
58000	0.74	0.02	0.02	0	0	0.74
58100	0.74	0.02	0.02	0	0	0.74
58200	0.74	0.01	0.01	0	0	0.74
58300	0.74	0	0	0	0	0.74
58400	0.74	0	0	0	0	0.74
58500	0.74	0.01	0.01	0	0	0.74
58600	0.74	0	0	0	0	0.74
58700	0.74	0	0	0	0	0.74
58800	0.74	0	0	0	0	0.74
58900	0.74	0	0	0	0	0.74
59000	0.74	0	0	0	0	0.74
59100	0.74	0	0	0	0	0.74
59200	0.74	0.01	0.01	0	0	0.74
59300	0.74	0.03	0.03	0	0	0.74
59400	0.74	0.03	0.03	0	0	0.74
59500	0.74	0.03	0.03	0	0	0.74
59600	0.74	0.03	0.03	0	0	0.74
59700	0.74	0.02	0.02	0	0	0.74
59800	0.74	0.01	0.01	0	0	0.74
59900	0.74	0	0	0	0	0.74
60000	0.74	0	0	0	0	0.74
60100	0.74	0.01	0.01	0	0	0.74
60200	0.74	0.04	0.04	0	0	0.74
60300	0.74	0.04	0.04	0	0	0.74
60400	0.74	0.04	0.04	0	0	0.74
60500	0.74	0.05	0.05	0	0	0.74
60600	0.74	0.03	0.03	0	0	0.74
60700	0.74	0.03	0.03	0	0	0.74
60800	0.74	0.01	0.01	0	0	0.74
60900	0.74	0	0	0	0	0.74
61000	0.74	0	0	0	0	0.74
61100	0.74	0.02	0.02	0	0	0.74
61200	0.74	0.02	0.02	0	0	0.74
61300	0.74	0.02	0.02	0	0	0.74
61400	0.74	0.02	0.02	0	0	0.74
61500	0.74	0.02	0.02	0	0	0.74
61600	0.74	0.03	0.03	0	0	0.74
61700	0.74	0.01	0.01	0	0	0.74
61800	0.74	0.01	0.01	0	0	0.74
61900	0.74	0.01	0.01	0	0	0.74
62000	0.74	0.01	0.01	0	0	0.74
62100	0.74	0.01	0.01	0	0	0.74
62200	0.74	0	0	0	0	0.74
62300	0.74	0	0	0	0	0.74
62400	0.74	0	0	0	0	0.74
62500	0.74	0	0	0	0	0.74
62600	0.74	0	0	0	0	0.74
62700	0.74	0	0	0	0	0.74
62800	0.74	0	0	0	0	0.74
62900	0.74	0	0	0	0	0.74
63000	0.74	0	0	0	0	0.74
63100	0.74	0	0	0	0	0.74
63200	0.74	0	0	0	0	0.74
63300	0.74	0	0	0	0	0.74
63400	0.74	0	0	0	0	0.74
63500	0.74	0	0	0	0	0.74
63600	0.74	0	0	0	0	0.74
63700	0.74	0	0	0	0	0.74
63800	0.74	0	0	0	0	0.74
63900	0.74	0	0	0	0	0.74
64000	0.74	0	0	0	0	0.74
64100	0.74	0.02	0.02	0	0	0.74
64200	0.74	0.02	0.02	0	0	0.74
64300	0.74	0.03	0.03	0	0	0.74
64400	0.74	0.04	0.04	0	0	0.74
64500	0.74	0.04	0.04	0	0	0.74
64600	0.74	0.01	0.01	0	0	0.74
64700	0.74	0.02	0.02	0	0	0.74
64800	0.74	0.02	0.02	0	0	0.74
64900	0.74	0.02	0.02	0	0	0.74
65000	0.74	0.02	0.02	0	0	0.74
65100	0.74	0.01	0.01	0	0	0.74
65200	0.74	0.01	0.01	0	0	0.74
65300	0.74	0.01	0.01	0	0	0.74
65400	0.74	0.01	0.01	0	0	0.74
65500	0.74	0	0	0	0	0.74
65600	0.74	0	0	0	0	0.74
65700	0.74	0	0	0	0	0.74
65800	0.74	0	0	0	0	0.74
65900	0.74	0	0	0	0	0.74
66000	0.74	0	0	0	0	0.74
66100	0.74	0.02	0.02	0	0	0.74
66200	0.74	0.04	0.04	0	0	0.74
66300	0.74	0.04	0.04	0	0	0.74
66400	0.74	0.03	0.03	0	0	0.74
66500	0.74	0.02	0.02	0	0	0.74
66600	0.74	0.02	0.02	0	0	0.74
66700	0.74	0.01	0.01	0	0	0.74
66800	0.74	0	0	0	0	0.74
66900	0.74	0.02	0.02	0	0	0.74
67000	0.74	0.02	0.02	0	0	0.74
67100	0.74	0.02	0.02	0	0	0.74
67200	0.74	0.02	0.02	0	0	0.74
67300	0.74	0.01	0.01	0	0	0.74
67400	0.74	0.01	0.01	0	0	0.74
67500	0.74	0	0	0	0	0.74
67600	0.74	0.01	0.01	0	0	0.74
67700	0.74	0.01	0.01	0	0	0.74
67800	0.74	0.02	0.02	0	0	0.74
67900	0.74	0.02	0.02	0	0	0.74
68000	0.74	0.02	0.02	0	0	0.74
68100	0.74	0.03	0.03	0	0	0.74
68200	0.74	0.01	0.01	0	0	0.74
68300	0.74	0.01	0.01	0	0	0.74
68400	0.74	0	0	0	0	0.74
68500	0.74	0.01	0.01	0	0	0.74
68600	0.74	0.01	0.01	0	0	0.74
68700	0.74	0.01	0.01	0	0	0.74
68800	0.74	0.01	0.01	0	0	0.74
68900	0.74	0.02	0.02	0	0	0.74
69000	0.74	0.01	0.01	0	0	0.74
69100	0.74	0.01	0.01	0	0	0.74
69200	0.74	0.02	0.02	0	0	0.74
69300	0.74	0.03	0.03	0	0	0.74
69400	0.74	0.01	0.01	0	0	0.74
69500	0.74	0.01	0.01	0	0	0.74
69600	0.74	0.01	0.01	0	0	0.74
69700	0.74	0.02	0.02	0	0	0.74
69800	0.74	0.03	0.03	0	0	0.74
69900	0.74	0.03	0.03	0	0	0.74
70000	0.74	0.03	0.03	0	0	0.74
70100	0.74	0.02	0.02	0	0	0.74
70200	0.74	0.02	0.02	0	0	0.74
70300	0.74	0.03	0.03	0	0	0.74
70400	0.74	0.03	0.03	0	0	0.74
70500	0.74	0.03	0.03	0	0	0.74
70600	0.74	0.01	0.01	0	0	0.74
70700	0.74	0.01	0.01	0	0	0.74
70800	0.74	0	0	0	0	0.74
70900	0.74	0	0	0	0	0.74
71000	0.74	0	0	0	0	0.74
71100	0.74	0	0	0	0	0.74
71200	0.74	0	0	0	0	0.74
71300	0.74	0.01	0.01	0	0	0.74
71400	0.74	0.01	0.01	0	0	0.74
71500	0.75	0.01	0.01	0	0	0.75
71600	0.75	0.02	0.02	0	0	0.75
71700	0.75	0.01	0.01	0	0	0.75
71800	0.75	0.01	0.01	0	0	0.75
71900	0.75	0.01	0.01	0	0	0.75
72000	0.75	0.01	0.01	0	0	0.75
72100	0.75	0.01	0.01	0	0	0.75
72200	0.75	0	0	0	0	0.75
72300	0.75	0	0	0	0	0.75
72400	0.75	0	0	0	0	0.75
72500	0.75	0.03	0.03	0	0	0.75
72600	0.75	0.02	0.02	0	0	0.75
72700	0.75	0	0	0	0	0.75
72800	0.75	0	0	0	0	0.75
72900	0.75	0.01	0.01	0	0	0.75
73000	0.75	0.01	0.01	0	0	0.75
73100	0.75	0.01	0.01	0	0	0.75
73200	0.75	0.01	0.01	0	0	0.75
73300	0.75	0	0	0	0	0.75
73400	0.75	0.01	0.01	0	0	0.75
73500	0.75	0.01	0.01	0	0	0.75
73600	0.75	0.01	0.01	0	0	0.75
73700	0.75	0.01	0.01	0	0	0.75
73800	0.75	0.01	0.01	0	0	0.75
73900	0.75	0.01	0.01	0	0	0.75
74000	0.75	0	0	0	0	0.75
74100	0.75	0	0	0	0	0.75
74200	0.75	0	0	0	0	0.75
74300	0.75	0.01	0.01	0	0	0.75
74400	0.75	0.01	0.01	0	0	0.75
74500	0.75	0.01	0.01	0	0	0.75
74600	0.75	0.02	0.02	0	0	0.75
74700	0.75	0.02	0.02	0	0	0.75
74800	0.75	0.02	0.02	0	0	0.75
74900	0.75	0.02	0.02	0	0	0.75
75000	0.75	0.01	0.01	0	0	0.75
75100	0.75	0.01	0.01	0	0	0.75
75200	0.75	0.01	0.01	0	0	0.75
75300	0.75	0.01	0.01	0	0	0.75
75400	0.75	0	0	0	0	0.75
75500	0.75	0	0	0	0	0.75
75600	0.75	0	0	0	0	0.75
75700	0.75	0	0	0	0	0.75
75800	0.75	0.02	0.02	0	0	0.75
75900	0.75	0.02	0.02	0	0	0.75
76000	0.75	0.02	0.02	0	0	0.75
76100	0.75	0.02	0.02	0	0	0.75
76200	0.75	0.02	0.02	0	0	0.75
76300	0.75	0.01	0.01	0	0	0.75
76400	0.75	0.03	0.03	0	0	0.75
76500	0.75	0.03	0.03	0	0	0.75
76600	0.75	0.03	0.03	0	0	0.75
76700	0.75	0.03	0.03	0	0	0.75
76800	0.75	0.02	0.02	0	0	0.75
76900	0.75	0.02	0.02	0	0	0.75
77000	0.75	0	0	0	0	0.75
77100	0.75	0.01	0.01	0	0	0.75
77200	0.75	0.01	0.01	0	0	0.75
77300	0.75	0.03	0.03	0	0	0.75
77400	0.75	0.03	0.03	0	0	0.75
77500	0.75	0.04	0.04	0	0	0.75
77600	0.75	0.04	0.04	0	0	0.75
77700	0.75	0.03	0.03	0	0	0.75
77800	0.75	0.01	0.01	0	0	0.75
77900	0.75	0	0	0	0	0.75
78000	0.75	0.03	0.03	0	0	0.75
78100	0.75	0.04	0.04	0	0	0.75
78200	0.75	0.04	0.04	0	0	0.75
78300	0.75	0.04	0.04	0	0	0.75
78400	0.75	0.04	0.04	0	0	0.75
78500	0.75	0.03	0.03	0	0	0.75
78600	0.75	0	0	0	0	0.75
78700	0.75	0	0	0	0	0.75
78800	0.75	0	0	0	0	0.75
78900	0.75	0	0	0	0	0.75
79000	0.75	0	0	0	0	0.75
79100	0.75	0	0	0	0	0.75
79200	0.75	0.01	0.01	0	0	0.75
79300	0.75	0	0	0	0	0.75
79400	0.75	0	0	0	0	0.75
79500	0.75	0.02	0.02	0	0	0.75
79600	0.75	0.02	0.02	0	0	0.75
79700	0.75	0.03	0.03	0	0	0.75
79800	0.75	0.03	0.03	0	0	0.75
79900	0.75	0.02	0.02	0	0	0.75
80000	0.75	0.02	0.02	0	0	0.75
80100	0.75	0.02	0.02	0	0	0.75
80200	0.75	0.01	0.01	0	0	0.75
80300	0.75	0.02	0.02	0	0	0.75
80400	0.75	0.01	0.01	0	0	0.75
80500	0.75	0.01	0.01	0	0	0.75
80600	0.75	0.02	0.02	0	0	0.75
80700	0.75	0.02	0.02	0	0	0.75
80800	0.75	0.02	0.02	0	0	0.75
80900	0.75	0.01	0.01	0	0	0.75
81000	0.75	0.01	0.01	0	0	0.75
81100	0.75	0.01	0.01	0	0	0.75
81200	0.75	0.01	0.01	0	0	0.75
81300	0.75	0.01	0.01	0	0	0.75
81400	0.75	0	0	0	0	0.75
81500	0.75	0	0	0	0	0.75
81600	0.75	0	0	0	0	0.75
81700	0.75	0	0	0	0	0.75
81800	0.75	0	0	0	0	0.75
81900	0.75	0.02	0.02	0	0	0.75
82000	0.75	0.03	0.03	0	0	0.75
82100	0.75	0.01	0.01	0	0	0.75
82200	0.75	0.01	0.01	0	0	0.75
82300	0.75	0.01	0.01	0	0	0.75
82400	0.75	0	0	0	0	0.75
82500	0.75	0.01	0.01	0	0	0.75
82600	0.75	0.01	0.01	0	0	0.75
82700	0.75	0.01	0.01	0	0	0.75
82800	0.75	0.01	0.01	0	0	0.75
82900	0.75	0.01	0.01	0	0	0.75
83000	0.75	0	0	0	0	0.75
83100	0.75	0	0	0	0	0.75
83200	0.75	0	0	0	0	0.75
83300	0.75	0	0	0	0	0.75
83400	0.75	0	0	0	0	0.75
83500	0.75	0	0	0	0	0.75
83600	0.75	0.03	0.03	0	0	0.75
83700	0.75	0.03	0.03	0	0	0.75
83800	0.75	0.04	0.04	0	0	0.75
83900	0.75	0.03	0.03	0	0	0.75
84000	0.75	0.03	0.03	0	0	0.75
84100	0.75	0.02	0.02	0	0	0.75
84200	0.75	0.01	0.01	0	0	0.75
84300	0.75	0.01	0.01	0	0	0.75
84400	0.75	0	0	0	0	0.75
84500	0.75	0	0	0	0	0.75
84600	0.75	0.01	0.01	0	0	0.75
84700	0.75	0.02	0.02	0	0	0.75
84800	0.75	0.02	0.02	0	0	0.75
84900	0.75	0.02	0.02	0	0	0.75
85000	0.75	0.04	0.04	0	0	0.75
85100	0.75	0.04	0.04	0	0	0.75
85200	0.75	0.04	0.04	0	0	0.75
85300	0.75	0.01	0.01	0	0	0.75
85400	0.75	0.01	0.01	0	0	0.75
85500	0.75	0.01	0.01	0	0	0.75
85600	0.75	0	0	0	0	0.75
85700	0.75	0.01	0.01	0	0	0.75
85800	0.75	0.01	0.01	0	0	0.75
85900	0.75	0.01	0.01	0	0	0.75
86000	0.75	0	0	0	0	0.75
86100	0.75	0	0	0	0	0.75
86200	0.75	0	0	0	0	0.75
86300	0.75	0	0	0	0	0.75
86400	0.75	0	0	0	0	0.75
86500	0.75	0	0	0	0	0.75
86600	0.75	0	0	0	0	0.75
86700	0.75	0	0	0	0	0.75
86800	0.75	0.01	0.01	0	0	0.75
86900	0.75	0.01	0.01	0	0	0.75
87000	0.75	0.02	0.02	0	0	0.75
87100	0.75	0.03	0.03	0	0	0.75
87200	0.75	0.01	0.01	0	0	0.75
87300	0.75	0	0	0	0	0.75
87400	0.75	0	0	0	0	0.75
87500	0.75	0.01	0.01	0	0	0.75
87600	0.75	0.01	0.01	0	0	0.75
87700	0.75	0.01	0.01	0	0	0.75
87800	0.75	0.01	0.01	0	0	0.75
87900	0.75	0	0	0	0	0.75
88000	0.75	0	0	0	0	0.75
88100	0.75	0.01	0.01	0	0	0.75
88200	0.75	0.01	0.01	0	0	0.75
88300	0.75	0.01	0.01	0	0	0.75
88400	0.75	0	0	0	0	0.75
88500	0.75	0	0	0	0	0.75
88600	0.75	0	0	0	0	0.75
88700	0.75	0	0	0	0	0.75
88800	0.75	0.01	0.01	0	0	0.75
88900	0.75	0.01	0.01	0	0	0.75
89000	0.75	0.02	0.02	0	0	0.75
89100	0.75	0.01	0.01	0	0	0.75
89200	0.75	0.01	0.01	0	0	0.75
89300	0.75	0.01	0.01	0	0	0.75
89400	0.75	0.01	0.01	0	0	0.75
89500	0.75	0.02	0.02	0	0	0.75
89600	0.75	0	0	0	0	0.75
89700	0.75	0	0	0	0	0.75
89800	0.75	0.01	0.01	0	0	0.75
89900	0.75	0.03	0.03	0	0	0.75
90000	0.75	0.03	0.03	0	0	0.75
90100	0.75	0.03	0.03	0	0	0.75
90200	0.75	0.02	0.02	0	0	0.75
90300	0.75	0.01	0.01	0	0	0.75
90400	0.75	0	0	0	0	0.75
90500	0.75	0	0	0	0	0.75
90600	0.75	0	0	0	0	0.75
90700	0.75	0	0	0	0	0.75
90800	0.75	0	0	0	0	0.75
90900	0.75	0	0	0	0	0.75
91000	0.75	0.01	0.01	0	0	0.75
91100	0.75	0.02	0.02	0	0	0.75
91200	0.75	0.02	0.02	0	0	0.75
91300	0.75	0.02	0.02	0	0	0.75
91400	0.75	0.02	0.02	0	0	0.75
91500	0.75	0.01	0.01	0	0	0.75
91600	0.75	0.02	0.02	0	0	0.75
91700	0.75	0.02	0.02	0	0	0.75
91800	0.75	0.03	0.03	0	0	0.75
91900	0.75	0.04	0.04	0	0	0.75
92000	0.75	0.03	0.03	0	0	0.75
92100	0.75	0.04	0.04	0	0	0.75
92200	0.75	0.03	0.03	0	0	0.75
92300	0.75	0.03	0.03	0	0	0.75
92400	0.75	0.01	0.01	0	0	0.75
92500	0.75	0.01	0.01	0	0	0.75
92600	0.75	0.01	0.01	0	0	0.75
92700	0.75	0	0	0	0	0.75
92800	0.75	0.02	0.02	0	0	0.75
92900	0.75	0.02	0.02	0	0	0.75
93000	0.75	0.01	0.01	0	0	0.75
93100	0.75	0.01	0.01	0	0	0.75
93200	0.75	0.01	0.01	0	0	0.75
93300	0.75	0.02	0.02	0	0	0.75
93400	0.75	0.01	0.01	0	0	0.75
93500	0.75	0.01	0.01	0	0	0.75
93600	0.75	0.01	0.01	0	0	0.75
93700	0.75	0.02	0.02	0	0	0.75
93800	0.75	0.01	0.01	0	0	0.75
93900	0.75	0.01	0.01	0	0	0.75
94000	0.75	0.01	0.01	0	0	0.75
94100	0.75	0.01	0.01	0	0	0.75
94200	0.75	0.01	0.01	0	0	0.75
94300	0.75	0.02	0.02	0	0	0.75
94400	0.75	0.01	0.01	0	0	0.75
94500	0.75	0.01	0.01	0	0	0.75
94600	0.75	0.02	0.02	0	0	0.75
94700	0.75	0.02	0.02	0	0	0.75
94800	0.75	0.03	0.03	0	0	0.75
94900	0.75	0.03	0.03	0	0	0.75
95000	0.75	0.03	0.03	0	0	0.75
95100	0.75	0.01	0.01	0	0	0.75
95200	0.75	0.01	0.01	0	0	0.75
95300	0.75	0.01	0.01	0	0	0.75
95400	0.75	0.01	0.01	0	0	0.75
95500	0.75	0.02	0.02	0	0	0.75
95600	0.75	0.02	0.02	0	0	0.75
95700	0.75	0.02	0.02	0	0	0.75
95800	0.75	0.02	0.02	0	0	0.75
95900	0.75	0.01	0.01	0	0	0.75
96000	0.75	0	0	0	0	0.75
96100	0.75	0	0	0	0	0.75
96200	0.75	0	0	0	0	0.75
96300	0.75	0.02	0.02	0	0	0.75
96400	0.75	0.04	0.04	0	0	0.75
96500	0.75	0.06	0.06	0	0	0.75
96600	0.75	0.06	0.06	0	0	0.75
96700	0.75	0.05	0.05	0	0	0.75
96800	0.75	0.04	0.04	0	0	0.75
96900	0.75	0.03	0.03	0	0	0.75
97000	0.75	0	0	0	0	0.75
97100	0.75	0	0	0	0	0.75
97200	0.75	0.02	0.02	0	0	0.75
97300	0.75	0.04	0.04	0	0	0.75
97400	0.75	0.05	0.05	0	0	0.75
97500	0.75	0.06	0.06	0	0	0.75
97600	0.75	0.07	0.07	0	0	0.75
97700	0.75	0.07	0.07	0	0	0.75
97800	0.75	0.06	0.06	0	0	0.75
97900	0.75	0.05	0.05	0	0	0.75
98000	0.75	0.05	0.05	0	0	0.75
98100	0.75	0.03	0.03	0	0	0.75
98200	0.75	0.03	0.03	0	0	0.75
98300	0.75	0.01	0.01	0	0	0.75
98400	0.75	0	0	0	0	0.75
98500	0.75	0	0	0	0	0.75
98600	0.75	0	0	0	0	0.75
98700	0.75	0	0	0	0	0.75
98800	0.75	0.01	0.01	0	0	0.75
98900	0.75	0.01	0.01	0	0	0.75
99000	0.75	0.02	0.02	0	0	0.75
99100	0.75	0.02	0.02	0	0	0.75
99200	0.75	0.03	0.03	0	0	0.75
99300	0.75	0.04	0.04	0	0	0.75
99400	0.75	0.05	0.05	0	0	0.75
99500	0.75	0.04	0.04	0	0	0.75
99600	0.75	0.02	0.02	0	0	0.75
99700	0.75	0.02	0.02	0	0	0.75
99800	0.74	0.01	0.01	0	0	0.74
99900	0.74	0	0	0	0	0.74
100000	0.74	0	0	0	0	0.74
100100	0.74	0	0	0	0	0.74
100200	0.74	0	0	0	0	0.74
100300	0.74	0.02	0.02	0	0	0.74
100400	0.74	0.02	0.02	0	0	0.74
100500	0.74	0.01	0.01	0	0	0.74
100600	0.74	0.02	0.02	0	0	0.74
100700	0.74	0.03	0.03	0	0	0.74
100800	0.74	0.02	0.02	0	0	0.74
100900	0.74	0.02	0.02	0	0	0.74
101000	0.74	0.02	0.02	0	0	0.74
101100	0.74	0.02	0.02	0	0	0.74
101200	0.74	0	0	0	0	0.74
101300	0.74	0.01	0.01	0	0	0.74
101400	0.74	0.01	0.01	0	0	0.74
101500	0.74	0	0	0	0	0.74
101600	0.74	0.01	0.01	0	0	0.74
101700	0.74	0.02	0.02	0	0	0.74
101800	0.74	0.02	0.02	0	0	0.74
101900	0.74	0.01	0.01	0	0	0.74
102000	0.74	0.04	0.04	0	0	0.74
102100	0.74	0.04	0.04	0	0	0.74
102200	0.74	0.02	0.02	0	0	0.74
102300	0.74	0.03	0.03	0	0	0.74
102400	0.74	0.03	0.03	0	0	0.74
102500	0.74	0.03	0.03	0	0	0.74
102600	0.74	0.01	0.01	0	0	0.74
102700	0.74	0.01	0.01	0	0	0.74
102800	0.74	0.01	0.01	0	0	0.74
102900	0.74	0.02	0.02	0	0	0.74
103000	0.74	0.03	0.03	0	0	0.74
103100	0.74	0.03	0.03	0	0	0.74
103200	0.74	0.03	0.03	0	0	0.74
103300	0.74	0.02	0.02	0	0	0.74
103400	0.74	0.02	0.02	0	0	0.74
103500	0.74	0.02	0.02	0	0	0.74
103600	0.74	0.01	0.01	0	0	0.74
103700	0.74	0.02	0.02	0	0	0.74
103800	0.74	0.02	0.02	0	0	0.74
103900	0.74	0.03	0.03	0	0	0.74
104000	0.75	0.02	0.02	0	0	0.75
104100	0.74	0.01	0.01	0	0	0.74
104200	0.74	0.01	0.01	0	0	0.74
104300	0.74	0	0	0	0	0.74
104400	0.74	0.01	0.01	0	0	0.74
104500	0.74	0	0	0	0	0.74
104600	0.74	0.01	0.01	0	0	0.74
104700	0.74	0.01	0.01	0	0	0.74
104800	0.74	0.01	0.01	0	0	0.74
104900	0.74	0	0	0	0	0.74
105000	0.74	0	0	0	0	0.74
105100	0.74	0.01	0.01	0	0	0.74
105200	0.74	0.01	0.01	0	0	0.74
105300	0.74	0.01	0.01	0	0	0.74
105400	0.74	0.01	0.01	0	0	0.74
105500	0.74	0	0	0	0	0.74
105600	0.74	0	0	0	0	0.74
105700	0.74	0	0	0	0	0.74
105800	0.74	0.02	0.02	0	0	0.74
105900	0.74	0.01	0.01	0	0	0.74
106000	0.74	0.03	0.03	0	0	0.74
106100	0.74	0.03	0.03	0	0	0.74
106200	0.74	0.02	0.02	0	0	0.74
106300	0.74	0.03	0.03	0	0	0.74
106400	0.74	0.03	0.03	0	0	0.74
106500	0.74	0.01	0.01	0	0	0.74
106600	0.74	0	0	0	0	0.74
106700	0.74	0	0	0	0	0.74
106800	0.74	0	0	0	0	0.74
106900	0.74	0	0	0	0	0.74
107000	0.74	0	0	0	0	0.74
107100	0.74	0	0	0	0	0.74
107200	0.74	0	0	0	0	0.74
107300	0.74	0	0	0	0	0.74
107400	0.74	0.01	0.01	0	0	0.74
107500	0.74	0.01	0.01	0	0	0.74
107600	0.74	0.01	0.01	0	0	0.74
107700	0.74	0.01	0.01	0	0	0.74
107800	0.74	0.01	0.01	0	0	0.74
107900	0.75	0	0	0	0	0.75
108000	0.75	0	0	0	0	0.75
108100	0.75	0	0	0	0	0.75
108200	0.75	0	0	0	0	0.75
108300	0.75	0	0	0	0	0.75
108400	0.75	0	0	0	0	0.75
108500	0.75	0	0	0	0	0.75
108600	0.75	0	0	0	0	0.75
108700	0.75	0	0	0	0	0.75
108800	0.75	0.01	0.01	0	0	0.75
108900	0.75	0.01	0.01	0	0	0.75
109000	0.75	0.01	0.01	0	0	0.75
109100	0.75	0.01	0.01	0	0	0.75
109200	0.75	0.01	0.01	0	0	0.75
109300	0.75	0.04	0.04	0	0	0.75
109400	0.75	0.04	0.04	0	0	0.75
109500	0.75	0.04	0.04	0	0	0.75
109600	0.75	0.02	0.02	0	0	0.75
109700	0.75	0.04	0.04	0	0	0.75
109800	0.75	0.04	0.04	0	0	0.75
109900	0.75	0.04	0.04	0	0	0.75
110000	0.75	0.03	0.03	0	0	0.75
110100	0.75	0.04	0.04	0	0	0.75
110200	0.75	0.01	0.01	0	0	0.75
110300	0.75	0.03	0.03	0	0	0.75
110400	0.75	0.03	0.03	0	0	0.75
110500	0.75	0.03	0.03	0	0	0.75
110600	0.75	0.02	0.02	0	0	0.75
110700	0.75	0.01	0.01	0	0	0.75
110800	0.75	0.02	0.02	0	0	0.75
110900	0.75	0.01	0.01	0	0	0.75
111000	0.75	0.02	0.02	0	0	0.75
111100	0.75	0.03	0.03	0	0	0.75
111200	0.75	0.03	0.03	0	0	0.75
111300	0.75	0.01	0.01	0	0	0.75
111400	0.75	0.01	0.01	0	0	0.75
111500	0.75	0.01	0.01	0	0	0.75
111600	0.75	0.01	0.01	0	0	0.75
111700	0.75	0	0	0	0	0.75
111800	0.75	0	0	0	0	0.75
111900	0.75	0	0	0	0	0.75
112000	0.75	0.02	0.02	0	0	0.75
112100	0.75	0.02	0.02	0	0	0.75
112200	0.75	0.02	0.02	0	0	0.75
112300	0.75	0.02	0.02	0	0	0.75
112400	0.75	0.02	0.02	0	0	0.75
112500	0.75	0.01	0.01	0	0	0.75
112600	0.75	0	0	0	0	0.75
112700	0.75	0	0	0	0	0.75
112800	0.75	0	0	0	0	0.75
112900	0.75	0	0	0	0	0.75
113000	0.75	0	0	0	0	0.75
113100	0.75	0	0	0	0	0.75
113200	0.75	0.02	0.02	0	0	0.75
113300	0.75	0.02	0.02	0	0	0.75
113400	0.75	0.03	0.03	0	0	0.75
113500	0.75	0.04	0.04	0	0	0.75
113600	0.75	0.04	0.04	0	0	0.75
113700	0.75	0.04	0.04	0	0	0.75
113800	0.75	0.01	0.01	0	0	0.75
113900	0.75	0	0	0	0	0.75
114000	0.75	0	0	0	0	0.75
114100	0.75	0	0	0	0	0.75
114200	0.75	0.01	0.01	0	0	0.75
114300	0.75	0.01	0.01	0	0	0.75
114400	0.75	0.01	0.01	0	0	0.75
114500	0.75	0.02	0.02	0	0	0.75
114600	0.75	0.02	0.02	0	0	0.75
114700	0.75	0.02	0.02	0	0	0.75
114800	0.75	0.02	0.02	0	0	0.75
114900	0.75	0.01	0.01	0	0	0.75
115000	0.75	0.01	0.01	0	0	0.75
115100	0.75	0.02	0.02	0	0	0.75
115200	0.75	0.03	0.03	0	0	0.75
115300	0.75	0.03	0.03	0	0	0.75
115400	0.75	0.02	0.02	0	0	0.75
115500	0.75	0.03	0.03	0	0	0.75
115600	0.75	0.02	0.02	0	0	0.75
115700	0.75	0.01	0.01	0	0	0.75
115800	0.75	0	0	0	0	0.75
115900	0.75	0	0	0	0	0.75
116000	0.75	0	0	0	0	0.75
116100	0.75	0.01	0.01	0	0	0.75
116200	0.75	0.01	0.01	0	0	0.75
116300	0.75	0.02	0.02	0	0	0.75
116400	0.75	0.02	0.02	0	0	0.75
116500	0.75	0.01	0.01	0	0	0.75
116600	0.75	0.01	0.01	0	0	0.75
116700	0.75	0.02	0.02	0	0	0.75
116800	0.75	0.01	0.01	0	0	0.75
116900	0.75	0	0	0	0	0.75
117000	0.75	0.01	0.01	0	0	0.75
117100	0.75	0.01	0.01	0	0	0.75
117200	0.75	0.01	0.01	0	0	0.75
117300	0.75	0.02	0.02	0	0	0.75
117400	0.75	0.02	0.02	0	0	0.75
117500	0.75	0.03	0.03	0	0	0.75
117600	0.75	0.02	0.02	0	0	0.75
117700	0.75	0.03	0.03	0	0	0.75
117800	0.75	0.02	0.02	0	0	0.75
117900	0.75	0	0	0	0	0.75
118000	0.75	0.01	0.01	0	0	0.75
118100	0.75	0.01	0.01	0	0	0.75
118200	0.75	0.01	0.01	0	0	0.75
118300	0.75	0.02	0.02	0	0	0.75
118400	0.75	0.03	0.03	0	0	0.75
118500	0.75	0.03	0.03	0	0	0.75
118600	0.75	0.03	0.03	0	0	0.75
118700	0.75	0.02	0.02	0	0	0.75
118800	0.75	0.04	0.04	0	0	0.75
118900	0.75	0.03	0.03	0	0	0.75
119000	0.75	0.01	0.01	0	0	0.75
119100	0.75	0	0	0	0	0.75
119200	0.75	0	0	0	0	0.75
119300	0.75	0	0	0	0	0.75
119400	0.75	0	0	0	0	0.75
119500	0.75	0.01	0.01	0	0	0.75
119600	0.75	0.01	0.01	0	0	0.75
119700	0.75	0.02	0.02	0	0	0.75
119800	0.75	0.03	0.03	0	0	0.75
119900	0.75	0.04	0.04	0	0	0.75
120000	0.75	0.04	0.04	0	0	0.75
120100	0.75	0.03	0.03	0	0	0.75
120200	0.75	0.02	0.02	0	0	0.75
120300	0.75	0.01	0.01	0	0	0.75
120400	0.75	0	0	0	0	0.75
120500	0.75	0.01	0.01	0	0	0.75
120600	0.75	0.01	0.01	0	0	0.75
120700	0.75	0.01	0.01	0	0	0.75
120800	0.75	0.01	0.01	0	0	0.75
120900	0.75	0.01	0.01	0	0	0.75
121000	0.75	0	0	0	0	0.75
121100	0.75	0	0	0	0	0.75
121200	0.75	0	0	0	0	0.75
121300	0.75	0	0	0	0	0.75
121400	0.75	0	0	0	0	0.75
121500	0.75	0	0	0	0	0.75
121600	0.75	0	0	0	0	0.75
121700	0.75	0	0	0	0	0.75
121800	0.75	0	0	0	0	0.75
121900	0.75	0.03	0.03	0	0	0.75
122000	0.75	0.03	0.03	0	0	0.75
122100	0.75	0	0	0	0	0.75
122200	0.75	0	0	0	0	0.75
122300	0.75	0	0	0	0	0.75
122400	0.75	0	0	0	0	0.75
122500	0.75	0.01	0.01	0	0	0.75
122600	0.75	0.01	0.01	0	0	0.75
122700	0.75	0.01	0.01	0	0	0.75
122800	0.75	0.02	0.02	0	0	0.75
122900	0.75	0.02	0.02	0	0	0.75
123000	0.75	0.01	0.01	0	0	0.75
123100	0.75	0	0	0	0	0.75
123200	0.75	0	0	0	0	0.75
123300	0.75	0.02	0.02	0	0	0.75
123400	0.75	0.03	0.03	0	0	0.75
123500	0.75	0.03	0.03	0	0	0.75
123600	0.75	0.03	0.03	0	0	0.75
123700	0.75	0.03	0.03	0	0	0.75
123800	0.75	0.02	0.02	0	0	0.75
123900	0.75	0.01	0.01	0	0	0.75
124000	0.75	0.01	0.01	0	0	0.75
124100	0.75	0.02	0.02	0	0	0.75
124200	0.75	0.02	0.02	0	0	0.75
124300	0.75	0.02	0.02	0	0	0.75
124400	0.75	0.01	0.01	0	0	0.75
124500	0.75	0.01	0.01	0	0	0.75
124600	0.75	0.01	0.01	0	0	0.75
124700	0.75	0.02	0.02	0	0	0.75
124800	0.75	0.01	0.01	0	0	0.75
124900	0.75	0.01	0.01	0	0	0.75
125000	0.75	0.01	0.01	0	0	0.75
125100	0.75	0.01	0.01	0	0	0.75
125200	0.75	0.01	0.01	0	0	0.75
125300	0.75	0.01	0.01	0	0	0.75
125400	0.75	0.01	0.01	0	0	0.75
125500	0.75	0.01	0.01	0	0	0.75
125600	0.75	0.01	0.01	0	0	0.75
125700	0.75	0	0	0	0	0.75
125800	0.75	0	0	0	0	0.75
125900	0.75	0.01	0.01	0	0	0.75
126000	0.75	0.01	0.01	0	0	0.75
126100	0.75	0.02	0.02	0	0	0.75
126200	0.75	0.03	0.03	0	0	0.75
126300	0.75	0.03	0.03	0	0	0.75
126400	0.75	0.01	0.01	0	0	0.75
126500	0.75	0.01	0.01	0	0	0.75
126600	0.75	0.01	0.01	0	0	0.75
126700	0.75	0	0	0	0	0.75
126800	0.75	0	0	0	0	0.75
126900	0.75	0.02	0.02	0	0	0.75
127000	0.75	0.02	0.02	0	0	0.75
127100	0.75	0.03	0.03	0	0	0.75
127200	0.75	0.03	0.03	0	0	0.75
127300	0.75	0.03	0.03	0	0	0.75
127400	0.75	0.02	0.02	0	0	0.75
127500	0.75	0.01	0.01	0	0	0.75
127600	0.75	0.02	0.02	0	0	0.75
127700	0.75	0.01	0.01	0	0	0.75
127800	0.75	0.02	0.02	0	0	0.75
127900	0.75	0.01	0.01	0	0	0.75
128000	0.75	0.01	0.01	0	0	0.75
128100	0.75	0.01	0.01	0	0	0.75
128200	0.75	0.01	0.01	0	0	0.75
128300	0.75	0.01	0.01	0	0	0.75
128400	0.75	0	0	0	0	0.75
128500	0.75	0.01	0.01	0	0	0.75
128600	0.75	0.02	0.02	0	0	0.75
128700	0.75	0.02	0.02	0	0	0.75
128800	0.75	0.02	0.02	0	0	0.75
128900	0.75	0.01	0.01	0	0	0.75
129000	0.75	0	0	0	0	0.75
129100	0.75	0.01	0.01	0	0	0.75
129200	0.75	0.01	0.01	0	0	0.75
129300	0.75	0.01	0.01	0	0	0.75
129400	0.75	0.01	0.01	0	0	0.75
129500	0.75	0.01	0.01	0	0	0.75
129600	0.75	0.02	0.02	0	0	0.75
129700	0.75	0.02	0.02	0	0	0.75
129800	0.75	0.02	0.02	0	0	0.75
129900	0.75	0.02	0.02	0	0	0.75
130000	0.75	0.03	0.03	0	0	0.75
130100	0.75	0.04	0.04	0	0	0.75
130200	0.75	0.04	0.04	0	0	0.75
130300	0.75	0.03	0.03	0	0	0.75
130400	0.75	0.04	0.04	0	0	0.75
130500	0.75	0.04	0.04	0	0	0.75
130600	0.75	0.02	0.02	0	0	0.75
130700	0.75	0.01	0.01	0	0	0.75
130800	0.75	0.03	0.03	0	0	0.75
130900	0.75	0.02	0.02	0	0	0.75
131000	0.75	0.01	0.01	0	0	0.75
131100	0.75	0.01	0.01	0	0	0.75
131200	0.75	0.01	0.01	0	0	0.75
131300	0.75	0.02	0.02	0	0	0.75
131400	0.75	0.01	0.01	0	0	0.75
131500	0.75	0.02	0.02	0	0	0.75
131600	0.75	0.03	0.03	0	0	0.75
131700	0.75	0.04	0.04	0	0	0.75
131800	0.75	0.03	0.03	0	0	0.75
131900	0.75	0.04	0.04	0	0	0.75
132000	0.75	0.04	0.04	0	0	0.75
132100	0.75	0.05	0.05	0	0	0.75
132200	0.75	0.03	0.03	0	0	0.75
132300	0.75	0.02	0.02	0	0	0.75
132400	0.75	0.01	0.01	0	0	0.75
132500	0.75	0	0	0	0	0.75
132600	0.75	0.01	0.01	0	0	0.75
132700	0.75	0.01	0.01	0	0	0.75
132800	0.75	0.01	0.01	0	0	0.75
132900	0.75	0.01	0.01	0	0	0.75
133000	0.75	0.01	0.01	0	0	0.75
133100	0.75	0	0	0	0	0.75
133200	0.75	0	0	0	0	0.75
133300	0.75	0.01	0.01	0	0	0.75
133400	0.75	0.01	0.01	0	0	0.75
133500	0.75	0.01	0.01	0	0	0.75
133600	0.75	0.02	0.02	0	0	0.75
133700	0.75	0.01	0.01	0	0	0.75
133800	0.75	0.02	0.02	0	0	0.75
133900	0.75	0.02	0.02	0	0	0.75
134000	0.75	0.02	0.02	0	0	0.75
134100	0.75	0.01	0.01	0	0	0.75
134200	0.75	0.03	0.03	0	0	0.75
134300	0.75	0.01	0.01	0	0	0.75
134400	0.75	0.01	0.01	0	0	0.75
134500	0.75	0.01	0.01	0	0	0.75
134600	0.75	0.01	0.01	0	0	0.75
134700	0.75	0	0	0	0	0.75
134800	0.75	0	0	0	0	0.75
134900	0.75	0	0	0	0	0.75
135000	0.75	0.01	0.01	0	0	0.75
135100	0.75	0.02	0.02	0	0	0.75
135200	0.75	0.03	0.03	0	0	0.75
135300	0.75	0.03	0.03	0	0	0.75
135400	0.75	0.02	0.02	0	0	0.75
135500	0.75	0.02	0.02	0	0	0.75
135600	0.75	0.02	0.02	0	0	0.75
135700	0.75	0.02	0.02	0	0	0.75
135800	0.75	0	0	0	0	0.75
135900	0.75	0	0	0	0	0.75
136000	0.75	0	0	0	0	0.75
136100	0.75	0.01	0.01	0	0	0.75
136200	0.75	0.01	0.01	0	0	0.75
136300	0.75	0.01	0.01	0	0	0.75
136400	0.75	0.01	0.01	0	0	0.75
136500	0.75	0.01	0.01	0	0	0.75
136600	0.75	0.01	0.01	0	0	0.75
136700	0.75	0.01	0.01	0	0	0.75
136800	0.75	0.01	0.01	0	0	0.75
136900	0.75	0.02	0.02	0	0	0.75
137000	0.75	0.02	0.02	0	0	0.75
137100	0.75	0.02	0.02	0	0	0.75
137200	0.75	0.01	0.01	0	0	0.75
137300	0.75	0.01	0.01	0	0	0.75
137400	0.75	0.02	0.02	0	0	0.75
137500	0.75	0.01	0.01	0	0	0.75
137600	0.75	0.01	0.01	0	0	0.75
137700	0.75	0.01	0.01	0	0	0.75
137800	0.75	0.01	0.01	0	0	0.75
137900	0.75	0.01	0.01	0	0	0.75
138000	0.75	0.01	0.01	0	0	0.75
138100	0.75	0.02	0.02	0	0	0.75
138200	0.75	0.03	0.03	0	0	0.75
138300	0.75	0.03	0.03	0	0	0.75
138400	0.75	0.03	0.03	0	0	0.75
138500	0.75	0.03	0.03	0	0	0.75
138600	0.75	0.02	0.02	0	0	0.75
138700	0.75	0.01	0.01	0	0	0.75
138800	0.75	0.01	0.01	0	0	0.75
138900	0.75	0.01	0.01	0	0	0.75
139000	0.75	0	0	0	0	0.75
139100	0.75	0.01	0.01	0	0	0.75
139200	0.75	0.01	0.01	0	0	0.75
139300	0.75	0.02	0.02	0	0	0.75
139400	0.75	0.02	0.02	0	0	0.75
139500	0.75	0.03	0.03	0	0	0.75
139600	0.75	0.02	0.02	0	0	0.75
139700	0.74	0.01	0.01	0	0	0.74
139800	0.74	0.01	0.01	0	0	0.74
139900	0.74	0	0	0	0	0.74
140000	0.74	0	0	0	0	0.74
140100	0.74	0	0	0	0	0.74
140200	0.74	0	0	0	0	0.74
140300	0.74	0	0	0	0	0.74
140400	0.74	0	0	0	0	0.74
140500	0.74	0.01	0.01	0	0	0.74
140600	0.74	0.01	0.01	0	0	0.74
140700	0.74	0.02	0.02	0	0	0.74
140800	0.74	0.02	0.02	0	0	0.74
140900	0.74	0.03	0.03	0	0	0.74
141000	0.74	0.03	0.03	0	0	0.74
141100	0.74	0.01	0.01	0	0	0.74
141200	0.74	0.01	0.01	0	0	0.74
141300	0.74	0.01	0.01	0	0	0.74
141400	0.74	0	0	0	0	0.74
141500	0.74	0	0	0	0	0.74
141600	0.74	0.02	0.02	0	0	0.74
141700	0.74	0.02	0.02	0	0	0.74
141800	0.74	0.02	0.02	0	0	0.74
141900	0.74	0.03	0.03	0	0	0.74
142000	0.74	0.02	0.02	0	0	0.74
142100	0.74	0.02	0.02	0	0	0.74
142200	0.74	0.01	0.01	0	0	0.74
142300	0.74	0.01	0.01	0	0	0.74
142400	0.74	0.03	0.03	0	0	0.74
142500	0.74	0.05	0.05	0	0	0.74
142600	0.74	0.04	0.04	0	0	0.74
142700	0.74	0.04	0.04	0	0	0.74
142800	0.74	0.03	0.03	0	0	0.74
142900	0.74	0.03	0.03	0	0	0.74
143000	0.74	0.01	0.01	0	0	0.74
143100	0.74	0.02	0.02	0	0	0.74
143200	0.74	0.02	0.02	0	0	0.74
143300	0.74	0.02	0.02	0	0	0.74
143400	0.74	0.02	0.02	0	0	0.74
143500	0.74	0	0	0	0	0.74
143600	0.74	0	0	0	0	0.74
143700	0.74	0	0	0	0	0.74
143800	0.74	0	0	0	0	0.74
143900	0.74	0	0	0	0	0.74
144000	0.74	0	0	0	0	0.74
144100	0.74	0	0	0	0	0.74
144200	0.74	0.01	0.01	0	0	0.74
144300	0.74	0	0	0	0	0.74
144400	0.74	0	0	0	0	0.74
144500	0.74	0.01	0.01	0	0	0.74
144600	0.74	0.02	0.02	0	0	0.74
144700	0.74	0.03	0.03	0	0	0.74
144800	0.74	0.02	0.02	0	0	0.74
144900	0.74	0.03	0.03	0	0	0.74
145000	0.74	0.03	0.03	0	0	0.74
145100	0.74	0.02	0.02	0	0	0.74
145200	0.74	0.01	0.01	0	0	0.74
145300	0.74	0	0	0	0	0.74
145400	0.74	0.01	0.01	0	0	0.74
145500	0.73	0.02	0.02	0	0	0.73
145600	0.73	0.03	0.03	0	0	0.73
145700	0.73	0.03	0.03	0	0	0.73
145800	0.73	0.03	0.03	0	0	0.73
145900	0.73	0.02	0.02	0	0	0.73
146000	0.73	0.02	0.02	0	0	0.73
146100	0.73	0.01	0.01	0	0	0.73
146200	0.73	0.01	0.01	0	0	0.73
146300	0.73	0.01	0.01	0	0	0.73
146400	0.73	0.01	0.01	0	0	0.73
146500	0.73	0	0	0	0	0.73
146600	0.73	0	0	0	0	0.73
146700	0.73	0	0	0	0	0.73
146800	0.73	0.01	0.01	0	0	0.73
146900	0.73	0.01	0.01	0	0	0.73
147000	0.73	0.02	0.02	0	0	0.73
147100	0.73	0.03	0.03	0	0	0.73
147200	0.73	0.03	0.03	0	0	0.73
147300	0.73	0.03	0.03	0	0	0.73
147400	0.73	0.03	0.03	0	0	0.73
147500	0.73	0.02	0.02	0	0	0.73
147600	0.73	0.01	0.01	0	0	0.73
147700	0.73	0	0	0	0	0.73
147800	0.73	0	0	0	0	0.73
147900	0.73	0	0	0	0	0.73
148000	0.73	0	0	0	0	0.73
148100	0.74	0	0	0	0	0.74
148200	0.74	0	0	0	0	0.74
148300	0.74	0.01	0.01	0	0	0.74
148400	0.73	0.02	0.02	0	0	0.73
148500	0.73	0.02	0.02	0	0	0.73
148600	0.73	0.03	0.03	0	0	0.73
148700	0.73	0.03	0.03	0	0	0.73
148800	0.73	0.02	0.02	0	0	0.73
148900	0.73	0.01	0.01	0	0	0.73
149000	0.73	0	0	0	0	0.73
149100	0.73	0	0	0	0	0.73
149200	0.73	0	0	0	0	0.73
149300	0.73	0	0	0	0	0.73
149400	0.73	0.01	0.01	0	0	0.73
149500	0.73	0.01	0.01	0	0	0.73
149600	0.73	0.01	0.01	0	0	0.73
149700	0.73	0.01	0.01	0	0	0.73
149800	0.73	0.01	0.01	0	0	0.73
149900	0.73	0.01	0.01	0	0	0.73
150000	0.73	0.03	0.03	0	0	0.73
150100	0.73	0.03	0.03	0	0	0.73
150200	0.73	0.03	0.03	0	0	0.73
150300	0.73	0.01	0.01	0	0	0.73
150400	0.73	0.02	0.02	0	0	0.73
150500	0.73	0.02	0.02	0	0	0.73
150600	0.73	0.02	0.02	0	0	0.73
150700	0.73	0.03	0.03	0	0	0.73
150800	0.73	0.03	0.03	0	0	0.73
150900	0.73	0.03	0.03	0	0	0.73
151000	0.73	0.04	0.04	0	0	0.73
151100	0.73	0.06	0.06	0	0	0.73
151200	0.73	0.05	0.05	0	0	0.73
151300	0.73	0.03	0.03	0	0	0.73
151400	0.73	0.01	0.01	0	0	0.73
151500	0.73	0	0	0	0	0.73
151600	0.73	0	0	0	0	0.73
151700	0.73	0	0	0	0	0.73
151800	0.73	0	0	0	0	0.73
151900	0.73	0	0	0	0	0.73
152000	0.73	0	0	0	0	0.73
152100	0.73	0	0	0	0	0.73
152200	0.73	0.01	0.01	0	0	0.73
152300	0.73	0.01	0.01	0	0	0.73
152400	0.73	0.01	0.01	0	0	0.73
152500	0.73	0.01	0.01	0	0	0.73
152600	0.73	0.01	0.01	0	0	0.73
152700	0.73	0.01	0.01	0	0	0.73
152800	0.73	0.01	0.01	0	0	0.73
152900	0.73	0.01	0.01	0	0	0.73
153000	0.73	0.01	0.01	0	0	0.73
153100	0.73	0	0	0	0	0.73
153200	0.73	0	0	0	0	0.73
153300	0.73	0	0	0	0	0.73
153400	0.73	0	0	0	0	0.73
153500	0.73	0	0	0	0	0.73
153600	0.73	0	0	0	0	0.73
153700	0.73	0	0	0	0	0.73
153800	0.73	0	0	0	0	0.73
153900	0.73	0	0	0	0	0.73
154000	0.73	0.01	0.01	0	0	0.73
154100	0.73	0.03	0.03	0	0	0.73
154200	0.73	0.04	0.04	0	0	0.73
154300	0.73	0.02	0.02	0	0	0.73
154400	0.73	0.03	0.03	0	0	0.73
154500	0.73	0.02	0.02	0	0	0.73
154600	0.73	0.02	0.02	0	0	0.73
154700	0.74	0.01	0.01	0	0	0.74
154800	0.74	0.02	0.02	0	0	0.74
154900	0.74	0.02	0.02	0	0	0.74
155000	0.74	0.02	0.02	0	0	0.74
155100	0.74	0.03	0.03	0	0	0.74
155200	0.74	0.03	0.03	0	0	0.74
155300	0.74	0.03	0.03	0	0	0.74
155400	0.74	0.02	0.02	0	0	0.74
155500	0.74	0.01	0.01	0	0	0.74
155600	0.74	0.01	0.01	0	0	0.74
155700	0.74	0.01	0.01	0	0	0.74
155800	0.74	0.01	0.01	0	0	0.74
155900	0.74	0.01	0.01	0	0	0.74
156000	0.74	0	0	0	0	0.74
156100	0.74	0.01	0.01	0	0	0.74
156200	0.74	0.01	0.01	0	0	0.74
156300	0.74	0.02	0.02	0	0	0.74
156400	0.74	0.01	0.01	0	0	0.74
156500	0.75	0.01	0.01	0	0	0.75
156600	0.75	0	0	0	0	0.75
156700	0.75	0	0	0	0	0.75
156800	0.75	0	0	0	0	0.75
156900	0.75	0	0	0	0	0.75
157000	0.75	0	0	0	0	0.75
157100	0.75	0	0	0	0	0.75
157200	0.75	0.02	0.02	0	0	0.75
157300	0.75	0.02	0.02	0	0	0.75
157400	0.75	0.01	0.01	0	0	0.75
157500	0.75	0	0	0	0	0.75
157600	0.75	0.02	0.02	0	0	0.75
157700	0.75	0.02	0.02	0	0	0.75
157800	0.75	0.03	0.03	0	0	0.75
157900	0.75	0.02	0.02	0	0	0.75
158000	0.75	0.01	0.01	0	0	0.75
158100	0.75	0	0	0	0	0.75
158200	0.75	0.01	0.01	0	0	0.75
158300	0.75	0.01	0.01	0	0	0.75
158400	0.75	0.02	0.02	0	0	0.75
158500	0.75	0.02	0.02	0	0	0.75
158600	0.75	0.03	0.03	0	0	0.75
158700	0.75	0.02	0.02	0	0	0.75
158800	0.75	0.02	0.02	0	0	0.75
158900	0.75	0	0	0	0	0.75
159000	0.75	0	0	0	0	0.75
159100	0.75	0.01	0.01	0	0	0.75
159200	0.75	0.03	0.03	0	0	0.75
159300	0.75	0.03	0.03	0	0	0.75
159400	0.75	0.02	0.02	0	0	0.75
159500	0.75	0.01	0.01	0	0	0.75
159600	0.75	0	0	0	0	0.75
159700	0.75	0	0	0	0	0.75
159800	0.75	0.02	0.02	0	0	0.75
159900	0.75	0.02	0.02	0	0	0.75
160000	0.75	0.03	0.03	0	0	0.75
160100	0.75	0.02	0.02	0	0	0.75
160200	0.75	0.01	0.01	0	0	0.75
160300	0.75	0.02	0.02	0	0	0.75
160400	0.75	0.03	0.03	0	0	0.75
160500	0.75	0.03	0.03	0	0	0.75
160600	0.75	0.02	0.02	0	0	0.75
160700	0.75	0.02	0.02	0	0	0.75
160800	0.75	0.02	0.02	0	0	0.75
160900	0.75	0.01	0.01	0	0	0.75
161000	0.75	0	0	0	0	0.75
161100	0.75	0	0	0	0	0.75
161200	0.75	0	0	0	0	0.75
161300	0.75	0	0	0	0	0.75
161400	0.75	0	0	0	0	0.75
161500	0.75	0.03	0.03	0	0	0.75
161600	0.75	0.02	0.02	0	0	0.75
161700	0.75	0.02	0.02	0	0	0.75
161800	0.75	0.02	0.02	0	0	0.75
161900	0.75	0.03	0.03	0	0	0.75
162000	0.75	0.02	0.02	0	0	0.75
162100	0.75	0.02	0.02	0	0	0.75
162200	0.75	0.01	0.01	0	0	0.75
162300	0.75	0.01	0.01	0	0	0.75
162400	0.75	0	0	0	0	0.75
162500	0.75	0	0	0	0	0.75
162600	0.75	0	0	0	0	0.75
162700	0.75	0.02	0.02	0	0	0.75
162800	0.75	0.02	0.02	0	0	0.75
162900	0.75	0.02	0.02	0	0	0.75
163000	0.75	0.02	0.02	0	0	0.75
163100	0.75	0.01	0.01	0	0	0.75
163200	0.75	0.01	0.01	0	0	0.75
163300	0.75	0	0	0	0	0.75
163400	0.75	0.01	0.01	0	0	0.75
163500	0.75	0.01	0.01	0	0	0.75
163600	0.75	0	0	0	0	0.75
163700	0.75	0	0	0	0	0.75
163800	0.75	0	0	0	0	0.75
163900	0.75	0.01	0.01	0	0	0.75
164000	0.75	0.01	0.01	0	0	0.75
164100	0.75	0.02	0.02	0	0	0.75
164200	0.75	0.02	0.02	0	0	0.75
164300	0.75	0.02	0.02	0	0	0.75
164400	0.75	0.02	0.02	0	0	0.75
164500	0.75	0.02	0.02	0	0	0.75
164600	0.75	0.02	0.02	0	0	0.75
164700	0.75	0.02	0.02	0	0	0.75
164800	0.75	0.02	0.02	0	0	0.75
164900	0.75	0.02	0.02	0	0	0.75
165000	0.75	0.02	0.02	0	0	0.75
165100	0.75	0.01	0.01	0	0	0.75
165200	0.75	0.02	0.02	0	0	0.75
165300	0.75	0.01	0.01	0	0	0.75
165400	0.75	0.01	0.01	0	0	0.75
165500	0.75	0	0	0	0	0.75
165600	0.75	0.01	0.01	0	0	0.75
165700	0.75	0.01	0.01	0	0	0.75
165800	0.75	0	0	0	0	0.75
165900	0.75	0	0	0	0	0.75
166000	0.75	0.02	0.02	0	0	0.75
166100	0.75	0.02	0.02	0	0	0.75
166200	0.75	0.03	0.03	0	0	0.75
166300	0.75	0.03	0.03	0	0	0.75
166400	0.75	0.03	0.03	0	0	0.75
166500	0.75	0.03	0.03	0	0	0.75
166600	0.75	0.02	0.02	0	0	0.75
166700	0.75	0.01	0.01	0	0	0.75
166800	0.75	0	0	0	0	0.75
166900	0.75	0.01	0.01	0	0	0.75
167000	0.75	0.02	0.02	0	0	0.75
167100	0.75	0.03	0.03	0	0	0.75
167200	0.75	0.03	0.03	0	0	0.75
167300	0.75	0.01	0.01	0	0	0.75
167400	0.75	0	0	0	0	0.75
167500	0.75	0	0	0	0	0.75
167600	0.75	0	0	0	0	0.75
167700	0.75	0.02	0.02	0	0	0.75
167800	0.75	0.02	0.02	0	0	0.75
167900	0.75	0.02	0.02	0	0	0.75
168000	0.75	0.03	0.03	0	0	0.75
168100	0.75	0.03	0.03	0	0	0.75
168200	0.75	0.03	0.03	0	0	0.75
168300	0.75	0.02	0.02	0	0	0.75
168400	0.75	0.02	0.02	0	0	0.75
168500	0.75	0.01	0.01	0	0	0.75
168600	0.75	0.01	0.01	0	0	0.75
168700	0.75	0	0	0	0	0.75
168800	0.75	0	0	0	0	0.75
168900	0.75	0	0	0	0	0.75
169000	0.75	0	0	0	0	0.75
169100	0.75	0	0	0	0	0.75
169200	0.75	0	0	0	0	0.75
169300	0.75	0	0	0	0	0.75
169400	0.75	0	0	0	0	0.75
169500	0.75	0.01	0.01	0	0	0.75
169600	0.75	0.01	0.01	0	0	0.75
169700	0.75	0.01	0.01	0	0	0.75
169800	0.75	0.02	0.02	0	0	0.75
169900	0.75	0.02	0.02	0	0	0.75
170000	0.75	0.01	0.01	0	0	0.75
170100	0.75	0.02	0.02	0	0	0.75
170200	0.75	0.01	0.01	0	0	0.75
170300	0.75	0.01	0.01	0	0	0.75
170400	0.75	0.03	0.03	0	0	0.75
170500	0.75	0.02	0.02	0	0	0.75
170600	0.75	0.02	0.02	0	0	0.75
170700	0.75	0.01	0.01	0	0	0.75
170800	0.75	0	0	0	0	0.75
170900	0.75	0	0	0	0	0.75
171000	0.75	0.01	0.01	0	0	0.75
171100	0.75	0.01	0.01	0	0	0.75
171200	0.75	0.01	0.01	0	0	0.75
171300	0.75	0.02	0.02	0	0	0.75
171400	0.75	0	0	0	0	0.75
171500	0.75	0	0	0	0	0.75
171600	0.75	0.01	0.01	0	0	0.75
171700	0.75	0.03	0.03	0	0	0.75
171800	0.75	0.01	0.01	0	0	0.75
171900	0.75	0.01	0.01	0	0	0.75
172000	0.75	0.01	0.01	0	0	0.75
172100	0.75	0	0	0	0	0.75
172200	0.75	0.01	0.01	0	0	0.75
172300	0.75	0	0	0	0	0.75
172400	0.75	0.01	0.01	0	0	0.75
172500	0.75	0.01	0.01	0	0	0.75
172600	0.75	0.01	0.01	0	0	0.75
172700	0.75	0	0	0	0	0.75
172800	0.75	0	0	0	0	0.75
172900	0.75	0.01	0.01	0	0	0.75
173000	0.75	0.01	0.01	0	0	0.75
173100	0.75	0.01	0.01	0	0	0.75
173200	0.75	0.01	0.01	0	0	0.75
173300	0.75	0.02	0.02	0	0	0.75
173400	0.75	0.02	0.02	0	0	0.75
173500	0.75	0.02	0.02	0	0	0.75
173600	0.75	0.02	0.02	0	0	0.75
173700	0.75	0.04	0.04	0	0	0.75
173800	0.75	0.01	0.01	0	0	0.75
173900	0.75	0.01	0.01	0	0	0.75
174000	0.75	0.03	0.03	0	0	0.75
174100	0.75	0.03	0.03	0	0	0.75
174200	0.75	0.01	0.01	0	0	0.75
174300	0.75	0.01	0.01	0	0	0.75
174400	0.75	0.01	0.01	0	0	0.75
174500	0.75	0	0	0	0	0.75
174600	0.75	0	0	0	0	0.75
174700	0.75	0.01	0.01	0	0	0.75
174800	0.75	0.03	0.03	0	0	0.75
174900	0.75	0.02	0.02	0	0	0.75
175000	0.75	0.03	0.03	0	0	0.75
175100	0.75	0.03	0.03	0	0	0.75
175200	0.75	0.03	0.03	0	0	0.75
175300	0.75	0.03	0.03	0	0	0.75
175400	0.75	0.04	0.04	0	0	0.75
175500	0.75	0.04	0.04	0	0	0.75
175600	0.75	0.05	0.05	0	0	0.75
175700	0.75	0.05	0.05	0	0	0.75
175800	0.75	0.05	0.05	0	0	0.75
175900	0.75	0.04	0.04	0	0	0.75
176000	0.75	0.04	0.04	0	0	0.75
176100	0.75	0.04	0.04	0	0	0.75
176200	0.75	0.03	0.03	0	0	0.75
176300	0.75	0.01	0.01	0	0	0.75
176400	0.75	0.01	0.01	0	0	0.75
176500	0.75	0.01	0.01	0	0	0.75
176600	0.75	0.02	0.02	0	0	0.75
176700	0.75	0.02	0.02	0	0	0.75
176800	0.75	0.03	0.03	0	0	0.75
176900	0.75	0.02	0.02	0	0	0.75
177000	0.75	0.03	0.03	0	0	0.75
177100	0.75	0.03	0.03	0	0	0.75
177200	0.75	0.02	0.02	0	0	0.75
177300	0.75	0.03	0.03	0	0	0.75
177400	0.75	0.02	0.02	0	0	0.75
177500	0.75	0.02	0.02	0	0	0.75
177600	0.75	0.02	0.02	0	0	0.75
177700	0.75	0.01	0.01	0	0	0.75
177800	0.75	0.02	0.02	0	0	0.75
177900	0.75	0.02	0.02	0	0	0.75
178000	0.75	0.02	0.02	0	0	0.75
178100	0.75	0	0	0	0	0.75
178200	0.75	0	0	0	0	0.75
178300	0.75	0.01	0.01	0	0	0.75
178400	0.75	0.01	0.01	0	0	0.75
178500	0.75	0.01	0.01	0	0	0.75
178600	0.75	0.01	0.01	0	0	0.75
178700	0.75	0	0	0	0	0.75
178800	0.75	0.02	0.02	0	0	0.75
178900	0.75	0.04	0.04	0	0	0.75
179000	0.75	0.02	0.02	0	0	0.75
179100	0.75	0.02	0.02	0	0	0.75
179200	0.75	0.03	0.03	0	0	0.75
179300	0.75	0.01	0.01	0	0	0.75
179400	0.75	0.01	0.01	0	0	0.75
179500	0.75	0.01	0.01	0	0	0.75
179600	0.75	0.03	0.03	0	0	0.75
179700	0.75	0.03	0.03	0	0	0.75
179800	0.75	0.02	0.02	0	0	0.75
179900	0.75	0.03	0.03	0	0	0.75
180000	0.75	0.03	0.03	0	0	0.75
180100	0.75	0.03	0.03	0	0	0.75
180200	0.75	0.03	0.03	0	0	0.75
180300	0.75	0.03	0.03	0	0	0.75
180400	0.75	0.01	0.01	0	0	0.75
180500	0.75	0.01	0.01	0	0	0.75
180600	0.75	0.01	0.01	0	0	0.75
180700	0.75	0.01	0.01	0	0	0.75
180800	0.75	0.01	0.01	0	0	0.75
180900	0.75	0.01	0.01	0	0	0.75
181000	0.75	0	0	0	0	0.75
181100	0.75	0	0	0	0	0.75
181200	0.75	0	0	0	0	0.75
181300	0.75	0.01	0.01	0	0	0.75
181400	0.75	0.01	0.01	0	0	0.75
181500	0.75	0.02	0.02	0	0	0.75
181600	0.75	0.02	0.02	0	0	0.75
181700	0.75	0.02	0.02	0	0	0.75
181800	0.75	0.01	0.01	0	0	0.75
181900	0.75	0.01	0.01	0	0	0.75
182000	0.75	0.02	0.02	0	0	0.75
182100	0.75	0.03	0.03	0	0	0.75
182200	0.75	0.04	0.04	0	0	0.75
182300	0.75	0.05	0.05	0	0	0.75
182400	0.75	0.04	0.04	0	0	0.75
182500	0.75	0.02	0.02	0	0	0.75
182600	0.75	0.04	0.04	0	0	0.75
182700	0.75	0.04	0.04	0	0	0.75
182800	0.75	0.04	0.04	0	0	0.75
182900	0.75	0.06	0.06	0	0	0.75
183000	0.75	0.06	0.06	0	0	0.75
183100	0.75	0.02	0.02	0	0	0.75
183200	0.75	0.02	0.02	0	0	0.75
183300	0.75	0	0	0	0	0.75
183400	0.75	0.01	0.01	0	0	0.75
183500	0.75	0.01	0.01	0	0	0.75
183600	0.75	0.01	0.01	0	0	0.75
183700	0.75	0.01	0.01	0	0	0.75
183800	0.75	0.01	0.01	0	0	0.75
183900	0.75	0	0	0	0	0.75
184000	0.75	0.01	0.01	0	0	0.75
184100	0.75	0.01	0.01	0	0	0.75
184200	0.75	0.02	0.02	0	0	0.75
184300	0.75	0.03	0.03	0	0	0.75
184400	0.75	0.03	0.03	0	0	0.75
184500	0.75	0.04	0.04	0	0	0.75
184600	0.75	0.04	0.04	0	0	0.75
184700	0.75	0.02	0.02	0	0	0.75
184800	0.75	0.02	0.02	0	0	0.75
184900	0.75	0.02	0.02	0	0	0.75
185000	0.75	0.03	0.03	0	0	0.75
185100	0.75	0.02	0.02	0	0	0.75
185200	0.75	0.02	0.02	0	0	0.75
185300	0.75	0.01	0.01	0	0	0.75
185400	0.75	0	0	0	0	0.75
185500	0.75	0.01	0.01	0	0	0.75
185600	0.75	0.01	0.01	0	0	0.75
185700	0.75	0.01	0.01	0	0	0.75
185800	0.75	0.01	0.01	0	0	0.75
185900	0.75	0.01	0.01	0	0	0.75
186000	0.75	0.02	0.02	0	0	0.75
186100	0.75	0.03	0.03	0	0	0.75
186200	0.75	0.04	0.04	0	0	0.75
186300	0.75	0.06	0.06	0	0	0.75
186400	0.75	0.06	0.06	0	0	0.75
186500	0.75	0.06	0.06	0	0	0.75
186600	0.75	0.05	0.05	0	0	0.75
186700	0.75	0.02	0.02	0	0	0.75
186800	0.75	0.02	0.02	0	0	0.75
186900	0.75	0	0	0	0	0.75
187000	0.75	0	0	0	0	0.75
187100	0.75	0	0	0	0	0.75
187200	0.75	0	0	0	0	0.75
187300	0.75	0	0	0	0	0.75
187400	0.75	0	0	0	0	0.75
187500	0.75	0	0	0	0	0.75
187600	0.75	0	0	0	0	0.75
187700	0.75	0.01	0.01	0	0	0.75
187800	0.75	0.01	0.01	0	0	0.75
187900	0.75	0.02	0.02	0	0	0.75
188000	0.75	0.02	0.02	0	0	0.75
188100	0.75	0.03	0.03	0	0	0.75
188200	0.75	0.03	0.03	0	0	0.75
188300	0.75	0.03	0.03	0	0	0.75
188400	0.75	0.03	0.03	0	0	0.75
188500	0.75	0.02	0.02	0	0	0.75
188600	0.75	0.02	0.02	0	0	0.75
188700	0.75	0	0	0	0	0.75
188800	0.75	0	0	0	0	0.75
188900	0.75	0	0	0	0	0.75
189000	0.75	0	0	0	0	0.75
189100	0.75	0.01	0.01	0	0	0.75
189200	0.75	0.01	0.01	0	0	0.75
189300	0.75	0.01	0.01	0	0	0.75
189400	0.75	0	0	0	0	0.75
189500	0.75	0	0	0	0	0.75
189600	0.75	0	0	0	0	0.75
189700	0.75	0	0	0	0	0.75
189800	0.75	0	0	0	0	0.75
189900	0.75	0.01	0.01	0	0	0.75
190000	0.75	0.02	0.02	0	0	0.75
190100	0.75	0.03	0.03	0	0	0.75
190200	0.75	0.02	0.02	0	0	0.75
190300	0.75	0.01	0.01	0	0	0.75
190400	0.75	0.01	0.01	0	0	0.75
190500	0.75	0	0	0	0	0.75
190600	0.75	0	0	0	0	0.75
190700	0.75	0.01	0.01	0	0	0.75
190800	0.75	0.01	0.01	0	0	0.75
190900	0.75	0.01	0.01	0	0	0.75
191000	0.75	0.01	0.01	0	0	0.75
191100	0.75	0.01	0.01	0	0	0.75
191200	0.75	0.01	0.01	0	0	0.75
191300	0.75	0.02	0.02	0	0	0.75
191400	0.75	0.01	0.01	0	0	0.75
191500	0.75	0.01	0.01	0	0	0.75
191600	0.75	0.03	0.03	0	0	0.75
191700	0.75	0.02	0.02	0	0	0.75
191800	0.75	0.03	0.03	0	0	0.75
191900	0.75	0.01	0.01	0	0	0.75
192000	0.75	0	0	0	0	0.75
192100	0.75	0.01	0.01	0	0	0.75
192200	0.75	0.01	0.01	0	0	0.75
192300	0.75	0.01	0.01	0	0	0.75
192400	0.75	0.01	0.01	0	0	0.75
192500	0.75	0.01	0.01	0	0	0.75
192600	0.75	0.01	0.01	0	0	0.75
192700	0.75	0.01	0.01	0	0	0.75
192800	0.75	0.01	0.01	0	0	0.75
192900	0.75	0.01	0.01	0	0	0.75
193000	0.75	0.01	0.01	0	0	0.75
193100	0.75	0	0	0	0	0.75
193200	0.75	0	0	0	0	0.75
193300	0.75	0	0	0	0	0.75
193400	0.75	0	0	0	0	0.75
193500	0.75	0.02	0.02	0	0	0.75
193600	0.75	0.02	0.02	0	0	0.75
193700	0.75	0.02	0.02	0	0	0.75
193800	0.75	0.03	0.03	0	0	0.75
193900	0.75	0.02	0.02	0	0	0.75
194000	0.75	0.01	0.01	0	0	0.75
194100	0.75	0	0	0	0	0.75
194200	0.75	0	0	0	0	0.75
194300	0.75	0	0	0	0	0.75
194400	0.75	0	0	0	0	0.75
194500	0.75	0	0	0	0	0.75
194600	0.75	0	0	0	0	0.75
194700	0.75	0.01	0.01	0	0	0.75
194800	0.75	0.01	0.01	0	0	0.75
194900	0.75	0.02	0.02	0	0	0.75
195000	0.75	0.02	0.02	0	0	0.75
195100	0.75	0.02	0.02	0	0	0.75
195200	0.75	0.02	0.02	0	0	0.75
195300	0.75	0.01	0.01	0	0	0.75
195400	0.75	0.01	0.01	0	0	0.75
195500	0.75	0.02	0.02	0	0	0.75
195600	0.75	0.02	0.02	0	0	0.75
195700	0.75	0.03	0.03	0	0	0.75
195800	0.75	0.03	0.03	0	0	0.75
195900	0.75	0.03	0.03	0	0	0.75
196000	0.75	0.04	0.04	0	0	0.75
196100	0.75	0.04	0.04	0	0	0.75
196200	0.75	0.02	0.02	0	0	0.75
196300	0.75	0.03	0.03	0	0	0.75
196400	0.75	0.02	0.02	0	0	0.75
196500	0.75	0.02	0.02	0	0	0.75
196600	0.75	0.02	0.02	0	0	0.75
196700	0.75	0.02	0.02	0	0	0.75
196800	0.75	0.01	0.01	0	0	0.75
196900	0.75	0.01	0.01	0	0	0.75
197000	0.75	0.01	0.01	0	0	0.75
197100	0.75	0.03	0.03	0	0	0.75
197200	0.75	0.01	0.01	0	0	0.75
197300	0.75	0.02	0.02	0	0	0.75
197400	0.75	0.01	0.01	0	0	0.75
197500	0.75	0.01	0.01	0	0	0.75
197600	0.75	0.01	0.01	0	0	0.75
197700	0.74	0.01	0.01	0	0	0.74
197800	0.74	0.01	0.01	0	0	0.74
197900	0.74	0.01	0.01	0	0	0.74
198000	0.74	0.01	0.01	0	0	0.74
198100	0.74	0.01	0.01	0	0	0.74
198200	0.74	0	0	0	0	0.74
198300	0.74	0.01	0.01	0	0	0.74
198400	0.74	0.02	0.02	0	0	0.74
198500	0.74	0.01	0.01	0	0	0.74
198600	0.74	0.01	0.01	0	0	0.74
198700	0.74	0.03	0.03	0	0	0.74
198800	0.74	0.04	0.04	0	0	0.74
198900	0.74	0.02	0.02	0	0	0.74
199000	0.74	0.01	0.01	0	0	0.74
199100	0.74	0.01	0.01	0	0	0.74
199200	0.74	0.02	0.02	0	0	0.74
199300	0.74	0.01	0.01	0	0	0.74
199400	0.74	0.01	0.01	0	0	0.74
199500	0.74	0.03	0.03	0	0	0.74
199600	0.74	0.04	0.04	0	0	0.74
199700	0.74	0.08	0.08	0	0	0.74
199800	0.74	0.07	0.07	0	0	0.74
199900	0.74	0.07	0.07	0	0	0.74
200000	0.74	0.04	0.04	0	0	0.74
200100	0.74	0.04	0.04	0	0	0.74
200200	0.74	0.03	0.03	0	0	0.74
200300	0.74	0	0	0	0	0.74
200400	0.74	0	0	0	0	0.74
200500	0.74	0.01	0.01	0	0	0.74
200600	0.74	0.01	0.01	0	0	0.74
200700	0.74	0.01	0.01	0	0	0.74
200800	0.74	0	0	0	0	0.74
200900	0.74	0	0	0	0	0.74
201000	0.74	0	0	0	0	0.74
201100	0.74	0.02	0.02	0	0	0.74
201200	0.74	0.02	0.02	0	0	0.74
201300	0.75	0.03	0.03	0	0	0.75
201400	0.74	0.03	0.03	0	0	0.74
201500	0.74	0.03	0.03	0	0	0.74
201600	0.74	0.02	0.02	0	0	0.74
201700	0.74	0.02	0.02	0	0	0.74
201800	0.74	0.01	0.01	0	0	0.74
201900	0.74	0	0	0	0	0.74
202000	0.74	0.01	0.01	0	0	0.74
202100	0.74	0	0	0	0	0.74
202200	0.74	0	0	0	0	0.74
202300	0.74	0	0	0	0	0.74
202400	0.74	0.01	0.01	0	0	0.74
202500	0.74	0.01	0.01	0	0	0.74
202600	0.74	0.01	0.01	0	0	0.74
202700	0.74	0.01	0.01	0	0	0.74
202800	0.74	0.01	0.01	0	0	0.74
202900	0.74	0	0	0	0	0.74
203000	0.74	0.01	0.01	0	0	0.74
203100	0.74	0.01	0.01	0	0	0.74
203200	0.74	0.02	0.02	0	0	0.74
203300	0.74	0.02	0.02	0	0	0.74
203400	0.74	0.03	0.03	0	0	0.74
203500	0.74	0.03	0.03	0	0	0.74
203600	0.74	0.02	0.02	0	0	0.74
203700	0.74	0.02	0.02	0	0	0.74
203800	0.74	0.02	0.02	0	0	0.74
203900	0.74	0.02	0.02	0	0	0.74
204000	0.74	0.03	0.03	0	0	0.74
204100	0.74	0.02	0.02	0	0	0.74
204200	0.74	0.02	0.02	0	0	0.74
204300	0.74	0.02	0.02	0	0	0.74
204400	0.74	0.02	0.02	0	0	0.74
204500	0.74	0.02	0.02	0	0	0.74
204600	0.74	0	0	0	0	0.74
204700	0.74	0	0	0	0	0.74
204800	0.74	0	0	0	0	0.74
204900	0.74	0	0	0	0	0.74
205000	0.74	0	0	0	0	0.74
205100	0.74	0.02	0.02	0	0	0.74
205200	0.74	0.02	0.02	0	0	0.74
205300	0.74	0.02	0.02	0	0	0.74
205400	0.74	0.02	0.02	0	0	0.74
205500	0.74	0.01	0.01	0	0	0.74
205600	0.74	0.01	0.01	0	0	0.74
205700	0.74	0.02	0.02	0	0	0.74
205800	0.74	0.04	0.04	0	0	0.74
205900	0.74	0.03	0.03	0	0	0.74
206000	0.74	0.02	0.02	0	0	0.74
206100	0.74	0.02	0.02	0	0	0.74
206200	0.74	0.01	0.01	0	0	0.74
206300	0.74	0.01	0.01	0	0	0.74
206400	0.74	0.01	0.01	0	0	0.74
206500	0.74	0.01	0.01	0	0	0.74
206600	0.74	0.01	0.01	0	0	0.74
206700	0.74	0	0	0	0	0.74
206800	0.74	0.01	0.01	0	0	0.74
206900	0.74	0.01	0.01	0	0	0.74
207000	0.74	0.01	0.01	0	0	0.74
207100	0.74	0.02	0.02	0	0	0.74
207200	0.74	0.02	0.02	0	0	0.74
207300	0.74	0.06	0.06	0	0	0.74
207400	0.74	0.06	0.06	0	0	0.74
207500	0.74	0.05	0.05	0	0	0.74
207600	0.74	0.03	0.03	0	0	0.74
207700	0.74	0.03	0.03	0	0	0.74
207800	0.74	0.02	0.02	0	0	0.74
207900	0.74	0.01	0.01	0	0	0.74
208000	0.74	0	0	0	0	0.74
208100	0.74	0	0	0	0	0.74
208200	0.74	0	0	0	0	0.74
208300	0.74	0	0	0	0	0.74
208400	0.74	0	0	0	0	0.74
208500	0.74	0	0	0	0	0.74
208600	0.74	0	0	0	0	0.74
208700	0.74	0	0	0	0	0.74
208800	0.74	0	0	0	0	0.74
208900	0.74	0	0	0	0	0.74
209000	0.74	0	0	0	0	0.74
209100	0.74	0	0	0	0	0.74
209200	0.74	0	0	0	0	0.74
209300	0.74	0	0	0	0	0.74
209400	0.74	0.01	0.01	0	0	0.74
209500	0.74	0.01	0.01	0	0	0.74
209600	0.74	0.01	0.01	0	0	0.74
209700	0.74	0	0	0	0	0.74
209800	0.74	0	0	0	0	0.74
209900	0.74	0	0	0	0	0.74
210000	0.74	0	0	0	0	0.74
210100	0.74	0	0	0	0	0.74
210200	0.74	0	0	0	0	0.74
210300	0.74	0	0	0	0	0.74
210400	0.74	0	0	0	0	0.74
210500	0.74	0	0	0	0	0.74
210600	0.74	0.01	0.01	0	0	0.74
210700	0.74	0.02	0.02	0	0	0.74
210800	0.74	0.02	0.02	0	0	0.74
210900	0.74	0.03	0.03	0	0	0.74
211000	0.74	0.03	0.03	0	0	0.74
211100	0.74	0.04	0.04	0	0	0.74
211200	0.74	0.03	0.03	0	0	0.74
211300	0.74	0.02	0.02	0	0	0.74
211400	0.74	0.02	0.02	0	0	0.74
211500	0.74	0.02	0.02	0	0	0.74
211600	0.74	0.02	0.02	0	0	0.74
211700	0.74	0.01	0.01	0	0	0.74
211800	0.74	0.02	0.02	0	0	0.74
211900	0.74	0.01	0.01	0	0	0.74
212000	0.74	0.01	0.01	0	0	0.74
212100	0.74	0.02	0.02	0	0	0.74
212200	0.74	0.05	0.05	0	0	0.74
212300	0.74	0.04	0.04	0	0	0.74
212400	0.74	0.04	0.04	0	0	0.74
212500	0.74	0.04	0.04	0	0	0.74
212600	0.74	0.02	0.02	0	0	0.74
212700	0.74	0.03	0.03	0	0	0.74
212800	0.74	0	0	0	0	0.74
212900	0.74	0	0	0	0	0.74
213000	0.74	0	0	0	0	0.74
213100	0.74	0	0	0	0	0.74
213200	0.74	0	0	0	0	0.74
213300	0.74	0.01	0.01	0	0	0.74
213400	0.74	0.02	0.02	0	0	0.74
213500	0.74	0.03	0.03	0	0	0.74
213600	0.74	0.04	0.04	0	0	0.74
213700	0.74	0.03	0.03	0	0	0.74
213800	0.74	0.03	0.03	0	0	0.74
213900	0.74	0.01	0.01	0	0	0.74
214000	0.74	0.02	0.02	0	0	0.74
214100	0.74	0.02	0.02	0	0	0.74
214200	0.74	0.02	0.02	0	0	0.74
214300	0.74	0.01	0.01	0	0	0.74
214400	0.74	0.01	0.01	0	0	0.74
214500	0.74	0.01	0.01	0	0	0.74
214600	0.74	0	0	0	0	0.74
214700	0.74	0	0	0	0	0.74
214800	0.74	0	0	0	0	0.74
214900	0.74	0	0	0	0	0.74
215000	0.74	0.01	0.01	0	0	0.74
215100	0.74	0.02	0.02	0	0	0.74
215200	0.74	0.01	0.01	0	0	0.74
215300	0.74	0	0	0	0	0.74
215400	0.74	0.01	0.01	0	0	0.74
215500	0.74	0.01	0.01	0	0	0.74
215600	0.74	0.01	0.01	0	0	0.74
215700	0.74	0.01	0.01	0	0	0.74
215800	0.74	0.01	0.01	0	0	0.74
215900	0.74	0.02	0.02	0	0	0.74
216000	0.74	0.04	0.04	0	0	0.74
216100	0.74	0.05	0.05	0	0	0.74
216200	0.74	0.08	0.08	0	0	0.74
216300	0.74	0.09	0.09	0	0	0.74
216400	0.75	0.07	0.07	0	0	0.75
216500	0.75	0.07	0.07	0	0	0.75
216600	0.75	0.07	0.07	0	0	0.75
216700	0.74	0.09	0.09	0	0	0.74
216800	0.74	0.07	0.07	0	0	0.74
216900	0.74	0.06	0.06	0	0	0.74
217000	0.74	0.06	0.06	0	0	0.74
217100	0.74	0.06	0.06	0	0	0.74
217200	0.74	0.05	0.05	0	0	0.74
217300	0.74	0.05	0.05	0	0	0.74
217400	0.74	0.04	0.04	0	0	0.74
217500	0.74	0.03	0.03	0	0	0.74
217600	0.74	0.01	0.01	0	0	0.74
217700	0.74	0.01	0.01	0	0	0.74
217800	0.74	0.03	0.03	0	0	0.74
217900	0.74	0.02	0.02	0	0	0.74
218000	0.74	0.03	0.03	0	0	0.74
218100	0.74	0.02	0.02	0	0	0.74
218200	0.74	0	0	0	0	0.74
218300	0.74	0	0	0	0	0.74
218400	0.74	0	0	0	0	0.74
218500	0.74	0	0	0	0	0.74
218600	0.74	0.01	0.01	0	0	0.74
218700	0.74	0.01	0.01	0	0	0.74
218800	0.74	0.01	0.01	0	0	0.74
218900	0.74	0.01	0.01	0	0	0.74
219000	0.74	0	0	0	0	0.74
219100	0.74	0	0	0	0	0.74
219200	0.74	0	0	0	0	0.74
219300	0.74	0.01	0.01	0	0	0.74
219400	0.74	0.01	0.01	0	0	0.74
219500	0.74	0.01	0.01	0	0	0.74
219600	0.74	0.01	0.01	0	0	0.74
219700	0.74	0.01	0.01	0	0	0.74
219800	0.74	0.01	0.01	0	0	0.74
219900	0.74	0	0	0	0	0.74
220000	0.74	0	0	0	0	0.74
220100	0.74	0	0	0	0	0.74
220200	0.74	0	0	0	0	0.74
220300	0.74	0	0	0	0	0.74
220400	0.74	0	0	0	0	0.74
220500	0.74	0	0	0	0	0.74
220600	0.74	0	0	0	0	0.74
220700	0.74	0	0	0	0	0.74
220800	0.74	0.02	0.02	0	0	0.74
220900	0.74	0.03	0.03	0	0	0.74
221000	0.74	0.04	0.04	0	0	0.74
221100	0.74	0.05	0.05	0	0	0.74
221200	0.75	0.05	0.05	0	0	0.75
221300	0.75	0.01	0.01	0	0	0.75
221400	0.75	0.01	0.01	0	0	0.75
221500	0.75	0.02	0.02	0	0	0.75
221600	0.75	0.01	0.01	0	0	0.75
221700	0.75	0	0	0	0	0.75
221800	0.75	0.02	0.02	0	0	0.75
221900	0.75	0.02	0.02	0	0	0.75
222000	0.75	0.02	0.02	0	0	0.75
222100	0.75	0.01	0.01	0	0	0.75
222200	0.75	0	0	0	0	0.75
222300	0.75	0	0	0	0	0.75
222400	0.75	0	0	0	0	0.75
222500	0.75	0.01	0.01	0	0	0.75
222600	0.75	0.01	0.01	0	0	0.75
222700	0.75	0.01	0.01	0	0	0.75
222800	0.75	0.01	0.01	0	0	0.75
222900	0.75	0	0	0	0	0.75
223000	0.75	0.01	0.01	0	0	0.75
223100	0.75	0.01	0.01	0	0	0.75
223200	0.75	0	0	0	0	0.75
223300	0.75	0	0	0	0	0.75
223400	0.75	0.01	0.01	0	0	0.75
223500	0.75	0.01	0.01	0	0	0.75
223600	0.75	0.01	0.01	0	0	0.75
223700	0.75	0.01	0.01	0	0	0.75
223800	0.75	0.01	0.01	0	0	0.75
223900	0.75	0.01	0.01	0	0	0.75
224000	0.75	0	0	0	0	0.75
224100	0.75	0	0	0	0	0.75
224200	0.75	0	0	0	0	0.75
224300	0.75	0	0	0	0	0.75
224400	0.75	0.01	0.01	0	0	0.75
224500	0.75	0.01	0.01	0	0	0.75
224600	0.75	0.01	0.01	0	0	0.75
224700	0.75	0.01	0.01	0	0	0.75
224800	0.75	0.01	0.01	0	0	0.75
224900	0.75	0.01	0.01	0	0	0.75
225000	0.75	0	0	0	0	0.75
225100	0.75	0	0	0	0	0.75
225200	0.75	0	0	0	0	0.75
225300	0.75	0	0	0	0	0.75
225400	0.75	0	0	0	0	0.75
225500	0.75	0	0	0	0	0.75
225600	0.75	0	0	0	0	0.75
225700	0.75	0.01	0.01	0	0	0.75
225800	0.75	0.03	0.03	0	0	0.75
225900	0.75	0.05	0.05	0	0	0.75
226000	0.75	0.04	0.04	0	0	0.75
226100	0.75	0.02	0.02	0	0	0.75
226200	0.75	0.01	0.01	0	0	0.75
226300	0.75	0.03	0.03	0	0	0.75
226400	0.75	0.03	0.03	0	0	0.75
226500	0.75	0.03	0.03	0	0	0.75
226600	0.75	0.03	0.03	0	0	0.75
226700	0.75	0.04	0.04	0	0	0.75
226800	0.75	0.04	0.04	0	0	0.75
226900	0.75	0.03	0.03	0	0	0.75
227000	0.75	0.03	0.03	0	0	0.75
227100	0.75	0.02	0.02	0	0	0.75
227200	0.75	0.02	0.02	0	0	0.75
227300	0.75	0.01	0.01	0	0	0.75
227400	0.75	0.01	0.01	0	0	0.75
227500	0.75	0	0	0	0	0.75
227600	0.75	0	0	0	0	0.75
227700	0.75	0	0	0	0	0.75
227800	0.75	0	0	0	0	0.75
227900	0.75	0.01	0.01	0	0	0.75
228000	0.75	0.02	0.02	0	0	0.75
228100	0.75	0.02	0.02	0	0	0.75
228200	0.75	0.03	0.03	0	0	0.75
228300	0.75	0.03	0.03	0	0	0.75
228400	0.75	0.05	0.05	0	0	0.75
228500	0.75	0.04	0.04	0	0	0.75
228600	0.75	0.04	0.04	0	0	0.75
228700	0.75	0.03	0.03	0	0	0.75
228800	0.75	0.02	0.02	0	0	0.75
228900	0.75	0.02	0.02	0	0	0.75
229000	0.75	0.01	0.01	0	0	0.75
229100	0.75	0.01	0.01	0	0	0.75
229200	0.75	0.01	0.01	0	0	0.75
229300	0.75	0.01	0.01	0	0	0.75
229400	0.75	0.02	0.02	0	0	0.75
229500	0.75	0.02	0.02	0	0	0.75
229600	0.75	0.02	0.02	0	0	0.75
229700	0.75	0.01	0.01	0	0	0.75
229800	0.75	0	0	0	0	0.75
229900	0.75	0	0	0	0	0.75
230000	0.75	0	0	0	0	0.75
230100	0.75	0	0	0	0	0.75
230200	0.75	0.01	0.01	0	0	0.75
230300	0.75	0.01	0.01	0	0	0.75
230400	0.75	0.01	0.01	0	0	0.75
230500	0.75	0.01	0.01	0	0	0.75
230600	0.75	0.01	0.01	0	0	0.75
230700	0.75	0.01	0.01	0	0	0.75
230800	0.75	0.01	0.01	0	0	0.75
230900	0.75	0	0	0	0	0.75
231000	0.75	0	0	0	0	0.75
231100	0.75	0	0	0	0	0.75
231200	0.75	0	0	0	0	0.75
231300	0.75	0	0	0	0	0.75
231400	0.75	0.01	0.01	0	0	0.75
231500	0.75	0.02	0.02	0	0	0.75
231600	0.75	0.02	0.02	0	0	0.75
231700	0.75	0.02	0.02	0	0	0.75
231800	0.75	0.01	0.01	0	0	0.75
231900	0.75	0.03	0.03	0	0	0.75
232000	0.75	0.01	0.01	0	0	0.75
232100	0.75	0.02	0.02	0	0	0.75
232200	0.75	0.02	0.02	0	0	0.75
232300	0.75	0.01	0.01	0	0	0.75
232400	0.75	0.01	0.01	0	0	0.75
232500	0.75	0.01	0.01	0	0	0.75
232600	0.75	0	0	0	0	0.75
232700	0.75	0	0	0	0	0.75
232800	0.75	0	0	0	0	0.75
232900	0.75	0.02	0.02	0	0	0.75
233000	0.75	0.02	0.02	0	0	0.75
233100	0.75	0.02	0.02	0	0	0.75
233200	0.75	0.03	0.03	0	0	0.75
233300	0.75	0.03	0.03	0	0	0.75
233400	0.75	0	0	0	0	0.75
233500	0.75	0	0	0	0	0.75
233600	0.75	0	0	0	0	0.75
233700	0.75	0	0	0	0	0.75
233800	0.75	0	0	0	0	0.75
233900	0.75	0	0	0	0	0.75
234000	0.75	0.01	0.01	0	0	0.75
234100	0.75	0.02	0.02	0	0	0.75
234200	0.75	0.03	0.03	0	0	0.75
234300	0.75	0.03	0.03	0	0	0.75
234400	0.75	0.03	0.03	0	0	0.75
234500	0.75	0.03	0.03	0	0	0.75
234600	0.75	0	0	0	0	0.75
234700	0.75	0	0	0	0	0.75
234800	0.75	0.01	0.01	0	0	0.75
234900	0.75	0.01	0.01	0	0	0.75
235000	0.75	0.01	0.01	0	0	0.75
235100	0.75	0	0	0	0	0.75
235200	0.75	0	0	0	0	0.75
235300	0.75	0	0	0	0	0.75
235400	0.75	0	0	0	0	0.75
235500	0.75	0.01	0.01	0	0	0.75
235600	0.75	0.01	0.01	0	0	0.75
235700	0.75	0.01	0.01	0	0	0.75
235800	0.75	0.01	0.01	0	0	0.75
235900	0.75	0.01	0.01	0	0	0.75
236000	0.75	0.02	0.02	0	0	0.75
236100	0.75	0.01	0.01	0	0	0.75
236200	0.75	0.01	0.01	0	0	0.75
236300	0.75	0.01	0.01	0	0	0.75
236400	0.75	0.01	0.01	0	0	0.75
236500	0.75	0	0	0	0	0.75
236600	0.75	0	0	0	0	0.75
236700	0.75	0	0	0	0	0.75
236800	0.75	0.01	0.01	0	0	0.75
236900	0.75	0.01	0.01	0	0	0.75
237000	0.75	0.01	0.01	0	0	0.75
237100	0.75	0.01	0.01	0	0	0.75
237200	0.75	0.01	0.01	0	0	0.75
237300	0.75	0.01	0.01	0	0	0.75
237400	0.75	0	0	0	0	0.75
237500	0.75	0	0	0	0	0.75
237600	0.75	0	0	0	0	0.75
237700	0.75	0	0	0	0	0.75
237800	0.75	0	0	0	0	0.75
237900	0.75	0	0	0	0	0.75
238000	0.75	0.01	0.01	0	0	0.75
238100	0.75	0.02	0.02	0	0	0.75
238200	0.75	0.02	0.02	0	0	0.75
238300	0.75	0.03	0.03	0	0	0.75
238400	0.75	0.03	0.03	0	0	0.75
238500	0.75	0.02	0.02	0	0	0.75
238600	0.75	0	0	0	0	0.75
238700	0.75	0	0	0	0	0.75
238800	0.75	0.01	0.01	0	0	0.75
238900	0.75	0.02	0.02	0	0	0.75
239000	0.75	0.02	0.02	0	0	0.75
239100	0.75	0.01	0.01	0	0	0.75
239200	0.75	0	0	0	0	0.75
239300	0.75	0.01	0.01	0	0	0.75
239400	0.75	0.01	0.01	0	0	0.75
239500	0.75	0.03	0.03	0	0	0.75
239600	0.75	0.03	0.03	0	0	0.75
239700	0.75	0.04	0.04	0	0	0.75
239800	0.75	0.03	0.03	0	0	0.75
239900	0.75	0.03	0.03	0	0	0.75
240000	0.75	0.03	0.03	0	0	0.75
240100	0.75	0.02	0.02	0	0	0.75
240200	0.75	0.01	0.01	0	0	0.75
240300	0.75	0.02	0.02	0	0	0.75
240400	0.75	0.02	0.02	0	0	0.75
240500	0.75	0.01	0.01	0	0	0.75
240600	0.75	0	0	0	0	0.75
240700	0.75	0	0	0	0	0.75
240800	0.75	0	0	0	0	0.75
240900	0.75	0	0	0	0	0.75
241000	0.75	0.01	0.01	0	0	0.75
241100	0.75	0.01	0.01	0	0	0.75
241200	0.75	0.01	0.01	0	0	0.75
241300	0.75	0.01	0.01	0	0	0.75
241400	0.75	0.01	0.01	0	0	0.75
241500	0.75	0	0	0	0	0.75
241600	0.75	0	0	0	0	0.75
241700	0.75	0.01	0.01	0	0	0.75
241800	0.75	0.02	0.02	0	0	0.75
241900	0.75	0.02	0.02	0	0	0.75
242000	0.75	0.02	0.02	0	0	0.75
242100	0.75	0.02	0.02	0	0	0.75
242200	0.75	0.01	0.01	0	0	0.75
242300	0.75	0.01	0.01	0	0	0.75
242400	0.75	0	0	0	0	0.75
242500	0.75	0	0	0	0	0.75
242600	0.75	0.01	0.01	0	0	0.75
242700	0.75	0.01	0.01	0	0	0.75
242800	0.75	0.01	0.01	0	0	0.75
242900	0.75	0.01	0.01	0	0	0.75
243000	0.75	0.03	0.03	0	0	0.75
243100	0.75	0.04	0.04	0	0	0.75
243200	0.75	0.03	0.03	0	0	0.75
243300	0.75	0.03	0.03	0	0	0.75
243400	0.75	0.03	0.03	0	0	0.75
243500	0.75	0.01	0.01	0	0	0.75
243600	0.75	0.01	0.01	0	0	0.75
243700	0.75	0.01	0.01	0	0	0.75
243800	0.75	0.01	0.01	0	0	0.75
243900	0.75	0.01	0.01	0	0	0.75
244000	0.75	0.03	0.03	0	0	0.75
244100	0.75	0.04	0.04	0	0	0.75
244200	0.75	0.03	0.03	0	0	0.75
244300	0.75	0.03	0.03	0	0	0.75
244400	0.75	0.03	0.03	0	0	0.75
244500	0.75	0.01	0.01	0	0	0.75
244600	0.75	0.01	0.01	0	0	0.75
244700	0.75	0.01	0.01	0	0	0.75
244800	0.75	0.01	0.01	0	0	0.75
244900	0.75	0	0	0	0	0.75
245000	0.75	0	0	0	0	0.75
245100	0.75	0	0	0	0	0.75
245200	0.75	0	0	0	0	0.75
245300	0.75	0	0	0	0	0.75
245400	0.75	0.02	0.02	0	0	0.75
245500	0.75	0.01	0.01	0	0	0.75
245600	0.75	0.01	0.01	0	0	0.75
245700	0.75	0.02	0.02	0	0	0.75
245800	0.75	0.02	0.02	0	0	0.75
245900	0.75	0.01	0.01	0	0	0.75
246000	0.75	0.01	0.01	0	0	0.75
246100	0.75	0	0	0	0	0.75
246200	0.75	0	0	0	0	0.75
246300	0.75	0	0	0	0	0.75
246400	0.75	0	0	0	0	0.75
246500	0.75	0	0	0	0	0.75
246600	0.75	0	0	0	0	0.75
246700	0.75	0	0	0	0	0.75
246800	0.75	0.01	0.01	0	0	0.75
246900	0.75	0	0	0	0	0.75
247000	0.75	0	0	0	0	0.75
247100	0.75	0.01	0.01	0	0	0.75
247200	0.75	0.01	0.01	0	0	0.75
247300	0.75	0.03	0.03	0	0	0.75
247400	0.75	0.03	0.03	0	0	0.75
247500	0.75	0.02	0.02	0	0	0.75
247600	0.75	0.01	0.01	0	0	0.75
247700	0.75	0	0	0	0	0.75
247800	0.75	0	0	0	0	0.75
247900	0.75	0	0	0	0	0.75
248000	0.75	0	0	0	0	0.75
248100	0.75	0	0	0	0	0.75
248200	0.75	0	0	0	0	0.75
248300	0.75	0	0	0	0	0.75
248400	0.75	0.01	0.01	0	0	0.75
248500	0.75	0.02	0.02	0	0	0.75
248600	0.75	0.03	0.03	0	0	0.75
248700	0.75	0.03	0.03	0	0	0.75
248800	0.75	0.03	0.03	0	0	0.75
248900	0.75	0.02	0.02	0	0	0.75
249000	0.75	0.01	0.01	0	0	0.75
249100	0.75	0	0	0	0	0.75
249200	0.75	0	0	0	0	0.75
249300	0.75	0.01	0.01	0	0	0.75
249400	0.75	0.03	0.03	0	0	0.75
249500	0.75	0.05	0.05	0	0	0.75
249600	0.75	0.04	0.04	0	0	0.75
249700	0.75	0.04	0.04	0	0	0.75
249800	0.75	0.03	0.03	0	0	0.75
249900	0.75	0.03	0.03	0	0	0.75
250000	0.75	0.03	0.03	0	0	0.75
250100	0.75	0.02	0.02	0	0	0.75
250200	0.75	0.02	0.02	0	0	0.75
250300	0.75	0.04	0.04	0	0	0.75
250400	0.75	0.05	0.05	0	0	0.75
250500	0.75	0.05	0.05	0	0	0.75
250600	0.75	0.04	0.04	0	0	0.75
250700	0.75	0.03	0.03	0	0	0.75
250800	0.75	0.03	0.03	0	0	0.75
250900	0.75	0	0	0	0	0.75
251000	0.75	0	0	0	0	0.75
251100	0.75	0	0	0	0	0.75
251200	0.75	0	0	0	0	0.75
251300	0.75	0.01	0.01	0	0	0.75
251400	0.75	0.01	0.01	0	0	0.75
251500	0.75	0.01	0.01	0	0	0.75
251600	0.75	0.01	0.01	0	0	0.75
251700	0.75	0.01	0.01	0	0	0.75
251800	0.75	0.01	0.01	0	0	0.75
251900	0.75	0	0	0	0	0.75
252000	0.75	0.02	0.02	0	0	0.75
252100	0.75	0.02	0.02	0	0	0.75
252200	0.75	0.02	0.02	0	0	0.75
252300	0.75	0.02	0.02	0	0	0.75
252400	0.75	0.02	0.02	0	0	0.75
252500	0.75	0.02	0.02	0	0	0.75
252600	0.75	0.01	0.01	0	0	0.75
252700	0.75	0.01	0.01	0	0	0.75
252800	0.75	0.01	0.01	0	0	0.75
252900	0.75	0.01	0.01	0	0	0.75
253000	0.75	0.01	0.01	0	0	0.75
253100	0.75	0.01	0.01	0	0	0.75
253200	0.75	0.02	0.02	0	0	0.75
253300	0.75	0.02	0.02	0	0	0.75
253400	0.75	0.01	0.01	0	0	0.75
253500	0.75	0.01	0.01	0	0	0.75
253600	0.75	0.01	0.01	0	0	0.75
253700	0.75	0.01	0.01	0	0	0.75
253800	0.75	0.03	0.03	0	0	0.75
253900	0.75	0.02	0.02	0	0	0.75
254000	0.75	0.02	0.02	0	0	0.75
254100	0.75	0.03	0.03	0	0	0.75
254200	0.75	0.03	0.03	0	0	0.75
254300	0.75	0.02	0.02	0	0	0.75
254400	0.75	0.02	0.02	0	0	0.75
254500	0.75	0.02	0.02	0	0	0.75
254600	0.75	0.02	0.02	0	0	0.75
254700	0.75	0.01	0.01	0	0	0.75
254800	0.75	0	0	0	0	0.75
254900	0.75	0	0	0	0	0.75
255000	0.75	0.01	0.01	0	0	0.75
255100	0.75	0.01	0.01	0	0	0.75
255200	0.75	0.01	0.01	0	0	0.75
255300	0.75	0.02	0.02	0	0	0.75
255400	0.75	0.01	0.01	0	0	0.75
255500	0.75	0.01	0.01	0	0	0.75
255600	0.75	0.01	0.01	0	0	0.75
255700	0.75	0.02	0.02	0	0	0.75
255800	0.75	0.02	0.02	0	0	0.75
255900	0.75	0.01	0.01	0	0	0.75
256000	0.75	0.01	0.01	0	0	0.75
256100	0.75	0.01	0.01	0	0	0.75
256200	0.75	0	0	0	0	0.75
256300	0.75	0	0	0	0	0.75
256400	0.75	0.01	0.01	0	0	0.75
256500	0.75	0.02	0.02	0	0	0.75
256600	0.75	0.02	0.02	0	0	0.75
256700	0.75	0.01	0.01	0	0	0.75
256800	0.75	0.01	0.01	0	0	0.75
256900	0.75	0.01	0.01	0	0	0.75
257000	0.75	0.01	0.01	0	0	0.75
257100	0.75	0	0	0	0	0.75
257200	0.75	0.01	0.01	0	0	0.75
257300	0.75	0.02	0.02	0	0	0.75
257400	0.75	0.03	0.03	0	0	0.75
257500	0.75	0.02	0.02	0	0	0.75
257600	0.75	0.02	0.02	0	0	0.75
257700	0.75	0.01	0.01	0	0	0.75
257800	0.75	0	0	0	0	0.75
257900	0.75	0.01	0.01	0	0	0.75
258000	0.75	0.01	0.01	0	0	0.75
258100	0.75	0.01	0.01	0	0	0.75
258200	0.75	0.02	0.02	0	0	0.75
258300	0.75	0.02	0.02	0	0	0.75
258400	0.75	0.01	0.01	0	0	0.75
258500	0.75	0.01	0.01	0	0	0.75
258600	0.75	0.01	0.01	0	0	0.75
258700	0.75	0.01	0.01	0	0	0.75
258800	0.75	0	0	0	0	0.75
258900	0.75	0	0	0	0	0.75
259000	0.75	0.01	0.01	0	0	0.75
259100	0.75	0.01	0.01	0	0	0.75
259200	0.75	0.01	0.01	0	0	0.75
259300	0.75	0.01	0.01	0	0	0.75
259400	0.75	0.01	0.01	0	0	0.75
259500	0.75	0.01	0.01	0	0	0.75
259600	0.75	0	0	0	0	0.75
259700	0.75	0	0	0	0	0.75
259800	0.75	0.01	0.01	0	0	0.75
259900	0.75	0.01	0.01	0	0	0.75
260000	0.75	0.02	0.02	0	0	0.75
260100	0.75	0.03	0.03	0	0	0.75
260200	0.75	0.03	0.03	0	0	0.75
260300	0.75	0.05	0.05	0	0	0.75
260400	0.75	0.05	0.05	0	0	0.75
260500	0.75	0.04	0.04	0	0	0.75
260600	0.75	0.04	0.04	0	0	0.75
260700	0.75	0.03	0.03	0	0	0.75
260800	0.75	0.01	0.01	0	0	0.75
260900	0.75	0	0	0	0	0.75
261000	0.75	0	0	0	0	0.75
261100	0.75	0	0	0	0	0.75
261200	0.75	0	0	0	0	0.75
261300	0.75	0.01	0.01	0	0	0.75
261400	0.75	0.01	0.01	0	0	0.75
261500	0.75	0.01	0.01	0	0	0.75
261600	0.75	0.02	0.02	0	0	0.75
261700	0.75	0.01	0.01	0	0	0.75
261800	0.75	0.02	0.02	0	0	0.75
261900	0.75	0.01	0.01	0	0	0.75
262000	0.75	0.01	0.01	0	0	0.75
262100	0.75	0.01	0.01	0	0	0.75
262200	0.75	0	0	0	0	0.75
262300	0.75	0.01	0.01	0	0	0.75
262400	0.75	0.01	0.01	0	0	0.75
262500	0.75	0.04	0.04	0	0	0.75
262600	0.75	0.04	0.04	0	0	0.75
262700	0.75	0.03	0.03	0	0	0.75
262800	0.75	0.03	0.03	0	0	0.75
262900	0.75	0.04	0.04	0	0	0.75
263000	0.75	0.05	0.05	0	0	0.75
263100	0.75	0.04	0.04	0	0	0.75
263200	0.75	0.03	0.03	0	0	0.75
263300	0.75	0.04	0.04	0	0	0.75
263400	0.75	0.01	0.01	0	0	0.75
263500	0.75	0	0	0	0	0.75
263600	0.75	0	0	0	0	0.75
263700	0.75	0	0	0	0	0.75
263800	0.75	0.01	0.01	0	0	0.75
263900	0.75	0.01	0.01	0	0	0.75
264000	0.75	0.01	0.01	0	0	0.75
264100	0.75	0.01	0.01	0	0	0.75
264200	0.75	0.01	0.01	0	0	0.75
264300	0.75	0	0	0	0	0.75
264400	0.75	0.01	0.01	0	0	0.75
264500	0.75	0.01	0.01	0	0	0.75
264600	0.75	0.01	0.01	0	0	0.75
264700	0.75	0.01	0.01	0	0	0.75
264800	0.75	0.01	0.01	0	0	0.75
264900	0.75	0	0	0	0	0.75
265000	0.75	0.01	0.01	0	0	0.75
265100	0.75	0.02	0.02	0	0	0.75
265200	0.75	0.03	0.03	0	0	0.75
265300	0.75	0.03	0.03	0	0	0.75
265400	0.75	0.03	0.03	0	0	0.75
265500	0.75	0.02	0.02	0	0	0.75
265600	0.75	0.01	0.01	0	0	0.75
265700	0.75	0.01	0.01	0	0	0.75
265800	0.75	0.01	0.01	0	0	0.75
265900	0.75	0.01	0.01	0	0	0.75
266000	0.75	0	0	0	0	0.75
266100	0.75	0	0	0	0	0.75
266200	0.75	0	0	0	0	0.75
266300	0.75	0	0	0	0	0.75
266400	0.75	0	0	0	0	0.75
266500	0.75	0.01	0.01	0	0	0.75
266600	0.75	0.01	0.01	0	0	0.75
266700	0.75	0.02	0.02	0	0	0.75
266800	0.75	0.02	0.02	0	0	0.75
266900	0.75	0.02	0.02	0	0	0.75
267000	0.75	0.03	0.03	0	0	0.75
267100	0.75	0.03	0.03	0	0	0.75
267200	0.75	0.03	0.03	0	0	0.75
267300	0.75	0.03	0.03	0	0	0.75
267400	0.75	0.03	0.03	0	0	0.75
267500	0.75	0.03	0.03	0	0	0.75
267600	0.75	0.03	0.03	0	0	0.75
267700	0.75	0.01	0.01	0	0	0.75
267800	0.75	0.01	0.01	0	0	0.75
267900	0.75	0	0	0	0	0.75
268000	0.75	0	0	0	0	0.75
268100	0.75	0.01	0.01	0	0	0.75
268200	0.75	0	0	0	0	0.75
268300	0.75	0	0	0	0	0.75
268400	0.75	0	0	0	0	0.75
268500	0.75	0	0	0	0	0.75
268600	0.75	0	0	0	0	0.75
268700	0.75	0	0	0	0	0.75
268800	0.75	0.01	0.01	0	0	0.75
268900	0.75	0.01	0.01	0	0	0.75
269000	0.75	0.03	0.03	0	0	0.75
269100	0.75	0.03	0.03	0	0	0.75
269200	0.75	0.04	0.04	0	0	0.75
269300	0.75	0.03	0.03	0	0	0.75
269400	0.75	0.03	0.03	0	0	0.75
269500	0.75	0.02	0.02	0	0	0.75
269600	0.75	0.03	0.03	0	0	0.75
269700	0.75	0.03	0.03	0	0	0.75
269800	0.75	0.02	0.02	0	0	0.75
269900	0.75	0.01	0.01	0	0	0.75
270000	0.75	0.01	0.01	0	0	0.75
270100	0.75	0.02	0.02	0	0	0.75
270200	0.75	0.02	0.02	0	0	0.75
270300	0.75	0.01	0.01	0	0	0.75
270400	0.74	0.03	0.03	0	0	0.74
270500	0.74	0.04	0.04	0	0	0.74
270600	0.74	0.03	0.03	0	0	0.74
270700	0.74	0.03	0.03	0	0	0.74
270800	0.74	0.03	0.03	0	0	0.74
270900	0.74	0.02	0.02	0	0	0.74
271000	0.74	0.01	0.01	0	0	0.74
271100	0.74	0	0	0	0	0.74
271200	0.74	0	0	0	0	0.74
271300	0.74	0	0	0	0	0.74
271400	0.74	0	0	0	0	0.74
271500	0.74	0	0	0	0	0.74
271600	0.74	0	0	0	0	0.74
271700	0.74	0	0	0	0	0.74
271800	0.74	0	0	0	0	0.74
271900	0.74	0	0	0	0	0.74
272000	0.74	0.02	0.02	0	0	0.74
272100	0.74	0.02	0.02	0	0	0.74
272200	0.74	0.03	0.03	0	0	0.74
272300	0.74	0.03	0.03	0	0	0.74
272400	0.74	0.03	0.03	0	0	0.74
272500	0.74	0.03	0.03	0	0	0.74
272600	0.74	0.04	0.04	0	0	0.74
272700	0.74	0.03	0.03	0	0	0.74
272800	0.74	0.02	0.02	0	0	0.74
272900	0.74	0.02	0.02	0	0	0.74
273000	0.74	0.01	0.01	0	0	0.74
273100	0.74	0	0	0	0	0.74
273200	0.74	0	0	0	0	0.74
273300	0.74	0	0	0	0	0.74
273400	0.74	0	0	0	0	0.74
273500	0.74	0	0	0	0	0.74
273600	0.74	0	0	0	0	0.74
273700	0.74	0	0	0	0	0.74
273800	0.74	0	0	0	0	0.74
273900	0.74	0	0	0	0	0.74
274000	0.74	0.01	0.01	0	0	0.74
274100	0.74	0.01	0.01	0	0	0.74
274200	0.74	0.02	0.02	0	0	0.74
274300	0.74	0.02	0.02	0	0	0.74
274400	0.74	0.02	0.02	0	0	0.74
274500	0.74	0.01	0.01	0	0	0.74
274600	0.74	0.01	0.01	0	0	0.74
274700	0.74	0.01	0.01	0	0	0.74
274800	0.74	0	0	0	0	0.74
274900	0.74	0	0	0	0	0.74
275000	0.74	0	0	0	0	0.74
275100	0.74	0	0	0	0	0.74
275200	0.74	0	0	0	0	0.74
275300	0.74	0	0	0	0	0.74
275400	0.74	0.01	0.01	0	0	0.74
275500	0.74	0	0	0	0	0.74
275600	0.74	0	0	0	0	0.74
275700	0.74	0	0	0	0	0.74
275800	0.74	0	0	0	0	0.74
275900	0.74	0.02	0.02	0	0	0.74
276000	0.74	0.02	0.02	0	0	0.74
276100	0.74	0.02	0.02	0	0	0.74
276200	0.74	0.03	0.03	0	0	0.74
276300	0.74	0.03	0.03	0	0	0.74
276400	0.74	0.02	0.02	0	0	0.74
276500	0.74	0.01	0.01	0	0	0.74
276600	0.74	0.01	0.01	0	0	0.74
276700	0.74	0.01	0.01	0	0	0.74
276800	0.74	0	0	0	0	0.74
276900	0.74	0	0	0	0	0.74
277000	0.74	0	0	0	0	0.74
277100	0.74	0	0	0	0	0.74
277200	0.74	0	0	0	0	0.74
277300	0.74	0	0	0	0	0.74
277400	0.74	0	0	0	0	0.74
277500	0.74	0	0	0	0	0.74
277600	0.74	0.01	0.01	0	0	0.74
277700	0.74	0.03	0.03	0	0	0.74
277800	0.74	0.03	0.03	0	0	0.74
277900	0.74	0.03	0.03	0	0	0.74
278000	0.74	0.01	0.01	0	0	0.74
278100	0.74	0.01	0.01	0	0	0.74
278200	0.74	0	0	0	0	0.74
278300	0.74	0	0	0	0	0.74
278400	0.74	0	0	0	0	0.74
278500	0.74	0	0	0	0	0.74
278600	0.74	0	0	0	0	0.74
278700	0.74	0	0	0	0	0.74
278800	0.74	0	0	0	0	0.74
278900	0.74	0.05	0.05	0	0	0.74
279000	0.74	0.04	0.04	0	0	0.74
279100	0.74	0.01	0.01	0	0	0.74
279200	0.74	0	0	0	0	0.74
279300	0.74	0	0	0	0	0.74
279400	0.74	0	0	0	0	0.74
279500	0.74	0	0	0	0	0.74
279600	0.74	0	0	0	0	0.74
279700	0.74	0	0	0	0	0.74
279800	0.74	0.01	0.01	0	0	0.74
279900	0.74	0.01	0.01	0	0	0.74
280000	0.74	0.01	0.01	0	0	0.74
280100	0.74	0.01	0.01	0	0	0.74
280200	0.74	0.01	0.01	0	0	0.74
280300	0.74	0.01	0.01	0	0	0.74
280400	0.74	0.02	0.02	0	0	0.74
280500	0.74	0	0	0	0	0.74
280600	0.74	0	0	0	0	0.74
280700	0.74	0	0	0	0	0.74
280800	0.74	0.01	0.01	0	0	0.74
280900	0.74	0.02	0.02	0	0	0.74
281000	0.74	0.02	0.02	0	0	0.74
281100	0.74	0.01	0.01	0	0	0.74
281200	0.74	0	0	0	0	0.74
281300	0.74	0	0	0	0	0.74
281400	0.74	0	0	0	0	0.74
281500	0.74	0.01	0.01	0	0	0.74
281600	0.74	0.02	0.02	0	0	0.74
281700	0.74	0.02	0.02	0	0	0.74
281800	0.74	0.03	0.03	0	0	0.74
281900	0.74	0.04	0.04	0	0	0.74
282000	0.74	0.02	0.02	0	0	0.74
282100	0.74	0.01	0.01	0	0	0.74
282200	0.74	0	0	0	0	0.74
282300	0.74	0	0	0	0	0.74
282400	0.74	0	0	0	0	0.74
282500	0.74	0	0	0	0	0.74
282600	0.74	0	0	0	0	0.74
282700	0.74	0	0	0	0	0.74
282800	0.74	0.01	0.01	0	0	0.74
282900	0.74	0.01	0.01	0	0	0.74
283000	0.74	0.01	0.01	0	0	0.74
283100	0.74	0.02	0.02	0	0	0.74
283200	0.74	0.02	0.02	0	0	0.74
283300	0.74	0.02	0.02	0	0	0.74
283400	0.74	0.02	0.02	0	0	0.74
283500	0.74	0.04	0.04	0	0	0.74
283600	0.74	0.04	0.04	0	0	0.74
283700	0.74	0.05	0.05	0	0	0.74
283800	0.74	0.02	0.02	0	0	0.74
283900	0.74	0.01	0.01	0	0	0.74
284000	0.74	0.01	0.01	0	0	0.74
284100	0.74	0.02	0.02	0	0	0.74
284200	0.74	0.01	0.01	0	0	0.74
284300	0.74	0.01	0.01	0	0	0.74
284400	0.74	0	0	0	0	0.74
284500	0.74	0	0	0	0	0.74
284600	0.74	0.01	0.01	0	0	0.74
284700	0.74	0.02	0.02	0	0	0.74
284800	0.74	0.02	0.02	0	0	0.74
284900	0.74	0.01	0.01	0	0	0.74
285000	0.74	0.01	0.01	0	0	0.74
285100	0.74	0.03	0.03	0	0	0.74
285200	0.74	0.03	0.03	0	0	0.74
285300	0.74	0.04	0.04	0	0	0.74
285400	0.74	0.04	0.04	0	0	0.74
285500	0.74	0.03	0.03	0	0	0.74
285600	0.74	0.02	0.02	0	0	0.74
285700	0.74	0.01	0.01	0	0	0.74
285800	0.74	0.01	0.01	0	0	0.74
285900	0.74	0.01	0.01	0	0	0.74
286000	0.74	0.02	0.02	0	0	0.74
286100	0.74	0.02	0.02	0	0	0.74
286200	0.74	0.02	0.02	0	0	0.74
286300	0.74	0.02	0.02	0	0	0.74
286400	0.74	0.01	0.01	0	0	0.74
286500	0.74	0	0	0	0	0.74
286600	0.74	0	0	0	0	0.74
286700	0.74	0.01	0.01	0	0	0.74
286800	0.74	0.01	0.01	0	0	0.74
286900	0.74	0.03	0.03	0	0	0.74
287000	0.74	0.03	0.03	0	0	0.74
287100	0.74	0.02	0.02	0	0	0.74
287200	0.74	0.01	0.01	0	0	0.74
287300	0.74	0.01	0.01	0	0	0.74
287400	0.74	0.01	0.01	0	0	0.74
287500	0.74	0.01	0.01	0	0	0.74
287600	0.74	0.02	0.02	0	0	0.74
287700	0.74	0.01	0.01	0	0	0.74
287800	0.74	0.01	0.01	0	0	0.74
287900	0.74	0.01	0.01	0	0	0.74
288000	0.74	0.01	0.01	0	0	0.74
288100	0.74	0.01	0.01	0	0	0.74
288200	0.74	0	0	0	0	0.74
288300	0.74	0	0	0	0	0.74
288400	0.74	0.01	0.01	0	0	0.74
288500	0.74	0.01	0.01	0	0	0.74
288600	0.74	0.01	0.01	0	0	0.74
288700	0.74	0.01	0.01	0	0	0.74
288800	0.74	0	0	0	0	0.74
288900	0.74	0	0	0	0	0.74
289000	0.74	0	0	0	0	0.74
289100	0.74	0	0	0	0	0.74
289200	0.74	0	0	0	0	0.74
289300	0.74	0	0	0	0	0.74
289400	0.74	0	0	0	0	0.74
289500	0.74	0.01	0.01	0	0	0.74
289600	0.74	0.01	0.01	0	0	0.74
289700	0.74	0.01	0.01	0	0	0.74
289800	0.74	0.01	0.01	0	0	0.74
289900	0.74	0	0	0	0	0.74
290000	0.74	0	0	0	0	0.74
290100	0.74	0.02	0.02	0	0	0.74
290200	0.74	0.02	0.02	0	0	0.74
290300	0.74	0.03	0.03	0	0	0.74
290400	0.74	0.03	0.03	0	0	0.74
290500	0.74	0.04	0.04	0	0	0.74
290600	0.74	0.04	0.04	0	0	0.74
290700	0.74	0.03	0.03	0	0	0.74
290800	0.74	0.02	0.02	0	0	0.74
290900	0.74	0.02	0.02	0	0	0.74
291000	0.74	0.01	0.01	0	0	0.74
291100	0.74	0.01	0.01	0	0	0.74
291200	0.74	0.01	0.01	0	0	0.74
291300	0.74	0.01	0.01	0	0	0.74
291400	0.74	0.01	0.01	0	0	0.74
291500	0.74	0	0	0	0	0.74
291600	0.74	0.01	0.01	0	0	0.74
291700	0.74	0.01	0.01	0	0	0.74
291800	0.74	0.01	0.01	0	0	0.74
291900	0.75	0.01	0.01	0	0	0.75
292000	0.74	0.01	0.01	0	0	0.74
292100	0.74	0.01	0.01	0	0	0.74
292200	0.74	0	0	0	0	0.74
292300	0.74	0.01	0.01	0	0	0.74
292400	0.74	0	0	0	0	0.74
292500	0.74	0	0	0	0	0.74
292600	0.74	0.01	0.01	0	0	0.74
292700	0.74	0.01	0.01	0	0	0.74
292800	0.75	0.01	0.01	0	0	0.75
292900	0.75	0.01	0.01	0	0	0.75
293000	0.75	0.03	0.03	0	0	0.75
293100	0.75	0.03	0.03	0	0	0.75
293200	0.75	0.03	0.03	0	0	0.75
293300	0.75	0.02	0.02	0	0	0.75
293400	0.75	0.02	0.02	0	0	0.75
293500	0.75	0.02	0.02	0	0	0.75
293600	0.75	0.02	0.02	0	0	0.75
293700	0.75	0.01	0.01	0	0	0.75
293800	0.75	0	0	0	0	0.75
293900	0.75	0	0	0	0	0.75
294000	0.75	0	0	0	0	0.75
294100	0.75	0	0	0	0	0.75
294200	0.75	0	0	0	0	0.75
294300	0.75	0	0	0	0	0.75
294400	0.75	0	0	0	0	0.75
294500	0.75	0	0	0	0	0.75
294600	0.75	0	0	0	0	0.75
294700	0.75	0	0	0	0	0.75
294800	0.75	0	0	0	0	0.75
294900	0.75	0	0	0	0	0.75
295000	0.75	0	0	0	0	0.75
295100	0.75	0	0	0	0	0.75
295200	0.75	0.01	0.01	0	0	0.75
295300	0.75	0.01	0.01	0	0	0.75
295400	0.75	0.01	0.01	0	0	0.75
295500	0.75	0.01	0.01	0	0	0.75
295600	0.75	0.01	0.01	0	0	0.75
295700	0.75	0	0	0	0	0.75
295800	0.75	0	0	0	0	0.75
295900	0.75	0	0	0	0	0.75
296000	0.75	0	0	0	0	0.75
296100	0.75	0	0	0	0	0.75
296200	0.75	0	0	0	0	0.75
296300	0.75	0	0	0	0	0.75
296400	0.75	0	0	0	0	0.75
296500	0.75	0	0	0	0	0.75
296600	0.75	0	0	0	0	0.75
296700	0.75	0	0	0	0	0.75
296800	0.75	0.01	0.01	0	0	0.75
296900	0.75	0.01	0.01	0	0	0.75
297000	0.75	0.03	0.03	0	0	0.75
297100	0.75	0.02	0.02	0	0	0.75
297200	0.75	0	0	0	0	0.75
297300	0.75	0	0	0	0	0.75
297400	0.75	0	0	0	0	0.75
297500	0.75	0	0	0	0	0.75
297600	0.75	0.03	0.03	0	0	0.75
297700	0.75	0.01	0.01	0	0	0.75
297800	0.75	0.01	0.01	0	0	0.75
297900	0.75	0.01	0.01	0	0	0.75
298000	0.75	0	0	0	0	0.75
298100	0.75	0	0	0	0	0.75
298200	0.75	0	0	0	0	0.75
298300	0.75	0	0	0	0	0.75
298400	0.75	0	0	0	0	0.75
298500	0.75	0.01	0.01	0	0	0.75
298600	0.75	0.02	0.02	0	0	0.75
298700	0.75	0.02	0.02	0	0	0.75
298800	0.75	0.02	0.02	0	0	0.75
298900	0.75	0.04	0.04	0	0	0.75
299000	0.75	0.04	0.04	0	0	0.75
299100	0.75	0.04	0.04	0	0	0.75
299200	0.75	0.04	0.04	0	0	0.75
299300	0.75	0.04	0.04	0	0	0.75
299400	0.75	0.04	0.04	0	0	0.75
299500	0.75	0.01	0.01	0	0	0.75
299600	0.75	0.01	0.01	0	0	0.75
299700	0.75	0	0	0	0	0.75
299800	0.75	0.01	0.01	0	0	0.75
299900	0.75	0.01	0.01	0	0	0.75
300000	0.75	0.01	0.01	0	0	0.75
