100	0.12	0.08	0.08	0	0	0.12
200	0.11	0.05	0.05	0	0	0.11
300	0.11	0.05	0.05	0	0	0.11
400	0.11	0.08	0.08	0	0	0.11
500	0.1	0.09	0.09	0	0	0.1
600	0.1	0.06	0.06	0	0	0.1
700	0.09	0.06	0.06	0	0	0.09
800	0.09	0.06	0.06	0	0	0.09
900	0.09	0.07	0.07	0	0	0.09
1000	0.1	0.08	0.08	0	0	0.1
1100	0.1	0.05	0.05	0	0	0.1
1200	0.09	0.04	0.04	0	0	0.09
1300	0.08	0.02	0.02	0	0	0.08
1400	0.08	0.01	0.01	0	0	0.08
1500	0.09	0.03	0.03	0	0	0.09
1600	0.1	0.04	0.04	0	0	0.1
1700	0.12	0.03	0.03	0	0	0.12
1800	0.12	0.04	0.04	0	0	0.12
1900	0.13	0.04	0.04	0	0	0.13
2000	0.13	0.02	0.02	0	0	0.13
2100	0.12	0.02	0.02	0	0	0.12
2200	0.11	0	0	0	0	0.11
2300	0.13	0.01	0.01	0	0	0.13
2400	0.13	0.05	0.05	0	0	0.13
2500	0.13	0.07	0.07	0	0	0.13
2600	0.12	0.07	0.07	0	0	0.12
2700	0.1	0.07	0.07	0	0	0.1
2800	0.11	0.07	0.07	0	0	0.11
2900	0.13	0.07	0.07	0	0	0.13
3000	0.14	0.07	0.07	0	0	0.14
3100	0.13	0.03	0.03	0	0	0.13
3200	0.13	0.04	0.04	0	0	0.13
3300	0.15	0.02	0.02	0	0	0.15
3400	0.15	0.02	0.02	0	0	0.15
3500	0.16	0	0	0	0	0.16
3600	0.17	0.01	0.01	0	0	0.17
3700	0.18	0.02	0.02	0	0	0.18
3800	0.2	0.04	0.04	0	0	0.2
3900	0.21	0.05	0.05	0	0	0.21
4000	0.2	0.06	0.06	0	0	0.2
4100	0.2	0.06	0.06	0	0	0.2
4200	0.19	0.06	0.06	0	0	0.19
4300	0.19	0.06	0.06	0	0	0.19
4400	0.19	0.07	0.07	0	0	0.19
4500	0.18	0.06	0.06	0	0	0.18
4600	0.17	0.07	0.07	0	0	0.17
4700	0.17	0.07	0.07	0	0	0.17
4800	0.19	0.07	0.07	0	0	0.19
4900	0.2	0.07	0.07	0	0	0.2
5000	0.2	0.05	0.05	0	0	0.2
5100	0.2	0.06	0.06	0	0	0.2
5200	0.2	0.05	0.05	0	0	0.2
5300	0.19	0.05	0.05	0	0	0.19
5400	0.18	0.05	0.05	0	0	0.18
5500	0.2	0.06	0.06	0	0	0.2
5600	0.23	0.07	0.07	0	0	0.23
5700	0.23	0.08	0.08	0	0	0.23
5800	0.23	0.08	0.08	0	0	0.23
5900	0.23	0.07	0.07	0	0	0.23
6000	0.24	0.07	0.07	0	0	0.24
6100	0.22	0.06	0.06	0	0	0.22
6200	0.21	0.07	0.07	0	0	0.21
6300	0.23	0.07	0.07	0	0	0.23
6400	0.23	0.08	0.08	0	0	0.23
6500	0.24	0.09	0.09	0	0	0.24
6600	0.23	0.09	0.09	0	0	0.23
6700	0.23	0.1	0.1	0	0	0.23
6800	0.22	0.1	0.1	0	0	0.22
6900	0.22	0.1	0.1	0	0	0.22
7000	0.25	0.11	0.11	0	0	0.25
7100	0.25	0.12	0.12	0	0	0.25
7200	0.24	0.11	0.11	0	0	0.24
7300	0.23	0.11	0.11	0	0	0.23
7400	0.24	0.09	0.09	0	0	0.24
7500	0.24	0.09	0.09	0	0	0.24
7600	0.24	0.07	0.07	0	0	0.24
7700	0.26	0.08	0.08	0	0	0.26
7800	0.25	0.08	0.08	0	0	0.25
7900	0.25	0.09	0.09	0	0	0.25
8000	0.26	0.09	0.09	0	0	0.26
8100	0.27	0.09	0.09	0	0	0.27
8200	0.28	0.1	0.1	0	0	0.28
8300	0.28	0.09	0.09	0	0	0.28
8400	0.28	0.09	0.09	0	0	0.28
8500	0.27	0.09	0.09	0	0	0.27
8600	0.27	0.06	0.06	0	0	0.27
8700	0.27	0.06	0.06	0	0	0.27
8800	0.27	0.05	0.05	0	0	0.27
8900	0.27	0.06	0.06	0	0	0.27
9000	0.26	0.05	0.05	0	0	0.26
9100	0.26	0.04	0.04	0	0	0.26
9200	0.28	0.05	0.05	0	0	0.28
9300	0.28	0.06	0.06	0	0	0.28
9400	0.28	0.07	0.07	0	0	0.28
9500	0.29	0.09	0.09	0	0	0.29
9600	0.31	0.09	0.09	0	0	0.31
9700	0.31	0.1	0.1	0	0	0.31
9800	0.32	0.12	0.12	0	0	0.32
9900	0.33	0.12	0.12	0	0	0.33
10000	0.34	0.13	0.13	0	0	0.34
10100	0.35	0.13	0.13	0	0	0.35
10200	0.35	0.13	0.13	0	0	0.35
10300	0.37	0.14	0.14	0	0	0.37
10400	0.38	0.13	0.13	0	0	0.38
10500	0.39	0.15	0.15	0	0	0.39
10600	0.39	0.15	0.15	0	0	0.39
10700	0.39	0.16	0.16	0	0	0.39
10800	0.39	0.16	0.16	0	0	0.39
10900	0.4	0.16	0.16	0	0	0.4
11000	0.41	0.14	0.14	0	0	0.41
11100	0.41	0.11	0.11	0	0	0.41
11200	0.41	0.11	0.11	0	0	0.41
11300	0.41	0.12	0.12	0	0	0.41
11400	0.42	0.1	0.1	0	0	0.42
11500	0.42	0.1	0.1	0	0	0.42
11600	0.42	0.1	0.1	0	0	0.42
11700	0.42	0.1	0.1	0	0	0.42
11800	0.42	0.1	0.1	0	0	0.42
11900	0.42	0.11	0.11	0	0	0.42
12000	0.42	0.13	0.13	0	0	0.42
12100	0.43	0.14	0.14	0	0	0.43
12200	0.43	0.14	0.14	0	0	0.43
12300	0.42	0.13	0.13	0	0	0.42
12400	0.44	0.12	0.12	0	0	0.44
12500	0.44	0.13	0.13	0	0	0.44
12600	0.44	0.13	0.13	0	0	0.44
12700	0.44	0.14	0.14	0	0	0.44
12800	0.44	0.14	0.14	0	0	0.44
12900	0.44	0.15	0.15	0	0	0.44
13000	0.45	0.15	0.15	0	0	0.45
13100	0.45	0.16	0.16	0	0	0.45
13200	0.45	0.16	0.16	0	0	0.45
13300	0.45	0.16	0.16	0	0	0.45
13400	0.45	0.16	0.16	0	0	0.45
13500	0.45	0.16	0.16	0	0	0.45
13600	0.45	0.16	0.16	0	0	0.45
13700	0.45	0.16	0.16	0	0	0.45
13800	0.45	0.16	0.16	0	0	0.45
13900	0.45	0.15	0.15	0	0	0.45
14000	0.45	0.15	0.15	0	0	0.45
14100	0.45	0.15	0.15	0	0	0.45
14200	0.45	0.15	0.15	0	0	0.45
14300	0.45	0.16	0.16	0	0	0.45
14400	0.46	0.17	0.17	0	0	0.46
14500	0.46	0.17	0.17	0	0	0.46
14600	0.48	0.17	0.17	0	0	0.48
14700	0.48	0.17	0.17	0	0	0.48
14800	0.49	0.17	0.17	0	0	0.49
14900	0.49	0.17	0.17	0	0	0.49
15000	0.49	0.17	0.17	0	0	0.49
15100	0.49	0.17	0.17	0	0	0.49
15200	0.5	0.17	0.17	0	0	0.5
15300	0.5	0.17	0.17	0	0	0.5
15400	0.51	0.17	0.17	0	0	0.51
15500	0.51	0.18	0.18	0	0	0.51
15600	0.52	0.18	0.18	0	0	0.52
15700	0.53	0.18	0.18	0	0	0.53
15800	0.53	0.18	0.18	0	0	0.53
15900	0.53	0.18	0.18	0	0	0.53
16000	0.53	0.18	0.18	0	0	0.53
16100	0.53	0.18	0.18	0	0	0.53
16200	0.53	0.18	0.18	0	0	0.53
16300	0.53	0.18	0.18	0	0	0.53
16400	0.53	0.19	0.19	0	0	0.53
16500	0.53	0.19	0.19	0	0	0.53
16600	0.53	0.19	0.19	0	0	0.53
16700	0.53	0.19	0.19	0	0	0.53
16800	0.54	0.2	0.2	0	0	0.54
16900	0.54	0.19	0.19	0	0	0.54
17000	0.54	0.19	0.19	0	0	0.54
17100	0.53	0.21	0.21	0	0	0.53
17200	0.53	0.2	0.2	0	0	0.53
17300	0.53	0.21	0.21	0	0	0.53
17400	0.53	0.21	0.21	0	0	0.53
17500	0.53	0.23	0.23	0	0	0.53
17600	0.53	0.23	0.23	0	0	0.53
17700	0.53	0.22	0.22	0	0	0.53
17800	0.54	0.22	0.22	0	0	0.54
17900	0.54	0.22	0.22	0	0	0.54
18000	0.54	0.22	0.22	0	0	0.54
18100	0.54	0.23	0.23	0	0	0.54
18200	0.54	0.23	0.23	0	0	0.54
18300	0.54	0.23	0.23	0	0	0.54
18400	0.53	0.23	0.23	0	0	0.53
18500	0.53	0.23	0.23	0	0	0.53
18600	0.54	0.22	0.22	0	0	0.54
18700	0.54	0.23	0.23	0	0	0.54
18800	0.54	0.22	0.22	0	0	0.54
18900	0.55	0.21	0.21	0	0	0.55
19000	0.55	0.22	0.22	0	0	0.55
19100	0.55	0.22	0.22	0	0	0.55
19200	0.55	0.22	0.22	0	0	0.55
19300	0.55	0.23	0.23	0	0	0.55
19400	0.56	0.23	0.23	0	0	0.56
19500	0.55	0.23	0.23	0	0	0.55
19600	0.55	0.23	0.23	0	0	0.55
19700	0.56	0.22	0.22	0	0	0.56
19800	0.56	0.23	0.23	0	0	0.56
19900	0.56	0.23	0.23	0	0	0.56
20000	0.56	0.23	0.23	0	0	0.56
20100	0.56	0.23	0.23	0	0	0.56
20200	0.56	0.23	0.23	0	0	0.56
20300	0.56	0.23	0.23	0	0	0.56
20400	0.56	0.23	0.23	0	0	0.56
20500	0.56	0.23	0.23	0	0	0.56
20600	0.56	0.23	0.23	0	0	0.56
20700	0.56	0.23	0.23	0	0	0.56
20800	0.57	0.23	0.23	0	0	0.57
20900	0.57	0.24	0.24	0	0	0.57
21000	0.57	0.24	0.24	0	0	0.57
21100	0.57	0.24	0.24	0	0	0.57
21200	0.57	0.24	0.24	0	0	0.57
21300	0.57	0.24	0.24	0	0	0.57
21400	0.57	0.24	0.24	0	0	0.57
21500	0.57	0.24	0.24	0	0	0.57
21600	0.57	0.24	0.24	0	0	0.57
21700	0.57	0.24	0.24	0	0	0.57
21800	0.57	0.24	0.24	0	0	0.57
21900	0.57	0.24	0.24	0	0	0.57
22000	0.57	0.24	0.24	0	0	0.57
22100	0.58	0.25	0.25	0	0	0.58
22200	0.58	0.25	0.25	0	0	0.58
22300	0.58	0.24	0.24	0	0	0.58
22400	0.58	0.24	0.24	0	0	0.58
22500	0.58	0.24	0.24	0	0	0.58
22600	0.58	0.24	0.24	0	0	0.58
22700	0.58	0.25	0.25	0	0	0.58
22800	0.58	0.26	0.26	0	0	0.58
22900	0.58	0.26	0.26	0	0	0.58
23000	0.58	0.26	0.26	0	0	0.58
23100	0.58	0.26	0.26	0	0	0.58
23200	0.58	0.27	0.27	0	0	0.58
23300	0.58	0.26	0.26	0	0	0.58
23400	0.58	0.26	0.26	0	0	0.58
23500	0.58	0.26	0.26	0	0	0.58
23600	0.59	0.26	0.26	0	0	0.59
23700	0.59	0.25	0.25	0	0	0.59
23800	0.59	0.25	0.25	0	0	0.59
23900	0.59	0.25	0.25	0	0	0.59
24000	0.59	0.25	0.25	0	0	0.59
24100	0.59	0.25	0.25	0	0	0.59
24200	0.59	0.25	0.25	0	0	0.59
24300	0.59	0.25	0.25	0	0	0.59
24400	0.59	0.25	0.25	0	0	0.59
24500	0.59	0.25	0.25	0	0	0.59
24600	0.59	0.25	0.25	0	0	0.59
24700	0.59	0.25	0.25	0	0	0.59
24800	0.59	0.26	0.26	0	0	0.59
24900	0.6	0.26	0.26	0	0	0.6
25000	0.6	0.26	0.26	0	0	0.6
25100	0.6	0.26	0.26	0	0	0.6
25200	0.6	0.26	0.26	0	0	0.6
25300	0.6	0.26	0.26	0	0	0.6
25400	0.6	0.26	0.26	0	0	0.6
25500	0.6	0.27	0.27	0	0	0.6
25600	0.6	0.27	0.27	0	0	0.6
25700	0.6	0.27	0.27	0	0	0.6
25800	0.6	0.26	0.26	0	0	0.6
25900	0.6	0.26	0.26	0	0	0.6
26000	0.6	0.26	0.26	0	0	0.6
26100	0.6	0.26	0.26	0	0	0.6
26200	0.6	0.26	0.26	0	0	0.6
26300	0.6	0.26	0.26	0	0	0.6
26400	0.6	0.26	0.26	0	0	0.6
26500	0.6	0.26	0.26	0	0	0.6
26600	0.6	0.26	0.26	0	0	0.6
26700	0.6	0.26	0.26	0	0	0.6
26800	0.6	0.26	0.26	0	0	0.6
26900	0.6	0.27	0.27	0	0	0.6
27000	0.6	0.27	0.27	0	0	0.6
27100	0.6	0.27	0.27	0	0	0.6
27200	0.6	0.27	0.27	0	0	0.6
27300	0.6	0.26	0.26	0	0	0.6
27400	0.61	0.26	0.26	0	0	0.61
27500	0.6	0.26	0.26	0	0	0.6
27600	0.6	0.26	0.26	0	0	0.6
27700	0.6	0.26	0.26	0	0	0.6
27800	0.6	0.26	0.26	0	0	0.6
27900	0.6	0.26	0.26	0	0	0.6
28000	0.6	0.26	0.26	0	0	0.6
28100	0.6	0.26	0.26	0	0	0.6
28200	0.6	0.26	0.26	0	0	0.6
28300	0.6	0.27	0.27	0	0	0.6
28400	0.61	0.27	0.27	0	0	0.61
28500	0.61	0.27	0.27	0	0	0.61
28600	0.61	0.26	0.26	0	0	0.61
28700	0.61	0.27	0.27	0	0	0.61
28800	0.61	0.27	0.27	0	0	0.61
28900	0.61	0.27	0.27	0	0	0.61
29000	0.61	0.27	0.27	0	0	0.61
29100	0.61	0.26	0.26	0	0	0.61
29200	0.61	0.26	0.26	0	0	0.61
29300	0.61	0.26	0.26	0	0	0.61
29400	0.61	0.26	0.26	0	0	0.61
29500	0.61	0.26	0.26	0	0	0.61
29600	0.61	0.26	0.26	0	0	0.61
29700	0.61	0.26	0.26	0	0	0.61
29800	0.61	0.26	0.26	0	0	0.61
29900	0.61	0.26	0.26	0	0	0.61
30000	0.61	0.26	0.26	0	0	0.61
30100	0.61	0.26	0.26	0	0	0.61
30200	0.61	0.27	0.27	0	0	0.61
30300	0.61	0.27	0.27	0	0	0.61
30400	0.61	0.27	0.27	0	0	0.61
30500	0.61	0.26	0.26	0	0	0.61
30600	0.61	0.26	0.26	0	0	0.61
30700	0.61	0.26	0.26	0	0	0.61
30800	0.61	0.26	0.26	0	0	0.61
30900	0.61	0.26	0.26	0	0	0.61
31000	0.61	0.26	0.26	0	0	0.61
31100	0.61	0.26	0.26	0	0	0.61
31200	0.61	0.26	0.26	0	0	0.61
31300	0.61	0.26	0.26	0	0	0.61
31400	0.61	0.26	0.26	0	0	0.61
31500	0.61	0.26	0.26	0	0	0.61
31600	0.61	0.26	0.26	0	0	0.61
31700	0.61	0.26	0.26	0	0	0.61
31800	0.61	0.26	0.26	0	0	0.61
31900	0.61	0.26	0.26	0	0	0.61
32000	0.61	0.27	0.27	0	0	0.61
32100	0.61	0.27	0.27	0	0	0.61
32200	0.61	0.27	0.27	0	0	0.61
32300	0.61	0.27	0.27	0	0	0.61
32400	0.61	0.28	0.28	0	0	0.61
32500	0.61	0.28	0.28	0	0	0.61
32600	0.61	0.27	0.27	0	0	0.61
32700	0.61	0.27	0.27	0	0	0.61
32800	0.61	0.27	0.27	0	0	0.61
32900	0.61	0.27	0.27	0	0	0.61
33000	0.61	0.27	0.27	0	0	0.61
33100	0.61	0.27	0.27	0	0	0.61
33200	0.61	0.27	0.27	0	0	0.61
33300	0.61	0.27	0.27	0	0	0.61
33400	0.61	0.27	0.27	0	0	0.61
33500	0.61	0.27	0.27	0	0	0.61
33600	0.61	0.27	0.27	0	0	0.61
33700	0.61	0.27	0.27	0	0	0.61
33800	0.61	0.27	0.27	0	0	0.61
33900	0.61	0.27	0.27	0	0	0.61
34000	0.61	0.27	0.27	0	0	0.61
34100	0.61	0.27	0.27	0	0	0.61
34200	0.61	0.27	0.27	0	0	0.61
34300	0.61	0.27	0.27	0	0	0.61
34400	0.61	0.28	0.28	0	0	0.61
34500	0.61	0.28	0.28	0	0	0.61
34600	0.61	0.28	0.28	0	0	0.61
34700	0.61	0.28	0.28	0	0	0.61
34800	0.61	0.27	0.27	0	0	0.61
34900	0.61	0.27	0.27	0	0	0.61
35000	0.61	0.27	0.27	0	0	0.61
35100	0.61	0.27	0.27	0	0	0.61
35200	0.61	0.27	0.27	0	0	0.61
35300	0.61	0.27	0.27	0	0	0.61
35400	0.61	0.27	0.27	0	0	0.61
35500	0.61	0.27	0.27	0	0	0.61
35600	0.61	0.27	0.27	0	0	0.61
35700	0.61	0.27	0.27	0	0	0.61
35800	0.61	0.27	0.27	0	0	0.61
35900	0.61	0.28	0.28	0	0	0.61
36000	0.61	0.27	0.27	0	0	0.61
36100	0.61	0.27	0.27	0	0	0.61
36200	0.61	0.27	0.27	0	0	0.61
36300	0.61	0.27	0.27	0	0	0.61
36400	0.61	0.27	0.27	0	0	0.61
36500	0.61	0.27	0.27	0	0	0.61
36600	0.62	0.28	0.28	0	0	0.62
36700	0.62	0.28	0.28	0	0	0.62
36800	0.62	0.28	0.28	0	0	0.62
36900	0.62	0.28	0.28	0	0	0.62
37000	0.62	0.28	0.28	0	0	0.62
37100	0.62	0.28	0.28	0	0	0.62
37200	0.62	0.28	0.28	0	0	0.62
37300	0.62	0.27	0.27	0	0	0.62
37400	0.62	0.26	0.26	0	0	0.62
37500	0.62	0.26	0.26	0	0	0.62
37600	0.62	0.26	0.26	0	0	0.62
37700	0.62	0.26	0.26	0	0	0.62
37800	0.62	0.26	0.26	0	0	0.62
37900	0.62	0.26	0.26	0	0	0.62
38000	0.62	0.26	0.26	0	0	0.62
38100	0.62	0.27	0.27	0	0	0.62
38200	0.62	0.27	0.27	0	0	0.62
38300	0.62	0.27	0.27	0	0	0.62
38400	0.62	0.28	0.28	0	0	0.62
38500	0.62	0.28	0.28	0	0	0.62
38600	0.62	0.28	0.28	0	0	0.62
38700	0.62	0.28	0.28	0	0	0.62
38800	0.62	0.28	0.28	0	0	0.62
38900	0.62	0.28	0.28	0	0	0.62
39000	0.62	0.27	0.27	0	0	0.62
39100	0.62	0.28	0.28	0	0	0.62
39200	0.62	0.28	0.28	0	0	0.62
39300	0.62	0.28	0.28	0	0	0.62
39400	0.62	0.28	0.28	0	0	0.62
39500	0.62	0.28	0.28	0	0	0.62
39600	0.62	0.28	0.28	0	0	0.62
39700	0.62	0.29	0.29	0	0	0.62
39800	0.62	0.29	0.29	0	0	0.62
39900	0.62	0.29	0.29	0	0	0.62
40000	0.62	0.29	0.29	0	0	0.62
40100	0.62	0.29	0.29	0	0	0.62
40200	0.62	0.3	0.3	0	0	0.62
40300	0.62	0.3	0.3	0	0	0.62
40400	0.62	0.3	0.3	0	0	0.62
40500	0.62	0.3	0.3	0	0	0.62
40600	0.62	0.3	0.3	0	0	0.62
40700	0.62	0.3	0.3	0	0	0.62
40800	0.62	0.3	0.3	0	0	0.62
40900	0.62	0.3	0.3	0	0	0.62
41000	0.62	0.3	0.3	0	0	0.62
41100	0.62	0.3	0.3	0	0	0.62
41200	0.62	0.31	0.31	0	0	0.62
41300	0.62	0.31	0.31	0	0	0.62
41400	0.62	0.31	0.31	0	0	0.62
41500	0.62	0.31	0.31	0	0	0.62
41600	0.62	0.31	0.31	0	0	0.62
41700	0.62	0.31	0.31	0	0	0.62
41800	0.62	0.33	0.33	0	0	0.62
41900	0.62	0.33	0.33	0	0	0.62
42000	0.62	0.33	0.33	0	0	0.62
42100	0.62	0.33	0.33	0	0	0.62
42200	0.62	0.32	0.32	0	0	0.62
42300	0.62	0.32	0.32	0	0	0.62
42400	0.62	0.32	0.32	0	0	0.62
42500	0.62	0.32	0.32	0	0	0.62
42600	0.62	0.32	0.32	0	0	0.62
42700	0.62	0.32	0.32	0	0	0.62
42800	0.62	0.32	0.32	0	0	0.62
42900	0.62	0.32	0.32	0	0	0.62
43000	0.62	0.32	0.32	0	0	0.62
43100	0.62	0.31	0.31	0	0	0.62
43200	0.62	0.31	0.31	0	0	0.62
43300	0.62	0.31	0.31	0	0	0.62
43400	0.62	0.31	0.31	0	0	0.62
43500	0.62	0.31	0.31	0	0	0.62
43600	0.62	0.31	0.31	0	0	0.62
43700	0.62	0.31	0.31	0	0	0.62
43800	0.62	0.31	0.31	0	0	0.62
43900	0.62	0.31	0.31	0	0	0.62
44000	0.62	0.31	0.31	0	0	0.62
44100	0.62	0.31	0.31	0	0	0.62
44200	0.62	0.31	0.31	0	0	0.62
44300	0.62	0.31	0.31	0	0	0.62
44400	0.62	0.31	0.31	0	0	0.62
44500	0.62	0.31	0.31	0	0	0.62
44600	0.62	0.31	0.31	0	0	0.62
44700	0.62	0.31	0.31	0	0	0.62
44800	0.62	0.31	0.31	0	0	0.62
44900	0.62	0.31	0.31	0	0	0.62
45000	0.62	0.31	0.31	0	0	0.62
45100	0.62	0.31	0.31	0	0	0.62
45200	0.62	0.31	0.31	0	0	0.62
45300	0.62	0.31	0.31	0	0	0.62
45400	0.62	0.31	0.31	0	0	0.62
45500	0.62	0.31	0.31	0	0	0.62
45600	0.62	0.31	0.31	0	0	0.62
45700	0.62	0.32	0.32	0	0	0.62
45800	0.62	0.32	0.32	0	0	0.62
45900	0.62	0.32	0.32	0	0	0.62
46000	0.62	0.32	0.32	0	0	0.62
46100	0.62	0.32	0.32	0	0	0.62
46200	0.62	0.33	0.33	0	0	0.62
46300	0.62	0.33	0.33	0	0	0.62
46400	0.62	0.33	0.33	0	0	0.62
46500	0.62	0.33	0.33	0	0	0.62
46600	0.62	0.33	0.33	0	0	0.62
46700	0.62	0.32	0.32	0	0	0.62
46800	0.62	0.32	0.32	0	0	0.62
46900	0.62	0.32	0.32	0	0	0.62
47000	0.62	0.32	0.32	0	0	0.62
47100	0.62	0.32	0.32	0	0	0.62
47200	0.62	0.32	0.32	0	0	0.62
47300	0.62	0.32	0.32	0	0	0.62
47400	0.62	0.32	0.32	0	0	0.62
47500	0.62	0.32	0.32	0	0	0.62
47600	0.62	0.32	0.32	0	0	0.62
47700	0.62	0.32	0.32	0	0	0.62
47800	0.62	0.32	0.32	0	0	0.62
47900	0.62	0.32	0.32	0	0	0.62
48000	0.62	0.32	0.32	0	0	0.62
48100	0.62	0.32	0.32	0	0	0.62
48200	0.62	0.32	0.32	0	0	0.62
48300	0.62	0.32	0.32	0	0	0.62
48400	0.62	0.32	0.32	0	0	0.62
48500	0.62	0.32	0.32	0	0	0.62
48600	0.62	0.32	0.32	0	0	0.62
48700	0.62	0.32	0.32	0	0	0.62
48800	0.62	0.32	0.32	0	0	0.62
48900	0.62	0.32	0.32	0	0	0.62
49000	0.62	0.32	0.32	0	0	0.62
49100	0.62	0.32	0.32	0	0	0.62
49200	0.62	0.32	0.32	0	0	0.62
49300	0.62	0.32	0.32	0	0	0.62
49400	0.62	0.32	0.32	0	0	0.62
49500	0.62	0.32	0.32	0	0	0.62
49600	0.62	0.32	0.32	0	0	0.62
49700	0.62	0.32	0.32	0	0	0.62
49800	0.62	0.32	0.32	0	0	0.62
49900	0.62	0.32	0.32	0	0	0.62
50000	0.62	0.33	0.33	0	0	0.62
50100	0.62	0.33	0.33	0	0	0.62
50200	0.62	0.33	0.33	0	0	0.62
50300	0.62	0.33	0.33	0	0	0.62
50400	0.62	0.33	0.33	0	0	0.62
50500	0.62	0.32	0.32	0	0	0.62
50600	0.62	0.32	0.32	0	0	0.62
50700	0.62	0.32	0.32	0	0	0.62
50800	0.62	0.32	0.32	0	0	0.62
50900	0.62	0.32	0.32	0	0	0.62
51000	0.62	0.32	0.32	0	0	0.62
51100	0.62	0.32	0.32	0	0	0.62
51200	0.62	0.33	0.33	0	0	0.62
51300	0.62	0.33	0.33	0	0	0.62
51400	0.62	0.33	0.33	0	0	0.62
51500	0.62	0.33	0.33	0	0	0.62
51600	0.62	0.33	0.33	0	0	0.62
51700	0.62	0.33	0.33	0	0	0.62
51800	0.62	0.33	0.33	0	0	0.62
51900	0.62	0.33	0.33	0	0	0.62
52000	0.63	0.33	0.33	0	0	0.63
52100	0.63	0.33	0.33	0	0	0.63
52200	0.63	0.33	0.33	0	0	0.63
52300	0.63	0.33	0.33	0	0	0.63
52400	0.63	0.33	0.33	0	0	0.63
52500	0.63	0.33	0.33	0	0	0.63
52600	0.63	0.33	0.33	0	0	0.63
52700	0.63	0.32	0.32	0	0	0.63
52800	0.63	0.32	0.32	0	0	0.63
52900	0.63	0.32	0.32	0	0	0.63
53000	0.63	0.32	0.32	0	0	0.63
53100	0.63	0.32	0.32	0	0	0.63
53200	0.63	0.32	0.32	0	0	0.63
53300	0.63	0.32	0.32	0	0	0.63
53400	0.63	0.32	0.32	0	0	0.63
53500	0.63	0.32	0.32	0	0	0.63
53600	0.63	0.32	0.32	0	0	0.63
53700	0.63	0.32	0.32	0	0	0.63
53800	0.63	0.32	0.32	0	0	0.63
53900	0.63	0.32	0.32	0	0	0.63
54000	0.63	0.32	0.32	0	0	0.63
54100	0.63	0.32	0.32	0	0	0.63
54200	0.63	0.32	0.32	0	0	0.63
54300	0.63	0.32	0.32	0	0	0.63
54400	0.63	0.32	0.32	0	0	0.63
54500	0.63	0.33	0.33	0	0	0.63
54600	0.63	0.33	0.33	0	0	0.63
54700	0.63	0.34	0.34	0	0	0.63
54800	0.63	0.34	0.34	0	0	0.63
54900	0.63	0.34	0.34	0	0	0.63
55000	0.63	0.34	0.34	0	0	0.63
55100	0.63	0.34	0.34	0	0	0.63
55200	0.63	0.34	0.34	0	0	0.63
55300	0.63	0.34	0.34	0	0	0.63
55400	0.63	0.34	0.34	0	0	0.63
55500	0.63	0.34	0.34	0	0	0.63
55600	0.63	0.34	0.34	0	0	0.63
55700	0.63	0.34	0.34	0	0	0.63
55800	0.63	0.34	0.34	0	0	0.63
55900	0.63	0.34	0.34	0	0	0.63
56000	0.63	0.33	0.33	0	0	0.63
56100	0.63	0.33	0.33	0	0	0.63
56200	0.63	0.33	0.33	0	0	0.63
56300	0.63	0.33	0.33	0	0	0.63
56400	0.63	0.33	0.33	0	0	0.63
56500	0.63	0.33	0.33	0	0	0.63
56600	0.63	0.33	0.33	0	0	0.63
56700	0.63	0.33	0.33	0	0	0.63
56800	0.63	0.33	0.33	0	0	0.63
56900	0.63	0.33	0.33	0	0	0.63
57000	0.63	0.33	0.33	0	0	0.63
57100	0.63	0.33	0.33	0	0	0.63
57200	0.63	0.33	0.33	0	0	0.63
57300	0.63	0.33	0.33	0	0	0.63
57400	0.63	0.33	0.33	0	0	0.63
57500	0.63	0.33	0.33	0	0	0.63
57600	0.63	0.33	0.33	0	0	0.63
57700	0.63	0.34	0.34	0	0	0.63
57800	0.63	0.34	0.34	0	0	0.63
57900	0.63	0.34	0.34	0	0	0.63
58000	0.63	0.34	0.34	0	0	0.63
58100	0.63	0.34	0.34	0	0	0.63
58200	0.63	0.34	0.34	0	0	0.63
58300	0.63	0.34	0.34	0	0	0.63
58400	0.63	0.34	0.34	0	0	0.63
58500	0.63	0.34	0.34	0	0	0.63
58600	0.63	0.34	0.34	0	0	0.63
58700	0.63	0.34	0.34	0	0	0.63
58800	0.63	0.35	0.35	0	0	0.63
58900	0.63	0.35	0.35	0	0	0.63
59000	0.63	0.35	0.35	0	0	0.63
59100	0.63	0.34	0.34	0	0	0.63
59200	0.63	0.34	0.34	0	0	0.63
59300	0.63	0.34	0.34	0	0	0.63
59400	0.63	0.34	0.34	0	0	0.63
59500	0.63	0.34	0.34	0	0	0.63
59600	0.63	0.34	0.34	0	0	0.63
59700	0.63	0.34	0.34	0	0	0.63
59800	0.63	0.34	0.34	0	0	0.63
59900	0.63	0.34	0.34	0	0	0.63
60000	0.63	0.34	0.34	0	0	0.63
60100	0.63	0.34	0.34	0	0	0.63
60200	0.63	0.34	0.34	0	0	0.63
60300	0.63	0.34	0.34	0	0	0.63
60400	0.63	0.34	0.34	0	0	0.63
60500	0.63	0.35	0.35	0	0	0.63
60600	0.63	0.35	0.35	0	0	0.63
60700	0.63	0.35	0.35	0	0	0.63
60800	0.63	0.35	0.35	0	0	0.63
60900	0.63	0.35	0.35	0	0	0.63
61000	0.63	0.34	0.34	0	0	0.63
61100	0.63	0.34	0.34	0	0	0.63
61200	0.63	0.34	0.34	0	0	0.63
61300	0.62	0.35	0.35	0	0	0.62
61400	0.62	0.35	0.35	0	0	0.62
61500	0.62	0.35	0.35	0	0	0.62
61600	0.62	0.35	0.35	0	0	0.62
61700	0.62	0.35	0.35	0	0	0.62
61800	0.62	0.35	0.35	0	0	0.62
61900	0.62	0.34	0.34	0	0	0.62
62000	0.62	0.34	0.34	0	0	0.62
62100	0.62	0.34	0.34	0	0	0.62
62200	0.62	0.34	0.34	0	0	0.62
62300	0.62	0.34	0.34	0	0	0.62
62400	0.62	0.34	0.34	0	0	0.62
62500	0.63	0.34	0.34	0	0	0.63
62600	0.63	0.34	0.34	0	0	0.63
62700	0.63	0.34	0.34	0	0	0.63
62800	0.63	0.34	0.34	0	0	0.63
62900	0.63	0.34	0.34	0	0	0.63
63000	0.63	0.34	0.34	0	0	0.63
63100	0.63	0.34	0.34	0	0	0.63
63200	0.63	0.34	0.34	0	0	0.63
63300	0.63	0.34	0.34	0	0	0.63
63400	0.63	0.34	0.34	0	0	0.63
63500	0.63	0.34	0.34	0	0	0.63
63600	0.63	0.35	0.35	0	0	0.63
63700	0.63	0.35	0.35	0	0	0.63
63800	0.63	0.35	0.35	0	0	0.63
63900	0.63	0.35	0.35	0	0	0.63
64000	0.63	0.35	0.35	0	0	0.63
64100	0.63	0.34	0.34	0	0	0.63
64200	0.63	0.34	0.34	0	0	0.63
64300	0.63	0.34	0.34	0	0	0.63
64400	0.63	0.34	0.34	0	0	0.63
64500	0.63	0.34	0.34	0	0	0.63
64600	0.63	0.34	0.34	0	0	0.63
64700	0.63	0.34	0.34	0	0	0.63
64800	0.63	0.34	0.34	0	0	0.63
64900	0.63	0.34	0.34	0	0	0.63
65000	0.63	0.34	0.34	0	0	0.63
65100	0.63	0.34	0.34	0	0	0.63
65200	0.63	0.34	0.34	0	0	0.63
65300	0.63	0.34	0.34	0	0	0.63
65400	0.63	0.34	0.34	0	0	0.63
65500	0.63	0.34	0.34	0	0	0.63
65600	0.63	0.34	0.34	0	0	0.63
65700	0.63	0.34	0.34	0	0	0.63
65800	0.63	0.34	0.34	0	0	0.63
65900	0.63	0.34	0.34	0	0	0.63
66000	0.63	0.34	0.34	0	0	0.63
66100	0.63	0.34	0.34	0	0	0.63
66200	0.63	0.34	0.34	0	0	0.63
66300	0.63	0.34	0.34	0	0	0.63
66400	0.63	0.34	0.34	0	0	0.63
66500	0.63	0.34	0.34	0	0	0.63
66600	0.63	0.34	0.34	0	0	0.63
66700	0.63	0.34	0.34	0	0	0.63
66800	0.63	0.34	0.34	0	0	0.63
66900	0.63	0.34	0.34	0	0	0.63
67000	0.63	0.34	0.34	0	0	0.63
67100	0.63	0.34	0.34	0	0	0.63
67200	0.63	0.34	0.34	0	0	0.63
67300	0.63	0.34	0.34	0	0	0.63
67400	0.63	0.34	0.34	0	0	0.63
67500	0.63	0.34	0.34	0	0	0.63
67600	0.63	0.34	0.34	0	0	0.63
67700	0.63	0.34	0.34	0	0	0.63
67800	0.63	0.34	0.34	0	0	0.63
67900	0.63	0.34	0.34	0	0	0.63
68000	0.63	0.34	0.34	0	0	0.63
68100	0.63	0.34	0.34	0	0	0.63
68200	0.63	0.34	0.34	0	0	0.63
68300	0.63	0.34	0.34	0	0	0.63
68400	0.63	0.35	0.35	0	0	0.63
68500	0.63	0.35	0.35	0	0	0.63
68600	0.63	0.35	0.35	0	0	0.63
68700	0.63	0.35	0.35	0	0	0.63
68800	0.63	0.35	0.35	0	0	0.63
68900	0.63	0.35	0.35	0	0	0.63
69000	0.63	0.35	0.35	0	0	0.63
69100	0.63	0.36	0.36	0	0	0.63
69200	0.63	0.36	0.36	0	0	0.63
69300	0.63	0.36	0.36	0	0	0.63
69400	0.63	0.36	0.36	0	0	0.63
69500	0.63	0.36	0.36	0	0	0.63
69600	0.63	0.36	0.36	0	0	0.63
69700	0.63	0.36	0.36	0	0	0.63
69800	0.63	0.36	0.36	0	0	0.63
69900	0.62	0.36	0.36	0	0	0.62
70000	0.62	0.36	0.36	0	0	0.62
70100	0.62	0.36	0.36	0	0	0.62
70200	0.62	0.36	0.36	0	0	0.62
70300	0.62	0.36	0.36	0	0	0.62
70400	0.62	0.36	0.36	0	0	0.62
70500	0.62	0.36	0.36	0	0	0.62
70600	0.62	0.36	0.36	0	0	0.62
70700	0.62	0.36	0.36	0	0	0.62
70800	0.62	0.36	0.36	0	0	0.62
70900	0.62	0.36	0.36	0	0	0.62
71000	0.62	0.36	0.36	0	0	0.62
71100	0.62	0.36	0.36	0	0	0.62
71200	0.62	0.36	0.36	0	0	0.62
71300	0.62	0.36	0.36	0	0	0.62
71400	0.62	0.36	0.36	0	0	0.62
71500	0.62	0.36	0.36	0	0	0.62
71600	0.62	0.36	0.36	0	0	0.62
71700	0.62	0.36	0.36	0	0	0.62
71800	0.62	0.36	0.36	0	0	0.62
71900	0.62	0.36	0.36	0	0	0.62
72000	0.62	0.36	0.36	0	0	0.62
72100	0.62	0.36	0.36	0	0	0.62
72200	0.62	0.36	0.36	0	0	0.62
72300	0.62	0.36	0.36	0	0	0.62
72400	0.62	0.36	0.36	0	0	0.62
72500	0.62	0.36	0.36	0	0	0.62
72600	0.62	0.36	0.36	0	0	0.62
72700	0.62	0.36	0.36	0	0	0.62
72800	0.62	0.36	0.36	0	0	0.62
72900	0.62	0.36	0.36	0	0	0.62
73000	0.62	0.36	0.36	0	0	0.62
73100	0.62	0.36	0.36	0	0	0.62
73200	0.62	0.36	0.36	0	0	0.62
73300	0.62	0.36	0.36	0	0	0.62
73400	0.62	0.36	0.36	0	0	0.62
73500	0.62	0.36	0.36	0	0	0.62
73600	0.62	0.36	0.36	0	0	0.62
73700	0.62	0.36	0.36	0	0	0.62
73800	0.62	0.36	0.36	0	0	0.62
73900	0.62	0.36	0.36	0	0	0.62
74000	0.62	0.36	0.36	0	0	0.62
74100	0.62	0.36	0.36	0	0	0.62
74200	0.62	0.36	0.36	0	0	0.62
74300	0.62	0.36	0.36	0	0	0.62
74400	0.62	0.36	0.36	0	0	0.62
74500	0.62	0.36	0.36	0	0	0.62
74600	0.62	0.36	0.36	0	0	0.62
74700	0.62	0.36	0.36	0	0	0.62
74800	0.61	0.36	0.36	0	0	0.61
74900	0.61	0.36	0.36	0	0	0.61
75000	0.61	0.36	0.36	0	0	0.61
75100	0.61	0.36	0.36	0	0	0.61
75200	0.61	0.36	0.36	0	0	0.61
75300	0.61	0.36	0.36	0	0	0.61
75400	0.61	0.36	0.36	0	0	0.61
75500	0.61	0.36	0.36	0	0	0.61
75600	0.61	0.36	0.36	0	0	0.61
75700	0.61	0.36	0.36	0	0	0.61
75800	0.61	0.36	0.36	0	0	0.61
75900	0.61	0.36	0.36	0	0	0.61
76000	0.61	0.36	0.36	0	0	0.61
76100	0.61	0.36	0.36	0	0	0.61
76200	0.61	0.36	0.36	0	0	0.61
76300	0.61	0.36	0.36	0	0	0.61
76400	0.61	0.36	0.36	0	0	0.61
76500	0.61	0.36	0.36	0	0	0.61
76600	0.61	0.36	0.36	0	0	0.61
76700	0.61	0.36	0.36	0	0	0.61
76800	0.61	0.36	0.36	0	0	0.61
76900	0.61	0.36	0.36	0	0	0.61
77000	0.61	0.36	0.36	0	0	0.61
77100	0.61	0.36	0.36	0	0	0.61
77200	0.61	0.36	0.36	0	0	0.61
77300	0.61	0.36	0.36	0	0	0.61
77400	0.61	0.36	0.36	0	0	0.61
77500	0.61	0.36	0.36	0	0	0.61
77600	0.61	0.37	0.37	0	0	0.61
77700	0.61	0.37	0.37	0	0	0.61
77800	0.61	0.37	0.37	0	0	0.61
77900	0.61	0.36	0.36	0	0	0.61
78000	0.61	0.36	0.36	0	0	0.61
78100	0.61	0.36	0.36	0	0	0.61
78200	0.61	0.36	0.36	0	0	0.61
78300	0.61	0.36	0.36	0	0	0.61
78400	0.61	0.36	0.36	0	0	0.61
78500	0.61	0.36	0.36	0	0	0.61
78600	0.61	0.36	0.36	0	0	0.61
78700	0.61	0.36	0.36	0	0	0.61
78800	0.61	0.36	0.36	0	0	0.61
78900	0.61	0.36	0.36	0	0	0.61
79000	0.61	0.36	0.36	0	0	0.61
79100	0.61	0.36	0.36	0	0	0.61
79200	0.61	0.36	0.36	0	0	0.61
79300	0.61	0.36	0.36	0	0	0.61
79400	0.61	0.36	0.36	0	0	0.61
79500	0.61	0.36	0.36	0	0	0.61
79600	0.61	0.36	0.36	0	0	0.61
79700	0.61	0.36	0.36	0	0	0.61
79800	0.61	0.36	0.36	0	0	0.61
79900	0.61	0.36	0.36	0	0	0.61
80000	0.61	0.36	0.36	0	0	0.61
80100	0.61	0.36	0.36	0	0	0.61
80200	0.62	0.36	0.36	0	0	0.62
80300	0.61	0.36	0.36	0	0	0.61
80400	0.61	0.36	0.36	0	0	0.61
80500	0.61	0.36	0.36	0	0	0.61
80600	0.61	0.36	0.36	0	0	0.61
80700	0.61	0.36	0.36	0	0	0.61
80800	0.61	0.36	0.36	0	0	0.61
80900	0.61	0.36	0.36	0	0	0.61
81000	0.61	0.36	0.36	0	0	0.61
81100	0.61	0.36	0.36	0	0	0.61
81200	0.61	0.36	0.36	0	0	0.61
81300	0.61	0.36	0.36	0	0	0.61
81400	0.61	0.36	0.36	0	0	0.61
81500	0.61	0.36	0.36	0	0	0.61
81600	0.61	0.36	0.36	0	0	0.61
81700	0.61	0.36	0.36	0	0	0.61
81800	0.61	0.36	0.36	0	0	0.61
81900	0.61	0.36	0.36	0	0	0.61
82000	0.61	0.36	0.36	0	0	0.61
82100	0.61	0.36	0.36	0	0	0.61
82200	0.61	0.36	0.36	0	0	0.61
82300	0.61	0.36	0.36	0	0	0.61
82400	0.61	0.36	0.36	0	0	0.61
82500	0.61	0.36	0.36	0	0	0.61
82600	0.61	0.36	0.36	0	0	0.61
82700	0.61	0.36	0.36	0	0	0.61
82800	0.61	0.36	0.36	0	0	0.61
82900	0.61	0.36	0.36	0	0	0.61
83000	0.61	0.36	0.36	0	0	0.61
83100	0.61	0.36	0.36	0	0	0.61
83200	0.61	0.36	0.36	0	0	0.61
83300	0.61	0.36	0.36	0	0	0.61
83400	0.62	0.36	0.36	0	0	0.62
83500	0.61	0.36	0.36	0	0	0.61
83600	0.61	0.36	0.36	0	0	0.61
83700	0.61	0.36	0.36	0	0	0.61
83800	0.61	0.36	0.36	0	0	0.61
83900	0.61	0.36	0.36	0	0	0.61
84000	0.61	0.36	0.36	0	0	0.61
84100	0.61	0.36	0.36	0	0	0.61
84200	0.61	0.36	0.36	0	0	0.61
84300	0.61	0.36	0.36	0	0	0.61
84400	0.61	0.36	0.36	0	0	0.61
84500	0.61	0.36	0.36	0	0	0.61
84600	0.61	0.36	0.36	0	0	0.61
84700	0.61	0.36	0.36	0	0	0.61
84800	0.61	0.36	0.36	0	0	0.61
84900	0.61	0.36	0.36	0	0	0.61
85000	0.61	0.36	0.36	0	0	0.61
85100	0.61	0.36	0.36	0	0	0.61
85200	0.61	0.36	0.36	0	0	0.61
85300	0.61	0.36	0.36	0	0	0.61
85400	0.61	0.36	0.36	0	0	0.61
85500	0.61	0.36	0.36	0	0	0.61
85600	0.61	0.36	0.36	0	0	0.61
85700	0.61	0.36	0.36	0	0	0.61
85800	0.61	0.36	0.36	0	0	0.61
85900	0.62	0.36	0.36	0	0	0.62
86000	0.62	0.36	0.36	0	0	0.62
86100	0.62	0.36	0.36	0	0	0.62
86200	0.62	0.36	0.36	0	0	0.62
86300	0.62	0.36	0.36	0	0	0.62
86400	0.62	0.36	0.36	0	0	0.62
86500	0.62	0.36	0.36	0	0	0.62
86600	0.62	0.36	0.36	0	0	0.62
86700	0.62	0.36	0.36	0	0	0.62
86800	0.62	0.36	0.36	0	0	0.62
86900	0.62	0.36	0.36	0	0	0.62
87000	0.62	0.36	0.36	0	0	0.62
87100	0.62	0.36	0.36	0	0	0.62
87200	0.62	0.36	0.36	0	0	0.62
87300	0.62	0.36	0.36	0	0	0.62
87400	0.62	0.36	0.36	0	0	0.62
87500	0.62	0.36	0.36	0	0	0.62
87600	0.62	0.36	0.36	0	0	0.62
87700	0.62	0.36	0.36	0	0	0.62
87800	0.62	0.36	0.36	0	0	0.62
87900	0.62	0.36	0.36	0	0	0.62
88000	0.62	0.36	0.36	0	0	0.62
88100	0.62	0.36	0.36	0	0	0.62
88200	0.62	0.36	0.36	0	0	0.62
88300	0.62	0.36	0.36	0	0	0.62
88400	0.62	0.36	0.36	0	0	0.62
88500	0.61	0.36	0.36	0	0	0.61
88600	0.61	0.36	0.36	0	0	0.61
88700	0.61	0.36	0.36	0	0	0.61
88800	0.61	0.37	0.37	0	0	0.61
88900	0.61	0.37	0.37	0	0	0.61
89000	0.61	0.37	0.37	0	0	0.61
89100	0.61	0.37	0.37	0	0	0.61
89200	0.61	0.37	0.37	0	0	0.61
89300	0.6	0.37	0.37	0	0	0.6
89400	0.6	0.37	0.37	0	0	0.6
89500	0.6	0.37	0.37	0	0	0.6
89600	0.6	0.37	0.37	0	0	0.6
89700	0.6	0.37	0.37	0	0	0.6
89800	0.6	0.37	0.37	0	0	0.6
89900	0.6	0.37	0.37	0	0	0.6
90000	0.6	0.37	0.37	0	0	0.6
90100	0.6	0.37	0.37	0	0	0.6
90200	0.6	0.37	0.37	0	0	0.6
90300	0.6	0.37	0.37	0	0	0.6
90400	0.6	0.37	0.37	0	0	0.6
90500	0.6	0.37	0.37	0	0	0.6
90600	0.6	0.37	0.37	0	0	0.6
90700	0.6	0.37	0.37	0	0	0.6
90800	0.6	0.37	0.37	0	0	0.6
90900	0.6	0.37	0.37	0	0	0.6
91000	0.6	0.37	0.37	0	0	0.6
91100	0.6	0.37	0.37	0	0	0.6
91200	0.6	0.37	0.37	0	0	0.6
91300	0.6	0.37	0.37	0	0	0.6
91400	0.6	0.37	0.37	0	0	0.6
91500	0.6	0.37	0.37	0	0	0.6
91600	0.6	0.37	0.37	0	0	0.6
91700	0.6	0.37	0.37	0	0	0.6
91800	0.6	0.37	0.37	0	0	0.6
91900	0.61	0.37	0.37	0	0	0.61
92000	0.61	0.37	0.37	0	0	0.61
92100	0.61	0.37	0.37	0	0	0.61
92200	0.61	0.37	0.37	0	0	0.61
92300	0.61	0.37	0.37	0	0	0.61
92400	0.61	0.37	0.37	0	0	0.61
92500	0.61	0.37	0.37	0	0	0.61
92600	0.61	0.37	0.37	0	0	0.61
92700	0.61	0.37	0.37	0	0	0.61
92800	0.61	0.37	0.37	0	0	0.61
92900	0.61	0.37	0.37	0	0	0.61
93000	0.61	0.37	0.37	0	0	0.61
93100	0.61	0.37	0.37	0	0	0.61
93200	0.61	0.37	0.37	0	0	0.61
93300	0.61	0.37	0.37	0	0	0.61
93400	0.61	0.37	0.37	0	0	0.61
93500	0.61	0.37	0.37	0	0	0.61
93600	0.61	0.37	0.37	0	0	0.61
93700	0.61	0.38	0.38	0	0	0.61
93800	0.61	0.38	0.38	0	0	0.61
93900	0.61	0.38	0.38	0	0	0.61
94000	0.61	0.38	0.38	0	0	0.61
94100	0.61	0.38	0.38	0	0	0.61
94200	0.61	0.37	0.37	0	0	0.61
94300	0.62	0.37	0.37	0	0	0.62
94400	0.62	0.37	0.37	0	0	0.62
94500	0.62	0.37	0.37	0	0	0.62
94600	0.62	0.37	0.37	0	0	0.62
94700	0.62	0.37	0.37	0	0	0.62
94800	0.62	0.37	0.37	0	0	0.62
94900	0.62	0.37	0.37	0	0	0.62
95000	0.62	0.37	0.37	0	0	0.62
95100	0.62	0.37	0.37	0	0	0.62
95200	0.62	0.37	0.37	0	0	0.62
95300	0.62	0.37	0.37	0	0	0.62
95400	0.62	0.37	0.37	0	0	0.62
95500	0.62	0.37	0.37	0	0	0.62
95600	0.62	0.37	0.37	0	0	0.62
95700	0.62	0.37	0.37	0	0	0.62
95800	0.62	0.37	0.37	0	0	0.62
95900	0.62	0.37	0.37	0	0	0.62
96000	0.62	0.37	0.37	0	0	0.62
96100	0.62	0.37	0.37	0	0	0.62
96200	0.62	0.37	0.37	0	0	0.62
96300	0.62	0.37	0.37	0	0	0.62
96400	0.62	0.37	0.37	0	0	0.62
96500	0.62	0.37	0.37	0	0	0.62
96600	0.61	0.37	0.37	0	0	0.61
96700	0.61	0.37	0.37	0	0	0.61
96800	0.61	0.37	0.37	0	0	0.61
96900	0.61	0.37	0.37	0	0	0.61
97000	0.61	0.37	0.37	0	0	0.61
97100	0.61	0.37	0.37	0	0	0.61
97200	0.61	0.37	0.37	0	0	0.61
97300	0.61	0.37	0.37	0	0	0.61
97400	0.61	0.37	0.37	0	0	0.61
97500	0.61	0.37	0.37	0	0	0.61
97600	0.61	0.37	0.37	0	0	0.61
97700	0.61	0.37	0.37	0	0	0.61
97800	0.61	0.37	0.37	0	0	0.61
97900	0.61	0.37	0.37	0	0	0.61
98000	0.61	0.37	0.37	0	0	0.61
98100	0.61	0.37	0.37	0	0	0.61
98200	0.61	0.37	0.37	0	0	0.61
98300	0.61	0.37	0.37	0	0	0.61
98400	0.61	0.37	0.37	0	0	0.61
98500	0.61	0.37	0.37	0	0	0.61
98600	0.61	0.37	0.37	0	0	0.61
98700	0.61	0.37	0.37	0	0	0.61
98800	0.61	0.37	0.37	0	0	0.61
98900	0.61	0.37	0.37	0	0	0.61
99000	0.62	0.37	0.37	0	0	0.62
99100	0.62	0.37	0.37	0	0	0.62
99200	0.62	0.37	0.37	0	0	0.62
99300	0.62	0.37	0.37	0	0	0.62
99400	0.62	0.37	0.37	0	0	0.62
99500	0.62	0.37	0.37	0	0	0.62
99600	0.62	0.37	0.37	0	0	0.62
99700	0.62	0.37	0.37	0	0	0.62
99800	0.62	0.37	0.37	0	0	0.62
99900	0.62	0.37	0.37	0	0	0.62
100000	0.62	0.37	0.37	0	0	0.62
100100	0.62	0.37	0.37	0	0	0.62
100200	0.62	0.37	0.37	0	0	0.62
100300	0.62	0.37	0.37	0	0	0.62
100400	0.62	0.37	0.37	0	0	0.62
100500	0.62	0.37	0.37	0	0	0.62
100600	0.62	0.37	0.37	0	0	0.62
100700	0.62	0.37	0.37	0	0	0.62
100800	0.62	0.37	0.37	0	0	0.62
100900	0.62	0.37	0.37	0	0	0.62
101000	0.62	0.38	0.38	0	0	0.62
101100	0.62	0.38	0.38	0	0	0.62
101200	0.62	0.38	0.38	0	0	0.62
101300	0.62	0.38	0.38	0	0	0.62
101400	0.62	0.38	0.38	0	0	0.62
101500	0.62	0.38	0.38	0	0	0.62
101600	0.62	0.38	0.38	0	0	0.62
101700	0.62	0.38	0.38	0	0	0.62
101800	0.62	0.38	0.38	0	0	0.62
101900	0.62	0.38	0.38	0	0	0.62
102000	0.62	0.38	0.38	0	0	0.62
102100	0.62	0.38	0.38	0	0	0.62
102200	0.62	0.38	0.38	0	0	0.62
102300	0.62	0.38	0.38	0	0	0.62
102400	0.62	0.38	0.38	0	0	0.62
102500	0.62	0.38	0.38	0	0	0.62
102600	0.62	0.38	0.38	0	0	0.62
102700	0.62	0.38	0.38	0	0	0.62
102800	0.62	0.38	0.38	0	0	0.62
102900	0.62	0.38	0.38	0	0	0.62
103000	0.62	0.38	0.38	0	0	0.62
103100	0.62	0.38	0.38	0	0	0.62
103200	0.62	0.38	0.38	0	0	0.62
103300	0.62	0.38	0.38	0	0	0.62
103400	0.62	0.38	0.38	0	0	0.62
103500	0.62	0.38	0.38	0	0	0.62
103600	0.62	0.38	0.38	0	0	0.62
103700	0.62	0.38	0.38	0	0	0.62
103800	0.62	0.38	0.38	0	0	0.62
103900	0.62	0.38	0.38	0	0	0.62
104000	0.62	0.38	0.38	0	0	0.62
104100	0.62	0.38	0.38	0	0	0.62
104200	0.62	0.38	0.38	0	0	0.62
104300	0.62	0.38	0.38	0	0	0.62
104400	0.62	0.38	0.38	0	0	0.62
104500	0.62	0.38	0.38	0	0	0.62
104600	0.62	0.38	0.38	0	0	0.62
104700	0.62	0.38	0.38	0	0	0.62
104800	0.62	0.38	0.38	0	0	0.62
104900	0.62	0.38	0.38	0	0	0.62
105000	0.62	0.38	0.38	0	0	0.62
105100	0.62	0.38	0.38	0	0	0.62
105200	0.62	0.38	0.38	0	0	0.62
105300	0.62	0.38	0.38	0	0	0.62
105400	0.62	0.38	0.38	0	0	0.62
105500	0.62	0.38	0.38	0	0	0.62
105600	0.62	0.38	0.38	0	0	0.62
105700	0.62	0.38	0.38	0	0	0.62
105800	0.62	0.38	0.38	0	0	0.62
105900	0.62	0.38	0.38	0	0	0.62
106000	0.62	0.38	0.38	0	0	0.62
106100	0.62	0.38	0.38	0	0	0.62
106200	0.62	0.38	0.38	0	0	0.62
106300	0.62	0.38	0.38	0	0	0.62
106400	0.62	0.38	0.38	0	0	0.62
106500	0.62	0.38	0.38	0	0	0.62
106600	0.62	0.38	0.38	0	0	0.62
106700	0.62	0.38	0.38	0	0	0.62
106800	0.62	0.38	0.38	0	0	0.62
106900	0.62	0.38	0.38	0	0	0.62
107000	0.62	0.38	0.38	0	0	0.62
107100	0.62	0.38	0.38	0	0	0.62
107200	0.62	0.38	0.38	0	0	0.62
107300	0.62	0.38	0.38	0	0	0.62
107400	0.62	0.38	0.38	0	0	0.62
107500	0.62	0.38	0.38	0	0	0.62
107600	0.62	0.38	0.38	0	0	0.62
107700	0.62	0.38	0.38	0	0	0.62
107800	0.62	0.38	0.38	0	0	0.62
107900	0.62	0.38	0.38	0	0	0.62
108000	0.62	0.38	0.38	0	0	0.62
108100	0.62	0.38	0.38	0	0	0.62
108200	0.62	0.38	0.38	0	0	0.62
108300	0.62	0.38	0.38	0	0	0.62
108400	0.62	0.38	0.38	0	0	0.62
108500	0.62	0.38	0.38	0	0	0.62
108600	0.62	0.38	0.38	0	0	0.62
108700	0.62	0.38	0.38	0	0	0.62
108800	0.62	0.38	0.38	0	0	0.62
108900	0.62	0.38	0.38	0	0	0.62
109000	0.62	0.38	0.38	0	0	0.62
109100	0.62	0.38	0.38	0	0	0.62
109200	0.62	0.38	0.38	0	0	0.62
109300	0.62	0.38	0.38	0	0	0.62
109400	0.62	0.38	0.38	0	0	0.62
109500	0.62	0.38	0.38	0	0	0.62
109600	0.62	0.38	0.38	0	0	0.62
109700	0.62	0.38	0.38	0	0	0.62
109800	0.62	0.38	0.38	0	0	0.62
109900	0.62	0.38	0.38	0	0	0.62
110000	0.62	0.38	0.38	0	0	0.62
110100	0.62	0.38	0.38	0	0	0.62
110200	0.62	0.38	0.38	0	0	0.62
110300	0.62	0.38	0.38	0	0	0.62
110400	0.62	0.38	0.38	0	0	0.62
110500	0.62	0.38	0.38	0	0	0.62
110600	0.62	0.38	0.38	0	0	0.62
110700	0.62	0.38	0.38	0	0	0.62
110800	0.62	0.38	0.38	0	0	0.62
110900	0.62	0.38	0.38	0	0	0.62
111000	0.62	0.38	0.38	0	0	0.62
111100	0.62	0.38	0.38	0	0	0.62
111200	0.62	0.38	0.38	0	0	0.62
111300	0.62	0.38	0.38	0	0	0.62
111400	0.62	0.38	0.38	0	0	0.62
111500	0.62	0.38	0.38	0	0	0.62
111600	0.62	0.38	0.38	0	0	0.62
111700	0.62	0.38	0.38	0	0	0.62
111800	0.62	0.38	0.38	0	0	0.62
111900	0.62	0.38	0.38	0	0	0.62
112000	0.62	0.38	0.38	0	0	0.62
112100	0.62	0.38	0.38	0	0	0.62
112200	0.62	0.38	0.38	0	0	0.62
112300	0.62	0.38	0.38	0	0	0.62
112400	0.62	0.38	0.38	0	0	0.62
112500	0.62	0.38	0.38	0	0	0.62
112600	0.62	0.38	0.38	0	0	0.62
112700	0.62	0.38	0.38	0	0	0.62
112800	0.62	0.38	0.38	0	0	0.62
112900	0.62	0.38	0.38	0	0	0.62
113000	0.62	0.38	0.38	0	0	0.62
113100	0.62	0.38	0.38	0	0	0.62
113200	0.62	0.38	0.38	0	0	0.62
113300	0.62	0.38	0.38	0	0	0.62
113400	0.62	0.38	0.38	0	0	0.62
113500	0.62	0.38	0.38	0	0	0.62
113600	0.62	0.38	0.38	0	0	0.62
113700	0.62	0.38	0.38	0	0	0.62
113800	0.62	0.38	0.38	0	0	0.62
113900	0.62	0.38	0.38	0	0	0.62
114000	0.62	0.38	0.38	0	0	0.62
114100	0.62	0.38	0.38	0	0	0.62
114200	0.62	0.38	0.38	0	0	0.62
114300	0.62	0.38	0.38	0	0	0.62
114400	0.62	0.38	0.38	0	0	0.62
114500	0.62	0.38	0.38	0	0	0.62
114600	0.62	0.38	0.38	0	0	0.62
114700	0.62	0.38	0.38	0	0	0.62
114800	0.62	0.38	0.38	0	0	0.62
114900	0.62	0.38	0.38	0	0	0.62
115000	0.62	0.38	0.38	0	0	0.62
115100	0.62	0.38	0.38	0	0	0.62
115200	0.62	0.38	0.38	0	0	0.62
115300	0.62	0.38	0.38	0	0	0.62
115400	0.62	0.38	0.38	0	0	0.62
115500	0.62	0.38	0.38	0	0	0.62
115600	0.62	0.38	0.38	0	0	0.62
115700	0.62	0.38	0.38	0	0	0.62
115800	0.62	0.38	0.38	0	0	0.62
115900	0.62	0.38	0.38	0	0	0.62
116000	0.62	0.38	0.38	0	0	0.62
116100	0.62	0.38	0.38	0	0	0.62
116200	0.62	0.38	0.38	0	0	0.62
116300	0.62	0.38	0.38	0	0	0.62
116400	0.62	0.38	0.38	0	0	0.62
116500	0.62	0.38	0.38	0	0	0.62
116600	0.62	0.38	0.38	0	0	0.62
116700	0.62	0.38	0.38	0	0	0.62
116800	0.62	0.38	0.38	0	0	0.62
116900	0.62	0.38	0.38	0	0	0.62
117000	0.62	0.38	0.38	0	0	0.62
117100	0.62	0.38	0.38	0	0	0.62
117200	0.62	0.38	0.38	0	0	0.62
117300	0.62	0.38	0.38	0	0	0.62
117400	0.62	0.38	0.38	0	0	0.62
117500	0.62	0.38	0.38	0	0	0.62
117600	0.62	0.38	0.38	0	0	0.62
117700	0.62	0.38	0.38	0	0	0.62
117800	0.62	0.38	0.38	0	0	0.62
117900	0.62	0.38	0.38	0	0	0.62
118000	0.62	0.38	0.38	0	0	0.62
118100	0.62	0.38	0.38	0	0	0.62
118200	0.62	0.38	0.38	0	0	0.62
118300	0.62	0.38	0.38	0	0	0.62
118400	0.62	0.38	0.38	0	0	0.62
118500	0.62	0.38	0.38	0	0	0.62
118600	0.62	0.38	0.38	0	0	0.62
118700	0.62	0.38	0.38	0	0	0.62
118800	0.62	0.38	0.38	0	0	0.62
118900	0.62	0.38	0.38	0	0	0.62
119000	0.62	0.38	0.38	0	0	0.62
119100	0.62	0.38	0.38	0	0	0.62
119200	0.62	0.38	0.38	0	0	0.62
119300	0.62	0.38	0.38	0	0	0.62
119400	0.62	0.38	0.38	0	0	0.62
119500	0.62	0.38	0.38	0	0	0.62
119600	0.62	0.38	0.38	0	0	0.62
119700	0.62	0.38	0.38	0	0	0.62
119800	0.62	0.38	0.38	0	0	0.62
119900	0.62	0.38	0.38	0	0	0.62
120000	0.62	0.38	0.38	0	0	0.62
120100	0.62	0.38	0.38	0	0	0.62
120200	0.62	0.38	0.38	0	0	0.62
120300	0.62	0.38	0.38	0	0	0.62
120400	0.62	0.38	0.38	0	0	0.62
120500	0.62	0.38	0.38	0	0	0.62
120600	0.62	0.38	0.38	0	0	0.62
120700	0.62	0.38	0.38	0	0	0.62
120800	0.62	0.38	0.38	0	0	0.62
120900	0.62	0.38	0.38	0	0	0.62
121000	0.62	0.38	0.38	0	0	0.62
121100	0.62	0.38	0.38	0	0	0.62
121200	0.62	0.38	0.38	0	0	0.62
121300	0.62	0.38	0.38	0	0	0.62
121400	0.62	0.38	0.38	0	0	0.62
121500	0.62	0.38	0.38	0	0	0.62
121600	0.62	0.38	0.38	0	0	0.62
121700	0.62	0.38	0.38	0	0	0.62
121800	0.62	0.38	0.38	0	0	0.62
121900	0.62	0.38	0.38	0	0	0.62
122000	0.62	0.38	0.38	0	0	0.62
122100	0.62	0.38	0.38	0	0	0.62
122200	0.62	0.38	0.38	0	0	0.62
122300	0.62	0.38	0.38	0	0	0.62
122400	0.62	0.38	0.38	0	0	0.62
122500	0.62	0.38	0.38	0	0	0.62
122600	0.62	0.38	0.38	0	0	0.62
122700	0.62	0.38	0.38	0	0	0.62
122800	0.62	0.38	0.38	0	0	0.62
122900	0.62	0.38	0.38	0	0	0.62
123000	0.62	0.38	0.38	0	0	0.62
123100	0.62	0.38	0.38	0	0	0.62
123200	0.62	0.38	0.38	0	0	0.62
123300	0.62	0.38	0.38	0	0	0.62
123400	0.62	0.38	0.38	0	0	0.62
123500	0.62	0.38	0.38	0	0	0.62
123600	0.62	0.38	0.38	0	0	0.62
123700	0.62	0.38	0.38	0	0	0.62
123800	0.62	0.38	0.38	0	0	0.62
123900	0.62	0.38	0.38	0	0	0.62
124000	0.62	0.38	0.38	0	0	0.62
124100	0.62	0.38	0.38	0	0	0.62
124200	0.62	0.38	0.38	0	0	0.62
124300	0.62	0.38	0.38	0	0	0.62
124400	0.62	0.38	0.38	0	0	0.62
124500	0.62	0.38	0.38	0	0	0.62
124600	0.62	0.38	0.38	0	0	0.62
124700	0.62	0.38	0.38	0	0	0.62
124800	0.62	0.38	0.38	0	0	0.62
124900	0.62	0.38	0.38	0	0	0.62
125000	0.62	0.38	0.38	0	0	0.62
125100	0.62	0.38	0.38	0	0	0.62
125200	0.62	0.38	0.38	0	0	0.62
125300	0.62	0.38	0.38	0	0	0.62
125400	0.62	0.38	0.38	0	0	0.62
125500	0.62	0.38	0.38	0	0	0.62
125600	0.62	0.38	0.38	0	0	0.62
125700	0.62	0.38	0.38	0	0	0.62
125800	0.62	0.38	0.38	0	0	0.62
125900	0.62	0.38	0.38	0	0	0.62
126000	0.62	0.38	0.38	0	0	0.62
126100	0.62	0.38	0.38	0	0	0.62
126200	0.62	0.38	0.38	0	0	0.62
126300	0.62	0.38	0.38	0	0	0.62
126400	0.62	0.38	0.38	0	0	0.62
126500	0.62	0.38	0.38	0	0	0.62
126600	0.62	0.38	0.38	0	0	0.62
126700	0.62	0.38	0.38	0	0	0.62
126800	0.62	0.38	0.38	0	0	0.62
126900	0.62	0.38	0.38	0	0	0.62
127000	0.62	0.38	0.38	0	0	0.62
127100	0.62	0.38	0.38	0	0	0.62
127200	0.62	0.38	0.38	0	0	0.62
127300	0.62	0.38	0.38	0	0	0.62
127400	0.62	0.38	0.38	0	0	0.62
127500	0.62	0.38	0.38	0	0	0.62
127600	0.62	0.38	0.38	0	0	0.62
127700	0.62	0.38	0.38	0	0	0.62
127800	0.62	0.38	0.38	0	0	0.62
127900	0.62	0.38	0.38	0	0	0.62
128000	0.62	0.38	0.38	0	0	0.62
128100	0.62	0.38	0.38	0	0	0.62
128200	0.62	0.38	0.38	0	0	0.62
128300	0.62	0.38	0.38	0	0	0.62
128400	0.62	0.38	0.38	0	0	0.62
128500	0.62	0.38	0.38	0	0	0.62
128600	0.62	0.38	0.38	0	0	0.62
128700	0.62	0.38	0.38	0	0	0.62
128800	0.62	0.38	0.38	0	0	0.62
128900	0.62	0.38	0.38	0	0	0.62
129000	0.62	0.38	0.38	0	0	0.62
129100	0.62	0.38	0.38	0	0	0.62
129200	0.62	0.38	0.38	0	0	0.62
129300	0.62	0.38	0.38	0	0	0.62
129400	0.62	0.38	0.38	0	0	0.62
129500	0.62	0.38	0.38	0	0	0.62
129600	0.62	0.38	0.38	0	0	0.62
129700	0.62	0.38	0.38	0	0	0.62
129800	0.62	0.38	0.38	0	0	0.62
129900	0.62	0.38	0.38	0	0	0.62
130000	0.62	0.38	0.38	0	0	0.62
130100	0.62	0.38	0.38	0	0	0.62
130200	0.62	0.38	0.38	0	0	0.62
130300	0.62	0.38	0.38	0	0	0.62
130400	0.62	0.38	0.38	0	0	0.62
130500	0.62	0.38	0.38	0	0	0.62
130600	0.62	0.38	0.38	0	0	0.62
130700	0.62	0.38	0.38	0	0	0.62
130800	0.62	0.38	0.38	0	0	0.62
130900	0.62	0.38	0.38	0	0	0.62
131000	0.62	0.38	0.38	0	0	0.62
131100	0.61	0.38	0.38	0	0	0.61
131200	0.61	0.38	0.38	0	0	0.61
131300	0.61	0.38	0.38	0	0	0.61
131400	0.61	0.38	0.38	0	0	0.61
131500	0.61	0.38	0.38	0	0	0.61
131600	0.61	0.38	0.38	0	0	0.61
131700	0.61	0.38	0.38	0	0	0.61
131800	0.61	0.38	0.38	0	0	0.61
131900	0.61	0.38	0.38	0	0	0.61
132000	0.61	0.38	0.38	0	0	0.61
132100	0.61	0.38	0.38	0	0	0.61
132200	0.62	0.38	0.38	0	0	0.62
132300	0.62	0.38	0.38	0	0	0.62
132400	0.62	0.38	0.38	0	0	0.62
132500	0.62	0.38	0.38	0	0	0.62
132600	0.62	0.38	0.38	0	0	0.62
132700	0.62	0.38	0.38	0	0	0.62
132800	0.62	0.38	0.38	0	0	0.62
132900	0.62	0.38	0.38	0	0	0.62
133000	0.62	0.38	0.38	0	0	0.62
133100	0.62	0.38	0.38	0	0	0.62
133200	0.62	0.38	0.38	0	0	0.62
133300	0.62	0.38	0.38	0	0	0.62
133400	0.62	0.38	0.38	0	0	0.62
133500	0.62	0.38	0.38	0	0	0.62
133600	0.62	0.38	0.38	0	0	0.62
133700	0.62	0.38	0.38	0	0	0.62
133800	0.62	0.38	0.38	0	0	0.62
133900	0.62	0.38	0.38	0	0	0.62
134000	0.62	0.38	0.38	0	0	0.62
134100	0.62	0.38	0.38	0	0	0.62
134200	0.62	0.38	0.38	0	0	0.62
134300	0.62	0.38	0.38	0	0	0.62
134400	0.62	0.38	0.38	0	0	0.62
134500	0.62	0.38	0.38	0	0	0.62
134600	0.62	0.38	0.38	0	0	0.62
134700	0.62	0.38	0.38	0	0	0.62
134800	0.62	0.38	0.38	0	0	0.62
134900	0.62	0.38	0.38	0	0	0.62
135000	0.62	0.38	0.38	0	0	0.62
135100	0.62	0.38	0.38	0	0	0.62
135200	0.62	0.38	0.38	0	0	0.62
135300	0.62	0.38	0.38	0	0	0.62
135400	0.62	0.38	0.38	0	0	0.62
135500	0.62	0.38	0.38	0	0	0.62
135600	0.62	0.38	0.38	0	0	0.62
135700	0.62	0.38	0.38	0	0	0.62
135800	0.62	0.38	0.38	0	0	0.62
135900	0.62	0.38	0.38	0	0	0.62
136000	0.62	0.38	0.38	0	0	0.62
136100	0.62	0.38	0.38	0	0	0.62
136200	0.62	0.38	0.38	0	0	0.62
136300	0.62	0.38	0.38	0	0	0.62
136400	0.62	0.38	0.38	0	0	0.62
136500	0.62	0.38	0.38	0	0	0.62
136600	0.62	0.38	0.38	0	0	0.62
136700	0.62	0.38	0.38	0	0	0.62
136800	0.62	0.38	0.38	0	0	0.62
136900	0.62	0.38	0.38	0	0	0.62
137000	0.62	0.38	0.38	0	0	0.62
137100	0.62	0.38	0.38	0	0	0.62
137200	0.62	0.38	0.38	0	0	0.62
137300	0.62	0.38	0.38	0	0	0.62
137400	0.62	0.38	0.38	0	0	0.62
137500	0.62	0.38	0.38	0	0	0.62
137600	0.62	0.38	0.38	0	0	0.62
137700	0.62	0.38	0.38	0	0	0.62
137800	0.62	0.38	0.38	0	0	0.62
137900	0.62	0.38	0.38	0	0	0.62
138000	0.62	0.38	0.38	0	0	0.62
138100	0.62	0.38	0.38	0	0	0.62
138200	0.62	0.38	0.38	0	0	0.62
138300	0.62	0.38	0.38	0	0	0.62
138400	0.62	0.38	0.38	0	0	0.62
138500	0.62	0.38	0.38	0	0	0.62
138600	0.62	0.38	0.38	0	0	0.62
138700	0.62	0.38	0.38	0	0	0.62
138800	0.62	0.38	0.38	0	0	0.62
138900	0.62	0.38	0.38	0	0	0.62
139000	0.62	0.38	0.38	0	0	0.62
139100	0.62	0.38	0.38	0	0	0.62
139200	0.62	0.38	0.38	0	0	0.62
139300	0.62	0.38	0.38	0	0	0.62
139400	0.62	0.38	0.38	0	0	0.62
139500	0.62	0.38	0.38	0	0	0.62
139600	0.62	0.38	0.38	0	0	0.62
139700	0.62	0.38	0.38	0	0	0.62
139800	0.62	0.38	0.38	0	0	0.62
139900	0.62	0.38	0.38	0	0	0.62
140000	0.62	0.38	0.38	0	0	0.62
140100	0.62	0.38	0.38	0	0	0.62
140200	0.62	0.38	0.38	0	0	0.62
140300	0.62	0.38	0.38	0	0	0.62
140400	0.62	0.38	0.38	0	0	0.62
140500	0.62	0.38	0.38	0	0	0.62
140600	0.62	0.38	0.38	0	0	0.62
140700	0.62	0.38	0.38	0	0	0.62
140800	0.62	0.38	0.38	0	0	0.62
140900	0.62	0.38	0.38	0	0	0.62
141000	0.62	0.38	0.38	0	0	0.62
141100	0.62	0.38	0.38	0	0	0.62
141200	0.62	0.38	0.38	0	0	0.62
141300	0.62	0.38	0.38	0	0	0.62
141400	0.62	0.38	0.38	0	0	0.62
141500	0.62	0.38	0.38	0	0	0.62
141600	0.62	0.38	0.38	0	0	0.62
141700	0.62	0.38	0.38	0	0	0.62
141800	0.62	0.38	0.38	0	0	0.62
141900	0.62	0.38	0.38	0	0	0.62
142000	0.62	0.38	0.38	0	0	0.62
142100	0.62	0.38	0.38	0	0	0.62
142200	0.62	0.38	0.38	0	0	0.62
142300	0.62	0.38	0.38	0	0	0.62
142400	0.62	0.38	0.38	0	0	0.62
142500	0.62	0.38	0.38	0	0	0.62
142600	0.62	0.38	0.38	0	0	0.62
142700	0.62	0.38	0.38	0	0	0.62
142800	0.62	0.38	0.38	0	0	0.62
142900	0.62	0.38	0.38	0	0	0.62
143000	0.62	0.38	0.38	0	0	0.62
143100	0.62	0.38	0.38	0	0	0.62
143200	0.62	0.38	0.38	0	0	0.62
143300	0.62	0.38	0.38	0	0	0.62
143400	0.62	0.38	0.38	0	0	0.62
143500	0.62	0.38	0.38	0	0	0.62
143600	0.62	0.38	0.38	0	0	0.62
143700	0.62	0.38	0.38	0	0	0.62
143800	0.62	0.38	0.38	0	0	0.62
143900	0.62	0.38	0.38	0	0	0.62
144000	0.62	0.38	0.38	0	0	0.62
144100	0.62	0.38	0.38	0	0	0.62
144200	0.62	0.38	0.38	0	0	0.62
144300	0.62	0.38	0.38	0	0	0.62
144400	0.61	0.38	0.38	0	0	0.61
144500	0.61	0.38	0.38	0	0	0.61
144600	0.61	0.38	0.38	0	0	0.61
144700	0.61	0.38	0.38	0	0	0.61
144800	0.61	0.38	0.38	0	0	0.61
144900	0.61	0.38	0.38	0	0	0.61
145000	0.61	0.38	0.38	0	0	0.61
145100	0.61	0.38	0.38	0	0	0.61
145200	0.61	0.38	0.38	0	0	0.61
145300	0.61	0.38	0.38	0	0	0.61
145400	0.61	0.38	0.38	0	0	0.61
145500	0.61	0.38	0.38	0	0	0.61
145600	0.61	0.38	0.38	0	0	0.61
145700	0.61	0.38	0.38	0	0	0.61
145800	0.61	0.38	0.38	0	0	0.61
145900	0.61	0.38	0.38	0	0	0.61
146000	0.61	0.38	0.38	0	0	0.61
146100	0.61	0.38	0.38	0	0	0.61
146200	0.61	0.38	0.38	0	0	0.61
146300	0.61	0.38	0.38	0	0	0.61
146400	0.61	0.38	0.38	0	0	0.61
146500	0.61	0.38	0.38	0	0	0.61
146600	0.62	0.38	0.38	0	0	0.62
146700	0.62	0.38	0.38	0	0	0.62
146800	0.62	0.38	0.38	0	0	0.62
146900	0.62	0.38	0.38	0	0	0.62
147000	0.62	0.38	0.38	0	0	0.62
147100	0.62	0.38	0.38	0	0	0.62
147200	0.62	0.38	0.38	0	0	0.62
147300	0.62	0.38	0.38	0	0	0.62
147400	0.62	0.38	0.38	0	0	0.62
147500	0.62	0.38	0.38	0	0	0.62
147600	0.62	0.38	0.38	0	0	0.62
147700	0.62	0.38	0.38	0	0	0.62
147800	0.62	0.38	0.38	0	0	0.62
147900	0.62	0.38	0.38	0	0	0.62
148000	0.62	0.38	0.38	0	0	0.62
148100	0.62	0.38	0.38	0	0	0.62
148200	0.62	0.38	0.38	0	0	0.62
148300	0.62	0.38	0.38	0	0	0.62
148400	0.62	0.38	0.38	0	0	0.62
148500	0.62	0.38	0.38	0	0	0.62
148600	0.62	0.38	0.38	0	0	0.62
148700	0.62	0.38	0.38	0	0	0.62
148800	0.62	0.38	0.38	0	0	0.62
148900	0.62	0.38	0.38	0	0	0.62
149000	0.62	0.38	0.38	0	0	0.62
149100	0.62	0.38	0.38	0	0	0.62
149200	0.62	0.38	0.38	0	0	0.62
149300	0.62	0.38	0.38	0	0	0.62
149400	0.62	0.38	0.38	0	0	0.62
149500	0.62	0.38	0.38	0	0	0.62
149600	0.62	0.38	0.38	0	0	0.62
149700	0.62	0.38	0.38	0	0	0.62
149800	0.62	0.38	0.38	0	0	0.62
149900	0.62	0.38	0.38	0	0	0.62
150000	0.62	0.38	0.38	0	0	0.62
150100	0.62	0.38	0.38	0	0	0.62
150200	0.62	0.38	0.38	0	0	0.62
150300	0.62	0.38	0.38	0	0	0.62
150400	0.62	0.38	0.38	0	0	0.62
150500	0.62	0.38	0.38	0	0	0.62
150600	0.62	0.38	0.38	0	0	0.62
150700	0.62	0.38	0.38	0	0	0.62
150800	0.62	0.38	0.38	0	0	0.62
150900	0.62	0.38	0.38	0	0	0.62
151000	0.62	0.38	0.38	0	0	0.62
151100	0.62	0.38	0.38	0	0	0.62
151200	0.62	0.38	0.38	0	0	0.62
151300	0.62	0.38	0.38	0	0	0.62
151400	0.62	0.38	0.38	0	0	0.62
151500	0.62	0.38	0.38	0	0	0.62
151600	0.62	0.38	0.38	0	0	0.62
151700	0.62	0.38	0.38	0	0	0.62
151800	0.62	0.38	0.38	0	0	0.62
151900	0.62	0.38	0.38	0	0	0.62
152000	0.62	0.38	0.38	0	0	0.62
152100	0.62	0.38	0.38	0	0	0.62
152200	0.62	0.38	0.38	0	0	0.62
152300	0.62	0.38	0.38	0	0	0.62
152400	0.62	0.38	0.38	0	0	0.62
152500	0.62	0.38	0.38	0	0	0.62
152600	0.62	0.38	0.38	0	0	0.62
152700	0.62	0.38	0.38	0	0	0.62
152800	0.62	0.38	0.38	0	0	0.62
152900	0.62	0.38	0.38	0	0	0.62
153000	0.62	0.38	0.38	0	0	0.62
153100	0.62	0.38	0.38	0	0	0.62
153200	0.62	0.38	0.38	0	0	0.62
153300	0.62	0.38	0.38	0	0	0.62
153400	0.62	0.38	0.38	0	0	0.62
153500	0.62	0.38	0.38	0	0	0.62
153600	0.62	0.38	0.38	0	0	0.62
153700	0.62	0.38	0.38	0	0	0.62
153800	0.62	0.38	0.38	0	0	0.62
153900	0.62	0.38	0.38	0	0	0.62
154000	0.62	0.38	0.38	0	0	0.62
154100	0.62	0.38	0.38	0	0	0.62
154200	0.62	0.38	0.38	0	0	0.62
154300	0.62	0.38	0.38	0	0	0.62
154400	0.62	0.38	0.38	0	0	0.62
154500	0.62	0.38	0.38	0	0	0.62
154600	0.62	0.38	0.38	0	0	0.62
154700	0.62	0.38	0.38	0	0	0.62
154800	0.62	0.38	0.38	0	0	0.62
154900	0.62	0.38	0.38	0	0	0.62
155000	0.62	0.38	0.38	0	0	0.62
155100	0.62	0.38	0.38	0	0	0.62
155200	0.62	0.38	0.38	0	0	0.62
155300	0.62	0.38	0.38	0	0	0.62
155400	0.62	0.38	0.38	0	0	0.62
155500	0.62	0.38	0.38	0	0	0.62
155600	0.62	0.38	0.38	0	0	0.62
155700	0.62	0.38	0.38	0	0	0.62
155800	0.62	0.38	0.38	0	0	0.62
155900	0.62	0.38	0.38	0	0	0.62
156000	0.62	0.38	0.38	0	0	0.62
156100	0.62	0.38	0.38	0	0	0.62
156200	0.62	0.38	0.38	0	0	0.62
156300	0.62	0.38	0.38	0	0	0.62
156400	0.62	0.38	0.38	0	0	0.62
156500	0.62	0.38	0.38	0	0	0.62
156600	0.62	0.38	0.38	0	0	0.62
156700	0.62	0.38	0.38	0	0	0.62
156800	0.62	0.38	0.38	0	0	0.62
156900	0.62	0.38	0.38	0	0	0.62
157000	0.62	0.38	0.38	0	0	0.62
157100	0.62	0.38	0.38	0	0	0.62
157200	0.62	0.38	0.38	0	0	0.62
157300	0.62	0.38	0.38	0	0	0.62
157400	0.62	0.38	0.38	0	0	0.62
157500	0.62	0.38	0.38	0	0	0.62
157600	0.62	0.38	0.38	0	0	0.62
157700	0.62	0.38	0.38	0	0	0.62
157800	0.62	0.38	0.38	0	0	0.62
157900	0.62	0.38	0.38	0	0	0.62
158000	0.62	0.38	0.38	0	0	0.62
158100	0.62	0.38	0.38	0	0	0.62
158200	0.62	0.38	0.38	0	0	0.62
158300	0.62	0.38	0.38	0	0	0.62
158400	0.62	0.38	0.38	0	0	0.62
158500	0.62	0.38	0.38	0	0	0.62
158600	0.62	0.38	0.38	0	0	0.62
158700	0.62	0.38	0.38	0	0	0.62
158800	0.62	0.38	0.38	0	0	0.62
158900	0.62	0.38	0.38	0	0	0.62
159000	0.62	0.38	0.38	0	0	0.62
159100	0.62	0.38	0.38	0	0	0.62
159200	0.62	0.38	0.38	0	0	0.62
159300	0.62	0.38	0.38	0	0	0.62
159400	0.62	0.38	0.38	0	0	0.62
159500	0.62	0.38	0.38	0	0	0.62
159600	0.62	0.38	0.38	0	0	0.62
159700	0.62	0.38	0.38	0	0	0.62
159800	0.62	0.38	0.38	0	0	0.62
159900	0.62	0.38	0.38	0	0	0.62
160000	0.62	0.38	0.38	0	0	0.62
160100	0.62	0.38	0.38	0	0	0.62
160200	0.62	0.38	0.38	0	0	0.62
160300	0.62	0.38	0.38	0	0	0.62
160400	0.62	0.38	0.38	0	0	0.62
160500	0.62	0.38	0.38	0	0	0.62
160600	0.62	0.38	0.38	0	0	0.62
160700	0.62	0.38	0.38	0	0	0.62
160800	0.62	0.38	0.38	0	0	0.62
160900	0.62	0.38	0.38	0	0	0.62
161000	0.62	0.38	0.38	0	0	0.62
161100	0.62	0.38	0.38	0	0	0.62
161200	0.62	0.38	0.38	0	0	0.62
161300	0.62	0.38	0.38	0	0	0.62
161400	0.62	0.38	0.38	0	0	0.62
161500	0.62	0.38	0.38	0	0	0.62
161600	0.62	0.38	0.38	0	0	0.62
161700	0.62	0.38	0.38	0	0	0.62
161800	0.62	0.38	0.38	0	0	0.62
161900	0.62	0.38	0.38	0	0	0.62
162000	0.62	0.38	0.38	0	0	0.62
162100	0.62	0.38	0.38	0	0	0.62
162200	0.62	0.38	0.38	0	0	0.62
162300	0.62	0.38	0.38	0	0	0.62
162400	0.62	0.38	0.38	0	0	0.62
162500	0.62	0.38	0.38	0	0	0.62
162600	0.62	0.38	0.38	0	0	0.62
162700	0.62	0.38	0.38	0	0	0.62
162800	0.62	0.38	0.38	0	0	0.62
162900	0.62	0.38	0.38	0	0	0.62
163000	0.62	0.38	0.38	0	0	0.62
163100	0.62	0.38	0.38	0	0	0.62
163200	0.62	0.38	0.38	0	0	0.62
163300	0.62	0.38	0.38	0	0	0.62
163400	0.62	0.38	0.38	0	0	0.62
163500	0.62	0.38	0.38	0	0	0.62
163600	0.62	0.38	0.38	0	0	0.62
163700	0.62	0.38	0.38	0	0	0.62
163800	0.62	0.38	0.38	0	0	0.62
163900	0.62	0.38	0.38	0	0	0.62
164000	0.62	0.38	0.38	0	0	0.62
164100	0.62	0.38	0.38	0	0	0.62
164200	0.62	0.38	0.38	0	0	0.62
164300	0.62	0.38	0.38	0	0	0.62
164400	0.62	0.38	0.38	0	0	0.62
164500	0.62	0.38	0.38	0	0	0.62
164600	0.62	0.38	0.38	0	0	0.62
164700	0.62	0.38	0.38	0	0	0.62
164800	0.62	0.38	0.38	0	0	0.62
164900	0.62	0.38	0.38	0	0	0.62
165000	0.62	0.38	0.38	0	0	0.62
165100	0.62	0.38	0.38	0	0	0.62
165200	0.62	0.38	0.38	0	0	0.62
165300	0.62	0.38	0.38	0	0	0.62
165400	0.62	0.38	0.38	0	0	0.62
165500	0.62	0.38	0.38	0	0	0.62
165600	0.62	0.38	0.38	0	0	0.62
165700	0.62	0.38	0.38	0	0	0.62
165800	0.62	0.38	0.38	0	0	0.62
165900	0.62	0.38	0.38	0	0	0.62
166000	0.62	0.38	0.38	0	0	0.62
166100	0.62	0.38	0.38	0	0	0.62
166200	0.62	0.38	0.38	0	0	0.62
166300	0.62	0.38	0.38	0	0	0.62
166400	0.62	0.38	0.38	0	0	0.62
166500	0.62	0.38	0.38	0	0	0.62
166600	0.62	0.38	0.38	0	0	0.62
166700	0.62	0.38	0.38	0	0	0.62
166800	0.62	0.38	0.38	0	0	0.62
166900	0.62	0.38	0.38	0	0	0.62
167000	0.62	0.38	0.38	0	0	0.62
167100	0.62	0.38	0.38	0	0	0.62
167200	0.62	0.38	0.38	0	0	0.62
167300	0.62	0.38	0.38	0	0	0.62
167400	0.62	0.38	0.38	0	0	0.62
167500	0.62	0.38	0.38	0	0	0.62
167600	0.62	0.38	0.38	0	0	0.62
167700	0.62	0.38	0.38	0	0	0.62
167800	0.62	0.38	0.38	0	0	0.62
167900	0.62	0.38	0.38	0	0	0.62
168000	0.62	0.38	0.38	0	0	0.62
168100	0.62	0.38	0.38	0	0	0.62
168200	0.62	0.38	0.38	0	0	0.62
168300	0.62	0.38	0.38	0	0	0.62
168400	0.62	0.38	0.38	0	0	0.62
168500	0.62	0.38	0.38	0	0	0.62
168600	0.62	0.38	0.38	0	0	0.62
168700	0.62	0.38	0.38	0	0	0.62
168800	0.62	0.38	0.38	0	0	0.62
168900	0.62	0.38	0.38	0	0	0.62
169000	0.62	0.38	0.38	0	0	0.62
169100	0.62	0.38	0.38	0	0	0.62
169200	0.62	0.38	0.38	0	0	0.62
169300	0.62	0.38	0.38	0	0	0.62
169400	0.62	0.38	0.38	0	0	0.62
169500	0.62	0.38	0.38	0	0	0.62
169600	0.62	0.38	0.38	0	0	0.62
169700	0.62	0.38	0.38	0	0	0.62
169800	0.62	0.38	0.38	0	0	0.62
169900	0.62	0.38	0.38	0	0	0.62
170000	0.62	0.38	0.38	0	0	0.62
170100	0.62	0.38	0.38	0	0	0.62
170200	0.62	0.38	0.38	0	0	0.62
170300	0.62	0.38	0.38	0	0	0.62
170400	0.62	0.38	0.38	0	0	0.62
170500	0.62	0.38	0.38	0	0	0.62
170600	0.62	0.38	0.38	0	0	0.62
170700	0.62	0.38	0.38	0	0	0.62
170800	0.62	0.38	0.38	0	0	0.62
170900	0.62	0.38	0.38	0	0	0.62
171000	0.62	0.38	0.38	0	0	0.62
171100	0.62	0.38	0.38	0	0	0.62
171200	0.62	0.38	0.38	0	0	0.62
171300	0.62	0.38	0.38	0	0	0.62
171400	0.62	0.38	0.38	0	0	0.62
171500	0.62	0.38	0.38	0	0	0.62
171600	0.62	0.38	0.38	0	0	0.62
171700	0.62	0.38	0.38	0	0	0.62
171800	0.62	0.38	0.38	0	0	0.62
171900	0.62	0.38	0.38	0	0	0.62
172000	0.62	0.38	0.38	0	0	0.62
172100	0.62	0.38	0.38	0	0	0.62
172200	0.62	0.38	0.38	0	0	0.62
172300	0.62	0.38	0.38	0	0	0.62
172400	0.62	0.38	0.38	0	0	0.62
172500	0.62	0.38	0.38	0	0	0.62
172600	0.62	0.38	0.38	0	0	0.62
172700	0.62	0.38	0.38	0	0	0.62
172800	0.62	0.38	0.38	0	0	0.62
172900	0.62	0.38	0.38	0	0	0.62
173000	0.62	0.38	0.38	0	0	0.62
173100	0.62	0.38	0.38	0	0	0.62
173200	0.62	0.38	0.38	0	0	0.62
173300	0.62	0.38	0.38	0	0	0.62
173400	0.62	0.38	0.38	0	0	0.62
173500	0.62	0.38	0.38	0	0	0.62
173600	0.62	0.38	0.38	0	0	0.62
173700	0.62	0.38	0.38	0	0	0.62
173800	0.62	0.38	0.38	0	0	0.62
173900	0.62	0.38	0.38	0	0	0.62
174000	0.62	0.38	0.38	0	0	0.62
174100	0.62	0.38	0.38	0	0	0.62
174200	0.62	0.38	0.38	0	0	0.62
174300	0.62	0.38	0.38	0	0	0.62
174400	0.62	0.38	0.38	0	0	0.62
174500	0.62	0.38	0.38	0	0	0.62
174600	0.62	0.38	0.38	0	0	0.62
174700	0.62	0.38	0.38	0	0	0.62
174800	0.62	0.38	0.38	0	0	0.62
174900	0.62	0.38	0.38	0	0	0.62
175000	0.62	0.38	0.38	0	0	0.62
175100	0.62	0.38	0.38	0	0	0.62
175200	0.62	0.38	0.38	0	0	0.62
175300	0.62	0.38	0.38	0	0	0.62
175400	0.62	0.38	0.38	0	0	0.62
175500	0.62	0.38	0.38	0	0	0.62
175600	0.62	0.38	0.38	0	0	0.62
175700	0.62	0.38	0.38	0	0	0.62
175800	0.62	0.38	0.38	0	0	0.62
175900	0.62	0.38	0.38	0	0	0.62
176000	0.62	0.38	0.38	0	0	0.62
176100	0.62	0.38	0.38	0	0	0.62
176200	0.62	0.38	0.38	0	0	0.62
176300	0.62	0.38	0.38	0	0	0.62
176400	0.62	0.38	0.38	0	0	0.62
176500	0.62	0.38	0.38	0	0	0.62
176600	0.62	0.38	0.38	0	0	0.62
176700	0.62	0.38	0.38	0	0	0.62
176800	0.62	0.38	0.38	0	0	0.62
176900	0.62	0.38	0.38	0	0	0.62
177000	0.62	0.38	0.38	0	0	0.62
177100	0.62	0.38	0.38	0	0	0.62
177200	0.62	0.38	0.38	0	0	0.62
177300	0.62	0.38	0.38	0	0	0.62
177400	0.62	0.38	0.38	0	0	0.62
177500	0.62	0.38	0.38	0	0	0.62
177600	0.62	0.38	0.38	0	0	0.62
177700	0.62	0.38	0.38	0	0	0.62
177800	0.62	0.38	0.38	0	0	0.62
177900	0.62	0.38	0.38	0	0	0.62
178000	0.62	0.38	0.38	0	0	0.62
178100	0.62	0.38	0.38	0	0	0.62
178200	0.62	0.38	0.38	0	0	0.62
178300	0.62	0.38	0.38	0	0	0.62
178400	0.62	0.38	0.38	0	0	0.62
178500	0.62	0.38	0.38	0	0	0.62
178600	0.62	0.38	0.38	0	0	0.62
178700	0.62	0.38	0.38	0	0	0.62
178800	0.62	0.38	0.38	0	0	0.62
178900	0.62	0.38	0.38	0	0	0.62
179000	0.62	0.38	0.38	0	0	0.62
179100	0.62	0.38	0.38	0	0	0.62
179200	0.62	0.38	0.38	0	0	0.62
179300	0.62	0.38	0.38	0	0	0.62
179400	0.62	0.38	0.38	0	0	0.62
179500	0.62	0.38	0.38	0	0	0.62
179600	0.62	0.38	0.38	0	0	0.62
179700	0.62	0.38	0.38	0	0	0.62
179800	0.62	0.38	0.38	0	0	0.62
179900	0.62	0.38	0.38	0	0	0.62
180000	0.62	0.38	0.38	0	0	0.62
180100	0.62	0.38	0.38	0	0	0.62
180200	0.62	0.38	0.38	0	0	0.62
180300	0.62	0.38	0.38	0	0	0.62
180400	0.62	0.38	0.38	0	0	0.62
180500	0.62	0.38	0.38	0	0	0.62
180600	0.62	0.38	0.38	0	0	0.62
180700	0.62	0.38	0.38	0	0	0.62
180800	0.62	0.38	0.38	0	0	0.62
180900	0.62	0.38	0.38	0	0	0.62
181000	0.62	0.38	0.38	0	0	0.62
181100	0.62	0.38	0.38	0	0	0.62
181200	0.62	0.38	0.38	0	0	0.62
181300	0.62	0.38	0.38	0	0	0.62
181400	0.62	0.38	0.38	0	0	0.62
181500	0.62	0.38	0.38	0	0	0.62
181600	0.62	0.38	0.38	0	0	0.62
181700	0.62	0.38	0.38	0	0	0.62
181800	0.62	0.38	0.38	0	0	0.62
181900	0.62	0.38	0.38	0	0	0.62
182000	0.62	0.38	0.38	0	0	0.62
182100	0.62	0.38	0.38	0	0	0.62
182200	0.62	0.38	0.38	0	0	0.62
182300	0.62	0.38	0.38	0	0	0.62
182400	0.62	0.38	0.38	0	0	0.62
182500	0.62	0.38	0.38	0	0	0.62
182600	0.62	0.38	0.38	0	0	0.62
182700	0.62	0.38	0.38	0	0	0.62
182800	0.62	0.38	0.38	0	0	0.62
182900	0.62	0.38	0.38	0	0	0.62
183000	0.62	0.38	0.38	0	0	0.62
183100	0.62	0.38	0.38	0	0	0.62
183200	0.62	0.38	0.38	0	0	0.62
183300	0.62	0.38	0.38	0	0	0.62
183400	0.62	0.38	0.38	0	0	0.62
183500	0.62	0.38	0.38	0	0	0.62
183600	0.62	0.38	0.38	0	0	0.62
183700	0.62	0.38	0.38	0	0	0.62
183800	0.62	0.38	0.38	0	0	0.62
183900	0.62	0.38	0.38	0	0	0.62
184000	0.62	0.38	0.38	0	0	0.62
184100	0.62	0.38	0.38	0	0	0.62
184200	0.62	0.38	0.38	0	0	0.62
184300	0.62	0.38	0.38	0	0	0.62
184400	0.62	0.38	0.38	0	0	0.62
184500	0.62	0.38	0.38	0	0	0.62
184600	0.62	0.38	0.38	0	0	0.62
184700	0.62	0.38	0.38	0	0	0.62
184800	0.62	0.38	0.38	0	0	0.62
184900	0.62	0.38	0.38	0	0	0.62
185000	0.62	0.38	0.38	0	0	0.62
185100	0.62	0.38	0.38	0	0	0.62
185200	0.62	0.38	0.38	0	0	0.62
185300	0.62	0.38	0.38	0	0	0.62
185400	0.62	0.38	0.38	0	0	0.62
185500	0.62	0.38	0.38	0	0	0.62
185600	0.62	0.38	0.38	0	0	0.62
185700	0.62	0.38	0.38	0	0	0.62
185800	0.62	0.38	0.38	0	0	0.62
185900	0.62	0.38	0.38	0	0	0.62
186000	0.62	0.38	0.38	0	0	0.62
186100	0.62	0.38	0.38	0	0	0.62
186200	0.62	0.38	0.38	0	0	0.62
186300	0.62	0.38	0.38	0	0	0.62
186400	0.62	0.38	0.38	0	0	0.62
186500	0.62	0.38	0.38	0	0	0.62
186600	0.62	0.38	0.38	0	0	0.62
186700	0.62	0.38	0.38	0	0	0.62
186800	0.62	0.38	0.38	0	0	0.62
186900	0.62	0.38	0.38	0	0	0.62
187000	0.62	0.38	0.38	0	0	0.62
187100	0.62	0.38	0.38	0	0	0.62
187200	0.62	0.38	0.38	0	0	0.62
187300	0.62	0.38	0.38	0	0	0.62
187400	0.62	0.38	0.38	0	0	0.62
187500	0.62	0.38	0.38	0	0	0.62
187600	0.62	0.38	0.38	0	0	0.62
187700	0.62	0.38	0.38	0	0	0.62
187800	0.62	0.38	0.38	0	0	0.62
187900	0.62	0.38	0.38	0	0	0.62
188000	0.62	0.38	0.38	0	0	0.62
188100	0.62	0.38	0.38	0	0	0.62
188200	0.62	0.38	0.38	0	0	0.62
188300	0.62	0.38	0.38	0	0	0.62
188400	0.62	0.38	0.38	0	0	0.62
188500	0.62	0.38	0.38	0	0	0.62
188600	0.62	0.38	0.38	0	0	0.62
188700	0.62	0.38	0.38	0	0	0.62
188800	0.62	0.38	0.38	0	0	0.62
188900	0.62	0.38	0.38	0	0	0.62
189000	0.62	0.38	0.38	0	0	0.62
189100	0.62	0.38	0.38	0	0	0.62
189200	0.62	0.38	0.38	0	0	0.62
189300	0.62	0.38	0.38	0	0	0.62
189400	0.62	0.38	0.38	0	0	0.62
189500	0.62	0.38	0.38	0	0	0.62
189600	0.62	0.38	0.38	0	0	0.62
189700	0.62	0.38	0.38	0	0	0.62
189800	0.62	0.38	0.38	0	0	0.62
189900	0.62	0.38	0.38	0	0	0.62
190000	0.62	0.38	0.38	0	0	0.62
190100	0.62	0.38	0.38	0	0	0.62
190200	0.62	0.38	0.38	0	0	0.62
190300	0.62	0.38	0.38	0	0	0.62
190400	0.62	0.38	0.38	0	0	0.62
190500	0.62	0.38	0.38	0	0	0.62
190600	0.62	0.38	0.38	0	0	0.62
190700	0.62	0.38	0.38	0	0	0.62
190800	0.62	0.38	0.38	0	0	0.62
190900	0.62	0.38	0.38	0	0	0.62
191000	0.62	0.38	0.38	0	0	0.62
191100	0.62	0.38	0.38	0	0	0.62
191200	0.62	0.38	0.38	0	0	0.62
191300	0.62	0.38	0.38	0	0	0.62
191400	0.62	0.38	0.38	0	0	0.62
191500	0.62	0.38	0.38	0	0	0.62
191600	0.62	0.38	0.38	0	0	0.62
191700	0.62	0.38	0.38	0	0	0.62
191800	0.62	0.38	0.38	0	0	0.62
191900	0.62	0.38	0.38	0	0	0.62
192000	0.62	0.38	0.38	0	0	0.62
192100	0.62	0.38	0.38	0	0	0.62
192200	0.62	0.38	0.38	0	0	0.62
192300	0.62	0.38	0.38	0	0	0.62
192400	0.62	0.38	0.38	0	0	0.62
192500	0.62	0.38	0.38	0	0	0.62
192600	0.62	0.38	0.38	0	0	0.62
192700	0.62	0.38	0.38	0	0	0.62
192800	0.62	0.38	0.38	0	0	0.62
192900	0.62	0.38	0.38	0	0	0.62
193000	0.62	0.38	0.38	0	0	0.62
193100	0.62	0.38	0.38	0	0	0.62
193200	0.62	0.38	0.38	0	0	0.62
193300	0.62	0.38	0.38	0	0	0.62
193400	0.62	0.38	0.38	0	0	0.62
193500	0.62	0.38	0.38	0	0	0.62
193600	0.62	0.38	0.38	0	0	0.62
193700	0.62	0.38	0.38	0	0	0.62
193800	0.62	0.38	0.38	0	0	0.62
193900	0.62	0.38	0.38	0	0	0.62
194000	0.62	0.38	0.38	0	0	0.62
194100	0.62	0.38	0.38	0	0	0.62
194200	0.62	0.38	0.38	0	0	0.62
194300	0.62	0.38	0.38	0	0	0.62
194400	0.62	0.38	0.38	0	0	0.62
194500	0.62	0.38	0.38	0	0	0.62
194600	0.62	0.38	0.38	0	0	0.62
194700	0.62	0.38	0.38	0	0	0.62
194800	0.62	0.38	0.38	0	0	0.62
194900	0.62	0.38	0.38	0	0	0.62
195000	0.62	0.38	0.38	0	0	0.62
195100	0.62	0.38	0.38	0	0	0.62
195200	0.62	0.38	0.38	0	0	0.62
195300	0.62	0.38	0.38	0	0	0.62
195400	0.62	0.38	0.38	0	0	0.62
195500	0.62	0.38	0.38	0	0	0.62
195600	0.62	0.38	0.38	0	0	0.62
195700	0.62	0.38	0.38	0	0	0.62
195800	0.62	0.38	0.38	0	0	0.62
195900	0.62	0.38	0.38	0	0	0.62
196000	0.62	0.38	0.38	0	0	0.62
196100	0.62	0.37	0.37	0	0	0.62
196200	0.62	0.37	0.37	0	0	0.62
196300	0.62	0.37	0.37	0	0	0.62
196400	0.62	0.37	0.37	0	0	0.62
196500	0.62	0.37	0.37	0	0	0.62
196600	0.62	0.37	0.37	0	0	0.62
196700	0.62	0.37	0.37	0	0	0.62
196800	0.62	0.37	0.37	0	0	0.62
196900	0.62	0.37	0.37	0	0	0.62
197000	0.62	0.37	0.37	0	0	0.62
197100	0.62	0.37	0.37	0	0	0.62
197200	0.62	0.37	0.37	0	0	0.62
197300	0.62	0.37	0.37	0	0	0.62
197400	0.62	0.37	0.37	0	0	0.62
197500	0.62	0.37	0.37	0	0	0.62
197600	0.62	0.37	0.37	0	0	0.62
197700	0.62	0.37	0.37	0	0	0.62
197800	0.62	0.37	0.37	0	0	0.62
197900	0.62	0.37	0.37	0	0	0.62
198000	0.62	0.37	0.37	0	0	0.62
198100	0.62	0.37	0.37	0	0	0.62
198200	0.62	0.37	0.37	0	0	0.62
198300	0.62	0.37	0.37	0	0	0.62
198400	0.62	0.37	0.37	0	0	0.62
198500	0.62	0.37	0.37	0	0	0.62
198600	0.62	0.37	0.37	0	0	0.62
198700	0.62	0.37	0.37	0	0	0.62
198800	0.62	0.37	0.37	0	0	0.62
198900	0.62	0.37	0.37	0	0	0.62
199000	0.62	0.37	0.37	0	0	0.62
199100	0.62	0.37	0.37	0	0	0.62
199200	0.62	0.37	0.37	0	0	0.62
199300	0.62	0.37	0.37	0	0	0.62
199400	0.62	0.37	0.37	0	0	0.62
199500	0.62	0.37	0.37	0	0	0.62
199600	0.62	0.37	0.37	0	0	0.62
199700	0.62	0.37	0.37	0	0	0.62
199800	0.62	0.37	0.37	0	0	0.62
199900	0.62	0.37	0.37	0	0	0.62
200000	0.62	0.37	0.37	0	0	0.62
200100	0.62	0.37	0.37	0	0	0.62
200200	0.62	0.37	0.37	0	0	0.62
200300	0.62	0.37	0.37	0	0	0.62
200400	0.62	0.37	0.37	0	0	0.62
200500	0.62	0.37	0.37	0	0	0.62
200600	0.62	0.37	0.37	0	0	0.62
200700	0.62	0.37	0.37	0	0	0.62
200800	0.62	0.37	0.37	0	0	0.62
200900	0.62	0.37	0.37	0	0	0.62
201000	0.62	0.37	0.37	0	0	0.62
201100	0.62	0.37	0.37	0	0	0.62
201200	0.62	0.37	0.37	0	0	0.62
201300	0.62	0.37	0.37	0	0	0.62
201400	0.62	0.37	0.37	0	0	0.62
201500	0.62	0.37	0.37	0	0	0.62
201600	0.62	0.37	0.37	0	0	0.62
201700	0.62	0.37	0.37	0	0	0.62
201800	0.62	0.37	0.37	0	0	0.62
201900	0.62	0.37	0.37	0	0	0.62
202000	0.62	0.37	0.37	0	0	0.62
202100	0.62	0.37	0.37	0	0	0.62
202200	0.62	0.37	0.37	0	0	0.62
202300	0.62	0.37	0.37	0	0	0.62
202400	0.62	0.37	0.37	0	0	0.62
202500	0.62	0.37	0.37	0	0	0.62
202600	0.62	0.37	0.37	0	0	0.62
202700	0.62	0.37	0.37	0	0	0.62
202800	0.62	0.37	0.37	0	0	0.62
202900	0.62	0.37	0.37	0	0	0.62
203000	0.62	0.37	0.37	0	0	0.62
203100	0.62	0.37	0.37	0	0	0.62
203200	0.62	0.37	0.37	0	0	0.62
203300	0.62	0.37	0.37	0	0	0.62
203400	0.62	0.37	0.37	0	0	0.62
203500	0.62	0.37	0.37	0	0	0.62
203600	0.62	0.37	0.37	0	0	0.62
203700	0.62	0.37	0.37	0	0	0.62
203800	0.62	0.37	0.37	0	0	0.62
203900	0.62	0.37	0.37	0	0	0.62
204000	0.62	0.37	0.37	0	0	0.62
204100	0.62	0.37	0.37	0	0	0.62
204200	0.62	0.37	0.37	0	0	0.62
204300	0.62	0.37	0.37	0	0	0.62
204400	0.62	0.37	0.37	0	0	0.62
204500	0.62	0.37	0.37	0	0	0.62
204600	0.62	0.37	0.37	0	0	0.62
204700	0.62	0.37	0.37	0	0	0.62
204800	0.62	0.37	0.37	0	0	0.62
204900	0.62	0.37	0.37	0	0	0.62
205000	0.62	0.37	0.37	0	0	0.62
205100	0.62	0.37	0.37	0	0	0.62
205200	0.62	0.37	0.37	0	0	0.62
205300	0.62	0.37	0.37	0	0	0.62
205400	0.62	0.37	0.37	0	0	0.62
205500	0.62	0.37	0.37	0	0	0.62
205600	0.62	0.37	0.37	0	0	0.62
205700	0.62	0.37	0.37	0	0	0.62
205800	0.62	0.37	0.37	0	0	0.62
205900	0.62	0.38	0.38	0	0	0.62
206000	0.62	0.38	0.38	0	0	0.62
206100	0.62	0.38	0.38	0	0	0.62
206200	0.62	0.38	0.38	0	0	0.62
206300	0.62	0.38	0.38	0	0	0.62
206400	0.62	0.38	0.38	0	0	0.62
206500	0.62	0.38	0.38	0	0	0.62
206600	0.62	0.38	0.38	0	0	0.62
206700	0.62	0.38	0.38	0	0	0.62
206800	0.62	0.38	0.38	0	0	0.62
206900	0.62	0.38	0.38	0	0	0.62
207000	0.62	0.38	0.38	0	0	0.62
207100	0.62	0.38	0.38	0	0	0.62
207200	0.62	0.38	0.38	0	0	0.62
207300	0.62	0.38	0.38	0	0	0.62
207400	0.62	0.38	0.38	0	0	0.62
207500	0.62	0.38	0.38	0	0	0.62
207600	0.62	0.38	0.38	0	0	0.62
207700	0.62	0.38	0.38	0	0	0.62
207800	0.62	0.38	0.38	0	0	0.62
207900	0.62	0.38	0.38	0	0	0.62
208000	0.62	0.38	0.38	0	0	0.62
208100	0.62	0.38	0.38	0	0	0.62
208200	0.62	0.38	0.38	0	0	0.62
208300	0.62	0.38	0.38	0	0	0.62
208400	0.62	0.38	0.38	0	0	0.62
208500	0.62	0.38	0.38	0	0	0.62
208600	0.62	0.38	0.38	0	0	0.62
208700	0.62	0.38	0.38	0	0	0.62
208800	0.62	0.38	0.38	0	0	0.62
208900	0.62	0.38	0.38	0	0	0.62
209000	0.62	0.37	0.37	0	0	0.62
209100	0.62	0.37	0.37	0	0	0.62
209200	0.62	0.37	0.37	0	0	0.62
209300	0.62	0.37	0.37	0	0	0.62
209400	0.62	0.37	0.37	0	0	0.62
209500	0.62	0.38	0.38	0	0	0.62
209600	0.62	0.37	0.37	0	0	0.62
209700	0.62	0.37	0.37	0	0	0.62
209800	0.62	0.37	0.37	0	0	0.62
209900	0.62	0.37	0.37	0	0	0.62
210000	0.62	0.37	0.37	0	0	0.62
210100	0.62	0.37	0.37	0	0	0.62
210200	0.62	0.37	0.37	0	0	0.62
210300	0.62	0.37	0.37	0	0	0.62
210400	0.62	0.37	0.37	0	0	0.62
210500	0.62	0.37	0.37	0	0	0.62
210600	0.62	0.37	0.37	0	0	0.62
210700	0.62	0.37	0.37	0	0	0.62
210800	0.62	0.37	0.37	0	0	0.62
210900	0.62	0.37	0.37	0	0	0.62
211000	0.62	0.37	0.37	0	0	0.62
211100	0.62	0.37	0.37	0	0	0.62
211200	0.62	0.37	0.37	0	0	0.62
211300	0.62	0.37	0.37	0	0	0.62
211400	0.62	0.37	0.37	0	0	0.62
211500	0.62	0.37	0.37	0	0	0.62
211600	0.62	0.37	0.37	0	0	0.62
211700	0.62	0.37	0.37	0	0	0.62
211800	0.62	0.37	0.37	0	0	0.62
211900	0.62	0.37	0.37	0	0	0.62
212000	0.62	0.37	0.37	0	0	0.62
212100	0.62	0.37	0.37	0	0	0.62
212200	0.62	0.37	0.37	0	0	0.62
212300	0.62	0.37	0.37	0	0	0.62
212400	0.62	0.37	0.37	0	0	0.62
212500	0.62	0.37	0.37	0	0	0.62
212600	0.62	0.37	0.37	0	0	0.62
212700	0.62	0.37	0.37	0	0	0.62
212800	0.62	0.37	0.37	0	0	0.62
212900	0.62	0.37	0.37	0	0	0.62
213000	0.62	0.37	0.37	0	0	0.62
213100	0.62	0.37	0.37	0	0	0.62
213200	0.62	0.37	0.37	0	0	0.62
213300	0.62	0.37	0.37	0	0	0.62
213400	0.62	0.37	0.37	0	0	0.62
213500	0.62	0.37	0.37	0	0	0.62
213600	0.62	0.37	0.37	0	0	0.62
213700	0.62	0.37	0.37	0	0	0.62
213800	0.62	0.37	0.37	0	0	0.62
213900	0.62	0.37	0.37	0	0	0.62
214000	0.62	0.37	0.37	0	0	0.62
214100	0.62	0.37	0.37	0	0	0.62
214200	0.62	0.37	0.37	0	0	0.62
214300	0.62	0.37	0.37	0	0	0.62
214400	0.62	0.37	0.37	0	0	0.62
214500	0.62	0.37	0.37	0	0	0.62
214600	0.62	0.37	0.37	0	0	0.62
214700	0.62	0.37	0.37	0	0	0.62
214800	0.62	0.37	0.37	0	0	0.62
214900	0.62	0.37	0.37	0	0	0.62
215000	0.62	0.37	0.37	0	0	0.62
215100	0.62	0.37	0.37	0	0	0.62
215200	0.62	0.37	0.37	0	0	0.62
215300	0.62	0.37	0.37	0	0	0.62
215400	0.62	0.37	0.37	0	0	0.62
215500	0.62	0.37	0.37	0	0	0.62
215600	0.62	0.37	0.37	0	0	0.62
215700	0.62	0.37	0.37	0	0	0.62
215800	0.62	0.37	0.37	0	0	0.62
215900	0.62	0.37	0.37	0	0	0.62
216000	0.62	0.37	0.37	0	0	0.62
216100	0.62	0.37	0.37	0	0	0.62
216200	0.62	0.37	0.37	0	0	0.62
216300	0.62	0.37	0.37	0	0	0.62
216400	0.62	0.37	0.37	0	0	0.62
216500	0.62	0.37	0.37	0	0	0.62
216600	0.62	0.37	0.37	0	0	0.62
216700	0.62	0.37	0.37	0	0	0.62
216800	0.62	0.37	0.37	0	0	0.62
216900	0.62	0.37	0.37	0	0	0.62
217000	0.62	0.37	0.37	0	0	0.62
217100	0.62	0.37	0.37	0	0	0.62
217200	0.62	0.37	0.37	0	0	0.62
217300	0.62	0.37	0.37	0	0	0.62
217400	0.62	0.37	0.37	0	0	0.62
217500	0.62	0.37	0.37	0	0	0.62
217600	0.62	0.37	0.37	0	0	0.62
217700	0.62	0.37	0.37	0	0	0.62
217800	0.62	0.37	0.37	0	0	0.62
217900	0.62	0.37	0.37	0	0	0.62
218000	0.62	0.37	0.37	0	0	0.62
218100	0.62	0.37	0.37	0	0	0.62
218200	0.62	0.37	0.37	0	0	0.62
218300	0.62	0.37	0.37	0	0	0.62
218400	0.62	0.37	0.37	0	0	0.62
218500	0.62	0.37	0.37	0	0	0.62
218600	0.62	0.37	0.37	0	0	0.62
218700	0.62	0.37	0.37	0	0	0.62
218800	0.62	0.37	0.37	0	0	0.62
218900	0.62	0.37	0.37	0	0	0.62
219000	0.62	0.37	0.37	0	0	0.62
219100	0.62	0.37	0.37	0	0	0.62
219200	0.62	0.37	0.37	0	0	0.62
219300	0.62	0.37	0.37	0	0	0.62
219400	0.62	0.37	0.37	0	0	0.62
219500	0.62	0.37	0.37	0	0	0.62
219600	0.62	0.37	0.37	0	0	0.62
219700	0.62	0.37	0.37	0	0	0.62
219800	0.62	0.37	0.37	0	0	0.62
219900	0.62	0.37	0.37	0	0	0.62
220000	0.62	0.37	0.37	0	0	0.62
220100	0.62	0.37	0.37	0	0	0.62
220200	0.62	0.37	0.37	0	0	0.62
220300	0.62	0.37	0.37	0	0	0.62
220400	0.62	0.37	0.37	0	0	0.62
220500	0.62	0.37	0.37	0	0	0.62
220600	0.62	0.37	0.37	0	0	0.62
220700	0.62	0.37	0.37	0	0	0.62
220800	0.62	0.37	0.37	0	0	0.62
220900	0.62	0.37	0.37	0	0	0.62
221000	0.62	0.37	0.37	0	0	0.62
221100	0.62	0.37	0.37	0	0	0.62
221200	0.62	0.37	0.37	0	0	0.62
221300	0.62	0.37	0.37	0	0	0.62
221400	0.62	0.37	0.37	0	0	0.62
221500	0.62	0.37	0.37	0	0	0.62
221600	0.62	0.37	0.37	0	0	0.62
221700	0.62	0.37	0.37	0	0	0.62
221800	0.62	0.37	0.37	0	0	0.62
221900	0.62	0.37	0.37	0	0	0.62
222000	0.62	0.37	0.37	0	0	0.62
222100	0.62	0.37	0.37	0	0	0.62
222200	0.62	0.37	0.37	0	0	0.62
222300	0.62	0.37	0.37	0	0	0.62
222400	0.62	0.37	0.37	0	0	0.62
222500	0.62	0.37	0.37	0	0	0.62
222600	0.62	0.37	0.37	0	0	0.62
222700	0.62	0.37	0.37	0	0	0.62
222800	0.62	0.37	0.37	0	0	0.62
222900	0.62	0.37	0.37	0	0	0.62
223000	0.62	0.37	0.37	0	0	0.62
223100	0.62	0.37	0.37	0	0	0.62
223200	0.62	0.37	0.37	0	0	0.62
223300	0.62	0.37	0.37	0	0	0.62
223400	0.62	0.37	0.37	0	0	0.62
223500	0.62	0.37	0.37	0	0	0.62
223600	0.62	0.37	0.37	0	0	0.62
223700	0.62	0.37	0.37	0	0	0.62
223800	0.62	0.37	0.37	0	0	0.62
223900	0.62	0.37	0.37	0	0	0.62
224000	0.62	0.37	0.37	0	0	0.62
224100	0.62	0.37	0.37	0	0	0.62
224200	0.62	0.37	0.37	0	0	0.62
224300	0.62	0.37	0.37	0	0	0.62
224400	0.62	0.37	0.37	0	0	0.62
224500	0.62	0.37	0.37	0	0	0.62
224600	0.62	0.37	0.37	0	0	0.62
224700	0.62	0.37	0.37	0	0	0.62
224800	0.62	0.37	0.37	0	0	0.62
224900	0.62	0.37	0.37	0	0	0.62
225000	0.62	0.37	0.37	0	0	0.62
225100	0.62	0.37	0.37	0	0	0.62
225200	0.62	0.37	0.37	0	0	0.62
225300	0.62	0.37	0.37	0	0	0.62
225400	0.62	0.37	0.37	0	0	0.62
225500	0.62	0.37	0.37	0	0	0.62
225600	0.62	0.37	0.37	0	0	0.62
225700	0.62	0.37	0.37	0	0	0.62
225800	0.62	0.37	0.37	0	0	0.62
225900	0.62	0.37	0.37	0	0	0.62
226000	0.62	0.37	0.37	0	0	0.62
226100	0.62	0.37	0.37	0	0	0.62
226200	0.62	0.37	0.37	0	0	0.62
226300	0.62	0.37	0.37	0	0	0.62
226400	0.62	0.37	0.37	0	0	0.62
226500	0.62	0.37	0.37	0	0	0.62
226600	0.62	0.37	0.37	0	0	0.62
226700	0.62	0.37	0.37	0	0	0.62
226800	0.62	0.37	0.37	0	0	0.62
226900	0.62	0.37	0.37	0	0	0.62
227000	0.62	0.37	0.37	0	0	0.62
227100	0.62	0.37	0.37	0	0	0.62
227200	0.62	0.37	0.37	0	0	0.62
227300	0.62	0.37	0.37	0	0	0.62
227400	0.62	0.37	0.37	0	0	0.62
227500	0.62	0.37	0.37	0	0	0.62
227600	0.62	0.37	0.37	0	0	0.62
227700	0.62	0.37	0.37	0	0	0.62
227800	0.62	0.37	0.37	0	0	0.62
227900	0.62	0.37	0.37	0	0	0.62
228000	0.62	0.37	0.37	0	0	0.62
228100	0.62	0.37	0.37	0	0	0.62
228200	0.62	0.37	0.37	0	0	0.62
228300	0.62	0.37	0.37	0	0	0.62
228400	0.62	0.37	0.37	0	0	0.62
228500	0.62	0.37	0.37	0	0	0.62
228600	0.62	0.37	0.37	0	0	0.62
228700	0.62	0.37	0.37	0	0	0.62
228800	0.62	0.37	0.37	0	0	0.62
228900	0.62	0.37	0.37	0	0	0.62
229000	0.62	0.37	0.37	0	0	0.62
229100	0.62	0.37	0.37	0	0	0.62
229200	0.62	0.37	0.37	0	0	0.62
229300	0.62	0.37	0.37	0	0	0.62
229400	0.62	0.37	0.37	0	0	0.62
229500	0.62	0.37	0.37	0	0	0.62
229600	0.62	0.37	0.37	0	0	0.62
229700	0.62	0.37	0.37	0	0	0.62
229800	0.62	0.37	0.37	0	0	0.62
229900	0.62	0.37	0.37	0	0	0.62
230000	0.62	0.37	0.37	0	0	0.62
230100	0.62	0.37	0.37	0	0	0.62
230200	0.62	0.37	0.37	0	0	0.62
230300	0.62	0.37	0.37	0	0	0.62
230400	0.62	0.37	0.37	0	0	0.62
230500	0.62	0.37	0.37	0	0	0.62
230600	0.62	0.37	0.37	0	0	0.62
230700	0.62	0.37	0.37	0	0	0.62
230800	0.62	0.37	0.37	0	0	0.62
230900	0.62	0.37	0.37	0	0	0.62
231000	0.62	0.37	0.37	0	0	0.62
231100	0.62	0.37	0.37	0	0	0.62
231200	0.62	0.37	0.37	0	0	0.62
231300	0.62	0.37	0.37	0	0	0.62
231400	0.62	0.37	0.37	0	0	0.62
231500	0.62	0.37	0.37	0	0	0.62
231600	0.62	0.37	0.37	0	0	0.62
231700	0.62	0.37	0.37	0	0	0.62
231800	0.62	0.37	0.37	0	0	0.62
231900	0.62	0.37	0.37	0	0	0.62
232000	0.62	0.37	0.37	0	0	0.62
232100	0.62	0.37	0.37	0	0	0.62
232200	0.62	0.37	0.37	0	0	0.62
232300	0.62	0.37	0.37	0	0	0.62
232400	0.62	0.37	0.37	0	0	0.62
232500	0.62	0.37	0.37	0	0	0.62
232600	0.62	0.37	0.37	0	0	0.62
232700	0.62	0.37	0.37	0	0	0.62
232800	0.62	0.37	0.37	0	0	0.62
232900	0.62	0.37	0.37	0	0	0.62
233000	0.62	0.37	0.37	0	0	0.62
233100	0.62	0.37	0.37	0	0	0.62
233200	0.62	0.37	0.37	0	0	0.62
233300	0.62	0.37	0.37	0	0	0.62
233400	0.62	0.38	0.38	0	0	0.62
233500	0.62	0.38	0.38	0	0	0.62
233600	0.62	0.38	0.38	0	0	0.62
233700	0.62	0.38	0.38	0	0	0.62
233800	0.62	0.38	0.38	0	0	0.62
233900	0.62	0.38	0.38	0	0	0.62
234000	0.62	0.38	0.38	0	0	0.62
234100	0.62	0.38	0.38	0	0	0.62
234200	0.62	0.38	0.38	0	0	0.62
234300	0.62	0.38	0.38	0	0	0.62
234400	0.62	0.38	0.38	0	0	0.62
234500	0.62	0.38	0.38	0	0	0.62
234600	0.62	0.38	0.38	0	0	0.62
234700	0.62	0.38	0.38	0	0	0.62
234800	0.62	0.38	0.38	0	0	0.62
234900	0.62	0.38	0.38	0	0	0.62
235000	0.62	0.38	0.38	0	0	0.62
235100	0.62	0.38	0.38	0	0	0.62
235200	0.62	0.38	0.38	0	0	0.62
235300	0.62	0.38	0.38	0	0	0.62
235400	0.62	0.38	0.38	0	0	0.62
235500	0.62	0.38	0.38	0	0	0.62
235600	0.62	0.38	0.38	0	0	0.62
235700	0.62	0.38	0.38	0	0	0.62
235800	0.62	0.38	0.38	0	0	0.62
235900	0.62	0.38	0.38	0	0	0.62
236000	0.62	0.38	0.38	0	0	0.62
236100	0.62	0.38	0.38	0	0	0.62
236200	0.62	0.38	0.38	0	0	0.62
236300	0.62	0.38	0.38	0	0	0.62
236400	0.62	0.38	0.38	0	0	0.62
236500	0.62	0.38	0.38	0	0	0.62
236600	0.62	0.38	0.38	0	0	0.62
236700	0.62	0.38	0.38	0	0	0.62
236800	0.62	0.38	0.38	0	0	0.62
236900	0.62	0.38	0.38	0	0	0.62
237000	0.62	0.38	0.38	0	0	0.62
237100	0.62	0.38	0.38	0	0	0.62
237200	0.62	0.38	0.38	0	0	0.62
237300	0.62	0.38	0.38	0	0	0.62
237400	0.62	0.38	0.38	0	0	0.62
237500	0.62	0.38	0.38	0	0	0.62
237600	0.62	0.38	0.38	0	0	0.62
237700	0.62	0.38	0.38	0	0	0.62
237800	0.62	0.38	0.38	0	0	0.62
237900	0.62	0.38	0.38	0	0	0.62
238000	0.62	0.38	0.38	0	0	0.62
238100	0.62	0.38	0.38	0	0	0.62
238200	0.62	0.38	0.38	0	0	0.62
238300	0.62	0.38	0.38	0	0	0.62
238400	0.62	0.38	0.38	0	0	0.62
238500	0.62	0.38	0.38	0	0	0.62
238600	0.62	0.38	0.38	0	0	0.62
238700	0.62	0.38	0.38	0	0	0.62
238800	0.62	0.38	0.38	0	0	0.62
238900	0.62	0.38	0.38	0	0	0.62
239000	0.62	0.38	0.38	0	0	0.62
239100	0.62	0.38	0.38	0	0	0.62
239200	0.62	0.38	0.38	0	0	0.62
239300	0.62	0.38	0.38	0	0	0.62
239400	0.62	0.38	0.38	0	0	0.62
239500	0.62	0.38	0.38	0	0	0.62
239600	0.62	0.38	0.38	0	0	0.62
239700	0.62	0.38	0.38	0	0	0.62
239800	0.62	0.38	0.38	0	0	0.62
239900	0.62	0.38	0.38	0	0	0.62
240000	0.62	0.38	0.38	0	0	0.62
240100	0.62	0.38	0.38	0	0	0.62
240200	0.62	0.38	0.38	0	0	0.62
240300	0.62	0.38	0.38	0	0	0.62
240400	0.62	0.38	0.38	0	0	0.62
240500	0.62	0.38	0.38	0	0	0.62
240600	0.62	0.38	0.38	0	0	0.62
240700	0.62	0.38	0.38	0	0	0.62
240800	0.62	0.38	0.38	0	0	0.62
240900	0.62	0.38	0.38	0	0	0.62
241000	0.62	0.38	0.38	0	0	0.62
241100	0.62	0.38	0.38	0	0	0.62
241200	0.62	0.38	0.38	0	0	0.62
241300	0.62	0.38	0.38	0	0	0.62
241400	0.62	0.38	0.38	0	0	0.62
241500	0.62	0.38	0.38	0	0	0.62
241600	0.62	0.38	0.38	0	0	0.62
241700	0.62	0.38	0.38	0	0	0.62
241800	0.62	0.38	0.38	0	0	0.62
241900	0.62	0.38	0.38	0	0	0.62
242000	0.62	0.38	0.38	0	0	0.62
242100	0.62	0.38	0.38	0	0	0.62
242200	0.62	0.38	0.38	0	0	0.62
242300	0.62	0.38	0.38	0	0	0.62
242400	0.62	0.38	0.38	0	0	0.62
242500	0.62	0.38	0.38	0	0	0.62
242600	0.62	0.38	0.38	0	0	0.62
242700	0.62	0.38	0.38	0	0	0.62
242800	0.62	0.38	0.38	0	0	0.62
242900	0.62	0.38	0.38	0	0	0.62
243000	0.62	0.38	0.38	0	0	0.62
243100	0.62	0.38	0.38	0	0	0.62
243200	0.62	0.38	0.38	0	0	0.62
243300	0.62	0.38	0.38	0	0	0.62
243400	0.62	0.38	0.38	0	0	0.62
243500	0.62	0.38	0.38	0	0	0.62
243600	0.62	0.38	0.38	0	0	0.62
243700	0.62	0.38	0.38	0	0	0.62
243800	0.62	0.38	0.38	0	0	0.62
243900	0.62	0.38	0.38	0	0	0.62
244000	0.62	0.38	0.38	0	0	0.62
244100	0.62	0.38	0.38	0	0	0.62
244200	0.62	0.38	0.38	0	0	0.62
244300	0.62	0.38	0.38	0	0	0.62
244400	0.62	0.38	0.38	0	0	0.62
244500	0.62	0.38	0.38	0	0	0.62
244600	0.62	0.38	0.38	0	0	0.62
244700	0.62	0.38	0.38	0	0	0.62
244800	0.62	0.38	0.38	0	0	0.62
244900	0.62	0.38	0.38	0	0	0.62
245000	0.62	0.38	0.38	0	0	0.62
245100	0.62	0.38	0.38	0	0	0.62
245200	0.62	0.38	0.38	0	0	0.62
245300	0.62	0.38	0.38	0	0	0.62
245400	0.62	0.38	0.38	0	0	0.62
245500	0.62	0.38	0.38	0	0	0.62
245600	0.62	0.38	0.38	0	0	0.62
245700	0.62	0.38	0.38	0	0	0.62
245800	0.62	0.38	0.38	0	0	0.62
245900	0.62	0.38	0.38	0	0	0.62
246000	0.62	0.38	0.38	0	0	0.62
246100	0.62	0.38	0.38	0	0	0.62
246200	0.62	0.38	0.38	0	0	0.62
246300	0.62	0.38	0.38	0	0	0.62
246400	0.62	0.38	0.38	0	0	0.62
246500	0.62	0.38	0.38	0	0	0.62
246600	0.62	0.38	0.38	0	0	0.62
246700	0.62	0.38	0.38	0	0	0.62
246800	0.62	0.38	0.38	0	0	0.62
246900	0.62	0.38	0.38	0	0	0.62
247000	0.62	0.38	0.38	0	0	0.62
247100	0.62	0.38	0.38	0	0	0.62
247200	0.62	0.38	0.38	0	0	0.62
247300	0.62	0.38	0.38	0	0	0.62
247400	0.62	0.38	0.38	0	0	0.62
247500	0.62	0.38	0.38	0	0	0.62
247600	0.62	0.38	0.38	0	0	0.62
247700	0.62	0.38	0.38	0	0	0.62
247800	0.62	0.38	0.38	0	0	0.62
247900	0.62	0.38	0.38	0	0	0.62
248000	0.62	0.38	0.38	0	0	0.62
248100	0.62	0.38	0.38	0	0	0.62
248200	0.62	0.38	0.38	0	0	0.62
248300	0.62	0.38	0.38	0	0	0.62
248400	0.62	0.38	0.38	0	0	0.62
248500	0.62	0.38	0.38	0	0	0.62
248600	0.62	0.38	0.38	0	0	0.62
248700	0.62	0.38	0.38	0	0	0.62
248800	0.62	0.38	0.38	0	0	0.62
248900	0.62	0.38	0.38	0	0	0.62
249000	0.62	0.38	0.38	0	0	0.62
249100	0.62	0.38	0.38	0	0	0.62
249200	0.62	0.38	0.38	0	0	0.62
249300	0.62	0.38	0.38	0	0	0.62
249400	0.62	0.38	0.38	0	0	0.62
249500	0.62	0.38	0.38	0	0	0.62
249600	0.62	0.38	0.38	0	0	0.62
249700	0.62	0.38	0.38	0	0	0.62
249800	0.62	0.38	0.38	0	0	0.62
249900	0.62	0.38	0.38	0	0	0.62
250000	0.62	0.38	0.38	0	0	0.62
250100	0.62	0.38	0.38	0	0	0.62
250200	0.62	0.38	0.38	0	0	0.62
250300	0.62	0.38	0.38	0	0	0.62
250400	0.62	0.38	0.38	0	0	0.62
250500	0.62	0.38	0.38	0	0	0.62
250600	0.62	0.38	0.38	0	0	0.62
250700	0.62	0.38	0.38	0	0	0.62
250800	0.62	0.38	0.38	0	0	0.62
250900	0.62	0.38	0.38	0	0	0.62
251000	0.62	0.38	0.38	0	0	0.62
251100	0.62	0.38	0.38	0	0	0.62
251200	0.62	0.38	0.38	0	0	0.62
251300	0.62	0.38	0.38	0	0	0.62
251400	0.62	0.38	0.38	0	0	0.62
251500	0.62	0.38	0.38	0	0	0.62
251600	0.62	0.38	0.38	0	0	0.62
251700	0.62	0.38	0.38	0	0	0.62
251800	0.62	0.38	0.38	0	0	0.62
251900	0.62	0.38	0.38	0	0	0.62
252000	0.62	0.38	0.38	0	0	0.62
252100	0.62	0.38	0.38	0	0	0.62
252200	0.62	0.38	0.38	0	0	0.62
252300	0.62	0.38	0.38	0	0	0.62
252400	0.62	0.38	0.38	0	0	0.62
252500	0.62	0.38	0.38	0	0	0.62
252600	0.62	0.38	0.38	0	0	0.62
252700	0.62	0.38	0.38	0	0	0.62
252800	0.62	0.38	0.38	0	0	0.62
252900	0.62	0.38	0.38	0	0	0.62
253000	0.62	0.38	0.38	0	0	0.62
253100	0.62	0.38	0.38	0	0	0.62
253200	0.62	0.38	0.38	0	0	0.62
253300	0.62	0.38	0.38	0	0	0.62
253400	0.62	0.38	0.38	0	0	0.62
253500	0.62	0.38	0.38	0	0	0.62
253600	0.62	0.38	0.38	0	0	0.62
253700	0.62	0.38	0.38	0	0	0.62
253800	0.62	0.38	0.38	0	0	0.62
253900	0.62	0.38	0.38	0	0	0.62
254000	0.62	0.38	0.38	0	0	0.62
254100	0.62	0.38	0.38	0	0	0.62
254200	0.62	0.38	0.38	0	0	0.62
254300	0.62	0.38	0.38	0	0	0.62
254400	0.62	0.38	0.38	0	0	0.62
254500	0.62	0.38	0.38	0	0	0.62
254600	0.62	0.38	0.38	0	0	0.62
254700	0.62	0.38	0.38	0	0	0.62
254800	0.62	0.38	0.38	0	0	0.62
254900	0.62	0.38	0.38	0	0	0.62
255000	0.62	0.38	0.38	0	0	0.62
255100	0.62	0.38	0.38	0	0	0.62
255200	0.62	0.38	0.38	0	0	0.62
255300	0.62	0.38	0.38	0	0	0.62
255400	0.62	0.38	0.38	0	0	0.62
255500	0.62	0.38	0.38	0	0	0.62
255600	0.62	0.38	0.38	0	0	0.62
255700	0.62	0.38	0.38	0	0	0.62
255800	0.62	0.38	0.38	0	0	0.62
255900	0.62	0.38	0.38	0	0	0.62
256000	0.62	0.38	0.38	0	0	0.62
256100	0.62	0.38	0.38	0	0	0.62
256200	0.62	0.38	0.38	0	0	0.62
256300	0.62	0.38	0.38	0	0	0.62
256400	0.62	0.38	0.38	0	0	0.62
256500	0.62	0.38	0.38	0	0	0.62
256600	0.62	0.38	0.38	0	0	0.62
256700	0.62	0.38	0.38	0	0	0.62
256800	0.62	0.38	0.38	0	0	0.62
256900	0.62	0.38	0.38	0	0	0.62
257000	0.62	0.38	0.38	0	0	0.62
257100	0.62	0.38	0.38	0	0	0.62
257200	0.62	0.38	0.38	0	0	0.62
257300	0.62	0.38	0.38	0	0	0.62
257400	0.62	0.38	0.38	0	0	0.62
257500	0.62	0.38	0.38	0	0	0.62
257600	0.62	0.38	0.38	0	0	0.62
257700	0.62	0.38	0.38	0	0	0.62
257800	0.62	0.38	0.38	0	0	0.62
257900	0.62	0.38	0.38	0	0	0.62
258000	0.62	0.38	0.38	0	0	0.62
258100	0.62	0.38	0.38	0	0	0.62
258200	0.62	0.38	0.38	0	0	0.62
258300	0.62	0.38	0.38	0	0	0.62
258400	0.62	0.38	0.38	0	0	0.62
258500	0.62	0.38	0.38	0	0	0.62
258600	0.62	0.38	0.38	0	0	0.62
258700	0.62	0.38	0.38	0	0	0.62
258800	0.62	0.38	0.38	0	0	0.62
258900	0.62	0.38	0.38	0	0	0.62
259000	0.62	0.38	0.38	0	0	0.62
259100	0.62	0.38	0.38	0	0	0.62
259200	0.62	0.38	0.38	0	0	0.62
259300	0.62	0.38	0.38	0	0	0.62
259400	0.62	0.38	0.38	0	0	0.62
259500	0.62	0.38	0.38	0	0	0.62
259600	0.62	0.38	0.38	0	0	0.62
259700	0.62	0.38	0.38	0	0	0.62
259800	0.62	0.38	0.38	0	0	0.62
259900	0.62	0.38	0.38	0	0	0.62
260000	0.62	0.38	0.38	0	0	0.62
260100	0.62	0.38	0.38	0	0	0.62
260200	0.62	0.38	0.38	0	0	0.62
260300	0.62	0.38	0.38	0	0	0.62
260400	0.62	0.38	0.38	0	0	0.62
260500	0.62	0.38	0.38	0	0	0.62
260600	0.62	0.38	0.38	0	0	0.62
260700	0.62	0.38	0.38	0	0	0.62
260800	0.62	0.38	0.38	0	0	0.62
260900	0.62	0.38	0.38	0	0	0.62
261000	0.62	0.38	0.38	0	0	0.62
261100	0.62	0.38	0.38	0	0	0.62
261200	0.62	0.38	0.38	0	0	0.62
261300	0.62	0.38	0.38	0	0	0.62
261400	0.62	0.38	0.38	0	0	0.62
261500	0.62	0.38	0.38	0	0	0.62
261600	0.62	0.38	0.38	0	0	0.62
261700	0.62	0.38	0.38	0	0	0.62
261800	0.62	0.38	0.38	0	0	0.62
261900	0.62	0.38	0.38	0	0	0.62
262000	0.62	0.38	0.38	0	0	0.62
262100	0.62	0.38	0.38	0	0	0.62
262200	0.62	0.38	0.38	0	0	0.62
262300	0.62	0.38	0.38	0	0	0.62
262400	0.62	0.38	0.38	0	0	0.62
262500	0.62	0.38	0.38	0	0	0.62
262600	0.62	0.38	0.38	0	0	0.62
262700	0.62	0.38	0.38	0	0	0.62
262800	0.62	0.38	0.38	0	0	0.62
262900	0.62	0.38	0.38	0	0	0.62
263000	0.62	0.38	0.38	0	0	0.62
263100	0.62	0.38	0.38	0	0	0.62
263200	0.62	0.38	0.38	0	0	0.62
263300	0.62	0.38	0.38	0	0	0.62
263400	0.62	0.38	0.38	0	0	0.62
263500	0.62	0.38	0.38	0	0	0.62
263600	0.62	0.38	0.38	0	0	0.62
263700	0.62	0.38	0.38	0	0	0.62
263800	0.62	0.38	0.38	0	0	0.62
263900	0.62	0.38	0.38	0	0	0.62
264000	0.62	0.38	0.38	0	0	0.62
264100	0.62	0.38	0.38	0	0	0.62
264200	0.62	0.38	0.38	0	0	0.62
264300	0.62	0.38	0.38	0	0	0.62
264400	0.62	0.38	0.38	0	0	0.62
264500	0.62	0.38	0.38	0	0	0.62
264600	0.62	0.38	0.38	0	0	0.62
264700	0.62	0.38	0.38	0	0	0.62
264800	0.62	0.38	0.38	0	0	0.62
264900	0.62	0.38	0.38	0	0	0.62
265000	0.62	0.38	0.38	0	0	0.62
265100	0.62	0.38	0.38	0	0	0.62
265200	0.62	0.38	0.38	0	0	0.62
265300	0.62	0.38	0.38	0	0	0.62
265400	0.62	0.38	0.38	0	0	0.62
265500	0.62	0.38	0.38	0	0	0.62
265600	0.62	0.38	0.38	0	0	0.62
265700	0.62	0.38	0.38	0	0	0.62
265800	0.62	0.38	0.38	0	0	0.62
265900	0.62	0.38	0.38	0	0	0.62
266000	0.62	0.38	0.38	0	0	0.62
266100	0.62	0.38	0.38	0	0	0.62
266200	0.62	0.38	0.38	0	0	0.62
266300	0.62	0.38	0.38	0	0	0.62
266400	0.62	0.38	0.38	0	0	0.62
266500	0.62	0.38	0.38	0	0	0.62
266600	0.62	0.38	0.38	0	0	0.62
266700	0.62	0.38	0.38	0	0	0.62
266800	0.62	0.38	0.38	0	0	0.62
266900	0.62	0.38	0.38	0	0	0.62
267000	0.62	0.38	0.38	0	0	0.62
267100	0.62	0.38	0.38	0	0	0.62
267200	0.62	0.38	0.38	0	0	0.62
267300	0.62	0.38	0.38	0	0	0.62
267400	0.62	0.38	0.38	0	0	0.62
267500	0.62	0.38	0.38	0	0	0.62
267600	0.62	0.38	0.38	0	0	0.62
267700	0.62	0.38	0.38	0	0	0.62
267800	0.62	0.38	0.38	0	0	0.62
267900	0.62	0.38	0.38	0	0	0.62
268000	0.62	0.38	0.38	0	0	0.62
268100	0.62	0.38	0.38	0	0	0.62
268200	0.62	0.38	0.38	0	0	0.62
268300	0.62	0.38	0.38	0	0	0.62
268400	0.62	0.38	0.38	0	0	0.62
268500	0.62	0.38	0.38	0	0	0.62
268600	0.62	0.38	0.38	0	0	0.62
268700	0.62	0.38	0.38	0	0	0.62
268800	0.62	0.38	0.38	0	0	0.62
268900	0.62	0.38	0.38	0	0	0.62
269000	0.62	0.38	0.38	0	0	0.62
269100	0.62	0.38	0.38	0	0	0.62
269200	0.62	0.38	0.38	0	0	0.62
269300	0.62	0.38	0.38	0	0	0.62
269400	0.62	0.38	0.38	0	0	0.62
269500	0.62	0.38	0.38	0	0	0.62
269600	0.62	0.38	0.38	0	0	0.62
269700	0.62	0.38	0.38	0	0	0.62
269800	0.62	0.38	0.38	0	0	0.62
269900	0.62	0.38	0.38	0	0	0.62
270000	0.62	0.38	0.38	0	0	0.62
270100	0.62	0.38	0.38	0	0	0.62
270200	0.62	0.38	0.38	0	0	0.62
270300	0.62	0.38	0.38	0	0	0.62
270400	0.62	0.38	0.38	0	0	0.62
270500	0.62	0.38	0.38	0	0	0.62
270600	0.62	0.38	0.38	0	0	0.62
270700	0.62	0.38	0.38	0	0	0.62
270800	0.62	0.38	0.38	0	0	0.62
270900	0.62	0.38	0.38	0	0	0.62
271000	0.62	0.38	0.38	0	0	0.62
271100	0.62	0.38	0.38	0	0	0.62
271200	0.62	0.38	0.38	0	0	0.62
271300	0.62	0.38	0.38	0	0	0.62
271400	0.62	0.38	0.38	0	0	0.62
271500	0.62	0.38	0.38	0	0	0.62
271600	0.62	0.38	0.38	0	0	0.62
271700	0.62	0.38	0.38	0	0	0.62
271800	0.62	0.38	0.38	0	0	0.62
271900	0.62	0.38	0.38	0	0	0.62
272000	0.62	0.38	0.38	0	0	0.62
272100	0.62	0.38	0.38	0	0	0.62
272200	0.62	0.38	0.38	0	0	0.62
272300	0.62	0.38	0.38	0	0	0.62
272400	0.62	0.38	0.38	0	0	0.62
272500	0.62	0.38	0.38	0	0	0.62
272600	0.62	0.38	0.38	0	0	0.62
272700	0.62	0.38	0.38	0	0	0.62
272800	0.62	0.38	0.38	0	0	0.62
272900	0.62	0.38	0.38	0	0	0.62
273000	0.62	0.38	0.38	0	0	0.62
273100	0.62	0.38	0.38	0	0	0.62
273200	0.62	0.38	0.38	0	0	0.62
273300	0.62	0.38	0.38	0	0	0.62
273400	0.62	0.38	0.38	0	0	0.62
273500	0.62	0.38	0.38	0	0	0.62
273600	0.62	0.38	0.38	0	0	0.62
273700	0.62	0.38	0.38	0	0	0.62
273800	0.62	0.38	0.38	0	0	0.62
273900	0.62	0.38	0.38	0	0	0.62
274000	0.62	0.38	0.38	0	0	0.62
274100	0.62	0.38	0.38	0	0	0.62
274200	0.62	0.38	0.38	0	0	0.62
274300	0.62	0.38	0.38	0	0	0.62
274400	0.62	0.38	0.38	0	0	0.62
274500	0.62	0.38	0.38	0	0	0.62
274600	0.62	0.38	0.38	0	0	0.62
274700	0.62	0.38	0.38	0	0	0.62
274800	0.62	0.38	0.38	0	0	0.62
274900	0.62	0.38	0.38	0	0	0.62
275000	0.62	0.38	0.38	0	0	0.62
275100	0.62	0.38	0.38	0	0	0.62
275200	0.62	0.38	0.38	0	0	0.62
275300	0.62	0.38	0.38	0	0	0.62
275400	0.62	0.38	0.38	0	0	0.62
275500	0.62	0.38	0.38	0	0	0.62
275600	0.62	0.38	0.38	0	0	0.62
275700	0.62	0.38	0.38	0	0	0.62
275800	0.62	0.38	0.38	0	0	0.62
275900	0.62	0.38	0.38	0	0	0.62
276000	0.62	0.38	0.38	0	0	0.62
276100	0.62	0.38	0.38	0	0	0.62
276200	0.62	0.38	0.38	0	0	0.62
276300	0.62	0.38	0.38	0	0	0.62
276400	0.62	0.38	0.38	0	0	0.62
276500	0.62	0.38	0.38	0	0	0.62
276600	0.62	0.38	0.38	0	0	0.62
276700	0.62	0.38	0.38	0	0	0.62
276800	0.62	0.38	0.38	0	0	0.62
276900	0.62	0.38	0.38	0	0	0.62
277000	0.62	0.38	0.38	0	0	0.62
277100	0.62	0.38	0.38	0	0	0.62
277200	0.62	0.38	0.38	0	0	0.62
277300	0.62	0.38	0.38	0	0	0.62
277400	0.62	0.38	0.38	0	0	0.62
277500	0.62	0.38	0.38	0	0	0.62
277600	0.62	0.38	0.38	0	0	0.62
277700	0.62	0.38	0.38	0	0	0.62
277800	0.62	0.38	0.38	0	0	0.62
277900	0.62	0.38	0.38	0	0	0.62
278000	0.62	0.38	0.38	0	0	0.62
278100	0.62	0.38	0.38	0	0	0.62
278200	0.62	0.38	0.38	0	0	0.62
278300	0.62	0.38	0.38	0	0	0.62
278400	0.62	0.38	0.38	0	0	0.62
278500	0.62	0.38	0.38	0	0	0.62
278600	0.62	0.38	0.38	0	0	0.62
278700	0.62	0.38	0.38	0	0	0.62
278800	0.62	0.38	0.38	0	0	0.62
278900	0.62	0.38	0.38	0	0	0.62
279000	0.62	0.38	0.38	0	0	0.62
279100	0.62	0.38	0.38	0	0	0.62
279200	0.62	0.38	0.38	0	0	0.62
279300	0.62	0.38	0.38	0	0	0.62
279400	0.62	0.38	0.38	0	0	0.62
279500	0.62	0.38	0.38	0	0	0.62
279600	0.62	0.38	0.38	0	0	0.62
279700	0.62	0.38	0.38	0	0	0.62
279800	0.62	0.38	0.38	0	0	0.62
279900	0.62	0.38	0.38	0	0	0.62
280000	0.62	0.38	0.38	0	0	0.62
280100	0.62	0.38	0.38	0	0	0.62
280200	0.62	0.38	0.38	0	0	0.62
280300	0.62	0.38	0.38	0	0	0.62
280400	0.62	0.38	0.38	0	0	0.62
280500	0.62	0.38	0.38	0	0	0.62
280600	0.62	0.38	0.38	0	0	0.62
280700	0.62	0.38	0.38	0	0	0.62
280800	0.62	0.38	0.38	0	0	0.62
280900	0.62	0.38	0.38	0	0	0.62
281000	0.62	0.38	0.38	0	0	0.62
281100	0.62	0.38	0.38	0	0	0.62
281200	0.62	0.38	0.38	0	0	0.62
281300	0.62	0.38	0.38	0	0	0.62
281400	0.62	0.38	0.38	0	0	0.62
281500	0.62	0.38	0.38	0	0	0.62
281600	0.62	0.38	0.38	0	0	0.62
281700	0.62	0.38	0.38	0	0	0.62
281800	0.62	0.38	0.38	0	0	0.62
281900	0.62	0.38	0.38	0	0	0.62
282000	0.62	0.38	0.38	0	0	0.62
282100	0.62	0.38	0.38	0	0	0.62
282200	0.62	0.38	0.38	0	0	0.62
282300	0.62	0.38	0.38	0	0	0.62
282400	0.62	0.38	0.38	0	0	0.62
282500	0.62	0.38	0.38	0	0	0.62
282600	0.62	0.38	0.38	0	0	0.62
282700	0.62	0.38	0.38	0	0	0.62
282800	0.62	0.38	0.38	0	0	0.62
282900	0.62	0.38	0.38	0	0	0.62
283000	0.62	0.38	0.38	0	0	0.62
283100	0.62	0.38	0.38	0	0	0.62
283200	0.62	0.38	0.38	0	0	0.62
283300	0.62	0.38	0.38	0	0	0.62
283400	0.62	0.38	0.38	0	0	0.62
283500	0.62	0.38	0.38	0	0	0.62
283600	0.62	0.38	0.38	0	0	0.62
283700	0.62	0.38	0.38	0	0	0.62
283800	0.62	0.38	0.38	0	0	0.62
283900	0.62	0.38	0.38	0	0	0.62
284000	0.62	0.38	0.38	0	0	0.62
284100	0.62	0.38	0.38	0	0	0.62
284200	0.62	0.38	0.38	0	0	0.62
284300	0.62	0.38	0.38	0	0	0.62
284400	0.62	0.38	0.38	0	0	0.62
284500	0.62	0.38	0.38	0	0	0.62
284600	0.62	0.38	0.38	0	0	0.62
284700	0.62	0.38	0.38	0	0	0.62
284800	0.62	0.38	0.38	0	0	0.62
284900	0.62	0.38	0.38	0	0	0.62
285000	0.62	0.38	0.38	0	0	0.62
285100	0.62	0.38	0.38	0	0	0.62
285200	0.62	0.38	0.38	0	0	0.62
285300	0.62	0.38	0.38	0	0	0.62
285400	0.62	0.38	0.38	0	0	0.62
285500	0.62	0.38	0.38	0	0	0.62
285600	0.62	0.38	0.38	0	0	0.62
285700	0.62	0.38	0.38	0	0	0.62
285800	0.62	0.38	0.38	0	0	0.62
285900	0.62	0.38	0.38	0	0	0.62
286000	0.62	0.38	0.38	0	0	0.62
286100	0.62	0.38	0.38	0	0	0.62
286200	0.62	0.38	0.38	0	0	0.62
286300	0.62	0.38	0.38	0	0	0.62
286400	0.62	0.38	0.38	0	0	0.62
286500	0.62	0.38	0.38	0	0	0.62
286600	0.62	0.38	0.38	0	0	0.62
286700	0.62	0.38	0.38	0	0	0.62
286800	0.62	0.38	0.38	0	0	0.62
286900	0.62	0.38	0.38	0	0	0.62
287000	0.62	0.38	0.38	0	0	0.62
287100	0.62	0.38	0.38	0	0	0.62
287200	0.62	0.38	0.38	0	0	0.62
287300	0.62	0.38	0.38	0	0	0.62
287400	0.62	0.38	0.38	0	0	0.62
287500	0.62	0.38	0.38	0	0	0.62
287600	0.62	0.38	0.38	0	0	0.62
287700	0.62	0.38	0.38	0	0	0.62
287800	0.62	0.38	0.38	0	0	0.62
287900	0.62	0.38	0.38	0	0	0.62
288000	0.62	0.38	0.38	0	0	0.62
288100	0.62	0.38	0.38	0	0	0.62
288200	0.62	0.38	0.38	0	0	0.62
288300	0.62	0.38	0.38	0	0	0.62
288400	0.62	0.38	0.38	0	0	0.62
288500	0.62	0.38	0.38	0	0	0.62
288600	0.62	0.38	0.38	0	0	0.62
288700	0.62	0.38	0.38	0	0	0.62
288800	0.62	0.38	0.38	0	0	0.62
288900	0.62	0.38	0.38	0	0	0.62
289000	0.62	0.38	0.38	0	0	0.62
289100	0.62	0.38	0.38	0	0	0.62
289200	0.62	0.38	0.38	0	0	0.62
289300	0.62	0.38	0.38	0	0	0.62
289400	0.62	0.38	0.38	0	0	0.62
289500	0.62	0.38	0.38	0	0	0.62
289600	0.62	0.38	0.38	0	0	0.62
289700	0.62	0.38	0.38	0	0	0.62
289800	0.62	0.38	0.38	0	0	0.62
289900	0.62	0.38	0.38	0	0	0.62
290000	0.62	0.38	0.38	0	0	0.62
290100	0.62	0.38	0.38	0	0	0.62
290200	0.62	0.38	0.38	0	0	0.62
290300	0.62	0.38	0.38	0	0	0.62
290400	0.62	0.38	0.38	0	0	0.62
290500	0.62	0.38	0.38	0	0	0.62
290600	0.62	0.38	0.38	0	0	0.62
290700	0.62	0.38	0.38	0	0	0.62
290800	0.62	0.38	0.38	0	0	0.62
290900	0.62	0.38	0.38	0	0	0.62
291000	0.62	0.38	0.38	0	0	0.62
291100	0.62	0.38	0.38	0	0	0.62
291200	0.62	0.38	0.38	0	0	0.62
291300	0.62	0.38	0.38	0	0	0.62
291400	0.62	0.38	0.38	0	0	0.62
291500	0.62	0.38	0.38	0	0	0.62
291600	0.62	0.38	0.38	0	0	0.62
291700	0.62	0.38	0.38	0	0	0.62
291800	0.62	0.38	0.38	0	0	0.62
291900	0.62	0.38	0.38	0	0	0.62
292000	0.62	0.38	0.38	0	0	0.62
292100	0.62	0.38	0.38	0	0	0.62
292200	0.62	0.38	0.38	0	0	0.62
292300	0.62	0.38	0.38	0	0	0.62
292400	0.62	0.38	0.38	0	0	0.62
292500	0.62	0.38	0.38	0	0	0.62
292600	0.62	0.38	0.38	0	0	0.62
292700	0.62	0.38	0.38	0	0	0.62
292800	0.62	0.38	0.38	0	0	0.62
292900	0.62	0.38	0.38	0	0	0.62
293000	0.62	0.38	0.38	0	0	0.62
293100	0.62	0.38	0.38	0	0	0.62
293200	0.62	0.38	0.38	0	0	0.62
293300	0.62	0.38	0.38	0	0	0.62
293400	0.62	0.38	0.38	0	0	0.62
293500	0.62	0.38	0.38	0	0	0.62
293600	0.62	0.38	0.38	0	0	0.62
293700	0.62	0.38	0.38	0	0	0.62
293800	0.62	0.38	0.38	0	0	0.62
293900	0.62	0.38	0.38	0	0	0.62
294000	0.62	0.38	0.38	0	0	0.62
294100	0.62	0.38	0.38	0	0	0.62
294200	0.62	0.38	0.38	0	0	0.62
294300	0.62	0.38	0.38	0	0	0.62
294400	0.62	0.38	0.38	0	0	0.62
294500	0.62	0.38	0.38	0	0	0.62
294600	0.62	0.38	0.38	0	0	0.62
294700	0.62	0.38	0.38	0	0	0.62
294800	0.62	0.38	0.38	0	0	0.62
294900	0.62	0.38	0.38	0	0	0.62
295000	0.62	0.38	0.38	0	0	0.62
295100	0.62	0.38	0.38	0	0	0.62
295200	0.62	0.38	0.38	0	0	0.62
295300	0.62	0.38	0.38	0	0	0.62
295400	0.62	0.38	0.38	0	0	0.62
295500	0.62	0.38	0.38	0	0	0.62
295600	0.62	0.38	0.38	0	0	0.62
295700	0.62	0.38	0.38	0	0	0.62
295800	0.62	0.38	0.38	0	0	0.62
295900	0.62	0.38	0.38	0	0	0.62
296000	0.62	0.38	0.38	0	0	0.62
296100	0.62	0.38	0.38	0	0	0.62
296200	0.62	0.38	0.38	0	0	0.62
296300	0.62	0.38	0.38	0	0	0.62
296400	0.62	0.38	0.38	0	0	0.62
296500	0.62	0.38	0.38	0	0	0.62
296600	0.62	0.38	0.38	0	0	0.62
296700	0.62	0.38	0.38	0	0	0.62
296800	0.62	0.38	0.38	0	0	0.62
296900	0.62	0.38	0.38	0	0	0.62
297000	0.62	0.38	0.38	0	0	0.62
297100	0.62	0.38	0.38	0	0	0.62
297200	0.62	0.38	0.38	0	0	0.62
297300	0.62	0.38	0.38	0	0	0.62
297400	0.62	0.38	0.38	0	0	0.62
297500	0.62	0.38	0.38	0	0	0.62
297600	0.62	0.38	0.38	0	0	0.62
297700	0.62	0.38	0.38	0	0	0.62
297800	0.62	0.38	0.38	0	0	0.62
297900	0.62	0.38	0.38	0	0	0.62
298000	0.62	0.38	0.38	0	0	0.62
298100	0.62	0.38	0.38	0	0	0.62
298200	0.62	0.38	0.38	0	0	0.62
298300	0.62	0.38	0.38	0	0	0.62
298400	0.62	0.38	0.38	0	0	0.62
298500	0.62	0.38	0.38	0	0	0.62
298600	0.62	0.38	0.38	0	0	0.62
298700	0.62	0.38	0.38	0	0	0.62
298800	0.62	0.38	0.38	0	0	0.62
298900	0.62	0.38	0.38	0	0	0.62
299000	0.62	0.38	0.38	0	0	0.62
299100	0.62	0.38	0.38	0	0	0.62
299200	0.62	0.38	0.38	0	0	0.62
299300	0.62	0.38	0.38	0	0	0.62
299400	0.62	0.38	0.38	0	0	0.62
299500	0.62	0.38	0.38	0	0	0.62
299600	0.62	0.38	0.38	0	0	0.62
299700	0.62	0.38	0.38	0	0	0.62
299800	0.62	0.38	0.38	0	0	0.62
299900	0.62	0.38	0.38	0	0	0.62
300000	0.62	0.38	0.38	0	0	0.62
