100	0.05	0	0	0	0	0.05
200	0.06	0.02	0.02	0	0	0.06
300	0.08	0.03	0.03	0	0	0.08
400	0.08	0.03	0.03	0	0	0.08
500	0.09	0.02	0.02	0	0	0.09
600	0.08	0.02	0.02	0	0	0.08
700	0.07	0.03	0.03	0	0	0.07
800	0.07	0.02	0.02	0	0	0.07
900	0.06	0.02	0.02	0	0	0.06
1000	0.05	0.01	0.01	0	0	0.05
1100	0.03	0.01	0.01	0	0	0.03
1200	0.03	0.01	0.01	0	0	0.03
1300	0.02	0.01	0.01	0	0	0.02
1400	0.02	0.01	0.01	0	0	0.02
1500	0	0.02	0.02	0	0	0
1600	0.02	0.02	0.02	0	0	0.02
1700	0.02	0.02	0.02	0	0	0.02
1800	0.03	0.01	0.01	0	0	0.03
1900	0.04	0.01	0.01	0	0	0.04
2000	0.05	0.02	0.02	0	0	0.05
2100	0.03	0	0	0	0	0.03
2200	0	0	0	0	0	0
2300	0.03	0.03	0.03	0	0	0.03
2400	0.02	0.04	0.04	0	0	0.02
2500	0.01	0.03	0.03	0	0	0.01
2600	0.06	0.03	0.03	0	0	0.06
2700	0.07	0.02	0.02	0	0	0.07
2800	0.07	0.02	0.02	0	0	0.07
2900	0.06	0.02	0.02	0	0	0.06
3000	0.05	0.02	0.02	0	0	0.05
3100	0.04	0.01	0.01	0	0	0.04
3200	0.02	0.01	0.01	0	0	0.02
3300	0	0	0	0	0	0
3400	0.01	0	0	0	0	0.01
3500	0.04	0.02	0.02	0	0	0.04
3600	0.05	0.02	0.02	0	0	0.05
3700	0.06	0.03	0.03	0	0	0.06
3800	0.06	0.02	0.02	0	0	0.06
3900	0.04	0.03	0.03	0	0	0.04
4000	0.02	0.03	0.03	0	0	0.02
4100	0.03	0.01	0.01	0	0	0.03
4200	0.04	0.03	0.03	0	0	0.04
4300	0.03	0.03	0.03	0	0	0.03
4400	0.03	0.04	0.04	0	0	0.03
4500	0.02	0.04	0.04	0	0	0.02
4600	0.04	0.04	0.04	0	0	0.04
4700	0.02	0.04	0.04	0	0	0.02
4800	0.01	0.02	0.02	0	0	0.01
4900	0.01	0.03	0.03	0	0	0.01
5000	0.01	0.05	0.05	0	0	0.01
5100	0.01	0.05	0.05	0	0	0.01
5200	0.01	0.06	0.06	0	0	0.01
5300	0.01	0.09	0.09	0	0	0.01
5400	0.02	0.09	0.09	0	0	0.02
5500	0.02	0.05	0.05	0	0	0.02
5600	0.03	0.06	0.06	0	0	0.03
5700	0.03	0.05	0.05	0	0	0.03
5800	0.01	0.05	0.05	0	0	0.01
5900	0.02	0.05	0.05	0	0	0.02
6000	0.03	0.04	0.04	0	0	0.03
6100	0.02	0.04	0.04	0	0	0.02
6200	0.02	0.03	0.03	0	0	0.02
6300	0.03	0.03	0.03	0	0	0.03
6400	0.03	0.02	0.02	0	0	0.03
6500	0.03	0.02	0.02	0	0	0.03
6600	0.02	0.04	0.04	0	0	0.02
6700	0.03	0.04	0.04	0	0	0.03
6800	0.06	0.04	0.04	0	0	0.06
6900	0.05	0.04	0.04	0	0	0.05
7000	0.03	0.04	0.04	0	0	0.03
7100	0.03	0.04	0.04	0	0	0.03
7200	0.01	0.05	0.05	0	0	0.01
7300	0.02	0.04	0.04	0	0	0.02
7400	0.02	0.03	0.03	0	0	0.02
7500	0.02	0.02	0.02	0	0	0.02
7600	0.01	0.04	0.04	0	0	0.01
7700	0.01	0.02	0.02	0	0	0.01
7800	0.03	0.03	0.03	0	0	0.03
7900	0.03	0.05	0.05	0	0	0.03
8000	0.03	0.06	0.06	0	0	0.03
8100	0.01	0.05	0.05	0	0	0.01
8200	0.03	0.05	0.05	0	0	0.03
8300	0.04	0.04	0.04	0	0	0.04
8400	0.04	0.03	0.03	0	0	0.04
8500	0.03	0.01	0.01	0	0	0.03
8600	0.03	0.02	0.02	0	0	0.03
8700	0.03	0.02	0.02	0	0	0.03
8800	0.02	0.03	0.03	0	0	0.02
8900	0.04	0.02	0.02	0	0	0.04
9000	0.04	0	0	0	0	0.04
9100	0.04	0.01	0.01	0	0	0.04
9200	0.03	0.02	0.02	0	0	0.03
9300	0.03	0.03	0.03	0	0	0.03
9400	0.05	0.05	0.05	0	0	0.05
9500	0.05	0.06	0.06	0	0	0.05
9600	0.04	0.05	0.05	0	0	0.04
9700	0.03	0.04	0.04	0	0	0.03
9800	0.03	0.03	0.03	0	0	0.03
9900	0.05	0.05	0.05	0	0	0.05
10000	0.05	0.03	0.03	0	0	0.05
10100	0.06	0.03	0.03	0	0	0.06
10200	0.03	0.04	0.04	0	0	0.03
10300	0.04	0.02	0.02	0	0	0.04
10400	0.03	0.03	0.03	0	0	0.03
10500	0.01	0.02	0.02	0	0	0.01
10600	0	0.03	0.03	0	0	0
10700	0	0.03	0.03	0	0	0
10800	0.01	0	0	0	0	0.01
10900	0.01	0.01	0.01	0	0	0.01
11000	0.02	0.01	0.01	0	0	0.02
11100	0.03	0.03	0.03	0	0	0.03
11200	0.01	0.01	0.01	0	0	0.01
11300	0.04	0.01	0.01	0	0	0.04
11400	0.05	0.02	0.02	0	0	0.05
11500	0.05	0.02	0.02	0	0	0.05
11600	0.04	0.04	0.04	0	0	0.04
11700	0.04	0.06	0.06	0	0	0.04
11800	0.05	0.06	0.06	0	0	0.05
11900	0.03	0.07	0.07	0	0	0.03
12000	0.03	0.06	0.06	0	0	0.03
12100	0.01	0.06	0.06	0	0	0.01
12200	0.01	0.05	0.05	0	0	0.01
12300	0	0.06	0.06	0	0	0
12400	0	0.05	0.05	0	0	0
12500	0	0.05	0.05	0	0	0
12600	0.01	0.05	0.05	0	0	0.01
12700	0.02	0.05	0.05	0	0	0.02
12800	0.02	0.05	0.05	0	0	0.02
12900	0.03	0.04	0.04	0	0	0.03
13000	0.02	0.05	0.05	0	0	0.02
13100	0.02	0.05	0.05	0	0	0.02
13200	0.03	0.03	0.03	0	0	0.03
13300	0.04	0.02	0.02	0	0	0.04
13400	0.05	0.01	0.01	0	0	0.05
13500	0.05	0.01	0.01	0	0	0.05
13600	0.05	0.03	0.03	0	0	0.05
13700	0.07	0.04	0.04	0	0	0.07
13800	0.06	0.04	0.04	0	0	0.06
13900	0.05	0.05	0.05	0	0	0.05
14000	0.03	0.07	0.07	0	0	0.03
14100	0.02	0.06	0.06	0	0	0.02
14200	0	0.04	0.04	0	0	0
14300	0.01	0.04	0.04	0	0	0.01
14400	0.03	0.05	0.05	0	0	0.03
14500	0.03	0.07	0.07	0	0	0.03
14600	0.03	0.07	0.07	0	0	0.03
14700	0.01	0.07	0.07	0	0	0.01
14800	0.01	0.07	0.07	0	0	0.01
14900	0.02	0.06	0.06	0	0	0.02
15000	0.02	0.05	0.05	0	0	0.02
15100	0.02	0.05	0.05	0	0	0.02
15200	0.02	0.04	0.04	0	0	0.02
15300	0.02	0.05	0.05	0	0	0.02
15400	0.02	0.05	0.05	0	0	0.02
15500	0.02	0.06	0.06	0	0	0.02
15600	0.02	0.06	0.06	0	0	0.02
15700	0.04	0.06	0.06	0	0	0.04
15800	0.04	0.08	0.08	0	0	0.04
15900	0.04	0.08	0.08	0	0	0.04
16000	0.05	0.08	0.08	0	0	0.05
16100	0.04	0.07	0.07	0	0	0.04
16200	0.04	0.06	0.06	0	0	0.04
16300	0.04	0.03	0.03	0	0	0.04
16400	0.02	0.02	0.02	0	0	0.02
16500	0.02	0.02	0.02	0	0	0.02
16600	0.03	0.02	0.02	0	0	0.03
16700	0.03	0.03	0.03	0	0	0.03
16800	0.01	0.03	0.03	0	0	0.01
16900	0.03	0.05	0.05	0	0	0.03
17000	0.04	0.05	0.05	0	0	0.04
17100	0.02	0.05	0.05	0	0	0.02
17200	0.03	0.04	0.04	0	0	0.03
17300	0.02	0.02	0.02	0	0	0.02
17400	0.02	0.01	0.01	0	0	0.02
17500	0.04	0.05	0.05	0	0	0.04
17600	0.04	0.04	0.04	0	0	0.04
17700	0.04	0.04	0.04	0	0	0.04
17800	0.03	0.06	0.06	0	0	0.03
17900	0	0.05	0.05	0	0	0
18000	0.01	0.04	0.04	0	0	0.01
18100	0.04	0.03	0.03	0	0	0.04
18200	0.05	0.02	0.02	0	0	0.05
18300	0.07	0.02	0.02	0	0	0.07
18400	0.08	0.02	0.02	0	0	0.08
18500	0.07	0.03	0.03	0	0	0.07
18600	0.07	0.03	0.03	0	0	0.07
18700	0.06	0.02	0.02	0	0	0.06
18800	0.06	0.03	0.03	0	0	0.06
18900	0.06	0.05	0.05	0	0	0.06
19000	0.06	0.05	0.05	0	0	0.06
19100	0.07	0.09	0.09	0	0	0.07
19200	0.08	0.09	0.09	0	0	0.08
19300	0.09	0.08	0.08	0	0	0.09
19400	0.1	0.09	0.09	0	0	0.1
19500	0.1	0.06	0.06	0	0	0.1
19600	0.12	0.08	0.08	0	0	0.12
19700	0.14	0.08	0.08	0	0	0.14
19800	0.13	0.08	0.08	0	0	0.13
19900	0.12	0.09	0.09	0	0	0.12
20000	0.12	0.09	0.09	0	0	0.12
20100	0.13	0.09	0.09	0	0	0.13
20200	0.12	0.07	0.07	0	0	0.12
20300	0.13	0.08	0.08	0	0	0.13
20400	0.14	0.08	0.08	0	0	0.14
20500	0.15	0.09	0.09	0	0	0.15
20600	0.16	0.08	0.08	0	0	0.16
20700	0.19	0.09	0.09	0	0	0.19
20800	0.2	0.1	0.1	0	0	0.2
20900	0.19	0.1	0.1	0	0	0.19
21000	0.18	0.1	0.1	0	0	0.18
21100	0.18	0.09	0.09	0	0	0.18
21200	0.19	0.1	0.1	0	0	0.19
21300	0.18	0.08	0.08	0	0	0.18
21400	0.19	0.09	0.09	0	0	0.19
21500	0.18	0.1	0.1	0	0	0.18
21600	0.15	0.1	0.1	0	0	0.15
21700	0.15	0.1	0.1	0	0	0.15
21800	0.16	0.08	0.08	0	0	0.16
21900	0.18	0.07	0.07	0	0	0.18
22000	0.18	0.08	0.08	0	0	0.18
22100	0.17	0.08	0.08	0	0	0.17
22200	0.17	0.08	0.08	0	0	0.17
22300	0.17	0.08	0.08	0	0	0.17
22400	0.16	0.09	0.09	0	0	0.16
22500	0.17	0.09	0.09	0	0	0.17
22600	0.18	0.1	0.1	0	0	0.18
22700	0.19	0.1	0.1	0	0	0.19
22800	0.22	0.12	0.12	0	0	0.22
22900	0.21	0.12	0.12	0	0	0.21
23000	0.19	0.1	0.1	0	0	0.19
23100	0.2	0.1	0.1	0	0	0.2
23200	0.2	0.11	0.11	0	0	0.2
23300	0.22	0.11	0.11	0	0	0.22
23400	0.21	0.12	0.12	0	0	0.21
23500	0.21	0.12	0.12	0	0	0.21
23600	0.21	0.13	0.13	0	0	0.21
23700	0.21	0.13	0.13	0	0	0.21
23800	0.2	0.12	0.12	0	0	0.2
23900	0.21	0.12	0.12	0	0	0.21
24000	0.23	0.13	0.13	0	0	0.23
24100	0.24	0.12	0.12	0	0	0.24
24200	0.25	0.1	0.1	0	0	0.25
24300	0.26	0.1	0.1	0	0	0.26
24400	0.26	0.11	0.11	0	0	0.26
24500	0.27	0.14	0.14	0	0	0.27
24600	0.28	0.15	0.15	0	0	0.28
24700	0.28	0.14	0.14	0	0	0.28
24800	0.28	0.13	0.13	0	0	0.28
24900	0.27	0.12	0.12	0	0	0.27
25000	0.27	0.12	0.12	0	0	0.27
25100	0.28	0.12	0.12	0	0	0.28
25200	0.27	0.13	0.13	0	0	0.27
25300	0.26	0.13	0.13	0	0	0.26
25400	0.26	0.13	0.13	0	0	0.26
25500	0.27	0.14	0.14	0	0	0.27
25600	0.3	0.14	0.14	0	0	0.3
25700	0.3	0.14	0.14	0	0	0.3
25800	0.29	0.14	0.14	0	0	0.29
25900	0.31	0.14	0.14	0	0	0.31
26000	0.31	0.15	0.15	0	0	0.31
26100	0.32	0.15	0.15	0	0	0.32
26200	0.35	0.15	0.15	0	0	0.35
26300	0.34	0.16	0.16	0	0	0.34
26400	0.34	0.15	0.15	0	0	0.34
26500	0.34	0.15	0.15	0	0	0.34
26600	0.35	0.16	0.16	0	0	0.35
26700	0.35	0.16	0.16	0	0	0.35
26800	0.34	0.18	0.18	0	0	0.34
26900	0.33	0.18	0.18	0	0	0.33
27000	0.34	0.18	0.18	0	0	0.34
27100	0.34	0.17	0.17	0	0	0.34
27200	0.36	0.18	0.18	0	0	0.36
27300	0.36	0.16	0.16	0	0	0.36
27400	0.35	0.17	0.17	0	0	0.35
27500	0.35	0.17	0.17	0	0	0.35
27600	0.35	0.17	0.17	0	0	0.35
27700	0.36	0.17	0.17	0	0	0.36
27800	0.37	0.17	0.17	0	0	0.37
27900	0.38	0.18	0.18	0	0	0.38
28000	0.38	0.18	0.18	0	0	0.38
28100	0.38	0.18	0.18	0	0	0.38
28200	0.38	0.18	0.18	0	0	0.38
28300	0.37	0.18	0.18	0	0	0.37
28400	0.37	0.18	0.18	0	0	0.37
28500	0.36	0.18	0.18	0	0	0.36
28600	0.36	0.17	0.17	0	0	0.36
28700	0.37	0.17	0.17	0	0	0.37
28800	0.37	0.22	0.22	0	0	0.37
28900	0.38	0.22	0.22	0	0	0.38
29000	0.39	0.22	0.22	0	0	0.39
29100	0.4	0.22	0.22	0	0	0.4
29200	0.4	0.22	0.22	0	0	0.4
29300	0.41	0.22	0.22	0	0	0.41
29400	0.4	0.21	0.21	0	0	0.4
29500	0.4	0.21	0.21	0	0	0.4
29600	0.39	0.21	0.21	0	0	0.39
29700	0.41	0.19	0.19	0	0	0.41
29800	0.41	0.19	0.19	0	0	0.41
29900	0.41	0.21	0.21	0	0	0.41
30000	0.41	0.23	0.23	0	0	0.41
30100	0.41	0.23	0.23	0	0	0.41
30200	0.41	0.23	0.23	0	0	0.41
30300	0.41	0.22	0.22	0	0	0.41
30400	0.4	0.22	0.22	0	0	0.4
30500	0.4	0.23	0.23	0	0	0.4
30600	0.4	0.24	0.24	0	0	0.4
30700	0.4	0.24	0.24	0	0	0.4
30800	0.41	0.23	0.23	0	0	0.41
30900	0.41	0.23	0.23	0	0	0.41
31000	0.42	0.22	0.22	0	0	0.42
31100	0.42	0.22	0.22	0	0	0.42
31200	0.42	0.22	0.22	0	0	0.42
31300	0.42	0.23	0.23	0	0	0.42
31400	0.42	0.21	0.21	0	0	0.42
31500	0.42	0.21	0.21	0	0	0.42
31600	0.43	0.21	0.21	0	0	0.43
31700	0.43	0.2	0.2	0	0	0.43
31800	0.43	0.2	0.2	0	0	0.43
31900	0.43	0.2	0.2	0	0	0.43
32000	0.43	0.2	0.2	0	0	0.43
32100	0.43	0.2	0.2	0	0	0.43
32200	0.43	0.21	0.21	0	0	0.43
32300	0.43	0.2	0.2	0	0	0.43
32400	0.43	0.2	0.2	0	0	0.43
32500	0.43	0.22	0.22	0	0	0.43
32600	0.43	0.22	0.22	0	0	0.43
32700	0.43	0.21	0.21	0	0	0.43
32800	0.43	0.22	0.22	0	0	0.43
32900	0.43	0.23	0.23	0	0	0.43
33000	0.43	0.24	0.24	0	0	0.43
33100	0.43	0.24	0.24	0	0	0.43
33200	0.44	0.23	0.23	0	0	0.44
33300	0.44	0.23	0.23	0	0	0.44
33400	0.45	0.23	0.23	0	0	0.45
33500	0.44	0.23	0.23	0	0	0.44
33600	0.44	0.24	0.24	0	0	0.44
33700	0.45	0.24	0.24	0	0	0.45
33800	0.44	0.24	0.24	0	0	0.44
33900	0.44	0.24	0.24	0	0	0.44
34000	0.44	0.25	0.25	0	0	0.44
34100	0.44	0.26	0.26	0	0	0.44
34200	0.45	0.26	0.26	0	0	0.45
34300	0.45	0.25	0.25	0	0	0.45
34400	0.45	0.26	0.26	0	0	0.45
34500	0.45	0.27	0.27	0	0	0.45
34600	0.47	0.27	0.27	0	0	0.47
34700	0.47	0.27	0.27	0	0	0.47
34800	0.47	0.27	0.27	0	0	0.47
34900	0.47	0.27	0.27	0	0	0.47
35000	0.48	0.27	0.27	0	0	0.48
35100	0.46	0.27	0.27	0	0	0.46
35200	0.45	0.27	0.27	0	0	0.45
35300	0.45	0.27	0.27	0	0	0.45
35400	0.45	0.28	0.28	0	0	0.45
35500	0.45	0.29	0.29	0	0	0.45
35600	0.45	0.3	0.3	0	0	0.45
35700	0.45	0.3	0.3	0	0	0.45
35800	0.45	0.3	0.3	0	0	0.45
35900	0.44	0.3	0.3	0	0	0.44
36000	0.44	0.31	0.31	0	0	0.44
36100	0.44	0.3	0.3	0	0	0.44
36200	0.44	0.29	0.29	0	0	0.44
36300	0.44	0.29	0.29	0	0	0.44
36400	0.44	0.29	0.29	0	0	0.44
36500	0.44	0.29	0.29	0	0	0.44
36600	0.45	0.29	0.29	0	0	0.45
36700	0.45	0.29	0.29	0	0	0.45
36800	0.45	0.29	0.29	0	0	0.45
36900	0.44	0.29	0.29	0	0	0.44
37000	0.44	0.29	0.29	0	0	0.44
37100	0.44	0.29	0.29	0	0	0.44
37200	0.44	0.29	0.29	0	0	0.44
37300	0.44	0.29	0.29	0	0	0.44
37400	0.44	0.29	0.29	0	0	0.44
37500	0.44	0.29	0.29	0	0	0.44
37600	0.44	0.29	0.29	0	0	0.44
37700	0.44	0.29	0.29	0	0	0.44
37800	0.44	0.3	0.3	0	0	0.44
37900	0.44	0.3	0.3	0	0	0.44
38000	0.44	0.3	0.3	0	0	0.44
38100	0.44	0.31	0.31	0	0	0.44
38200	0.44	0.31	0.31	0	0	0.44
38300	0.44	0.31	0.31	0	0	0.44
38400	0.44	0.31	0.31	0	0	0.44
38500	0.44	0.31	0.31	0	0	0.44
38600	0.44	0.31	0.31	0	0	0.44
38700	0.44	0.31	0.31	0	0	0.44
38800	0.44	0.31	0.31	0	0	0.44
38900	0.44	0.31	0.31	0	0	0.44
39000	0.45	0.31	0.31	0	0	0.45
39100	0.46	0.32	0.32	0	0	0.46
39200	0.46	0.32	0.32	0	0	0.46
39300	0.46	0.33	0.33	0	0	0.46
39400	0.46	0.33	0.33	0	0	0.46
39500	0.46	0.32	0.32	0	0	0.46
39600	0.46	0.32	0.32	0	0	0.46
39700	0.45	0.32	0.32	0	0	0.45
39800	0.45	0.32	0.32	0	0	0.45
39900	0.45	0.31	0.31	0	0	0.45
40000	0.45	0.31	0.31	0	0	0.45
40100	0.45	0.31	0.31	0	0	0.45
40200	0.45	0.31	0.31	0	0	0.45
40300	0.45	0.31	0.31	0	0	0.45
40400	0.45	0.31	0.31	0	0	0.45
40500	0.45	0.31	0.31	0	0	0.45
40600	0.45	0.31	0.31	0	0	0.45
40700	0.45	0.32	0.32	0	0	0.45
40800	0.45	0.32	0.32	0	0	0.45
40900	0.46	0.33	0.33	0	0	0.46
41000	0.46	0.33	0.33	0	0	0.46
41100	0.46	0.33	0.33	0	0	0.46
41200	0.46	0.32	0.32	0	0	0.46
41300	0.46	0.32	0.32	0	0	0.46
41400	0.46	0.32	0.32	0	0	0.46
41500	0.46	0.31	0.31	0	0	0.46
41600	0.46	0.31	0.31	0	0	0.46
41700	0.46	0.31	0.31	0	0	0.46
41800	0.46	0.32	0.32	0	0	0.46
41900	0.46	0.33	0.33	0	0	0.46
42000	0.46	0.34	0.34	0	0	0.46
42100	0.46	0.33	0.33	0	0	0.46
42200	0.46	0.33	0.33	0	0	0.46
42300	0.46	0.33	0.33	0	0	0.46
42400	0.46	0.33	0.33	0	0	0.46
42500	0.46	0.33	0.33	0	0	0.46
42600	0.46	0.33	0.33	0	0	0.46
42700	0.46	0.33	0.33	0	0	0.46
42800	0.46	0.34	0.34	0	0	0.46
42900	0.46	0.34	0.34	0	0	0.46
43000	0.45	0.34	0.34	0	0	0.45
43100	0.45	0.34	0.34	0	0	0.45
43200	0.45	0.34	0.34	0	0	0.45
43300	0.45	0.33	0.33	0	0	0.45
43400	0.45	0.33	0.33	0	0	0.45
43500	0.45	0.33	0.33	0	0	0.45
43600	0.46	0.33	0.33	0	0	0.46
43700	0.46	0.32	0.32	0	0	0.46
43800	0.46	0.33	0.33	0	0	0.46
43900	0.47	0.33	0.33	0	0	0.47
44000	0.47	0.33	0.33	0	0	0.47
44100	0.48	0.33	0.33	0	0	0.48
44200	0.47	0.33	0.33	0	0	0.47
44300	0.47	0.33	0.33	0	0	0.47
44400	0.47	0.32	0.32	0	0	0.47
44500	0.47	0.33	0.33	0	0	0.47
44600	0.47	0.33	0.33	0	0	0.47
44700	0.46	0.33	0.33	0	0	0.46
44800	0.46	0.33	0.33	0	0	0.46
44900	0.46	0.33	0.33	0	0	0.46
45000	0.46	0.33	0.33	0	0	0.46
45100	0.46	0.33	0.33	0	0	0.46
45200	0.46	0.33	0.33	0	0	0.46
45300	0.47	0.33	0.33	0	0	0.47
45400	0.47	0.33	0.33	0	0	0.47
45500	0.47	0.32	0.32	0	0	0.47
45600	0.46	0.32	0.32	0	0	0.46
45700	0.46	0.32	0.32	0	0	0.46
45800	0.46	0.31	0.31	0	0	0.46
45900	0.45	0.33	0.33	0	0	0.45
46000	0.45	0.33	0.33	0	0	0.45
46100	0.45	0.33	0.33	0	0	0.45
46200	0.45	0.33	0.33	0	0	0.45
46300	0.48	0.33	0.33	0	0	0.48
46400	0.48	0.33	0.33	0	0	0.48
46500	0.48	0.32	0.32	0	0	0.48
46600	0.48	0.32	0.32	0	0	0.48
46700	0.48	0.32	0.32	0	0	0.48
46800	0.48	0.32	0.32	0	0	0.48
46900	0.49	0.32	0.32	0	0	0.49
47000	0.49	0.32	0.32	0	0	0.49
47100	0.49	0.32	0.32	0	0	0.49
47200	0.49	0.32	0.32	0	0	0.49
47300	0.49	0.32	0.32	0	0	0.49
47400	0.49	0.32	0.32	0	0	0.49
47500	0.49	0.33	0.33	0	0	0.49
47600	0.5	0.33	0.33	0	0	0.5
47700	0.49	0.34	0.34	0	0	0.49
47800	0.48	0.34	0.34	0	0	0.48
47900	0.48	0.34	0.34	0	0	0.48
48000	0.48	0.34	0.34	0	0	0.48
48100	0.48	0.34	0.34	0	0	0.48
48200	0.48	0.34	0.34	0	0	0.48
48300	0.48	0.34	0.34	0	0	0.48
48400	0.48	0.35	0.35	0	0	0.48
48500	0.49	0.35	0.35	0	0	0.49
48600	0.48	0.34	0.34	0	0	0.48
48700	0.48	0.34	0.34	0	0	0.48
48800	0.48	0.34	0.34	0	0	0.48
48900	0.48	0.34	0.34	0	0	0.48
49000	0.48	0.34	0.34	0	0	0.48
49100	0.48	0.34	0.34	0	0	0.48
49200	0.48	0.34	0.34	0	0	0.48
49300	0.48	0.35	0.35	0	0	0.48
49400	0.48	0.35	0.35	0	0	0.48
49500	0.48	0.35	0.35	0	0	0.48
49600	0.48	0.36	0.36	0	0	0.48
49700	0.48	0.36	0.36	0	0	0.48
49800	0.48	0.34	0.34	0	0	0.48
49900	0.48	0.34	0.34	0	0	0.48
50000	0.48	0.34	0.34	0	0	0.48
50100	0.48	0.34	0.34	0	0	0.48
50200	0.48	0.34	0.34	0	0	0.48
50300	0.49	0.34	0.34	0	0	0.49
50400	0.49	0.34	0.34	0	0	0.49
50500	0.49	0.34	0.34	0	0	0.49
50600	0.49	0.34	0.34	0	0	0.49
50700	0.49	0.34	0.34	0	0	0.49
50800	0.49	0.34	0.34	0	0	0.49
50900	0.49	0.34	0.34	0	0	0.49
51000	0.49	0.35	0.35	0	0	0.49
51100	0.49	0.35	0.35	0	0	0.49
51200	0.49	0.36	0.36	0	0	0.49
51300	0.49	0.36	0.36	0	0	0.49
51400	0.49	0.36	0.36	0	0	0.49
51500	0.49	0.36	0.36	0	0	0.49
51600	0.49	0.36	0.36	0	0	0.49
51700	0.49	0.36	0.36	0	0	0.49
51800	0.49	0.36	0.36	0	0	0.49
51900	0.49	0.36	0.36	0	0	0.49
52000	0.5	0.36	0.36	0	0	0.5
52100	0.49	0.36	0.36	0	0	0.49
52200	0.49	0.36	0.36	0	0	0.49
52300	0.49	0.36	0.36	0	0	0.49
52400	0.49	0.36	0.36	0	0	0.49
52500	0.49	0.37	0.37	0	0	0.49
52600	0.49	0.37	0.37	0	0	0.49
52700	0.49	0.37	0.37	0	0	0.49
52800	0.49	0.37	0.37	0	0	0.49
52900	0.49	0.37	0.37	0	0	0.49
53000	0.49	0.37	0.37	0	0	0.49
53100	0.49	0.37	0.37	0	0	0.49
53200	0.49	0.37	0.37	0	0	0.49
53300	0.49	0.37	0.37	0	0	0.49
53400	0.49	0.37	0.37	0	0	0.49
53500	0.49	0.37	0.37	0	0	0.49
53600	0.5	0.37	0.37	0	0	0.5
53700	0.5	0.37	0.37	0	0	0.5
53800	0.52	0.37	0.37	0	0	0.52
53900	0.5	0.37	0.37	0	0	0.5
54000	0.5	0.37	0.37	0	0	0.5
54100	0.5	0.37	0.37	0	0	0.5
54200	0.5	0.37	0.37	0	0	0.5
54300	0.49	0.37	0.37	0	0	0.49
54400	0.49	0.37	0.37	0	0	0.49
54500	0.49	0.37	0.37	0	0	0.49
54600	0.49	0.37	0.37	0	0	0.49
54700	0.49	0.37	0.37	0	0	0.49
54800	0.49	0.37	0.37	0	0	0.49
54900	0.49	0.37	0.37	0	0	0.49
55000	0.51	0.37	0.37	0	0	0.51
55100	0.5	0.37	0.37	0	0	0.5
55200	0.5	0.37	0.37	0	0	0.5
55300	0.51	0.37	0.37	0	0	0.51
55400	0.5	0.37	0.37	0	0	0.5
55500	0.5	0.37	0.37	0	0	0.5
55600	0.5	0.37	0.37	0	0	0.5
55700	0.5	0.37	0.37	0	0	0.5
55800	0.5	0.37	0.37	0	0	0.5
55900	0.5	0.37	0.37	0	0	0.5
56000	0.5	0.37	0.37	0	0	0.5
56100	0.5	0.37	0.37	0	0	0.5
56200	0.5	0.37	0.37	0	0	0.5
56300	0.5	0.37	0.37	0	0	0.5
56400	0.5	0.37	0.37	0	0	0.5
56500	0.5	0.37	0.37	0	0	0.5
56600	0.5	0.37	0.37	0	0	0.5
56700	0.5	0.37	0.37	0	0	0.5
56800	0.5	0.37	0.37	0	0	0.5
56900	0.5	0.37	0.37	0	0	0.5
57000	0.5	0.37	0.37	0	0	0.5
57100	0.5	0.37	0.37	0	0	0.5
57200	0.5	0.37	0.37	0	0	0.5
57300	0.51	0.37	0.37	0	0	0.51
57400	0.51	0.37	0.37	0	0	0.51
57500	0.51	0.37	0.37	0	0	0.51
57600	0.5	0.37	0.37	0	0	0.5
57700	0.51	0.37	0.37	0	0	0.51
57800	0.51	0.37	0.37	0	0	0.51
57900	0.51	0.38	0.38	0	0	0.51
58000	0.51	0.38	0.38	0	0	0.51
58100	0.51	0.38	0.38	0	0	0.51
58200	0.51	0.38	0.38	0	0	0.51
58300	0.51	0.38	0.38	0	0	0.51
58400	0.51	0.38	0.38	0	0	0.51
58500	0.51	0.38	0.38	0	0	0.51
58600	0.51	0.39	0.39	0	0	0.51
58700	0.51	0.39	0.39	0	0	0.51
58800	0.51	0.38	0.38	0	0	0.51
58900	0.51	0.38	0.38	0	0	0.51
59000	0.51	0.38	0.38	0	0	0.51
59100	0.51	0.38	0.38	0	0	0.51
59200	0.51	0.4	0.4	0	0	0.51
59300	0.51	0.4	0.4	0	0	0.51
59400	0.51	0.4	0.4	0	0	0.51
59500	0.51	0.4	0.4	0	0	0.51
59600	0.51	0.41	0.41	0	0	0.51
59700	0.51	0.41	0.41	0	0	0.51
59800	0.51	0.4	0.4	0	0	0.51
59900	0.51	0.4	0.4	0	0	0.51
60000	0.51	0.4	0.4	0	0	0.51
60100	0.51	0.4	0.4	0	0	0.51
60200	0.52	0.4	0.4	0	0	0.52
60300	0.52	0.4	0.4	0	0	0.52
60400	0.52	0.4	0.4	0	0	0.52
60500	0.51	0.4	0.4	0	0	0.51
60600	0.51	0.4	0.4	0	0	0.51
60700	0.51	0.39	0.39	0	0	0.51
60800	0.51	0.39	0.39	0	0	0.51
60900	0.51	0.39	0.39	0	0	0.51
61000	0.51	0.39	0.39	0	0	0.51
61100	0.51	0.39	0.39	0	0	0.51
61200	0.51	0.39	0.39	0	0	0.51
61300	0.51	0.39	0.39	0	0	0.51
61400	0.51	0.39	0.39	0	0	0.51
61500	0.51	0.39	0.39	0	0	0.51
61600	0.51	0.39	0.39	0	0	0.51
61700	0.51	0.39	0.39	0	0	0.51
61800	0.51	0.39	0.39	0	0	0.51
61900	0.51	0.39	0.39	0	0	0.51
62000	0.51	0.39	0.39	0	0	0.51
62100	0.51	0.39	0.39	0	0	0.51
62200	0.51	0.39	0.39	0	0	0.51
62300	0.51	0.39	0.39	0	0	0.51
62400	0.5	0.39	0.39	0	0	0.5
62500	0.5	0.39	0.39	0	0	0.5
62600	0.51	0.39	0.39	0	0	0.51
62700	0.51	0.39	0.39	0	0	0.51
62800	0.51	0.39	0.39	0	0	0.51
62900	0.51	0.39	0.39	0	0	0.51
63000	0.51	0.39	0.39	0	0	0.51
63100	0.51	0.39	0.39	0	0	0.51
63200	0.51	0.39	0.39	0	0	0.51
63300	0.51	0.39	0.39	0	0	0.51
63400	0.51	0.39	0.39	0	0	0.51
63500	0.53	0.38	0.38	0	0	0.53
63600	0.53	0.38	0.38	0	0	0.53
63700	0.53	0.38	0.38	0	0	0.53
63800	0.53	0.38	0.38	0	0	0.53
63900	0.53	0.38	0.38	0	0	0.53
64000	0.53	0.38	0.38	0	0	0.53
64100	0.53	0.38	0.38	0	0	0.53
64200	0.53	0.38	0.38	0	0	0.53
64300	0.53	0.38	0.38	0	0	0.53
64400	0.53	0.38	0.38	0	0	0.53
64500	0.53	0.38	0.38	0	0	0.53
64600	0.53	0.38	0.38	0	0	0.53
64700	0.53	0.38	0.38	0	0	0.53
64800	0.53	0.38	0.38	0	0	0.53
64900	0.53	0.38	0.38	0	0	0.53
65000	0.53	0.38	0.38	0	0	0.53
65100	0.52	0.38	0.38	0	0	0.52
65200	0.52	0.38	0.38	0	0	0.52
65300	0.53	0.38	0.38	0	0	0.53
65400	0.53	0.38	0.38	0	0	0.53
65500	0.53	0.38	0.38	0	0	0.53
65600	0.53	0.38	0.38	0	0	0.53
65700	0.53	0.38	0.38	0	0	0.53
65800	0.53	0.38	0.38	0	0	0.53
65900	0.53	0.38	0.38	0	0	0.53
66000	0.51	0.38	0.38	0	0	0.51
66100	0.51	0.38	0.38	0	0	0.51
66200	0.51	0.38	0.38	0	0	0.51
66300	0.51	0.38	0.38	0	0	0.51
66400	0.51	0.38	0.38	0	0	0.51
66500	0.5	0.38	0.38	0	0	0.5
66600	0.51	0.38	0.38	0	0	0.51
66700	0.51	0.38	0.38	0	0	0.51
66800	0.51	0.38	0.38	0	0	0.51
66900	0.51	0.39	0.39	0	0	0.51
67000	0.51	0.39	0.39	0	0	0.51
67100	0.51	0.39	0.39	0	0	0.51
67200	0.51	0.39	0.39	0	0	0.51
67300	0.51	0.39	0.39	0	0	0.51
67400	0.51	0.39	0.39	0	0	0.51
67500	0.51	0.39	0.39	0	0	0.51
67600	0.51	0.39	0.39	0	0	0.51
67700	0.51	0.39	0.39	0	0	0.51
67800	0.51	0.39	0.39	0	0	0.51
67900	0.51	0.39	0.39	0	0	0.51
68000	0.51	0.39	0.39	0	0	0.51
68100	0.51	0.39	0.39	0	0	0.51
68200	0.51	0.39	0.39	0	0	0.51
68300	0.51	0.39	0.39	0	0	0.51
68400	0.51	0.39	0.39	0	0	0.51
68500	0.51	0.39	0.39	0	0	0.51
68600	0.51	0.39	0.39	0	0	0.51
68700	0.51	0.39	0.39	0	0	0.51
68800	0.51	0.39	0.39	0	0	0.51
68900	0.51	0.39	0.39	0	0	0.51
69000	0.51	0.39	0.39	0	0	0.51
69100	0.51	0.39	0.39	0	0	0.51
69200	0.51	0.39	0.39	0	0	0.51
69300	0.51	0.39	0.39	0	0	0.51
69400	0.51	0.39	0.39	0	0	0.51
69500	0.51	0.39	0.39	0	0	0.51
69600	0.52	0.39	0.39	0	0	0.52
69700	0.52	0.39	0.39	0	0	0.52
69800	0.52	0.39	0.39	0	0	0.52
69900	0.52	0.39	0.39	0	0	0.52
70000	0.52	0.39	0.39	0	0	0.52
70100	0.52	0.39	0.39	0	0	0.52
70200	0.52	0.39	0.39	0	0	0.52
70300	0.52	0.4	0.4	0	0	0.52
70400	0.52	0.4	0.4	0	0	0.52
70500	0.52	0.4	0.4	0	0	0.52
70600	0.52	0.39	0.39	0	0	0.52
70700	0.52	0.39	0.39	0	0	0.52
70800	0.53	0.39	0.39	0	0	0.53
70900	0.52	0.39	0.39	0	0	0.52
71000	0.52	0.39	0.39	0	0	0.52
71100	0.52	0.39	0.39	0	0	0.52
71200	0.52	0.39	0.39	0	0	0.52
71300	0.52	0.39	0.39	0	0	0.52
71400	0.52	0.4	0.4	0	0	0.52
71500	0.52	0.4	0.4	0	0	0.52
71600	0.52	0.4	0.4	0	0	0.52
71700	0.52	0.4	0.4	0	0	0.52
71800	0.52	0.39	0.39	0	0	0.52
71900	0.52	0.39	0.39	0	0	0.52
72000	0.52	0.39	0.39	0	0	0.52
72100	0.52	0.39	0.39	0	0	0.52
72200	0.52	0.39	0.39	0	0	0.52
72300	0.52	0.39	0.39	0	0	0.52
72400	0.52	0.39	0.39	0	0	0.52
72500	0.52	0.39	0.39	0	0	0.52
72600	0.52	0.39	0.39	0	0	0.52
72700	0.52	0.39	0.39	0	0	0.52
72800	0.52	0.39	0.39	0	0	0.52
72900	0.52	0.39	0.39	0	0	0.52
73000	0.52	0.39	0.39	0	0	0.52
73100	0.52	0.39	0.39	0	0	0.52
73200	0.52	0.39	0.39	0	0	0.52
73300	0.52	0.39	0.39	0	0	0.52
73400	0.52	0.39	0.39	0	0	0.52
73500	0.52	0.39	0.39	0	0	0.52
73600	0.53	0.39	0.39	0	0	0.53
73700	0.53	0.39	0.39	0	0	0.53
73800	0.53	0.39	0.39	0	0	0.53
73900	0.53	0.39	0.39	0	0	0.53
74000	0.53	0.39	0.39	0	0	0.53
74100	0.53	0.39	0.39	0	0	0.53
74200	0.53	0.39	0.39	0	0	0.53
74300	0.53	0.39	0.39	0	0	0.53
74400	0.53	0.39	0.39	0	0	0.53
74500	0.53	0.39	0.39	0	0	0.53
74600	0.53	0.39	0.39	0	0	0.53
74700	0.53	0.39	0.39	0	0	0.53
74800	0.53	0.39	0.39	0	0	0.53
74900	0.53	0.39	0.39	0	0	0.53
75000	0.53	0.39	0.39	0	0	0.53
75100	0.53	0.39	0.39	0	0	0.53
75200	0.53	0.39	0.39	0	0	0.53
75300	0.53	0.39	0.39	0	0	0.53
75400	0.53	0.39	0.39	0	0	0.53
75500	0.53	0.39	0.39	0	0	0.53
75600	0.53	0.39	0.39	0	0	0.53
75700	0.52	0.39	0.39	0	0	0.52
75800	0.52	0.39	0.39	0	0	0.52
75900	0.52	0.39	0.39	0	0	0.52
76000	0.52	0.39	0.39	0	0	0.52
76100	0.52	0.39	0.39	0	0	0.52
76200	0.52	0.39	0.39	0	0	0.52
76300	0.52	0.39	0.39	0	0	0.52
76400	0.52	0.39	0.39	0	0	0.52
76500	0.52	0.39	0.39	0	0	0.52
76600	0.52	0.39	0.39	0	0	0.52
76700	0.52	0.39	0.39	0	0	0.52
76800	0.52	0.39	0.39	0	0	0.52
76900	0.52	0.39	0.39	0	0	0.52
77000	0.52	0.39	0.39	0	0	0.52
77100	0.53	0.4	0.4	0	0	0.53
77200	0.53	0.4	0.4	0	0	0.53
77300	0.53	0.4	0.4	0	0	0.53
77400	0.53	0.4	0.4	0	0	0.53
77500	0.53	0.4	0.4	0	0	0.53
77600	0.53	0.4	0.4	0	0	0.53
77700	0.53	0.39	0.39	0	0	0.53
77800	0.53	0.39	0.39	0	0	0.53
77900	0.54	0.39	0.39	0	0	0.54
78000	0.54	0.39	0.39	0	0	0.54
78100	0.54	0.39	0.39	0	0	0.54
78200	0.53	0.39	0.39	0	0	0.53
78300	0.53	0.39	0.39	0	0	0.53
78400	0.53	0.39	0.39	0	0	0.53
78500	0.53	0.39	0.39	0	0	0.53
78600	0.53	0.39	0.39	0	0	0.53
78700	0.53	0.39	0.39	0	0	0.53
78800	0.54	0.39	0.39	0	0	0.54
78900	0.54	0.39	0.39	0	0	0.54
79000	0.54	0.39	0.39	0	0	0.54
79100	0.54	0.39	0.39	0	0	0.54
79200	0.54	0.39	0.39	0	0	0.54
79300	0.54	0.39	0.39	0	0	0.54
79400	0.54	0.39	0.39	0	0	0.54
79500	0.54	0.39	0.39	0	0	0.54
79600	0.54	0.39	0.39	0	0	0.54
79700	0.54	0.39	0.39	0	0	0.54
79800	0.54	0.39	0.39	0	0	0.54
79900	0.54	0.39	0.39	0	0	0.54
80000	0.54	0.39	0.39	0	0	0.54
80100	0.54	0.39	0.39	0	0	0.54
80200	0.54	0.39	0.39	0	0	0.54
80300	0.54	0.39	0.39	0	0	0.54
80400	0.54	0.39	0.39	0	0	0.54
80500	0.54	0.39	0.39	0	0	0.54
80600	0.54	0.39	0.39	0	0	0.54
80700	0.54	0.39	0.39	0	0	0.54
80800	0.54	0.39	0.39	0	0	0.54
80900	0.54	0.39	0.39	0	0	0.54
81000	0.54	0.39	0.39	0	0	0.54
81100	0.54	0.39	0.39	0	0	0.54
81200	0.54	0.39	0.39	0	0	0.54
81300	0.54	0.39	0.39	0	0	0.54
81400	0.54	0.39	0.39	0	0	0.54
81500	0.55	0.39	0.39	0	0	0.55
81600	0.55	0.39	0.39	0	0	0.55
81700	0.55	0.39	0.39	0	0	0.55
81800	0.55	0.39	0.39	0	0	0.55
81900	0.55	0.39	0.39	0	0	0.55
82000	0.55	0.39	0.39	0	0	0.55
82100	0.55	0.39	0.39	0	0	0.55
82200	0.55	0.39	0.39	0	0	0.55
82300	0.55	0.4	0.4	0	0	0.55
82400	0.55	0.4	0.4	0	0	0.55
82500	0.55	0.4	0.4	0	0	0.55
82600	0.55	0.4	0.4	0	0	0.55
82700	0.55	0.4	0.4	0	0	0.55
82800	0.55	0.4	0.4	0	0	0.55
82900	0.55	0.4	0.4	0	0	0.55
83000	0.55	0.4	0.4	0	0	0.55
83100	0.55	0.4	0.4	0	0	0.55
83200	0.55	0.4	0.4	0	0	0.55
83300	0.55	0.4	0.4	0	0	0.55
83400	0.55	0.4	0.4	0	0	0.55
83500	0.55	0.4	0.4	0	0	0.55
83600	0.55	0.4	0.4	0	0	0.55
83700	0.55	0.4	0.4	0	0	0.55
83800	0.56	0.4	0.4	0	0	0.56
83900	0.56	0.4	0.4	0	0	0.56
84000	0.56	0.4	0.4	0	0	0.56
84100	0.56	0.4	0.4	0	0	0.56
84200	0.55	0.4	0.4	0	0	0.55
84300	0.55	0.41	0.41	0	0	0.55
84400	0.55	0.41	0.41	0	0	0.55
84500	0.55	0.41	0.41	0	0	0.55
84600	0.55	0.4	0.4	0	0	0.55
84700	0.55	0.4	0.4	0	0	0.55
84800	0.55	0.4	0.4	0	0	0.55
84900	0.55	0.4	0.4	0	0	0.55
85000	0.55	0.4	0.4	0	0	0.55
85100	0.55	0.4	0.4	0	0	0.55
85200	0.55	0.4	0.4	0	0	0.55
85300	0.55	0.4	0.4	0	0	0.55
85400	0.55	0.4	0.4	0	0	0.55
85500	0.55	0.4	0.4	0	0	0.55
85600	0.55	0.4	0.4	0	0	0.55
85700	0.55	0.4	0.4	0	0	0.55
85800	0.55	0.4	0.4	0	0	0.55
85900	0.55	0.4	0.4	0	0	0.55
86000	0.55	0.4	0.4	0	0	0.55
86100	0.55	0.4	0.4	0	0	0.55
86200	0.56	0.4	0.4	0	0	0.56
86300	0.56	0.4	0.4	0	0	0.56
86400	0.56	0.4	0.4	0	0	0.56
86500	0.56	0.4	0.4	0	0	0.56
86600	0.56	0.4	0.4	0	0	0.56
86700	0.56	0.4	0.4	0	0	0.56
86800	0.56	0.4	0.4	0	0	0.56
86900	0.56	0.4	0.4	0	0	0.56
87000	0.56	0.4	0.4	0	0	0.56
87100	0.56	0.4	0.4	0	0	0.56
87200	0.56	0.4	0.4	0	0	0.56
87300	0.56	0.4	0.4	0	0	0.56
87400	0.56	0.4	0.4	0	0	0.56
87500	0.56	0.41	0.41	0	0	0.56
87600	0.56	0.41	0.41	0	0	0.56
87700	0.56	0.4	0.4	0	0	0.56
87800	0.56	0.4	0.4	0	0	0.56
87900	0.56	0.41	0.41	0	0	0.56
88000	0.56	0.41	0.41	0	0	0.56
88100	0.56	0.41	0.41	0	0	0.56
88200	0.57	0.41	0.41	0	0	0.57
88300	0.57	0.41	0.41	0	0	0.57
88400	0.57	0.41	0.41	0	0	0.57
88500	0.57	0.41	0.41	0	0	0.57
88600	0.56	0.41	0.41	0	0	0.56
88700	0.56	0.41	0.41	0	0	0.56
88800	0.56	0.41	0.41	0	0	0.56
88900	0.56	0.41	0.41	0	0	0.56
89000	0.56	0.41	0.41	0	0	0.56
89100	0.56	0.42	0.42	0	0	0.56
89200	0.56	0.42	0.42	0	0	0.56
89300	0.56	0.42	0.42	0	0	0.56
89400	0.56	0.42	0.42	0	0	0.56
89500	0.56	0.42	0.42	0	0	0.56
89600	0.56	0.42	0.42	0	0	0.56
89700	0.56	0.42	0.42	0	0	0.56
89800	0.56	0.42	0.42	0	0	0.56
89900	0.56	0.42	0.42	0	0	0.56
90000	0.57	0.42	0.42	0	0	0.57
90100	0.57	0.42	0.42	0	0	0.57
90200	0.57	0.42	0.42	0	0	0.57
90300	0.57	0.42	0.42	0	0	0.57
90400	0.57	0.42	0.42	0	0	0.57
90500	0.57	0.42	0.42	0	0	0.57
90600	0.57	0.42	0.42	0	0	0.57
90700	0.57	0.42	0.42	0	0	0.57
90800	0.57	0.42	0.42	0	0	0.57
90900	0.57	0.42	0.42	0	0	0.57
91000	0.57	0.42	0.42	0	0	0.57
91100	0.57	0.42	0.42	0	0	0.57
91200	0.57	0.42	0.42	0	0	0.57
91300	0.57	0.42	0.42	0	0	0.57
91400	0.57	0.42	0.42	0	0	0.57
91500	0.57	0.42	0.42	0	0	0.57
91600	0.57	0.42	0.42	0	0	0.57
91700	0.57	0.42	0.42	0	0	0.57
91800	0.57	0.42	0.42	0	0	0.57
91900	0.57	0.42	0.42	0	0	0.57
92000	0.57	0.42	0.42	0	0	0.57
92100	0.57	0.42	0.42	0	0	0.57
92200	0.57	0.42	0.42	0	0	0.57
92300	0.56	0.42	0.42	0	0	0.56
92400	0.56	0.42	0.42	0	0	0.56
92500	0.56	0.42	0.42	0	0	0.56
92600	0.56	0.42	0.42	0	0	0.56
92700	0.55	0.42	0.42	0	0	0.55
92800	0.55	0.42	0.42	0	0	0.55
92900	0.55	0.42	0.42	0	0	0.55
93000	0.55	0.42	0.42	0	0	0.55
93100	0.55	0.42	0.42	0	0	0.55
93200	0.55	0.42	0.42	0	0	0.55
93300	0.55	0.42	0.42	0	0	0.55
93400	0.55	0.42	0.42	0	0	0.55
93500	0.55	0.41	0.41	0	0	0.55
93600	0.55	0.41	0.41	0	0	0.55
93700	0.55	0.41	0.41	0	0	0.55
93800	0.55	0.41	0.41	0	0	0.55
93900	0.55	0.41	0.41	0	0	0.55
94000	0.55	0.41	0.41	0	0	0.55
94100	0.55	0.41	0.41	0	0	0.55
94200	0.55	0.41	0.41	0	0	0.55
94300	0.55	0.41	0.41	0	0	0.55
94400	0.55	0.41	0.41	0	0	0.55
94500	0.54	0.41	0.41	0	0	0.54
94600	0.54	0.41	0.41	0	0	0.54
94700	0.54	0.41	0.41	0	0	0.54
94800	0.54	0.41	0.41	0	0	0.54
94900	0.54	0.41	0.41	0	0	0.54
95000	0.54	0.41	0.41	0	0	0.54
95100	0.54	0.41	0.41	0	0	0.54
95200	0.54	0.41	0.41	0	0	0.54
95300	0.54	0.41	0.41	0	0	0.54
95400	0.54	0.41	0.41	0	0	0.54
95500	0.54	0.41	0.41	0	0	0.54
95600	0.54	0.41	0.41	0	0	0.54
95700	0.54	0.41	0.41	0	0	0.54
95800	0.54	0.41	0.41	0	0	0.54
95900	0.54	0.42	0.42	0	0	0.54
96000	0.54	0.42	0.42	0	0	0.54
96100	0.54	0.42	0.42	0	0	0.54
96200	0.54	0.42	0.42	0	0	0.54
96300	0.54	0.42	0.42	0	0	0.54
96400	0.54	0.42	0.42	0	0	0.54
96500	0.54	0.41	0.41	0	0	0.54
96600	0.54	0.41	0.41	0	0	0.54
96700	0.54	0.41	0.41	0	0	0.54
96800	0.54	0.41	0.41	0	0	0.54
96900	0.54	0.41	0.41	0	0	0.54
97000	0.54	0.41	0.41	0	0	0.54
97100	0.54	0.41	0.41	0	0	0.54
97200	0.54	0.41	0.41	0	0	0.54
97300	0.54	0.41	0.41	0	0	0.54
97400	0.54	0.41	0.41	0	0	0.54
97500	0.55	0.42	0.42	0	0	0.55
97600	0.55	0.42	0.42	0	0	0.55
97700	0.55	0.41	0.41	0	0	0.55
97800	0.55	0.41	0.41	0	0	0.55
97900	0.54	0.41	0.41	0	0	0.54
98000	0.54	0.41	0.41	0	0	0.54
98100	0.54	0.41	0.41	0	0	0.54
98200	0.54	0.41	0.41	0	0	0.54
98300	0.54	0.41	0.41	0	0	0.54
98400	0.54	0.41	0.41	0	0	0.54
98500	0.54	0.4	0.4	0	0	0.54
98600	0.54	0.4	0.4	0	0	0.54
98700	0.54	0.4	0.4	0	0	0.54
98800	0.54	0.4	0.4	0	0	0.54
98900	0.54	0.4	0.4	0	0	0.54
99000	0.54	0.4	0.4	0	0	0.54
99100	0.54	0.4	0.4	0	0	0.54
99200	0.54	0.4	0.4	0	0	0.54
99300	0.54	0.4	0.4	0	0	0.54
99400	0.53	0.4	0.4	0	0	0.53
99500	0.53	0.4	0.4	0	0	0.53
99600	0.53	0.4	0.4	0	0	0.53
99700	0.53	0.4	0.4	0	0	0.53
99800	0.53	0.4	0.4	0	0	0.53
99900	0.53	0.4	0.4	0	0	0.53
100000	0.53	0.4	0.4	0	0	0.53
100100	0.53	0.4	0.4	0	0	0.53
100200	0.53	0.4	0.4	0	0	0.53
100300	0.54	0.4	0.4	0	0	0.54
100400	0.54	0.4	0.4	0	0	0.54
100500	0.53	0.4	0.4	0	0	0.53
100600	0.53	0.4	0.4	0	0	0.53
100700	0.53	0.4	0.4	0	0	0.53
100800	0.53	0.4	0.4	0	0	0.53
100900	0.53	0.4	0.4	0	0	0.53
101000	0.53	0.4	0.4	0	0	0.53
101100	0.53	0.4	0.4	0	0	0.53
101200	0.53	0.4	0.4	0	0	0.53
101300	0.53	0.4	0.4	0	0	0.53
101400	0.53	0.4	0.4	0	0	0.53
101500	0.53	0.41	0.41	0	0	0.53
101600	0.53	0.41	0.41	0	0	0.53
101700	0.53	0.41	0.41	0	0	0.53
101800	0.53	0.41	0.41	0	0	0.53
101900	0.53	0.41	0.41	0	0	0.53
102000	0.53	0.41	0.41	0	0	0.53
102100	0.53	0.41	0.41	0	0	0.53
102200	0.53	0.41	0.41	0	0	0.53
102300	0.53	0.42	0.42	0	0	0.53
102400	0.54	0.42	0.42	0	0	0.54
102500	0.54	0.42	0.42	0	0	0.54
102600	0.55	0.42	0.42	0	0	0.55
102700	0.55	0.42	0.42	0	0	0.55
102800	0.55	0.42	0.42	0	0	0.55
102900	0.55	0.41	0.41	0	0	0.55
103000	0.55	0.41	0.41	0	0	0.55
103100	0.55	0.41	0.41	0	0	0.55
103200	0.55	0.41	0.41	0	0	0.55
103300	0.55	0.41	0.41	0	0	0.55
103400	0.55	0.41	0.41	0	0	0.55
103500	0.55	0.41	0.41	0	0	0.55
103600	0.55	0.41	0.41	0	0	0.55
103700	0.55	0.41	0.41	0	0	0.55
103800	0.55	0.41	0.41	0	0	0.55
103900	0.55	0.41	0.41	0	0	0.55
104000	0.55	0.41	0.41	0	0	0.55
104100	0.55	0.41	0.41	0	0	0.55
104200	0.55	0.41	0.41	0	0	0.55
104300	0.55	0.41	0.41	0	0	0.55
104400	0.55	0.41	0.41	0	0	0.55
104500	0.55	0.41	0.41	0	0	0.55
104600	0.55	0.41	0.41	0	0	0.55
104700	0.55	0.41	0.41	0	0	0.55
104800	0.55	0.41	0.41	0	0	0.55
104900	0.55	0.42	0.42	0	0	0.55
105000	0.55	0.42	0.42	0	0	0.55
105100	0.55	0.42	0.42	0	0	0.55
105200	0.55	0.43	0.43	0	0	0.55
105300	0.55	0.43	0.43	0	0	0.55
105400	0.55	0.43	0.43	0	0	0.55
105500	0.55	0.43	0.43	0	0	0.55
105600	0.55	0.43	0.43	0	0	0.55
105700	0.55	0.43	0.43	0	0	0.55
105800	0.55	0.43	0.43	0	0	0.55
105900	0.55	0.43	0.43	0	0	0.55
106000	0.56	0.43	0.43	0	0	0.56
106100	0.56	0.43	0.43	0	0	0.56
106200	0.56	0.43	0.43	0	0	0.56
106300	0.56	0.43	0.43	0	0	0.56
106400	0.56	0.43	0.43	0	0	0.56
106500	0.56	0.43	0.43	0	0	0.56
106600	0.56	0.43	0.43	0	0	0.56
106700	0.56	0.43	0.43	0	0	0.56
106800	0.56	0.43	0.43	0	0	0.56
106900	0.56	0.43	0.43	0	0	0.56
107000	0.56	0.43	0.43	0	0	0.56
107100	0.56	0.43	0.43	0	0	0.56
107200	0.56	0.43	0.43	0	0	0.56
107300	0.56	0.43	0.43	0	0	0.56
107400	0.56	0.43	0.43	0	0	0.56
107500	0.56	0.43	0.43	0	0	0.56
107600	0.56	0.43	0.43	0	0	0.56
107700	0.56	0.43	0.43	0	0	0.56
107800	0.56	0.43	0.43	0	0	0.56
107900	0.56	0.43	0.43	0	0	0.56
108000	0.56	0.43	0.43	0	0	0.56
108100	0.56	0.43	0.43	0	0	0.56
108200	0.56	0.43	0.43	0	0	0.56
108300	0.56	0.43	0.43	0	0	0.56
108400	0.56	0.43	0.43	0	0	0.56
108500	0.56	0.43	0.43	0	0	0.56
108600	0.56	0.43	0.43	0	0	0.56
108700	0.56	0.43	0.43	0	0	0.56
108800	0.56	0.43	0.43	0	0	0.56
108900	0.56	0.43	0.43	0	0	0.56
109000	0.56	0.43	0.43	0	0	0.56
109100	0.56	0.43	0.43	0	0	0.56
109200	0.56	0.43	0.43	0	0	0.56
109300	0.56	0.43	0.43	0	0	0.56
109400	0.56	0.43	0.43	0	0	0.56
109500	0.56	0.43	0.43	0	0	0.56
109600	0.56	0.43	0.43	0	0	0.56
109700	0.55	0.43	0.43	0	0	0.55
109800	0.55	0.43	0.43	0	0	0.55
109900	0.55	0.43	0.43	0	0	0.55
110000	0.55	0.43	0.43	0	0	0.55
110100	0.55	0.43	0.43	0	0	0.55
110200	0.55	0.43	0.43	0	0	0.55
110300	0.55	0.43	0.43	0	0	0.55
110400	0.55	0.43	0.43	0	0	0.55
110500	0.55	0.43	0.43	0	0	0.55
110600	0.55	0.43	0.43	0	0	0.55
110700	0.55	0.43	0.43	0	0	0.55
110800	0.55	0.43	0.43	0	0	0.55
110900	0.55	0.43	0.43	0	0	0.55
111000	0.55	0.43	0.43	0	0	0.55
111100	0.55	0.43	0.43	0	0	0.55
111200	0.55	0.43	0.43	0	0	0.55
111300	0.55	0.43	0.43	0	0	0.55
111400	0.55	0.43	0.43	0	0	0.55
111500	0.56	0.43	0.43	0	0	0.56
111600	0.56	0.43	0.43	0	0	0.56
111700	0.56	0.43	0.43	0	0	0.56
111800	0.56	0.43	0.43	0	0	0.56
111900	0.56	0.43	0.43	0	0	0.56
112000	0.56	0.43	0.43	0	0	0.56
112100	0.56	0.43	0.43	0	0	0.56
112200	0.56	0.43	0.43	0	0	0.56
112300	0.56	0.43	0.43	0	0	0.56
112400	0.56	0.43	0.43	0	0	0.56
112500	0.56	0.43	0.43	0	0	0.56
112600	0.56	0.43	0.43	0	0	0.56
112700	0.56	0.43	0.43	0	0	0.56
112800	0.56	0.43	0.43	0	0	0.56
112900	0.56	0.43	0.43	0	0	0.56
113000	0.56	0.43	0.43	0	0	0.56
113100	0.57	0.43	0.43	0	0	0.57
113200	0.57	0.43	0.43	0	0	0.57
113300	0.57	0.43	0.43	0	0	0.57
113400	0.57	0.43	0.43	0	0	0.57
113500	0.57	0.43	0.43	0	0	0.57
113600	0.57	0.43	0.43	0	0	0.57
113700	0.57	0.43	0.43	0	0	0.57
113800	0.57	0.43	0.43	0	0	0.57
113900	0.57	0.43	0.43	0	0	0.57
114000	0.57	0.43	0.43	0	0	0.57
114100	0.57	0.43	0.43	0	0	0.57
114200	0.57	0.43	0.43	0	0	0.57
114300	0.57	0.43	0.43	0	0	0.57
114400	0.57	0.43	0.43	0	0	0.57
114500	0.57	0.43	0.43	0	0	0.57
114600	0.57	0.43	0.43	0	0	0.57
114700	0.57	0.43	0.43	0	0	0.57
114800	0.57	0.43	0.43	0	0	0.57
114900	0.57	0.43	0.43	0	0	0.57
115000	0.57	0.43	0.43	0	0	0.57
115100	0.57	0.43	0.43	0	0	0.57
115200	0.57	0.43	0.43	0	0	0.57
115300	0.57	0.43	0.43	0	0	0.57
115400	0.57	0.43	0.43	0	0	0.57
115500	0.57	0.43	0.43	0	0	0.57
115600	0.57	0.43	0.43	0	0	0.57
115700	0.57	0.43	0.43	0	0	0.57
115800	0.57	0.43	0.43	0	0	0.57
115900	0.57	0.43	0.43	0	0	0.57
116000	0.57	0.43	0.43	0	0	0.57
116100	0.57	0.43	0.43	0	0	0.57
116200	0.57	0.43	0.43	0	0	0.57
116300	0.57	0.43	0.43	0	0	0.57
116400	0.57	0.43	0.43	0	0	0.57
116500	0.57	0.43	0.43	0	0	0.57
116600	0.57	0.43	0.43	0	0	0.57
116700	0.57	0.43	0.43	0	0	0.57
116800	0.57	0.43	0.43	0	0	0.57
116900	0.57	0.43	0.43	0	0	0.57
117000	0.57	0.43	0.43	0	0	0.57
117100	0.57	0.43	0.43	0	0	0.57
117200	0.57	0.43	0.43	0	0	0.57
117300	0.57	0.43	0.43	0	0	0.57
117400	0.57	0.43	0.43	0	0	0.57
117500	0.57	0.43	0.43	0	0	0.57
117600	0.57	0.43	0.43	0	0	0.57
117700	0.57	0.43	0.43	0	0	0.57
117800	0.57	0.43	0.43	0	0	0.57
117900	0.57	0.43	0.43	0	0	0.57
118000	0.57	0.43	0.43	0	0	0.57
118100	0.57	0.43	0.43	0	0	0.57
118200	0.57	0.43	0.43	0	0	0.57
118300	0.57	0.43	0.43	0	0	0.57
118400	0.57	0.42	0.42	0	0	0.57
118500	0.57	0.42	0.42	0	0	0.57
118600	0.57	0.42	0.42	0	0	0.57
118700	0.57	0.42	0.42	0	0	0.57
118800	0.56	0.42	0.42	0	0	0.56
118900	0.56	0.42	0.42	0	0	0.56
119000	0.56	0.42	0.42	0	0	0.56
119100	0.56	0.42	0.42	0	0	0.56
119200	0.56	0.42	0.42	0	0	0.56
119300	0.56	0.42	0.42	0	0	0.56
119400	0.56	0.42	0.42	0	0	0.56
119500	0.56	0.42	0.42	0	0	0.56
119600	0.56	0.42	0.42	0	0	0.56
119700	0.56	0.42	0.42	0	0	0.56
119800	0.56	0.42	0.42	0	0	0.56
119900	0.56	0.42	0.42	0	0	0.56
120000	0.56	0.42	0.42	0	0	0.56
120100	0.56	0.42	0.42	0	0	0.56
120200	0.56	0.42	0.42	0	0	0.56
120300	0.56	0.42	0.42	0	0	0.56
120400	0.56	0.42	0.42	0	0	0.56
120500	0.56	0.42	0.42	0	0	0.56
120600	0.56	0.42	0.42	0	0	0.56
120700	0.56	0.42	0.42	0	0	0.56
120800	0.56	0.42	0.42	0	0	0.56
120900	0.56	0.42	0.42	0	0	0.56
121000	0.56	0.42	0.42	0	0	0.56
121100	0.56	0.42	0.42	0	0	0.56
121200	0.56	0.42	0.42	0	0	0.56
121300	0.56	0.42	0.42	0	0	0.56
121400	0.56	0.42	0.42	0	0	0.56
121500	0.56	0.42	0.42	0	0	0.56
121600	0.56	0.42	0.42	0	0	0.56
121700	0.56	0.41	0.41	0	0	0.56
121800	0.56	0.41	0.41	0	0	0.56
121900	0.56	0.41	0.41	0	0	0.56
122000	0.56	0.41	0.41	0	0	0.56
122100	0.56	0.41	0.41	0	0	0.56
122200	0.56	0.41	0.41	0	0	0.56
122300	0.56	0.41	0.41	0	0	0.56
122400	0.56	0.41	0.41	0	0	0.56
122500	0.56	0.41	0.41	0	0	0.56
122600	0.56	0.41	0.41	0	0	0.56
122700	0.56	0.41	0.41	0	0	0.56
122800	0.56	0.41	0.41	0	0	0.56
122900	0.56	0.41	0.41	0	0	0.56
123000	0.56	0.41	0.41	0	0	0.56
123100	0.56	0.41	0.41	0	0	0.56
123200	0.56	0.41	0.41	0	0	0.56
123300	0.56	0.41	0.41	0	0	0.56
123400	0.56	0.41	0.41	0	0	0.56
123500	0.56	0.41	0.41	0	0	0.56
123600	0.56	0.41	0.41	0	0	0.56
123700	0.56	0.41	0.41	0	0	0.56
123800	0.56	0.41	0.41	0	0	0.56
123900	0.56	0.41	0.41	0	0	0.56
124000	0.56	0.41	0.41	0	0	0.56
124100	0.56	0.41	0.41	0	0	0.56
124200	0.56	0.41	0.41	0	0	0.56
124300	0.56	0.41	0.41	0	0	0.56
124400	0.56	0.41	0.41	0	0	0.56
124500	0.56	0.41	0.41	0	0	0.56
124600	0.56	0.41	0.41	0	0	0.56
124700	0.56	0.41	0.41	0	0	0.56
124800	0.56	0.41	0.41	0	0	0.56
124900	0.56	0.41	0.41	0	0	0.56
125000	0.56	0.41	0.41	0	0	0.56
125100	0.56	0.41	0.41	0	0	0.56
125200	0.56	0.41	0.41	0	0	0.56
125300	0.56	0.41	0.41	0	0	0.56
125400	0.56	0.41	0.41	0	0	0.56
125500	0.56	0.41	0.41	0	0	0.56
125600	0.56	0.41	0.41	0	0	0.56
125700	0.56	0.41	0.41	0	0	0.56
125800	0.56	0.42	0.42	0	0	0.56
125900	0.56	0.42	0.42	0	0	0.56
126000	0.56	0.42	0.42	0	0	0.56
126100	0.56	0.42	0.42	0	0	0.56
126200	0.56	0.42	0.42	0	0	0.56
126300	0.56	0.42	0.42	0	0	0.56
126400	0.56	0.42	0.42	0	0	0.56
126500	0.56	0.42	0.42	0	0	0.56
126600	0.56	0.42	0.42	0	0	0.56
126700	0.56	0.42	0.42	0	0	0.56
126800	0.56	0.42	0.42	0	0	0.56
126900	0.56	0.42	0.42	0	0	0.56
127000	0.56	0.42	0.42	0	0	0.56
127100	0.56	0.42	0.42	0	0	0.56
127200	0.56	0.42	0.42	0	0	0.56
127300	0.56	0.42	0.42	0	0	0.56
127400	0.56	0.42	0.42	0	0	0.56
127500	0.56	0.42	0.42	0	0	0.56
127600	0.56	0.42	0.42	0	0	0.56
127700	0.56	0.42	0.42	0	0	0.56
127800	0.56	0.42	0.42	0	0	0.56
127900	0.56	0.42	0.42	0	0	0.56
128000	0.56	0.42	0.42	0	0	0.56
128100	0.56	0.42	0.42	0	0	0.56
128200	0.56	0.42	0.42	0	0	0.56
128300	0.56	0.42	0.42	0	0	0.56
128400	0.56	0.42	0.42	0	0	0.56
128500	0.56	0.42	0.42	0	0	0.56
128600	0.56	0.42	0.42	0	0	0.56
128700	0.56	0.42	0.42	0	0	0.56
128800	0.56	0.42	0.42	0	0	0.56
128900	0.56	0.42	0.42	0	0	0.56
129000	0.56	0.42	0.42	0	0	0.56
129100	0.56	0.42	0.42	0	0	0.56
129200	0.56	0.42	0.42	0	0	0.56
129300	0.56	0.42	0.42	0	0	0.56
129400	0.56	0.42	0.42	0	0	0.56
129500	0.56	0.42	0.42	0	0	0.56
129600	0.56	0.42	0.42	0	0	0.56
129700	0.56	0.42	0.42	0	0	0.56
129800	0.56	0.42	0.42	0	0	0.56
129900	0.56	0.42	0.42	0	0	0.56
130000	0.56	0.42	0.42	0	0	0.56
130100	0.56	0.42	0.42	0	0	0.56
130200	0.56	0.42	0.42	0	0	0.56
130300	0.56	0.42	0.42	0	0	0.56
130400	0.56	0.42	0.42	0	0	0.56
130500	0.56	0.42	0.42	0	0	0.56
130600	0.56	0.42	0.42	0	0	0.56
130700	0.56	0.42	0.42	0	0	0.56
130800	0.56	0.42	0.42	0	0	0.56
130900	0.56	0.42	0.42	0	0	0.56
131000	0.56	0.42	0.42	0	0	0.56
131100	0.56	0.42	0.42	0	0	0.56
131200	0.56	0.42	0.42	0	0	0.56
131300	0.56	0.42	0.42	0	0	0.56
131400	0.57	0.42	0.42	0	0	0.57
131500	0.56	0.42	0.42	0	0	0.56
131600	0.56	0.42	0.42	0	0	0.56
131700	0.56	0.42	0.42	0	0	0.56
131800	0.56	0.42	0.42	0	0	0.56
131900	0.56	0.42	0.42	0	0	0.56
132000	0.56	0.42	0.42	0	0	0.56
132100	0.56	0.42	0.42	0	0	0.56
132200	0.56	0.42	0.42	0	0	0.56
132300	0.56	0.42	0.42	0	0	0.56
132400	0.56	0.42	0.42	0	0	0.56
132500	0.56	0.42	0.42	0	0	0.56
132600	0.56	0.42	0.42	0	0	0.56
132700	0.56	0.42	0.42	0	0	0.56
132800	0.56	0.42	0.42	0	0	0.56
132900	0.56	0.42	0.42	0	0	0.56
133000	0.56	0.42	0.42	0	0	0.56
133100	0.56	0.42	0.42	0	0	0.56
133200	0.56	0.42	0.42	0	0	0.56
133300	0.56	0.42	0.42	0	0	0.56
133400	0.56	0.42	0.42	0	0	0.56
133500	0.56	0.42	0.42	0	0	0.56
133600	0.56	0.42	0.42	0	0	0.56
133700	0.56	0.42	0.42	0	0	0.56
133800	0.56	0.42	0.42	0	0	0.56
133900	0.56	0.42	0.42	0	0	0.56
134000	0.56	0.42	0.42	0	0	0.56
134100	0.56	0.42	0.42	0	0	0.56
134200	0.56	0.42	0.42	0	0	0.56
134300	0.56	0.42	0.42	0	0	0.56
134400	0.56	0.42	0.42	0	0	0.56
134500	0.56	0.42	0.42	0	0	0.56
134600	0.56	0.42	0.42	0	0	0.56
134700	0.56	0.42	0.42	0	0	0.56
134800	0.56	0.42	0.42	0	0	0.56
134900	0.56	0.42	0.42	0	0	0.56
135000	0.56	0.42	0.42	0	0	0.56
135100	0.56	0.42	0.42	0	0	0.56
135200	0.56	0.42	0.42	0	0	0.56
135300	0.56	0.42	0.42	0	0	0.56
135400	0.56	0.42	0.42	0	0	0.56
135500	0.56	0.42	0.42	0	0	0.56
135600	0.56	0.42	0.42	0	0	0.56
135700	0.56	0.42	0.42	0	0	0.56
135800	0.56	0.42	0.42	0	0	0.56
135900	0.56	0.42	0.42	0	0	0.56
136000	0.56	0.42	0.42	0	0	0.56
136100	0.57	0.42	0.42	0	0	0.57
136200	0.57	0.42	0.42	0	0	0.57
136300	0.57	0.42	0.42	0	0	0.57
136400	0.57	0.42	0.42	0	0	0.57
136500	0.57	0.42	0.42	0	0	0.57
136600	0.57	0.42	0.42	0	0	0.57
136700	0.57	0.42	0.42	0	0	0.57
136800	0.57	0.42	0.42	0	0	0.57
136900	0.57	0.42	0.42	0	0	0.57
137000	0.57	0.42	0.42	0	0	0.57
137100	0.57	0.42	0.42	0	0	0.57
137200	0.57	0.42	0.42	0	0	0.57
137300	0.57	0.42	0.42	0	0	0.57
137400	0.57	0.42	0.42	0	0	0.57
137500	0.57	0.42	0.42	0	0	0.57
137600	0.57	0.42	0.42	0	0	0.57
137700	0.57	0.42	0.42	0	0	0.57
137800	0.57	0.42	0.42	0	0	0.57
137900	0.57	0.42	0.42	0	0	0.57
138000	0.57	0.42	0.42	0	0	0.57
138100	0.57	0.42	0.42	0	0	0.57
138200	0.57	0.42	0.42	0	0	0.57
138300	0.57	0.42	0.42	0	0	0.57
138400	0.57	0.42	0.42	0	0	0.57
138500	0.57	0.42	0.42	0	0	0.57
138600	0.57	0.42	0.42	0	0	0.57
138700	0.57	0.42	0.42	0	0	0.57
138800	0.57	0.42	0.42	0	0	0.57
138900	0.57	0.42	0.42	0	0	0.57
139000	0.57	0.42	0.42	0	0	0.57
139100	0.57	0.42	0.42	0	0	0.57
139200	0.57	0.42	0.42	0	0	0.57
139300	0.57	0.42	0.42	0	0	0.57
139400	0.57	0.42	0.42	0	0	0.57
139500	0.57	0.42	0.42	0	0	0.57
139600	0.57	0.42	0.42	0	0	0.57
139700	0.57	0.42	0.42	0	0	0.57
139800	0.57	0.42	0.42	0	0	0.57
139900	0.57	0.42	0.42	0	0	0.57
140000	0.57	0.42	0.42	0	0	0.57
140100	0.57	0.42	0.42	0	0	0.57
140200	0.57	0.42	0.42	0	0	0.57
140300	0.58	0.42	0.42	0	0	0.58
140400	0.58	0.42	0.42	0	0	0.58
140500	0.58	0.42	0.42	0	0	0.58
140600	0.58	0.42	0.42	0	0	0.58
140700	0.58	0.42	0.42	0	0	0.58
140800	0.58	0.42	0.42	0	0	0.58
140900	0.57	0.42	0.42	0	0	0.57
141000	0.57	0.42	0.42	0	0	0.57
141100	0.57	0.42	0.42	0	0	0.57
141200	0.57	0.42	0.42	0	0	0.57
141300	0.57	0.42	0.42	0	0	0.57
141400	0.57	0.42	0.42	0	0	0.57
141500	0.57	0.42	0.42	0	0	0.57
141600	0.57	0.42	0.42	0	0	0.57
141700	0.57	0.42	0.42	0	0	0.57
141800	0.57	0.42	0.42	0	0	0.57
141900	0.57	0.42	0.42	0	0	0.57
142000	0.57	0.42	0.42	0	0	0.57
142100	0.57	0.42	0.42	0	0	0.57
142200	0.57	0.42	0.42	0	0	0.57
142300	0.57	0.42	0.42	0	0	0.57
142400	0.57	0.42	0.42	0	0	0.57
142500	0.57	0.42	0.42	0	0	0.57
142600	0.57	0.42	0.42	0	0	0.57
142700	0.57	0.42	0.42	0	0	0.57
142800	0.57	0.42	0.42	0	0	0.57
142900	0.57	0.42	0.42	0	0	0.57
143000	0.57	0.42	0.42	0	0	0.57
143100	0.57	0.42	0.42	0	0	0.57
143200	0.57	0.42	0.42	0	0	0.57
143300	0.57	0.42	0.42	0	0	0.57
143400	0.57	0.42	0.42	0	0	0.57
143500	0.57	0.42	0.42	0	0	0.57
143600	0.57	0.42	0.42	0	0	0.57
143700	0.57	0.42	0.42	0	0	0.57
143800	0.57	0.42	0.42	0	0	0.57
143900	0.57	0.42	0.42	0	0	0.57
144000	0.57	0.42	0.42	0	0	0.57
144100	0.57	0.42	0.42	0	0	0.57
144200	0.57	0.42	0.42	0	0	0.57
144300	0.57	0.42	0.42	0	0	0.57
144400	0.57	0.42	0.42	0	0	0.57
144500	0.57	0.42	0.42	0	0	0.57
144600	0.57	0.42	0.42	0	0	0.57
144700	0.57	0.42	0.42	0	0	0.57
144800	0.57	0.42	0.42	0	0	0.57
144900	0.57	0.42	0.42	0	0	0.57
145000	0.57	0.42	0.42	0	0	0.57
145100	0.57	0.42	0.42	0	0	0.57
145200	0.57	0.42	0.42	0	0	0.57
145300	0.57	0.42	0.42	0	0	0.57
145400	0.57	0.42	0.42	0	0	0.57
145500	0.57	0.42	0.42	0	0	0.57
145600	0.57	0.42	0.42	0	0	0.57
145700	0.57	0.42	0.42	0	0	0.57
145800	0.57	0.42	0.42	0	0	0.57
145900	0.57	0.42	0.42	0	0	0.57
146000	0.57	0.42	0.42	0	0	0.57
146100	0.57	0.42	0.42	0	0	0.57
146200	0.57	0.42	0.42	0	0	0.57
146300	0.57	0.42	0.42	0	0	0.57
146400	0.57	0.42	0.42	0	0	0.57
146500	0.57	0.42	0.42	0	0	0.57
146600	0.57	0.42	0.42	0	0	0.57
146700	0.57	0.42	0.42	0	0	0.57
146800	0.57	0.42	0.42	0	0	0.57
146900	0.57	0.42	0.42	0	0	0.57
147000	0.57	0.42	0.42	0	0	0.57
147100	0.57	0.42	0.42	0	0	0.57
147200	0.57	0.42	0.42	0	0	0.57
147300	0.57	0.42	0.42	0	0	0.57
147400	0.57	0.42	0.42	0	0	0.57
147500	0.57	0.42	0.42	0	0	0.57
147600	0.57	0.42	0.42	0	0	0.57
147700	0.57	0.42	0.42	0	0	0.57
147800	0.57	0.42	0.42	0	0	0.57
147900	0.57	0.42	0.42	0	0	0.57
148000	0.57	0.42	0.42	0	0	0.57
148100	0.57	0.42	0.42	0	0	0.57
148200	0.57	0.42	0.42	0	0	0.57
148300	0.57	0.42	0.42	0	0	0.57
148400	0.57	0.42	0.42	0	0	0.57
148500	0.57	0.42	0.42	0	0	0.57
148600	0.57	0.42	0.42	0	0	0.57
148700	0.57	0.42	0.42	0	0	0.57
148800	0.57	0.42	0.42	0	0	0.57
148900	0.57	0.42	0.42	0	0	0.57
149000	0.57	0.42	0.42	0	0	0.57
149100	0.57	0.42	0.42	0	0	0.57
149200	0.57	0.42	0.42	0	0	0.57
149300	0.57	0.42	0.42	0	0	0.57
149400	0.57	0.42	0.42	0	0	0.57
149500	0.57	0.42	0.42	0	0	0.57
149600	0.57	0.42	0.42	0	0	0.57
149700	0.57	0.42	0.42	0	0	0.57
149800	0.58	0.42	0.42	0	0	0.58
149900	0.58	0.42	0.42	0	0	0.58
150000	0.58	0.42	0.42	0	0	0.58
150100	0.58	0.42	0.42	0	0	0.58
150200	0.58	0.42	0.42	0	0	0.58
150300	0.58	0.42	0.42	0	0	0.58
150400	0.58	0.42	0.42	0	0	0.58
150500	0.58	0.42	0.42	0	0	0.58
150600	0.58	0.42	0.42	0	0	0.58
150700	0.58	0.42	0.42	0	0	0.58
150800	0.58	0.42	0.42	0	0	0.58
150900	0.58	0.42	0.42	0	0	0.58
151000	0.58	0.42	0.42	0	0	0.58
151100	0.58	0.42	0.42	0	0	0.58
151200	0.58	0.42	0.42	0	0	0.58
151300	0.58	0.42	0.42	0	0	0.58
151400	0.58	0.42	0.42	0	0	0.58
151500	0.58	0.42	0.42	0	0	0.58
151600	0.58	0.42	0.42	0	0	0.58
151700	0.58	0.42	0.42	0	0	0.58
151800	0.58	0.42	0.42	0	0	0.58
151900	0.58	0.42	0.42	0	0	0.58
152000	0.58	0.42	0.42	0	0	0.58
152100	0.58	0.42	0.42	0	0	0.58
152200	0.58	0.42	0.42	0	0	0.58
152300	0.58	0.42	0.42	0	0	0.58
152400	0.58	0.42	0.42	0	0	0.58
152500	0.58	0.42	0.42	0	0	0.58
152600	0.58	0.42	0.42	0	0	0.58
152700	0.58	0.42	0.42	0	0	0.58
152800	0.58	0.42	0.42	0	0	0.58
152900	0.58	0.42	0.42	0	0	0.58
153000	0.58	0.42	0.42	0	0	0.58
153100	0.58	0.42	0.42	0	0	0.58
153200	0.58	0.42	0.42	0	0	0.58
153300	0.58	0.42	0.42	0	0	0.58
153400	0.58	0.42	0.42	0	0	0.58
153500	0.58	0.42	0.42	0	0	0.58
153600	0.58	0.42	0.42	0	0	0.58
153700	0.58	0.42	0.42	0	0	0.58
153800	0.58	0.42	0.42	0	0	0.58
153900	0.58	0.42	0.42	0	0	0.58
154000	0.58	0.42	0.42	0	0	0.58
154100	0.58	0.42	0.42	0	0	0.58
154200	0.58	0.42	0.42	0	0	0.58
154300	0.58	0.42	0.42	0	0	0.58
154400	0.58	0.42	0.42	0	0	0.58
154500	0.58	0.42	0.42	0	0	0.58
154600	0.58	0.42	0.42	0	0	0.58
154700	0.58	0.42	0.42	0	0	0.58
154800	0.58	0.42	0.42	0	0	0.58
154900	0.58	0.42	0.42	0	0	0.58
155000	0.58	0.42	0.42	0	0	0.58
155100	0.58	0.42	0.42	0	0	0.58
155200	0.58	0.42	0.42	0	0	0.58
155300	0.58	0.42	0.42	0	0	0.58
155400	0.58	0.42	0.42	0	0	0.58
155500	0.58	0.42	0.42	0	0	0.58
155600	0.58	0.42	0.42	0	0	0.58
155700	0.58	0.42	0.42	0	0	0.58
155800	0.58	0.42	0.42	0	0	0.58
155900	0.58	0.42	0.42	0	0	0.58
156000	0.58	0.42	0.42	0	0	0.58
156100	0.58	0.42	0.42	0	0	0.58
156200	0.58	0.42	0.42	0	0	0.58
156300	0.58	0.42	0.42	0	0	0.58
156400	0.58	0.42	0.42	0	0	0.58
156500	0.58	0.42	0.42	0	0	0.58
156600	0.58	0.42	0.42	0	0	0.58
156700	0.58	0.42	0.42	0	0	0.58
156800	0.58	0.42	0.42	0	0	0.58
156900	0.58	0.42	0.42	0	0	0.58
157000	0.58	0.42	0.42	0	0	0.58
157100	0.58	0.42	0.42	0	0	0.58
157200	0.58	0.42	0.42	0	0	0.58
157300	0.58	0.42	0.42	0	0	0.58
157400	0.58	0.42	0.42	0	0	0.58
157500	0.58	0.42	0.42	0	0	0.58
157600	0.58	0.42	0.42	0	0	0.58
157700	0.58	0.42	0.42	0	0	0.58
157800	0.58	0.42	0.42	0	0	0.58
157900	0.58	0.42	0.42	0	0	0.58
158000	0.58	0.42	0.42	0	0	0.58
158100	0.58	0.42	0.42	0	0	0.58
158200	0.58	0.42	0.42	0	0	0.58
158300	0.58	0.42	0.42	0	0	0.58
158400	0.58	0.42	0.42	0	0	0.58
158500	0.58	0.42	0.42	0	0	0.58
158600	0.58	0.42	0.42	0	0	0.58
158700	0.58	0.42	0.42	0	0	0.58
158800	0.58	0.42	0.42	0	0	0.58
158900	0.58	0.42	0.42	0	0	0.58
159000	0.58	0.42	0.42	0	0	0.58
159100	0.58	0.42	0.42	0	0	0.58
159200	0.58	0.42	0.42	0	0	0.58
159300	0.58	0.42	0.42	0	0	0.58
159400	0.58	0.42	0.42	0	0	0.58
159500	0.58	0.42	0.42	0	0	0.58
159600	0.58	0.42	0.42	0	0	0.58
159700	0.58	0.42	0.42	0	0	0.58
159800	0.58	0.42	0.42	0	0	0.58
159900	0.58	0.42	0.42	0	0	0.58
160000	0.58	0.42	0.42	0	0	0.58
160100	0.58	0.42	0.42	0	0	0.58
160200	0.58	0.42	0.42	0	0	0.58
160300	0.58	0.42	0.42	0	0	0.58
160400	0.58	0.42	0.42	0	0	0.58
160500	0.58	0.42	0.42	0	0	0.58
160600	0.58	0.42	0.42	0	0	0.58
160700	0.58	0.42	0.42	0	0	0.58
160800	0.58	0.42	0.42	0	0	0.58
160900	0.58	0.42	0.42	0	0	0.58
161000	0.58	0.42	0.42	0	0	0.58
161100	0.58	0.42	0.42	0	0	0.58
161200	0.58	0.42	0.42	0	0	0.58
161300	0.58	0.42	0.42	0	0	0.58
161400	0.58	0.42	0.42	0	0	0.58
161500	0.58	0.42	0.42	0	0	0.58
161600	0.58	0.42	0.42	0	0	0.58
161700	0.58	0.42	0.42	0	0	0.58
161800	0.58	0.42	0.42	0	0	0.58
161900	0.58	0.42	0.42	0	0	0.58
162000	0.58	0.42	0.42	0	0	0.58
162100	0.58	0.42	0.42	0	0	0.58
162200	0.58	0.42	0.42	0	0	0.58
162300	0.58	0.42	0.42	0	0	0.58
162400	0.58	0.42	0.42	0	0	0.58
162500	0.58	0.42	0.42	0	0	0.58
162600	0.58	0.42	0.42	0	0	0.58
162700	0.58	0.42	0.42	0	0	0.58
162800	0.58	0.42	0.42	0	0	0.58
162900	0.58	0.42	0.42	0	0	0.58
163000	0.58	0.42	0.42	0	0	0.58
163100	0.58	0.42	0.42	0	0	0.58
163200	0.58	0.42	0.42	0	0	0.58
163300	0.58	0.42	0.42	0	0	0.58
163400	0.58	0.42	0.42	0	0	0.58
163500	0.58	0.42	0.42	0	0	0.58
163600	0.58	0.42	0.42	0	0	0.58
163700	0.58	0.42	0.42	0	0	0.58
163800	0.58	0.42	0.42	0	0	0.58
163900	0.58	0.42	0.42	0	0	0.58
164000	0.58	0.42	0.42	0	0	0.58
164100	0.58	0.42	0.42	0	0	0.58
164200	0.58	0.42	0.42	0	0	0.58
164300	0.58	0.42	0.42	0	0	0.58
164400	0.58	0.42	0.42	0	0	0.58
164500	0.58	0.42	0.42	0	0	0.58
164600	0.58	0.42	0.42	0	0	0.58
164700	0.58	0.42	0.42	0	0	0.58
164800	0.58	0.42	0.42	0	0	0.58
164900	0.58	0.42	0.42	0	0	0.58
165000	0.58	0.42	0.42	0	0	0.58
165100	0.58	0.42	0.42	0	0	0.58
165200	0.58	0.42	0.42	0	0	0.58
165300	0.58	0.42	0.42	0	0	0.58
165400	0.58	0.42	0.42	0	0	0.58
165500	0.58	0.42	0.42	0	0	0.58
165600	0.58	0.42	0.42	0	0	0.58
165700	0.58	0.42	0.42	0	0	0.58
165800	0.58	0.42	0.42	0	0	0.58
165900	0.58	0.42	0.42	0	0	0.58
166000	0.58	0.42	0.42	0	0	0.58
166100	0.58	0.42	0.42	0	0	0.58
166200	0.58	0.42	0.42	0	0	0.58
166300	0.58	0.42	0.42	0	0	0.58
166400	0.58	0.42	0.42	0	0	0.58
166500	0.58	0.42	0.42	0	0	0.58
166600	0.58	0.42	0.42	0	0	0.58
166700	0.58	0.42	0.42	0	0	0.58
166800	0.58	0.42	0.42	0	0	0.58
166900	0.58	0.42	0.42	0	0	0.58
167000	0.58	0.42	0.42	0	0	0.58
167100	0.58	0.42	0.42	0	0	0.58
167200	0.58	0.42	0.42	0	0	0.58
167300	0.58	0.42	0.42	0	0	0.58
167400	0.58	0.42	0.42	0	0	0.58
167500	0.58	0.42	0.42	0	0	0.58
167600	0.58	0.42	0.42	0	0	0.58
167700	0.58	0.42	0.42	0	0	0.58
167800	0.58	0.42	0.42	0	0	0.58
167900	0.58	0.42	0.42	0	0	0.58
168000	0.58	0.42	0.42	0	0	0.58
168100	0.58	0.42	0.42	0	0	0.58
168200	0.58	0.42	0.42	0	0	0.58
168300	0.58	0.42	0.42	0	0	0.58
168400	0.58	0.42	0.42	0	0	0.58
168500	0.58	0.42	0.42	0	0	0.58
168600	0.58	0.42	0.42	0	0	0.58
168700	0.58	0.42	0.42	0	0	0.58
168800	0.58	0.42	0.42	0	0	0.58
168900	0.58	0.42	0.42	0	0	0.58
169000	0.58	0.42	0.42	0	0	0.58
169100	0.58	0.42	0.42	0	0	0.58
169200	0.58	0.42	0.42	0	0	0.58
169300	0.58	0.42	0.42	0	0	0.58
169400	0.58	0.42	0.42	0	0	0.58
169500	0.58	0.42	0.42	0	0	0.58
169600	0.58	0.42	0.42	0	0	0.58
169700	0.58	0.42	0.42	0	0	0.58
169800	0.58	0.42	0.42	0	0	0.58
169900	0.58	0.42	0.42	0	0	0.58
170000	0.58	0.42	0.42	0	0	0.58
170100	0.58	0.42	0.42	0	0	0.58
170200	0.58	0.42	0.42	0	0	0.58
170300	0.58	0.42	0.42	0	0	0.58
170400	0.58	0.42	0.42	0	0	0.58
170500	0.58	0.42	0.42	0	0	0.58
170600	0.58	0.42	0.42	0	0	0.58
170700	0.58	0.42	0.42	0	0	0.58
170800	0.58	0.42	0.42	0	0	0.58
170900	0.58	0.42	0.42	0	0	0.58
171000	0.58	0.42	0.42	0	0	0.58
171100	0.58	0.42	0.42	0	0	0.58
171200	0.58	0.42	0.42	0	0	0.58
171300	0.58	0.42	0.42	0	0	0.58
171400	0.58	0.42	0.42	0	0	0.58
171500	0.58	0.42	0.42	0	0	0.58
171600	0.58	0.42	0.42	0	0	0.58
171700	0.58	0.42	0.42	0	0	0.58
171800	0.58	0.42	0.42	0	0	0.58
171900	0.58	0.42	0.42	0	0	0.58
172000	0.58	0.42	0.42	0	0	0.58
172100	0.58	0.42	0.42	0	0	0.58
172200	0.58	0.42	0.42	0	0	0.58
172300	0.58	0.42	0.42	0	0	0.58
172400	0.58	0.42	0.42	0	0	0.58
172500	0.58	0.42	0.42	0	0	0.58
172600	0.58	0.42	0.42	0	0	0.58
172700	0.58	0.42	0.42	0	0	0.58
172800	0.58	0.42	0.42	0	0	0.58
172900	0.58	0.42	0.42	0	0	0.58
173000	0.58	0.42	0.42	0	0	0.58
173100	0.58	0.42	0.42	0	0	0.58
173200	0.58	0.42	0.42	0	0	0.58
173300	0.58	0.42	0.42	0	0	0.58
173400	0.58	0.42	0.42	0	0	0.58
173500	0.58	0.42	0.42	0	0	0.58
173600	0.58	0.42	0.42	0	0	0.58
173700	0.58	0.42	0.42	0	0	0.58
173800	0.58	0.42	0.42	0	0	0.58
173900	0.58	0.42	0.42	0	0	0.58
174000	0.58	0.42	0.42	0	0	0.58
174100	0.58	0.42	0.42	0	0	0.58
174200	0.58	0.42	0.42	0	0	0.58
174300	0.58	0.42	0.42	0	0	0.58
174400	0.58	0.42	0.42	0	0	0.58
174500	0.58	0.42	0.42	0	0	0.58
174600	0.58	0.42	0.42	0	0	0.58
174700	0.58	0.42	0.42	0	0	0.58
174800	0.58	0.42	0.42	0	0	0.58
174900	0.58	0.42	0.42	0	0	0.58
175000	0.58	0.42	0.42	0	0	0.58
175100	0.58	0.42	0.42	0	0	0.58
175200	0.58	0.42	0.42	0	0	0.58
175300	0.58	0.42	0.42	0	0	0.58
175400	0.58	0.42	0.42	0	0	0.58
175500	0.58	0.42	0.42	0	0	0.58
175600	0.57	0.42	0.42	0	0	0.57
175700	0.57	0.42	0.42	0	0	0.57
175800	0.57	0.42	0.42	0	0	0.57
175900	0.57	0.42	0.42	0	0	0.57
176000	0.57	0.42	0.42	0	0	0.57
176100	0.57	0.42	0.42	0	0	0.57
176200	0.57	0.42	0.42	0	0	0.57
176300	0.58	0.42	0.42	0	0	0.58
176400	0.58	0.42	0.42	0	0	0.58
176500	0.58	0.42	0.42	0	0	0.58
176600	0.58	0.42	0.42	0	0	0.58
176700	0.58	0.42	0.42	0	0	0.58
176800	0.58	0.42	0.42	0	0	0.58
176900	0.58	0.42	0.42	0	0	0.58
177000	0.58	0.42	0.42	0	0	0.58
177100	0.58	0.42	0.42	0	0	0.58
177200	0.58	0.42	0.42	0	0	0.58
177300	0.58	0.42	0.42	0	0	0.58
177400	0.58	0.42	0.42	0	0	0.58
177500	0.58	0.42	0.42	0	0	0.58
177600	0.58	0.42	0.42	0	0	0.58
177700	0.58	0.42	0.42	0	0	0.58
177800	0.58	0.42	0.42	0	0	0.58
177900	0.58	0.42	0.42	0	0	0.58
178000	0.58	0.42	0.42	0	0	0.58
178100	0.58	0.42	0.42	0	0	0.58
178200	0.58	0.42	0.42	0	0	0.58
178300	0.58	0.42	0.42	0	0	0.58
178400	0.58	0.42	0.42	0	0	0.58
178500	0.58	0.42	0.42	0	0	0.58
178600	0.58	0.42	0.42	0	0	0.58
178700	0.58	0.42	0.42	0	0	0.58
178800	0.58	0.42	0.42	0	0	0.58
178900	0.58	0.42	0.42	0	0	0.58
179000	0.58	0.42	0.42	0	0	0.58
179100	0.58	0.42	0.42	0	0	0.58
179200	0.58	0.42	0.42	0	0	0.58
179300	0.58	0.42	0.42	0	0	0.58
179400	0.58	0.42	0.42	0	0	0.58
179500	0.58	0.42	0.42	0	0	0.58
179600	0.58	0.42	0.42	0	0	0.58
179700	0.58	0.42	0.42	0	0	0.58
179800	0.58	0.42	0.42	0	0	0.58
179900	0.58	0.42	0.42	0	0	0.58
180000	0.58	0.42	0.42	0	0	0.58
180100	0.58	0.42	0.42	0	0	0.58
180200	0.58	0.42	0.42	0	0	0.58
180300	0.58	0.42	0.42	0	0	0.58
180400	0.58	0.42	0.42	0	0	0.58
180500	0.58	0.42	0.42	0	0	0.58
180600	0.58	0.42	0.42	0	0	0.58
180700	0.58	0.42	0.42	0	0	0.58
180800	0.58	0.42	0.42	0	0	0.58
180900	0.58	0.42	0.42	0	0	0.58
181000	0.58	0.42	0.42	0	0	0.58
181100	0.58	0.42	0.42	0	0	0.58
181200	0.58	0.42	0.42	0	0	0.58
181300	0.58	0.42	0.42	0	0	0.58
181400	0.58	0.42	0.42	0	0	0.58
181500	0.58	0.42	0.42	0	0	0.58
181600	0.58	0.42	0.42	0	0	0.58
181700	0.58	0.42	0.42	0	0	0.58
181800	0.58	0.42	0.42	0	0	0.58
181900	0.58	0.42	0.42	0	0	0.58
182000	0.58	0.42	0.42	0	0	0.58
182100	0.58	0.42	0.42	0	0	0.58
182200	0.58	0.42	0.42	0	0	0.58
182300	0.58	0.42	0.42	0	0	0.58
182400	0.58	0.42	0.42	0	0	0.58
182500	0.58	0.42	0.42	0	0	0.58
182600	0.58	0.42	0.42	0	0	0.58
182700	0.58	0.42	0.42	0	0	0.58
182800	0.58	0.42	0.42	0	0	0.58
182900	0.58	0.42	0.42	0	0	0.58
183000	0.58	0.42	0.42	0	0	0.58
183100	0.58	0.42	0.42	0	0	0.58
183200	0.58	0.42	0.42	0	0	0.58
183300	0.58	0.42	0.42	0	0	0.58
183400	0.58	0.42	0.42	0	0	0.58
183500	0.58	0.42	0.42	0	0	0.58
183600	0.58	0.42	0.42	0	0	0.58
183700	0.58	0.42	0.42	0	0	0.58
183800	0.58	0.42	0.42	0	0	0.58
183900	0.58	0.42	0.42	0	0	0.58
184000	0.58	0.42	0.42	0	0	0.58
184100	0.58	0.42	0.42	0	0	0.58
184200	0.58	0.42	0.42	0	0	0.58
184300	0.58	0.42	0.42	0	0	0.58
184400	0.58	0.42	0.42	0	0	0.58
184500	0.58	0.42	0.42	0	0	0.58
184600	0.58	0.42	0.42	0	0	0.58
184700	0.58	0.42	0.42	0	0	0.58
184800	0.58	0.42	0.42	0	0	0.58
184900	0.58	0.42	0.42	0	0	0.58
185000	0.58	0.42	0.42	0	0	0.58
185100	0.58	0.42	0.42	0	0	0.58
185200	0.58	0.42	0.42	0	0	0.58
185300	0.58	0.42	0.42	0	0	0.58
185400	0.58	0.42	0.42	0	0	0.58
185500	0.58	0.42	0.42	0	0	0.58
185600	0.58	0.42	0.42	0	0	0.58
185700	0.58	0.42	0.42	0	0	0.58
185800	0.58	0.42	0.42	0	0	0.58
185900	0.58	0.42	0.42	0	0	0.58
186000	0.58	0.42	0.42	0	0	0.58
186100	0.58	0.42	0.42	0	0	0.58
186200	0.58	0.42	0.42	0	0	0.58
186300	0.58	0.42	0.42	0	0	0.58
186400	0.58	0.42	0.42	0	0	0.58
186500	0.58	0.42	0.42	0	0	0.58
186600	0.58	0.42	0.42	0	0	0.58
186700	0.58	0.42	0.42	0	0	0.58
186800	0.58	0.42	0.42	0	0	0.58
186900	0.58	0.42	0.42	0	0	0.58
187000	0.58	0.42	0.42	0	0	0.58
187100	0.58	0.42	0.42	0	0	0.58
187200	0.58	0.42	0.42	0	0	0.58
187300	0.58	0.42	0.42	0	0	0.58
187400	0.58	0.42	0.42	0	0	0.58
187500	0.58	0.42	0.42	0	0	0.58
187600	0.58	0.42	0.42	0	0	0.58
187700	0.58	0.42	0.42	0	0	0.58
187800	0.58	0.42	0.42	0	0	0.58
187900	0.58	0.42	0.42	0	0	0.58
188000	0.58	0.42	0.42	0	0	0.58
188100	0.58	0.42	0.42	0	0	0.58
188200	0.58	0.42	0.42	0	0	0.58
188300	0.58	0.42	0.42	0	0	0.58
188400	0.58	0.42	0.42	0	0	0.58
188500	0.58	0.42	0.42	0	0	0.58
188600	0.58	0.42	0.42	0	0	0.58
188700	0.58	0.42	0.42	0	0	0.58
188800	0.58	0.42	0.42	0	0	0.58
188900	0.58	0.42	0.42	0	0	0.58
189000	0.58	0.42	0.42	0	0	0.58
189100	0.58	0.42	0.42	0	0	0.58
189200	0.58	0.42	0.42	0	0	0.58
189300	0.58	0.42	0.42	0	0	0.58
189400	0.58	0.42	0.42	0	0	0.58
189500	0.58	0.42	0.42	0	0	0.58
189600	0.58	0.42	0.42	0	0	0.58
189700	0.58	0.42	0.42	0	0	0.58
189800	0.58	0.42	0.42	0	0	0.58
189900	0.58	0.42	0.42	0	0	0.58
190000	0.58	0.42	0.42	0	0	0.58
190100	0.58	0.42	0.42	0	0	0.58
190200	0.58	0.42	0.42	0	0	0.58
190300	0.58	0.42	0.42	0	0	0.58
190400	0.58	0.42	0.42	0	0	0.58
190500	0.58	0.42	0.42	0	0	0.58
190600	0.58	0.42	0.42	0	0	0.58
190700	0.58	0.42	0.42	0	0	0.58
190800	0.58	0.42	0.42	0	0	0.58
190900	0.58	0.42	0.42	0	0	0.58
191000	0.58	0.42	0.42	0	0	0.58
191100	0.58	0.42	0.42	0	0	0.58
191200	0.58	0.42	0.42	0	0	0.58
191300	0.58	0.42	0.42	0	0	0.58
191400	0.58	0.42	0.42	0	0	0.58
191500	0.58	0.42	0.42	0	0	0.58
191600	0.58	0.42	0.42	0	0	0.58
191700	0.58	0.42	0.42	0	0	0.58
191800	0.58	0.42	0.42	0	0	0.58
191900	0.58	0.42	0.42	0	0	0.58
192000	0.58	0.42	0.42	0	0	0.58
192100	0.58	0.42	0.42	0	0	0.58
192200	0.58	0.42	0.42	0	0	0.58
192300	0.58	0.42	0.42	0	0	0.58
192400	0.58	0.42	0.42	0	0	0.58
192500	0.58	0.42	0.42	0	0	0.58
192600	0.58	0.42	0.42	0	0	0.58
192700	0.58	0.42	0.42	0	0	0.58
192800	0.58	0.42	0.42	0	0	0.58
192900	0.58	0.42	0.42	0	0	0.58
193000	0.58	0.42	0.42	0	0	0.58
193100	0.58	0.42	0.42	0	0	0.58
193200	0.58	0.42	0.42	0	0	0.58
193300	0.58	0.42	0.42	0	0	0.58
193400	0.58	0.42	0.42	0	0	0.58
193500	0.58	0.42	0.42	0	0	0.58
193600	0.58	0.42	0.42	0	0	0.58
193700	0.58	0.42	0.42	0	0	0.58
193800	0.58	0.42	0.42	0	0	0.58
193900	0.58	0.42	0.42	0	0	0.58
194000	0.58	0.42	0.42	0	0	0.58
194100	0.58	0.42	0.42	0	0	0.58
194200	0.58	0.42	0.42	0	0	0.58
194300	0.58	0.42	0.42	0	0	0.58
194400	0.58	0.42	0.42	0	0	0.58
194500	0.58	0.42	0.42	0	0	0.58
194600	0.58	0.42	0.42	0	0	0.58
194700	0.58	0.42	0.42	0	0	0.58
194800	0.58	0.42	0.42	0	0	0.58
194900	0.58	0.42	0.42	0	0	0.58
195000	0.58	0.42	0.42	0	0	0.58
195100	0.57	0.42	0.42	0	0	0.57
195200	0.57	0.42	0.42	0	0	0.57
195300	0.57	0.42	0.42	0	0	0.57
195400	0.57	0.42	0.42	0	0	0.57
195500	0.57	0.42	0.42	0	0	0.57
195600	0.57	0.42	0.42	0	0	0.57
195700	0.57	0.42	0.42	0	0	0.57
195800	0.57	0.42	0.42	0	0	0.57
195900	0.57	0.42	0.42	0	0	0.57
196000	0.57	0.42	0.42	0	0	0.57
196100	0.57	0.42	0.42	0	0	0.57
196200	0.57	0.42	0.42	0	0	0.57
196300	0.57	0.42	0.42	0	0	0.57
196400	0.57	0.42	0.42	0	0	0.57
196500	0.57	0.42	0.42	0	0	0.57
196600	0.57	0.42	0.42	0	0	0.57
196700	0.57	0.42	0.42	0	0	0.57
196800	0.57	0.42	0.42	0	0	0.57
196900	0.57	0.42	0.42	0	0	0.57
197000	0.57	0.42	0.42	0	0	0.57
197100	0.57	0.42	0.42	0	0	0.57
197200	0.57	0.42	0.42	0	0	0.57
197300	0.57	0.42	0.42	0	0	0.57
197400	0.57	0.42	0.42	0	0	0.57
197500	0.57	0.42	0.42	0	0	0.57
197600	0.58	0.42	0.42	0	0	0.58
197700	0.58	0.42	0.42	0	0	0.58
197800	0.58	0.42	0.42	0	0	0.58
197900	0.58	0.42	0.42	0	0	0.58
198000	0.58	0.42	0.42	0	0	0.58
198100	0.58	0.42	0.42	0	0	0.58
198200	0.58	0.42	0.42	0	0	0.58
198300	0.58	0.42	0.42	0	0	0.58
198400	0.58	0.42	0.42	0	0	0.58
198500	0.58	0.42	0.42	0	0	0.58
198600	0.58	0.42	0.42	0	0	0.58
198700	0.58	0.42	0.42	0	0	0.58
198800	0.58	0.42	0.42	0	0	0.58
198900	0.58	0.42	0.42	0	0	0.58
199000	0.58	0.42	0.42	0	0	0.58
199100	0.58	0.42	0.42	0	0	0.58
199200	0.58	0.42	0.42	0	0	0.58
199300	0.58	0.42	0.42	0	0	0.58
199400	0.58	0.42	0.42	0	0	0.58
199500	0.58	0.42	0.42	0	0	0.58
199600	0.58	0.42	0.42	0	0	0.58
199700	0.58	0.42	0.42	0	0	0.58
199800	0.58	0.42	0.42	0	0	0.58
199900	0.58	0.42	0.42	0	0	0.58
200000	0.58	0.42	0.42	0	0	0.58
200100	0.58	0.42	0.42	0	0	0.58
200200	0.58	0.42	0.42	0	0	0.58
200300	0.58	0.42	0.42	0	0	0.58
200400	0.58	0.42	0.42	0	0	0.58
200500	0.58	0.42	0.42	0	0	0.58
200600	0.58	0.42	0.42	0	0	0.58
200700	0.58	0.42	0.42	0	0	0.58
200800	0.58	0.42	0.42	0	0	0.58
200900	0.58	0.42	0.42	0	0	0.58
201000	0.58	0.42	0.42	0	0	0.58
201100	0.58	0.42	0.42	0	0	0.58
201200	0.58	0.42	0.42	0	0	0.58
201300	0.58	0.42	0.42	0	0	0.58
201400	0.58	0.42	0.42	0	0	0.58
201500	0.58	0.42	0.42	0	0	0.58
201600	0.58	0.42	0.42	0	0	0.58
201700	0.58	0.42	0.42	0	0	0.58
201800	0.58	0.42	0.42	0	0	0.58
201900	0.58	0.42	0.42	0	0	0.58
202000	0.58	0.42	0.42	0	0	0.58
202100	0.58	0.42	0.42	0	0	0.58
202200	0.58	0.42	0.42	0	0	0.58
202300	0.58	0.42	0.42	0	0	0.58
202400	0.58	0.42	0.42	0	0	0.58
202500	0.58	0.42	0.42	0	0	0.58
202600	0.58	0.42	0.42	0	0	0.58
202700	0.58	0.42	0.42	0	0	0.58
202800	0.58	0.42	0.42	0	0	0.58
202900	0.58	0.42	0.42	0	0	0.58
203000	0.58	0.42	0.42	0	0	0.58
203100	0.58	0.42	0.42	0	0	0.58
203200	0.58	0.42	0.42	0	0	0.58
203300	0.58	0.42	0.42	0	0	0.58
203400	0.58	0.42	0.42	0	0	0.58
203500	0.58	0.42	0.42	0	0	0.58
203600	0.58	0.42	0.42	0	0	0.58
203700	0.58	0.42	0.42	0	0	0.58
203800	0.58	0.42	0.42	0	0	0.58
203900	0.58	0.42	0.42	0	0	0.58
204000	0.58	0.42	0.42	0	0	0.58
204100	0.58	0.42	0.42	0	0	0.58
204200	0.58	0.42	0.42	0	0	0.58
204300	0.58	0.42	0.42	0	0	0.58
204400	0.58	0.42	0.42	0	0	0.58
204500	0.58	0.42	0.42	0	0	0.58
204600	0.58	0.42	0.42	0	0	0.58
204700	0.58	0.42	0.42	0	0	0.58
204800	0.58	0.42	0.42	0	0	0.58
204900	0.58	0.42	0.42	0	0	0.58
205000	0.58	0.42	0.42	0	0	0.58
205100	0.58	0.42	0.42	0	0	0.58
205200	0.58	0.42	0.42	0	0	0.58
205300	0.58	0.42	0.42	0	0	0.58
205400	0.58	0.42	0.42	0	0	0.58
205500	0.58	0.42	0.42	0	0	0.58
205600	0.58	0.42	0.42	0	0	0.58
205700	0.58	0.42	0.42	0	0	0.58
205800	0.58	0.42	0.42	0	0	0.58
205900	0.58	0.42	0.42	0	0	0.58
206000	0.58	0.42	0.42	0	0	0.58
206100	0.58	0.42	0.42	0	0	0.58
206200	0.58	0.42	0.42	0	0	0.58
206300	0.58	0.42	0.42	0	0	0.58
206400	0.58	0.42	0.42	0	0	0.58
206500	0.58	0.42	0.42	0	0	0.58
206600	0.57	0.42	0.42	0	0	0.57
206700	0.57	0.42	0.42	0	0	0.57
206800	0.57	0.42	0.42	0	0	0.57
206900	0.57	0.42	0.42	0	0	0.57
207000	0.57	0.42	0.42	0	0	0.57
207100	0.57	0.42	0.42	0	0	0.57
207200	0.57	0.42	0.42	0	0	0.57
207300	0.57	0.42	0.42	0	0	0.57
207400	0.57	0.42	0.42	0	0	0.57
207500	0.57	0.42	0.42	0	0	0.57
207600	0.57	0.42	0.42	0	0	0.57
207700	0.58	0.42	0.42	0	0	0.58
207800	0.58	0.42	0.42	0	0	0.58
207900	0.58	0.42	0.42	0	0	0.58
208000	0.58	0.42	0.42	0	0	0.58
208100	0.58	0.42	0.42	0	0	0.58
208200	0.58	0.42	0.42	0	0	0.58
208300	0.58	0.42	0.42	0	0	0.58
208400	0.58	0.42	0.42	0	0	0.58
208500	0.58	0.42	0.42	0	0	0.58
208600	0.58	0.42	0.42	0	0	0.58
208700	0.58	0.42	0.42	0	0	0.58
208800	0.58	0.42	0.42	0	0	0.58
208900	0.58	0.42	0.42	0	0	0.58
209000	0.58	0.42	0.42	0	0	0.58
209100	0.58	0.42	0.42	0	0	0.58
209200	0.58	0.42	0.42	0	0	0.58
209300	0.58	0.42	0.42	0	0	0.58
209400	0.58	0.42	0.42	0	0	0.58
209500	0.58	0.42	0.42	0	0	0.58
209600	0.58	0.42	0.42	0	0	0.58
209700	0.58	0.42	0.42	0	0	0.58
209800	0.58	0.42	0.42	0	0	0.58
209900	0.58	0.42	0.42	0	0	0.58
210000	0.58	0.42	0.42	0	0	0.58
210100	0.58	0.42	0.42	0	0	0.58
210200	0.58	0.42	0.42	0	0	0.58
210300	0.58	0.42	0.42	0	0	0.58
210400	0.58	0.42	0.42	0	0	0.58
210500	0.58	0.42	0.42	0	0	0.58
210600	0.58	0.42	0.42	0	0	0.58
210700	0.58	0.42	0.42	0	0	0.58
210800	0.58	0.42	0.42	0	0	0.58
210900	0.58	0.42	0.42	0	0	0.58
211000	0.58	0.42	0.42	0	0	0.58
211100	0.58	0.42	0.42	0	0	0.58
211200	0.58	0.42	0.42	0	0	0.58
211300	0.58	0.42	0.42	0	0	0.58
211400	0.58	0.42	0.42	0	0	0.58
211500	0.58	0.41	0.41	0	0	0.58
211600	0.58	0.41	0.41	0	0	0.58
211700	0.58	0.41	0.41	0	0	0.58
211800	0.58	0.41	0.41	0	0	0.58
211900	0.58	0.41	0.41	0	0	0.58
212000	0.58	0.41	0.41	0	0	0.58
212100	0.58	0.41	0.41	0	0	0.58
212200	0.58	0.41	0.41	0	0	0.58
212300	0.58	0.42	0.42	0	0	0.58
212400	0.58	0.42	0.42	0	0	0.58
212500	0.58	0.42	0.42	0	0	0.58
212600	0.58	0.41	0.41	0	0	0.58
212700	0.58	0.41	0.41	0	0	0.58
212800	0.58	0.41	0.41	0	0	0.58
212900	0.58	0.41	0.41	0	0	0.58
213000	0.58	0.41	0.41	0	0	0.58
213100	0.58	0.41	0.41	0	0	0.58
213200	0.58	0.41	0.41	0	0	0.58
213300	0.58	0.41	0.41	0	0	0.58
213400	0.58	0.41	0.41	0	0	0.58
213500	0.58	0.41	0.41	0	0	0.58
213600	0.58	0.41	0.41	0	0	0.58
213700	0.58	0.41	0.41	0	0	0.58
213800	0.58	0.41	0.41	0	0	0.58
213900	0.58	0.41	0.41	0	0	0.58
214000	0.58	0.41	0.41	0	0	0.58
214100	0.58	0.41	0.41	0	0	0.58
214200	0.58	0.41	0.41	0	0	0.58
214300	0.58	0.41	0.41	0	0	0.58
214400	0.58	0.41	0.41	0	0	0.58
214500	0.58	0.41	0.41	0	0	0.58
214600	0.58	0.41	0.41	0	0	0.58
214700	0.58	0.41	0.41	0	0	0.58
214800	0.58	0.41	0.41	0	0	0.58
214900	0.58	0.41	0.41	0	0	0.58
215000	0.58	0.41	0.41	0	0	0.58
215100	0.58	0.41	0.41	0	0	0.58
215200	0.58	0.41	0.41	0	0	0.58
215300	0.58	0.41	0.41	0	0	0.58
215400	0.58	0.41	0.41	0	0	0.58
215500	0.58	0.41	0.41	0	0	0.58
215600	0.58	0.41	0.41	0	0	0.58
215700	0.58	0.41	0.41	0	0	0.58
215800	0.58	0.41	0.41	0	0	0.58
215900	0.58	0.41	0.41	0	0	0.58
216000	0.58	0.41	0.41	0	0	0.58
216100	0.58	0.41	0.41	0	0	0.58
216200	0.58	0.41	0.41	0	0	0.58
216300	0.58	0.41	0.41	0	0	0.58
216400	0.58	0.41	0.41	0	0	0.58
216500	0.58	0.41	0.41	0	0	0.58
216600	0.58	0.41	0.41	0	0	0.58
216700	0.58	0.41	0.41	0	0	0.58
216800	0.58	0.41	0.41	0	0	0.58
216900	0.58	0.41	0.41	0	0	0.58
217000	0.58	0.41	0.41	0	0	0.58
217100	0.58	0.41	0.41	0	0	0.58
217200	0.58	0.41	0.41	0	0	0.58
217300	0.58	0.41	0.41	0	0	0.58
217400	0.58	0.41	0.41	0	0	0.58
217500	0.58	0.41	0.41	0	0	0.58
217600	0.58	0.41	0.41	0	0	0.58
217700	0.58	0.41	0.41	0	0	0.58
217800	0.58	0.41	0.41	0	0	0.58
217900	0.58	0.41	0.41	0	0	0.58
218000	0.58	0.41	0.41	0	0	0.58
218100	0.58	0.41	0.41	0	0	0.58
218200	0.58	0.41	0.41	0	0	0.58
218300	0.58	0.41	0.41	0	0	0.58
218400	0.58	0.41	0.41	0	0	0.58
218500	0.58	0.41	0.41	0	0	0.58
218600	0.58	0.41	0.41	0	0	0.58
218700	0.58	0.41	0.41	0	0	0.58
218800	0.58	0.41	0.41	0	0	0.58
218900	0.58	0.41	0.41	0	0	0.58
219000	0.58	0.41	0.41	0	0	0.58
219100	0.58	0.41	0.41	0	0	0.58
219200	0.58	0.41	0.41	0	0	0.58
219300	0.58	0.42	0.42	0	0	0.58
219400	0.58	0.42	0.42	0	0	0.58
219500	0.58	0.42	0.42	0	0	0.58
219600	0.58	0.42	0.42	0	0	0.58
219700	0.58	0.42	0.42	0	0	0.58
219800	0.58	0.42	0.42	0	0	0.58
219900	0.58	0.42	0.42	0	0	0.58
220000	0.58	0.42	0.42	0	0	0.58
220100	0.58	0.42	0.42	0	0	0.58
220200	0.58	0.42	0.42	0	0	0.58
220300	0.58	0.42	0.42	0	0	0.58
220400	0.58	0.42	0.42	0	0	0.58
220500	0.58	0.42	0.42	0	0	0.58
220600	0.58	0.42	0.42	0	0	0.58
220700	0.58	0.42	0.42	0	0	0.58
220800	0.58	0.42	0.42	0	0	0.58
220900	0.58	0.42	0.42	0	0	0.58
221000	0.58	0.42	0.42	0	0	0.58
221100	0.58	0.42	0.42	0	0	0.58
221200	0.58	0.42	0.42	0	0	0.58
221300	0.58	0.42	0.42	0	0	0.58
221400	0.58	0.42	0.42	0	0	0.58
221500	0.58	0.42	0.42	0	0	0.58
221600	0.58	0.42	0.42	0	0	0.58
221700	0.58	0.42	0.42	0	0	0.58
221800	0.58	0.42	0.42	0	0	0.58
221900	0.58	0.42	0.42	0	0	0.58
222000	0.58	0.42	0.42	0	0	0.58
222100	0.58	0.42	0.42	0	0	0.58
222200	0.58	0.42	0.42	0	0	0.58
222300	0.58	0.42	0.42	0	0	0.58
222400	0.58	0.42	0.42	0	0	0.58
222500	0.58	0.42	0.42	0	0	0.58
222600	0.58	0.42	0.42	0	0	0.58
222700	0.58	0.42	0.42	0	0	0.58
222800	0.58	0.42	0.42	0	0	0.58
222900	0.58	0.42	0.42	0	0	0.58
223000	0.58	0.42	0.42	0	0	0.58
223100	0.58	0.42	0.42	0	0	0.58
223200	0.58	0.42	0.42	0	0	0.58
223300	0.58	0.42	0.42	0	0	0.58
223400	0.58	0.42	0.42	0	0	0.58
223500	0.58	0.42	0.42	0	0	0.58
223600	0.58	0.42	0.42	0	0	0.58
223700	0.58	0.42	0.42	0	0	0.58
223800	0.58	0.42	0.42	0	0	0.58
223900	0.58	0.42	0.42	0	0	0.58
224000	0.58	0.42	0.42	0	0	0.58
224100	0.58	0.42	0.42	0	0	0.58
224200	0.58	0.42	0.42	0	0	0.58
224300	0.58	0.42	0.42	0	0	0.58
224400	0.58	0.42	0.42	0	0	0.58
224500	0.58	0.42	0.42	0	0	0.58
224600	0.58	0.42	0.42	0	0	0.58
224700	0.58	0.42	0.42	0	0	0.58
224800	0.58	0.42	0.42	0	0	0.58
224900	0.58	0.42	0.42	0	0	0.58
225000	0.58	0.42	0.42	0	0	0.58
225100	0.58	0.42	0.42	0	0	0.58
225200	0.58	0.42	0.42	0	0	0.58
225300	0.58	0.42	0.42	0	0	0.58
225400	0.58	0.42	0.42	0	0	0.58
225500	0.58	0.42	0.42	0	0	0.58
225600	0.58	0.42	0.42	0	0	0.58
225700	0.58	0.42	0.42	0	0	0.58
225800	0.58	0.42	0.42	0	0	0.58
225900	0.58	0.42	0.42	0	0	0.58
226000	0.58	0.42	0.42	0	0	0.58
226100	0.58	0.42	0.42	0	0	0.58
226200	0.58	0.42	0.42	0	0	0.58
226300	0.58	0.42	0.42	0	0	0.58
226400	0.58	0.42	0.42	0	0	0.58
226500	0.58	0.42	0.42	0	0	0.58
226600	0.58	0.42	0.42	0	0	0.58
226700	0.58	0.42	0.42	0	0	0.58
226800	0.58	0.42	0.42	0	0	0.58
226900	0.58	0.42	0.42	0	0	0.58
227000	0.58	0.42	0.42	0	0	0.58
227100	0.58	0.42	0.42	0	0	0.58
227200	0.58	0.42	0.42	0	0	0.58
227300	0.58	0.42	0.42	0	0	0.58
227400	0.58	0.42	0.42	0	0	0.58
227500	0.58	0.42	0.42	0	0	0.58
227600	0.58	0.42	0.42	0	0	0.58
227700	0.58	0.42	0.42	0	0	0.58
227800	0.58	0.42	0.42	0	0	0.58
227900	0.58	0.42	0.42	0	0	0.58
228000	0.58	0.42	0.42	0	0	0.58
228100	0.58	0.42	0.42	0	0	0.58
228200	0.58	0.42	0.42	0	0	0.58
228300	0.58	0.42	0.42	0	0	0.58
228400	0.58	0.42	0.42	0	0	0.58
228500	0.58	0.42	0.42	0	0	0.58
228600	0.58	0.42	0.42	0	0	0.58
228700	0.58	0.42	0.42	0	0	0.58
228800	0.58	0.42	0.42	0	0	0.58
228900	0.58	0.42	0.42	0	0	0.58
229000	0.58	0.42	0.42	0	0	0.58
229100	0.58	0.42	0.42	0	0	0.58
229200	0.58	0.42	0.42	0	0	0.58
229300	0.58	0.42	0.42	0	0	0.58
229400	0.58	0.42	0.42	0	0	0.58
229500	0.58	0.42	0.42	0	0	0.58
229600	0.58	0.42	0.42	0	0	0.58
229700	0.58	0.42	0.42	0	0	0.58
229800	0.58	0.42	0.42	0	0	0.58
229900	0.58	0.42	0.42	0	0	0.58
230000	0.58	0.42	0.42	0	0	0.58
230100	0.58	0.42	0.42	0	0	0.58
230200	0.58	0.42	0.42	0	0	0.58
230300	0.58	0.42	0.42	0	0	0.58
230400	0.58	0.42	0.42	0	0	0.58
230500	0.58	0.42	0.42	0	0	0.58
230600	0.58	0.42	0.42	0	0	0.58
230700	0.58	0.42	0.42	0	0	0.58
230800	0.57	0.42	0.42	0	0	0.57
230900	0.57	0.42	0.42	0	0	0.57
231000	0.57	0.42	0.42	0	0	0.57
231100	0.57	0.42	0.42	0	0	0.57
231200	0.57	0.42	0.42	0	0	0.57
231300	0.57	0.42	0.42	0	0	0.57
231400	0.57	0.42	0.42	0	0	0.57
231500	0.57	0.42	0.42	0	0	0.57
231600	0.57	0.42	0.42	0	0	0.57
231700	0.57	0.42	0.42	0	0	0.57
231800	0.57	0.42	0.42	0	0	0.57
231900	0.57	0.42	0.42	0	0	0.57
232000	0.57	0.42	0.42	0	0	0.57
232100	0.57	0.42	0.42	0	0	0.57
232200	0.57	0.42	0.42	0	0	0.57
232300	0.57	0.42	0.42	0	0	0.57
232400	0.57	0.42	0.42	0	0	0.57
232500	0.57	0.42	0.42	0	0	0.57
232600	0.57	0.42	0.42	0	0	0.57
232700	0.57	0.42	0.42	0	0	0.57
232800	0.57	0.42	0.42	0	0	0.57
232900	0.57	0.42	0.42	0	0	0.57
233000	0.57	0.42	0.42	0	0	0.57
233100	0.57	0.42	0.42	0	0	0.57
233200	0.57	0.42	0.42	0	0	0.57
233300	0.57	0.42	0.42	0	0	0.57
233400	0.57	0.42	0.42	0	0	0.57
233500	0.57	0.42	0.42	0	0	0.57
233600	0.57	0.42	0.42	0	0	0.57
233700	0.57	0.42	0.42	0	0	0.57
233800	0.57	0.42	0.42	0	0	0.57
233900	0.57	0.42	0.42	0	0	0.57
234000	0.57	0.42	0.42	0	0	0.57
234100	0.57	0.42	0.42	0	0	0.57
234200	0.57	0.42	0.42	0	0	0.57
234300	0.57	0.42	0.42	0	0	0.57
234400	0.57	0.42	0.42	0	0	0.57
234500	0.57	0.42	0.42	0	0	0.57
234600	0.57	0.42	0.42	0	0	0.57
234700	0.57	0.42	0.42	0	0	0.57
234800	0.57	0.42	0.42	0	0	0.57
234900	0.57	0.42	0.42	0	0	0.57
235000	0.57	0.42	0.42	0	0	0.57
235100	0.57	0.42	0.42	0	0	0.57
235200	0.57	0.42	0.42	0	0	0.57
235300	0.58	0.42	0.42	0	0	0.58
235400	0.58	0.42	0.42	0	0	0.58
235500	0.58	0.42	0.42	0	0	0.58
235600	0.58	0.42	0.42	0	0	0.58
235700	0.58	0.42	0.42	0	0	0.58
235800	0.58	0.42	0.42	0	0	0.58
235900	0.58	0.42	0.42	0	0	0.58
236000	0.58	0.42	0.42	0	0	0.58
236100	0.58	0.42	0.42	0	0	0.58
236200	0.58	0.42	0.42	0	0	0.58
236300	0.58	0.42	0.42	0	0	0.58
236400	0.58	0.42	0.42	0	0	0.58
236500	0.58	0.42	0.42	0	0	0.58
236600	0.58	0.42	0.42	0	0	0.58
236700	0.58	0.42	0.42	0	0	0.58
236800	0.58	0.42	0.42	0	0	0.58
236900	0.58	0.42	0.42	0	0	0.58
237000	0.58	0.42	0.42	0	0	0.58
237100	0.58	0.42	0.42	0	0	0.58
237200	0.58	0.42	0.42	0	0	0.58
237300	0.58	0.42	0.42	0	0	0.58
237400	0.58	0.42	0.42	0	0	0.58
237500	0.58	0.42	0.42	0	0	0.58
237600	0.58	0.42	0.42	0	0	0.58
237700	0.58	0.42	0.42	0	0	0.58
237800	0.58	0.42	0.42	0	0	0.58
237900	0.58	0.42	0.42	0	0	0.58
238000	0.58	0.42	0.42	0	0	0.58
238100	0.58	0.42	0.42	0	0	0.58
238200	0.58	0.42	0.42	0	0	0.58
238300	0.58	0.42	0.42	0	0	0.58
238400	0.58	0.42	0.42	0	0	0.58
238500	0.58	0.42	0.42	0	0	0.58
238600	0.58	0.42	0.42	0	0	0.58
238700	0.58	0.42	0.42	0	0	0.58
238800	0.58	0.42	0.42	0	0	0.58
238900	0.58	0.42	0.42	0	0	0.58
239000	0.58	0.42	0.42	0	0	0.58
239100	0.58	0.42	0.42	0	0	0.58
239200	0.58	0.42	0.42	0	0	0.58
239300	0.58	0.42	0.42	0	0	0.58
239400	0.58	0.42	0.42	0	0	0.58
239500	0.58	0.42	0.42	0	0	0.58
239600	0.58	0.42	0.42	0	0	0.58
239700	0.58	0.42	0.42	0	0	0.58
239800	0.58	0.42	0.42	0	0	0.58
239900	0.58	0.42	0.42	0	0	0.58
240000	0.58	0.42	0.42	0	0	0.58
240100	0.58	0.42	0.42	0	0	0.58
240200	0.58	0.42	0.42	0	0	0.58
240300	0.58	0.42	0.42	0	0	0.58
240400	0.58	0.42	0.42	0	0	0.58
240500	0.58	0.42	0.42	0	0	0.58
240600	0.58	0.42	0.42	0	0	0.58
240700	0.58	0.42	0.42	0	0	0.58
240800	0.58	0.42	0.42	0	0	0.58
240900	0.58	0.42	0.42	0	0	0.58
241000	0.58	0.42	0.42	0	0	0.58
241100	0.58	0.42	0.42	0	0	0.58
241200	0.58	0.42	0.42	0	0	0.58
241300	0.58	0.42	0.42	0	0	0.58
241400	0.58	0.42	0.42	0	0	0.58
241500	0.58	0.42	0.42	0	0	0.58
241600	0.58	0.42	0.42	0	0	0.58
241700	0.58	0.42	0.42	0	0	0.58
241800	0.58	0.42	0.42	0	0	0.58
241900	0.58	0.42	0.42	0	0	0.58
242000	0.58	0.42	0.42	0	0	0.58
242100	0.58	0.42	0.42	0	0	0.58
242200	0.58	0.42	0.42	0	0	0.58
242300	0.58	0.42	0.42	0	0	0.58
242400	0.58	0.42	0.42	0	0	0.58
242500	0.58	0.42	0.42	0	0	0.58
242600	0.58	0.42	0.42	0	0	0.58
242700	0.58	0.42	0.42	0	0	0.58
242800	0.58	0.42	0.42	0	0	0.58
242900	0.58	0.42	0.42	0	0	0.58
243000	0.58	0.42	0.42	0	0	0.58
243100	0.58	0.42	0.42	0	0	0.58
243200	0.58	0.42	0.42	0	0	0.58
243300	0.58	0.42	0.42	0	0	0.58
243400	0.58	0.42	0.42	0	0	0.58
243500	0.58	0.42	0.42	0	0	0.58
243600	0.58	0.42	0.42	0	0	0.58
243700	0.58	0.42	0.42	0	0	0.58
243800	0.58	0.42	0.42	0	0	0.58
243900	0.58	0.42	0.42	0	0	0.58
244000	0.58	0.42	0.42	0	0	0.58
244100	0.58	0.42	0.42	0	0	0.58
244200	0.58	0.42	0.42	0	0	0.58
244300	0.58	0.42	0.42	0	0	0.58
244400	0.58	0.42	0.42	0	0	0.58
244500	0.58	0.42	0.42	0	0	0.58
244600	0.58	0.42	0.42	0	0	0.58
244700	0.58	0.42	0.42	0	0	0.58
244800	0.58	0.42	0.42	0	0	0.58
244900	0.58	0.42	0.42	0	0	0.58
245000	0.58	0.42	0.42	0	0	0.58
245100	0.58	0.42	0.42	0	0	0.58
245200	0.58	0.42	0.42	0	0	0.58
245300	0.58	0.42	0.42	0	0	0.58
245400	0.58	0.42	0.42	0	0	0.58
245500	0.58	0.42	0.42	0	0	0.58
245600	0.58	0.42	0.42	0	0	0.58
245700	0.58	0.42	0.42	0	0	0.58
245800	0.58	0.42	0.42	0	0	0.58
245900	0.58	0.42	0.42	0	0	0.58
246000	0.58	0.42	0.42	0	0	0.58
246100	0.58	0.42	0.42	0	0	0.58
246200	0.58	0.42	0.42	0	0	0.58
246300	0.58	0.42	0.42	0	0	0.58
246400	0.58	0.42	0.42	0	0	0.58
246500	0.58	0.42	0.42	0	0	0.58
246600	0.58	0.42	0.42	0	0	0.58
246700	0.58	0.42	0.42	0	0	0.58
246800	0.58	0.42	0.42	0	0	0.58
246900	0.58	0.42	0.42	0	0	0.58
247000	0.58	0.42	0.42	0	0	0.58
247100	0.58	0.42	0.42	0	0	0.58
247200	0.58	0.42	0.42	0	0	0.58
247300	0.58	0.42	0.42	0	0	0.58
247400	0.58	0.42	0.42	0	0	0.58
247500	0.58	0.42	0.42	0	0	0.58
247600	0.58	0.42	0.42	0	0	0.58
247700	0.58	0.42	0.42	0	0	0.58
247800	0.58	0.42	0.42	0	0	0.58
247900	0.58	0.42	0.42	0	0	0.58
248000	0.58	0.42	0.42	0	0	0.58
248100	0.58	0.42	0.42	0	0	0.58
248200	0.58	0.42	0.42	0	0	0.58
248300	0.58	0.42	0.42	0	0	0.58
248400	0.58	0.42	0.42	0	0	0.58
248500	0.58	0.42	0.42	0	0	0.58
248600	0.58	0.42	0.42	0	0	0.58
248700	0.58	0.42	0.42	0	0	0.58
248800	0.58	0.42	0.42	0	0	0.58
248900	0.58	0.42	0.42	0	0	0.58
249000	0.58	0.42	0.42	0	0	0.58
249100	0.58	0.42	0.42	0	0	0.58
249200	0.58	0.42	0.42	0	0	0.58
249300	0.58	0.42	0.42	0	0	0.58
249400	0.58	0.42	0.42	0	0	0.58
249500	0.58	0.42	0.42	0	0	0.58
249600	0.58	0.42	0.42	0	0	0.58
249700	0.58	0.42	0.42	0	0	0.58
249800	0.58	0.42	0.42	0	0	0.58
249900	0.58	0.42	0.42	0	0	0.58
250000	0.58	0.42	0.42	0	0	0.58
250100	0.58	0.42	0.42	0	0	0.58
250200	0.58	0.42	0.42	0	0	0.58
250300	0.58	0.42	0.42	0	0	0.58
250400	0.58	0.42	0.42	0	0	0.58
250500	0.58	0.42	0.42	0	0	0.58
250600	0.58	0.42	0.42	0	0	0.58
250700	0.58	0.42	0.42	0	0	0.58
250800	0.58	0.42	0.42	0	0	0.58
250900	0.58	0.42	0.42	0	0	0.58
251000	0.58	0.42	0.42	0	0	0.58
251100	0.58	0.42	0.42	0	0	0.58
251200	0.58	0.42	0.42	0	0	0.58
251300	0.58	0.42	0.42	0	0	0.58
251400	0.58	0.42	0.42	0	0	0.58
251500	0.58	0.42	0.42	0	0	0.58
251600	0.58	0.42	0.42	0	0	0.58
251700	0.58	0.42	0.42	0	0	0.58
251800	0.58	0.42	0.42	0	0	0.58
251900	0.58	0.42	0.42	0	0	0.58
252000	0.58	0.42	0.42	0	0	0.58
252100	0.58	0.42	0.42	0	0	0.58
252200	0.58	0.42	0.42	0	0	0.58
252300	0.58	0.42	0.42	0	0	0.58
252400	0.58	0.42	0.42	0	0	0.58
252500	0.58	0.42	0.42	0	0	0.58
252600	0.58	0.42	0.42	0	0	0.58
252700	0.58	0.42	0.42	0	0	0.58
252800	0.58	0.42	0.42	0	0	0.58
252900	0.58	0.42	0.42	0	0	0.58
253000	0.58	0.42	0.42	0	0	0.58
253100	0.58	0.42	0.42	0	0	0.58
253200	0.58	0.42	0.42	0	0	0.58
253300	0.58	0.42	0.42	0	0	0.58
253400	0.58	0.42	0.42	0	0	0.58
253500	0.58	0.42	0.42	0	0	0.58
253600	0.58	0.42	0.42	0	0	0.58
253700	0.58	0.42	0.42	0	0	0.58
253800	0.58	0.42	0.42	0	0	0.58
253900	0.58	0.42	0.42	0	0	0.58
254000	0.58	0.42	0.42	0	0	0.58
254100	0.58	0.42	0.42	0	0	0.58
254200	0.58	0.42	0.42	0	0	0.58
254300	0.58	0.42	0.42	0	0	0.58
254400	0.58	0.42	0.42	0	0	0.58
254500	0.58	0.42	0.42	0	0	0.58
254600	0.58	0.42	0.42	0	0	0.58
254700	0.58	0.42	0.42	0	0	0.58
254800	0.58	0.42	0.42	0	0	0.58
254900	0.58	0.42	0.42	0	0	0.58
255000	0.58	0.42	0.42	0	0	0.58
255100	0.58	0.42	0.42	0	0	0.58
255200	0.58	0.42	0.42	0	0	0.58
255300	0.58	0.42	0.42	0	0	0.58
255400	0.58	0.42	0.42	0	0	0.58
255500	0.58	0.42	0.42	0	0	0.58
255600	0.58	0.42	0.42	0	0	0.58
255700	0.58	0.42	0.42	0	0	0.58
255800	0.58	0.42	0.42	0	0	0.58
255900	0.58	0.42	0.42	0	0	0.58
256000	0.58	0.42	0.42	0	0	0.58
256100	0.58	0.42	0.42	0	0	0.58
256200	0.58	0.42	0.42	0	0	0.58
256300	0.58	0.42	0.42	0	0	0.58
256400	0.58	0.42	0.42	0	0	0.58
256500	0.58	0.42	0.42	0	0	0.58
256600	0.58	0.42	0.42	0	0	0.58
256700	0.58	0.42	0.42	0	0	0.58
256800	0.58	0.42	0.42	0	0	0.58
256900	0.58	0.42	0.42	0	0	0.58
257000	0.58	0.42	0.42	0	0	0.58
257100	0.58	0.42	0.42	0	0	0.58
257200	0.58	0.42	0.42	0	0	0.58
257300	0.58	0.42	0.42	0	0	0.58
257400	0.58	0.42	0.42	0	0	0.58
257500	0.58	0.42	0.42	0	0	0.58
257600	0.58	0.42	0.42	0	0	0.58
257700	0.58	0.42	0.42	0	0	0.58
257800	0.57	0.42	0.42	0	0	0.57
257900	0.57	0.42	0.42	0	0	0.57
258000	0.57	0.42	0.42	0	0	0.57
258100	0.57	0.42	0.42	0	0	0.57
258200	0.57	0.42	0.42	0	0	0.57
258300	0.57	0.42	0.42	0	0	0.57
258400	0.57	0.42	0.42	0	0	0.57
258500	0.57	0.42	0.42	0	0	0.57
258600	0.57	0.42	0.42	0	0	0.57
258700	0.57	0.42	0.42	0	0	0.57
258800	0.57	0.42	0.42	0	0	0.57
258900	0.57	0.42	0.42	0	0	0.57
259000	0.57	0.42	0.42	0	0	0.57
259100	0.57	0.42	0.42	0	0	0.57
259200	0.57	0.42	0.42	0	0	0.57
259300	0.57	0.42	0.42	0	0	0.57
259400	0.57	0.42	0.42	0	0	0.57
259500	0.57	0.42	0.42	0	0	0.57
259600	0.57	0.42	0.42	0	0	0.57
259700	0.57	0.42	0.42	0	0	0.57
259800	0.57	0.42	0.42	0	0	0.57
259900	0.57	0.42	0.42	0	0	0.57
260000	0.57	0.42	0.42	0	0	0.57
260100	0.57	0.42	0.42	0	0	0.57
260200	0.57	0.42	0.42	0	0	0.57
260300	0.57	0.42	0.42	0	0	0.57
260400	0.58	0.42	0.42	0	0	0.58
260500	0.58	0.42	0.42	0	0	0.58
260600	0.58	0.42	0.42	0	0	0.58
260700	0.58	0.42	0.42	0	0	0.58
260800	0.58	0.42	0.42	0	0	0.58
260900	0.57	0.42	0.42	0	0	0.57
261000	0.57	0.42	0.42	0	0	0.57
261100	0.57	0.42	0.42	0	0	0.57
261200	0.57	0.42	0.42	0	0	0.57
261300	0.57	0.42	0.42	0	0	0.57
261400	0.57	0.42	0.42	0	0	0.57
261500	0.57	0.42	0.42	0	0	0.57
261600	0.57	0.42	0.42	0	0	0.57
261700	0.57	0.42	0.42	0	0	0.57
261800	0.57	0.42	0.42	0	0	0.57
261900	0.57	0.42	0.42	0	0	0.57
262000	0.57	0.42	0.42	0	0	0.57
262100	0.57	0.42	0.42	0	0	0.57
262200	0.57	0.42	0.42	0	0	0.57
262300	0.57	0.42	0.42	0	0	0.57
262400	0.57	0.42	0.42	0	0	0.57
262500	0.57	0.42	0.42	0	0	0.57
262600	0.57	0.42	0.42	0	0	0.57
262700	0.57	0.42	0.42	0	0	0.57
262800	0.57	0.42	0.42	0	0	0.57
262900	0.57	0.42	0.42	0	0	0.57
263000	0.57	0.42	0.42	0	0	0.57
263100	0.57	0.42	0.42	0	0	0.57
263200	0.57	0.42	0.42	0	0	0.57
263300	0.57	0.42	0.42	0	0	0.57
263400	0.57	0.42	0.42	0	0	0.57
263500	0.57	0.42	0.42	0	0	0.57
263600	0.57	0.42	0.42	0	0	0.57
263700	0.57	0.42	0.42	0	0	0.57
263800	0.57	0.42	0.42	0	0	0.57
263900	0.57	0.42	0.42	0	0	0.57
264000	0.57	0.42	0.42	0	0	0.57
264100	0.57	0.42	0.42	0	0	0.57
264200	0.57	0.42	0.42	0	0	0.57
264300	0.57	0.42	0.42	0	0	0.57
264400	0.57	0.42	0.42	0	0	0.57
264500	0.57	0.42	0.42	0	0	0.57
264600	0.57	0.42	0.42	0	0	0.57
264700	0.57	0.42	0.42	0	0	0.57
264800	0.57	0.42	0.42	0	0	0.57
264900	0.57	0.42	0.42	0	0	0.57
265000	0.57	0.42	0.42	0	0	0.57
265100	0.57	0.42	0.42	0	0	0.57
265200	0.57	0.42	0.42	0	0	0.57
265300	0.57	0.42	0.42	0	0	0.57
265400	0.57	0.42	0.42	0	0	0.57
265500	0.57	0.42	0.42	0	0	0.57
265600	0.57	0.42	0.42	0	0	0.57
265700	0.57	0.42	0.42	0	0	0.57
265800	0.57	0.42	0.42	0	0	0.57
265900	0.57	0.42	0.42	0	0	0.57
266000	0.57	0.42	0.42	0	0	0.57
266100	0.57	0.42	0.42	0	0	0.57
266200	0.57	0.42	0.42	0	0	0.57
266300	0.57	0.42	0.42	0	0	0.57
266400	0.57	0.42	0.42	0	0	0.57
266500	0.57	0.42	0.42	0	0	0.57
266600	0.57	0.42	0.42	0	0	0.57
266700	0.57	0.42	0.42	0	0	0.57
266800	0.57	0.42	0.42	0	0	0.57
266900	0.57	0.42	0.42	0	0	0.57
267000	0.57	0.42	0.42	0	0	0.57
267100	0.57	0.42	0.42	0	0	0.57
267200	0.57	0.42	0.42	0	0	0.57
267300	0.57	0.42	0.42	0	0	0.57
267400	0.57	0.42	0.42	0	0	0.57
267500	0.57	0.42	0.42	0	0	0.57
267600	0.57	0.42	0.42	0	0	0.57
267700	0.57	0.42	0.42	0	0	0.57
267800	0.57	0.42	0.42	0	0	0.57
267900	0.57	0.42	0.42	0	0	0.57
268000	0.57	0.42	0.42	0	0	0.57
268100	0.57	0.42	0.42	0	0	0.57
268200	0.57	0.42	0.42	0	0	0.57
268300	0.57	0.42	0.42	0	0	0.57
268400	0.57	0.42	0.42	0	0	0.57
268500	0.57	0.42	0.42	0	0	0.57
268600	0.57	0.42	0.42	0	0	0.57
268700	0.57	0.42	0.42	0	0	0.57
268800	0.57	0.42	0.42	0	0	0.57
268900	0.57	0.42	0.42	0	0	0.57
269000	0.57	0.42	0.42	0	0	0.57
269100	0.57	0.42	0.42	0	0	0.57
269200	0.57	0.42	0.42	0	0	0.57
269300	0.58	0.42	0.42	0	0	0.58
269400	0.58	0.42	0.42	0	0	0.58
269500	0.58	0.42	0.42	0	0	0.58
269600	0.58	0.42	0.42	0	0	0.58
269700	0.58	0.42	0.42	0	0	0.58
269800	0.58	0.42	0.42	0	0	0.58
269900	0.58	0.42	0.42	0	0	0.58
270000	0.58	0.42	0.42	0	0	0.58
270100	0.58	0.42	0.42	0	0	0.58
270200	0.58	0.42	0.42	0	0	0.58
270300	0.58	0.42	0.42	0	0	0.58
270400	0.58	0.42	0.42	0	0	0.58
270500	0.58	0.42	0.42	0	0	0.58
270600	0.58	0.42	0.42	0	0	0.58
270700	0.58	0.42	0.42	0	0	0.58
270800	0.58	0.42	0.42	0	0	0.58
270900	0.58	0.42	0.42	0	0	0.58
271000	0.58	0.42	0.42	0	0	0.58
271100	0.58	0.42	0.42	0	0	0.58
271200	0.58	0.42	0.42	0	0	0.58
271300	0.58	0.42	0.42	0	0	0.58
271400	0.58	0.42	0.42	0	0	0.58
271500	0.58	0.42	0.42	0	0	0.58
271600	0.58	0.42	0.42	0	0	0.58
271700	0.57	0.42	0.42	0	0	0.57
271800	0.57	0.42	0.42	0	0	0.57
271900	0.57	0.42	0.42	0	0	0.57
272000	0.57	0.42	0.42	0	0	0.57
272100	0.57	0.42	0.42	0	0	0.57
272200	0.57	0.42	0.42	0	0	0.57
272300	0.57	0.42	0.42	0	0	0.57
272400	0.57	0.42	0.42	0	0	0.57
272500	0.57	0.42	0.42	0	0	0.57
272600	0.57	0.42	0.42	0	0	0.57
272700	0.57	0.42	0.42	0	0	0.57
272800	0.57	0.42	0.42	0	0	0.57
272900	0.57	0.42	0.42	0	0	0.57
273000	0.57	0.42	0.42	0	0	0.57
273100	0.57	0.42	0.42	0	0	0.57
273200	0.57	0.42	0.42	0	0	0.57
273300	0.57	0.42	0.42	0	0	0.57
273400	0.57	0.42	0.42	0	0	0.57
273500	0.57	0.42	0.42	0	0	0.57
273600	0.57	0.42	0.42	0	0	0.57
273700	0.57	0.42	0.42	0	0	0.57
273800	0.57	0.42	0.42	0	0	0.57
273900	0.57	0.42	0.42	0	0	0.57
274000	0.57	0.42	0.42	0	0	0.57
274100	0.57	0.42	0.42	0	0	0.57
274200	0.57	0.42	0.42	0	0	0.57
274300	0.57	0.42	0.42	0	0	0.57
274400	0.57	0.42	0.42	0	0	0.57
274500	0.57	0.42	0.42	0	0	0.57
274600	0.57	0.42	0.42	0	0	0.57
274700	0.57	0.42	0.42	0	0	0.57
274800	0.57	0.42	0.42	0	0	0.57
274900	0.57	0.42	0.42	0	0	0.57
275000	0.57	0.42	0.42	0	0	0.57
275100	0.57	0.42	0.42	0	0	0.57
275200	0.57	0.42	0.42	0	0	0.57
275300	0.57	0.42	0.42	0	0	0.57
275400	0.57	0.42	0.42	0	0	0.57
275500	0.57	0.42	0.42	0	0	0.57
275600	0.57	0.42	0.42	0	0	0.57
275700	0.57	0.42	0.42	0	0	0.57
275800	0.57	0.42	0.42	0	0	0.57
275900	0.57	0.42	0.42	0	0	0.57
276000	0.57	0.42	0.42	0	0	0.57
276100	0.57	0.42	0.42	0	0	0.57
276200	0.57	0.42	0.42	0	0	0.57
276300	0.57	0.42	0.42	0	0	0.57
276400	0.57	0.42	0.42	0	0	0.57
276500	0.57	0.42	0.42	0	0	0.57
276600	0.57	0.42	0.42	0	0	0.57
276700	0.57	0.42	0.42	0	0	0.57
276800	0.57	0.42	0.42	0	0	0.57
276900	0.57	0.42	0.42	0	0	0.57
277000	0.57	0.42	0.42	0	0	0.57
277100	0.57	0.42	0.42	0	0	0.57
277200	0.57	0.42	0.42	0	0	0.57
277300	0.57	0.42	0.42	0	0	0.57
277400	0.57	0.42	0.42	0	0	0.57
277500	0.57	0.42	0.42	0	0	0.57
277600	0.57	0.42	0.42	0	0	0.57
277700	0.57	0.42	0.42	0	0	0.57
277800	0.57	0.42	0.42	0	0	0.57
277900	0.57	0.42	0.42	0	0	0.57
278000	0.57	0.42	0.42	0	0	0.57
278100	0.57	0.42	0.42	0	0	0.57
278200	0.57	0.42	0.42	0	0	0.57
278300	0.57	0.42	0.42	0	0	0.57
278400	0.57	0.42	0.42	0	0	0.57
278500	0.57	0.42	0.42	0	0	0.57
278600	0.57	0.42	0.42	0	0	0.57
278700	0.57	0.42	0.42	0	0	0.57
278800	0.57	0.42	0.42	0	0	0.57
278900	0.57	0.42	0.42	0	0	0.57
279000	0.57	0.42	0.42	0	0	0.57
279100	0.57	0.42	0.42	0	0	0.57
279200	0.57	0.42	0.42	0	0	0.57
279300	0.57	0.42	0.42	0	0	0.57
279400	0.57	0.42	0.42	0	0	0.57
279500	0.57	0.42	0.42	0	0	0.57
279600	0.57	0.42	0.42	0	0	0.57
279700	0.57	0.42	0.42	0	0	0.57
279800	0.57	0.42	0.42	0	0	0.57
279900	0.57	0.42	0.42	0	0	0.57
280000	0.57	0.42	0.42	0	0	0.57
280100	0.57	0.42	0.42	0	0	0.57
280200	0.57	0.42	0.42	0	0	0.57
280300	0.57	0.42	0.42	0	0	0.57
280400	0.58	0.42	0.42	0	0	0.58
280500	0.58	0.42	0.42	0	0	0.58
280600	0.58	0.42	0.42	0	0	0.58
280700	0.58	0.42	0.42	0	0	0.58
280800	0.58	0.42	0.42	0	0	0.58
280900	0.58	0.42	0.42	0	0	0.58
281000	0.58	0.42	0.42	0	0	0.58
281100	0.58	0.42	0.42	0	0	0.58
281200	0.58	0.42	0.42	0	0	0.58
281300	0.58	0.42	0.42	0	0	0.58
281400	0.58	0.42	0.42	0	0	0.58
281500	0.58	0.42	0.42	0	0	0.58
281600	0.58	0.42	0.42	0	0	0.58
281700	0.58	0.42	0.42	0	0	0.58
281800	0.58	0.42	0.42	0	0	0.58
281900	0.58	0.42	0.42	0	0	0.58
282000	0.58	0.42	0.42	0	0	0.58
282100	0.58	0.42	0.42	0	0	0.58
282200	0.58	0.42	0.42	0	0	0.58
282300	0.58	0.42	0.42	0	0	0.58
282400	0.58	0.42	0.42	0	0	0.58
282500	0.58	0.42	0.42	0	0	0.58
282600	0.58	0.42	0.42	0	0	0.58
282700	0.58	0.42	0.42	0	0	0.58
282800	0.58	0.42	0.42	0	0	0.58
282900	0.58	0.42	0.42	0	0	0.58
283000	0.58	0.42	0.42	0	0	0.58
283100	0.58	0.42	0.42	0	0	0.58
283200	0.58	0.42	0.42	0	0	0.58
283300	0.58	0.42	0.42	0	0	0.58
283400	0.58	0.42	0.42	0	0	0.58
283500	0.58	0.42	0.42	0	0	0.58
283600	0.58	0.42	0.42	0	0	0.58
283700	0.58	0.42	0.42	0	0	0.58
283800	0.58	0.42	0.42	0	0	0.58
283900	0.58	0.42	0.42	0	0	0.58
284000	0.58	0.42	0.42	0	0	0.58
284100	0.58	0.42	0.42	0	0	0.58
284200	0.58	0.42	0.42	0	0	0.58
284300	0.58	0.42	0.42	0	0	0.58
284400	0.58	0.42	0.42	0	0	0.58
284500	0.58	0.42	0.42	0	0	0.58
284600	0.58	0.42	0.42	0	0	0.58
284700	0.58	0.42	0.42	0	0	0.58
284800	0.58	0.42	0.42	0	0	0.58
284900	0.58	0.42	0.42	0	0	0.58
285000	0.58	0.42	0.42	0	0	0.58
285100	0.58	0.42	0.42	0	0	0.58
285200	0.58	0.42	0.42	0	0	0.58
285300	0.58	0.42	0.42	0	0	0.58
285400	0.58	0.42	0.42	0	0	0.58
285500	0.58	0.42	0.42	0	0	0.58
285600	0.58	0.42	0.42	0	0	0.58
285700	0.58	0.42	0.42	0	0	0.58
285800	0.58	0.42	0.42	0	0	0.58
285900	0.58	0.42	0.42	0	0	0.58
286000	0.58	0.42	0.42	0	0	0.58
286100	0.58	0.42	0.42	0	0	0.58
286200	0.58	0.42	0.42	0	0	0.58
286300	0.58	0.42	0.42	0	0	0.58
286400	0.58	0.42	0.42	0	0	0.58
286500	0.58	0.42	0.42	0	0	0.58
286600	0.58	0.42	0.42	0	0	0.58
286700	0.58	0.42	0.42	0	0	0.58
286800	0.58	0.42	0.42	0	0	0.58
286900	0.58	0.42	0.42	0	0	0.58
287000	0.58	0.42	0.42	0	0	0.58
287100	0.58	0.42	0.42	0	0	0.58
287200	0.58	0.42	0.42	0	0	0.58
287300	0.58	0.42	0.42	0	0	0.58
287400	0.58	0.42	0.42	0	0	0.58
287500	0.58	0.42	0.42	0	0	0.58
287600	0.58	0.42	0.42	0	0	0.58
287700	0.58	0.42	0.42	0	0	0.58
287800	0.58	0.42	0.42	0	0	0.58
287900	0.58	0.42	0.42	0	0	0.58
288000	0.58	0.42	0.42	0	0	0.58
288100	0.58	0.42	0.42	0	0	0.58
288200	0.58	0.42	0.42	0	0	0.58
288300	0.58	0.42	0.42	0	0	0.58
288400	0.58	0.42	0.42	0	0	0.58
288500	0.58	0.42	0.42	0	0	0.58
288600	0.58	0.42	0.42	0	0	0.58
288700	0.58	0.42	0.42	0	0	0.58
288800	0.58	0.42	0.42	0	0	0.58
288900	0.58	0.42	0.42	0	0	0.58
289000	0.58	0.42	0.42	0	0	0.58
289100	0.58	0.42	0.42	0	0	0.58
289200	0.58	0.42	0.42	0	0	0.58
289300	0.58	0.42	0.42	0	0	0.58
289400	0.58	0.42	0.42	0	0	0.58
289500	0.58	0.42	0.42	0	0	0.58
289600	0.58	0.42	0.42	0	0	0.58
289700	0.58	0.42	0.42	0	0	0.58
289800	0.58	0.42	0.42	0	0	0.58
289900	0.58	0.42	0.42	0	0	0.58
290000	0.58	0.42	0.42	0	0	0.58
290100	0.58	0.42	0.42	0	0	0.58
290200	0.58	0.42	0.42	0	0	0.58
290300	0.58	0.42	0.42	0	0	0.58
290400	0.58	0.42	0.42	0	0	0.58
290500	0.58	0.42	0.42	0	0	0.58
290600	0.58	0.42	0.42	0	0	0.58
290700	0.58	0.42	0.42	0	0	0.58
290800	0.58	0.42	0.42	0	0	0.58
290900	0.58	0.42	0.42	0	0	0.58
291000	0.58	0.42	0.42	0	0	0.58
291100	0.58	0.42	0.42	0	0	0.58
291200	0.58	0.42	0.42	0	0	0.58
291300	0.58	0.42	0.42	0	0	0.58
291400	0.58	0.42	0.42	0	0	0.58
291500	0.58	0.42	0.42	0	0	0.58
291600	0.58	0.42	0.42	0	0	0.58
291700	0.58	0.42	0.42	0	0	0.58
291800	0.58	0.42	0.42	0	0	0.58
291900	0.58	0.42	0.42	0	0	0.58
292000	0.58	0.42	0.42	0	0	0.58
292100	0.58	0.42	0.42	0	0	0.58
292200	0.58	0.42	0.42	0	0	0.58
292300	0.58	0.42	0.42	0	0	0.58
292400	0.58	0.42	0.42	0	0	0.58
292500	0.58	0.42	0.42	0	0	0.58
292600	0.58	0.42	0.42	0	0	0.58
292700	0.58	0.42	0.42	0	0	0.58
292800	0.58	0.42	0.42	0	0	0.58
292900	0.58	0.42	0.42	0	0	0.58
293000	0.58	0.42	0.42	0	0	0.58
293100	0.58	0.42	0.42	0	0	0.58
293200	0.58	0.42	0.42	0	0	0.58
293300	0.58	0.42	0.42	0	0	0.58
293400	0.58	0.42	0.42	0	0	0.58
293500	0.58	0.42	0.42	0	0	0.58
293600	0.58	0.42	0.42	0	0	0.58
293700	0.58	0.42	0.42	0	0	0.58
293800	0.58	0.42	0.42	0	0	0.58
293900	0.58	0.42	0.42	0	0	0.58
294000	0.58	0.42	0.42	0	0	0.58
294100	0.58	0.42	0.42	0	0	0.58
294200	0.58	0.42	0.42	0	0	0.58
294300	0.58	0.42	0.42	0	0	0.58
294400	0.58	0.42	0.42	0	0	0.58
294500	0.58	0.42	0.42	0	0	0.58
294600	0.58	0.42	0.42	0	0	0.58
294700	0.58	0.42	0.42	0	0	0.58
294800	0.58	0.42	0.42	0	0	0.58
294900	0.58	0.42	0.42	0	0	0.58
295000	0.58	0.42	0.42	0	0	0.58
295100	0.58	0.42	0.42	0	0	0.58
295200	0.58	0.42	0.42	0	0	0.58
295300	0.58	0.42	0.42	0	0	0.58
295400	0.58	0.42	0.42	0	0	0.58
295500	0.58	0.42	0.42	0	0	0.58
295600	0.58	0.42	0.42	0	0	0.58
295700	0.58	0.42	0.42	0	0	0.58
295800	0.58	0.42	0.42	0	0	0.58
295900	0.58	0.42	0.42	0	0	0.58
296000	0.58	0.42	0.42	0	0	0.58
296100	0.58	0.42	0.42	0	0	0.58
296200	0.58	0.42	0.42	0	0	0.58
296300	0.58	0.42	0.42	0	0	0.58
296400	0.58	0.42	0.42	0	0	0.58
296500	0.58	0.42	0.42	0	0	0.58
296600	0.58	0.42	0.42	0	0	0.58
296700	0.58	0.42	0.42	0	0	0.58
296800	0.58	0.42	0.42	0	0	0.58
296900	0.58	0.42	0.42	0	0	0.58
297000	0.58	0.42	0.42	0	0	0.58
297100	0.58	0.42	0.42	0	0	0.58
297200	0.58	0.42	0.42	0	0	0.58
297300	0.58	0.42	0.42	0	0	0.58
297400	0.58	0.42	0.42	0	0	0.58
297500	0.58	0.42	0.42	0	0	0.58
297600	0.58	0.42	0.42	0	0	0.58
297700	0.58	0.42	0.42	0	0	0.58
297800	0.58	0.42	0.42	0	0	0.58
297900	0.58	0.42	0.42	0	0	0.58
298000	0.58	0.42	0.42	0	0	0.58
298100	0.58	0.42	0.42	0	0	0.58
298200	0.58	0.42	0.42	0	0	0.58
298300	0.58	0.42	0.42	0	0	0.58
298400	0.58	0.42	0.42	0	0	0.58
298500	0.58	0.42	0.42	0	0	0.58
298600	0.58	0.42	0.42	0	0	0.58
298700	0.58	0.42	0.42	0	0	0.58
298800	0.58	0.42	0.42	0	0	0.58
298900	0.58	0.42	0.42	0	0	0.58
299000	0.58	0.42	0.42	0	0	0.58
299100	0.58	0.42	0.42	0	0	0.58
299200	0.58	0.42	0.42	0	0	0.58
299300	0.58	0.42	0.42	0	0	0.58
299400	0.58	0.42	0.42	0	0	0.58
299500	0.58	0.42	0.42	0	0	0.58
299600	0.58	0.42	0.42	0	0	0.58
299700	0.58	0.42	0.42	0	0	0.58
299800	0.58	0.42	0.42	0	0	0.58
299900	0.58	0.42	0.42	0	0	0.58
300000	0.58	0.42	0.42	0	0	0.58
