100	0.05	0.09	0.09	0	0	0.05
200	0.08	0.11	0.11	0	0	0.08
300	0.07	0.12	0.12	0	0	0.07
400	0.07	0.1	0.1	0	0	0.07
500	0.07	0.07	0.07	0	0	0.07
600	0.05	0.05	0.05	0	0	0.05
700	0.03	0.03	0.03	0	0	0.03
800	0.02	0.01	0.01	0	0	0.02
900	0	0.01	0.01	0	0	0
1000	0.02	0.03	0.03	0	0	0.02
1100	0.03	0.02	0.02	0	0	0.03
1200	0.02	0.02	0.02	0	0	0.02
1300	0.04	0.02	0.02	0	0	0.04
1400	0.05	0.02	0.02	0	0	0.05
1500	0.03	0.02	0.02	0	0	0.03
1600	0.04	0.01	0.01	0	0	0.04
1700	0.04	0.01	0.01	0	0	0.04
1800	0.03	0.03	0.03	0	0	0.03
1900	0.02	0.04	0.04	0	0	0.02
2000	0	0.05	0.05	0	0	0
2100	0.01	0.05	0.05	0	0	0.01
2200	0.02	0.06	0.06	0	0	0.02
2300	0.01	0.06	0.06	0	0	0.01
2400	0.01	0.04	0.04	0	0	0.01
2500	0.02	0.04	0.04	0	0	0.02
2600	0.03	0.01	0.01	0	0	0.03
2700	0.03	0	0	0	0	0.03
2800	0.04	0.02	0.02	0	0	0.04
2900	0.07	0.03	0.03	0	0	0.07
3000	0.07	0.03	0.03	0	0	0.07
3100	0.08	0.03	0.03	0	0	0.08
3200	0.07	0.03	0.03	0	0	0.07
3300	0.08	0.02	0.02	0	0	0.08
3400	0.11	0.04	0.04	0	0	0.11
3500	0.09	0.05	0.05	0	0	0.09
3600	0.09	0.05	0.05	0	0	0.09
3700	0.09	0.05	0.05	0	0	0.09
3800	0.06	0.05	0.05	0	0	0.06
3900	0.08	0.03	0.03	0	0	0.08
4000	0.09	0.02	0.02	0	0	0.09
4100	0.07	0.01	0.01	0	0	0.07
4200	0.06	0.02	0.02	0	0	0.06
4300	0.07	0.03	0.03	0	0	0.07
4400	0.07	0.03	0.03	0	0	0.07
4500	0.06	0.03	0.03	0	0	0.06
4600	0.07	0.05	0.05	0	0	0.07
4700	0.09	0.04	0.04	0	0	0.09
4800	0.13	0.05	0.05	0	0	0.13
4900	0.13	0.05	0.05	0	0	0.13
5000	0.14	0.06	0.06	0	0	0.14
5100	0.12	0.07	0.07	0	0	0.12
5200	0.11	0.07	0.07	0	0	0.11
5300	0.1	0.09	0.09	0	0	0.1
5400	0.09	0.1	0.1	0	0	0.09
5500	0.11	0.08	0.08	0	0	0.11
5600	0.12	0.06	0.06	0	0	0.12
5700	0.13	0.05	0.05	0	0	0.13
5800	0.13	0.05	0.05	0	0	0.13
5900	0.13	0.07	0.07	0	0	0.13
6000	0.14	0.07	0.07	0	0	0.14
6100	0.14	0.04	0.04	0	0	0.14
6200	0.15	0.03	0.03	0	0	0.15
6300	0.16	0.01	0.01	0	0	0.16
6400	0.15	0	0	0	0	0.15
6500	0.18	0	0	0	0	0.18
6600	0.19	0	0	0	0	0.19
6700	0.19	0	0	0	0	0.19
6800	0.19	0.01	0.01	0	0	0.19
6900	0.2	0.03	0.03	0	0	0.2
7000	0.18	0.03	0.03	0	0	0.18
7100	0.18	0.04	0.04	0	0	0.18
7200	0.18	0	0	0	0	0.18
7300	0.18	0.01	0.01	0	0	0.18
7400	0.17	0.02	0.02	0	0	0.17
7500	0.17	0.03	0.03	0	0	0.17
7600	0.17	0.05	0.05	0	0	0.17
7700	0.18	0.06	0.06	0	0	0.18
7800	0.18	0.08	0.08	0	0	0.18
7900	0.19	0.08	0.08	0	0	0.19
8000	0.19	0.08	0.08	0	0	0.19
8100	0.21	0.07	0.07	0	0	0.21
8200	0.22	0.08	0.08	0	0	0.22
8300	0.22	0.04	0.04	0	0	0.22
8400	0.22	0.06	0.06	0	0	0.22
8500	0.2	0.06	0.06	0	0	0.2
8600	0.21	0.02	0.02	0	0	0.21
8700	0.22	0.01	0.01	0	0	0.22
8800	0.22	0.01	0.01	0	0	0.22
8900	0.22	0.03	0.03	0	0	0.22
9000	0.22	0.04	0.04	0	0	0.22
9100	0.24	0.03	0.03	0	0	0.24
9200	0.24	0.04	0.04	0	0	0.24
9300	0.26	0.05	0.05	0	0	0.26
9400	0.25	0.07	0.07	0	0	0.25
9500	0.25	0.07	0.07	0	0	0.25
9600	0.24	0.05	0.05	0	0	0.24
9700	0.24	0.06	0.06	0	0	0.24
9800	0.26	0.04	0.04	0	0	0.26
9900	0.25	0.04	0.04	0	0	0.25
10000	0.25	0.03	0.03	0	0	0.25
10100	0.26	0.03	0.03	0	0	0.26
10200	0.26	0.03	0.03	0	0	0.26
10300	0.27	0.02	0.02	0	0	0.27
10400	0.28	0.03	0.03	0	0	0.28
10500	0.28	0.03	0.03	0	0	0.28
10600	0.28	0.03	0.03	0	0	0.28
10700	0.29	0.05	0.05	0	0	0.29
10800	0.28	0.06	0.06	0	0	0.28
10900	0.28	0.04	0.04	0	0	0.28
11000	0.28	0.05	0.05	0	0	0.28
11100	0.28	0.06	0.06	0	0	0.28
11200	0.3	0.05	0.05	0	0	0.3
11300	0.3	0.07	0.07	0	0	0.3
11400	0.29	0.07	0.07	0	0	0.29
11500	0.3	0.06	0.06	0	0	0.3
11600	0.3	0.08	0.08	0	0	0.3
11700	0.3	0.08	0.08	0	0	0.3
11800	0.29	0.07	0.07	0	0	0.29
11900	0.28	0.08	0.08	0	0	0.28
12000	0.28	0.08	0.08	0	0	0.28
12100	0.3	0.08	0.08	0	0	0.3
12200	0.32	0.09	0.09	0	0	0.32
12300	0.32	0.11	0.11	0	0	0.32
12400	0.31	0.13	0.13	0	0	0.31
12500	0.3	0.12	0.12	0	0	0.3
12600	0.3	0.12	0.12	0	0	0.3
12700	0.3	0.15	0.15	0	0	0.3
12800	0.3	0.12	0.12	0	0	0.3
12900	0.31	0.1	0.1	0	0	0.31
13000	0.31	0.1	0.1	0	0	0.31
13100	0.31	0.08	0.08	0	0	0.31
13200	0.33	0.08	0.08	0	0	0.33
13300	0.36	0.1	0.1	0	0	0.36
13400	0.37	0.09	0.09	0	0	0.37
13500	0.37	0.07	0.07	0	0	0.37
13600	0.37	0.07	0.07	0	0	0.37
13700	0.37	0.07	0.07	0	0	0.37
13800	0.37	0.08	0.08	0	0	0.37
13900	0.38	0.07	0.07	0	0	0.38
14000	0.39	0.08	0.08	0	0	0.39
14100	0.39	0.07	0.07	0	0	0.39
14200	0.39	0.06	0.06	0	0	0.39
14300	0.39	0.06	0.06	0	0	0.39
14400	0.39	0.06	0.06	0	0	0.39
14500	0.39	0.05	0.05	0	0	0.39
14600	0.39	0.04	0.04	0	0	0.39
14700	0.4	0.04	0.04	0	0	0.4
14800	0.4	0.02	0.02	0	0	0.4
14900	0.41	0	0	0	0	0.41
15000	0.4	0.01	0.01	0	0	0.4
15100	0.4	0.01	0.01	0	0	0.4
15200	0.4	0.01	0.01	0	0	0.4
15300	0.4	0.01	0.01	0	0	0.4
15400	0.4	0.02	0.02	0	0	0.4
15500	0.4	0.03	0.03	0	0	0.4
15600	0.41	0.04	0.04	0	0	0.41
15700	0.41	0.07	0.07	0	0	0.41
15800	0.41	0.07	0.07	0	0	0.41
15900	0.41	0.06	0.06	0	0	0.41
16000	0.42	0.04	0.04	0	0	0.42
16100	0.43	0.04	0.04	0	0	0.43
16200	0.42	0.01	0.01	0	0	0.42
16300	0.42	0.01	0.01	0	0	0.42
16400	0.43	0	0	0	0	0.43
16500	0.44	0.03	0.03	0	0	0.44
16600	0.45	0.03	0.03	0	0	0.45
16700	0.45	0.01	0.01	0	0	0.45
16800	0.45	0.02	0.02	0	0	0.45
16900	0.46	0.04	0.04	0	0	0.46
17000	0.47	0.03	0.03	0	0	0.47
17100	0.48	0.03	0.03	0	0	0.48
17200	0.48	0.03	0.03	0	0	0.48
17300	0.48	0.03	0.03	0	0	0.48
17400	0.48	0.02	0.02	0	0	0.48
17500	0.48	0.02	0.02	0	0	0.48
17600	0.48	0.01	0.01	0	0	0.48
17700	0.48	0.01	0.01	0	0	0.48
17800	0.48	0.01	0.01	0	0	0.48
17900	0.48	0.03	0.03	0	0	0.48
18000	0.49	0.03	0.03	0	0	0.49
18100	0.49	0.03	0.03	0	0	0.49
18200	0.49	0.05	0.05	0	0	0.49
18300	0.49	0.04	0.04	0	0	0.49
18400	0.49	0.03	0.03	0	0	0.49
18500	0.49	0.02	0.02	0	0	0.49
18600	0.5	0.02	0.02	0	0	0.5
18700	0.5	0.05	0.05	0	0	0.5
18800	0.51	0.04	0.04	0	0	0.51
18900	0.52	0.04	0.04	0	0	0.52
19000	0.52	0.04	0.04	0	0	0.52
19100	0.52	0.02	0.02	0	0	0.52
19200	0.52	0.02	0.02	0	0	0.52
19300	0.52	0.01	0.01	0	0	0.52
19400	0.52	0.02	0.02	0	0	0.52
19500	0.52	0.02	0.02	0	0	0.52
19600	0.53	0.04	0.04	0	0	0.53
19700	0.53	0.01	0.01	0	0	0.53
19800	0.53	0.01	0.01	0	0	0.53
19900	0.53	0.01	0.01	0	0	0.53
20000	0.53	0.01	0.01	0	0	0.53
20100	0.52	0.02	0.02	0	0	0.52
20200	0.52	0.02	0.02	0	0	0.52
20300	0.52	0.01	0.01	0	0	0.52
20400	0.53	0.02	0.02	0	0	0.53
20500	0.53	0.03	0.03	0	0	0.53
20600	0.53	0.03	0.03	0	0	0.53
20700	0.53	0.03	0.03	0	0	0.53
20800	0.53	0.03	0.03	0	0	0.53
20900	0.54	0.02	0.02	0	0	0.54
21000	0.54	0.01	0.01	0	0	0.54
21100	0.55	0.01	0.01	0	0	0.55
21200	0.55	0.02	0.02	0	0	0.55
21300	0.55	0.02	0.02	0	0	0.55
21400	0.55	0.01	0.01	0	0	0.55
21500	0.55	0.02	0.02	0	0	0.55
21600	0.55	0.01	0.01	0	0	0.55
21700	0.55	0	0	0	0	0.55
21800	0.56	0	0	0	0	0.56
21900	0.56	0.01	0.01	0	0	0.56
22000	0.56	0.01	0.01	0	0	0.56
22100	0.57	0.01	0.01	0	0	0.57
22200	0.56	0.01	0.01	0	0	0.56
22300	0.55	0.01	0.01	0	0	0.55
22400	0.55	0.01	0.01	0	0	0.55
22500	0.55	0.01	0.01	0	0	0.55
22600	0.55	0.02	0.02	0	0	0.55
22700	0.55	0.02	0.02	0	0	0.55
22800	0.55	0.01	0.01	0	0	0.55
22900	0.56	0	0	0	0	0.56
23000	0.56	0	0	0	0	0.56
23100	0.56	0.01	0.01	0	0	0.56
23200	0.55	0.01	0.01	0	0	0.55
23300	0.55	0.02	0.02	0	0	0.55
23400	0.55	0.04	0.04	0	0	0.55
23500	0.56	0.04	0.04	0	0	0.56
23600	0.57	0.05	0.05	0	0	0.57
23700	0.57	0.05	0.05	0	0	0.57
23800	0.58	0.03	0.03	0	0	0.58
23900	0.58	0.03	0.03	0	0	0.58
24000	0.57	0.03	0.03	0	0	0.57
24100	0.57	0.01	0.01	0	0	0.57
24200	0.57	0	0	0	0	0.57
24300	0.57	0.01	0.01	0	0	0.57
24400	0.58	0.04	0.04	0	0	0.58
24500	0.58	0.04	0.04	0	0	0.58
24600	0.59	0.02	0.02	0	0	0.59
24700	0.6	0.02	0.02	0	0	0.6
24800	0.6	0.03	0.03	0	0	0.6
24900	0.6	0.03	0.03	0	0	0.6
25000	0.6	0.01	0.01	0	0	0.6
25100	0.61	0.01	0.01	0	0	0.61
25200	0.61	0	0	0	0	0.61
25300	0.61	0.02	0.02	0	0	0.61
25400	0.61	0.01	0.01	0	0	0.61
25500	0.61	0.02	0.02	0	0	0.61
25600	0.61	0.01	0.01	0	0	0.61
25700	0.61	0.02	0.02	0	0	0.61
25800	0.61	0.02	0.02	0	0	0.61
25900	0.61	0.02	0.02	0	0	0.61
26000	0.61	0.03	0.03	0	0	0.61
26100	0.61	0.02	0.02	0	0	0.61
26200	0.62	0.01	0.01	0	0	0.62
26300	0.62	0.01	0.01	0	0	0.62
26400	0.62	0.01	0.01	0	0	0.62
26500	0.62	0.02	0.02	0	0	0.62
26600	0.62	0.01	0.01	0	0	0.62
26700	0.61	0.01	0.01	0	0	0.61
26800	0.61	0.02	0.02	0	0	0.61
26900	0.61	0.02	0.02	0	0	0.61
27000	0.61	0.03	0.03	0	0	0.61
27100	0.61	0.02	0.02	0	0	0.61
27200	0.61	0.02	0.02	0	0	0.61
27300	0.6	0.01	0.01	0	0	0.6
27400	0.61	0	0	0	0	0.61
27500	0.61	0.01	0.01	0	0	0.61
27600	0.6	0.02	0.02	0	0	0.6
27700	0.6	0.02	0.02	0	0	0.6
27800	0.61	0.01	0.01	0	0	0.61
27900	0.61	0	0	0	0	0.61
28000	0.61	0	0	0	0	0.61
28100	0.6	0.01	0.01	0	0	0.6
28200	0.61	0.01	0.01	0	0	0.61
28300	0.63	0.01	0.01	0	0	0.63
28400	0.63	0.01	0.01	0	0	0.63
28500	0.62	0.01	0.01	0	0	0.62
28600	0.62	0.02	0.02	0	0	0.62
28700	0.62	0.02	0.02	0	0	0.62
28800	0.62	0.01	0.01	0	0	0.62
28900	0.64	0.01	0.01	0	0	0.64
29000	0.64	0.01	0.01	0	0	0.64
29100	0.64	0.01	0.01	0	0	0.64
29200	0.64	0.01	0.01	0	0	0.64
29300	0.65	0	0	0	0	0.65
29400	0.65	0.01	0.01	0	0	0.65
29500	0.65	0.01	0.01	0	0	0.65
29600	0.65	0.02	0.02	0	0	0.65
29700	0.65	0.02	0.02	0	0	0.65
29800	0.65	0.01	0.01	0	0	0.65
29900	0.65	0.02	0.02	0	0	0.65
30000	0.65	0.02	0.02	0	0	0.65
30100	0.65	0.02	0.02	0	0	0.65
30200	0.66	0.02	0.02	0	0	0.66
30300	0.66	0.02	0.02	0	0	0.66
30400	0.66	0	0	0	0	0.66
30500	0.66	0	0	0	0	0.66
30600	0.66	0	0	0	0	0.66
30700	0.66	0	0	0	0	0.66
30800	0.66	0	0	0	0	0.66
30900	0.66	0	0	0	0	0.66
31000	0.66	0.01	0.01	0	0	0.66
31100	0.66	0.02	0.02	0	0	0.66
31200	0.67	0.03	0.03	0	0	0.67
31300	0.67	0.05	0.05	0	0	0.67
31400	0.68	0.03	0.03	0	0	0.68
31500	0.69	0.03	0.03	0	0	0.69
31600	0.69	0.02	0.02	0	0	0.69
31700	0.69	0.01	0.01	0	0	0.69
31800	0.69	0.01	0.01	0	0	0.69
31900	0.67	0.01	0.01	0	0	0.67
32000	0.67	0.04	0.04	0	0	0.67
32100	0.67	0.05	0.05	0	0	0.67
32200	0.67	0.04	0.04	0	0	0.67
32300	0.68	0.04	0.04	0	0	0.68
32400	0.69	0.04	0.04	0	0	0.69
32500	0.69	0.03	0.03	0	0	0.69
32600	0.69	0.01	0.01	0	0	0.69
32700	0.69	0.01	0.01	0	0	0.69
32800	0.7	0.01	0.01	0	0	0.7
32900	0.7	0.01	0.01	0	0	0.7
33000	0.7	0.02	0.02	0	0	0.7
33100	0.7	0.02	0.02	0	0	0.7
33200	0.7	0.01	0.01	0	0	0.7
33300	0.7	0.01	0.01	0	0	0.7
33400	0.7	0.01	0.01	0	0	0.7
33500	0.7	0.02	0.02	0	0	0.7
33600	0.7	0.02	0.02	0	0	0.7
33700	0.71	0.02	0.02	0	0	0.71
33800	0.72	0.01	0.01	0	0	0.72
33900	0.72	0.02	0.02	0	0	0.72
34000	0.72	0.01	0.01	0	0	0.72
34100	0.72	0.01	0.01	0	0	0.72
34200	0.72	0.02	0.02	0	0	0.72
34300	0.72	0.02	0.02	0	0	0.72
34400	0.72	0.01	0.01	0	0	0.72
34500	0.72	0.03	0.03	0	0	0.72
34600	0.72	0.02	0.02	0	0	0.72
34700	0.72	0.01	0.01	0	0	0.72
34800	0.72	0.01	0.01	0	0	0.72
34900	0.73	0.01	0.01	0	0	0.73
35000	0.73	0.02	0.02	0	0	0.73
35100	0.73	0.02	0.02	0	0	0.73
35200	0.73	0.02	0.02	0	0	0.73
35300	0.73	0.01	0.01	0	0	0.73
35400	0.73	0.02	0.02	0	0	0.73
35500	0.73	0.01	0.01	0	0	0.73
35600	0.73	0.01	0.01	0	0	0.73
35700	0.73	0	0	0	0	0.73
35800	0.73	0.03	0.03	0	0	0.73
35900	0.74	0.03	0.03	0	0	0.74
36000	0.74	0.04	0.04	0	0	0.74
36100	0.75	0.05	0.05	0	0	0.75
36200	0.75	0.05	0.05	0	0	0.75
36300	0.75	0.02	0.02	0	0	0.75
36400	0.74	0.02	0.02	0	0	0.74
36500	0.74	0.01	0.01	0	0	0.74
36600	0.74	0.01	0.01	0	0	0.74
36700	0.74	0.01	0.01	0	0	0.74
36800	0.74	0.02	0.02	0	0	0.74
36900	0.74	0.02	0.02	0	0	0.74
37000	0.74	0	0	0	0	0.74
37100	0.74	0	0	0	0	0.74
37200	0.75	0	0	0	0	0.75
37300	0.75	0	0	0	0	0.75
37400	0.75	0	0	0	0	0.75
37500	0.75	0.01	0.01	0	0	0.75
37600	0.75	0.01	0.01	0	0	0.75
37700	0.75	0.01	0.01	0	0	0.75
37800	0.75	0	0	0	0	0.75
37900	0.76	0	0	0	0	0.76
38000	0.76	0.01	0.01	0	0	0.76
38100	0.76	0.03	0.03	0	0	0.76
38200	0.76	0.04	0.04	0	0	0.76
38300	0.76	0.04	0.04	0	0	0.76
38400	0.76	0.03	0.03	0	0	0.76
38500	0.76	0.03	0.03	0	0	0.76
38600	0.76	0.02	0.02	0	0	0.76
38700	0.76	0.01	0.01	0	0	0.76
38800	0.76	0	0	0	0	0.76
38900	0.76	0	0	0	0	0.76
39000	0.76	0.01	0.01	0	0	0.76
39100	0.76	0.01	0.01	0	0	0.76
39200	0.76	0.01	0.01	0	0	0.76
39300	0.76	0.02	0.02	0	0	0.76
39400	0.76	0.02	0.02	0	0	0.76
39500	0.76	0.02	0.02	0	0	0.76
39600	0.76	0.01	0.01	0	0	0.76
39700	0.76	0.01	0.01	0	0	0.76
39800	0.76	0.01	0.01	0	0	0.76
39900	0.76	0	0	0	0	0.76
40000	0.76	0	0	0	0	0.76
40100	0.76	0	0	0	0	0.76
40200	0.76	0	0	0	0	0.76
40300	0.76	0	0	0	0	0.76
40400	0.76	0.01	0.01	0	0	0.76
40500	0.76	0.01	0.01	0	0	0.76
40600	0.76	0.01	0.01	0	0	0.76
40700	0.77	0.01	0.01	0	0	0.77
40800	0.77	0.01	0.01	0	0	0.77
40900	0.77	0.01	0.01	0	0	0.77
41000	0.78	0.01	0.01	0	0	0.78
41100	0.78	0.02	0.02	0	0	0.78
41200	0.78	0.01	0.01	0	0	0.78
41300	0.78	0.01	0.01	0	0	0.78
41400	0.78	0.01	0.01	0	0	0.78
41500	0.78	0	0	0	0	0.78
41600	0.78	0.01	0.01	0	0	0.78
41700	0.78	0.01	0.01	0	0	0.78
41800	0.78	0.01	0.01	0	0	0.78
41900	0.78	0.01	0.01	0	0	0.78
42000	0.78	0.02	0.02	0	0	0.78
42100	0.78	0.03	0.03	0	0	0.78
42200	0.8	0.01	0.01	0	0	0.8
42300	0.8	0.01	0.01	0	0	0.8
42400	0.8	0.01	0.01	0	0	0.8
42500	0.8	0.01	0.01	0	0	0.8
42600	0.81	0.01	0.01	0	0	0.81
42700	0.81	0.02	0.02	0	0	0.81
42800	0.82	0.04	0.04	0	0	0.82
42900	0.81	0.04	0.04	0	0	0.81
43000	0.81	0.03	0.03	0	0	0.81
43100	0.81	0.03	0.03	0	0	0.81
43200	0.81	0.01	0.01	0	0	0.81
43300	0.81	0.01	0.01	0	0	0.81
43400	0.81	0	0	0	0	0.81
43500	0.81	0.01	0.01	0	0	0.81
43600	0.81	0.01	0.01	0	0	0.81
43700	0.82	0.01	0.01	0	0	0.82
43800	0.82	0.01	0.01	0	0	0.82
43900	0.82	0.01	0.01	0	0	0.82
44000	0.82	0.01	0.01	0	0	0.82
44100	0.82	0.01	0.01	0	0	0.82
44200	0.82	0.01	0.01	0	0	0.82
44300	0.82	0.01	0.01	0	0	0.82
44400	0.82	0.01	0.01	0	0	0.82
44500	0.82	0.01	0.01	0	0	0.82
44600	0.82	0.01	0.01	0	0	0.82
44700	0.82	0.01	0.01	0	0	0.82
44800	0.82	0.01	0.01	0	0	0.82
44900	0.82	0.01	0.01	0	0	0.82
45000	0.82	0.01	0.01	0	0	0.82
45100	0.82	0.01	0.01	0	0	0.82
45200	0.82	0.01	0.01	0	0	0.82
45300	0.82	0.01	0.01	0	0	0.82
45400	0.82	0.02	0.02	0	0	0.82
45500	0.82	0.02	0.02	0	0	0.82
45600	0.82	0.01	0.01	0	0	0.82
45700	0.82	0.02	0.02	0	0	0.82
45800	0.82	0.03	0.03	0	0	0.82
45900	0.82	0.03	0.03	0	0	0.82
46000	0.82	0.02	0.02	0	0	0.82
46100	0.82	0.01	0.01	0	0	0.82
46200	0.82	0.01	0.01	0	0	0.82
46300	0.82	0.01	0.01	0	0	0.82
46400	0.82	0	0	0	0	0.82
46500	0.82	0	0	0	0	0.82
46600	0.82	0.01	0.01	0	0	0.82
46700	0.82	0.01	0.01	0	0	0.82
46800	0.82	0.01	0.01	0	0	0.82
46900	0.82	0.02	0.02	0	0	0.82
47000	0.82	0.02	0.02	0	0	0.82
47100	0.82	0.01	0.01	0	0	0.82
47200	0.82	0.01	0.01	0	0	0.82
47300	0.82	0.01	0.01	0	0	0.82
47400	0.82	0	0	0	0	0.82
47500	0.82	0	0	0	0	0.82
47600	0.82	0	0	0	0	0.82
47700	0.82	0	0	0	0	0.82
47800	0.82	0	0	0	0	0.82
47900	0.82	0	0	0	0	0.82
48000	0.82	0.02	0.02	0	0	0.82
48100	0.82	0.03	0.03	0	0	0.82
48200	0.82	0.02	0.02	0	0	0.82
48300	0.82	0.02	0.02	0	0	0.82
48400	0.82	0.02	0.02	0	0	0.82
48500	0.82	0.01	0.01	0	0	0.82
48600	0.82	0.01	0.01	0	0	0.82
48700	0.82	0.01	0.01	0	0	0.82
48800	0.82	0.01	0.01	0	0	0.82
48900	0.82	0.01	0.01	0	0	0.82
49000	0.82	0.01	0.01	0	0	0.82
49100	0.82	0.01	0.01	0	0	0.82
49200	0.82	0	0	0	0	0.82
49300	0.83	0	0	0	0	0.83
49400	0.83	0	0	0	0	0.83
49500	0.83	0	0	0	0	0.83
49600	0.83	0	0	0	0	0.83
49700	0.83	0	0	0	0	0.83
49800	0.83	0	0	0	0	0.83
49900	0.83	0	0	0	0	0.83
50000	0.83	0	0	0	0	0.83
50100	0.83	0	0	0	0	0.83
50200	0.83	0	0	0	0	0.83
50300	0.83	0	0	0	0	0.83
50400	0.83	0.02	0.02	0	0	0.83
50500	0.83	0.02	0.02	0	0	0.83
50600	0.83	0.02	0.02	0	0	0.83
50700	0.83	0.05	0.05	0	0	0.83
50800	0.83	0.02	0.02	0	0	0.83
50900	0.83	0.01	0.01	0	0	0.83
51000	0.83	0.01	0.01	0	0	0.83
51100	0.83	0.01	0.01	0	0	0.83
51200	0.83	0	0	0	0	0.83
51300	0.83	0	0	0	0	0.83
51400	0.83	0	0	0	0	0.83
51500	0.83	0	0	0	0	0.83
51600	0.83	0	0	0	0	0.83
51700	0.83	0	0	0	0	0.83
51800	0.83	0	0	0	0	0.83
51900	0.83	0	0	0	0	0.83
52000	0.83	0	0	0	0	0.83
52100	0.83	0	0	0	0	0.83
52200	0.83	0	0	0	0	0.83
52300	0.83	0	0	0	0	0.83
52400	0.83	0	0	0	0	0.83
52500	0.83	0	0	0	0	0.83
52600	0.83	0	0	0	0	0.83
52700	0.83	0	0	0	0	0.83
52800	0.83	0	0	0	0	0.83
52900	0.83	0	0	0	0	0.83
53000	0.83	0	0	0	0	0.83
53100	0.83	0.01	0.01	0	0	0.83
53200	0.83	0.01	0.01	0	0	0.83
53300	0.83	0.01	0.01	0	0	0.83
53400	0.83	0.01	0.01	0	0	0.83
53500	0.83	0.01	0.01	0	0	0.83
53600	0.83	0.01	0.01	0	0	0.83
53700	0.83	0.01	0.01	0	0	0.83
53800	0.83	0.02	0.02	0	0	0.83
53900	0.83	0.02	0.02	0	0	0.83
54000	0.83	0.02	0.02	0	0	0.83
54100	0.83	0.03	0.03	0	0	0.83
54200	0.83	0.02	0.02	0	0	0.83
54300	0.83	0.01	0.01	0	0	0.83
54400	0.83	0.01	0.01	0	0	0.83
54500	0.83	0	0	0	0	0.83
54600	0.83	0	0	0	0	0.83
54700	0.83	0	0	0	0	0.83
54800	0.83	0	0	0	0	0.83
54900	0.83	0	0	0	0	0.83
55000	0.83	0	0	0	0	0.83
55100	0.83	0	0	0	0	0.83
55200	0.83	0	0	0	0	0.83
55300	0.83	0	0	0	0	0.83
55400	0.83	0.01	0.01	0	0	0.83
55500	0.83	0	0	0	0	0.83
55600	0.83	0	0	0	0	0.83
55700	0.83	0	0	0	0	0.83
55800	0.83	0.01	0.01	0	0	0.83
55900	0.83	0.02	0.02	0	0	0.83
56000	0.83	0.02	0.02	0	0	0.83
56100	0.83	0.03	0.03	0	0	0.83
56200	0.83	0.03	0.03	0	0	0.83
56300	0.83	0.04	0.04	0	0	0.83
56400	0.83	0.03	0.03	0	0	0.83
56500	0.83	0.03	0.03	0	0	0.83
56600	0.83	0.03	0.03	0	0	0.83
56700	0.83	0.02	0.02	0	0	0.83
56800	0.83	0.01	0.01	0	0	0.83
56900	0.83	0	0	0	0	0.83
57000	0.83	0	0	0	0	0.83
57100	0.83	0.01	0.01	0	0	0.83
57200	0.83	0.01	0.01	0	0	0.83
57300	0.83	0.01	0.01	0	0	0.83
57400	0.83	0.02	0.02	0	0	0.83
57500	0.83	0.02	0.02	0	0	0.83
57600	0.83	0.02	0.02	0	0	0.83
57700	0.83	0.01	0.01	0	0	0.83
57800	0.83	0.01	0.01	0	0	0.83
57900	0.83	0.01	0.01	0	0	0.83
58000	0.83	0	0	0	0	0.83
58100	0.83	0.01	0.01	0	0	0.83
58200	0.83	0	0	0	0	0.83
58300	0.83	0	0	0	0	0.83
58400	0.83	0	0	0	0	0.83
58500	0.83	0	0	0	0	0.83
58600	0.83	0	0	0	0	0.83
58700	0.83	0	0	0	0	0.83
58800	0.83	0	0	0	0	0.83
58900	0.83	0	0	0	0	0.83
59000	0.83	0	0	0	0	0.83
59100	0.83	0.01	0.01	0	0	0.83
59200	0.83	0.01	0.01	0	0	0.83
59300	0.83	0.02	0.02	0	0	0.83
59400	0.83	0.01	0.01	0	0	0.83
59500	0.83	0.01	0.01	0	0	0.83
59600	0.83	0	0	0	0	0.83
59700	0.83	0	0	0	0	0.83
59800	0.82	0	0	0	0	0.82
59900	0.82	0	0	0	0	0.82
60000	0.82	0.01	0.01	0	0	0.82
60100	0.82	0.01	0.01	0	0	0.82
60200	0.82	0.01	0.01	0	0	0.82
60300	0.82	0.01	0.01	0	0	0.82
60400	0.82	0.02	0.02	0	0	0.82
60500	0.82	0.02	0.02	0	0	0.82
60600	0.82	0.01	0.01	0	0	0.82
60700	0.82	0.02	0.02	0	0	0.82
60800	0.82	0.02	0.02	0	0	0.82
60900	0.82	0.02	0.02	0	0	0.82
61000	0.82	0.01	0.01	0	0	0.82
61100	0.82	0.01	0.01	0	0	0.82
61200	0.82	0	0	0	0	0.82
61300	0.82	0.01	0.01	0	0	0.82
61400	0.82	0.01	0.01	0	0	0.82
61500	0.82	0.01	0.01	0	0	0.82
61600	0.82	0.01	0.01	0	0	0.82
61700	0.82	0.01	0.01	0	0	0.82
61800	0.82	0.02	0.02	0	0	0.82
61900	0.82	0.03	0.03	0	0	0.82
62000	0.82	0.02	0.02	0	0	0.82
62100	0.82	0.02	0.02	0	0	0.82
62200	0.82	0.03	0.03	0	0	0.82
62300	0.82	0.02	0.02	0	0	0.82
62400	0.82	0.02	0.02	0	0	0.82
62500	0.82	0	0	0	0	0.82
62600	0.82	0	0	0	0	0.82
62700	0.82	0.01	0.01	0	0	0.82
62800	0.82	0.01	0.01	0	0	0.82
62900	0.82	0.02	0.02	0	0	0.82
63000	0.82	0.02	0.02	0	0	0.82
63100	0.82	0.02	0.02	0	0	0.82
63200	0.82	0.01	0.01	0	0	0.82
63300	0.82	0.01	0.01	0	0	0.82
63400	0.82	0	0	0	0	0.82
63500	0.82	0	0	0	0	0.82
63600	0.82	0	0	0	0	0.82
63700	0.82	0.01	0.01	0	0	0.82
63800	0.82	0.01	0.01	0	0	0.82
63900	0.82	0	0	0	0	0.82
64000	0.82	0	0	0	0	0.82
64100	0.82	0	0	0	0	0.82
64200	0.82	0	0	0	0	0.82
64300	0.82	0	0	0	0	0.82
64400	0.82	0.01	0.01	0	0	0.82
64500	0.82	0.01	0.01	0	0	0.82
64600	0.82	0.01	0.01	0	0	0.82
64700	0.82	0.02	0.02	0	0	0.82
64800	0.82	0.02	0.02	0	0	0.82
64900	0.82	0.02	0.02	0	0	0.82
65000	0.82	0.01	0.01	0	0	0.82
65100	0.82	0.01	0.01	0	0	0.82
65200	0.82	0.01	0.01	0	0	0.82
65300	0.82	0	0	0	0	0.82
65400	0.82	0	0	0	0	0.82
65500	0.82	0	0	0	0	0.82
65600	0.82	0.01	0.01	0	0	0.82
65700	0.82	0.01	0.01	0	0	0.82
65800	0.82	0.01	0.01	0	0	0.82
65900	0.82	0.03	0.03	0	0	0.82
66000	0.82	0.03	0.03	0	0	0.82
66100	0.82	0.03	0.03	0	0	0.82
66200	0.82	0.02	0.02	0	0	0.82
66300	0.82	0.02	0.02	0	0	0.82
66400	0.82	0.02	0.02	0	0	0.82
66500	0.82	0.01	0.01	0	0	0.82
66600	0.82	0.01	0.01	0	0	0.82
66700	0.82	0.01	0.01	0	0	0.82
66800	0.82	0.01	0.01	0	0	0.82
66900	0.82	0.01	0.01	0	0	0.82
67000	0.82	0.02	0.02	0	0	0.82
67100	0.82	0.02	0.02	0	0	0.82
67200	0.82	0.01	0.01	0	0	0.82
67300	0.82	0.01	0.01	0	0	0.82
67400	0.82	0.01	0.01	0	0	0.82
67500	0.82	0.02	0.02	0	0	0.82
67600	0.82	0.02	0.02	0	0	0.82
67700	0.82	0.02	0.02	0	0	0.82
67800	0.82	0.03	0.03	0	0	0.82
67900	0.82	0.02	0.02	0	0	0.82
68000	0.82	0.02	0.02	0	0	0.82
68100	0.82	0.02	0.02	0	0	0.82
68200	0.82	0.02	0.02	0	0	0.82
68300	0.82	0	0	0	0	0.82
68400	0.82	0	0	0	0	0.82
68500	0.82	0	0	0	0	0.82
68600	0.82	0	0	0	0	0.82
68700	0.82	0	0	0	0	0.82
68800	0.82	0.01	0.01	0	0	0.82
68900	0.82	0.01	0.01	0	0	0.82
69000	0.82	0.01	0.01	0	0	0.82
69100	0.82	0.01	0.01	0	0	0.82
69200	0.82	0.01	0.01	0	0	0.82
69300	0.82	0	0	0	0	0.82
69400	0.82	0	0	0	0	0.82
69500	0.82	0	0	0	0	0.82
69600	0.82	0	0	0	0	0.82
69700	0.82	0	0	0	0	0.82
69800	0.82	0	0	0	0	0.82
69900	0.82	0.01	0.01	0	0	0.82
70000	0.82	0.01	0.01	0	0	0.82
70100	0.82	0.02	0.02	0	0	0.82
70200	0.82	0.03	0.03	0	0	0.82
70300	0.82	0.03	0.03	0	0	0.82
70400	0.82	0.03	0.03	0	0	0.82
70500	0.82	0.03	0.03	0	0	0.82
70600	0.82	0.02	0.02	0	0	0.82
70700	0.82	0	0	0	0	0.82
70800	0.82	0.01	0.01	0	0	0.82
70900	0.82	0.01	0.01	0	0	0.82
71000	0.82	0	0	0	0	0.82
71100	0.82	0.01	0.01	0	0	0.82
71200	0.82	0.01	0.01	0	0	0.82
71300	0.83	0.01	0.01	0	0	0.83
71400	0.83	0.02	0.02	0	0	0.83
71500	0.83	0	0	0	0	0.83
71600	0.83	0	0	0	0	0.83
71700	0.83	0	0	0	0	0.83
71800	0.83	0	0	0	0	0.83
71900	0.83	0.01	0.01	0	0	0.83
72000	0.83	0.01	0.01	0	0	0.83
72100	0.83	0	0	0	0	0.83
72200	0.83	0.01	0.01	0	0	0.83
72300	0.83	0.02	0.02	0	0	0.83
72400	0.83	0	0	0	0	0.83
72500	0.83	0	0	0	0	0.83
72600	0.83	0.01	0.01	0	0	0.83
72700	0.83	0.03	0.03	0	0	0.83
72800	0.83	0.03	0.03	0	0	0.83
72900	0.83	0.03	0.03	0	0	0.83
73000	0.83	0.03	0.03	0	0	0.83
73100	0.83	0.03	0.03	0	0	0.83
73200	0.83	0.02	0.02	0	0	0.83
73300	0.83	0	0	0	0	0.83
73400	0.83	0	0	0	0	0.83
73500	0.83	0	0	0	0	0.83
73600	0.83	0	0	0	0	0.83
73700	0.83	0	0	0	0	0.83
73800	0.83	0	0	0	0	0.83
73900	0.82	0	0	0	0	0.82
74000	0.82	0.01	0.01	0	0	0.82
74100	0.82	0.01	0.01	0	0	0.82
74200	0.82	0.01	0.01	0	0	0.82
74300	0.82	0.01	0.01	0	0	0.82
74400	0.82	0.01	0.01	0	0	0.82
74500	0.82	0.01	0.01	0	0	0.82
74600	0.82	0	0	0	0	0.82
74700	0.82	0	0	0	0	0.82
74800	0.82	0	0	0	0	0.82
74900	0.82	0	0	0	0	0.82
75000	0.82	0	0	0	0	0.82
75100	0.82	0	0	0	0	0.82
75200	0.82	0	0	0	0	0.82
75300	0.82	0	0	0	0	0.82
75400	0.82	0	0	0	0	0.82
75500	0.82	0.01	0.01	0	0	0.82
75600	0.82	0.02	0.02	0	0	0.82
75700	0.82	0.01	0.01	0	0	0.82
75800	0.82	0.01	0.01	0	0	0.82
75900	0.82	0.01	0.01	0	0	0.82
76000	0.83	0.02	0.02	0	0	0.83
76100	0.83	0.01	0.01	0	0	0.83
76200	0.83	0.01	0.01	0	0	0.83
76300	0.83	0.01	0.01	0	0	0.83
76400	0.83	0.01	0.01	0	0	0.83
76500	0.83	0.01	0.01	0	0	0.83
76600	0.83	0	0	0	0	0.83
76700	0.83	0	0	0	0	0.83
76800	0.83	0	0	0	0	0.83
76900	0.83	0.01	0.01	0	0	0.83
77000	0.83	0.01	0.01	0	0	0.83
77100	0.83	0.01	0.01	0	0	0.83
77200	0.83	0	0	0	0	0.83
77300	0.83	0	0	0	0	0.83
77400	0.83	0	0	0	0	0.83
77500	0.83	0.01	0.01	0	0	0.83
77600	0.83	0.01	0.01	0	0	0.83
77700	0.83	0.01	0.01	0	0	0.83
77800	0.83	0.01	0.01	0	0	0.83
77900	0.83	0.01	0.01	0	0	0.83
78000	0.83	0.01	0.01	0	0	0.83
78100	0.83	0.01	0.01	0	0	0.83
78200	0.83	0.01	0.01	0	0	0.83
78300	0.83	0.02	0.02	0	0	0.83
78400	0.83	0.02	0.02	0	0	0.83
78500	0.83	0.02	0.02	0	0	0.83
78600	0.83	0.03	0.03	0	0	0.83
78700	0.83	0.02	0.02	0	0	0.83
78800	0.83	0.01	0.01	0	0	0.83
78900	0.83	0	0	0	0	0.83
79000	0.83	0	0	0	0	0.83
79100	0.83	0	0	0	0	0.83
79200	0.83	0.01	0.01	0	0	0.83
79300	0.83	0.01	0.01	0	0	0.83
79400	0.83	0.01	0.01	0	0	0.83
79500	0.83	0	0	0	0	0.83
79600	0.83	0	0	0	0	0.83
79700	0.83	0.01	0.01	0	0	0.83
79800	0.83	0.01	0.01	0	0	0.83
79900	0.83	0.01	0.01	0	0	0.83
80000	0.83	0.01	0.01	0	0	0.83
80100	0.83	0.02	0.02	0	0	0.83
80200	0.83	0.02	0.02	0	0	0.83
80300	0.82	0.01	0.01	0	0	0.82
80400	0.82	0.01	0.01	0	0	0.82
80500	0.82	0.02	0.02	0	0	0.82
80600	0.82	0.02	0.02	0	0	0.82
80700	0.82	0.01	0.01	0	0	0.82
80800	0.82	0	0	0	0	0.82
80900	0.82	0	0	0	0	0.82
81000	0.82	0	0	0	0	0.82
81100	0.82	0	0	0	0	0.82
81200	0.82	0	0	0	0	0.82
81300	0.82	0	0	0	0	0.82
81400	0.82	0.01	0.01	0	0	0.82
81500	0.82	0.01	0.01	0	0	0.82
81600	0.83	0.01	0.01	0	0	0.83
81700	0.82	0	0	0	0	0.82
81800	0.82	0	0	0	0	0.82
81900	0.82	0	0	0	0	0.82
82000	0.82	0	0	0	0	0.82
82100	0.82	0	0	0	0	0.82
82200	0.82	0	0	0	0	0.82
82300	0.82	0.01	0.01	0	0	0.82
82400	0.82	0.01	0.01	0	0	0.82
82500	0.82	0.01	0.01	0	0	0.82
82600	0.82	0.01	0.01	0	0	0.82
82700	0.82	0	0	0	0	0.82
82800	0.82	0.01	0.01	0	0	0.82
82900	0.82	0.03	0.03	0	0	0.82
83000	0.82	0.01	0.01	0	0	0.82
83100	0.82	0	0	0	0	0.82
83200	0.82	0	0	0	0	0.82
83300	0.82	0	0	0	0	0.82
83400	0.82	0	0	0	0	0.82
83500	0.82	0	0	0	0	0.82
83600	0.83	0	0	0	0	0.83
83700	0.83	0.01	0.01	0	0	0.83
83800	0.83	0.01	0.01	0	0	0.83
83900	0.83	0.01	0.01	0	0	0.83
84000	0.83	0.01	0.01	0	0	0.83
84100	0.83	0.03	0.03	0	0	0.83
84200	0.83	0.03	0.03	0	0	0.83
84300	0.83	0.02	0.02	0	0	0.83
84400	0.83	0.02	0.02	0	0	0.83
84500	0.83	0.01	0.01	0	0	0.83
84600	0.83	0	0	0	0	0.83
84700	0.83	0	0	0	0	0.83
84800	0.83	0	0	0	0	0.83
84900	0.83	0	0	0	0	0.83
85000	0.83	0	0	0	0	0.83
85100	0.83	0	0	0	0	0.83
85200	0.83	0	0	0	0	0.83
85300	0.83	0	0	0	0	0.83
85400	0.83	0	0	0	0	0.83
85500	0.83	0	0	0	0	0.83
85600	0.83	0	0	0	0	0.83
85700	0.83	0	0	0	0	0.83
85800	0.83	0.01	0.01	0	0	0.83
85900	0.83	0.01	0.01	0	0	0.83
86000	0.84	0.01	0.01	0	0	0.84
86100	0.84	0.01	0.01	0	0	0.84
86200	0.84	0.01	0.01	0	0	0.84
86300	0.84	0.01	0.01	0	0	0.84
86400	0.84	0	0	0	0	0.84
86500	0.84	0	0	0	0	0.84
86600	0.84	0	0	0	0	0.84
86700	0.84	0	0	0	0	0.84
86800	0.84	0	0	0	0	0.84
86900	0.84	0.01	0.01	0	0	0.84
87000	0.84	0.01	0.01	0	0	0.84
87100	0.84	0.02	0.02	0	0	0.84
87200	0.84	0.02	0.02	0	0	0.84
87300	0.84	0.02	0.02	0	0	0.84
87400	0.84	0.02	0.02	0	0	0.84
87500	0.84	0.01	0.01	0	0	0.84
87600	0.84	0.01	0.01	0	0	0.84
87700	0.84	0	0	0	0	0.84
87800	0.84	0.01	0.01	0	0	0.84
87900	0.84	0.01	0.01	0	0	0.84
88000	0.84	0.01	0.01	0	0	0.84
88100	0.84	0.01	0.01	0	0	0.84
88200	0.84	0.01	0.01	0	0	0.84
88300	0.84	0.02	0.02	0	0	0.84
88400	0.84	0.03	0.03	0	0	0.84
88500	0.84	0.02	0.02	0	0	0.84
88600	0.84	0.02	0.02	0	0	0.84
88700	0.84	0.04	0.04	0	0	0.84
88800	0.84	0.04	0.04	0	0	0.84
88900	0.84	0.02	0.02	0	0	0.84
89000	0.84	0.01	0.01	0	0	0.84
89100	0.84	0.01	0.01	0	0	0.84
89200	0.84	0	0	0	0	0.84
89300	0.84	0	0	0	0	0.84
89400	0.84	0	0	0	0	0.84
89500	0.84	0	0	0	0	0.84
89600	0.84	0.01	0.01	0	0	0.84
89700	0.84	0.01	0.01	0	0	0.84
89800	0.84	0.01	0.01	0	0	0.84
89900	0.84	0.01	0.01	0	0	0.84
90000	0.84	0	0	0	0	0.84
90100	0.84	0	0	0	0	0.84
90200	0.84	0	0	0	0	0.84
90300	0.84	0	0	0	0	0.84
90400	0.84	0	0	0	0	0.84
90500	0.84	0.01	0.01	0	0	0.84
90600	0.84	0.01	0.01	0	0	0.84
90700	0.84	0.02	0.02	0	0	0.84
90800	0.84	0.02	0.02	0	0	0.84
90900	0.84	0.01	0.01	0	0	0.84
91000	0.84	0.01	0.01	0	0	0.84
91100	0.84	0	0	0	0	0.84
91200	0.84	0.02	0.02	0	0	0.84
91300	0.84	0.02	0.02	0	0	0.84
91400	0.84	0.02	0.02	0	0	0.84
91500	0.84	0.01	0.01	0	0	0.84
91600	0.83	0.01	0.01	0	0	0.83
91700	0.83	0.01	0.01	0	0	0.83
91800	0.83	0.01	0.01	0	0	0.83
91900	0.83	0	0	0	0	0.83
92000	0.83	0	0	0	0	0.83
92100	0.83	0	0	0	0	0.83
92200	0.82	0	0	0	0	0.82
92300	0.82	0	0	0	0	0.82
92400	0.82	0	0	0	0	0.82
92500	0.82	0.01	0.01	0	0	0.82
92600	0.82	0.02	0.02	0	0	0.82
92700	0.82	0.02	0.02	0	0	0.82
92800	0.82	0.02	0.02	0	0	0.82
92900	0.82	0.02	0.02	0	0	0.82
93000	0.82	0.02	0.02	0	0	0.82
93100	0.82	0.01	0.01	0	0	0.82
93200	0.82	0	0	0	0	0.82
93300	0.82	0	0	0	0	0.82
93400	0.82	0	0	0	0	0.82
93500	0.82	0	0	0	0	0.82
93600	0.82	0	0	0	0	0.82
93700	0.83	0	0	0	0	0.83
93800	0.83	0	0	0	0	0.83
93900	0.83	0	0	0	0	0.83
94000	0.83	0	0	0	0	0.83
94100	0.83	0	0	0	0	0.83
94200	0.83	0	0	0	0	0.83
94300	0.83	0	0	0	0	0.83
94400	0.83	0	0	0	0	0.83
94500	0.83	0.01	0.01	0	0	0.83
94600	0.83	0.01	0.01	0	0	0.83
94700	0.83	0.02	0.02	0	0	0.83
94800	0.83	0.02	0.02	0	0	0.83
94900	0.83	0.02	0.02	0	0	0.83
95000	0.83	0.02	0.02	0	0	0.83
95100	0.83	0.01	0.01	0	0	0.83
95200	0.83	0	0	0	0	0.83
95300	0.83	0.01	0.01	0	0	0.83
95400	0.83	0.01	0.01	0	0	0.83
95500	0.83	0.02	0.02	0	0	0.83
95600	0.83	0.02	0.02	0	0	0.83
95700	0.83	0.01	0.01	0	0	0.83
95800	0.83	0.01	0.01	0	0	0.83
95900	0.83	0.01	0.01	0	0	0.83
96000	0.83	0.01	0.01	0	0	0.83
96100	0.83	0	0	0	0	0.83
96200	0.83	0	0	0	0	0.83
96300	0.83	0	0	0	0	0.83
96400	0.83	0.01	0.01	0	0	0.83
96500	0.83	0.01	0.01	0	0	0.83
96600	0.83	0	0	0	0	0.83
96700	0.83	0	0	0	0	0.83
96800	0.83	0.01	0.01	0	0	0.83
96900	0.83	0.02	0.02	0	0	0.83
97000	0.83	0.03	0.03	0	0	0.83
97100	0.83	0.01	0.01	0	0	0.83
97200	0.83	0.01	0.01	0	0	0.83
97300	0.83	0.01	0.01	0	0	0.83
97400	0.83	0.01	0.01	0	0	0.83
97500	0.83	0.02	0.02	0	0	0.83
97600	0.83	0	0	0	0	0.83
97700	0.83	0.01	0.01	0	0	0.83
97800	0.83	0.01	0.01	0	0	0.83
97900	0.83	0.01	0.01	0	0	0.83
98000	0.83	0	0	0	0	0.83
98100	0.83	0	0	0	0	0.83
98200	0.83	0	0	0	0	0.83
98300	0.83	0	0	0	0	0.83
98400	0.83	0	0	0	0	0.83
98500	0.83	0	0	0	0	0.83
98600	0.83	0	0	0	0	0.83
98700	0.83	0	0	0	0	0.83
98800	0.83	0	0	0	0	0.83
98900	0.83	0	0	0	0	0.83
99000	0.83	0	0	0	0	0.83
99100	0.83	0	0	0	0	0.83
99200	0.83	0	0	0	0	0.83
99300	0.83	0	0	0	0	0.83
99400	0.83	0	0	0	0	0.83
99500	0.83	0	0	0	0	0.83
99600	0.83	0	0	0	0	0.83
99700	0.83	0	0	0	0	0.83
99800	0.83	0	0	0	0	0.83
99900	0.83	0	0	0	0	0.83
100000	0.83	0	0	0	0	0.83
100100	0.83	0	0	0	0	0.83
100200	0.83	0.01	0.01	0	0	0.83
100300	0.83	0.01	0.01	0	0	0.83
100400	0.83	0.01	0.01	0	0	0.83
100500	0.83	0.01	0.01	0	0	0.83
100600	0.83	0.03	0.03	0	0	0.83
100700	0.83	0.05	0.05	0	0	0.83
100800	0.83	0.05	0.05	0	0	0.83
100900	0.83	0.04	0.04	0	0	0.83
101000	0.83	0.04	0.04	0	0	0.83
101100	0.83	0.03	0.03	0	0	0.83
101200	0.83	0.03	0.03	0	0	0.83
101300	0.83	0.01	0.01	0	0	0.83
101400	0.83	0.02	0.02	0	0	0.83
101500	0.84	0.02	0.02	0	0	0.84
101600	0.84	0.02	0.02	0	0	0.84
101700	0.84	0	0	0	0	0.84
101800	0.84	0	0	0	0	0.84
101900	0.84	0	0	0	0	0.84
102000	0.84	0.01	0.01	0	0	0.84
102100	0.84	0.01	0.01	0	0	0.84
102200	0.84	0.02	0.02	0	0	0.84
102300	0.84	0.02	0.02	0	0	0.84
102400	0.84	0.02	0.02	0	0	0.84
102500	0.84	0.01	0.01	0	0	0.84
102600	0.84	0.01	0.01	0	0	0.84
102700	0.84	0.01	0.01	0	0	0.84
102800	0.84	0	0	0	0	0.84
102900	0.84	0	0	0	0	0.84
103000	0.84	0	0	0	0	0.84
103100	0.84	0.01	0.01	0	0	0.84
103200	0.84	0.01	0.01	0	0	0.84
103300	0.84	0.01	0.01	0	0	0.84
103400	0.84	0	0	0	0	0.84
103500	0.84	0.01	0.01	0	0	0.84
103600	0.83	0.01	0.01	0	0	0.83
103700	0.83	0.02	0.02	0	0	0.83
103800	0.83	0.02	0.02	0	0	0.83
103900	0.83	0.02	0.02	0	0	0.83
104000	0.83	0.02	0.02	0	0	0.83
104100	0.83	0.01	0.01	0	0	0.83
104200	0.83	0.02	0.02	0	0	0.83
104300	0.83	0.01	0.01	0	0	0.83
104400	0.83	0.01	0.01	0	0	0.83
104500	0.83	0	0	0	0	0.83
104600	0.84	0	0	0	0	0.84
104700	0.84	0	0	0	0	0.84
104800	0.84	0	0	0	0	0.84
104900	0.83	0.01	0.01	0	0	0.83
105000	0.83	0.01	0.01	0	0	0.83
105100	0.83	0.01	0.01	0	0	0.83
105200	0.83	0.01	0.01	0	0	0.83
105300	0.83	0.01	0.01	0	0	0.83
105400	0.83	0.01	0.01	0	0	0.83
105500	0.83	0	0	0	0	0.83
105600	0.83	0.01	0.01	0	0	0.83
105700	0.83	0.01	0.01	0	0	0.83
105800	0.83	0.01	0.01	0	0	0.83
105900	0.83	0	0	0	0	0.83
106000	0.83	0	0	0	0	0.83
106100	0.83	0.01	0.01	0	0	0.83
106200	0.83	0.01	0.01	0	0	0.83
106300	0.83	0.01	0.01	0	0	0.83
106400	0.83	0.01	0.01	0	0	0.83
106500	0.83	0.01	0.01	0	0	0.83
106600	0.83	0.01	0.01	0	0	0.83
106700	0.83	0	0	0	0	0.83
106800	0.83	0	0	0	0	0.83
106900	0.83	0	0	0	0	0.83
107000	0.83	0	0	0	0	0.83
107100	0.83	0	0	0	0	0.83
107200	0.83	0.01	0.01	0	0	0.83
107300	0.83	0.01	0.01	0	0	0.83
107400	0.83	0.01	0.01	0	0	0.83
107500	0.83	0.01	0.01	0	0	0.83
107600	0.83	0.01	0.01	0	0	0.83
107700	0.83	0.01	0.01	0	0	0.83
107800	0.83	0	0	0	0	0.83
107900	0.83	0.01	0.01	0	0	0.83
108000	0.83	0.01	0.01	0	0	0.83
108100	0.83	0.01	0.01	0	0	0.83
108200	0.83	0.01	0.01	0	0	0.83
108300	0.83	0.01	0.01	0	0	0.83
108400	0.83	0.01	0.01	0	0	0.83
108500	0.83	0	0	0	0	0.83
108600	0.83	0.01	0.01	0	0	0.83
108700	0.83	0.01	0.01	0	0	0.83
108800	0.83	0.01	0.01	0	0	0.83
108900	0.83	0.02	0.02	0	0	0.83
109000	0.83	0.02	0.02	0	0	0.83
109100	0.83	0.01	0.01	0	0	0.83
109200	0.83	0.01	0.01	0	0	0.83
109300	0.83	0.01	0.01	0	0	0.83
109400	0.83	0.01	0.01	0	0	0.83
109500	0.83	0.01	0.01	0	0	0.83
109600	0.83	0.01	0.01	0	0	0.83
109700	0.83	0.01	0.01	0	0	0.83
109800	0.83	0	0	0	0	0.83
109900	0.83	0	0	0	0	0.83
110000	0.83	0	0	0	0	0.83
110100	0.83	0.01	0.01	0	0	0.83
110200	0.83	0.01	0.01	0	0	0.83
110300	0.83	0.03	0.03	0	0	0.83
110400	0.84	0.03	0.03	0	0	0.84
110500	0.84	0.03	0.03	0	0	0.84
110600	0.84	0.02	0.02	0	0	0.84
110700	0.84	0.02	0.02	0	0	0.84
110800	0.83	0.01	0.01	0	0	0.83
110900	0.83	0.01	0.01	0	0	0.83
111000	0.83	0	0	0	0	0.83
111100	0.83	0	0	0	0	0.83
111200	0.83	0	0	0	0	0.83
111300	0.83	0	0	0	0	0.83
111400	0.83	0	0	0	0	0.83
111500	0.83	0	0	0	0	0.83
111600	0.83	0	0	0	0	0.83
111700	0.83	0	0	0	0	0.83
111800	0.83	0	0	0	0	0.83
111900	0.83	0	0	0	0	0.83
112000	0.83	0	0	0	0	0.83
112100	0.83	0	0	0	0	0.83
112200	0.83	0	0	0	0	0.83
112300	0.83	0.01	0.01	0	0	0.83
112400	0.83	0.01	0.01	0	0	0.83
112500	0.83	0.03	0.03	0	0	0.83
112600	0.83	0.03	0.03	0	0	0.83
112700	0.83	0.02	0.02	0	0	0.83
112800	0.83	0.02	0.02	0	0	0.83
112900	0.83	0	0	0	0	0.83
113000	0.83	0	0	0	0	0.83
113100	0.83	0.01	0.01	0	0	0.83
113200	0.83	0.01	0.01	0	0	0.83
113300	0.83	0.01	0.01	0	0	0.83
113400	0.83	0.01	0.01	0	0	0.83
113500	0.83	0	0	0	0	0.83
113600	0.83	0.01	0.01	0	0	0.83
113700	0.83	0.01	0.01	0	0	0.83
113800	0.83	0.02	0.02	0	0	0.83
113900	0.83	0.02	0.02	0	0	0.83
114000	0.83	0.02	0.02	0	0	0.83
114100	0.83	0	0	0	0	0.83
114200	0.83	0.01	0.01	0	0	0.83
114300	0.83	0.01	0.01	0	0	0.83
114400	0.83	0.02	0.02	0	0	0.83
114500	0.83	0	0	0	0	0.83
114600	0.83	0.01	0.01	0	0	0.83
114700	0.83	0.01	0.01	0	0	0.83
114800	0.83	0.01	0.01	0	0	0.83
114900	0.83	0.01	0.01	0	0	0.83
115000	0.83	0.01	0.01	0	0	0.83
115100	0.83	0.01	0.01	0	0	0.83
115200	0.83	0.01	0.01	0	0	0.83
115300	0.83	0	0	0	0	0.83
115400	0.83	0	0	0	0	0.83
115500	0.83	0	0	0	0	0.83
115600	0.83	0	0	0	0	0.83
115700	0.83	0	0	0	0	0.83
115800	0.83	0	0	0	0	0.83
115900	0.83	0	0	0	0	0.83
116000	0.83	0	0	0	0	0.83
116100	0.83	0	0	0	0	0.83
116200	0.82	0	0	0	0	0.82
116300	0.82	0.01	0.01	0	0	0.82
116400	0.83	0.01	0.01	0	0	0.83
116500	0.83	0.01	0.01	0	0	0.83
116600	0.83	0.01	0.01	0	0	0.83
116700	0.83	0	0	0	0	0.83
116800	0.83	0.01	0.01	0	0	0.83
116900	0.83	0.01	0.01	0	0	0.83
117000	0.83	0.01	0.01	0	0	0.83
117100	0.83	0	0	0	0	0.83
117200	0.83	0	0	0	0	0.83
117300	0.83	0	0	0	0	0.83
117400	0.83	0	0	0	0	0.83
117500	0.83	0	0	0	0	0.83
117600	0.83	0	0	0	0	0.83
117700	0.83	0	0	0	0	0.83
117800	0.83	0.02	0.02	0	0	0.83
117900	0.83	0.02	0.02	0	0	0.83
118000	0.83	0.02	0.02	0	0	0.83
118100	0.83	0.02	0.02	0	0	0.83
118200	0.83	0.02	0.02	0	0	0.83
118300	0.83	0	0	0	0	0.83
118400	0.83	0	0	0	0	0.83
118500	0.83	0	0	0	0	0.83
118600	0.83	0	0	0	0	0.83
118700	0.83	0	0	0	0	0.83
118800	0.83	0	0	0	0	0.83
118900	0.83	0	0	0	0	0.83
119000	0.83	0	0	0	0	0.83
119100	0.83	0	0	0	0	0.83
119200	0.83	0	0	0	0	0.83
119300	0.83	0	0	0	0	0.83
119400	0.83	0.01	0.01	0	0	0.83
119500	0.83	0.01	0.01	0	0	0.83
119600	0.83	0.01	0.01	0	0	0.83
119700	0.83	0.01	0.01	0	0	0.83
119800	0.83	0.01	0.01	0	0	0.83
119900	0.83	0	0	0	0	0.83
120000	0.83	0	0	0	0	0.83
120100	0.83	0	0	0	0	0.83
120200	0.83	0.01	0.01	0	0	0.83
120300	0.83	0.01	0.01	0	0	0.83
120400	0.83	0.02	0.02	0	0	0.83
120500	0.84	0.02	0.02	0	0	0.84
120600	0.84	0.02	0.02	0	0	0.84
120700	0.84	0.02	0.02	0	0	0.84
120800	0.84	0.01	0.01	0	0	0.84
120900	0.84	0	0	0	0	0.84
121000	0.84	0	0	0	0	0.84
121100	0.84	0	0	0	0	0.84
121200	0.84	0	0	0	0	0.84
121300	0.84	0	0	0	0	0.84
121400	0.84	0	0	0	0	0.84
121500	0.84	0	0	0	0	0.84
121600	0.84	0	0	0	0	0.84
121700	0.84	0	0	0	0	0.84
121800	0.84	0	0	0	0	0.84
121900	0.84	0	0	0	0	0.84
122000	0.84	0	0	0	0	0.84
122100	0.84	0	0	0	0	0.84
122200	0.84	0	0	0	0	0.84
122300	0.84	0	0	0	0	0.84
122400	0.84	0	0	0	0	0.84
122500	0.84	0.02	0.02	0	0	0.84
122600	0.84	0.02	0.02	0	0	0.84
122700	0.84	0.02	0.02	0	0	0.84
122800	0.84	0.02	0.02	0	0	0.84
122900	0.84	0.02	0.02	0	0	0.84
123000	0.84	0.02	0.02	0	0	0.84
123100	0.84	0.01	0.01	0	0	0.84
123200	0.84	0	0	0	0	0.84
123300	0.84	0	0	0	0	0.84
123400	0.84	0	0	0	0	0.84
123500	0.84	0	0	0	0	0.84
123600	0.84	0	0	0	0	0.84
123700	0.84	0.01	0.01	0	0	0.84
123800	0.84	0.02	0.02	0	0	0.84
123900	0.84	0.02	0.02	0	0	0.84
124000	0.84	0.02	0.02	0	0	0.84
124100	0.84	0.01	0.01	0	0	0.84
124200	0.84	0.01	0.01	0	0	0.84
124300	0.84	0.01	0.01	0	0	0.84
124400	0.84	0	0	0	0	0.84
124500	0.84	0	0	0	0	0.84
124600	0.84	0	0	0	0	0.84
124700	0.84	0.01	0.01	0	0	0.84
124800	0.84	0.01	0.01	0	0	0.84
124900	0.84	0.01	0.01	0	0	0.84
125000	0.84	0.01	0.01	0	0	0.84
125100	0.84	0.01	0.01	0	0	0.84
125200	0.84	0.01	0.01	0	0	0.84
125300	0.84	0	0	0	0	0.84
125400	0.84	0	0	0	0	0.84
125500	0.84	0.02	0.02	0	0	0.84
125600	0.84	0.02	0.02	0	0	0.84
125700	0.84	0.02	0.02	0	0	0.84
125800	0.84	0.01	0.01	0	0	0.84
125900	0.84	0.01	0.01	0	0	0.84
126000	0.84	0.01	0.01	0	0	0.84
126100	0.84	0	0	0	0	0.84
126200	0.84	0	0	0	0	0.84
126300	0.84	0	0	0	0	0.84
126400	0.84	0	0	0	0	0.84
126500	0.84	0	0	0	0	0.84
126600	0.84	0	0	0	0	0.84
126700	0.84	0	0	0	0	0.84
126800	0.84	0	0	0	0	0.84
126900	0.84	0	0	0	0	0.84
127000	0.84	0	0	0	0	0.84
127100	0.84	0	0	0	0	0.84
127200	0.84	0	0	0	0	0.84
127300	0.84	0	0	0	0	0.84
127400	0.84	0	0	0	0	0.84
127500	0.84	0	0	0	0	0.84
127600	0.84	0	0	0	0	0.84
127700	0.84	0	0	0	0	0.84
127800	0.84	0.01	0.01	0	0	0.84
127900	0.84	0	0	0	0	0.84
128000	0.84	0	0	0	0	0.84
128100	0.84	0	0	0	0	0.84
128200	0.84	0	0	0	0	0.84
128300	0.84	0.01	0.01	0	0	0.84
128400	0.84	0.01	0.01	0	0	0.84
128500	0.84	0.01	0.01	0	0	0.84
128600	0.84	0.01	0.01	0	0	0.84
128700	0.84	0.02	0.02	0	0	0.84
128800	0.84	0.02	0.02	0	0	0.84
128900	0.84	0.01	0.01	0	0	0.84
129000	0.84	0	0	0	0	0.84
129100	0.84	0	0	0	0	0.84
129200	0.84	0	0	0	0	0.84
129300	0.84	0.01	0.01	0	0	0.84
129400	0.84	0.01	0.01	0	0	0.84
129500	0.83	0.01	0.01	0	0	0.83
129600	0.83	0.02	0.02	0	0	0.83
129700	0.83	0.03	0.03	0	0	0.83
129800	0.83	0.03	0.03	0	0	0.83
129900	0.83	0.02	0.02	0	0	0.83
130000	0.83	0.02	0.02	0	0	0.83
130100	0.83	0.01	0.01	0	0	0.83
130200	0.83	0.01	0.01	0	0	0.83
130300	0.83	0	0	0	0	0.83
130400	0.83	0.01	0.01	0	0	0.83
130500	0.83	0.02	0.02	0	0	0.83
130600	0.83	0.03	0.03	0	0	0.83
130700	0.83	0.03	0.03	0	0	0.83
130800	0.83	0.02	0.02	0	0	0.83
130900	0.83	0.02	0.02	0	0	0.83
131000	0.83	0.01	0.01	0	0	0.83
131100	0.83	0.01	0.01	0	0	0.83
131200	0.83	0	0	0	0	0.83
131300	0.83	0	0	0	0	0.83
131400	0.83	0	0	0	0	0.83
131500	0.83	0	0	0	0	0.83
131600	0.83	0	0	0	0	0.83
131700	0.83	0	0	0	0	0.83
131800	0.83	0	0	0	0	0.83
131900	0.83	0	0	0	0	0.83
132000	0.83	0.01	0.01	0	0	0.83
132100	0.83	0.01	0.01	0	0	0.83
132200	0.83	0.01	0.01	0	0	0.83
132300	0.83	0.01	0.01	0	0	0.83
132400	0.83	0.01	0.01	0	0	0.83
132500	0.83	0.01	0.01	0	0	0.83
132600	0.83	0.01	0.01	0	0	0.83
132700	0.83	0.01	0.01	0	0	0.83
132800	0.83	0.01	0.01	0	0	0.83
132900	0.83	0.01	0.01	0	0	0.83
133000	0.83	0.01	0.01	0	0	0.83
133100	0.83	0.01	0.01	0	0	0.83
133200	0.83	0.02	0.02	0	0	0.83
133300	0.83	0.01	0.01	0	0	0.83
133400	0.83	0.01	0.01	0	0	0.83
133500	0.83	0.02	0.02	0	0	0.83
133600	0.83	0.02	0.02	0	0	0.83
133700	0.83	0.02	0.02	0	0	0.83
133800	0.83	0.02	0.02	0	0	0.83
133900	0.83	0	0	0	0	0.83
134000	0.83	0	0	0	0	0.83
134100	0.83	0	0	0	0	0.83
134200	0.83	0.01	0.01	0	0	0.83
134300	0.83	0.01	0.01	0	0	0.83
134400	0.83	0.01	0.01	0	0	0.83
134500	0.83	0.02	0.02	0	0	0.83
134600	0.83	0.01	0.01	0	0	0.83
134700	0.83	0.01	0.01	0	0	0.83
134800	0.83	0.01	0.01	0	0	0.83
134900	0.83	0	0	0	0	0.83
135000	0.83	0.01	0.01	0	0	0.83
135100	0.83	0.02	0.02	0	0	0.83
135200	0.83	0.02	0.02	0	0	0.83
135300	0.83	0.02	0.02	0	0	0.83
135400	0.83	0.02	0.02	0	0	0.83
135500	0.83	0.02	0.02	0	0	0.83
135600	0.83	0.01	0.01	0	0	0.83
135700	0.83	0	0	0	0	0.83
135800	0.83	0	0	0	0	0.83
135900	0.83	0.01	0.01	0	0	0.83
136000	0.83	0.02	0.02	0	0	0.83
136100	0.83	0.02	0.02	0	0	0.83
136200	0.83	0.02	0.02	0	0	0.83
136300	0.83	0.01	0.01	0	0	0.83
136400	0.83	0.01	0.01	0	0	0.83
136500	0.83	0.01	0.01	0	0	0.83
136600	0.83	0	0	0	0	0.83
136700	0.83	0	0	0	0	0.83
136800	0.83	0	0	0	0	0.83
136900	0.83	0	0	0	0	0.83
137000	0.83	0	0	0	0	0.83
137100	0.83	0	0	0	0	0.83
137200	0.83	0	0	0	0	0.83
137300	0.83	0	0	0	0	0.83
137400	0.83	0	0	0	0	0.83
137500	0.83	0	0	0	0	0.83
137600	0.84	0.01	0.01	0	0	0.84
137700	0.83	0.01	0.01	0	0	0.83
137800	0.83	0.01	0.01	0	0	0.83
137900	0.83	0.01	0.01	0	0	0.83
138000	0.83	0.01	0.01	0	0	0.83
138100	0.83	0	0	0	0	0.83
138200	0.83	0	0	0	0	0.83
138300	0.83	0	0	0	0	0.83
138400	0.83	0	0	0	0	0.83
138500	0.83	0	0	0	0	0.83
138600	0.83	0	0	0	0	0.83
138700	0.83	0	0	0	0	0.83
138800	0.83	0	0	0	0	0.83
138900	0.84	0.01	0.01	0	0	0.84
139000	0.84	0.01	0.01	0	0	0.84
139100	0.84	0.01	0.01	0	0	0.84
139200	0.84	0.02	0.02	0	0	0.84
139300	0.84	0.02	0.02	0	0	0.84
139400	0.84	0.04	0.04	0	0	0.84
139500	0.84	0.01	0.01	0	0	0.84
139600	0.84	0.01	0.01	0	0	0.84
139700	0.84	0.01	0.01	0	0	0.84
139800	0.84	0.01	0.01	0	0	0.84
139900	0.84	0.01	0.01	0	0	0.84
140000	0.84	0.01	0.01	0	0	0.84
140100	0.84	0	0	0	0	0.84
140200	0.84	0	0	0	0	0.84
140300	0.84	0.01	0.01	0	0	0.84
140400	0.84	0.01	0.01	0	0	0.84
140500	0.84	0.01	0.01	0	0	0.84
140600	0.84	0.01	0.01	0	0	0.84
140700	0.84	0.01	0.01	0	0	0.84
140800	0.84	0.01	0.01	0	0	0.84
140900	0.84	0	0	0	0	0.84
141000	0.84	0	0	0	0	0.84
141100	0.84	0	0	0	0	0.84
141200	0.84	0.01	0.01	0	0	0.84
141300	0.84	0.01	0.01	0	0	0.84
141400	0.84	0.01	0.01	0	0	0.84
141500	0.84	0.01	0.01	0	0	0.84
141600	0.84	0.01	0.01	0	0	0.84
141700	0.84	0	0	0	0	0.84
141800	0.84	0	0	0	0	0.84
141900	0.84	0	0	0	0	0.84
142000	0.84	0.01	0.01	0	0	0.84
142100	0.84	0.02	0.02	0	0	0.84
142200	0.84	0.02	0.02	0	0	0.84
142300	0.84	0.02	0.02	0	0	0.84
142400	0.84	0.02	0.02	0	0	0.84
142500	0.84	0.01	0.01	0	0	0.84
142600	0.84	0	0	0	0	0.84
142700	0.84	0	0	0	0	0.84
142800	0.84	0	0	0	0	0.84
142900	0.84	0.02	0.02	0	0	0.84
143000	0.84	0.03	0.03	0	0	0.84
143100	0.84	0.02	0.02	0	0	0.84
143200	0.84	0.03	0.03	0	0	0.84
143300	0.84	0.03	0.03	0	0	0.84
143400	0.84	0.02	0.02	0	0	0.84
143500	0.84	0.01	0.01	0	0	0.84
143600	0.84	0.01	0.01	0	0	0.84
143700	0.84	0.01	0.01	0	0	0.84
143800	0.84	0.01	0.01	0	0	0.84
143900	0.84	0.01	0.01	0	0	0.84
144000	0.84	0.01	0.01	0	0	0.84
144100	0.84	0	0	0	0	0.84
144200	0.84	0	0	0	0	0.84
144300	0.84	0.02	0.02	0	0	0.84
144400	0.84	0.01	0.01	0	0	0.84
144500	0.84	0.02	0.02	0	0	0.84
144600	0.84	0.02	0.02	0	0	0.84
144700	0.84	0.01	0.01	0	0	0.84
144800	0.84	0.02	0.02	0	0	0.84
144900	0.84	0.02	0.02	0	0	0.84
145000	0.84	0.02	0.02	0	0	0.84
145100	0.84	0.02	0.02	0	0	0.84
145200	0.84	0.02	0.02	0	0	0.84
145300	0.84	0.01	0.01	0	0	0.84
145400	0.84	0.01	0.01	0	0	0.84
145500	0.84	0.01	0.01	0	0	0.84
145600	0.84	0	0	0	0	0.84
145700	0.84	0	0	0	0	0.84
145800	0.84	0.01	0.01	0	0	0.84
145900	0.84	0.01	0.01	0	0	0.84
146000	0.84	0.01	0.01	0	0	0.84
146100	0.84	0.01	0.01	0	0	0.84
146200	0.84	0.02	0.02	0	0	0.84
146300	0.84	0	0	0	0	0.84
146400	0.84	0.01	0.01	0	0	0.84
146500	0.84	0.01	0.01	0	0	0.84
146600	0.84	0.01	0.01	0	0	0.84
146700	0.84	0.01	0.01	0	0	0.84
146800	0.84	0.01	0.01	0	0	0.84
146900	0.85	0.01	0.01	0	0	0.85
147000	0.85	0.01	0.01	0	0	0.85
147100	0.85	0.01	0.01	0	0	0.85
147200	0.85	0.02	0.02	0	0	0.85
147300	0.85	0.03	0.03	0	0	0.85
147400	0.85	0.02	0.02	0	0	0.85
147500	0.85	0.01	0.01	0	0	0.85
147600	0.85	0.01	0.01	0	0	0.85
147700	0.85	0.01	0.01	0	0	0.85
147800	0.85	0	0	0	0	0.85
147900	0.85	0.01	0.01	0	0	0.85
148000	0.85	0.01	0.01	0	0	0.85
148100	0.85	0.02	0.02	0	0	0.85
148200	0.85	0.01	0.01	0	0	0.85
148300	0.85	0.01	0.01	0	0	0.85
148400	0.85	0.01	0.01	0	0	0.85
148500	0.85	0	0	0	0	0.85
148600	0.85	0	0	0	0	0.85
148700	0.85	0	0	0	0	0.85
148800	0.85	0	0	0	0	0.85
148900	0.85	0	0	0	0	0.85
149000	0.85	0	0	0	0	0.85
149100	0.85	0	0	0	0	0.85
149200	0.85	0	0	0	0	0.85
149300	0.85	0	0	0	0	0.85
149400	0.85	0.01	0.01	0	0	0.85
149500	0.85	0.01	0.01	0	0	0.85
149600	0.85	0.01	0.01	0	0	0.85
149700	0.85	0.01	0.01	0	0	0.85
149800	0.85	0.01	0.01	0	0	0.85
149900	0.85	0	0	0	0	0.85
150000	0.85	0.01	0.01	0	0	0.85
150100	0.85	0.01	0.01	0	0	0.85
150200	0.85	0.01	0.01	0	0	0.85
150300	0.85	0.01	0.01	0	0	0.85
150400	0.85	0	0	0	0	0.85
150500	0.85	0	0	0	0	0.85
150600	0.85	0	0	0	0	0.85
150700	0.85	0	0	0	0	0.85
150800	0.85	0	0	0	0	0.85
150900	0.85	0.01	0.01	0	0	0.85
151000	0.85	0.01	0.01	0	0	0.85
151100	0.85	0.01	0.01	0	0	0.85
151200	0.85	0.01	0.01	0	0	0.85
151300	0.85	0.01	0.01	0	0	0.85
151400	0.85	0.01	0.01	0	0	0.85
151500	0.85	0	0	0	0	0.85
151600	0.85	0.01	0.01	0	0	0.85
151700	0.85	0.01	0.01	0	0	0.85
151800	0.85	0.01	0.01	0	0	0.85
151900	0.85	0.01	0.01	0	0	0.85
152000	0.85	0	0	0	0	0.85
152100	0.85	0	0	0	0	0.85
152200	0.85	0	0	0	0	0.85
152300	0.85	0	0	0	0	0.85
152400	0.85	0	0	0	0	0.85
152500	0.85	0	0	0	0	0.85
152600	0.85	0	0	0	0	0.85
152700	0.85	0.01	0.01	0	0	0.85
152800	0.85	0.02	0.02	0	0	0.85
152900	0.85	0.02	0.02	0	0	0.85
153000	0.85	0.02	0.02	0	0	0.85
153100	0.85	0.02	0.02	0	0	0.85
153200	0.85	0.02	0.02	0	0	0.85
153300	0.85	0.01	0.01	0	0	0.85
153400	0.85	0	0	0	0	0.85
153500	0.85	0	0	0	0	0.85
153600	0.85	0	0	0	0	0.85
153700	0.85	0.01	0.01	0	0	0.85
153800	0.85	0.01	0.01	0	0	0.85
153900	0.85	0.01	0.01	0	0	0.85
154000	0.85	0.01	0.01	0	0	0.85
154100	0.85	0.02	0.02	0	0	0.85
154200	0.85	0.02	0.02	0	0	0.85
154300	0.85	0.01	0.01	0	0	0.85
154400	0.85	0.01	0.01	0	0	0.85
154500	0.85	0.01	0.01	0	0	0.85
154600	0.85	0.01	0.01	0	0	0.85
154700	0.85	0	0	0	0	0.85
154800	0.85	0	0	0	0	0.85
154900	0.85	0	0	0	0	0.85
155000	0.85	0.01	0.01	0	0	0.85
155100	0.85	0.02	0.02	0	0	0.85
155200	0.85	0.02	0.02	0	0	0.85
155300	0.85	0.01	0.01	0	0	0.85
155400	0.85	0.01	0.01	0	0	0.85
155500	0.85	0.01	0.01	0	0	0.85
155600	0.85	0.01	0.01	0	0	0.85
155700	0.85	0	0	0	0	0.85
155800	0.85	0	0	0	0	0.85
155900	0.85	0	0	0	0	0.85
156000	0.85	0	0	0	0	0.85
156100	0.85	0	0	0	0	0.85
156200	0.85	0.01	0.01	0	0	0.85
156300	0.85	0.01	0.01	0	0	0.85
156400	0.85	0.01	0.01	0	0	0.85
156500	0.85	0.01	0.01	0	0	0.85
156600	0.85	0.02	0.02	0	0	0.85
156700	0.85	0.05	0.05	0	0	0.85
156800	0.85	0.04	0.04	0	0	0.85
156900	0.85	0.04	0.04	0	0	0.85
157000	0.85	0.04	0.04	0	0	0.85
157100	0.85	0.03	0.03	0	0	0.85
157200	0.85	0	0	0	0	0.85
157300	0.85	0	0	0	0	0.85
157400	0.85	0	0	0	0	0.85
157500	0.85	0	0	0	0	0.85
157600	0.85	0	0	0	0	0.85
157700	0.85	0	0	0	0	0.85
157800	0.85	0	0	0	0	0.85
157900	0.85	0	0	0	0	0.85
158000	0.85	0	0	0	0	0.85
158100	0.85	0	0	0	0	0.85
158200	0.85	0.01	0.01	0	0	0.85
158300	0.85	0.01	0.01	0	0	0.85
158400	0.85	0.02	0.02	0	0	0.85
158500	0.85	0.01	0.01	0	0	0.85
158600	0.85	0	0	0	0	0.85
158700	0.85	0.01	0.01	0	0	0.85
158800	0.85	0.01	0.01	0	0	0.85
158900	0.85	0.01	0.01	0	0	0.85
159000	0.85	0.01	0.01	0	0	0.85
159100	0.85	0	0	0	0	0.85
159200	0.85	0	0	0	0	0.85
159300	0.85	0	0	0	0	0.85
159400	0.85	0.01	0.01	0	0	0.85
159500	0.85	0.01	0.01	0	0	0.85
159600	0.85	0.02	0.02	0	0	0.85
159700	0.85	0.02	0.02	0	0	0.85
159800	0.85	0.03	0.03	0	0	0.85
159900	0.85	0.03	0.03	0	0	0.85
160000	0.85	0	0	0	0	0.85
160100	0.85	0	0	0	0	0.85
160200	0.85	0	0	0	0	0.85
160300	0.85	0.01	0.01	0	0	0.85
160400	0.85	0.01	0.01	0	0	0.85
160500	0.85	0.01	0.01	0	0	0.85
160600	0.85	0.01	0.01	0	0	0.85
160700	0.85	0.01	0.01	0	0	0.85
160800	0.85	0.01	0.01	0	0	0.85
160900	0.85	0	0	0	0	0.85
161000	0.85	0	0	0	0	0.85
161100	0.85	0	0	0	0	0.85
161200	0.85	0	0	0	0	0.85
161300	0.85	0.02	0.02	0	0	0.85
161400	0.85	0.02	0.02	0	0	0.85
161500	0.85	0.02	0.02	0	0	0.85
161600	0.85	0.02	0.02	0	0	0.85
161700	0.85	0.02	0.02	0	0	0.85
161800	0.85	0.02	0.02	0	0	0.85
161900	0.85	0.01	0.01	0	0	0.85
162000	0.85	0.01	0.01	0	0	0.85
162100	0.85	0.01	0.01	0	0	0.85
162200	0.85	0.01	0.01	0	0	0.85
162300	0.85	0.01	0.01	0	0	0.85
162400	0.85	0.01	0.01	0	0	0.85
162500	0.85	0.01	0.01	0	0	0.85
162600	0.85	0.02	0.02	0	0	0.85
162700	0.85	0.02	0.02	0	0	0.85
162800	0.85	0.01	0.01	0	0	0.85
162900	0.85	0.01	0.01	0	0	0.85
163000	0.85	0.01	0.01	0	0	0.85
163100	0.85	0.01	0.01	0	0	0.85
163200	0.85	0	0	0	0	0.85
163300	0.85	0	0	0	0	0.85
163400	0.85	0	0	0	0	0.85
163500	0.85	0.01	0.01	0	0	0.85
163600	0.85	0.02	0.02	0	0	0.85
163700	0.85	0.02	0.02	0	0	0.85
163800	0.85	0.02	0.02	0	0	0.85
163900	0.85	0.01	0.01	0	0	0.85
164000	0.85	0.01	0.01	0	0	0.85
164100	0.85	0	0	0	0	0.85
164200	0.85	0	0	0	0	0.85
164300	0.85	0.01	0.01	0	0	0.85
164400	0.85	0.01	0.01	0	0	0.85
164500	0.85	0.01	0.01	0	0	0.85
164600	0.85	0	0	0	0	0.85
164700	0.85	0.01	0.01	0	0	0.85
164800	0.85	0.01	0.01	0	0	0.85
164900	0.85	0.01	0.01	0	0	0.85
165000	0.85	0.01	0.01	0	0	0.85
165100	0.85	0.01	0.01	0	0	0.85
165200	0.85	0	0	0	0	0.85
165300	0.85	0	0	0	0	0.85
165400	0.84	0	0	0	0	0.84
165500	0.84	0	0	0	0	0.84
165600	0.84	0.01	0.01	0	0	0.84
165700	0.84	0.01	0.01	0	0	0.84
165800	0.83	0.01	0.01	0	0	0.83
165900	0.83	0.01	0.01	0	0	0.83
166000	0.83	0	0	0	0	0.83
166100	0.83	0.01	0.01	0	0	0.83
166200	0.83	0.01	0.01	0	0	0.83
166300	0.83	0.01	0.01	0	0	0.83
166400	0.83	0.01	0.01	0	0	0.83
166500	0.83	0.01	0.01	0	0	0.83
166600	0.83	0.01	0.01	0	0	0.83
166700	0.83	0	0	0	0	0.83
166800	0.83	0.01	0.01	0	0	0.83
166900	0.83	0.01	0.01	0	0	0.83
167000	0.83	0.01	0.01	0	0	0.83
167100	0.83	0	0	0	0	0.83
167200	0.83	0	0	0	0	0.83
167300	0.83	0	0	0	0	0.83
167400	0.83	0	0	0	0	0.83
167500	0.83	0.01	0.01	0	0	0.83
167600	0.83	0.01	0.01	0	0	0.83
167700	0.83	0.01	0.01	0	0	0.83
167800	0.83	0.01	0.01	0	0	0.83
167900	0.83	0	0	0	0	0.83
168000	0.83	0	0	0	0	0.83
168100	0.83	0.01	0.01	0	0	0.83
168200	0.83	0.02	0.02	0	0	0.83
168300	0.83	0.02	0.02	0	0	0.83
168400	0.83	0.02	0.02	0	0	0.83
168500	0.83	0.02	0.02	0	0	0.83
168600	0.83	0.01	0.01	0	0	0.83
168700	0.83	0.02	0.02	0	0	0.83
168800	0.83	0.01	0.01	0	0	0.83
168900	0.83	0.01	0.01	0	0	0.83
169000	0.84	0.02	0.02	0	0	0.84
169100	0.84	0.01	0.01	0	0	0.84
169200	0.84	0.01	0.01	0	0	0.84
169300	0.84	0.02	0.02	0	0	0.84
169400	0.84	0.02	0.02	0	0	0.84
169500	0.84	0.02	0.02	0	0	0.84
169600	0.83	0.04	0.04	0	0	0.83
169700	0.83	0.04	0.04	0	0	0.83
169800	0.83	0.01	0.01	0	0	0.83
169900	0.83	0.02	0.02	0	0	0.83
170000	0.83	0.02	0.02	0	0	0.83
170100	0.83	0.01	0.01	0	0	0.83
170200	0.83	0	0	0	0	0.83
170300	0.83	0	0	0	0	0.83
170400	0.83	0	0	0	0	0.83
170500	0.83	0	0	0	0	0.83
170600	0.83	0.01	0.01	0	0	0.83
170700	0.83	0	0	0	0	0.83
170800	0.83	0	0	0	0	0.83
170900	0.84	0	0	0	0	0.84
171000	0.84	0	0	0	0	0.84
171100	0.84	0.01	0.01	0	0	0.84
171200	0.84	0.01	0.01	0	0	0.84
171300	0.84	0	0	0	0	0.84
171400	0.84	0	0	0	0	0.84
171500	0.84	0	0	0	0	0.84
171600	0.84	0	0	0	0	0.84
171700	0.84	0.01	0.01	0	0	0.84
171800	0.84	0.01	0.01	0	0	0.84
171900	0.84	0.01	0.01	0	0	0.84
172000	0.84	0.02	0.02	0	0	0.84
172100	0.84	0.02	0.02	0	0	0.84
172200	0.84	0	0	0	0	0.84
172300	0.84	0	0	0	0	0.84
172400	0.84	0.02	0.02	0	0	0.84
172500	0.84	0.02	0.02	0	0	0.84
172600	0.84	0.01	0.01	0	0	0.84
172700	0.84	0.01	0.01	0	0	0.84
172800	0.84	0.01	0.01	0	0	0.84
172900	0.84	0.01	0.01	0	0	0.84
173000	0.84	0	0	0	0	0.84
173100	0.84	0	0	0	0	0.84
173200	0.84	0	0	0	0	0.84
173300	0.84	0	0	0	0	0.84
173400	0.84	0	0	0	0	0.84
173500	0.84	0	0	0	0	0.84
173600	0.84	0	0	0	0	0.84
173700	0.84	0	0	0	0	0.84
173800	0.84	0	0	0	0	0.84
173900	0.84	0	0	0	0	0.84
174000	0.84	0	0	0	0	0.84
174100	0.84	0	0	0	0	0.84
174200	0.84	0	0	0	0	0.84
174300	0.84	0	0	0	0	0.84
174400	0.84	0	0	0	0	0.84
174500	0.84	0	0	0	0	0.84
174600	0.84	0	0	0	0	0.84
174700	0.84	0	0	0	0	0.84
174800	0.84	0	0	0	0	0.84
174900	0.84	0	0	0	0	0.84
175000	0.84	0	0	0	0	0.84
175100	0.84	0	0	0	0	0.84
175200	0.84	0	0	0	0	0.84
175300	0.84	0	0	0	0	0.84
175400	0.84	0	0	0	0	0.84
175500	0.84	0.01	0.01	0	0	0.84
175600	0.84	0.01	0.01	0	0	0.84
175700	0.84	0	0	0	0	0.84
175800	0.84	0	0	0	0	0.84
175900	0.84	0	0	0	0	0.84
176000	0.84	0	0	0	0	0.84
176100	0.84	0	0	0	0	0.84
176200	0.84	0	0	0	0	0.84
176300	0.84	0	0	0	0	0.84
176400	0.84	0	0	0	0	0.84
176500	0.84	0	0	0	0	0.84
176600	0.84	0	0	0	0	0.84
176700	0.84	0	0	0	0	0.84
176800	0.84	0	0	0	0	0.84
176900	0.84	0	0	0	0	0.84
177000	0.84	0	0	0	0	0.84
177100	0.84	0	0	0	0	0.84
177200	0.84	0	0	0	0	0.84
177300	0.84	0	0	0	0	0.84
177400	0.84	0	0	0	0	0.84
177500	0.84	0.02	0.02	0	0	0.84
177600	0.84	0.02	0.02	0	0	0.84
177700	0.84	0.02	0.02	0	0	0.84
177800	0.84	0.02	0.02	0	0	0.84
177900	0.84	0.02	0.02	0	0	0.84
178000	0.84	0.02	0.02	0	0	0.84
178100	0.84	0	0	0	0	0.84
178200	0.84	0	0	0	0	0.84
178300	0.84	0	0	0	0	0.84
178400	0.84	0.01	0.01	0	0	0.84
178500	0.84	0.01	0.01	0	0	0.84
178600	0.84	0.01	0.01	0	0	0.84
178700	0.84	0.01	0.01	0	0	0.84
178800	0.84	0.01	0.01	0	0	0.84
178900	0.84	0.01	0.01	0	0	0.84
179000	0.84	0.01	0.01	0	0	0.84
179100	0.84	0.01	0.01	0	0	0.84
179200	0.84	0.01	0.01	0	0	0.84
179300	0.84	0.01	0.01	0	0	0.84
179400	0.84	0.01	0.01	0	0	0.84
179500	0.84	0	0	0	0	0.84
179600	0.84	0	0	0	0	0.84
179700	0.84	0	0	0	0	0.84
179800	0.84	0	0	0	0	0.84
179900	0.84	0.01	0.01	0	0	0.84
180000	0.84	0.03	0.03	0	0	0.84
180100	0.84	0.03	0.03	0	0	0.84
180200	0.84	0.04	0.04	0	0	0.84
180300	0.84	0.02	0.02	0	0	0.84
180400	0.84	0.02	0.02	0	0	0.84
180500	0.84	0.02	0.02	0	0	0.84
180600	0.84	0.01	0.01	0	0	0.84
180700	0.84	0.01	0.01	0	0	0.84
180800	0.84	0	0	0	0	0.84
180900	0.84	0	0	0	0	0.84
181000	0.84	0	0	0	0	0.84
181100	0.84	0	0	0	0	0.84
181200	0.84	0	0	0	0	0.84
181300	0.84	0	0	0	0	0.84
181400	0.84	0	0	0	0	0.84
181500	0.84	0	0	0	0	0.84
181600	0.84	0.01	0.01	0	0	0.84
181700	0.84	0.01	0.01	0	0	0.84
181800	0.84	0.01	0.01	0	0	0.84
181900	0.84	0.01	0.01	0	0	0.84
182000	0.84	0.02	0.02	0	0	0.84
182100	0.84	0.02	0.02	0	0	0.84
182200	0.84	0	0	0	0	0.84
182300	0.84	0	0	0	0	0.84
182400	0.84	0.01	0.01	0	0	0.84
182500	0.84	0.01	0.01	0	0	0.84
182600	0.84	0.01	0.01	0	0	0.84
182700	0.84	0	0	0	0	0.84
182800	0.84	0	0	0	0	0.84
182900	0.84	0	0	0	0	0.84
183000	0.84	0	0	0	0	0.84
183100	0.84	0.01	0.01	0	0	0.84
183200	0.84	0.01	0.01	0	0	0.84
183300	0.84	0.01	0.01	0	0	0.84
183400	0.84	0.02	0.02	0	0	0.84
183500	0.84	0.02	0.02	0	0	0.84
183600	0.84	0.03	0.03	0	0	0.84
183700	0.84	0.03	0.03	0	0	0.84
183800	0.84	0.02	0.02	0	0	0.84
183900	0.84	0.01	0.01	0	0	0.84
184000	0.84	0	0	0	0	0.84
184100	0.84	0	0	0	0	0.84
184200	0.84	0	0	0	0	0.84
184300	0.84	0	0	0	0	0.84
184400	0.84	0	0	0	0	0.84
184500	0.84	0	0	0	0	0.84
184600	0.84	0	0	0	0	0.84
184700	0.84	0	0	0	0	0.84
184800	0.84	0	0	0	0	0.84
184900	0.84	0	0	0	0	0.84
185000	0.84	0	0	0	0	0.84
185100	0.84	0	0	0	0	0.84
185200	0.84	0.01	0.01	0	0	0.84
185300	0.84	0.01	0.01	0	0	0.84
185400	0.84	0.01	0.01	0	0	0.84
185500	0.84	0.01	0.01	0	0	0.84
185600	0.84	0.02	0.02	0	0	0.84
185700	0.84	0.01	0.01	0	0	0.84
185800	0.84	0.01	0.01	0	0	0.84
185900	0.84	0.01	0.01	0	0	0.84
186000	0.84	0.02	0.02	0	0	0.84
186100	0.84	0.01	0.01	0	0	0.84
186200	0.84	0	0	0	0	0.84
186300	0.84	0	0	0	0	0.84
186400	0.84	0.01	0.01	0	0	0.84
186500	0.84	0.01	0.01	0	0	0.84
186600	0.84	0.01	0.01	0	0	0.84
186700	0.84	0.01	0.01	0	0	0.84
186800	0.84	0.01	0.01	0	0	0.84
186900	0.84	0	0	0	0	0.84
187000	0.84	0	0	0	0	0.84
187100	0.84	0	0	0	0	0.84
187200	0.84	0	0	0	0	0.84
187300	0.84	0	0	0	0	0.84
187400	0.84	0	0	0	0	0.84
187500	0.84	0	0	0	0	0.84
187600	0.84	0.01	0.01	0	0	0.84
187700	0.84	0.01	0.01	0	0	0.84
187800	0.84	0	0	0	0	0.84
187900	0.84	0	0	0	0	0.84
188000	0.84	0	0	0	0	0.84
188100	0.84	0	0	0	0	0.84
188200	0.84	0	0	0	0	0.84
188300	0.84	0.02	0.02	0	0	0.84
188400	0.84	0.02	0.02	0	0	0.84
188500	0.84	0.03	0.03	0	0	0.84
188600	0.84	0.03	0.03	0	0	0.84
188700	0.84	0.03	0.03	0	0	0.84
188800	0.84	0.02	0.02	0	0	0.84
188900	0.84	0.02	0.02	0	0	0.84
189000	0.84	0.02	0.02	0	0	0.84
189100	0.84	0.01	0.01	0	0	0.84
189200	0.84	0	0	0	0	0.84
189300	0.84	0.01	0.01	0	0	0.84
189400	0.84	0.01	0.01	0	0	0.84
189500	0.84	0.01	0.01	0	0	0.84
189600	0.84	0.01	0.01	0	0	0.84
189700	0.84	0.01	0.01	0	0	0.84
189800	0.84	0.01	0.01	0	0	0.84
189900	0.84	0	0	0	0	0.84
190000	0.84	0.01	0.01	0	0	0.84
190100	0.84	0.01	0.01	0	0	0.84
190200	0.84	0.02	0.02	0	0	0.84
190300	0.84	0.02	0.02	0	0	0.84
190400	0.84	0.01	0.01	0	0	0.84
190500	0.84	0	0	0	0	0.84
190600	0.84	0	0	0	0	0.84
190700	0.84	0	0	0	0	0.84
190800	0.84	0	0	0	0	0.84
190900	0.84	0	0	0	0	0.84
191000	0.84	0	0	0	0	0.84
191100	0.84	0	0	0	0	0.84
191200	0.84	0	0	0	0	0.84
191300	0.84	0	0	0	0	0.84
191400	0.84	0	0	0	0	0.84
191500	0.84	0	0	0	0	0.84
191600	0.84	0.02	0.02	0	0	0.84
191700	0.84	0.02	0.02	0	0	0.84
191800	0.84	0.03	0.03	0	0	0.84
191900	0.84	0.03	0.03	0	0	0.84
192000	0.84	0.02	0.02	0	0	0.84
192100	0.84	0.02	0.02	0	0	0.84
192200	0.84	0.01	0.01	0	0	0.84
192300	0.84	0.01	0.01	0	0	0.84
192400	0.84	0	0	0	0	0.84
192500	0.84	0.01	0.01	0	0	0.84
192600	0.84	0.01	0.01	0	0	0.84
192700	0.84	0.01	0.01	0	0	0.84
192800	0.84	0.01	0.01	0	0	0.84
192900	0.85	0	0	0	0	0.85
193000	0.85	0.02	0.02	0	0	0.85
193100	0.85	0.03	0.03	0	0	0.85
193200	0.85	0.03	0.03	0	0	0.85
193300	0.85	0.02	0.02	0	0	0.85
193400	0.85	0.02	0.02	0	0	0.85
193500	0.85	0.02	0.02	0	0	0.85
193600	0.85	0	0	0	0	0.85
193700	0.85	0.01	0.01	0	0	0.85
193800	0.85	0.01	0.01	0	0	0.85
193900	0.85	0.01	0.01	0	0	0.85
194000	0.85	0.01	0.01	0	0	0.85
194100	0.85	0	0	0	0	0.85
194200	0.85	0	0	0	0	0.85
194300	0.85	0	0	0	0	0.85
194400	0.85	0	0	0	0	0.85
194500	0.85	0	0	0	0	0.85
194600	0.85	0.01	0.01	0	0	0.85
194700	0.85	0.01	0.01	0	0	0.85
194800	0.85	0.01	0.01	0	0	0.85
194900	0.85	0.01	0.01	0	0	0.85
195000	0.85	0.03	0.03	0	0	0.85
195100	0.85	0.03	0.03	0	0	0.85
195200	0.85	0.03	0.03	0	0	0.85
195300	0.85	0.02	0.02	0	0	0.85
195400	0.85	0.01	0.01	0	0	0.85
195500	0.85	0.01	0.01	0	0	0.85
195600	0.85	0	0	0	0	0.85
195700	0.85	0	0	0	0	0.85
195800	0.85	0	0	0	0	0.85
195900	0.85	0	0	0	0	0.85
196000	0.85	0	0	0	0	0.85
196100	0.85	0.01	0.01	0	0	0.85
196200	0.85	0.01	0.01	0	0	0.85
196300	0.85	0	0	0	0	0.85
196400	0.85	0	0	0	0	0.85
196500	0.85	0.01	0.01	0	0	0.85
196600	0.85	0.01	0.01	0	0	0.85
196700	0.85	0.02	0.02	0	0	0.85
196800	0.85	0.02	0.02	0	0	0.85
196900	0.85	0.02	0.02	0	0	0.85
197000	0.85	0	0	0	0	0.85
197100	0.85	0.01	0.01	0	0	0.85
197200	0.85	0.01	0.01	0	0	0.85
197300	0.85	0.02	0.02	0	0	0.85
197400	0.85	0.02	0.02	0	0	0.85
197500	0.85	0.02	0.02	0	0	0.85
197600	0.85	0.01	0.01	0	0	0.85
197700	0.85	0.01	0.01	0	0	0.85
197800	0.85	0.01	0.01	0	0	0.85
197900	0.85	0	0	0	0	0.85
198000	0.85	0	0	0	0	0.85
198100	0.85	0.01	0.01	0	0	0.85
198200	0.85	0	0	0	0	0.85
198300	0.85	0	0	0	0	0.85
198400	0.85	0	0	0	0	0.85
198500	0.85	0	0	0	0	0.85
198600	0.85	0	0	0	0	0.85
198700	0.85	0	0	0	0	0.85
198800	0.85	0	0	0	0	0.85
198900	0.85	0	0	0	0	0.85
199000	0.85	0.01	0.01	0	0	0.85
199100	0.85	0.01	0.01	0	0	0.85
199200	0.85	0.01	0.01	0	0	0.85
199300	0.85	0	0	0	0	0.85
199400	0.85	0	0	0	0	0.85
199500	0.85	0.01	0.01	0	0	0.85
199600	0.85	0.01	0.01	0	0	0.85
199700	0.85	0.01	0.01	0	0	0.85
199800	0.85	0.01	0.01	0	0	0.85
199900	0.85	0	0	0	0	0.85
200000	0.85	0	0	0	0	0.85
200100	0.85	0	0	0	0	0.85
200200	0.85	0.01	0.01	0	0	0.85
200300	0.85	0.01	0.01	0	0	0.85
200400	0.85	0.01	0.01	0	0	0.85
200500	0.85	0.01	0.01	0	0	0.85
200600	0.85	0.03	0.03	0	0	0.85
200700	0.85	0.02	0.02	0	0	0.85
200800	0.85	0.02	0.02	0	0	0.85
200900	0.85	0.02	0.02	0	0	0.85
201000	0.85	0.02	0.02	0	0	0.85
201100	0.85	0.02	0.02	0	0	0.85
201200	0.85	0.03	0.03	0	0	0.85
201300	0.85	0.01	0.01	0	0	0.85
201400	0.85	0.01	0.01	0	0	0.85
201500	0.85	0.01	0.01	0	0	0.85
201600	0.85	0.01	0.01	0	0	0.85
201700	0.85	0.02	0.02	0	0	0.85
201800	0.85	0.02	0.02	0	0	0.85
201900	0.85	0.03	0.03	0	0	0.85
202000	0.85	0.03	0.03	0	0	0.85
202100	0.85	0.02	0.02	0	0	0.85
202200	0.85	0.02	0.02	0	0	0.85
202300	0.85	0.01	0.01	0	0	0.85
202400	0.85	0.01	0.01	0	0	0.85
202500	0.85	0.01	0.01	0	0	0.85
202600	0.85	0.01	0.01	0	0	0.85
202700	0.85	0.01	0.01	0	0	0.85
202800	0.85	0.01	0.01	0	0	0.85
202900	0.85	0.01	0.01	0	0	0.85
203000	0.85	0	0	0	0	0.85
203100	0.85	0.01	0.01	0	0	0.85
203200	0.85	0.01	0.01	0	0	0.85
203300	0.85	0.01	0.01	0	0	0.85
203400	0.85	0.01	0.01	0	0	0.85
203500	0.85	0.01	0.01	0	0	0.85
203600	0.85	0.02	0.02	0	0	0.85
203700	0.85	0.01	0.01	0	0	0.85
203800	0.85	0	0	0	0	0.85
203900	0.85	0	0	0	0	0.85
204000	0.85	0	0	0	0	0.85
204100	0.85	0.01	0.01	0	0	0.85
204200	0.85	0.02	0.02	0	0	0.85
204300	0.85	0.02	0.02	0	0	0.85
204400	0.85	0.02	0.02	0	0	0.85
204500	0.85	0.03	0.03	0	0	0.85
204600	0.85	0.03	0.03	0	0	0.85
204700	0.85	0.02	0.02	0	0	0.85
204800	0.85	0	0	0	0	0.85
204900	0.85	0	0	0	0	0.85
205000	0.85	0	0	0	0	0.85
205100	0.85	0.01	0.01	0	0	0.85
205200	0.85	0.02	0.02	0	0	0.85
205300	0.85	0.02	0.02	0	0	0.85
205400	0.85	0.02	0.02	0	0	0.85
205500	0.85	0.02	0.02	0	0	0.85
205600	0.85	0.03	0.03	0	0	0.85
205700	0.85	0.02	0.02	0	0	0.85
205800	0.85	0.01	0.01	0	0	0.85
205900	0.85	0.01	0.01	0	0	0.85
206000	0.85	0	0	0	0	0.85
206100	0.85	0	0	0	0	0.85
206200	0.85	0	0	0	0	0.85
206300	0.85	0	0	0	0	0.85
206400	0.85	0	0	0	0	0.85
206500	0.85	0.01	0.01	0	0	0.85
206600	0.85	0.01	0.01	0	0	0.85
206700	0.85	0.01	0.01	0	0	0.85
206800	0.85	0.02	0.02	0	0	0.85
206900	0.85	0.01	0.01	0	0	0.85
207000	0.85	0	0	0	0	0.85
207100	0.85	0.01	0.01	0	0	0.85
207200	0.85	0.02	0.02	0	0	0.85
207300	0.85	0.02	0.02	0	0	0.85
207400	0.85	0.02	0.02	0	0	0.85
207500	0.85	0.01	0.01	0	0	0.85
207600	0.85	0.01	0.01	0	0	0.85
207700	0.85	0	0	0	0	0.85
207800	0.85	0	0	0	0	0.85
207900	0.85	0	0	0	0	0.85
208000	0.85	0	0	0	0	0.85
208100	0.85	0	0	0	0	0.85
208200	0.85	0.01	0.01	0	0	0.85
208300	0.85	0.01	0.01	0	0	0.85
208400	0.85	0.01	0.01	0	0	0.85
208500	0.85	0.01	0.01	0	0	0.85
208600	0.85	0.01	0.01	0	0	0.85
208700	0.85	0.01	0.01	0	0	0.85
208800	0.85	0.01	0.01	0	0	0.85
208900	0.85	0.01	0.01	0	0	0.85
209000	0.85	0.02	0.02	0	0	0.85
209100	0.85	0.02	0.02	0	0	0.85
209200	0.85	0.02	0.02	0	0	0.85
209300	0.85	0	0	0	0	0.85
209400	0.85	0	0	0	0	0.85
209500	0.85	0	0	0	0	0.85
209600	0.85	0	0	0	0	0.85
209700	0.85	0	0	0	0	0.85
209800	0.85	0	0	0	0	0.85
209900	0.85	0	0	0	0	0.85
210000	0.85	0	0	0	0	0.85
210100	0.85	0	0	0	0	0.85
210200	0.85	0	0	0	0	0.85
210300	0.85	0	0	0	0	0.85
210400	0.85	0.01	0.01	0	0	0.85
210500	0.85	0.01	0.01	0	0	0.85
210600	0.85	0.01	0.01	0	0	0.85
210700	0.85	0	0	0	0	0.85
210800	0.85	0	0	0	0	0.85
210900	0.85	0	0	0	0	0.85
211000	0.85	0.01	0.01	0	0	0.85
211100	0.85	0.01	0.01	0	0	0.85
211200	0.85	0.01	0.01	0	0	0.85
211300	0.85	0.01	0.01	0	0	0.85
211400	0.85	0.02	0.02	0	0	0.85
211500	0.85	0.01	0.01	0	0	0.85
211600	0.85	0.01	0.01	0	0	0.85
211700	0.85	0.01	0.01	0	0	0.85
211800	0.85	0.01	0.01	0	0	0.85
211900	0.85	0.01	0.01	0	0	0.85
212000	0.85	0.01	0.01	0	0	0.85
212100	0.85	0.01	0.01	0	0	0.85
212200	0.85	0.01	0.01	0	0	0.85
212300	0.85	0.01	0.01	0	0	0.85
212400	0.85	0.01	0.01	0	0	0.85
212500	0.85	0.01	0.01	0	0	0.85
212600	0.85	0.01	0.01	0	0	0.85
212700	0.85	0.01	0.01	0	0	0.85
212800	0.85	0.01	0.01	0	0	0.85
212900	0.85	0.01	0.01	0	0	0.85
213000	0.85	0.01	0.01	0	0	0.85
213100	0.85	0.01	0.01	0	0	0.85
213200	0.85	0.01	0.01	0	0	0.85
213300	0.85	0.02	0.02	0	0	0.85
213400	0.85	0.01	0.01	0	0	0.85
213500	0.85	0.02	0.02	0	0	0.85
213600	0.85	0.02	0.02	0	0	0.85
213700	0.85	0.02	0.02	0	0	0.85
213800	0.85	0.02	0.02	0	0	0.85
213900	0.85	0.01	0.01	0	0	0.85
214000	0.85	0.01	0.01	0	0	0.85
214100	0.85	0	0	0	0	0.85
214200	0.85	0	0	0	0	0.85
214300	0.85	0	0	0	0	0.85
214400	0.85	0	0	0	0	0.85
214500	0.85	0	0	0	0	0.85
214600	0.85	0	0	0	0	0.85
214700	0.85	0	0	0	0	0.85
214800	0.85	0	0	0	0	0.85
214900	0.85	0	0	0	0	0.85
215000	0.85	0	0	0	0	0.85
215100	0.85	0	0	0	0	0.85
215200	0.85	0	0	0	0	0.85
215300	0.85	0.01	0.01	0	0	0.85
215400	0.85	0.02	0.02	0	0	0.85
215500	0.85	0.02	0.02	0	0	0.85
215600	0.85	0.02	0.02	0	0	0.85
215700	0.85	0.02	0.02	0	0	0.85
215800	0.85	0.02	0.02	0	0	0.85
215900	0.85	0.01	0.01	0	0	0.85
216000	0.85	0	0	0	0	0.85
216100	0.85	0	0	0	0	0.85
216200	0.85	0	0	0	0	0.85
216300	0.85	0	0	0	0	0.85
216400	0.85	0	0	0	0	0.85
216500	0.85	0	0	0	0	0.85
216600	0.85	0.01	0.01	0	0	0.85
216700	0.85	0.01	0.01	0	0	0.85
216800	0.85	0.02	0.02	0	0	0.85
216900	0.85	0.02	0.02	0	0	0.85
217000	0.85	0.02	0.02	0	0	0.85
217100	0.85	0.02	0.02	0	0	0.85
217200	0.85	0.02	0.02	0	0	0.85
217300	0.85	0.01	0.01	0	0	0.85
217400	0.85	0.02	0.02	0	0	0.85
217500	0.85	0.02	0.02	0	0	0.85
217600	0.85	0.02	0.02	0	0	0.85
217700	0.85	0.01	0.01	0	0	0.85
217800	0.85	0.01	0.01	0	0	0.85
217900	0.85	0	0	0	0	0.85
218000	0.85	0	0	0	0	0.85
218100	0.85	0	0	0	0	0.85
218200	0.85	0	0	0	0	0.85
218300	0.85	0	0	0	0	0.85
218400	0.85	0	0	0	0	0.85
218500	0.85	0	0	0	0	0.85
218600	0.85	0	0	0	0	0.85
218700	0.85	0	0	0	0	0.85
218800	0.85	0.01	0.01	0	0	0.85
218900	0.85	0.01	0.01	0	0	0.85
219000	0.85	0.01	0.01	0	0	0.85
219100	0.85	0	0	0	0	0.85
219200	0.85	0	0	0	0	0.85
219300	0.85	0.01	0.01	0	0	0.85
219400	0.85	0.01	0.01	0	0	0.85
219500	0.85	0.01	0.01	0	0	0.85
219600	0.85	0.01	0.01	0	0	0.85
219700	0.85	0.04	0.04	0	0	0.85
219800	0.85	0.04	0.04	0	0	0.85
219900	0.85	0.03	0.03	0	0	0.85
220000	0.85	0.02	0.02	0	0	0.85
220100	0.85	0.02	0.02	0	0	0.85
220200	0.85	0.01	0.01	0	0	0.85
220300	0.85	0	0	0	0	0.85
220400	0.85	0.01	0.01	0	0	0.85
220500	0.85	0.01	0.01	0	0	0.85
220600	0.85	0.01	0.01	0	0	0.85
220700	0.85	0.02	0.02	0	0	0.85
220800	0.85	0.02	0.02	0	0	0.85
220900	0.85	0	0	0	0	0.85
221000	0.85	0	0	0	0	0.85
221100	0.85	0	0	0	0	0.85
221200	0.85	0	0	0	0	0.85
221300	0.85	0	0	0	0	0.85
221400	0.85	0	0	0	0	0.85
221500	0.85	0	0	0	0	0.85
221600	0.85	0.01	0.01	0	0	0.85
221700	0.85	0.01	0.01	0	0	0.85
221800	0.85	0.01	0.01	0	0	0.85
221900	0.85	0.01	0.01	0	0	0.85
222000	0.85	0	0	0	0	0.85
222100	0.85	0	0	0	0	0.85
222200	0.85	0.01	0.01	0	0	0.85
222300	0.85	0.01	0.01	0	0	0.85
222400	0.85	0.01	0.01	0	0	0.85
222500	0.85	0	0	0	0	0.85
222600	0.85	0	0	0	0	0.85
222700	0.85	0	0	0	0	0.85
222800	0.85	0	0	0	0	0.85
222900	0.85	0	0	0	0	0.85
223000	0.85	0	0	0	0	0.85
223100	0.85	0.02	0.02	0	0	0.85
223200	0.85	0.02	0.02	0	0	0.85
223300	0.85	0.02	0.02	0	0	0.85
223400	0.85	0.01	0.01	0	0	0.85
223500	0.85	0	0	0	0	0.85
223600	0.85	0	0	0	0	0.85
223700	0.85	0	0	0	0	0.85
223800	0.85	0	0	0	0	0.85
223900	0.85	0	0	0	0	0.85
224000	0.85	0	0	0	0	0.85
224100	0.85	0	0	0	0	0.85
224200	0.85	0	0	0	0	0.85
224300	0.85	0	0	0	0	0.85
224400	0.85	0	0	0	0	0.85
224500	0.85	0	0	0	0	0.85
224600	0.85	0	0	0	0	0.85
224700	0.85	0.01	0.01	0	0	0.85
224800	0.85	0.01	0.01	0	0	0.85
224900	0.85	0.01	0.01	0	0	0.85
225000	0.85	0	0	0	0	0.85
225100	0.85	0	0	0	0	0.85
225200	0.85	0	0	0	0	0.85
225300	0.85	0	0	0	0	0.85
225400	0.85	0	0	0	0	0.85
225500	0.85	0	0	0	0	0.85
225600	0.85	0.01	0.01	0	0	0.85
225700	0.85	0.01	0.01	0	0	0.85
225800	0.85	0.01	0.01	0	0	0.85
225900	0.85	0.01	0.01	0	0	0.85
226000	0.85	0.01	0.01	0	0	0.85
226100	0.85	0.01	0.01	0	0	0.85
226200	0.85	0.01	0.01	0	0	0.85
226300	0.85	0	0	0	0	0.85
226400	0.85	0	0	0	0	0.85
226500	0.85	0	0	0	0	0.85
226600	0.85	0	0	0	0	0.85
226700	0.85	0.01	0.01	0	0	0.85
226800	0.85	0.02	0.02	0	0	0.85
226900	0.85	0.02	0.02	0	0	0.85
227000	0.85	0	0	0	0	0.85
227100	0.85	0	0	0	0	0.85
227200	0.85	0	0	0	0	0.85
227300	0.85	0	0	0	0	0.85
227400	0.85	0	0	0	0	0.85
227500	0.85	0	0	0	0	0.85
227600	0.85	0	0	0	0	0.85
227700	0.85	0	0	0	0	0.85
227800	0.85	0.02	0.02	0	0	0.85
227900	0.85	0.02	0.02	0	0	0.85
228000	0.85	0.02	0.02	0	0	0.85
228100	0.85	0.02	0.02	0	0	0.85
228200	0.85	0.02	0.02	0	0	0.85
228300	0.85	0.02	0.02	0	0	0.85
228400	0.85	0.01	0.01	0	0	0.85
228500	0.85	0	0	0	0	0.85
228600	0.85	0	0	0	0	0.85
228700	0.85	0	0	0	0	0.85
228800	0.85	0	0	0	0	0.85
228900	0.85	0	0	0	0	0.85
229000	0.85	0	0	0	0	0.85
229100	0.85	0	0	0	0	0.85
229200	0.85	0.01	0.01	0	0	0.85
229300	0.85	0.01	0.01	0	0	0.85
229400	0.85	0.01	0.01	0	0	0.85
229500	0.85	0	0	0	0	0.85
229600	0.85	0	0	0	0	0.85
229700	0.85	0	0	0	0	0.85
229800	0.85	0	0	0	0	0.85
229900	0.84	0	0	0	0	0.84
230000	0.84	0	0	0	0	0.84
230100	0.84	0	0	0	0	0.84
230200	0.84	0	0	0	0	0.84
230300	0.84	0	0	0	0	0.84
230400	0.84	0	0	0	0	0.84
230500	0.84	0	0	0	0	0.84
230600	0.84	0	0	0	0	0.84
230700	0.84	0	0	0	0	0.84
230800	0.84	0	0	0	0	0.84
230900	0.84	0	0	0	0	0.84
231000	0.84	0	0	0	0	0.84
231100	0.84	0	0	0	0	0.84
231200	0.84	0	0	0	0	0.84
231300	0.84	0	0	0	0	0.84
231400	0.84	0	0	0	0	0.84
231500	0.84	0	0	0	0	0.84
231600	0.84	0	0	0	0	0.84
231700	0.84	0.01	0.01	0	0	0.84
231800	0.84	0.01	0.01	0	0	0.84
231900	0.84	0.01	0.01	0	0	0.84
232000	0.84	0.01	0.01	0	0	0.84
232100	0.84	0	0	0	0	0.84
232200	0.84	0	0	0	0	0.84
232300	0.84	0.01	0.01	0	0	0.84
232400	0.84	0	0	0	0	0.84
232500	0.84	0	0	0	0	0.84
232600	0.84	0	0	0	0	0.84
232700	0.84	0.01	0.01	0	0	0.84
232800	0.84	0	0	0	0	0.84
232900	0.84	0.01	0.01	0	0	0.84
233000	0.84	0.02	0.02	0	0	0.84
233100	0.84	0.03	0.03	0	0	0.84
233200	0.85	0.03	0.03	0	0	0.85
233300	0.85	0.04	0.04	0	0	0.85
233400	0.85	0.03	0.03	0	0	0.85
233500	0.85	0.02	0.02	0	0	0.85
233600	0.85	0	0	0	0	0.85
233700	0.85	0	0	0	0	0.85
233800	0.85	0	0	0	0	0.85
233900	0.84	0	0	0	0	0.84
234000	0.84	0	0	0	0	0.84
234100	0.84	0	0	0	0	0.84
234200	0.84	0	0	0	0	0.84
234300	0.84	0	0	0	0	0.84
234400	0.84	0	0	0	0	0.84
234500	0.84	0	0	0	0	0.84
234600	0.84	0	0	0	0	0.84
234700	0.84	0	0	0	0	0.84
234800	0.84	0.01	0.01	0	0	0.84
234900	0.84	0.02	0.02	0	0	0.84
235000	0.84	0.02	0.02	0	0	0.84
235100	0.84	0.01	0.01	0	0	0.84
235200	0.84	0.01	0.01	0	0	0.84
235300	0.84	0.02	0.02	0	0	0.84
235400	0.84	0.01	0.01	0	0	0.84
235500	0.84	0.01	0.01	0	0	0.84
235600	0.84	0.01	0.01	0	0	0.84
235700	0.84	0	0	0	0	0.84
235800	0.85	0	0	0	0	0.85
235900	0.85	0	0	0	0	0.85
236000	0.85	0	0	0	0	0.85
236100	0.85	0	0	0	0	0.85
236200	0.85	0	0	0	0	0.85
236300	0.85	0	0	0	0	0.85
236400	0.85	0.02	0.02	0	0	0.85
236500	0.85	0.02	0.02	0	0	0.85
236600	0.85	0.03	0.03	0	0	0.85
236700	0.85	0.03	0.03	0	0	0.85
236800	0.85	0.03	0.03	0	0	0.85
236900	0.85	0.03	0.03	0	0	0.85
237000	0.85	0.02	0.02	0	0	0.85
237100	0.85	0.01	0.01	0	0	0.85
237200	0.85	0	0	0	0	0.85
237300	0.85	0	0	0	0	0.85
237400	0.85	0	0	0	0	0.85
237500	0.85	0	0	0	0	0.85
237600	0.85	0.01	0.01	0	0	0.85
237700	0.85	0.02	0.02	0	0	0.85
237800	0.85	0.01	0.01	0	0	0.85
237900	0.85	0.02	0.02	0	0	0.85
238000	0.85	0.01	0.01	0	0	0.85
238100	0.85	0.01	0.01	0	0	0.85
238200	0.85	0	0	0	0	0.85
238300	0.85	0.01	0.01	0	0	0.85
238400	0.85	0.01	0.01	0	0	0.85
238500	0.85	0.01	0.01	0	0	0.85
238600	0.85	0.01	0.01	0	0	0.85
238700	0.85	0.01	0.01	0	0	0.85
238800	0.85	0.02	0.02	0	0	0.85
238900	0.85	0.01	0.01	0	0	0.85
239000	0.85	0.01	0.01	0	0	0.85
239100	0.85	0.01	0.01	0	0	0.85
239200	0.85	0.01	0.01	0	0	0.85
239300	0.85	0	0	0	0	0.85
239400	0.85	0	0	0	0	0.85
239500	0.85	0.01	0.01	0	0	0.85
239600	0.85	0.01	0.01	0	0	0.85
239700	0.85	0.02	0.02	0	0	0.85
239800	0.85	0.02	0.02	0	0	0.85
239900	0.85	0.02	0.02	0	0	0.85
240000	0.85	0.02	0.02	0	0	0.85
240100	0.85	0.01	0.01	0	0	0.85
240200	0.85	0.01	0.01	0	0	0.85
240300	0.85	0.01	0.01	0	0	0.85
240400	0.85	0	0	0	0	0.85
240500	0.85	0	0	0	0	0.85
240600	0.85	0	0	0	0	0.85
240700	0.85	0	0	0	0	0.85
240800	0.85	0	0	0	0	0.85
240900	0.85	0	0	0	0	0.85
241000	0.85	0	0	0	0	0.85
241100	0.85	0	0	0	0	0.85
241200	0.85	0	0	0	0	0.85
241300	0.85	0.01	0.01	0	0	0.85
241400	0.85	0.01	0.01	0	0	0.85
241500	0.85	0.01	0.01	0	0	0.85
241600	0.85	0.02	0.02	0	0	0.85
241700	0.85	0.01	0.01	0	0	0.85
241800	0.85	0.01	0.01	0	0	0.85
241900	0.85	0.01	0.01	0	0	0.85
242000	0.85	0.01	0.01	0	0	0.85
242100	0.85	0.01	0.01	0	0	0.85
242200	0.85	0	0	0	0	0.85
242300	0.85	0	0	0	0	0.85
242400	0.85	0	0	0	0	0.85
242500	0.85	0.01	0.01	0	0	0.85
242600	0.85	0.01	0.01	0	0	0.85
242700	0.85	0.02	0.02	0	0	0.85
242800	0.85	0.01	0.01	0	0	0.85
242900	0.85	0.02	0.02	0	0	0.85
243000	0.85	0.02	0.02	0	0	0.85
243100	0.85	0.02	0.02	0	0	0.85
243200	0.85	0.02	0.02	0	0	0.85
243300	0.85	0.02	0.02	0	0	0.85
243400	0.85	0.01	0.01	0	0	0.85
243500	0.85	0.01	0.01	0	0	0.85
243600	0.85	0.01	0.01	0	0	0.85
243700	0.85	0.02	0.02	0	0	0.85
243800	0.85	0.02	0.02	0	0	0.85
243900	0.85	0.01	0.01	0	0	0.85
244000	0.85	0.01	0.01	0	0	0.85
244100	0.85	0.01	0.01	0	0	0.85
244200	0.85	0	0	0	0	0.85
244300	0.85	0	0	0	0	0.85
244400	0.85	0	0	0	0	0.85
244500	0.85	0	0	0	0	0.85
244600	0.85	0	0	0	0	0.85
244700	0.85	0	0	0	0	0.85
244800	0.85	0	0	0	0	0.85
244900	0.85	0.02	0.02	0	0	0.85
245000	0.85	0.02	0.02	0	0	0.85
245100	0.85	0.02	0.02	0	0	0.85
245200	0.85	0.02	0.02	0	0	0.85
245300	0.85	0.03	0.03	0	0	0.85
245400	0.85	0.03	0.03	0	0	0.85
245500	0.85	0.03	0.03	0	0	0.85
245600	0.85	0.02	0.02	0	0	0.85
245700	0.85	0.02	0.02	0	0	0.85
245800	0.85	0.01	0.01	0	0	0.85
245900	0.85	0.01	0.01	0	0	0.85
246000	0.85	0	0	0	0	0.85
246100	0.85	0	0	0	0	0.85
246200	0.85	0	0	0	0	0.85
246300	0.85	0	0	0	0	0.85
246400	0.85	0	0	0	0	0.85
246500	0.85	0	0	0	0	0.85
246600	0.85	0	0	0	0	0.85
246700	0.85	0	0	0	0	0.85
246800	0.85	0	0	0	0	0.85
246900	0.85	0	0	0	0	0.85
247000	0.85	0.01	0.01	0	0	0.85
247100	0.85	0.02	0.02	0	0	0.85
247200	0.85	0.02	0.02	0	0	0.85
247300	0.85	0.02	0.02	0	0	0.85
247400	0.85	0.03	0.03	0	0	0.85
247500	0.85	0.04	0.04	0	0	0.85
247600	0.85	0.02	0.02	0	0	0.85
247700	0.85	0.01	0.01	0	0	0.85
247800	0.85	0	0	0	0	0.85
247900	0.85	0	0	0	0	0.85
248000	0.85	0	0	0	0	0.85
248100	0.85	0	0	0	0	0.85
248200	0.85	0	0	0	0	0.85
248300	0.85	0	0	0	0	0.85
248400	0.85	0	0	0	0	0.85
248500	0.85	0	0	0	0	0.85
248600	0.85	0	0	0	0	0.85
248700	0.85	0	0	0	0	0.85
248800	0.85	0	0	0	0	0.85
248900	0.85	0	0	0	0	0.85
249000	0.85	0	0	0	0	0.85
249100	0.85	0	0	0	0	0.85
249200	0.85	0.01	0.01	0	0	0.85
249300	0.85	0.01	0.01	0	0	0.85
249400	0.85	0.01	0.01	0	0	0.85
249500	0.85	0.01	0.01	0	0	0.85
249600	0.85	0.01	0.01	0	0	0.85
249700	0.85	0.03	0.03	0	0	0.85
249800	0.85	0.02	0.02	0	0	0.85
249900	0.85	0.01	0.01	0	0	0.85
250000	0.85	0.02	0.02	0	0	0.85
250100	0.85	0.02	0.02	0	0	0.85
250200	0.85	0.03	0.03	0	0	0.85
250300	0.85	0.04	0.04	0	0	0.85
250400	0.85	0.03	0.03	0	0	0.85
250500	0.85	0.03	0.03	0	0	0.85
250600	0.85	0.01	0.01	0	0	0.85
250700	0.85	0.01	0.01	0	0	0.85
250800	0.85	0.01	0.01	0	0	0.85
250900	0.85	0.02	0.02	0	0	0.85
251000	0.85	0.01	0.01	0	0	0.85
251100	0.85	0	0	0	0	0.85
251200	0.85	0.01	0.01	0	0	0.85
251300	0.85	0.01	0.01	0	0	0.85
251400	0.85	0.01	0.01	0	0	0.85
251500	0.85	0.01	0.01	0	0	0.85
251600	0.85	0.02	0.02	0	0	0.85
251700	0.85	0.03	0.03	0	0	0.85
251800	0.85	0.03	0.03	0	0	0.85
251900	0.85	0.03	0.03	0	0	0.85
252000	0.85	0.03	0.03	0	0	0.85
252100	0.85	0.03	0.03	0	0	0.85
252200	0.85	0.03	0.03	0	0	0.85
252300	0.85	0.02	0.02	0	0	0.85
252400	0.85	0.01	0.01	0	0	0.85
252500	0.85	0.01	0.01	0	0	0.85
252600	0.85	0	0	0	0	0.85
252700	0.85	0	0	0	0	0.85
252800	0.85	0	0	0	0	0.85
252900	0.85	0	0	0	0	0.85
253000	0.85	0	0	0	0	0.85
253100	0.85	0.01	0.01	0	0	0.85
253200	0.85	0.01	0.01	0	0	0.85
253300	0.85	0.02	0.02	0	0	0.85
253400	0.85	0.03	0.03	0	0	0.85
253500	0.85	0.03	0.03	0	0	0.85
253600	0.85	0.02	0.02	0	0	0.85
253700	0.85	0.02	0.02	0	0	0.85
253800	0.85	0.02	0.02	0	0	0.85
253900	0.85	0	0	0	0	0.85
254000	0.85	0.01	0.01	0	0	0.85
254100	0.85	0.01	0.01	0	0	0.85
254200	0.85	0.01	0.01	0	0	0.85
254300	0.85	0	0	0	0	0.85
254400	0.85	0	0	0	0	0.85
254500	0.85	0	0	0	0	0.85
254600	0.85	0	0	0	0	0.85
254700	0.85	0	0	0	0	0.85
254800	0.85	0	0	0	0	0.85
254900	0.85	0.01	0.01	0	0	0.85
255000	0.85	0.01	0.01	0	0	0.85
255100	0.85	0.02	0.02	0	0	0.85
255200	0.85	0.02	0.02	0	0	0.85
255300	0.85	0.02	0.02	0	0	0.85
255400	0.85	0.01	0.01	0	0	0.85
255500	0.85	0.02	0.02	0	0	0.85
255600	0.85	0.02	0.02	0	0	0.85
255700	0.85	0.01	0.01	0	0	0.85
255800	0.85	0.01	0.01	0	0	0.85
255900	0.85	0.01	0.01	0	0	0.85
256000	0.85	0	0	0	0	0.85
256100	0.85	0	0	0	0	0.85
256200	0.85	0	0	0	0	0.85
256300	0.85	0	0	0	0	0.85
256400	0.85	0	0	0	0	0.85
256500	0.85	0	0	0	0	0.85
256600	0.85	0.02	0.02	0	0	0.85
256700	0.85	0.03	0.03	0	0	0.85
256800	0.85	0.03	0.03	0	0	0.85
256900	0.85	0.03	0.03	0	0	0.85
257000	0.85	0.03	0.03	0	0	0.85
257100	0.85	0.02	0.02	0	0	0.85
257200	0.85	0.01	0.01	0	0	0.85
257300	0.85	0.01	0.01	0	0	0.85
257400	0.85	0.01	0.01	0	0	0.85
257500	0.85	0.01	0.01	0	0	0.85
257600	0.85	0.01	0.01	0	0	0.85
257700	0.85	0.01	0.01	0	0	0.85
257800	0.85	0.02	0.02	0	0	0.85
257900	0.85	0.02	0.02	0	0	0.85
258000	0.85	0	0	0	0	0.85
258100	0.85	0	0	0	0	0.85
258200	0.85	0	0	0	0	0.85
258300	0.85	0	0	0	0	0.85
258400	0.85	0	0	0	0	0.85
258500	0.85	0	0	0	0	0.85
258600	0.85	0	0	0	0	0.85
258700	0.85	0	0	0	0	0.85
258800	0.85	0	0	0	0	0.85
258900	0.85	0	0	0	0	0.85
259000	0.85	0.01	0.01	0	0	0.85
259100	0.85	0.01	0.01	0	0	0.85
259200	0.85	0.01	0.01	0	0	0.85
259300	0.85	0.01	0.01	0	0	0.85
259400	0.85	0.01	0.01	0	0	0.85
259500	0.85	0.01	0.01	0	0	0.85
259600	0.85	0	0	0	0	0.85
259700	0.85	0	0	0	0	0.85
259800	0.85	0.02	0.02	0	0	0.85
259900	0.85	0.01	0.01	0	0	0.85
260000	0.85	0.01	0.01	0	0	0.85
260100	0.85	0.01	0.01	0	0	0.85
260200	0.85	0.01	0.01	0	0	0.85
260300	0.85	0	0	0	0	0.85
260400	0.85	0	0	0	0	0.85
260500	0.85	0	0	0	0	0.85
260600	0.85	0.01	0.01	0	0	0.85
260700	0.85	0.01	0.01	0	0	0.85
260800	0.85	0.01	0.01	0	0	0.85
260900	0.85	0.01	0.01	0	0	0.85
261000	0.85	0	0	0	0	0.85
261100	0.85	0.01	0.01	0	0	0.85
261200	0.85	0.02	0.02	0	0	0.85
261300	0.85	0.02	0.02	0	0	0.85
261400	0.85	0.03	0.03	0	0	0.85
261500	0.85	0.02	0.02	0	0	0.85
261600	0.85	0	0	0	0	0.85
261700	0.85	0	0	0	0	0.85
261800	0.85	0	0	0	0	0.85
261900	0.85	0.01	0.01	0	0	0.85
262000	0.85	0.01	0.01	0	0	0.85
262100	0.85	0.01	0.01	0	0	0.85
262200	0.85	0.02	0.02	0	0	0.85
262300	0.85	0.01	0.01	0	0	0.85
262400	0.85	0.01	0.01	0	0	0.85
262500	0.85	0.01	0.01	0	0	0.85
262600	0.85	0.01	0.01	0	0	0.85
262700	0.85	0.01	0.01	0	0	0.85
262800	0.85	0	0	0	0	0.85
262900	0.85	0	0	0	0	0.85
263000	0.85	0	0	0	0	0.85
263100	0.85	0	0	0	0	0.85
263200	0.85	0.01	0.01	0	0	0.85
263300	0.85	0.01	0.01	0	0	0.85
263400	0.85	0	0	0	0	0.85
263500	0.85	0.01	0.01	0	0	0.85
263600	0.85	0.01	0.01	0	0	0.85
263700	0.85	0.02	0.02	0	0	0.85
263800	0.85	0.03	0.03	0	0	0.85
263900	0.85	0.03	0.03	0	0	0.85
264000	0.85	0.01	0.01	0	0	0.85
264100	0.85	0	0	0	0	0.85
264200	0.85	0	0	0	0	0.85
264300	0.85	0	0	0	0	0.85
264400	0.85	0.01	0.01	0	0	0.85
264500	0.85	0.02	0.02	0	0	0.85
264600	0.85	0.02	0.02	0	0	0.85
264700	0.85	0.02	0.02	0	0	0.85
264800	0.85	0.01	0.01	0	0	0.85
264900	0.85	0.01	0.01	0	0	0.85
265000	0.85	0.01	0.01	0	0	0.85
265100	0.85	0.02	0.02	0	0	0.85
265200	0.85	0.03	0.03	0	0	0.85
265300	0.85	0.03	0.03	0	0	0.85
265400	0.85	0.01	0.01	0	0	0.85
265500	0.85	0	0	0	0	0.85
265600	0.85	0	0	0	0	0.85
265700	0.85	0	0	0	0	0.85
265800	0.85	0	0	0	0	0.85
265900	0.85	0	0	0	0	0.85
266000	0.85	0.01	0.01	0	0	0.85
266100	0.85	0.02	0.02	0	0	0.85
266200	0.85	0.02	0.02	0	0	0.85
266300	0.85	0.03	0.03	0	0	0.85
266400	0.85	0.03	0.03	0	0	0.85
266500	0.85	0.03	0.03	0	0	0.85
266600	0.85	0.02	0.02	0	0	0.85
266700	0.85	0.03	0.03	0	0	0.85
266800	0.85	0.01	0.01	0	0	0.85
266900	0.85	0	0	0	0	0.85
267000	0.85	0	0	0	0	0.85
267100	0.85	0	0	0	0	0.85
267200	0.85	0.01	0.01	0	0	0.85
267300	0.85	0.01	0.01	0	0	0.85
267400	0.85	0.01	0.01	0	0	0.85
267500	0.85	0.01	0.01	0	0	0.85
267600	0.85	0.01	0.01	0	0	0.85
267700	0.85	0	0	0	0	0.85
267800	0.85	0	0	0	0	0.85
267900	0.85	0.01	0.01	0	0	0.85
268000	0.85	0.01	0.01	0	0	0.85
268100	0.85	0.01	0.01	0	0	0.85
268200	0.85	0.01	0.01	0	0	0.85
268300	0.85	0.01	0.01	0	0	0.85
268400	0.85	0.02	0.02	0	0	0.85
268500	0.85	0.02	0.02	0	0	0.85
268600	0.85	0.03	0.03	0	0	0.85
268700	0.85	0.05	0.05	0	0	0.85
268800	0.85	0.04	0.04	0	0	0.85
268900	0.85	0.04	0.04	0	0	0.85
269000	0.85	0.03	0.03	0	0	0.85
269100	0.85	0.03	0.03	0	0	0.85
269200	0.85	0	0	0	0	0.85
269300	0.85	0.01	0.01	0	0	0.85
269400	0.85	0.01	0.01	0	0	0.85
269500	0.85	0.01	0.01	0	0	0.85
269600	0.85	0.01	0.01	0	0	0.85
269700	0.85	0	0	0	0	0.85
269800	0.85	0	0	0	0	0.85
269900	0.85	0.01	0.01	0	0	0.85
270000	0.85	0.01	0.01	0	0	0.85
270100	0.85	0.01	0.01	0	0	0.85
270200	0.85	0.01	0.01	0	0	0.85
270300	0.85	0.01	0.01	0	0	0.85
270400	0.85	0	0	0	0	0.85
270500	0.85	0	0	0	0	0.85
270600	0.85	0	0	0	0	0.85
270700	0.85	0	0	0	0	0.85
270800	0.85	0.02	0.02	0	0	0.85
270900	0.85	0.02	0.02	0	0	0.85
271000	0.85	0.03	0.03	0	0	0.85
271100	0.85	0.03	0.03	0	0	0.85
271200	0.85	0.03	0.03	0	0	0.85
271300	0.85	0.01	0.01	0	0	0.85
271400	0.85	0.01	0.01	0	0	0.85
271500	0.85	0	0	0	0	0.85
271600	0.85	0	0	0	0	0.85
271700	0.85	0	0	0	0	0.85
271800	0.85	0	0	0	0	0.85
271900	0.85	0	0	0	0	0.85
272000	0.85	0	0	0	0	0.85
272100	0.85	0	0	0	0	0.85
272200	0.85	0	0	0	0	0.85
272300	0.85	0	0	0	0	0.85
272400	0.85	0	0	0	0	0.85
272500	0.85	0.01	0.01	0	0	0.85
272600	0.85	0.02	0.02	0	0	0.85
272700	0.85	0.02	0.02	0	0	0.85
272800	0.85	0.02	0.02	0	0	0.85
272900	0.85	0.02	0.02	0	0	0.85
273000	0.85	0.02	0.02	0	0	0.85
273100	0.85	0.01	0.01	0	0	0.85
273200	0.85	0	0	0	0	0.85
273300	0.85	0.01	0.01	0	0	0.85
273400	0.85	0	0	0	0	0.85
273500	0.85	0	0	0	0	0.85
273600	0.85	0	0	0	0	0.85
273700	0.85	0	0	0	0	0.85
273800	0.85	0	0	0	0	0.85
273900	0.85	0	0	0	0	0.85
274000	0.85	0	0	0	0	0.85
274100	0.85	0	0	0	0	0.85
274200	0.85	0	0	0	0	0.85
274300	0.85	0	0	0	0	0.85
274400	0.85	0.01	0.01	0	0	0.85
274500	0.85	0.01	0.01	0	0	0.85
274600	0.85	0.01	0.01	0	0	0.85
274700	0.85	0.01	0.01	0	0	0.85
274800	0.85	0.01	0.01	0	0	0.85
274900	0.85	0.01	0.01	0	0	0.85
275000	0.85	0	0	0	0	0.85
275100	0.85	0.01	0.01	0	0	0.85
275200	0.85	0.01	0.01	0	0	0.85
275300	0.85	0.01	0.01	0	0	0.85
275400	0.85	0.01	0.01	0	0	0.85
275500	0.85	0.02	0.02	0	0	0.85
275600	0.85	0.02	0.02	0	0	0.85
275700	0.85	0.01	0.01	0	0	0.85
275800	0.85	0.02	0.02	0	0	0.85
275900	0.85	0.02	0.02	0	0	0.85
276000	0.85	0.03	0.03	0	0	0.85
276100	0.85	0.03	0.03	0	0	0.85
276200	0.85	0.03	0.03	0	0	0.85
276300	0.85	0.02	0.02	0	0	0.85
276400	0.85	0.01	0.01	0	0	0.85
276500	0.85	0	0	0	0	0.85
276600	0.85	0.01	0.01	0	0	0.85
276700	0.85	0.01	0.01	0	0	0.85
276800	0.85	0.01	0.01	0	0	0.85
276900	0.85	0.01	0.01	0	0	0.85
277000	0.85	0.04	0.04	0	0	0.85
277100	0.85	0.02	0.02	0	0	0.85
277200	0.85	0.01	0.01	0	0	0.85
277300	0.85	0.01	0.01	0	0	0.85
277400	0.85	0	0	0	0	0.85
277500	0.85	0.01	0.01	0	0	0.85
277600	0.85	0.01	0.01	0	0	0.85
277700	0.85	0.01	0.01	0	0	0.85
277800	0.85	0.01	0.01	0	0	0.85
277900	0.85	0.01	0.01	0	0	0.85
278000	0.85	0	0	0	0	0.85
278100	0.85	0.01	0.01	0	0	0.85
278200	0.85	0.01	0.01	0	0	0.85
278300	0.85	0.01	0.01	0	0	0.85
278400	0.85	0.01	0.01	0	0	0.85
278500	0.85	0.01	0.01	0	0	0.85
278600	0.85	0.01	0.01	0	0	0.85
278700	0.85	0	0	0	0	0.85
278800	0.85	0	0	0	0	0.85
278900	0.85	0	0	0	0	0.85
279000	0.85	0	0	0	0	0.85
279100	0.85	0	0	0	0	0.85
279200	0.85	0.01	0.01	0	0	0.85
279300	0.85	0.01	0.01	0	0	0.85
279400	0.85	0.01	0.01	0	0	0.85
279500	0.85	0.01	0.01	0	0	0.85
279600	0.85	0.01	0.01	0	0	0.85
279700	0.85	0.01	0.01	0	0	0.85
279800	0.85	0.01	0.01	0	0	0.85
279900	0.85	0	0	0	0	0.85
280000	0.85	0	0	0	0	0.85
280100	0.85	0	0	0	0	0.85
280200	0.85	0	0	0	0	0.85
280300	0.85	0	0	0	0	0.85
280400	0.85	0	0	0	0	0.85
280500	0.85	0	0	0	0	0.85
280600	0.85	0	0	0	0	0.85
280700	0.85	0	0	0	0	0.85
280800	0.85	0	0	0	0	0.85
280900	0.85	0.01	0.01	0	0	0.85
281000	0.85	0.01	0.01	0	0	0.85
281100	0.85	0.01	0.01	0	0	0.85
281200	0.85	0.01	0.01	0	0	0.85
281300	0.85	0.01	0.01	0	0	0.85
281400	0.85	0.01	0.01	0	0	0.85
281500	0.85	0.01	0.01	0	0	0.85
281600	0.85	0.01	0.01	0	0	0.85
281700	0.85	0.01	0.01	0	0	0.85
281800	0.85	0.01	0.01	0	0	0.85
281900	0.85	0	0	0	0	0.85
282000	0.85	0	0	0	0	0.85
282100	0.85	0	0	0	0	0.85
282200	0.85	0.01	0.01	0	0	0.85
282300	0.85	0.01	0.01	0	0	0.85
282400	0.85	0.01	0.01	0	0	0.85
282500	0.85	0	0	0	0	0.85
282600	0.85	0	0	0	0	0.85
282700	0.85	0	0	0	0	0.85
282800	0.85	0	0	0	0	0.85
282900	0.85	0	0	0	0	0.85
283000	0.85	0	0	0	0	0.85
283100	0.85	0	0	0	0	0.85
283200	0.85	0	0	0	0	0.85
283300	0.85	0	0	0	0	0.85
283400	0.85	0.01	0.01	0	0	0.85
283500	0.85	0.01	0.01	0	0	0.85
283600	0.85	0.01	0.01	0	0	0.85
283700	0.85	0.01	0.01	0	0	0.85
283800	0.85	0.01	0.01	0	0	0.85
283900	0.85	0.01	0.01	0	0	0.85
284000	0.85	0	0	0	0	0.85
284100	0.85	0	0	0	0	0.85
284200	0.85	0	0	0	0	0.85
284300	0.85	0	0	0	0	0.85
284400	0.85	0	0	0	0	0.85
284500	0.85	0.01	0.01	0	0	0.85
284600	0.85	0.02	0.02	0	0	0.85
284700	0.85	0.02	0.02	0	0	0.85
284800	0.85	0.02	0.02	0	0	0.85
284900	0.85	0.03	0.03	0	0	0.85
285000	0.85	0.01	0.01	0	0	0.85
285100	0.85	0	0	0	0	0.85
285200	0.85	0	0	0	0	0.85
285300	0.85	0	0	0	0	0.85
285400	0.85	0	0	0	0	0.85
285500	0.85	0	0	0	0	0.85
285600	0.85	0	0	0	0	0.85
285700	0.85	0	0	0	0	0.85
285800	0.85	0	0	0	0	0.85
285900	0.85	0	0	0	0	0.85
286000	0.85	0.01	0.01	0	0	0.85
286100	0.85	0.01	0.01	0	0	0.85
286200	0.85	0.01	0.01	0	0	0.85
286300	0.85	0.01	0.01	0	0	0.85
286400	0.85	0.01	0.01	0	0	0.85
286500	0.85	0.03	0.03	0	0	0.85
286600	0.85	0.02	0.02	0	0	0.85
286700	0.85	0.02	0.02	0	0	0.85
286800	0.85	0.01	0.01	0	0	0.85
286900	0.85	0.01	0.01	0	0	0.85
287000	0.85	0	0	0	0	0.85
287100	0.85	0	0	0	0	0.85
287200	0.85	0	0	0	0	0.85
287300	0.85	0.02	0.02	0	0	0.85
287400	0.85	0.02	0.02	0	0	0.85
287500	0.85	0.02	0.02	0	0	0.85
287600	0.85	0.02	0.02	0	0	0.85
287700	0.85	0.02	0.02	0	0	0.85
287800	0.85	0	0	0	0	0.85
287900	0.85	0	0	0	0	0.85
288000	0.85	0	0	0	0	0.85
288100	0.85	0	0	0	0	0.85
288200	0.85	0	0	0	0	0.85
288300	0.85	0	0	0	0	0.85
288400	0.85	0	0	0	0	0.85
288500	0.85	0	0	0	0	0.85
288600	0.85	0	0	0	0	0.85
288700	0.85	0	0	0	0	0.85
288800	0.85	0	0	0	0	0.85
288900	0.85	0	0	0	0	0.85
289000	0.85	0	0	0	0	0.85
289100	0.85	0	0	0	0	0.85
289200	0.85	0	0	0	0	0.85
289300	0.85	0	0	0	0	0.85
289400	0.85	0	0	0	0	0.85
289500	0.85	0.01	0.01	0	0	0.85
289600	0.85	0.01	0.01	0	0	0.85
289700	0.85	0.02	0.02	0	0	0.85
289800	0.85	0.02	0.02	0	0	0.85
289900	0.85	0.02	0.02	0	0	0.85
290000	0.85	0.02	0.02	0	0	0.85
290100	0.85	0.01	0.01	0	0	0.85
290200	0.85	0.01	0.01	0	0	0.85
290300	0.85	0	0	0	0	0.85
290400	0.85	0.01	0.01	0	0	0.85
290500	0.85	0.01	0.01	0	0	0.85
290600	0.85	0	0	0	0	0.85
290700	0.85	0	0	0	0	0.85
290800	0.85	0	0	0	0	0.85
290900	0.85	0	0	0	0	0.85
291000	0.85	0.01	0.01	0	0	0.85
291100	0.85	0.02	0.02	0	0	0.85
291200	0.85	0.02	0.02	0	0	0.85
291300	0.85	0.03	0.03	0	0	0.85
291400	0.85	0.03	0.03	0	0	0.85
291500	0.85	0.01	0.01	0	0	0.85
291600	0.85	0.01	0.01	0	0	0.85
291700	0.85	0	0	0	0	0.85
291800	0.85	0.01	0.01	0	0	0.85
291900	0.85	0.01	0.01	0	0	0.85
292000	0.85	0.01	0.01	0	0	0.85
292100	0.85	0.01	0.01	0	0	0.85
292200	0.85	0.01	0.01	0	0	0.85
292300	0.85	0	0	0	0	0.85
292400	0.85	0	0	0	0	0.85
292500	0.85	0	0	0	0	0.85
292600	0.85	0	0	0	0	0.85
292700	0.85	0	0	0	0	0.85
292800	0.85	0	0	0	0	0.85
292900	0.85	0	0	0	0	0.85
293000	0.85	0	0	0	0	0.85
293100	0.85	0	0	0	0	0.85
293200	0.85	0	0	0	0	0.85
293300	0.85	0.01	0.01	0	0	0.85
293400	0.85	0.01	0.01	0	0	0.85
293500	0.85	0.01	0.01	0	0	0.85
293600	0.85	0.02	0.02	0	0	0.85
293700	0.85	0.02	0.02	0	0	0.85
293800	0.85	0.02	0.02	0	0	0.85
293900	0.85	0.02	0.02	0	0	0.85
294000	0.85	0.03	0.03	0	0	0.85
294100	0.85	0.02	0.02	0	0	0.85
294200	0.85	0.02	0.02	0	0	0.85
294300	0.85	0	0	0	0	0.85
294400	0.85	0	0	0	0	0.85
294500	0.85	0	0	0	0	0.85
294600	0.85	0	0	0	0	0.85
294700	0.85	0	0	0	0	0.85
294800	0.85	0	0	0	0	0.85
294900	0.85	0.02	0.02	0	0	0.85
295000	0.85	0.02	0.02	0	0	0.85
295100	0.85	0.02	0.02	0	0	0.85
295200	0.85	0.02	0.02	0	0	0.85
295300	0.85	0.02	0.02	0	0	0.85
295400	0.85	0.01	0.01	0	0	0.85
295500	0.85	0.02	0.02	0	0	0.85
295600	0.85	0.02	0.02	0	0	0.85
295700	0.85	0.02	0.02	0	0	0.85
295800	0.85	0	0	0	0	0.85
295900	0.85	0	0	0	0	0.85
296000	0.85	0	0	0	0	0.85
296100	0.85	0	0	0	0	0.85
296200	0.85	0	0	0	0	0.85
296300	0.85	0	0	0	0	0.85
296400	0.85	0	0	0	0	0.85
296500	0.85	0.01	0.01	0	0	0.85
296600	0.85	0.02	0.02	0	0	0.85
296700	0.85	0.02	0.02	0	0	0.85
296800	0.85	0.02	0.02	0	0	0.85
296900	0.85	0.01	0.01	0	0	0.85
297000	0.85	0.01	0.01	0	0	0.85
297100	0.85	0	0	0	0	0.85
297200	0.85	0	0	0	0	0.85
297300	0.85	0	0	0	0	0.85
297400	0.85	0	0	0	0	0.85
297500	0.85	0	0	0	0	0.85
297600	0.85	0	0	0	0	0.85
297700	0.85	0	0	0	0	0.85
297800	0.85	0	0	0	0	0.85
297900	0.85	0	0	0	0	0.85
298000	0.85	0	0	0	0	0.85
298100	0.85	0	0	0	0	0.85
298200	0.85	0.02	0.02	0	0	0.85
298300	0.85	0.02	0.02	0	0	0.85
298400	0.85	0.03	0.03	0	0	0.85
298500	0.85	0.02	0.02	0	0	0.85
298600	0.85	0.03	0.03	0	0	0.85
298700	0.85	0.02	0.02	0	0	0.85
298800	0.85	0.01	0.01	0	0	0.85
298900	0.85	0	0	0	0	0.85
299000	0.85	0.01	0.01	0	0	0.85
299100	0.85	0	0	0	0	0.85
299200	0.85	0	0	0	0	0.85
299300	0.85	0	0	0	0	0.85
299400	0.85	0	0	0	0	0.85
299500	0.85	0	0	0	0	0.85
299600	0.85	0	0	0	0	0.85
299700	0.85	0.01	0.01	0	0	0.85
299800	0.85	0.02	0.02	0	0	0.85
299900	0.85	0.02	0.02	0	0	0.85
300000	0.85	0.01	0.01	0	0	0.85
