100	0.06	0.15	0.15	0	0	0.06
200	0.04	0.13	0.13	0	0	0.04
300	0.06	0.16	0.16	0	0	0.06
400	0.04	0.14	0.14	0	0	0.04
500	0.03	0.13	0.13	0	0	0.03
600	0.02	0.14	0.14	0	0	0.02
700	0.03	0.13	0.13	0	0	0.03
800	0.01	0.12	0.12	0	0	0.01
900	0.01	0.14	0.14	0	0	0.01
1000	0.02	0.16	0.16	0	0	0.02
1100	0.02	0.17	0.17	0	0	0.02
1200	0.02	0.19	0.19	0	0	0.02
1300	0.03	0.19	0.19	0	0	0.03
1400	0.02	0.19	0.19	0	0	0.02
1500	0.02	0.17	0.17	0	0	0.02
1600	0.04	0.18	0.18	0	0	0.04
1700	0.03	0.16	0.16	0	0	0.03
1800	0.05	0.16	0.16	0	0	0.05
1900	0.05	0.14	0.14	0	0	0.05
2000	0.07	0.14	0.14	0	0	0.07
2100	0.05	0.16	0.16	0	0	0.05
2200	0.06	0.17	0.17	0	0	0.06
2300	0.06	0.17	0.17	0	0	0.06
2400	0.04	0.16	0.16	0	0	0.04
2500	0.03	0.15	0.15	0	0	0.03
2600	0.03	0.15	0.15	0	0	0.03
2700	0.02	0.15	0.15	0	0	0.02
2800	0	0.14	0.14	0	0	0
2900	0	0.15	0.15	0	0	0
3000	0.01	0.14	0.14	0	0	0.01
3100	0.01	0.15	0.15	0	0	0.01
3200	0.01	0.15	0.15	0	0	0.01
3300	0.02	0.17	0.17	0	0	0.02
3400	0.02	0.16	0.16	0	0	0.02
3500	0.03	0.15	0.15	0	0	0.03
3600	0.03	0.14	0.14	0	0	0.03
3700	0.03	0.15	0.15	0	0	0.03
3800	0.03	0.15	0.15	0	0	0.03
3900	0.06	0.16	0.16	0	0	0.06
4000	0.06	0.16	0.16	0	0	0.06
4100	0.06	0.15	0.15	0	0	0.06
4200	0.05	0.15	0.15	0	0	0.05
4300	0.03	0.14	0.14	0	0	0.03
4400	0	0.15	0.15	0	0	0
4500	0	0.15	0.15	0	0	0
4600	0.01	0.16	0.16	0	0	0.01
4700	0.02	0.16	0.16	0	0	0.02
4800	0.05	0.16	0.16	0	0	0.05
4900	0.05	0.16	0.16	0	0	0.05
5000	0.05	0.17	0.17	0	0	0.05
5100	0.06	0.19	0.19	0	0	0.06
5200	0.04	0.19	0.19	0	0	0.04
5300	0.05	0.18	0.18	0	0	0.05
5400	0.05	0.16	0.16	0	0	0.05
5500	0.06	0.17	0.17	0	0	0.06
5600	0.05	0.17	0.17	0	0	0.05
5700	0.05	0.18	0.18	0	0	0.05
5800	0.05	0.18	0.18	0	0	0.05
5900	0.05	0.19	0.19	0	0	0.05
6000	0.06	0.19	0.19	0	0	0.06
6100	0.01	0.19	0.19	0	0	0.01
6200	0.02	0.19	0.19	0	0	0.02
6300	0.01	0.2	0.2	0	0	0.01
6400	0.02	0.22	0.22	0	0	0.02
6500	0.03	0.23	0.23	0	0	0.03
6600	0.02	0.23	0.23	0	0	0.02
6700	0.02	0.22	0.22	0	0	0.02
6800	0.03	0.22	0.22	0	0	0.03
6900	0.01	0.23	0.23	0	0	0.01
7000	0.02	0.23	0.23	0	0	0.02
7100	0.01	0.25	0.25	0	0	0.01
7200	0.01	0.27	0.27	0	0	0.01
7300	0.01	0.28	0.28	0	0	0.01
7400	0.01	0.28	0.28	0	0	0.01
7500	0	0.29	0.29	0	0	0
7600	0	0.29	0.29	0	0	0
7700	0	0.3	0.3	0	0	0
7800	0.04	0.31	0.31	0	0	0.04
7900	0.03	0.33	0.33	0	0	0.03
8000	0.02	0.35	0.35	0	0	0.02
8100	0.01	0.36	0.36	0	0	0.01
8200	0.03	0.37	0.37	0	0	0.03
8300	0.03	0.36	0.36	0	0	0.03
8400	0.03	0.37	0.37	0	0	0.03
8500	0.05	0.37	0.37	0	0	0.05
8600	0.06	0.37	0.37	0	0	0.06
8700	0.08	0.39	0.39	0	0	0.08
8800	0.08	0.4	0.4	0	0	0.08
8900	0.06	0.4	0.4	0	0	0.06
9000	0.05	0.41	0.41	0	0	0.05
9100	0.03	0.41	0.41	0	0	0.03
9200	0.01	0.42	0.42	0	0	0.01
9300	0.01	0.42	0.42	0	0	0.01
9400	0.01	0.42	0.42	0	0	0.01
9500	0.02	0.43	0.43	0	0	0.02
9600	0.02	0.43	0.43	0	0	0.02
9700	0.04	0.43	0.43	0	0	0.04
9800	0.03	0.45	0.45	0	0	0.03
9900	0.03	0.45	0.45	0	0	0.03
10000	0.01	0.47	0.47	0	0	0.01
10100	0	0.48	0.48	0	0	0
10200	0	0.48	0.48	0	0	0
10300	0.02	0.48	0.48	0	0	0.02
10400	0.04	0.49	0.49	0	0	0.04
10500	0.05	0.49	0.49	0	0	0.05
10600	0.05	0.5	0.5	0	0	0.05
10700	0.05	0.49	0.49	0	0	0.05
10800	0.05	0.49	0.49	0	0	0.05
10900	0.06	0.5	0.5	0	0	0.06
11000	0.06	0.5	0.5	0	0	0.06
11100	0.06	0.51	0.51	0	0	0.06
11200	0.05	0.51	0.51	0	0	0.05
11300	0.03	0.51	0.51	0	0	0.03
11400	0.02	0.51	0.51	0	0	0.02
11500	0.02	0.51	0.51	0	0	0.02
11600	0.02	0.51	0.51	0	0	0.02
11700	0.03	0.53	0.53	0	0	0.03
11800	0.03	0.53	0.53	0	0	0.03
11900	0.01	0.54	0.54	0	0	0.01
12000	0.02	0.55	0.55	0	0	0.02
12100	0.02	0.56	0.56	0	0	0.02
12200	0.05	0.55	0.55	0	0	0.05
12300	0.07	0.55	0.55	0	0	0.07
12400	0.06	0.54	0.54	0	0	0.06
12500	0.06	0.54	0.54	0	0	0.06
12600	0.06	0.55	0.55	0	0	0.06
12700	0.05	0.55	0.55	0	0	0.05
12800	0.04	0.55	0.55	0	0	0.04
12900	0.07	0.56	0.56	0	0	0.07
13000	0.08	0.56	0.56	0	0	0.08
13100	0.09	0.56	0.56	0	0	0.09
13200	0.09	0.56	0.56	0	0	0.09
13300	0.07	0.56	0.56	0	0	0.07
13400	0.06	0.55	0.55	0	0	0.06
13500	0.07	0.56	0.56	0	0	0.07
13600	0.08	0.56	0.56	0	0	0.08
13700	0.08	0.56	0.56	0	0	0.08
13800	0.09	0.55	0.55	0	0	0.09
13900	0.08	0.55	0.55	0	0	0.08
14000	0.07	0.55	0.55	0	0	0.07
14100	0.07	0.55	0.55	0	0	0.07
14200	0.08	0.55	0.55	0	0	0.08
14300	0.07	0.55	0.55	0	0	0.07
14400	0.05	0.55	0.55	0	0	0.05
14500	0.05	0.55	0.55	0	0	0.05
14600	0.05	0.55	0.55	0	0	0.05
14700	0.06	0.55	0.55	0	0	0.06
14800	0.05	0.56	0.56	0	0	0.05
14900	0.05	0.56	0.56	0	0	0.05
15000	0.06	0.57	0.57	0	0	0.06
15100	0.07	0.57	0.57	0	0	0.07
15200	0.07	0.57	0.57	0	0	0.07
15300	0.07	0.57	0.57	0	0	0.07
15400	0.07	0.57	0.57	0	0	0.07
15500	0.06	0.57	0.57	0	0	0.06
15600	0.05	0.57	0.57	0	0	0.05
15700	0.05	0.57	0.57	0	0	0.05
15800	0.05	0.57	0.57	0	0	0.05
15900	0.05	0.57	0.57	0	0	0.05
16000	0.06	0.57	0.57	0	0	0.06
16100	0.06	0.57	0.57	0	0	0.06
16200	0.07	0.57	0.57	0	0	0.07
16300	0.08	0.57	0.57	0	0	0.08
16400	0.07	0.58	0.58	0	0	0.07
16500	0.07	0.58	0.58	0	0	0.07
16600	0.07	0.59	0.59	0	0	0.07
16700	0.06	0.6	0.6	0	0	0.06
16800	0.06	0.61	0.61	0	0	0.06
16900	0.06	0.61	0.61	0	0	0.06
17000	0.06	0.63	0.63	0	0	0.06
17100	0.06	0.63	0.63	0	0	0.06
17200	0.06	0.61	0.61	0	0	0.06
17300	0.07	0.61	0.61	0	0	0.07
17400	0.07	0.61	0.61	0	0	0.07
17500	0.09	0.6	0.6	0	0	0.09
17600	0.09	0.59	0.59	0	0	0.09
17700	0.09	0.59	0.59	0	0	0.09
17800	0.09	0.6	0.6	0	0	0.09
17900	0.09	0.6	0.6	0	0	0.09
18000	0.1	0.61	0.61	0	0	0.1
18100	0.1	0.61	0.61	0	0	0.1
18200	0.11	0.6	0.6	0	0	0.11
18300	0.11	0.61	0.61	0	0	0.11
18400	0.11	0.61	0.61	0	0	0.11
18500	0.1	0.61	0.61	0	0	0.1
18600	0.09	0.61	0.61	0	0	0.09
18700	0.11	0.63	0.63	0	0	0.11
18800	0.13	0.63	0.63	0	0	0.13
18900	0.13	0.63	0.63	0	0	0.13
19000	0.13	0.63	0.63	0	0	0.13
19100	0.14	0.64	0.64	0	0	0.14
19200	0.14	0.64	0.64	0	0	0.14
19300	0.13	0.64	0.64	0	0	0.13
19400	0.13	0.64	0.64	0	0	0.13
19500	0.13	0.64	0.64	0	0	0.13
19600	0.13	0.64	0.64	0	0	0.13
19700	0.13	0.64	0.64	0	0	0.13
19800	0.13	0.66	0.66	0	0	0.13
19900	0.13	0.65	0.65	0	0	0.13
20000	0.13	0.65	0.65	0	0	0.13
20100	0.13	0.65	0.65	0	0	0.13
20200	0.13	0.65	0.65	0	0	0.13
20300	0.13	0.65	0.65	0	0	0.13
20400	0.14	0.65	0.65	0	0	0.14
20500	0.13	0.65	0.65	0	0	0.13
20600	0.13	0.65	0.65	0	0	0.13
20700	0.13	0.66	0.66	0	0	0.13
20800	0.13	0.66	0.66	0	0	0.13
20900	0.13	0.67	0.67	0	0	0.13
21000	0.12	0.67	0.67	0	0	0.12
21100	0.12	0.69	0.69	0	0	0.12
21200	0.13	0.69	0.69	0	0	0.13
21300	0.13	0.69	0.69	0	0	0.13
21400	0.13	0.69	0.69	0	0	0.13
21500	0.13	0.69	0.69	0	0	0.13
21600	0.13	0.7	0.7	0	0	0.13
21700	0.13	0.7	0.7	0	0	0.13
21800	0.13	0.71	0.71	0	0	0.13
21900	0.13	0.71	0.71	0	0	0.13
22000	0.13	0.71	0.71	0	0	0.13
22100	0.13	0.71	0.71	0	0	0.13
22200	0.13	0.71	0.71	0	0	0.13
22300	0.13	0.71	0.71	0	0	0.13
22400	0.13	0.71	0.71	0	0	0.13
22500	0.13	0.71	0.71	0	0	0.13
22600	0.15	0.72	0.72	0	0	0.15
22700	0.15	0.72	0.72	0	0	0.15
22800	0.14	0.72	0.72	0	0	0.14
22900	0.14	0.72	0.72	0	0	0.14
23000	0.14	0.72	0.72	0	0	0.14
23100	0.14	0.72	0.72	0	0	0.14
23200	0.15	0.72	0.72	0	0	0.15
23300	0.15	0.72	0.72	0	0	0.15
23400	0.15	0.72	0.72	0	0	0.15
23500	0.15	0.72	0.72	0	0	0.15
23600	0.15	0.71	0.71	0	0	0.15
23700	0.15	0.71	0.71	0	0	0.15
23800	0.15	0.71	0.71	0	0	0.15
23900	0.17	0.71	0.71	0	0	0.17
24000	0.16	0.71	0.71	0	0	0.16
24100	0.16	0.71	0.71	0	0	0.16
24200	0.16	0.71	0.71	0	0	0.16
24300	0.16	0.71	0.71	0	0	0.16
24400	0.16	0.71	0.71	0	0	0.16
24500	0.15	0.71	0.71	0	0	0.15
24600	0.15	0.71	0.71	0	0	0.15
24700	0.15	0.71	0.71	0	0	0.15
24800	0.15	0.71	0.71	0	0	0.15
24900	0.15	0.71	0.71	0	0	0.15
25000	0.15	0.71	0.71	0	0	0.15
25100	0.15	0.71	0.71	0	0	0.15
25200	0.14	0.71	0.71	0	0	0.14
25300	0.15	0.71	0.71	0	0	0.15
25400	0.15	0.71	0.71	0	0	0.15
25500	0.16	0.72	0.72	0	0	0.16
25600	0.16	0.72	0.72	0	0	0.16
25700	0.19	0.72	0.72	0	0	0.19
25800	0.18	0.72	0.72	0	0	0.18
25900	0.16	0.73	0.73	0	0	0.16
26000	0.15	0.73	0.73	0	0	0.15
26100	0.15	0.73	0.73	0	0	0.15
26200	0.16	0.73	0.73	0	0	0.16
26300	0.17	0.72	0.72	0	0	0.17
26400	0.17	0.72	0.72	0	0	0.17
26500	0.17	0.72	0.72	0	0	0.17
26600	0.17	0.72	0.72	0	0	0.17
26700	0.17	0.71	0.71	0	0	0.17
26800	0.17	0.71	0.71	0	0	0.17
26900	0.17	0.71	0.71	0	0	0.17
27000	0.17	0.71	0.71	0	0	0.17
27100	0.18	0.71	0.71	0	0	0.18
27200	0.18	0.71	0.71	0	0	0.18
27300	0.18	0.71	0.71	0	0	0.18
27400	0.18	0.71	0.71	0	0	0.18
27500	0.18	0.72	0.72	0	0	0.18
27600	0.18	0.71	0.71	0	0	0.18
27700	0.18	0.71	0.71	0	0	0.18
27800	0.18	0.71	0.71	0	0	0.18
27900	0.18	0.72	0.72	0	0	0.18
28000	0.18	0.72	0.72	0	0	0.18
28100	0.18	0.72	0.72	0	0	0.18
28200	0.19	0.72	0.72	0	0	0.19
28300	0.19	0.71	0.71	0	0	0.19
28400	0.18	0.71	0.71	0	0	0.18
28500	0.19	0.71	0.71	0	0	0.19
28600	0.19	0.71	0.71	0	0	0.19
28700	0.19	0.71	0.71	0	0	0.19
28800	0.19	0.73	0.73	0	0	0.19
28900	0.19	0.73	0.73	0	0	0.19
29000	0.18	0.73	0.73	0	0	0.18
29100	0.19	0.73	0.73	0	0	0.19
29200	0.19	0.74	0.74	0	0	0.19
29300	0.19	0.74	0.74	0	0	0.19
29400	0.19	0.73	0.73	0	0	0.19
29500	0.19	0.73	0.73	0	0	0.19
29600	0.18	0.73	0.73	0	0	0.18
29700	0.18	0.73	0.73	0	0	0.18
29800	0.19	0.72	0.72	0	0	0.19
29900	0.19	0.72	0.72	0	0	0.19
30000	0.19	0.72	0.72	0	0	0.19
30100	0.19	0.72	0.72	0	0	0.19
30200	0.19	0.72	0.72	0	0	0.19
30300	0.19	0.72	0.72	0	0	0.19
30400	0.19	0.72	0.72	0	0	0.19
30500	0.2	0.72	0.72	0	0	0.2
30600	0.2	0.72	0.72	0	0	0.2
30700	0.2	0.72	0.72	0	0	0.2
30800	0.2	0.72	0.72	0	0	0.2
30900	0.2	0.72	0.72	0	0	0.2
31000	0.2	0.72	0.72	0	0	0.2
31100	0.2	0.72	0.72	0	0	0.2
31200	0.19	0.72	0.72	0	0	0.19
31300	0.19	0.72	0.72	0	0	0.19
31400	0.19	0.72	0.72	0	0	0.19
31500	0.19	0.72	0.72	0	0	0.19
31600	0.2	0.72	0.72	0	0	0.2
31700	0.19	0.72	0.72	0	0	0.19
31800	0.19	0.72	0.72	0	0	0.19
31900	0.19	0.72	0.72	0	0	0.19
32000	0.19	0.72	0.72	0	0	0.19
32100	0.19	0.72	0.72	0	0	0.19
32200	0.19	0.72	0.72	0	0	0.19
32300	0.19	0.72	0.72	0	0	0.19
32400	0.19	0.72	0.72	0	0	0.19
32500	0.19	0.72	0.72	0	0	0.19
32600	0.19	0.72	0.72	0	0	0.19
32700	0.19	0.72	0.72	0	0	0.19
32800	0.19	0.72	0.72	0	0	0.19
32900	0.19	0.72	0.72	0	0	0.19
33000	0.19	0.72	0.72	0	0	0.19
33100	0.19	0.72	0.72	0	0	0.19
33200	0.19	0.72	0.72	0	0	0.19
33300	0.19	0.73	0.73	0	0	0.19
33400	0.19	0.73	0.73	0	0	0.19
33500	0.19	0.73	0.73	0	0	0.19
33600	0.19	0.73	0.73	0	0	0.19
33700	0.19	0.75	0.75	0	0	0.19
33800	0.19	0.74	0.74	0	0	0.19
33900	0.19	0.74	0.74	0	0	0.19
34000	0.19	0.74	0.74	0	0	0.19
34100	0.19	0.74	0.74	0	0	0.19
34200	0.19	0.74	0.74	0	0	0.19
34300	0.19	0.75	0.75	0	0	0.19
34400	0.19	0.75	0.75	0	0	0.19
34500	0.19	0.75	0.75	0	0	0.19
34600	0.19	0.76	0.76	0	0	0.19
34700	0.19	0.75	0.75	0	0	0.19
34800	0.2	0.75	0.75	0	0	0.2
34900	0.21	0.75	0.75	0	0	0.21
35000	0.2	0.75	0.75	0	0	0.2
35100	0.2	0.75	0.75	0	0	0.2
35200	0.2	0.75	0.75	0	0	0.2
35300	0.2	0.75	0.75	0	0	0.2
35400	0.2	0.75	0.75	0	0	0.2
35500	0.2	0.75	0.75	0	0	0.2
35600	0.2	0.75	0.75	0	0	0.2
35700	0.2	0.75	0.75	0	0	0.2
35800	0.2	0.75	0.75	0	0	0.2
35900	0.2	0.75	0.75	0	0	0.2
36000	0.2	0.75	0.75	0	0	0.2
36100	0.2	0.75	0.75	0	0	0.2
36200	0.2	0.75	0.75	0	0	0.2
36300	0.2	0.75	0.75	0	0	0.2
36400	0.2	0.75	0.75	0	0	0.2
36500	0.2	0.75	0.75	0	0	0.2
36600	0.2	0.75	0.75	0	0	0.2
36700	0.2	0.75	0.75	0	0	0.2
36800	0.2	0.75	0.75	0	0	0.2
36900	0.2	0.75	0.75	0	0	0.2
37000	0.2	0.75	0.75	0	0	0.2
37100	0.2	0.75	0.75	0	0	0.2
37200	0.2	0.75	0.75	0	0	0.2
37300	0.2	0.75	0.75	0	0	0.2
37400	0.2	0.74	0.74	0	0	0.2
37500	0.2	0.74	0.74	0	0	0.2
37600	0.2	0.74	0.74	0	0	0.2
37700	0.2	0.74	0.74	0	0	0.2
37800	0.2	0.75	0.75	0	0	0.2
37900	0.2	0.75	0.75	0	0	0.2
38000	0.2	0.75	0.75	0	0	0.2
38100	0.2	0.75	0.75	0	0	0.2
38200	0.21	0.75	0.75	0	0	0.21
38300	0.21	0.74	0.74	0	0	0.21
38400	0.21	0.74	0.74	0	0	0.21
38500	0.21	0.74	0.74	0	0	0.21
38600	0.21	0.74	0.74	0	0	0.21
38700	0.21	0.74	0.74	0	0	0.21
38800	0.21	0.74	0.74	0	0	0.21
38900	0.21	0.74	0.74	0	0	0.21
39000	0.21	0.74	0.74	0	0	0.21
39100	0.21	0.74	0.74	0	0	0.21
39200	0.22	0.74	0.74	0	0	0.22
39300	0.22	0.74	0.74	0	0	0.22
39400	0.22	0.74	0.74	0	0	0.22
39500	0.22	0.74	0.74	0	0	0.22
39600	0.22	0.74	0.74	0	0	0.22
39700	0.21	0.74	0.74	0	0	0.21
39800	0.21	0.74	0.74	0	0	0.21
39900	0.21	0.74	0.74	0	0	0.21
40000	0.21	0.75	0.75	0	0	0.21
40100	0.21	0.75	0.75	0	0	0.21
40200	0.21	0.75	0.75	0	0	0.21
40300	0.21	0.75	0.75	0	0	0.21
40400	0.21	0.75	0.75	0	0	0.21
40500	0.21	0.74	0.74	0	0	0.21
40600	0.21	0.74	0.74	0	0	0.21
40700	0.21	0.74	0.74	0	0	0.21
40800	0.21	0.74	0.74	0	0	0.21
40900	0.21	0.74	0.74	0	0	0.21
41000	0.21	0.74	0.74	0	0	0.21
41100	0.21	0.74	0.74	0	0	0.21
41200	0.21	0.74	0.74	0	0	0.21
41300	0.21	0.74	0.74	0	0	0.21
41400	0.21	0.74	0.74	0	0	0.21
41500	0.21	0.74	0.74	0	0	0.21
41600	0.21	0.75	0.75	0	0	0.21
41700	0.21	0.75	0.75	0	0	0.21
41800	0.22	0.75	0.75	0	0	0.22
41900	0.22	0.75	0.75	0	0	0.22
42000	0.22	0.75	0.75	0	0	0.22
42100	0.22	0.75	0.75	0	0	0.22
42200	0.22	0.75	0.75	0	0	0.22
42300	0.22	0.75	0.75	0	0	0.22
42400	0.22	0.75	0.75	0	0	0.22
42500	0.22	0.75	0.75	0	0	0.22
42600	0.22	0.75	0.75	0	0	0.22
42700	0.22	0.75	0.75	0	0	0.22
42800	0.22	0.75	0.75	0	0	0.22
42900	0.22	0.75	0.75	0	0	0.22
43000	0.22	0.75	0.75	0	0	0.22
43100	0.22	0.75	0.75	0	0	0.22
43200	0.22	0.75	0.75	0	0	0.22
43300	0.22	0.75	0.75	0	0	0.22
43400	0.22	0.75	0.75	0	0	0.22
43500	0.22	0.75	0.75	0	0	0.22
43600	0.22	0.75	0.75	0	0	0.22
43700	0.22	0.75	0.75	0	0	0.22
43800	0.22	0.75	0.75	0	0	0.22
43900	0.22	0.75	0.75	0	0	0.22
44000	0.22	0.75	0.75	0	0	0.22
44100	0.22	0.75	0.75	0	0	0.22
44200	0.22	0.75	0.75	0	0	0.22
44300	0.22	0.75	0.75	0	0	0.22
44400	0.22	0.75	0.75	0	0	0.22
44500	0.22	0.75	0.75	0	0	0.22
44600	0.22	0.75	0.75	0	0	0.22
44700	0.22	0.75	0.75	0	0	0.22
44800	0.22	0.75	0.75	0	0	0.22
44900	0.23	0.75	0.75	0	0	0.23
45000	0.23	0.75	0.75	0	0	0.23
45100	0.23	0.75	0.75	0	0	0.23
45200	0.23	0.75	0.75	0	0	0.23
45300	0.23	0.75	0.75	0	0	0.23
45400	0.23	0.75	0.75	0	0	0.23
45500	0.22	0.75	0.75	0	0	0.22
45600	0.22	0.75	0.75	0	0	0.22
45700	0.22	0.75	0.75	0	0	0.22
45800	0.22	0.75	0.75	0	0	0.22
45900	0.22	0.75	0.75	0	0	0.22
46000	0.22	0.75	0.75	0	0	0.22
46100	0.22	0.75	0.75	0	0	0.22
46200	0.22	0.75	0.75	0	0	0.22
46300	0.22	0.75	0.75	0	0	0.22
46400	0.23	0.75	0.75	0	0	0.23
46500	0.23	0.75	0.75	0	0	0.23
46600	0.23	0.75	0.75	0	0	0.23
46700	0.23	0.75	0.75	0	0	0.23
46800	0.22	0.75	0.75	0	0	0.22
46900	0.22	0.75	0.75	0	0	0.22
47000	0.22	0.75	0.75	0	0	0.22
47100	0.22	0.75	0.75	0	0	0.22
47200	0.22	0.75	0.75	0	0	0.22
47300	0.22	0.75	0.75	0	0	0.22
47400	0.22	0.75	0.75	0	0	0.22
47500	0.22	0.75	0.75	0	0	0.22
47600	0.22	0.75	0.75	0	0	0.22
47700	0.22	0.75	0.75	0	0	0.22
47800	0.22	0.75	0.75	0	0	0.22
47900	0.22	0.75	0.75	0	0	0.22
48000	0.22	0.75	0.75	0	0	0.22
48100	0.22	0.75	0.75	0	0	0.22
48200	0.22	0.75	0.75	0	0	0.22
48300	0.22	0.75	0.75	0	0	0.22
48400	0.22	0.75	0.75	0	0	0.22
48500	0.22	0.75	0.75	0	0	0.22
48600	0.22	0.75	0.75	0	0	0.22
48700	0.23	0.75	0.75	0	0	0.23
48800	0.23	0.75	0.75	0	0	0.23
48900	0.23	0.75	0.75	0	0	0.23
49000	0.23	0.75	0.75	0	0	0.23
49100	0.23	0.75	0.75	0	0	0.23
49200	0.23	0.75	0.75	0	0	0.23
49300	0.23	0.75	0.75	0	0	0.23
49400	0.23	0.75	0.75	0	0	0.23
49500	0.23	0.75	0.75	0	0	0.23
49600	0.23	0.75	0.75	0	0	0.23
49700	0.23	0.75	0.75	0	0	0.23
49800	0.23	0.75	0.75	0	0	0.23
49900	0.23	0.75	0.75	0	0	0.23
50000	0.23	0.75	0.75	0	0	0.23
50100	0.23	0.75	0.75	0	0	0.23
50200	0.23	0.75	0.75	0	0	0.23
50300	0.23	0.75	0.75	0	0	0.23
50400	0.23	0.75	0.75	0	0	0.23
50500	0.23	0.75	0.75	0	0	0.23
50600	0.23	0.75	0.75	0	0	0.23
50700	0.23	0.75	0.75	0	0	0.23
50800	0.23	0.75	0.75	0	0	0.23
50900	0.23	0.75	0.75	0	0	0.23
51000	0.23	0.75	0.75	0	0	0.23
51100	0.23	0.75	0.75	0	0	0.23
51200	0.23	0.75	0.75	0	0	0.23
51300	0.23	0.75	0.75	0	0	0.23
51400	0.23	0.75	0.75	0	0	0.23
51500	0.23	0.75	0.75	0	0	0.23
51600	0.23	0.75	0.75	0	0	0.23
51700	0.23	0.75	0.75	0	0	0.23
51800	0.22	0.75	0.75	0	0	0.22
51900	0.22	0.75	0.75	0	0	0.22
52000	0.22	0.75	0.75	0	0	0.22
52100	0.22	0.75	0.75	0	0	0.22
52200	0.22	0.75	0.75	0	0	0.22
52300	0.22	0.75	0.75	0	0	0.22
52400	0.22	0.75	0.75	0	0	0.22
52500	0.22	0.75	0.75	0	0	0.22
52600	0.22	0.75	0.75	0	0	0.22
52700	0.22	0.75	0.75	0	0	0.22
52800	0.22	0.75	0.75	0	0	0.22
52900	0.22	0.75	0.75	0	0	0.22
53000	0.22	0.75	0.75	0	0	0.22
53100	0.22	0.75	0.75	0	0	0.22
53200	0.22	0.75	0.75	0	0	0.22
53300	0.22	0.75	0.75	0	0	0.22
53400	0.22	0.75	0.75	0	0	0.22
53500	0.23	0.75	0.75	0	0	0.23
53600	0.23	0.75	0.75	0	0	0.23
53700	0.23	0.75	0.75	0	0	0.23
53800	0.23	0.75	0.75	0	0	0.23
53900	0.23	0.75	0.75	0	0	0.23
54000	0.23	0.75	0.75	0	0	0.23
54100	0.22	0.75	0.75	0	0	0.22
54200	0.22	0.75	0.75	0	0	0.22
54300	0.22	0.75	0.75	0	0	0.22
54400	0.22	0.75	0.75	0	0	0.22
54500	0.22	0.75	0.75	0	0	0.22
54600	0.22	0.75	0.75	0	0	0.22
54700	0.23	0.75	0.75	0	0	0.23
54800	0.23	0.75	0.75	0	0	0.23
54900	0.23	0.75	0.75	0	0	0.23
55000	0.23	0.75	0.75	0	0	0.23
55100	0.23	0.75	0.75	0	0	0.23
55200	0.23	0.75	0.75	0	0	0.23
55300	0.23	0.75	0.75	0	0	0.23
55400	0.23	0.75	0.75	0	0	0.23
55500	0.23	0.75	0.75	0	0	0.23
55600	0.23	0.75	0.75	0	0	0.23
55700	0.23	0.75	0.75	0	0	0.23
55800	0.23	0.75	0.75	0	0	0.23
55900	0.23	0.75	0.75	0	0	0.23
56000	0.23	0.75	0.75	0	0	0.23
56100	0.23	0.75	0.75	0	0	0.23
56200	0.23	0.75	0.75	0	0	0.23
56300	0.23	0.75	0.75	0	0	0.23
56400	0.23	0.75	0.75	0	0	0.23
56500	0.23	0.75	0.75	0	0	0.23
56600	0.23	0.75	0.75	0	0	0.23
56700	0.23	0.75	0.75	0	0	0.23
56800	0.23	0.75	0.75	0	0	0.23
56900	0.23	0.75	0.75	0	0	0.23
57000	0.23	0.75	0.75	0	0	0.23
57100	0.23	0.75	0.75	0	0	0.23
57200	0.23	0.75	0.75	0	0	0.23
57300	0.23	0.75	0.75	0	0	0.23
57400	0.23	0.75	0.75	0	0	0.23
57500	0.23	0.75	0.75	0	0	0.23
57600	0.23	0.75	0.75	0	0	0.23
57700	0.23	0.75	0.75	0	0	0.23
57800	0.23	0.75	0.75	0	0	0.23
57900	0.23	0.75	0.75	0	0	0.23
58000	0.23	0.75	0.75	0	0	0.23
58100	0.23	0.75	0.75	0	0	0.23
58200	0.23	0.75	0.75	0	0	0.23
58300	0.23	0.75	0.75	0	0	0.23
58400	0.23	0.75	0.75	0	0	0.23
58500	0.23	0.75	0.75	0	0	0.23
58600	0.24	0.75	0.75	0	0	0.24
58700	0.24	0.75	0.75	0	0	0.24
58800	0.24	0.75	0.75	0	0	0.24
58900	0.24	0.75	0.75	0	0	0.24
59000	0.24	0.75	0.75	0	0	0.24
59100	0.23	0.75	0.75	0	0	0.23
59200	0.23	0.75	0.75	0	0	0.23
59300	0.23	0.75	0.75	0	0	0.23
59400	0.23	0.75	0.75	0	0	0.23
59500	0.23	0.75	0.75	0	0	0.23
59600	0.23	0.75	0.75	0	0	0.23
59700	0.23	0.75	0.75	0	0	0.23
59800	0.23	0.75	0.75	0	0	0.23
59900	0.23	0.75	0.75	0	0	0.23
60000	0.23	0.75	0.75	0	0	0.23
60100	0.23	0.75	0.75	0	0	0.23
60200	0.23	0.75	0.75	0	0	0.23
60300	0.23	0.75	0.75	0	0	0.23
60400	0.23	0.75	0.75	0	0	0.23
60500	0.23	0.75	0.75	0	0	0.23
60600	0.23	0.75	0.75	0	0	0.23
60700	0.23	0.75	0.75	0	0	0.23
60800	0.23	0.75	0.75	0	0	0.23
60900	0.23	0.75	0.75	0	0	0.23
61000	0.23	0.75	0.75	0	0	0.23
61100	0.23	0.75	0.75	0	0	0.23
61200	0.23	0.75	0.75	0	0	0.23
61300	0.23	0.75	0.75	0	0	0.23
61400	0.23	0.75	0.75	0	0	0.23
61500	0.23	0.75	0.75	0	0	0.23
61600	0.23	0.75	0.75	0	0	0.23
61700	0.23	0.75	0.75	0	0	0.23
61800	0.23	0.75	0.75	0	0	0.23
61900	0.23	0.75	0.75	0	0	0.23
62000	0.23	0.75	0.75	0	0	0.23
62100	0.23	0.75	0.75	0	0	0.23
62200	0.23	0.75	0.75	0	0	0.23
62300	0.23	0.75	0.75	0	0	0.23
62400	0.23	0.75	0.75	0	0	0.23
62500	0.23	0.75	0.75	0	0	0.23
62600	0.24	0.75	0.75	0	0	0.24
62700	0.24	0.75	0.75	0	0	0.24
62800	0.24	0.75	0.75	0	0	0.24
62900	0.24	0.75	0.75	0	0	0.24
63000	0.24	0.75	0.75	0	0	0.24
63100	0.24	0.75	0.75	0	0	0.24
63200	0.24	0.75	0.75	0	0	0.24
63300	0.24	0.75	0.75	0	0	0.24
63400	0.24	0.75	0.75	0	0	0.24
63500	0.24	0.75	0.75	0	0	0.24
63600	0.24	0.75	0.75	0	0	0.24
63700	0.24	0.75	0.75	0	0	0.24
63800	0.24	0.74	0.74	0	0	0.24
63900	0.24	0.74	0.74	0	0	0.24
64000	0.24	0.74	0.74	0	0	0.24
64100	0.24	0.74	0.74	0	0	0.24
64200	0.24	0.74	0.74	0	0	0.24
64300	0.24	0.74	0.74	0	0	0.24
64400	0.24	0.74	0.74	0	0	0.24
64500	0.25	0.74	0.74	0	0	0.25
64600	0.25	0.74	0.74	0	0	0.25
64700	0.25	0.74	0.74	0	0	0.25
64800	0.25	0.74	0.74	0	0	0.25
64900	0.25	0.74	0.74	0	0	0.25
65000	0.25	0.74	0.74	0	0	0.25
65100	0.25	0.74	0.74	0	0	0.25
65200	0.25	0.74	0.74	0	0	0.25
65300	0.25	0.74	0.74	0	0	0.25
65400	0.25	0.74	0.74	0	0	0.25
65500	0.25	0.74	0.74	0	0	0.25
65600	0.25	0.74	0.74	0	0	0.25
65700	0.25	0.74	0.74	0	0	0.25
65800	0.25	0.74	0.74	0	0	0.25
65900	0.25	0.74	0.74	0	0	0.25
66000	0.25	0.74	0.74	0	0	0.25
66100	0.25	0.74	0.74	0	0	0.25
66200	0.25	0.74	0.74	0	0	0.25
66300	0.25	0.74	0.74	0	0	0.25
66400	0.25	0.74	0.74	0	0	0.25
66500	0.25	0.74	0.74	0	0	0.25
66600	0.25	0.74	0.74	0	0	0.25
66700	0.25	0.74	0.74	0	0	0.25
66800	0.25	0.74	0.74	0	0	0.25
66900	0.25	0.74	0.74	0	0	0.25
67000	0.25	0.74	0.74	0	0	0.25
67100	0.25	0.74	0.74	0	0	0.25
67200	0.25	0.74	0.74	0	0	0.25
67300	0.25	0.74	0.74	0	0	0.25
67400	0.25	0.74	0.74	0	0	0.25
67500	0.25	0.74	0.74	0	0	0.25
67600	0.25	0.74	0.74	0	0	0.25
67700	0.25	0.74	0.74	0	0	0.25
67800	0.25	0.74	0.74	0	0	0.25
67900	0.25	0.74	0.74	0	0	0.25
68000	0.25	0.74	0.74	0	0	0.25
68100	0.25	0.74	0.74	0	0	0.25
68200	0.25	0.74	0.74	0	0	0.25
68300	0.25	0.74	0.74	0	0	0.25
68400	0.25	0.74	0.74	0	0	0.25
68500	0.25	0.74	0.74	0	0	0.25
68600	0.25	0.74	0.74	0	0	0.25
68700	0.25	0.74	0.74	0	0	0.25
68800	0.25	0.74	0.74	0	0	0.25
68900	0.25	0.74	0.74	0	0	0.25
69000	0.25	0.74	0.74	0	0	0.25
69100	0.25	0.74	0.74	0	0	0.25
69200	0.25	0.74	0.74	0	0	0.25
69300	0.25	0.74	0.74	0	0	0.25
69400	0.25	0.74	0.74	0	0	0.25
69500	0.25	0.74	0.74	0	0	0.25
69600	0.25	0.74	0.74	0	0	0.25
69700	0.25	0.74	0.74	0	0	0.25
69800	0.25	0.74	0.74	0	0	0.25
69900	0.25	0.74	0.74	0	0	0.25
70000	0.25	0.74	0.74	0	0	0.25
70100	0.25	0.74	0.74	0	0	0.25
70200	0.25	0.74	0.74	0	0	0.25
70300	0.25	0.74	0.74	0	0	0.25
70400	0.25	0.74	0.74	0	0	0.25
70500	0.25	0.74	0.74	0	0	0.25
70600	0.25	0.74	0.74	0	0	0.25
70700	0.25	0.74	0.74	0	0	0.25
70800	0.25	0.74	0.74	0	0	0.25
70900	0.25	0.74	0.74	0	0	0.25
71000	0.25	0.74	0.74	0	0	0.25
71100	0.25	0.74	0.74	0	0	0.25
71200	0.25	0.74	0.74	0	0	0.25
71300	0.25	0.74	0.74	0	0	0.25
71400	0.25	0.74	0.74	0	0	0.25
71500	0.25	0.74	0.74	0	0	0.25
71600	0.25	0.74	0.74	0	0	0.25
71700	0.25	0.74	0.74	0	0	0.25
71800	0.25	0.74	0.74	0	0	0.25
71900	0.25	0.74	0.74	0	0	0.25
72000	0.25	0.74	0.74	0	0	0.25
72100	0.25	0.74	0.74	0	0	0.25
72200	0.25	0.74	0.74	0	0	0.25
72300	0.25	0.74	0.74	0	0	0.25
72400	0.25	0.74	0.74	0	0	0.25
72500	0.25	0.74	0.74	0	0	0.25
72600	0.25	0.74	0.74	0	0	0.25
72700	0.25	0.74	0.74	0	0	0.25
72800	0.25	0.74	0.74	0	0	0.25
72900	0.25	0.74	0.74	0	0	0.25
73000	0.25	0.74	0.74	0	0	0.25
73100	0.25	0.74	0.74	0	0	0.25
73200	0.25	0.74	0.74	0	0	0.25
73300	0.25	0.74	0.74	0	0	0.25
73400	0.25	0.74	0.74	0	0	0.25
73500	0.25	0.74	0.74	0	0	0.25
73600	0.25	0.74	0.74	0	0	0.25
73700	0.25	0.74	0.74	0	0	0.25
73800	0.25	0.74	0.74	0	0	0.25
73900	0.25	0.74	0.74	0	0	0.25
74000	0.25	0.74	0.74	0	0	0.25
74100	0.25	0.75	0.75	0	0	0.25
74200	0.25	0.75	0.75	0	0	0.25
74300	0.25	0.75	0.75	0	0	0.25
74400	0.25	0.75	0.75	0	0	0.25
74500	0.25	0.75	0.75	0	0	0.25
74600	0.25	0.75	0.75	0	0	0.25
74700	0.25	0.75	0.75	0	0	0.25
74800	0.24	0.75	0.75	0	0	0.24
74900	0.24	0.75	0.75	0	0	0.24
75000	0.24	0.75	0.75	0	0	0.24
75100	0.24	0.75	0.75	0	0	0.24
75200	0.24	0.74	0.74	0	0	0.24
75300	0.24	0.74	0.74	0	0	0.24
75400	0.24	0.74	0.74	0	0	0.24
75500	0.24	0.74	0.74	0	0	0.24
75600	0.24	0.74	0.74	0	0	0.24
75700	0.24	0.74	0.74	0	0	0.24
75800	0.24	0.74	0.74	0	0	0.24
75900	0.24	0.74	0.74	0	0	0.24
76000	0.24	0.74	0.74	0	0	0.24
76100	0.24	0.74	0.74	0	0	0.24
76200	0.24	0.74	0.74	0	0	0.24
76300	0.24	0.74	0.74	0	0	0.24
76400	0.24	0.74	0.74	0	0	0.24
76500	0.24	0.74	0.74	0	0	0.24
76600	0.24	0.74	0.74	0	0	0.24
76700	0.24	0.74	0.74	0	0	0.24
76800	0.24	0.74	0.74	0	0	0.24
76900	0.24	0.74	0.74	0	0	0.24
77000	0.24	0.74	0.74	0	0	0.24
77100	0.24	0.74	0.74	0	0	0.24
77200	0.24	0.74	0.74	0	0	0.24
77300	0.24	0.74	0.74	0	0	0.24
77400	0.24	0.74	0.74	0	0	0.24
77500	0.24	0.74	0.74	0	0	0.24
77600	0.24	0.74	0.74	0	0	0.24
77700	0.24	0.74	0.74	0	0	0.24
77800	0.24	0.74	0.74	0	0	0.24
77900	0.24	0.74	0.74	0	0	0.24
78000	0.24	0.74	0.74	0	0	0.24
78100	0.24	0.74	0.74	0	0	0.24
78200	0.24	0.74	0.74	0	0	0.24
78300	0.24	0.74	0.74	0	0	0.24
78400	0.24	0.74	0.74	0	0	0.24
78500	0.24	0.74	0.74	0	0	0.24
78600	0.24	0.74	0.74	0	0	0.24
78700	0.24	0.74	0.74	0	0	0.24
78800	0.24	0.74	0.74	0	0	0.24
78900	0.24	0.74	0.74	0	0	0.24
79000	0.24	0.74	0.74	0	0	0.24
79100	0.24	0.74	0.74	0	0	0.24
79200	0.24	0.74	0.74	0	0	0.24
79300	0.24	0.74	0.74	0	0	0.24
79400	0.24	0.74	0.74	0	0	0.24
79500	0.24	0.74	0.74	0	0	0.24
79600	0.24	0.74	0.74	0	0	0.24
79700	0.24	0.74	0.74	0	0	0.24
79800	0.24	0.74	0.74	0	0	0.24
79900	0.24	0.74	0.74	0	0	0.24
80000	0.24	0.74	0.74	0	0	0.24
80100	0.24	0.74	0.74	0	0	0.24
80200	0.24	0.74	0.74	0	0	0.24
80300	0.24	0.74	0.74	0	0	0.24
80400	0.24	0.74	0.74	0	0	0.24
80500	0.24	0.74	0.74	0	0	0.24
80600	0.24	0.74	0.74	0	0	0.24
80700	0.24	0.74	0.74	0	0	0.24
80800	0.24	0.74	0.74	0	0	0.24
80900	0.24	0.74	0.74	0	0	0.24
81000	0.24	0.74	0.74	0	0	0.24
81100	0.23	0.74	0.74	0	0	0.23
81200	0.23	0.75	0.75	0	0	0.23
81300	0.23	0.75	0.75	0	0	0.23
81400	0.23	0.75	0.75	0	0	0.23
81500	0.23	0.75	0.75	0	0	0.23
81600	0.23	0.75	0.75	0	0	0.23
81700	0.23	0.75	0.75	0	0	0.23
81800	0.23	0.75	0.75	0	0	0.23
81900	0.23	0.75	0.75	0	0	0.23
82000	0.23	0.75	0.75	0	0	0.23
82100	0.23	0.74	0.74	0	0	0.23
82200	0.23	0.74	0.74	0	0	0.23
82300	0.23	0.74	0.74	0	0	0.23
82400	0.23	0.74	0.74	0	0	0.23
82500	0.23	0.74	0.74	0	0	0.23
82600	0.24	0.74	0.74	0	0	0.24
82700	0.24	0.74	0.74	0	0	0.24
82800	0.24	0.74	0.74	0	0	0.24
82900	0.25	0.74	0.74	0	0	0.25
83000	0.25	0.74	0.74	0	0	0.25
83100	0.25	0.74	0.74	0	0	0.25
83200	0.25	0.74	0.74	0	0	0.25
83300	0.25	0.74	0.74	0	0	0.25
83400	0.24	0.74	0.74	0	0	0.24
83500	0.24	0.74	0.74	0	0	0.24
83600	0.24	0.74	0.74	0	0	0.24
83700	0.24	0.74	0.74	0	0	0.24
83800	0.24	0.74	0.74	0	0	0.24
83900	0.24	0.74	0.74	0	0	0.24
84000	0.24	0.73	0.73	0	0	0.24
84100	0.24	0.73	0.73	0	0	0.24
84200	0.24	0.73	0.73	0	0	0.24
84300	0.24	0.73	0.73	0	0	0.24
84400	0.24	0.73	0.73	0	0	0.24
84500	0.24	0.73	0.73	0	0	0.24
84600	0.24	0.73	0.73	0	0	0.24
84700	0.24	0.73	0.73	0	0	0.24
84800	0.24	0.73	0.73	0	0	0.24
84900	0.24	0.73	0.73	0	0	0.24
85000	0.24	0.73	0.73	0	0	0.24
85100	0.24	0.73	0.73	0	0	0.24
85200	0.24	0.73	0.73	0	0	0.24
85300	0.24	0.73	0.73	0	0	0.24
85400	0.25	0.73	0.73	0	0	0.25
85500	0.25	0.73	0.73	0	0	0.25
85600	0.25	0.73	0.73	0	0	0.25
85700	0.25	0.73	0.73	0	0	0.25
85800	0.25	0.73	0.73	0	0	0.25
85900	0.25	0.73	0.73	0	0	0.25
86000	0.25	0.73	0.73	0	0	0.25
86100	0.25	0.73	0.73	0	0	0.25
86200	0.25	0.73	0.73	0	0	0.25
86300	0.25	0.73	0.73	0	0	0.25
86400	0.25	0.73	0.73	0	0	0.25
86500	0.25	0.73	0.73	0	0	0.25
86600	0.25	0.73	0.73	0	0	0.25
86700	0.25	0.73	0.73	0	0	0.25
86800	0.25	0.73	0.73	0	0	0.25
86900	0.25	0.73	0.73	0	0	0.25
87000	0.25	0.73	0.73	0	0	0.25
87100	0.25	0.73	0.73	0	0	0.25
87200	0.25	0.73	0.73	0	0	0.25
87300	0.25	0.73	0.73	0	0	0.25
87400	0.25	0.73	0.73	0	0	0.25
87500	0.25	0.73	0.73	0	0	0.25
87600	0.25	0.73	0.73	0	0	0.25
87700	0.25	0.73	0.73	0	0	0.25
87800	0.25	0.73	0.73	0	0	0.25
87900	0.25	0.73	0.73	0	0	0.25
88000	0.25	0.73	0.73	0	0	0.25
88100	0.25	0.73	0.73	0	0	0.25
88200	0.25	0.73	0.73	0	0	0.25
88300	0.25	0.73	0.73	0	0	0.25
88400	0.25	0.73	0.73	0	0	0.25
88500	0.25	0.73	0.73	0	0	0.25
88600	0.25	0.73	0.73	0	0	0.25
88700	0.25	0.73	0.73	0	0	0.25
88800	0.25	0.73	0.73	0	0	0.25
88900	0.25	0.73	0.73	0	0	0.25
89000	0.25	0.73	0.73	0	0	0.25
89100	0.25	0.73	0.73	0	0	0.25
89200	0.25	0.73	0.73	0	0	0.25
89300	0.25	0.73	0.73	0	0	0.25
89400	0.25	0.73	0.73	0	0	0.25
89500	0.25	0.73	0.73	0	0	0.25
89600	0.25	0.73	0.73	0	0	0.25
89700	0.25	0.73	0.73	0	0	0.25
89800	0.26	0.73	0.73	0	0	0.26
89900	0.26	0.73	0.73	0	0	0.26
90000	0.26	0.73	0.73	0	0	0.26
90100	0.26	0.73	0.73	0	0	0.26
90200	0.26	0.73	0.73	0	0	0.26
90300	0.26	0.73	0.73	0	0	0.26
90400	0.26	0.73	0.73	0	0	0.26
90500	0.26	0.73	0.73	0	0	0.26
90600	0.26	0.73	0.73	0	0	0.26
90700	0.26	0.74	0.74	0	0	0.26
90800	0.26	0.74	0.74	0	0	0.26
90900	0.26	0.74	0.74	0	0	0.26
91000	0.26	0.74	0.74	0	0	0.26
91100	0.26	0.73	0.73	0	0	0.26
91200	0.26	0.73	0.73	0	0	0.26
91300	0.26	0.73	0.73	0	0	0.26
91400	0.25	0.73	0.73	0	0	0.25
91500	0.25	0.73	0.73	0	0	0.25
91600	0.25	0.73	0.73	0	0	0.25
91700	0.25	0.73	0.73	0	0	0.25
91800	0.25	0.73	0.73	0	0	0.25
91900	0.25	0.73	0.73	0	0	0.25
92000	0.25	0.73	0.73	0	0	0.25
92100	0.25	0.73	0.73	0	0	0.25
92200	0.25	0.73	0.73	0	0	0.25
92300	0.25	0.73	0.73	0	0	0.25
92400	0.25	0.73	0.73	0	0	0.25
92500	0.25	0.73	0.73	0	0	0.25
92600	0.25	0.73	0.73	0	0	0.25
92700	0.25	0.73	0.73	0	0	0.25
92800	0.25	0.73	0.73	0	0	0.25
92900	0.25	0.73	0.73	0	0	0.25
93000	0.25	0.73	0.73	0	0	0.25
93100	0.25	0.73	0.73	0	0	0.25
93200	0.25	0.73	0.73	0	0	0.25
93300	0.25	0.73	0.73	0	0	0.25
93400	0.25	0.73	0.73	0	0	0.25
93500	0.25	0.73	0.73	0	0	0.25
93600	0.25	0.73	0.73	0	0	0.25
93700	0.25	0.73	0.73	0	0	0.25
93800	0.25	0.73	0.73	0	0	0.25
93900	0.25	0.73	0.73	0	0	0.25
94000	0.25	0.73	0.73	0	0	0.25
94100	0.25	0.73	0.73	0	0	0.25
94200	0.25	0.73	0.73	0	0	0.25
94300	0.25	0.73	0.73	0	0	0.25
94400	0.25	0.73	0.73	0	0	0.25
94500	0.25	0.73	0.73	0	0	0.25
94600	0.25	0.73	0.73	0	0	0.25
94700	0.25	0.73	0.73	0	0	0.25
94800	0.25	0.73	0.73	0	0	0.25
94900	0.25	0.73	0.73	0	0	0.25
95000	0.25	0.73	0.73	0	0	0.25
95100	0.25	0.73	0.73	0	0	0.25
95200	0.25	0.73	0.73	0	0	0.25
95300	0.25	0.73	0.73	0	0	0.25
95400	0.25	0.73	0.73	0	0	0.25
95500	0.25	0.73	0.73	0	0	0.25
95600	0.25	0.73	0.73	0	0	0.25
95700	0.25	0.73	0.73	0	0	0.25
95800	0.25	0.73	0.73	0	0	0.25
95900	0.25	0.73	0.73	0	0	0.25
96000	0.25	0.73	0.73	0	0	0.25
96100	0.25	0.73	0.73	0	0	0.25
96200	0.25	0.73	0.73	0	0	0.25
96300	0.25	0.73	0.73	0	0	0.25
96400	0.25	0.73	0.73	0	0	0.25
96500	0.25	0.73	0.73	0	0	0.25
96600	0.25	0.73	0.73	0	0	0.25
96700	0.25	0.73	0.73	0	0	0.25
96800	0.25	0.73	0.73	0	0	0.25
96900	0.25	0.73	0.73	0	0	0.25
97000	0.25	0.73	0.73	0	0	0.25
97100	0.25	0.73	0.73	0	0	0.25
97200	0.25	0.73	0.73	0	0	0.25
97300	0.25	0.73	0.73	0	0	0.25
97400	0.25	0.74	0.74	0	0	0.25
97500	0.25	0.74	0.74	0	0	0.25
97600	0.25	0.74	0.74	0	0	0.25
97700	0.25	0.74	0.74	0	0	0.25
97800	0.25	0.74	0.74	0	0	0.25
97900	0.25	0.74	0.74	0	0	0.25
98000	0.25	0.74	0.74	0	0	0.25
98100	0.25	0.74	0.74	0	0	0.25
98200	0.25	0.74	0.74	0	0	0.25
98300	0.25	0.74	0.74	0	0	0.25
98400	0.25	0.74	0.74	0	0	0.25
98500	0.25	0.74	0.74	0	0	0.25
98600	0.25	0.74	0.74	0	0	0.25
98700	0.25	0.74	0.74	0	0	0.25
98800	0.25	0.74	0.74	0	0	0.25
98900	0.25	0.74	0.74	0	0	0.25
99000	0.25	0.74	0.74	0	0	0.25
99100	0.25	0.74	0.74	0	0	0.25
99200	0.25	0.74	0.74	0	0	0.25
99300	0.25	0.74	0.74	0	0	0.25
99400	0.25	0.74	0.74	0	0	0.25
99500	0.25	0.74	0.74	0	0	0.25
99600	0.25	0.74	0.74	0	0	0.25
99700	0.25	0.74	0.74	0	0	0.25
99800	0.25	0.74	0.74	0	0	0.25
99900	0.25	0.74	0.74	0	0	0.25
100000	0.25	0.74	0.74	0	0	0.25
100100	0.25	0.74	0.74	0	0	0.25
100200	0.25	0.74	0.74	0	0	0.25
100300	0.25	0.74	0.74	0	0	0.25
100400	0.25	0.74	0.74	0	0	0.25
100500	0.25	0.74	0.74	0	0	0.25
100600	0.25	0.74	0.74	0	0	0.25
100700	0.25	0.74	0.74	0	0	0.25
100800	0.25	0.74	0.74	0	0	0.25
100900	0.25	0.74	0.74	0	0	0.25
101000	0.25	0.74	0.74	0	0	0.25
101100	0.25	0.74	0.74	0	0	0.25
101200	0.25	0.74	0.74	0	0	0.25
101300	0.25	0.74	0.74	0	0	0.25
101400	0.25	0.74	0.74	0	0	0.25
101500	0.25	0.74	0.74	0	0	0.25
101600	0.25	0.74	0.74	0	0	0.25
101700	0.25	0.74	0.74	0	0	0.25
101800	0.25	0.74	0.74	0	0	0.25
101900	0.25	0.74	0.74	0	0	0.25
102000	0.25	0.74	0.74	0	0	0.25
102100	0.25	0.74	0.74	0	0	0.25
102200	0.25	0.74	0.74	0	0	0.25
102300	0.25	0.74	0.74	0	0	0.25
102400	0.25	0.74	0.74	0	0	0.25
102500	0.25	0.74	0.74	0	0	0.25
102600	0.25	0.74	0.74	0	0	0.25
102700	0.25	0.74	0.74	0	0	0.25
102800	0.25	0.73	0.73	0	0	0.25
102900	0.25	0.73	0.73	0	0	0.25
103000	0.25	0.73	0.73	0	0	0.25
103100	0.25	0.73	0.73	0	0	0.25
103200	0.25	0.73	0.73	0	0	0.25
103300	0.25	0.73	0.73	0	0	0.25
103400	0.25	0.73	0.73	0	0	0.25
103500	0.25	0.73	0.73	0	0	0.25
103600	0.25	0.73	0.73	0	0	0.25
103700	0.25	0.73	0.73	0	0	0.25
103800	0.25	0.73	0.73	0	0	0.25
103900	0.25	0.73	0.73	0	0	0.25
104000	0.25	0.73	0.73	0	0	0.25
104100	0.25	0.73	0.73	0	0	0.25
104200	0.25	0.73	0.73	0	0	0.25
104300	0.25	0.73	0.73	0	0	0.25
104400	0.25	0.73	0.73	0	0	0.25
104500	0.25	0.73	0.73	0	0	0.25
104600	0.25	0.73	0.73	0	0	0.25
104700	0.25	0.73	0.73	0	0	0.25
104800	0.25	0.73	0.73	0	0	0.25
104900	0.25	0.73	0.73	0	0	0.25
105000	0.25	0.73	0.73	0	0	0.25
105100	0.25	0.73	0.73	0	0	0.25
105200	0.25	0.73	0.73	0	0	0.25
105300	0.25	0.73	0.73	0	0	0.25
105400	0.25	0.73	0.73	0	0	0.25
105500	0.25	0.73	0.73	0	0	0.25
105600	0.25	0.73	0.73	0	0	0.25
105700	0.25	0.73	0.73	0	0	0.25
105800	0.25	0.73	0.73	0	0	0.25
105900	0.25	0.72	0.72	0	0	0.25
106000	0.25	0.72	0.72	0	0	0.25
106100	0.25	0.72	0.72	0	0	0.25
106200	0.26	0.72	0.72	0	0	0.26
106300	0.26	0.72	0.72	0	0	0.26
106400	0.27	0.72	0.72	0	0	0.27
106500	0.27	0.72	0.72	0	0	0.27
106600	0.27	0.72	0.72	0	0	0.27
106700	0.27	0.72	0.72	0	0	0.27
106800	0.27	0.72	0.72	0	0	0.27
106900	0.27	0.72	0.72	0	0	0.27
107000	0.27	0.72	0.72	0	0	0.27
107100	0.27	0.72	0.72	0	0	0.27
107200	0.27	0.72	0.72	0	0	0.27
107300	0.27	0.72	0.72	0	0	0.27
107400	0.27	0.72	0.72	0	0	0.27
107500	0.27	0.72	0.72	0	0	0.27
107600	0.27	0.72	0.72	0	0	0.27
107700	0.27	0.72	0.72	0	0	0.27
107800	0.27	0.72	0.72	0	0	0.27
107900	0.27	0.72	0.72	0	0	0.27
108000	0.27	0.72	0.72	0	0	0.27
108100	0.27	0.72	0.72	0	0	0.27
108200	0.27	0.72	0.72	0	0	0.27
108300	0.27	0.72	0.72	0	0	0.27
108400	0.27	0.72	0.72	0	0	0.27
108500	0.27	0.72	0.72	0	0	0.27
108600	0.27	0.72	0.72	0	0	0.27
108700	0.27	0.72	0.72	0	0	0.27
108800	0.27	0.72	0.72	0	0	0.27
108900	0.27	0.72	0.72	0	0	0.27
109000	0.27	0.72	0.72	0	0	0.27
109100	0.27	0.72	0.72	0	0	0.27
109200	0.27	0.72	0.72	0	0	0.27
109300	0.27	0.72	0.72	0	0	0.27
109400	0.27	0.72	0.72	0	0	0.27
109500	0.27	0.72	0.72	0	0	0.27
109600	0.27	0.72	0.72	0	0	0.27
109700	0.27	0.72	0.72	0	0	0.27
109800	0.27	0.72	0.72	0	0	0.27
109900	0.27	0.72	0.72	0	0	0.27
110000	0.27	0.72	0.72	0	0	0.27
110100	0.27	0.72	0.72	0	0	0.27
110200	0.27	0.72	0.72	0	0	0.27
110300	0.27	0.72	0.72	0	0	0.27
110400	0.27	0.72	0.72	0	0	0.27
110500	0.27	0.72	0.72	0	0	0.27
110600	0.27	0.72	0.72	0	0	0.27
110700	0.27	0.72	0.72	0	0	0.27
110800	0.27	0.72	0.72	0	0	0.27
110900	0.27	0.72	0.72	0	0	0.27
111000	0.27	0.72	0.72	0	0	0.27
111100	0.27	0.72	0.72	0	0	0.27
111200	0.27	0.72	0.72	0	0	0.27
111300	0.27	0.72	0.72	0	0	0.27
111400	0.27	0.72	0.72	0	0	0.27
111500	0.27	0.72	0.72	0	0	0.27
111600	0.27	0.72	0.72	0	0	0.27
111700	0.27	0.72	0.72	0	0	0.27
111800	0.27	0.72	0.72	0	0	0.27
111900	0.27	0.72	0.72	0	0	0.27
112000	0.27	0.72	0.72	0	0	0.27
112100	0.27	0.72	0.72	0	0	0.27
112200	0.27	0.72	0.72	0	0	0.27
112300	0.27	0.72	0.72	0	0	0.27
112400	0.27	0.72	0.72	0	0	0.27
112500	0.27	0.72	0.72	0	0	0.27
112600	0.27	0.72	0.72	0	0	0.27
112700	0.27	0.72	0.72	0	0	0.27
112800	0.27	0.72	0.72	0	0	0.27
112900	0.27	0.72	0.72	0	0	0.27
113000	0.27	0.72	0.72	0	0	0.27
113100	0.27	0.72	0.72	0	0	0.27
113200	0.27	0.72	0.72	0	0	0.27
113300	0.27	0.72	0.72	0	0	0.27
113400	0.27	0.72	0.72	0	0	0.27
113500	0.27	0.72	0.72	0	0	0.27
113600	0.27	0.72	0.72	0	0	0.27
113700	0.27	0.72	0.72	0	0	0.27
113800	0.27	0.72	0.72	0	0	0.27
113900	0.27	0.72	0.72	0	0	0.27
114000	0.27	0.72	0.72	0	0	0.27
114100	0.27	0.72	0.72	0	0	0.27
114200	0.27	0.72	0.72	0	0	0.27
114300	0.27	0.72	0.72	0	0	0.27
114400	0.27	0.72	0.72	0	0	0.27
114500	0.27	0.72	0.72	0	0	0.27
114600	0.27	0.72	0.72	0	0	0.27
114700	0.27	0.72	0.72	0	0	0.27
114800	0.27	0.72	0.72	0	0	0.27
114900	0.27	0.72	0.72	0	0	0.27
115000	0.27	0.72	0.72	0	0	0.27
115100	0.27	0.72	0.72	0	0	0.27
115200	0.27	0.72	0.72	0	0	0.27
115300	0.27	0.72	0.72	0	0	0.27
115400	0.27	0.72	0.72	0	0	0.27
115500	0.27	0.72	0.72	0	0	0.27
115600	0.27	0.72	0.72	0	0	0.27
115700	0.27	0.72	0.72	0	0	0.27
115800	0.27	0.72	0.72	0	0	0.27
115900	0.27	0.72	0.72	0	0	0.27
116000	0.27	0.72	0.72	0	0	0.27
116100	0.27	0.72	0.72	0	0	0.27
116200	0.27	0.72	0.72	0	0	0.27
116300	0.27	0.72	0.72	0	0	0.27
116400	0.27	0.72	0.72	0	0	0.27
116500	0.27	0.72	0.72	0	0	0.27
116600	0.27	0.72	0.72	0	0	0.27
116700	0.27	0.72	0.72	0	0	0.27
116800	0.27	0.72	0.72	0	0	0.27
116900	0.27	0.72	0.72	0	0	0.27
117000	0.27	0.72	0.72	0	0	0.27
117100	0.28	0.72	0.72	0	0	0.28
117200	0.28	0.72	0.72	0	0	0.28
117300	0.28	0.72	0.72	0	0	0.28
117400	0.27	0.72	0.72	0	0	0.27
117500	0.27	0.72	0.72	0	0	0.27
117600	0.27	0.72	0.72	0	0	0.27
117700	0.27	0.72	0.72	0	0	0.27
117800	0.27	0.72	0.72	0	0	0.27
117900	0.27	0.72	0.72	0	0	0.27
118000	0.27	0.72	0.72	0	0	0.27
118100	0.27	0.72	0.72	0	0	0.27
118200	0.27	0.72	0.72	0	0	0.27
118300	0.27	0.72	0.72	0	0	0.27
118400	0.27	0.72	0.72	0	0	0.27
118500	0.27	0.72	0.72	0	0	0.27
118600	0.27	0.72	0.72	0	0	0.27
118700	0.27	0.72	0.72	0	0	0.27
118800	0.27	0.72	0.72	0	0	0.27
118900	0.27	0.72	0.72	0	0	0.27
119000	0.27	0.72	0.72	0	0	0.27
119100	0.27	0.72	0.72	0	0	0.27
119200	0.27	0.72	0.72	0	0	0.27
119300	0.27	0.72	0.72	0	0	0.27
119400	0.28	0.72	0.72	0	0	0.28
119500	0.28	0.72	0.72	0	0	0.28
119600	0.28	0.72	0.72	0	0	0.28
119700	0.28	0.72	0.72	0	0	0.28
119800	0.28	0.72	0.72	0	0	0.28
119900	0.28	0.72	0.72	0	0	0.28
120000	0.28	0.72	0.72	0	0	0.28
120100	0.28	0.72	0.72	0	0	0.28
120200	0.28	0.72	0.72	0	0	0.28
120300	0.28	0.72	0.72	0	0	0.28
120400	0.28	0.72	0.72	0	0	0.28
120500	0.28	0.72	0.72	0	0	0.28
120600	0.28	0.72	0.72	0	0	0.28
120700	0.28	0.72	0.72	0	0	0.28
120800	0.28	0.72	0.72	0	0	0.28
120900	0.28	0.72	0.72	0	0	0.28
121000	0.28	0.72	0.72	0	0	0.28
121100	0.28	0.72	0.72	0	0	0.28
121200	0.28	0.72	0.72	0	0	0.28
121300	0.28	0.72	0.72	0	0	0.28
121400	0.28	0.72	0.72	0	0	0.28
121500	0.28	0.72	0.72	0	0	0.28
121600	0.28	0.72	0.72	0	0	0.28
121700	0.28	0.72	0.72	0	0	0.28
121800	0.28	0.72	0.72	0	0	0.28
121900	0.28	0.72	0.72	0	0	0.28
122000	0.28	0.72	0.72	0	0	0.28
122100	0.28	0.72	0.72	0	0	0.28
122200	0.28	0.72	0.72	0	0	0.28
122300	0.28	0.72	0.72	0	0	0.28
122400	0.28	0.72	0.72	0	0	0.28
122500	0.28	0.72	0.72	0	0	0.28
122600	0.28	0.72	0.72	0	0	0.28
122700	0.28	0.72	0.72	0	0	0.28
122800	0.28	0.72	0.72	0	0	0.28
122900	0.28	0.72	0.72	0	0	0.28
123000	0.28	0.72	0.72	0	0	0.28
123100	0.28	0.72	0.72	0	0	0.28
123200	0.28	0.72	0.72	0	0	0.28
123300	0.28	0.72	0.72	0	0	0.28
123400	0.28	0.72	0.72	0	0	0.28
123500	0.28	0.72	0.72	0	0	0.28
123600	0.28	0.72	0.72	0	0	0.28
123700	0.28	0.72	0.72	0	0	0.28
123800	0.28	0.72	0.72	0	0	0.28
123900	0.28	0.72	0.72	0	0	0.28
124000	0.28	0.72	0.72	0	0	0.28
124100	0.28	0.72	0.72	0	0	0.28
124200	0.28	0.72	0.72	0	0	0.28
124300	0.28	0.72	0.72	0	0	0.28
124400	0.28	0.72	0.72	0	0	0.28
124500	0.28	0.72	0.72	0	0	0.28
124600	0.28	0.72	0.72	0	0	0.28
124700	0.28	0.72	0.72	0	0	0.28
124800	0.28	0.72	0.72	0	0	0.28
124900	0.28	0.72	0.72	0	0	0.28
125000	0.28	0.72	0.72	0	0	0.28
125100	0.28	0.72	0.72	0	0	0.28
125200	0.28	0.72	0.72	0	0	0.28
125300	0.28	0.72	0.72	0	0	0.28
125400	0.28	0.72	0.72	0	0	0.28
125500	0.28	0.72	0.72	0	0	0.28
125600	0.28	0.72	0.72	0	0	0.28
125700	0.28	0.72	0.72	0	0	0.28
125800	0.28	0.72	0.72	0	0	0.28
125900	0.28	0.72	0.72	0	0	0.28
126000	0.28	0.72	0.72	0	0	0.28
126100	0.28	0.72	0.72	0	0	0.28
126200	0.28	0.72	0.72	0	0	0.28
126300	0.28	0.72	0.72	0	0	0.28
126400	0.28	0.72	0.72	0	0	0.28
126500	0.28	0.72	0.72	0	0	0.28
126600	0.28	0.72	0.72	0	0	0.28
126700	0.28	0.72	0.72	0	0	0.28
126800	0.28	0.72	0.72	0	0	0.28
126900	0.28	0.72	0.72	0	0	0.28
127000	0.28	0.72	0.72	0	0	0.28
127100	0.28	0.72	0.72	0	0	0.28
127200	0.28	0.72	0.72	0	0	0.28
127300	0.28	0.72	0.72	0	0	0.28
127400	0.28	0.72	0.72	0	0	0.28
127500	0.28	0.72	0.72	0	0	0.28
127600	0.28	0.72	0.72	0	0	0.28
127700	0.28	0.72	0.72	0	0	0.28
127800	0.28	0.72	0.72	0	0	0.28
127900	0.28	0.72	0.72	0	0	0.28
128000	0.28	0.72	0.72	0	0	0.28
128100	0.28	0.72	0.72	0	0	0.28
128200	0.28	0.72	0.72	0	0	0.28
128300	0.28	0.72	0.72	0	0	0.28
128400	0.28	0.72	0.72	0	0	0.28
128500	0.28	0.72	0.72	0	0	0.28
128600	0.28	0.72	0.72	0	0	0.28
128700	0.28	0.72	0.72	0	0	0.28
128800	0.28	0.72	0.72	0	0	0.28
128900	0.28	0.72	0.72	0	0	0.28
129000	0.28	0.72	0.72	0	0	0.28
129100	0.28	0.72	0.72	0	0	0.28
129200	0.28	0.72	0.72	0	0	0.28
129300	0.28	0.72	0.72	0	0	0.28
129400	0.28	0.72	0.72	0	0	0.28
129500	0.28	0.72	0.72	0	0	0.28
129600	0.28	0.72	0.72	0	0	0.28
129700	0.28	0.72	0.72	0	0	0.28
129800	0.28	0.72	0.72	0	0	0.28
129900	0.28	0.72	0.72	0	0	0.28
130000	0.28	0.72	0.72	0	0	0.28
130100	0.28	0.72	0.72	0	0	0.28
130200	0.28	0.72	0.72	0	0	0.28
130300	0.28	0.72	0.72	0	0	0.28
130400	0.28	0.72	0.72	0	0	0.28
130500	0.28	0.72	0.72	0	0	0.28
130600	0.28	0.72	0.72	0	0	0.28
130700	0.28	0.72	0.72	0	0	0.28
130800	0.28	0.72	0.72	0	0	0.28
130900	0.28	0.72	0.72	0	0	0.28
131000	0.28	0.72	0.72	0	0	0.28
131100	0.28	0.72	0.72	0	0	0.28
131200	0.28	0.72	0.72	0	0	0.28
131300	0.28	0.72	0.72	0	0	0.28
131400	0.28	0.72	0.72	0	0	0.28
131500	0.28	0.72	0.72	0	0	0.28
131600	0.28	0.72	0.72	0	0	0.28
131700	0.28	0.72	0.72	0	0	0.28
131800	0.28	0.72	0.72	0	0	0.28
131900	0.28	0.72	0.72	0	0	0.28
132000	0.28	0.72	0.72	0	0	0.28
132100	0.28	0.72	0.72	0	0	0.28
132200	0.28	0.72	0.72	0	0	0.28
132300	0.28	0.72	0.72	0	0	0.28
132400	0.28	0.72	0.72	0	0	0.28
132500	0.28	0.72	0.72	0	0	0.28
132600	0.28	0.72	0.72	0	0	0.28
132700	0.28	0.72	0.72	0	0	0.28
132800	0.28	0.72	0.72	0	0	0.28
132900	0.28	0.72	0.72	0	0	0.28
133000	0.28	0.72	0.72	0	0	0.28
133100	0.28	0.72	0.72	0	0	0.28
133200	0.28	0.72	0.72	0	0	0.28
133300	0.28	0.72	0.72	0	0	0.28
133400	0.28	0.72	0.72	0	0	0.28
133500	0.28	0.72	0.72	0	0	0.28
133600	0.28	0.72	0.72	0	0	0.28
133700	0.28	0.72	0.72	0	0	0.28
133800	0.28	0.72	0.72	0	0	0.28
133900	0.28	0.72	0.72	0	0	0.28
134000	0.28	0.72	0.72	0	0	0.28
134100	0.28	0.72	0.72	0	0	0.28
134200	0.28	0.72	0.72	0	0	0.28
134300	0.28	0.72	0.72	0	0	0.28
134400	0.28	0.72	0.72	0	0	0.28
134500	0.28	0.72	0.72	0	0	0.28
134600	0.28	0.72	0.72	0	0	0.28
134700	0.28	0.72	0.72	0	0	0.28
134800	0.28	0.72	0.72	0	0	0.28
134900	0.28	0.72	0.72	0	0	0.28
135000	0.27	0.72	0.72	0	0	0.27
135100	0.27	0.72	0.72	0	0	0.27
135200	0.26	0.72	0.72	0	0	0.26
135300	0.26	0.72	0.72	0	0	0.26
135400	0.26	0.72	0.72	0	0	0.26
135500	0.26	0.72	0.72	0	0	0.26
135600	0.26	0.72	0.72	0	0	0.26
135700	0.26	0.72	0.72	0	0	0.26
135800	0.26	0.72	0.72	0	0	0.26
135900	0.26	0.72	0.72	0	0	0.26
136000	0.26	0.72	0.72	0	0	0.26
136100	0.26	0.72	0.72	0	0	0.26
136200	0.26	0.72	0.72	0	0	0.26
136300	0.26	0.72	0.72	0	0	0.26
136400	0.26	0.72	0.72	0	0	0.26
136500	0.27	0.72	0.72	0	0	0.27
136600	0.27	0.72	0.72	0	0	0.27
136700	0.27	0.72	0.72	0	0	0.27
136800	0.27	0.72	0.72	0	0	0.27
136900	0.27	0.72	0.72	0	0	0.27
137000	0.27	0.72	0.72	0	0	0.27
137100	0.27	0.72	0.72	0	0	0.27
137200	0.27	0.72	0.72	0	0	0.27
137300	0.27	0.72	0.72	0	0	0.27
137400	0.27	0.72	0.72	0	0	0.27
137500	0.27	0.72	0.72	0	0	0.27
137600	0.27	0.72	0.72	0	0	0.27
137700	0.27	0.72	0.72	0	0	0.27
137800	0.27	0.72	0.72	0	0	0.27
137900	0.27	0.72	0.72	0	0	0.27
138000	0.27	0.72	0.72	0	0	0.27
138100	0.27	0.72	0.72	0	0	0.27
138200	0.27	0.72	0.72	0	0	0.27
138300	0.27	0.72	0.72	0	0	0.27
138400	0.27	0.72	0.72	0	0	0.27
138500	0.28	0.72	0.72	0	0	0.28
138600	0.28	0.72	0.72	0	0	0.28
138700	0.28	0.72	0.72	0	0	0.28
138800	0.28	0.72	0.72	0	0	0.28
138900	0.28	0.72	0.72	0	0	0.28
139000	0.28	0.72	0.72	0	0	0.28
139100	0.28	0.72	0.72	0	0	0.28
139200	0.28	0.72	0.72	0	0	0.28
139300	0.28	0.72	0.72	0	0	0.28
139400	0.28	0.72	0.72	0	0	0.28
139500	0.28	0.72	0.72	0	0	0.28
139600	0.28	0.72	0.72	0	0	0.28
139700	0.28	0.72	0.72	0	0	0.28
139800	0.28	0.72	0.72	0	0	0.28
139900	0.28	0.72	0.72	0	0	0.28
140000	0.28	0.72	0.72	0	0	0.28
140100	0.28	0.72	0.72	0	0	0.28
140200	0.28	0.72	0.72	0	0	0.28
140300	0.28	0.72	0.72	0	0	0.28
140400	0.28	0.72	0.72	0	0	0.28
140500	0.28	0.72	0.72	0	0	0.28
140600	0.28	0.72	0.72	0	0	0.28
140700	0.28	0.72	0.72	0	0	0.28
140800	0.28	0.72	0.72	0	0	0.28
140900	0.28	0.72	0.72	0	0	0.28
141000	0.28	0.72	0.72	0	0	0.28
141100	0.28	0.72	0.72	0	0	0.28
141200	0.28	0.72	0.72	0	0	0.28
141300	0.28	0.72	0.72	0	0	0.28
141400	0.28	0.72	0.72	0	0	0.28
141500	0.28	0.72	0.72	0	0	0.28
141600	0.28	0.72	0.72	0	0	0.28
141700	0.28	0.72	0.72	0	0	0.28
141800	0.27	0.72	0.72	0	0	0.27
141900	0.27	0.72	0.72	0	0	0.27
142000	0.27	0.72	0.72	0	0	0.27
142100	0.27	0.72	0.72	0	0	0.27
142200	0.27	0.72	0.72	0	0	0.27
142300	0.27	0.72	0.72	0	0	0.27
142400	0.27	0.72	0.72	0	0	0.27
142500	0.27	0.72	0.72	0	0	0.27
142600	0.27	0.72	0.72	0	0	0.27
142700	0.27	0.72	0.72	0	0	0.27
142800	0.27	0.72	0.72	0	0	0.27
142900	0.27	0.72	0.72	0	0	0.27
143000	0.27	0.72	0.72	0	0	0.27
143100	0.27	0.72	0.72	0	0	0.27
143200	0.27	0.72	0.72	0	0	0.27
143300	0.27	0.72	0.72	0	0	0.27
143400	0.27	0.72	0.72	0	0	0.27
143500	0.27	0.73	0.73	0	0	0.27
143600	0.27	0.73	0.73	0	0	0.27
143700	0.27	0.73	0.73	0	0	0.27
143800	0.27	0.73	0.73	0	0	0.27
143900	0.27	0.72	0.72	0	0	0.27
144000	0.27	0.72	0.72	0	0	0.27
144100	0.27	0.72	0.72	0	0	0.27
144200	0.27	0.72	0.72	0	0	0.27
144300	0.27	0.72	0.72	0	0	0.27
144400	0.28	0.72	0.72	0	0	0.28
144500	0.28	0.72	0.72	0	0	0.28
144600	0.27	0.72	0.72	0	0	0.27
144700	0.27	0.72	0.72	0	0	0.27
144800	0.27	0.72	0.72	0	0	0.27
144900	0.27	0.72	0.72	0	0	0.27
145000	0.27	0.73	0.73	0	0	0.27
145100	0.27	0.73	0.73	0	0	0.27
145200	0.27	0.73	0.73	0	0	0.27
145300	0.27	0.73	0.73	0	0	0.27
145400	0.27	0.73	0.73	0	0	0.27
145500	0.27	0.73	0.73	0	0	0.27
145600	0.27	0.73	0.73	0	0	0.27
145700	0.27	0.73	0.73	0	0	0.27
145800	0.27	0.73	0.73	0	0	0.27
145900	0.27	0.73	0.73	0	0	0.27
146000	0.27	0.73	0.73	0	0	0.27
146100	0.27	0.73	0.73	0	0	0.27
146200	0.27	0.73	0.73	0	0	0.27
146300	0.27	0.73	0.73	0	0	0.27
146400	0.27	0.73	0.73	0	0	0.27
146500	0.27	0.73	0.73	0	0	0.27
146600	0.27	0.73	0.73	0	0	0.27
146700	0.27	0.73	0.73	0	0	0.27
146800	0.27	0.73	0.73	0	0	0.27
146900	0.27	0.73	0.73	0	0	0.27
147000	0.27	0.73	0.73	0	0	0.27
147100	0.27	0.73	0.73	0	0	0.27
147200	0.27	0.73	0.73	0	0	0.27
147300	0.27	0.73	0.73	0	0	0.27
147400	0.27	0.73	0.73	0	0	0.27
147500	0.27	0.73	0.73	0	0	0.27
147600	0.27	0.73	0.73	0	0	0.27
147700	0.27	0.73	0.73	0	0	0.27
147800	0.27	0.73	0.73	0	0	0.27
147900	0.27	0.73	0.73	0	0	0.27
148000	0.27	0.73	0.73	0	0	0.27
148100	0.27	0.73	0.73	0	0	0.27
148200	0.27	0.73	0.73	0	0	0.27
148300	0.27	0.73	0.73	0	0	0.27
148400	0.27	0.73	0.73	0	0	0.27
148500	0.27	0.73	0.73	0	0	0.27
148600	0.27	0.73	0.73	0	0	0.27
148700	0.27	0.73	0.73	0	0	0.27
148800	0.27	0.72	0.72	0	0	0.27
148900	0.27	0.72	0.72	0	0	0.27
149000	0.27	0.72	0.72	0	0	0.27
149100	0.27	0.72	0.72	0	0	0.27
149200	0.27	0.72	0.72	0	0	0.27
149300	0.27	0.72	0.72	0	0	0.27
149400	0.27	0.72	0.72	0	0	0.27
149500	0.27	0.72	0.72	0	0	0.27
149600	0.27	0.72	0.72	0	0	0.27
149700	0.27	0.72	0.72	0	0	0.27
149800	0.27	0.72	0.72	0	0	0.27
149900	0.27	0.72	0.72	0	0	0.27
150000	0.27	0.72	0.72	0	0	0.27
150100	0.27	0.72	0.72	0	0	0.27
150200	0.27	0.72	0.72	0	0	0.27
150300	0.27	0.72	0.72	0	0	0.27
150400	0.27	0.72	0.72	0	0	0.27
150500	0.27	0.72	0.72	0	0	0.27
150600	0.27	0.72	0.72	0	0	0.27
150700	0.27	0.72	0.72	0	0	0.27
150800	0.27	0.72	0.72	0	0	0.27
150900	0.27	0.72	0.72	0	0	0.27
151000	0.27	0.72	0.72	0	0	0.27
151100	0.27	0.72	0.72	0	0	0.27
151200	0.27	0.72	0.72	0	0	0.27
151300	0.27	0.72	0.72	0	0	0.27
151400	0.27	0.72	0.72	0	0	0.27
151500	0.27	0.72	0.72	0	0	0.27
151600	0.27	0.72	0.72	0	0	0.27
151700	0.27	0.72	0.72	0	0	0.27
151800	0.27	0.72	0.72	0	0	0.27
151900	0.27	0.72	0.72	0	0	0.27
152000	0.27	0.72	0.72	0	0	0.27
152100	0.27	0.72	0.72	0	0	0.27
152200	0.27	0.72	0.72	0	0	0.27
152300	0.27	0.72	0.72	0	0	0.27
152400	0.27	0.72	0.72	0	0	0.27
152500	0.27	0.72	0.72	0	0	0.27
152600	0.26	0.72	0.72	0	0	0.26
152700	0.26	0.72	0.72	0	0	0.26
152800	0.26	0.72	0.72	0	0	0.26
152900	0.26	0.71	0.71	0	0	0.26
153000	0.26	0.71	0.71	0	0	0.26
153100	0.26	0.71	0.71	0	0	0.26
153200	0.26	0.71	0.71	0	0	0.26
153300	0.26	0.71	0.71	0	0	0.26
153400	0.26	0.71	0.71	0	0	0.26
153500	0.26	0.71	0.71	0	0	0.26
153600	0.26	0.71	0.71	0	0	0.26
153700	0.26	0.71	0.71	0	0	0.26
153800	0.26	0.71	0.71	0	0	0.26
153900	0.26	0.71	0.71	0	0	0.26
154000	0.26	0.71	0.71	0	0	0.26
154100	0.26	0.71	0.71	0	0	0.26
154200	0.26	0.71	0.71	0	0	0.26
154300	0.27	0.71	0.71	0	0	0.27
154400	0.27	0.71	0.71	0	0	0.27
154500	0.27	0.71	0.71	0	0	0.27
154600	0.27	0.71	0.71	0	0	0.27
154700	0.27	0.71	0.71	0	0	0.27
154800	0.27	0.71	0.71	0	0	0.27
154900	0.27	0.71	0.71	0	0	0.27
155000	0.27	0.71	0.71	0	0	0.27
155100	0.27	0.71	0.71	0	0	0.27
155200	0.27	0.71	0.71	0	0	0.27
155300	0.27	0.71	0.71	0	0	0.27
155400	0.27	0.71	0.71	0	0	0.27
155500	0.27	0.71	0.71	0	0	0.27
155600	0.27	0.71	0.71	0	0	0.27
155700	0.27	0.71	0.71	0	0	0.27
155800	0.27	0.71	0.71	0	0	0.27
155900	0.27	0.71	0.71	0	0	0.27
156000	0.27	0.71	0.71	0	0	0.27
156100	0.27	0.71	0.71	0	0	0.27
156200	0.27	0.71	0.71	0	0	0.27
156300	0.27	0.71	0.71	0	0	0.27
156400	0.28	0.71	0.71	0	0	0.28
156500	0.28	0.71	0.71	0	0	0.28
156600	0.28	0.71	0.71	0	0	0.28
156700	0.28	0.71	0.71	0	0	0.28
156800	0.28	0.71	0.71	0	0	0.28
156900	0.27	0.71	0.71	0	0	0.27
157000	0.27	0.71	0.71	0	0	0.27
157100	0.27	0.71	0.71	0	0	0.27
157200	0.27	0.71	0.71	0	0	0.27
157300	0.27	0.71	0.71	0	0	0.27
157400	0.27	0.71	0.71	0	0	0.27
157500	0.27	0.71	0.71	0	0	0.27
157600	0.27	0.71	0.71	0	0	0.27
157700	0.27	0.71	0.71	0	0	0.27
157800	0.27	0.71	0.71	0	0	0.27
157900	0.27	0.71	0.71	0	0	0.27
158000	0.27	0.71	0.71	0	0	0.27
158100	0.27	0.71	0.71	0	0	0.27
158200	0.27	0.71	0.71	0	0	0.27
158300	0.27	0.71	0.71	0	0	0.27
158400	0.27	0.71	0.71	0	0	0.27
158500	0.27	0.71	0.71	0	0	0.27
158600	0.27	0.71	0.71	0	0	0.27
158700	0.27	0.71	0.71	0	0	0.27
158800	0.27	0.71	0.71	0	0	0.27
158900	0.27	0.71	0.71	0	0	0.27
159000	0.27	0.71	0.71	0	0	0.27
159100	0.27	0.71	0.71	0	0	0.27
159200	0.27	0.71	0.71	0	0	0.27
159300	0.27	0.71	0.71	0	0	0.27
159400	0.27	0.71	0.71	0	0	0.27
159500	0.27	0.71	0.71	0	0	0.27
159600	0.27	0.71	0.71	0	0	0.27
159700	0.27	0.71	0.71	0	0	0.27
159800	0.27	0.71	0.71	0	0	0.27
159900	0.27	0.71	0.71	0	0	0.27
160000	0.27	0.71	0.71	0	0	0.27
160100	0.26	0.71	0.71	0	0	0.26
160200	0.26	0.71	0.71	0	0	0.26
160300	0.26	0.71	0.71	0	0	0.26
160400	0.26	0.71	0.71	0	0	0.26
160500	0.26	0.71	0.71	0	0	0.26
160600	0.26	0.71	0.71	0	0	0.26
160700	0.26	0.71	0.71	0	0	0.26
160800	0.26	0.71	0.71	0	0	0.26
160900	0.26	0.71	0.71	0	0	0.26
161000	0.26	0.71	0.71	0	0	0.26
161100	0.26	0.71	0.71	0	0	0.26
161200	0.26	0.71	0.71	0	0	0.26
161300	0.26	0.71	0.71	0	0	0.26
161400	0.26	0.71	0.71	0	0	0.26
161500	0.26	0.71	0.71	0	0	0.26
161600	0.26	0.71	0.71	0	0	0.26
161700	0.26	0.71	0.71	0	0	0.26
161800	0.26	0.71	0.71	0	0	0.26
161900	0.26	0.71	0.71	0	0	0.26
162000	0.26	0.71	0.71	0	0	0.26
162100	0.26	0.71	0.71	0	0	0.26
162200	0.26	0.71	0.71	0	0	0.26
162300	0.26	0.71	0.71	0	0	0.26
162400	0.26	0.71	0.71	0	0	0.26
162500	0.26	0.71	0.71	0	0	0.26
162600	0.26	0.71	0.71	0	0	0.26
162700	0.26	0.71	0.71	0	0	0.26
162800	0.26	0.71	0.71	0	0	0.26
162900	0.26	0.71	0.71	0	0	0.26
163000	0.27	0.71	0.71	0	0	0.27
163100	0.27	0.71	0.71	0	0	0.27
163200	0.27	0.71	0.71	0	0	0.27
163300	0.27	0.71	0.71	0	0	0.27
163400	0.27	0.71	0.71	0	0	0.27
163500	0.27	0.71	0.71	0	0	0.27
163600	0.26	0.71	0.71	0	0	0.26
163700	0.26	0.71	0.71	0	0	0.26
163800	0.26	0.71	0.71	0	0	0.26
163900	0.26	0.71	0.71	0	0	0.26
164000	0.26	0.71	0.71	0	0	0.26
164100	0.26	0.72	0.72	0	0	0.26
164200	0.26	0.72	0.72	0	0	0.26
164300	0.26	0.72	0.72	0	0	0.26
164400	0.26	0.72	0.72	0	0	0.26
164500	0.26	0.72	0.72	0	0	0.26
164600	0.26	0.72	0.72	0	0	0.26
164700	0.26	0.72	0.72	0	0	0.26
164800	0.26	0.72	0.72	0	0	0.26
164900	0.26	0.72	0.72	0	0	0.26
165000	0.26	0.72	0.72	0	0	0.26
165100	0.26	0.72	0.72	0	0	0.26
165200	0.26	0.72	0.72	0	0	0.26
165300	0.26	0.72	0.72	0	0	0.26
165400	0.26	0.72	0.72	0	0	0.26
165500	0.26	0.72	0.72	0	0	0.26
165600	0.26	0.72	0.72	0	0	0.26
165700	0.26	0.72	0.72	0	0	0.26
165800	0.26	0.72	0.72	0	0	0.26
165900	0.26	0.72	0.72	0	0	0.26
166000	0.26	0.72	0.72	0	0	0.26
166100	0.26	0.72	0.72	0	0	0.26
166200	0.26	0.72	0.72	0	0	0.26
166300	0.26	0.72	0.72	0	0	0.26
166400	0.26	0.72	0.72	0	0	0.26
166500	0.26	0.72	0.72	0	0	0.26
166600	0.26	0.72	0.72	0	0	0.26
166700	0.26	0.72	0.72	0	0	0.26
166800	0.26	0.72	0.72	0	0	0.26
166900	0.26	0.72	0.72	0	0	0.26
167000	0.26	0.72	0.72	0	0	0.26
167100	0.26	0.72	0.72	0	0	0.26
167200	0.26	0.72	0.72	0	0	0.26
167300	0.26	0.72	0.72	0	0	0.26
167400	0.26	0.72	0.72	0	0	0.26
167500	0.26	0.72	0.72	0	0	0.26
167600	0.26	0.72	0.72	0	0	0.26
167700	0.26	0.72	0.72	0	0	0.26
167800	0.26	0.72	0.72	0	0	0.26
167900	0.26	0.72	0.72	0	0	0.26
168000	0.26	0.72	0.72	0	0	0.26
168100	0.26	0.72	0.72	0	0	0.26
168200	0.26	0.72	0.72	0	0	0.26
168300	0.26	0.72	0.72	0	0	0.26
168400	0.26	0.72	0.72	0	0	0.26
168500	0.26	0.72	0.72	0	0	0.26
168600	0.26	0.72	0.72	0	0	0.26
168700	0.26	0.72	0.72	0	0	0.26
168800	0.26	0.72	0.72	0	0	0.26
168900	0.26	0.72	0.72	0	0	0.26
169000	0.26	0.72	0.72	0	0	0.26
169100	0.26	0.72	0.72	0	0	0.26
169200	0.26	0.72	0.72	0	0	0.26
169300	0.26	0.72	0.72	0	0	0.26
169400	0.26	0.72	0.72	0	0	0.26
169500	0.26	0.72	0.72	0	0	0.26
169600	0.26	0.72	0.72	0	0	0.26
169700	0.26	0.72	0.72	0	0	0.26
169800	0.26	0.72	0.72	0	0	0.26
169900	0.26	0.72	0.72	0	0	0.26
170000	0.26	0.72	0.72	0	0	0.26
170100	0.26	0.72	0.72	0	0	0.26
170200	0.26	0.72	0.72	0	0	0.26
170300	0.26	0.72	0.72	0	0	0.26
170400	0.26	0.72	0.72	0	0	0.26
170500	0.26	0.72	0.72	0	0	0.26
170600	0.26	0.72	0.72	0	0	0.26
170700	0.26	0.72	0.72	0	0	0.26
170800	0.26	0.72	0.72	0	0	0.26
170900	0.26	0.72	0.72	0	0	0.26
171000	0.26	0.72	0.72	0	0	0.26
171100	0.26	0.72	0.72	0	0	0.26
171200	0.26	0.72	0.72	0	0	0.26
171300	0.26	0.72	0.72	0	0	0.26
171400	0.26	0.72	0.72	0	0	0.26
171500	0.26	0.72	0.72	0	0	0.26
171600	0.26	0.72	0.72	0	0	0.26
171700	0.26	0.72	0.72	0	0	0.26
171800	0.26	0.72	0.72	0	0	0.26
171900	0.26	0.72	0.72	0	0	0.26
172000	0.26	0.72	0.72	0	0	0.26
172100	0.26	0.72	0.72	0	0	0.26
172200	0.26	0.72	0.72	0	0	0.26
172300	0.26	0.72	0.72	0	0	0.26
172400	0.26	0.72	0.72	0	0	0.26
172500	0.26	0.72	0.72	0	0	0.26
172600	0.26	0.72	0.72	0	0	0.26
172700	0.27	0.72	0.72	0	0	0.27
172800	0.27	0.72	0.72	0	0	0.27
172900	0.27	0.72	0.72	0	0	0.27
173000	0.27	0.71	0.71	0	0	0.27
173100	0.27	0.71	0.71	0	0	0.27
173200	0.27	0.71	0.71	0	0	0.27
173300	0.27	0.71	0.71	0	0	0.27
173400	0.27	0.71	0.71	0	0	0.27
173500	0.27	0.71	0.71	0	0	0.27
173600	0.27	0.71	0.71	0	0	0.27
173700	0.27	0.71	0.71	0	0	0.27
173800	0.27	0.71	0.71	0	0	0.27
173900	0.27	0.71	0.71	0	0	0.27
174000	0.26	0.71	0.71	0	0	0.26
174100	0.26	0.72	0.72	0	0	0.26
174200	0.26	0.72	0.72	0	0	0.26
174300	0.26	0.72	0.72	0	0	0.26
174400	0.26	0.72	0.72	0	0	0.26
174500	0.26	0.72	0.72	0	0	0.26
174600	0.26	0.72	0.72	0	0	0.26
174700	0.26	0.72	0.72	0	0	0.26
174800	0.26	0.72	0.72	0	0	0.26
174900	0.26	0.72	0.72	0	0	0.26
175000	0.26	0.71	0.71	0	0	0.26
175100	0.26	0.71	0.71	0	0	0.26
175200	0.25	0.71	0.71	0	0	0.25
175300	0.25	0.71	0.71	0	0	0.25
175400	0.25	0.71	0.71	0	0	0.25
175500	0.25	0.71	0.71	0	0	0.25
175600	0.25	0.72	0.72	0	0	0.25
175700	0.25	0.72	0.72	0	0	0.25
175800	0.25	0.72	0.72	0	0	0.25
175900	0.25	0.72	0.72	0	0	0.25
176000	0.25	0.72	0.72	0	0	0.25
176100	0.25	0.72	0.72	0	0	0.25
176200	0.25	0.72	0.72	0	0	0.25
176300	0.25	0.72	0.72	0	0	0.25
176400	0.25	0.72	0.72	0	0	0.25
176500	0.25	0.72	0.72	0	0	0.25
176600	0.25	0.72	0.72	0	0	0.25
176700	0.25	0.72	0.72	0	0	0.25
176800	0.25	0.72	0.72	0	0	0.25
176900	0.25	0.72	0.72	0	0	0.25
177000	0.25	0.72	0.72	0	0	0.25
177100	0.25	0.72	0.72	0	0	0.25
177200	0.25	0.72	0.72	0	0	0.25
177300	0.25	0.72	0.72	0	0	0.25
177400	0.25	0.72	0.72	0	0	0.25
177500	0.25	0.72	0.72	0	0	0.25
177600	0.25	0.72	0.72	0	0	0.25
177700	0.25	0.72	0.72	0	0	0.25
177800	0.25	0.72	0.72	0	0	0.25
177900	0.25	0.73	0.73	0	0	0.25
178000	0.25	0.73	0.73	0	0	0.25
178100	0.25	0.73	0.73	0	0	0.25
178200	0.25	0.73	0.73	0	0	0.25
178300	0.25	0.73	0.73	0	0	0.25
178400	0.25	0.73	0.73	0	0	0.25
178500	0.25	0.73	0.73	0	0	0.25
178600	0.25	0.73	0.73	0	0	0.25
178700	0.25	0.73	0.73	0	0	0.25
178800	0.25	0.73	0.73	0	0	0.25
178900	0.25	0.73	0.73	0	0	0.25
179000	0.25	0.73	0.73	0	0	0.25
179100	0.25	0.73	0.73	0	0	0.25
179200	0.25	0.73	0.73	0	0	0.25
179300	0.25	0.74	0.74	0	0	0.25
179400	0.25	0.74	0.74	0	0	0.25
179500	0.25	0.74	0.74	0	0	0.25
179600	0.25	0.74	0.74	0	0	0.25
179700	0.25	0.74	0.74	0	0	0.25
179800	0.25	0.74	0.74	0	0	0.25
179900	0.25	0.74	0.74	0	0	0.25
180000	0.25	0.74	0.74	0	0	0.25
180100	0.25	0.74	0.74	0	0	0.25
180200	0.25	0.74	0.74	0	0	0.25
180300	0.25	0.74	0.74	0	0	0.25
180400	0.25	0.74	0.74	0	0	0.25
180500	0.25	0.74	0.74	0	0	0.25
180600	0.25	0.74	0.74	0	0	0.25
180700	0.25	0.74	0.74	0	0	0.25
180800	0.25	0.74	0.74	0	0	0.25
180900	0.25	0.74	0.74	0	0	0.25
181000	0.25	0.74	0.74	0	0	0.25
181100	0.25	0.74	0.74	0	0	0.25
181200	0.25	0.74	0.74	0	0	0.25
181300	0.25	0.74	0.74	0	0	0.25
181400	0.25	0.74	0.74	0	0	0.25
181500	0.25	0.74	0.74	0	0	0.25
181600	0.25	0.74	0.74	0	0	0.25
181700	0.25	0.74	0.74	0	0	0.25
181800	0.25	0.74	0.74	0	0	0.25
181900	0.25	0.74	0.74	0	0	0.25
182000	0.25	0.74	0.74	0	0	0.25
182100	0.25	0.74	0.74	0	0	0.25
182200	0.25	0.74	0.74	0	0	0.25
182300	0.25	0.74	0.74	0	0	0.25
182400	0.25	0.74	0.74	0	0	0.25
182500	0.25	0.74	0.74	0	0	0.25
182600	0.25	0.74	0.74	0	0	0.25
182700	0.25	0.74	0.74	0	0	0.25
182800	0.25	0.74	0.74	0	0	0.25
182900	0.25	0.74	0.74	0	0	0.25
183000	0.25	0.74	0.74	0	0	0.25
183100	0.25	0.74	0.74	0	0	0.25
183200	0.25	0.74	0.74	0	0	0.25
183300	0.25	0.74	0.74	0	0	0.25
183400	0.25	0.74	0.74	0	0	0.25
183500	0.25	0.74	0.74	0	0	0.25
183600	0.25	0.75	0.75	0	0	0.25
183700	0.25	0.75	0.75	0	0	0.25
183800	0.25	0.75	0.75	0	0	0.25
183900	0.25	0.75	0.75	0	0	0.25
184000	0.25	0.75	0.75	0	0	0.25
184100	0.25	0.75	0.75	0	0	0.25
184200	0.25	0.75	0.75	0	0	0.25
184300	0.25	0.75	0.75	0	0	0.25
184400	0.25	0.75	0.75	0	0	0.25
184500	0.25	0.75	0.75	0	0	0.25
184600	0.25	0.75	0.75	0	0	0.25
184700	0.25	0.75	0.75	0	0	0.25
184800	0.25	0.75	0.75	0	0	0.25
184900	0.25	0.75	0.75	0	0	0.25
185000	0.25	0.75	0.75	0	0	0.25
185100	0.25	0.75	0.75	0	0	0.25
185200	0.25	0.75	0.75	0	0	0.25
185300	0.25	0.75	0.75	0	0	0.25
185400	0.25	0.75	0.75	0	0	0.25
185500	0.25	0.75	0.75	0	0	0.25
185600	0.25	0.75	0.75	0	0	0.25
185700	0.25	0.75	0.75	0	0	0.25
185800	0.25	0.75	0.75	0	0	0.25
185900	0.25	0.75	0.75	0	0	0.25
186000	0.25	0.75	0.75	0	0	0.25
186100	0.25	0.75	0.75	0	0	0.25
186200	0.25	0.75	0.75	0	0	0.25
186300	0.25	0.75	0.75	0	0	0.25
186400	0.25	0.75	0.75	0	0	0.25
186500	0.25	0.75	0.75	0	0	0.25
186600	0.25	0.75	0.75	0	0	0.25
186700	0.25	0.75	0.75	0	0	0.25
186800	0.25	0.75	0.75	0	0	0.25
186900	0.25	0.75	0.75	0	0	0.25
187000	0.25	0.75	0.75	0	0	0.25
187100	0.25	0.75	0.75	0	0	0.25
187200	0.25	0.75	0.75	0	0	0.25
187300	0.25	0.75	0.75	0	0	0.25
187400	0.25	0.75	0.75	0	0	0.25
187500	0.25	0.75	0.75	0	0	0.25
187600	0.25	0.75	0.75	0	0	0.25
187700	0.25	0.75	0.75	0	0	0.25
187800	0.25	0.75	0.75	0	0	0.25
187900	0.25	0.75	0.75	0	0	0.25
188000	0.25	0.75	0.75	0	0	0.25
188100	0.25	0.75	0.75	0	0	0.25
188200	0.25	0.75	0.75	0	0	0.25
188300	0.25	0.75	0.75	0	0	0.25
188400	0.25	0.75	0.75	0	0	0.25
188500	0.25	0.75	0.75	0	0	0.25
188600	0.25	0.75	0.75	0	0	0.25
188700	0.25	0.75	0.75	0	0	0.25
188800	0.25	0.75	0.75	0	0	0.25
188900	0.25	0.75	0.75	0	0	0.25
189000	0.25	0.75	0.75	0	0	0.25
189100	0.25	0.75	0.75	0	0	0.25
189200	0.25	0.75	0.75	0	0	0.25
189300	0.25	0.75	0.75	0	0	0.25
189400	0.25	0.75	0.75	0	0	0.25
189500	0.25	0.75	0.75	0	0	0.25
189600	0.25	0.75	0.75	0	0	0.25
189700	0.25	0.75	0.75	0	0	0.25
189800	0.25	0.75	0.75	0	0	0.25
189900	0.25	0.75	0.75	0	0	0.25
190000	0.25	0.75	0.75	0	0	0.25
190100	0.25	0.75	0.75	0	0	0.25
190200	0.25	0.75	0.75	0	0	0.25
190300	0.25	0.75	0.75	0	0	0.25
190400	0.25	0.75	0.75	0	0	0.25
190500	0.25	0.75	0.75	0	0	0.25
190600	0.25	0.75	0.75	0	0	0.25
190700	0.25	0.75	0.75	0	0	0.25
190800	0.25	0.75	0.75	0	0	0.25
190900	0.25	0.75	0.75	0	0	0.25
191000	0.25	0.75	0.75	0	0	0.25
191100	0.25	0.75	0.75	0	0	0.25
191200	0.25	0.75	0.75	0	0	0.25
191300	0.25	0.75	0.75	0	0	0.25
191400	0.25	0.75	0.75	0	0	0.25
191500	0.25	0.75	0.75	0	0	0.25
191600	0.25	0.75	0.75	0	0	0.25
191700	0.25	0.75	0.75	0	0	0.25
191800	0.25	0.75	0.75	0	0	0.25
191900	0.25	0.75	0.75	0	0	0.25
192000	0.25	0.75	0.75	0	0	0.25
192100	0.25	0.75	0.75	0	0	0.25
192200	0.25	0.75	0.75	0	0	0.25
192300	0.25	0.75	0.75	0	0	0.25
192400	0.25	0.75	0.75	0	0	0.25
192500	0.25	0.75	0.75	0	0	0.25
192600	0.25	0.75	0.75	0	0	0.25
192700	0.25	0.75	0.75	0	0	0.25
192800	0.25	0.75	0.75	0	0	0.25
192900	0.25	0.75	0.75	0	0	0.25
193000	0.25	0.75	0.75	0	0	0.25
193100	0.25	0.75	0.75	0	0	0.25
193200	0.25	0.75	0.75	0	0	0.25
193300	0.25	0.75	0.75	0	0	0.25
193400	0.25	0.75	0.75	0	0	0.25
193500	0.25	0.75	0.75	0	0	0.25
193600	0.25	0.75	0.75	0	0	0.25
193700	0.25	0.75	0.75	0	0	0.25
193800	0.25	0.75	0.75	0	0	0.25
193900	0.25	0.75	0.75	0	0	0.25
194000	0.25	0.75	0.75	0	0	0.25
194100	0.25	0.75	0.75	0	0	0.25
194200	0.25	0.75	0.75	0	0	0.25
194300	0.25	0.75	0.75	0	0	0.25
194400	0.25	0.75	0.75	0	0	0.25
194500	0.25	0.75	0.75	0	0	0.25
194600	0.25	0.75	0.75	0	0	0.25
194700	0.25	0.75	0.75	0	0	0.25
194800	0.25	0.75	0.75	0	0	0.25
194900	0.25	0.75	0.75	0	0	0.25
195000	0.25	0.75	0.75	0	0	0.25
195100	0.25	0.75	0.75	0	0	0.25
195200	0.25	0.75	0.75	0	0	0.25
195300	0.25	0.75	0.75	0	0	0.25
195400	0.25	0.75	0.75	0	0	0.25
195500	0.25	0.75	0.75	0	0	0.25
195600	0.25	0.75	0.75	0	0	0.25
195700	0.25	0.75	0.75	0	0	0.25
195800	0.25	0.75	0.75	0	0	0.25
195900	0.25	0.75	0.75	0	0	0.25
196000	0.25	0.75	0.75	0	0	0.25
196100	0.25	0.75	0.75	0	0	0.25
196200	0.25	0.75	0.75	0	0	0.25
196300	0.25	0.75	0.75	0	0	0.25
196400	0.25	0.75	0.75	0	0	0.25
196500	0.25	0.75	0.75	0	0	0.25
196600	0.25	0.75	0.75	0	0	0.25
196700	0.25	0.75	0.75	0	0	0.25
196800	0.25	0.75	0.75	0	0	0.25
196900	0.25	0.75	0.75	0	0	0.25
197000	0.25	0.75	0.75	0	0	0.25
197100	0.25	0.75	0.75	0	0	0.25
197200	0.25	0.75	0.75	0	0	0.25
197300	0.25	0.75	0.75	0	0	0.25
197400	0.25	0.75	0.75	0	0	0.25
197500	0.25	0.75	0.75	0	0	0.25
197600	0.25	0.75	0.75	0	0	0.25
197700	0.25	0.75	0.75	0	0	0.25
197800	0.25	0.75	0.75	0	0	0.25
197900	0.25	0.75	0.75	0	0	0.25
198000	0.25	0.75	0.75	0	0	0.25
198100	0.25	0.75	0.75	0	0	0.25
198200	0.25	0.75	0.75	0	0	0.25
198300	0.25	0.75	0.75	0	0	0.25
198400	0.25	0.75	0.75	0	0	0.25
198500	0.25	0.75	0.75	0	0	0.25
198600	0.25	0.75	0.75	0	0	0.25
198700	0.25	0.75	0.75	0	0	0.25
198800	0.25	0.75	0.75	0	0	0.25
198900	0.25	0.75	0.75	0	0	0.25
199000	0.25	0.75	0.75	0	0	0.25
199100	0.25	0.75	0.75	0	0	0.25
199200	0.25	0.75	0.75	0	0	0.25
199300	0.25	0.75	0.75	0	0	0.25
199400	0.25	0.75	0.75	0	0	0.25
199500	0.25	0.75	0.75	0	0	0.25
199600	0.25	0.75	0.75	0	0	0.25
199700	0.25	0.75	0.75	0	0	0.25
199800	0.25	0.75	0.75	0	0	0.25
199900	0.25	0.75	0.75	0	0	0.25
200000	0.25	0.75	0.75	0	0	0.25
200100	0.25	0.75	0.75	0	0	0.25
200200	0.25	0.75	0.75	0	0	0.25
200300	0.25	0.75	0.75	0	0	0.25
200400	0.25	0.75	0.75	0	0	0.25
200500	0.25	0.75	0.75	0	0	0.25
200600	0.25	0.75	0.75	0	0	0.25
200700	0.25	0.75	0.75	0	0	0.25
200800	0.25	0.75	0.75	0	0	0.25
200900	0.25	0.75	0.75	0	0	0.25
201000	0.25	0.75	0.75	0	0	0.25
201100	0.25	0.75	0.75	0	0	0.25
201200	0.25	0.75	0.75	0	0	0.25
201300	0.25	0.75	0.75	0	0	0.25
201400	0.25	0.75	0.75	0	0	0.25
201500	0.25	0.75	0.75	0	0	0.25
201600	0.25	0.75	0.75	0	0	0.25
201700	0.25	0.75	0.75	0	0	0.25
201800	0.25	0.75	0.75	0	0	0.25
201900	0.25	0.75	0.75	0	0	0.25
202000	0.25	0.75	0.75	0	0	0.25
202100	0.25	0.75	0.75	0	0	0.25
202200	0.25	0.75	0.75	0	0	0.25
202300	0.25	0.75	0.75	0	0	0.25
202400	0.25	0.75	0.75	0	0	0.25
202500	0.25	0.75	0.75	0	0	0.25
202600	0.25	0.75	0.75	0	0	0.25
202700	0.25	0.75	0.75	0	0	0.25
202800	0.25	0.75	0.75	0	0	0.25
202900	0.25	0.75	0.75	0	0	0.25
203000	0.25	0.75	0.75	0	0	0.25
203100	0.25	0.75	0.75	0	0	0.25
203200	0.25	0.75	0.75	0	0	0.25
203300	0.25	0.75	0.75	0	0	0.25
203400	0.25	0.75	0.75	0	0	0.25
203500	0.25	0.75	0.75	0	0	0.25
203600	0.25	0.75	0.75	0	0	0.25
203700	0.25	0.75	0.75	0	0	0.25
203800	0.25	0.75	0.75	0	0	0.25
203900	0.25	0.75	0.75	0	0	0.25
204000	0.25	0.75	0.75	0	0	0.25
204100	0.25	0.75	0.75	0	0	0.25
204200	0.25	0.75	0.75	0	0	0.25
204300	0.25	0.75	0.75	0	0	0.25
204400	0.25	0.75	0.75	0	0	0.25
204500	0.25	0.75	0.75	0	0	0.25
204600	0.25	0.75	0.75	0	0	0.25
204700	0.25	0.75	0.75	0	0	0.25
204800	0.25	0.75	0.75	0	0	0.25
204900	0.25	0.75	0.75	0	0	0.25
205000	0.25	0.75	0.75	0	0	0.25
205100	0.25	0.75	0.75	0	0	0.25
205200	0.25	0.75	0.75	0	0	0.25
205300	0.25	0.75	0.75	0	0	0.25
205400	0.25	0.75	0.75	0	0	0.25
205500	0.25	0.75	0.75	0	0	0.25
205600	0.25	0.75	0.75	0	0	0.25
205700	0.25	0.75	0.75	0	0	0.25
205800	0.25	0.75	0.75	0	0	0.25
205900	0.25	0.75	0.75	0	0	0.25
206000	0.25	0.75	0.75	0	0	0.25
206100	0.25	0.75	0.75	0	0	0.25
206200	0.25	0.75	0.75	0	0	0.25
206300	0.25	0.75	0.75	0	0	0.25
206400	0.25	0.75	0.75	0	0	0.25
206500	0.25	0.75	0.75	0	0	0.25
206600	0.25	0.75	0.75	0	0	0.25
206700	0.25	0.75	0.75	0	0	0.25
206800	0.25	0.75	0.75	0	0	0.25
206900	0.25	0.75	0.75	0	0	0.25
207000	0.25	0.75	0.75	0	0	0.25
207100	0.25	0.75	0.75	0	0	0.25
207200	0.25	0.75	0.75	0	0	0.25
207300	0.25	0.75	0.75	0	0	0.25
207400	0.25	0.75	0.75	0	0	0.25
207500	0.25	0.75	0.75	0	0	0.25
207600	0.25	0.75	0.75	0	0	0.25
207700	0.25	0.75	0.75	0	0	0.25
207800	0.25	0.75	0.75	0	0	0.25
207900	0.25	0.75	0.75	0	0	0.25
208000	0.25	0.75	0.75	0	0	0.25
208100	0.25	0.75	0.75	0	0	0.25
208200	0.25	0.75	0.75	0	0	0.25
208300	0.25	0.75	0.75	0	0	0.25
208400	0.25	0.75	0.75	0	0	0.25
208500	0.25	0.75	0.75	0	0	0.25
208600	0.25	0.75	0.75	0	0	0.25
208700	0.25	0.75	0.75	0	0	0.25
208800	0.25	0.75	0.75	0	0	0.25
208900	0.25	0.75	0.75	0	0	0.25
209000	0.25	0.75	0.75	0	0	0.25
209100	0.25	0.75	0.75	0	0	0.25
209200	0.25	0.75	0.75	0	0	0.25
209300	0.25	0.75	0.75	0	0	0.25
209400	0.25	0.75	0.75	0	0	0.25
209500	0.25	0.75	0.75	0	0	0.25
209600	0.25	0.75	0.75	0	0	0.25
209700	0.25	0.75	0.75	0	0	0.25
209800	0.25	0.75	0.75	0	0	0.25
209900	0.25	0.75	0.75	0	0	0.25
210000	0.25	0.75	0.75	0	0	0.25
210100	0.25	0.75	0.75	0	0	0.25
210200	0.25	0.75	0.75	0	0	0.25
210300	0.25	0.75	0.75	0	0	0.25
210400	0.25	0.75	0.75	0	0	0.25
210500	0.25	0.75	0.75	0	0	0.25
210600	0.25	0.75	0.75	0	0	0.25
210700	0.25	0.75	0.75	0	0	0.25
210800	0.25	0.75	0.75	0	0	0.25
210900	0.25	0.75	0.75	0	0	0.25
211000	0.25	0.75	0.75	0	0	0.25
211100	0.25	0.75	0.75	0	0	0.25
211200	0.25	0.75	0.75	0	0	0.25
211300	0.25	0.75	0.75	0	0	0.25
211400	0.25	0.75	0.75	0	0	0.25
211500	0.25	0.75	0.75	0	0	0.25
211600	0.25	0.75	0.75	0	0	0.25
211700	0.25	0.75	0.75	0	0	0.25
211800	0.25	0.75	0.75	0	0	0.25
211900	0.25	0.75	0.75	0	0	0.25
212000	0.25	0.75	0.75	0	0	0.25
212100	0.25	0.75	0.75	0	0	0.25
212200	0.25	0.75	0.75	0	0	0.25
212300	0.25	0.75	0.75	0	0	0.25
212400	0.25	0.75	0.75	0	0	0.25
212500	0.25	0.75	0.75	0	0	0.25
212600	0.25	0.75	0.75	0	0	0.25
212700	0.25	0.75	0.75	0	0	0.25
212800	0.25	0.75	0.75	0	0	0.25
212900	0.25	0.75	0.75	0	0	0.25
213000	0.25	0.75	0.75	0	0	0.25
213100	0.25	0.75	0.75	0	0	0.25
213200	0.25	0.75	0.75	0	0	0.25
213300	0.25	0.75	0.75	0	0	0.25
213400	0.25	0.75	0.75	0	0	0.25
213500	0.25	0.75	0.75	0	0	0.25
213600	0.25	0.75	0.75	0	0	0.25
213700	0.25	0.75	0.75	0	0	0.25
213800	0.25	0.75	0.75	0	0	0.25
213900	0.25	0.75	0.75	0	0	0.25
214000	0.25	0.75	0.75	0	0	0.25
214100	0.25	0.75	0.75	0	0	0.25
214200	0.25	0.75	0.75	0	0	0.25
214300	0.25	0.75	0.75	0	0	0.25
214400	0.25	0.75	0.75	0	0	0.25
214500	0.25	0.75	0.75	0	0	0.25
214600	0.25	0.75	0.75	0	0	0.25
214700	0.25	0.75	0.75	0	0	0.25
214800	0.25	0.75	0.75	0	0	0.25
214900	0.25	0.75	0.75	0	0	0.25
215000	0.25	0.75	0.75	0	0	0.25
215100	0.25	0.75	0.75	0	0	0.25
215200	0.25	0.75	0.75	0	0	0.25
215300	0.25	0.75	0.75	0	0	0.25
215400	0.25	0.75	0.75	0	0	0.25
215500	0.25	0.75	0.75	0	0	0.25
215600	0.25	0.75	0.75	0	0	0.25
215700	0.25	0.75	0.75	0	0	0.25
215800	0.25	0.75	0.75	0	0	0.25
215900	0.25	0.75	0.75	0	0	0.25
216000	0.25	0.75	0.75	0	0	0.25
216100	0.25	0.75	0.75	0	0	0.25
216200	0.25	0.75	0.75	0	0	0.25
216300	0.25	0.75	0.75	0	0	0.25
216400	0.25	0.75	0.75	0	0	0.25
216500	0.25	0.75	0.75	0	0	0.25
216600	0.25	0.75	0.75	0	0	0.25
216700	0.25	0.75	0.75	0	0	0.25
216800	0.25	0.75	0.75	0	0	0.25
216900	0.25	0.75	0.75	0	0	0.25
217000	0.25	0.75	0.75	0	0	0.25
217100	0.25	0.75	0.75	0	0	0.25
217200	0.25	0.75	0.75	0	0	0.25
217300	0.25	0.75	0.75	0	0	0.25
217400	0.25	0.75	0.75	0	0	0.25
217500	0.25	0.75	0.75	0	0	0.25
217600	0.25	0.75	0.75	0	0	0.25
217700	0.25	0.75	0.75	0	0	0.25
217800	0.25	0.75	0.75	0	0	0.25
217900	0.25	0.75	0.75	0	0	0.25
218000	0.25	0.75	0.75	0	0	0.25
218100	0.25	0.75	0.75	0	0	0.25
218200	0.25	0.75	0.75	0	0	0.25
218300	0.25	0.75	0.75	0	0	0.25
218400	0.25	0.75	0.75	0	0	0.25
218500	0.25	0.75	0.75	0	0	0.25
218600	0.25	0.75	0.75	0	0	0.25
218700	0.25	0.75	0.75	0	0	0.25
218800	0.25	0.75	0.75	0	0	0.25
218900	0.25	0.75	0.75	0	0	0.25
219000	0.25	0.75	0.75	0	0	0.25
219100	0.25	0.75	0.75	0	0	0.25
219200	0.25	0.75	0.75	0	0	0.25
219300	0.25	0.75	0.75	0	0	0.25
219400	0.25	0.75	0.75	0	0	0.25
219500	0.25	0.75	0.75	0	0	0.25
219600	0.25	0.75	0.75	0	0	0.25
219700	0.25	0.75	0.75	0	0	0.25
219800	0.25	0.75	0.75	0	0	0.25
219900	0.25	0.75	0.75	0	0	0.25
220000	0.25	0.75	0.75	0	0	0.25
220100	0.25	0.75	0.75	0	0	0.25
220200	0.25	0.75	0.75	0	0	0.25
220300	0.25	0.75	0.75	0	0	0.25
220400	0.25	0.75	0.75	0	0	0.25
220500	0.25	0.75	0.75	0	0	0.25
220600	0.25	0.75	0.75	0	0	0.25
220700	0.25	0.75	0.75	0	0	0.25
220800	0.25	0.75	0.75	0	0	0.25
220900	0.25	0.75	0.75	0	0	0.25
221000	0.25	0.75	0.75	0	0	0.25
221100	0.25	0.75	0.75	0	0	0.25
221200	0.25	0.75	0.75	0	0	0.25
221300	0.25	0.75	0.75	0	0	0.25
221400	0.25	0.75	0.75	0	0	0.25
221500	0.25	0.75	0.75	0	0	0.25
221600	0.25	0.75	0.75	0	0	0.25
221700	0.25	0.75	0.75	0	0	0.25
221800	0.25	0.75	0.75	0	0	0.25
221900	0.25	0.75	0.75	0	0	0.25
222000	0.25	0.75	0.75	0	0	0.25
222100	0.25	0.75	0.75	0	0	0.25
222200	0.25	0.75	0.75	0	0	0.25
222300	0.25	0.75	0.75	0	0	0.25
222400	0.25	0.75	0.75	0	0	0.25
222500	0.25	0.75	0.75	0	0	0.25
222600	0.25	0.75	0.75	0	0	0.25
222700	0.25	0.75	0.75	0	0	0.25
222800	0.25	0.75	0.75	0	0	0.25
222900	0.25	0.75	0.75	0	0	0.25
223000	0.25	0.75	0.75	0	0	0.25
223100	0.25	0.75	0.75	0	0	0.25
223200	0.25	0.75	0.75	0	0	0.25
223300	0.25	0.75	0.75	0	0	0.25
223400	0.25	0.75	0.75	0	0	0.25
223500	0.25	0.75	0.75	0	0	0.25
223600	0.25	0.75	0.75	0	0	0.25
223700	0.25	0.75	0.75	0	0	0.25
223800	0.25	0.75	0.75	0	0	0.25
223900	0.25	0.75	0.75	0	0	0.25
224000	0.25	0.75	0.75	0	0	0.25
224100	0.25	0.75	0.75	0	0	0.25
224200	0.25	0.75	0.75	0	0	0.25
224300	0.25	0.75	0.75	0	0	0.25
224400	0.25	0.75	0.75	0	0	0.25
224500	0.25	0.75	0.75	0	0	0.25
224600	0.25	0.75	0.75	0	0	0.25
224700	0.25	0.75	0.75	0	0	0.25
224800	0.25	0.75	0.75	0	0	0.25
224900	0.25	0.75	0.75	0	0	0.25
225000	0.25	0.75	0.75	0	0	0.25
225100	0.25	0.75	0.75	0	0	0.25
225200	0.25	0.75	0.75	0	0	0.25
225300	0.25	0.75	0.75	0	0	0.25
225400	0.25	0.75	0.75	0	0	0.25
225500	0.25	0.75	0.75	0	0	0.25
225600	0.25	0.75	0.75	0	0	0.25
225700	0.25	0.75	0.75	0	0	0.25
225800	0.25	0.75	0.75	0	0	0.25
225900	0.25	0.75	0.75	0	0	0.25
226000	0.25	0.75	0.75	0	0	0.25
226100	0.25	0.75	0.75	0	0	0.25
226200	0.25	0.75	0.75	0	0	0.25
226300	0.25	0.75	0.75	0	0	0.25
226400	0.25	0.75	0.75	0	0	0.25
226500	0.25	0.75	0.75	0	0	0.25
226600	0.25	0.75	0.75	0	0	0.25
226700	0.25	0.75	0.75	0	0	0.25
226800	0.25	0.75	0.75	0	0	0.25
226900	0.25	0.75	0.75	0	0	0.25
227000	0.25	0.75	0.75	0	0	0.25
227100	0.25	0.75	0.75	0	0	0.25
227200	0.25	0.75	0.75	0	0	0.25
227300	0.25	0.75	0.75	0	0	0.25
227400	0.25	0.75	0.75	0	0	0.25
227500	0.25	0.75	0.75	0	0	0.25
227600	0.25	0.75	0.75	0	0	0.25
227700	0.25	0.75	0.75	0	0	0.25
227800	0.25	0.75	0.75	0	0	0.25
227900	0.25	0.75	0.75	0	0	0.25
228000	0.25	0.75	0.75	0	0	0.25
228100	0.25	0.75	0.75	0	0	0.25
228200	0.25	0.75	0.75	0	0	0.25
228300	0.25	0.75	0.75	0	0	0.25
228400	0.25	0.75	0.75	0	0	0.25
228500	0.25	0.75	0.75	0	0	0.25
228600	0.25	0.75	0.75	0	0	0.25
228700	0.25	0.75	0.75	0	0	0.25
228800	0.25	0.75	0.75	0	0	0.25
228900	0.25	0.75	0.75	0	0	0.25
229000	0.25	0.75	0.75	0	0	0.25
229100	0.25	0.75	0.75	0	0	0.25
229200	0.25	0.75	0.75	0	0	0.25
229300	0.25	0.75	0.75	0	0	0.25
229400	0.25	0.75	0.75	0	0	0.25
229500	0.25	0.75	0.75	0	0	0.25
229600	0.25	0.75	0.75	0	0	0.25
229700	0.25	0.75	0.75	0	0	0.25
229800	0.25	0.75	0.75	0	0	0.25
229900	0.25	0.75	0.75	0	0	0.25
230000	0.25	0.75	0.75	0	0	0.25
230100	0.25	0.75	0.75	0	0	0.25
230200	0.25	0.75	0.75	0	0	0.25
230300	0.25	0.75	0.75	0	0	0.25
230400	0.25	0.75	0.75	0	0	0.25
230500	0.25	0.75	0.75	0	0	0.25
230600	0.25	0.75	0.75	0	0	0.25
230700	0.25	0.75	0.75	0	0	0.25
230800	0.25	0.75	0.75	0	0	0.25
230900	0.25	0.75	0.75	0	0	0.25
231000	0.25	0.75	0.75	0	0	0.25
231100	0.25	0.75	0.75	0	0	0.25
231200	0.25	0.75	0.75	0	0	0.25
231300	0.25	0.75	0.75	0	0	0.25
231400	0.25	0.75	0.75	0	0	0.25
231500	0.25	0.75	0.75	0	0	0.25
231600	0.25	0.75	0.75	0	0	0.25
231700	0.25	0.75	0.75	0	0	0.25
231800	0.25	0.75	0.75	0	0	0.25
231900	0.25	0.75	0.75	0	0	0.25
232000	0.25	0.75	0.75	0	0	0.25
232100	0.25	0.75	0.75	0	0	0.25
232200	0.25	0.75	0.75	0	0	0.25
232300	0.25	0.75	0.75	0	0	0.25
232400	0.25	0.75	0.75	0	0	0.25
232500	0.25	0.75	0.75	0	0	0.25
232600	0.25	0.75	0.75	0	0	0.25
232700	0.25	0.75	0.75	0	0	0.25
232800	0.25	0.75	0.75	0	0	0.25
232900	0.25	0.75	0.75	0	0	0.25
233000	0.25	0.75	0.75	0	0	0.25
233100	0.25	0.75	0.75	0	0	0.25
233200	0.25	0.75	0.75	0	0	0.25
233300	0.25	0.75	0.75	0	0	0.25
233400	0.25	0.75	0.75	0	0	0.25
233500	0.25	0.75	0.75	0	0	0.25
233600	0.25	0.75	0.75	0	0	0.25
233700	0.25	0.75	0.75	0	0	0.25
233800	0.25	0.75	0.75	0	0	0.25
233900	0.25	0.75	0.75	0	0	0.25
234000	0.25	0.75	0.75	0	0	0.25
234100	0.25	0.75	0.75	0	0	0.25
234200	0.25	0.75	0.75	0	0	0.25
234300	0.25	0.75	0.75	0	0	0.25
234400	0.25	0.75	0.75	0	0	0.25
234500	0.25	0.75	0.75	0	0	0.25
234600	0.25	0.75	0.75	0	0	0.25
234700	0.25	0.75	0.75	0	0	0.25
234800	0.25	0.75	0.75	0	0	0.25
234900	0.25	0.75	0.75	0	0	0.25
235000	0.25	0.75	0.75	0	0	0.25
235100	0.25	0.75	0.75	0	0	0.25
235200	0.25	0.75	0.75	0	0	0.25
235300	0.25	0.75	0.75	0	0	0.25
235400	0.25	0.75	0.75	0	0	0.25
235500	0.25	0.75	0.75	0	0	0.25
235600	0.25	0.75	0.75	0	0	0.25
235700	0.25	0.75	0.75	0	0	0.25
235800	0.25	0.75	0.75	0	0	0.25
235900	0.25	0.75	0.75	0	0	0.25
236000	0.25	0.75	0.75	0	0	0.25
236100	0.25	0.75	0.75	0	0	0.25
236200	0.25	0.75	0.75	0	0	0.25
236300	0.25	0.75	0.75	0	0	0.25
236400	0.25	0.74	0.74	0	0	0.25
236500	0.25	0.74	0.74	0	0	0.25
236600	0.25	0.74	0.74	0	0	0.25
236700	0.25	0.74	0.74	0	0	0.25
236800	0.25	0.74	0.74	0	0	0.25
236900	0.25	0.74	0.74	0	0	0.25
237000	0.25	0.74	0.74	0	0	0.25
237100	0.25	0.74	0.74	0	0	0.25
237200	0.25	0.74	0.74	0	0	0.25
237300	0.25	0.74	0.74	0	0	0.25
237400	0.25	0.74	0.74	0	0	0.25
237500	0.25	0.74	0.74	0	0	0.25
237600	0.25	0.74	0.74	0	0	0.25
237700	0.25	0.74	0.74	0	0	0.25
237800	0.25	0.74	0.74	0	0	0.25
237900	0.25	0.74	0.74	0	0	0.25
238000	0.25	0.74	0.74	0	0	0.25
238100	0.25	0.74	0.74	0	0	0.25
238200	0.25	0.74	0.74	0	0	0.25
238300	0.25	0.74	0.74	0	0	0.25
238400	0.25	0.74	0.74	0	0	0.25
238500	0.25	0.74	0.74	0	0	0.25
238600	0.25	0.74	0.74	0	0	0.25
238700	0.25	0.74	0.74	0	0	0.25
238800	0.25	0.74	0.74	0	0	0.25
238900	0.25	0.74	0.74	0	0	0.25
239000	0.25	0.74	0.74	0	0	0.25
239100	0.25	0.74	0.74	0	0	0.25
239200	0.25	0.74	0.74	0	0	0.25
239300	0.25	0.74	0.74	0	0	0.25
239400	0.25	0.74	0.74	0	0	0.25
239500	0.25	0.74	0.74	0	0	0.25
239600	0.25	0.74	0.74	0	0	0.25
239700	0.25	0.74	0.74	0	0	0.25
239800	0.25	0.74	0.74	0	0	0.25
239900	0.25	0.74	0.74	0	0	0.25
240000	0.25	0.74	0.74	0	0	0.25
240100	0.25	0.74	0.74	0	0	0.25
240200	0.25	0.74	0.74	0	0	0.25
240300	0.25	0.74	0.74	0	0	0.25
240400	0.25	0.74	0.74	0	0	0.25
240500	0.25	0.74	0.74	0	0	0.25
240600	0.25	0.74	0.74	0	0	0.25
240700	0.25	0.74	0.74	0	0	0.25
240800	0.25	0.74	0.74	0	0	0.25
240900	0.25	0.74	0.74	0	0	0.25
241000	0.25	0.74	0.74	0	0	0.25
241100	0.25	0.74	0.74	0	0	0.25
241200	0.25	0.74	0.74	0	0	0.25
241300	0.25	0.74	0.74	0	0	0.25
241400	0.25	0.74	0.74	0	0	0.25
241500	0.25	0.74	0.74	0	0	0.25
241600	0.25	0.74	0.74	0	0	0.25
241700	0.25	0.74	0.74	0	0	0.25
241800	0.25	0.74	0.74	0	0	0.25
241900	0.25	0.74	0.74	0	0	0.25
242000	0.25	0.74	0.74	0	0	0.25
242100	0.25	0.74	0.74	0	0	0.25
242200	0.25	0.74	0.74	0	0	0.25
242300	0.25	0.74	0.74	0	0	0.25
242400	0.25	0.74	0.74	0	0	0.25
242500	0.25	0.74	0.74	0	0	0.25
242600	0.25	0.74	0.74	0	0	0.25
242700	0.25	0.74	0.74	0	0	0.25
242800	0.25	0.74	0.74	0	0	0.25
242900	0.25	0.74	0.74	0	0	0.25
243000	0.25	0.74	0.74	0	0	0.25
243100	0.25	0.74	0.74	0	0	0.25
243200	0.25	0.74	0.74	0	0	0.25
243300	0.25	0.74	0.74	0	0	0.25
243400	0.25	0.74	0.74	0	0	0.25
243500	0.25	0.74	0.74	0	0	0.25
243600	0.25	0.74	0.74	0	0	0.25
243700	0.25	0.74	0.74	0	0	0.25
243800	0.25	0.74	0.74	0	0	0.25
243900	0.25	0.74	0.74	0	0	0.25
244000	0.25	0.74	0.74	0	0	0.25
244100	0.25	0.74	0.74	0	0	0.25
244200	0.25	0.74	0.74	0	0	0.25
244300	0.25	0.74	0.74	0	0	0.25
244400	0.25	0.74	0.74	0	0	0.25
244500	0.25	0.75	0.75	0	0	0.25
244600	0.25	0.75	0.75	0	0	0.25
244700	0.25	0.74	0.74	0	0	0.25
244800	0.25	0.74	0.74	0	0	0.25
244900	0.25	0.74	0.74	0	0	0.25
245000	0.25	0.74	0.74	0	0	0.25
245100	0.25	0.74	0.74	0	0	0.25
245200	0.25	0.74	0.74	0	0	0.25
245300	0.25	0.74	0.74	0	0	0.25
245400	0.25	0.74	0.74	0	0	0.25
245500	0.25	0.74	0.74	0	0	0.25
245600	0.25	0.74	0.74	0	0	0.25
245700	0.25	0.74	0.74	0	0	0.25
245800	0.25	0.74	0.74	0	0	0.25
245900	0.25	0.74	0.74	0	0	0.25
246000	0.25	0.74	0.74	0	0	0.25
246100	0.25	0.74	0.74	0	0	0.25
246200	0.25	0.74	0.74	0	0	0.25
246300	0.25	0.74	0.74	0	0	0.25
246400	0.25	0.74	0.74	0	0	0.25
246500	0.25	0.74	0.74	0	0	0.25
246600	0.25	0.74	0.74	0	0	0.25
246700	0.25	0.74	0.74	0	0	0.25
246800	0.25	0.74	0.74	0	0	0.25
246900	0.25	0.74	0.74	0	0	0.25
247000	0.25	0.74	0.74	0	0	0.25
247100	0.25	0.74	0.74	0	0	0.25
247200	0.25	0.74	0.74	0	0	0.25
247300	0.25	0.74	0.74	0	0	0.25
247400	0.25	0.74	0.74	0	0	0.25
247500	0.25	0.74	0.74	0	0	0.25
247600	0.25	0.74	0.74	0	0	0.25
247700	0.25	0.74	0.74	0	0	0.25
247800	0.25	0.74	0.74	0	0	0.25
247900	0.25	0.74	0.74	0	0	0.25
248000	0.25	0.74	0.74	0	0	0.25
248100	0.25	0.74	0.74	0	0	0.25
248200	0.25	0.74	0.74	0	0	0.25
248300	0.25	0.74	0.74	0	0	0.25
248400	0.25	0.74	0.74	0	0	0.25
248500	0.25	0.74	0.74	0	0	0.25
248600	0.25	0.74	0.74	0	0	0.25
248700	0.25	0.74	0.74	0	0	0.25
248800	0.25	0.74	0.74	0	0	0.25
248900	0.25	0.74	0.74	0	0	0.25
249000	0.25	0.74	0.74	0	0	0.25
249100	0.25	0.74	0.74	0	0	0.25
249200	0.25	0.74	0.74	0	0	0.25
249300	0.25	0.74	0.74	0	0	0.25
249400	0.25	0.74	0.74	0	0	0.25
249500	0.25	0.74	0.74	0	0	0.25
249600	0.25	0.74	0.74	0	0	0.25
249700	0.25	0.74	0.74	0	0	0.25
249800	0.25	0.74	0.74	0	0	0.25
249900	0.25	0.74	0.74	0	0	0.25
250000	0.25	0.74	0.74	0	0	0.25
250100	0.25	0.74	0.74	0	0	0.25
250200	0.25	0.74	0.74	0	0	0.25
250300	0.25	0.74	0.74	0	0	0.25
250400	0.25	0.74	0.74	0	0	0.25
250500	0.25	0.74	0.74	0	0	0.25
250600	0.25	0.74	0.74	0	0	0.25
250700	0.25	0.74	0.74	0	0	0.25
250800	0.25	0.74	0.74	0	0	0.25
250900	0.25	0.74	0.74	0	0	0.25
251000	0.25	0.74	0.74	0	0	0.25
251100	0.25	0.74	0.74	0	0	0.25
251200	0.25	0.74	0.74	0	0	0.25
251300	0.25	0.74	0.74	0	0	0.25
251400	0.25	0.74	0.74	0	0	0.25
251500	0.25	0.74	0.74	0	0	0.25
251600	0.25	0.74	0.74	0	0	0.25
251700	0.25	0.74	0.74	0	0	0.25
251800	0.25	0.74	0.74	0	0	0.25
251900	0.25	0.74	0.74	0	0	0.25
252000	0.25	0.74	0.74	0	0	0.25
252100	0.25	0.74	0.74	0	0	0.25
252200	0.25	0.74	0.74	0	0	0.25
252300	0.25	0.74	0.74	0	0	0.25
252400	0.25	0.74	0.74	0	0	0.25
252500	0.25	0.74	0.74	0	0	0.25
252600	0.26	0.74	0.74	0	0	0.26
252700	0.26	0.74	0.74	0	0	0.26
252800	0.26	0.74	0.74	0	0	0.26
252900	0.26	0.74	0.74	0	0	0.26
253000	0.26	0.74	0.74	0	0	0.26
253100	0.26	0.74	0.74	0	0	0.26
253200	0.26	0.74	0.74	0	0	0.26
253300	0.26	0.74	0.74	0	0	0.26
253400	0.26	0.74	0.74	0	0	0.26
253500	0.26	0.74	0.74	0	0	0.26
253600	0.26	0.74	0.74	0	0	0.26
253700	0.26	0.74	0.74	0	0	0.26
253800	0.26	0.74	0.74	0	0	0.26
253900	0.26	0.74	0.74	0	0	0.26
254000	0.26	0.74	0.74	0	0	0.26
254100	0.26	0.74	0.74	0	0	0.26
254200	0.26	0.74	0.74	0	0	0.26
254300	0.26	0.74	0.74	0	0	0.26
254400	0.26	0.74	0.74	0	0	0.26
254500	0.26	0.74	0.74	0	0	0.26
254600	0.26	0.74	0.74	0	0	0.26
254700	0.25	0.74	0.74	0	0	0.25
254800	0.25	0.74	0.74	0	0	0.25
254900	0.25	0.74	0.74	0	0	0.25
255000	0.25	0.74	0.74	0	0	0.25
255100	0.25	0.74	0.74	0	0	0.25
255200	0.25	0.74	0.74	0	0	0.25
255300	0.25	0.75	0.75	0	0	0.25
255400	0.25	0.75	0.75	0	0	0.25
255500	0.25	0.75	0.75	0	0	0.25
255600	0.25	0.75	0.75	0	0	0.25
255700	0.25	0.75	0.75	0	0	0.25
255800	0.25	0.75	0.75	0	0	0.25
255900	0.25	0.75	0.75	0	0	0.25
256000	0.25	0.75	0.75	0	0	0.25
256100	0.25	0.75	0.75	0	0	0.25
256200	0.25	0.75	0.75	0	0	0.25
256300	0.25	0.75	0.75	0	0	0.25
256400	0.25	0.75	0.75	0	0	0.25
256500	0.25	0.75	0.75	0	0	0.25
256600	0.25	0.75	0.75	0	0	0.25
256700	0.25	0.75	0.75	0	0	0.25
256800	0.25	0.75	0.75	0	0	0.25
256900	0.25	0.75	0.75	0	0	0.25
257000	0.25	0.75	0.75	0	0	0.25
257100	0.25	0.75	0.75	0	0	0.25
257200	0.25	0.75	0.75	0	0	0.25
257300	0.25	0.75	0.75	0	0	0.25
257400	0.25	0.75	0.75	0	0	0.25
257500	0.25	0.75	0.75	0	0	0.25
257600	0.25	0.75	0.75	0	0	0.25
257700	0.25	0.75	0.75	0	0	0.25
257800	0.25	0.75	0.75	0	0	0.25
257900	0.25	0.75	0.75	0	0	0.25
258000	0.25	0.75	0.75	0	0	0.25
258100	0.25	0.75	0.75	0	0	0.25
258200	0.25	0.75	0.75	0	0	0.25
258300	0.25	0.75	0.75	0	0	0.25
258400	0.25	0.75	0.75	0	0	0.25
258500	0.25	0.75	0.75	0	0	0.25
258600	0.25	0.75	0.75	0	0	0.25
258700	0.25	0.75	0.75	0	0	0.25
258800	0.25	0.75	0.75	0	0	0.25
258900	0.25	0.75	0.75	0	0	0.25
259000	0.25	0.75	0.75	0	0	0.25
259100	0.25	0.75	0.75	0	0	0.25
259200	0.25	0.75	0.75	0	0	0.25
259300	0.25	0.75	0.75	0	0	0.25
259400	0.25	0.75	0.75	0	0	0.25
259500	0.25	0.75	0.75	0	0	0.25
259600	0.25	0.75	0.75	0	0	0.25
259700	0.25	0.75	0.75	0	0	0.25
259800	0.25	0.75	0.75	0	0	0.25
259900	0.25	0.75	0.75	0	0	0.25
260000	0.25	0.75	0.75	0	0	0.25
260100	0.25	0.75	0.75	0	0	0.25
260200	0.25	0.75	0.75	0	0	0.25
260300	0.25	0.75	0.75	0	0	0.25
260400	0.25	0.75	0.75	0	0	0.25
260500	0.25	0.75	0.75	0	0	0.25
260600	0.25	0.74	0.74	0	0	0.25
260700	0.25	0.74	0.74	0	0	0.25
260800	0.25	0.74	0.74	0	0	0.25
260900	0.25	0.74	0.74	0	0	0.25
261000	0.25	0.74	0.74	0	0	0.25
261100	0.25	0.74	0.74	0	0	0.25
261200	0.25	0.74	0.74	0	0	0.25
261300	0.25	0.74	0.74	0	0	0.25
261400	0.25	0.74	0.74	0	0	0.25
261500	0.25	0.74	0.74	0	0	0.25
261600	0.25	0.74	0.74	0	0	0.25
261700	0.25	0.74	0.74	0	0	0.25
261800	0.25	0.74	0.74	0	0	0.25
261900	0.25	0.74	0.74	0	0	0.25
262000	0.25	0.74	0.74	0	0	0.25
262100	0.25	0.74	0.74	0	0	0.25
262200	0.25	0.74	0.74	0	0	0.25
262300	0.25	0.74	0.74	0	0	0.25
262400	0.25	0.74	0.74	0	0	0.25
262500	0.25	0.74	0.74	0	0	0.25
262600	0.25	0.74	0.74	0	0	0.25
262700	0.25	0.74	0.74	0	0	0.25
262800	0.25	0.74	0.74	0	0	0.25
262900	0.25	0.74	0.74	0	0	0.25
263000	0.25	0.74	0.74	0	0	0.25
263100	0.25	0.74	0.74	0	0	0.25
263200	0.25	0.74	0.74	0	0	0.25
263300	0.25	0.74	0.74	0	0	0.25
263400	0.25	0.74	0.74	0	0	0.25
263500	0.25	0.74	0.74	0	0	0.25
263600	0.25	0.74	0.74	0	0	0.25
263700	0.25	0.74	0.74	0	0	0.25
263800	0.25	0.74	0.74	0	0	0.25
263900	0.25	0.74	0.74	0	0	0.25
264000	0.25	0.74	0.74	0	0	0.25
264100	0.25	0.74	0.74	0	0	0.25
264200	0.25	0.74	0.74	0	0	0.25
264300	0.25	0.74	0.74	0	0	0.25
264400	0.25	0.74	0.74	0	0	0.25
264500	0.25	0.74	0.74	0	0	0.25
264600	0.25	0.74	0.74	0	0	0.25
264700	0.25	0.74	0.74	0	0	0.25
264800	0.25	0.74	0.74	0	0	0.25
264900	0.25	0.74	0.74	0	0	0.25
265000	0.25	0.74	0.74	0	0	0.25
265100	0.25	0.74	0.74	0	0	0.25
265200	0.25	0.74	0.74	0	0	0.25
265300	0.25	0.74	0.74	0	0	0.25
265400	0.25	0.74	0.74	0	0	0.25
265500	0.25	0.74	0.74	0	0	0.25
265600	0.25	0.74	0.74	0	0	0.25
265700	0.25	0.74	0.74	0	0	0.25
265800	0.25	0.74	0.74	0	0	0.25
265900	0.25	0.74	0.74	0	0	0.25
266000	0.25	0.74	0.74	0	0	0.25
266100	0.25	0.74	0.74	0	0	0.25
266200	0.25	0.74	0.74	0	0	0.25
266300	0.25	0.74	0.74	0	0	0.25
266400	0.25	0.74	0.74	0	0	0.25
266500	0.25	0.74	0.74	0	0	0.25
266600	0.25	0.74	0.74	0	0	0.25
266700	0.26	0.74	0.74	0	0	0.26
266800	0.26	0.74	0.74	0	0	0.26
266900	0.26	0.74	0.74	0	0	0.26
267000	0.26	0.74	0.74	0	0	0.26
267100	0.26	0.74	0.74	0	0	0.26
267200	0.26	0.74	0.74	0	0	0.26
267300	0.26	0.74	0.74	0	0	0.26
267400	0.26	0.74	0.74	0	0	0.26
267500	0.26	0.74	0.74	0	0	0.26
267600	0.26	0.74	0.74	0	0	0.26
267700	0.26	0.74	0.74	0	0	0.26
267800	0.26	0.74	0.74	0	0	0.26
267900	0.26	0.74	0.74	0	0	0.26
268000	0.26	0.74	0.74	0	0	0.26
268100	0.26	0.74	0.74	0	0	0.26
268200	0.26	0.74	0.74	0	0	0.26
268300	0.26	0.74	0.74	0	0	0.26
268400	0.26	0.74	0.74	0	0	0.26
268500	0.26	0.74	0.74	0	0	0.26
268600	0.26	0.74	0.74	0	0	0.26
268700	0.26	0.74	0.74	0	0	0.26
268800	0.26	0.74	0.74	0	0	0.26
268900	0.26	0.74	0.74	0	0	0.26
269000	0.26	0.74	0.74	0	0	0.26
269100	0.26	0.74	0.74	0	0	0.26
269200	0.26	0.74	0.74	0	0	0.26
269300	0.26	0.74	0.74	0	0	0.26
269400	0.26	0.74	0.74	0	0	0.26
269500	0.26	0.74	0.74	0	0	0.26
269600	0.26	0.74	0.74	0	0	0.26
269700	0.26	0.74	0.74	0	0	0.26
269800	0.26	0.74	0.74	0	0	0.26
269900	0.26	0.74	0.74	0	0	0.26
270000	0.26	0.74	0.74	0	0	0.26
270100	0.26	0.74	0.74	0	0	0.26
270200	0.26	0.74	0.74	0	0	0.26
270300	0.26	0.74	0.74	0	0	0.26
270400	0.26	0.74	0.74	0	0	0.26
270500	0.26	0.74	0.74	0	0	0.26
270600	0.26	0.74	0.74	0	0	0.26
270700	0.26	0.74	0.74	0	0	0.26
270800	0.26	0.74	0.74	0	0	0.26
270900	0.26	0.74	0.74	0	0	0.26
271000	0.26	0.74	0.74	0	0	0.26
271100	0.26	0.74	0.74	0	0	0.26
271200	0.26	0.74	0.74	0	0	0.26
271300	0.26	0.74	0.74	0	0	0.26
271400	0.26	0.74	0.74	0	0	0.26
271500	0.26	0.74	0.74	0	0	0.26
271600	0.26	0.74	0.74	0	0	0.26
271700	0.26	0.74	0.74	0	0	0.26
271800	0.26	0.74	0.74	0	0	0.26
271900	0.26	0.74	0.74	0	0	0.26
272000	0.26	0.74	0.74	0	0	0.26
272100	0.26	0.74	0.74	0	0	0.26
272200	0.26	0.74	0.74	0	0	0.26
272300	0.26	0.74	0.74	0	0	0.26
272400	0.26	0.74	0.74	0	0	0.26
272500	0.26	0.74	0.74	0	0	0.26
272600	0.26	0.74	0.74	0	0	0.26
272700	0.26	0.74	0.74	0	0	0.26
272800	0.26	0.74	0.74	0	0	0.26
272900	0.26	0.74	0.74	0	0	0.26
273000	0.26	0.74	0.74	0	0	0.26
273100	0.26	0.74	0.74	0	0	0.26
273200	0.26	0.74	0.74	0	0	0.26
273300	0.26	0.74	0.74	0	0	0.26
273400	0.26	0.74	0.74	0	0	0.26
273500	0.26	0.74	0.74	0	0	0.26
273600	0.26	0.74	0.74	0	0	0.26
273700	0.26	0.74	0.74	0	0	0.26
273800	0.26	0.74	0.74	0	0	0.26
273900	0.26	0.74	0.74	0	0	0.26
274000	0.26	0.74	0.74	0	0	0.26
274100	0.26	0.74	0.74	0	0	0.26
274200	0.26	0.74	0.74	0	0	0.26
274300	0.26	0.74	0.74	0	0	0.26
274400	0.26	0.74	0.74	0	0	0.26
274500	0.26	0.74	0.74	0	0	0.26
274600	0.26	0.74	0.74	0	0	0.26
274700	0.26	0.74	0.74	0	0	0.26
274800	0.26	0.74	0.74	0	0	0.26
274900	0.26	0.74	0.74	0	0	0.26
275000	0.26	0.74	0.74	0	0	0.26
275100	0.26	0.74	0.74	0	0	0.26
275200	0.26	0.74	0.74	0	0	0.26
275300	0.26	0.74	0.74	0	0	0.26
275400	0.26	0.74	0.74	0	0	0.26
275500	0.26	0.74	0.74	0	0	0.26
275600	0.26	0.74	0.74	0	0	0.26
275700	0.26	0.74	0.74	0	0	0.26
275800	0.26	0.74	0.74	0	0	0.26
275900	0.26	0.74	0.74	0	0	0.26
276000	0.26	0.74	0.74	0	0	0.26
276100	0.26	0.74	0.74	0	0	0.26
276200	0.26	0.74	0.74	0	0	0.26
276300	0.26	0.74	0.74	0	0	0.26
276400	0.26	0.74	0.74	0	0	0.26
276500	0.26	0.74	0.74	0	0	0.26
276600	0.26	0.74	0.74	0	0	0.26
276700	0.26	0.74	0.74	0	0	0.26
276800	0.26	0.74	0.74	0	0	0.26
276900	0.26	0.74	0.74	0	0	0.26
277000	0.26	0.74	0.74	0	0	0.26
277100	0.26	0.74	0.74	0	0	0.26
277200	0.26	0.74	0.74	0	0	0.26
277300	0.26	0.74	0.74	0	0	0.26
277400	0.26	0.74	0.74	0	0	0.26
277500	0.26	0.74	0.74	0	0	0.26
277600	0.26	0.74	0.74	0	0	0.26
277700	0.26	0.74	0.74	0	0	0.26
277800	0.26	0.74	0.74	0	0	0.26
277900	0.26	0.74	0.74	0	0	0.26
278000	0.26	0.74	0.74	0	0	0.26
278100	0.26	0.74	0.74	0	0	0.26
278200	0.26	0.74	0.74	0	0	0.26
278300	0.26	0.74	0.74	0	0	0.26
278400	0.26	0.74	0.74	0	0	0.26
278500	0.26	0.74	0.74	0	0	0.26
278600	0.26	0.74	0.74	0	0	0.26
278700	0.26	0.74	0.74	0	0	0.26
278800	0.26	0.74	0.74	0	0	0.26
278900	0.26	0.74	0.74	0	0	0.26
279000	0.26	0.74	0.74	0	0	0.26
279100	0.26	0.74	0.74	0	0	0.26
279200	0.26	0.74	0.74	0	0	0.26
279300	0.26	0.74	0.74	0	0	0.26
279400	0.26	0.74	0.74	0	0	0.26
279500	0.26	0.74	0.74	0	0	0.26
279600	0.26	0.74	0.74	0	0	0.26
279700	0.26	0.74	0.74	0	0	0.26
279800	0.26	0.74	0.74	0	0	0.26
279900	0.26	0.74	0.74	0	0	0.26
280000	0.26	0.74	0.74	0	0	0.26
280100	0.26	0.74	0.74	0	0	0.26
280200	0.26	0.74	0.74	0	0	0.26
280300	0.26	0.74	0.74	0	0	0.26
280400	0.26	0.74	0.74	0	0	0.26
280500	0.26	0.74	0.74	0	0	0.26
280600	0.26	0.74	0.74	0	0	0.26
280700	0.26	0.74	0.74	0	0	0.26
280800	0.26	0.74	0.74	0	0	0.26
280900	0.26	0.74	0.74	0	0	0.26
281000	0.26	0.74	0.74	0	0	0.26
281100	0.26	0.74	0.74	0	0	0.26
281200	0.26	0.74	0.74	0	0	0.26
281300	0.26	0.74	0.74	0	0	0.26
281400	0.26	0.74	0.74	0	0	0.26
281500	0.26	0.74	0.74	0	0	0.26
281600	0.26	0.74	0.74	0	0	0.26
281700	0.26	0.74	0.74	0	0	0.26
281800	0.26	0.74	0.74	0	0	0.26
281900	0.26	0.74	0.74	0	0	0.26
282000	0.26	0.74	0.74	0	0	0.26
282100	0.26	0.74	0.74	0	0	0.26
282200	0.26	0.74	0.74	0	0	0.26
282300	0.26	0.74	0.74	0	0	0.26
282400	0.26	0.74	0.74	0	0	0.26
282500	0.26	0.74	0.74	0	0	0.26
282600	0.26	0.74	0.74	0	0	0.26
282700	0.26	0.74	0.74	0	0	0.26
282800	0.26	0.74	0.74	0	0	0.26
282900	0.26	0.74	0.74	0	0	0.26
283000	0.26	0.74	0.74	0	0	0.26
283100	0.26	0.74	0.74	0	0	0.26
283200	0.26	0.74	0.74	0	0	0.26
283300	0.26	0.74	0.74	0	0	0.26
283400	0.26	0.74	0.74	0	0	0.26
283500	0.26	0.74	0.74	0	0	0.26
283600	0.26	0.74	0.74	0	0	0.26
283700	0.26	0.74	0.74	0	0	0.26
283800	0.26	0.74	0.74	0	0	0.26
283900	0.26	0.74	0.74	0	0	0.26
284000	0.26	0.74	0.74	0	0	0.26
284100	0.26	0.74	0.74	0	0	0.26
284200	0.26	0.74	0.74	0	0	0.26
284300	0.26	0.74	0.74	0	0	0.26
284400	0.26	0.74	0.74	0	0	0.26
284500	0.26	0.74	0.74	0	0	0.26
284600	0.26	0.74	0.74	0	0	0.26
284700	0.26	0.74	0.74	0	0	0.26
284800	0.26	0.74	0.74	0	0	0.26
284900	0.26	0.74	0.74	0	0	0.26
285000	0.26	0.74	0.74	0	0	0.26
285100	0.26	0.74	0.74	0	0	0.26
285200	0.26	0.74	0.74	0	0	0.26
285300	0.26	0.74	0.74	0	0	0.26
285400	0.26	0.74	0.74	0	0	0.26
285500	0.26	0.74	0.74	0	0	0.26
285600	0.26	0.74	0.74	0	0	0.26
285700	0.26	0.74	0.74	0	0	0.26
285800	0.26	0.74	0.74	0	0	0.26
285900	0.26	0.74	0.74	0	0	0.26
286000	0.26	0.74	0.74	0	0	0.26
286100	0.26	0.74	0.74	0	0	0.26
286200	0.26	0.74	0.74	0	0	0.26
286300	0.26	0.74	0.74	0	0	0.26
286400	0.26	0.74	0.74	0	0	0.26
286500	0.26	0.74	0.74	0	0	0.26
286600	0.26	0.74	0.74	0	0	0.26
286700	0.26	0.74	0.74	0	0	0.26
286800	0.26	0.74	0.74	0	0	0.26
286900	0.26	0.74	0.74	0	0	0.26
287000	0.26	0.74	0.74	0	0	0.26
287100	0.26	0.74	0.74	0	0	0.26
287200	0.26	0.74	0.74	0	0	0.26
287300	0.26	0.74	0.74	0	0	0.26
287400	0.26	0.74	0.74	0	0	0.26
287500	0.26	0.74	0.74	0	0	0.26
287600	0.26	0.74	0.74	0	0	0.26
287700	0.26	0.74	0.74	0	0	0.26
287800	0.26	0.74	0.74	0	0	0.26
287900	0.26	0.74	0.74	0	0	0.26
288000	0.26	0.74	0.74	0	0	0.26
288100	0.26	0.74	0.74	0	0	0.26
288200	0.26	0.74	0.74	0	0	0.26
288300	0.26	0.74	0.74	0	0	0.26
288400	0.26	0.74	0.74	0	0	0.26
288500	0.26	0.74	0.74	0	0	0.26
288600	0.26	0.74	0.74	0	0	0.26
288700	0.26	0.74	0.74	0	0	0.26
288800	0.26	0.74	0.74	0	0	0.26
288900	0.26	0.74	0.74	0	0	0.26
289000	0.26	0.74	0.74	0	0	0.26
289100	0.26	0.74	0.74	0	0	0.26
289200	0.26	0.74	0.74	0	0	0.26
289300	0.26	0.74	0.74	0	0	0.26
289400	0.26	0.74	0.74	0	0	0.26
289500	0.26	0.74	0.74	0	0	0.26
289600	0.26	0.74	0.74	0	0	0.26
289700	0.26	0.74	0.74	0	0	0.26
289800	0.26	0.74	0.74	0	0	0.26
289900	0.26	0.74	0.74	0	0	0.26
290000	0.26	0.74	0.74	0	0	0.26
290100	0.26	0.74	0.74	0	0	0.26
290200	0.26	0.74	0.74	0	0	0.26
290300	0.26	0.74	0.74	0	0	0.26
290400	0.26	0.74	0.74	0	0	0.26
290500	0.26	0.74	0.74	0	0	0.26
290600	0.26	0.74	0.74	0	0	0.26
290700	0.26	0.74	0.74	0	0	0.26
290800	0.26	0.74	0.74	0	0	0.26
290900	0.26	0.74	0.74	0	0	0.26
291000	0.26	0.74	0.74	0	0	0.26
291100	0.26	0.74	0.74	0	0	0.26
291200	0.26	0.74	0.74	0	0	0.26
291300	0.26	0.74	0.74	0	0	0.26
291400	0.26	0.74	0.74	0	0	0.26
291500	0.26	0.74	0.74	0	0	0.26
291600	0.26	0.74	0.74	0	0	0.26
291700	0.26	0.74	0.74	0	0	0.26
291800	0.26	0.74	0.74	0	0	0.26
291900	0.26	0.74	0.74	0	0	0.26
292000	0.26	0.74	0.74	0	0	0.26
292100	0.26	0.74	0.74	0	0	0.26
292200	0.26	0.74	0.74	0	0	0.26
292300	0.26	0.74	0.74	0	0	0.26
292400	0.26	0.74	0.74	0	0	0.26
292500	0.26	0.74	0.74	0	0	0.26
292600	0.26	0.74	0.74	0	0	0.26
292700	0.26	0.74	0.74	0	0	0.26
292800	0.26	0.74	0.74	0	0	0.26
292900	0.26	0.74	0.74	0	0	0.26
293000	0.26	0.74	0.74	0	0	0.26
293100	0.26	0.74	0.74	0	0	0.26
293200	0.26	0.74	0.74	0	0	0.26
293300	0.26	0.74	0.74	0	0	0.26
293400	0.26	0.74	0.74	0	0	0.26
293500	0.26	0.74	0.74	0	0	0.26
293600	0.26	0.74	0.74	0	0	0.26
293700	0.26	0.74	0.74	0	0	0.26
293800	0.26	0.74	0.74	0	0	0.26
293900	0.26	0.74	0.74	0	0	0.26
294000	0.26	0.74	0.74	0	0	0.26
294100	0.26	0.74	0.74	0	0	0.26
294200	0.26	0.74	0.74	0	0	0.26
294300	0.26	0.74	0.74	0	0	0.26
294400	0.26	0.74	0.74	0	0	0.26
294500	0.26	0.74	0.74	0	0	0.26
294600	0.26	0.74	0.74	0	0	0.26
294700	0.26	0.74	0.74	0	0	0.26
294800	0.26	0.74	0.74	0	0	0.26
294900	0.26	0.74	0.74	0	0	0.26
295000	0.26	0.74	0.74	0	0	0.26
295100	0.26	0.74	0.74	0	0	0.26
295200	0.26	0.74	0.74	0	0	0.26
295300	0.26	0.74	0.74	0	0	0.26
295400	0.26	0.74	0.74	0	0	0.26
295500	0.26	0.74	0.74	0	0	0.26
295600	0.26	0.74	0.74	0	0	0.26
295700	0.26	0.74	0.74	0	0	0.26
295800	0.26	0.74	0.74	0	0	0.26
295900	0.26	0.74	0.74	0	0	0.26
296000	0.26	0.74	0.74	0	0	0.26
296100	0.26	0.74	0.74	0	0	0.26
296200	0.26	0.74	0.74	0	0	0.26
296300	0.26	0.74	0.74	0	0	0.26
296400	0.26	0.74	0.74	0	0	0.26
296500	0.26	0.74	0.74	0	0	0.26
296600	0.26	0.74	0.74	0	0	0.26
296700	0.26	0.74	0.74	0	0	0.26
296800	0.26	0.74	0.74	0	0	0.26
296900	0.26	0.74	0.74	0	0	0.26
297000	0.26	0.74	0.74	0	0	0.26
297100	0.26	0.74	0.74	0	0	0.26
297200	0.26	0.74	0.74	0	0	0.26
297300	0.26	0.74	0.74	0	0	0.26
297400	0.26	0.74	0.74	0	0	0.26
297500	0.26	0.74	0.74	0	0	0.26
297600	0.26	0.74	0.74	0	0	0.26
297700	0.26	0.74	0.74	0	0	0.26
297800	0.26	0.74	0.74	0	0	0.26
297900	0.26	0.74	0.74	0	0	0.26
298000	0.26	0.74	0.74	0	0	0.26
298100	0.26	0.74	0.74	0	0	0.26
298200	0.26	0.74	0.74	0	0	0.26
298300	0.26	0.74	0.74	0	0	0.26
298400	0.26	0.74	0.74	0	0	0.26
298500	0.26	0.74	0.74	0	0	0.26
298600	0.26	0.74	0.74	0	0	0.26
298700	0.26	0.74	0.74	0	0	0.26
298800	0.26	0.74	0.74	0	0	0.26
298900	0.26	0.74	0.74	0	0	0.26
299000	0.26	0.74	0.74	0	0	0.26
299100	0.26	0.74	0.74	0	0	0.26
299200	0.26	0.74	0.74	0	0	0.26
299300	0.26	0.74	0.74	0	0	0.26
299400	0.26	0.74	0.74	0	0	0.26
299500	0.26	0.74	0.74	0	0	0.26
299600	0.26	0.74	0.74	0	0	0.26
299700	0.26	0.74	0.74	0	0	0.26
299800	0.26	0.74	0.74	0	0	0.26
299900	0.26	0.74	0.74	0	0	0.26
300000	0.26	0.74	0.74	0	0	0.26
