100	0.05	0.08	0.08	0	0	0.05
200	0.05	0.07	0.07	0	0	0.05
300	0.06	0.06	0.06	0	0	0.06
400	0.04	0.05	0.05	0	0	0.04
500	0.04	0.06	0.06	0	0	0.04
600	0.03	0.06	0.06	0	0	0.03
700	0.03	0.07	0.07	0	0	0.03
800	0.03	0.03	0.03	0	0	0.03
900	0.03	0.03	0.03	0	0	0.03
1000	0.01	0.03	0.03	0	0	0.01
1100	0.01	0.03	0.03	0	0	0.01
1200	0.02	0.03	0.03	0	0	0.02
1300	0.02	0.03	0.03	0	0	0.02
1400	0.02	0.05	0.05	0	0	0.02
1500	0.03	0.08	0.08	0	0	0.03
1600	0.03	0.07	0.07	0	0	0.03
1700	0.04	0.1	0.1	0	0	0.04
1800	0.06	0.04	0.04	0	0	0.06
1900	0.03	0.03	0.03	0	0	0.03
2000	0.04	0.05	0.05	0	0	0.04
2100	0	0.05	0.05	0	0	0
2200	0	0.06	0.06	0	0	0
2300	0.04	0.06	0.06	0	0	0.04
2400	0.04	0.05	0.05	0	0	0.04
2500	0.08	0.05	0.05	0	0	0.08
2600	0.06	0.04	0.04	0	0	0.06
2700	0.07	0.03	0.03	0	0	0.07
2800	0.04	0.01	0.01	0	0	0.04
2900	0.03	0.01	0.01	0	0	0.03
3000	0.04	0.03	0.03	0	0	0.04
3100	0.05	0.02	0.02	0	0	0.05
3200	0.01	0.02	0.02	0	0	0.01
3300	0.02	0.02	0.02	0	0	0.02
3400	0.03	0.05	0.05	0	0	0.03
3500	0.06	0.04	0.04	0	0	0.06
3600	0.06	0.03	0.03	0	0	0.06
3700	0.06	0.04	0.04	0	0	0.06
3800	0.07	0.05	0.05	0	0	0.07
3900	0.1	0.09	0.09	0	0	0.1
4000	0.11	0.08	0.08	0	0	0.11
4100	0.08	0.04	0.04	0	0	0.08
4200	0.07	0.03	0.03	0	0	0.07
4300	0.05	0.01	0.01	0	0	0.05
4400	0.06	0.04	0.04	0	0	0.06
4500	0.07	0.03	0.03	0	0	0.07
4600	0.07	0.03	0.03	0	0	0.07
4700	0.07	0.02	0.02	0	0	0.07
4800	0.07	0.03	0.03	0	0	0.07
4900	0.1	0.01	0.01	0	0	0.1
5000	0.1	0.02	0.02	0	0	0.1
5100	0.09	0.04	0.04	0	0	0.09
5200	0.06	0.03	0.03	0	0	0.06
5300	0.05	0.03	0.03	0	0	0.05
5400	0.05	0.04	0.04	0	0	0.05
5500	0.05	0.04	0.04	0	0	0.05
5600	0.04	0.05	0.05	0	0	0.04
5700	0.04	0.04	0.04	0	0	0.04
5800	0.04	0.04	0.04	0	0	0.04
5900	0.03	0.03	0.03	0	0	0.03
6000	0.03	0.02	0.02	0	0	0.03
6100	0.04	0.02	0.02	0	0	0.04
6200	0.05	0.01	0.01	0	0	0.05
6300	0.07	0.01	0.01	0	0	0.07
6400	0.06	0.02	0.02	0	0	0.06
6500	0.08	0.03	0.03	0	0	0.08
6600	0.09	0.03	0.03	0	0	0.09
6700	0.1	0.03	0.03	0	0	0.1
6800	0.1	0.02	0.02	0	0	0.1
6900	0.11	0.05	0.05	0	0	0.11
7000	0.08	0.04	0.04	0	0	0.08
7100	0.08	0.04	0.04	0	0	0.08
7200	0.06	0.03	0.03	0	0	0.06
7300	0.07	0.05	0.05	0	0	0.07
7400	0.07	0.05	0.05	0	0	0.07
7500	0.07	0.06	0.06	0	0	0.07
7600	0.06	0.05	0.05	0	0	0.06
7700	0.09	0.04	0.04	0	0	0.09
7800	0.09	0.02	0.02	0	0	0.09
7900	0.09	0.02	0.02	0	0	0.09
8000	0.08	0.02	0.02	0	0	0.08
8100	0.09	0.03	0.03	0	0	0.09
8200	0.06	0.04	0.04	0	0	0.06
8300	0.07	0.03	0.03	0	0	0.07
8400	0.07	0.03	0.03	0	0	0.07
8500	0.05	0.05	0.05	0	0	0.05
8600	0.06	0.04	0.04	0	0	0.06
8700	0.06	0.03	0.03	0	0	0.06
8800	0.05	0.02	0.02	0	0	0.05
8900	0.04	0.01	0.01	0	0	0.04
9000	0.05	0.01	0.01	0	0	0.05
9100	0.05	0.02	0.02	0	0	0.05
9200	0.05	0.02	0.02	0	0	0.05
9300	0.05	0.01	0.01	0	0	0.05
9400	0.04	0.03	0.03	0	0	0.04
9500	0.01	0.05	0.05	0	0	0.01
9600	0.01	0.03	0.03	0	0	0.01
9700	0.01	0.02	0.02	0	0	0.01
9800	0.02	0.03	0.03	0	0	0.02
9900	0.04	0.04	0.04	0	0	0.04
10000	0.08	0.05	0.05	0	0	0.08
10100	0.12	0.05	0.05	0	0	0.12
10200	0.1	0.04	0.04	0	0	0.1
10300	0.08	0.05	0.05	0	0	0.08
10400	0.07	0.06	0.06	0	0	0.07
10500	0.08	0.07	0.07	0	0	0.08
10600	0.07	0.05	0.05	0	0	0.07
10700	0.05	0.03	0.03	0	0	0.05
10800	0.04	0.02	0.02	0	0	0.04
10900	0.02	0.03	0.03	0	0	0.02
11000	0	0.03	0.03	0	0	0
11100	0.01	0.02	0.02	0	0	0.01
11200	0.01	0.04	0.04	0	0	0.01
11300	0.01	0.05	0.05	0	0	0.01
11400	0.01	0.07	0.07	0	0	0.01
11500	0.04	0.07	0.07	0	0	0.04
11600	0.05	0.04	0.04	0	0	0.05
11700	0.05	0.04	0.04	0	0	0.05
11800	0.07	0.05	0.05	0	0	0.07
11900	0.07	0.04	0.04	0	0	0.07
12000	0.07	0.05	0.05	0	0	0.07
12100	0.08	0.04	0.04	0	0	0.08
12200	0.08	0.07	0.07	0	0	0.08
12300	0.06	0.06	0.06	0	0	0.06
12400	0.04	0.05	0.05	0	0	0.04
12500	0.03	0.04	0.04	0	0	0.03
12600	0.01	0.03	0.03	0	0	0.01
12700	0.01	0.03	0.03	0	0	0.01
12800	0.03	0.01	0.01	0	0	0.03
12900	0.06	0.01	0.01	0	0	0.06
13000	0.07	0.01	0.01	0	0	0.07
13100	0.1	0.03	0.03	0	0	0.1
13200	0.1	0.04	0.04	0	0	0.1
13300	0.1	0.04	0.04	0	0	0.1
13400	0.05	0.03	0.03	0	0	0.05
13500	0.05	0.03	0.03	0	0	0.05
13600	0.04	0.02	0.02	0	0	0.04
13700	0.04	0.04	0.04	0	0	0.04
13800	0.05	0.06	0.06	0	0	0.05
13900	0.06	0.05	0.05	0	0	0.06
14000	0.07	0.04	0.04	0	0	0.07
14100	0.06	0.04	0.04	0	0	0.06
14200	0.01	0.07	0.07	0	0	0.01
14300	0.01	0.06	0.06	0	0	0.01
14400	0.02	0.05	0.05	0	0	0.02
14500	0.02	0.07	0.07	0	0	0.02
14600	0.02	0.07	0.07	0	0	0.02
14700	0.03	0.05	0.05	0	0	0.03
14800	0.04	0.05	0.05	0	0	0.04
14900	0.06	0.06	0.06	0	0	0.06
15000	0.06	0.05	0.05	0	0	0.06
15100	0.06	0.04	0.04	0	0	0.06
15200	0.05	0.04	0.04	0	0	0.05
15300	0.06	0.07	0.07	0	0	0.06
15400	0.05	0.08	0.08	0	0	0.05
15500	0.06	0.09	0.09	0	0	0.06
15600	0.04	0.12	0.12	0	0	0.04
15700	0.06	0.12	0.12	0	0	0.06
15800	0.05	0.13	0.13	0	0	0.05
15900	0.05	0.12	0.12	0	0	0.05
16000	0.03	0.11	0.11	0	0	0.03
16100	0.02	0.1	0.1	0	0	0.02
16200	0.04	0.09	0.09	0	0	0.04
16300	0.04	0.11	0.11	0	0	0.04
16400	0.03	0.11	0.11	0	0	0.03
16500	0.02	0.13	0.13	0	0	0.02
16600	0.05	0.14	0.14	0	0	0.05
16700	0.11	0.14	0.14	0	0	0.11
16800	0.11	0.15	0.15	0	0	0.11
16900	0.09	0.15	0.15	0	0	0.09
17000	0.07	0.16	0.16	0	0	0.07
17100	0.09	0.16	0.16	0	0	0.09
17200	0.09	0.18	0.18	0	0	0.09
17300	0.11	0.16	0.16	0	0	0.11
17400	0.09	0.17	0.17	0	0	0.09
17500	0.1	0.14	0.14	0	0	0.1
17600	0.09	0.14	0.14	0	0	0.09
17700	0.09	0.14	0.14	0	0	0.09
17800	0.09	0.15	0.15	0	0	0.09
17900	0.09	0.14	0.14	0	0	0.09
18000	0.1	0.15	0.15	0	0	0.1
18100	0.1	0.16	0.16	0	0	0.1
18200	0.11	0.19	0.19	0	0	0.11
18300	0.11	0.18	0.18	0	0	0.11
18400	0.09	0.16	0.16	0	0	0.09
18500	0.08	0.17	0.17	0	0	0.08
18600	0.08	0.16	0.16	0	0	0.08
18700	0.09	0.17	0.17	0	0	0.09
18800	0.1	0.17	0.17	0	0	0.1
18900	0.1	0.17	0.17	0	0	0.1
19000	0.1	0.18	0.18	0	0	0.1
19100	0.12	0.2	0.2	0	0	0.12
19200	0.13	0.19	0.19	0	0	0.13
19300	0.13	0.2	0.2	0	0	0.13
19400	0.12	0.21	0.21	0	0	0.12
19500	0.12	0.22	0.22	0	0	0.12
19600	0.12	0.23	0.23	0	0	0.12
19700	0.11	0.23	0.23	0	0	0.11
19800	0.11	0.22	0.22	0	0	0.11
19900	0.1	0.25	0.25	0	0	0.1
20000	0.11	0.23	0.23	0	0	0.11
20100	0.11	0.25	0.25	0	0	0.11
20200	0.11	0.26	0.26	0	0	0.11
20300	0.11	0.28	0.28	0	0	0.11
20400	0.13	0.28	0.28	0	0	0.13
20500	0.14	0.28	0.28	0	0	0.14
20600	0.14	0.27	0.27	0	0	0.14
20700	0.13	0.27	0.27	0	0	0.13
20800	0.13	0.26	0.26	0	0	0.13
20900	0.14	0.28	0.28	0	0	0.14
21000	0.15	0.28	0.28	0	0	0.15
21100	0.15	0.29	0.29	0	0	0.15
21200	0.14	0.31	0.31	0	0	0.14
21300	0.15	0.32	0.32	0	0	0.15
21400	0.15	0.31	0.31	0	0	0.15
21500	0.15	0.31	0.31	0	0	0.15
21600	0.15	0.31	0.31	0	0	0.15
21700	0.15	0.31	0.31	0	0	0.15
21800	0.15	0.3	0.3	0	0	0.15
21900	0.19	0.32	0.32	0	0	0.19
22000	0.2	0.33	0.33	0	0	0.2
22100	0.2	0.34	0.34	0	0	0.2
22200	0.19	0.35	0.35	0	0	0.19
22300	0.17	0.36	0.36	0	0	0.17
22400	0.16	0.35	0.35	0	0	0.16
22500	0.16	0.34	0.34	0	0	0.16
22600	0.16	0.35	0.35	0	0	0.16
22700	0.16	0.35	0.35	0	0	0.16
22800	0.16	0.36	0.36	0	0	0.16
22900	0.16	0.36	0.36	0	0	0.16
23000	0.17	0.37	0.37	0	0	0.17
23100	0.18	0.39	0.39	0	0	0.18
23200	0.17	0.39	0.39	0	0	0.17
23300	0.17	0.38	0.38	0	0	0.17
23400	0.17	0.38	0.38	0	0	0.17
23500	0.19	0.38	0.38	0	0	0.19
23600	0.19	0.38	0.38	0	0	0.19
23700	0.2	0.39	0.39	0	0	0.2
23800	0.2	0.39	0.39	0	0	0.2
23900	0.21	0.39	0.39	0	0	0.21
24000	0.2	0.39	0.39	0	0	0.2
24100	0.2	0.39	0.39	0	0	0.2
24200	0.2	0.39	0.39	0	0	0.2
24300	0.2	0.4	0.4	0	0	0.2
24400	0.2	0.41	0.41	0	0	0.2
24500	0.23	0.41	0.41	0	0	0.23
24600	0.24	0.42	0.42	0	0	0.24
24700	0.24	0.42	0.42	0	0	0.24
24800	0.24	0.44	0.44	0	0	0.24
24900	0.23	0.45	0.45	0	0	0.23
25000	0.22	0.46	0.46	0	0	0.22
25100	0.22	0.46	0.46	0	0	0.22
25200	0.23	0.45	0.45	0	0	0.23
25300	0.23	0.45	0.45	0	0	0.23
25400	0.23	0.45	0.45	0	0	0.23
25500	0.23	0.45	0.45	0	0	0.23
25600	0.24	0.45	0.45	0	0	0.24
25700	0.23	0.45	0.45	0	0	0.23
25800	0.23	0.45	0.45	0	0	0.23
25900	0.23	0.45	0.45	0	0	0.23
26000	0.25	0.45	0.45	0	0	0.25
26100	0.25	0.46	0.46	0	0	0.25
26200	0.25	0.47	0.47	0	0	0.25
26300	0.25	0.47	0.47	0	0	0.25
26400	0.26	0.47	0.47	0	0	0.26
26500	0.27	0.47	0.47	0	0	0.27
26600	0.26	0.48	0.48	0	0	0.26
26700	0.26	0.48	0.48	0	0	0.26
26800	0.26	0.48	0.48	0	0	0.26
26900	0.26	0.49	0.49	0	0	0.26
27000	0.27	0.49	0.49	0	0	0.27
27100	0.27	0.5	0.5	0	0	0.27
27200	0.27	0.5	0.5	0	0	0.27
27300	0.27	0.5	0.5	0	0	0.27
27400	0.27	0.5	0.5	0	0	0.27
27500	0.27	0.5	0.5	0	0	0.27
27600	0.26	0.5	0.5	0	0	0.26
27700	0.27	0.51	0.51	0	0	0.27
27800	0.26	0.51	0.51	0	0	0.26
27900	0.27	0.51	0.51	0	0	0.27
28000	0.27	0.5	0.5	0	0	0.27
28100	0.28	0.5	0.5	0	0	0.28
28200	0.29	0.51	0.51	0	0	0.29
28300	0.28	0.5	0.5	0	0	0.28
28400	0.27	0.5	0.5	0	0	0.27
28500	0.27	0.5	0.5	0	0	0.27
28600	0.28	0.49	0.49	0	0	0.28
28700	0.28	0.49	0.49	0	0	0.28
28800	0.28	0.49	0.49	0	0	0.28
28900	0.28	0.49	0.49	0	0	0.28
29000	0.28	0.5	0.5	0	0	0.28
29100	0.28	0.49	0.49	0	0	0.28
29200	0.29	0.49	0.49	0	0	0.29
29300	0.29	0.49	0.49	0	0	0.29
29400	0.29	0.49	0.49	0	0	0.29
29500	0.29	0.49	0.49	0	0	0.29
29600	0.3	0.49	0.49	0	0	0.3
29700	0.29	0.49	0.49	0	0	0.29
29800	0.29	0.49	0.49	0	0	0.29
29900	0.29	0.48	0.48	0	0	0.29
30000	0.3	0.48	0.48	0	0	0.3
30100	0.3	0.48	0.48	0	0	0.3
30200	0.29	0.49	0.49	0	0	0.29
30300	0.29	0.49	0.49	0	0	0.29
30400	0.29	0.49	0.49	0	0	0.29
30500	0.29	0.49	0.49	0	0	0.29
30600	0.29	0.49	0.49	0	0	0.29
30700	0.29	0.51	0.51	0	0	0.29
30800	0.29	0.51	0.51	0	0	0.29
30900	0.29	0.51	0.51	0	0	0.29
31000	0.29	0.51	0.51	0	0	0.29
31100	0.29	0.51	0.51	0	0	0.29
31200	0.3	0.51	0.51	0	0	0.3
31300	0.29	0.52	0.52	0	0	0.29
31400	0.29	0.52	0.52	0	0	0.29
31500	0.3	0.52	0.52	0	0	0.3
31600	0.3	0.51	0.51	0	0	0.3
31700	0.3	0.52	0.52	0	0	0.3
31800	0.31	0.52	0.52	0	0	0.31
31900	0.3	0.52	0.52	0	0	0.3
32000	0.3	0.52	0.52	0	0	0.3
32100	0.3	0.53	0.53	0	0	0.3
32200	0.3	0.53	0.53	0	0	0.3
32300	0.31	0.53	0.53	0	0	0.31
32400	0.31	0.53	0.53	0	0	0.31
32500	0.31	0.53	0.53	0	0	0.31
32600	0.31	0.52	0.52	0	0	0.31
32700	0.31	0.53	0.53	0	0	0.31
32800	0.31	0.53	0.53	0	0	0.31
32900	0.31	0.53	0.53	0	0	0.31
33000	0.32	0.53	0.53	0	0	0.32
33100	0.32	0.53	0.53	0	0	0.32
33200	0.32	0.53	0.53	0	0	0.32
33300	0.32	0.52	0.52	0	0	0.32
33400	0.32	0.51	0.51	0	0	0.32
33500	0.32	0.51	0.51	0	0	0.32
33600	0.32	0.51	0.51	0	0	0.32
33700	0.32	0.51	0.51	0	0	0.32
33800	0.32	0.51	0.51	0	0	0.32
33900	0.32	0.51	0.51	0	0	0.32
34000	0.32	0.51	0.51	0	0	0.32
34100	0.33	0.52	0.52	0	0	0.33
34200	0.33	0.51	0.51	0	0	0.33
34300	0.33	0.52	0.52	0	0	0.33
34400	0.33	0.53	0.53	0	0	0.33
34500	0.33	0.53	0.53	0	0	0.33
34600	0.32	0.53	0.53	0	0	0.32
34700	0.33	0.54	0.54	0	0	0.33
34800	0.32	0.54	0.54	0	0	0.32
34900	0.32	0.54	0.54	0	0	0.32
35000	0.32	0.54	0.54	0	0	0.32
35100	0.32	0.54	0.54	0	0	0.32
35200	0.32	0.53	0.53	0	0	0.32
35300	0.32	0.53	0.53	0	0	0.32
35400	0.32	0.54	0.54	0	0	0.32
35500	0.32	0.54	0.54	0	0	0.32
35600	0.32	0.55	0.55	0	0	0.32
35700	0.32	0.56	0.56	0	0	0.32
35800	0.33	0.56	0.56	0	0	0.33
35900	0.33	0.56	0.56	0	0	0.33
36000	0.33	0.55	0.55	0	0	0.33
36100	0.33	0.55	0.55	0	0	0.33
36200	0.32	0.55	0.55	0	0	0.32
36300	0.32	0.55	0.55	0	0	0.32
36400	0.32	0.56	0.56	0	0	0.32
36500	0.32	0.56	0.56	0	0	0.32
36600	0.32	0.56	0.56	0	0	0.32
36700	0.32	0.56	0.56	0	0	0.32
36800	0.32	0.56	0.56	0	0	0.32
36900	0.33	0.56	0.56	0	0	0.33
37000	0.33	0.56	0.56	0	0	0.33
37100	0.32	0.56	0.56	0	0	0.32
37200	0.32	0.56	0.56	0	0	0.32
37300	0.32	0.56	0.56	0	0	0.32
37400	0.32	0.56	0.56	0	0	0.32
37500	0.32	0.56	0.56	0	0	0.32
37600	0.32	0.56	0.56	0	0	0.32
37700	0.32	0.56	0.56	0	0	0.32
37800	0.32	0.56	0.56	0	0	0.32
37900	0.32	0.56	0.56	0	0	0.32
38000	0.31	0.56	0.56	0	0	0.31
38100	0.31	0.56	0.56	0	0	0.31
38200	0.31	0.56	0.56	0	0	0.31
38300	0.31	0.57	0.57	0	0	0.31
38400	0.31	0.56	0.56	0	0	0.31
38500	0.31	0.56	0.56	0	0	0.31
38600	0.32	0.56	0.56	0	0	0.32
38700	0.32	0.56	0.56	0	0	0.32
38800	0.32	0.56	0.56	0	0	0.32
38900	0.32	0.56	0.56	0	0	0.32
39000	0.32	0.56	0.56	0	0	0.32
39100	0.32	0.56	0.56	0	0	0.32
39200	0.33	0.56	0.56	0	0	0.33
39300	0.33	0.56	0.56	0	0	0.33
39400	0.33	0.56	0.56	0	0	0.33
39500	0.33	0.56	0.56	0	0	0.33
39600	0.34	0.56	0.56	0	0	0.34
39700	0.34	0.56	0.56	0	0	0.34
39800	0.34	0.57	0.57	0	0	0.34
39900	0.35	0.57	0.57	0	0	0.35
40000	0.35	0.56	0.56	0	0	0.35
40100	0.35	0.57	0.57	0	0	0.35
40200	0.36	0.56	0.56	0	0	0.36
40300	0.36	0.56	0.56	0	0	0.36
40400	0.34	0.56	0.56	0	0	0.34
40500	0.34	0.56	0.56	0	0	0.34
40600	0.33	0.56	0.56	0	0	0.33
40700	0.33	0.56	0.56	0	0	0.33
40800	0.33	0.57	0.57	0	0	0.33
40900	0.33	0.57	0.57	0	0	0.33
41000	0.33	0.57	0.57	0	0	0.33
41100	0.32	0.57	0.57	0	0	0.32
41200	0.32	0.57	0.57	0	0	0.32
41300	0.32	0.57	0.57	0	0	0.32
41400	0.32	0.57	0.57	0	0	0.32
41500	0.32	0.55	0.55	0	0	0.32
41600	0.32	0.55	0.55	0	0	0.32
41700	0.31	0.55	0.55	0	0	0.31
41800	0.31	0.55	0.55	0	0	0.31
41900	0.32	0.55	0.55	0	0	0.32
42000	0.32	0.56	0.56	0	0	0.32
42100	0.32	0.56	0.56	0	0	0.32
42200	0.32	0.56	0.56	0	0	0.32
42300	0.32	0.56	0.56	0	0	0.32
42400	0.32	0.56	0.56	0	0	0.32
42500	0.32	0.56	0.56	0	0	0.32
42600	0.32	0.56	0.56	0	0	0.32
42700	0.32	0.56	0.56	0	0	0.32
42800	0.33	0.56	0.56	0	0	0.33
42900	0.33	0.56	0.56	0	0	0.33
43000	0.33	0.56	0.56	0	0	0.33
43100	0.33	0.56	0.56	0	0	0.33
43200	0.32	0.56	0.56	0	0	0.32
43300	0.32	0.56	0.56	0	0	0.32
43400	0.32	0.56	0.56	0	0	0.32
43500	0.32	0.56	0.56	0	0	0.32
43600	0.31	0.56	0.56	0	0	0.31
43700	0.31	0.56	0.56	0	0	0.31
43800	0.31	0.56	0.56	0	0	0.31
43900	0.31	0.56	0.56	0	0	0.31
44000	0.32	0.56	0.56	0	0	0.32
44100	0.32	0.56	0.56	0	0	0.32
44200	0.31	0.57	0.57	0	0	0.31
44300	0.31	0.57	0.57	0	0	0.31
44400	0.31	0.57	0.57	0	0	0.31
44500	0.31	0.57	0.57	0	0	0.31
44600	0.31	0.57	0.57	0	0	0.31
44700	0.32	0.57	0.57	0	0	0.32
44800	0.32	0.56	0.56	0	0	0.32
44900	0.32	0.56	0.56	0	0	0.32
45000	0.31	0.56	0.56	0	0	0.31
45100	0.31	0.56	0.56	0	0	0.31
45200	0.31	0.56	0.56	0	0	0.31
45300	0.31	0.57	0.57	0	0	0.31
45400	0.31	0.57	0.57	0	0	0.31
45500	0.31	0.57	0.57	0	0	0.31
45600	0.32	0.57	0.57	0	0	0.32
45700	0.32	0.57	0.57	0	0	0.32
45800	0.32	0.57	0.57	0	0	0.32
45900	0.32	0.57	0.57	0	0	0.32
46000	0.31	0.57	0.57	0	0	0.31
46100	0.31	0.57	0.57	0	0	0.31
46200	0.31	0.57	0.57	0	0	0.31
46300	0.31	0.57	0.57	0	0	0.31
46400	0.32	0.57	0.57	0	0	0.32
46500	0.33	0.56	0.56	0	0	0.33
46600	0.33	0.56	0.56	0	0	0.33
46700	0.33	0.56	0.56	0	0	0.33
46800	0.33	0.57	0.57	0	0	0.33
46900	0.33	0.56	0.56	0	0	0.33
47000	0.33	0.56	0.56	0	0	0.33
47100	0.33	0.56	0.56	0	0	0.33
47200	0.33	0.56	0.56	0	0	0.33
47300	0.33	0.57	0.57	0	0	0.33
47400	0.33	0.57	0.57	0	0	0.33
47500	0.33	0.58	0.58	0	0	0.33
47600	0.33	0.58	0.58	0	0	0.33
47700	0.33	0.58	0.58	0	0	0.33
47800	0.33	0.59	0.59	0	0	0.33
47900	0.33	0.59	0.59	0	0	0.33
48000	0.32	0.59	0.59	0	0	0.32
48100	0.32	0.59	0.59	0	0	0.32
48200	0.32	0.59	0.59	0	0	0.32
48300	0.33	0.59	0.59	0	0	0.33
48400	0.33	0.59	0.59	0	0	0.33
48500	0.32	0.59	0.59	0	0	0.32
48600	0.32	0.59	0.59	0	0	0.32
48700	0.32	0.59	0.59	0	0	0.32
48800	0.32	0.59	0.59	0	0	0.32
48900	0.32	0.59	0.59	0	0	0.32
49000	0.32	0.59	0.59	0	0	0.32
49100	0.32	0.59	0.59	0	0	0.32
49200	0.32	0.59	0.59	0	0	0.32
49300	0.32	0.59	0.59	0	0	0.32
49400	0.32	0.59	0.59	0	0	0.32
49500	0.32	0.59	0.59	0	0	0.32
49600	0.32	0.59	0.59	0	0	0.32
49700	0.32	0.59	0.59	0	0	0.32
49800	0.32	0.59	0.59	0	0	0.32
49900	0.32	0.59	0.59	0	0	0.32
50000	0.32	0.59	0.59	0	0	0.32
50100	0.32	0.59	0.59	0	0	0.32
50200	0.32	0.59	0.59	0	0	0.32
50300	0.32	0.59	0.59	0	0	0.32
50400	0.32	0.6	0.6	0	0	0.32
50500	0.32	0.6	0.6	0	0	0.32
50600	0.32	0.61	0.61	0	0	0.32
50700	0.32	0.62	0.62	0	0	0.32
50800	0.32	0.62	0.62	0	0	0.32
50900	0.32	0.62	0.62	0	0	0.32
51000	0.32	0.62	0.62	0	0	0.32
51100	0.32	0.62	0.62	0	0	0.32
51200	0.32	0.62	0.62	0	0	0.32
51300	0.32	0.62	0.62	0	0	0.32
51400	0.32	0.62	0.62	0	0	0.32
51500	0.32	0.62	0.62	0	0	0.32
51600	0.32	0.62	0.62	0	0	0.32
51700	0.32	0.62	0.62	0	0	0.32
51800	0.32	0.62	0.62	0	0	0.32
51900	0.32	0.62	0.62	0	0	0.32
52000	0.33	0.62	0.62	0	0	0.33
52100	0.33	0.62	0.62	0	0	0.33
52200	0.33	0.62	0.62	0	0	0.33
52300	0.33	0.62	0.62	0	0	0.33
52400	0.33	0.62	0.62	0	0	0.33
52500	0.33	0.62	0.62	0	0	0.33
52600	0.33	0.62	0.62	0	0	0.33
52700	0.33	0.62	0.62	0	0	0.33
52800	0.33	0.62	0.62	0	0	0.33
52900	0.33	0.62	0.62	0	0	0.33
53000	0.33	0.62	0.62	0	0	0.33
53100	0.33	0.62	0.62	0	0	0.33
53200	0.33	0.62	0.62	0	0	0.33
53300	0.33	0.61	0.61	0	0	0.33
53400	0.33	0.61	0.61	0	0	0.33
53500	0.33	0.61	0.61	0	0	0.33
53600	0.33	0.61	0.61	0	0	0.33
53700	0.33	0.61	0.61	0	0	0.33
53800	0.33	0.61	0.61	0	0	0.33
53900	0.33	0.61	0.61	0	0	0.33
54000	0.33	0.61	0.61	0	0	0.33
54100	0.33	0.61	0.61	0	0	0.33
54200	0.33	0.61	0.61	0	0	0.33
54300	0.33	0.61	0.61	0	0	0.33
54400	0.33	0.61	0.61	0	0	0.33
54500	0.33	0.61	0.61	0	0	0.33
54600	0.33	0.61	0.61	0	0	0.33
54700	0.32	0.61	0.61	0	0	0.32
54800	0.32	0.61	0.61	0	0	0.32
54900	0.32	0.61	0.61	0	0	0.32
55000	0.32	0.61	0.61	0	0	0.32
55100	0.32	0.61	0.61	0	0	0.32
55200	0.32	0.61	0.61	0	0	0.32
55300	0.32	0.61	0.61	0	0	0.32
55400	0.32	0.61	0.61	0	0	0.32
55500	0.32	0.61	0.61	0	0	0.32
55600	0.33	0.61	0.61	0	0	0.33
55700	0.33	0.61	0.61	0	0	0.33
55800	0.33	0.61	0.61	0	0	0.33
55900	0.33	0.61	0.61	0	0	0.33
56000	0.33	0.61	0.61	0	0	0.33
56100	0.32	0.61	0.61	0	0	0.32
56200	0.32	0.61	0.61	0	0	0.32
56300	0.32	0.61	0.61	0	0	0.32
56400	0.32	0.61	0.61	0	0	0.32
56500	0.32	0.61	0.61	0	0	0.32
56600	0.34	0.61	0.61	0	0	0.34
56700	0.34	0.61	0.61	0	0	0.34
56800	0.34	0.61	0.61	0	0	0.34
56900	0.33	0.61	0.61	0	0	0.33
57000	0.34	0.61	0.61	0	0	0.34
57100	0.34	0.61	0.61	0	0	0.34
57200	0.33	0.61	0.61	0	0	0.33
57300	0.33	0.61	0.61	0	0	0.33
57400	0.33	0.61	0.61	0	0	0.33
57500	0.32	0.61	0.61	0	0	0.32
57600	0.32	0.61	0.61	0	0	0.32
57700	0.32	0.61	0.61	0	0	0.32
57800	0.32	0.61	0.61	0	0	0.32
57900	0.32	0.61	0.61	0	0	0.32
58000	0.32	0.61	0.61	0	0	0.32
58100	0.32	0.61	0.61	0	0	0.32
58200	0.32	0.61	0.61	0	0	0.32
58300	0.32	0.61	0.61	0	0	0.32
58400	0.32	0.61	0.61	0	0	0.32
58500	0.32	0.61	0.61	0	0	0.32
58600	0.32	0.61	0.61	0	0	0.32
58700	0.32	0.61	0.61	0	0	0.32
58800	0.32	0.61	0.61	0	0	0.32
58900	0.32	0.61	0.61	0	0	0.32
59000	0.32	0.61	0.61	0	0	0.32
59100	0.32	0.61	0.61	0	0	0.32
59200	0.32	0.61	0.61	0	0	0.32
59300	0.32	0.61	0.61	0	0	0.32
59400	0.32	0.61	0.61	0	0	0.32
59500	0.32	0.62	0.62	0	0	0.32
59600	0.32	0.62	0.62	0	0	0.32
59700	0.32	0.62	0.62	0	0	0.32
59800	0.33	0.62	0.62	0	0	0.33
59900	0.33	0.61	0.61	0	0	0.33
60000	0.33	0.61	0.61	0	0	0.33
60100	0.33	0.62	0.62	0	0	0.33
60200	0.33	0.62	0.62	0	0	0.33
60300	0.33	0.61	0.61	0	0	0.33
60400	0.33	0.6	0.6	0	0	0.33
60500	0.33	0.6	0.6	0	0	0.33
60600	0.33	0.6	0.6	0	0	0.33
60700	0.33	0.6	0.6	0	0	0.33
60800	0.33	0.6	0.6	0	0	0.33
60900	0.34	0.6	0.6	0	0	0.34
61000	0.34	0.6	0.6	0	0	0.34
61100	0.34	0.6	0.6	0	0	0.34
61200	0.34	0.6	0.6	0	0	0.34
61300	0.34	0.6	0.6	0	0	0.34
61400	0.33	0.6	0.6	0	0	0.33
61500	0.33	0.6	0.6	0	0	0.33
61600	0.33	0.61	0.61	0	0	0.33
61700	0.33	0.61	0.61	0	0	0.33
61800	0.34	0.61	0.61	0	0	0.34
61900	0.34	0.61	0.61	0	0	0.34
62000	0.33	0.61	0.61	0	0	0.33
62100	0.33	0.61	0.61	0	0	0.33
62200	0.33	0.61	0.61	0	0	0.33
62300	0.33	0.61	0.61	0	0	0.33
62400	0.33	0.61	0.61	0	0	0.33
62500	0.33	0.61	0.61	0	0	0.33
62600	0.33	0.61	0.61	0	0	0.33
62700	0.33	0.61	0.61	0	0	0.33
62800	0.33	0.62	0.62	0	0	0.33
62900	0.33	0.61	0.61	0	0	0.33
63000	0.33	0.61	0.61	0	0	0.33
63100	0.33	0.61	0.61	0	0	0.33
63200	0.33	0.6	0.6	0	0	0.33
63300	0.33	0.6	0.6	0	0	0.33
63400	0.33	0.6	0.6	0	0	0.33
63500	0.33	0.6	0.6	0	0	0.33
63600	0.33	0.6	0.6	0	0	0.33
63700	0.33	0.6	0.6	0	0	0.33
63800	0.33	0.6	0.6	0	0	0.33
63900	0.33	0.6	0.6	0	0	0.33
64000	0.33	0.6	0.6	0	0	0.33
64100	0.34	0.6	0.6	0	0	0.34
64200	0.34	0.6	0.6	0	0	0.34
64300	0.34	0.6	0.6	0	0	0.34
64400	0.34	0.6	0.6	0	0	0.34
64500	0.35	0.6	0.6	0	0	0.35
64600	0.35	0.6	0.6	0	0	0.35
64700	0.35	0.6	0.6	0	0	0.35
64800	0.35	0.6	0.6	0	0	0.35
64900	0.35	0.6	0.6	0	0	0.35
65000	0.35	0.6	0.6	0	0	0.35
65100	0.35	0.6	0.6	0	0	0.35
65200	0.35	0.6	0.6	0	0	0.35
65300	0.35	0.6	0.6	0	0	0.35
65400	0.35	0.6	0.6	0	0	0.35
65500	0.35	0.6	0.6	0	0	0.35
65600	0.35	0.6	0.6	0	0	0.35
65700	0.35	0.6	0.6	0	0	0.35
65800	0.35	0.6	0.6	0	0	0.35
65900	0.35	0.6	0.6	0	0	0.35
66000	0.35	0.6	0.6	0	0	0.35
66100	0.35	0.6	0.6	0	0	0.35
66200	0.35	0.6	0.6	0	0	0.35
66300	0.35	0.6	0.6	0	0	0.35
66400	0.35	0.6	0.6	0	0	0.35
66500	0.35	0.6	0.6	0	0	0.35
66600	0.35	0.61	0.61	0	0	0.35
66700	0.35	0.61	0.61	0	0	0.35
66800	0.35	0.61	0.61	0	0	0.35
66900	0.35	0.61	0.61	0	0	0.35
67000	0.35	0.61	0.61	0	0	0.35
67100	0.35	0.61	0.61	0	0	0.35
67200	0.35	0.61	0.61	0	0	0.35
67300	0.35	0.61	0.61	0	0	0.35
67400	0.35	0.61	0.61	0	0	0.35
67500	0.35	0.61	0.61	0	0	0.35
67600	0.35	0.61	0.61	0	0	0.35
67700	0.35	0.61	0.61	0	0	0.35
67800	0.35	0.61	0.61	0	0	0.35
67900	0.35	0.61	0.61	0	0	0.35
68000	0.35	0.61	0.61	0	0	0.35
68100	0.35	0.61	0.61	0	0	0.35
68200	0.35	0.61	0.61	0	0	0.35
68300	0.35	0.61	0.61	0	0	0.35
68400	0.35	0.61	0.61	0	0	0.35
68500	0.35	0.61	0.61	0	0	0.35
68600	0.34	0.61	0.61	0	0	0.34
68700	0.34	0.61	0.61	0	0	0.34
68800	0.35	0.61	0.61	0	0	0.35
68900	0.35	0.61	0.61	0	0	0.35
69000	0.34	0.61	0.61	0	0	0.34
69100	0.34	0.61	0.61	0	0	0.34
69200	0.34	0.61	0.61	0	0	0.34
69300	0.34	0.61	0.61	0	0	0.34
69400	0.34	0.61	0.61	0	0	0.34
69500	0.34	0.61	0.61	0	0	0.34
69600	0.34	0.6	0.6	0	0	0.34
69700	0.34	0.6	0.6	0	0	0.34
69800	0.34	0.6	0.6	0	0	0.34
69900	0.34	0.6	0.6	0	0	0.34
70000	0.35	0.6	0.6	0	0	0.35
70100	0.35	0.6	0.6	0	0	0.35
70200	0.34	0.6	0.6	0	0	0.34
70300	0.34	0.6	0.6	0	0	0.34
70400	0.34	0.6	0.6	0	0	0.34
70500	0.34	0.6	0.6	0	0	0.34
70600	0.34	0.61	0.61	0	0	0.34
70700	0.34	0.61	0.61	0	0	0.34
70800	0.34	0.61	0.61	0	0	0.34
70900	0.34	0.61	0.61	0	0	0.34
71000	0.34	0.61	0.61	0	0	0.34
71100	0.34	0.61	0.61	0	0	0.34
71200	0.34	0.61	0.61	0	0	0.34
71300	0.34	0.62	0.62	0	0	0.34
71400	0.34	0.62	0.62	0	0	0.34
71500	0.34	0.62	0.62	0	0	0.34
71600	0.34	0.62	0.62	0	0	0.34
71700	0.34	0.62	0.62	0	0	0.34
71800	0.34	0.62	0.62	0	0	0.34
71900	0.34	0.62	0.62	0	0	0.34
72000	0.34	0.62	0.62	0	0	0.34
72100	0.34	0.62	0.62	0	0	0.34
72200	0.34	0.62	0.62	0	0	0.34
72300	0.34	0.62	0.62	0	0	0.34
72400	0.34	0.62	0.62	0	0	0.34
72500	0.34	0.62	0.62	0	0	0.34
72600	0.34	0.62	0.62	0	0	0.34
72700	0.34	0.62	0.62	0	0	0.34
72800	0.34	0.62	0.62	0	0	0.34
72900	0.34	0.62	0.62	0	0	0.34
73000	0.34	0.62	0.62	0	0	0.34
73100	0.34	0.62	0.62	0	0	0.34
73200	0.34	0.62	0.62	0	0	0.34
73300	0.34	0.62	0.62	0	0	0.34
73400	0.34	0.62	0.62	0	0	0.34
73500	0.34	0.62	0.62	0	0	0.34
73600	0.34	0.62	0.62	0	0	0.34
73700	0.35	0.62	0.62	0	0	0.35
73800	0.36	0.62	0.62	0	0	0.36
73900	0.36	0.62	0.62	0	0	0.36
74000	0.36	0.62	0.62	0	0	0.36
74100	0.36	0.62	0.62	0	0	0.36
74200	0.37	0.62	0.62	0	0	0.37
74300	0.37	0.62	0.62	0	0	0.37
74400	0.37	0.62	0.62	0	0	0.37
74500	0.37	0.62	0.62	0	0	0.37
74600	0.37	0.62	0.62	0	0	0.37
74700	0.37	0.62	0.62	0	0	0.37
74800	0.37	0.62	0.62	0	0	0.37
74900	0.37	0.62	0.62	0	0	0.37
75000	0.37	0.62	0.62	0	0	0.37
75100	0.37	0.62	0.62	0	0	0.37
75200	0.37	0.62	0.62	0	0	0.37
75300	0.37	0.62	0.62	0	0	0.37
75400	0.37	0.62	0.62	0	0	0.37
75500	0.37	0.62	0.62	0	0	0.37
75600	0.37	0.62	0.62	0	0	0.37
75700	0.37	0.62	0.62	0	0	0.37
75800	0.37	0.62	0.62	0	0	0.37
75900	0.36	0.62	0.62	0	0	0.36
76000	0.36	0.62	0.62	0	0	0.36
76100	0.36	0.62	0.62	0	0	0.36
76200	0.36	0.62	0.62	0	0	0.36
76300	0.36	0.62	0.62	0	0	0.36
76400	0.36	0.62	0.62	0	0	0.36
76500	0.36	0.62	0.62	0	0	0.36
76600	0.36	0.62	0.62	0	0	0.36
76700	0.36	0.62	0.62	0	0	0.36
76800	0.36	0.62	0.62	0	0	0.36
76900	0.36	0.62	0.62	0	0	0.36
77000	0.36	0.62	0.62	0	0	0.36
77100	0.36	0.62	0.62	0	0	0.36
77200	0.36	0.62	0.62	0	0	0.36
77300	0.36	0.62	0.62	0	0	0.36
77400	0.35	0.62	0.62	0	0	0.35
77500	0.35	0.62	0.62	0	0	0.35
77600	0.36	0.62	0.62	0	0	0.36
77700	0.36	0.62	0.62	0	0	0.36
77800	0.35	0.62	0.62	0	0	0.35
77900	0.35	0.62	0.62	0	0	0.35
78000	0.35	0.62	0.62	0	0	0.35
78100	0.35	0.62	0.62	0	0	0.35
78200	0.35	0.62	0.62	0	0	0.35
78300	0.35	0.62	0.62	0	0	0.35
78400	0.35	0.62	0.62	0	0	0.35
78500	0.35	0.62	0.62	0	0	0.35
78600	0.35	0.62	0.62	0	0	0.35
78700	0.35	0.62	0.62	0	0	0.35
78800	0.35	0.62	0.62	0	0	0.35
78900	0.35	0.62	0.62	0	0	0.35
79000	0.35	0.62	0.62	0	0	0.35
79100	0.35	0.62	0.62	0	0	0.35
79200	0.35	0.62	0.62	0	0	0.35
79300	0.35	0.62	0.62	0	0	0.35
79400	0.35	0.62	0.62	0	0	0.35
79500	0.35	0.62	0.62	0	0	0.35
79600	0.35	0.62	0.62	0	0	0.35
79700	0.35	0.62	0.62	0	0	0.35
79800	0.35	0.62	0.62	0	0	0.35
79900	0.35	0.62	0.62	0	0	0.35
80000	0.35	0.62	0.62	0	0	0.35
80100	0.36	0.62	0.62	0	0	0.36
80200	0.36	0.62	0.62	0	0	0.36
80300	0.36	0.62	0.62	0	0	0.36
80400	0.36	0.62	0.62	0	0	0.36
80500	0.36	0.62	0.62	0	0	0.36
80600	0.36	0.62	0.62	0	0	0.36
80700	0.36	0.62	0.62	0	0	0.36
80800	0.36	0.62	0.62	0	0	0.36
80900	0.36	0.62	0.62	0	0	0.36
81000	0.36	0.62	0.62	0	0	0.36
81100	0.36	0.62	0.62	0	0	0.36
81200	0.36	0.62	0.62	0	0	0.36
81300	0.36	0.62	0.62	0	0	0.36
81400	0.36	0.62	0.62	0	0	0.36
81500	0.36	0.62	0.62	0	0	0.36
81600	0.36	0.62	0.62	0	0	0.36
81700	0.36	0.62	0.62	0	0	0.36
81800	0.36	0.62	0.62	0	0	0.36
81900	0.36	0.62	0.62	0	0	0.36
82000	0.36	0.62	0.62	0	0	0.36
82100	0.36	0.62	0.62	0	0	0.36
82200	0.36	0.62	0.62	0	0	0.36
82300	0.36	0.62	0.62	0	0	0.36
82400	0.36	0.62	0.62	0	0	0.36
82500	0.36	0.62	0.62	0	0	0.36
82600	0.36	0.62	0.62	0	0	0.36
82700	0.36	0.62	0.62	0	0	0.36
82800	0.36	0.62	0.62	0	0	0.36
82900	0.36	0.62	0.62	0	0	0.36
83000	0.36	0.61	0.61	0	0	0.36
83100	0.36	0.61	0.61	0	0	0.36
83200	0.36	0.61	0.61	0	0	0.36
83300	0.36	0.61	0.61	0	0	0.36
83400	0.36	0.61	0.61	0	0	0.36
83500	0.36	0.61	0.61	0	0	0.36
83600	0.36	0.61	0.61	0	0	0.36
83700	0.36	0.61	0.61	0	0	0.36
83800	0.36	0.61	0.61	0	0	0.36
83900	0.36	0.61	0.61	0	0	0.36
84000	0.36	0.61	0.61	0	0	0.36
84100	0.36	0.61	0.61	0	0	0.36
84200	0.36	0.61	0.61	0	0	0.36
84300	0.36	0.61	0.61	0	0	0.36
84400	0.36	0.61	0.61	0	0	0.36
84500	0.36	0.61	0.61	0	0	0.36
84600	0.36	0.61	0.61	0	0	0.36
84700	0.36	0.61	0.61	0	0	0.36
84800	0.36	0.61	0.61	0	0	0.36
84900	0.36	0.61	0.61	0	0	0.36
85000	0.36	0.61	0.61	0	0	0.36
85100	0.36	0.61	0.61	0	0	0.36
85200	0.36	0.61	0.61	0	0	0.36
85300	0.36	0.61	0.61	0	0	0.36
85400	0.36	0.61	0.61	0	0	0.36
85500	0.36	0.61	0.61	0	0	0.36
85600	0.37	0.61	0.61	0	0	0.37
85700	0.37	0.61	0.61	0	0	0.37
85800	0.37	0.61	0.61	0	0	0.37
85900	0.37	0.61	0.61	0	0	0.37
86000	0.37	0.61	0.61	0	0	0.37
86100	0.37	0.61	0.61	0	0	0.37
86200	0.37	0.61	0.61	0	0	0.37
86300	0.37	0.61	0.61	0	0	0.37
86400	0.37	0.62	0.62	0	0	0.37
86500	0.37	0.62	0.62	0	0	0.37
86600	0.37	0.62	0.62	0	0	0.37
86700	0.37	0.62	0.62	0	0	0.37
86800	0.37	0.62	0.62	0	0	0.37
86900	0.37	0.62	0.62	0	0	0.37
87000	0.37	0.62	0.62	0	0	0.37
87100	0.37	0.62	0.62	0	0	0.37
87200	0.37	0.62	0.62	0	0	0.37
87300	0.37	0.62	0.62	0	0	0.37
87400	0.37	0.62	0.62	0	0	0.37
87500	0.37	0.62	0.62	0	0	0.37
87600	0.37	0.62	0.62	0	0	0.37
87700	0.37	0.62	0.62	0	0	0.37
87800	0.37	0.62	0.62	0	0	0.37
87900	0.37	0.62	0.62	0	0	0.37
88000	0.37	0.62	0.62	0	0	0.37
88100	0.37	0.62	0.62	0	0	0.37
88200	0.37	0.62	0.62	0	0	0.37
88300	0.37	0.62	0.62	0	0	0.37
88400	0.37	0.62	0.62	0	0	0.37
88500	0.37	0.62	0.62	0	0	0.37
88600	0.37	0.62	0.62	0	0	0.37
88700	0.37	0.62	0.62	0	0	0.37
88800	0.37	0.62	0.62	0	0	0.37
88900	0.37	0.62	0.62	0	0	0.37
89000	0.37	0.62	0.62	0	0	0.37
89100	0.37	0.62	0.62	0	0	0.37
89200	0.37	0.62	0.62	0	0	0.37
89300	0.37	0.62	0.62	0	0	0.37
89400	0.37	0.62	0.62	0	0	0.37
89500	0.37	0.62	0.62	0	0	0.37
89600	0.37	0.62	0.62	0	0	0.37
89700	0.37	0.62	0.62	0	0	0.37
89800	0.37	0.62	0.62	0	0	0.37
89900	0.37	0.62	0.62	0	0	0.37
90000	0.37	0.62	0.62	0	0	0.37
90100	0.37	0.62	0.62	0	0	0.37
90200	0.37	0.62	0.62	0	0	0.37
90300	0.37	0.62	0.62	0	0	0.37
90400	0.37	0.62	0.62	0	0	0.37
90500	0.37	0.62	0.62	0	0	0.37
90600	0.37	0.62	0.62	0	0	0.37
90700	0.37	0.62	0.62	0	0	0.37
90800	0.37	0.62	0.62	0	0	0.37
90900	0.37	0.62	0.62	0	0	0.37
91000	0.37	0.62	0.62	0	0	0.37
91100	0.37	0.62	0.62	0	0	0.37
91200	0.37	0.62	0.62	0	0	0.37
91300	0.37	0.62	0.62	0	0	0.37
91400	0.37	0.62	0.62	0	0	0.37
91500	0.37	0.62	0.62	0	0	0.37
91600	0.37	0.62	0.62	0	0	0.37
91700	0.37	0.62	0.62	0	0	0.37
91800	0.38	0.62	0.62	0	0	0.38
91900	0.38	0.62	0.62	0	0	0.38
92000	0.38	0.62	0.62	0	0	0.38
92100	0.38	0.62	0.62	0	0	0.38
92200	0.38	0.62	0.62	0	0	0.38
92300	0.38	0.62	0.62	0	0	0.38
92400	0.38	0.62	0.62	0	0	0.38
92500	0.38	0.62	0.62	0	0	0.38
92600	0.38	0.62	0.62	0	0	0.38
92700	0.38	0.62	0.62	0	0	0.38
92800	0.38	0.62	0.62	0	0	0.38
92900	0.38	0.62	0.62	0	0	0.38
93000	0.38	0.62	0.62	0	0	0.38
93100	0.38	0.62	0.62	0	0	0.38
93200	0.38	0.62	0.62	0	0	0.38
93300	0.38	0.62	0.62	0	0	0.38
93400	0.38	0.62	0.62	0	0	0.38
93500	0.38	0.62	0.62	0	0	0.38
93600	0.38	0.62	0.62	0	0	0.38
93700	0.38	0.62	0.62	0	0	0.38
93800	0.38	0.62	0.62	0	0	0.38
93900	0.38	0.62	0.62	0	0	0.38
94000	0.38	0.62	0.62	0	0	0.38
94100	0.38	0.62	0.62	0	0	0.38
94200	0.38	0.62	0.62	0	0	0.38
94300	0.38	0.62	0.62	0	0	0.38
94400	0.38	0.62	0.62	0	0	0.38
94500	0.38	0.62	0.62	0	0	0.38
94600	0.38	0.62	0.62	0	0	0.38
94700	0.38	0.62	0.62	0	0	0.38
94800	0.38	0.62	0.62	0	0	0.38
94900	0.38	0.62	0.62	0	0	0.38
95000	0.38	0.62	0.62	0	0	0.38
95100	0.38	0.62	0.62	0	0	0.38
95200	0.38	0.62	0.62	0	0	0.38
95300	0.38	0.62	0.62	0	0	0.38
95400	0.38	0.62	0.62	0	0	0.38
95500	0.38	0.62	0.62	0	0	0.38
95600	0.38	0.62	0.62	0	0	0.38
95700	0.38	0.62	0.62	0	0	0.38
95800	0.38	0.62	0.62	0	0	0.38
95900	0.38	0.62	0.62	0	0	0.38
96000	0.38	0.62	0.62	0	0	0.38
96100	0.38	0.62	0.62	0	0	0.38
96200	0.38	0.62	0.62	0	0	0.38
96300	0.38	0.62	0.62	0	0	0.38
96400	0.38	0.62	0.62	0	0	0.38
96500	0.38	0.62	0.62	0	0	0.38
96600	0.38	0.62	0.62	0	0	0.38
96700	0.38	0.62	0.62	0	0	0.38
96800	0.38	0.62	0.62	0	0	0.38
96900	0.38	0.62	0.62	0	0	0.38
97000	0.38	0.62	0.62	0	0	0.38
97100	0.38	0.62	0.62	0	0	0.38
97200	0.38	0.62	0.62	0	0	0.38
97300	0.38	0.62	0.62	0	0	0.38
97400	0.38	0.62	0.62	0	0	0.38
97500	0.38	0.62	0.62	0	0	0.38
97600	0.38	0.62	0.62	0	0	0.38
97700	0.38	0.62	0.62	0	0	0.38
97800	0.38	0.62	0.62	0	0	0.38
97900	0.38	0.62	0.62	0	0	0.38
98000	0.38	0.62	0.62	0	0	0.38
98100	0.38	0.62	0.62	0	0	0.38
98200	0.38	0.62	0.62	0	0	0.38
98300	0.38	0.62	0.62	0	0	0.38
98400	0.38	0.62	0.62	0	0	0.38
98500	0.38	0.62	0.62	0	0	0.38
98600	0.38	0.62	0.62	0	0	0.38
98700	0.38	0.62	0.62	0	0	0.38
98800	0.38	0.62	0.62	0	0	0.38
98900	0.38	0.62	0.62	0	0	0.38
99000	0.38	0.62	0.62	0	0	0.38
99100	0.38	0.62	0.62	0	0	0.38
99200	0.38	0.62	0.62	0	0	0.38
99300	0.38	0.62	0.62	0	0	0.38
99400	0.38	0.62	0.62	0	0	0.38
99500	0.38	0.62	0.62	0	0	0.38
99600	0.38	0.62	0.62	0	0	0.38
99700	0.38	0.62	0.62	0	0	0.38
99800	0.38	0.62	0.62	0	0	0.38
99900	0.38	0.62	0.62	0	0	0.38
100000	0.38	0.62	0.62	0	0	0.38
100100	0.38	0.62	0.62	0	0	0.38
100200	0.38	0.62	0.62	0	0	0.38
100300	0.38	0.62	0.62	0	0	0.38
100400	0.38	0.62	0.62	0	0	0.38
100500	0.38	0.62	0.62	0	0	0.38
100600	0.38	0.62	0.62	0	0	0.38
100700	0.38	0.62	0.62	0	0	0.38
100800	0.38	0.62	0.62	0	0	0.38
100900	0.38	0.62	0.62	0	0	0.38
101000	0.38	0.62	0.62	0	0	0.38
101100	0.38	0.62	0.62	0	0	0.38
101200	0.38	0.62	0.62	0	0	0.38
101300	0.38	0.62	0.62	0	0	0.38
101400	0.38	0.62	0.62	0	0	0.38
101500	0.38	0.62	0.62	0	0	0.38
101600	0.38	0.62	0.62	0	0	0.38
101700	0.38	0.62	0.62	0	0	0.38
101800	0.38	0.62	0.62	0	0	0.38
101900	0.38	0.62	0.62	0	0	0.38
102000	0.38	0.62	0.62	0	0	0.38
102100	0.38	0.62	0.62	0	0	0.38
102200	0.38	0.62	0.62	0	0	0.38
102300	0.38	0.62	0.62	0	0	0.38
102400	0.38	0.62	0.62	0	0	0.38
102500	0.38	0.62	0.62	0	0	0.38
102600	0.38	0.62	0.62	0	0	0.38
102700	0.38	0.62	0.62	0	0	0.38
102800	0.38	0.62	0.62	0	0	0.38
102900	0.38	0.62	0.62	0	0	0.38
103000	0.38	0.62	0.62	0	0	0.38
103100	0.38	0.62	0.62	0	0	0.38
103200	0.38	0.62	0.62	0	0	0.38
103300	0.38	0.62	0.62	0	0	0.38
103400	0.38	0.62	0.62	0	0	0.38
103500	0.38	0.62	0.62	0	0	0.38
103600	0.38	0.62	0.62	0	0	0.38
103700	0.38	0.62	0.62	0	0	0.38
103800	0.38	0.62	0.62	0	0	0.38
103900	0.38	0.62	0.62	0	0	0.38
104000	0.38	0.62	0.62	0	0	0.38
104100	0.38	0.62	0.62	0	0	0.38
104200	0.38	0.62	0.62	0	0	0.38
104300	0.38	0.62	0.62	0	0	0.38
104400	0.38	0.62	0.62	0	0	0.38
104500	0.38	0.62	0.62	0	0	0.38
104600	0.38	0.62	0.62	0	0	0.38
104700	0.38	0.62	0.62	0	0	0.38
104800	0.38	0.62	0.62	0	0	0.38
104900	0.38	0.62	0.62	0	0	0.38
105000	0.38	0.62	0.62	0	0	0.38
105100	0.38	0.62	0.62	0	0	0.38
105200	0.38	0.62	0.62	0	0	0.38
105300	0.38	0.62	0.62	0	0	0.38
105400	0.38	0.62	0.62	0	0	0.38
105500	0.38	0.62	0.62	0	0	0.38
105600	0.38	0.62	0.62	0	0	0.38
105700	0.38	0.62	0.62	0	0	0.38
105800	0.38	0.62	0.62	0	0	0.38
105900	0.38	0.62	0.62	0	0	0.38
106000	0.38	0.62	0.62	0	0	0.38
106100	0.38	0.62	0.62	0	0	0.38
106200	0.38	0.62	0.62	0	0	0.38
106300	0.38	0.62	0.62	0	0	0.38
106400	0.38	0.62	0.62	0	0	0.38
106500	0.38	0.62	0.62	0	0	0.38
106600	0.38	0.62	0.62	0	0	0.38
106700	0.38	0.62	0.62	0	0	0.38
106800	0.38	0.62	0.62	0	0	0.38
106900	0.38	0.62	0.62	0	0	0.38
107000	0.38	0.62	0.62	0	0	0.38
107100	0.38	0.62	0.62	0	0	0.38
107200	0.38	0.62	0.62	0	0	0.38
107300	0.38	0.62	0.62	0	0	0.38
107400	0.38	0.62	0.62	0	0	0.38
107500	0.38	0.62	0.62	0	0	0.38
107600	0.38	0.62	0.62	0	0	0.38
107700	0.38	0.62	0.62	0	0	0.38
107800	0.38	0.62	0.62	0	0	0.38
107900	0.38	0.62	0.62	0	0	0.38
108000	0.38	0.62	0.62	0	0	0.38
108100	0.38	0.62	0.62	0	0	0.38
108200	0.38	0.62	0.62	0	0	0.38
108300	0.38	0.62	0.62	0	0	0.38
108400	0.38	0.62	0.62	0	0	0.38
108500	0.38	0.62	0.62	0	0	0.38
108600	0.38	0.62	0.62	0	0	0.38
108700	0.38	0.62	0.62	0	0	0.38
108800	0.38	0.62	0.62	0	0	0.38
108900	0.38	0.62	0.62	0	0	0.38
109000	0.38	0.62	0.62	0	0	0.38
109100	0.38	0.62	0.62	0	0	0.38
109200	0.38	0.62	0.62	0	0	0.38
109300	0.38	0.62	0.62	0	0	0.38
109400	0.38	0.62	0.62	0	0	0.38
109500	0.38	0.62	0.62	0	0	0.38
109600	0.38	0.62	0.62	0	0	0.38
109700	0.38	0.62	0.62	0	0	0.38
109800	0.38	0.62	0.62	0	0	0.38
109900	0.38	0.62	0.62	0	0	0.38
110000	0.38	0.62	0.62	0	0	0.38
110100	0.38	0.62	0.62	0	0	0.38
110200	0.38	0.62	0.62	0	0	0.38
110300	0.38	0.62	0.62	0	0	0.38
110400	0.38	0.62	0.62	0	0	0.38
110500	0.38	0.62	0.62	0	0	0.38
110600	0.38	0.62	0.62	0	0	0.38
110700	0.38	0.62	0.62	0	0	0.38
110800	0.38	0.62	0.62	0	0	0.38
110900	0.38	0.62	0.62	0	0	0.38
111000	0.38	0.62	0.62	0	0	0.38
111100	0.38	0.62	0.62	0	0	0.38
111200	0.38	0.62	0.62	0	0	0.38
111300	0.38	0.62	0.62	0	0	0.38
111400	0.38	0.62	0.62	0	0	0.38
111500	0.38	0.62	0.62	0	0	0.38
111600	0.38	0.62	0.62	0	0	0.38
111700	0.38	0.62	0.62	0	0	0.38
111800	0.38	0.62	0.62	0	0	0.38
111900	0.38	0.62	0.62	0	0	0.38
112000	0.38	0.62	0.62	0	0	0.38
112100	0.38	0.62	0.62	0	0	0.38
112200	0.37	0.62	0.62	0	0	0.37
112300	0.37	0.62	0.62	0	0	0.37
112400	0.37	0.62	0.62	0	0	0.37
112500	0.37	0.62	0.62	0	0	0.37
112600	0.37	0.62	0.62	0	0	0.37
112700	0.37	0.62	0.62	0	0	0.37
112800	0.37	0.62	0.62	0	0	0.37
112900	0.37	0.62	0.62	0	0	0.37
113000	0.37	0.62	0.62	0	0	0.37
113100	0.37	0.62	0.62	0	0	0.37
113200	0.37	0.62	0.62	0	0	0.37
113300	0.37	0.62	0.62	0	0	0.37
113400	0.37	0.62	0.62	0	0	0.37
113500	0.37	0.62	0.62	0	0	0.37
113600	0.37	0.62	0.62	0	0	0.37
113700	0.37	0.62	0.62	0	0	0.37
113800	0.37	0.62	0.62	0	0	0.37
113900	0.37	0.62	0.62	0	0	0.37
114000	0.37	0.62	0.62	0	0	0.37
114100	0.37	0.62	0.62	0	0	0.37
114200	0.37	0.62	0.62	0	0	0.37
114300	0.37	0.62	0.62	0	0	0.37
114400	0.37	0.62	0.62	0	0	0.37
114500	0.37	0.62	0.62	0	0	0.37
114600	0.37	0.62	0.62	0	0	0.37
114700	0.37	0.62	0.62	0	0	0.37
114800	0.37	0.62	0.62	0	0	0.37
114900	0.37	0.62	0.62	0	0	0.37
115000	0.37	0.62	0.62	0	0	0.37
115100	0.38	0.62	0.62	0	0	0.38
115200	0.38	0.62	0.62	0	0	0.38
115300	0.38	0.62	0.62	0	0	0.38
115400	0.38	0.62	0.62	0	0	0.38
115500	0.38	0.62	0.62	0	0	0.38
115600	0.38	0.62	0.62	0	0	0.38
115700	0.38	0.62	0.62	0	0	0.38
115800	0.38	0.62	0.62	0	0	0.38
115900	0.37	0.62	0.62	0	0	0.37
116000	0.37	0.62	0.62	0	0	0.37
116100	0.37	0.62	0.62	0	0	0.37
116200	0.37	0.62	0.62	0	0	0.37
116300	0.37	0.62	0.62	0	0	0.37
116400	0.37	0.62	0.62	0	0	0.37
116500	0.37	0.62	0.62	0	0	0.37
116600	0.37	0.62	0.62	0	0	0.37
116700	0.37	0.62	0.62	0	0	0.37
116800	0.37	0.62	0.62	0	0	0.37
116900	0.37	0.62	0.62	0	0	0.37
117000	0.37	0.62	0.62	0	0	0.37
117100	0.37	0.62	0.62	0	0	0.37
117200	0.37	0.62	0.62	0	0	0.37
117300	0.37	0.62	0.62	0	0	0.37
117400	0.37	0.62	0.62	0	0	0.37
117500	0.37	0.62	0.62	0	0	0.37
117600	0.37	0.62	0.62	0	0	0.37
117700	0.37	0.62	0.62	0	0	0.37
117800	0.37	0.62	0.62	0	0	0.37
117900	0.37	0.62	0.62	0	0	0.37
118000	0.37	0.62	0.62	0	0	0.37
118100	0.37	0.63	0.63	0	0	0.37
118200	0.37	0.63	0.63	0	0	0.37
118300	0.37	0.62	0.62	0	0	0.37
118400	0.37	0.62	0.62	0	0	0.37
118500	0.37	0.62	0.62	0	0	0.37
118600	0.37	0.62	0.62	0	0	0.37
118700	0.38	0.62	0.62	0	0	0.38
118800	0.38	0.62	0.62	0	0	0.38
118900	0.38	0.62	0.62	0	0	0.38
119000	0.38	0.62	0.62	0	0	0.38
119100	0.37	0.62	0.62	0	0	0.37
119200	0.37	0.62	0.62	0	0	0.37
119300	0.37	0.62	0.62	0	0	0.37
119400	0.37	0.62	0.62	0	0	0.37
119500	0.37	0.62	0.62	0	0	0.37
119600	0.37	0.62	0.62	0	0	0.37
119700	0.37	0.62	0.62	0	0	0.37
119800	0.37	0.62	0.62	0	0	0.37
119900	0.37	0.62	0.62	0	0	0.37
120000	0.37	0.62	0.62	0	0	0.37
120100	0.37	0.62	0.62	0	0	0.37
120200	0.37	0.62	0.62	0	0	0.37
120300	0.37	0.62	0.62	0	0	0.37
120400	0.37	0.62	0.62	0	0	0.37
120500	0.37	0.62	0.62	0	0	0.37
120600	0.37	0.62	0.62	0	0	0.37
120700	0.37	0.62	0.62	0	0	0.37
120800	0.37	0.62	0.62	0	0	0.37
120900	0.37	0.62	0.62	0	0	0.37
121000	0.37	0.62	0.62	0	0	0.37
121100	0.37	0.62	0.62	0	0	0.37
121200	0.37	0.62	0.62	0	0	0.37
121300	0.37	0.62	0.62	0	0	0.37
121400	0.37	0.62	0.62	0	0	0.37
121500	0.37	0.62	0.62	0	0	0.37
121600	0.37	0.62	0.62	0	0	0.37
121700	0.37	0.62	0.62	0	0	0.37
121800	0.37	0.62	0.62	0	0	0.37
121900	0.37	0.62	0.62	0	0	0.37
122000	0.37	0.62	0.62	0	0	0.37
122100	0.37	0.62	0.62	0	0	0.37
122200	0.37	0.62	0.62	0	0	0.37
122300	0.37	0.62	0.62	0	0	0.37
122400	0.37	0.62	0.62	0	0	0.37
122500	0.37	0.62	0.62	0	0	0.37
122600	0.37	0.62	0.62	0	0	0.37
122700	0.37	0.62	0.62	0	0	0.37
122800	0.37	0.62	0.62	0	0	0.37
122900	0.37	0.62	0.62	0	0	0.37
123000	0.37	0.62	0.62	0	0	0.37
123100	0.37	0.62	0.62	0	0	0.37
123200	0.37	0.62	0.62	0	0	0.37
123300	0.37	0.62	0.62	0	0	0.37
123400	0.37	0.62	0.62	0	0	0.37
123500	0.37	0.62	0.62	0	0	0.37
123600	0.37	0.62	0.62	0	0	0.37
123700	0.37	0.62	0.62	0	0	0.37
123800	0.37	0.62	0.62	0	0	0.37
123900	0.37	0.62	0.62	0	0	0.37
124000	0.37	0.62	0.62	0	0	0.37
124100	0.37	0.62	0.62	0	0	0.37
124200	0.37	0.62	0.62	0	0	0.37
124300	0.37	0.62	0.62	0	0	0.37
124400	0.37	0.62	0.62	0	0	0.37
124500	0.37	0.62	0.62	0	0	0.37
124600	0.37	0.62	0.62	0	0	0.37
124700	0.37	0.62	0.62	0	0	0.37
124800	0.37	0.62	0.62	0	0	0.37
124900	0.37	0.62	0.62	0	0	0.37
125000	0.37	0.62	0.62	0	0	0.37
125100	0.37	0.62	0.62	0	0	0.37
125200	0.37	0.62	0.62	0	0	0.37
125300	0.37	0.62	0.62	0	0	0.37
125400	0.37	0.62	0.62	0	0	0.37
125500	0.37	0.62	0.62	0	0	0.37
125600	0.37	0.62	0.62	0	0	0.37
125700	0.37	0.62	0.62	0	0	0.37
125800	0.37	0.62	0.62	0	0	0.37
125900	0.37	0.62	0.62	0	0	0.37
126000	0.37	0.62	0.62	0	0	0.37
126100	0.37	0.62	0.62	0	0	0.37
126200	0.37	0.62	0.62	0	0	0.37
126300	0.38	0.62	0.62	0	0	0.38
126400	0.38	0.62	0.62	0	0	0.38
126500	0.38	0.62	0.62	0	0	0.38
126600	0.38	0.62	0.62	0	0	0.38
126700	0.38	0.62	0.62	0	0	0.38
126800	0.38	0.62	0.62	0	0	0.38
126900	0.38	0.62	0.62	0	0	0.38
127000	0.38	0.62	0.62	0	0	0.38
127100	0.37	0.62	0.62	0	0	0.37
127200	0.37	0.62	0.62	0	0	0.37
127300	0.37	0.62	0.62	0	0	0.37
127400	0.37	0.62	0.62	0	0	0.37
127500	0.37	0.62	0.62	0	0	0.37
127600	0.37	0.62	0.62	0	0	0.37
127700	0.37	0.62	0.62	0	0	0.37
127800	0.37	0.62	0.62	0	0	0.37
127900	0.37	0.62	0.62	0	0	0.37
128000	0.37	0.62	0.62	0	0	0.37
128100	0.37	0.62	0.62	0	0	0.37
128200	0.37	0.62	0.62	0	0	0.37
128300	0.37	0.62	0.62	0	0	0.37
128400	0.37	0.62	0.62	0	0	0.37
128500	0.37	0.62	0.62	0	0	0.37
128600	0.37	0.62	0.62	0	0	0.37
128700	0.37	0.62	0.62	0	0	0.37
128800	0.37	0.62	0.62	0	0	0.37
128900	0.37	0.62	0.62	0	0	0.37
129000	0.37	0.62	0.62	0	0	0.37
129100	0.37	0.62	0.62	0	0	0.37
129200	0.37	0.62	0.62	0	0	0.37
129300	0.37	0.62	0.62	0	0	0.37
129400	0.37	0.62	0.62	0	0	0.37
129500	0.37	0.62	0.62	0	0	0.37
129600	0.37	0.62	0.62	0	0	0.37
129700	0.37	0.62	0.62	0	0	0.37
129800	0.37	0.62	0.62	0	0	0.37
129900	0.37	0.62	0.62	0	0	0.37
130000	0.37	0.62	0.62	0	0	0.37
130100	0.37	0.62	0.62	0	0	0.37
130200	0.37	0.62	0.62	0	0	0.37
130300	0.37	0.62	0.62	0	0	0.37
130400	0.37	0.62	0.62	0	0	0.37
130500	0.37	0.62	0.62	0	0	0.37
130600	0.37	0.62	0.62	0	0	0.37
130700	0.37	0.62	0.62	0	0	0.37
130800	0.37	0.62	0.62	0	0	0.37
130900	0.37	0.62	0.62	0	0	0.37
131000	0.37	0.62	0.62	0	0	0.37
131100	0.37	0.62	0.62	0	0	0.37
131200	0.38	0.62	0.62	0	0	0.38
131300	0.38	0.62	0.62	0	0	0.38
131400	0.38	0.62	0.62	0	0	0.38
131500	0.38	0.62	0.62	0	0	0.38
131600	0.38	0.62	0.62	0	0	0.38
131700	0.38	0.62	0.62	0	0	0.38
131800	0.38	0.62	0.62	0	0	0.38
131900	0.38	0.62	0.62	0	0	0.38
132000	0.38	0.62	0.62	0	0	0.38
132100	0.38	0.62	0.62	0	0	0.38
132200	0.38	0.62	0.62	0	0	0.38
132300	0.38	0.62	0.62	0	0	0.38
132400	0.38	0.62	0.62	0	0	0.38
132500	0.38	0.62	0.62	0	0	0.38
132600	0.38	0.62	0.62	0	0	0.38
132700	0.38	0.62	0.62	0	0	0.38
132800	0.38	0.62	0.62	0	0	0.38
132900	0.38	0.62	0.62	0	0	0.38
133000	0.38	0.62	0.62	0	0	0.38
133100	0.38	0.62	0.62	0	0	0.38
133200	0.38	0.62	0.62	0	0	0.38
133300	0.38	0.62	0.62	0	0	0.38
133400	0.38	0.62	0.62	0	0	0.38
133500	0.38	0.62	0.62	0	0	0.38
133600	0.38	0.62	0.62	0	0	0.38
133700	0.38	0.62	0.62	0	0	0.38
133800	0.38	0.62	0.62	0	0	0.38
133900	0.38	0.62	0.62	0	0	0.38
134000	0.38	0.62	0.62	0	0	0.38
134100	0.38	0.62	0.62	0	0	0.38
134200	0.38	0.62	0.62	0	0	0.38
134300	0.38	0.62	0.62	0	0	0.38
134400	0.38	0.62	0.62	0	0	0.38
134500	0.38	0.62	0.62	0	0	0.38
134600	0.38	0.62	0.62	0	0	0.38
134700	0.38	0.62	0.62	0	0	0.38
134800	0.38	0.62	0.62	0	0	0.38
134900	0.38	0.62	0.62	0	0	0.38
135000	0.38	0.62	0.62	0	0	0.38
135100	0.38	0.62	0.62	0	0	0.38
135200	0.38	0.62	0.62	0	0	0.38
135300	0.38	0.62	0.62	0	0	0.38
135400	0.38	0.62	0.62	0	0	0.38
135500	0.38	0.62	0.62	0	0	0.38
135600	0.38	0.62	0.62	0	0	0.38
135700	0.38	0.62	0.62	0	0	0.38
135800	0.38	0.62	0.62	0	0	0.38
135900	0.38	0.62	0.62	0	0	0.38
136000	0.38	0.62	0.62	0	0	0.38
136100	0.38	0.62	0.62	0	0	0.38
136200	0.38	0.62	0.62	0	0	0.38
136300	0.38	0.62	0.62	0	0	0.38
136400	0.38	0.62	0.62	0	0	0.38
136500	0.38	0.62	0.62	0	0	0.38
136600	0.38	0.62	0.62	0	0	0.38
136700	0.38	0.62	0.62	0	0	0.38
136800	0.38	0.62	0.62	0	0	0.38
136900	0.38	0.62	0.62	0	0	0.38
137000	0.38	0.62	0.62	0	0	0.38
137100	0.38	0.62	0.62	0	0	0.38
137200	0.38	0.62	0.62	0	0	0.38
137300	0.38	0.62	0.62	0	0	0.38
137400	0.38	0.62	0.62	0	0	0.38
137500	0.38	0.62	0.62	0	0	0.38
137600	0.38	0.62	0.62	0	0	0.38
137700	0.38	0.62	0.62	0	0	0.38
137800	0.38	0.62	0.62	0	0	0.38
137900	0.38	0.62	0.62	0	0	0.38
138000	0.38	0.62	0.62	0	0	0.38
138100	0.38	0.62	0.62	0	0	0.38
138200	0.38	0.62	0.62	0	0	0.38
138300	0.38	0.62	0.62	0	0	0.38
138400	0.38	0.62	0.62	0	0	0.38
138500	0.38	0.62	0.62	0	0	0.38
138600	0.38	0.62	0.62	0	0	0.38
138700	0.38	0.62	0.62	0	0	0.38
138800	0.38	0.62	0.62	0	0	0.38
138900	0.38	0.62	0.62	0	0	0.38
139000	0.38	0.62	0.62	0	0	0.38
139100	0.38	0.62	0.62	0	0	0.38
139200	0.38	0.62	0.62	0	0	0.38
139300	0.38	0.62	0.62	0	0	0.38
139400	0.38	0.62	0.62	0	0	0.38
139500	0.38	0.62	0.62	0	0	0.38
139600	0.38	0.62	0.62	0	0	0.38
139700	0.38	0.62	0.62	0	0	0.38
139800	0.38	0.62	0.62	0	0	0.38
139900	0.38	0.62	0.62	0	0	0.38
140000	0.38	0.62	0.62	0	0	0.38
140100	0.38	0.62	0.62	0	0	0.38
140200	0.38	0.62	0.62	0	0	0.38
140300	0.38	0.62	0.62	0	0	0.38
140400	0.38	0.62	0.62	0	0	0.38
140500	0.38	0.62	0.62	0	0	0.38
140600	0.38	0.62	0.62	0	0	0.38
140700	0.38	0.62	0.62	0	0	0.38
140800	0.38	0.62	0.62	0	0	0.38
140900	0.38	0.62	0.62	0	0	0.38
141000	0.38	0.62	0.62	0	0	0.38
141100	0.38	0.62	0.62	0	0	0.38
141200	0.38	0.62	0.62	0	0	0.38
141300	0.38	0.62	0.62	0	0	0.38
141400	0.38	0.62	0.62	0	0	0.38
141500	0.38	0.62	0.62	0	0	0.38
141600	0.38	0.62	0.62	0	0	0.38
141700	0.38	0.62	0.62	0	0	0.38
141800	0.38	0.62	0.62	0	0	0.38
141900	0.38	0.62	0.62	0	0	0.38
142000	0.38	0.62	0.62	0	0	0.38
142100	0.38	0.62	0.62	0	0	0.38
142200	0.38	0.62	0.62	0	0	0.38
142300	0.38	0.62	0.62	0	0	0.38
142400	0.38	0.62	0.62	0	0	0.38
142500	0.38	0.62	0.62	0	0	0.38
142600	0.38	0.62	0.62	0	0	0.38
142700	0.38	0.62	0.62	0	0	0.38
142800	0.38	0.62	0.62	0	0	0.38
142900	0.38	0.62	0.62	0	0	0.38
143000	0.38	0.62	0.62	0	0	0.38
143100	0.37	0.62	0.62	0	0	0.37
143200	0.37	0.62	0.62	0	0	0.37
143300	0.37	0.62	0.62	0	0	0.37
143400	0.37	0.62	0.62	0	0	0.37
143500	0.37	0.62	0.62	0	0	0.37
143600	0.37	0.62	0.62	0	0	0.37
143700	0.37	0.62	0.62	0	0	0.37
143800	0.37	0.62	0.62	0	0	0.37
143900	0.37	0.62	0.62	0	0	0.37
144000	0.37	0.62	0.62	0	0	0.37
144100	0.37	0.62	0.62	0	0	0.37
144200	0.37	0.62	0.62	0	0	0.37
144300	0.37	0.62	0.62	0	0	0.37
144400	0.37	0.62	0.62	0	0	0.37
144500	0.37	0.62	0.62	0	0	0.37
144600	0.37	0.62	0.62	0	0	0.37
144700	0.37	0.62	0.62	0	0	0.37
144800	0.37	0.62	0.62	0	0	0.37
144900	0.37	0.62	0.62	0	0	0.37
145000	0.38	0.62	0.62	0	0	0.38
145100	0.38	0.62	0.62	0	0	0.38
145200	0.38	0.62	0.62	0	0	0.38
145300	0.38	0.62	0.62	0	0	0.38
145400	0.38	0.62	0.62	0	0	0.38
145500	0.38	0.62	0.62	0	0	0.38
145600	0.38	0.62	0.62	0	0	0.38
145700	0.38	0.62	0.62	0	0	0.38
145800	0.38	0.62	0.62	0	0	0.38
145900	0.38	0.62	0.62	0	0	0.38
146000	0.38	0.62	0.62	0	0	0.38
146100	0.38	0.62	0.62	0	0	0.38
146200	0.38	0.62	0.62	0	0	0.38
146300	0.38	0.62	0.62	0	0	0.38
146400	0.38	0.62	0.62	0	0	0.38
146500	0.38	0.62	0.62	0	0	0.38
146600	0.38	0.62	0.62	0	0	0.38
146700	0.38	0.62	0.62	0	0	0.38
146800	0.38	0.62	0.62	0	0	0.38
146900	0.38	0.62	0.62	0	0	0.38
147000	0.38	0.62	0.62	0	0	0.38
147100	0.38	0.62	0.62	0	0	0.38
147200	0.38	0.62	0.62	0	0	0.38
147300	0.38	0.62	0.62	0	0	0.38
147400	0.38	0.62	0.62	0	0	0.38
147500	0.38	0.62	0.62	0	0	0.38
147600	0.38	0.62	0.62	0	0	0.38
147700	0.38	0.62	0.62	0	0	0.38
147800	0.38	0.62	0.62	0	0	0.38
147900	0.38	0.62	0.62	0	0	0.38
148000	0.38	0.62	0.62	0	0	0.38
148100	0.38	0.62	0.62	0	0	0.38
148200	0.38	0.62	0.62	0	0	0.38
148300	0.38	0.62	0.62	0	0	0.38
148400	0.38	0.62	0.62	0	0	0.38
148500	0.38	0.62	0.62	0	0	0.38
148600	0.38	0.62	0.62	0	0	0.38
148700	0.38	0.62	0.62	0	0	0.38
148800	0.38	0.62	0.62	0	0	0.38
148900	0.38	0.62	0.62	0	0	0.38
149000	0.38	0.62	0.62	0	0	0.38
149100	0.38	0.62	0.62	0	0	0.38
149200	0.38	0.62	0.62	0	0	0.38
149300	0.38	0.62	0.62	0	0	0.38
149400	0.38	0.62	0.62	0	0	0.38
149500	0.38	0.62	0.62	0	0	0.38
149600	0.38	0.62	0.62	0	0	0.38
149700	0.38	0.62	0.62	0	0	0.38
149800	0.38	0.62	0.62	0	0	0.38
149900	0.38	0.62	0.62	0	0	0.38
150000	0.38	0.62	0.62	0	0	0.38
150100	0.38	0.62	0.62	0	0	0.38
150200	0.38	0.62	0.62	0	0	0.38
150300	0.38	0.62	0.62	0	0	0.38
150400	0.38	0.62	0.62	0	0	0.38
150500	0.38	0.62	0.62	0	0	0.38
150600	0.38	0.62	0.62	0	0	0.38
150700	0.38	0.62	0.62	0	0	0.38
150800	0.38	0.62	0.62	0	0	0.38
150900	0.38	0.62	0.62	0	0	0.38
151000	0.38	0.62	0.62	0	0	0.38
151100	0.38	0.62	0.62	0	0	0.38
151200	0.38	0.62	0.62	0	0	0.38
151300	0.38	0.62	0.62	0	0	0.38
151400	0.38	0.62	0.62	0	0	0.38
151500	0.38	0.62	0.62	0	0	0.38
151600	0.38	0.62	0.62	0	0	0.38
151700	0.38	0.62	0.62	0	0	0.38
151800	0.38	0.62	0.62	0	0	0.38
151900	0.38	0.62	0.62	0	0	0.38
152000	0.38	0.62	0.62	0	0	0.38
152100	0.38	0.62	0.62	0	0	0.38
152200	0.38	0.62	0.62	0	0	0.38
152300	0.38	0.62	0.62	0	0	0.38
152400	0.38	0.62	0.62	0	0	0.38
152500	0.38	0.62	0.62	0	0	0.38
152600	0.38	0.62	0.62	0	0	0.38
152700	0.38	0.62	0.62	0	0	0.38
152800	0.38	0.62	0.62	0	0	0.38
152900	0.38	0.62	0.62	0	0	0.38
153000	0.38	0.62	0.62	0	0	0.38
153100	0.38	0.62	0.62	0	0	0.38
153200	0.38	0.62	0.62	0	0	0.38
153300	0.38	0.62	0.62	0	0	0.38
153400	0.38	0.62	0.62	0	0	0.38
153500	0.38	0.62	0.62	0	0	0.38
153600	0.38	0.62	0.62	0	0	0.38
153700	0.38	0.61	0.61	0	0	0.38
153800	0.38	0.61	0.61	0	0	0.38
153900	0.38	0.61	0.61	0	0	0.38
154000	0.38	0.61	0.61	0	0	0.38
154100	0.38	0.61	0.61	0	0	0.38
154200	0.38	0.61	0.61	0	0	0.38
154300	0.38	0.61	0.61	0	0	0.38
154400	0.38	0.61	0.61	0	0	0.38
154500	0.38	0.61	0.61	0	0	0.38
154600	0.38	0.61	0.61	0	0	0.38
154700	0.38	0.61	0.61	0	0	0.38
154800	0.38	0.61	0.61	0	0	0.38
154900	0.38	0.61	0.61	0	0	0.38
155000	0.38	0.61	0.61	0	0	0.38
155100	0.38	0.61	0.61	0	0	0.38
155200	0.38	0.61	0.61	0	0	0.38
155300	0.38	0.61	0.61	0	0	0.38
155400	0.38	0.61	0.61	0	0	0.38
155500	0.38	0.61	0.61	0	0	0.38
155600	0.38	0.61	0.61	0	0	0.38
155700	0.38	0.61	0.61	0	0	0.38
155800	0.38	0.61	0.61	0	0	0.38
155900	0.38	0.61	0.61	0	0	0.38
156000	0.38	0.61	0.61	0	0	0.38
156100	0.38	0.61	0.61	0	0	0.38
156200	0.38	0.61	0.61	0	0	0.38
156300	0.38	0.61	0.61	0	0	0.38
156400	0.38	0.62	0.62	0	0	0.38
156500	0.38	0.62	0.62	0	0	0.38
156600	0.38	0.62	0.62	0	0	0.38
156700	0.38	0.62	0.62	0	0	0.38
156800	0.38	0.62	0.62	0	0	0.38
156900	0.38	0.62	0.62	0	0	0.38
157000	0.38	0.62	0.62	0	0	0.38
157100	0.38	0.62	0.62	0	0	0.38
157200	0.38	0.62	0.62	0	0	0.38
157300	0.38	0.62	0.62	0	0	0.38
157400	0.38	0.62	0.62	0	0	0.38
157500	0.38	0.62	0.62	0	0	0.38
157600	0.38	0.62	0.62	0	0	0.38
157700	0.38	0.62	0.62	0	0	0.38
157800	0.38	0.62	0.62	0	0	0.38
157900	0.38	0.62	0.62	0	0	0.38
158000	0.38	0.62	0.62	0	0	0.38
158100	0.38	0.62	0.62	0	0	0.38
158200	0.38	0.62	0.62	0	0	0.38
158300	0.38	0.62	0.62	0	0	0.38
158400	0.38	0.62	0.62	0	0	0.38
158500	0.38	0.62	0.62	0	0	0.38
158600	0.38	0.62	0.62	0	0	0.38
158700	0.38	0.62	0.62	0	0	0.38
158800	0.38	0.62	0.62	0	0	0.38
158900	0.38	0.62	0.62	0	0	0.38
159000	0.38	0.62	0.62	0	0	0.38
159100	0.38	0.62	0.62	0	0	0.38
159200	0.38	0.62	0.62	0	0	0.38
159300	0.38	0.62	0.62	0	0	0.38
159400	0.38	0.62	0.62	0	0	0.38
159500	0.38	0.62	0.62	0	0	0.38
159600	0.38	0.62	0.62	0	0	0.38
159700	0.38	0.62	0.62	0	0	0.38
159800	0.38	0.62	0.62	0	0	0.38
159900	0.38	0.62	0.62	0	0	0.38
160000	0.38	0.62	0.62	0	0	0.38
160100	0.38	0.62	0.62	0	0	0.38
160200	0.38	0.62	0.62	0	0	0.38
160300	0.38	0.62	0.62	0	0	0.38
160400	0.38	0.62	0.62	0	0	0.38
160500	0.38	0.62	0.62	0	0	0.38
160600	0.38	0.62	0.62	0	0	0.38
160700	0.38	0.62	0.62	0	0	0.38
160800	0.38	0.62	0.62	0	0	0.38
160900	0.38	0.62	0.62	0	0	0.38
161000	0.38	0.62	0.62	0	0	0.38
161100	0.38	0.62	0.62	0	0	0.38
161200	0.38	0.62	0.62	0	0	0.38
161300	0.38	0.62	0.62	0	0	0.38
161400	0.38	0.62	0.62	0	0	0.38
161500	0.38	0.62	0.62	0	0	0.38
161600	0.38	0.62	0.62	0	0	0.38
161700	0.38	0.62	0.62	0	0	0.38
161800	0.38	0.62	0.62	0	0	0.38
161900	0.38	0.62	0.62	0	0	0.38
162000	0.38	0.62	0.62	0	0	0.38
162100	0.38	0.62	0.62	0	0	0.38
162200	0.38	0.62	0.62	0	0	0.38
162300	0.38	0.62	0.62	0	0	0.38
162400	0.38	0.62	0.62	0	0	0.38
162500	0.38	0.62	0.62	0	0	0.38
162600	0.38	0.62	0.62	0	0	0.38
162700	0.38	0.62	0.62	0	0	0.38
162800	0.38	0.62	0.62	0	0	0.38
162900	0.38	0.62	0.62	0	0	0.38
163000	0.38	0.62	0.62	0	0	0.38
163100	0.38	0.62	0.62	0	0	0.38
163200	0.38	0.62	0.62	0	0	0.38
163300	0.38	0.62	0.62	0	0	0.38
163400	0.38	0.62	0.62	0	0	0.38
163500	0.38	0.62	0.62	0	0	0.38
163600	0.38	0.62	0.62	0	0	0.38
163700	0.38	0.62	0.62	0	0	0.38
163800	0.38	0.62	0.62	0	0	0.38
163900	0.38	0.62	0.62	0	0	0.38
164000	0.38	0.62	0.62	0	0	0.38
164100	0.38	0.62	0.62	0	0	0.38
164200	0.38	0.62	0.62	0	0	0.38
164300	0.38	0.62	0.62	0	0	0.38
164400	0.38	0.62	0.62	0	0	0.38
164500	0.38	0.62	0.62	0	0	0.38
164600	0.38	0.62	0.62	0	0	0.38
164700	0.38	0.62	0.62	0	0	0.38
164800	0.38	0.62	0.62	0	0	0.38
164900	0.38	0.62	0.62	0	0	0.38
165000	0.38	0.62	0.62	0	0	0.38
165100	0.38	0.62	0.62	0	0	0.38
165200	0.38	0.62	0.62	0	0	0.38
165300	0.38	0.62	0.62	0	0	0.38
165400	0.38	0.62	0.62	0	0	0.38
165500	0.38	0.62	0.62	0	0	0.38
165600	0.38	0.61	0.61	0	0	0.38
165700	0.38	0.61	0.61	0	0	0.38
165800	0.38	0.61	0.61	0	0	0.38
165900	0.38	0.61	0.61	0	0	0.38
166000	0.38	0.61	0.61	0	0	0.38
166100	0.38	0.61	0.61	0	0	0.38
166200	0.38	0.61	0.61	0	0	0.38
166300	0.38	0.61	0.61	0	0	0.38
166400	0.38	0.61	0.61	0	0	0.38
166500	0.38	0.61	0.61	0	0	0.38
166600	0.38	0.61	0.61	0	0	0.38
166700	0.38	0.61	0.61	0	0	0.38
166800	0.38	0.61	0.61	0	0	0.38
166900	0.38	0.61	0.61	0	0	0.38
167000	0.38	0.61	0.61	0	0	0.38
167100	0.38	0.61	0.61	0	0	0.38
167200	0.38	0.61	0.61	0	0	0.38
167300	0.38	0.61	0.61	0	0	0.38
167400	0.38	0.61	0.61	0	0	0.38
167500	0.38	0.61	0.61	0	0	0.38
167600	0.38	0.61	0.61	0	0	0.38
167700	0.38	0.61	0.61	0	0	0.38
167800	0.38	0.61	0.61	0	0	0.38
167900	0.38	0.61	0.61	0	0	0.38
168000	0.38	0.6	0.6	0	0	0.38
168100	0.38	0.6	0.6	0	0	0.38
168200	0.38	0.6	0.6	0	0	0.38
168300	0.38	0.6	0.6	0	0	0.38
168400	0.38	0.6	0.6	0	0	0.38
168500	0.38	0.6	0.6	0	0	0.38
168600	0.38	0.6	0.6	0	0	0.38
168700	0.38	0.6	0.6	0	0	0.38
168800	0.38	0.6	0.6	0	0	0.38
168900	0.38	0.6	0.6	0	0	0.38
169000	0.38	0.6	0.6	0	0	0.38
169100	0.38	0.6	0.6	0	0	0.38
169200	0.38	0.6	0.6	0	0	0.38
169300	0.38	0.6	0.6	0	0	0.38
169400	0.38	0.6	0.6	0	0	0.38
169500	0.38	0.6	0.6	0	0	0.38
169600	0.38	0.6	0.6	0	0	0.38
169700	0.38	0.6	0.6	0	0	0.38
169800	0.38	0.6	0.6	0	0	0.38
169900	0.38	0.6	0.6	0	0	0.38
170000	0.38	0.6	0.6	0	0	0.38
170100	0.38	0.6	0.6	0	0	0.38
170200	0.39	0.61	0.61	0	0	0.39
170300	0.39	0.61	0.61	0	0	0.39
170400	0.39	0.61	0.61	0	0	0.39
170500	0.39	0.61	0.61	0	0	0.39
170600	0.39	0.61	0.61	0	0	0.39
170700	0.39	0.61	0.61	0	0	0.39
170800	0.39	0.61	0.61	0	0	0.39
170900	0.39	0.61	0.61	0	0	0.39
171000	0.39	0.61	0.61	0	0	0.39
171100	0.39	0.61	0.61	0	0	0.39
171200	0.39	0.61	0.61	0	0	0.39
171300	0.39	0.61	0.61	0	0	0.39
171400	0.39	0.61	0.61	0	0	0.39
171500	0.39	0.61	0.61	0	0	0.39
171600	0.39	0.61	0.61	0	0	0.39
171700	0.39	0.61	0.61	0	0	0.39
171800	0.39	0.61	0.61	0	0	0.39
171900	0.39	0.61	0.61	0	0	0.39
172000	0.39	0.61	0.61	0	0	0.39
172100	0.39	0.61	0.61	0	0	0.39
172200	0.39	0.61	0.61	0	0	0.39
172300	0.39	0.61	0.61	0	0	0.39
172400	0.39	0.61	0.61	0	0	0.39
172500	0.39	0.61	0.61	0	0	0.39
172600	0.39	0.61	0.61	0	0	0.39
172700	0.39	0.61	0.61	0	0	0.39
172800	0.39	0.61	0.61	0	0	0.39
172900	0.39	0.61	0.61	0	0	0.39
173000	0.39	0.61	0.61	0	0	0.39
173100	0.39	0.61	0.61	0	0	0.39
173200	0.39	0.61	0.61	0	0	0.39
173300	0.39	0.61	0.61	0	0	0.39
173400	0.39	0.61	0.61	0	0	0.39
173500	0.39	0.61	0.61	0	0	0.39
173600	0.39	0.61	0.61	0	0	0.39
173700	0.39	0.61	0.61	0	0	0.39
173800	0.39	0.61	0.61	0	0	0.39
173900	0.39	0.61	0.61	0	0	0.39
174000	0.39	0.61	0.61	0	0	0.39
174100	0.39	0.61	0.61	0	0	0.39
174200	0.39	0.61	0.61	0	0	0.39
174300	0.39	0.61	0.61	0	0	0.39
174400	0.39	0.61	0.61	0	0	0.39
174500	0.39	0.61	0.61	0	0	0.39
174600	0.39	0.61	0.61	0	0	0.39
174700	0.39	0.61	0.61	0	0	0.39
174800	0.39	0.61	0.61	0	0	0.39
174900	0.39	0.61	0.61	0	0	0.39
175000	0.39	0.61	0.61	0	0	0.39
175100	0.39	0.61	0.61	0	0	0.39
175200	0.39	0.61	0.61	0	0	0.39
175300	0.39	0.61	0.61	0	0	0.39
175400	0.39	0.61	0.61	0	0	0.39
175500	0.39	0.61	0.61	0	0	0.39
175600	0.39	0.61	0.61	0	0	0.39
175700	0.39	0.61	0.61	0	0	0.39
175800	0.39	0.61	0.61	0	0	0.39
175900	0.39	0.61	0.61	0	0	0.39
176000	0.39	0.61	0.61	0	0	0.39
176100	0.39	0.61	0.61	0	0	0.39
176200	0.39	0.61	0.61	0	0	0.39
176300	0.39	0.61	0.61	0	0	0.39
176400	0.39	0.61	0.61	0	0	0.39
176500	0.39	0.61	0.61	0	0	0.39
176600	0.39	0.61	0.61	0	0	0.39
176700	0.39	0.61	0.61	0	0	0.39
176800	0.39	0.61	0.61	0	0	0.39
176900	0.39	0.61	0.61	0	0	0.39
177000	0.39	0.61	0.61	0	0	0.39
177100	0.39	0.61	0.61	0	0	0.39
177200	0.39	0.61	0.61	0	0	0.39
177300	0.39	0.61	0.61	0	0	0.39
177400	0.39	0.61	0.61	0	0	0.39
177500	0.39	0.61	0.61	0	0	0.39
177600	0.39	0.61	0.61	0	0	0.39
177700	0.39	0.61	0.61	0	0	0.39
177800	0.39	0.61	0.61	0	0	0.39
177900	0.39	0.61	0.61	0	0	0.39
178000	0.39	0.61	0.61	0	0	0.39
178100	0.39	0.61	0.61	0	0	0.39
178200	0.39	0.61	0.61	0	0	0.39
178300	0.39	0.61	0.61	0	0	0.39
178400	0.39	0.61	0.61	0	0	0.39
178500	0.39	0.61	0.61	0	0	0.39
178600	0.39	0.61	0.61	0	0	0.39
178700	0.39	0.61	0.61	0	0	0.39
178800	0.39	0.61	0.61	0	0	0.39
178900	0.39	0.61	0.61	0	0	0.39
179000	0.39	0.61	0.61	0	0	0.39
179100	0.39	0.61	0.61	0	0	0.39
179200	0.39	0.61	0.61	0	0	0.39
179300	0.39	0.61	0.61	0	0	0.39
179400	0.39	0.61	0.61	0	0	0.39
179500	0.39	0.61	0.61	0	0	0.39
179600	0.39	0.61	0.61	0	0	0.39
179700	0.39	0.61	0.61	0	0	0.39
179800	0.39	0.61	0.61	0	0	0.39
179900	0.39	0.61	0.61	0	0	0.39
180000	0.39	0.61	0.61	0	0	0.39
180100	0.39	0.61	0.61	0	0	0.39
180200	0.39	0.61	0.61	0	0	0.39
180300	0.39	0.61	0.61	0	0	0.39
180400	0.39	0.61	0.61	0	0	0.39
180500	0.39	0.61	0.61	0	0	0.39
180600	0.39	0.61	0.61	0	0	0.39
180700	0.39	0.61	0.61	0	0	0.39
180800	0.39	0.61	0.61	0	0	0.39
180900	0.39	0.61	0.61	0	0	0.39
181000	0.39	0.61	0.61	0	0	0.39
181100	0.39	0.61	0.61	0	0	0.39
181200	0.39	0.61	0.61	0	0	0.39
181300	0.39	0.61	0.61	0	0	0.39
181400	0.39	0.61	0.61	0	0	0.39
181500	0.39	0.61	0.61	0	0	0.39
181600	0.39	0.61	0.61	0	0	0.39
181700	0.39	0.61	0.61	0	0	0.39
181800	0.39	0.61	0.61	0	0	0.39
181900	0.39	0.61	0.61	0	0	0.39
182000	0.39	0.61	0.61	0	0	0.39
182100	0.39	0.61	0.61	0	0	0.39
182200	0.39	0.61	0.61	0	0	0.39
182300	0.39	0.61	0.61	0	0	0.39
182400	0.39	0.61	0.61	0	0	0.39
182500	0.39	0.61	0.61	0	0	0.39
182600	0.39	0.61	0.61	0	0	0.39
182700	0.39	0.61	0.61	0	0	0.39
182800	0.39	0.61	0.61	0	0	0.39
182900	0.39	0.61	0.61	0	0	0.39
183000	0.39	0.61	0.61	0	0	0.39
183100	0.39	0.61	0.61	0	0	0.39
183200	0.39	0.61	0.61	0	0	0.39
183300	0.39	0.61	0.61	0	0	0.39
183400	0.39	0.61	0.61	0	0	0.39
183500	0.39	0.61	0.61	0	0	0.39
183600	0.39	0.61	0.61	0	0	0.39
183700	0.39	0.6	0.6	0	0	0.39
183800	0.39	0.6	0.6	0	0	0.39
183900	0.39	0.6	0.6	0	0	0.39
184000	0.39	0.6	0.6	0	0	0.39
184100	0.39	0.6	0.6	0	0	0.39
184200	0.39	0.6	0.6	0	0	0.39
184300	0.39	0.6	0.6	0	0	0.39
184400	0.39	0.6	0.6	0	0	0.39
184500	0.39	0.6	0.6	0	0	0.39
184600	0.39	0.6	0.6	0	0	0.39
184700	0.39	0.6	0.6	0	0	0.39
184800	0.39	0.6	0.6	0	0	0.39
184900	0.39	0.6	0.6	0	0	0.39
185000	0.39	0.6	0.6	0	0	0.39
185100	0.39	0.6	0.6	0	0	0.39
185200	0.39	0.6	0.6	0	0	0.39
185300	0.39	0.6	0.6	0	0	0.39
185400	0.39	0.6	0.6	0	0	0.39
185500	0.39	0.6	0.6	0	0	0.39
185600	0.39	0.6	0.6	0	0	0.39
185700	0.39	0.6	0.6	0	0	0.39
185800	0.39	0.6	0.6	0	0	0.39
185900	0.39	0.6	0.6	0	0	0.39
186000	0.39	0.6	0.6	0	0	0.39
186100	0.39	0.6	0.6	0	0	0.39
186200	0.39	0.6	0.6	0	0	0.39
186300	0.39	0.6	0.6	0	0	0.39
186400	0.39	0.61	0.61	0	0	0.39
186500	0.39	0.61	0.61	0	0	0.39
186600	0.39	0.61	0.61	0	0	0.39
186700	0.39	0.61	0.61	0	0	0.39
186800	0.39	0.61	0.61	0	0	0.39
186900	0.39	0.6	0.6	0	0	0.39
187000	0.39	0.6	0.6	0	0	0.39
187100	0.39	0.6	0.6	0	0	0.39
187200	0.39	0.6	0.6	0	0	0.39
187300	0.39	0.6	0.6	0	0	0.39
187400	0.39	0.6	0.6	0	0	0.39
187500	0.39	0.6	0.6	0	0	0.39
187600	0.39	0.6	0.6	0	0	0.39
187700	0.39	0.6	0.6	0	0	0.39
187800	0.39	0.6	0.6	0	0	0.39
187900	0.39	0.6	0.6	0	0	0.39
188000	0.39	0.6	0.6	0	0	0.39
188100	0.39	0.6	0.6	0	0	0.39
188200	0.39	0.6	0.6	0	0	0.39
188300	0.39	0.6	0.6	0	0	0.39
188400	0.39	0.6	0.6	0	0	0.39
188500	0.39	0.6	0.6	0	0	0.39
188600	0.39	0.6	0.6	0	0	0.39
188700	0.39	0.6	0.6	0	0	0.39
188800	0.39	0.6	0.6	0	0	0.39
188900	0.39	0.6	0.6	0	0	0.39
189000	0.39	0.6	0.6	0	0	0.39
189100	0.39	0.6	0.6	0	0	0.39
189200	0.39	0.6	0.6	0	0	0.39
189300	0.39	0.6	0.6	0	0	0.39
189400	0.39	0.6	0.6	0	0	0.39
189500	0.39	0.6	0.6	0	0	0.39
189600	0.39	0.6	0.6	0	0	0.39
189700	0.39	0.6	0.6	0	0	0.39
189800	0.39	0.6	0.6	0	0	0.39
189900	0.39	0.6	0.6	0	0	0.39
190000	0.39	0.6	0.6	0	0	0.39
190100	0.39	0.6	0.6	0	0	0.39
190200	0.39	0.6	0.6	0	0	0.39
190300	0.39	0.6	0.6	0	0	0.39
190400	0.39	0.6	0.6	0	0	0.39
190500	0.39	0.6	0.6	0	0	0.39
190600	0.39	0.6	0.6	0	0	0.39
190700	0.39	0.6	0.6	0	0	0.39
190800	0.39	0.6	0.6	0	0	0.39
190900	0.39	0.6	0.6	0	0	0.39
191000	0.39	0.6	0.6	0	0	0.39
191100	0.39	0.6	0.6	0	0	0.39
191200	0.39	0.6	0.6	0	0	0.39
191300	0.39	0.6	0.6	0	0	0.39
191400	0.39	0.6	0.6	0	0	0.39
191500	0.39	0.6	0.6	0	0	0.39
191600	0.39	0.6	0.6	0	0	0.39
191700	0.39	0.6	0.6	0	0	0.39
191800	0.39	0.61	0.61	0	0	0.39
191900	0.39	0.61	0.61	0	0	0.39
192000	0.39	0.61	0.61	0	0	0.39
192100	0.39	0.61	0.61	0	0	0.39
192200	0.39	0.61	0.61	0	0	0.39
192300	0.39	0.61	0.61	0	0	0.39
192400	0.39	0.61	0.61	0	0	0.39
192500	0.39	0.61	0.61	0	0	0.39
192600	0.39	0.61	0.61	0	0	0.39
192700	0.39	0.61	0.61	0	0	0.39
192800	0.39	0.61	0.61	0	0	0.39
192900	0.39	0.61	0.61	0	0	0.39
193000	0.39	0.61	0.61	0	0	0.39
193100	0.39	0.61	0.61	0	0	0.39
193200	0.39	0.61	0.61	0	0	0.39
193300	0.39	0.61	0.61	0	0	0.39
193400	0.39	0.61	0.61	0	0	0.39
193500	0.39	0.61	0.61	0	0	0.39
193600	0.39	0.61	0.61	0	0	0.39
193700	0.39	0.61	0.61	0	0	0.39
193800	0.39	0.61	0.61	0	0	0.39
193900	0.39	0.61	0.61	0	0	0.39
194000	0.39	0.61	0.61	0	0	0.39
194100	0.39	0.61	0.61	0	0	0.39
194200	0.39	0.61	0.61	0	0	0.39
194300	0.39	0.61	0.61	0	0	0.39
194400	0.39	0.61	0.61	0	0	0.39
194500	0.39	0.61	0.61	0	0	0.39
194600	0.39	0.61	0.61	0	0	0.39
194700	0.39	0.61	0.61	0	0	0.39
194800	0.39	0.61	0.61	0	0	0.39
194900	0.39	0.61	0.61	0	0	0.39
195000	0.39	0.61	0.61	0	0	0.39
195100	0.39	0.61	0.61	0	0	0.39
195200	0.39	0.61	0.61	0	0	0.39
195300	0.39	0.61	0.61	0	0	0.39
195400	0.39	0.61	0.61	0	0	0.39
195500	0.39	0.61	0.61	0	0	0.39
195600	0.39	0.61	0.61	0	0	0.39
195700	0.39	0.61	0.61	0	0	0.39
195800	0.39	0.61	0.61	0	0	0.39
195900	0.39	0.61	0.61	0	0	0.39
196000	0.39	0.61	0.61	0	0	0.39
196100	0.39	0.61	0.61	0	0	0.39
196200	0.39	0.61	0.61	0	0	0.39
196300	0.39	0.61	0.61	0	0	0.39
196400	0.39	0.61	0.61	0	0	0.39
196500	0.39	0.61	0.61	0	0	0.39
196600	0.39	0.61	0.61	0	0	0.39
196700	0.39	0.61	0.61	0	0	0.39
196800	0.39	0.61	0.61	0	0	0.39
196900	0.39	0.61	0.61	0	0	0.39
197000	0.39	0.61	0.61	0	0	0.39
197100	0.39	0.61	0.61	0	0	0.39
197200	0.39	0.61	0.61	0	0	0.39
197300	0.39	0.61	0.61	0	0	0.39
197400	0.39	0.61	0.61	0	0	0.39
197500	0.39	0.61	0.61	0	0	0.39
197600	0.39	0.61	0.61	0	0	0.39
197700	0.39	0.61	0.61	0	0	0.39
197800	0.39	0.61	0.61	0	0	0.39
197900	0.39	0.61	0.61	0	0	0.39
198000	0.39	0.61	0.61	0	0	0.39
198100	0.39	0.61	0.61	0	0	0.39
198200	0.39	0.61	0.61	0	0	0.39
198300	0.39	0.61	0.61	0	0	0.39
198400	0.39	0.61	0.61	0	0	0.39
198500	0.39	0.61	0.61	0	0	0.39
198600	0.39	0.61	0.61	0	0	0.39
198700	0.39	0.61	0.61	0	0	0.39
198800	0.39	0.61	0.61	0	0	0.39
198900	0.39	0.61	0.61	0	0	0.39
199000	0.39	0.61	0.61	0	0	0.39
199100	0.39	0.61	0.61	0	0	0.39
199200	0.39	0.61	0.61	0	0	0.39
199300	0.39	0.61	0.61	0	0	0.39
199400	0.39	0.61	0.61	0	0	0.39
199500	0.39	0.61	0.61	0	0	0.39
199600	0.39	0.61	0.61	0	0	0.39
199700	0.39	0.61	0.61	0	0	0.39
199800	0.39	0.61	0.61	0	0	0.39
199900	0.39	0.61	0.61	0	0	0.39
200000	0.39	0.61	0.61	0	0	0.39
200100	0.39	0.61	0.61	0	0	0.39
200200	0.39	0.61	0.61	0	0	0.39
200300	0.39	0.61	0.61	0	0	0.39
200400	0.39	0.61	0.61	0	0	0.39
200500	0.39	0.61	0.61	0	0	0.39
200600	0.39	0.61	0.61	0	0	0.39
200700	0.39	0.61	0.61	0	0	0.39
200800	0.39	0.61	0.61	0	0	0.39
200900	0.39	0.61	0.61	0	0	0.39
201000	0.39	0.61	0.61	0	0	0.39
201100	0.39	0.61	0.61	0	0	0.39
201200	0.39	0.61	0.61	0	0	0.39
201300	0.39	0.61	0.61	0	0	0.39
201400	0.39	0.61	0.61	0	0	0.39
201500	0.39	0.61	0.61	0	0	0.39
201600	0.39	0.61	0.61	0	0	0.39
201700	0.39	0.61	0.61	0	0	0.39
201800	0.39	0.61	0.61	0	0	0.39
201900	0.39	0.61	0.61	0	0	0.39
202000	0.39	0.61	0.61	0	0	0.39
202100	0.39	0.61	0.61	0	0	0.39
202200	0.39	0.61	0.61	0	0	0.39
202300	0.39	0.61	0.61	0	0	0.39
202400	0.39	0.61	0.61	0	0	0.39
202500	0.39	0.61	0.61	0	0	0.39
202600	0.39	0.61	0.61	0	0	0.39
202700	0.39	0.61	0.61	0	0	0.39
202800	0.39	0.61	0.61	0	0	0.39
202900	0.39	0.61	0.61	0	0	0.39
203000	0.39	0.61	0.61	0	0	0.39
203100	0.39	0.61	0.61	0	0	0.39
203200	0.39	0.61	0.61	0	0	0.39
203300	0.39	0.61	0.61	0	0	0.39
203400	0.39	0.61	0.61	0	0	0.39
203500	0.39	0.61	0.61	0	0	0.39
203600	0.39	0.61	0.61	0	0	0.39
203700	0.39	0.61	0.61	0	0	0.39
203800	0.39	0.61	0.61	0	0	0.39
203900	0.39	0.61	0.61	0	0	0.39
204000	0.39	0.61	0.61	0	0	0.39
204100	0.39	0.61	0.61	0	0	0.39
204200	0.39	0.61	0.61	0	0	0.39
204300	0.39	0.61	0.61	0	0	0.39
204400	0.39	0.61	0.61	0	0	0.39
204500	0.39	0.61	0.61	0	0	0.39
204600	0.39	0.61	0.61	0	0	0.39
204700	0.39	0.61	0.61	0	0	0.39
204800	0.39	0.61	0.61	0	0	0.39
204900	0.39	0.61	0.61	0	0	0.39
205000	0.39	0.61	0.61	0	0	0.39
205100	0.39	0.61	0.61	0	0	0.39
205200	0.39	0.61	0.61	0	0	0.39
205300	0.39	0.61	0.61	0	0	0.39
205400	0.39	0.61	0.61	0	0	0.39
205500	0.39	0.61	0.61	0	0	0.39
205600	0.39	0.61	0.61	0	0	0.39
205700	0.39	0.61	0.61	0	0	0.39
205800	0.39	0.61	0.61	0	0	0.39
205900	0.39	0.61	0.61	0	0	0.39
206000	0.39	0.61	0.61	0	0	0.39
206100	0.39	0.61	0.61	0	0	0.39
206200	0.39	0.61	0.61	0	0	0.39
206300	0.39	0.61	0.61	0	0	0.39
206400	0.39	0.61	0.61	0	0	0.39
206500	0.39	0.61	0.61	0	0	0.39
206600	0.39	0.61	0.61	0	0	0.39
206700	0.39	0.61	0.61	0	0	0.39
206800	0.39	0.61	0.61	0	0	0.39
206900	0.39	0.61	0.61	0	0	0.39
207000	0.39	0.61	0.61	0	0	0.39
207100	0.39	0.61	0.61	0	0	0.39
207200	0.39	0.61	0.61	0	0	0.39
207300	0.39	0.61	0.61	0	0	0.39
207400	0.39	0.61	0.61	0	0	0.39
207500	0.39	0.61	0.61	0	0	0.39
207600	0.39	0.61	0.61	0	0	0.39
207700	0.39	0.61	0.61	0	0	0.39
207800	0.39	0.61	0.61	0	0	0.39
207900	0.39	0.61	0.61	0	0	0.39
208000	0.39	0.61	0.61	0	0	0.39
208100	0.39	0.61	0.61	0	0	0.39
208200	0.39	0.61	0.61	0	0	0.39
208300	0.39	0.61	0.61	0	0	0.39
208400	0.39	0.61	0.61	0	0	0.39
208500	0.39	0.61	0.61	0	0	0.39
208600	0.39	0.61	0.61	0	0	0.39
208700	0.39	0.61	0.61	0	0	0.39
208800	0.39	0.61	0.61	0	0	0.39
208900	0.39	0.61	0.61	0	0	0.39
209000	0.39	0.61	0.61	0	0	0.39
209100	0.39	0.61	0.61	0	0	0.39
209200	0.39	0.61	0.61	0	0	0.39
209300	0.39	0.61	0.61	0	0	0.39
209400	0.39	0.61	0.61	0	0	0.39
209500	0.39	0.61	0.61	0	0	0.39
209600	0.39	0.61	0.61	0	0	0.39
209700	0.39	0.61	0.61	0	0	0.39
209800	0.39	0.61	0.61	0	0	0.39
209900	0.39	0.61	0.61	0	0	0.39
210000	0.39	0.61	0.61	0	0	0.39
210100	0.39	0.61	0.61	0	0	0.39
210200	0.39	0.61	0.61	0	0	0.39
210300	0.39	0.61	0.61	0	0	0.39
210400	0.39	0.61	0.61	0	0	0.39
210500	0.39	0.61	0.61	0	0	0.39
210600	0.39	0.61	0.61	0	0	0.39
210700	0.39	0.61	0.61	0	0	0.39
210800	0.39	0.61	0.61	0	0	0.39
210900	0.39	0.61	0.61	0	0	0.39
211000	0.39	0.61	0.61	0	0	0.39
211100	0.39	0.61	0.61	0	0	0.39
211200	0.39	0.61	0.61	0	0	0.39
211300	0.39	0.61	0.61	0	0	0.39
211400	0.39	0.61	0.61	0	0	0.39
211500	0.39	0.61	0.61	0	0	0.39
211600	0.39	0.61	0.61	0	0	0.39
211700	0.39	0.61	0.61	0	0	0.39
211800	0.39	0.61	0.61	0	0	0.39
211900	0.39	0.61	0.61	0	0	0.39
212000	0.39	0.61	0.61	0	0	0.39
212100	0.39	0.61	0.61	0	0	0.39
212200	0.39	0.61	0.61	0	0	0.39
212300	0.39	0.61	0.61	0	0	0.39
212400	0.39	0.61	0.61	0	0	0.39
212500	0.39	0.61	0.61	0	0	0.39
212600	0.39	0.61	0.61	0	0	0.39
212700	0.39	0.61	0.61	0	0	0.39
212800	0.39	0.61	0.61	0	0	0.39
212900	0.39	0.61	0.61	0	0	0.39
213000	0.39	0.61	0.61	0	0	0.39
213100	0.39	0.61	0.61	0	0	0.39
213200	0.39	0.61	0.61	0	0	0.39
213300	0.39	0.61	0.61	0	0	0.39
213400	0.39	0.61	0.61	0	0	0.39
213500	0.39	0.61	0.61	0	0	0.39
213600	0.39	0.61	0.61	0	0	0.39
213700	0.39	0.61	0.61	0	0	0.39
213800	0.39	0.61	0.61	0	0	0.39
213900	0.39	0.61	0.61	0	0	0.39
214000	0.39	0.61	0.61	0	0	0.39
214100	0.39	0.61	0.61	0	0	0.39
214200	0.39	0.61	0.61	0	0	0.39
214300	0.39	0.61	0.61	0	0	0.39
214400	0.39	0.61	0.61	0	0	0.39
214500	0.39	0.61	0.61	0	0	0.39
214600	0.39	0.61	0.61	0	0	0.39
214700	0.39	0.61	0.61	0	0	0.39
214800	0.39	0.61	0.61	0	0	0.39
214900	0.39	0.61	0.61	0	0	0.39
215000	0.39	0.61	0.61	0	0	0.39
215100	0.39	0.61	0.61	0	0	0.39
215200	0.39	0.61	0.61	0	0	0.39
215300	0.39	0.61	0.61	0	0	0.39
215400	0.39	0.61	0.61	0	0	0.39
215500	0.39	0.61	0.61	0	0	0.39
215600	0.39	0.61	0.61	0	0	0.39
215700	0.39	0.61	0.61	0	0	0.39
215800	0.39	0.61	0.61	0	0	0.39
215900	0.39	0.61	0.61	0	0	0.39
216000	0.39	0.61	0.61	0	0	0.39
216100	0.39	0.61	0.61	0	0	0.39
216200	0.39	0.61	0.61	0	0	0.39
216300	0.39	0.61	0.61	0	0	0.39
216400	0.39	0.61	0.61	0	0	0.39
216500	0.39	0.61	0.61	0	0	0.39
216600	0.39	0.61	0.61	0	0	0.39
216700	0.39	0.61	0.61	0	0	0.39
216800	0.39	0.61	0.61	0	0	0.39
216900	0.39	0.61	0.61	0	0	0.39
217000	0.39	0.61	0.61	0	0	0.39
217100	0.39	0.61	0.61	0	0	0.39
217200	0.39	0.61	0.61	0	0	0.39
217300	0.39	0.61	0.61	0	0	0.39
217400	0.39	0.61	0.61	0	0	0.39
217500	0.39	0.61	0.61	0	0	0.39
217600	0.39	0.61	0.61	0	0	0.39
217700	0.39	0.61	0.61	0	0	0.39
217800	0.39	0.61	0.61	0	0	0.39
217900	0.39	0.61	0.61	0	0	0.39
218000	0.39	0.61	0.61	0	0	0.39
218100	0.39	0.61	0.61	0	0	0.39
218200	0.39	0.61	0.61	0	0	0.39
218300	0.39	0.61	0.61	0	0	0.39
218400	0.39	0.61	0.61	0	0	0.39
218500	0.39	0.61	0.61	0	0	0.39
218600	0.39	0.61	0.61	0	0	0.39
218700	0.39	0.61	0.61	0	0	0.39
218800	0.39	0.61	0.61	0	0	0.39
218900	0.39	0.61	0.61	0	0	0.39
219000	0.39	0.61	0.61	0	0	0.39
219100	0.39	0.61	0.61	0	0	0.39
219200	0.39	0.61	0.61	0	0	0.39
219300	0.39	0.61	0.61	0	0	0.39
219400	0.39	0.61	0.61	0	0	0.39
219500	0.39	0.6	0.6	0	0	0.39
219600	0.39	0.6	0.6	0	0	0.39
219700	0.39	0.6	0.6	0	0	0.39
219800	0.39	0.6	0.6	0	0	0.39
219900	0.39	0.6	0.6	0	0	0.39
220000	0.39	0.6	0.6	0	0	0.39
220100	0.39	0.6	0.6	0	0	0.39
220200	0.39	0.6	0.6	0	0	0.39
220300	0.39	0.6	0.6	0	0	0.39
220400	0.39	0.6	0.6	0	0	0.39
220500	0.39	0.6	0.6	0	0	0.39
220600	0.39	0.6	0.6	0	0	0.39
220700	0.39	0.6	0.6	0	0	0.39
220800	0.39	0.6	0.6	0	0	0.39
220900	0.39	0.6	0.6	0	0	0.39
221000	0.39	0.6	0.6	0	0	0.39
221100	0.39	0.6	0.6	0	0	0.39
221200	0.39	0.6	0.6	0	0	0.39
221300	0.39	0.6	0.6	0	0	0.39
221400	0.38	0.6	0.6	0	0	0.38
221500	0.38	0.6	0.6	0	0	0.38
221600	0.38	0.6	0.6	0	0	0.38
221700	0.38	0.6	0.6	0	0	0.38
221800	0.38	0.6	0.6	0	0	0.38
221900	0.38	0.6	0.6	0	0	0.38
222000	0.38	0.6	0.6	0	0	0.38
222100	0.38	0.6	0.6	0	0	0.38
222200	0.38	0.6	0.6	0	0	0.38
222300	0.38	0.6	0.6	0	0	0.38
222400	0.38	0.6	0.6	0	0	0.38
222500	0.38	0.6	0.6	0	0	0.38
222600	0.38	0.6	0.6	0	0	0.38
222700	0.39	0.6	0.6	0	0	0.39
222800	0.39	0.6	0.6	0	0	0.39
222900	0.39	0.6	0.6	0	0	0.39
223000	0.39	0.6	0.6	0	0	0.39
223100	0.39	0.61	0.61	0	0	0.39
223200	0.39	0.61	0.61	0	0	0.39
223300	0.39	0.61	0.61	0	0	0.39
223400	0.39	0.61	0.61	0	0	0.39
223500	0.39	0.61	0.61	0	0	0.39
223600	0.39	0.61	0.61	0	0	0.39
223700	0.39	0.61	0.61	0	0	0.39
223800	0.39	0.61	0.61	0	0	0.39
223900	0.39	0.61	0.61	0	0	0.39
224000	0.39	0.61	0.61	0	0	0.39
224100	0.39	0.61	0.61	0	0	0.39
224200	0.39	0.61	0.61	0	0	0.39
224300	0.39	0.61	0.61	0	0	0.39
224400	0.39	0.61	0.61	0	0	0.39
224500	0.39	0.61	0.61	0	0	0.39
224600	0.39	0.61	0.61	0	0	0.39
224700	0.39	0.61	0.61	0	0	0.39
224800	0.39	0.61	0.61	0	0	0.39
224900	0.39	0.61	0.61	0	0	0.39
225000	0.39	0.61	0.61	0	0	0.39
225100	0.39	0.61	0.61	0	0	0.39
225200	0.39	0.61	0.61	0	0	0.39
225300	0.39	0.61	0.61	0	0	0.39
225400	0.39	0.61	0.61	0	0	0.39
225500	0.39	0.61	0.61	0	0	0.39
225600	0.39	0.61	0.61	0	0	0.39
225700	0.39	0.61	0.61	0	0	0.39
225800	0.39	0.61	0.61	0	0	0.39
225900	0.39	0.61	0.61	0	0	0.39
226000	0.39	0.61	0.61	0	0	0.39
226100	0.39	0.61	0.61	0	0	0.39
226200	0.39	0.61	0.61	0	0	0.39
226300	0.39	0.61	0.61	0	0	0.39
226400	0.39	0.61	0.61	0	0	0.39
226500	0.39	0.61	0.61	0	0	0.39
226600	0.39	0.61	0.61	0	0	0.39
226700	0.39	0.61	0.61	0	0	0.39
226800	0.39	0.61	0.61	0	0	0.39
226900	0.39	0.61	0.61	0	0	0.39
227000	0.39	0.61	0.61	0	0	0.39
227100	0.38	0.61	0.61	0	0	0.38
227200	0.38	0.61	0.61	0	0	0.38
227300	0.38	0.61	0.61	0	0	0.38
227400	0.38	0.61	0.61	0	0	0.38
227500	0.38	0.61	0.61	0	0	0.38
227600	0.38	0.61	0.61	0	0	0.38
227700	0.38	0.61	0.61	0	0	0.38
227800	0.38	0.61	0.61	0	0	0.38
227900	0.38	0.61	0.61	0	0	0.38
228000	0.38	0.61	0.61	0	0	0.38
228100	0.38	0.61	0.61	0	0	0.38
228200	0.38	0.61	0.61	0	0	0.38
228300	0.38	0.61	0.61	0	0	0.38
228400	0.38	0.61	0.61	0	0	0.38
228500	0.38	0.61	0.61	0	0	0.38
228600	0.38	0.61	0.61	0	0	0.38
228700	0.38	0.61	0.61	0	0	0.38
228800	0.38	0.61	0.61	0	0	0.38
228900	0.38	0.61	0.61	0	0	0.38
229000	0.38	0.61	0.61	0	0	0.38
229100	0.38	0.61	0.61	0	0	0.38
229200	0.38	0.61	0.61	0	0	0.38
229300	0.38	0.61	0.61	0	0	0.38
229400	0.38	0.61	0.61	0	0	0.38
229500	0.38	0.61	0.61	0	0	0.38
229600	0.38	0.61	0.61	0	0	0.38
229700	0.38	0.61	0.61	0	0	0.38
229800	0.38	0.61	0.61	0	0	0.38
229900	0.38	0.61	0.61	0	0	0.38
230000	0.38	0.61	0.61	0	0	0.38
230100	0.38	0.61	0.61	0	0	0.38
230200	0.38	0.61	0.61	0	0	0.38
230300	0.38	0.61	0.61	0	0	0.38
230400	0.38	0.61	0.61	0	0	0.38
230500	0.38	0.61	0.61	0	0	0.38
230600	0.38	0.61	0.61	0	0	0.38
230700	0.38	0.61	0.61	0	0	0.38
230800	0.38	0.61	0.61	0	0	0.38
230900	0.38	0.61	0.61	0	0	0.38
231000	0.38	0.61	0.61	0	0	0.38
231100	0.38	0.61	0.61	0	0	0.38
231200	0.38	0.61	0.61	0	0	0.38
231300	0.38	0.61	0.61	0	0	0.38
231400	0.38	0.61	0.61	0	0	0.38
231500	0.38	0.61	0.61	0	0	0.38
231600	0.38	0.61	0.61	0	0	0.38
231700	0.38	0.61	0.61	0	0	0.38
231800	0.38	0.61	0.61	0	0	0.38
231900	0.38	0.61	0.61	0	0	0.38
232000	0.38	0.61	0.61	0	0	0.38
232100	0.38	0.61	0.61	0	0	0.38
232200	0.38	0.61	0.61	0	0	0.38
232300	0.38	0.61	0.61	0	0	0.38
232400	0.38	0.61	0.61	0	0	0.38
232500	0.38	0.61	0.61	0	0	0.38
232600	0.39	0.61	0.61	0	0	0.39
232700	0.38	0.61	0.61	0	0	0.38
232800	0.38	0.61	0.61	0	0	0.38
232900	0.38	0.61	0.61	0	0	0.38
233000	0.38	0.61	0.61	0	0	0.38
233100	0.38	0.61	0.61	0	0	0.38
233200	0.38	0.62	0.62	0	0	0.38
233300	0.38	0.62	0.62	0	0	0.38
233400	0.38	0.62	0.62	0	0	0.38
233500	0.38	0.62	0.62	0	0	0.38
233600	0.38	0.62	0.62	0	0	0.38
233700	0.38	0.62	0.62	0	0	0.38
233800	0.38	0.62	0.62	0	0	0.38
233900	0.38	0.62	0.62	0	0	0.38
234000	0.38	0.62	0.62	0	0	0.38
234100	0.38	0.62	0.62	0	0	0.38
234200	0.38	0.62	0.62	0	0	0.38
234300	0.38	0.62	0.62	0	0	0.38
234400	0.38	0.62	0.62	0	0	0.38
234500	0.38	0.62	0.62	0	0	0.38
234600	0.38	0.62	0.62	0	0	0.38
234700	0.38	0.62	0.62	0	0	0.38
234800	0.38	0.62	0.62	0	0	0.38
234900	0.38	0.62	0.62	0	0	0.38
235000	0.38	0.62	0.62	0	0	0.38
235100	0.38	0.62	0.62	0	0	0.38
235200	0.38	0.62	0.62	0	0	0.38
235300	0.38	0.62	0.62	0	0	0.38
235400	0.38	0.62	0.62	0	0	0.38
235500	0.38	0.62	0.62	0	0	0.38
235600	0.38	0.62	0.62	0	0	0.38
235700	0.38	0.62	0.62	0	0	0.38
235800	0.38	0.62	0.62	0	0	0.38
235900	0.38	0.62	0.62	0	0	0.38
236000	0.38	0.62	0.62	0	0	0.38
236100	0.38	0.62	0.62	0	0	0.38
236200	0.38	0.62	0.62	0	0	0.38
236300	0.38	0.62	0.62	0	0	0.38
236400	0.38	0.62	0.62	0	0	0.38
236500	0.38	0.62	0.62	0	0	0.38
236600	0.38	0.62	0.62	0	0	0.38
236700	0.38	0.62	0.62	0	0	0.38
236800	0.38	0.62	0.62	0	0	0.38
236900	0.38	0.62	0.62	0	0	0.38
237000	0.38	0.62	0.62	0	0	0.38
237100	0.38	0.62	0.62	0	0	0.38
237200	0.38	0.62	0.62	0	0	0.38
237300	0.38	0.62	0.62	0	0	0.38
237400	0.38	0.62	0.62	0	0	0.38
237500	0.38	0.62	0.62	0	0	0.38
237600	0.38	0.62	0.62	0	0	0.38
237700	0.38	0.62	0.62	0	0	0.38
237800	0.38	0.62	0.62	0	0	0.38
237900	0.38	0.62	0.62	0	0	0.38
238000	0.38	0.62	0.62	0	0	0.38
238100	0.38	0.62	0.62	0	0	0.38
238200	0.38	0.62	0.62	0	0	0.38
238300	0.38	0.62	0.62	0	0	0.38
238400	0.38	0.62	0.62	0	0	0.38
238500	0.38	0.62	0.62	0	0	0.38
238600	0.38	0.62	0.62	0	0	0.38
238700	0.38	0.62	0.62	0	0	0.38
238800	0.38	0.62	0.62	0	0	0.38
238900	0.38	0.62	0.62	0	0	0.38
239000	0.38	0.62	0.62	0	0	0.38
239100	0.38	0.62	0.62	0	0	0.38
239200	0.38	0.62	0.62	0	0	0.38
239300	0.38	0.62	0.62	0	0	0.38
239400	0.38	0.62	0.62	0	0	0.38
239500	0.38	0.62	0.62	0	0	0.38
239600	0.38	0.62	0.62	0	0	0.38
239700	0.38	0.62	0.62	0	0	0.38
239800	0.38	0.62	0.62	0	0	0.38
239900	0.38	0.62	0.62	0	0	0.38
240000	0.38	0.62	0.62	0	0	0.38
240100	0.38	0.62	0.62	0	0	0.38
240200	0.38	0.62	0.62	0	0	0.38
240300	0.38	0.62	0.62	0	0	0.38
240400	0.38	0.62	0.62	0	0	0.38
240500	0.38	0.62	0.62	0	0	0.38
240600	0.38	0.62	0.62	0	0	0.38
240700	0.38	0.62	0.62	0	0	0.38
240800	0.38	0.62	0.62	0	0	0.38
240900	0.38	0.62	0.62	0	0	0.38
241000	0.38	0.62	0.62	0	0	0.38
241100	0.38	0.62	0.62	0	0	0.38
241200	0.38	0.62	0.62	0	0	0.38
241300	0.38	0.62	0.62	0	0	0.38
241400	0.38	0.62	0.62	0	0	0.38
241500	0.38	0.62	0.62	0	0	0.38
241600	0.38	0.62	0.62	0	0	0.38
241700	0.38	0.62	0.62	0	0	0.38
241800	0.38	0.62	0.62	0	0	0.38
241900	0.38	0.62	0.62	0	0	0.38
242000	0.38	0.62	0.62	0	0	0.38
242100	0.38	0.62	0.62	0	0	0.38
242200	0.38	0.62	0.62	0	0	0.38
242300	0.38	0.62	0.62	0	0	0.38
242400	0.38	0.62	0.62	0	0	0.38
242500	0.38	0.62	0.62	0	0	0.38
242600	0.38	0.62	0.62	0	0	0.38
242700	0.38	0.62	0.62	0	0	0.38
242800	0.38	0.62	0.62	0	0	0.38
242900	0.38	0.62	0.62	0	0	0.38
243000	0.38	0.62	0.62	0	0	0.38
243100	0.38	0.62	0.62	0	0	0.38
243200	0.38	0.62	0.62	0	0	0.38
243300	0.38	0.62	0.62	0	0	0.38
243400	0.38	0.62	0.62	0	0	0.38
243500	0.38	0.62	0.62	0	0	0.38
243600	0.38	0.62	0.62	0	0	0.38
243700	0.38	0.62	0.62	0	0	0.38
243800	0.38	0.62	0.62	0	0	0.38
243900	0.38	0.62	0.62	0	0	0.38
244000	0.38	0.62	0.62	0	0	0.38
244100	0.38	0.62	0.62	0	0	0.38
244200	0.38	0.62	0.62	0	0	0.38
244300	0.38	0.62	0.62	0	0	0.38
244400	0.38	0.62	0.62	0	0	0.38
244500	0.38	0.62	0.62	0	0	0.38
244600	0.38	0.62	0.62	0	0	0.38
244700	0.38	0.62	0.62	0	0	0.38
244800	0.38	0.62	0.62	0	0	0.38
244900	0.38	0.62	0.62	0	0	0.38
245000	0.38	0.62	0.62	0	0	0.38
245100	0.38	0.62	0.62	0	0	0.38
245200	0.38	0.62	0.62	0	0	0.38
245300	0.38	0.62	0.62	0	0	0.38
245400	0.38	0.62	0.62	0	0	0.38
245500	0.38	0.62	0.62	0	0	0.38
245600	0.38	0.62	0.62	0	0	0.38
245700	0.38	0.62	0.62	0	0	0.38
245800	0.38	0.62	0.62	0	0	0.38
245900	0.38	0.62	0.62	0	0	0.38
246000	0.38	0.62	0.62	0	0	0.38
246100	0.38	0.62	0.62	0	0	0.38
246200	0.38	0.62	0.62	0	0	0.38
246300	0.38	0.62	0.62	0	0	0.38
246400	0.38	0.62	0.62	0	0	0.38
246500	0.38	0.62	0.62	0	0	0.38
246600	0.38	0.62	0.62	0	0	0.38
246700	0.38	0.62	0.62	0	0	0.38
246800	0.38	0.62	0.62	0	0	0.38
246900	0.38	0.62	0.62	0	0	0.38
247000	0.38	0.62	0.62	0	0	0.38
247100	0.38	0.62	0.62	0	0	0.38
247200	0.38	0.62	0.62	0	0	0.38
247300	0.38	0.62	0.62	0	0	0.38
247400	0.38	0.62	0.62	0	0	0.38
247500	0.38	0.62	0.62	0	0	0.38
247600	0.38	0.62	0.62	0	0	0.38
247700	0.38	0.62	0.62	0	0	0.38
247800	0.38	0.62	0.62	0	0	0.38
247900	0.38	0.62	0.62	0	0	0.38
248000	0.38	0.62	0.62	0	0	0.38
248100	0.38	0.62	0.62	0	0	0.38
248200	0.38	0.62	0.62	0	0	0.38
248300	0.38	0.62	0.62	0	0	0.38
248400	0.38	0.62	0.62	0	0	0.38
248500	0.38	0.62	0.62	0	0	0.38
248600	0.38	0.62	0.62	0	0	0.38
248700	0.38	0.62	0.62	0	0	0.38
248800	0.38	0.62	0.62	0	0	0.38
248900	0.38	0.62	0.62	0	0	0.38
249000	0.38	0.62	0.62	0	0	0.38
249100	0.38	0.62	0.62	0	0	0.38
249200	0.38	0.62	0.62	0	0	0.38
249300	0.38	0.62	0.62	0	0	0.38
249400	0.38	0.62	0.62	0	0	0.38
249500	0.38	0.62	0.62	0	0	0.38
249600	0.38	0.62	0.62	0	0	0.38
249700	0.38	0.62	0.62	0	0	0.38
249800	0.38	0.62	0.62	0	0	0.38
249900	0.38	0.62	0.62	0	0	0.38
250000	0.38	0.62	0.62	0	0	0.38
250100	0.38	0.62	0.62	0	0	0.38
250200	0.38	0.62	0.62	0	0	0.38
250300	0.38	0.62	0.62	0	0	0.38
250400	0.38	0.62	0.62	0	0	0.38
250500	0.38	0.62	0.62	0	0	0.38
250600	0.38	0.62	0.62	0	0	0.38
250700	0.38	0.62	0.62	0	0	0.38
250800	0.38	0.62	0.62	0	0	0.38
250900	0.38	0.62	0.62	0	0	0.38
251000	0.38	0.62	0.62	0	0	0.38
251100	0.38	0.62	0.62	0	0	0.38
251200	0.38	0.62	0.62	0	0	0.38
251300	0.38	0.62	0.62	0	0	0.38
251400	0.38	0.62	0.62	0	0	0.38
251500	0.38	0.62	0.62	0	0	0.38
251600	0.38	0.62	0.62	0	0	0.38
251700	0.38	0.62	0.62	0	0	0.38
251800	0.38	0.62	0.62	0	0	0.38
251900	0.38	0.62	0.62	0	0	0.38
252000	0.38	0.62	0.62	0	0	0.38
252100	0.38	0.62	0.62	0	0	0.38
252200	0.38	0.62	0.62	0	0	0.38
252300	0.38	0.62	0.62	0	0	0.38
252400	0.38	0.62	0.62	0	0	0.38
252500	0.38	0.62	0.62	0	0	0.38
252600	0.38	0.62	0.62	0	0	0.38
252700	0.38	0.61	0.61	0	0	0.38
252800	0.38	0.61	0.61	0	0	0.38
252900	0.38	0.61	0.61	0	0	0.38
253000	0.38	0.61	0.61	0	0	0.38
253100	0.38	0.61	0.61	0	0	0.38
253200	0.38	0.61	0.61	0	0	0.38
253300	0.38	0.61	0.61	0	0	0.38
253400	0.38	0.61	0.61	0	0	0.38
253500	0.38	0.61	0.61	0	0	0.38
253600	0.38	0.61	0.61	0	0	0.38
253700	0.38	0.61	0.61	0	0	0.38
253800	0.38	0.61	0.61	0	0	0.38
253900	0.38	0.61	0.61	0	0	0.38
254000	0.38	0.61	0.61	0	0	0.38
254100	0.38	0.61	0.61	0	0	0.38
254200	0.38	0.61	0.61	0	0	0.38
254300	0.38	0.61	0.61	0	0	0.38
254400	0.38	0.61	0.61	0	0	0.38
254500	0.38	0.61	0.61	0	0	0.38
254600	0.38	0.61	0.61	0	0	0.38
254700	0.38	0.61	0.61	0	0	0.38
254800	0.38	0.61	0.61	0	0	0.38
254900	0.38	0.61	0.61	0	0	0.38
255000	0.38	0.61	0.61	0	0	0.38
255100	0.38	0.61	0.61	0	0	0.38
255200	0.38	0.61	0.61	0	0	0.38
255300	0.38	0.61	0.61	0	0	0.38
255400	0.38	0.62	0.62	0	0	0.38
255500	0.38	0.62	0.62	0	0	0.38
255600	0.38	0.62	0.62	0	0	0.38
255700	0.38	0.62	0.62	0	0	0.38
255800	0.38	0.62	0.62	0	0	0.38
255900	0.38	0.62	0.62	0	0	0.38
256000	0.38	0.62	0.62	0	0	0.38
256100	0.38	0.62	0.62	0	0	0.38
256200	0.38	0.62	0.62	0	0	0.38
256300	0.38	0.62	0.62	0	0	0.38
256400	0.38	0.62	0.62	0	0	0.38
256500	0.38	0.62	0.62	0	0	0.38
256600	0.38	0.62	0.62	0	0	0.38
256700	0.38	0.62	0.62	0	0	0.38
256800	0.38	0.62	0.62	0	0	0.38
256900	0.38	0.62	0.62	0	0	0.38
257000	0.38	0.62	0.62	0	0	0.38
257100	0.38	0.62	0.62	0	0	0.38
257200	0.38	0.62	0.62	0	0	0.38
257300	0.38	0.62	0.62	0	0	0.38
257400	0.38	0.62	0.62	0	0	0.38
257500	0.38	0.62	0.62	0	0	0.38
257600	0.38	0.62	0.62	0	0	0.38
257700	0.38	0.62	0.62	0	0	0.38
257800	0.38	0.62	0.62	0	0	0.38
257900	0.38	0.62	0.62	0	0	0.38
258000	0.38	0.62	0.62	0	0	0.38
258100	0.38	0.62	0.62	0	0	0.38
258200	0.38	0.62	0.62	0	0	0.38
258300	0.38	0.62	0.62	0	0	0.38
258400	0.38	0.62	0.62	0	0	0.38
258500	0.38	0.62	0.62	0	0	0.38
258600	0.38	0.62	0.62	0	0	0.38
258700	0.38	0.62	0.62	0	0	0.38
258800	0.38	0.62	0.62	0	0	0.38
258900	0.38	0.62	0.62	0	0	0.38
259000	0.38	0.62	0.62	0	0	0.38
259100	0.38	0.62	0.62	0	0	0.38
259200	0.38	0.62	0.62	0	0	0.38
259300	0.38	0.62	0.62	0	0	0.38
259400	0.38	0.62	0.62	0	0	0.38
259500	0.38	0.62	0.62	0	0	0.38
259600	0.38	0.62	0.62	0	0	0.38
259700	0.38	0.62	0.62	0	0	0.38
259800	0.38	0.62	0.62	0	0	0.38
259900	0.38	0.62	0.62	0	0	0.38
260000	0.38	0.62	0.62	0	0	0.38
260100	0.38	0.62	0.62	0	0	0.38
260200	0.38	0.62	0.62	0	0	0.38
260300	0.38	0.62	0.62	0	0	0.38
260400	0.38	0.62	0.62	0	0	0.38
260500	0.38	0.62	0.62	0	0	0.38
260600	0.38	0.62	0.62	0	0	0.38
260700	0.38	0.62	0.62	0	0	0.38
260800	0.38	0.62	0.62	0	0	0.38
260900	0.38	0.62	0.62	0	0	0.38
261000	0.38	0.62	0.62	0	0	0.38
261100	0.38	0.62	0.62	0	0	0.38
261200	0.38	0.62	0.62	0	0	0.38
261300	0.38	0.62	0.62	0	0	0.38
261400	0.38	0.62	0.62	0	0	0.38
261500	0.38	0.62	0.62	0	0	0.38
261600	0.38	0.62	0.62	0	0	0.38
261700	0.38	0.62	0.62	0	0	0.38
261800	0.38	0.62	0.62	0	0	0.38
261900	0.38	0.62	0.62	0	0	0.38
262000	0.38	0.62	0.62	0	0	0.38
262100	0.38	0.62	0.62	0	0	0.38
262200	0.38	0.62	0.62	0	0	0.38
262300	0.38	0.62	0.62	0	0	0.38
262400	0.38	0.62	0.62	0	0	0.38
262500	0.38	0.62	0.62	0	0	0.38
262600	0.38	0.62	0.62	0	0	0.38
262700	0.38	0.62	0.62	0	0	0.38
262800	0.38	0.62	0.62	0	0	0.38
262900	0.38	0.62	0.62	0	0	0.38
263000	0.38	0.62	0.62	0	0	0.38
263100	0.38	0.62	0.62	0	0	0.38
263200	0.38	0.62	0.62	0	0	0.38
263300	0.38	0.62	0.62	0	0	0.38
263400	0.38	0.62	0.62	0	0	0.38
263500	0.38	0.62	0.62	0	0	0.38
263600	0.38	0.62	0.62	0	0	0.38
263700	0.38	0.62	0.62	0	0	0.38
263800	0.38	0.62	0.62	0	0	0.38
263900	0.38	0.62	0.62	0	0	0.38
264000	0.38	0.62	0.62	0	0	0.38
264100	0.38	0.62	0.62	0	0	0.38
264200	0.38	0.62	0.62	0	0	0.38
264300	0.38	0.62	0.62	0	0	0.38
264400	0.38	0.62	0.62	0	0	0.38
264500	0.38	0.62	0.62	0	0	0.38
264600	0.38	0.62	0.62	0	0	0.38
264700	0.38	0.62	0.62	0	0	0.38
264800	0.38	0.62	0.62	0	0	0.38
264900	0.38	0.62	0.62	0	0	0.38
265000	0.38	0.62	0.62	0	0	0.38
265100	0.38	0.62	0.62	0	0	0.38
265200	0.38	0.62	0.62	0	0	0.38
265300	0.38	0.62	0.62	0	0	0.38
265400	0.38	0.62	0.62	0	0	0.38
265500	0.38	0.62	0.62	0	0	0.38
265600	0.38	0.62	0.62	0	0	0.38
265700	0.38	0.62	0.62	0	0	0.38
265800	0.38	0.62	0.62	0	0	0.38
265900	0.38	0.62	0.62	0	0	0.38
266000	0.38	0.62	0.62	0	0	0.38
266100	0.38	0.62	0.62	0	0	0.38
266200	0.38	0.62	0.62	0	0	0.38
266300	0.38	0.62	0.62	0	0	0.38
266400	0.38	0.62	0.62	0	0	0.38
266500	0.38	0.62	0.62	0	0	0.38
266600	0.38	0.62	0.62	0	0	0.38
266700	0.38	0.62	0.62	0	0	0.38
266800	0.38	0.62	0.62	0	0	0.38
266900	0.38	0.62	0.62	0	0	0.38
267000	0.38	0.62	0.62	0	0	0.38
267100	0.38	0.62	0.62	0	0	0.38
267200	0.38	0.62	0.62	0	0	0.38
267300	0.38	0.62	0.62	0	0	0.38
267400	0.38	0.62	0.62	0	0	0.38
267500	0.38	0.62	0.62	0	0	0.38
267600	0.38	0.62	0.62	0	0	0.38
267700	0.38	0.62	0.62	0	0	0.38
267800	0.38	0.62	0.62	0	0	0.38
267900	0.38	0.62	0.62	0	0	0.38
268000	0.38	0.62	0.62	0	0	0.38
268100	0.38	0.62	0.62	0	0	0.38
268200	0.38	0.62	0.62	0	0	0.38
268300	0.38	0.62	0.62	0	0	0.38
268400	0.38	0.62	0.62	0	0	0.38
268500	0.38	0.62	0.62	0	0	0.38
268600	0.38	0.62	0.62	0	0	0.38
268700	0.38	0.62	0.62	0	0	0.38
268800	0.38	0.62	0.62	0	0	0.38
268900	0.38	0.62	0.62	0	0	0.38
269000	0.38	0.62	0.62	0	0	0.38
269100	0.38	0.62	0.62	0	0	0.38
269200	0.38	0.62	0.62	0	0	0.38
269300	0.38	0.62	0.62	0	0	0.38
269400	0.38	0.62	0.62	0	0	0.38
269500	0.38	0.62	0.62	0	0	0.38
269600	0.38	0.62	0.62	0	0	0.38
269700	0.38	0.62	0.62	0	0	0.38
269800	0.38	0.62	0.62	0	0	0.38
269900	0.38	0.62	0.62	0	0	0.38
270000	0.38	0.62	0.62	0	0	0.38
270100	0.38	0.62	0.62	0	0	0.38
270200	0.38	0.62	0.62	0	0	0.38
270300	0.38	0.62	0.62	0	0	0.38
270400	0.38	0.62	0.62	0	0	0.38
270500	0.38	0.62	0.62	0	0	0.38
270600	0.38	0.62	0.62	0	0	0.38
270700	0.38	0.62	0.62	0	0	0.38
270800	0.38	0.62	0.62	0	0	0.38
270900	0.38	0.62	0.62	0	0	0.38
271000	0.38	0.62	0.62	0	0	0.38
271100	0.38	0.62	0.62	0	0	0.38
271200	0.38	0.62	0.62	0	0	0.38
271300	0.38	0.62	0.62	0	0	0.38
271400	0.38	0.62	0.62	0	0	0.38
271500	0.38	0.62	0.62	0	0	0.38
271600	0.38	0.62	0.62	0	0	0.38
271700	0.38	0.62	0.62	0	0	0.38
271800	0.38	0.62	0.62	0	0	0.38
271900	0.38	0.62	0.62	0	0	0.38
272000	0.38	0.62	0.62	0	0	0.38
272100	0.38	0.62	0.62	0	0	0.38
272200	0.38	0.62	0.62	0	0	0.38
272300	0.38	0.62	0.62	0	0	0.38
272400	0.38	0.62	0.62	0	0	0.38
272500	0.38	0.62	0.62	0	0	0.38
272600	0.38	0.62	0.62	0	0	0.38
272700	0.38	0.62	0.62	0	0	0.38
272800	0.38	0.62	0.62	0	0	0.38
272900	0.38	0.62	0.62	0	0	0.38
273000	0.38	0.62	0.62	0	0	0.38
273100	0.38	0.62	0.62	0	0	0.38
273200	0.38	0.62	0.62	0	0	0.38
273300	0.38	0.62	0.62	0	0	0.38
273400	0.38	0.62	0.62	0	0	0.38
273500	0.38	0.62	0.62	0	0	0.38
273600	0.38	0.62	0.62	0	0	0.38
273700	0.38	0.62	0.62	0	0	0.38
273800	0.38	0.62	0.62	0	0	0.38
273900	0.38	0.62	0.62	0	0	0.38
274000	0.38	0.62	0.62	0	0	0.38
274100	0.38	0.62	0.62	0	0	0.38
274200	0.38	0.62	0.62	0	0	0.38
274300	0.38	0.62	0.62	0	0	0.38
274400	0.38	0.62	0.62	0	0	0.38
274500	0.38	0.62	0.62	0	0	0.38
274600	0.38	0.62	0.62	0	0	0.38
274700	0.38	0.62	0.62	0	0	0.38
274800	0.38	0.62	0.62	0	0	0.38
274900	0.38	0.62	0.62	0	0	0.38
275000	0.38	0.62	0.62	0	0	0.38
275100	0.38	0.62	0.62	0	0	0.38
275200	0.38	0.62	0.62	0	0	0.38
275300	0.38	0.62	0.62	0	0	0.38
275400	0.38	0.62	0.62	0	0	0.38
275500	0.38	0.62	0.62	0	0	0.38
275600	0.38	0.62	0.62	0	0	0.38
275700	0.38	0.62	0.62	0	0	0.38
275800	0.38	0.62	0.62	0	0	0.38
275900	0.38	0.62	0.62	0	0	0.38
276000	0.38	0.62	0.62	0	0	0.38
276100	0.37	0.62	0.62	0	0	0.37
276200	0.37	0.62	0.62	0	0	0.37
276300	0.37	0.62	0.62	0	0	0.37
276400	0.37	0.62	0.62	0	0	0.37
276500	0.37	0.62	0.62	0	0	0.37
276600	0.37	0.62	0.62	0	0	0.37
276700	0.37	0.62	0.62	0	0	0.37
276800	0.37	0.62	0.62	0	0	0.37
276900	0.37	0.62	0.62	0	0	0.37
277000	0.37	0.62	0.62	0	0	0.37
277100	0.37	0.62	0.62	0	0	0.37
277200	0.37	0.62	0.62	0	0	0.37
277300	0.37	0.62	0.62	0	0	0.37
277400	0.37	0.62	0.62	0	0	0.37
277500	0.37	0.62	0.62	0	0	0.37
277600	0.37	0.62	0.62	0	0	0.37
277700	0.37	0.62	0.62	0	0	0.37
277800	0.37	0.62	0.62	0	0	0.37
277900	0.37	0.62	0.62	0	0	0.37
278000	0.37	0.62	0.62	0	0	0.37
278100	0.37	0.62	0.62	0	0	0.37
278200	0.37	0.62	0.62	0	0	0.37
278300	0.37	0.62	0.62	0	0	0.37
278400	0.37	0.62	0.62	0	0	0.37
278500	0.37	0.62	0.62	0	0	0.37
278600	0.37	0.62	0.62	0	0	0.37
278700	0.37	0.62	0.62	0	0	0.37
278800	0.37	0.62	0.62	0	0	0.37
278900	0.37	0.62	0.62	0	0	0.37
279000	0.37	0.62	0.62	0	0	0.37
279100	0.37	0.62	0.62	0	0	0.37
279200	0.37	0.62	0.62	0	0	0.37
279300	0.37	0.62	0.62	0	0	0.37
279400	0.37	0.62	0.62	0	0	0.37
279500	0.38	0.62	0.62	0	0	0.38
279600	0.38	0.62	0.62	0	0	0.38
279700	0.37	0.62	0.62	0	0	0.37
279800	0.37	0.62	0.62	0	0	0.37
279900	0.37	0.62	0.62	0	0	0.37
280000	0.37	0.62	0.62	0	0	0.37
280100	0.37	0.62	0.62	0	0	0.37
280200	0.37	0.62	0.62	0	0	0.37
280300	0.37	0.62	0.62	0	0	0.37
280400	0.37	0.62	0.62	0	0	0.37
280500	0.37	0.62	0.62	0	0	0.37
280600	0.37	0.62	0.62	0	0	0.37
280700	0.37	0.62	0.62	0	0	0.37
280800	0.37	0.62	0.62	0	0	0.37
280900	0.37	0.62	0.62	0	0	0.37
281000	0.37	0.62	0.62	0	0	0.37
281100	0.37	0.62	0.62	0	0	0.37
281200	0.37	0.62	0.62	0	0	0.37
281300	0.37	0.62	0.62	0	0	0.37
281400	0.37	0.62	0.62	0	0	0.37
281500	0.37	0.62	0.62	0	0	0.37
281600	0.38	0.62	0.62	0	0	0.38
281700	0.38	0.62	0.62	0	0	0.38
281800	0.38	0.62	0.62	0	0	0.38
281900	0.38	0.62	0.62	0	0	0.38
282000	0.38	0.62	0.62	0	0	0.38
282100	0.38	0.62	0.62	0	0	0.38
282200	0.38	0.62	0.62	0	0	0.38
282300	0.38	0.62	0.62	0	0	0.38
282400	0.38	0.62	0.62	0	0	0.38
282500	0.38	0.62	0.62	0	0	0.38
282600	0.38	0.62	0.62	0	0	0.38
282700	0.38	0.62	0.62	0	0	0.38
282800	0.38	0.62	0.62	0	0	0.38
282900	0.38	0.62	0.62	0	0	0.38
283000	0.38	0.62	0.62	0	0	0.38
283100	0.38	0.62	0.62	0	0	0.38
283200	0.38	0.62	0.62	0	0	0.38
283300	0.38	0.62	0.62	0	0	0.38
283400	0.38	0.62	0.62	0	0	0.38
283500	0.38	0.62	0.62	0	0	0.38
283600	0.38	0.62	0.62	0	0	0.38
283700	0.38	0.62	0.62	0	0	0.38
283800	0.38	0.62	0.62	0	0	0.38
283900	0.38	0.62	0.62	0	0	0.38
284000	0.38	0.62	0.62	0	0	0.38
284100	0.38	0.62	0.62	0	0	0.38
284200	0.38	0.62	0.62	0	0	0.38
284300	0.38	0.62	0.62	0	0	0.38
284400	0.38	0.62	0.62	0	0	0.38
284500	0.38	0.62	0.62	0	0	0.38
284600	0.38	0.62	0.62	0	0	0.38
284700	0.38	0.62	0.62	0	0	0.38
284800	0.38	0.62	0.62	0	0	0.38
284900	0.38	0.62	0.62	0	0	0.38
285000	0.38	0.62	0.62	0	0	0.38
285100	0.38	0.62	0.62	0	0	0.38
285200	0.38	0.62	0.62	0	0	0.38
285300	0.38	0.62	0.62	0	0	0.38
285400	0.38	0.62	0.62	0	0	0.38
285500	0.38	0.62	0.62	0	0	0.38
285600	0.38	0.62	0.62	0	0	0.38
285700	0.38	0.62	0.62	0	0	0.38
285800	0.38	0.62	0.62	0	0	0.38
285900	0.38	0.62	0.62	0	0	0.38
286000	0.38	0.62	0.62	0	0	0.38
286100	0.38	0.62	0.62	0	0	0.38
286200	0.38	0.62	0.62	0	0	0.38
286300	0.38	0.62	0.62	0	0	0.38
286400	0.38	0.62	0.62	0	0	0.38
286500	0.38	0.62	0.62	0	0	0.38
286600	0.38	0.62	0.62	0	0	0.38
286700	0.38	0.62	0.62	0	0	0.38
286800	0.38	0.62	0.62	0	0	0.38
286900	0.38	0.62	0.62	0	0	0.38
287000	0.38	0.62	0.62	0	0	0.38
287100	0.38	0.62	0.62	0	0	0.38
287200	0.38	0.62	0.62	0	0	0.38
287300	0.38	0.62	0.62	0	0	0.38
287400	0.38	0.62	0.62	0	0	0.38
287500	0.38	0.62	0.62	0	0	0.38
287600	0.38	0.62	0.62	0	0	0.38
287700	0.38	0.62	0.62	0	0	0.38
287800	0.38	0.62	0.62	0	0	0.38
287900	0.38	0.62	0.62	0	0	0.38
288000	0.38	0.62	0.62	0	0	0.38
288100	0.38	0.62	0.62	0	0	0.38
288200	0.38	0.62	0.62	0	0	0.38
288300	0.38	0.62	0.62	0	0	0.38
288400	0.38	0.62	0.62	0	0	0.38
288500	0.38	0.62	0.62	0	0	0.38
288600	0.38	0.62	0.62	0	0	0.38
288700	0.38	0.62	0.62	0	0	0.38
288800	0.38	0.62	0.62	0	0	0.38
288900	0.38	0.62	0.62	0	0	0.38
289000	0.38	0.62	0.62	0	0	0.38
289100	0.38	0.62	0.62	0	0	0.38
289200	0.38	0.62	0.62	0	0	0.38
289300	0.38	0.62	0.62	0	0	0.38
289400	0.38	0.62	0.62	0	0	0.38
289500	0.38	0.62	0.62	0	0	0.38
289600	0.38	0.62	0.62	0	0	0.38
289700	0.38	0.62	0.62	0	0	0.38
289800	0.38	0.62	0.62	0	0	0.38
289900	0.38	0.62	0.62	0	0	0.38
290000	0.38	0.62	0.62	0	0	0.38
290100	0.38	0.62	0.62	0	0	0.38
290200	0.38	0.62	0.62	0	0	0.38
290300	0.38	0.62	0.62	0	0	0.38
290400	0.38	0.62	0.62	0	0	0.38
290500	0.38	0.62	0.62	0	0	0.38
290600	0.38	0.62	0.62	0	0	0.38
290700	0.38	0.62	0.62	0	0	0.38
290800	0.38	0.62	0.62	0	0	0.38
290900	0.38	0.62	0.62	0	0	0.38
291000	0.38	0.62	0.62	0	0	0.38
291100	0.38	0.62	0.62	0	0	0.38
291200	0.38	0.62	0.62	0	0	0.38
291300	0.38	0.62	0.62	0	0	0.38
291400	0.38	0.62	0.62	0	0	0.38
291500	0.38	0.62	0.62	0	0	0.38
291600	0.38	0.62	0.62	0	0	0.38
291700	0.38	0.62	0.62	0	0	0.38
291800	0.38	0.62	0.62	0	0	0.38
291900	0.38	0.62	0.62	0	0	0.38
292000	0.38	0.62	0.62	0	0	0.38
292100	0.38	0.62	0.62	0	0	0.38
292200	0.38	0.62	0.62	0	0	0.38
292300	0.38	0.62	0.62	0	0	0.38
292400	0.38	0.62	0.62	0	0	0.38
292500	0.38	0.62	0.62	0	0	0.38
292600	0.38	0.62	0.62	0	0	0.38
292700	0.38	0.62	0.62	0	0	0.38
292800	0.38	0.62	0.62	0	0	0.38
292900	0.38	0.62	0.62	0	0	0.38
293000	0.38	0.62	0.62	0	0	0.38
293100	0.38	0.62	0.62	0	0	0.38
293200	0.38	0.62	0.62	0	0	0.38
293300	0.38	0.62	0.62	0	0	0.38
293400	0.38	0.62	0.62	0	0	0.38
293500	0.38	0.62	0.62	0	0	0.38
293600	0.38	0.62	0.62	0	0	0.38
293700	0.38	0.62	0.62	0	0	0.38
293800	0.38	0.62	0.62	0	0	0.38
293900	0.38	0.62	0.62	0	0	0.38
294000	0.38	0.62	0.62	0	0	0.38
294100	0.38	0.62	0.62	0	0	0.38
294200	0.38	0.62	0.62	0	0	0.38
294300	0.38	0.62	0.62	0	0	0.38
294400	0.38	0.62	0.62	0	0	0.38
294500	0.38	0.62	0.62	0	0	0.38
294600	0.38	0.62	0.62	0	0	0.38
294700	0.38	0.62	0.62	0	0	0.38
294800	0.38	0.62	0.62	0	0	0.38
294900	0.38	0.62	0.62	0	0	0.38
295000	0.38	0.62	0.62	0	0	0.38
295100	0.38	0.62	0.62	0	0	0.38
295200	0.38	0.62	0.62	0	0	0.38
295300	0.38	0.62	0.62	0	0	0.38
295400	0.38	0.62	0.62	0	0	0.38
295500	0.38	0.62	0.62	0	0	0.38
295600	0.38	0.62	0.62	0	0	0.38
295700	0.38	0.62	0.62	0	0	0.38
295800	0.38	0.62	0.62	0	0	0.38
295900	0.38	0.62	0.62	0	0	0.38
296000	0.38	0.62	0.62	0	0	0.38
296100	0.38	0.62	0.62	0	0	0.38
296200	0.38	0.62	0.62	0	0	0.38
296300	0.38	0.62	0.62	0	0	0.38
296400	0.38	0.62	0.62	0	0	0.38
296500	0.38	0.62	0.62	0	0	0.38
296600	0.38	0.62	0.62	0	0	0.38
296700	0.38	0.62	0.62	0	0	0.38
296800	0.38	0.62	0.62	0	0	0.38
296900	0.38	0.62	0.62	0	0	0.38
297000	0.38	0.61	0.61	0	0	0.38
297100	0.38	0.61	0.61	0	0	0.38
297200	0.38	0.61	0.61	0	0	0.38
297300	0.38	0.61	0.61	0	0	0.38
297400	0.38	0.61	0.61	0	0	0.38
297500	0.38	0.61	0.61	0	0	0.38
297600	0.38	0.61	0.61	0	0	0.38
297700	0.38	0.61	0.61	0	0	0.38
297800	0.38	0.61	0.61	0	0	0.38
297900	0.38	0.61	0.61	0	0	0.38
298000	0.38	0.61	0.61	0	0	0.38
298100	0.38	0.61	0.61	0	0	0.38
298200	0.38	0.61	0.61	0	0	0.38
298300	0.38	0.61	0.61	0	0	0.38
298400	0.38	0.61	0.61	0	0	0.38
298500	0.38	0.61	0.61	0	0	0.38
298600	0.39	0.61	0.61	0	0	0.39
298700	0.39	0.61	0.61	0	0	0.39
298800	0.39	0.61	0.61	0	0	0.39
298900	0.39	0.61	0.61	0	0	0.39
299000	0.39	0.61	0.61	0	0	0.39
299100	0.39	0.61	0.61	0	0	0.39
299200	0.39	0.61	0.61	0	0	0.39
299300	0.39	0.61	0.61	0	0	0.39
299400	0.39	0.61	0.61	0	0	0.39
299500	0.39	0.61	0.61	0	0	0.39
299600	0.39	0.61	0.61	0	0	0.39
299700	0.39	0.61	0.61	0	0	0.39
299800	0.39	0.61	0.61	0	0	0.39
299900	0.39	0.61	0.61	0	0	0.39
300000	0.39	0.61	0.61	0	0	0.39
