100	0.05	0.06	0.06	0	0	0.05
200	0.04	0.05	0.05	0	0	0.04
300	0.04	0.03	0.03	0	0	0.04
400	0.06	0.04	0.04	0	0	0.06
500	0.07	0.04	0.04	0	0	0.07
600	0.05	0.04	0.04	0	0	0.05
700	0.05	0.05	0.05	0	0	0.05
800	0.05	0.05	0.05	0	0	0.05
900	0.05	0.04	0.04	0	0	0.05
1000	0.05	0.03	0.03	0	0	0.05
1100	0.04	0.03	0.03	0	0	0.04
1200	0.03	0.01	0.01	0	0	0.03
1300	0.03	0.01	0.01	0	0	0.03
1400	0.07	0.01	0.01	0	0	0.07
1500	0.08	0.02	0.02	0	0	0.08
1600	0.08	0.03	0.03	0	0	0.08
1700	0.06	0.02	0.02	0	0	0.06
1800	0.05	0.03	0.03	0	0	0.05
1900	0.06	0.04	0.04	0	0	0.06
2000	0.06	0.04	0.04	0	0	0.06
2100	0.04	0.03	0.03	0	0	0.04
2200	0.01	0.01	0.01	0	0	0.01
2300	0.01	0.01	0.01	0	0	0.01
2400	0.03	0	0	0	0	0.03
2500	0.03	0	0	0	0	0.03
2600	0.04	0.02	0.02	0	0	0.04
2700	0.05	0.02	0.02	0	0	0.05
2800	0.05	0.01	0.01	0	0	0.05
2900	0.04	0.03	0.03	0	0	0.04
3000	0.02	0.03	0.03	0	0	0.02
3100	0.02	0.02	0.02	0	0	0.02
3200	0.01	0.03	0.03	0	0	0.01
3300	0.01	0.04	0.04	0	0	0.01
3400	0.04	0.03	0.03	0	0	0.04
3500	0.02	0.02	0.02	0	0	0.02
3600	0.03	0.02	0.02	0	0	0.03
3700	0.02	0.02	0.02	0	0	0.02
3800	0.02	0.03	0.03	0	0	0.02
3900	0.03	0.05	0.05	0	0	0.03
4000	0.05	0.07	0.07	0	0	0.05
4100	0.07	0.05	0.05	0	0	0.07
4200	0.07	0.04	0.04	0	0	0.07
4300	0.06	0.01	0.01	0	0	0.06
4400	0.08	0	0	0	0	0.08
4500	0.09	0.01	0.01	0	0	0.09
4600	0.09	0.02	0.02	0	0	0.09
4700	0.09	0.02	0.02	0	0	0.09
4800	0.08	0.01	0.01	0	0	0.08
4900	0.09	0.01	0.01	0	0	0.09
5000	0.09	0.01	0.01	0	0	0.09
5100	0.1	0.01	0.01	0	0	0.1
5200	0.1	0.01	0.01	0	0	0.1
5300	0.08	0.01	0.01	0	0	0.08
5400	0.07	0.02	0.02	0	0	0.07
5500	0.07	0.02	0.02	0	0	0.07
5600	0.07	0.04	0.04	0	0	0.07
5700	0.07	0.04	0.04	0	0	0.07
5800	0.07	0.04	0.04	0	0	0.07
5900	0.08	0.04	0.04	0	0	0.08
6000	0.07	0.03	0.03	0	0	0.07
6100	0.09	0.03	0.03	0	0	0.09
6200	0.09	0.03	0.03	0	0	0.09
6300	0.08	0.02	0.02	0	0	0.08
6400	0.08	0.04	0.04	0	0	0.08
6500	0.06	0.05	0.05	0	0	0.06
6600	0.06	0.02	0.02	0	0	0.06
6700	0.05	0.03	0.03	0	0	0.05
6800	0.06	0.03	0.03	0	0	0.06
6900	0.06	0.04	0.04	0	0	0.06
7000	0.08	0.03	0.03	0	0	0.08
7100	0.07	0.04	0.04	0	0	0.07
7200	0.08	0.04	0.04	0	0	0.08
7300	0.06	0.05	0.05	0	0	0.06
7400	0.06	0.04	0.04	0	0	0.06
7500	0.04	0.03	0.03	0	0	0.04
7600	0.03	0.01	0.01	0	0	0.03
7700	0.01	0.01	0.01	0	0	0.01
7800	0.02	0	0	0	0	0.02
7900	0.02	0.04	0.04	0	0	0.02
8000	0.02	0.04	0.04	0	0	0.02
8100	0.03	0.03	0.03	0	0	0.03
8200	0.02	0.04	0.04	0	0	0.02
8300	0.04	0.01	0.01	0	0	0.04
8400	0.04	0.01	0.01	0	0	0.04
8500	0.04	0.03	0.03	0	0	0.04
8600	0.02	0.04	0.04	0	0	0.02
8700	0.03	0.04	0.04	0	0	0.03
8800	0.02	0.04	0.04	0	0	0.02
8900	0.02	0.03	0.03	0	0	0.02
9000	0.03	0.03	0.03	0	0	0.03
9100	0.04	0.02	0.02	0	0	0.04
9200	0.04	0.03	0.03	0	0	0.04
9300	0.05	0.05	0.05	0	0	0.05
9400	0.05	0.03	0.03	0	0	0.05
9500	0.05	0.03	0.03	0	0	0.05
9600	0.02	0.03	0.03	0	0	0.02
9700	0.01	0.02	0.02	0	0	0.01
9800	0.02	0.02	0.02	0	0	0.02
9900	0.02	0.01	0.01	0	0	0.02
10000	0.02	0.02	0.02	0	0	0.02
10100	0.01	0.02	0.02	0	0	0.01
10200	0.01	0.03	0.03	0	0	0.01
10300	0.01	0.03	0.03	0	0	0.01
10400	0.02	0.03	0.03	0	0	0.02
10500	0.02	0.02	0.02	0	0	0.02
10600	0.02	0.01	0.01	0	0	0.02
10700	0.03	0.01	0.01	0	0	0.03
10800	0.02	0.01	0.01	0	0	0.02
10900	0.01	0.01	0.01	0	0	0.01
11000	0.02	0	0	0	0	0.02
11100	0.05	0.01	0.01	0	0	0.05
11200	0.05	0.01	0.01	0	0	0.05
11300	0.04	0.01	0.01	0	0	0.04
11400	0.03	0.01	0.01	0	0	0.03
11500	0.02	0.01	0.01	0	0	0.02
11600	0.03	0.01	0.01	0	0	0.03
11700	0.01	0	0	0	0	0.01
11800	0.04	0.03	0.03	0	0	0.04
11900	0.05	0.04	0.04	0	0	0.05
12000	0.04	0.04	0.04	0	0	0.04
12100	0.04	0.05	0.05	0	0	0.04
12200	0.02	0.06	0.06	0	0	0.02
12300	0.02	0.06	0.06	0	0	0.02
12400	0.01	0.05	0.05	0	0	0.01
12500	0.01	0.01	0.01	0	0	0.01
12600	0.02	0.02	0.02	0	0	0.02
12700	0.02	0.03	0.03	0	0	0.02
12800	0.02	0.03	0.03	0	0	0.02
12900	0.04	0.06	0.06	0	0	0.04
13000	0.07	0.06	0.06	0	0	0.07
13100	0.05	0.06	0.06	0	0	0.05
13200	0.03	0.06	0.06	0	0	0.03
13300	0.02	0.04	0.04	0	0	0.02
13400	0.02	0.07	0.07	0	0	0.02
13500	0.02	0.06	0.06	0	0	0.02
13600	0.03	0.05	0.05	0	0	0.03
13700	0.04	0.04	0.04	0	0	0.04
13800	0.03	0.03	0.03	0	0	0.03
13900	0.02	0.03	0.03	0	0	0.02
14000	0.02	0.02	0.02	0	0	0.02
14100	0.02	0.04	0.04	0	0	0.02
14200	0.03	0.05	0.05	0	0	0.03
14300	0.03	0.04	0.04	0	0	0.03
14400	0.03	0.07	0.07	0	0	0.03
14500	0.03	0.05	0.05	0	0	0.03
14600	0.04	0.02	0.02	0	0	0.04
14700	0.05	0.03	0.03	0	0	0.05
14800	0.03	0.04	0.04	0	0	0.03
14900	0.04	0.06	0.06	0	0	0.04
15000	0.03	0.05	0.05	0	0	0.03
15100	0.03	0.05	0.05	0	0	0.03
15200	0.02	0.05	0.05	0	0	0.02
15300	0.01	0.01	0.01	0	0	0.01
15400	0.01	0.01	0.01	0	0	0.01
15500	0	0.01	0.01	0	0	0
15600	0	0.01	0.01	0	0	0
15700	0.01	0	0	0	0	0.01
15800	0.03	0	0	0	0	0.03
15900	0.03	0.01	0.01	0	0	0.03
16000	0.03	0.04	0.04	0	0	0.03
16100	0.05	0.05	0.05	0	0	0.05
16200	0.06	0.04	0.04	0	0	0.06
16300	0.06	0.02	0.02	0	0	0.06
16400	0.07	0.01	0.01	0	0	0.07
16500	0.05	0	0	0	0	0.05
16600	0.07	0.02	0.02	0	0	0.07
16700	0.06	0.04	0.04	0	0	0.06
16800	0.06	0.04	0.04	0	0	0.06
16900	0.04	0.01	0.01	0	0	0.04
17000	0.05	0.01	0.01	0	0	0.05
17100	0.06	0	0	0	0	0.06
17200	0.05	0.01	0.01	0	0	0.05
17300	0.05	0.02	0.02	0	0	0.05
17400	0.06	0.03	0.03	0	0	0.06
17500	0.06	0.03	0.03	0	0	0.06
17600	0.06	0.04	0.04	0	0	0.06
17700	0.03	0.05	0.05	0	0	0.03
17800	0.01	0.05	0.05	0	0	0.01
17900	0.01	0.06	0.06	0	0	0.01
18000	0	0.05	0.05	0	0	0
18100	0	0.05	0.05	0	0	0
18200	0.01	0.04	0.04	0	0	0.01
18300	0.01	0.05	0.05	0	0	0.01
18400	0.01	0.05	0.05	0	0	0.01
18500	0.03	0.06	0.06	0	0	0.03
18600	0.04	0.04	0.04	0	0	0.04
18700	0.04	0.05	0.05	0	0	0.04
18800	0.05	0.04	0.04	0	0	0.05
18900	0.06	0.03	0.03	0	0	0.06
19000	0.06	0.03	0.03	0	0	0.06
19100	0.06	0.02	0.02	0	0	0.06
19200	0.02	0.02	0.02	0	0	0.02
19300	0.01	0.02	0.02	0	0	0.01
19400	0.01	0.01	0.01	0	0	0.01
19500	0.03	0.03	0.03	0	0	0.03
19600	0.03	0.03	0.03	0	0	0.03
19700	0.03	0.04	0.04	0	0	0.03
19800	0.03	0.04	0.04	0	0	0.03
19900	0.02	0.04	0.04	0	0	0.02
20000	0.02	0.03	0.03	0	0	0.02
20100	0.01	0.03	0.03	0	0	0.01
20200	0.02	0.05	0.05	0	0	0.02
20300	0.02	0.05	0.05	0	0	0.02
20400	0.04	0.03	0.03	0	0	0.04
20500	0.02	0.03	0.03	0	0	0.02
20600	0.03	0.03	0.03	0	0	0.03
20700	0.04	0.04	0.04	0	0	0.04
20800	0.03	0.04	0.04	0	0	0.03
20900	0.05	0.05	0.05	0	0	0.05
21000	0.08	0.07	0.07	0	0	0.08
21100	0.06	0.07	0.07	0	0	0.06
21200	0.07	0.05	0.05	0	0	0.07
21300	0.07	0.03	0.03	0	0	0.07
21400	0.06	0.01	0.01	0	0	0.06
21500	0.03	0.01	0.01	0	0	0.03
21600	0.03	0.04	0.04	0	0	0.03
21700	0.01	0.04	0.04	0	0	0.01
21800	0.01	0.04	0.04	0	0	0.01
21900	0.02	0.04	0.04	0	0	0.02
22000	0.02	0.05	0.05	0	0	0.02
22100	0.02	0.04	0.04	0	0	0.02
22200	0.02	0.06	0.06	0	0	0.02
22300	0.03	0.05	0.05	0	0	0.03
22400	0.02	0.05	0.05	0	0	0.02
22500	0.01	0.06	0.06	0	0	0.01
22600	0.03	0.06	0.06	0	0	0.03
22700	0.02	0.05	0.05	0	0	0.02
22800	0.02	0.08	0.08	0	0	0.02
22900	0.03	0.08	0.08	0	0	0.03
23000	0.04	0.09	0.09	0	0	0.04
23100	0.04	0.07	0.07	0	0	0.04
23200	0.05	0.06	0.06	0	0	0.05
23300	0.05	0.06	0.06	0	0	0.05
23400	0.04	0.06	0.06	0	0	0.04
23500	0.03	0.06	0.06	0	0	0.03
23600	0.01	0.06	0.06	0	0	0.01
23700	0.01	0.05	0.05	0	0	0.01
23800	0	0.05	0.05	0	0	0
23900	0	0.05	0.05	0	0	0
24000	0	0.05	0.05	0	0	0
24100	0	0.04	0.04	0	0	0
24200	0	0.04	0.04	0	0	0
24300	0.01	0.03	0.03	0	0	0.01
24400	0.01	0.03	0.03	0	0	0.01
24500	0.01	0.03	0.03	0	0	0.01
24600	0.01	0.04	0.04	0	0	0.01
24700	0.01	0.04	0.04	0	0	0.01
24800	0.01	0.05	0.05	0	0	0.01
24900	0.02	0.03	0.03	0	0	0.02
25000	0.02	0	0	0	0	0.02
25100	0.01	0	0	0	0	0.01
25200	0.02	0	0	0	0	0.02
25300	0.03	0	0	0	0	0.03
25400	0.05	0.01	0.01	0	0	0.05
25500	0.06	0.04	0.04	0	0	0.06
25600	0.05	0.05	0.05	0	0	0.05
25700	0.05	0.05	0.05	0	0	0.05
25800	0.04	0.03	0.03	0	0	0.04
25900	0.05	0.03	0.03	0	0	0.05
26000	0.04	0.01	0.01	0	0	0.04
26100	0.06	0.01	0.01	0	0	0.06
26200	0.08	0.01	0.01	0	0	0.08
26300	0.07	0.01	0.01	0	0	0.07
26400	0.09	0.03	0.03	0	0	0.09
26500	0.08	0.05	0.05	0	0	0.08
26600	0.07	0.05	0.05	0	0	0.07
26700	0.06	0.03	0.03	0	0	0.06
26800	0.06	0.01	0.01	0	0	0.06
26900	0.05	0.01	0.01	0	0	0.05
27000	0.05	0	0	0	0	0.05
27100	0.05	0	0	0	0	0.05
27200	0.04	0.01	0.01	0	0	0.04
27300	0.03	0.01	0.01	0	0	0.03
27400	0.07	0.01	0.01	0	0	0.07
27500	0.07	0.01	0.01	0	0	0.07
27600	0.07	0.03	0.03	0	0	0.07
27700	0.08	0.03	0.03	0	0	0.08
27800	0.06	0.03	0.03	0	0	0.06
27900	0.03	0.02	0.02	0	0	0.03
28000	0.02	0.02	0.02	0	0	0.02
28100	0.04	0	0	0	0	0.04
28200	0.04	0.01	0.01	0	0	0.04
28300	0.06	0.02	0.02	0	0	0.06
28400	0.06	0.04	0.04	0	0	0.06
28500	0.04	0.03	0.03	0	0	0.04
28600	0.04	0.04	0.04	0	0	0.04
28700	0.03	0	0	0	0	0.03
28800	0.03	0.02	0.02	0	0	0.03
28900	0.03	0.03	0.03	0	0	0.03
29000	0.05	0.04	0.04	0	0	0.05
29100	0.03	0.06	0.06	0	0	0.03
29200	0.04	0.06	0.06	0	0	0.04
29300	0.04	0.05	0.05	0	0	0.04
29400	0.02	0.03	0.03	0	0	0.02
29500	0.02	0.04	0.04	0	0	0.02
29600	0.01	0.03	0.03	0	0	0.01
29700	0	0.02	0.02	0	0	0
29800	0	0.03	0.03	0	0	0
29900	0.01	0.04	0.04	0	0	0.01
30000	0.03	0.02	0.02	0	0	0.03
30100	0.03	0.01	0.01	0	0	0.03
30200	0.04	0.02	0.02	0	0	0.04
30300	0.06	0.02	0.02	0	0	0.06
30400	0.07	0.02	0.02	0	0	0.07
30500	0.06	0.03	0.03	0	0	0.06
30600	0.06	0.04	0.04	0	0	0.06
30700	0.03	0.02	0.02	0	0	0.03
30800	0.04	0.03	0.03	0	0	0.04
30900	0.04	0.03	0.03	0	0	0.04
31000	0.03	0.03	0.03	0	0	0.03
31100	0.03	0.02	0.02	0	0	0.03
31200	0.03	0.02	0.02	0	0	0.03
31300	0.03	0.03	0.03	0	0	0.03
31400	0.03	0.04	0.04	0	0	0.03
31500	0.02	0.02	0.02	0	0	0.02
31600	0.02	0.03	0.03	0	0	0.02
31700	0.03	0.04	0.04	0	0	0.03
31800	0.04	0.05	0.05	0	0	0.04
31900	0.05	0.04	0.04	0	0	0.05
32000	0.03	0.04	0.04	0	0	0.03
32100	0.02	0.02	0.02	0	0	0.02
32200	0.01	0.02	0.02	0	0	0.01
32300	0.01	0.02	0.02	0	0	0.01
32400	0	0.03	0.03	0	0	0
32500	0.01	0.05	0.05	0	0	0.01
32600	0.01	0.06	0.06	0	0	0.01
32700	0	0.05	0.05	0	0	0
32800	0	0.04	0.04	0	0	0
32900	0	0.04	0.04	0	0	0
33000	0.01	0.04	0.04	0	0	0.01
33100	0.02	0.04	0.04	0	0	0.02
33200	0.04	0.04	0.04	0	0	0.04
33300	0.06	0.04	0.04	0	0	0.06
33400	0.06	0.04	0.04	0	0	0.06
33500	0.07	0.05	0.05	0	0	0.07
33600	0.06	0.05	0.05	0	0	0.06
33700	0.04	0.06	0.06	0	0	0.04
33800	0.03	0.09	0.09	0	0	0.03
33900	0.03	0.06	0.06	0	0	0.03
34000	0.03	0.04	0.04	0	0	0.03
34100	0.04	0.04	0.04	0	0	0.04
34200	0.04	0.05	0.05	0	0	0.04
34300	0.05	0.05	0.05	0	0	0.05
34400	0.05	0.04	0.04	0	0	0.05
34500	0.04	0.06	0.06	0	0	0.04
34600	0.05	0.06	0.06	0	0	0.05
34700	0.03	0.06	0.06	0	0	0.03
34800	0.05	0.06	0.06	0	0	0.05
34900	0.05	0.07	0.07	0	0	0.05
35000	0.03	0.04	0.04	0	0	0.03
35100	0.04	0.05	0.05	0	0	0.04
35200	0.03	0.06	0.06	0	0	0.03
35300	0.02	0.07	0.07	0	0	0.02
35400	0.03	0.04	0.04	0	0	0.03
35500	0.02	0.03	0.03	0	0	0.02
35600	0.04	0.01	0.01	0	0	0.04
35700	0.04	0.03	0.03	0	0	0.04
35800	0.04	0.04	0.04	0	0	0.04
35900	0.04	0.02	0.02	0	0	0.04
36000	0.05	0.01	0.01	0	0	0.05
36100	0.04	0.02	0.02	0	0	0.04
36200	0.05	0.01	0.01	0	0	0.05
36300	0.05	0.01	0.01	0	0	0.05
36400	0.03	0.01	0.01	0	0	0.03
36500	0.03	0.01	0.01	0	0	0.03
36600	0.01	0.04	0.04	0	0	0.01
36700	0.01	0.05	0.05	0	0	0.01
36800	0.01	0.02	0.02	0	0	0.01
36900	0.01	0.02	0.02	0	0	0.01
37000	0.01	0.02	0.02	0	0	0.01
37100	0.01	0.03	0.03	0	0	0.01
37200	0.01	0.02	0.02	0	0	0.01
37300	0.02	0.02	0.02	0	0	0.02
37400	0.02	0.03	0.03	0	0	0.02
37500	0.02	0.03	0.03	0	0	0.02
37600	0.02	0.04	0.04	0	0	0.02
37700	0.01	0.07	0.07	0	0	0.01
37800	0.02	0.05	0.05	0	0	0.02
37900	0.02	0.05	0.05	0	0	0.02
38000	0.02	0.04	0.04	0	0	0.02
38100	0.01	0.03	0.03	0	0	0.01
38200	0.01	0.03	0.03	0	0	0.01
38300	0.02	0.02	0.02	0	0	0.02
38400	0.02	0	0	0	0	0.02
38500	0.02	0	0	0	0	0.02
38600	0.02	0.03	0.03	0	0	0.02
38700	0.04	0.03	0.03	0	0	0.04
38800	0.02	0.02	0.02	0	0	0.02
38900	0.04	0.02	0.02	0	0	0.04
39000	0.04	0.04	0.04	0	0	0.04
39100	0.03	0.03	0.03	0	0	0.03
39200	0.03	0	0	0	0	0.03
39300	0.03	0	0	0	0	0.03
39400	0.04	0.01	0.01	0	0	0.04
39500	0.05	0.01	0.01	0	0	0.05
39600	0.04	0.02	0.02	0	0	0.04
39700	0.05	0.03	0.03	0	0	0.05
39800	0.03	0.02	0.02	0	0	0.03
39900	0.01	0.03	0.03	0	0	0.01
40000	0.01	0.03	0.03	0	0	0.01
40100	0.03	0.01	0.01	0	0	0.03
40200	0.03	0.01	0.01	0	0	0.03
40300	0.04	0.01	0.01	0	0	0.04
40400	0.04	0.03	0.03	0	0	0.04
40500	0.03	0.03	0.03	0	0	0.03
40600	0.02	0.02	0.02	0	0	0.02
40700	0	0.04	0.04	0	0	0
40800	0.01	0.05	0.05	0	0	0.01
40900	0.01	0.06	0.06	0	0	0.01
41000	0.01	0.06	0.06	0	0	0.01
41100	0.03	0.08	0.08	0	0	0.03
41200	0.04	0.08	0.08	0	0	0.04
41300	0.04	0.07	0.07	0	0	0.04
41400	0.05	0.04	0.04	0	0	0.05
41500	0.06	0.03	0.03	0	0	0.06
41600	0.05	0.01	0.01	0	0	0.05
41700	0.06	0	0	0	0	0.06
41800	0.06	0	0	0	0	0.06
41900	0.06	0.01	0.01	0	0	0.06
42000	0.06	0.01	0.01	0	0	0.06
42100	0.05	0.02	0.02	0	0	0.05
42200	0.03	0.02	0.02	0	0	0.03
42300	0.03	0.02	0.02	0	0	0.03
42400	0.03	0.02	0.02	0	0	0.03
42500	0.04	0.01	0.01	0	0	0.04
42600	0.05	0.03	0.03	0	0	0.05
42700	0.05	0.02	0.02	0	0	0.05
42800	0.08	0.02	0.02	0	0	0.08
42900	0.09	0.02	0.02	0	0	0.09
43000	0.1	0.02	0.02	0	0	0.1
43100	0.09	0.02	0.02	0	0	0.09
43200	0.08	0.01	0.01	0	0	0.08
43300	0.06	0.02	0.02	0	0	0.06
43400	0.07	0.02	0.02	0	0	0.07
43500	0.09	0.02	0.02	0	0	0.09
43600	0.1	0.03	0.03	0	0	0.1
43700	0.06	0.03	0.03	0	0	0.06
43800	0.06	0.03	0.03	0	0	0.06
43900	0.06	0.04	0.04	0	0	0.06
44000	0.07	0.04	0.04	0	0	0.07
44100	0.06	0.03	0.03	0	0	0.06
44200	0.06	0.04	0.04	0	0	0.06
44300	0.05	0.04	0.04	0	0	0.05
44400	0.06	0.03	0.03	0	0	0.06
44500	0.08	0.02	0.02	0	0	0.08
44600	0.09	0.03	0.03	0	0	0.09
44700	0.09	0.01	0.01	0	0	0.09
44800	0.08	0.04	0.04	0	0	0.08
44900	0.05	0.02	0.02	0	0	0.05
45000	0.03	0.02	0.02	0	0	0.03
45100	0.02	0.02	0.02	0	0	0.02
45200	0.02	0.04	0.04	0	0	0.02
45300	0.03	0.03	0.03	0	0	0.03
45400	0.05	0.02	0.02	0	0	0.05
45500	0.06	0.01	0.01	0	0	0.06
45600	0.04	0.02	0.02	0	0	0.04
45700	0.07	0.02	0.02	0	0	0.07
45800	0.07	0.02	0.02	0	0	0.07
45900	0.06	0.03	0.03	0	0	0.06
46000	0.08	0.04	0.04	0	0	0.08
46100	0.09	0.03	0.03	0	0	0.09
46200	0.07	0.03	0.03	0	0	0.07
46300	0.06	0.03	0.03	0	0	0.06
46400	0.06	0.02	0.02	0	0	0.06
46500	0.07	0.02	0.02	0	0	0.07
46600	0.08	0.02	0.02	0	0	0.08
46700	0.08	0.02	0.02	0	0	0.08
46800	0.07	0.01	0.01	0	0	0.07
46900	0.06	0.02	0.02	0	0	0.06
47000	0.06	0.03	0.03	0	0	0.06
47100	0.05	0.02	0.02	0	0	0.05
47200	0.06	0.02	0.02	0	0	0.06
47300	0.05	0.02	0.02	0	0	0.05
47400	0.07	0.01	0.01	0	0	0.07
47500	0.06	0.01	0.01	0	0	0.06
47600	0.03	0.01	0.01	0	0	0.03
47700	0.04	0.01	0.01	0	0	0.04
47800	0.03	0.02	0.02	0	0	0.03
47900	0.03	0.02	0.02	0	0	0.03
48000	0.03	0.03	0.03	0	0	0.03
48100	0.03	0.01	0.01	0	0	0.03
48200	0.03	0.02	0.02	0	0	0.03
48300	0.03	0.03	0.03	0	0	0.03
48400	0.05	0.01	0.01	0	0	0.05
48500	0.03	0.01	0.01	0	0	0.03
48600	0.02	0.03	0.03	0	0	0.02
48700	0.01	0.04	0.04	0	0	0.01
48800	0.02	0.05	0.05	0	0	0.02
48900	0.06	0.05	0.05	0	0	0.06
49000	0.06	0.05	0.05	0	0	0.06
49100	0.04	0.05	0.05	0	0	0.04
49200	0.04	0.07	0.07	0	0	0.04
49300	0.04	0.04	0.04	0	0	0.04
49400	0.05	0.03	0.03	0	0	0.05
49500	0.04	0.04	0.04	0	0	0.04
49600	0.02	0.04	0.04	0	0	0.02
49700	0.01	0.04	0.04	0	0	0.01
49800	0.01	0.05	0.05	0	0	0.01
49900	0.01	0.06	0.06	0	0	0.01
50000	0.02	0.06	0.06	0	0	0.02
50100	0.02	0.06	0.06	0	0	0.02
50200	0.01	0.07	0.07	0	0	0.01
50300	0.02	0.05	0.05	0	0	0.02
50400	0.05	0.06	0.06	0	0	0.05
50500	0.06	0.03	0.03	0	0	0.06
50600	0.04	0.02	0.02	0	0	0.04
50700	0.04	0.03	0.03	0	0	0.04
50800	0.02	0.03	0.03	0	0	0.02
50900	0.02	0.05	0.05	0	0	0.02
51000	0.03	0.04	0.04	0	0	0.03
51100	0.02	0.05	0.05	0	0	0.02
51200	0.02	0.03	0.03	0	0	0.02
51300	0.01	0.04	0.04	0	0	0.01
51400	0.02	0.03	0.03	0	0	0.02
51500	0.02	0.02	0.02	0	0	0.02
51600	0.02	0.02	0.02	0	0	0.02
51700	0.05	0.03	0.03	0	0	0.05
51800	0.06	0.04	0.04	0	0	0.06
51900	0.1	0.03	0.03	0	0	0.1
52000	0.08	0.03	0.03	0	0	0.08
52100	0.07	0.04	0.04	0	0	0.07
52200	0.06	0.05	0.05	0	0	0.06
52300	0.05	0.03	0.03	0	0	0.05
52400	0.06	0.03	0.03	0	0	0.06
52500	0.04	0.01	0.01	0	0	0.04
52600	0.04	0.01	0.01	0	0	0.04
52700	0.04	0.02	0.02	0	0	0.04
52800	0.05	0.02	0.02	0	0	0.05
52900	0.03	0.03	0.03	0	0	0.03
53000	0.05	0.01	0.01	0	0	0.05
53100	0.05	0.02	0.02	0	0	0.05
53200	0.02	0.02	0.02	0	0	0.02
53300	0.02	0.02	0.02	0	0	0.02
53400	0.02	0.03	0.03	0	0	0.02
53500	0.02	0.02	0.02	0	0	0.02
53600	0.02	0	0	0	0	0.02
53700	0	0.02	0.02	0	0	0
53800	0	0.02	0.02	0	0	0
53900	0.01	0.02	0.02	0	0	0.01
54000	0.01	0.02	0.02	0	0	0.01
54100	0.01	0.04	0.04	0	0	0.01
54200	0.02	0.04	0.04	0	0	0.02
54300	0.04	0.05	0.05	0	0	0.04
54400	0.05	0.04	0.04	0	0	0.05
54500	0.04	0.07	0.07	0	0	0.04
54600	0.02	0.08	0.08	0	0	0.02
54700	0.03	0.08	0.08	0	0	0.03
54800	0.05	0.07	0.07	0	0	0.05
54900	0.04	0.06	0.06	0	0	0.04
55000	0.02	0.05	0.05	0	0	0.02
55100	0.02	0.05	0.05	0	0	0.02
55200	0.02	0.05	0.05	0	0	0.02
55300	0.02	0.03	0.03	0	0	0.02
55400	0.02	0.01	0.01	0	0	0.02
55500	0.02	0.01	0.01	0	0	0.02
55600	0.03	0.01	0.01	0	0	0.03
55700	0.02	0.01	0.01	0	0	0.02
55800	0.04	0.03	0.03	0	0	0.04
55900	0.02	0.04	0.04	0	0	0.02
56000	0.02	0.04	0.04	0	0	0.02
56100	0.02	0.05	0.05	0	0	0.02
56200	0.05	0.05	0.05	0	0	0.05
56300	0.05	0.03	0.03	0	0	0.05
56400	0.03	0.01	0.01	0	0	0.03
56500	0.06	0.03	0.03	0	0	0.06
56600	0.04	0.05	0.05	0	0	0.04
56700	0.04	0.06	0.06	0	0	0.04
56800	0.03	0.06	0.06	0	0	0.03
56900	0.04	0.07	0.07	0	0	0.04
57000	0.02	0.08	0.08	0	0	0.02
57100	0.02	0.09	0.09	0	0	0.02
57200	0.01	0.08	0.08	0	0	0.01
57300	0.01	0.08	0.08	0	0	0.01
57400	0.04	0.05	0.05	0	0	0.04
57500	0.04	0.07	0.07	0	0	0.04
57600	0.06	0.06	0.06	0	0	0.06
57700	0.06	0.07	0.07	0	0	0.06
57800	0.04	0.07	0.07	0	0	0.04
57900	0.02	0.07	0.07	0	0	0.02
58000	0.01	0.07	0.07	0	0	0.01
58100	0	0.09	0.09	0	0	0
58200	0.03	0.1	0.1	0	0	0.03
58300	0.04	0.1	0.1	0	0	0.04
58400	0.04	0.09	0.09	0	0	0.04
58500	0.06	0.08	0.08	0	0	0.06
58600	0.06	0.08	0.08	0	0	0.06
58700	0.04	0.08	0.08	0	0	0.04
58800	0.03	0.07	0.07	0	0	0.03
58900	0.03	0.06	0.06	0	0	0.03
59000	0.03	0.05	0.05	0	0	0.03
59100	0.04	0.06	0.06	0	0	0.04
59200	0.04	0.07	0.07	0	0	0.04
59300	0.02	0.08	0.08	0	0	0.02
59400	0.03	0.08	0.08	0	0	0.03
59500	0.05	0.08	0.08	0	0	0.05
59600	0.04	0.09	0.09	0	0	0.04
59700	0.04	0.09	0.09	0	0	0.04
59800	0	0.11	0.11	0	0	0
59900	0.02	0.07	0.07	0	0	0.02
60000	0.03	0.05	0.05	0	0	0.03
60100	0.03	0.07	0.07	0	0	0.03
60200	0.02	0.07	0.07	0	0	0.02
60300	0.02	0.04	0.04	0	0	0.02
60400	0.03	0.02	0.02	0	0	0.03
60500	0.03	0.02	0.02	0	0	0.03
60600	0.04	0.03	0.03	0	0	0.04
60700	0.07	0.03	0.03	0	0	0.07
60800	0.09	0.04	0.04	0	0	0.09
60900	0.07	0.04	0.04	0	0	0.07
61000	0.04	0.05	0.05	0	0	0.04
61100	0.06	0.03	0.03	0	0	0.06
61200	0.04	0.04	0.04	0	0	0.04
61300	0.03	0.02	0.02	0	0	0.03
61400	0.03	0.03	0.03	0	0	0.03
61500	0.02	0.04	0.04	0	0	0.02
61600	0.02	0.04	0.04	0	0	0.02
61700	0.02	0.05	0.05	0	0	0.02
61800	0.02	0.05	0.05	0	0	0.02
61900	0.03	0.04	0.04	0	0	0.03
62000	0.02	0.05	0.05	0	0	0.02
62100	0.01	0.02	0.02	0	0	0.01
62200	0.01	0.04	0.04	0	0	0.01
62300	0.02	0.05	0.05	0	0	0.02
62400	0.03	0.03	0.03	0	0	0.03
62500	0.03	0.03	0.03	0	0	0.03
62600	0.03	0.01	0.01	0	0	0.03
62700	0.03	0.03	0.03	0	0	0.03
62800	0.02	0.04	0.04	0	0	0.02
62900	0.01	0.02	0.02	0	0	0.01
63000	0.02	0.02	0.02	0	0	0.02
63100	0.03	0.03	0.03	0	0	0.03
63200	0.03	0.06	0.06	0	0	0.03
63300	0.03	0.07	0.07	0	0	0.03
63400	0.03	0.06	0.06	0	0	0.03
63500	0.05	0.06	0.06	0	0	0.05
63600	0.04	0.04	0.04	0	0	0.04
63700	0.05	0.04	0.04	0	0	0.05
63800	0.06	0.04	0.04	0	0	0.06
63900	0.06	0.03	0.03	0	0	0.06
64000	0.04	0.02	0.02	0	0	0.04
64100	0.04	0.03	0.03	0	0	0.04
64200	0.04	0.04	0.04	0	0	0.04
64300	0.05	0.06	0.06	0	0	0.05
64400	0.03	0.06	0.06	0	0	0.03
64500	0	0.06	0.06	0	0	0
64600	0.01	0.04	0.04	0	0	0.01
64700	0.02	0.05	0.05	0	0	0.02
64800	0.04	0.05	0.05	0	0	0.04
64900	0.06	0.06	0.06	0	0	0.06
65000	0.05	0.05	0.05	0	0	0.05
65100	0.05	0.03	0.03	0	0	0.05
65200	0.03	0.03	0.03	0	0	0.03
65300	0.02	0.03	0.03	0	0	0.02
65400	0.04	0.03	0.03	0	0	0.04
65500	0.05	0.05	0.05	0	0	0.05
65600	0.05	0.05	0.05	0	0	0.05
65700	0.04	0.05	0.05	0	0	0.04
65800	0.05	0.06	0.06	0	0	0.05
65900	0.04	0.08	0.08	0	0	0.04
66000	0.02	0.08	0.08	0	0	0.02
66100	0	0.08	0.08	0	0	0
66200	0.01	0.06	0.06	0	0	0.01
66300	0.02	0.04	0.04	0	0	0.02
66400	0.02	0.03	0.03	0	0	0.02
66500	0.01	0.02	0.02	0	0	0.01
66600	0.01	0.01	0.01	0	0	0.01
66700	0.01	0.01	0.01	0	0	0.01
66800	0.01	0	0	0	0	0.01
66900	0.02	0.01	0.01	0	0	0.02
67000	0.03	0.02	0.02	0	0	0.03
67100	0.03	0.03	0.03	0	0	0.03
67200	0.03	0.03	0.03	0	0	0.03
67300	0.02	0.02	0.02	0	0	0.02
67400	0.04	0.02	0.02	0	0	0.04
67500	0.03	0.02	0.02	0	0	0.03
67600	0.03	0.02	0.02	0	0	0.03
67700	0.01	0.01	0.01	0	0	0.01
67800	0.02	0.02	0.02	0	0	0.02
67900	0.02	0.01	0.01	0	0	0.02
68000	0.02	0.01	0.01	0	0	0.02
68100	0.01	0.01	0.01	0	0	0.01
68200	0.01	0.02	0.02	0	0	0.01
68300	0	0.03	0.03	0	0	0
68400	0	0.02	0.02	0	0	0
68500	0.02	0.02	0.02	0	0	0.02
68600	0.02	0.02	0.02	0	0	0.02
68700	0.03	0.03	0.03	0	0	0.03
68800	0.04	0.02	0.02	0	0	0.04
68900	0.04	0.01	0.01	0	0	0.04
69000	0.03	0	0	0	0	0.03
69100	0.02	0.02	0.02	0	0	0.02
69200	0.02	0.02	0.02	0	0	0.02
69300	0.03	0.02	0.02	0	0	0.03
69400	0.03	0.05	0.05	0	0	0.03
69500	0.02	0.05	0.05	0	0	0.02
69600	0.01	0.07	0.07	0	0	0.01
69700	0.02	0.07	0.07	0	0	0.02
69800	0.01	0.04	0.04	0	0	0.01
69900	0.03	0.04	0.04	0	0	0.03
70000	0.04	0.03	0.03	0	0	0.04
70100	0.06	0.02	0.02	0	0	0.06
70200	0.05	0.03	0.03	0	0	0.05
70300	0.05	0.05	0.05	0	0	0.05
70400	0.06	0.06	0.06	0	0	0.06
70500	0.04	0.05	0.05	0	0	0.04
70600	0.01	0.05	0.05	0	0	0.01
70700	0.02	0.04	0.04	0	0	0.02
70800	0.01	0.01	0.01	0	0	0.01
70900	0.01	0.01	0.01	0	0	0.01
71000	0.01	0.03	0.03	0	0	0.01
71100	0.03	0.04	0.04	0	0	0.03
71200	0.03	0.06	0.06	0	0	0.03
71300	0.04	0.06	0.06	0	0	0.04
71400	0.03	0.04	0.04	0	0	0.03
71500	0.03	0.02	0.02	0	0	0.03
71600	0.02	0.02	0.02	0	0	0.02
71700	0.01	0.04	0.04	0	0	0.01
71800	0.01	0.03	0.03	0	0	0.01
71900	0.01	0.02	0.02	0	0	0.01
72000	0.01	0.04	0.04	0	0	0.01
72100	0.01	0.05	0.05	0	0	0.01
72200	0.02	0.05	0.05	0	0	0.02
72300	0.03	0.04	0.04	0	0	0.03
72400	0.03	0.03	0.03	0	0	0.03
72500	0.03	0.05	0.05	0	0	0.03
72600	0.03	0.04	0.04	0	0	0.03
72700	0.03	0.02	0.02	0	0	0.03
72800	0.05	0.03	0.03	0	0	0.05
72900	0.04	0.04	0.04	0	0	0.04
73000	0.03	0.05	0.05	0	0	0.03
73100	0.02	0.04	0.04	0	0	0.02
73200	0.03	0.04	0.04	0	0	0.03
73300	0.03	0.06	0.06	0	0	0.03
73400	0.03	0.06	0.06	0	0	0.03
73500	0.02	0.06	0.06	0	0	0.02
73600	0.01	0.06	0.06	0	0	0.01
73700	0.02	0.05	0.05	0	0	0.02
73800	0.03	0.04	0.04	0	0	0.03
73900	0.04	0.04	0.04	0	0	0.04
74000	0.04	0.02	0.02	0	0	0.04
74100	0.03	0.01	0.01	0	0	0.03
74200	0.03	0.01	0.01	0	0	0.03
74300	0.03	0.01	0.01	0	0	0.03
74400	0.03	0.02	0.02	0	0	0.03
74500	0.02	0.03	0.03	0	0	0.02
74600	0.03	0.04	0.04	0	0	0.03
74700	0.02	0.06	0.06	0	0	0.02
74800	0.02	0.05	0.05	0	0	0.02
74900	0.06	0.06	0.06	0	0	0.06
75000	0.05	0.06	0.06	0	0	0.05
75100	0.06	0.05	0.05	0	0	0.06
75200	0.06	0.04	0.04	0	0	0.06
75300	0.06	0.03	0.03	0	0	0.06
75400	0.06	0.01	0.01	0	0	0.06
75500	0.03	0.02	0.02	0	0	0.03
75600	0.01	0.03	0.03	0	0	0.01
75700	0.03	0.03	0.03	0	0	0.03
75800	0.03	0.02	0.02	0	0	0.03
75900	0.05	0.03	0.03	0	0	0.05
76000	0.04	0.03	0.03	0	0	0.04
76100	0.03	0.01	0.01	0	0	0.03
76200	0.04	0.01	0.01	0	0	0.04
76300	0.03	0	0	0	0	0.03
76400	0.04	0.04	0.04	0	0	0.04
76500	0.03	0.06	0.06	0	0	0.03
76600	0.03	0.06	0.06	0	0	0.03
76700	0.04	0.05	0.05	0	0	0.04
76800	0.03	0.05	0.05	0	0	0.03
76900	0.06	0.04	0.04	0	0	0.06
77000	0.05	0.01	0.01	0	0	0.05
77100	0.05	0.02	0.02	0	0	0.05
77200	0.04	0.02	0.02	0	0	0.04
77300	0.03	0.03	0.03	0	0	0.03
77400	0.03	0.03	0.03	0	0	0.03
77500	0.03	0.03	0.03	0	0	0.03
77600	0.05	0.03	0.03	0	0	0.05
77700	0.05	0.04	0.04	0	0	0.05
77800	0.06	0.03	0.03	0	0	0.06
77900	0.06	0.01	0.01	0	0	0.06
78000	0.04	0.01	0.01	0	0	0.04
78100	0.06	0.02	0.02	0	0	0.06
78200	0.05	0.04	0.04	0	0	0.05
78300	0.04	0.04	0.04	0	0	0.04
78400	0.04	0.04	0.04	0	0	0.04
78500	0.03	0.03	0.03	0	0	0.03
78600	0.04	0.02	0.02	0	0	0.04
78700	0.05	0.02	0.02	0	0	0.05
78800	0.06	0.04	0.04	0	0	0.06
78900	0.02	0.04	0.04	0	0	0.02
79000	0	0.04	0.04	0	0	0
79100	0	0.03	0.03	0	0	0
79200	0.01	0.03	0.03	0	0	0.01
79300	0.03	0.03	0.03	0	0	0.03
79400	0.04	0.03	0.03	0	0	0.04
79500	0.04	0.03	0.03	0	0	0.04
79600	0.06	0.01	0.01	0	0	0.06
79700	0.07	0.01	0.01	0	0	0.07
79800	0.04	0	0	0	0	0.04
79900	0.05	0	0	0	0	0.05
80000	0.05	0.01	0.01	0	0	0.05
80100	0.04	0.01	0.01	0	0	0.04
80200	0.03	0.01	0.01	0	0	0.03
80300	0.04	0	0	0	0	0.04
80400	0.06	0.01	0.01	0	0	0.06
80500	0.06	0.03	0.03	0	0	0.06
80600	0.07	0.07	0.07	0	0	0.07
80700	0.09	0.07	0.07	0	0	0.09
80800	0.09	0.07	0.07	0	0	0.09
80900	0.06	0.04	0.04	0	0	0.06
81000	0.08	0.04	0.04	0	0	0.08
81100	0.05	0.04	0.04	0	0	0.05
81200	0.05	0.01	0.01	0	0	0.05
81300	0.06	0.02	0.02	0	0	0.06
81400	0.03	0.03	0.03	0	0	0.03
81500	0.03	0.06	0.06	0	0	0.03
81600	0.04	0.05	0.05	0	0	0.04
81700	0.04	0.04	0.04	0	0	0.04
81800	0.04	0.04	0.04	0	0	0.04
81900	0.06	0.03	0.03	0	0	0.06
82000	0.06	0.04	0.04	0	0	0.06
82100	0.07	0.04	0.04	0	0	0.07
82200	0.04	0.04	0.04	0	0	0.04
82300	0.06	0.02	0.02	0	0	0.06
82400	0.06	0.01	0.01	0	0	0.06
82500	0.06	0	0	0	0	0.06
82600	0.05	0	0	0	0	0.05
82700	0.06	0.01	0.01	0	0	0.06
82800	0.05	0.01	0.01	0	0	0.05
82900	0.01	0.02	0.02	0	0	0.01
83000	0.02	0.02	0.02	0	0	0.02
83100	0.02	0.03	0.03	0	0	0.02
83200	0	0.03	0.03	0	0	0
83300	0.02	0.01	0.01	0	0	0.02
83400	0.04	0.03	0.03	0	0	0.04
83500	0.04	0.04	0.04	0	0	0.04
83600	0.07	0.07	0.07	0	0	0.07
83700	0.08	0.06	0.06	0	0	0.08
83800	0.07	0.04	0.04	0	0	0.07
83900	0.06	0.03	0.03	0	0	0.06
84000	0.07	0.01	0.01	0	0	0.07
84100	0.08	0.01	0.01	0	0	0.08
84200	0.07	0	0	0	0	0.07
84300	0.07	0	0	0	0	0.07
84400	0.07	0.01	0.01	0	0	0.07
84500	0.08	0.04	0.04	0	0	0.08
84600	0.09	0.05	0.05	0	0	0.09
84700	0.08	0.05	0.05	0	0	0.08
84800	0.07	0.06	0.06	0	0	0.07
84900	0.07	0.03	0.03	0	0	0.07
85000	0.05	0.03	0.03	0	0	0.05
85100	0.04	0.03	0.03	0	0	0.04
85200	0.04	0.05	0.05	0	0	0.04
85300	0.01	0.03	0.03	0	0	0.01
85400	0.01	0.02	0.02	0	0	0.01
85500	0.01	0.03	0.03	0	0	0.01
85600	0	0.02	0.02	0	0	0
85700	0.01	0.02	0.02	0	0	0.01
85800	0.01	0.03	0.03	0	0	0.01
85900	0.04	0.04	0.04	0	0	0.04
86000	0.04	0.02	0.02	0	0	0.04
86100	0.05	0.03	0.03	0	0	0.05
86200	0.05	0.03	0.03	0	0	0.05
86300	0.06	0.02	0.02	0	0	0.06
86400	0.07	0.01	0.01	0	0	0.07
86500	0.04	0.03	0.03	0	0	0.04
86600	0.01	0.04	0.04	0	0	0.01
86700	0.01	0.05	0.05	0	0	0.01
86800	0.02	0.05	0.05	0	0	0.02
86900	0.01	0.07	0.07	0	0	0.01
87000	0.01	0.05	0.05	0	0	0.01
87100	0.03	0.06	0.06	0	0	0.03
87200	0.03	0.05	0.05	0	0	0.03
87300	0.02	0.03	0.03	0	0	0.02
87400	0.02	0.03	0.03	0	0	0.02
87500	0.01	0.03	0.03	0	0	0.01
87600	0.01	0.02	0.02	0	0	0.01
87700	0.04	0.01	0.01	0	0	0.04
87800	0.06	0.02	0.02	0	0	0.06
87900	0.06	0.02	0.02	0	0	0.06
88000	0.04	0.02	0.02	0	0	0.04
88100	0.04	0.01	0.01	0	0	0.04
88200	0.02	0.01	0.01	0	0	0.02
88300	0.02	0.03	0.03	0	0	0.02
88400	0.01	0.03	0.03	0	0	0.01
88500	0.01	0.03	0.03	0	0	0.01
88600	0.03	0.03	0.03	0	0	0.03
88700	0.03	0.09	0.09	0	0	0.03
88800	0.05	0.09	0.09	0	0	0.05
88900	0.05	0.08	0.08	0	0	0.05
89000	0.05	0.09	0.09	0	0	0.05
89100	0.04	0.07	0.07	0	0	0.04
89200	0.02	0.07	0.07	0	0	0.02
89300	0.02	0.07	0.07	0	0	0.02
89400	0.01	0.07	0.07	0	0	0.01
89500	0.01	0.06	0.06	0	0	0.01
89600	0.01	0.06	0.06	0	0	0.01
89700	0.01	0.08	0.08	0	0	0.01
89800	0	0.11	0.11	0	0	0
89900	0.02	0.11	0.11	0	0	0.02
90000	0.02	0.1	0.1	0	0	0.02
90100	0.03	0.1	0.1	0	0	0.03
90200	0.03	0.11	0.11	0	0	0.03
90300	0.04	0.11	0.11	0	0	0.04
90400	0.03	0.1	0.1	0	0	0.03
90500	0.03	0.09	0.09	0	0	0.03
90600	0.03	0.05	0.05	0	0	0.03
90700	0.03	0.06	0.06	0	0	0.03
90800	0.03	0.05	0.05	0	0	0.03
90900	0.01	0.05	0.05	0	0	0.01
91000	0.02	0.05	0.05	0	0	0.02
91100	0.02	0.05	0.05	0	0	0.02
91200	0.06	0.05	0.05	0	0	0.06
91300	0.09	0.04	0.04	0	0	0.09
91400	0.07	0.03	0.03	0	0	0.07
91500	0.08	0.02	0.02	0	0	0.08
91600	0.06	0.03	0.03	0	0	0.06
91700	0.05	0.03	0.03	0	0	0.05
91800	0.05	0.02	0.02	0	0	0.05
91900	0.04	0.02	0.02	0	0	0.04
92000	0.03	0.01	0.01	0	0	0.03
92100	0.01	0.01	0.01	0	0	0.01
92200	0.03	0	0	0	0	0.03
92300	0.04	0.04	0.04	0	0	0.04
92400	0.05	0.02	0.02	0	0	0.05
92500	0.06	0.03	0.03	0	0	0.06
92600	0.07	0.02	0.02	0	0	0.07
92700	0.06	0.02	0.02	0	0	0.06
92800	0.05	0.01	0.01	0	0	0.05
92900	0.06	0.01	0.01	0	0	0.06
93000	0.07	0.02	0.02	0	0	0.07
93100	0.06	0.02	0.02	0	0	0.06
93200	0.08	0.01	0.01	0	0	0.08
93300	0.06	0.01	0.01	0	0	0.06
93400	0.06	0.02	0.02	0	0	0.06
93500	0.06	0.03	0.03	0	0	0.06
93600	0.06	0.02	0.02	0	0	0.06
93700	0.06	0.01	0.01	0	0	0.06
93800	0.05	0.01	0.01	0	0	0.05
93900	0.04	0.03	0.03	0	0	0.04
94000	0.04	0.01	0.01	0	0	0.04
94100	0.04	0.01	0.01	0	0	0.04
94200	0.04	0.01	0.01	0	0	0.04
94300	0.04	0.01	0.01	0	0	0.04
94400	0.04	0.02	0.02	0	0	0.04
94500	0.05	0.02	0.02	0	0	0.05
94600	0.05	0.03	0.03	0	0	0.05
94700	0.04	0.02	0.02	0	0	0.04
94800	0.04	0.06	0.06	0	0	0.04
94900	0.03	0.05	0.05	0	0	0.03
95000	0.04	0.04	0.04	0	0	0.04
95100	0.02	0.04	0.04	0	0	0.02
95200	0.03	0.07	0.07	0	0	0.03
95300	0.02	0.05	0.05	0	0	0.02
95400	0.02	0.04	0.04	0	0	0.02
95500	0.03	0.02	0.02	0	0	0.03
95600	0.03	0.03	0.03	0	0	0.03
95700	0.01	0.02	0.02	0	0	0.01
95800	0.02	0.02	0.02	0	0	0.02
95900	0.04	0.03	0.03	0	0	0.04
96000	0.04	0.02	0.02	0	0	0.04
96100	0.04	0.02	0.02	0	0	0.04
96200	0.03	0.05	0.05	0	0	0.03
96300	0.02	0.04	0.04	0	0	0.02
96400	0.03	0.05	0.05	0	0	0.03
96500	0.04	0.06	0.06	0	0	0.04
96600	0.04	0.04	0.04	0	0	0.04
96700	0.03	0.03	0.03	0	0	0.03
96800	0.02	0.03	0.03	0	0	0.02
96900	0	0.04	0.04	0	0	0
97000	0.03	0.01	0.01	0	0	0.03
97100	0.03	0.01	0.01	0	0	0.03
97200	0.04	0.01	0.01	0	0	0.04
97300	0.02	0	0	0	0	0.02
97400	0.03	0.04	0.04	0	0	0.03
97500	0.05	0.07	0.07	0	0	0.05
97600	0.05	0.04	0.04	0	0	0.05
97700	0.05	0.03	0.03	0	0	0.05
97800	0.02	0.03	0.03	0	0	0.02
97900	0.01	0.01	0.01	0	0	0.01
98000	0.03	0.01	0.01	0	0	0.03
98100	0.03	0	0	0	0	0.03
98200	0.03	0.02	0.02	0	0	0.03
98300	0.04	0.02	0.02	0	0	0.04
98400	0.04	0.02	0.02	0	0	0.04
98500	0.04	0.02	0.02	0	0	0.04
98600	0.04	0.02	0.02	0	0	0.04
98700	0.02	0.02	0.02	0	0	0.02
98800	0.03	0.02	0.02	0	0	0.03
98900	0.03	0.02	0.02	0	0	0.03
99000	0.01	0.03	0.03	0	0	0.01
99100	0.02	0.05	0.05	0	0	0.02
99200	0.02	0.03	0.03	0	0	0.02
99300	0.01	0.03	0.03	0	0	0.01
99400	0.01	0.05	0.05	0	0	0.01
99500	0.03	0.04	0.04	0	0	0.03
99600	0.03	0.03	0.03	0	0	0.03
99700	0.03	0.02	0.02	0	0	0.03
99800	0.05	0	0	0	0	0.05
99900	0.04	0.01	0.01	0	0	0.04
100000	0.05	0.02	0.02	0	0	0.05
100100	0.04	0.02	0.02	0	0	0.04
100200	0.04	0.03	0.03	0	0	0.04
100300	0.04	0.02	0.02	0	0	0.04
100400	0.05	0.02	0.02	0	0	0.05
100500	0.03	0.02	0.02	0	0	0.03
100600	0.03	0.02	0.02	0	0	0.03
100700	0.02	0.02	0.02	0	0	0.02
100800	0.03	0.04	0.04	0	0	0.03
100900	0.04	0.04	0.04	0	0	0.04
101000	0.03	0.05	0.05	0	0	0.03
101100	0.04	0.04	0.04	0	0	0.04
101200	0.04	0.04	0.04	0	0	0.04
101300	0.03	0.07	0.07	0	0	0.03
101400	0.02	0.05	0.05	0	0	0.02
101500	0.01	0.06	0.06	0	0	0.01
101600	0.02	0.07	0.07	0	0	0.02
101700	0.02	0.04	0.04	0	0	0.02
101800	0.04	0.04	0.04	0	0	0.04
101900	0.02	0.02	0.02	0	0	0.02
102000	0.01	0.03	0.03	0	0	0.01
102100	0.01	0.06	0.06	0	0	0.01
102200	0.02	0.05	0.05	0	0	0.02
102300	0.03	0.06	0.06	0	0	0.03
102400	0.03	0.09	0.09	0	0	0.03
102500	0.01	0.08	0.08	0	0	0.01
102600	0.01	0.06	0.06	0	0	0.01
102700	0.01	0.03	0.03	0	0	0.01
102800	0.01	0.01	0.01	0	0	0.01
102900	0.01	0.01	0.01	0	0	0.01
103000	0.03	0.04	0.04	0	0	0.03
103100	0.03	0.04	0.04	0	0	0.03
103200	0.03	0.06	0.06	0	0	0.03
103300	0.04	0.07	0.07	0	0	0.04
103400	0.04	0.06	0.06	0	0	0.04
103500	0.04	0.02	0.02	0	0	0.04
103600	0.04	0	0	0	0	0.04
103700	0.02	0.01	0.01	0	0	0.02
103800	0.02	0.03	0.03	0	0	0.02
103900	0	0.04	0.04	0	0	0
104000	0	0.03	0.03	0	0	0
104100	0.01	0.04	0.04	0	0	0.01
104200	0.01	0.06	0.06	0	0	0.01
104300	0.01	0.06	0.06	0	0	0.01
104400	0.03	0.04	0.04	0	0	0.03
104500	0.04	0.05	0.05	0	0	0.04
104600	0.04	0.05	0.05	0	0	0.04
104700	0.04	0.06	0.06	0	0	0.04
104800	0.04	0.03	0.03	0	0	0.04
104900	0.02	0.02	0.02	0	0	0.02
105000	0.02	0.03	0.03	0	0	0.02
105100	0.02	0.03	0.03	0	0	0.02
105200	0.02	0.03	0.03	0	0	0.02
105300	0.02	0.03	0.03	0	0	0.02
105400	0.02	0.04	0.04	0	0	0.02
105500	0.01	0.02	0.02	0	0	0.01
105600	0.01	0.02	0.02	0	0	0.01
105700	0	0.04	0.04	0	0	0
105800	0	0.04	0.04	0	0	0
105900	0	0.02	0.02	0	0	0
106000	0	0	0	0	0	0
106100	0.01	0	0	0	0	0.01
106200	0.01	0	0	0	0	0.01
106300	0.01	0.01	0.01	0	0	0.01
106400	0.02	0.02	0.02	0	0	0.02
106500	0.01	0.03	0.03	0	0	0.01
106600	0.01	0.03	0.03	0	0	0.01
106700	0.01	0.02	0.02	0	0	0.01
106800	0.02	0.03	0.03	0	0	0.02
106900	0.01	0.03	0.03	0	0	0.01
107000	0.01	0.02	0.02	0	0	0.01
107100	0.02	0.02	0.02	0	0	0.02
107200	0.04	0.03	0.03	0	0	0.04
107300	0.04	0.03	0.03	0	0	0.04
107400	0.05	0.04	0.04	0	0	0.05
107500	0.05	0.05	0.05	0	0	0.05
107600	0.03	0.04	0.04	0	0	0.03
107700	0.01	0.04	0.04	0	0	0.01
107800	0	0.02	0.02	0	0	0
107900	0.02	0.02	0.02	0	0	0.02
108000	0.03	0.01	0.01	0	0	0.03
108100	0.06	0.02	0.02	0	0	0.06
108200	0.07	0.01	0.01	0	0	0.07
108300	0.07	0.01	0.01	0	0	0.07
108400	0.04	0.04	0.04	0	0	0.04
108500	0.02	0.05	0.05	0	0	0.02
108600	0.01	0.02	0.02	0	0	0.01
108700	0.03	0.04	0.04	0	0	0.03
108800	0.03	0.06	0.06	0	0	0.03
108900	0.04	0.04	0.04	0	0	0.04
109000	0.05	0.04	0.04	0	0	0.05
109100	0.07	0.04	0.04	0	0	0.07
109200	0.05	0.05	0.05	0	0	0.05
109300	0.04	0.05	0.05	0	0	0.04
109400	0.05	0.03	0.03	0	0	0.05
109500	0.07	0.03	0.03	0	0	0.07
109600	0.05	0.03	0.03	0	0	0.05
109700	0.05	0.05	0.05	0	0	0.05
109800	0.03	0.05	0.05	0	0	0.03
109900	0.02	0.04	0.04	0	0	0.02
110000	0.01	0.02	0.02	0	0	0.01
110100	0.01	0.01	0.01	0	0	0.01
110200	0.01	0.02	0.02	0	0	0.01
110300	0.01	0.03	0.03	0	0	0.01
110400	0.02	0.05	0.05	0	0	0.02
110500	0.01	0.04	0.04	0	0	0.01
110600	0.02	0.04	0.04	0	0	0.02
110700	0.02	0.03	0.03	0	0	0.02
110800	0.03	0.03	0.03	0	0	0.03
110900	0.05	0.02	0.02	0	0	0.05
111000	0.05	0.01	0.01	0	0	0.05
111100	0.04	0.02	0.02	0	0	0.04
111200	0.03	0.02	0.02	0	0	0.03
111300	0.03	0.03	0.03	0	0	0.03
111400	0.03	0.05	0.05	0	0	0.03
111500	0.03	0.08	0.08	0	0	0.03
111600	0.03	0.07	0.07	0	0	0.03
111700	0.03	0.06	0.06	0	0	0.03
111800	0.03	0.06	0.06	0	0	0.03
111900	0.02	0.06	0.06	0	0	0.02
112000	0.03	0.05	0.05	0	0	0.03
112100	0.03	0.07	0.07	0	0	0.03
112200	0.02	0.07	0.07	0	0	0.02
112300	0.02	0.08	0.08	0	0	0.02
112400	0.04	0.07	0.07	0	0	0.04
112500	0.02	0.07	0.07	0	0	0.02
112600	0.03	0.07	0.07	0	0	0.03
112700	0.03	0.07	0.07	0	0	0.03
112800	0.02	0.09	0.09	0	0	0.02
112900	0.03	0.08	0.08	0	0	0.03
113000	0.03	0.06	0.06	0	0	0.03
113100	0.02	0.06	0.06	0	0	0.02
113200	0.03	0.06	0.06	0	0	0.03
113300	0.01	0.08	0.08	0	0	0.01
113400	0.01	0.08	0.08	0	0	0.01
113500	0.01	0.09	0.09	0	0	0.01
113600	0	0.11	0.11	0	0	0
113700	0.03	0.11	0.11	0	0	0.03
113800	0.03	0.11	0.11	0	0	0.03
113900	0.03	0.1	0.1	0	0	0.03
114000	0.03	0.11	0.11	0	0	0.03
114100	0.02	0.12	0.12	0	0	0.02
114200	0.02	0.11	0.11	0	0	0.02
114300	0.02	0.11	0.11	0	0	0.02
114400	0.02	0.11	0.11	0	0	0.02
114500	0.01	0.11	0.11	0	0	0.01
114600	0.02	0.11	0.11	0	0	0.02
114700	0.03	0.11	0.11	0	0	0.03
114800	0.04	0.1	0.1	0	0	0.04
114900	0.02	0.1	0.1	0	0	0.02
115000	0.04	0.11	0.11	0	0	0.04
115100	0.05	0.13	0.13	0	0	0.05
115200	0.03	0.13	0.13	0	0	0.03
115300	0.05	0.12	0.12	0	0	0.05
115400	0.04	0.13	0.13	0	0	0.04
115500	0.04	0.13	0.13	0	0	0.04
115600	0.04	0.14	0.14	0	0	0.04
115700	0.03	0.14	0.14	0	0	0.03
115800	0.03	0.14	0.14	0	0	0.03
115900	0.03	0.15	0.15	0	0	0.03
116000	0.03	0.15	0.15	0	0	0.03
116100	0.02	0.14	0.14	0	0	0.02
116200	0.02	0.15	0.15	0	0	0.02
116300	0.02	0.15	0.15	0	0	0.02
116400	0.02	0.15	0.15	0	0	0.02
116500	0.02	0.15	0.15	0	0	0.02
116600	0.02	0.14	0.14	0	0	0.02
116700	0.03	0.15	0.15	0	0	0.03
116800	0.02	0.16	0.16	0	0	0.02
116900	0.02	0.15	0.15	0	0	0.02
117000	0.01	0.15	0.15	0	0	0.01
117100	0.01	0.15	0.15	0	0	0.01
117200	0.02	0.14	0.14	0	0	0.02
117300	0.03	0.15	0.15	0	0	0.03
117400	0.02	0.19	0.19	0	0	0.02
117500	0.01	0.19	0.19	0	0	0.01
117600	0.01	0.22	0.22	0	0	0.01
117700	0.02	0.22	0.22	0	0	0.02
117800	0.01	0.23	0.23	0	0	0.01
117900	0.01	0.22	0.22	0	0	0.01
118000	0	0.22	0.22	0	0	0
118100	0	0.22	0.22	0	0	0
118200	0	0.2	0.2	0	0	0
118300	0.01	0.2	0.2	0	0	0.01
118400	0.03	0.19	0.19	0	0	0.03
118500	0.03	0.2	0.2	0	0	0.03
118600	0.03	0.21	0.21	0	0	0.03
118700	0.02	0.2	0.2	0	0	0.02
118800	0.02	0.2	0.2	0	0	0.02
118900	0.04	0.21	0.21	0	0	0.04
119000	0.03	0.2	0.2	0	0	0.03
119100	0.02	0.21	0.21	0	0	0.02
119200	0.01	0.21	0.21	0	0	0.01
119300	0.03	0.21	0.21	0	0	0.03
119400	0.03	0.21	0.21	0	0	0.03
119500	0.05	0.21	0.21	0	0	0.05
119600	0.06	0.21	0.21	0	0	0.06
119700	0.04	0.21	0.21	0	0	0.04
119800	0.04	0.22	0.22	0	0	0.04
119900	0.04	0.22	0.22	0	0	0.04
120000	0.03	0.23	0.23	0	0	0.03
120100	0.04	0.23	0.23	0	0	0.04
120200	0.02	0.25	0.25	0	0	0.02
120300	0.02	0.25	0.25	0	0	0.02
120400	0.01	0.25	0.25	0	0	0.01
120500	0.01	0.24	0.24	0	0	0.01
120600	0.01	0.25	0.25	0	0	0.01
120700	0.02	0.24	0.24	0	0	0.02
120800	0.01	0.25	0.25	0	0	0.01
120900	0	0.24	0.24	0	0	0
121000	0.01	0.23	0.23	0	0	0.01
121100	0	0.23	0.23	0	0	0
121200	0	0.23	0.23	0	0	0
121300	0.01	0.23	0.23	0	0	0.01
121400	0.01	0.23	0.23	0	0	0.01
121500	0.01	0.24	0.24	0	0	0.01
121600	0.01	0.24	0.24	0	0	0.01
121700	0.02	0.24	0.24	0	0	0.02
121800	0.04	0.24	0.24	0	0	0.04
121900	0.05	0.24	0.24	0	0	0.05
122000	0.04	0.24	0.24	0	0	0.04
122100	0.04	0.25	0.25	0	0	0.04
122200	0.03	0.25	0.25	0	0	0.03
122300	0.03	0.25	0.25	0	0	0.03
122400	0.02	0.26	0.26	0	0	0.02
122500	0.02	0.26	0.26	0	0	0.02
122600	0.03	0.26	0.26	0	0	0.03
122700	0.04	0.26	0.26	0	0	0.04
122800	0.04	0.28	0.28	0	0	0.04
122900	0.04	0.28	0.28	0	0	0.04
123000	0.03	0.29	0.29	0	0	0.03
123100	0.02	0.3	0.3	0	0	0.02
123200	0.02	0.3	0.3	0	0	0.02
123300	0.03	0.3	0.3	0	0	0.03
123400	0.01	0.29	0.29	0	0	0.01
123500	0.02	0.29	0.29	0	0	0.02
123600	0.01	0.3	0.3	0	0	0.01
123700	0.01	0.31	0.31	0	0	0.01
123800	0.01	0.31	0.31	0	0	0.01
123900	0.01	0.3	0.3	0	0	0.01
124000	0.01	0.3	0.3	0	0	0.01
124100	0.01	0.31	0.31	0	0	0.01
124200	0.01	0.31	0.31	0	0	0.01
124300	0.01	0.31	0.31	0	0	0.01
124400	0.01	0.31	0.31	0	0	0.01
124500	0.01	0.31	0.31	0	0	0.01
124600	0.01	0.31	0.31	0	0	0.01
124700	0.02	0.31	0.31	0	0	0.02
124800	0.04	0.32	0.32	0	0	0.04
124900	0.04	0.32	0.32	0	0	0.04
125000	0.04	0.31	0.31	0	0	0.04
125100	0.03	0.31	0.31	0	0	0.03
125200	0.03	0.31	0.31	0	0	0.03
125300	0.02	0.3	0.3	0	0	0.02
125400	0.02	0.3	0.3	0	0	0.02
125500	0.04	0.3	0.3	0	0	0.04
125600	0.05	0.31	0.31	0	0	0.05
125700	0.04	0.32	0.32	0	0	0.04
125800	0.04	0.32	0.32	0	0	0.04
125900	0.03	0.32	0.32	0	0	0.03
126000	0.03	0.31	0.31	0	0	0.03
126100	0.03	0.31	0.31	0	0	0.03
126200	0.02	0.31	0.31	0	0	0.02
126300	0.04	0.31	0.31	0	0	0.04
126400	0.04	0.32	0.32	0	0	0.04
126500	0.04	0.31	0.31	0	0	0.04
126600	0.03	0.32	0.32	0	0	0.03
126700	0.02	0.32	0.32	0	0	0.02
126800	0.03	0.31	0.31	0	0	0.03
126900	0.02	0.31	0.31	0	0	0.02
127000	0.02	0.31	0.31	0	0	0.02
127100	0	0.32	0.32	0	0	0
127200	0	0.32	0.32	0	0	0
127300	0.01	0.32	0.32	0	0	0.01
127400	0.01	0.32	0.32	0	0	0.01
127500	0.01	0.32	0.32	0	0	0.01
127600	0.02	0.33	0.33	0	0	0.02
127700	0.02	0.33	0.33	0	0	0.02
127800	0.02	0.33	0.33	0	0	0.02
127900	0.03	0.33	0.33	0	0	0.03
128000	0.03	0.34	0.34	0	0	0.03
128100	0.02	0.34	0.34	0	0	0.02
128200	0	0.35	0.35	0	0	0
128300	0	0.35	0.35	0	0	0
128400	0.01	0.35	0.35	0	0	0.01
128500	0.02	0.36	0.36	0	0	0.02
128600	0.03	0.36	0.36	0	0	0.03
128700	0.03	0.36	0.36	0	0	0.03
128800	0.01	0.36	0.36	0	0	0.01
128900	0	0.37	0.37	0	0	0
129000	0	0.37	0.37	0	0	0
129100	0	0.39	0.39	0	0	0
129200	0	0.4	0.4	0	0	0
129300	0	0.4	0.4	0	0	0
129400	0.01	0.39	0.39	0	0	0.01
129500	0.01	0.4	0.4	0	0	0.01
129600	0.04	0.39	0.39	0	0	0.04
129700	0.04	0.39	0.39	0	0	0.04
129800	0.03	0.39	0.39	0	0	0.03
129900	0	0.39	0.39	0	0	0
130000	0.01	0.39	0.39	0	0	0.01
130100	0.01	0.39	0.39	0	0	0.01
130200	0.01	0.39	0.39	0	0	0.01
130300	0.01	0.38	0.38	0	0	0.01
130400	0	0.38	0.38	0	0	0
130500	0	0.39	0.39	0	0	0
130600	0.02	0.39	0.39	0	0	0.02
130700	0.05	0.4	0.4	0	0	0.05
130800	0.03	0.4	0.4	0	0	0.03
130900	0.01	0.4	0.4	0	0	0.01
131000	0.02	0.41	0.41	0	0	0.02
131100	0.02	0.41	0.41	0	0	0.02
131200	0.02	0.41	0.41	0	0	0.02
131300	0.02	0.41	0.41	0	0	0.02
131400	0.02	0.41	0.41	0	0	0.02
131500	0.02	0.41	0.41	0	0	0.02
131600	0.02	0.42	0.42	0	0	0.02
131700	0.01	0.42	0.42	0	0	0.01
131800	0.01	0.41	0.41	0	0	0.01
131900	0.02	0.42	0.42	0	0	0.02
132000	0.02	0.42	0.42	0	0	0.02
132100	0.02	0.42	0.42	0	0	0.02
132200	0.02	0.42	0.42	0	0	0.02
132300	0.04	0.42	0.42	0	0	0.04
132400	0.02	0.42	0.42	0	0	0.02
132500	0.03	0.42	0.42	0	0	0.03
132600	0.03	0.43	0.43	0	0	0.03
132700	0.03	0.43	0.43	0	0	0.03
132800	0.02	0.43	0.43	0	0	0.02
132900	0.02	0.43	0.43	0	0	0.02
133000	0.03	0.44	0.44	0	0	0.03
133100	0.02	0.44	0.44	0	0	0.02
133200	0.02	0.44	0.44	0	0	0.02
133300	0.02	0.44	0.44	0	0	0.02
133400	0.04	0.43	0.43	0	0	0.04
133500	0.05	0.44	0.44	0	0	0.05
133600	0.04	0.44	0.44	0	0	0.04
133700	0.04	0.44	0.44	0	0	0.04
133800	0.03	0.44	0.44	0	0	0.03
133900	0.04	0.46	0.46	0	0	0.04
134000	0.01	0.45	0.45	0	0	0.01
134100	0.01	0.45	0.45	0	0	0.01
134200	0.01	0.46	0.46	0	0	0.01
134300	0.01	0.46	0.46	0	0	0.01
134400	0	0.46	0.46	0	0	0
134500	0.01	0.45	0.45	0	0	0.01
134600	0.01	0.46	0.46	0	0	0.01
134700	0.01	0.46	0.46	0	0	0.01
134800	0.02	0.45	0.45	0	0	0.02
134900	0.02	0.45	0.45	0	0	0.02
135000	0.01	0.46	0.46	0	0	0.01
135100	0.01	0.46	0.46	0	0	0.01
135200	0.01	0.47	0.47	0	0	0.01
135300	0.01	0.47	0.47	0	0	0.01
135400	0.01	0.48	0.48	0	0	0.01
135500	0.02	0.48	0.48	0	0	0.02
135600	0.01	0.48	0.48	0	0	0.01
135700	0.01	0.48	0.48	0	0	0.01
135800	0.01	0.49	0.49	0	0	0.01
135900	0.01	0.49	0.49	0	0	0.01
136000	0.01	0.49	0.49	0	0	0.01
136100	0.01	0.5	0.5	0	0	0.01
136200	0.02	0.51	0.51	0	0	0.02
136300	0.02	0.51	0.51	0	0	0.02
136400	0.02	0.5	0.5	0	0	0.02
136500	0.02	0.5	0.5	0	0	0.02
136600	0.01	0.5	0.5	0	0	0.01
136700	0.01	0.51	0.51	0	0	0.01
136800	0.01	0.51	0.51	0	0	0.01
136900	0.02	0.51	0.51	0	0	0.02
137000	0.02	0.51	0.51	0	0	0.02
137100	0.02	0.51	0.51	0	0	0.02
137200	0.04	0.51	0.51	0	0	0.04
137300	0.02	0.51	0.51	0	0	0.02
137400	0.03	0.51	0.51	0	0	0.03
137500	0.01	0.51	0.51	0	0	0.01
137600	0.01	0.51	0.51	0	0	0.01
137700	0.01	0.51	0.51	0	0	0.01
137800	0.01	0.52	0.52	0	0	0.01
137900	0.01	0.52	0.52	0	0	0.01
138000	0.01	0.51	0.51	0	0	0.01
138100	0.01	0.51	0.51	0	0	0.01
138200	0.02	0.51	0.51	0	0	0.02
138300	0.02	0.51	0.51	0	0	0.02
138400	0.02	0.51	0.51	0	0	0.02
138500	0.02	0.51	0.51	0	0	0.02
138600	0.02	0.51	0.51	0	0	0.02
138700	0.01	0.51	0.51	0	0	0.01
138800	0.01	0.52	0.52	0	0	0.01
138900	0.01	0.53	0.53	0	0	0.01
139000	0.01	0.53	0.53	0	0	0.01
139100	0.01	0.54	0.54	0	0	0.01
139200	0.01	0.54	0.54	0	0	0.01
139300	0	0.54	0.54	0	0	0
139400	0	0.54	0.54	0	0	0
139500	0.01	0.54	0.54	0	0	0.01
139600	0.01	0.54	0.54	0	0	0.01
139700	0	0.53	0.53	0	0	0
139800	0.01	0.53	0.53	0	0	0.01
139900	0.01	0.53	0.53	0	0	0.01
140000	0.01	0.54	0.54	0	0	0.01
140100	0.02	0.54	0.54	0	0	0.02
140200	0.02	0.54	0.54	0	0	0.02
140300	0.03	0.54	0.54	0	0	0.03
140400	0.02	0.54	0.54	0	0	0.02
140500	0.03	0.53	0.53	0	0	0.03
140600	0.01	0.53	0.53	0	0	0.01
140700	0.02	0.53	0.53	0	0	0.02
140800	0.04	0.53	0.53	0	0	0.04
140900	0.03	0.53	0.53	0	0	0.03
141000	0.03	0.53	0.53	0	0	0.03
141100	0.03	0.54	0.54	0	0	0.03
141200	0.03	0.54	0.54	0	0	0.03
141300	0.02	0.54	0.54	0	0	0.02
141400	0.02	0.54	0.54	0	0	0.02
141500	0.03	0.54	0.54	0	0	0.03
141600	0.04	0.54	0.54	0	0	0.04
141700	0.04	0.55	0.55	0	0	0.04
141800	0.03	0.54	0.54	0	0	0.03
141900	0.02	0.54	0.54	0	0	0.02
142000	0.03	0.54	0.54	0	0	0.03
142100	0.03	0.54	0.54	0	0	0.03
142200	0.01	0.54	0.54	0	0	0.01
142300	0	0.54	0.54	0	0	0
142400	0	0.54	0.54	0	0	0
142500	0.01	0.54	0.54	0	0	0.01
142600	0.01	0.54	0.54	0	0	0.01
142700	0.01	0.54	0.54	0	0	0.01
142800	0.01	0.54	0.54	0	0	0.01
142900	0.04	0.54	0.54	0	0	0.04
143000	0.04	0.54	0.54	0	0	0.04
143100	0.03	0.54	0.54	0	0	0.03
143200	0.03	0.54	0.54	0	0	0.03
143300	0.03	0.54	0.54	0	0	0.03
143400	0.04	0.55	0.55	0	0	0.04
143500	0.04	0.55	0.55	0	0	0.04
143600	0.04	0.55	0.55	0	0	0.04
143700	0.06	0.55	0.55	0	0	0.06
143800	0.03	0.55	0.55	0	0	0.03
143900	0.03	0.55	0.55	0	0	0.03
144000	0.03	0.55	0.55	0	0	0.03
144100	0.03	0.55	0.55	0	0	0.03
144200	0.03	0.55	0.55	0	0	0.03
144300	0.02	0.55	0.55	0	0	0.02
144400	0.03	0.56	0.56	0	0	0.03
144500	0.01	0.56	0.56	0	0	0.01
144600	0.02	0.55	0.55	0	0	0.02
144700	0.02	0.55	0.55	0	0	0.02
144800	0.03	0.55	0.55	0	0	0.03
144900	0.04	0.55	0.55	0	0	0.04
145000	0.03	0.55	0.55	0	0	0.03
145100	0	0.55	0.55	0	0	0
145200	0	0.55	0.55	0	0	0
145300	0.02	0.55	0.55	0	0	0.02
145400	0.02	0.55	0.55	0	0	0.02
145500	0.03	0.55	0.55	0	0	0.03
145600	0.03	0.55	0.55	0	0	0.03
145700	0.02	0.55	0.55	0	0	0.02
145800	0.02	0.55	0.55	0	0	0.02
145900	0.02	0.55	0.55	0	0	0.02
146000	0.02	0.55	0.55	0	0	0.02
146100	0.01	0.55	0.55	0	0	0.01
146200	0.02	0.55	0.55	0	0	0.02
146300	0.02	0.55	0.55	0	0	0.02
146400	0.03	0.55	0.55	0	0	0.03
146500	0.02	0.55	0.55	0	0	0.02
146600	0.02	0.55	0.55	0	0	0.02
146700	0.02	0.55	0.55	0	0	0.02
146800	0.02	0.55	0.55	0	0	0.02
146900	0.04	0.55	0.55	0	0	0.04
147000	0.03	0.55	0.55	0	0	0.03
147100	0.04	0.55	0.55	0	0	0.04
147200	0.03	0.55	0.55	0	0	0.03
147300	0.03	0.55	0.55	0	0	0.03
147400	0.02	0.55	0.55	0	0	0.02
147500	0	0.55	0.55	0	0	0
147600	0.02	0.56	0.56	0	0	0.02
147700	0.03	0.56	0.56	0	0	0.03
147800	0.03	0.56	0.56	0	0	0.03
147900	0.03	0.56	0.56	0	0	0.03
148000	0.02	0.56	0.56	0	0	0.02
148100	0.03	0.56	0.56	0	0	0.03
148200	0.02	0.56	0.56	0	0	0.02
148300	0.01	0.56	0.56	0	0	0.01
148400	0	0.56	0.56	0	0	0
148500	0.01	0.56	0.56	0	0	0.01
148600	0.01	0.56	0.56	0	0	0.01
148700	0.04	0.56	0.56	0	0	0.04
148800	0.05	0.56	0.56	0	0	0.05
148900	0.04	0.56	0.56	0	0	0.04
149000	0.03	0.56	0.56	0	0	0.03
149100	0.04	0.56	0.56	0	0	0.04
149200	0.02	0.56	0.56	0	0	0.02
149300	0.01	0.56	0.56	0	0	0.01
149400	0.01	0.56	0.56	0	0	0.01
149500	0.02	0.56	0.56	0	0	0.02
149600	0.02	0.56	0.56	0	0	0.02
149700	0.01	0.56	0.56	0	0	0.01
149800	0.01	0.56	0.56	0	0	0.01
149900	0.02	0.56	0.56	0	0	0.02
150000	0.02	0.56	0.56	0	0	0.02
150100	0.03	0.57	0.57	0	0	0.03
150200	0	0.57	0.57	0	0	0
150300	0	0.57	0.57	0	0	0
150400	0.01	0.58	0.58	0	0	0.01
150500	0.01	0.58	0.58	0	0	0.01
150600	0.02	0.58	0.58	0	0	0.02
150700	0.03	0.58	0.58	0	0	0.03
150800	0.03	0.58	0.58	0	0	0.03
150900	0.03	0.6	0.6	0	0	0.03
151000	0.03	0.6	0.6	0	0	0.03
151100	0.03	0.6	0.6	0	0	0.03
151200	0.01	0.6	0.6	0	0	0.01
151300	0.04	0.6	0.6	0	0	0.04
151400	0.02	0.6	0.6	0	0	0.02
151500	0.02	0.59	0.59	0	0	0.02
151600	0.01	0.59	0.59	0	0	0.01
151700	0.01	0.59	0.59	0	0	0.01
151800	0.01	0.59	0.59	0	0	0.01
151900	0	0.59	0.59	0	0	0
152000	0	0.59	0.59	0	0	0
152100	0.01	0.59	0.59	0	0	0.01
152200	0.01	0.59	0.59	0	0	0.01
152300	0.01	0.59	0.59	0	0	0.01
152400	0.01	0.58	0.58	0	0	0.01
152500	0.02	0.58	0.58	0	0	0.02
152600	0.02	0.58	0.58	0	0	0.02
152700	0.01	0.58	0.58	0	0	0.01
152800	0.01	0.58	0.58	0	0	0.01
152900	0.01	0.58	0.58	0	0	0.01
153000	0.01	0.58	0.58	0	0	0.01
153100	0.02	0.58	0.58	0	0	0.02
153200	0.02	0.58	0.58	0	0	0.02
153300	0.04	0.58	0.58	0	0	0.04
153400	0.04	0.58	0.58	0	0	0.04
153500	0.03	0.58	0.58	0	0	0.03
153600	0.03	0.58	0.58	0	0	0.03
153700	0.02	0.58	0.58	0	0	0.02
153800	0.01	0.58	0.58	0	0	0.01
153900	0.02	0.58	0.58	0	0	0.02
154000	0.03	0.58	0.58	0	0	0.03
154100	0.04	0.58	0.58	0	0	0.04
154200	0.04	0.57	0.57	0	0	0.04
154300	0.03	0.57	0.57	0	0	0.03
154400	0.01	0.57	0.57	0	0	0.01
154500	0.01	0.57	0.57	0	0	0.01
154600	0.02	0.57	0.57	0	0	0.02
154700	0.02	0.57	0.57	0	0	0.02
154800	0	0.57	0.57	0	0	0
154900	0	0.57	0.57	0	0	0
155000	0	0.57	0.57	0	0	0
155100	0.01	0.57	0.57	0	0	0.01
155200	0.01	0.57	0.57	0	0	0.01
155300	0.02	0.57	0.57	0	0	0.02
155400	0.03	0.57	0.57	0	0	0.03
155500	0.03	0.57	0.57	0	0	0.03
155600	0.02	0.57	0.57	0	0	0.02
155700	0.02	0.57	0.57	0	0	0.02
155800	0.02	0.57	0.57	0	0	0.02
155900	0.02	0.57	0.57	0	0	0.02
156000	0.01	0.57	0.57	0	0	0.01
156100	0.02	0.57	0.57	0	0	0.02
156200	0.02	0.57	0.57	0	0	0.02
156300	0.01	0.57	0.57	0	0	0.01
156400	0	0.57	0.57	0	0	0
156500	0.01	0.57	0.57	0	0	0.01
156600	0.02	0.57	0.57	0	0	0.02
156700	0.02	0.57	0.57	0	0	0.02
156800	0.02	0.57	0.57	0	0	0.02
156900	0.01	0.57	0.57	0	0	0.01
157000	0.01	0.58	0.58	0	0	0.01
157100	0.01	0.58	0.58	0	0	0.01
157200	0	0.57	0.57	0	0	0
157300	0.01	0.58	0.58	0	0	0.01
157400	0.01	0.58	0.58	0	0	0.01
157500	0.01	0.58	0.58	0	0	0.01
157600	0.02	0.58	0.58	0	0	0.02
157700	0.03	0.58	0.58	0	0	0.03
157800	0.03	0.58	0.58	0	0	0.03
157900	0.03	0.58	0.58	0	0	0.03
158000	0.03	0.58	0.58	0	0	0.03
158100	0.02	0.58	0.58	0	0	0.02
158200	0.02	0.58	0.58	0	0	0.02
158300	0.03	0.58	0.58	0	0	0.03
158400	0.04	0.58	0.58	0	0	0.04
158500	0.02	0.58	0.58	0	0	0.02
158600	0.03	0.58	0.58	0	0	0.03
158700	0.03	0.58	0.58	0	0	0.03
158800	0.03	0.58	0.58	0	0	0.03
158900	0.02	0.58	0.58	0	0	0.02
159000	0.01	0.58	0.58	0	0	0.01
159100	0	0.58	0.58	0	0	0
159200	0	0.58	0.58	0	0	0
159300	0.01	0.58	0.58	0	0	0.01
159400	0.01	0.58	0.58	0	0	0.01
159500	0.01	0.58	0.58	0	0	0.01
159600	0.02	0.58	0.58	0	0	0.02
159700	0.02	0.58	0.58	0	0	0.02
159800	0.03	0.58	0.58	0	0	0.03
159900	0.03	0.58	0.58	0	0	0.03
160000	0.04	0.58	0.58	0	0	0.04
160100	0.05	0.58	0.58	0	0	0.05
160200	0.05	0.58	0.58	0	0	0.05
160300	0.03	0.59	0.59	0	0	0.03
160400	0.01	0.59	0.59	0	0	0.01
160500	0	0.59	0.59	0	0	0
160600	0	0.59	0.59	0	0	0
160700	0.01	0.59	0.59	0	0	0.01
160800	0.01	0.59	0.59	0	0	0.01
160900	0.01	0.59	0.59	0	0	0.01
161000	0.01	0.59	0.59	0	0	0.01
161100	0.02	0.59	0.59	0	0	0.02
161200	0.02	0.59	0.59	0	0	0.02
161300	0	0.59	0.59	0	0	0
161400	0.01	0.59	0.59	0	0	0.01
161500	0.01	0.59	0.59	0	0	0.01
161600	0.03	0.59	0.59	0	0	0.03
161700	0.01	0.59	0.59	0	0	0.01
161800	0.02	0.59	0.59	0	0	0.02
161900	0.03	0.6	0.6	0	0	0.03
162000	0.03	0.6	0.6	0	0	0.03
162100	0.03	0.6	0.6	0	0	0.03
162200	0.01	0.6	0.6	0	0	0.01
162300	0.02	0.6	0.6	0	0	0.02
162400	0.02	0.6	0.6	0	0	0.02
162500	0.02	0.6	0.6	0	0	0.02
162600	0.03	0.6	0.6	0	0	0.03
162700	0.03	0.6	0.6	0	0	0.03
162800	0.03	0.6	0.6	0	0	0.03
162900	0.02	0.6	0.6	0	0	0.02
163000	0.03	0.6	0.6	0	0	0.03
163100	0.02	0.6	0.6	0	0	0.02
163200	0.02	0.6	0.6	0	0	0.02
163300	0.04	0.6	0.6	0	0	0.04
163400	0.06	0.6	0.6	0	0	0.06
163500	0.04	0.6	0.6	0	0	0.04
163600	0.03	0.6	0.6	0	0	0.03
163700	0.02	0.6	0.6	0	0	0.02
163800	0.03	0.6	0.6	0	0	0.03
163900	0.02	0.6	0.6	0	0	0.02
164000	0.01	0.6	0.6	0	0	0.01
164100	0	0.6	0.6	0	0	0
164200	0	0.6	0.6	0	0	0
164300	0	0.6	0.6	0	0	0
164400	0	0.6	0.6	0	0	0
164500	0	0.6	0.6	0	0	0
164600	0.01	0.6	0.6	0	0	0.01
164700	0.01	0.6	0.6	0	0	0.01
164800	0.03	0.6	0.6	0	0	0.03
164900	0.03	0.6	0.6	0	0	0.03
165000	0.02	0.6	0.6	0	0	0.02
165100	0.03	0.6	0.6	0	0	0.03
165200	0.02	0.6	0.6	0	0	0.02
165300	0.03	0.6	0.6	0	0	0.03
165400	0.02	0.6	0.6	0	0	0.02
165500	0	0.6	0.6	0	0	0
165600	0.01	0.6	0.6	0	0	0.01
165700	0.01	0.6	0.6	0	0	0.01
165800	0.02	0.6	0.6	0	0	0.02
165900	0	0.6	0.6	0	0	0
166000	0	0.6	0.6	0	0	0
166100	0.01	0.6	0.6	0	0	0.01
166200	0.03	0.6	0.6	0	0	0.03
166300	0.03	0.6	0.6	0	0	0.03
166400	0.02	0.6	0.6	0	0	0.02
166500	0.01	0.6	0.6	0	0	0.01
166600	0	0.6	0.6	0	0	0
166700	0	0.6	0.6	0	0	0
166800	0.01	0.6	0.6	0	0	0.01
166900	0.02	0.6	0.6	0	0	0.02
167000	0.02	0.6	0.6	0	0	0.02
167100	0.03	0.6	0.6	0	0	0.03
167200	0.04	0.6	0.6	0	0	0.04
167300	0.04	0.6	0.6	0	0	0.04
167400	0.05	0.6	0.6	0	0	0.05
167500	0.05	0.6	0.6	0	0	0.05
167600	0.03	0.6	0.6	0	0	0.03
167700	0.03	0.6	0.6	0	0	0.03
167800	0.04	0.6	0.6	0	0	0.04
167900	0.03	0.6	0.6	0	0	0.03
168000	0.02	0.6	0.6	0	0	0.02
168100	0.04	0.6	0.6	0	0	0.04
168200	0.03	0.6	0.6	0	0	0.03
168300	0.03	0.6	0.6	0	0	0.03
168400	0.01	0.6	0.6	0	0	0.01
168500	0.01	0.6	0.6	0	0	0.01
168600	0.02	0.6	0.6	0	0	0.02
168700	0.01	0.6	0.6	0	0	0.01
168800	0.01	0.6	0.6	0	0	0.01
168900	0.02	0.6	0.6	0	0	0.02
169000	0.02	0.6	0.6	0	0	0.02
169100	0.01	0.6	0.6	0	0	0.01
169200	0.01	0.6	0.6	0	0	0.01
169300	0	0.6	0.6	0	0	0
169400	0.01	0.6	0.6	0	0	0.01
169500	0.02	0.6	0.6	0	0	0.02
169600	0.02	0.6	0.6	0	0	0.02
169700	0.02	0.6	0.6	0	0	0.02
169800	0.02	0.6	0.6	0	0	0.02
169900	0.01	0.6	0.6	0	0	0.01
170000	0.01	0.6	0.6	0	0	0.01
170100	0	0.6	0.6	0	0	0
170200	0.01	0.6	0.6	0	0	0.01
170300	0.01	0.6	0.6	0	0	0.01
170400	0.01	0.6	0.6	0	0	0.01
170500	0.01	0.6	0.6	0	0	0.01
170600	0.01	0.6	0.6	0	0	0.01
170700	0.01	0.6	0.6	0	0	0.01
170800	0.02	0.6	0.6	0	0	0.02
170900	0.03	0.6	0.6	0	0	0.03
171000	0.04	0.6	0.6	0	0	0.04
171100	0.03	0.61	0.61	0	0	0.03
171200	0.04	0.61	0.61	0	0	0.04
171300	0.05	0.61	0.61	0	0	0.05
171400	0.06	0.61	0.61	0	0	0.06
171500	0.06	0.61	0.61	0	0	0.06
171600	0.05	0.61	0.61	0	0	0.05
171700	0.07	0.61	0.61	0	0	0.07
171800	0.09	0.61	0.61	0	0	0.09
171900	0.08	0.61	0.61	0	0	0.08
172000	0.07	0.61	0.61	0	0	0.07
172100	0.07	0.61	0.61	0	0	0.07
172200	0.07	0.61	0.61	0	0	0.07
172300	0.07	0.61	0.61	0	0	0.07
172400	0.06	0.61	0.61	0	0	0.06
172500	0.06	0.61	0.61	0	0	0.06
172600	0.07	0.61	0.61	0	0	0.07
172700	0.08	0.61	0.61	0	0	0.08
172800	0.09	0.61	0.61	0	0	0.09
172900	0.12	0.61	0.61	0	0	0.12
173000	0.13	0.61	0.61	0	0	0.13
173100	0.13	0.61	0.61	0	0	0.13
173200	0.1	0.61	0.61	0	0	0.1
173300	0.09	0.61	0.61	0	0	0.09
173400	0.09	0.61	0.61	0	0	0.09
173500	0.1	0.61	0.61	0	0	0.1
173600	0.1	0.61	0.61	0	0	0.1
173700	0.1	0.61	0.61	0	0	0.1
173800	0.1	0.61	0.61	0	0	0.1
173900	0.1	0.61	0.61	0	0	0.1
174000	0.1	0.61	0.61	0	0	0.1
174100	0.11	0.61	0.61	0	0	0.11
174200	0.11	0.61	0.61	0	0	0.11
174300	0.11	0.61	0.61	0	0	0.11
174400	0.11	0.61	0.61	0	0	0.11
174500	0.11	0.61	0.61	0	0	0.11
174600	0.11	0.61	0.61	0	0	0.11
174700	0.11	0.61	0.61	0	0	0.11
174800	0.11	0.61	0.61	0	0	0.11
174900	0.12	0.61	0.61	0	0	0.12
175000	0.12	0.61	0.61	0	0	0.12
175100	0.14	0.61	0.61	0	0	0.14
175200	0.14	0.61	0.61	0	0	0.14
175300	0.14	0.61	0.61	0	0	0.14
175400	0.14	0.61	0.61	0	0	0.14
175500	0.14	0.61	0.61	0	0	0.14
175600	0.15	0.61	0.61	0	0	0.15
175700	0.15	0.61	0.61	0	0	0.15
175800	0.16	0.61	0.61	0	0	0.16
175900	0.15	0.62	0.62	0	0	0.15
176000	0.15	0.61	0.61	0	0	0.15
176100	0.14	0.61	0.61	0	0	0.14
176200	0.14	0.61	0.61	0	0	0.14
176300	0.14	0.61	0.61	0	0	0.14
176400	0.14	0.61	0.61	0	0	0.14
176500	0.14	0.61	0.61	0	0	0.14
176600	0.13	0.61	0.61	0	0	0.13
176700	0.13	0.61	0.61	0	0	0.13
176800	0.13	0.61	0.61	0	0	0.13
176900	0.13	0.61	0.61	0	0	0.13
177000	0.13	0.61	0.61	0	0	0.13
177100	0.13	0.61	0.61	0	0	0.13
177200	0.13	0.61	0.61	0	0	0.13
177300	0.13	0.61	0.61	0	0	0.13
177400	0.13	0.61	0.61	0	0	0.13
177500	0.13	0.61	0.61	0	0	0.13
177600	0.13	0.61	0.61	0	0	0.13
177700	0.13	0.61	0.61	0	0	0.13
177800	0.12	0.61	0.61	0	0	0.12
177900	0.12	0.61	0.61	0	0	0.12
178000	0.13	0.61	0.61	0	0	0.13
178100	0.13	0.61	0.61	0	0	0.13
178200	0.14	0.61	0.61	0	0	0.14
178300	0.14	0.61	0.61	0	0	0.14
178400	0.14	0.61	0.61	0	0	0.14
178500	0.14	0.61	0.61	0	0	0.14
178600	0.15	0.61	0.61	0	0	0.15
178700	0.15	0.61	0.61	0	0	0.15
178800	0.16	0.61	0.61	0	0	0.16
178900	0.16	0.61	0.61	0	0	0.16
179000	0.16	0.61	0.61	0	0	0.16
179100	0.16	0.61	0.61	0	0	0.16
179200	0.16	0.61	0.61	0	0	0.16
179300	0.15	0.61	0.61	0	0	0.15
179400	0.15	0.61	0.61	0	0	0.15
179500	0.16	0.61	0.61	0	0	0.16
179600	0.17	0.61	0.61	0	0	0.17
179700	0.17	0.61	0.61	0	0	0.17
179800	0.17	0.61	0.61	0	0	0.17
179900	0.21	0.61	0.61	0	0	0.21
180000	0.21	0.61	0.61	0	0	0.21
180100	0.2	0.61	0.61	0	0	0.2
180200	0.2	0.61	0.61	0	0	0.2
180300	0.21	0.61	0.61	0	0	0.21
180400	0.2	0.61	0.61	0	0	0.2
180500	0.19	0.61	0.61	0	0	0.19
180600	0.19	0.61	0.61	0	0	0.19
180700	0.19	0.61	0.61	0	0	0.19
180800	0.19	0.61	0.61	0	0	0.19
180900	0.2	0.62	0.62	0	0	0.2
181000	0.2	0.62	0.62	0	0	0.2
181100	0.2	0.62	0.62	0	0	0.2
181200	0.2	0.62	0.62	0	0	0.2
181300	0.2	0.62	0.62	0	0	0.2
181400	0.2	0.62	0.62	0	0	0.2
181500	0.2	0.62	0.62	0	0	0.2
181600	0.2	0.62	0.62	0	0	0.2
181700	0.2	0.62	0.62	0	0	0.2
181800	0.2	0.62	0.62	0	0	0.2
181900	0.2	0.62	0.62	0	0	0.2
182000	0.2	0.62	0.62	0	0	0.2
182100	0.2	0.62	0.62	0	0	0.2
182200	0.2	0.62	0.62	0	0	0.2
182300	0.2	0.62	0.62	0	0	0.2
182400	0.2	0.62	0.62	0	0	0.2
182500	0.21	0.62	0.62	0	0	0.21
182600	0.21	0.62	0.62	0	0	0.21
182700	0.21	0.62	0.62	0	0	0.21
182800	0.21	0.62	0.62	0	0	0.21
182900	0.21	0.62	0.62	0	0	0.21
183000	0.21	0.62	0.62	0	0	0.21
183100	0.21	0.62	0.62	0	0	0.21
183200	0.21	0.62	0.62	0	0	0.21
183300	0.21	0.62	0.62	0	0	0.21
183400	0.22	0.62	0.62	0	0	0.22
183500	0.22	0.62	0.62	0	0	0.22
183600	0.22	0.62	0.62	0	0	0.22
183700	0.22	0.62	0.62	0	0	0.22
183800	0.22	0.62	0.62	0	0	0.22
183900	0.22	0.62	0.62	0	0	0.22
184000	0.22	0.62	0.62	0	0	0.22
184100	0.22	0.62	0.62	0	0	0.22
184200	0.23	0.62	0.62	0	0	0.23
184300	0.22	0.62	0.62	0	0	0.22
184400	0.23	0.62	0.62	0	0	0.23
184500	0.23	0.62	0.62	0	0	0.23
184600	0.23	0.62	0.62	0	0	0.23
184700	0.22	0.62	0.62	0	0	0.22
184800	0.22	0.62	0.62	0	0	0.22
184900	0.22	0.62	0.62	0	0	0.22
185000	0.22	0.62	0.62	0	0	0.22
185100	0.22	0.62	0.62	0	0	0.22
185200	0.21	0.62	0.62	0	0	0.21
185300	0.22	0.62	0.62	0	0	0.22
185400	0.22	0.62	0.62	0	0	0.22
185500	0.22	0.62	0.62	0	0	0.22
185600	0.23	0.62	0.62	0	0	0.23
185700	0.23	0.62	0.62	0	0	0.23
185800	0.24	0.62	0.62	0	0	0.24
185900	0.24	0.62	0.62	0	0	0.24
186000	0.24	0.61	0.61	0	0	0.24
186100	0.24	0.61	0.61	0	0	0.24
186200	0.24	0.61	0.61	0	0	0.24
186300	0.24	0.61	0.61	0	0	0.24
186400	0.24	0.61	0.61	0	0	0.24
186500	0.24	0.61	0.61	0	0	0.24
186600	0.24	0.61	0.61	0	0	0.24
186700	0.24	0.62	0.62	0	0	0.24
186800	0.24	0.61	0.61	0	0	0.24
186900	0.24	0.61	0.61	0	0	0.24
187000	0.25	0.61	0.61	0	0	0.25
187100	0.25	0.61	0.61	0	0	0.25
187200	0.25	0.61	0.61	0	0	0.25
187300	0.25	0.61	0.61	0	0	0.25
187400	0.24	0.61	0.61	0	0	0.24
187500	0.24	0.61	0.61	0	0	0.24
187600	0.24	0.61	0.61	0	0	0.24
187700	0.24	0.61	0.61	0	0	0.24
187800	0.24	0.61	0.61	0	0	0.24
187900	0.24	0.61	0.61	0	0	0.24
188000	0.25	0.62	0.62	0	0	0.25
188100	0.24	0.62	0.62	0	0	0.24
188200	0.24	0.62	0.62	0	0	0.24
188300	0.24	0.62	0.62	0	0	0.24
188400	0.24	0.62	0.62	0	0	0.24
188500	0.24	0.62	0.62	0	0	0.24
188600	0.24	0.62	0.62	0	0	0.24
188700	0.24	0.62	0.62	0	0	0.24
188800	0.24	0.62	0.62	0	0	0.24
188900	0.25	0.62	0.62	0	0	0.25
189000	0.25	0.62	0.62	0	0	0.25
189100	0.25	0.62	0.62	0	0	0.25
189200	0.25	0.62	0.62	0	0	0.25
189300	0.25	0.62	0.62	0	0	0.25
189400	0.25	0.62	0.62	0	0	0.25
189500	0.25	0.62	0.62	0	0	0.25
189600	0.25	0.62	0.62	0	0	0.25
189700	0.26	0.62	0.62	0	0	0.26
189800	0.26	0.62	0.62	0	0	0.26
189900	0.26	0.62	0.62	0	0	0.26
190000	0.26	0.62	0.62	0	0	0.26
190100	0.26	0.62	0.62	0	0	0.26
190200	0.26	0.62	0.62	0	0	0.26
190300	0.27	0.62	0.62	0	0	0.27
190400	0.26	0.62	0.62	0	0	0.26
190500	0.26	0.62	0.62	0	0	0.26
190600	0.26	0.62	0.62	0	0	0.26
190700	0.26	0.62	0.62	0	0	0.26
190800	0.26	0.62	0.62	0	0	0.26
190900	0.25	0.62	0.62	0	0	0.25
191000	0.25	0.62	0.62	0	0	0.25
191100	0.25	0.62	0.62	0	0	0.25
191200	0.25	0.62	0.62	0	0	0.25
191300	0.25	0.62	0.62	0	0	0.25
191400	0.25	0.62	0.62	0	0	0.25
191500	0.26	0.62	0.62	0	0	0.26
191600	0.26	0.62	0.62	0	0	0.26
191700	0.26	0.62	0.62	0	0	0.26
191800	0.26	0.62	0.62	0	0	0.26
191900	0.26	0.62	0.62	0	0	0.26
192000	0.27	0.62	0.62	0	0	0.27
192100	0.27	0.62	0.62	0	0	0.27
192200	0.27	0.62	0.62	0	0	0.27
192300	0.27	0.62	0.62	0	0	0.27
192400	0.27	0.62	0.62	0	0	0.27
192500	0.27	0.62	0.62	0	0	0.27
192600	0.27	0.62	0.62	0	0	0.27
192700	0.27	0.62	0.62	0	0	0.27
192800	0.27	0.62	0.62	0	0	0.27
192900	0.27	0.62	0.62	0	0	0.27
193000	0.28	0.62	0.62	0	0	0.28
193100	0.28	0.62	0.62	0	0	0.28
193200	0.28	0.62	0.62	0	0	0.28
193300	0.28	0.62	0.62	0	0	0.28
193400	0.28	0.62	0.62	0	0	0.28
193500	0.28	0.62	0.62	0	0	0.28
193600	0.28	0.62	0.62	0	0	0.28
193700	0.29	0.62	0.62	0	0	0.29
193800	0.29	0.62	0.62	0	0	0.29
193900	0.29	0.62	0.62	0	0	0.29
194000	0.29	0.62	0.62	0	0	0.29
194100	0.29	0.62	0.62	0	0	0.29
194200	0.29	0.62	0.62	0	0	0.29
194300	0.28	0.62	0.62	0	0	0.28
194400	0.28	0.61	0.61	0	0	0.28
194500	0.29	0.61	0.61	0	0	0.29
194600	0.29	0.62	0.62	0	0	0.29
194700	0.29	0.62	0.62	0	0	0.29
194800	0.29	0.61	0.61	0	0	0.29
194900	0.29	0.61	0.61	0	0	0.29
195000	0.28	0.61	0.61	0	0	0.28
195100	0.28	0.61	0.61	0	0	0.28
195200	0.28	0.61	0.61	0	0	0.28
195300	0.28	0.61	0.61	0	0	0.28
195400	0.28	0.61	0.61	0	0	0.28
195500	0.28	0.61	0.61	0	0	0.28
195600	0.28	0.61	0.61	0	0	0.28
195700	0.28	0.61	0.61	0	0	0.28
195800	0.27	0.61	0.61	0	0	0.27
195900	0.27	0.61	0.61	0	0	0.27
196000	0.28	0.61	0.61	0	0	0.28
196100	0.28	0.61	0.61	0	0	0.28
196200	0.28	0.61	0.61	0	0	0.28
196300	0.28	0.61	0.61	0	0	0.28
196400	0.28	0.61	0.61	0	0	0.28
196500	0.28	0.61	0.61	0	0	0.28
196600	0.28	0.61	0.61	0	0	0.28
196700	0.28	0.61	0.61	0	0	0.28
196800	0.27	0.61	0.61	0	0	0.27
196900	0.26	0.61	0.61	0	0	0.26
197000	0.26	0.61	0.61	0	0	0.26
197100	0.26	0.61	0.61	0	0	0.26
197200	0.26	0.61	0.61	0	0	0.26
197300	0.26	0.61	0.61	0	0	0.26
197400	0.26	0.61	0.61	0	0	0.26
197500	0.26	0.61	0.61	0	0	0.26
197600	0.26	0.61	0.61	0	0	0.26
197700	0.26	0.61	0.61	0	0	0.26
197800	0.26	0.61	0.61	0	0	0.26
197900	0.26	0.61	0.61	0	0	0.26
198000	0.26	0.61	0.61	0	0	0.26
198100	0.26	0.61	0.61	0	0	0.26
198200	0.28	0.61	0.61	0	0	0.28
198300	0.28	0.61	0.61	0	0	0.28
198400	0.27	0.61	0.61	0	0	0.27
198500	0.27	0.61	0.61	0	0	0.27
198600	0.27	0.61	0.61	0	0	0.27
198700	0.27	0.61	0.61	0	0	0.27
198800	0.27	0.61	0.61	0	0	0.27
198900	0.28	0.61	0.61	0	0	0.28
199000	0.28	0.61	0.61	0	0	0.28
199100	0.27	0.61	0.61	0	0	0.27
199200	0.27	0.61	0.61	0	0	0.27
199300	0.27	0.61	0.61	0	0	0.27
199400	0.27	0.61	0.61	0	0	0.27
199500	0.27	0.61	0.61	0	0	0.27
199600	0.28	0.61	0.61	0	0	0.28
199700	0.28	0.61	0.61	0	0	0.28
199800	0.28	0.62	0.62	0	0	0.28
199900	0.28	0.62	0.62	0	0	0.28
200000	0.28	0.62	0.62	0	0	0.28
200100	0.28	0.62	0.62	0	0	0.28
200200	0.28	0.62	0.62	0	0	0.28
200300	0.28	0.62	0.62	0	0	0.28
200400	0.28	0.62	0.62	0	0	0.28
200500	0.28	0.62	0.62	0	0	0.28
200600	0.28	0.62	0.62	0	0	0.28
200700	0.28	0.62	0.62	0	0	0.28
200800	0.28	0.62	0.62	0	0	0.28
200900	0.28	0.62	0.62	0	0	0.28
201000	0.29	0.62	0.62	0	0	0.29
201100	0.28	0.62	0.62	0	0	0.28
201200	0.28	0.62	0.62	0	0	0.28
201300	0.28	0.62	0.62	0	0	0.28
201400	0.28	0.62	0.62	0	0	0.28
201500	0.29	0.63	0.63	0	0	0.29
201600	0.29	0.62	0.62	0	0	0.29
201700	0.29	0.62	0.62	0	0	0.29
201800	0.29	0.62	0.62	0	0	0.29
201900	0.29	0.62	0.62	0	0	0.29
202000	0.3	0.62	0.62	0	0	0.3
202100	0.3	0.62	0.62	0	0	0.3
202200	0.3	0.62	0.62	0	0	0.3
202300	0.3	0.62	0.62	0	0	0.3
202400	0.3	0.62	0.62	0	0	0.3
202500	0.3	0.62	0.62	0	0	0.3
202600	0.3	0.62	0.62	0	0	0.3
202700	0.3	0.62	0.62	0	0	0.3
202800	0.3	0.62	0.62	0	0	0.3
202900	0.3	0.62	0.62	0	0	0.3
203000	0.3	0.62	0.62	0	0	0.3
203100	0.3	0.63	0.63	0	0	0.3
203200	0.3	0.63	0.63	0	0	0.3
203300	0.3	0.63	0.63	0	0	0.3
203400	0.3	0.63	0.63	0	0	0.3
203500	0.3	0.63	0.63	0	0	0.3
203600	0.3	0.63	0.63	0	0	0.3
203700	0.3	0.63	0.63	0	0	0.3
203800	0.3	0.63	0.63	0	0	0.3
203900	0.3	0.63	0.63	0	0	0.3
204000	0.3	0.63	0.63	0	0	0.3
204100	0.3	0.63	0.63	0	0	0.3
204200	0.3	0.63	0.63	0	0	0.3
204300	0.31	0.63	0.63	0	0	0.31
204400	0.31	0.63	0.63	0	0	0.31
204500	0.31	0.63	0.63	0	0	0.31
204600	0.3	0.63	0.63	0	0	0.3
204700	0.3	0.63	0.63	0	0	0.3
204800	0.3	0.63	0.63	0	0	0.3
204900	0.3	0.63	0.63	0	0	0.3
205000	0.3	0.63	0.63	0	0	0.3
205100	0.3	0.63	0.63	0	0	0.3
205200	0.3	0.63	0.63	0	0	0.3
205300	0.3	0.63	0.63	0	0	0.3
205400	0.3	0.63	0.63	0	0	0.3
205500	0.3	0.63	0.63	0	0	0.3
205600	0.3	0.63	0.63	0	0	0.3
205700	0.3	0.63	0.63	0	0	0.3
205800	0.3	0.63	0.63	0	0	0.3
205900	0.3	0.63	0.63	0	0	0.3
206000	0.3	0.63	0.63	0	0	0.3
206100	0.3	0.63	0.63	0	0	0.3
206200	0.3	0.63	0.63	0	0	0.3
206300	0.3	0.63	0.63	0	0	0.3
206400	0.3	0.63	0.63	0	0	0.3
206500	0.3	0.63	0.63	0	0	0.3
206600	0.3	0.63	0.63	0	0	0.3
206700	0.31	0.63	0.63	0	0	0.31
206800	0.31	0.63	0.63	0	0	0.31
206900	0.31	0.63	0.63	0	0	0.31
207000	0.31	0.63	0.63	0	0	0.31
207100	0.31	0.63	0.63	0	0	0.31
207200	0.31	0.63	0.63	0	0	0.31
207300	0.31	0.63	0.63	0	0	0.31
207400	0.31	0.63	0.63	0	0	0.31
207500	0.31	0.63	0.63	0	0	0.31
207600	0.31	0.63	0.63	0	0	0.31
207700	0.31	0.63	0.63	0	0	0.31
207800	0.31	0.63	0.63	0	0	0.31
207900	0.31	0.63	0.63	0	0	0.31
208000	0.31	0.63	0.63	0	0	0.31
208100	0.31	0.63	0.63	0	0	0.31
208200	0.31	0.63	0.63	0	0	0.31
208300	0.31	0.63	0.63	0	0	0.31
208400	0.31	0.63	0.63	0	0	0.31
208500	0.31	0.63	0.63	0	0	0.31
208600	0.31	0.63	0.63	0	0	0.31
208700	0.31	0.63	0.63	0	0	0.31
208800	0.31	0.63	0.63	0	0	0.31
208900	0.31	0.63	0.63	0	0	0.31
209000	0.31	0.63	0.63	0	0	0.31
209100	0.31	0.63	0.63	0	0	0.31
209200	0.31	0.63	0.63	0	0	0.31
209300	0.31	0.63	0.63	0	0	0.31
209400	0.31	0.63	0.63	0	0	0.31
209500	0.31	0.63	0.63	0	0	0.31
209600	0.31	0.63	0.63	0	0	0.31
209700	0.31	0.63	0.63	0	0	0.31
209800	0.31	0.63	0.63	0	0	0.31
209900	0.31	0.63	0.63	0	0	0.31
210000	0.31	0.63	0.63	0	0	0.31
210100	0.31	0.63	0.63	0	0	0.31
210200	0.31	0.63	0.63	0	0	0.31
210300	0.31	0.63	0.63	0	0	0.31
210400	0.31	0.63	0.63	0	0	0.31
210500	0.31	0.63	0.63	0	0	0.31
210600	0.31	0.63	0.63	0	0	0.31
210700	0.31	0.63	0.63	0	0	0.31
210800	0.31	0.63	0.63	0	0	0.31
210900	0.31	0.63	0.63	0	0	0.31
211000	0.31	0.63	0.63	0	0	0.31
211100	0.32	0.63	0.63	0	0	0.32
211200	0.32	0.63	0.63	0	0	0.32
211300	0.32	0.63	0.63	0	0	0.32
211400	0.32	0.63	0.63	0	0	0.32
211500	0.32	0.63	0.63	0	0	0.32
211600	0.32	0.63	0.63	0	0	0.32
211700	0.32	0.63	0.63	0	0	0.32
211800	0.33	0.63	0.63	0	0	0.33
211900	0.33	0.63	0.63	0	0	0.33
212000	0.33	0.63	0.63	0	0	0.33
212100	0.33	0.63	0.63	0	0	0.33
212200	0.33	0.63	0.63	0	0	0.33
212300	0.33	0.63	0.63	0	0	0.33
212400	0.33	0.63	0.63	0	0	0.33
212500	0.33	0.63	0.63	0	0	0.33
212600	0.32	0.63	0.63	0	0	0.32
212700	0.32	0.63	0.63	0	0	0.32
212800	0.32	0.63	0.63	0	0	0.32
212900	0.32	0.63	0.63	0	0	0.32
213000	0.32	0.63	0.63	0	0	0.32
213100	0.32	0.63	0.63	0	0	0.32
213200	0.32	0.63	0.63	0	0	0.32
213300	0.32	0.63	0.63	0	0	0.32
213400	0.32	0.63	0.63	0	0	0.32
213500	0.32	0.63	0.63	0	0	0.32
213600	0.32	0.63	0.63	0	0	0.32
213700	0.32	0.63	0.63	0	0	0.32
213800	0.32	0.63	0.63	0	0	0.32
213900	0.32	0.63	0.63	0	0	0.32
214000	0.33	0.63	0.63	0	0	0.33
214100	0.33	0.63	0.63	0	0	0.33
214200	0.33	0.63	0.63	0	0	0.33
214300	0.33	0.63	0.63	0	0	0.33
214400	0.33	0.63	0.63	0	0	0.33
214500	0.33	0.63	0.63	0	0	0.33
214600	0.33	0.63	0.63	0	0	0.33
214700	0.33	0.63	0.63	0	0	0.33
214800	0.33	0.63	0.63	0	0	0.33
214900	0.33	0.63	0.63	0	0	0.33
215000	0.33	0.63	0.63	0	0	0.33
215100	0.33	0.63	0.63	0	0	0.33
215200	0.33	0.63	0.63	0	0	0.33
215300	0.33	0.63	0.63	0	0	0.33
215400	0.33	0.63	0.63	0	0	0.33
215500	0.33	0.63	0.63	0	0	0.33
215600	0.33	0.63	0.63	0	0	0.33
215700	0.33	0.63	0.63	0	0	0.33
215800	0.33	0.62	0.62	0	0	0.33
215900	0.33	0.62	0.62	0	0	0.33
216000	0.33	0.62	0.62	0	0	0.33
216100	0.33	0.62	0.62	0	0	0.33
216200	0.33	0.62	0.62	0	0	0.33
216300	0.33	0.62	0.62	0	0	0.33
216400	0.33	0.62	0.62	0	0	0.33
216500	0.33	0.62	0.62	0	0	0.33
216600	0.33	0.62	0.62	0	0	0.33
216700	0.33	0.62	0.62	0	0	0.33
216800	0.33	0.62	0.62	0	0	0.33
216900	0.33	0.62	0.62	0	0	0.33
217000	0.33	0.62	0.62	0	0	0.33
217100	0.33	0.62	0.62	0	0	0.33
217200	0.33	0.62	0.62	0	0	0.33
217300	0.33	0.62	0.62	0	0	0.33
217400	0.34	0.62	0.62	0	0	0.34
217500	0.34	0.62	0.62	0	0	0.34
217600	0.34	0.62	0.62	0	0	0.34
217700	0.34	0.62	0.62	0	0	0.34
217800	0.34	0.62	0.62	0	0	0.34
217900	0.33	0.62	0.62	0	0	0.33
218000	0.33	0.62	0.62	0	0	0.33
218100	0.33	0.62	0.62	0	0	0.33
218200	0.33	0.62	0.62	0	0	0.33
218300	0.33	0.62	0.62	0	0	0.33
218400	0.33	0.62	0.62	0	0	0.33
218500	0.33	0.62	0.62	0	0	0.33
218600	0.33	0.62	0.62	0	0	0.33
218700	0.33	0.62	0.62	0	0	0.33
218800	0.33	0.62	0.62	0	0	0.33
218900	0.33	0.62	0.62	0	0	0.33
219000	0.33	0.62	0.62	0	0	0.33
219100	0.33	0.62	0.62	0	0	0.33
219200	0.33	0.62	0.62	0	0	0.33
219300	0.33	0.62	0.62	0	0	0.33
219400	0.33	0.62	0.62	0	0	0.33
219500	0.33	0.62	0.62	0	0	0.33
219600	0.33	0.62	0.62	0	0	0.33
219700	0.33	0.62	0.62	0	0	0.33
219800	0.33	0.62	0.62	0	0	0.33
219900	0.33	0.62	0.62	0	0	0.33
220000	0.33	0.62	0.62	0	0	0.33
220100	0.33	0.62	0.62	0	0	0.33
220200	0.33	0.62	0.62	0	0	0.33
220300	0.33	0.62	0.62	0	0	0.33
220400	0.33	0.62	0.62	0	0	0.33
220500	0.33	0.62	0.62	0	0	0.33
220600	0.33	0.62	0.62	0	0	0.33
220700	0.33	0.62	0.62	0	0	0.33
220800	0.33	0.62	0.62	0	0	0.33
220900	0.33	0.62	0.62	0	0	0.33
221000	0.33	0.62	0.62	0	0	0.33
221100	0.33	0.62	0.62	0	0	0.33
221200	0.33	0.62	0.62	0	0	0.33
221300	0.33	0.62	0.62	0	0	0.33
221400	0.33	0.62	0.62	0	0	0.33
221500	0.33	0.62	0.62	0	0	0.33
221600	0.33	0.62	0.62	0	0	0.33
221700	0.33	0.62	0.62	0	0	0.33
221800	0.34	0.62	0.62	0	0	0.34
221900	0.34	0.62	0.62	0	0	0.34
222000	0.34	0.62	0.62	0	0	0.34
222100	0.34	0.62	0.62	0	0	0.34
222200	0.35	0.62	0.62	0	0	0.35
222300	0.34	0.62	0.62	0	0	0.34
222400	0.34	0.62	0.62	0	0	0.34
222500	0.34	0.62	0.62	0	0	0.34
222600	0.34	0.62	0.62	0	0	0.34
222700	0.33	0.62	0.62	0	0	0.33
222800	0.33	0.62	0.62	0	0	0.33
222900	0.33	0.62	0.62	0	0	0.33
223000	0.33	0.62	0.62	0	0	0.33
223100	0.33	0.62	0.62	0	0	0.33
223200	0.33	0.62	0.62	0	0	0.33
223300	0.33	0.62	0.62	0	0	0.33
223400	0.33	0.62	0.62	0	0	0.33
223500	0.33	0.62	0.62	0	0	0.33
223600	0.33	0.62	0.62	0	0	0.33
223700	0.33	0.62	0.62	0	0	0.33
223800	0.33	0.62	0.62	0	0	0.33
223900	0.33	0.62	0.62	0	0	0.33
224000	0.33	0.62	0.62	0	0	0.33
224100	0.33	0.62	0.62	0	0	0.33
224200	0.32	0.62	0.62	0	0	0.32
224300	0.32	0.62	0.62	0	0	0.32
224400	0.32	0.62	0.62	0	0	0.32
224500	0.32	0.62	0.62	0	0	0.32
224600	0.32	0.62	0.62	0	0	0.32
224700	0.32	0.62	0.62	0	0	0.32
224800	0.32	0.62	0.62	0	0	0.32
224900	0.32	0.62	0.62	0	0	0.32
225000	0.32	0.62	0.62	0	0	0.32
225100	0.32	0.62	0.62	0	0	0.32
225200	0.32	0.62	0.62	0	0	0.32
225300	0.32	0.62	0.62	0	0	0.32
225400	0.32	0.62	0.62	0	0	0.32
225500	0.32	0.62	0.62	0	0	0.32
225600	0.32	0.62	0.62	0	0	0.32
225700	0.32	0.62	0.62	0	0	0.32
225800	0.32	0.62	0.62	0	0	0.32
225900	0.32	0.62	0.62	0	0	0.32
226000	0.32	0.62	0.62	0	0	0.32
226100	0.32	0.62	0.62	0	0	0.32
226200	0.32	0.62	0.62	0	0	0.32
226300	0.32	0.62	0.62	0	0	0.32
226400	0.32	0.62	0.62	0	0	0.32
226500	0.32	0.62	0.62	0	0	0.32
226600	0.32	0.62	0.62	0	0	0.32
226700	0.32	0.62	0.62	0	0	0.32
226800	0.32	0.62	0.62	0	0	0.32
226900	0.32	0.62	0.62	0	0	0.32
227000	0.33	0.62	0.62	0	0	0.33
227100	0.33	0.62	0.62	0	0	0.33
227200	0.33	0.62	0.62	0	0	0.33
227300	0.33	0.62	0.62	0	0	0.33
227400	0.32	0.62	0.62	0	0	0.32
227500	0.32	0.62	0.62	0	0	0.32
227600	0.32	0.62	0.62	0	0	0.32
227700	0.32	0.62	0.62	0	0	0.32
227800	0.32	0.62	0.62	0	0	0.32
227900	0.32	0.62	0.62	0	0	0.32
228000	0.32	0.62	0.62	0	0	0.32
228100	0.32	0.62	0.62	0	0	0.32
228200	0.32	0.62	0.62	0	0	0.32
228300	0.32	0.62	0.62	0	0	0.32
228400	0.33	0.62	0.62	0	0	0.33
228500	0.33	0.62	0.62	0	0	0.33
228600	0.33	0.62	0.62	0	0	0.33
228700	0.33	0.62	0.62	0	0	0.33
228800	0.34	0.62	0.62	0	0	0.34
228900	0.34	0.62	0.62	0	0	0.34
229000	0.34	0.62	0.62	0	0	0.34
229100	0.34	0.62	0.62	0	0	0.34
229200	0.34	0.62	0.62	0	0	0.34
229300	0.33	0.62	0.62	0	0	0.33
229400	0.33	0.62	0.62	0	0	0.33
229500	0.33	0.62	0.62	0	0	0.33
229600	0.33	0.62	0.62	0	0	0.33
229700	0.33	0.62	0.62	0	0	0.33
229800	0.33	0.62	0.62	0	0	0.33
229900	0.33	0.62	0.62	0	0	0.33
230000	0.33	0.62	0.62	0	0	0.33
230100	0.33	0.62	0.62	0	0	0.33
230200	0.33	0.62	0.62	0	0	0.33
230300	0.33	0.62	0.62	0	0	0.33
230400	0.33	0.62	0.62	0	0	0.33
230500	0.33	0.62	0.62	0	0	0.33
230600	0.33	0.62	0.62	0	0	0.33
230700	0.33	0.62	0.62	0	0	0.33
230800	0.33	0.62	0.62	0	0	0.33
230900	0.33	0.62	0.62	0	0	0.33
231000	0.33	0.62	0.62	0	0	0.33
231100	0.33	0.62	0.62	0	0	0.33
231200	0.33	0.62	0.62	0	0	0.33
231300	0.33	0.62	0.62	0	0	0.33
231400	0.32	0.62	0.62	0	0	0.32
231500	0.33	0.62	0.62	0	0	0.33
231600	0.33	0.62	0.62	0	0	0.33
231700	0.33	0.62	0.62	0	0	0.33
231800	0.33	0.62	0.62	0	0	0.33
231900	0.34	0.62	0.62	0	0	0.34
232000	0.34	0.62	0.62	0	0	0.34
232100	0.34	0.62	0.62	0	0	0.34
232200	0.34	0.62	0.62	0	0	0.34
232300	0.33	0.62	0.62	0	0	0.33
232400	0.33	0.62	0.62	0	0	0.33
232500	0.33	0.62	0.62	0	0	0.33
232600	0.33	0.62	0.62	0	0	0.33
232700	0.33	0.62	0.62	0	0	0.33
232800	0.33	0.62	0.62	0	0	0.33
232900	0.33	0.62	0.62	0	0	0.33
233000	0.33	0.62	0.62	0	0	0.33
233100	0.33	0.62	0.62	0	0	0.33
233200	0.33	0.62	0.62	0	0	0.33
233300	0.34	0.62	0.62	0	0	0.34
233400	0.34	0.62	0.62	0	0	0.34
233500	0.34	0.62	0.62	0	0	0.34
233600	0.34	0.62	0.62	0	0	0.34
233700	0.34	0.62	0.62	0	0	0.34
233800	0.34	0.62	0.62	0	0	0.34
233900	0.33	0.62	0.62	0	0	0.33
234000	0.33	0.62	0.62	0	0	0.33
234100	0.33	0.62	0.62	0	0	0.33
234200	0.33	0.62	0.62	0	0	0.33
234300	0.33	0.62	0.62	0	0	0.33
234400	0.33	0.62	0.62	0	0	0.33
234500	0.33	0.62	0.62	0	0	0.33
234600	0.33	0.62	0.62	0	0	0.33
234700	0.33	0.62	0.62	0	0	0.33
234800	0.33	0.62	0.62	0	0	0.33
234900	0.33	0.62	0.62	0	0	0.33
235000	0.33	0.62	0.62	0	0	0.33
235100	0.33	0.62	0.62	0	0	0.33
235200	0.33	0.62	0.62	0	0	0.33
235300	0.33	0.62	0.62	0	0	0.33
235400	0.33	0.62	0.62	0	0	0.33
235500	0.33	0.62	0.62	0	0	0.33
235600	0.33	0.62	0.62	0	0	0.33
235700	0.33	0.62	0.62	0	0	0.33
235800	0.33	0.62	0.62	0	0	0.33
235900	0.33	0.62	0.62	0	0	0.33
236000	0.33	0.62	0.62	0	0	0.33
236100	0.33	0.62	0.62	0	0	0.33
236200	0.33	0.62	0.62	0	0	0.33
236300	0.33	0.62	0.62	0	0	0.33
236400	0.33	0.63	0.63	0	0	0.33
236500	0.33	0.63	0.63	0	0	0.33
236600	0.33	0.63	0.63	0	0	0.33
236700	0.33	0.63	0.63	0	0	0.33
236800	0.33	0.63	0.63	0	0	0.33
236900	0.33	0.63	0.63	0	0	0.33
237000	0.33	0.63	0.63	0	0	0.33
237100	0.33	0.63	0.63	0	0	0.33
237200	0.33	0.63	0.63	0	0	0.33
237300	0.33	0.63	0.63	0	0	0.33
237400	0.33	0.63	0.63	0	0	0.33
237500	0.33	0.63	0.63	0	0	0.33
237600	0.33	0.63	0.63	0	0	0.33
237700	0.33	0.63	0.63	0	0	0.33
237800	0.33	0.63	0.63	0	0	0.33
237900	0.33	0.63	0.63	0	0	0.33
238000	0.33	0.63	0.63	0	0	0.33
238100	0.33	0.63	0.63	0	0	0.33
238200	0.33	0.63	0.63	0	0	0.33
238300	0.33	0.63	0.63	0	0	0.33
238400	0.33	0.63	0.63	0	0	0.33
238500	0.33	0.63	0.63	0	0	0.33
238600	0.33	0.63	0.63	0	0	0.33
238700	0.33	0.63	0.63	0	0	0.33
238800	0.33	0.63	0.63	0	0	0.33
238900	0.33	0.63	0.63	0	0	0.33
239000	0.33	0.63	0.63	0	0	0.33
239100	0.33	0.63	0.63	0	0	0.33
239200	0.33	0.63	0.63	0	0	0.33
239300	0.33	0.63	0.63	0	0	0.33
239400	0.33	0.63	0.63	0	0	0.33
239500	0.33	0.63	0.63	0	0	0.33
239600	0.33	0.63	0.63	0	0	0.33
239700	0.33	0.63	0.63	0	0	0.33
239800	0.33	0.63	0.63	0	0	0.33
239900	0.33	0.63	0.63	0	0	0.33
240000	0.33	0.63	0.63	0	0	0.33
240100	0.33	0.63	0.63	0	0	0.33
240200	0.33	0.63	0.63	0	0	0.33
240300	0.33	0.63	0.63	0	0	0.33
240400	0.33	0.63	0.63	0	0	0.33
240500	0.33	0.63	0.63	0	0	0.33
240600	0.33	0.63	0.63	0	0	0.33
240700	0.33	0.63	0.63	0	0	0.33
240800	0.33	0.62	0.62	0	0	0.33
240900	0.33	0.62	0.62	0	0	0.33
241000	0.33	0.62	0.62	0	0	0.33
241100	0.33	0.62	0.62	0	0	0.33
241200	0.33	0.62	0.62	0	0	0.33
241300	0.33	0.62	0.62	0	0	0.33
241400	0.33	0.62	0.62	0	0	0.33
241500	0.33	0.62	0.62	0	0	0.33
241600	0.33	0.62	0.62	0	0	0.33
241700	0.33	0.62	0.62	0	0	0.33
241800	0.33	0.62	0.62	0	0	0.33
241900	0.33	0.63	0.63	0	0	0.33
242000	0.33	0.63	0.63	0	0	0.33
242100	0.33	0.63	0.63	0	0	0.33
242200	0.33	0.63	0.63	0	0	0.33
242300	0.33	0.63	0.63	0	0	0.33
242400	0.33	0.63	0.63	0	0	0.33
242500	0.32	0.63	0.63	0	0	0.32
242600	0.32	0.63	0.63	0	0	0.32
242700	0.32	0.63	0.63	0	0	0.32
242800	0.32	0.63	0.63	0	0	0.32
242900	0.32	0.63	0.63	0	0	0.32
243000	0.32	0.63	0.63	0	0	0.32
243100	0.32	0.63	0.63	0	0	0.32
243200	0.32	0.63	0.63	0	0	0.32
243300	0.32	0.63	0.63	0	0	0.32
243400	0.32	0.63	0.63	0	0	0.32
243500	0.32	0.63	0.63	0	0	0.32
243600	0.32	0.63	0.63	0	0	0.32
243700	0.33	0.63	0.63	0	0	0.33
243800	0.33	0.63	0.63	0	0	0.33
243900	0.33	0.63	0.63	0	0	0.33
244000	0.33	0.63	0.63	0	0	0.33
244100	0.33	0.63	0.63	0	0	0.33
244200	0.33	0.63	0.63	0	0	0.33
244300	0.33	0.63	0.63	0	0	0.33
244400	0.33	0.63	0.63	0	0	0.33
244500	0.33	0.63	0.63	0	0	0.33
244600	0.33	0.63	0.63	0	0	0.33
244700	0.33	0.63	0.63	0	0	0.33
244800	0.33	0.63	0.63	0	0	0.33
244900	0.33	0.63	0.63	0	0	0.33
245000	0.34	0.63	0.63	0	0	0.34
245100	0.34	0.63	0.63	0	0	0.34
245200	0.35	0.63	0.63	0	0	0.35
245300	0.35	0.63	0.63	0	0	0.35
245400	0.35	0.63	0.63	0	0	0.35
245500	0.35	0.63	0.63	0	0	0.35
245600	0.35	0.63	0.63	0	0	0.35
245700	0.35	0.63	0.63	0	0	0.35
245800	0.35	0.63	0.63	0	0	0.35
245900	0.35	0.63	0.63	0	0	0.35
246000	0.35	0.63	0.63	0	0	0.35
246100	0.35	0.63	0.63	0	0	0.35
246200	0.35	0.63	0.63	0	0	0.35
246300	0.35	0.63	0.63	0	0	0.35
246400	0.35	0.63	0.63	0	0	0.35
246500	0.35	0.63	0.63	0	0	0.35
246600	0.35	0.63	0.63	0	0	0.35
246700	0.35	0.63	0.63	0	0	0.35
246800	0.35	0.63	0.63	0	0	0.35
246900	0.35	0.63	0.63	0	0	0.35
247000	0.35	0.63	0.63	0	0	0.35
247100	0.35	0.63	0.63	0	0	0.35
247200	0.34	0.63	0.63	0	0	0.34
247300	0.34	0.63	0.63	0	0	0.34
247400	0.34	0.63	0.63	0	0	0.34
247500	0.34	0.63	0.63	0	0	0.34
247600	0.34	0.63	0.63	0	0	0.34
247700	0.34	0.63	0.63	0	0	0.34
247800	0.34	0.63	0.63	0	0	0.34
247900	0.34	0.63	0.63	0	0	0.34
248000	0.34	0.63	0.63	0	0	0.34
248100	0.34	0.63	0.63	0	0	0.34
248200	0.34	0.63	0.63	0	0	0.34
248300	0.34	0.63	0.63	0	0	0.34
248400	0.34	0.63	0.63	0	0	0.34
248500	0.34	0.63	0.63	0	0	0.34
248600	0.34	0.63	0.63	0	0	0.34
248700	0.34	0.63	0.63	0	0	0.34
248800	0.34	0.63	0.63	0	0	0.34
248900	0.34	0.63	0.63	0	0	0.34
249000	0.34	0.63	0.63	0	0	0.34
249100	0.34	0.63	0.63	0	0	0.34
249200	0.34	0.63	0.63	0	0	0.34
249300	0.34	0.63	0.63	0	0	0.34
249400	0.34	0.63	0.63	0	0	0.34
249500	0.34	0.63	0.63	0	0	0.34
249600	0.34	0.63	0.63	0	0	0.34
249700	0.34	0.63	0.63	0	0	0.34
249800	0.34	0.63	0.63	0	0	0.34
249900	0.34	0.63	0.63	0	0	0.34
250000	0.34	0.63	0.63	0	0	0.34
250100	0.34	0.63	0.63	0	0	0.34
250200	0.34	0.63	0.63	0	0	0.34
250300	0.34	0.63	0.63	0	0	0.34
250400	0.34	0.63	0.63	0	0	0.34
250500	0.34	0.63	0.63	0	0	0.34
250600	0.34	0.63	0.63	0	0	0.34
250700	0.34	0.63	0.63	0	0	0.34
250800	0.34	0.63	0.63	0	0	0.34
250900	0.34	0.63	0.63	0	0	0.34
251000	0.34	0.63	0.63	0	0	0.34
251100	0.34	0.63	0.63	0	0	0.34
251200	0.34	0.63	0.63	0	0	0.34
251300	0.34	0.63	0.63	0	0	0.34
251400	0.34	0.63	0.63	0	0	0.34
251500	0.34	0.63	0.63	0	0	0.34
251600	0.34	0.63	0.63	0	0	0.34
251700	0.34	0.62	0.62	0	0	0.34
251800	0.34	0.62	0.62	0	0	0.34
251900	0.34	0.62	0.62	0	0	0.34
252000	0.34	0.63	0.63	0	0	0.34
252100	0.34	0.63	0.63	0	0	0.34
252200	0.34	0.63	0.63	0	0	0.34
252300	0.34	0.63	0.63	0	0	0.34
252400	0.34	0.63	0.63	0	0	0.34
252500	0.34	0.63	0.63	0	0	0.34
252600	0.34	0.63	0.63	0	0	0.34
252700	0.34	0.63	0.63	0	0	0.34
252800	0.34	0.63	0.63	0	0	0.34
252900	0.34	0.63	0.63	0	0	0.34
253000	0.34	0.63	0.63	0	0	0.34
253100	0.34	0.63	0.63	0	0	0.34
253200	0.34	0.63	0.63	0	0	0.34
253300	0.34	0.63	0.63	0	0	0.34
253400	0.34	0.63	0.63	0	0	0.34
253500	0.34	0.63	0.63	0	0	0.34
253600	0.34	0.63	0.63	0	0	0.34
253700	0.34	0.63	0.63	0	0	0.34
253800	0.34	0.63	0.63	0	0	0.34
253900	0.34	0.63	0.63	0	0	0.34
254000	0.34	0.63	0.63	0	0	0.34
254100	0.34	0.63	0.63	0	0	0.34
254200	0.34	0.63	0.63	0	0	0.34
254300	0.34	0.63	0.63	0	0	0.34
254400	0.34	0.63	0.63	0	0	0.34
254500	0.34	0.63	0.63	0	0	0.34
254600	0.34	0.63	0.63	0	0	0.34
254700	0.34	0.63	0.63	0	0	0.34
254800	0.34	0.63	0.63	0	0	0.34
254900	0.34	0.63	0.63	0	0	0.34
255000	0.34	0.63	0.63	0	0	0.34
255100	0.34	0.63	0.63	0	0	0.34
255200	0.34	0.63	0.63	0	0	0.34
255300	0.34	0.63	0.63	0	0	0.34
255400	0.34	0.63	0.63	0	0	0.34
255500	0.34	0.63	0.63	0	0	0.34
255600	0.34	0.63	0.63	0	0	0.34
255700	0.34	0.63	0.63	0	0	0.34
255800	0.34	0.63	0.63	0	0	0.34
255900	0.34	0.63	0.63	0	0	0.34
256000	0.34	0.63	0.63	0	0	0.34
256100	0.34	0.63	0.63	0	0	0.34
256200	0.34	0.63	0.63	0	0	0.34
256300	0.34	0.63	0.63	0	0	0.34
256400	0.34	0.63	0.63	0	0	0.34
256500	0.34	0.63	0.63	0	0	0.34
256600	0.34	0.63	0.63	0	0	0.34
256700	0.35	0.63	0.63	0	0	0.35
256800	0.35	0.63	0.63	0	0	0.35
256900	0.35	0.63	0.63	0	0	0.35
257000	0.35	0.63	0.63	0	0	0.35
257100	0.35	0.63	0.63	0	0	0.35
257200	0.35	0.63	0.63	0	0	0.35
257300	0.35	0.63	0.63	0	0	0.35
257400	0.34	0.63	0.63	0	0	0.34
257500	0.34	0.63	0.63	0	0	0.34
257600	0.34	0.63	0.63	0	0	0.34
257700	0.34	0.63	0.63	0	0	0.34
257800	0.34	0.63	0.63	0	0	0.34
257900	0.34	0.63	0.63	0	0	0.34
258000	0.34	0.63	0.63	0	0	0.34
258100	0.34	0.63	0.63	0	0	0.34
258200	0.34	0.63	0.63	0	0	0.34
258300	0.34	0.63	0.63	0	0	0.34
258400	0.34	0.63	0.63	0	0	0.34
258500	0.34	0.63	0.63	0	0	0.34
258600	0.34	0.63	0.63	0	0	0.34
258700	0.34	0.63	0.63	0	0	0.34
258800	0.34	0.63	0.63	0	0	0.34
258900	0.34	0.63	0.63	0	0	0.34
259000	0.34	0.63	0.63	0	0	0.34
259100	0.34	0.63	0.63	0	0	0.34
259200	0.34	0.63	0.63	0	0	0.34
259300	0.34	0.63	0.63	0	0	0.34
259400	0.34	0.63	0.63	0	0	0.34
259500	0.34	0.63	0.63	0	0	0.34
259600	0.34	0.63	0.63	0	0	0.34
259700	0.34	0.63	0.63	0	0	0.34
259800	0.34	0.63	0.63	0	0	0.34
259900	0.34	0.63	0.63	0	0	0.34
260000	0.34	0.63	0.63	0	0	0.34
260100	0.34	0.63	0.63	0	0	0.34
260200	0.34	0.63	0.63	0	0	0.34
260300	0.34	0.63	0.63	0	0	0.34
260400	0.34	0.63	0.63	0	0	0.34
260500	0.34	0.63	0.63	0	0	0.34
260600	0.34	0.63	0.63	0	0	0.34
260700	0.34	0.63	0.63	0	0	0.34
260800	0.34	0.63	0.63	0	0	0.34
260900	0.34	0.63	0.63	0	0	0.34
261000	0.34	0.63	0.63	0	0	0.34
261100	0.34	0.63	0.63	0	0	0.34
261200	0.34	0.63	0.63	0	0	0.34
261300	0.34	0.63	0.63	0	0	0.34
261400	0.34	0.63	0.63	0	0	0.34
261500	0.34	0.63	0.63	0	0	0.34
261600	0.34	0.63	0.63	0	0	0.34
261700	0.34	0.63	0.63	0	0	0.34
261800	0.34	0.63	0.63	0	0	0.34
261900	0.34	0.63	0.63	0	0	0.34
262000	0.34	0.63	0.63	0	0	0.34
262100	0.34	0.63	0.63	0	0	0.34
262200	0.34	0.63	0.63	0	0	0.34
262300	0.34	0.63	0.63	0	0	0.34
262400	0.34	0.63	0.63	0	0	0.34
262500	0.34	0.63	0.63	0	0	0.34
262600	0.34	0.63	0.63	0	0	0.34
262700	0.34	0.63	0.63	0	0	0.34
262800	0.34	0.63	0.63	0	0	0.34
262900	0.34	0.63	0.63	0	0	0.34
263000	0.34	0.63	0.63	0	0	0.34
263100	0.34	0.63	0.63	0	0	0.34
263200	0.34	0.63	0.63	0	0	0.34
263300	0.34	0.63	0.63	0	0	0.34
263400	0.34	0.63	0.63	0	0	0.34
263500	0.34	0.63	0.63	0	0	0.34
263600	0.34	0.63	0.63	0	0	0.34
263700	0.34	0.63	0.63	0	0	0.34
263800	0.34	0.63	0.63	0	0	0.34
263900	0.34	0.63	0.63	0	0	0.34
264000	0.34	0.63	0.63	0	0	0.34
264100	0.34	0.63	0.63	0	0	0.34
264200	0.34	0.63	0.63	0	0	0.34
264300	0.34	0.63	0.63	0	0	0.34
264400	0.34	0.63	0.63	0	0	0.34
264500	0.34	0.63	0.63	0	0	0.34
264600	0.34	0.63	0.63	0	0	0.34
264700	0.34	0.63	0.63	0	0	0.34
264800	0.34	0.63	0.63	0	0	0.34
264900	0.34	0.63	0.63	0	0	0.34
265000	0.34	0.63	0.63	0	0	0.34
265100	0.34	0.63	0.63	0	0	0.34
265200	0.34	0.63	0.63	0	0	0.34
265300	0.34	0.63	0.63	0	0	0.34
265400	0.34	0.63	0.63	0	0	0.34
265500	0.34	0.63	0.63	0	0	0.34
265600	0.34	0.63	0.63	0	0	0.34
265700	0.34	0.63	0.63	0	0	0.34
265800	0.34	0.63	0.63	0	0	0.34
265900	0.34	0.63	0.63	0	0	0.34
266000	0.34	0.63	0.63	0	0	0.34
266100	0.34	0.63	0.63	0	0	0.34
266200	0.34	0.63	0.63	0	0	0.34
266300	0.34	0.63	0.63	0	0	0.34
266400	0.34	0.63	0.63	0	0	0.34
266500	0.34	0.63	0.63	0	0	0.34
266600	0.34	0.63	0.63	0	0	0.34
266700	0.34	0.63	0.63	0	0	0.34
266800	0.34	0.63	0.63	0	0	0.34
266900	0.35	0.63	0.63	0	0	0.35
267000	0.34	0.63	0.63	0	0	0.34
267100	0.34	0.63	0.63	0	0	0.34
267200	0.34	0.63	0.63	0	0	0.34
267300	0.34	0.63	0.63	0	0	0.34
267400	0.34	0.63	0.63	0	0	0.34
267500	0.34	0.63	0.63	0	0	0.34
267600	0.34	0.63	0.63	0	0	0.34
267700	0.34	0.63	0.63	0	0	0.34
267800	0.34	0.63	0.63	0	0	0.34
267900	0.34	0.63	0.63	0	0	0.34
268000	0.34	0.63	0.63	0	0	0.34
268100	0.34	0.63	0.63	0	0	0.34
268200	0.35	0.63	0.63	0	0	0.35
268300	0.35	0.63	0.63	0	0	0.35
268400	0.35	0.63	0.63	0	0	0.35
268500	0.34	0.63	0.63	0	0	0.34
268600	0.34	0.63	0.63	0	0	0.34
268700	0.34	0.63	0.63	0	0	0.34
268800	0.34	0.63	0.63	0	0	0.34
268900	0.34	0.63	0.63	0	0	0.34
269000	0.34	0.63	0.63	0	0	0.34
269100	0.34	0.63	0.63	0	0	0.34
269200	0.34	0.63	0.63	0	0	0.34
269300	0.34	0.63	0.63	0	0	0.34
269400	0.34	0.63	0.63	0	0	0.34
269500	0.34	0.63	0.63	0	0	0.34
269600	0.34	0.63	0.63	0	0	0.34
269700	0.34	0.63	0.63	0	0	0.34
269800	0.34	0.63	0.63	0	0	0.34
269900	0.34	0.63	0.63	0	0	0.34
270000	0.34	0.63	0.63	0	0	0.34
270100	0.34	0.63	0.63	0	0	0.34
270200	0.34	0.63	0.63	0	0	0.34
270300	0.34	0.63	0.63	0	0	0.34
270400	0.34	0.63	0.63	0	0	0.34
270500	0.34	0.63	0.63	0	0	0.34
270600	0.34	0.63	0.63	0	0	0.34
270700	0.34	0.63	0.63	0	0	0.34
270800	0.34	0.63	0.63	0	0	0.34
270900	0.34	0.63	0.63	0	0	0.34
271000	0.34	0.63	0.63	0	0	0.34
271100	0.34	0.63	0.63	0	0	0.34
271200	0.34	0.63	0.63	0	0	0.34
271300	0.34	0.63	0.63	0	0	0.34
271400	0.34	0.63	0.63	0	0	0.34
271500	0.34	0.63	0.63	0	0	0.34
271600	0.34	0.63	0.63	0	0	0.34
271700	0.34	0.63	0.63	0	0	0.34
271800	0.34	0.63	0.63	0	0	0.34
271900	0.34	0.63	0.63	0	0	0.34
272000	0.34	0.63	0.63	0	0	0.34
272100	0.34	0.63	0.63	0	0	0.34
272200	0.34	0.63	0.63	0	0	0.34
272300	0.34	0.63	0.63	0	0	0.34
272400	0.34	0.63	0.63	0	0	0.34
272500	0.34	0.63	0.63	0	0	0.34
272600	0.34	0.63	0.63	0	0	0.34
272700	0.34	0.63	0.63	0	0	0.34
272800	0.34	0.63	0.63	0	0	0.34
272900	0.34	0.63	0.63	0	0	0.34
273000	0.34	0.63	0.63	0	0	0.34
273100	0.34	0.63	0.63	0	0	0.34
273200	0.34	0.63	0.63	0	0	0.34
273300	0.34	0.63	0.63	0	0	0.34
273400	0.34	0.63	0.63	0	0	0.34
273500	0.34	0.63	0.63	0	0	0.34
273600	0.34	0.63	0.63	0	0	0.34
273700	0.34	0.63	0.63	0	0	0.34
273800	0.34	0.63	0.63	0	0	0.34
273900	0.34	0.63	0.63	0	0	0.34
274000	0.34	0.63	0.63	0	0	0.34
274100	0.34	0.63	0.63	0	0	0.34
274200	0.34	0.63	0.63	0	0	0.34
274300	0.34	0.63	0.63	0	0	0.34
274400	0.34	0.63	0.63	0	0	0.34
274500	0.34	0.63	0.63	0	0	0.34
274600	0.34	0.63	0.63	0	0	0.34
274700	0.34	0.63	0.63	0	0	0.34
274800	0.34	0.63	0.63	0	0	0.34
274900	0.34	0.63	0.63	0	0	0.34
275000	0.34	0.63	0.63	0	0	0.34
275100	0.34	0.63	0.63	0	0	0.34
275200	0.34	0.63	0.63	0	0	0.34
275300	0.34	0.63	0.63	0	0	0.34
275400	0.34	0.63	0.63	0	0	0.34
275500	0.34	0.63	0.63	0	0	0.34
275600	0.34	0.63	0.63	0	0	0.34
275700	0.34	0.63	0.63	0	0	0.34
275800	0.34	0.63	0.63	0	0	0.34
275900	0.34	0.63	0.63	0	0	0.34
276000	0.34	0.63	0.63	0	0	0.34
276100	0.34	0.63	0.63	0	0	0.34
276200	0.34	0.63	0.63	0	0	0.34
276300	0.34	0.63	0.63	0	0	0.34
276400	0.34	0.63	0.63	0	0	0.34
276500	0.34	0.63	0.63	0	0	0.34
276600	0.34	0.63	0.63	0	0	0.34
276700	0.34	0.63	0.63	0	0	0.34
276800	0.34	0.63	0.63	0	0	0.34
276900	0.34	0.63	0.63	0	0	0.34
277000	0.34	0.63	0.63	0	0	0.34
277100	0.34	0.63	0.63	0	0	0.34
277200	0.34	0.63	0.63	0	0	0.34
277300	0.35	0.63	0.63	0	0	0.35
277400	0.35	0.63	0.63	0	0	0.35
277500	0.35	0.63	0.63	0	0	0.35
277600	0.35	0.63	0.63	0	0	0.35
277700	0.35	0.63	0.63	0	0	0.35
277800	0.35	0.63	0.63	0	0	0.35
277900	0.35	0.63	0.63	0	0	0.35
278000	0.35	0.63	0.63	0	0	0.35
278100	0.35	0.63	0.63	0	0	0.35
278200	0.35	0.63	0.63	0	0	0.35
278300	0.35	0.63	0.63	0	0	0.35
278400	0.35	0.63	0.63	0	0	0.35
278500	0.35	0.63	0.63	0	0	0.35
278600	0.35	0.63	0.63	0	0	0.35
278700	0.35	0.63	0.63	0	0	0.35
278800	0.35	0.63	0.63	0	0	0.35
278900	0.35	0.63	0.63	0	0	0.35
279000	0.35	0.63	0.63	0	0	0.35
279100	0.35	0.63	0.63	0	0	0.35
279200	0.35	0.63	0.63	0	0	0.35
279300	0.35	0.63	0.63	0	0	0.35
279400	0.35	0.63	0.63	0	0	0.35
279500	0.35	0.63	0.63	0	0	0.35
279600	0.35	0.63	0.63	0	0	0.35
279700	0.35	0.63	0.63	0	0	0.35
279800	0.35	0.63	0.63	0	0	0.35
279900	0.35	0.63	0.63	0	0	0.35
280000	0.35	0.63	0.63	0	0	0.35
280100	0.35	0.63	0.63	0	0	0.35
280200	0.35	0.63	0.63	0	0	0.35
280300	0.35	0.63	0.63	0	0	0.35
280400	0.35	0.63	0.63	0	0	0.35
280500	0.35	0.63	0.63	0	0	0.35
280600	0.35	0.63	0.63	0	0	0.35
280700	0.35	0.63	0.63	0	0	0.35
280800	0.35	0.63	0.63	0	0	0.35
280900	0.35	0.63	0.63	0	0	0.35
281000	0.35	0.63	0.63	0	0	0.35
281100	0.35	0.63	0.63	0	0	0.35
281200	0.35	0.63	0.63	0	0	0.35
281300	0.35	0.63	0.63	0	0	0.35
281400	0.35	0.63	0.63	0	0	0.35
281500	0.35	0.63	0.63	0	0	0.35
281600	0.35	0.63	0.63	0	0	0.35
281700	0.35	0.63	0.63	0	0	0.35
281800	0.35	0.63	0.63	0	0	0.35
281900	0.35	0.63	0.63	0	0	0.35
282000	0.35	0.63	0.63	0	0	0.35
282100	0.35	0.63	0.63	0	0	0.35
282200	0.35	0.63	0.63	0	0	0.35
282300	0.35	0.63	0.63	0	0	0.35
282400	0.35	0.63	0.63	0	0	0.35
282500	0.35	0.63	0.63	0	0	0.35
282600	0.35	0.63	0.63	0	0	0.35
282700	0.35	0.63	0.63	0	0	0.35
282800	0.35	0.63	0.63	0	0	0.35
282900	0.35	0.63	0.63	0	0	0.35
283000	0.35	0.63	0.63	0	0	0.35
283100	0.35	0.63	0.63	0	0	0.35
283200	0.35	0.63	0.63	0	0	0.35
283300	0.35	0.63	0.63	0	0	0.35
283400	0.35	0.63	0.63	0	0	0.35
283500	0.35	0.63	0.63	0	0	0.35
283600	0.35	0.63	0.63	0	0	0.35
283700	0.35	0.63	0.63	0	0	0.35
283800	0.35	0.63	0.63	0	0	0.35
283900	0.35	0.63	0.63	0	0	0.35
284000	0.35	0.63	0.63	0	0	0.35
284100	0.35	0.63	0.63	0	0	0.35
284200	0.35	0.63	0.63	0	0	0.35
284300	0.35	0.63	0.63	0	0	0.35
284400	0.35	0.63	0.63	0	0	0.35
284500	0.35	0.63	0.63	0	0	0.35
284600	0.35	0.63	0.63	0	0	0.35
284700	0.35	0.63	0.63	0	0	0.35
284800	0.35	0.63	0.63	0	0	0.35
284900	0.35	0.63	0.63	0	0	0.35
285000	0.35	0.63	0.63	0	0	0.35
285100	0.35	0.63	0.63	0	0	0.35
285200	0.35	0.63	0.63	0	0	0.35
285300	0.35	0.63	0.63	0	0	0.35
285400	0.35	0.63	0.63	0	0	0.35
285500	0.35	0.63	0.63	0	0	0.35
285600	0.35	0.63	0.63	0	0	0.35
285700	0.35	0.63	0.63	0	0	0.35
285800	0.35	0.63	0.63	0	0	0.35
285900	0.35	0.63	0.63	0	0	0.35
286000	0.35	0.63	0.63	0	0	0.35
286100	0.35	0.63	0.63	0	0	0.35
286200	0.35	0.63	0.63	0	0	0.35
286300	0.35	0.63	0.63	0	0	0.35
286400	0.35	0.63	0.63	0	0	0.35
286500	0.35	0.63	0.63	0	0	0.35
286600	0.35	0.63	0.63	0	0	0.35
286700	0.35	0.63	0.63	0	0	0.35
286800	0.35	0.63	0.63	0	0	0.35
286900	0.35	0.63	0.63	0	0	0.35
287000	0.35	0.63	0.63	0	0	0.35
287100	0.35	0.63	0.63	0	0	0.35
287200	0.35	0.63	0.63	0	0	0.35
287300	0.35	0.63	0.63	0	0	0.35
287400	0.35	0.63	0.63	0	0	0.35
287500	0.35	0.63	0.63	0	0	0.35
287600	0.35	0.63	0.63	0	0	0.35
287700	0.35	0.63	0.63	0	0	0.35
287800	0.35	0.63	0.63	0	0	0.35
287900	0.35	0.63	0.63	0	0	0.35
288000	0.35	0.63	0.63	0	0	0.35
288100	0.35	0.63	0.63	0	0	0.35
288200	0.35	0.63	0.63	0	0	0.35
288300	0.35	0.63	0.63	0	0	0.35
288400	0.35	0.63	0.63	0	0	0.35
288500	0.35	0.63	0.63	0	0	0.35
288600	0.35	0.63	0.63	0	0	0.35
288700	0.35	0.63	0.63	0	0	0.35
288800	0.35	0.63	0.63	0	0	0.35
288900	0.35	0.63	0.63	0	0	0.35
289000	0.35	0.63	0.63	0	0	0.35
289100	0.35	0.63	0.63	0	0	0.35
289200	0.35	0.63	0.63	0	0	0.35
289300	0.35	0.63	0.63	0	0	0.35
289400	0.35	0.63	0.63	0	0	0.35
289500	0.35	0.63	0.63	0	0	0.35
289600	0.35	0.63	0.63	0	0	0.35
289700	0.35	0.63	0.63	0	0	0.35
289800	0.35	0.63	0.63	0	0	0.35
289900	0.35	0.63	0.63	0	0	0.35
290000	0.35	0.63	0.63	0	0	0.35
290100	0.35	0.63	0.63	0	0	0.35
290200	0.35	0.63	0.63	0	0	0.35
290300	0.35	0.63	0.63	0	0	0.35
290400	0.35	0.63	0.63	0	0	0.35
290500	0.35	0.63	0.63	0	0	0.35
290600	0.35	0.63	0.63	0	0	0.35
290700	0.35	0.63	0.63	0	0	0.35
290800	0.35	0.63	0.63	0	0	0.35
290900	0.35	0.63	0.63	0	0	0.35
291000	0.35	0.63	0.63	0	0	0.35
291100	0.35	0.63	0.63	0	0	0.35
291200	0.35	0.63	0.63	0	0	0.35
291300	0.35	0.63	0.63	0	0	0.35
291400	0.35	0.63	0.63	0	0	0.35
291500	0.35	0.63	0.63	0	0	0.35
291600	0.35	0.63	0.63	0	0	0.35
291700	0.35	0.63	0.63	0	0	0.35
291800	0.35	0.63	0.63	0	0	0.35
291900	0.35	0.63	0.63	0	0	0.35
292000	0.35	0.63	0.63	0	0	0.35
292100	0.35	0.63	0.63	0	0	0.35
292200	0.35	0.63	0.63	0	0	0.35
292300	0.35	0.63	0.63	0	0	0.35
292400	0.35	0.63	0.63	0	0	0.35
292500	0.34	0.63	0.63	0	0	0.34
292600	0.34	0.63	0.63	0	0	0.34
292700	0.34	0.63	0.63	0	0	0.34
292800	0.34	0.63	0.63	0	0	0.34
292900	0.34	0.63	0.63	0	0	0.34
293000	0.34	0.63	0.63	0	0	0.34
293100	0.34	0.63	0.63	0	0	0.34
293200	0.34	0.63	0.63	0	0	0.34
293300	0.34	0.63	0.63	0	0	0.34
293400	0.34	0.63	0.63	0	0	0.34
293500	0.35	0.63	0.63	0	0	0.35
293600	0.35	0.63	0.63	0	0	0.35
293700	0.35	0.63	0.63	0	0	0.35
293800	0.35	0.63	0.63	0	0	0.35
293900	0.35	0.63	0.63	0	0	0.35
294000	0.35	0.63	0.63	0	0	0.35
294100	0.35	0.63	0.63	0	0	0.35
294200	0.35	0.63	0.63	0	0	0.35
294300	0.35	0.63	0.63	0	0	0.35
294400	0.35	0.63	0.63	0	0	0.35
294500	0.35	0.63	0.63	0	0	0.35
294600	0.35	0.63	0.63	0	0	0.35
294700	0.35	0.63	0.63	0	0	0.35
294800	0.35	0.63	0.63	0	0	0.35
294900	0.35	0.63	0.63	0	0	0.35
295000	0.35	0.63	0.63	0	0	0.35
295100	0.35	0.63	0.63	0	0	0.35
295200	0.35	0.63	0.63	0	0	0.35
295300	0.35	0.63	0.63	0	0	0.35
295400	0.35	0.63	0.63	0	0	0.35
295500	0.35	0.63	0.63	0	0	0.35
295600	0.35	0.63	0.63	0	0	0.35
295700	0.35	0.63	0.63	0	0	0.35
295800	0.35	0.63	0.63	0	0	0.35
295900	0.35	0.63	0.63	0	0	0.35
296000	0.35	0.63	0.63	0	0	0.35
296100	0.35	0.63	0.63	0	0	0.35
296200	0.35	0.63	0.63	0	0	0.35
296300	0.35	0.63	0.63	0	0	0.35
296400	0.35	0.63	0.63	0	0	0.35
296500	0.35	0.63	0.63	0	0	0.35
296600	0.35	0.63	0.63	0	0	0.35
296700	0.35	0.63	0.63	0	0	0.35
296800	0.35	0.63	0.63	0	0	0.35
296900	0.35	0.63	0.63	0	0	0.35
297000	0.35	0.63	0.63	0	0	0.35
297100	0.35	0.63	0.63	0	0	0.35
297200	0.35	0.63	0.63	0	0	0.35
297300	0.35	0.63	0.63	0	0	0.35
297400	0.35	0.63	0.63	0	0	0.35
297500	0.35	0.63	0.63	0	0	0.35
297600	0.35	0.63	0.63	0	0	0.35
297700	0.35	0.63	0.63	0	0	0.35
297800	0.35	0.63	0.63	0	0	0.35
297900	0.35	0.63	0.63	0	0	0.35
298000	0.35	0.63	0.63	0	0	0.35
298100	0.35	0.63	0.63	0	0	0.35
298200	0.35	0.63	0.63	0	0	0.35
298300	0.35	0.63	0.63	0	0	0.35
298400	0.35	0.63	0.63	0	0	0.35
298500	0.35	0.63	0.63	0	0	0.35
298600	0.35	0.63	0.63	0	0	0.35
298700	0.35	0.63	0.63	0	0	0.35
298800	0.35	0.63	0.63	0	0	0.35
298900	0.35	0.63	0.63	0	0	0.35
299000	0.35	0.63	0.63	0	0	0.35
299100	0.35	0.63	0.63	0	0	0.35
299200	0.35	0.63	0.63	0	0	0.35
299300	0.35	0.63	0.63	0	0	0.35
299400	0.35	0.63	0.63	0	0	0.35
299500	0.35	0.63	0.63	0	0	0.35
299600	0.35	0.63	0.63	0	0	0.35
299700	0.35	0.63	0.63	0	0	0.35
299800	0.35	0.63	0.63	0	0	0.35
299900	0.35	0.63	0.63	0	0	0.35
300000	0.35	0.62	0.62	0	0	0.35
