100	0.06	0.06	0.06	0	0	0.06
200	0.05	0.03	0.03	0	0	0.05
300	0.05	0.03	0.03	0	0	0.05
400	0.02	0.02	0.02	0	0	0.02
500	0.03	0.02	0.02	0	0	0.03
600	0.02	0.02	0.02	0	0	0.02
700	0.03	0.01	0.01	0	0	0.03
800	0.04	0.01	0.01	0	0	0.04
900	0.04	0.01	0.01	0	0	0.04
1000	0.06	0.01	0.01	0	0	0.06
1100	0.04	0.01	0.01	0	0	0.04
1200	0.05	0.01	0.01	0	0	0.05
1300	0.02	0.01	0.01	0	0	0.02
1400	0.02	0.02	0.02	0	0	0.02
1500	0.01	0.01	0.01	0	0	0.01
1600	0.01	0.01	0.01	0	0	0.01
1700	0.03	0.02	0.02	0	0	0.03
1800	0.03	0.03	0.03	0	0	0.03
1900	0.02	0.04	0.04	0	0	0.02
2000	0.03	0.02	0.02	0	0	0.03
2100	0.04	0.01	0.01	0	0	0.04
2200	0.05	0	0	0	0	0.05
2300	0.06	0	0	0	0	0.06
2400	0.04	0.01	0.01	0	0	0.04
2500	0.05	0.03	0.03	0	0	0.05
2600	0.05	0.04	0.04	0	0	0.05
2700	0.03	0.05	0.05	0	0	0.03
2800	0.01	0.06	0.06	0	0	0.01
2900	0.03	0.06	0.06	0	0	0.03
3000	0.03	0.07	0.07	0	0	0.03
3100	0.04	0.05	0.05	0	0	0.04
3200	0.03	0.02	0.02	0	0	0.03
3300	0.02	0.02	0.02	0	0	0.02
3400	0.04	0	0	0	0	0.04
3500	0.04	0	0	0	0	0.04
3600	0.04	0	0	0	0	0.04
3700	0.04	0	0	0	0	0.04
3800	0.02	0.04	0.04	0	0	0.02
3900	0	0.03	0.03	0	0	0
4000	0.01	0.03	0.03	0	0	0.01
4100	0.01	0.03	0.03	0	0	0.01
4200	0.03	0.01	0.01	0	0	0.03
4300	0.04	0.02	0.02	0	0	0.04
4400	0.05	0.01	0.01	0	0	0.05
4500	0.06	0.01	0.01	0	0	0.06
4600	0.06	0.03	0.03	0	0	0.06
4700	0.05	0.04	0.04	0	0	0.05
4800	0.04	0.04	0.04	0	0	0.04
4900	0.04	0.04	0.04	0	0	0.04
5000	0.03	0.04	0.04	0	0	0.03
5100	0.03	0.01	0.01	0	0	0.03
5200	0.03	0.01	0.01	0	0	0.03
5300	0.02	0	0	0	0	0.02
5400	0.02	0.01	0.01	0	0	0.02
5500	0.02	0.02	0.02	0	0	0.02
5600	0.01	0.02	0.02	0	0	0.01
5700	0.04	0.02	0.02	0	0	0.04
5800	0.04	0.02	0.02	0	0	0.04
5900	0.05	0.02	0.02	0	0	0.05
6000	0.05	0.03	0.03	0	0	0.05
6100	0.01	0.01	0.01	0	0	0.01
6200	0.01	0.01	0.01	0	0	0.01
6300	0.04	0.03	0.03	0	0	0.04
6400	0.05	0.03	0.03	0	0	0.05
6500	0.05	0.01	0.01	0	0	0.05
6600	0.06	0.01	0.01	0	0	0.06
6700	0.06	0.01	0.01	0	0	0.06
6800	0.05	0.01	0.01	0	0	0.05
6900	0.06	0.01	0.01	0	0	0.06
7000	0.05	0.02	0.02	0	0	0.05
7100	0.08	0.02	0.02	0	0	0.08
7200	0.08	0.04	0.04	0	0	0.08
7300	0.07	0.05	0.05	0	0	0.07
7400	0.06	0.04	0.04	0	0	0.06
7500	0.06	0.04	0.04	0	0	0.06
7600	0.03	0.04	0.04	0	0	0.03
7700	0.04	0.03	0.03	0	0	0.04
7800	0.02	0.03	0.03	0	0	0.02
7900	0.02	0.03	0.03	0	0	0.02
8000	0.04	0.05	0.05	0	0	0.04
8100	0.03	0.06	0.06	0	0	0.03
8200	0.03	0.04	0.04	0	0	0.03
8300	0.04	0.06	0.06	0	0	0.04
8400	0.05	0.05	0.05	0	0	0.05
8500	0.06	0.04	0.04	0	0	0.06
8600	0.06	0.03	0.03	0	0	0.06
8700	0.06	0.02	0.02	0	0	0.06
8800	0.04	0.03	0.03	0	0	0.04
8900	0.04	0.03	0.03	0	0	0.04
9000	0.04	0.03	0.03	0	0	0.04
9100	0.01	0.05	0.05	0	0	0.01
9200	0	0.05	0.05	0	0	0
9300	0	0.03	0.03	0	0	0
9400	0	0.02	0.02	0	0	0
9500	0.01	0.01	0.01	0	0	0.01
9600	0.01	0.01	0.01	0	0	0.01
9700	0.03	0.02	0.02	0	0	0.03
9800	0.03	0.01	0.01	0	0	0.03
9900	0.01	0.02	0.02	0	0	0.01
10000	0.02	0.03	0.03	0	0	0.02
10100	0.02	0.04	0.04	0	0	0.02
10200	0.01	0.03	0.03	0	0	0.01
10300	0.01	0.04	0.04	0	0	0.01
10400	0.01	0.03	0.03	0	0	0.01
10500	0	0.03	0.03	0	0	0
10600	0	0.03	0.03	0	0	0
10700	0	0.04	0.04	0	0	0
10800	0.01	0.04	0.04	0	0	0.01
10900	0.02	0.04	0.04	0	0	0.02
11000	0.02	0.04	0.04	0	0	0.02
11100	0.03	0.04	0.04	0	0	0.03
11200	0.03	0.07	0.07	0	0	0.03
11300	0.04	0.05	0.05	0	0	0.04
11400	0.04	0.06	0.06	0	0	0.04
11500	0.04	0.04	0.04	0	0	0.04
11600	0.03	0.05	0.05	0	0	0.03
11700	0.03	0.04	0.04	0	0	0.03
11800	0.04	0.04	0.04	0	0	0.04
11900	0.03	0.04	0.04	0	0	0.03
12000	0.03	0.06	0.06	0	0	0.03
12100	0.03	0.05	0.05	0	0	0.03
12200	0.03	0.04	0.04	0	0	0.03
12300	0.03	0.02	0.02	0	0	0.03
12400	0.03	0.03	0.03	0	0	0.03
12500	0.02	0.03	0.03	0	0	0.02
12600	0.02	0.02	0.02	0	0	0.02
12700	0.01	0.02	0.02	0	0	0.01
12800	0	0.02	0.02	0	0	0
12900	0	0.03	0.03	0	0	0
13000	0	0.03	0.03	0	0	0
13100	0	0.04	0.04	0	0	0
13200	0.01	0.03	0.03	0	0	0.01
13300	0.01	0.04	0.04	0	0	0.01
13400	0.01	0.06	0.06	0	0	0.01
13500	0.03	0.06	0.06	0	0	0.03
13600	0.05	0.06	0.06	0	0	0.05
13700	0.05	0.06	0.06	0	0	0.05
13800	0.05	0.05	0.05	0	0	0.05
13900	0.06	0.07	0.07	0	0	0.06
14000	0.02	0.06	0.06	0	0	0.02
14100	0.01	0.06	0.06	0	0	0.01
14200	0.02	0.05	0.05	0	0	0.02
14300	0.02	0.02	0.02	0	0	0.02
14400	0.03	0.04	0.04	0	0	0.03
14500	0.03	0.05	0.05	0	0	0.03
14600	0.04	0.03	0.03	0	0	0.04
14700	0.03	0.04	0.04	0	0	0.03
14800	0.04	0.05	0.05	0	0	0.04
14900	0.03	0.04	0.04	0	0	0.03
15000	0.04	0.03	0.03	0	0	0.04
15100	0.02	0.03	0.03	0	0	0.02
15200	0.02	0.04	0.04	0	0	0.02
15300	0	0.01	0.01	0	0	0
15400	0.02	0	0	0	0	0.02
15500	0.02	0	0	0	0	0.02
15600	0.03	0.01	0.01	0	0	0.03
15700	0.03	0.01	0.01	0	0	0.03
15800	0.04	0.01	0.01	0	0	0.04
15900	0.04	0.01	0.01	0	0	0.04
16000	0.01	0.02	0.02	0	0	0.01
16100	0.02	0.01	0.01	0	0	0.02
16200	0.02	0.02	0.02	0	0	0.02
16300	0.02	0.02	0.02	0	0	0.02
16400	0.02	0.01	0.01	0	0	0.02
16500	0.03	0.01	0.01	0	0	0.03
16600	0.04	0.01	0.01	0	0	0.04
16700	0.07	0.02	0.02	0	0	0.07
16800	0.06	0.02	0.02	0	0	0.06
16900	0.06	0.03	0.03	0	0	0.06
17000	0.02	0.04	0.04	0	0	0.02
17100	0.03	0.03	0.03	0	0	0.03
17200	0	0.01	0.01	0	0	0
17300	0.01	0.01	0.01	0	0	0.01
17400	0.02	0	0	0	0	0.02
17500	0.02	0.01	0.01	0	0	0.02
17600	0.03	0.01	0.01	0	0	0.03
17700	0.05	0.02	0.02	0	0	0.05
17800	0.06	0.02	0.02	0	0	0.06
17900	0.08	0.01	0.01	0	0	0.08
18000	0.08	0.03	0.03	0	0	0.08
18100	0.08	0.05	0.05	0	0	0.08
18200	0.06	0.04	0.04	0	0	0.06
18300	0.07	0.05	0.05	0	0	0.07
18400	0.09	0.04	0.04	0	0	0.09
18500	0.07	0.03	0.03	0	0	0.07
18600	0.07	0.03	0.03	0	0	0.07
18700	0.07	0.03	0.03	0	0	0.07
18800	0.08	0.04	0.04	0	0	0.08
18900	0.07	0.04	0.04	0	0	0.07
19000	0.08	0.04	0.04	0	0	0.08
19100	0.08	0.05	0.05	0	0	0.08
19200	0.08	0.04	0.04	0	0	0.08
19300	0.08	0.05	0.05	0	0	0.08
19400	0.11	0.03	0.03	0	0	0.11
19500	0.11	0.03	0.03	0	0	0.11
19600	0.11	0.03	0.03	0	0	0.11
19700	0.09	0.03	0.03	0	0	0.09
19800	0.09	0.03	0.03	0	0	0.09
19900	0.1	0.03	0.03	0	0	0.1
20000	0.1	0.04	0.04	0	0	0.1
20100	0.11	0.05	0.05	0	0	0.11
20200	0.11	0.05	0.05	0	0	0.11
20300	0.12	0.05	0.05	0	0	0.12
20400	0.11	0.02	0.02	0	0	0.11
20500	0.12	0.05	0.05	0	0	0.12
20600	0.12	0.07	0.07	0	0	0.12
20700	0.13	0.08	0.08	0	0	0.13
20800	0.14	0.06	0.06	0	0	0.14
20900	0.14	0.05	0.05	0	0	0.14
21000	0.15	0.05	0.05	0	0	0.15
21100	0.13	0.05	0.05	0	0	0.13
21200	0.13	0.05	0.05	0	0	0.13
21300	0.13	0.05	0.05	0	0	0.13
21400	0.13	0.03	0.03	0	0	0.13
21500	0.14	0.04	0.04	0	0	0.14
21600	0.14	0.02	0.02	0	0	0.14
21700	0.14	0.02	0.02	0	0	0.14
21800	0.14	0.03	0.03	0	0	0.14
21900	0.15	0.04	0.04	0	0	0.15
22000	0.15	0.04	0.04	0	0	0.15
22100	0.16	0.06	0.06	0	0	0.16
22200	0.17	0.06	0.06	0	0	0.17
22300	0.18	0.05	0.05	0	0	0.18
22400	0.18	0.03	0.03	0	0	0.18
22500	0.17	0.03	0.03	0	0	0.17
22600	0.18	0.02	0.02	0	0	0.18
22700	0.17	0.03	0.03	0	0	0.17
22800	0.17	0.03	0.03	0	0	0.17
22900	0.19	0.03	0.03	0	0	0.19
23000	0.18	0.01	0.01	0	0	0.18
23100	0.17	0.01	0.01	0	0	0.17
23200	0.17	0.05	0.05	0	0	0.17
23300	0.19	0.04	0.04	0	0	0.19
23400	0.21	0.05	0.05	0	0	0.21
23500	0.21	0.03	0.03	0	0	0.21
23600	0.21	0.01	0.01	0	0	0.21
23700	0.22	0.02	0.02	0	0	0.22
23800	0.23	0.01	0.01	0	0	0.23
23900	0.21	0	0	0	0	0.21
24000	0.2	0.02	0.02	0	0	0.2
24100	0.21	0.02	0.02	0	0	0.21
24200	0.22	0.02	0.02	0	0	0.22
24300	0.22	0.01	0.01	0	0	0.22
24400	0.24	0.02	0.02	0	0	0.24
24500	0.24	0.02	0.02	0	0	0.24
24600	0.22	0.03	0.03	0	0	0.22
24700	0.22	0.03	0.03	0	0	0.22
24800	0.24	0.01	0.01	0	0	0.24
24900	0.23	0.01	0.01	0	0	0.23
25000	0.23	0.01	0.01	0	0	0.23
25100	0.22	0.01	0.01	0	0	0.22
25200	0.23	0.01	0.01	0	0	0.23
25300	0.23	0.02	0.02	0	0	0.23
25400	0.23	0.04	0.04	0	0	0.23
25500	0.23	0.03	0.03	0	0	0.23
25600	0.22	0.03	0.03	0	0	0.22
25700	0.22	0.06	0.06	0	0	0.22
25800	0.22	0.02	0.02	0	0	0.22
25900	0.23	0	0	0	0	0.23
26000	0.23	0.02	0.02	0	0	0.23
26100	0.25	0.01	0.01	0	0	0.25
26200	0.26	0.02	0.02	0	0	0.26
26300	0.28	0.02	0.02	0	0	0.28
26400	0.26	0.02	0.02	0	0	0.26
26500	0.26	0.03	0.03	0	0	0.26
26600	0.26	0.03	0.03	0	0	0.26
26700	0.27	0.03	0.03	0	0	0.27
26800	0.28	0.03	0.03	0	0	0.28
26900	0.28	0.03	0.03	0	0	0.28
27000	0.29	0.05	0.05	0	0	0.29
27100	0.29	0.04	0.04	0	0	0.29
27200	0.27	0.03	0.03	0	0	0.27
27300	0.27	0.04	0.04	0	0	0.27
27400	0.27	0.04	0.04	0	0	0.27
27500	0.28	0.04	0.04	0	0	0.28
27600	0.28	0.07	0.07	0	0	0.28
27700	0.28	0.07	0.07	0	0	0.28
27800	0.28	0.07	0.07	0	0	0.28
27900	0.28	0.07	0.07	0	0	0.28
28000	0.28	0.05	0.05	0	0	0.28
28100	0.29	0.06	0.06	0	0	0.29
28200	0.29	0.01	0.01	0	0	0.29
28300	0.29	0	0	0	0	0.29
28400	0.29	0	0	0	0	0.29
28500	0.29	0.02	0.02	0	0	0.29
28600	0.3	0.03	0.03	0	0	0.3
28700	0.3	0.03	0.03	0	0	0.3
28800	0.3	0.04	0.04	0	0	0.3
28900	0.3	0.05	0.05	0	0	0.3
29000	0.3	0.05	0.05	0	0	0.3
29100	0.3	0.06	0.06	0	0	0.3
29200	0.3	0.05	0.05	0	0	0.3
29300	0.31	0.06	0.06	0	0	0.31
29400	0.31	0.03	0.03	0	0	0.31
29500	0.31	0.03	0.03	0	0	0.31
29600	0.31	0.03	0.03	0	0	0.31
29700	0.31	0.04	0.04	0	0	0.31
29800	0.31	0.04	0.04	0	0	0.31
29900	0.32	0.06	0.06	0	0	0.32
30000	0.32	0.04	0.04	0	0	0.32
30100	0.32	0.01	0.01	0	0	0.32
30200	0.31	0.04	0.04	0	0	0.31
30300	0.31	0.06	0.06	0	0	0.31
30400	0.31	0.07	0.07	0	0	0.31
30500	0.32	0.05	0.05	0	0	0.32
30600	0.34	0.05	0.05	0	0	0.34
30700	0.34	0.05	0.05	0	0	0.34
30800	0.34	0.05	0.05	0	0	0.34
30900	0.33	0.06	0.06	0	0	0.33
31000	0.33	0.04	0.04	0	0	0.33
31100	0.33	0.04	0.04	0	0	0.33
31200	0.33	0.05	0.05	0	0	0.33
31300	0.33	0.06	0.06	0	0	0.33
31400	0.33	0.05	0.05	0	0	0.33
31500	0.33	0.02	0.02	0	0	0.33
31600	0.34	0.03	0.03	0	0	0.34
31700	0.34	0.01	0.01	0	0	0.34
31800	0.35	0.01	0.01	0	0	0.35
31900	0.34	0.01	0.01	0	0	0.34
32000	0.34	0.02	0.02	0	0	0.34
32100	0.34	0.03	0.03	0	0	0.34
32200	0.34	0.02	0.02	0	0	0.34
32300	0.34	0.04	0.04	0	0	0.34
32400	0.35	0.04	0.04	0	0	0.35
32500	0.36	0.04	0.04	0	0	0.36
32600	0.37	0.04	0.04	0	0	0.37
32700	0.37	0.03	0.03	0	0	0.37
32800	0.37	0.03	0.03	0	0	0.37
32900	0.37	0.03	0.03	0	0	0.37
33000	0.37	0.02	0.02	0	0	0.37
33100	0.38	0.02	0.02	0	0	0.38
33200	0.38	0	0	0	0	0.38
33300	0.38	0	0	0	0	0.38
33400	0.38	0.03	0.03	0	0	0.38
33500	0.38	0.03	0.03	0	0	0.38
33600	0.39	0.03	0.03	0	0	0.39
33700	0.39	0.05	0.05	0	0	0.39
33800	0.39	0.04	0.04	0	0	0.39
33900	0.39	0.04	0.04	0	0	0.39
34000	0.39	0.04	0.04	0	0	0.39
34100	0.39	0.04	0.04	0	0	0.39
34200	0.4	0.02	0.02	0	0	0.4
34300	0.4	0.02	0.02	0	0	0.4
34400	0.41	0.04	0.04	0	0	0.41
34500	0.41	0	0	0	0	0.41
34600	0.41	0	0	0	0	0.41
34700	0.42	0.02	0.02	0	0	0.42
34800	0.42	0.02	0.02	0	0	0.42
34900	0.42	0.04	0.04	0	0	0.42
35000	0.42	0.04	0.04	0	0	0.42
35100	0.41	0.01	0.01	0	0	0.41
35200	0.42	0.03	0.03	0	0	0.42
35300	0.42	0.03	0.03	0	0	0.42
35400	0.42	0.04	0.04	0	0	0.42
35500	0.44	0.04	0.04	0	0	0.44
35600	0.45	0.02	0.02	0	0	0.45
35700	0.45	0.03	0.03	0	0	0.45
35800	0.45	0.01	0.01	0	0	0.45
35900	0.45	0.01	0.01	0	0	0.45
36000	0.45	0.01	0.01	0	0	0.45
36100	0.45	0.01	0.01	0	0	0.45
36200	0.44	0.02	0.02	0	0	0.44
36300	0.44	0.03	0.03	0	0	0.44
36400	0.44	0.04	0.04	0	0	0.44
36500	0.45	0.04	0.04	0	0	0.45
36600	0.45	0.05	0.05	0	0	0.45
36700	0.44	0.05	0.05	0	0	0.44
36800	0.44	0.05	0.05	0	0	0.44
36900	0.44	0.02	0.02	0	0	0.44
37000	0.44	0.03	0.03	0	0	0.44
37100	0.44	0.02	0.02	0	0	0.44
37200	0.44	0.01	0.01	0	0	0.44
37300	0.44	0.01	0.01	0	0	0.44
37400	0.44	0.01	0.01	0	0	0.44
37500	0.45	0	0	0	0	0.45
37600	0.47	0.02	0.02	0	0	0.47
37700	0.47	0.02	0.02	0	0	0.47
37800	0.47	0.03	0.03	0	0	0.47
37900	0.47	0.03	0.03	0	0	0.47
38000	0.47	0.03	0.03	0	0	0.47
38100	0.47	0.03	0.03	0	0	0.47
38200	0.47	0.01	0.01	0	0	0.47
38300	0.47	0.01	0.01	0	0	0.47
38400	0.47	0.01	0.01	0	0	0.47
38500	0.47	0.02	0.02	0	0	0.47
38600	0.47	0.02	0.02	0	0	0.47
38700	0.48	0.04	0.04	0	0	0.48
38800	0.48	0.06	0.06	0	0	0.48
38900	0.49	0.05	0.05	0	0	0.49
39000	0.49	0.04	0.04	0	0	0.49
39100	0.49	0.02	0.02	0	0	0.49
39200	0.49	0.04	0.04	0	0	0.49
39300	0.5	0.03	0.03	0	0	0.5
39400	0.5	0.02	0.02	0	0	0.5
39500	0.5	0.03	0.03	0	0	0.5
39600	0.5	0.03	0.03	0	0	0.5
39700	0.5	0.04	0.04	0	0	0.5
39800	0.5	0.03	0.03	0	0	0.5
39900	0.5	0.03	0.03	0	0	0.5
40000	0.51	0.01	0.01	0	0	0.51
40100	0.51	0.01	0.01	0	0	0.51
40200	0.51	0.03	0.03	0	0	0.51
40300	0.51	0.04	0.04	0	0	0.51
40400	0.51	0.07	0.07	0	0	0.51
40500	0.52	0.09	0.09	0	0	0.52
40600	0.52	0.09	0.09	0	0	0.52
40700	0.52	0.04	0.04	0	0	0.52
40800	0.52	0.03	0.03	0	0	0.52
40900	0.52	0.04	0.04	0	0	0.52
41000	0.52	0.05	0.05	0	0	0.52
41100	0.53	0.06	0.06	0	0	0.53
41200	0.54	0.05	0.05	0	0	0.54
41300	0.53	0.05	0.05	0	0	0.53
41400	0.53	0.05	0.05	0	0	0.53
41500	0.53	0.04	0.04	0	0	0.53
41600	0.53	0.03	0.03	0	0	0.53
41700	0.53	0	0	0	0	0.53
41800	0.53	0.01	0.01	0	0	0.53
41900	0.54	0.02	0.02	0	0	0.54
42000	0.54	0.03	0.03	0	0	0.54
42100	0.55	0.03	0.03	0	0	0.55
42200	0.55	0.01	0.01	0	0	0.55
42300	0.54	0.04	0.04	0	0	0.54
42400	0.54	0.05	0.05	0	0	0.54
42500	0.54	0.03	0.03	0	0	0.54
42600	0.55	0.02	0.02	0	0	0.55
42700	0.55	0.01	0.01	0	0	0.55
42800	0.55	0.01	0.01	0	0	0.55
42900	0.54	0.03	0.03	0	0	0.54
43000	0.54	0.05	0.05	0	0	0.54
43100	0.54	0.06	0.06	0	0	0.54
43200	0.54	0.05	0.05	0	0	0.54
43300	0.54	0.05	0.05	0	0	0.54
43400	0.54	0.01	0.01	0	0	0.54
43500	0.54	0.03	0.03	0	0	0.54
43600	0.54	0.02	0.02	0	0	0.54
43700	0.54	0.03	0.03	0	0	0.54
43800	0.54	0.04	0.04	0	0	0.54
43900	0.54	0.04	0.04	0	0	0.54
44000	0.54	0.03	0.03	0	0	0.54
44100	0.55	0.02	0.02	0	0	0.55
44200	0.55	0.02	0.02	0	0	0.55
44300	0.55	0	0	0	0	0.55
44400	0.55	0.01	0.01	0	0	0.55
44500	0.55	0.02	0.02	0	0	0.55
44600	0.55	0.01	0.01	0	0	0.55
44700	0.55	0.01	0.01	0	0	0.55
44800	0.55	0.01	0.01	0	0	0.55
44900	0.55	0	0	0	0	0.55
45000	0.55	0.01	0.01	0	0	0.55
45100	0.56	0.01	0.01	0	0	0.56
45200	0.57	0.02	0.02	0	0	0.57
45300	0.57	0.02	0.02	0	0	0.57
45400	0.58	0.02	0.02	0	0	0.58
45500	0.58	0	0	0	0	0.58
45600	0.58	0	0	0	0	0.58
45700	0.57	0	0	0	0	0.57
45800	0.57	0	0	0	0	0.57
45900	0.57	0.01	0.01	0	0	0.57
46000	0.57	0	0	0	0	0.57
46100	0.57	0	0	0	0	0.57
46200	0.57	0	0	0	0	0.57
46300	0.57	0	0	0	0	0.57
46400	0.57	0.01	0.01	0	0	0.57
46500	0.57	0.01	0.01	0	0	0.57
46600	0.57	0.01	0.01	0	0	0.57
46700	0.57	0.01	0.01	0	0	0.57
46800	0.57	0	0	0	0	0.57
46900	0.57	0.01	0.01	0	0	0.57
47000	0.57	0.01	0.01	0	0	0.57
47100	0.57	0.03	0.03	0	0	0.57
47200	0.57	0.03	0.03	0	0	0.57
47300	0.57	0.04	0.04	0	0	0.57
47400	0.57	0.03	0.03	0	0	0.57
47500	0.57	0.02	0.02	0	0	0.57
47600	0.57	0	0	0	0	0.57
47700	0.57	0	0	0	0	0.57
47800	0.57	0.01	0.01	0	0	0.57
47900	0.57	0.02	0.02	0	0	0.57
48000	0.57	0.02	0.02	0	0	0.57
48100	0.57	0.02	0.02	0	0	0.57
48200	0.57	0.01	0.01	0	0	0.57
48300	0.57	0.01	0.01	0	0	0.57
48400	0.57	0.01	0.01	0	0	0.57
48500	0.57	0	0	0	0	0.57
48600	0.57	0.02	0.02	0	0	0.57
48700	0.57	0	0	0	0	0.57
48800	0.57	0	0	0	0	0.57
48900	0.57	0	0	0	0	0.57
49000	0.57	0	0	0	0	0.57
49100	0.57	0.02	0.02	0	0	0.57
49200	0.57	0.03	0.03	0	0	0.57
49300	0.57	0.03	0.03	0	0	0.57
49400	0.57	0.04	0.04	0	0	0.57
49500	0.57	0.04	0.04	0	0	0.57
49600	0.57	0.03	0.03	0	0	0.57
49700	0.57	0.01	0.01	0	0	0.57
49800	0.57	0.01	0.01	0	0	0.57
49900	0.57	0.01	0.01	0	0	0.57
50000	0.57	0.02	0.02	0	0	0.57
50100	0.58	0.04	0.04	0	0	0.58
50200	0.58	0.04	0.04	0	0	0.58
50300	0.58	0.05	0.05	0	0	0.58
50400	0.58	0.05	0.05	0	0	0.58
50500	0.58	0.03	0.03	0	0	0.58
50600	0.58	0.02	0.02	0	0	0.58
50700	0.58	0.02	0.02	0	0	0.58
50800	0.58	0.01	0.01	0	0	0.58
50900	0.58	0.03	0.03	0	0	0.58
51000	0.58	0.03	0.03	0	0	0.58
51100	0.58	0.03	0.03	0	0	0.58
51200	0.58	0.03	0.03	0	0	0.58
51300	0.58	0.02	0.02	0	0	0.58
51400	0.58	0	0	0	0	0.58
51500	0.58	0.01	0.01	0	0	0.58
51600	0.58	0.01	0.01	0	0	0.58
51700	0.58	0.01	0.01	0	0	0.58
51800	0.59	0.01	0.01	0	0	0.59
51900	0.59	0.01	0.01	0	0	0.59
52000	0.59	0.01	0.01	0	0	0.59
52100	0.6	0	0	0	0	0.6
52200	0.61	0.01	0.01	0	0	0.61
52300	0.61	0.01	0.01	0	0	0.61
52400	0.61	0.01	0.01	0	0	0.61
52500	0.61	0.01	0.01	0	0	0.61
52600	0.61	0.02	0.02	0	0	0.61
52700	0.61	0.02	0.02	0	0	0.61
52800	0.61	0.02	0.02	0	0	0.61
52900	0.61	0	0	0	0	0.61
53000	0.62	0.01	0.01	0	0	0.62
53100	0.62	0.01	0.01	0	0	0.62
53200	0.62	0.01	0.01	0	0	0.62
53300	0.62	0.03	0.03	0	0	0.62
53400	0.61	0.02	0.02	0	0	0.61
53500	0.61	0.01	0.01	0	0	0.61
53600	0.61	0.02	0.02	0	0	0.61
53700	0.61	0.03	0.03	0	0	0.61
53800	0.61	0.02	0.02	0	0	0.61
53900	0.61	0.02	0.02	0	0	0.61
54000	0.61	0.02	0.02	0	0	0.61
54100	0.61	0.02	0.02	0	0	0.61
54200	0.61	0.01	0.01	0	0	0.61
54300	0.61	0.01	0.01	0	0	0.61
54400	0.62	0	0	0	0	0.62
54500	0.62	0	0	0	0	0.62
54600	0.62	0	0	0	0	0.62
54700	0.62	0.01	0.01	0	0	0.62
54800	0.62	0.02	0.02	0	0	0.62
54900	0.62	0.03	0.03	0	0	0.62
55000	0.62	0.03	0.03	0	0	0.62
55100	0.62	0.04	0.04	0	0	0.62
55200	0.62	0.04	0.04	0	0	0.62
55300	0.62	0.02	0.02	0	0	0.62
55400	0.62	0.01	0.01	0	0	0.62
55500	0.62	0.02	0.02	0	0	0.62
55600	0.62	0.03	0.03	0	0	0.62
55700	0.62	0.04	0.04	0	0	0.62
55800	0.62	0.04	0.04	0	0	0.62
55900	0.62	0.05	0.05	0	0	0.62
56000	0.62	0.04	0.04	0	0	0.62
56100	0.62	0.06	0.06	0	0	0.62
56200	0.62	0.01	0.01	0	0	0.62
56300	0.62	0.01	0.01	0	0	0.62
56400	0.62	0.01	0.01	0	0	0.62
56500	0.62	0.01	0.01	0	0	0.62
56600	0.62	0.01	0.01	0	0	0.62
56700	0.62	0.01	0.01	0	0	0.62
56800	0.62	0.01	0.01	0	0	0.62
56900	0.64	0.02	0.02	0	0	0.64
57000	0.64	0.03	0.03	0	0	0.64
57100	0.63	0.05	0.05	0	0	0.63
57200	0.63	0.05	0.05	0	0	0.63
57300	0.63	0.03	0.03	0	0	0.63
57400	0.63	0.02	0.02	0	0	0.63
57500	0.63	0.02	0.02	0	0	0.63
57600	0.63	0.01	0.01	0	0	0.63
57700	0.63	0	0	0	0	0.63
57800	0.63	0.01	0.01	0	0	0.63
57900	0.63	0.01	0.01	0	0	0.63
58000	0.63	0.02	0.02	0	0	0.63
58100	0.63	0.02	0.02	0	0	0.63
58200	0.63	0.03	0.03	0	0	0.63
58300	0.63	0.02	0.02	0	0	0.63
58400	0.63	0.01	0.01	0	0	0.63
58500	0.63	0.01	0.01	0	0	0.63
58600	0.63	0.01	0.01	0	0	0.63
58700	0.63	0.02	0.02	0	0	0.63
58800	0.63	0.02	0.02	0	0	0.63
58900	0.63	0.01	0.01	0	0	0.63
59000	0.63	0.01	0.01	0	0	0.63
59100	0.63	0.01	0.01	0	0	0.63
59200	0.63	0.02	0.02	0	0	0.63
59300	0.63	0.04	0.04	0	0	0.63
59400	0.63	0.03	0.03	0	0	0.63
59500	0.63	0.02	0.02	0	0	0.63
59600	0.63	0.02	0.02	0	0	0.63
59700	0.63	0.01	0.01	0	0	0.63
59800	0.63	0.01	0.01	0	0	0.63
59900	0.63	0	0	0	0	0.63
60000	0.64	0	0	0	0	0.64
60100	0.64	0.01	0.01	0	0	0.64
60200	0.64	0.02	0.02	0	0	0.64
60300	0.64	0.02	0.02	0	0	0.64
60400	0.64	0.01	0.01	0	0	0.64
60500	0.64	0.01	0.01	0	0	0.64
60600	0.64	0.01	0.01	0	0	0.64
60700	0.64	0	0	0	0	0.64
60800	0.64	0.01	0.01	0	0	0.64
60900	0.64	0.03	0.03	0	0	0.64
61000	0.64	0.03	0.03	0	0	0.64
61100	0.64	0.03	0.03	0	0	0.64
61200	0.64	0.04	0.04	0	0	0.64
61300	0.64	0.04	0.04	0	0	0.64
61400	0.64	0.04	0.04	0	0	0.64
61500	0.64	0.04	0.04	0	0	0.64
61600	0.64	0.02	0.02	0	0	0.64
61700	0.64	0.01	0.01	0	0	0.64
61800	0.64	0.02	0.02	0	0	0.64
61900	0.64	0.03	0.03	0	0	0.64
62000	0.64	0.04	0.04	0	0	0.64
62100	0.64	0.04	0.04	0	0	0.64
62200	0.64	0.04	0.04	0	0	0.64
62300	0.64	0.01	0.01	0	0	0.64
62400	0.64	0.02	0.02	0	0	0.64
62500	0.64	0.01	0.01	0	0	0.64
62600	0.64	0.03	0.03	0	0	0.64
62700	0.64	0.03	0.03	0	0	0.64
62800	0.64	0.03	0.03	0	0	0.64
62900	0.64	0.03	0.03	0	0	0.64
63000	0.64	0.03	0.03	0	0	0.64
63100	0.65	0.02	0.02	0	0	0.65
63200	0.64	0.02	0.02	0	0	0.64
63300	0.64	0.02	0.02	0	0	0.64
63400	0.64	0.02	0.02	0	0	0.64
63500	0.64	0.02	0.02	0	0	0.64
63600	0.64	0.03	0.03	0	0	0.64
63700	0.64	0.04	0.04	0	0	0.64
63800	0.64	0.04	0.04	0	0	0.64
63900	0.64	0.03	0.03	0	0	0.64
64000	0.64	0.03	0.03	0	0	0.64
64100	0.64	0.02	0.02	0	0	0.64
64200	0.64	0.03	0.03	0	0	0.64
64300	0.64	0.03	0.03	0	0	0.64
64400	0.64	0.03	0.03	0	0	0.64
64500	0.64	0.02	0.02	0	0	0.64
64600	0.64	0.03	0.03	0	0	0.64
64700	0.64	0.02	0.02	0	0	0.64
64800	0.64	0.02	0.02	0	0	0.64
64900	0.64	0.02	0.02	0	0	0.64
65000	0.64	0.02	0.02	0	0	0.64
65100	0.64	0.01	0.01	0	0	0.64
65200	0.64	0.03	0.03	0	0	0.64
65300	0.64	0.03	0.03	0	0	0.64
65400	0.64	0.03	0.03	0	0	0.64
65500	0.63	0.03	0.03	0	0	0.63
65600	0.63	0.03	0.03	0	0	0.63
65700	0.63	0.04	0.04	0	0	0.63
65800	0.64	0.02	0.02	0	0	0.64
65900	0.64	0.02	0.02	0	0	0.64
66000	0.64	0.02	0.02	0	0	0.64
66100	0.64	0.02	0.02	0	0	0.64
66200	0.64	0	0	0	0	0.64
66300	0.64	0	0	0	0	0.64
66400	0.64	0	0	0	0	0.64
66500	0.64	0.01	0.01	0	0	0.64
66600	0.64	0.01	0.01	0	0	0.64
66700	0.64	0.01	0.01	0	0	0.64
66800	0.64	0.01	0.01	0	0	0.64
66900	0.64	0.01	0.01	0	0	0.64
67000	0.64	0.01	0.01	0	0	0.64
67100	0.64	0.01	0.01	0	0	0.64
67200	0.64	0.01	0.01	0	0	0.64
67300	0.64	0.03	0.03	0	0	0.64
67400	0.64	0.03	0.03	0	0	0.64
67500	0.64	0.03	0.03	0	0	0.64
67600	0.64	0.03	0.03	0	0	0.64
67700	0.64	0.01	0.01	0	0	0.64
67800	0.64	0.01	0.01	0	0	0.64
67900	0.63	0	0	0	0	0.63
68000	0.63	0	0	0	0	0.63
68100	0.63	0.01	0.01	0	0	0.63
68200	0.63	0.01	0.01	0	0	0.63
68300	0.63	0.01	0.01	0	0	0.63
68400	0.63	0.02	0.02	0	0	0.63
68500	0.63	0.01	0.01	0	0	0.63
68600	0.63	0.02	0.02	0	0	0.63
68700	0.63	0.01	0.01	0	0	0.63
68800	0.63	0	0	0	0	0.63
68900	0.63	0	0	0	0	0.63
69000	0.63	0	0	0	0	0.63
69100	0.63	0	0	0	0	0.63
69200	0.63	0	0	0	0	0.63
69300	0.63	0	0	0	0	0.63
69400	0.63	0	0	0	0	0.63
69500	0.63	0	0	0	0	0.63
69600	0.63	0	0	0	0	0.63
69700	0.63	0.01	0.01	0	0	0.63
69800	0.63	0.01	0.01	0	0	0.63
69900	0.63	0.01	0.01	0	0	0.63
70000	0.63	0.02	0.02	0	0	0.63
70100	0.64	0.02	0.02	0	0	0.64
70200	0.63	0.02	0.02	0	0	0.63
70300	0.63	0.01	0.01	0	0	0.63
70400	0.63	0.01	0.01	0	0	0.63
70500	0.63	0.01	0.01	0	0	0.63
70600	0.63	0.01	0.01	0	0	0.63
70700	0.63	0.01	0.01	0	0	0.63
70800	0.63	0.01	0.01	0	0	0.63
70900	0.63	0.01	0.01	0	0	0.63
71000	0.63	0.01	0.01	0	0	0.63
71100	0.63	0.01	0.01	0	0	0.63
71200	0.63	0	0	0	0	0.63
71300	0.63	0.01	0.01	0	0	0.63
71400	0.63	0.01	0.01	0	0	0.63
71500	0.63	0.01	0.01	0	0	0.63
71600	0.63	0.01	0.01	0	0	0.63
71700	0.63	0.02	0.02	0	0	0.63
71800	0.63	0.03	0.03	0	0	0.63
71900	0.62	0.02	0.02	0	0	0.62
72000	0.63	0.02	0.02	0	0	0.63
72100	0.63	0.01	0.01	0	0	0.63
72200	0.63	0.02	0.02	0	0	0.63
72300	0.63	0.02	0.02	0	0	0.63
72400	0.63	0.01	0.01	0	0	0.63
72500	0.63	0.02	0.02	0	0	0.63
72600	0.63	0.02	0.02	0	0	0.63
72700	0.63	0.01	0.01	0	0	0.63
72800	0.63	0.01	0.01	0	0	0.63
72900	0.63	0.02	0.02	0	0	0.63
73000	0.63	0.01	0.01	0	0	0.63
73100	0.63	0.02	0.02	0	0	0.63
73200	0.63	0.01	0.01	0	0	0.63
73300	0.63	0.01	0.01	0	0	0.63
73400	0.62	0.03	0.03	0	0	0.62
73500	0.62	0.02	0.02	0	0	0.62
73600	0.62	0.02	0.02	0	0	0.62
73700	0.62	0.04	0.04	0	0	0.62
73800	0.62	0.03	0.03	0	0	0.62
73900	0.62	0.03	0.03	0	0	0.62
74000	0.62	0.02	0.02	0	0	0.62
74100	0.62	0.02	0.02	0	0	0.62
74200	0.62	0.01	0.01	0	0	0.62
74300	0.62	0	0	0	0	0.62
74400	0.62	0	0	0	0	0.62
74500	0.62	0.01	0.01	0	0	0.62
74600	0.62	0.02	0.02	0	0	0.62
74700	0.62	0.02	0.02	0	0	0.62
74800	0.62	0.02	0.02	0	0	0.62
74900	0.62	0.02	0.02	0	0	0.62
75000	0.62	0.01	0.01	0	0	0.62
75100	0.62	0.02	0.02	0	0	0.62
75200	0.62	0.02	0.02	0	0	0.62
75300	0.62	0.03	0.03	0	0	0.62
75400	0.62	0.03	0.03	0	0	0.62
75500	0.62	0.04	0.04	0	0	0.62
75600	0.62	0.03	0.03	0	0	0.62
75700	0.62	0.02	0.02	0	0	0.62
75800	0.62	0.01	0.01	0	0	0.62
75900	0.62	0.01	0.01	0	0	0.62
76000	0.62	0.01	0.01	0	0	0.62
76100	0.62	0.02	0.02	0	0	0.62
76200	0.62	0.01	0.01	0	0	0.62
76300	0.62	0.02	0.02	0	0	0.62
76400	0.62	0.03	0.03	0	0	0.62
76500	0.62	0.03	0.03	0	0	0.62
76600	0.62	0.03	0.03	0	0	0.62
76700	0.62	0.03	0.03	0	0	0.62
76800	0.62	0.02	0.02	0	0	0.62
76900	0.62	0.02	0.02	0	0	0.62
77000	0.62	0.02	0.02	0	0	0.62
77100	0.62	0.01	0.01	0	0	0.62
77200	0.62	0	0	0	0	0.62
77300	0.62	0	0	0	0	0.62
77400	0.62	0	0	0	0	0.62
77500	0.62	0	0	0	0	0.62
77600	0.62	0	0	0	0	0.62
77700	0.62	0.01	0.01	0	0	0.62
77800	0.62	0.02	0.02	0	0	0.62
77900	0.62	0.03	0.03	0	0	0.62
78000	0.62	0.01	0.01	0	0	0.62
78100	0.62	0.02	0.02	0	0	0.62
78200	0.62	0.01	0.01	0	0	0.62
78300	0.62	0.01	0.01	0	0	0.62
78400	0.62	0.01	0.01	0	0	0.62
78500	0.62	0.02	0.02	0	0	0.62
78600	0.62	0.02	0.02	0	0	0.62
78700	0.63	0.02	0.02	0	0	0.63
78800	0.63	0.01	0.01	0	0	0.63
78900	0.63	0.02	0.02	0	0	0.63
79000	0.63	0.04	0.04	0	0	0.63
79100	0.63	0.04	0.04	0	0	0.63
79200	0.63	0.03	0.03	0	0	0.63
79300	0.63	0.04	0.04	0	0	0.63
79400	0.63	0	0	0	0	0.63
79500	0.63	0	0	0	0	0.63
79600	0.63	0	0	0	0	0.63
79700	0.63	0	0	0	0	0.63
79800	0.63	0.01	0.01	0	0	0.63
79900	0.63	0.01	0.01	0	0	0.63
80000	0.63	0.01	0.01	0	0	0.63
80100	0.63	0.01	0.01	0	0	0.63
80200	0.63	0.01	0.01	0	0	0.63
80300	0.63	0.01	0.01	0	0	0.63
80400	0.63	0	0	0	0	0.63
80500	0.63	0	0	0	0	0.63
80600	0.63	0	0	0	0	0.63
80700	0.63	0.01	0.01	0	0	0.63
80800	0.63	0.01	0.01	0	0	0.63
80900	0.64	0.02	0.02	0	0	0.64
81000	0.64	0.02	0.02	0	0	0.64
81100	0.64	0.02	0.02	0	0	0.64
81200	0.64	0.04	0.04	0	0	0.64
81300	0.64	0.03	0.03	0	0	0.64
81400	0.64	0.02	0.02	0	0	0.64
81500	0.64	0.02	0.02	0	0	0.64
81600	0.64	0.02	0.02	0	0	0.64
81700	0.64	0.02	0.02	0	0	0.64
81800	0.64	0.02	0.02	0	0	0.64
81900	0.64	0	0	0	0	0.64
82000	0.64	0	0	0	0	0.64
82100	0.64	0	0	0	0	0.64
82200	0.64	0	0	0	0	0.64
82300	0.64	0.01	0.01	0	0	0.64
82400	0.64	0.02	0.02	0	0	0.64
82500	0.64	0.04	0.04	0	0	0.64
82600	0.64	0.05	0.05	0	0	0.64
82700	0.64	0.02	0.02	0	0	0.64
82800	0.64	0.02	0.02	0	0	0.64
82900	0.64	0.02	0.02	0	0	0.64
83000	0.64	0.01	0.01	0	0	0.64
83100	0.64	0.01	0.01	0	0	0.64
83200	0.64	0.01	0.01	0	0	0.64
83300	0.63	0.02	0.02	0	0	0.63
83400	0.63	0.02	0.02	0	0	0.63
83500	0.63	0.02	0.02	0	0	0.63
83600	0.63	0.01	0.01	0	0	0.63
83700	0.63	0.02	0.02	0	0	0.63
83800	0.63	0.01	0.01	0	0	0.63
83900	0.63	0.02	0.02	0	0	0.63
84000	0.63	0.01	0.01	0	0	0.63
84100	0.64	0.02	0.02	0	0	0.64
84200	0.64	0.02	0.02	0	0	0.64
84300	0.64	0.01	0.01	0	0	0.64
84400	0.64	0.01	0.01	0	0	0.64
84500	0.64	0.02	0.02	0	0	0.64
84600	0.64	0.03	0.03	0	0	0.64
84700	0.64	0.02	0.02	0	0	0.64
84800	0.64	0.02	0.02	0	0	0.64
84900	0.64	0.01	0.01	0	0	0.64
85000	0.64	0.01	0.01	0	0	0.64
85100	0.64	0	0	0	0	0.64
85200	0.64	0	0	0	0	0.64
85300	0.64	0	0	0	0	0.64
85400	0.64	0.02	0.02	0	0	0.64
85500	0.64	0.03	0.03	0	0	0.64
85600	0.64	0.03	0.03	0	0	0.64
85700	0.64	0.02	0.02	0	0	0.64
85800	0.64	0.01	0.01	0	0	0.64
85900	0.64	0.01	0.01	0	0	0.64
86000	0.64	0.01	0.01	0	0	0.64
86100	0.64	0.02	0.02	0	0	0.64
86200	0.64	0.04	0.04	0	0	0.64
86300	0.64	0.04	0.04	0	0	0.64
86400	0.64	0.03	0.03	0	0	0.64
86500	0.64	0.02	0.02	0	0	0.64
86600	0.64	0.02	0.02	0	0	0.64
86700	0.64	0.02	0.02	0	0	0.64
86800	0.64	0	0	0	0	0.64
86900	0.64	0	0	0	0	0.64
87000	0.64	0	0	0	0	0.64
87100	0.64	0	0	0	0	0.64
87200	0.64	0	0	0	0	0.64
87300	0.64	0	0	0	0	0.64
87400	0.64	0.01	0.01	0	0	0.64
87500	0.64	0.03	0.03	0	0	0.64
87600	0.64	0.03	0.03	0	0	0.64
87700	0.64	0.03	0.03	0	0	0.64
87800	0.64	0.03	0.03	0	0	0.64
87900	0.64	0.03	0.03	0	0	0.64
88000	0.64	0.02	0.02	0	0	0.64
88100	0.64	0.01	0.01	0	0	0.64
88200	0.64	0.01	0.01	0	0	0.64
88300	0.64	0.01	0.01	0	0	0.64
88400	0.64	0.01	0.01	0	0	0.64
88500	0.64	0	0	0	0	0.64
88600	0.64	0.01	0.01	0	0	0.64
88700	0.64	0.03	0.03	0	0	0.64
88800	0.64	0.03	0.03	0	0	0.64
88900	0.64	0.06	0.06	0	0	0.64
89000	0.64	0.04	0.04	0	0	0.64
89100	0.64	0.03	0.03	0	0	0.64
89200	0.64	0.03	0.03	0	0	0.64
89300	0.64	0.04	0.04	0	0	0.64
89400	0.64	0.04	0.04	0	0	0.64
89500	0.64	0.03	0.03	0	0	0.64
89600	0.64	0.03	0.03	0	0	0.64
89700	0.64	0.03	0.03	0	0	0.64
89800	0.64	0.02	0.02	0	0	0.64
89900	0.64	0.02	0.02	0	0	0.64
90000	0.64	0.01	0.01	0	0	0.64
90100	0.64	0	0	0	0	0.64
90200	0.64	0.01	0.01	0	0	0.64
90300	0.64	0.01	0.01	0	0	0.64
90400	0.64	0.01	0.01	0	0	0.64
90500	0.64	0.01	0.01	0	0	0.64
90600	0.64	0.01	0.01	0	0	0.64
90700	0.64	0	0	0	0	0.64
90800	0.64	0	0	0	0	0.64
90900	0.64	0	0	0	0	0.64
91000	0.64	0	0	0	0	0.64
91100	0.64	0	0	0	0	0.64
91200	0.64	0.01	0.01	0	0	0.64
91300	0.64	0.02	0.02	0	0	0.64
91400	0.64	0.03	0.03	0	0	0.64
91500	0.64	0.02	0.02	0	0	0.64
91600	0.64	0.01	0.01	0	0	0.64
91700	0.64	0.01	0.01	0	0	0.64
91800	0.64	0.02	0.02	0	0	0.64
91900	0.64	0.01	0.01	0	0	0.64
92000	0.64	0.01	0.01	0	0	0.64
92100	0.64	0.01	0.01	0	0	0.64
92200	0.64	0	0	0	0	0.64
92300	0.64	0	0	0	0	0.64
92400	0.64	0	0	0	0	0.64
92500	0.64	0	0	0	0	0.64
92600	0.64	0	0	0	0	0.64
92700	0.64	0	0	0	0	0.64
92800	0.64	0.01	0.01	0	0	0.64
92900	0.64	0.02	0.02	0	0	0.64
93000	0.64	0.02	0.02	0	0	0.64
93100	0.64	0.03	0.03	0	0	0.64
93200	0.64	0.04	0.04	0	0	0.64
93300	0.64	0.03	0.03	0	0	0.64
93400	0.64	0.01	0.01	0	0	0.64
93500	0.64	0.01	0.01	0	0	0.64
93600	0.64	0.01	0.01	0	0	0.64
93700	0.64	0	0	0	0	0.64
93800	0.64	0	0	0	0	0.64
93900	0.64	0.01	0.01	0	0	0.64
94000	0.64	0.02	0.02	0	0	0.64
94100	0.64	0.02	0.02	0	0	0.64
94200	0.64	0.02	0.02	0	0	0.64
94300	0.64	0.02	0.02	0	0	0.64
94400	0.64	0.04	0.04	0	0	0.64
94500	0.64	0.06	0.06	0	0	0.64
94600	0.64	0.05	0.05	0	0	0.64
94700	0.64	0.04	0.04	0	0	0.64
94800	0.64	0.04	0.04	0	0	0.64
94900	0.64	0.03	0.03	0	0	0.64
95000	0.64	0.02	0.02	0	0	0.64
95100	0.64	0.03	0.03	0	0	0.64
95200	0.64	0.01	0.01	0	0	0.64
95300	0.64	0.01	0.01	0	0	0.64
95400	0.64	0.01	0.01	0	0	0.64
95500	0.64	0.01	0.01	0	0	0.64
95600	0.64	0	0	0	0	0.64
95700	0.64	0	0	0	0	0.64
95800	0.64	0	0	0	0	0.64
95900	0.64	0	0	0	0	0.64
96000	0.64	0.04	0.04	0	0	0.64
96100	0.64	0.04	0.04	0	0	0.64
96200	0.64	0.01	0.01	0	0	0.64
96300	0.64	0.01	0.01	0	0	0.64
96400	0.64	0.01	0.01	0	0	0.64
96500	0.64	0.01	0.01	0	0	0.64
96600	0.64	0.01	0.01	0	0	0.64
96700	0.64	0.01	0.01	0	0	0.64
96800	0.64	0.04	0.04	0	0	0.64
96900	0.64	0.03	0.03	0	0	0.64
97000	0.64	0.04	0.04	0	0	0.64
97100	0.64	0.02	0.02	0	0	0.64
97200	0.64	0.02	0.02	0	0	0.64
97300	0.64	0.01	0.01	0	0	0.64
97400	0.64	0.02	0.02	0	0	0.64
97500	0.64	0.02	0.02	0	0	0.64
97600	0.64	0.03	0.03	0	0	0.64
97700	0.64	0.03	0.03	0	0	0.64
97800	0.64	0.02	0.02	0	0	0.64
97900	0.64	0.01	0.01	0	0	0.64
98000	0.64	0	0	0	0	0.64
98100	0.64	0.01	0.01	0	0	0.64
98200	0.64	0.01	0.01	0	0	0.64
98300	0.64	0.03	0.03	0	0	0.64
98400	0.64	0.03	0.03	0	0	0.64
98500	0.64	0.03	0.03	0	0	0.64
98600	0.64	0.02	0.02	0	0	0.64
98700	0.64	0.01	0.01	0	0	0.64
98800	0.64	0.01	0.01	0	0	0.64
98900	0.64	0	0	0	0	0.64
99000	0.64	0	0	0	0	0.64
99100	0.64	0	0	0	0	0.64
99200	0.64	0.01	0.01	0	0	0.64
99300	0.64	0.01	0.01	0	0	0.64
99400	0.64	0.01	0.01	0	0	0.64
99500	0.64	0	0	0	0	0.64
99600	0.64	0.01	0.01	0	0	0.64
99700	0.64	0.01	0.01	0	0	0.64
99800	0.64	0.01	0.01	0	0	0.64
99900	0.64	0.01	0.01	0	0	0.64
100000	0.64	0.01	0.01	0	0	0.64
100100	0.64	0.01	0.01	0	0	0.64
100200	0.64	0.03	0.03	0	0	0.64
100300	0.64	0.04	0.04	0	0	0.64
100400	0.64	0.04	0.04	0	0	0.64
100500	0.64	0.05	0.05	0	0	0.64
100600	0.64	0.05	0.05	0	0	0.64
100700	0.64	0.03	0.03	0	0	0.64
100800	0.64	0.01	0.01	0	0	0.64
100900	0.64	0.01	0.01	0	0	0.64
101000	0.64	0	0	0	0	0.64
101100	0.64	0	0	0	0	0.64
101200	0.64	0.01	0.01	0	0	0.64
101300	0.64	0.02	0.02	0	0	0.64
101400	0.64	0.02	0.02	0	0	0.64
101500	0.64	0.02	0.02	0	0	0.64
101600	0.64	0.02	0.02	0	0	0.64
101700	0.64	0.04	0.04	0	0	0.64
101800	0.64	0.05	0.05	0	0	0.64
101900	0.64	0.04	0.04	0	0	0.64
102000	0.64	0.03	0.03	0	0	0.64
102100	0.64	0.03	0.03	0	0	0.64
102200	0.64	0.03	0.03	0	0	0.64
102300	0.64	0.03	0.03	0	0	0.64
102400	0.64	0	0	0	0	0.64
102500	0.64	0	0	0	0	0.64
102600	0.64	0.01	0.01	0	0	0.64
102700	0.64	0.01	0.01	0	0	0.64
102800	0.64	0.01	0.01	0	0	0.64
102900	0.64	0.01	0.01	0	0	0.64
103000	0.64	0.03	0.03	0	0	0.64
103100	0.64	0.02	0.02	0	0	0.64
103200	0.64	0.01	0.01	0	0	0.64
103300	0.64	0.02	0.02	0	0	0.64
103400	0.64	0.02	0.02	0	0	0.64
103500	0.64	0.02	0.02	0	0	0.64
103600	0.64	0.02	0.02	0	0	0.64
103700	0.64	0.02	0.02	0	0	0.64
103800	0.64	0.02	0.02	0	0	0.64
103900	0.64	0.01	0.01	0	0	0.64
104000	0.64	0.02	0.02	0	0	0.64
104100	0.64	0.02	0.02	0	0	0.64
104200	0.64	0.01	0.01	0	0	0.64
104300	0.64	0.01	0.01	0	0	0.64
104400	0.64	0.01	0.01	0	0	0.64
104500	0.64	0	0	0	0	0.64
104600	0.64	0.01	0.01	0	0	0.64
104700	0.64	0.01	0.01	0	0	0.64
104800	0.64	0.01	0.01	0	0	0.64
104900	0.64	0.02	0.02	0	0	0.64
105000	0.64	0.03	0.03	0	0	0.64
105100	0.64	0.03	0.03	0	0	0.64
105200	0.64	0.01	0.01	0	0	0.64
105300	0.64	0.01	0.01	0	0	0.64
105400	0.64	0.01	0.01	0	0	0.64
105500	0.64	0.02	0.02	0	0	0.64
105600	0.64	0.02	0.02	0	0	0.64
105700	0.64	0.02	0.02	0	0	0.64
105800	0.64	0.01	0.01	0	0	0.64
105900	0.64	0.01	0.01	0	0	0.64
106000	0.64	0	0	0	0	0.64
106100	0.64	0	0	0	0	0.64
106200	0.64	0	0	0	0	0.64
106300	0.64	0	0	0	0	0.64
106400	0.64	0	0	0	0	0.64
106500	0.64	0.02	0.02	0	0	0.64
106600	0.64	0.04	0.04	0	0	0.64
106700	0.64	0.03	0.03	0	0	0.64
106800	0.64	0.03	0.03	0	0	0.64
106900	0.64	0.06	0.06	0	0	0.64
107000	0.64	0.05	0.05	0	0	0.64
107100	0.64	0.04	0.04	0	0	0.64
107200	0.64	0.03	0.03	0	0	0.64
107300	0.64	0.02	0.02	0	0	0.64
107400	0.64	0.03	0.03	0	0	0.64
107500	0.64	0.03	0.03	0	0	0.64
107600	0.64	0.02	0.02	0	0	0.64
107700	0.64	0.03	0.03	0	0	0.64
107800	0.64	0.03	0.03	0	0	0.64
107900	0.64	0.01	0.01	0	0	0.64
108000	0.64	0.01	0.01	0	0	0.64
108100	0.64	0.01	0.01	0	0	0.64
108200	0.64	0	0	0	0	0.64
108300	0.64	0	0	0	0	0.64
108400	0.64	0	0	0	0	0.64
108500	0.64	0.02	0.02	0	0	0.64
108600	0.64	0.03	0.03	0	0	0.64
108700	0.64	0.03	0.03	0	0	0.64
108800	0.64	0.04	0.04	0	0	0.64
108900	0.64	0.05	0.05	0	0	0.64
109000	0.64	0.05	0.05	0	0	0.64
109100	0.63	0.04	0.04	0	0	0.63
109200	0.63	0.02	0.02	0	0	0.63
109300	0.63	0.03	0.03	0	0	0.63
109400	0.63	0.02	0.02	0	0	0.63
109500	0.63	0	0	0	0	0.63
109600	0.63	0	0	0	0	0.63
109700	0.63	0.01	0.01	0	0	0.63
109800	0.63	0	0	0	0	0.63
109900	0.63	0	0	0	0	0.63
110000	0.63	0.01	0.01	0	0	0.63
110100	0.63	0.01	0.01	0	0	0.63
110200	0.63	0.01	0.01	0	0	0.63
110300	0.63	0.01	0.01	0	0	0.63
110400	0.63	0.01	0.01	0	0	0.63
110500	0.63	0	0	0	0	0.63
110600	0.63	0.01	0.01	0	0	0.63
110700	0.63	0.01	0.01	0	0	0.63
110800	0.63	0.01	0.01	0	0	0.63
110900	0.63	0.01	0.01	0	0	0.63
111000	0.63	0.01	0.01	0	0	0.63
111100	0.63	0	0	0	0	0.63
111200	0.63	0.01	0.01	0	0	0.63
111300	0.63	0.03	0.03	0	0	0.63
111400	0.63	0.04	0.04	0	0	0.63
111500	0.63	0.05	0.05	0	0	0.63
111600	0.63	0.05	0.05	0	0	0.63
111700	0.63	0.01	0.01	0	0	0.63
111800	0.63	0.03	0.03	0	0	0.63
111900	0.63	0.01	0.01	0	0	0.63
112000	0.63	0.01	0.01	0	0	0.63
112100	0.63	0.01	0.01	0	0	0.63
112200	0.63	0.02	0.02	0	0	0.63
112300	0.63	0.01	0.01	0	0	0.63
112400	0.63	0.02	0.02	0	0	0.63
112500	0.63	0.01	0.01	0	0	0.63
112600	0.63	0.01	0.01	0	0	0.63
112700	0.63	0.01	0.01	0	0	0.63
112800	0.63	0.01	0.01	0	0	0.63
112900	0.63	0.01	0.01	0	0	0.63
113000	0.63	0.02	0.02	0	0	0.63
113100	0.63	0.03	0.03	0	0	0.63
113200	0.63	0.03	0.03	0	0	0.63
113300	0.63	0.03	0.03	0	0	0.63
113400	0.63	0.02	0.02	0	0	0.63
113500	0.63	0.02	0.02	0	0	0.63
113600	0.63	0.02	0.02	0	0	0.63
113700	0.63	0.03	0.03	0	0	0.63
113800	0.63	0.03	0.03	0	0	0.63
113900	0.63	0.03	0.03	0	0	0.63
114000	0.63	0.02	0.02	0	0	0.63
114100	0.63	0.02	0.02	0	0	0.63
114200	0.63	0.01	0.01	0	0	0.63
114300	0.63	0.02	0.02	0	0	0.63
114400	0.63	0.01	0.01	0	0	0.63
114500	0.63	0.02	0.02	0	0	0.63
114600	0.63	0.02	0.02	0	0	0.63
114700	0.63	0.02	0.02	0	0	0.63
114800	0.63	0.02	0.02	0	0	0.63
114900	0.63	0.02	0.02	0	0	0.63
115000	0.63	0.01	0.01	0	0	0.63
115100	0.63	0.01	0.01	0	0	0.63
115200	0.63	0.02	0.02	0	0	0.63
115300	0.63	0.03	0.03	0	0	0.63
115400	0.63	0.03	0.03	0	0	0.63
115500	0.63	0.03	0.03	0	0	0.63
115600	0.63	0.05	0.05	0	0	0.63
115700	0.63	0.02	0.02	0	0	0.63
115800	0.63	0.02	0.02	0	0	0.63
115900	0.63	0.02	0.02	0	0	0.63
116000	0.63	0.02	0.02	0	0	0.63
116100	0.63	0.03	0.03	0	0	0.63
116200	0.63	0.01	0.01	0	0	0.63
116300	0.63	0.01	0.01	0	0	0.63
116400	0.63	0.01	0.01	0	0	0.63
116500	0.63	0.04	0.04	0	0	0.63
116600	0.63	0.04	0.04	0	0	0.63
116700	0.63	0.04	0.04	0	0	0.63
116800	0.63	0.03	0.03	0	0	0.63
116900	0.63	0.03	0.03	0	0	0.63
117000	0.63	0.02	0.02	0	0	0.63
117100	0.63	0	0	0	0	0.63
117200	0.63	0	0	0	0	0.63
117300	0.63	0	0	0	0	0.63
117400	0.63	0	0	0	0	0.63
117500	0.63	0	0	0	0	0.63
117600	0.63	0.01	0.01	0	0	0.63
117700	0.63	0.01	0.01	0	0	0.63
117800	0.63	0.02	0.02	0	0	0.63
117900	0.63	0.03	0.03	0	0	0.63
118000	0.63	0.03	0.03	0	0	0.63
118100	0.63	0.02	0.02	0	0	0.63
118200	0.63	0.04	0.04	0	0	0.63
118300	0.63	0.02	0.02	0	0	0.63
118400	0.63	0	0	0	0	0.63
118500	0.63	0.01	0.01	0	0	0.63
118600	0.63	0.01	0.01	0	0	0.63
118700	0.63	0.01	0.01	0	0	0.63
118800	0.63	0.01	0.01	0	0	0.63
118900	0.63	0.02	0.02	0	0	0.63
119000	0.63	0.01	0.01	0	0	0.63
119100	0.63	0.01	0.01	0	0	0.63
119200	0.63	0.02	0.02	0	0	0.63
119300	0.63	0.02	0.02	0	0	0.63
119400	0.63	0.02	0.02	0	0	0.63
119500	0.63	0.01	0.01	0	0	0.63
119600	0.63	0.01	0.01	0	0	0.63
119700	0.63	0	0	0	0	0.63
119800	0.63	0	0	0	0	0.63
119900	0.63	0.01	0.01	0	0	0.63
120000	0.63	0.01	0.01	0	0	0.63
120100	0.63	0.01	0.01	0	0	0.63
120200	0.63	0.01	0.01	0	0	0.63
120300	0.63	0	0	0	0	0.63
120400	0.63	0	0	0	0	0.63
120500	0.63	0	0	0	0	0.63
120600	0.63	0	0	0	0	0.63
120700	0.63	0	0	0	0	0.63
120800	0.63	0	0	0	0	0.63
120900	0.63	0.02	0.02	0	0	0.63
121000	0.63	0.02	0.02	0	0	0.63
121100	0.63	0.04	0.04	0	0	0.63
121200	0.63	0.03	0.03	0	0	0.63
121300	0.63	0.04	0.04	0	0	0.63
121400	0.63	0.03	0.03	0	0	0.63
121500	0.63	0.02	0.02	0	0	0.63
121600	0.63	0.01	0.01	0	0	0.63
121700	0.63	0.01	0.01	0	0	0.63
121800	0.64	0.01	0.01	0	0	0.64
121900	0.64	0.03	0.03	0	0	0.64
122000	0.64	0.02	0.02	0	0	0.64
122100	0.64	0.03	0.03	0	0	0.64
122200	0.64	0.02	0.02	0	0	0.64
122300	0.64	0.01	0.01	0	0	0.64
122400	0.64	0.01	0.01	0	0	0.64
122500	0.64	0	0	0	0	0.64
122600	0.64	0	0	0	0	0.64
122700	0.64	0	0	0	0	0.64
122800	0.64	0	0	0	0	0.64
122900	0.64	0	0	0	0	0.64
123000	0.64	0	0	0	0	0.64
123100	0.64	0	0	0	0	0.64
123200	0.64	0	0	0	0	0.64
123300	0.64	0	0	0	0	0.64
123400	0.64	0	0	0	0	0.64
123500	0.64	0.01	0.01	0	0	0.64
123600	0.64	0.01	0.01	0	0	0.64
123700	0.64	0.01	0.01	0	0	0.64
123800	0.64	0.01	0.01	0	0	0.64
123900	0.64	0.01	0.01	0	0	0.64
124000	0.64	0.02	0.02	0	0	0.64
124100	0.64	0.02	0.02	0	0	0.64
124200	0.64	0.02	0.02	0	0	0.64
124300	0.64	0.02	0.02	0	0	0.64
124400	0.64	0.03	0.03	0	0	0.64
124500	0.64	0.02	0.02	0	0	0.64
124600	0.64	0.02	0.02	0	0	0.64
124700	0.64	0.02	0.02	0	0	0.64
124800	0.64	0.03	0.03	0	0	0.64
124900	0.64	0.02	0.02	0	0	0.64
125000	0.64	0.01	0.01	0	0	0.64
125100	0.64	0.02	0.02	0	0	0.64
125200	0.64	0.02	0.02	0	0	0.64
125300	0.64	0.03	0.03	0	0	0.64
125400	0.64	0.02	0.02	0	0	0.64
125500	0.64	0.03	0.03	0	0	0.64
125600	0.64	0.04	0.04	0	0	0.64
125700	0.64	0.03	0.03	0	0	0.64
125800	0.64	0.03	0.03	0	0	0.64
125900	0.64	0.03	0.03	0	0	0.64
126000	0.64	0.04	0.04	0	0	0.64
126100	0.64	0.05	0.05	0	0	0.64
126200	0.64	0.03	0.03	0	0	0.64
126300	0.64	0.04	0.04	0	0	0.64
126400	0.64	0.01	0.01	0	0	0.64
126500	0.64	0.02	0.02	0	0	0.64
126600	0.65	0.01	0.01	0	0	0.65
126700	0.65	0.01	0.01	0	0	0.65
126800	0.65	0.03	0.03	0	0	0.65
126900	0.65	0.03	0.03	0	0	0.65
127000	0.65	0.02	0.02	0	0	0.65
127100	0.65	0.01	0.01	0	0	0.65
127200	0.65	0	0	0	0	0.65
127300	0.65	0.01	0.01	0	0	0.65
127400	0.65	0.01	0.01	0	0	0.65
127500	0.65	0.01	0.01	0	0	0.65
127600	0.65	0.01	0.01	0	0	0.65
127700	0.65	0	0	0	0	0.65
127800	0.64	0	0	0	0	0.64
127900	0.64	0	0	0	0	0.64
128000	0.64	0.01	0.01	0	0	0.64
128100	0.64	0.02	0.02	0	0	0.64
128200	0.64	0.02	0.02	0	0	0.64
128300	0.64	0.03	0.03	0	0	0.64
128400	0.64	0.03	0.03	0	0	0.64
128500	0.64	0.05	0.05	0	0	0.64
128600	0.64	0.03	0.03	0	0	0.64
128700	0.64	0.03	0.03	0	0	0.64
128800	0.64	0.01	0.01	0	0	0.64
128900	0.64	0	0	0	0	0.64
129000	0.64	0.01	0.01	0	0	0.64
129100	0.64	0.02	0.02	0	0	0.64
129200	0.64	0.02	0.02	0	0	0.64
129300	0.64	0.02	0.02	0	0	0.64
129400	0.64	0.02	0.02	0	0	0.64
129500	0.64	0.01	0.01	0	0	0.64
129600	0.64	0.01	0.01	0	0	0.64
129700	0.64	0	0	0	0	0.64
129800	0.64	0.02	0.02	0	0	0.64
129900	0.64	0.01	0.01	0	0	0.64
130000	0.64	0.03	0.03	0	0	0.64
130100	0.64	0.02	0.02	0	0	0.64
130200	0.64	0.02	0.02	0	0	0.64
130300	0.64	0.03	0.03	0	0	0.64
130400	0.64	0.04	0.04	0	0	0.64
130500	0.64	0.04	0.04	0	0	0.64
130600	0.64	0.04	0.04	0	0	0.64
130700	0.64	0.03	0.03	0	0	0.64
130800	0.64	0.03	0.03	0	0	0.64
130900	0.64	0.02	0.02	0	0	0.64
131000	0.64	0.01	0.01	0	0	0.64
131100	0.64	0.01	0.01	0	0	0.64
131200	0.64	0.01	0.01	0	0	0.64
131300	0.64	0.01	0.01	0	0	0.64
131400	0.64	0.02	0.02	0	0	0.64
131500	0.64	0.02	0.02	0	0	0.64
131600	0.64	0.03	0.03	0	0	0.64
131700	0.64	0.03	0.03	0	0	0.64
131800	0.64	0.03	0.03	0	0	0.64
131900	0.64	0.03	0.03	0	0	0.64
132000	0.64	0.01	0.01	0	0	0.64
132100	0.64	0.01	0.01	0	0	0.64
132200	0.64	0.01	0.01	0	0	0.64
132300	0.64	0.01	0.01	0	0	0.64
132400	0.64	0.01	0.01	0	0	0.64
132500	0.64	0.01	0.01	0	0	0.64
132600	0.64	0.02	0.02	0	0	0.64
132700	0.64	0.02	0.02	0	0	0.64
132800	0.64	0.04	0.04	0	0	0.64
132900	0.63	0.04	0.04	0	0	0.63
133000	0.63	0.06	0.06	0	0	0.63
133100	0.63	0.05	0.05	0	0	0.63
133200	0.63	0.03	0.03	0	0	0.63
133300	0.63	0.02	0.02	0	0	0.63
133400	0.63	0.03	0.03	0	0	0.63
133500	0.63	0.02	0.02	0	0	0.63
133600	0.63	0	0	0	0	0.63
133700	0.63	0	0	0	0	0.63
133800	0.63	0	0	0	0	0.63
133900	0.63	0.01	0.01	0	0	0.63
134000	0.63	0.02	0.02	0	0	0.63
134100	0.63	0.01	0.01	0	0	0.63
134200	0.63	0.01	0.01	0	0	0.63
134300	0.63	0.01	0.01	0	0	0.63
134400	0.63	0.01	0.01	0	0	0.63
134500	0.63	0.01	0.01	0	0	0.63
134600	0.63	0.02	0.02	0	0	0.63
134700	0.64	0.03	0.03	0	0	0.64
134800	0.64	0.02	0.02	0	0	0.64
134900	0.63	0.03	0.03	0	0	0.63
135000	0.63	0.04	0.04	0	0	0.63
135100	0.63	0.03	0.03	0	0	0.63
135200	0.63	0.02	0.02	0	0	0.63
135300	0.63	0.01	0.01	0	0	0.63
135400	0.63	0.01	0.01	0	0	0.63
135500	0.63	0.01	0.01	0	0	0.63
135600	0.63	0.01	0.01	0	0	0.63
135700	0.63	0.01	0.01	0	0	0.63
135800	0.63	0.04	0.04	0	0	0.63
135900	0.63	0.05	0.05	0	0	0.63
136000	0.63	0.04	0.04	0	0	0.63
136100	0.63	0.03	0.03	0	0	0.63
136200	0.63	0.02	0.02	0	0	0.63
136300	0.63	0.01	0.01	0	0	0.63
136400	0.64	0	0	0	0	0.64
136500	0.64	0.01	0.01	0	0	0.64
136600	0.65	0.01	0.01	0	0	0.65
136700	0.65	0.01	0.01	0	0	0.65
136800	0.65	0	0	0	0	0.65
136900	0.65	0	0	0	0	0.65
137000	0.65	0	0	0	0	0.65
137100	0.64	0.01	0.01	0	0	0.64
137200	0.64	0.01	0.01	0	0	0.64
137300	0.64	0.01	0.01	0	0	0.64
137400	0.64	0.01	0.01	0	0	0.64
137500	0.64	0.01	0.01	0	0	0.64
137600	0.64	0.01	0.01	0	0	0.64
137700	0.64	0	0	0	0	0.64
137800	0.64	0.01	0.01	0	0	0.64
137900	0.64	0.02	0.02	0	0	0.64
138000	0.64	0.02	0.02	0	0	0.64
138100	0.64	0.02	0.02	0	0	0.64
138200	0.64	0.02	0.02	0	0	0.64
138300	0.64	0.03	0.03	0	0	0.64
138400	0.64	0.01	0.01	0	0	0.64
138500	0.64	0.01	0.01	0	0	0.64
138600	0.64	0.01	0.01	0	0	0.64
138700	0.64	0.01	0.01	0	0	0.64
138800	0.64	0.01	0.01	0	0	0.64
138900	0.64	0.01	0.01	0	0	0.64
139000	0.64	0.02	0.02	0	0	0.64
139100	0.64	0.02	0.02	0	0	0.64
139200	0.64	0.03	0.03	0	0	0.64
139300	0.64	0.04	0.04	0	0	0.64
139400	0.64	0.03	0.03	0	0	0.64
139500	0.64	0.02	0.02	0	0	0.64
139600	0.64	0.01	0.01	0	0	0.64
139700	0.64	0.03	0.03	0	0	0.64
139800	0.64	0.03	0.03	0	0	0.64
139900	0.64	0.04	0.04	0	0	0.64
140000	0.64	0.06	0.06	0	0	0.64
140100	0.64	0.06	0.06	0	0	0.64
140200	0.64	0.07	0.07	0	0	0.64
140300	0.64	0.07	0.07	0	0	0.64
140400	0.64	0.05	0.05	0	0	0.64
140500	0.64	0.04	0.04	0	0	0.64
140600	0.64	0	0	0	0	0.64
140700	0.64	0	0	0	0	0.64
140800	0.64	0	0	0	0	0.64
140900	0.64	0	0	0	0	0.64
141000	0.64	0	0	0	0	0.64
141100	0.64	0	0	0	0	0.64
141200	0.64	0	0	0	0	0.64
141300	0.64	0.01	0.01	0	0	0.64
141400	0.64	0.01	0.01	0	0	0.64
141500	0.64	0.02	0.02	0	0	0.64
141600	0.64	0.02	0.02	0	0	0.64
141700	0.64	0.02	0.02	0	0	0.64
141800	0.64	0.03	0.03	0	0	0.64
141900	0.64	0.03	0.03	0	0	0.64
142000	0.64	0.03	0.03	0	0	0.64
142100	0.64	0.03	0.03	0	0	0.64
142200	0.64	0.03	0.03	0	0	0.64
142300	0.64	0.02	0.02	0	0	0.64
142400	0.64	0.02	0.02	0	0	0.64
142500	0.64	0.01	0.01	0	0	0.64
142600	0.64	0.02	0.02	0	0	0.64
142700	0.64	0.01	0.01	0	0	0.64
142800	0.64	0.02	0.02	0	0	0.64
142900	0.64	0.01	0.01	0	0	0.64
143000	0.65	0.03	0.03	0	0	0.65
143100	0.65	0.03	0.03	0	0	0.65
143200	0.65	0.02	0.02	0	0	0.65
143300	0.65	0.02	0.02	0	0	0.65
143400	0.65	0.03	0.03	0	0	0.65
143500	0.65	0.02	0.02	0	0	0.65
143600	0.65	0.03	0.03	0	0	0.65
143700	0.65	0.03	0.03	0	0	0.65
143800	0.65	0.03	0.03	0	0	0.65
143900	0.65	0.04	0.04	0	0	0.65
144000	0.65	0.02	0.02	0	0	0.65
144100	0.65	0.01	0.01	0	0	0.65
144200	0.65	0	0	0	0	0.65
144300	0.65	0.01	0.01	0	0	0.65
144400	0.65	0.01	0.01	0	0	0.65
144500	0.65	0.01	0.01	0	0	0.65
144600	0.65	0.02	0.02	0	0	0.65
144700	0.65	0.02	0.02	0	0	0.65
144800	0.65	0.03	0.03	0	0	0.65
144900	0.65	0.03	0.03	0	0	0.65
145000	0.65	0.03	0.03	0	0	0.65
145100	0.65	0.04	0.04	0	0	0.65
145200	0.65	0.04	0.04	0	0	0.65
145300	0.65	0.04	0.04	0	0	0.65
145400	0.65	0.04	0.04	0	0	0.65
145500	0.65	0.02	0.02	0	0	0.65
145600	0.65	0.02	0.02	0	0	0.65
145700	0.65	0.02	0.02	0	0	0.65
145800	0.65	0.02	0.02	0	0	0.65
145900	0.65	0.01	0.01	0	0	0.65
146000	0.65	0.03	0.03	0	0	0.65
146100	0.65	0.03	0.03	0	0	0.65
146200	0.65	0.03	0.03	0	0	0.65
146300	0.65	0.02	0.02	0	0	0.65
146400	0.65	0.02	0.02	0	0	0.65
146500	0.65	0.02	0.02	0	0	0.65
146600	0.65	0.01	0.01	0	0	0.65
146700	0.65	0.02	0.02	0	0	0.65
146800	0.65	0.02	0.02	0	0	0.65
146900	0.65	0.01	0.01	0	0	0.65
147000	0.65	0.02	0.02	0	0	0.65
147100	0.65	0.03	0.03	0	0	0.65
147200	0.65	0.02	0.02	0	0	0.65
147300	0.65	0.01	0.01	0	0	0.65
147400	0.65	0.03	0.03	0	0	0.65
147500	0.65	0.03	0.03	0	0	0.65
147600	0.65	0.03	0.03	0	0	0.65
147700	0.65	0.04	0.04	0	0	0.65
147800	0.65	0.02	0.02	0	0	0.65
147900	0.65	0.01	0.01	0	0	0.65
148000	0.65	0.01	0.01	0	0	0.65
148100	0.65	0.02	0.02	0	0	0.65
148200	0.65	0.02	0.02	0	0	0.65
148300	0.65	0.03	0.03	0	0	0.65
148400	0.65	0.05	0.05	0	0	0.65
148500	0.65	0.05	0.05	0	0	0.65
148600	0.65	0.03	0.03	0	0	0.65
148700	0.65	0.04	0.04	0	0	0.65
148800	0.65	0.03	0.03	0	0	0.65
148900	0.65	0.03	0.03	0	0	0.65
149000	0.65	0.02	0.02	0	0	0.65
149100	0.65	0.01	0.01	0	0	0.65
149200	0.65	0.01	0.01	0	0	0.65
149300	0.65	0.03	0.03	0	0	0.65
149400	0.65	0.03	0.03	0	0	0.65
149500	0.65	0.03	0.03	0	0	0.65
149600	0.65	0.02	0.02	0	0	0.65
149700	0.65	0.02	0.02	0	0	0.65
149800	0.65	0.01	0.01	0	0	0.65
149900	0.65	0	0	0	0	0.65
150000	0.65	0	0	0	0	0.65
150100	0.65	0.01	0.01	0	0	0.65
150200	0.65	0.01	0.01	0	0	0.65
150300	0.65	0.01	0.01	0	0	0.65
150400	0.65	0.01	0.01	0	0	0.65
150500	0.64	0.03	0.03	0	0	0.64
150600	0.64	0.04	0.04	0	0	0.64
150700	0.64	0.03	0.03	0	0	0.64
150800	0.64	0.04	0.04	0	0	0.64
150900	0.64	0.04	0.04	0	0	0.64
151000	0.64	0.03	0.03	0	0	0.64
151100	0.64	0.02	0.02	0	0	0.64
151200	0.64	0.03	0.03	0	0	0.64
151300	0.64	0.03	0.03	0	0	0.64
151400	0.64	0.01	0.01	0	0	0.64
151500	0.64	0.03	0.03	0	0	0.64
151600	0.64	0.05	0.05	0	0	0.64
151700	0.64	0.05	0.05	0	0	0.64
151800	0.65	0.03	0.03	0	0	0.65
151900	0.65	0.03	0.03	0	0	0.65
152000	0.65	0.03	0.03	0	0	0.65
152100	0.65	0.01	0.01	0	0	0.65
152200	0.65	0.01	0.01	0	0	0.65
152300	0.65	0.01	0.01	0	0	0.65
152400	0.65	0.01	0.01	0	0	0.65
152500	0.65	0.01	0.01	0	0	0.65
152600	0.65	0.01	0.01	0	0	0.65
152700	0.65	0.01	0.01	0	0	0.65
152800	0.65	0.01	0.01	0	0	0.65
152900	0.65	0.01	0.01	0	0	0.65
153000	0.65	0.01	0.01	0	0	0.65
153100	0.64	0.02	0.02	0	0	0.64
153200	0.64	0.01	0.01	0	0	0.64
153300	0.64	0.01	0.01	0	0	0.64
153400	0.64	0.01	0.01	0	0	0.64
153500	0.64	0.01	0.01	0	0	0.64
153600	0.64	0.01	0.01	0	0	0.64
153700	0.64	0.01	0.01	0	0	0.64
153800	0.64	0.01	0.01	0	0	0.64
153900	0.64	0.02	0.02	0	0	0.64
154000	0.64	0.02	0.02	0	0	0.64
154100	0.64	0.01	0.01	0	0	0.64
154200	0.64	0.01	0.01	0	0	0.64
154300	0.64	0.01	0.01	0	0	0.64
154400	0.64	0.01	0.01	0	0	0.64
154500	0.64	0.01	0.01	0	0	0.64
154600	0.64	0	0	0	0	0.64
154700	0.64	0	0	0	0	0.64
154800	0.64	0.01	0.01	0	0	0.64
154900	0.64	0.01	0.01	0	0	0.64
155000	0.64	0.01	0.01	0	0	0.64
155100	0.64	0.01	0.01	0	0	0.64
155200	0.64	0.02	0.02	0	0	0.64
155300	0.64	0.02	0.02	0	0	0.64
155400	0.64	0.01	0.01	0	0	0.64
155500	0.64	0.01	0.01	0	0	0.64
155600	0.64	0.01	0.01	0	0	0.64
155700	0.64	0.02	0.02	0	0	0.64
155800	0.64	0.03	0.03	0	0	0.64
155900	0.64	0.02	0.02	0	0	0.64
156000	0.64	0.01	0.01	0	0	0.64
156100	0.64	0.01	0.01	0	0	0.64
156200	0.64	0.02	0.02	0	0	0.64
156300	0.64	0.01	0.01	0	0	0.64
156400	0.64	0.01	0.01	0	0	0.64
156500	0.64	0.02	0.02	0	0	0.64
156600	0.64	0.02	0.02	0	0	0.64
156700	0.64	0.01	0.01	0	0	0.64
156800	0.64	0.01	0.01	0	0	0.64
156900	0.64	0	0	0	0	0.64
157000	0.64	0	0	0	0	0.64
157100	0.64	0.01	0.01	0	0	0.64
157200	0.64	0.01	0.01	0	0	0.64
157300	0.64	0.02	0.02	0	0	0.64
157400	0.64	0.02	0.02	0	0	0.64
157500	0.64	0.01	0.01	0	0	0.64
157600	0.64	0.01	0.01	0	0	0.64
157700	0.64	0.01	0.01	0	0	0.64
157800	0.64	0.02	0.02	0	0	0.64
157900	0.64	0.03	0.03	0	0	0.64
158000	0.64	0.03	0.03	0	0	0.64
158100	0.64	0.01	0.01	0	0	0.64
158200	0.64	0.02	0.02	0	0	0.64
158300	0.64	0.03	0.03	0	0	0.64
158400	0.64	0.03	0.03	0	0	0.64
158500	0.64	0.05	0.05	0	0	0.64
158600	0.64	0.05	0.05	0	0	0.64
158700	0.64	0.05	0.05	0	0	0.64
158800	0.64	0.03	0.03	0	0	0.64
158900	0.64	0.03	0.03	0	0	0.64
159000	0.64	0.01	0.01	0	0	0.64
159100	0.64	0.01	0.01	0	0	0.64
159200	0.64	0.01	0.01	0	0	0.64
159300	0.64	0.03	0.03	0	0	0.64
159400	0.64	0.04	0.04	0	0	0.64
159500	0.64	0.05	0.05	0	0	0.64
159600	0.64	0.04	0.04	0	0	0.64
159700	0.64	0.04	0.04	0	0	0.64
159800	0.64	0.03	0.03	0	0	0.64
159900	0.64	0.04	0.04	0	0	0.64
160000	0.64	0.04	0.04	0	0	0.64
160100	0.64	0.04	0.04	0	0	0.64
160200	0.64	0.02	0.02	0	0	0.64
160300	0.64	0.02	0.02	0	0	0.64
160400	0.64	0.01	0.01	0	0	0.64
160500	0.64	0	0	0	0	0.64
160600	0.64	0	0	0	0	0.64
160700	0.64	0.01	0.01	0	0	0.64
160800	0.64	0.01	0.01	0	0	0.64
160900	0.65	0.02	0.02	0	0	0.65
161000	0.65	0.02	0.02	0	0	0.65
161100	0.65	0.02	0.02	0	0	0.65
161200	0.65	0.01	0.01	0	0	0.65
161300	0.65	0	0	0	0	0.65
161400	0.65	0	0	0	0	0.65
161500	0.65	0.01	0.01	0	0	0.65
161600	0.65	0.01	0.01	0	0	0.65
161700	0.65	0.01	0.01	0	0	0.65
161800	0.65	0	0	0	0	0.65
161900	0.65	0.01	0.01	0	0	0.65
162000	0.65	0.01	0.01	0	0	0.65
162100	0.65	0.02	0.02	0	0	0.65
162200	0.65	0.02	0.02	0	0	0.65
162300	0.65	0.01	0.01	0	0	0.65
162400	0.65	0.01	0.01	0	0	0.65
162500	0.65	0	0	0	0	0.65
162600	0.65	0.01	0.01	0	0	0.65
162700	0.65	0.01	0.01	0	0	0.65
162800	0.65	0.01	0.01	0	0	0.65
162900	0.65	0.01	0.01	0	0	0.65
163000	0.65	0.04	0.04	0	0	0.65
163100	0.65	0.03	0.03	0	0	0.65
163200	0.65	0.01	0.01	0	0	0.65
163300	0.65	0.02	0.02	0	0	0.65
163400	0.65	0.02	0.02	0	0	0.65
163500	0.65	0.02	0.02	0	0	0.65
163600	0.65	0.01	0.01	0	0	0.65
163700	0.65	0	0	0	0	0.65
163800	0.65	0	0	0	0	0.65
163900	0.65	0.01	0.01	0	0	0.65
164000	0.65	0.01	0.01	0	0	0.65
164100	0.65	0.01	0.01	0	0	0.65
164200	0.65	0.01	0.01	0	0	0.65
164300	0.65	0.01	0.01	0	0	0.65
164400	0.65	0.01	0.01	0	0	0.65
164500	0.65	0.01	0.01	0	0	0.65
164600	0.65	0.01	0.01	0	0	0.65
164700	0.65	0.01	0.01	0	0	0.65
164800	0.65	0.02	0.02	0	0	0.65
164900	0.65	0.03	0.03	0	0	0.65
165000	0.65	0.02	0.02	0	0	0.65
165100	0.65	0.06	0.06	0	0	0.65
165200	0.65	0.07	0.07	0	0	0.65
165300	0.65	0.04	0.04	0	0	0.65
165400	0.65	0.02	0.02	0	0	0.65
165500	0.65	0.03	0.03	0	0	0.65
165600	0.65	0.04	0.04	0	0	0.65
165700	0.65	0.04	0.04	0	0	0.65
165800	0.65	0.02	0.02	0	0	0.65
165900	0.65	0.02	0.02	0	0	0.65
166000	0.65	0.02	0.02	0	0	0.65
166100	0.65	0.01	0.01	0	0	0.65
166200	0.65	0.01	0.01	0	0	0.65
166300	0.65	0.01	0.01	0	0	0.65
166400	0.65	0.02	0.02	0	0	0.65
166500	0.65	0.02	0.02	0	0	0.65
166600	0.65	0.02	0.02	0	0	0.65
166700	0.65	0.01	0.01	0	0	0.65
166800	0.65	0.01	0.01	0	0	0.65
166900	0.65	0.03	0.03	0	0	0.65
167000	0.65	0.02	0.02	0	0	0.65
167100	0.65	0.02	0.02	0	0	0.65
167200	0.65	0.02	0.02	0	0	0.65
167300	0.64	0.02	0.02	0	0	0.64
167400	0.64	0.02	0.02	0	0	0.64
167500	0.64	0.02	0.02	0	0	0.64
167600	0.64	0.01	0.01	0	0	0.64
167700	0.64	0.01	0.01	0	0	0.64
167800	0.64	0.02	0.02	0	0	0.64
167900	0.64	0.01	0.01	0	0	0.64
168000	0.64	0.01	0.01	0	0	0.64
168100	0.64	0.01	0.01	0	0	0.64
168200	0.64	0.02	0.02	0	0	0.64
168300	0.64	0.04	0.04	0	0	0.64
168400	0.64	0.06	0.06	0	0	0.64
168500	0.64	0.07	0.07	0	0	0.64
168600	0.64	0.06	0.06	0	0	0.64
168700	0.64	0.05	0.05	0	0	0.64
168800	0.64	0.05	0.05	0	0	0.64
168900	0.64	0.06	0.06	0	0	0.64
169000	0.64	0.07	0.07	0	0	0.64
169100	0.64	0.07	0.07	0	0	0.64
169200	0.64	0.06	0.06	0	0	0.64
169300	0.64	0.07	0.07	0	0	0.64
169400	0.64	0.08	0.08	0	0	0.64
169500	0.64	0.06	0.06	0	0	0.64
169600	0.64	0.07	0.07	0	0	0.64
169700	0.64	0.08	0.08	0	0	0.64
169800	0.63	0.09	0.09	0	0	0.63
169900	0.63	0.09	0.09	0	0	0.63
170000	0.63	0.08	0.08	0	0	0.63
170100	0.63	0.07	0.07	0	0	0.63
170200	0.63	0.07	0.07	0	0	0.63
170300	0.63	0.07	0.07	0	0	0.63
170400	0.63	0.08	0.08	0	0	0.63
170500	0.63	0.08	0.08	0	0	0.63
170600	0.63	0.08	0.08	0	0	0.63
170700	0.63	0.09	0.09	0	0	0.63
170800	0.63	0.09	0.09	0	0	0.63
170900	0.63	0.1	0.1	0	0	0.63
171000	0.63	0.11	0.11	0	0	0.63
171100	0.63	0.09	0.09	0	0	0.63
171200	0.63	0.09	0.09	0	0	0.63
171300	0.63	0.09	0.09	0	0	0.63
171400	0.63	0.09	0.09	0	0	0.63
171500	0.63	0.09	0.09	0	0	0.63
171600	0.63	0.09	0.09	0	0	0.63
171700	0.63	0.1	0.1	0	0	0.63
171800	0.63	0.11	0.11	0	0	0.63
171900	0.63	0.11	0.11	0	0	0.63
172000	0.63	0.11	0.11	0	0	0.63
172100	0.63	0.12	0.12	0	0	0.63
172200	0.63	0.12	0.12	0	0	0.63
172300	0.63	0.12	0.12	0	0	0.63
172400	0.63	0.11	0.11	0	0	0.63
172500	0.63	0.11	0.11	0	0	0.63
172600	0.63	0.11	0.11	0	0	0.63
172700	0.63	0.11	0.11	0	0	0.63
172800	0.64	0.11	0.11	0	0	0.64
172900	0.64	0.12	0.12	0	0	0.64
173000	0.64	0.12	0.12	0	0	0.64
173100	0.64	0.13	0.13	0	0	0.64
173200	0.64	0.13	0.13	0	0	0.64
173300	0.64	0.13	0.13	0	0	0.64
173400	0.64	0.13	0.13	0	0	0.64
173500	0.64	0.14	0.14	0	0	0.64
173600	0.64	0.13	0.13	0	0	0.64
173700	0.64	0.12	0.12	0	0	0.64
173800	0.64	0.14	0.14	0	0	0.64
173900	0.64	0.15	0.15	0	0	0.64
174000	0.64	0.14	0.14	0	0	0.64
174100	0.64	0.13	0.13	0	0	0.64
174200	0.64	0.13	0.13	0	0	0.64
174300	0.64	0.13	0.13	0	0	0.64
174400	0.64	0.13	0.13	0	0	0.64
174500	0.64	0.13	0.13	0	0	0.64
174600	0.64	0.13	0.13	0	0	0.64
174700	0.64	0.13	0.13	0	0	0.64
174800	0.64	0.14	0.14	0	0	0.64
174900	0.64	0.14	0.14	0	0	0.64
175000	0.64	0.14	0.14	0	0	0.64
175100	0.64	0.14	0.14	0	0	0.64
175200	0.64	0.14	0.14	0	0	0.64
175300	0.64	0.15	0.15	0	0	0.64
175400	0.64	0.15	0.15	0	0	0.64
175500	0.65	0.16	0.16	0	0	0.65
175600	0.65	0.16	0.16	0	0	0.65
175700	0.65	0.16	0.16	0	0	0.65
175800	0.65	0.16	0.16	0	0	0.65
175900	0.65	0.16	0.16	0	0	0.65
176000	0.65	0.16	0.16	0	0	0.65
176100	0.65	0.16	0.16	0	0	0.65
176200	0.65	0.16	0.16	0	0	0.65
176300	0.65	0.16	0.16	0	0	0.65
176400	0.65	0.16	0.16	0	0	0.65
176500	0.65	0.16	0.16	0	0	0.65
176600	0.65	0.17	0.17	0	0	0.65
176700	0.65	0.18	0.18	0	0	0.65
176800	0.65	0.18	0.18	0	0	0.65
176900	0.65	0.18	0.18	0	0	0.65
177000	0.65	0.18	0.18	0	0	0.65
177100	0.65	0.17	0.17	0	0	0.65
177200	0.65	0.18	0.18	0	0	0.65
177300	0.65	0.18	0.18	0	0	0.65
177400	0.65	0.18	0.18	0	0	0.65
177500	0.65	0.18	0.18	0	0	0.65
177600	0.65	0.18	0.18	0	0	0.65
177700	0.65	0.18	0.18	0	0	0.65
177800	0.65	0.18	0.18	0	0	0.65
177900	0.65	0.18	0.18	0	0	0.65
178000	0.65	0.19	0.19	0	0	0.65
178100	0.65	0.2	0.2	0	0	0.65
178200	0.65	0.2	0.2	0	0	0.65
178300	0.65	0.2	0.2	0	0	0.65
178400	0.65	0.2	0.2	0	0	0.65
178500	0.64	0.19	0.19	0	0	0.64
178600	0.64	0.19	0.19	0	0	0.64
178700	0.64	0.19	0.19	0	0	0.64
178800	0.64	0.19	0.19	0	0	0.64
178900	0.64	0.19	0.19	0	0	0.64
179000	0.64	0.19	0.19	0	0	0.64
179100	0.64	0.19	0.19	0	0	0.64
179200	0.64	0.19	0.19	0	0	0.64
179300	0.64	0.19	0.19	0	0	0.64
179400	0.64	0.2	0.2	0	0	0.64
179500	0.64	0.21	0.21	0	0	0.64
179600	0.64	0.21	0.21	0	0	0.64
179700	0.64	0.2	0.2	0	0	0.64
179800	0.64	0.2	0.2	0	0	0.64
179900	0.64	0.2	0.2	0	0	0.64
180000	0.64	0.2	0.2	0	0	0.64
180100	0.64	0.2	0.2	0	0	0.64
180200	0.64	0.2	0.2	0	0	0.64
180300	0.64	0.2	0.2	0	0	0.64
180400	0.64	0.2	0.2	0	0	0.64
180500	0.65	0.2	0.2	0	0	0.65
180600	0.65	0.2	0.2	0	0	0.65
180700	0.65	0.2	0.2	0	0	0.65
180800	0.65	0.2	0.2	0	0	0.65
180900	0.65	0.2	0.2	0	0	0.65
181000	0.65	0.2	0.2	0	0	0.65
181100	0.65	0.2	0.2	0	0	0.65
181200	0.65	0.2	0.2	0	0	0.65
181300	0.65	0.2	0.2	0	0	0.65
181400	0.65	0.2	0.2	0	0	0.65
181500	0.65	0.2	0.2	0	0	0.65
181600	0.65	0.2	0.2	0	0	0.65
181700	0.65	0.2	0.2	0	0	0.65
181800	0.65	0.2	0.2	0	0	0.65
181900	0.65	0.21	0.21	0	0	0.65
182000	0.65	0.21	0.21	0	0	0.65
182100	0.65	0.22	0.22	0	0	0.65
182200	0.65	0.21	0.21	0	0	0.65
182300	0.65	0.21	0.21	0	0	0.65
182400	0.65	0.22	0.22	0	0	0.65
182500	0.65	0.22	0.22	0	0	0.65
182600	0.65	0.21	0.21	0	0	0.65
182700	0.65	0.21	0.21	0	0	0.65
182800	0.65	0.21	0.21	0	0	0.65
182900	0.65	0.21	0.21	0	0	0.65
183000	0.65	0.21	0.21	0	0	0.65
183100	0.65	0.21	0.21	0	0	0.65
183200	0.65	0.21	0.21	0	0	0.65
183300	0.65	0.22	0.22	0	0	0.65
183400	0.65	0.22	0.22	0	0	0.65
183500	0.65	0.22	0.22	0	0	0.65
183600	0.65	0.23	0.23	0	0	0.65
183700	0.65	0.23	0.23	0	0	0.65
183800	0.65	0.22	0.22	0	0	0.65
183900	0.65	0.23	0.23	0	0	0.65
184000	0.65	0.23	0.23	0	0	0.65
184100	0.64	0.23	0.23	0	0	0.64
184200	0.64	0.23	0.23	0	0	0.64
184300	0.64	0.23	0.23	0	0	0.64
184400	0.64	0.23	0.23	0	0	0.64
184500	0.64	0.22	0.22	0	0	0.64
184600	0.64	0.23	0.23	0	0	0.64
184700	0.64	0.23	0.23	0	0	0.64
184800	0.64	0.23	0.23	0	0	0.64
184900	0.64	0.23	0.23	0	0	0.64
185000	0.64	0.22	0.22	0	0	0.64
185100	0.64	0.22	0.22	0	0	0.64
185200	0.64	0.22	0.22	0	0	0.64
185300	0.64	0.22	0.22	0	0	0.64
185400	0.64	0.22	0.22	0	0	0.64
185500	0.64	0.21	0.21	0	0	0.64
185600	0.64	0.21	0.21	0	0	0.64
185700	0.64	0.21	0.21	0	0	0.64
185800	0.64	0.21	0.21	0	0	0.64
185900	0.64	0.21	0.21	0	0	0.64
186000	0.64	0.21	0.21	0	0	0.64
186100	0.64	0.21	0.21	0	0	0.64
186200	0.64	0.21	0.21	0	0	0.64
186300	0.64	0.21	0.21	0	0	0.64
186400	0.64	0.21	0.21	0	0	0.64
186500	0.64	0.21	0.21	0	0	0.64
186600	0.64	0.21	0.21	0	0	0.64
186700	0.64	0.22	0.22	0	0	0.64
186800	0.64	0.23	0.23	0	0	0.64
186900	0.64	0.23	0.23	0	0	0.64
187000	0.64	0.23	0.23	0	0	0.64
187100	0.64	0.24	0.24	0	0	0.64
187200	0.64	0.24	0.24	0	0	0.64
187300	0.64	0.24	0.24	0	0	0.64
187400	0.64	0.24	0.24	0	0	0.64
187500	0.64	0.25	0.25	0	0	0.64
187600	0.64	0.26	0.26	0	0	0.64
187700	0.64	0.26	0.26	0	0	0.64
187800	0.64	0.26	0.26	0	0	0.64
187900	0.64	0.26	0.26	0	0	0.64
188000	0.64	0.25	0.25	0	0	0.64
188100	0.64	0.25	0.25	0	0	0.64
188200	0.64	0.25	0.25	0	0	0.64
188300	0.64	0.25	0.25	0	0	0.64
188400	0.64	0.26	0.26	0	0	0.64
188500	0.64	0.26	0.26	0	0	0.64
188600	0.64	0.26	0.26	0	0	0.64
188700	0.64	0.26	0.26	0	0	0.64
188800	0.64	0.26	0.26	0	0	0.64
188900	0.64	0.26	0.26	0	0	0.64
189000	0.64	0.26	0.26	0	0	0.64
189100	0.64	0.26	0.26	0	0	0.64
189200	0.64	0.27	0.27	0	0	0.64
189300	0.64	0.27	0.27	0	0	0.64
189400	0.64	0.27	0.27	0	0	0.64
189500	0.64	0.27	0.27	0	0	0.64
189600	0.64	0.27	0.27	0	0	0.64
189700	0.64	0.27	0.27	0	0	0.64
189800	0.64	0.27	0.27	0	0	0.64
189900	0.64	0.27	0.27	0	0	0.64
190000	0.64	0.27	0.27	0	0	0.64
190100	0.64	0.27	0.27	0	0	0.64
190200	0.64	0.27	0.27	0	0	0.64
190300	0.64	0.27	0.27	0	0	0.64
190400	0.64	0.27	0.27	0	0	0.64
190500	0.64	0.27	0.27	0	0	0.64
190600	0.64	0.27	0.27	0	0	0.64
190700	0.64	0.27	0.27	0	0	0.64
190800	0.64	0.27	0.27	0	0	0.64
190900	0.64	0.27	0.27	0	0	0.64
191000	0.64	0.27	0.27	0	0	0.64
191100	0.64	0.28	0.28	0	0	0.64
191200	0.64	0.27	0.27	0	0	0.64
191300	0.64	0.27	0.27	0	0	0.64
191400	0.64	0.27	0.27	0	0	0.64
191500	0.64	0.27	0.27	0	0	0.64
191600	0.64	0.27	0.27	0	0	0.64
191700	0.65	0.27	0.27	0	0	0.65
191800	0.64	0.27	0.27	0	0	0.64
191900	0.64	0.27	0.27	0	0	0.64
192000	0.64	0.27	0.27	0	0	0.64
192100	0.64	0.28	0.28	0	0	0.64
192200	0.64	0.28	0.28	0	0	0.64
192300	0.64	0.28	0.28	0	0	0.64
192400	0.64	0.28	0.28	0	0	0.64
192500	0.64	0.28	0.28	0	0	0.64
192600	0.64	0.27	0.27	0	0	0.64
192700	0.64	0.27	0.27	0	0	0.64
192800	0.64	0.28	0.28	0	0	0.64
192900	0.64	0.28	0.28	0	0	0.64
193000	0.64	0.28	0.28	0	0	0.64
193100	0.64	0.27	0.27	0	0	0.64
193200	0.64	0.27	0.27	0	0	0.64
193300	0.64	0.27	0.27	0	0	0.64
193400	0.64	0.28	0.28	0	0	0.64
193500	0.64	0.28	0.28	0	0	0.64
193600	0.64	0.28	0.28	0	0	0.64
193700	0.64	0.28	0.28	0	0	0.64
193800	0.64	0.28	0.28	0	0	0.64
193900	0.64	0.28	0.28	0	0	0.64
194000	0.64	0.28	0.28	0	0	0.64
194100	0.64	0.28	0.28	0	0	0.64
194200	0.64	0.28	0.28	0	0	0.64
194300	0.64	0.28	0.28	0	0	0.64
194400	0.64	0.27	0.27	0	0	0.64
194500	0.64	0.27	0.27	0	0	0.64
194600	0.64	0.27	0.27	0	0	0.64
194700	0.64	0.26	0.26	0	0	0.64
194800	0.64	0.26	0.26	0	0	0.64
194900	0.64	0.26	0.26	0	0	0.64
195000	0.64	0.26	0.26	0	0	0.64
195100	0.64	0.26	0.26	0	0	0.64
195200	0.64	0.26	0.26	0	0	0.64
195300	0.64	0.26	0.26	0	0	0.64
195400	0.64	0.27	0.27	0	0	0.64
195500	0.64	0.27	0.27	0	0	0.64
195600	0.64	0.27	0.27	0	0	0.64
195700	0.64	0.27	0.27	0	0	0.64
195800	0.64	0.27	0.27	0	0	0.64
195900	0.64	0.27	0.27	0	0	0.64
196000	0.64	0.27	0.27	0	0	0.64
196100	0.64	0.27	0.27	0	0	0.64
196200	0.64	0.27	0.27	0	0	0.64
196300	0.64	0.27	0.27	0	0	0.64
196400	0.64	0.27	0.27	0	0	0.64
196500	0.64	0.27	0.27	0	0	0.64
196600	0.64	0.26	0.26	0	0	0.64
196700	0.64	0.27	0.27	0	0	0.64
196800	0.64	0.27	0.27	0	0	0.64
196900	0.64	0.27	0.27	0	0	0.64
197000	0.64	0.27	0.27	0	0	0.64
197100	0.64	0.27	0.27	0	0	0.64
197200	0.64	0.27	0.27	0	0	0.64
197300	0.64	0.27	0.27	0	0	0.64
197400	0.64	0.27	0.27	0	0	0.64
197500	0.64	0.28	0.28	0	0	0.64
197600	0.64	0.28	0.28	0	0	0.64
197700	0.64	0.28	0.28	0	0	0.64
197800	0.64	0.28	0.28	0	0	0.64
197900	0.64	0.29	0.29	0	0	0.64
198000	0.64	0.29	0.29	0	0	0.64
198100	0.64	0.3	0.3	0	0	0.64
198200	0.65	0.3	0.3	0	0	0.65
198300	0.65	0.29	0.29	0	0	0.65
198400	0.65	0.29	0.29	0	0	0.65
198500	0.65	0.29	0.29	0	0	0.65
198600	0.65	0.29	0.29	0	0	0.65
198700	0.65	0.29	0.29	0	0	0.65
198800	0.65	0.29	0.29	0	0	0.65
198900	0.65	0.29	0.29	0	0	0.65
199000	0.65	0.29	0.29	0	0	0.65
199100	0.65	0.29	0.29	0	0	0.65
199200	0.65	0.29	0.29	0	0	0.65
199300	0.65	0.29	0.29	0	0	0.65
199400	0.65	0.29	0.29	0	0	0.65
199500	0.65	0.29	0.29	0	0	0.65
199600	0.65	0.29	0.29	0	0	0.65
199700	0.65	0.29	0.29	0	0	0.65
199800	0.65	0.29	0.29	0	0	0.65
199900	0.65	0.29	0.29	0	0	0.65
200000	0.65	0.29	0.29	0	0	0.65
200100	0.65	0.29	0.29	0	0	0.65
200200	0.65	0.29	0.29	0	0	0.65
200300	0.65	0.29	0.29	0	0	0.65
200400	0.65	0.29	0.29	0	0	0.65
200500	0.65	0.29	0.29	0	0	0.65
200600	0.65	0.29	0.29	0	0	0.65
200700	0.65	0.3	0.3	0	0	0.65
200800	0.65	0.3	0.3	0	0	0.65
200900	0.65	0.3	0.3	0	0	0.65
201000	0.65	0.3	0.3	0	0	0.65
201100	0.65	0.31	0.31	0	0	0.65
201200	0.65	0.31	0.31	0	0	0.65
201300	0.65	0.31	0.31	0	0	0.65
201400	0.65	0.31	0.31	0	0	0.65
201500	0.65	0.31	0.31	0	0	0.65
201600	0.65	0.31	0.31	0	0	0.65
201700	0.65	0.31	0.31	0	0	0.65
201800	0.65	0.31	0.31	0	0	0.65
201900	0.65	0.31	0.31	0	0	0.65
202000	0.65	0.3	0.3	0	0	0.65
202100	0.65	0.29	0.29	0	0	0.65
202200	0.65	0.29	0.29	0	0	0.65
202300	0.65	0.29	0.29	0	0	0.65
202400	0.65	0.29	0.29	0	0	0.65
202500	0.65	0.29	0.29	0	0	0.65
202600	0.65	0.29	0.29	0	0	0.65
202700	0.65	0.29	0.29	0	0	0.65
202800	0.65	0.29	0.29	0	0	0.65
202900	0.65	0.29	0.29	0	0	0.65
203000	0.65	0.29	0.29	0	0	0.65
203100	0.65	0.29	0.29	0	0	0.65
203200	0.65	0.29	0.29	0	0	0.65
203300	0.65	0.29	0.29	0	0	0.65
203400	0.65	0.29	0.29	0	0	0.65
203500	0.65	0.29	0.29	0	0	0.65
203600	0.65	0.29	0.29	0	0	0.65
203700	0.65	0.29	0.29	0	0	0.65
203800	0.65	0.29	0.29	0	0	0.65
203900	0.65	0.28	0.28	0	0	0.65
204000	0.65	0.28	0.28	0	0	0.65
204100	0.65	0.28	0.28	0	0	0.65
204200	0.65	0.28	0.28	0	0	0.65
204300	0.65	0.28	0.28	0	0	0.65
204400	0.65	0.28	0.28	0	0	0.65
204500	0.65	0.28	0.28	0	0	0.65
204600	0.65	0.28	0.28	0	0	0.65
204700	0.65	0.28	0.28	0	0	0.65
204800	0.65	0.28	0.28	0	0	0.65
204900	0.65	0.28	0.28	0	0	0.65
205000	0.65	0.28	0.28	0	0	0.65
205100	0.65	0.29	0.29	0	0	0.65
205200	0.65	0.29	0.29	0	0	0.65
205300	0.65	0.29	0.29	0	0	0.65
205400	0.65	0.29	0.29	0	0	0.65
205500	0.65	0.29	0.29	0	0	0.65
205600	0.65	0.29	0.29	0	0	0.65
205700	0.65	0.29	0.29	0	0	0.65
205800	0.65	0.29	0.29	0	0	0.65
205900	0.65	0.29	0.29	0	0	0.65
206000	0.65	0.29	0.29	0	0	0.65
206100	0.65	0.29	0.29	0	0	0.65
206200	0.65	0.29	0.29	0	0	0.65
206300	0.65	0.29	0.29	0	0	0.65
206400	0.65	0.29	0.29	0	0	0.65
206500	0.65	0.29	0.29	0	0	0.65
206600	0.65	0.29	0.29	0	0	0.65
206700	0.65	0.29	0.29	0	0	0.65
206800	0.65	0.29	0.29	0	0	0.65
206900	0.65	0.29	0.29	0	0	0.65
207000	0.65	0.29	0.29	0	0	0.65
207100	0.65	0.29	0.29	0	0	0.65
207200	0.65	0.29	0.29	0	0	0.65
207300	0.65	0.29	0.29	0	0	0.65
207400	0.65	0.3	0.3	0	0	0.65
207500	0.65	0.3	0.3	0	0	0.65
207600	0.65	0.29	0.29	0	0	0.65
207700	0.65	0.29	0.29	0	0	0.65
207800	0.65	0.3	0.3	0	0	0.65
207900	0.65	0.3	0.3	0	0	0.65
208000	0.65	0.3	0.3	0	0	0.65
208100	0.65	0.3	0.3	0	0	0.65
208200	0.65	0.3	0.3	0	0	0.65
208300	0.65	0.3	0.3	0	0	0.65
208400	0.65	0.3	0.3	0	0	0.65
208500	0.65	0.3	0.3	0	0	0.65
208600	0.65	0.3	0.3	0	0	0.65
208700	0.65	0.3	0.3	0	0	0.65
208800	0.65	0.29	0.29	0	0	0.65
208900	0.65	0.3	0.3	0	0	0.65
209000	0.65	0.3	0.3	0	0	0.65
209100	0.65	0.3	0.3	0	0	0.65
209200	0.65	0.3	0.3	0	0	0.65
209300	0.65	0.29	0.29	0	0	0.65
209400	0.65	0.29	0.29	0	0	0.65
209500	0.65	0.29	0.29	0	0	0.65
209600	0.65	0.29	0.29	0	0	0.65
209700	0.65	0.29	0.29	0	0	0.65
209800	0.65	0.29	0.29	0	0	0.65
209900	0.65	0.29	0.29	0	0	0.65
210000	0.65	0.29	0.29	0	0	0.65
210100	0.65	0.3	0.3	0	0	0.65
210200	0.65	0.3	0.3	0	0	0.65
210300	0.65	0.3	0.3	0	0	0.65
210400	0.65	0.3	0.3	0	0	0.65
210500	0.65	0.3	0.3	0	0	0.65
210600	0.65	0.3	0.3	0	0	0.65
210700	0.65	0.31	0.31	0	0	0.65
210800	0.65	0.31	0.31	0	0	0.65
210900	0.65	0.3	0.3	0	0	0.65
211000	0.65	0.3	0.3	0	0	0.65
211100	0.65	0.3	0.3	0	0	0.65
211200	0.65	0.32	0.32	0	0	0.65
211300	0.65	0.32	0.32	0	0	0.65
211400	0.65	0.32	0.32	0	0	0.65
211500	0.65	0.32	0.32	0	0	0.65
211600	0.65	0.31	0.31	0	0	0.65
211700	0.65	0.31	0.31	0	0	0.65
211800	0.65	0.31	0.31	0	0	0.65
211900	0.65	0.32	0.32	0	0	0.65
212000	0.65	0.32	0.32	0	0	0.65
212100	0.65	0.32	0.32	0	0	0.65
212200	0.65	0.32	0.32	0	0	0.65
212300	0.65	0.32	0.32	0	0	0.65
212400	0.65	0.32	0.32	0	0	0.65
212500	0.65	0.32	0.32	0	0	0.65
212600	0.65	0.32	0.32	0	0	0.65
212700	0.65	0.32	0.32	0	0	0.65
212800	0.65	0.32	0.32	0	0	0.65
212900	0.65	0.31	0.31	0	0	0.65
213000	0.65	0.31	0.31	0	0	0.65
213100	0.65	0.31	0.31	0	0	0.65
213200	0.65	0.31	0.31	0	0	0.65
213300	0.65	0.31	0.31	0	0	0.65
213400	0.65	0.31	0.31	0	0	0.65
213500	0.65	0.31	0.31	0	0	0.65
213600	0.65	0.31	0.31	0	0	0.65
213700	0.65	0.31	0.31	0	0	0.65
213800	0.65	0.31	0.31	0	0	0.65
213900	0.65	0.31	0.31	0	0	0.65
214000	0.65	0.31	0.31	0	0	0.65
214100	0.65	0.31	0.31	0	0	0.65
214200	0.65	0.31	0.31	0	0	0.65
214300	0.65	0.31	0.31	0	0	0.65
214400	0.65	0.31	0.31	0	0	0.65
214500	0.65	0.31	0.31	0	0	0.65
214600	0.65	0.31	0.31	0	0	0.65
214700	0.65	0.31	0.31	0	0	0.65
214800	0.65	0.31	0.31	0	0	0.65
214900	0.65	0.31	0.31	0	0	0.65
215000	0.65	0.31	0.31	0	0	0.65
215100	0.65	0.31	0.31	0	0	0.65
215200	0.65	0.31	0.31	0	0	0.65
215300	0.65	0.31	0.31	0	0	0.65
215400	0.65	0.31	0.31	0	0	0.65
215500	0.65	0.31	0.31	0	0	0.65
215600	0.65	0.31	0.31	0	0	0.65
215700	0.65	0.31	0.31	0	0	0.65
215800	0.65	0.31	0.31	0	0	0.65
215900	0.65	0.31	0.31	0	0	0.65
216000	0.65	0.31	0.31	0	0	0.65
216100	0.65	0.31	0.31	0	0	0.65
216200	0.65	0.31	0.31	0	0	0.65
216300	0.65	0.32	0.32	0	0	0.65
216400	0.65	0.32	0.32	0	0	0.65
216500	0.65	0.32	0.32	0	0	0.65
216600	0.65	0.32	0.32	0	0	0.65
216700	0.65	0.32	0.32	0	0	0.65
216800	0.65	0.32	0.32	0	0	0.65
216900	0.65	0.32	0.32	0	0	0.65
217000	0.65	0.32	0.32	0	0	0.65
217100	0.65	0.32	0.32	0	0	0.65
217200	0.65	0.32	0.32	0	0	0.65
217300	0.65	0.32	0.32	0	0	0.65
217400	0.65	0.32	0.32	0	0	0.65
217500	0.65	0.32	0.32	0	0	0.65
217600	0.65	0.32	0.32	0	0	0.65
217700	0.65	0.32	0.32	0	0	0.65
217800	0.65	0.32	0.32	0	0	0.65
217900	0.65	0.32	0.32	0	0	0.65
218000	0.65	0.32	0.32	0	0	0.65
218100	0.65	0.32	0.32	0	0	0.65
218200	0.65	0.32	0.32	0	0	0.65
218300	0.65	0.32	0.32	0	0	0.65
218400	0.65	0.32	0.32	0	0	0.65
218500	0.65	0.32	0.32	0	0	0.65
218600	0.65	0.32	0.32	0	0	0.65
218700	0.65	0.32	0.32	0	0	0.65
218800	0.65	0.32	0.32	0	0	0.65
218900	0.65	0.32	0.32	0	0	0.65
219000	0.65	0.32	0.32	0	0	0.65
219100	0.65	0.32	0.32	0	0	0.65
219200	0.65	0.32	0.32	0	0	0.65
219300	0.65	0.32	0.32	0	0	0.65
219400	0.65	0.32	0.32	0	0	0.65
219500	0.65	0.32	0.32	0	0	0.65
219600	0.65	0.32	0.32	0	0	0.65
219700	0.65	0.32	0.32	0	0	0.65
219800	0.65	0.32	0.32	0	0	0.65
219900	0.65	0.32	0.32	0	0	0.65
220000	0.65	0.32	0.32	0	0	0.65
220100	0.65	0.32	0.32	0	0	0.65
220200	0.65	0.32	0.32	0	0	0.65
220300	0.65	0.32	0.32	0	0	0.65
220400	0.65	0.32	0.32	0	0	0.65
220500	0.65	0.32	0.32	0	0	0.65
220600	0.65	0.32	0.32	0	0	0.65
220700	0.65	0.32	0.32	0	0	0.65
220800	0.65	0.32	0.32	0	0	0.65
220900	0.65	0.32	0.32	0	0	0.65
221000	0.65	0.32	0.32	0	0	0.65
221100	0.65	0.32	0.32	0	0	0.65
221200	0.65	0.32	0.32	0	0	0.65
221300	0.65	0.32	0.32	0	0	0.65
221400	0.65	0.32	0.32	0	0	0.65
221500	0.65	0.32	0.32	0	0	0.65
221600	0.65	0.32	0.32	0	0	0.65
221700	0.65	0.32	0.32	0	0	0.65
221800	0.65	0.32	0.32	0	0	0.65
221900	0.65	0.32	0.32	0	0	0.65
222000	0.65	0.32	0.32	0	0	0.65
222100	0.65	0.33	0.33	0	0	0.65
222200	0.65	0.33	0.33	0	0	0.65
222300	0.65	0.33	0.33	0	0	0.65
222400	0.65	0.33	0.33	0	0	0.65
222500	0.65	0.33	0.33	0	0	0.65
222600	0.65	0.33	0.33	0	0	0.65
222700	0.65	0.32	0.32	0	0	0.65
222800	0.65	0.32	0.32	0	0	0.65
222900	0.65	0.33	0.33	0	0	0.65
223000	0.65	0.33	0.33	0	0	0.65
223100	0.65	0.33	0.33	0	0	0.65
223200	0.65	0.32	0.32	0	0	0.65
223300	0.65	0.32	0.32	0	0	0.65
223400	0.65	0.31	0.31	0	0	0.65
223500	0.65	0.31	0.31	0	0	0.65
223600	0.65	0.31	0.31	0	0	0.65
223700	0.65	0.31	0.31	0	0	0.65
223800	0.65	0.31	0.31	0	0	0.65
223900	0.65	0.31	0.31	0	0	0.65
224000	0.65	0.32	0.32	0	0	0.65
224100	0.65	0.32	0.32	0	0	0.65
224200	0.65	0.32	0.32	0	0	0.65
224300	0.65	0.32	0.32	0	0	0.65
224400	0.65	0.32	0.32	0	0	0.65
224500	0.65	0.32	0.32	0	0	0.65
224600	0.65	0.33	0.33	0	0	0.65
224700	0.65	0.33	0.33	0	0	0.65
224800	0.65	0.33	0.33	0	0	0.65
224900	0.65	0.33	0.33	0	0	0.65
225000	0.65	0.33	0.33	0	0	0.65
225100	0.65	0.34	0.34	0	0	0.65
225200	0.65	0.34	0.34	0	0	0.65
225300	0.65	0.34	0.34	0	0	0.65
225400	0.65	0.34	0.34	0	0	0.65
225500	0.65	0.34	0.34	0	0	0.65
225600	0.65	0.34	0.34	0	0	0.65
225700	0.65	0.34	0.34	0	0	0.65
225800	0.65	0.34	0.34	0	0	0.65
225900	0.65	0.34	0.34	0	0	0.65
226000	0.65	0.34	0.34	0	0	0.65
226100	0.65	0.34	0.34	0	0	0.65
226200	0.65	0.34	0.34	0	0	0.65
226300	0.65	0.34	0.34	0	0	0.65
226400	0.65	0.34	0.34	0	0	0.65
226500	0.65	0.33	0.33	0	0	0.65
226600	0.65	0.33	0.33	0	0	0.65
226700	0.65	0.33	0.33	0	0	0.65
226800	0.65	0.33	0.33	0	0	0.65
226900	0.65	0.33	0.33	0	0	0.65
227000	0.65	0.33	0.33	0	0	0.65
227100	0.65	0.33	0.33	0	0	0.65
227200	0.65	0.34	0.34	0	0	0.65
227300	0.65	0.34	0.34	0	0	0.65
227400	0.65	0.34	0.34	0	0	0.65
227500	0.65	0.34	0.34	0	0	0.65
227600	0.65	0.34	0.34	0	0	0.65
227700	0.65	0.34	0.34	0	0	0.65
227800	0.65	0.34	0.34	0	0	0.65
227900	0.65	0.34	0.34	0	0	0.65
228000	0.65	0.34	0.34	0	0	0.65
228100	0.65	0.34	0.34	0	0	0.65
228200	0.65	0.34	0.34	0	0	0.65
228300	0.65	0.34	0.34	0	0	0.65
228400	0.65	0.34	0.34	0	0	0.65
228500	0.65	0.34	0.34	0	0	0.65
228600	0.65	0.34	0.34	0	0	0.65
228700	0.65	0.34	0.34	0	0	0.65
228800	0.65	0.34	0.34	0	0	0.65
228900	0.65	0.34	0.34	0	0	0.65
229000	0.65	0.34	0.34	0	0	0.65
229100	0.65	0.34	0.34	0	0	0.65
229200	0.65	0.34	0.34	0	0	0.65
229300	0.65	0.34	0.34	0	0	0.65
229400	0.65	0.34	0.34	0	0	0.65
229500	0.65	0.34	0.34	0	0	0.65
229600	0.65	0.34	0.34	0	0	0.65
229700	0.65	0.34	0.34	0	0	0.65
229800	0.65	0.34	0.34	0	0	0.65
229900	0.65	0.34	0.34	0	0	0.65
230000	0.65	0.34	0.34	0	0	0.65
230100	0.65	0.34	0.34	0	0	0.65
230200	0.65	0.34	0.34	0	0	0.65
230300	0.65	0.34	0.34	0	0	0.65
230400	0.65	0.34	0.34	0	0	0.65
230500	0.65	0.34	0.34	0	0	0.65
230600	0.65	0.34	0.34	0	0	0.65
230700	0.65	0.34	0.34	0	0	0.65
230800	0.65	0.34	0.34	0	0	0.65
230900	0.65	0.34	0.34	0	0	0.65
231000	0.65	0.34	0.34	0	0	0.65
231100	0.65	0.34	0.34	0	0	0.65
231200	0.65	0.34	0.34	0	0	0.65
231300	0.65	0.34	0.34	0	0	0.65
231400	0.65	0.34	0.34	0	0	0.65
231500	0.65	0.34	0.34	0	0	0.65
231600	0.65	0.34	0.34	0	0	0.65
231700	0.65	0.34	0.34	0	0	0.65
231800	0.65	0.34	0.34	0	0	0.65
231900	0.65	0.34	0.34	0	0	0.65
232000	0.65	0.34	0.34	0	0	0.65
232100	0.65	0.34	0.34	0	0	0.65
232200	0.65	0.34	0.34	0	0	0.65
232300	0.65	0.34	0.34	0	0	0.65
232400	0.65	0.34	0.34	0	0	0.65
232500	0.65	0.34	0.34	0	0	0.65
232600	0.65	0.34	0.34	0	0	0.65
232700	0.65	0.34	0.34	0	0	0.65
232800	0.65	0.34	0.34	0	0	0.65
232900	0.65	0.34	0.34	0	0	0.65
233000	0.65	0.34	0.34	0	0	0.65
233100	0.65	0.34	0.34	0	0	0.65
233200	0.65	0.34	0.34	0	0	0.65
233300	0.65	0.34	0.34	0	0	0.65
233400	0.65	0.34	0.34	0	0	0.65
233500	0.65	0.34	0.34	0	0	0.65
233600	0.65	0.34	0.34	0	0	0.65
233700	0.65	0.34	0.34	0	0	0.65
233800	0.65	0.34	0.34	0	0	0.65
233900	0.65	0.34	0.34	0	0	0.65
234000	0.65	0.34	0.34	0	0	0.65
234100	0.65	0.34	0.34	0	0	0.65
234200	0.65	0.34	0.34	0	0	0.65
234300	0.65	0.34	0.34	0	0	0.65
234400	0.65	0.34	0.34	0	0	0.65
234500	0.65	0.34	0.34	0	0	0.65
234600	0.65	0.34	0.34	0	0	0.65
234700	0.65	0.34	0.34	0	0	0.65
234800	0.65	0.34	0.34	0	0	0.65
234900	0.65	0.34	0.34	0	0	0.65
235000	0.65	0.34	0.34	0	0	0.65
235100	0.65	0.34	0.34	0	0	0.65
235200	0.65	0.34	0.34	0	0	0.65
235300	0.65	0.34	0.34	0	0	0.65
235400	0.65	0.34	0.34	0	0	0.65
235500	0.65	0.34	0.34	0	0	0.65
235600	0.65	0.34	0.34	0	0	0.65
235700	0.65	0.34	0.34	0	0	0.65
235800	0.65	0.34	0.34	0	0	0.65
235900	0.65	0.34	0.34	0	0	0.65
236000	0.65	0.34	0.34	0	0	0.65
236100	0.65	0.34	0.34	0	0	0.65
236200	0.65	0.34	0.34	0	0	0.65
236300	0.65	0.34	0.34	0	0	0.65
236400	0.65	0.34	0.34	0	0	0.65
236500	0.65	0.34	0.34	0	0	0.65
236600	0.65	0.34	0.34	0	0	0.65
236700	0.65	0.34	0.34	0	0	0.65
236800	0.65	0.34	0.34	0	0	0.65
236900	0.65	0.34	0.34	0	0	0.65
237000	0.65	0.34	0.34	0	0	0.65
237100	0.65	0.34	0.34	0	0	0.65
237200	0.65	0.34	0.34	0	0	0.65
237300	0.65	0.34	0.34	0	0	0.65
237400	0.65	0.34	0.34	0	0	0.65
237500	0.65	0.34	0.34	0	0	0.65
237600	0.65	0.34	0.34	0	0	0.65
237700	0.65	0.34	0.34	0	0	0.65
237800	0.65	0.34	0.34	0	0	0.65
237900	0.65	0.34	0.34	0	0	0.65
238000	0.65	0.34	0.34	0	0	0.65
238100	0.65	0.34	0.34	0	0	0.65
238200	0.65	0.34	0.34	0	0	0.65
238300	0.65	0.34	0.34	0	0	0.65
238400	0.65	0.34	0.34	0	0	0.65
238500	0.65	0.34	0.34	0	0	0.65
238600	0.65	0.34	0.34	0	0	0.65
238700	0.65	0.34	0.34	0	0	0.65
238800	0.65	0.34	0.34	0	0	0.65
238900	0.65	0.34	0.34	0	0	0.65
239000	0.65	0.34	0.34	0	0	0.65
239100	0.65	0.34	0.34	0	0	0.65
239200	0.65	0.34	0.34	0	0	0.65
239300	0.65	0.34	0.34	0	0	0.65
239400	0.65	0.34	0.34	0	0	0.65
239500	0.65	0.34	0.34	0	0	0.65
239600	0.65	0.34	0.34	0	0	0.65
239700	0.65	0.34	0.34	0	0	0.65
239800	0.65	0.34	0.34	0	0	0.65
239900	0.65	0.34	0.34	0	0	0.65
240000	0.65	0.34	0.34	0	0	0.65
240100	0.65	0.34	0.34	0	0	0.65
240200	0.65	0.34	0.34	0	0	0.65
240300	0.65	0.34	0.34	0	0	0.65
240400	0.65	0.34	0.34	0	0	0.65
240500	0.65	0.34	0.34	0	0	0.65
240600	0.65	0.34	0.34	0	0	0.65
240700	0.65	0.34	0.34	0	0	0.65
240800	0.65	0.34	0.34	0	0	0.65
240900	0.65	0.34	0.34	0	0	0.65
241000	0.65	0.34	0.34	0	0	0.65
241100	0.65	0.34	0.34	0	0	0.65
241200	0.65	0.34	0.34	0	0	0.65
241300	0.65	0.34	0.34	0	0	0.65
241400	0.65	0.34	0.34	0	0	0.65
241500	0.65	0.34	0.34	0	0	0.65
241600	0.65	0.34	0.34	0	0	0.65
241700	0.65	0.34	0.34	0	0	0.65
241800	0.65	0.34	0.34	0	0	0.65
241900	0.65	0.34	0.34	0	0	0.65
242000	0.65	0.34	0.34	0	0	0.65
242100	0.65	0.34	0.34	0	0	0.65
242200	0.65	0.34	0.34	0	0	0.65
242300	0.65	0.34	0.34	0	0	0.65
242400	0.65	0.34	0.34	0	0	0.65
242500	0.65	0.34	0.34	0	0	0.65
242600	0.65	0.34	0.34	0	0	0.65
242700	0.65	0.34	0.34	0	0	0.65
242800	0.65	0.34	0.34	0	0	0.65
242900	0.65	0.34	0.34	0	0	0.65
243000	0.65	0.34	0.34	0	0	0.65
243100	0.65	0.34	0.34	0	0	0.65
243200	0.65	0.34	0.34	0	0	0.65
243300	0.65	0.34	0.34	0	0	0.65
243400	0.65	0.34	0.34	0	0	0.65
243500	0.65	0.34	0.34	0	0	0.65
243600	0.65	0.34	0.34	0	0	0.65
243700	0.65	0.34	0.34	0	0	0.65
243800	0.65	0.34	0.34	0	0	0.65
243900	0.65	0.34	0.34	0	0	0.65
244000	0.65	0.34	0.34	0	0	0.65
244100	0.65	0.34	0.34	0	0	0.65
244200	0.65	0.34	0.34	0	0	0.65
244300	0.65	0.34	0.34	0	0	0.65
244400	0.65	0.34	0.34	0	0	0.65
244500	0.65	0.34	0.34	0	0	0.65
244600	0.65	0.34	0.34	0	0	0.65
244700	0.65	0.34	0.34	0	0	0.65
244800	0.65	0.34	0.34	0	0	0.65
244900	0.65	0.34	0.34	0	0	0.65
245000	0.65	0.34	0.34	0	0	0.65
245100	0.65	0.34	0.34	0	0	0.65
245200	0.65	0.34	0.34	0	0	0.65
245300	0.65	0.34	0.34	0	0	0.65
245400	0.65	0.34	0.34	0	0	0.65
245500	0.65	0.34	0.34	0	0	0.65
245600	0.65	0.34	0.34	0	0	0.65
245700	0.65	0.34	0.34	0	0	0.65
245800	0.65	0.34	0.34	0	0	0.65
245900	0.65	0.34	0.34	0	0	0.65
246000	0.65	0.34	0.34	0	0	0.65
246100	0.65	0.34	0.34	0	0	0.65
246200	0.65	0.34	0.34	0	0	0.65
246300	0.65	0.34	0.34	0	0	0.65
246400	0.65	0.34	0.34	0	0	0.65
246500	0.65	0.34	0.34	0	0	0.65
246600	0.65	0.34	0.34	0	0	0.65
246700	0.65	0.34	0.34	0	0	0.65
246800	0.65	0.34	0.34	0	0	0.65
246900	0.65	0.34	0.34	0	0	0.65
247000	0.65	0.34	0.34	0	0	0.65
247100	0.65	0.34	0.34	0	0	0.65
247200	0.65	0.34	0.34	0	0	0.65
247300	0.65	0.34	0.34	0	0	0.65
247400	0.65	0.34	0.34	0	0	0.65
247500	0.65	0.34	0.34	0	0	0.65
247600	0.65	0.34	0.34	0	0	0.65
247700	0.65	0.35	0.35	0	0	0.65
247800	0.65	0.35	0.35	0	0	0.65
247900	0.65	0.35	0.35	0	0	0.65
248000	0.65	0.35	0.35	0	0	0.65
248100	0.65	0.34	0.34	0	0	0.65
248200	0.65	0.34	0.34	0	0	0.65
248300	0.65	0.34	0.34	0	0	0.65
248400	0.65	0.34	0.34	0	0	0.65
248500	0.65	0.34	0.34	0	0	0.65
248600	0.65	0.34	0.34	0	0	0.65
248700	0.65	0.34	0.34	0	0	0.65
248800	0.65	0.34	0.34	0	0	0.65
248900	0.65	0.34	0.34	0	0	0.65
249000	0.65	0.34	0.34	0	0	0.65
249100	0.65	0.34	0.34	0	0	0.65
249200	0.65	0.34	0.34	0	0	0.65
249300	0.65	0.34	0.34	0	0	0.65
249400	0.65	0.34	0.34	0	0	0.65
249500	0.65	0.34	0.34	0	0	0.65
249600	0.65	0.34	0.34	0	0	0.65
249700	0.65	0.34	0.34	0	0	0.65
249800	0.65	0.34	0.34	0	0	0.65
249900	0.65	0.34	0.34	0	0	0.65
250000	0.65	0.34	0.34	0	0	0.65
250100	0.65	0.34	0.34	0	0	0.65
250200	0.65	0.34	0.34	0	0	0.65
250300	0.65	0.34	0.34	0	0	0.65
250400	0.65	0.34	0.34	0	0	0.65
250500	0.65	0.34	0.34	0	0	0.65
250600	0.65	0.33	0.33	0	0	0.65
250700	0.65	0.33	0.33	0	0	0.65
250800	0.65	0.33	0.33	0	0	0.65
250900	0.65	0.33	0.33	0	0	0.65
251000	0.65	0.33	0.33	0	0	0.65
251100	0.65	0.33	0.33	0	0	0.65
251200	0.65	0.33	0.33	0	0	0.65
251300	0.65	0.33	0.33	0	0	0.65
251400	0.65	0.33	0.33	0	0	0.65
251500	0.65	0.33	0.33	0	0	0.65
251600	0.65	0.33	0.33	0	0	0.65
251700	0.65	0.33	0.33	0	0	0.65
251800	0.65	0.33	0.33	0	0	0.65
251900	0.65	0.33	0.33	0	0	0.65
252000	0.65	0.33	0.33	0	0	0.65
252100	0.65	0.33	0.33	0	0	0.65
252200	0.65	0.33	0.33	0	0	0.65
252300	0.65	0.33	0.33	0	0	0.65
252400	0.65	0.33	0.33	0	0	0.65
252500	0.65	0.33	0.33	0	0	0.65
252600	0.65	0.33	0.33	0	0	0.65
252700	0.65	0.32	0.32	0	0	0.65
252800	0.65	0.32	0.32	0	0	0.65
252900	0.65	0.32	0.32	0	0	0.65
253000	0.65	0.33	0.33	0	0	0.65
253100	0.65	0.33	0.33	0	0	0.65
253200	0.65	0.33	0.33	0	0	0.65
253300	0.65	0.33	0.33	0	0	0.65
253400	0.65	0.33	0.33	0	0	0.65
253500	0.65	0.33	0.33	0	0	0.65
253600	0.65	0.33	0.33	0	0	0.65
253700	0.65	0.33	0.33	0	0	0.65
253800	0.65	0.33	0.33	0	0	0.65
253900	0.65	0.33	0.33	0	0	0.65
254000	0.65	0.33	0.33	0	0	0.65
254100	0.65	0.33	0.33	0	0	0.65
254200	0.65	0.33	0.33	0	0	0.65
254300	0.65	0.33	0.33	0	0	0.65
254400	0.65	0.33	0.33	0	0	0.65
254500	0.65	0.33	0.33	0	0	0.65
254600	0.64	0.34	0.34	0	0	0.64
254700	0.64	0.34	0.34	0	0	0.64
254800	0.64	0.34	0.34	0	0	0.64
254900	0.64	0.34	0.34	0	0	0.64
255000	0.64	0.34	0.34	0	0	0.64
255100	0.64	0.34	0.34	0	0	0.64
255200	0.64	0.34	0.34	0	0	0.64
255300	0.64	0.34	0.34	0	0	0.64
255400	0.64	0.34	0.34	0	0	0.64
255500	0.64	0.34	0.34	0	0	0.64
255600	0.64	0.34	0.34	0	0	0.64
255700	0.64	0.34	0.34	0	0	0.64
255800	0.64	0.34	0.34	0	0	0.64
255900	0.64	0.34	0.34	0	0	0.64
256000	0.64	0.34	0.34	0	0	0.64
256100	0.64	0.34	0.34	0	0	0.64
256200	0.64	0.34	0.34	0	0	0.64
256300	0.64	0.34	0.34	0	0	0.64
256400	0.64	0.34	0.34	0	0	0.64
256500	0.64	0.34	0.34	0	0	0.64
256600	0.64	0.34	0.34	0	0	0.64
256700	0.64	0.34	0.34	0	0	0.64
256800	0.64	0.34	0.34	0	0	0.64
256900	0.64	0.34	0.34	0	0	0.64
257000	0.64	0.34	0.34	0	0	0.64
257100	0.64	0.34	0.34	0	0	0.64
257200	0.64	0.34	0.34	0	0	0.64
257300	0.64	0.34	0.34	0	0	0.64
257400	0.64	0.34	0.34	0	0	0.64
257500	0.64	0.34	0.34	0	0	0.64
257600	0.64	0.34	0.34	0	0	0.64
257700	0.64	0.34	0.34	0	0	0.64
257800	0.64	0.34	0.34	0	0	0.64
257900	0.64	0.34	0.34	0	0	0.64
258000	0.64	0.34	0.34	0	0	0.64
258100	0.64	0.34	0.34	0	0	0.64
258200	0.64	0.34	0.34	0	0	0.64
258300	0.64	0.34	0.34	0	0	0.64
258400	0.64	0.34	0.34	0	0	0.64
258500	0.64	0.34	0.34	0	0	0.64
258600	0.64	0.34	0.34	0	0	0.64
258700	0.64	0.34	0.34	0	0	0.64
258800	0.64	0.34	0.34	0	0	0.64
258900	0.64	0.34	0.34	0	0	0.64
259000	0.64	0.34	0.34	0	0	0.64
259100	0.64	0.34	0.34	0	0	0.64
259200	0.64	0.34	0.34	0	0	0.64
259300	0.64	0.34	0.34	0	0	0.64
259400	0.64	0.34	0.34	0	0	0.64
259500	0.64	0.34	0.34	0	0	0.64
259600	0.64	0.34	0.34	0	0	0.64
259700	0.64	0.34	0.34	0	0	0.64
259800	0.64	0.34	0.34	0	0	0.64
259900	0.65	0.34	0.34	0	0	0.65
260000	0.64	0.34	0.34	0	0	0.64
260100	0.64	0.34	0.34	0	0	0.64
260200	0.64	0.34	0.34	0	0	0.64
260300	0.64	0.34	0.34	0	0	0.64
260400	0.64	0.34	0.34	0	0	0.64
260500	0.64	0.34	0.34	0	0	0.64
260600	0.64	0.34	0.34	0	0	0.64
260700	0.64	0.34	0.34	0	0	0.64
260800	0.64	0.34	0.34	0	0	0.64
260900	0.64	0.34	0.34	0	0	0.64
261000	0.64	0.34	0.34	0	0	0.64
261100	0.64	0.34	0.34	0	0	0.64
261200	0.64	0.34	0.34	0	0	0.64
261300	0.64	0.34	0.34	0	0	0.64
261400	0.64	0.34	0.34	0	0	0.64
261500	0.64	0.34	0.34	0	0	0.64
261600	0.64	0.34	0.34	0	0	0.64
261700	0.64	0.34	0.34	0	0	0.64
261800	0.64	0.34	0.34	0	0	0.64
261900	0.64	0.34	0.34	0	0	0.64
262000	0.64	0.34	0.34	0	0	0.64
262100	0.64	0.33	0.33	0	0	0.64
262200	0.64	0.33	0.33	0	0	0.64
262300	0.64	0.33	0.33	0	0	0.64
262400	0.64	0.33	0.33	0	0	0.64
262500	0.64	0.33	0.33	0	0	0.64
262600	0.64	0.33	0.33	0	0	0.64
262700	0.64	0.33	0.33	0	0	0.64
262800	0.64	0.33	0.33	0	0	0.64
262900	0.64	0.33	0.33	0	0	0.64
263000	0.64	0.32	0.32	0	0	0.64
263100	0.64	0.32	0.32	0	0	0.64
263200	0.64	0.32	0.32	0	0	0.64
263300	0.64	0.32	0.32	0	0	0.64
263400	0.64	0.32	0.32	0	0	0.64
263500	0.64	0.32	0.32	0	0	0.64
263600	0.64	0.32	0.32	0	0	0.64
263700	0.64	0.32	0.32	0	0	0.64
263800	0.64	0.32	0.32	0	0	0.64
263900	0.64	0.32	0.32	0	0	0.64
264000	0.64	0.32	0.32	0	0	0.64
264100	0.64	0.32	0.32	0	0	0.64
264200	0.64	0.32	0.32	0	0	0.64
264300	0.65	0.32	0.32	0	0	0.65
264400	0.65	0.32	0.32	0	0	0.65
264500	0.65	0.32	0.32	0	0	0.65
264600	0.65	0.32	0.32	0	0	0.65
264700	0.65	0.32	0.32	0	0	0.65
264800	0.65	0.32	0.32	0	0	0.65
264900	0.65	0.32	0.32	0	0	0.65
265000	0.65	0.32	0.32	0	0	0.65
265100	0.65	0.32	0.32	0	0	0.65
265200	0.65	0.32	0.32	0	0	0.65
265300	0.65	0.32	0.32	0	0	0.65
265400	0.65	0.32	0.32	0	0	0.65
265500	0.65	0.32	0.32	0	0	0.65
265600	0.65	0.32	0.32	0	0	0.65
265700	0.65	0.32	0.32	0	0	0.65
265800	0.65	0.32	0.32	0	0	0.65
265900	0.65	0.32	0.32	0	0	0.65
266000	0.65	0.32	0.32	0	0	0.65
266100	0.65	0.32	0.32	0	0	0.65
266200	0.65	0.32	0.32	0	0	0.65
266300	0.65	0.32	0.32	0	0	0.65
266400	0.65	0.32	0.32	0	0	0.65
266500	0.65	0.32	0.32	0	0	0.65
266600	0.65	0.32	0.32	0	0	0.65
266700	0.65	0.32	0.32	0	0	0.65
266800	0.65	0.32	0.32	0	0	0.65
266900	0.65	0.32	0.32	0	0	0.65
267000	0.65	0.32	0.32	0	0	0.65
267100	0.65	0.33	0.33	0	0	0.65
267200	0.65	0.33	0.33	0	0	0.65
267300	0.65	0.34	0.34	0	0	0.65
267400	0.65	0.33	0.33	0	0	0.65
267500	0.65	0.33	0.33	0	0	0.65
267600	0.65	0.33	0.33	0	0	0.65
267700	0.65	0.33	0.33	0	0	0.65
267800	0.65	0.33	0.33	0	0	0.65
267900	0.65	0.33	0.33	0	0	0.65
268000	0.65	0.33	0.33	0	0	0.65
268100	0.65	0.33	0.33	0	0	0.65
268200	0.65	0.33	0.33	0	0	0.65
268300	0.65	0.33	0.33	0	0	0.65
268400	0.65	0.33	0.33	0	0	0.65
268500	0.65	0.33	0.33	0	0	0.65
268600	0.65	0.33	0.33	0	0	0.65
268700	0.65	0.33	0.33	0	0	0.65
268800	0.65	0.33	0.33	0	0	0.65
268900	0.65	0.33	0.33	0	0	0.65
269000	0.65	0.33	0.33	0	0	0.65
269100	0.65	0.34	0.34	0	0	0.65
269200	0.65	0.34	0.34	0	0	0.65
269300	0.65	0.34	0.34	0	0	0.65
269400	0.65	0.34	0.34	0	0	0.65
269500	0.65	0.34	0.34	0	0	0.65
269600	0.65	0.34	0.34	0	0	0.65
269700	0.65	0.34	0.34	0	0	0.65
269800	0.65	0.34	0.34	0	0	0.65
269900	0.65	0.34	0.34	0	0	0.65
270000	0.65	0.34	0.34	0	0	0.65
270100	0.65	0.34	0.34	0	0	0.65
270200	0.65	0.34	0.34	0	0	0.65
270300	0.65	0.34	0.34	0	0	0.65
270400	0.65	0.34	0.34	0	0	0.65
270500	0.65	0.34	0.34	0	0	0.65
270600	0.65	0.34	0.34	0	0	0.65
270700	0.65	0.34	0.34	0	0	0.65
270800	0.65	0.34	0.34	0	0	0.65
270900	0.65	0.34	0.34	0	0	0.65
271000	0.65	0.34	0.34	0	0	0.65
271100	0.65	0.34	0.34	0	0	0.65
271200	0.65	0.34	0.34	0	0	0.65
271300	0.65	0.34	0.34	0	0	0.65
271400	0.65	0.34	0.34	0	0	0.65
271500	0.65	0.34	0.34	0	0	0.65
271600	0.65	0.34	0.34	0	0	0.65
271700	0.65	0.34	0.34	0	0	0.65
271800	0.65	0.34	0.34	0	0	0.65
271900	0.65	0.34	0.34	0	0	0.65
272000	0.65	0.34	0.34	0	0	0.65
272100	0.65	0.34	0.34	0	0	0.65
272200	0.65	0.34	0.34	0	0	0.65
272300	0.65	0.34	0.34	0	0	0.65
272400	0.65	0.34	0.34	0	0	0.65
272500	0.65	0.34	0.34	0	0	0.65
272600	0.65	0.34	0.34	0	0	0.65
272700	0.65	0.34	0.34	0	0	0.65
272800	0.65	0.34	0.34	0	0	0.65
272900	0.65	0.34	0.34	0	0	0.65
273000	0.65	0.34	0.34	0	0	0.65
273100	0.65	0.34	0.34	0	0	0.65
273200	0.65	0.34	0.34	0	0	0.65
273300	0.65	0.34	0.34	0	0	0.65
273400	0.65	0.34	0.34	0	0	0.65
273500	0.65	0.34	0.34	0	0	0.65
273600	0.65	0.34	0.34	0	0	0.65
273700	0.65	0.34	0.34	0	0	0.65
273800	0.65	0.34	0.34	0	0	0.65
273900	0.65	0.34	0.34	0	0	0.65
274000	0.65	0.34	0.34	0	0	0.65
274100	0.65	0.34	0.34	0	0	0.65
274200	0.65	0.34	0.34	0	0	0.65
274300	0.65	0.34	0.34	0	0	0.65
274400	0.65	0.34	0.34	0	0	0.65
274500	0.65	0.34	0.34	0	0	0.65
274600	0.65	0.34	0.34	0	0	0.65
274700	0.65	0.34	0.34	0	0	0.65
274800	0.65	0.34	0.34	0	0	0.65
274900	0.65	0.34	0.34	0	0	0.65
275000	0.65	0.34	0.34	0	0	0.65
275100	0.65	0.34	0.34	0	0	0.65
275200	0.65	0.34	0.34	0	0	0.65
275300	0.65	0.34	0.34	0	0	0.65
275400	0.65	0.34	0.34	0	0	0.65
275500	0.65	0.34	0.34	0	0	0.65
275600	0.65	0.34	0.34	0	0	0.65
275700	0.65	0.34	0.34	0	0	0.65
275800	0.65	0.34	0.34	0	0	0.65
275900	0.65	0.34	0.34	0	0	0.65
276000	0.65	0.34	0.34	0	0	0.65
276100	0.65	0.34	0.34	0	0	0.65
276200	0.65	0.34	0.34	0	0	0.65
276300	0.65	0.34	0.34	0	0	0.65
276400	0.65	0.34	0.34	0	0	0.65
276500	0.65	0.34	0.34	0	0	0.65
276600	0.65	0.34	0.34	0	0	0.65
276700	0.65	0.34	0.34	0	0	0.65
276800	0.65	0.34	0.34	0	0	0.65
276900	0.65	0.34	0.34	0	0	0.65
277000	0.65	0.34	0.34	0	0	0.65
277100	0.65	0.34	0.34	0	0	0.65
277200	0.65	0.34	0.34	0	0	0.65
277300	0.65	0.34	0.34	0	0	0.65
277400	0.65	0.34	0.34	0	0	0.65
277500	0.65	0.34	0.34	0	0	0.65
277600	0.65	0.35	0.35	0	0	0.65
277700	0.65	0.35	0.35	0	0	0.65
277800	0.65	0.35	0.35	0	0	0.65
277900	0.65	0.35	0.35	0	0	0.65
278000	0.65	0.35	0.35	0	0	0.65
278100	0.65	0.35	0.35	0	0	0.65
278200	0.65	0.35	0.35	0	0	0.65
278300	0.65	0.35	0.35	0	0	0.65
278400	0.65	0.35	0.35	0	0	0.65
278500	0.65	0.35	0.35	0	0	0.65
278600	0.65	0.35	0.35	0	0	0.65
278700	0.65	0.35	0.35	0	0	0.65
278800	0.65	0.35	0.35	0	0	0.65
278900	0.65	0.35	0.35	0	0	0.65
279000	0.65	0.35	0.35	0	0	0.65
279100	0.65	0.35	0.35	0	0	0.65
279200	0.65	0.35	0.35	0	0	0.65
279300	0.65	0.35	0.35	0	0	0.65
279400	0.65	0.35	0.35	0	0	0.65
279500	0.65	0.35	0.35	0	0	0.65
279600	0.65	0.35	0.35	0	0	0.65
279700	0.65	0.35	0.35	0	0	0.65
279800	0.65	0.35	0.35	0	0	0.65
279900	0.65	0.35	0.35	0	0	0.65
280000	0.65	0.35	0.35	0	0	0.65
280100	0.65	0.35	0.35	0	0	0.65
280200	0.65	0.35	0.35	0	0	0.65
280300	0.65	0.35	0.35	0	0	0.65
280400	0.65	0.35	0.35	0	0	0.65
280500	0.65	0.35	0.35	0	0	0.65
280600	0.65	0.35	0.35	0	0	0.65
280700	0.65	0.35	0.35	0	0	0.65
280800	0.65	0.35	0.35	0	0	0.65
280900	0.65	0.35	0.35	0	0	0.65
281000	0.65	0.35	0.35	0	0	0.65
281100	0.65	0.35	0.35	0	0	0.65
281200	0.65	0.35	0.35	0	0	0.65
281300	0.65	0.35	0.35	0	0	0.65
281400	0.65	0.35	0.35	0	0	0.65
281500	0.65	0.35	0.35	0	0	0.65
281600	0.65	0.35	0.35	0	0	0.65
281700	0.65	0.35	0.35	0	0	0.65
281800	0.65	0.35	0.35	0	0	0.65
281900	0.65	0.35	0.35	0	0	0.65
282000	0.65	0.35	0.35	0	0	0.65
282100	0.65	0.35	0.35	0	0	0.65
282200	0.65	0.35	0.35	0	0	0.65
282300	0.65	0.35	0.35	0	0	0.65
282400	0.65	0.35	0.35	0	0	0.65
282500	0.65	0.35	0.35	0	0	0.65
282600	0.65	0.35	0.35	0	0	0.65
282700	0.65	0.35	0.35	0	0	0.65
282800	0.65	0.35	0.35	0	0	0.65
282900	0.65	0.35	0.35	0	0	0.65
283000	0.65	0.35	0.35	0	0	0.65
283100	0.65	0.35	0.35	0	0	0.65
283200	0.65	0.35	0.35	0	0	0.65
283300	0.65	0.35	0.35	0	0	0.65
283400	0.65	0.35	0.35	0	0	0.65
283500	0.65	0.35	0.35	0	0	0.65
283600	0.65	0.35	0.35	0	0	0.65
283700	0.65	0.35	0.35	0	0	0.65
283800	0.65	0.35	0.35	0	0	0.65
283900	0.65	0.35	0.35	0	0	0.65
284000	0.65	0.35	0.35	0	0	0.65
284100	0.65	0.35	0.35	0	0	0.65
284200	0.65	0.35	0.35	0	0	0.65
284300	0.65	0.35	0.35	0	0	0.65
284400	0.65	0.34	0.34	0	0	0.65
284500	0.65	0.34	0.34	0	0	0.65
284600	0.65	0.34	0.34	0	0	0.65
284700	0.65	0.34	0.34	0	0	0.65
284800	0.65	0.34	0.34	0	0	0.65
284900	0.65	0.34	0.34	0	0	0.65
285000	0.65	0.34	0.34	0	0	0.65
285100	0.65	0.34	0.34	0	0	0.65
285200	0.65	0.34	0.34	0	0	0.65
285300	0.65	0.34	0.34	0	0	0.65
285400	0.65	0.34	0.34	0	0	0.65
285500	0.65	0.34	0.34	0	0	0.65
285600	0.65	0.33	0.33	0	0	0.65
285700	0.65	0.33	0.33	0	0	0.65
285800	0.65	0.33	0.33	0	0	0.65
285900	0.65	0.33	0.33	0	0	0.65
286000	0.65	0.33	0.33	0	0	0.65
286100	0.65	0.33	0.33	0	0	0.65
286200	0.65	0.33	0.33	0	0	0.65
286300	0.65	0.33	0.33	0	0	0.65
286400	0.65	0.33	0.33	0	0	0.65
286500	0.65	0.33	0.33	0	0	0.65
286600	0.65	0.33	0.33	0	0	0.65
286700	0.65	0.33	0.33	0	0	0.65
286800	0.65	0.33	0.33	0	0	0.65
286900	0.65	0.33	0.33	0	0	0.65
287000	0.65	0.33	0.33	0	0	0.65
287100	0.65	0.33	0.33	0	0	0.65
287200	0.65	0.33	0.33	0	0	0.65
287300	0.65	0.33	0.33	0	0	0.65
287400	0.65	0.33	0.33	0	0	0.65
287500	0.65	0.33	0.33	0	0	0.65
287600	0.65	0.33	0.33	0	0	0.65
287700	0.65	0.33	0.33	0	0	0.65
287800	0.65	0.33	0.33	0	0	0.65
287900	0.65	0.33	0.33	0	0	0.65
288000	0.65	0.33	0.33	0	0	0.65
288100	0.65	0.33	0.33	0	0	0.65
288200	0.65	0.33	0.33	0	0	0.65
288300	0.65	0.33	0.33	0	0	0.65
288400	0.65	0.33	0.33	0	0	0.65
288500	0.65	0.33	0.33	0	0	0.65
288600	0.65	0.33	0.33	0	0	0.65
288700	0.65	0.33	0.33	0	0	0.65
288800	0.65	0.32	0.32	0	0	0.65
288900	0.65	0.32	0.32	0	0	0.65
289000	0.65	0.32	0.32	0	0	0.65
289100	0.65	0.32	0.32	0	0	0.65
289200	0.65	0.32	0.32	0	0	0.65
289300	0.65	0.32	0.32	0	0	0.65
289400	0.65	0.32	0.32	0	0	0.65
289500	0.65	0.32	0.32	0	0	0.65
289600	0.65	0.32	0.32	0	0	0.65
289700	0.65	0.32	0.32	0	0	0.65
289800	0.65	0.32	0.32	0	0	0.65
289900	0.65	0.32	0.32	0	0	0.65
290000	0.65	0.32	0.32	0	0	0.65
290100	0.65	0.32	0.32	0	0	0.65
290200	0.65	0.32	0.32	0	0	0.65
290300	0.65	0.32	0.32	0	0	0.65
290400	0.65	0.32	0.32	0	0	0.65
290500	0.65	0.32	0.32	0	0	0.65
290600	0.65	0.32	0.32	0	0	0.65
290700	0.65	0.32	0.32	0	0	0.65
290800	0.65	0.32	0.32	0	0	0.65
290900	0.65	0.32	0.32	0	0	0.65
291000	0.65	0.32	0.32	0	0	0.65
291100	0.65	0.32	0.32	0	0	0.65
291200	0.65	0.32	0.32	0	0	0.65
291300	0.65	0.32	0.32	0	0	0.65
291400	0.65	0.32	0.32	0	0	0.65
291500	0.65	0.32	0.32	0	0	0.65
291600	0.65	0.32	0.32	0	0	0.65
291700	0.65	0.32	0.32	0	0	0.65
291800	0.65	0.32	0.32	0	0	0.65
291900	0.65	0.32	0.32	0	0	0.65
292000	0.65	0.32	0.32	0	0	0.65
292100	0.65	0.32	0.32	0	0	0.65
292200	0.65	0.32	0.32	0	0	0.65
292300	0.65	0.32	0.32	0	0	0.65
292400	0.65	0.31	0.31	0	0	0.65
292500	0.65	0.31	0.31	0	0	0.65
292600	0.65	0.31	0.31	0	0	0.65
292700	0.65	0.32	0.32	0	0	0.65
292800	0.65	0.32	0.32	0	0	0.65
292900	0.65	0.32	0.32	0	0	0.65
293000	0.65	0.32	0.32	0	0	0.65
293100	0.65	0.32	0.32	0	0	0.65
293200	0.65	0.31	0.31	0	0	0.65
293300	0.65	0.31	0.31	0	0	0.65
293400	0.65	0.31	0.31	0	0	0.65
293500	0.65	0.31	0.31	0	0	0.65
293600	0.65	0.31	0.31	0	0	0.65
293700	0.65	0.31	0.31	0	0	0.65
293800	0.65	0.31	0.31	0	0	0.65
293900	0.65	0.31	0.31	0	0	0.65
294000	0.65	0.31	0.31	0	0	0.65
294100	0.65	0.31	0.31	0	0	0.65
294200	0.65	0.31	0.31	0	0	0.65
294300	0.65	0.31	0.31	0	0	0.65
294400	0.65	0.31	0.31	0	0	0.65
294500	0.65	0.31	0.31	0	0	0.65
294600	0.65	0.32	0.32	0	0	0.65
294700	0.65	0.32	0.32	0	0	0.65
294800	0.65	0.32	0.32	0	0	0.65
294900	0.65	0.32	0.32	0	0	0.65
295000	0.65	0.32	0.32	0	0	0.65
295100	0.65	0.32	0.32	0	0	0.65
295200	0.65	0.32	0.32	0	0	0.65
295300	0.65	0.32	0.32	0	0	0.65
295400	0.65	0.32	0.32	0	0	0.65
295500	0.65	0.32	0.32	0	0	0.65
295600	0.65	0.32	0.32	0	0	0.65
295700	0.65	0.32	0.32	0	0	0.65
295800	0.65	0.32	0.32	0	0	0.65
295900	0.65	0.32	0.32	0	0	0.65
296000	0.65	0.32	0.32	0	0	0.65
296100	0.65	0.32	0.32	0	0	0.65
296200	0.65	0.32	0.32	0	0	0.65
296300	0.65	0.32	0.32	0	0	0.65
296400	0.65	0.32	0.32	0	0	0.65
296500	0.65	0.32	0.32	0	0	0.65
296600	0.65	0.32	0.32	0	0	0.65
296700	0.65	0.32	0.32	0	0	0.65
296800	0.65	0.32	0.32	0	0	0.65
296900	0.65	0.32	0.32	0	0	0.65
297000	0.65	0.32	0.32	0	0	0.65
297100	0.65	0.32	0.32	0	0	0.65
297200	0.65	0.32	0.32	0	0	0.65
297300	0.65	0.32	0.32	0	0	0.65
297400	0.65	0.32	0.32	0	0	0.65
297500	0.65	0.32	0.32	0	0	0.65
297600	0.65	0.32	0.32	0	0	0.65
297700	0.65	0.32	0.32	0	0	0.65
297800	0.65	0.32	0.32	0	0	0.65
297900	0.65	0.32	0.32	0	0	0.65
298000	0.65	0.32	0.32	0	0	0.65
298100	0.65	0.32	0.32	0	0	0.65
298200	0.65	0.32	0.32	0	0	0.65
298300	0.65	0.32	0.32	0	0	0.65
298400	0.65	0.32	0.32	0	0	0.65
298500	0.65	0.32	0.32	0	0	0.65
298600	0.65	0.32	0.32	0	0	0.65
298700	0.65	0.32	0.32	0	0	0.65
298800	0.65	0.32	0.32	0	0	0.65
298900	0.65	0.32	0.32	0	0	0.65
299000	0.65	0.32	0.32	0	0	0.65
299100	0.65	0.32	0.32	0	0	0.65
299200	0.65	0.32	0.32	0	0	0.65
299300	0.65	0.32	0.32	0	0	0.65
299400	0.65	0.32	0.32	0	0	0.65
299500	0.65	0.32	0.32	0	0	0.65
299600	0.65	0.32	0.32	0	0	0.65
299700	0.65	0.32	0.32	0	0	0.65
299800	0.65	0.32	0.32	0	0	0.65
299900	0.65	0.32	0.32	0	0	0.65
300000	0.65	0.32	0.32	0	0	0.65
